{
    "pred_cam": [
        11.235876083374023,
        0.055139683187007904,
        0.006722800433635712
    ],
    "pred_mano_params": {
        "global_orient": [
            [
                [
                    0.7060613036155701,
                    -0.7018498182296753,
                    -0.09425632655620575
                ],
                [
                    0.06151202321052551,
                    0.1933838129043579,
                    -0.9791929721832275
                ],
                [
                    0.7054740786552429,
                    0.6855723857879639,
                    0.17971302568912506
                ]
            ]
        ],
        "hand_pose": [
            [
                [
                    0.9526180624961853,
                    -0.16555306315422058,
                    0.25516852736473083
                ],
                [
                    0.18651628494262695,
                    0.9806119203567505,
                    -0.06009939685463905
                ],
                [
                    -0.240271657705307,
                    0.10484485328197479,
                    0.9650269746780396
                ]
            ],
            [
                [
                    0.6743337512016296,
                    -0.7322361469268799,
                    0.09541591256856918
                ],
                [
                    0.7284253239631653,
                    0.6384289860725403,
                    -0.24860621988773346
                ],
                [
                    0.12112218886613846,
                    0.23714692890644073,
                    0.9638935923576355
                ]
            ],
            [
                [
                    0.7571849822998047,
                    -0.6531623005867004,
                    0.0070632705464959145
                ],
                [
                    0.6504932045936584,
                    0.754986047744751,
                    0.08279288560152054
                ],
                [
                    -0.059409867972135544,
                    -0.058094918727874756,
                    0.9965417385101318
                ]
            ],
            [
                [
                    0.9457006454467773,
                    -0.32349470257759094,
                    0.03164677694439888
                ],
                [
                    0.32347211241722107,
                    0.9462189078330994,
                    0.005972385406494141
                ],
                [
                    -0.031876809895038605,
                    0.004588760435581207,
                    0.9994813203811646
                ]
            ],
            [
                [
                    0.6059651374816895,
                    -0.7532376646995544,
                    -0.25581103563308716
                ],
                [
                    0.7915371656417847,
                    0.6029495000839233,
                    0.09960334002971649
                ],
                [
                    0.07921614497900009,
                    -0.2628400921821594,
                    0.9615820050239563
                ]
            ],
            [
                [
                    0.8450400233268738,
                    -0.5329387784004211,
                    0.04339990392327309
                ],
                [
                    0.5344824194908142,
                    0.8442356586456299,
                    -0.03993301838636398
                ],
                [
                    -0.015357892960309982,
                    0.05694148689508438,
                    0.9982593059539795
                ]
            ],
            [
                [
                    0.6131895780563354,
                    -0.7129944562911987,
                    -0.3400548994541168
                ],
                [
                    0.7649103403091431,
                    0.6434277296066284,
                    0.030214516445994377
                ],
                [
                    0.19725796580314636,
                    -0.27863872051239014,
                    0.9399200081825256
                ]
            ],
            [
                [
                    0.8960037231445312,
                    -0.44308042526245117,
                    0.02927539497613907
                ],
                [
                    0.42459073662757874,
                    0.8741830587387085,
                    0.23564104735851288
                ],
                [
                    -0.12999998033046722,
                    -0.19870519638061523,
                    0.9713991284370422
                ]
            ],
            [
                [
                    0.9712993502616882,
                    -0.19045698642730713,
                    0.14249086380004883
                ],
                [
                    0.0992586761713028,
                    0.8689457774162292,
                    0.4848514795303345
                ],
                [
                    -0.21616017818450928,
                    -0.4567925035953522,
                    0.8629109859466553
                ]
            ],
            [
                [
                    0.8177249431610107,
                    -0.4941478371620178,
                    -0.29520127177238464
                ],
                [
                    0.4330366849899292,
                    0.8659912943840027,
                    -0.2500764727592468
                ],
                [
                    0.3792165219783783,
                    0.07666078209877014,
                    0.922126829624176
                ]
            ],
            [
                [
                    0.5441375374794006,
                    -0.8280074596405029,
                    -0.13534410297870636
                ],
                [
                    0.7815243601799011,
                    0.4415474534034729,
                    0.4407443702220917
                ],
                [
                    -0.30517876148223877,
                    -0.3456002473831177,
                    0.8873705863952637
                ]
            ],
            [
                [
                    0.7055888175964355,
                    -0.707962155342102,
                    0.03056247904896736
                ],
                [
                    0.6759837865829468,
                    0.6854029297828674,
                    0.2706819772720337
                ],
                [
                    -0.21258020401000977,
                    -0.17033043503761292,
                    0.9621835947036743
                ]
            ],
            [
                [
                    0.9809744358062744,
                    0.04700012877583504,
                    -0.1883620321750641
                ],
                [
                    -0.16537190973758698,
                    0.7105380296707153,
                    -0.6839502453804016
                ],
                [
                    0.10169263929128647,
                    0.7020874619483948,
                    0.7047921419143677
                ]
            ],
            [
                [
                    0.9607649445533752,
                    -0.2586967945098877,
                    0.10003390163183212
                ],
                [
                    0.1787976175546646,
                    0.8533779978752136,
                    0.4896707236766815
                ],
                [
                    -0.21204297244548798,
                    -0.4525725841522217,
                    0.8661500215530396
                ]
            ],
            [
                [
                    0.99025958776474,
                    -0.13521122932434082,
                    -0.033225663006305695
                ],
                [
                    0.10840446501970291,
                    0.898474395275116,
                    -0.4254319667816162
                ],
                [
                    0.08737557381391525,
                    0.41768625378608704,
                    0.9043803811073303
                ]
            ]
        ],
        "betas": [
            -0.09079769253730774,
            -0.03955969214439392,
            0.0012202262878417969,
            -0.08926030993461609,
            -0.03474193811416626,
            -0.06059277802705765,
            -0.005177557468414307,
            -0.01877346634864807,
            0.09279626607894897,
            -0.05726107954978943
        ]
    },
    "pred_cam_t": [
        -0.055139683187007904,
        0.006722800433635712,
        3.4765868186950684
    ],
    "focal_length": [
        5000.0,
        5000.0
    ],
    "pred_keypoints_3d": [
        [
            0.09607014805078506,
            0.006399228237569332,
            0.006230681203305721
        ],
        [
            0.0875382274389267,
            -0.02345830202102661,
            -0.016869716346263885
        ],
        [
            0.07800911366939545,
            -0.042409081012010574,
            -0.039356935769319534
        ],
        [
            0.06953916698694229,
            -0.05679503083229065,
            -0.06083601713180542
        ],
        [
            0.06646157056093216,
            -0.07416162639856339,
            -0.0917702168226242
        ],
        [
            0.03533635288476944,
            -0.020374558866024017,
            -0.05594533681869507
        ],
        [
            0.013860968872904778,
            -0.033014871180057526,
            -0.07775723934173584
        ],
        [
            0.019384538754820824,
            -0.03604137897491455,
            -0.09913356602191925
        ],
        [
            0.03778587281703949,
            -0.033651333302259445,
            -0.11571813374757767
        ],
        [
            0.03029613196849823,
            0.0035823655780404806,
            -0.06239929795265198
        ],
        [
            0.015159220434725285,
            0.004540020599961281,
            -0.09045500308275223
        ],
        [
            0.02754305675625801,
            0.004802493844181299,
            -0.11030339449644089
        ],
        [
            0.04770412668585777,
            0.002201240509748459,
            -0.1259223371744156
        ],
        [
            0.04340483248233795,
            0.026878345757722855,
            -0.059165745973587036
        ],
        [
            0.0352349728345871,
            0.03871086239814758,
            -0.08438292145729065
        ],
        [
            0.05443878844380379,
            0.038795217871665955,
            -0.10029512643814087
        ],
        [
            0.0763864666223526,
            0.028041649609804153,
            -0.10575827956199646
        ],
        [
            0.05842072516679764,
            0.04280080273747444,
            -0.05713409185409546
        ],
        [
            0.06493119895458221,
            0.05470666661858559,
            -0.07352378219366074
        ],
        [
            0.07859030365943909,
            0.058684371411800385,
            -0.08622962981462479
        ],
        [
            0.09428304433822632,
            0.05517508089542389,
            -0.09956812113523483
        ]
    ],
    "pred_vertices": [
        [
            0.07134227454662323,
            -0.015563520602881908,
            -0.03790121525526047
        ],
        [
            0.08034941554069519,
            -0.014307546429336071,
            -0.03212476521730423
        ],
        [
            0.07754123210906982,
            -0.02169984020292759,
            -0.039413899183273315
        ],
        [
            0.06880512088537216,
            -0.023176731541752815,
            -0.04329932853579521
        ],
        [
            0.09806171804666519,
            -0.02477172389626503,
            -0.03327653929591179
        ],
        [
            0.10280050337314606,
            -0.03338479623198509,
            -0.026397433131933212
        ],
        [
            0.09439703822135925,
            -0.040896009653806686,
            -0.03873753175139427
        ],
        [
            0.09202180802822113,
            -0.032540980726480484,
            -0.04368579015135765
        ],
        [
            0.06476486474275589,
            -0.02963881567120552,
            -0.0469074621796608
        ],
        [
            0.07467377930879593,
            -0.027728460729122162,
            -0.045586295425891876
        ],
        [
            0.061143018305301666,
            -0.033816151320934296,
            -0.04517347365617752
        ],
        [
            0.04931468516588211,
            -0.033668357878923416,
            -0.04203775152564049
        ],
        [
            0.05470651388168335,
            -0.030723033472895622,
            -0.04662134870886803
        ],
        [
            0.04192456603050232,
            -0.032074421644210815,
            -0.04380899667739868
        ],
        [
            0.047413188964128494,
            -0.032875820994377136,
            -0.030906032770872116
        ],
        [
            0.03652999550104141,
            -0.02717086859047413,
            -0.037533003836870193
        ],
        [
            0.04516568407416344,
            -0.005857496988028288,
            -0.019547898322343826
        ],
        [
            0.048409827053546906,
            0.007363776210695505,
            -0.01892828568816185
        ],
        [
            0.0374995693564415,
            0.007992910221219063,
            -0.03169581666588783
        ],
        [
            0.035929176956415176,
            -0.005514893680810928,
            -0.03167609125375748
        ],
        [
            0.04905344918370247,
            0.025121450424194336,
            -0.029756899923086166
        ],
        [
            0.041893016546964645,
            0.015851328149437904,
            -0.0315236896276474
        ],
        [
            0.05214100331068039,
            0.015534454956650734,
            -0.01788373291492462
        ],
        [
            0.058194711804389954,
            0.02385077066719532,
            -0.017217088490724564
        ],
        [
            0.07668733596801758,
            -0.0014914441853761673,
            -0.032176364213228226
        ],
        [
            0.08521667122840881,
            -0.000276222825050354,
            -0.025462988764047623
        ],
        [
            0.08285202085971832,
            -0.0053686765022575855,
            -0.026554271578788757
        ],
        [
            0.07494483888149261,
            -0.006689880974590778,
            -0.033075734972953796
        ],
        [
            0.06358901411294937,
            -0.04413369297981262,
            -0.04193257540464401
        ],
        [
            0.06167149171233177,
            -0.04120487719774246,
            -0.030684176832437515
        ],
        [
            0.058550652116537094,
            -0.03759324550628662,
            -0.03739055246114731
        ],
        [
            0.06471357494592667,
            -0.04114450141787529,
            -0.04672502726316452
        ],
        [
            0.11023864150047302,
            0.008313889615237713,
            -0.013473644852638245
        ],
        [
            0.11415080726146698,
            0.00786703173071146,
            -0.00048579275608062744
        ],
        [
            0.11269977688789368,
            0.002192192245274782,
            0.00041150301694869995
        ],
        [
            0.10904346406459808,
            0.0040008509531617165,
            -0.01140844076871872
        ],
        [
            0.10924006998538971,
            -0.01981613039970398,
            -0.006315931677818298
        ],
        [
            0.10954070836305618,
            -0.015491529367864132,
            0.00389910489320755
        ],
        [
            0.10545285791158676,
            -0.022937431931495667,
            0.014761954545974731
        ],
        [
            0.10194723308086395,
            -0.02794906683266163,
            0.006196305155754089
        ],
        [
            0.10688848793506622,
            -0.026792161166667938,
            -0.017065569758415222
        ],
        [
            0.1023482084274292,
            -0.03442343696951866,
            -0.006139837205410004
        ],
        [
            0.09904775768518448,
            -0.040317583829164505,
            -0.017852962017059326
        ],
        [
            0.0914507508277893,
            -0.04662635922431946,
            -0.031834233552217484
        ],
        [
            0.11511857807636261,
            0.020754504948854446,
            -0.0003810971975326538
        ],
        [
            0.11283732205629349,
            0.022845547646284103,
            -0.010135781019926071
        ],
        [
            0.026152633130550385,
            -0.037193942815065384,
            -0.08191654831171036
        ],
        [
            0.025942351669073105,
            -0.03153574466705322,
            -0.08433450758457184
        ],
        [
            0.027499083429574966,
            -0.031280502676963806,
            -0.08158346265554428
        ],
        [
            0.027191493660211563,
            -0.03661105036735535,
            -0.07962001115083694
        ],
        [
            0.10148493945598602,
            0.035574037581682205,
            0.002439640462398529
        ],
        [
            0.09330619871616364,
            0.036487266421318054,
            0.008416920900344849
        ],
        [
            0.09921075403690338,
            0.03685929626226425,
            0.012730874121189117
        ],
        [
            0.1067584902048111,
            0.03414769470691681,
            0.007685698568820953
        ],
        [
            0.09451548755168915,
            0.03727135807275772,
            -0.004564784467220306
        ],
        [
            0.08548776805400848,
            0.03532255068421364,
            0.002056911587715149
        ],
        [
            0.014117651619017124,
            -0.04147409275174141,
            -0.0803404450416565
        ],
        [
            0.019239449873566628,
            -0.04276565462350845,
            -0.08058396726846695
        ],
        [
            0.018780609592795372,
            -0.04147554934024811,
            -0.076054148375988
        ],
        [
            0.013840488158166409,
            -0.03913424536585808,
            -0.07481347024440765
        ],
        [
            0.060127608478069305,
            -0.025038888677954674,
            -0.04711345583200455
        ],
        [
            0.06433449685573578,
            -0.01688898727297783,
            -0.04463876038789749
        ],
        [
            0.046085428446531296,
            -0.02286706678569317,
            -0.059765614569187164
        ],
        [
            0.053232915699481964,
            -0.019573042169213295,
            -0.05291733145713806
        ],
        [
            0.05204359069466591,
            -0.026225756853818893,
            -0.051074542105197906
        ],
        [
            0.045642487704753876,
            -0.028181448578834534,
            -0.05555574595928192
        ],
        [
            0.06086786836385727,
            0.0024278960190713406,
            -0.0483689047396183
        ],
        [
            0.06890428066253662,
            0.0019433435518294573,
            -0.03971399366855621
        ],
        [
            0.06625805050134659,
            -0.004049127455800772,
            -0.04089972376823425
        ],
        [
            0.057722173631191254,
            -0.0053269886411726475,
            -0.05081181600689888
        ],
        [
            0.07518407702445984,
            0.014678859151899815,
            -0.040813565254211426
        ],
        [
            0.0664203017950058,
            0.014215348288416862,
            -0.048933081328868866
        ],
        [
            0.07103931903839111,
            0.021427467465400696,
            -0.04861069470643997
        ],
        [
            0.07716897130012512,
            0.020268777385354042,
            -0.043568842113018036
        ],
        [
            0.05008181184530258,
            0.010828242637217045,
            -0.06260472536087036
        ],
        [
            0.043301939964294434,
            0.011417028494179249,
            -0.06755562126636505
        ],
        [
            0.04443477839231491,
            0.01567182131111622,
            -0.06911925971508026
        ],
        [
            0.05134104937314987,
            0.014054782688617706,
            -0.06224077194929123
        ],
        [
            0.10417384654283524,
            0.03698699176311493,
            0.017812244594097137
        ],
        [
            0.11125534027814865,
            0.032029908150434494,
            0.013028763234615326
        ],
        [
            0.06311909854412079,
            0.04194246977567673,
            -0.03100191056728363
        ],
        [
            0.07369185984134674,
            0.04498904198408127,
            -0.032495152205228806
        ],
        [
            0.06744088232517242,
            0.047962043434381485,
            -0.0423656590282917
        ],
        [
            0.057079218327999115,
            0.044271260499954224,
            -0.03829365223646164
        ],
        [
            0.08507764339447021,
            0.031512271612882614,
            0.012526169419288635
        ],
        [
            0.09064216166734695,
            0.03417374566197395,
            0.017420485615730286
        ],
        [
            0.009886500425636768,
            -0.03667788952589035,
            -0.08123083412647247
        ],
        [
            0.01003161258995533,
            -0.03417843207716942,
            -0.07590335607528687
        ],
        [
            0.08948305994272232,
            -0.04119943082332611,
            -0.007499683648347855
        ],
        [
            0.0844375342130661,
            -0.048954226076602936,
            -0.02515004575252533
        ],
        [
            0.09227045625448227,
            -0.033270206302404404,
            0.005844403058290482
        ],
        [
            0.09339874982833862,
            -0.02663388103246689,
            0.014894682914018631
        ],
        [
            0.09622353315353394,
            -0.0232851542532444,
            0.022686216980218887
        ],
        [
            0.05153297632932663,
            -0.013664455153048038,
            -0.056742243468761444
        ],
        [
            0.06805752217769623,
            -0.009673564694821835,
            -0.0398121103644371
        ],
        [
            0.0786387100815773,
            0.003212887793779373,
            -0.03203410655260086
        ],
        [
            0.0904822051525116,
            0.030785974115133286,
            -0.03911169618368149
        ],
        [
            0.09801283478736877,
            0.029674284160137177,
            -0.03177117183804512
        ],
        [
            0.09327728301286697,
            0.0204863753169775,
            -0.03429819270968437
        ],
        [
            0.08716890960931778,
            0.023523984476923943,
            -0.039794452488422394
        ],
        [
            0.08137445151805878,
            0.0439956933259964,
            -0.038764744997024536
        ],
        [
            0.08334173262119293,
            0.03833842650055885,
            -0.04393971338868141
        ],
        [
            0.07748212665319443,
            0.039220064878463745,
            -0.049917399883270264
        ],
        [
            0.07515713572502136,
            0.04536537453532219,
            -0.046241357922554016
        ],
        [
            0.06594963371753693,
            -0.050263769924640656,
            -0.03798338398337364
        ],
        [
            0.06598779559135437,
            -0.044806838035583496,
            -0.025444377213716507
        ],
        [
            0.1089736819267273,
            0.030885547399520874,
            -0.0035360008478164673
        ],
        [
            0.11269957572221756,
            0.027650136500597,
            0.0025246813893318176
        ],
        [
            0.11590835452079773,
            0.026377249509096146,
            0.010301947593688965
        ],
        [
            0.0981825739145279,
            0.0026695856358855963,
            -0.019736286252737045
        ],
        [
            0.10838247835636139,
            0.0009268149733543396,
            -0.010071862488985062
        ],
        [
            0.10752082616090775,
            -0.003371691331267357,
            -0.01065610721707344
        ],
        [
            0.09641224890947342,
            0.00012361281551420689,
            -0.019191887229681015
        ],
        [
            0.09154324978590012,
            -0.013149594888091087,
            -0.028486844152212143
        ],
        [
            0.10319327563047409,
            -0.015750499442219734,
            -0.022176869213581085
        ],
        [
            0.08778996765613556,
            -0.020258093252778053,
            -0.038099318742752075
        ],
        [
            0.11189660429954529,
            -0.00555671751499176,
            0.0029646754264831543
        ],
        [
            0.1179075837135315,
            0.0012176488526165485,
            0.009274199604988098
        ],
        [
            0.11557576060295105,
            -0.007107429206371307,
            0.011576078832149506
        ],
        [
            0.1189592033624649,
            0.01100608054548502,
            0.008736230432987213
        ],
        [
            0.11854491382837296,
            0.019966643303632736,
            0.00886688381433487
        ],
        [
            0.09432992339134216,
            0.03672268986701965,
            0.024685010313987732
        ],
        [
            0.11174704879522324,
            -0.014268305152654648,
            0.013833064585924149
        ],
        [
            0.08686385303735733,
            -0.03857405111193657,
            -0.049357421696186066
        ],
        [
            0.08287093043327332,
            -0.04469770938158035,
            -0.053670670837163925
        ],
        [
            0.07677455246448517,
            -0.0397661067545414,
            -0.05453404411673546
        ],
        [
            0.08003492653369904,
            -0.0334332212805748,
            -0.05048803240060806
        ],
        [
            0.03457539528608322,
            -0.03111407160758972,
            -0.04758724570274353
        ],
        [
            0.040868550539016724,
            -0.03151753544807434,
            -0.05265624821186066
        ],
        [
            0.04826713353395462,
            -0.03186142444610596,
            -0.047522030770778656
        ],
        [
            0.10475198924541473,
            0.013792734593153,
            -0.022149179130792618
        ],
        [
            0.10741276293992996,
            0.025799589231610298,
            -0.019084032624959946
        ],
        [
            0.04312783107161522,
            -0.01776045933365822,
            -0.06340249627828598
        ],
        [
            0.013984663411974907,
            -0.037291526794433594,
            -0.070134736597538
        ],
        [
            0.019269954413175583,
            -0.04023794084787369,
            -0.07118932157754898
        ],
        [
            0.026591256260871887,
            -0.034303221851587296,
            -0.05737891048192978
        ],
        [
            0.020726317539811134,
            -0.030897343531250954,
            -0.056262172758579254
        ],
        [
            0.03226286172866821,
            -0.015078307129442692,
            -0.06717129796743393
        ],
        [
            0.03760647028684616,
            -0.01920272968709469,
            -0.0666181668639183
        ],
        [
            0.034481231123209,
            -0.020092952996492386,
            -0.06800283491611481
        ],
        [
            0.029394418001174927,
            -0.016750384122133255,
            -0.07030976563692093
        ],
        [
            0.05044463276863098,
            0.022191574797034264,
            -0.06596845388412476
        ],
        [
            0.05631960183382034,
            0.020717015489935875,
            -0.0608009397983551
        ],
        [
            0.028795504942536354,
            -0.004896598868072033,
            -0.04613272100687027
        ],
        [
            0.027045249938964844,
            -0.017411286011338234,
            -0.040353428572416306
        ],
        [
            0.03472841903567314,
            -0.017484335228800774,
            -0.032063521444797516
        ],
        [
            0.06424468010663986,
            0.009114623069763184,
            -0.04781414568424225
        ],
        [
            0.05725543200969696,
            0.010326223447918892,
            -0.05584060028195381
        ],
        [
            0.05873100459575653,
            0.014148159883916378,
            -0.05580449849367142
        ],
        [
            0.04881276935338974,
            -0.010435675270855427,
            -0.05936327204108238
        ],
        [
            0.0412580743432045,
            -0.012293853797018528,
            -0.0648181363940239
        ],
        [
            0.04481079801917076,
            -0.007289792876690626,
            -0.061952363699674606
        ],
        [
            0.05108349770307541,
            -0.005617293529212475,
            -0.05734161287546158
        ],
        [
            0.08061249554157257,
            0.04325200989842415,
            -0.02163340523838997
        ],
        [
            0.08954557776451111,
            0.0424349382519722,
            -0.029089048504829407
        ],
        [
            0.02364845760166645,
            -0.04116576537489891,
            -0.08091100305318832
        ],
        [
            0.023952484130859375,
            -0.04043757542967796,
            -0.07763437926769257
        ],
        [
            0.07206986099481583,
            0.008494727313518524,
            -0.039353035390377045
        ],
        [
            0.04466034099459648,
            -0.01721210405230522,
            -0.022044379264116287
        ],
        [
            0.08103454113006592,
            0.008179206401109695,
            -0.03221365809440613
        ],
        [
            0.04535414278507233,
            0.03321894630789757,
            -0.049700234085321426
        ],
        [
            0.051567573100328445,
            0.035448912531137466,
            -0.056851647794246674
        ],
        [
            0.04734586179256439,
            0.034503091126680374,
            -0.05972985923290253
        ],
        [
            0.041519392281770706,
            0.03395920246839523,
            -0.05620112270116806
        ],
        [
            0.02134421467781067,
            -0.021225234493613243,
            -0.08020170032978058
        ],
        [
            0.02570185996592045,
            -0.024919582530856133,
            -0.08143526315689087
        ],
        [
            0.024880683049559593,
            -0.025749772787094116,
            -0.08298078179359436
        ],
        [
            0.01974487118422985,
            -0.022550800815224648,
            -0.08279471099376678
        ],
        [
            0.039912499487400055,
            -0.02404407411813736,
            -0.06406360119581223
        ],
        [
            0.040101308375597,
            -0.029172251001000404,
            -0.06013340502977371
        ],
        [
            0.03613436594605446,
            -0.030299974605441093,
            -0.0642041265964508
        ],
        [
            0.035741545259952545,
            -0.024977143853902817,
            -0.06690722703933716
        ],
        [
            0.0353306345641613,
            -0.032397981733083725,
            -0.056276120245456696
        ],
        [
            0.03239704295992851,
            -0.03394224867224693,
            -0.06010185927152634
        ],
        [
            0.015435523353517056,
            -0.02090328559279442,
            -0.07742175459861755
        ],
        [
            0.010728046298027039,
            -0.025661209598183632,
            -0.07368633896112442
        ],
        [
            0.01775483787059784,
            -0.018506450578570366,
            -0.06205146014690399
        ],
        [
            0.02195930667221546,
            -0.016546150669455528,
            -0.0682329311966896
        ],
        [
            0.06610597670078278,
            0.022799596190452576,
            -0.004350036382675171
        ],
        [
            0.07239829748868942,
            0.031919337809085846,
            -0.006003968417644501
        ],
        [
            0.06460953503847122,
            0.033296216279268265,
            -0.018813055008649826
        ],
        [
            0.05651034787297249,
            0.035367563366889954,
            -0.030757352709770203
        ],
        [
            0.049411021173000336,
            0.03582669049501419,
            -0.04274633526802063
        ],
        [
            0.040836401283741,
            0.02707061357796192,
            -0.039793726056814194
        ],
        [
            0.07036027312278748,
            0.03911841660737991,
            -0.01918218284845352
        ],
        [
            0.029973670840263367,
            -0.007041926495730877,
            -0.05962192639708519
        ],
        [
            0.02494007721543312,
            -0.012275569140911102,
            -0.05319942533969879
        ],
        [
            0.02765602245926857,
            -0.0051935045048594475,
            -0.053310588002204895
        ],
        [
            0.08477871119976044,
            0.014363008551299572,
            -0.03416554629802704
        ],
        [
            0.02421867474913597,
            -0.03999743610620499,
            -0.07330718636512756
        ],
        [
            0.07863208651542664,
            -0.009794081561267376,
            0.02295810729265213
        ],
        [
            0.07700496166944504,
            0.0036420635879039764,
            0.023539796471595764
        ],
        [
            0.07237954437732697,
            0.0011238576844334602,
            0.01652681827545166
        ],
        [
            0.07483546435832977,
            -0.01408190093934536,
            0.015279542654752731
        ],
        [
            0.028483908623456955,
            -0.031250961124897,
            -0.08000792562961578
        ],
        [
            0.028383752331137657,
            -0.03676723688840866,
            -0.07673398405313492
        ],
        [
            0.05832713842391968,
            0.027060341089963913,
            -0.0617227777838707
        ],
        [
            0.05249015986919403,
            0.027642544358968735,
            -0.06505146622657776
        ],
        [
            0.05129755288362503,
            0.03208714723587036,
            -0.06415732204914093
        ],
        [
            0.058709561824798584,
            0.03337245434522629,
            -0.06387258321046829
        ],
        [
            0.07693462073802948,
            0.03583718091249466,
            -0.006179153919219971
        ],
        [
            0.06554016470909119,
            0.04921061173081398,
            -0.04863441735506058
        ],
        [
            0.05529861897230148,
            0.04640812426805496,
            -0.045773159712553024
        ],
        [
            0.07906221598386765,
            0.030306857079267502,
            0.005209244787693024
        ],
        [
            0.07319727540016174,
            0.02265147492289543,
            0.007153451442718506
        ],
        [
            0.07854355871677399,
            0.023067444562911987,
            0.015326626598834991
        ],
        [
            0.03298252820968628,
            0.01562841236591339,
            -0.04677253216505051
        ],
        [
            0.0609700046479702,
            0.015788281336426735,
            -0.0053112804889678955
        ],
        [
            0.06938377022743225,
            0.015951957553625107,
            0.006576016545295715
        ],
        [
            0.0755777508020401,
            0.016146836802363396,
            0.016330264508724213
        ],
        [
            0.07972104102373123,
            0.017161255702376366,
            0.0235268697142601
        ],
        [
            0.08267099410295486,
            0.024587169289588928,
            0.02160627394914627
        ],
        [
            0.011133141815662384,
            -0.03165171667933464,
            -0.07146880775690079
        ],
        [
            0.009109612554311752,
            -0.027650173753499985,
            -0.07884182035923004
        ],
        [
            0.08627508580684662,
            0.027152255177497864,
            0.02958092838525772
        ],
        [
            0.0833061933517456,
            0.01842406392097473,
            0.031068287789821625
        ],
        [
            0.06605157256126404,
            0.007310337387025356,
            0.006127104163169861
        ],
        [
            0.06344465166330338,
            -0.0038122767582535744,
            0.004967041313648224
        ],
        [
            0.058232247829437256,
            0.007451768033206463,
            -0.005497701466083527
        ],
        [
            0.05473189428448677,
            -0.0034448103979229927,
            -0.0074993520975112915
        ],
        [
            0.02909940481185913,
            0.007510750088840723,
            -0.04084927961230278
        ],
        [
            0.012275774031877518,
            -0.029954470694065094,
            -0.09702511131763458
        ],
        [
            0.011734412983059883,
            -0.025793597102165222,
            -0.0867270827293396
        ],
        [
            0.017409075051546097,
            -0.02420809678733349,
            -0.08670657873153687
        ],
        [
            0.015584995038807392,
            -0.027135755866765976,
            -0.09662670642137527
        ],
        [
            0.014026811346411705,
            -0.022890200838446617,
            -0.0813988745212555
        ],
        [
            0.008886460214853287,
            -0.03011787123978138,
            -0.08431646227836609
        ],
        [
            0.05516062676906586,
            -0.018035467714071274,
            -0.010387074202299118
        ],
        [
            0.03772981837391853,
            -0.007731232326477766,
            -0.06560103595256805
        ],
        [
            0.06724562495946884,
            -0.02123524248600006,
            0.0016362667083740234
        ],
        [
            0.05458902195096016,
            -0.033311180770397186,
            -0.01913190260529518
        ],
        [
            0.06551461666822433,
            -0.03593366593122482,
            -0.011622872203588486
        ],
        [
            0.080727219581604,
            -0.02620340883731842,
            0.01247909665107727
        ],
        [
            0.07791192829608917,
            -0.03689452260732651,
            -0.0006654933094978333
        ],
        [
            0.0877581462264061,
            -0.017540249973535538,
            0.026960819959640503
        ],
        [
