{
    "pred_cam": [
        12.8981294631958,
        0.10679779946804047,
        -0.006531350314617157
    ],
    "pred_mano_params": {
        "global_orient": [
            [
                [
                    0.13877858221530914,
                    -0.8762308359146118,
                    -0.4614759683609009
                ],
                [
                    -0.05594463273882866,
                    0.45830437541007996,
                    -0.8870328664779663
                ],
                [
                    0.9887419939041138,
                    0.1489182710647583,
                    0.014582417905330658
                ]
            ]
        ],
        "hand_pose": [
            [
                [
                    0.2521849274635315,
                    -0.965516209602356,
                    0.0646616593003273
                ],
                [
                    0.9648184180259705,
                    0.24574312567710876,
                    -0.09346529096364975
                ],
                [
                    0.07435210049152374,
                    0.08595728874206543,
                    0.9935205578804016
                ]
            ],
            [
                [
                    0.46269646286964417,
                    -0.8660976886749268,
                    0.18917392194271088
                ],
                [
                    0.8683152198791504,
                    0.3997393250465393,
                    -0.29366159439086914
                ],
                [
                    0.1787193864583969,
                    0.30013880133628845,
                    0.9370037913322449
                ]
            ],
            [
                [
                    0.7209423780441284,
                    -0.6908566951751709,
                    0.054397232830524445
                ],
                [
                    0.6810866594314575,
                    0.7208568453788757,
                    0.12839919328689575
                ],
                [
                    -0.1279180645942688,
                    -0.05551919341087341,
                    0.9902295470237732
                ]
            ],
            [
                [
                    0.3282371461391449,
                    -0.9404616355895996,
                    -0.08827456831932068
                ],
                [
                    0.9438009262084961,
                    0.32269367575645447,
                    0.07147490233182907
                ],
                [
                    -0.038733746856451035,
                    -0.10677432268857956,
                    0.9935286641120911
                ]
            ],
            [
                [
                    0.4639586806297302,
                    -0.8499321341514587,
                    -0.2497154176235199
                ],
                [
                    0.8852795958518982,
                    0.4346788227558136,
                    0.1653311550617218
                ],
                [
                    -0.03197426721453667,
                    -0.2977747917175293,
                    0.9541006088256836
                ]
            ],
            [
                [
                    0.4881182014942169,
                    -0.8709805011749268,
                    -0.05598005652427673
                ],
                [
                    0.8721439242362976,
                    0.48920300602912903,
                    -0.006735083647072315
                ],
                [
                    0.033251743763685226,
                    -0.04553515091538429,
                    0.9984092712402344
                ]
            ],
            [
                [
                    0.5214611887931824,
                    -0.8222174048423767,
                    -0.22811561822891235
                ],
                [
                    0.8488435745239258,
                    0.5270822644233704,
                    0.04060579091310501
                ],
                [
                    0.0868489071726799,
                    -0.21480883657932281,
                    0.9727869033813477
                ]
            ],
            [
                [
                    0.6910816431045532,
                    -0.7183284759521484,
                    0.08006451278924942
                ],
                [
                    0.5532448887825012,
                    0.5970116257667542,
                    0.5809449553489685
                ],
                [
                    -0.4651087820529938,
                    -0.35718512535095215,
                    0.8099953532218933
                ]
            ],
            [
                [
                    0.6789590120315552,
                    -0.7246366143226624,
                    0.1179676353931427
                ],
                [
                    0.5294947624206543,
                    0.59461510181427,
                    0.605035662651062
                ],
                [
                    -0.5085763335227966,
                    -0.34833118319511414,
                    0.78741055727005
                ]
            ],
            [
                [
                    0.3888394236564636,
                    -0.914154589176178,
                    -0.11456530541181564
                ],
                [
                    0.903201162815094,
                    0.40277040004730225,
                    -0.14833633601665497
                ],
                [
                    0.18174587190151215,
                    -0.04579649493098259,
                    0.9822784662246704
                ]
            ],
            [
                [
                    0.47573819756507874,
                    -0.8775773048400879,
                    -0.059423573315143585
                ],
                [
                    0.7459622025489807,
                    0.3667466342449188,
                    0.5559111833572388
                ],
                [
                    -0.46606165170669556,
                    -0.3087959587574005,
                    0.8291148543357849
                ]
            ],
            [
                [
                    0.4751376211643219,
                    -0.8742842078208923,
                    -0.0993548259139061
                ],
                [
                    0.8575860261917114,
                    0.4348467290401459,
                    0.2746899724006653
                ],
                [
                    -0.1969529688358307,
                    -0.21572084724903107,
                    0.9563859701156616
                ]
            ],
            [
                [
                    0.9932944774627686,
                    -0.027149923145771027,
                    -0.11237911880016327
                ],
                [
                    -0.06459379196166992,
                    0.6758436560630798,
                    -0.7342091798782349
                ],
                [
                    0.09588444232940674,
                    0.7365448474884033,
                    0.669558048248291
                ]
            ],
            [
                [
                    0.8901073336601257,
                    -0.42848291993141174,
                    -0.15527847409248352
                ],
                [
                    0.4544945955276489,
                    0.8598255515098572,
                    0.2326686680316925
                ],
                [
                    0.03381785750389099,
                    -0.27767330408096313,
                    0.9600802063941956
                ]
            ],
            [
                [
                    0.9305047392845154,
                    -0.09544134885072708,
                    -0.35362672805786133
                ],
                [
                    -0.06828250735998154,
                    0.9033304452896118,
                    -0.42347559332847595
                ],
                [
                    0.3598588705062866,
                    0.4181925654411316,
                    0.8340362906455994
                ]
            ]
        ],
        "betas": [
            -0.13021406531333923,
            0.07213136553764343,
            0.03421798348426819,
            -0.035539835691452026,
            0.07750165462493896,
            -0.0013753175735473633,
            0.04236075282096863,
            0.060233697295188904,
            0.04741853475570679,
            -0.07945328950881958
        ]
    },
    "pred_cam_t": [
        -0.10679779946804047,
        -0.006531350314617157,
        3.0285398960113525
    ],
    "focal_length": [
        5000.0,
        5000.0
    ],
    "pred_keypoints_3d": [
        [
            0.09628044813871384,
            0.006424766033887863,
            0.006197239272296429
        ],
        [
            0.09456896781921387,
            -0.02248726412653923,
            -0.01979711279273033
        ],
        [
            0.09830787777900696,
            -0.041537366807460785,
            -0.043969132006168365
        ],
        [
            0.11077495664358139,
            -0.04786234349012375,
            -0.06734179705381393
        ],
        [
            0.1311219334602356,
            -0.045343831181526184,
            -0.0963197574019432
        ],
        [
            0.07885898649692535,
            -0.009605607017874718,
            -0.08204439282417297
        ],
        [
            0.10423676669597626,
            -0.023229988291859627,
            -0.09847837686538696
        ],
        [
            0.12133830785751343,
            -0.024150459095835686,
            -0.08422435075044632
        ],
        [
            0.1269463300704956,
            -0.01867666281759739,
            -0.06087561696767807
        ],
        [
            0.08580726385116577,
            0.014046749100089073,
            -0.08831852674484253
        ],
        [
            0.11208217591047287,
            0.005283573642373085,
            -0.10413169860839844
        ],
        [
            0.1279383897781372,
            -0.0026697684079408646,
            -0.08891302347183228
        ],
        [
            0.1260243058204651,
            -0.005698708817362785,
            -0.06406202912330627
        ],
        [
            0.10065877437591553,
            0.03307955339550972,
            -0.0761081725358963
        ],
        [
            0.12487037479877472,
            0.03185982257127762,
            -0.0920865535736084
        ],
        [
            0.14107929170131683,
            0.018673904240131378,
            -0.07852958887815475
        ],
        [
            0.13671576976776123,
            0.006599590182304382,
            -0.0571545735001564
        ],
        [
            0.11555129289627075,
            0.04434971138834953,
            -0.06430813670158386
        ],
        [
            0.1342599242925644,
            0.04995567724108696,
            -0.07268663495779037
        ],
        [
            0.14999297261238098,
            0.04003337770700455,
            -0.06855888664722443
        ],
        [
            0.15034054219722748,
            0.024079428985714912,
            -0.059474509209394455
        ]
    ],
    "pred_vertices": [
        [
            0.09725037962198257,
            -0.013101229444146156,
            -0.046095870435237885
        ],
        [
            0.1011284664273262,
            -0.013830062001943588,
            -0.03591972589492798
        ],
        [
            0.10186006873846054,
            -0.02113936096429825,
            -0.04319281131029129
        ],
        [
            0.09659283608198166,
            -0.02051423490047455,
            -0.052282463759183884
        ],
        [
            0.11185441166162491,
            -0.02814682573080063,
            -0.024121098220348358
        ],
        [
            0.10794816166162491,
            -0.037450987845659256,
            -0.016419820487499237
        ],
        [
            0.10885302722454071,
            -0.044287342578172684,
            -0.03136065602302551
        ],
        [
            0.11302513629198074,
            -0.034903910011053085,
            -0.03481888398528099
        ],
        [
            0.09441721439361572,
            -0.025832148268818855,
            -0.05723310261964798
        ],
        [
            0.10222968459129333,
            -0.026657354086637497,
            -0.0489618219435215
        ],
        [
            0.09071587026119232,
            -0.027957236394286156,
            -0.057396356016397476
        ],
        [
            0.07820800691843033,
            -0.024737324565649033,
            -0.06388828158378601
        ],
        [
            0.0855696052312851,
            -0.023807264864444733,
            -0.06384146213531494
        ],
        [
            0.07318495959043503,
            -0.021359629929065704,
            -0.07013744860887527
        ],
        [
            0.07002432644367218,
            -0.022223984822630882,
            -0.05643926188349724
        ],
        [
            0.06582565605640411,
            -0.014585107564926147,
            -0.07000692188739777
        ],
        [
            0.06863106787204742,
            0.005992473568767309,
            -0.046613845974206924
        ],
        [
            0.07461059838533401,
            0.017944475635886192,
            -0.04297734797000885
        ],
        [
            0.07313689589500427,
            0.02110055834054947,
            -0.06118015944957733
        ],
        [
            0.06805464625358582,
            0.008169238455593586,
            -0.063284732401371
        ],
        [
            0.08643078804016113,
            0.03440260514616966,
            -0.05064563825726509
        ],
        [
            0.07914659380912781,
            0.027212809771299362,
            -0.0573016032576561
        ],
        [
            0.07933677732944489,
            0.02490728721022606,
            -0.03919151797890663
        ],
        [
            0.08601225167512894,
            0.03132478892803192,
            -0.0343543142080307
        ],
        [
            0.10183124244213104,
            -0.0002009151503443718,
            -0.03705503046512604
        ],
        [
            0.1046379953622818,
            -0.0006931312382221222,
            -0.026642657816410065
        ],
        [
            0.10197564959526062,
            -0.00515219010412693,
            -0.029491934925317764
        ],
        [
            0.09955216199159622,
            -0.004881652072072029,
            -0.03933526575565338
        ],
        [
            0.09152215719223022,
            -0.03837580233812332,
            -0.055869605392217636
        ],
        [
            0.08016187697649002,
            -0.034965503960847855,
            -0.04824504628777504
        ],
        [
            0.08316835761070251,
            -0.030702557414770126,
            -0.05437445640563965
        ],
        [
            0.09595934301614761,
            -0.035236988216638565,
            -0.056960344314575195
        ],
        [
            0.11924561113119125,
            0.0020516319200396538,
            -0.0011872202157974243
        ],
        [
            0.11449840664863586,
            0.0020058974623680115,
            0.011582188308238983
        ],
        [
            0.11116813123226166,
            -0.0029197181575000286,
            0.011005282402038574
        ],
        [
            0.11577454209327698,
            -0.001512395218014717,
            -0.0005989223718643188
        ],
        [
            0.10531648993492126,
            -0.023446526378393173,
            0.0022058114409446716
        ],
        [
            0.10116807371377945,
            -0.018440335988998413,
            0.010649651288986206
        ],
        [
            0.08966083824634552,
            -0.023223215714097023,
            0.01645892858505249
        ],
        [
            0.0903058797121048,
            -0.02802153490483761,
            0.007242970168590546
        ],
        [
            0.10759834945201874,
            -0.03071933425962925,
            -0.007371991872787476
        ],
        [
            0.09547370672225952,
            -0.03593997657299042,
            -0.002345748245716095
        ],
        [
            0.09776154905557632,
            -0.04299694299697876,
            -0.01360367238521576
        ],
        [
            0.10126638412475586,
            -0.05015582591295242,
            -0.030562743544578552
        ],
        [
            0.11888708174228668,
            0.014114385470747948,
            0.013224169611930847
        ],
        [
            0.12353703379631042,
            0.015638168901205063,
            0.004148297011852264
        ],
        [
            0.10313905030488968,
            -0.025223150849342346,
            -0.08353443443775177
        ],
        [
            0.10575041174888611,
            -0.0194543544203043,
            -0.08366141468286514
        ],
        [
            0.10340927541255951,
            -0.01963747851550579,
            -0.08291023969650269
        ],
        [
            0.10107050836086273,
            -0.024923693388700485,
            -0.0834130048751831
        ],
        [
            0.11118320375680923,
            0.03248167037963867,
            0.008531831204891205
        ],
        [
            0.10170788317918777,
            0.036288026720285416,
            0.008595332503318787
        ],
        [
            0.10374954342842102,
            0.035494133830070496,
            0.01563015580177307
        ],
        [
            0.11170173436403275,
            0.030234722420573235,
            0.015807412564754486
        ],
        [
            0.11047955602407455,
            0.03531552106142044,
            -0.0011075884103775024
        ],
        [
            0.09914520382881165,
            0.03665052354335785,
            -0.0012920796871185303
        ],
        [
            0.10513948649168015,
            -0.030796287581324577,
            -0.09519815444946289
        ],
        [
            0.1037808433175087,
            -0.031521208584308624,
            -0.08999062329530716
        ],
        [
            0.09952770173549652,
            -0.03032897599041462,
            -0.09196874499320984
        ],
        [
            0.09984908998012543,
            -0.028404420241713524,
            -0.0972340777516365
        ],
        [
            0.09129089117050171,
            -0.019903380423784256,
            -0.06062177196145058
        ],
        [
            0.09526106715202332,
            -0.012937046587467194,
            -0.055569615215063095
        ],
        [
            0.08725177496671677,
            -0.01381159108132124,
            -0.07422582060098648
        ],
        [
            0.0901978611946106,
            -0.013034738600254059,
            -0.06831523776054382
        ],
        [
            0.08610345423221588,
            -0.018598191440105438,
            -0.06799770146608353
        ],
        [
            0.08363182097673416,
            -0.01870846562087536,
            -0.07303182035684586
        ],
        [
            0.10017488896846771,
            0.006256781052798033,
            -0.05875411629676819
        ],
        [
            0.10122232139110565,
            0.004477893467992544,
            -0.04726383090019226
        ],
        [
            0.09817006438970566,
            -0.0006742039695382118,
            -0.05030602961778641
        ],
        [
            0.09694245457649231,
            -0.0005759238265454769,
            -0.0630827471613884
        ],
        [
            0.11034970730543137,
            0.014828294515609741,
            -0.04336021840572357
        ],
        [
            0.10813620686531067,
            0.01597333326935768,
            -0.054931581020355225
        ],
        [
            0.11354952305555344,
            0.021693086251616478,
            -0.051324620842933655
        ],
        [
            0.1150718554854393,
            0.01936168596148491,
            -0.043922096490859985
        ],
        [
            0.10184944421052933,
            0.015535278245806694,
            -0.07450152933597565
        ],
        [
            0.10057368874549866,
            0.016380682587623596,
            -0.0794777125120163
        ],
        [
            0.1051064059138298,
            0.018125666305422783,
            -0.07988680154085159
        ],
        [
            0.10417041182518005,
            0.017728768289089203,
            -0.07308316975831985
        ],
        [
            0.10460574924945831,
            0.03480077162384987,
            0.022717878222465515
        ],
        [
            0.11142071336507797,
            0.027544843032956123,
            0.022671066224575043
        ],
        [
            0.10297131538391113,
            0.04639056697487831,
            -0.04125501587986946
        ],
        [
            0.11285863071680069,
            0.04607866331934929,
            -0.03559964895248413
        ],
        [
            0.11452767252922058,
            0.049845874309539795,
            -0.04742828384041786
        ],
        [
            0.10283464938402176,
            0.04991639405488968,
            -0.05114654451608658
        ],
        [
            0.09156452119350433,
            0.034282222390174866,
            0.006645143032073975
        ],
        [
            0.09367301315069199,
            0.03583616390824318,
            0.014130212366580963
        ],
        [
            0.10734464973211288,
            -0.026416588574647903,
            -0.09974823892116547
        ],
        [
            0.10224407911300659,
            -0.023890120908617973,
            -0.10127472877502441
        ],
        [
            0.08466208726167679,
            -0.040147121995687485,
            -0.012356750667095184
        ],
        [
            0.0912308543920517,
            -0.05017763376235962,
            -0.0313895046710968
        ],
        [
            0.08140689879655838,
            -0.03071131370961666,
            0.0006712004542350769
        ],
        [
            0.07915855199098587,
            -0.02344547212123871,
            0.009106025099754333
        ],
        [
            0.07790457457304001,
            -0.02009061723947525,
            0.017343752086162567
        ],
        [
            0.09237737953662872,
            -0.007161668036133051,
            -0.07115860283374786
        ],
        [
            0.09733790904283524,
            -0.006496361456811428,
            -0.04893607273697853
        ],
        [
            0.10459699481725693,
            0.0037914682179689407,
            -0.03532848507165909
        ],
        [
            0.12571245431900024,
            0.026355724781751633,
            -0.03174375370144844
        ],
        [
            0.12686781585216522,
            0.023999076336622238,
            -0.021537840366363525
        ],
        [
            0.12210583686828613,
            0.01610015332698822,
            -0.027069970965385437
        ],
        [
            0.12150560319423676,
            0.02012290246784687,
            -0.03479316830635071
        ],
        [
            0.1221819818019867,
            0.042144037783145905,
            -0.03598390147089958
        ],
        [
            0.12512889504432678,
            0.035349041223526,
            -0.039229851216077805
        ],
        [
            0.12425276637077332,
            0.03744078800082207,
            -0.04724578186869621
        ],
        [
            0.12197837233543396,
            0.04473745822906494,
            -0.04565780982375145
        ],
        [
            0.08934401720762253,
            -0.045459918677806854,
            -0.05380712077021599
        ],
        [
            0.07872425019741058,
            -0.03965093567967415,
            -0.042258620262145996
        ],
        [
            0.11903271079063416,
            0.0252069178968668,
            0.007779933512210846
        ],
        [
            0.11735045909881592,
            0.021747037768363953,
            0.014650203287601471
        ],
        [
            0.11492571979761124,
            0.020492807030677795,
            0.022774815559387207
        ],
        [
            0.11191213130950928,
            -0.0007559778168797493,
            -0.014001309871673584
        ],
        [
            0.11345520615577698,
            -0.004088749177753925,
            -0.00019435584545135498
        ],
        [
            0.11162139475345612,
            -0.007935413159430027,
            -0.0015446841716766357
        ],
        [
            0.10927531123161316,
            -0.0025948313996195793,
            -0.014927603304386139
        ],
        [
            0.10740402340888977,
            -0.0149424709379673,
            -0.025509826838970184
        ],
        [
            0.11119132488965988,
            -0.01960231177508831,
            -0.013355202972888947
        ],
        [
            0.10925070196390152,
            -0.021775715053081512,
            -0.03453260660171509
        ],
        [
            0.10664098709821701,
            -0.009780539199709892,
            0.011984817683696747
        ],
        [
            0.10969407111406326,
            -0.004311385564506054,
            0.021193265914916992
        ],
        [
            0.10408511757850647,
            -0.011365081183612347,
            0.021035440266132355
        ],
        [
            0.11369871348142624,
            0.004715178161859512,
            0.022129714488983154
        ],
        [
            0.1159081906080246,
            0.013443127274513245,
            0.022700704634189606
        ],
        [
            0.0929761603474617,
            0.038064997643232346,
            0.022433266043663025
        ],
        [
            0.09770599007606506,
            -0.016876254230737686,
            0.020046614110469818
        ],
        [
            0.1128663569688797,
            -0.0393521711230278,
            -0.042498961091041565
        ],
        [
            0.11359237879514694,
            -0.04272571578621864,
            -0.0494215190410614
        ],
        [
            0.11060887575149536,
            -0.036029916256666183,
            -0.052468638867139816
        ],
        [
            0.10970444232225418,
            -0.032234616577625275,
            -0.04664848744869232
        ],
        [
            0.07273941487073898,
            -0.019509613513946533,
            -0.07757322490215302
        ],
        [
            0.07904978096485138,
            -0.021137407049536705,
            -0.07487528771162033
        ],
        [
            0.08010376989841461,
            -0.022757604718208313,
            -0.06829074025154114
        ],
        [
            0.12183695286512375,
            0.00784587487578392,
            -0.011028066277503967
        ],
        [
            0.1255398839712143,
            0.01897573471069336,
            -0.0060625821352005005
        ],
        [
            0.08961644768714905,
            -0.008466502651572227,
            -0.076766237616539
        ],
        [
            0.09506133198738098,
            -0.026518303900957108,
            -0.09754982590675354
        ],
        [
            0.09467066079378128,
            -0.029347097501158714,
            -0.09199664741754532
        ],
        [
            0.07979466021060944,
            -0.022581452503800392,
            -0.0833839625120163
        ],
        [
            0.07909884303808212,
            -0.019152145832777023,
            -0.08989691734313965
        ],
        [
            0.09042730182409286,
            -0.0038224768359214067,
            -0.08282556384801865
        ],
        [
            0.09039832651615143,
            -0.008103041909635067,
            -0.07701154053211212
        ],
        [
            0.09139595925807953,
            -0.00803229957818985,
            -0.07745681703090668
        ],
        [
            0.09388817101716995,
            -0.0043119448237121105,
            -0.08275554329156876
        ],
        [
            0.10913819074630737,
            0.02371904067695141,
            -0.07388782501220703
        ],
        [
            0.10881256312131882,
            0.022969964891672134,
            -0.06838685274124146
        ],
        [
            0.07254581898450851,
            0.008519407361745834,
            -0.07953391224145889
        ],
        [
            0.06360149383544922,
            -0.002807539887726307,
            -0.08018698543310165
        ],
        [
            0.0631147176027298,
            -0.00383578659966588,
            -0.06577716767787933
        ],
        [
            0.10435228049755096,
            0.011796155944466591,
            -0.05577711760997772
        ],
        [
            0.10380289703607559,
            0.014001273550093174,
            -0.06589609384536743
        ],
        [
            0.10610425472259521,
            0.017169304192066193,
            -0.06459221988916397
        ],
        [
            0.09327127039432526,
            -0.003764685709029436,
            -0.0741717666387558
        ],
        [
            0.09128031134605408,
            -0.003500099992379546,
            -0.07978973537683487
        ],
        [
            0.09311670064926147,
            -0.00029956758953630924,
            -0.07819446176290512
        ],
        [
            0.09565049409866333,
            0.0001861085183918476,
            -0.07179512083530426
        ],
        [
            0.11144721508026123,
            0.04336448013782501,
            -0.02276640385389328
        ],
        [
            0.1224982962012291,
            0.03910660743713379,
            -0.02344733476638794
        ],
        [
            0.10275444388389587,
            -0.029464999213814735,
            -0.08583700656890869
        ],
        [
            0.09971705079078674,
            -0.02897663600742817,
            -0.08672747015953064
        ],
        [
            0.10533372312784195,
            0.009908381849527359,
            -0.0445459745824337
        ],
        [
            0.06641742587089539,
            -0.005395390093326569,
            -0.050098173320293427
        ],
        [
            0.10798226296901703,
            0.007870931178331375,
            -0.03362606093287468
        ],
        [
            0.09890879690647125,
            0.039984576404094696,
            -0.06855833530426025
        ],
        [
            0.10866327583789825,
            0.03913336619734764,
            -0.069743812084198
        ],
        [
            0.10901714861392975,
            0.03764200583100319,
            -0.07291439920663834
        ],
        [
            0.10343746840953827,
            0.03886422887444496,
            -0.07502653449773788
        ],
        [
            0.10454399883747101,
            -0.009793002158403397,
            -0.08937743306159973
        ],
        [
            0.10486099869012833,
            -0.013626493513584137,
            -0.08449796587228775
        ],
        [
            0.10560712963342667,
            -0.014213132672011852,
            -0.0854993537068367
        ],
        [
            0.10691776871681213,
            -0.011168629862368107,
            -0.09079022705554962
        ],
        [
            0.08809594810009003,
            -0.01276436634361744,
            -0.07402794063091278
        ],
        [
            0.08453312516212463,
            -0.017947306856513023,
            -0.07420864701271057
        ],
        [
            0.08738826215267181,
            -0.018464302644133568,
            -0.07425712049007416
        ],
        [
            0.09038238227367401,
            -0.012946347706019878,
            -0.07531749457120895
        ],
        [
            0.0797371119260788,
            -0.02068079635500908,
            -0.07612112909555435
        ],
        [
            0.0827479287981987,
            -0.02204599231481552,
            -0.07749927788972855
        ],
        [
            0.10300895571708679,
            -0.009747428819537163,
            -0.09583799540996552
        ],
        [
            0.10020917654037476,
            -0.015071585774421692,
            -0.1009448766708374
        ],
        [
            0.08595779538154602,
            -0.00630645127967,
            -0.09402941167354584
        ],
        [
            0.0924578383564949,
            -0.003795814234763384,
            -0.09032323956489563
        ],
        [
            0.08435403555631638,
            0.02940831333398819,
            -0.01906544715166092
        ],
        [
            0.09279860556125641,
            0.036223381757736206,
            -0.01592974364757538
        ],
        [
            0.09459272027015686,
            0.0384981743991375,
            -0.031010396778583527
        ],
        [
            0.09575261175632477,
            0.04192933067679405,
            -0.04591192305088043
        ],
        [
            0.09712143987417221,
            0.043486595153808594,
            -0.060335513204336166
        ],
        [
            0.08647558838129044,
            0.0379144661128521,
            -0.06463366001844406
        ],
        [
            0.10098649561405182,
            0.04247892647981644,
            -0.02731301635503769
        ],
        [
            0.08424617350101471,
            0.003072845283895731,
            -0.08392785489559174
        ],
        [
            0.0772199034690857,
            0.00017364555969834328,
            -0.0871598869562149
        ],
        [
            0.07865744084119797,
            0.005883105099201202,
            -0.0838230550289154
        ],
        [
            0.1137758418917656,
            0.012565533630549908,
            -0.03247493878006935
        ],
        [
            0.09609375149011612,
            -0.02902289293706417,
            -0.08657466620206833
        ],
        [
            0.06841784715652466,
            -0.0023164767771959305,
            0.008090488612651825
        ],
        [
            0.07082904130220413,
            0.011043245904147625,
            0.008664146065711975
        ],
        [
            0.07061377912759781,
            0.009115138091146946,
            -3.910064697265625e-05
        ],
        [
            0.06870698183774948,
            -0.0062913792207837105,
            -0.0008579269051551819
        ],
        [
            0.1028752401471138,
            -0.020071502774953842,
            -0.08156045526266098
        ],
        [
            0.0991300642490387,
            -0.025592505931854248,
            -0.08202078938484192
        ],
        [
            0.11312883347272873,
            0.028218988329172134,
            -0.06762095540761948
        ],
        [
            0.1121603325009346,
            0.028560111299157143,
            -0.07237354665994644
        ],
        [
            0.11308187991380692,
            0.033168964087963104,
            -0.07209310680627823
        ],
        [
            0.1168505996465683,
            0.03336671367287636,
            -0.06898890435695648
        ],
        [
            0.0975741297006607,
            0.03869922086596489,
            -0.013038262724876404
        ],
        [
            0.11763763427734375,
            0.05068125203251839,
            -0.05406535789370537
        ],
        [
            0.10713367164134979,
            0.05105970799922943,
            -0.05852825194597244
        ],
        [
            0.09092123061418533,
            0.03397608548402786,
            -0.0029712095856666565
        ],
        [
            0.08308124542236328,
            0.028471212834119797,
            -0.005473174154758453
        ],
        [
            0.08249001950025558,
            0.028304044157266617,
            0.00438304990530014
        ],
        [
            0.08249056339263916,
            0.02704400196671486,
            -0.07502733170986176
        ],
        [
            0.07892841845750809,
            0.02398795820772648,
            -0.023481905460357666
        ],
        [
            0.07851885259151459,
            0.023046908900141716,
            -0.008734405040740967
        ],
        [
            0.07762733846902847,
            0.022582465782761574,
            0.0029022470116615295
        ],
        [
            0.07688795775175095,
            0.02324049361050129,
            0.011299297213554382
        ],
        [
            0.08237253129482269,
            0.02935566008090973,
            0.012067131698131561
        ],
        [
            0.09736337512731552,
            -0.021094709634780884,
            -0.10055726766586304
        ],
        [
            0.10580377280712128,
            -0.01730424165725708,
            -0.10197578370571136
        ],
        [
            0.08120614290237427,
            0.03172283619642258,
            0.020900622010231018
        ],
        [
            0.0755641907453537,
            0.024329841136932373,
            0.019682809710502625
        ],
        [
            0.07370524108409882,
            0.015636930242180824,
            -0.011737629771232605
        ],
        [
            0.0691041424870491,
            0.005506895482540131,
            -0.015219509601593018
        ],
        [
            0.07452519983053207,
            0.01665528491139412,
            -0.025921612977981567
        ],
        [
            0.06982120871543884,
            0.006911470554769039,
            -0.030548740178346634
        ],
        [
            0.07188158482313156,
            0.02220003306865692,
            -0.0756630226969719
        ],
        [
            0.12212195992469788,
            -0.019056230783462524,
            -0.09252048283815384
        ],
        [
            0.11284702271223068,
            -0.014960559085011482,
            -0.09718308597803116
        ],
        [
            0.11098992079496384,
            -0.012763135135173798,
            -0.09192471206188202
        ],
        [
            0.12063175439834595,
            -0.01584358513355255,
            -0.0899927094578743
        ],
        [
            0.1071140468120575,
            -0.011926590465009212,
            -0.09666736423969269
        ],
        [
            0.11117440462112427,
            -0.019663289189338684,
            -0.10034483671188354
        ],
        [
            0.06769014149904251,
            -0.00785687007009983,
            -0.03403901308774948
        ],
        [
            0.09133437275886536,
            0.0003604465164244175,
            -0.08232748508453369
        ],
        [
            0.06889165937900543,
            -0.012884736992418766,
            -0.01729895919561386
        ],
        [
            0.06858664005994797,
            -0.023793546482920647,
            -0.042719949036836624
        ],
        [
            0.07154736667871475,
            -0.028634071350097656,
            -0.03033168613910675
        ],
        [
            0.07113682478666306,
            -0.01995530165731907,
            -0.0006352066993713379
        ],
        [
            0.07375996559858322,
            -0.031465306878089905,
            -0.01398489624261856
        ],
        [
            0.07073825597763062,
            -0.011775488033890724,
            0.016188859939575195
        ],
        [
            0.07070890814065933,
            -0.01420271210372448,
