{
    "pred_cam": [
        15.144845962524414,
        0.07339946925640106,
        -0.014620255678892136
    ],
    "pred_mano_params": {
        "global_orient": [
            [
                [
                    0.47456106543540955,
                    -0.8163745999336243,
                    -0.32912665605545044
                ],
                [
                    -0.05780806392431259,
                    0.3441999554634094,
                    -0.9371151328086853
                ],
                [
                    0.8783223032951355,
                    0.46374449133872986,
                    0.116150863468647
                ]
            ]
        ],
        "hand_pose": [
            [
                [
                    0.6958288550376892,
                    -0.717296302318573,
                    -0.03616843372583389
                ],
                [
                    0.7084827423095703,
                    0.6937953233718872,
                    -0.1292293816804886
                ],
                [
                    0.11778924614191055,
                    0.06429682672023773,
                    0.9909548759460449
                ]
            ],
            [
                [
                    0.5537518858909607,
                    -0.7986196875572205,
                    0.23572313785552979
                ],
                [
                    0.83174729347229,
                    0.5170966386795044,
                    -0.2020086646080017
                ],
                [
                    0.0394364558160305,
                    0.3079247772693634,
                    0.9505929946899414
                ]
            ],
            [
                [
                    0.8356828093528748,
                    -0.5451276898384094,
                    0.06685855239629745
                ],
                [
                    0.5470483899116516,
                    0.8369951248168945,
                    -0.013307814486324787
                ],
                [
                    -0.048705827444791794,
                    0.04769597947597504,
                    0.9976736307144165
                ]
            ],
            [
                [
                    0.7789241671562195,
                    -0.6045597791671753,
                    0.16668708622455597
                ],
                [
                    0.5869572162628174,
                    0.7964065670967102,
                    0.1456630975008011
                ],
                [
                    -0.22081273794174194,
                    -0.015622308477759361,
                    0.975191056728363
                ]
            ],
            [
                [
                    0.3549923300743103,
                    -0.8756731748580933,
                    -0.32737892866134644
                ],
                [
                    0.9334205985069275,
                    0.35148581862449646,
                    0.07199755311012268
                ],
                [
                    0.052022725343704224,
                    -0.3311408460140228,
                    0.9421461224555969
                ]
            ],
            [
                [
                    0.6480565667152405,
                    -0.7581702470779419,
                    -0.07211392372846603
                ],
                [
                    0.7593636512756348,
                    0.6504954099655151,
                    -0.014917141757905483
                ],
                [
                    0.05821951851248741,
                    -0.04509354010224342,
                    0.9972847700119019
                ]
            ],
            [
                [
                    0.805970311164856,
                    -0.5764145851135254,
                    -0.13475218415260315
                ],
                [
                    0.5663058757781982,
                    0.8170867562294006,
                    -0.10801372677087784
                ],
                [
                    0.17236492037773132,
                    0.01074489951133728,
                    0.9849746227264404
                ]
            ],
            [
                [
                    0.5997803807258606,
                    -0.77951979637146,
                    -0.18058878183364868
                ],
                [
                    0.6952217221260071,
                    0.3959389626979828,
                    0.5999158620834351
                ],
                [
                    -0.39614418148994446,
                    -0.4853670299053192,
                    0.779415488243103
                ]
            ],
            [
                [
                    0.5929235816001892,
                    -0.804477334022522,
                    0.035466406494379044
                ],
                [
                    0.6450875401496887,
                    0.5008880496025085,
                    0.5770383477210999
                ],
                [
                    -0.4819789528846741,
                    -0.31926068663597107,
                    0.815946638584137
                ]
            ],
            [
                [
                    0.938554584980011,
                    -0.34335237741470337,
                    0.034993018954992294
                ],
                [
                    0.3433767259120941,
                    0.9187622666358948,
                    -0.19485439360141754
                ],
                [
                    0.034753452986478806,
                    0.19489724934101105,
                    0.9802077412605286
                ]
            ],
            [
                [
                    0.47973671555519104,
                    -0.847111701965332,
                    -0.22859244048595428
                ],
                [
                    0.8278552889823914,
                    0.3506905138492584,
                    0.43780335783958435
                ],
                [
                    -0.2907031178474426,
                    -0.39927178621292114,
                    0.8695250153541565
                ]
            ],
            [
                [
                    0.481627881526947,
                    -0.8547338247299194,
                    -0.19355833530426025
                ],
                [
                    0.8670989871025085,
                    0.43271082639694214,
                    0.24678078293800354
                ],
                [
                    -0.12717707455158234,
                    -0.28669071197509766,
                    0.9495444297790527
                ]
            ],
            [
                [
                    0.9796808362007141,
                    -0.044457439333200455,
                    -0.1955735683441162
                ],
                [
                    -0.08269396424293518,
                    0.7988433241844177,
                    -0.5958279967308044
                ],
                [
                    0.18272164463996887,
                    0.5998939871788025,
                    0.7789351344108582
                ]
            ],
            [
                [
                    0.7951955795288086,
                    -0.6018228530883789,
                    -0.07398103177547455
                ],
                [
                    0.6062915325164795,
                    0.7909119129180908,
                    0.08287909626960754
                ],
                [
                    0.00863394234329462,
                    -0.11075916886329651,
                    0.9938097596168518
                ]
            ],
            [
                [
                    0.9055336117744446,
                    -0.37567153573036194,
                    -0.1971796751022339
                ],
                [
                    0.15282456576824188,
                    0.7223588824272156,
                    -0.6744199991226196
                ],
                [
                    0.39579489827156067,
                    0.5805760622024536,
                    0.7115320563316345
                ]
            ]
        ],
        "betas": [
            -0.013025403022766113,
            -0.03176268935203552,
            -0.1666061282157898,
            -0.06509402394294739,
            0.08510547876358032,
            0.01842024177312851,
            6.127357482910156e-05,
            0.11310945451259613,
            0.03626805543899536,
            0.04159128665924072
        ]
    },
    "pred_cam_t": [
        -0.07339946925640106,
        -0.014620255678892136,
        2.5792603492736816
    ],
    "focal_length": [
        5000.0,
        5000.0
    ],
    "pred_keypoints_3d": [
        [
            0.09586487710475922,
            0.0063991970382630825,
            0.006210459396243095
        ],
        [
            0.08848049491643906,
            -0.02162870205938816,
            -0.019173670560121536
        ],
        [
            0.08167451620101929,
            -0.03869463875889778,
            -0.043955057859420776
        ],
        [
            0.09086587280035019,
            -0.04373730346560478,
            -0.06901431083679199
        ],
        [
            0.1164565458893776,
            -0.03782348707318306,
            -0.09198151528835297
        ],
        [
            0.05143981799483299,
            -0.009633420035243034,
            -0.07127135992050171
        ],
        [
            0.05662738159298897,
            -0.013942446559667587,
            -0.1037130281329155
        ],
        [
            0.07800603657960892,
            -0.017850439995527267,
            -0.10875201225280762
        ],
        [
            0.10226376354694366,
            -0.01943281665444374,
            -0.10255258530378342
        ],
        [
            0.053251225501298904,
            0.014496752992272377,
            -0.07807626575231552
        ],
        [
            0.05476154759526253,
            0.00859040766954422,
            -0.10932525992393494
        ],
        [
            0.0772937759757042,
            0.0032390058040618896,
            -0.11253385245800018
        ],
        [
            0.09868896752595901,
            -0.00025572627782821655,
            -0.09938760101795197
        ],
        [
            0.06901969015598297,
            0.034688252955675125,
            -0.07054201513528824
        ],
        [
            0.0634218156337738,
            0.03921380639076233,
            -0.09858503937721252
        ],
        [
            0.08501619100570679,
            0.034477297216653824,
            -0.11002794653177261
        ],
        [
            0.10554279386997223,
            0.02406775951385498,
            -0.10016427934169769
        ],
        [
            0.08546139299869537,
            0.04736066982150078,
            -0.06388287991285324
        ],
        [
            0.09150206297636032,
            0.059608057141304016,
            -0.08010104298591614
        ],
        [
            0.10954803228378296,
            0.05571746081113815,
            -0.08482536673545837
        ],
        [
            0.11767415702342987,
            0.04108809679746628,
            -0.07820507884025574
        ]
    ],
    "pred_vertices": [
        [
            0.08133108913898468,
            -0.011416817083954811,
            -0.04370806738734245
        ],
        [
            0.08891171216964722,
            -0.012002472765743732,
            -0.035367451608181
        ],
        [
            0.08734996616840363,
            -0.019009016454219818,
            -0.042694006115198135
        ],
        [
            0.07932847738265991,
            -0.018515100702643394,
            -0.04957926273345947
        ],
        [
            0.10222472250461578,
            -0.027647757902741432,
            -0.028331879526376724
        ],
        [
            0.10056792199611664,
            -0.037695370614528656,
            -0.020376648753881454
        ],
        [
            0.09556081891059875,
            -0.04355594143271446,
            -0.03531421720981598
        ],
        [
            0.09913322329521179,
            -0.03340770676732063,
            -0.0388898104429245
        ],
        [
            0.07587173581123352,
            -0.023604121059179306,
            -0.0536075159907341
        ],
        [
            0.08560280501842499,
            -0.02409064956009388,
            -0.0483650304377079
        ],
        [
            0.07237870246171951,
            -0.025455698370933533,
            -0.05285986140370369
        ],
        [
            0.05877019092440605,
            -0.02388574741780758,
            -0.05478929728269577
        ],
        [
            0.06544137746095657,
            -0.02271292917430401,
            -0.05708795413374901
        ],
        [
            0.05169936642050743,
            -0.021443668752908707,
            -0.058755792677402496
        ],
        [
            0.05355122312903404,
            -0.02224637195467949,
            -0.045108359307050705
        ],
        [
            0.04489591345191002,
            -0.01540333405137062,
            -0.05510681867599487
        ],
        [
            0.05317927151918411,
            0.003833373077213764,
            -0.033499233424663544
        ],
        [
            0.05866163969039917,
            0.015913497656583786,
            -0.03138502687215805
        ],
        [
            0.05177350342273712,
            0.01867445558309555,
            -0.04685603454709053
        ],
        [
            0.047362808138132095,
            0.005861259996891022,
            -0.04806855693459511
        ],
        [
            0.06606721132993698,
            0.03256950527429581,
            -0.04077693074941635
        ],
        [
            0.05785727500915527,
            0.02515956200659275,
            -0.04486565664410591
        ],
        [
            0.0634986087679863,
            0.02305019088089466,
            -0.02899537980556488
        ],
        [
            0.07062572240829468,
            0.029909346252679825,
            -0.026342492550611496
        ],
        [
            0.08692105859518051,
            0.0013652783818542957,
            -0.036174044013023376
        ],
        [
            0.09334906935691833,
            0.0010940590873360634,
            -0.027291856706142426
        ],
        [
            0.09087534248828888,
            -0.0034441910684108734,
            -0.029277604073286057
        ],
        [
            0.08474361896514893,
            -0.0033342367969453335,
            -0.037788793444633484
        ],
        [
            0.07383543252944946,
            -0.03529863804578781,
            -0.05337781086564064
        ],
        [
            0.06543564796447754,
            -0.033278290182352066,
            -0.042209941893815994
        ],
        [
            0.06644368916749954,
            -0.02866273559629917,
            -0.048344630748033524
        ],
        [
            0.07762373983860016,
            -0.03207802027463913,
            -0.05508587136864662
        ],
        [
            0.11477858573198318,
            0.004990667104721069,
            -0.008483506739139557
        ],
        [
            0.11487270891666412,
            0.004147307015955448,
            0.004916548728942871
        ],
        [
            0.11219635605812073,
            -0.001094185747206211,
            0.005231216549873352
        ],
        [
            0.11230736970901489,
            0.0010613780468702316,
            -0.0069379061460494995
        ],
        [
            0.10561752319335938,
            -0.023091603070497513,
            -0.001898452639579773
        ],
        [
            0.10447157174348831,
            -0.017764560878276825,
            0.007396683096885681
        ],
        [
            0.09612219780683517,
            -0.02382534369826317,
            0.016435861587524414
        ],
        [
            0.09348189830780029,
            -0.028626099228858948,
            0.007532626390457153
        ],
        [
            0.10427042841911316,
            -0.030908765271306038,
            -0.011656656861305237
        ],
        [
            0.09470614790916443,
            -0.036486897617578506,
            -0.003333576023578644
        ],
        [
            0.09142573922872543,
            -0.043513309210538864,
            -0.015145786106586456
        ],
        [
            0.08844590187072754,
            -0.05000818148255348,
            -0.03329866752028465
        ],
        [
            0.1182570680975914,
            0.01650269515812397,
            0.0056673213839530945
        ],
        [
            0.11912305653095245,
            0.018665025010704994,
            -0.0041956305503845215
        ],
        [
            0.06616505980491638,
            -0.020091701298952103,
            -0.09503727406263351
        ],
        [
            0.0687175840139389,
            -0.014513087458908558,
            -0.09545999765396118
        ],
        [
            0.06755147874355316,
            -0.014620605856180191,
            -0.09322245419025421
        ],
        [
            0.06505711376667023,
            -0.019892189651727676,
            -0.09345701336860657
        ],
        [
            0.10758370906114578,
            0.03351258113980293,
            0.004896476864814758
        ],
        [
            0.0985163152217865,
            0.03622540459036827,
            0.008344307541847229
        ],
        [
            0.1028992235660553,
            0.03560580685734749,
            0.014158137142658234
        ],
        [
            0.11078236997127533,
            0.031311437487602234,
            0.011367343366146088
        ],
        [
            0.10338789224624634,
            0.03623167425394058,
            -0.0037371665239334106
        ],
        [
            0.09276841580867767,
            0.03635947406291962,
            6.027519702911377e-06
        ],
        [
            0.05842134356498718,
            -0.022125400602817535,
            -0.10520815849304199
        ],
        [
            0.061099521815776825,
            -0.024251259863376617,
            -0.10118937492370605
        ],
        [
            0.057176969945430756,
            -0.023103129118680954,
            -0.09930254518985748
        ],
        [
            0.05395517498254776,
            -0.01996738277375698,
            -0.10226422548294067
        ],
        [
            0.07142258435487747,
            -0.018619569018483162,
            -0.055838074535131454
        ],
        [
            0.07610617578029633,
            -0.011503590270876884,
            -0.05209818854928017
        ],
        [
            0.06301694363355637,
            -0.014168119058012962,
            -0.0688711553812027
        ],
        [
            0.06726671755313873,
            -0.012224897742271423,
            -0.06265387684106827
        ],
        [
            0.0642469972372055,
            -0.01831699162721634,
            -0.06134496629238129
        ],
        [
            0.06008346006274223,
            -0.019104670733213425,
            -0.06633167713880539
        ],
        [
            0.07748609781265259,
            0.007830172777175903,
            -0.05595671012997627
        ],
        [
            0.08240612596273422,
            0.0060108257457613945,
            -0.045438002794981
        ],
        [
            0.07915739715099335,
            0.0006719501689076424,
            -0.04752611368894577
        ],
        [
            0.07370460033416748,
            0.000837984960526228,
            -0.0593082532286644
        ],
        [
            0.09107920527458191,
            0.01719176024198532,
            -0.04442916810512543
        ],
        [
            0.08516838401556015,
            0.018211178481578827,
            -0.05476202070713043
        ],
        [
            0.09076473116874695,
            0.02443457394838333,
            -0.0531180202960968
        ],
        [
            0.09478680789470673,
            0.022198030725121498,
            -0.04642582684755325
        ],
        [
            0.07304070889949799,
            0.018056567758321762,
            -0.0720035582780838
        ],
        [
            0.06893923878669739,
            0.01920405589044094,
            -0.07841376215219498
        ],
        [
            0.07034417241811752,
            0.02238173969089985,
            -0.07939784973859787
        ],
        [
            0.07486627250909805,
            0.02094350941479206,
            -0.07137799263000488
        ],
        [
            0.10616271942853928,
            0.034936949610710144,
            0.020435087382793427
        ],
        [
            0.11311604082584381,
            0.02854933775961399,
            0.01769208163022995
        ],
        [
            0.08258948475122452,
            0.046071574091911316,
            -0.03751622512936592
        ],
        [
            0.09350800514221191,
            0.04724974185228348,
            -0.036119893193244934
        ],
        [
            0.09058461338281631,
            0.05163519084453583,
            -0.047211773693561554
        ],
        [
            0.07937084883451462,
            0.04946613684296608,
            -0.045965008437633514
        ],
        [
            0.08875772356987,
            0.03311063349246979,
            0.009840339422225952
        ],
        [
            0.09311304986476898,
            0.034800391644239426,
            0.01618332415819168
        ],
        [
            0.05747270584106445,
            -0.016644315794110298,
            -0.10844743251800537
        ],
        [
            0.05333567038178444,
            -0.014416559599339962,
            -0.10515868663787842
        ],
        [
            0.08036880940198898,
            -0.0406954400241375,
            -0.00984577089548111
        ],
        [
            0.07896522432565689,
            -0.04986517131328583,
            -0.031124252825975418
        ],
        [
            0.08281712234020233,
            -0.03177141398191452,
            0.004033274948596954
        ],
        [
            0.08381043374538422,
            -0.024916911497712135,
            0.013028092682361603
        ],
        [
            0.08544076979160309,
            -0.021978721022605896,
            0.021386750042438507
        ],
        [
            0.0678069144487381,
            -0.006301380693912506,
            -0.06589869409799576
        ],
        [
            0.0795329138636589,
            -0.005092719104140997,
            -0.046211134642362595
        ],
        [
            0.08955173939466476,
            0.005571388639509678,
            -0.03529325872659683
        ],
        [
            0.10793541371822357,
            0.029953837394714355,
            -0.03811311721801758
        ],
        [
            0.11267358064651489,
            0.027549222111701965,
            -0.02889690175652504
        ],
        [
            0.10716131329536438,
            0.019485922530293465,
            -0.032887861132621765
        ],
        [
            0.10362036526203156,
            0.023523516952991486,
            -0.0398569330573082
        ],
        [
            0.10203951597213745,
            0.044716496020555496,
            -0.040109433233737946
        ],
        [
            0.10409843921661377,
            0.03869394585490227,
            -0.044830139726400375
        ],
        [
            0.10023050010204315,
            0.04123208299279213,
            -0.052728038281202316
        ],
        [
            0.09833281487226486,
            0.04774296283721924,
            -0.04930638521909714
        ],
        [
            0.07214929908514023,
            -0.042565733194351196,
            -0.05149255320429802
        ],
        [
            0.06567493826150894,
            -0.03828626871109009,
            -0.03644577041268349
        ],
        [
            0.11531796306371689,
            0.02735373191535473,
            0.0011991187930107117
        ],
        [
            0.11651833355426788,
            0.023704595863819122,
            0.00794810801744461
        ],
        [
            0.11717355251312256,
            0.02208602800965309,
            0.01620800793170929
        ],
        [
            0.10433070361614227,
            0.00157949049025774,
            -0.017971083521842957
        ],
        [
            0.11073394864797592,
            -0.0018502771854400635,
            -0.005893722176551819
        ],
        [
            0.10922916233539581,
            -0.006139854900538921,
            -0.006699882447719574
        ],
        [
            0.1021893098950386,
            -0.0006696442142128944,
            -0.01800057291984558
        ],
        [
            0.09864571690559387,
            -0.013810805976390839,
            -0.027706637978553772
        ],
        [
            0.10592785477638245,
            -0.019113250076770782,
            -0.017786439508199692
        ],
        [
            0.0969548225402832,
            -0.020296450704336166,
            -0.03705234453082085
        ],
        [
            0.1092003881931305,
            -0.00850360095500946,
            0.007283315062522888
        ],
        [
            0.11449623107910156,
            -0.002786550670862198,
            0.015067078173160553
        ],
        [
            0.11003738641738892,
            -0.010398872196674347,
            0.01642322540283203
        ],
        [
            0.1175098866224289,
            0.006537502631545067,
            0.015110000967979431
        ],
        [
            0.11885619908571243,
            0.01534153614193201,
            0.015399351716041565
        ],
        [
            0.09501852840185165,
            0.03681298345327377,
            0.024286799132823944
        ],
        [
            0.10432653874158859,
            -0.016526954248547554,
            0.01736944168806076
        ],
        [
            0.0963883325457573,
            -0.03716259077191353,
            -0.04580966383218765
        ],
        [
            0.09618732333183289,
            -0.039683423936367035,
            -0.05195602402091026
        ],
        [
            0.0923280417919159,
            -0.032755035907030106,
            -0.05377746373414993
        ],
        [
            0.09226507693529129,
            -0.029322410002350807,
            -0.04808846116065979
        ],
        [
            0.047327566891908646,
            -0.019590316340327263,
            -0.06569550186395645
        ],
        [
            0.054748740047216415,
            -0.021368984133005142,
            -0.06646610796451569
        ],
        [
            0.05884853005409241,
            -0.02267814427614212,
            -0.05973527580499649
        ],
        [
            0.11316348612308502,
            0.01110255066305399,
            -0.01819201558828354
        ],
        [
            0.11713585257530212,
            0.022279784083366394,
            -0.01420757919549942
        ],
        [
            0.06343762576580048,
            -0.00848409254103899,
            -0.07223733514547348
        ],
        [
            0.05060505494475365,
            -0.01878167688846588,
            -0.09891852736473083
        ],
        [
            0.0541139617562294,
            -0.02267158217728138,
            -0.0959099754691124
        ],
        [
            0.04915556311607361,
            -0.02072012424468994,
            -0.07907156646251678
        ],
        [
            0.04463290423154831,
            -0.01618180051445961,
            -0.08199109137058258
        ],
        [
            0.05907929316163063,
            -0.0027492421213537455,
            -0.07896850258111954
        ],
        [
            0.06268655508756638,
            -0.00787382759153843,
            -0.07560043781995773
        ],
        [
            0.06235800310969353,
            -0.007298137992620468,
            -0.07750068604946136
        ],
        [
            0.060910116881132126,
            -0.0023830095306038857,
            -0.08175280690193176
        ],
        [
            0.07592592388391495,
            0.028739942237734795,
            -0.07525449991226196
        ],
        [
            0.08027113229036331,
            0.027211586013436317,
            -0.06886758655309677
        ],
        [
            0.04518408700823784,
            0.007547769229859114,
            -0.06394346058368683
        ],
        [
            0.03796987235546112,
            -0.0042762113735079765,
            -0.061511676758527756
        ],
        [
            0.04337354004383087,
            -0.005569648928940296,
            -0.049664080142974854
        ],
        [
            0.08178728818893433,
            0.013702674768865108,
            -0.054340213537216187
        ],
        [
            0.07775991410017014,
            0.016134114935994148,
            -0.06388382613658905
        ],
        [
            0.07996286451816559,
            0.019612405449151993,
            -0.06346485018730164
        ],
        [
            0.0670049786567688,
            -0.002661295235157013,
            -0.06897440552711487
        ],
        [
            0.06303853541612625,
            -0.0027999947778880596,
            -0.07455422729253769
        ],
        [
            0.06502175331115723,
            0.0012598533648997545,
            -0.07268359512090683
        ],
        [
            0.06944289803504944,
            0.0016998709179461002,
            -0.06720538437366486
        ],
        [
            0.09651587903499603,
            0.04425593465566635,
            -0.023810837417840958
        ],
        [
            0.10672426223754883,
            0.04158538207411766,
            -0.0284857377409935
        ],
        [
            0.06366689503192902,
            -0.023540254682302475,
            -0.09731600433588028
        ],
        [
            0.06128116324543953,
            -0.0230763778090477,
            -0.09578628838062286
        ],
        [
            0.0865582823753357,
            0.011801326647400856,
            -0.04404791444540024
        ],
        [
            0.05107184499502182,
            -0.006868903059512377,
            -0.03667529672384262
        ],
        [
            0.09278061240911484,
            0.009977397508919239,
            -0.034616850316524506
        ],
        [
            0.0691336989402771,
            0.04129040613770485,
            -0.06106293946504593
        ],
        [
            0.07590321451425552,
            0.0429767407476902,
            -0.06632795929908752
        ],
        [
            0.07253123074769974,
            0.041880566626787186,
            -0.07127183675765991
        ],
        [
            0.06651559472084045,
            0.04196570813655853,
            -0.06919495761394501
        ],
        [
            0.06390121579170227,
            -0.003811047412455082,
            -0.09503380954265594
        ],
        [
            0.06728653609752655,
            -0.008297860622406006,
            -0.09319078177213669
        ],
        [
            0.06774982810020447,
            -0.008578397333621979,
            -0.09492675960063934
        ],
        [
            0.0650520920753479,
            -0.00443032942712307,
            -0.0984564870595932
        ],
        [
            0.06255971640348434,
            -0.013288697227835655,
            -0.07312093675136566
        ],
        [
            0.059650711715221405,
            -0.018656950443983078,
            -0.0714007019996643
        ],
        [
            0.06069176644086838,
            -0.018171172589063644,
            -0.07598269730806351
        ],
        [
            0.06252812594175339,
            -0.012468351051211357,
            -0.07694126665592194
        ],
        [
            0.053999338299036026,
            -0.020990442484617233,
            -0.0716743916273117
        ],
        [
            0.05502014607191086,
            -0.021240109577775,
            -0.07662182301282883
        ],
        [
            0.058358848094940186,
            -0.0024237404577434063,
            -0.0981922447681427
        ],
        [
            0.052495285868644714,
            -0.006489698309451342,
            -0.10108281672000885
        ],
        [
            0.04740775749087334,
            -0.0024938557762652636,
            -0.08519645035266876
        ],
        [
            0.05484682694077492,
            -0.00038444867823272943,
            -0.08583365380764008
        ],
        [
            0.07415112853050232,
            0.02776108682155609,
            -0.011887796223163605
        ],
        [
            0.08229321241378784,
            0.035308677703142166,
            -0.011450529098510742
        ],
        [
            0.07900075614452362,
            0.03770885989069939,
            -0.025797955691814423
        ],
        [
            0.07524141669273376,
            0.04100929573178291,
            -0.03927110880613327
        ],
        [
            0.07198899239301682,
            0.04272027313709259,
            -0.05276200920343399
        ],
        [
            0.06174254044890404,
            0.03590085357427597,
            -0.0525793731212616
        ],
        [
            0.08552342653274536,
            0.04229229316115379,
            -0.024374157190322876
        ],
        [
            0.05270722135901451,
            0.004198465030640364,
            -0.0746464878320694
        ],
        [
            0.04523760452866554,
            0.0008822579402476549,
            -0.07291516661643982
        ],
        [
            0.047843605279922485,
            0.006718253716826439,
            -0.07038752734661102
        ],
        [
            0.09801401197910309,
            0.015216531231999397,
            -0.035276710987091064
        ],
        [
            0.05888000875711441,
            -0.023420773446559906,
            -0.09324724972248077
        ],
        [
            0.07189147919416428,
            -0.005409181118011475,
            0.016905061900615692
        ],
        [
            0.07296006381511688,
            0.007869334891438484,
            0.01734919846057892
        ],
        [
            0.06998094171285629,
            0.006139977369457483,
            0.009203150868415833
        ],
        [
            0.06943973153829575,
            -0.008903375826776028,
            0.00823356956243515
        ],
        [
            0.06748829036951065,
            -0.015260675922036171,
            -0.0917932316660881
        ],
        [
            0.06435607373714447,
            -0.020858246833086014,
            -0.09128451347351074
        ],
        [
            0.08298508822917938,
            0.03359147161245346,
            -0.06950405985116959
        ],
        [
            0.0780002623796463,
            0.0342937707901001,
            -0.07443683594465256
        ],
        [
            0.0767633467912674,
            0.03846264258027077,
            -0.0746571272611618
        ],
        [
            0.0838366225361824,
            0.04024191200733185,
            -0.07204325497150421
        ],
        [
            0.08728371560573578,
            0.03821304813027382,
            -0.010238505899906158
        ],
        [
            0.08920562267303467,
            0.054163023829460144,
            -0.05399637296795845
        ],
        [
            0.07913894951343536,
            0.05244346335530281,
            -0.053498148918151855
        ],
        [
            0.084959477186203,
            0.03285996615886688,
            0.0011112913489341736
        ],
        [
            0.07746804505586624,
            0.02661713771522045,
            0.0011110380291938782
        ],
        [
            0.08028911054134369,
            0.026226043701171875,
            0.010451465845108032
        ],
        [
            0.05379246920347214,
            0.026286141946911812,
            -0.06185969337821007
        ],
        [
            0.0682297945022583,
            0.021939191967248917,
            -0.014469042420387268
        ],
        [
            0.07274352014064789,
            0.020854266360402107,
            -0.0007035136222839355
        ],
        [
            0.07591553777456284,
            0.02012760564684868,
            0.010385483503341675
        ],
        [
            0.0780564695596695,
            0.02049749344587326,
            0.018489107489585876
        ],
        [
            0.08273346722126007,
            0.027092527598142624,
            0.01769912987947464
        ],
        [
            0.05047173053026199,
            -0.012606029398739338,
            -0.10076086223125458
        ],
        [
            0.05570100247859955,
            -0.007555757649242878,
            -0.1063275933265686
        ],
        [
            0.08437974750995636,
            0.02915327437222004,
            0.026484057307243347
        ],
        [
            0.07956765592098236,
            0.02125154249370098,
            0.026842497289180756
        ],
        [
            0.06812229752540588,
            0.013054817914962769,
            -0.0023432299494743347
        ],
        [
            0.06382225453853607,
            0.002888037823140621,
            -0.004613213241100311
        ],
        [
            0.06411328911781311,
            0.014393437653779984,
            -0.01569332182407379
        ],
        [
            0.05930772051215172,
            0.0045454432256519794,
            -0.01901819556951523
        ],
        [
            0.04584169387817383,
            0.019948117434978485,
            -0.0585877001285553
        ],
        [
            0.0733061358332634,
            -0.010685211047530174,
            -0.11297379434108734
        ],
        [
            0.06418604403734207,
            -0.006032076198607683,
            -0.10770019143819809
        ],
        [
            0.06717310845851898,
            -0.005671697203069925,
            -0.1025920957326889
        ],
        [
            0.07489298284053802,
            -0.008459599688649178,
            -0.10957928746938705
        ],
        [
            0.06085716187953949,
            -0.003703248454257846,
            -0.10256955027580261
        ],
        [
            0.06015787273645401,
            -0.0098100071772933,
            -0.10968408733606339
        ],
        [
            0.05757851153612137,
            -0.009362271055579185,
            -0.02240200713276863
        ],
        [
            0.0610930398106575,
            0.0020275928545743227,
            -0.07711134105920792
        ],
        [
            0.06455761194229126,
            -0.01435638777911663,
            -0.007556639611721039
        ],
        [
            0.05641893297433853,
            -0.023934658616781235,
            -0.03201146051287651
        ],
        [
            0.06329265981912613,
            -0.02865578979253769,
            -0.021729063242673874
        ],
        [
            0.07254479825496674,
            -0.021640295162796974,
            0.006750442087650299
        ],
        [
            0.07044387608766556,
            -0.032054342329502106,
            -0.007334992289543152
        ],
        [
            0.07772788405418396,
            -0.014507852494716644,
            0.023180648684501648
        ],
        [
            0.07482407987117767,
            -0.016560249030590057,
