{
    "pred_cam": [
        5.621354103088379,
        -0.16535279154777527,
        -0.03182734549045563
    ],
    "pred_mano_params": {
        "global_orient": [
            [
                [
                    -0.9201018214225769,
                    -0.38535764813423157,
                    0.07008660584688187
                ],
                [
                    -0.02892386168241501,
                    -0.11160120368003845,
                    -0.993332028388977
                ],
                [
                    0.39060983061790466,
                    -0.9159937500953674,
                    0.0915384367108345
                ]
            ]
        ],
        "hand_pose": [
            [
                [
                    0.9104591608047485,
                    -0.35596537590026855,
                    0.21060100197792053
                ],
                [
                    0.3755907714366913,
                    0.9248022437095642,
                    -0.06060047447681427
                ],
                [
                    -0.1731925904750824,
                    0.13427405059337616,
                    0.9756919741630554
                ]
            ],
            [
                [
                    0.9645150303840637,
                    -0.257545530796051,
                    0.05814709514379501
                ],
                [
                    0.26392897963523865,
                    0.9465121030807495,
                    -0.18562425673007965
                ],
                [
                    -0.0072302320040762424,
                    0.19438408315181732,
                    0.9808988571166992
                ]
            ],
            [
                [
                    0.8362166285514832,
                    -0.5349027514457703,
                    0.12091664969921112
                ],
                [
                    0.522059440612793,
                    0.843973696231842,
                    0.12313570082187653
                ],
                [
                    -0.16791610419750214,
                    -0.03984244912862778,
                    0.9849959015846252
                ]
            ],
            [
                [
                    0.9894255995750427,
                    -0.14465177059173584,
                    -0.010621869005262852
                ],
                [
                    0.14317865669727325,
                    0.9857957363128662,
                    -0.08778761327266693
                ],
                [
                    0.02316962741315365,
                    0.08533849567174911,
                    0.996082603931427
                ]
            ],
            [
                [
                    0.8914758563041687,
                    -0.4342333972454071,
                    -0.1292758285999298
                ],
                [
                    0.4530661106109619,
                    0.8535264730453491,
                    0.25733980536460876
                ],
                [
                    -0.0014052042970433831,
                    -0.287982702255249,
                    0.957634687423706
                ]
            ],
            [
                [
                    0.7860413193702698,
                    -0.6164111495018005,
                    0.0466516949236393
                ],
                [
                    0.6173035502433777,
                    0.7866995930671692,
                    -0.00633907038718462
                ],
                [
                    -0.03279339149594307,
                    0.0337810255587101,
                    0.9988911747932434
                ]
            ],
            [
                [
                    0.9031848311424255,
                    -0.422229528427124,
                    0.07732656598091125
                ],
                [
                    0.42031559348106384,
                    0.9064804315567017,
                    0.04034942761063576
                ],
                [
                    -0.08713173121213913,
                    -0.003941426984965801,
                    0.9961890578269958
                ]
            ],
            [
                [
                    0.9888690710067749,
                    -0.14652016758918762,
                    -0.025882955640554428
                ],
                [
                    0.14787650108337402,
                    0.9870551228523254,
                    0.0620865561068058
                ],
                [
                    0.016450969502329826,
                    -0.06522294878959656,
                    0.9977351427078247
                ]
            ],
            [
                [
                    0.9753996133804321,
                    -0.20243120193481445,
                    0.08727613091468811
                ],
                [
                    0.13644260168075562,
                    0.8653499484062195,
                    0.48223719000816345
                ],
                [
                    -0.17314428091049194,
                    -0.4584658443927765,
                    0.8716822266578674
                ]
            ],
            [
                [
                    0.9575382471084595,
                    -0.24702255427837372,
                    -0.148662269115448
                ],
                [
                    0.2239334136247635,
                    0.962013304233551,
                    -0.1561540812253952
                ],
                [
                    0.18158869445323944,
                    0.11623304337263107,
                    0.9764811396598816
                ]
            ],
            [
                [
                    0.9621343612670898,
                    -0.26927047967910767,
                    0.042316921055316925
                ],
                [
                    0.2236906737089157,
                    0.8687208294868469,
                    0.4419122636318207
                ],
                [
                    -0.15575553476810455,
                    -0.4157131314277649,
                    0.8960594534873962
                ]
            ],
            [
                [
                    0.7863746285438538,
                    -0.6177057027816772,
                    -0.007383422926068306
                ],
                [
                    0.605146050453186,
                    0.7678733468055725,
                    0.21016348898410797
                ],
                [
                    -0.12414967268705368,
                    -0.16973529756069183,
                    0.9776382446289062
                ]
            ],
            [
                [
                    0.8887158036231995,
                    0.12005667388439178,
                    -0.4424598217010498
                ],
                [
                    -0.4337226152420044,
                    0.5328980684280396,
                    -0.7265703082084656
                ],
                [
                    0.14855636656284332,
                    0.8376193046569824,
                    0.5256662368774414
                ]
            ],
            [
                [
                    0.8535463809967041,
                    -0.33868882060050964,
                    -0.3959146738052368
                ],
                [
                    0.5057899355888367,
                    0.7210031151771545,
                    0.47363603115081787
                ],
                [
                    0.1250404715538025,
                    -0.6045199632644653,
                    0.786715030670166
                ]
            ],
            [
                [
                    0.7956121563911438,
                    -0.6041730046272278,
                    0.04445438086986542
                ],
                [
                    0.5712809562683105,
                    0.7238284349441528,
                    -0.38692420721054077
                ],
                [
                    0.2015918493270874,
                    0.33323758840560913,
                    0.9210392236709595
                ]
            ]
        ],
        "betas": [
            -0.14468863606452942,
            -0.088706374168396,
            -0.011655330657958984,
            -0.02820107340812683,
            0.11218613386154175,
            0.00033478066325187683,
            0.05488424003124237,
            -0.022297769784927368,
            -0.018035128712654114,
            -0.07281911373138428
        ]
    },
    "pred_cam_t": [
        -0.16535279154777527,
        -0.03182734549045563,
        6.948948383331299
    ],
    "focal_length": [
        5000.0,
        5000.0
    ],
    "pred_keypoints_3d": [
        [
            0.09644351899623871,
            0.0064513906836509705,
            0.0062415399588644505
        ],
        [
            0.12661336362361908,
            -0.017009014263749123,
            0.013450969010591507
        ],
        [
            0.15630897879600525,
            -0.025617802515625954,
            0.01104496419429779
        ],
        [
            0.18187230825424194,
            -0.020388593897223473,
            0.0031140176579356194
        ],
        [
            0.21302872896194458,
            -0.011370185762643814,
            0.014086119830608368
        ],
        [
            0.18162861466407776,
            -0.011084368452429771,
            -0.021737629547715187
        ],
        [
            0.21405136585235596,
            -0.017572954297065735,
            -0.024954624474048615
        ],
        [
            0.23526814579963684,
            -0.01791295036673546,
            -0.01795750856399536
        ],
        [
            0.25240954756736755,
            -0.016873689368367195,
            0.000217340886592865
        ],
        [
            0.18456606566905975,
            0.012751232832670212,
            -0.029980553314089775
        ],
        [
            0.21373647451400757,
            0.020017100498080254,
            -0.04071742668747902
        ],
        [
            0.2351488322019577,
            0.027087006717920303,
            -0.034315913915634155
        ],
        [
            0.25347036123275757,
            0.031217344105243683,
            -0.016886867582798004
        ],
        [
            0.1719202697277069,
            0.03599131107330322,
            -0.02483259327709675
        ],
        [
            0.19754156470298767,
            0.04704199731349945,
            -0.0330965556204319
        ],
        [
            0.21990935504436493,
            0.05686667561531067,
            -0.027867203578352928
        ],
        [
            0.2396693378686905,
            0.060496438294649124,
            -0.012388013303279877
        ],
        [
            0.1611139327287674,
            0.052847884595394135,
            -0.015676651149988174
        ],
        [
            0.1785036325454712,
            0.06515663117170334,
            -0.01607869379222393
        ],
        [
            0.1940053403377533,
            0.07581924647092819,
            -0.01262250728905201
        ],
        [
            0.21147724986076355,
            0.08247962594032288,
            -0.003085220232605934
        ]
    ],
    "pred_vertices": [
        [
            0.14909540116786957,
            -0.006233902182430029,
            0.0029250048100948334
        ],
        [
            0.1392005980014801,
            -0.005298626143485308,
            0.007843129336833954
        ],
        [
            0.14814212918281555,
            -0.0093850614503026,
            0.007071103900671005
        ],
        [
            0.15588772296905518,
            -0.01190103404223919,
            0.003044096753001213
        ],
        [
            0.14008556306362152,
            -0.00867488794028759,
            0.02505914866924286
        ],
        [
            0.13610176742076874,
            -0.01856529526412487,
            0.031308405101299286
        ],
        [
            0.153486967086792,
            -0.021651066839694977,
            0.026310931891202927
        ],
        [
            0.15424592792987823,
            -0.012055928818881512,
            0.022551730275154114
        ],
        [
            0.1610592007637024,
            -0.01644851639866829,
            0.0008353292942047119
        ],
        [
            0.1557527631521225,
            -0.012513658963143826,
            0.006676807999610901
        ],
        [
            0.1600971519947052,
            -0.018915880471467972,
            -0.0027685556560754776
        ],
        [
            0.16414602100849152,
            -0.02429557777941227,
            -0.012501608580350876
        ],
        [
            0.16613949835300446,
            -0.019944870844483376,
            -0.0063300058245658875
        ],
        [
            0.16941827535629272,
            -0.024341899901628494,
            -0.018179617822170258
        ],
        [
            0.15490148961544037,
            -0.0273226797580719,
            -0.017471006140112877
        ],
        [
            0.1651345193386078,
            -0.02249664068222046,
            -0.026234619319438934
        ],
        [
            0.14170391857624054,
            -0.005928623955696821,
            -0.028473667800426483
        ],
        [
            0.1374020129442215,
            0.007058304734528065,
            -0.028850369155406952
        ],
        [
            0.15280425548553467,
            0.009448263794183731,
            -0.03425349295139313
        ],
        [
            0.15624262392520905,
            -0.0036244704388082027,
            -0.03280620276927948
        ],
        [
            0.14307717978954315,
            0.026879070326685905,
            -0.028455186635255814
        ],
        [
            0.1492854207754135,
            0.017556995153427124,
            -0.03230075165629387
        ],
        [
            0.13333773612976074,
            0.015120718628168106,
            -0.027796810492873192
        ],
        [
            0.1286904513835907,
            0.023747337982058525,
            -0.024442706257104874
        ],
        [
            0.1401049643754959,
            0.0064167906530201435,
            0.003423888236284256
        ],
        [
            0.12997382879257202,
            0.006636705715209246,
            0.008645692840218544
        ],
        [
            0.13208571076393127,
            0.0014621003065258265,
            0.007769331336021423
        ],
        [
            0.14220844209194183,
            0.0013394025154411793,
            0.0032108984887599945
        ],
        [
            0.160221129655838,
            -0.024106383323669434,
            -0.002279270440340042
        ],
        [
            0.1511208415031433,
            -0.030961915850639343,
            -0.004160784184932709
        ],
        [
            0.15573368966579437,
            -0.02529848739504814,
            -0.006160734221339226
        ],
        [
            0.16196709871292114,
            -0.01923724263906479,
            -0.0005056802183389664
        ],
        [
            0.10832918435335159,
            0.015742089599370956,
            0.025439657270908356
        ],
        [
            0.09519901871681213,
            0.01235603354871273,
            0.02475172095000744
        ],
        [
            0.09608153998851776,
            0.006482532247900963,
            0.02451772801578045
        ],
        [
            0.107749804854393,
            0.010792826302349567,
            0.024831771850585938
        ],
        [
            0.10960754752159119,
            -0.01247128751128912,
            0.03005112148821354
        ],
        [
            0.09834478795528412,
            -0.011675207875669003,
            0.025455353781580925
        ],
        [
            0.09153656661510468,
            -0.022284064441919327,
            0.01976773887872696
        ],
        [
            0.1025329977273941,
            -0.025175606831908226,
            0.021277330815792084
        ],
        [
            0.1233041062951088,
            -0.015354741364717484,
            0.032113365828990936
        ],
        [
            0.11678968369960785,
            -0.027318943291902542,
            0.0274517685174942
        ],
        [
            0.1324823945760727,
            -0.02933434583246708,
            0.02852698229253292
        ],
        [
            0.15152955055236816,
            -0.030598953366279602,
            0.023689335212111473
        ],
        [
            0.09218290448188782,
            0.0247504822909832,
            0.022519830614328384
        ],
        [
            0.10145732015371323,
            0.029068876057863235,
            0.023218590766191483
        ],
        [
            0.2167525589466095,
            -0.020556580275297165,
            -0.01401679590344429
        ],
        [
            0.21826398372650146,
            -0.014826974831521511,
            -0.014287012629210949
        ],
        [
            0.21345260739326477,
            -0.014606726355850697,
            -0.014112566597759724
        ],
        [
            0.21284855902194977,
            -0.020288189873099327,
            -0.014261379837989807
        ],
        [
            0.09200197458267212,
            0.036073070019483566,
            0.005568569526076317
        ],
        [
            0.08955908566713333,
            0.03413712978363037,
            -0.004153784364461899
        ],
        [
            0.08329147100448608,
            0.03419554978609085,
            -0.00029885582625865936
        ],
        [
            0.08549032360315323,
            0.03406623378396034,
            0.008945323526859283
        ],
        [
            0.10070301592350006,
            0.03858783841133118,
            0.0012157373130321503
        ],
        [
            0.0985768660902977,
            0.0335974246263504,
            -0.008858848363161087
        ],
        [
            0.21904388070106506,
            -0.026221655309200287,
            -0.025365125387907028
        ],
        [
            0.21804817020893097,
            -0.026905309408903122,
            -0.02030734345316887
        ],
        [
            0.21335440874099731,
            -0.026703307405114174,
            -0.022256221622228622
        ],
        [
            0.2136988341808319,
            -0.025213349610567093,
            -0.027315808460116386
        ],
        [
            0.16407367587089539,
            -0.014114892110228539,
            -0.0018418952822685242
        ],
        [
            0.15894031524658203,
            -0.0065637375228106976,
            -0.00030962005257606506
        ],
        [
            0.18043534457683563,
            -0.01059878058731556,
            -0.009790953248739243
        ],
        [
            0.1715114712715149,
            -0.008496263064444065,
            -0.006770700216293335
        ],
        [
            0.17135584354400635,
            -0.015468113124370575,
            -0.007143950089812279
        ],
        [
            0.1780201941728592,
            -0.01689458265900612,
            -0.010517153888940811
        ],
        [
            0.16038063168525696,
            0.012387765571475029,
            -0.006445161998271942
        ],
        [
            0.14951467514038086,
            0.010729423724114895,
            -0.001906558871269226
        ],
        [
            0.15269911289215088,
            0.004938752856105566,
            -0.0025036465376615524
        ],
        [
            0.16531534492969513,
            0.005211569834500551,
            -0.00664895586669445
        ],
        [
            0.1456289142370224,
            0.024129146710038185,
            0.0011379588395357132
        ],
        [
            0.15653325617313385,
            0.02465950883924961,
            -0.003993291407823563
        ],
        [
            0.15318867564201355,
            0.03221575915813446,
            -0.0016178116202354431
        ],
        [
            0.1463070958852768,
            0.03056478314101696,
            0.0025030486285686493
        ],
        [
            0.1759844422340393,
            0.02280365489423275,
            -0.013807866722345352
        ],
        [
            0.18284988403320312,
            0.023526107892394066,
            -0.01942937821149826
        ],
        [
            0.18237091600894928,
            0.02720526233315468,
            -0.019505172967910767
        ],
        [
            0.17440927028656006,
            0.02606593258678913,
            -0.013834942132234573
        ],
        [
            0.0767359733581543,
            0.033681467175483704,
            0.0024812351912260056
        ],
        [
            0.07933015376329422,
            0.03126111626625061,
            0.01174941100180149
        ],
        [
            0.13567094504833221,
            0.04513154551386833,
            -0.01927190274000168
        ],
        [
            0.13254964351654053,
            0.05055297166109085,
            -0.009978009387850761
        ],
        [
            0.14344282448291779,
            0.05524115264415741,
            -0.01345694251358509
        ],
        [
            0.14388778805732727,
            0.04823843389749527,
            -0.02251124568283558
        ],
        [
            0.09000205248594284,
            0.027064628899097443,
            -0.011919084936380386
        ],
        [
            0.0828835666179657,
            0.029100187122821808,
            -0.00910584069788456
        ],
        [
            0.22060486674308777,
            -0.02188226766884327,
            -0.029563046991825104
        ],
        [
            0.21502840518951416,
            -0.020458001643419266,
            -0.03078373335301876
        ],
        [
            0.1252419799566269,
            -0.03595208376646042,
            0.018235046416521072
        ],
        [
            0.14808791875839233,
            -0.0366426482796669,
            0.017180796712636948
        ],
        [
            0.1083204373717308,
            -0.032016243785619736,
            0.014649823307991028
        ],
        [
            0.09723176807165146,
            -0.027995720505714417,
            0.01029621809720993
        ],
        [
            0.08781889081001282,
            -0.02637392282485962,
            0.008682122454047203
        ],
        [
            0.17442595958709717,
            -0.002055633347481489,
            -0.008402617648243904
        ],
        [
            0.15188799798488617,
            -0.000504567171446979,
            -1.0652467608451843e-05
        ],
        [
            0.13844314217567444,
            0.011218728497624397,
            0.004038995131850243
        ],
        [
            0.13501381874084473,
            0.04134271293878555,
            0.010669104754924774
        ],
        [
            0.12553319334983826,
            0.03934168815612793,
            0.015352986752986908
        ],
        [
            0.13148945569992065,
            0.030561476945877075,
            0.014028750360012054
        ],
        [
            0.13833478093147278,
            0.03411269187927246,
            0.009567229077219963
        ],
        [
            0.1356608271598816,
            0.05255260691046715,
            -0.0008163750171661377
        ],
        [
            0.1409653127193451,
            0.048919904977083206,
            0.003956753760576248
        ],
        [
            0.1491280198097229,
            0.05104712396860123,
            -5.801208317279816e-05
        ],
        [
            0.14507052302360535,
            0.05541640892624855,
            -0.004664590582251549
        ],
        [
            0.16068562865257263,
            -0.031203430145978928,
            -0.0008798465132713318
        ],
        [
            0.14781737327575684,
            -0.03616556525230408,
            -0.0006642267107963562
        ],
        [
            0.09542621672153473,
            0.034329891204833984,
            0.015559563413262367
        ],
        [
            0.08913765847682953,
            0.030143288895487785,
            0.017680436372756958
        ],
        [
            0.08111483603715897,
            0.027312006801366806,
            0.01826556771993637
        ],
        [
            0.11944162100553513,
            0.009911103174090385,
            0.018020926043391228
        ],
        [
            0.10740362852811813,
            0.007317177020013332,
            0.024684909731149673
        ],
        [
            0.1091771051287651,
            0.0032022162340581417,
            0.025371674448251724
        ],
        [
            0.11974653601646423,
            0.006759472656995058,
            0.01693275198340416
        ],
        [
            0.13231825828552246,
            -0.0027471454814076424,
            0.01595553383231163
        ],
        [
            0.12495307624340057,
            -0.004728073254227638,
            0.026838120073080063
        ],
        [
            0.1442154347896576,
            -0.005159400403499603,
            0.014274939894676208
        ],
        [
            0.09575649350881577,
            -0.001703591551631689,
            0.025008775293827057
        ],
        [
            0.08623792231082916,
            0.003948432393372059,
            0.02642100118100643
        ],
        [
            0.08677560091018677,
            -0.004938311874866486,
            0.025575784966349602
        ],
        [
            0.08438034355640411,
            0.013572489842772484,
            0.025238249450922012
        ],
        [
            0.08264574408531189,
            0.02200677990913391,
            0.022693097591400146
        ],
        [
            0.07436398416757584,
            0.030120721086859703,
            -0.008815765380859375
        ],
        [
            0.08773133158683777,
            -0.012898742221295834,
            0.023158861324191093
        ],
        [
            0.16245977580547333,
            -0.015722159296274185,
            0.01971978321671486
        ],
        [
            0.16865801811218262,
            -0.01767769269645214,
            0.016809556633234024
        ],
        [
            0.16624292731285095,
            -0.012887409888207912,
            0.011608889326453209
        ],
        [
            0.160897359251976,
            -0.011785106733441353,
            0.012976059690117836
        ],
        [
            0.17631612718105316,
            -0.023564398288726807,
            -0.022835534065961838
        ],
        [
            0.1780540496110916,
            -0.021505480632185936,
            -0.015128702856600285
        ],
        [
            0.17039087414741516,
            -0.022146020084619522,
            -0.01096261665225029
        ],
        [
            0.1172880306839943,
            0.022552793845534325,
            0.022012993693351746
        ],
        [
            0.11109443008899689,
            0.033544715493917465,
            0.020567934960126877
        ],
        [
            0.18379294872283936,
            -0.00504226703196764,
            -0.012224558740854263
        ],
        [
            0.20887121558189392,
            -0.024306457489728928,
            -0.02906087413430214
        ],
        [
            0.20831961929798126,
            -0.026248175650835037,
            -0.023588452488183975
        ],
        [
            0.19019730389118195,
            -0.024070603772997856,
            -0.023658305406570435
        ],
        [
            0.1914261430501938,
            -0.02193218097090721,
            -0.030069684609770775
        ],
        [
            0.19157209992408752,
            -0.0026065916754305363,
            -0.02061716467142105
        ],
        [
            0.18898656964302063,
            -0.005838897079229355,
            -0.014812102541327477
        ],
        [
            0.19184507429599762,
            -0.006531075574457645,
            -0.01640981063246727
        ],
        [
            0.19569391012191772,
            -0.0033245887607336044,
            -0.02054678089916706
        ],
        [
            0.1764669567346573,
            0.03399397060275078,
            -0.016480745747685432
        ],
        [
            0.1701287180185318,
            0.033192478120326996,
            -0.011657451279461384
        ],
        [
            0.1722242683172226,
            -9.561586193740368e-05,
            -0.03436233475804329
        ],
        [
            0.17068761587142944,
            -0.0139418700709939,
            -0.035680487751960754
        ],
        [
            0.15917503833770752,
            -0.0152015071362257,
            -0.03147100284695625
        ],
        [
            0.1573023647069931,
            0.019132748246192932,
            -0.005123712122440338
        ],
        [
            0.1670871526002884,
            0.021522369235754013,
            -0.009137708693742752
        ],
        [
            0.1657831221818924,
            0.025469930842518806,
            -0.008798807859420776
        ],
        [
            0.17726732790470123,
            0.001383781898766756,
            -0.010719340294599533
        ],
        [
            0.18515025079250336,
            0.0002260188339278102,
            -0.014907962642610073
        ],
        [
            0.1809750646352768,
            0.004595145117491484,
            -0.014219304546713829
        ],
        [
            0.17389202117919922,
            0.005779213737696409,
            -0.010437242686748505
        ],
        [
            0.12035702168941498,
            0.046853091567754745,
            -0.006972631439566612
        ],
        [
            0.12388639152050018,
            0.049511395394802094,
            0.0038490314036607742
        ],
        [
            0.21696652472019196,
            -0.024855131283402443,
            -0.01619587652385235
        ],
        [
            0.21276956796646118,
            -0.024731909856200218,
            -0.017342617735266685
        ],
        [
            0.14669768512248993,
            0.017350750043988228,
            -0.0007019005715847015
        ],
        [
            0.14592638611793518,
            -0.01631585881114006,
            -0.02550201490521431
        ],
        [
            0.13671749830245972,
            0.016394713893532753,
            0.005077974870800972
        ],
        [
            0.16048668324947357,
            0.03954117372632027,
            -0.02778501994907856
        ],
        [
            0.16399163007736206,
            0.04386015608906746,
            -0.022109491750597954
        ],
        [
            0.1693800985813141,
            0.043010253459215164,
            -0.02455480769276619
        ],
        [
            0.16787932813167572,
            0.04101007804274559,
            -0.030369438230991364
        ],
        [
            0.21067515015602112,
            -0.005731415003538132,
            -0.022048156708478928
        ],
        [
            0.21047459542751312,
            -0.008243919350206852,
            -0.01684596762061119
        ],
        [
            0.2147720754146576,
            -0.009181289002299309,
            -0.016958260908722878
        ],
        [
            0.2157025933265686,
            -0.006922783795744181,
            -0.022265156731009483
        ],
        [
            0.18671442568302155,
            -0.010837893933057785,
            -0.012482164427638054
        ],
        [
            0.18445107340812683,
            -0.016891062259674072,
            -0.01258576288819313
        ],
        [
            0.19018182158470154,
            -0.017025485634803772,
            -0.013674180954694748
        ],
        [
            0.19143572449684143,
            -0.011229005642235279,
            -0.014377455227077007
        ],
        [
            0.18410839140415192,
            -0.02173711732029915,
            -0.01730986312031746
        ],
        [
            0.18949821591377258,
            -0.022198893129825592,
            -0.017595209181308746
        ],
        [
            0.21067212522029877,
            -0.0071310559287667274,
            -0.028452225029468536
        ],
        [
            0.21020375192165375,
            -0.01302601583302021,
            -0.03321223706007004
        ],
        [
            0.19482126832008362,
            -0.00917094387114048,
            -0.033597104251384735
        ],
        [
            0.19780166447162628,
            -0.004842853173613548,
            -0.0276590995490551
        ],
        [
            0.11430783569812775,
            0.020462628453969955,
            -0.021408258005976677
        ],
        [
            0.11157602816820145,
            0.030552785843610764,
            -0.0172208733856678
        ],
        [
            0.12578842043876648,
            0.03411399945616722,
            -0.02020627073943615
        ],
        [
            0.13904374837875366,
            0.037991952151060104,
            -0.02382991835474968
        ],
        [
            0.1522030383348465,
            0.04054656997323036,
            -0.026133127510547638
        ],
        [
            0.15452241897583008,
            0.03023582696914673,
            -0.032655175775289536
        ],
        [
            0.122825488448143,
            0.040621448308229446,
            -0.016179513186216354
        ],
        [
            0.1847119927406311,
            0.0019488275283947587,
            -0.02885458990931511
        ],
        [
            0.18220150470733643,
            -0.005467288661748171,
            -0.03325221687555313
        ],
        [
            0.17903952300548553,
            0.0013418751768767834,
            -0.03330260142683983
        ],
        [
            0.13586090505123138,
            0.023401321843266487,
            0.007680870592594147
        ],
        [
            0.20785050094127655,
            -0.02489466778934002,
            -0.018376776948571205
        ],
        [
            0.09129858016967773,
            -0.01628676801919937,
            -0.011200249195098877
        ],
        [
            0.08866207301616669,
            -0.0037610982544720173,
            -0.016385987401008606
        ],
        [
            0.09729593992233276,
            -0.004997774958610535,
            -0.017593488097190857
        ],
        [
            0.10063964873552322,
            -0.01904553920030594,
            -0.010688657872378826
        ],
        [
            0.20913168787956238,
            -0.014139643870294094,
            -0.013567544519901276
        ],
        [
            0.20811957120895386,
            -0.0204169899225235,
            -0.013837745413184166
        ],
        [
            0.16913621127605438,
            0.03992292284965515,
            -0.01161234825849533
        ],
        [
            0.17411012947559357,
            0.03941270336508751,
            -0.016456840559840202
        ],
        [
            0.17334102094173431,
            0.04261539876461029,
            -0.018991347402334213
        ],
        [
            0.16971148550510406,
            0.045881275087594986,
            -0.013315320946276188
        ],
        [
            0.10922258347272873,
            0.03499682620167732,
            -0.01392380055040121
        ],
        [
            0.15012745559215546,
            0.05804958567023277,
            -0.015202407725155354
        ],
        [
            0.1505042016506195,
            0.052029870450496674,
            -0.023451324552297592
        ],
        [
            0.0991879403591156,
            0.026992836967110634,
            -0.014640888199210167
        ],
        [
            0.10120736062526703,
            0.018268324434757233,
            -0.018844760954380035
        ],
        [
            0.09166239202022552,
            0.017252011224627495,
            -0.016829295083880424
        ],
        [
            0.16604477167129517,
            0.01991870068013668,
            -0.03553353250026703
        ],
        [
            0.11856033653020859,
            0.013282113708555698,
            -0.024139976128935814
        ],
        [
            0.10453197360038757,
            0.011463092640042305,
            -0.020569706335663795
        ],
        [
            0.09326424449682236,
            0.009918920695781708,
            -0.01826210506260395
        ],
        [
            0.08493886888027191,
            0.009566644206643105,
            -0.017087921500205994
        ],
        [
            0.08406642079353333,
            0.017624640837311745,
            -0.015517349354922771
        ],
        [
            0.2098483145236969,
            -0.01890510506927967,
            -0.03233340382575989
        ],
        [
            0.2163412868976593,
            -0.013986604288220406,
            -0.03214000165462494
        ],
        [
            0.07492747902870178,
            0.018457619473338127,
            -0.015555758960545063
        ],
        [
            0.07644963264465332,
            0.009263609535992146,
            -0.01668008603155613
        ],
        [
            0.10793456435203552,
            0.0028372593224048615,
            -0.02141617238521576
        ],
        [
            0.11213336884975433,
            -0.00807366706430912,
            -0.020417345687747
        ],
        [
            0.12145482748746872,
            0.004957275930792093,
            -0.02457127533853054
        ],
        [
            0.1267079859972,
            -0.005498857237398624,
            -0.024388251826167107
        ],
        [
            0.1640038937330246,
            0.010019512847065926,
            -0.038226380944252014
        ],
        [
            0.23345857858657837,
            -0.01268039084970951,
            -0.025596054270863533
        ],
        [
            0.22271597385406494,
            -0.010342512279748917,
            -0.028153730556368828
        ],
        [
            0.22139424085617065,
            -0.008170390501618385,
            -0.022856829687952995
        ],
        [
            0.23251143097877502,
            -0.00980147160589695,
            -0.022496119141578674
        ],
        [
            0.21624191105365753,
            -0.00843822956085205,
            -0.02803586609661579
        ],
        [
            0.22199387848377228,
            -0.015415770933032036,
            -0.030860669910907745
        ],
        [
            0.1316385567188263,
            -0.018915697932243347,
            -0.019279319792985916
        ],
        [
            0.18740017712116241,
            0.0042857034131884575,
            -0.019676482304930687
        ],
        [
            0.1171860620379448,
            -0.023692991584539413,
            -0.010810934007167816
        ],
        [
            0.1421637088060379,
            -0.030550245195627213,
            -0.013947608880698681
        ],
        [
            0.13302573561668396,
            -0.033904798328876495,
            -0.005073294043540955
        ],
        [
            0.10405737906694412,
            -0.029247459024190903,
            -0.00027369894087314606
        ],
        [
            0.12017883360385895,
            -0.03611047938466072,
            0.004427783191204071
        ],
        [
            0.08580955117940903,
            -0.023390645161271095,
            -0.002264179289340973
        ],
        [
            0.09478229284286499,
