{
    "pred_cam": [
        6.4451799392700195,
        -0.16939795017242432,
        -0.029109038412570953
    ],
    "pred_mano_params": {
        "global_orient": [
            [
                [
                    -0.9313903450965881,
                    -0.35539934039115906,
                    0.07876121997833252
                ],
                [
                    -0.02253199927508831,
                    -0.15966399013996124,
                    -0.9869142174720764
                ],
                [
                    0.36332404613494873,
                    -0.920976996421814,
                    0.14070163667201996
                ]
            ]
        ],
        "hand_pose": [
            [
                [
                    0.8868160843849182,
                    -0.40247270464897156,
                    0.22709709405899048
                ],
                [
                    0.4243159294128418,
                    0.9038339257240295,
                    -0.055138032883405685
                ],
                [
                    -0.1830665022134781,
                    0.14525820314884186,
                    0.9723100662231445
                ]
            ],
            [
                [
                    0.954439640045166,
                    -0.2927604913711548,
                    0.05776023492217064
                ],
                [
                    0.2984026372432709,
                    0.9369713068008423,
                    -0.18177098035812378
                ],
                [
                    -0.0009043198078870773,
                    0.19072523713111877,
                    0.9816430807113647
                ]
            ],
            [
                [
                    0.7965425848960876,
                    -0.5893601775169373,
                    0.1348126083612442
                ],
                [
                    0.569443941116333,
                    0.8062694072723389,
                    0.1601978838443756
                ],
                [
                    -0.2031095176935196,
                    -0.0508362241089344,
                    0.977835476398468
                ]
            ],
            [
                [
                    0.9821482300758362,
                    -0.188028484582901,
                    -0.0054867747239768505
                ],
                [
                    0.18714669346809387,
                    0.9796565771102905,
                    -0.07245134562253952
                ],
                [
                    0.018998069688677788,
                    0.07013113051652908,
                    0.9973568916320801
                ]
            ],
            [
                [
                    0.8688827753067017,
                    -0.47406014800071716,
                    -0.14251214265823364
                ],
                [
                    0.49500802159309387,
                    0.8302608728408813,
                    0.25619110465049744
                ],
                [
                    -0.00312772742472589,
                    -0.29314470291137695,
                    0.9560629725456238
                ]
            ],
            [
                [
                    0.7626746296882629,
                    -0.643568754196167,
                    0.06439462304115295
                ],
                [
                    0.645213782787323,
                    0.7639744877815247,
                    -0.0064938124269247055
                ],
                [
                    -0.04501663148403168,
                    0.04650096967816353,
                    0.9979034066200256
                ]
            ],
            [
                [
                    0.9029325246810913,
                    -0.4273805320262909,
                    0.045373741537332535
                ],
                [
                    0.42579445242881775,
                    0.903903603553772,
                    0.04071027413010597
                ],
                [
                    -0.05841226875782013,
                    -0.017438743263483047,
                    0.9981402158737183
                ]
            ],
            [
                [
                    0.991411566734314,
                    -0.13077600300312042,
                    0.0008451722096651793
                ],
                [
                    0.13046780228614807,
                    0.9894793033599854,
                    0.06251976639032364
                ],
                [
                    -0.009012363851070404,
                    -0.06187254935503006,
                    0.9980432987213135
                ]
            ],
            [
                [
                    0.9717357754707336,
                    -0.21358244121074677,
                    0.10055883228778839
                ],
                [
                    0.13669946789741516,
                    0.8563761711120605,
                    0.4979289174079895
                ],
                [
                    -0.19246505200862885,
                    -0.4701090455055237,
                    0.86136794090271
                ]
            ],
            [
                [
                    0.9539551734924316,
                    -0.24190618097782135,
                    -0.17734390497207642
                ],
                [
                    0.21505685150623322,
                    0.9637669920921326,
                    -0.1578095257282257
                ],
                [
                    0.20909327268600464,
                    0.11240420490503311,
                    0.9714140892028809
                ]
            ],
            [
                [
                    0.9532293677330017,
                    -0.2996833920478821,
                    0.039288681000471115
                ],
                [
                    0.25213268399238586,
                    0.8601147532463074,
                    0.44343167543411255
                ],
                [
                    -0.1666819006204605,
                    -0.4127861559391022,
                    0.8954465985298157
                ]
            ],
            [
                [
                    0.7690337896347046,
                    -0.6391215324401855,
                    -0.010520528070628643
                ],
                [
                    0.6252849102020264,
                    0.7487643361091614,
                    0.2199336439371109
                ],
                [
                    -0.13268692791461945,
                    -0.17571473121643066,
                    0.9754581451416016
                ]
            ],
            [
                [
                    0.914737343788147,
                    0.0715809091925621,
                    -0.39765769243240356
                ],
                [
                    -0.3688419759273529,
                    0.5497375726699829,
                    -0.7494959235191345
                ],
                [
                    0.16495777666568756,
                    0.8322648406028748,
                    0.5292675495147705
                ]
            ],
            [
                [
                    0.8682395815849304,
                    -0.34487441182136536,
                    -0.35668131709098816
                ],
                [
                    0.48966625332832336,
                    0.7114391326904297,
                    0.5040648579597473
                ],
                [
                    0.07991791516542435,
                    -0.6123039722442627,
                    0.7865729928016663
                ]
            ],
            [
                [
                    0.9075450897216797,
                    -0.4106382727622986,
                    0.08796624839305878
                ],
                [
                    0.414829283952713,
                    0.8439560532569885,
                    -0.3400806188583374
                ],
                [
                    0.06541047990322113,
                    0.34512948989868164,
                    0.9362729787826538
                ]
            ]
        ],
        "betas": [
            -0.12559077143669128,
            -0.08470675349235535,
            0.0019829273223876953,
            -0.03911253809928894,
            0.09334596991539001,
            -0.005322199314832687,
            0.048004478216171265,
            -0.03487852215766907,
            0.0009557157754898071,
            -0.06379339098930359
        ]
    },
    "pred_cam_t": [
        -0.16939795017242432,
        -0.029109038412570953,
        6.060730934143066
    ],
    "focal_length": [
        5000.0,
        5000.0
    ],
    "pred_keypoints_3d": [
        [
            0.09632952511310577,
            0.006438968703150749,
            0.006238921545445919
        ],
        [
            0.12648800015449524,
            -0.01622125506401062,
            0.015469236299395561
        ],
        [
            0.15645240247249603,
            -0.024007122963666916,
            0.016204673796892166
        ],
        [
            0.18284383416175842,
            -0.019476016983389854,
            0.01119619607925415
        ],
        [
            0.21595782041549683,
            -0.014020247384905815,
            0.0205617044121027
        ],
        [
            0.18242430686950684,
            -0.011261390522122383,
            -0.018233686685562134
        ],
        [
            0.21500615775585175,
            -0.017568908631801605,
            -0.018334293738007545
        ],
        [
            0.2352275550365448,
            -0.01695478893816471,
            -0.008903351612389088
        ],
        [
            0.24849560856819153,
            -0.014661405235528946,
            0.011983077973127365
        ],
        [
            0.18534846603870392,
            0.012171663343906403,
            -0.027503356337547302
        ],
        [
            0.215150386095047,
            0.019430112093687057,
            -0.03626793622970581
        ],
        [
            0.23549777269363403,
            0.027025680989027023,
            -0.027501067146658897
        ],
        [
            0.25089114904403687,
            0.03127220273017883,
            -0.007575474679470062
        ],
        [
            0.1722966581583023,
            0.03544606640934944,
            -0.02385229617357254
        ],
        [
            0.19760912656784058,
            0.04712116718292236,
            -0.03209439292550087
        ],
        [
            0.2193397730588913,
            0.0578535795211792,
            -0.0261366069316864
        ],
        [
            0.23777692019939423,
            0.062249455600976944,
            -0.0093681700527668
        ],
        [
            0.161025732755661,
            0.052560023963451385,
            -0.015849679708480835
        ],
        [
            0.17787551879882812,
            0.06557182222604752,
            -0.01614059880375862
        ],
        [
            0.19313670694828033,
            0.07656878232955933,
            -0.012785336934030056
        ],
        [
            0.21037201583385468,
            0.08334463834762573,
            -0.002973855473101139
        ]
    ],
    "pred_vertices": [
        [
            0.14937545359134674,
            -0.005552542395889759,
            0.0053198616951704025
        ],
        [
            0.13940052688121796,
            -0.004445359576493502,
            0.010030906647443771
        ],
        [
            0.14841359853744507,
            -0.008275097236037254,
            0.010364525020122528
        ],
        [
            0.1563224494457245,
            -0.010995905846357346,
            0.006221204996109009
        ],
        [
            0.13867931067943573,
            -0.00716150738298893,
            0.02804134413599968
        ],
        [
            0.13440902531147003,
            -0.016890505328774452,
            0.03426164761185646
        ],
        [
            0.1520315408706665,
            -0.019715938717126846,
            0.0309978686273098
        ],
        [
            0.15297207236289978,
            -0.010242903605103493,
            0.02709256112575531
        ],
        [
            0.1617645025253296,
            -0.015441055409610271,
            0.004835527390241623
        ],
        [
            0.15608318150043488,
            -0.011200550943613052,
            0.010860990732908249
        ],
        [
            0.16130906343460083,
            -0.017981665208935738,
            0.0017757322639226913
        ],
        [
            0.1653912216424942,
            -0.023951278999447823,
            -0.008381085470318794
        ],
        [
            0.16692420840263367,
            -0.019363578408956528,
            -0.002515047788619995
        ],
        [
            0.1705729067325592,
            -0.024324996396899223,
            -0.01418067142367363
        ],
        [
            0.15639850497245789,
            -0.02733525075018406,
            -0.013649393804371357
        ],
        [
            0.1666277050971985,
            -0.022963164374232292,
            -0.02257578819990158
        ],
        [
            0.14281557500362396,
            -0.0069303507916629314,
            -0.026441797614097595
        ],
        [
            0.13830555975437164,
            0.005934157408773899,
            -0.027555862441658974
        ],
        [
            0.15386277437210083,
            0.008274590596556664,
            -0.032660745084285736
        ],
        [
            0.15745706856250763,
            -0.004650994669646025,
            -0.030502207577228546
        ],
        [
            0.1437244564294815,
            0.025796940550208092,
            -0.027904070913791656
        ],
        [
            0.15017040073871613,
            0.01640233024954796,
            -0.03114212676882744
        ],
        [
            0.13411493599414825,
            0.013973329216241837,
            -0.02699565887451172
        ],
        [
            0.1292698234319687,
            0.022678054869174957,
            -0.024191945791244507
        ],
        [
            0.1400371938943863,
            0.0068632811307907104,
            0.004763597622513771
        ],
        [
            0.12983012199401855,
            0.0072172414511442184,
            0.009610766544938087
        ],
        [
            0.13214229047298431,
            0.0020930995233356953,
            0.009059831500053406
        ],
        [
            0.14227834343910217,
            0.001846556318923831,
            0.004873119294643402
        ],
        [
            0.16194412112236023,
            -0.023187868297100067,
            0.003324592486023903
        ],
        [
            0.15248361229896545,
            -0.03020668774843216,
            0.0003001764416694641
        ],
        [
            0.1572420448064804,
            -0.02454284578561783,
            -0.0016347486525774002
        ],
        [
            0.16351686418056488,
            -0.018177000805735588,
            0.00508982315659523
        ],
        [
            0.10750030726194382,
            0.016766035929322243,
            0.02530808560550213
        ],
        [
            0.09444758296012878,
            0.013185679912567139,
            0.024372810497879982
        ],
        [
            0.09539133310317993,
            0.007316963281482458,
            0.02442675456404686
        ],
        [
            0.10698442906141281,
            0.011778504587709904,
            0.02487637847661972
        ],
        [
            0.10853772610425949,
            -0.011243963614106178,
            0.03104328364133835
        ],
        [
            0.09767819195985794,
            -0.010792828164994717,
            0.026141218841075897
        ],
        [
            0.09124847501516342,
            -0.021704116836190224,
            0.02082129940390587
        ],
        [
            0.10209149122238159,
            -0.024370569735765457,
            0.02274949476122856
        ],
        [
            0.12181039154529572,
            -0.013881690800189972,
            0.0339621976017952
        ],
        [
            0.11583387106657028,
            -0.026055561378598213,
            0.029505910351872444
        ],
        [
            0.13114261627197266,
            -0.02777153253555298,
            0.03157321363687515
        ],
        [
            0.15041430294513702,
            -0.028724944218993187,
            0.028505250811576843
        ],
        [
            0.09136981517076492,
            0.025407712906599045,
            0.021463435143232346
        ],
        [
            0.10055659711360931,
            0.02986770123243332,
            0.02224535122513771
        ],
        [
            0.21648868918418884,
            -0.019857829436659813,
            -0.006939668208360672
        ],
        [
            0.21791675686836243,
            -0.014106332324445248,
            -0.007360471412539482
        ],
        [
            0.2132379412651062,
            -0.013969596475362778,
            -0.007655691355466843
        ],
        [
            0.21271514892578125,
            -0.019666364416480064,
            -0.007571084424853325
        ],
        [
            0.0915747731924057,
            0.03590415418148041,
            0.004018478095531464
        ],
        [
            0.08946063369512558,
            0.033476974815130234,
            -0.005660125985741615
        ],
        [
            0.08308739960193634,
            0.033638712018728256,
            -0.0020093657076358795
        ],
        [
            0.08499559760093689,
            0.03398137539625168,
            0.007284112274646759
        ],
        [
            0.10036997497081757,
            0.03830806538462639,
            -0.0001796763390302658
        ],
        [
            0.09861323237419128,
            0.032832205295562744,
            -0.01005183719098568
        ],
        [
            0.22015108168125153,
            -0.026078063994646072,
            -0.0176275372505188
        ],
        [
            0.21860773861408234,
            -0.026509396731853485,
            -0.012677270919084549
        ],
        [
            0.2141447812318802,
            -0.026505110785365105,
            -0.01512119174003601
        ],
        [
            0.21500542759895325,
            -0.025294624269008636,
            -0.02019493654370308
        ],
        [
            0.16448652744293213,
            -0.013457413762807846,
            0.0014041028916835785
        ],
        [
            0.15915998816490173,
            -0.005979899782687426,
            0.0023042988032102585
        ],
        [
            0.180597186088562,
            -0.010115275159478188,
            -0.0063286349177360535
        ],
        [
            0.1718120574951172,
            -0.00807981938123703,
            -0.0037421509623527527
        ],
        [
            0.17175397276878357,
            -0.015004811808466911,
            -0.0037621036171913147
        ],
        [
            0.17833109200000763,
            -0.016453830525279045,
            -0.006809180602431297
        ],
        [
            0.16046743094921112,
            0.01260496024042368,
            -0.00474388524889946
        ],
        [
            0.1495043933391571,
            0.011022373102605343,
            -0.00046842359006404877
        ],
        [
            0.15278179943561554,
            0.005262639373540878,
            -0.0006932206451892853
        ],
        [
            0.16547419130802155,
            0.0054978677071630955,
            -0.004455680027604103
        ],
        [
            0.14538182318210602,
            0.02448393777012825,
            0.0018139556050300598
        ],
        [
            0.156418576836586,
            0.024913430213928223,
            -0.002993699163198471
        ],
        [
            0.15291880071163177,
            0.032519515603780746,
            -0.0010860860347747803
        ],
        [
            0.1459425687789917,
            0.030976224690675735,
            0.0028938371688127518
        ],
        [
            0.1761176437139511,
            0.022836733609437943,
            -0.012108905240893364
        ],
        [
            0.18312129378318787,
            0.0233920868486166,
            -0.017416751012206078
        ],
        [
            0.18279647827148438,
            0.027166353538632393,
            -0.017828572541475296
        ],
        [
            0.17459014058113098,
            0.026084203273057938,
            -0.01233394630253315
        ],
        [
            0.07646629214286804,
            0.033173974603414536,
            0.0005867667496204376
        ],
        [
            0.07879386842250824,
            0.03123614564538002,
            0.01002298854291439
        ],
        [
            0.13581770658493042,
            0.044335655868053436,
            -0.019817370921373367
        ],
        [
            0.13235631585121155,
            0.050120994448661804,
            -0.010899612680077553
        ],
        [
            0.14323967695236206,
            0.054760657250881195,
            -0.014190733432769775
        ],
        [
            0.14406657218933105,
            0.047384217381477356,
            -0.02290908619761467
        ],
        [
            0.09022530913352966,
            0.02605765499174595,
            -0.013050585053861141
        ],
        [
            0.08301195502281189,
            0.02812986448407173,
            -0.010560763999819756
        ],
        [
            0.22207775712013245,
            -0.02193886786699295,
            -0.02187858521938324
        ],
        [
            0.2166525423526764,
            -0.020722374320030212,
            -0.02378144860267639
        ],
        [
            0.1248394176363945,
            -0.03491067513823509,
            0.021019063889980316
        ],
        [
            0.14771398901939392,
            -0.03504744544625282,
            0.0218768659979105
        ],
        [
            0.1081477627158165,
            -0.03147739917039871,
            0.016510890796780586
        ],
        [
            0.09729187190532684,
            -0.02781412936747074,
            0.011704307049512863
        ],
        [
            0.08799032121896744,
            -0.02635904960334301,
            0.009844254702329636
        ],
        [
            0.17464758455753326,
            -0.001700432039797306,
            -0.005611922591924667
        ],
        [
            0.1520046591758728,
            -3.973388811573386e-05,
            0.002047330141067505
        ],
        [
            0.13827849924564362,
            0.011652366258203983,
            0.005101900547742844
        ],
        [
            0.13428790867328644,
            0.04195922985672951,
            0.010181799530982971
        ],
        [
            0.12470544874668121,
            0.040057357400655746,
            0.01465543918311596
        ],
        [
            0.13079221546649933,
            0.03131734952330589,
            0.013933619484305382
        ],
        [
            0.13772200047969818,
            0.03474130854010582,
            0.00952569954097271
        ],
        [
            0.13515517115592957,
            0.052590154111385345,
            -0.0017595384269952774
        ],
        [
            0.14034391939640045,
            0.04926902800798416,
            0.0033287107944488525
        ],
        [
            0.14857909083366394,
            0.05128134787082672,
            -0.0004844982177019119
        ],
        [
            0.14460425078868866,
            0.055359646677970886,
            -0.005385259166359901
        ],
        [
            0.16224828362464905,
            -0.030266039073467255,
            0.0051138997077941895
        ],
        [
            0.1489199548959732,
            -0.03533630073070526,
            0.0038353968411684036
        ],
        [
            0.09470736235380173,
            0.03467927500605583,
            0.014167016372084618
        ],
        [
            0.08841592073440552,
            0.030523914843797684,
            0.016287900507450104
        ],
        [
            0.08041783422231674,
            0.027625810354948044,
            0.016761118546128273
        ],
        [
            0.11891615390777588,
            0.010747675783932209,
            0.01844649948179722
        ],
        [
            0.10666090250015259,
            0.008285891264677048,
            0.024832647293806076
        ],
        [
            0.10839758068323135,
            0.004221318289637566,
            0.025674832984805107
        ],
        [
            0.11931872367858887,
            0.007566985208541155,
            0.017447303980588913
        ],
        [
            0.1318516731262207,
            -0.0016983551904559135,
            0.017867427319288254
        ],
        [
            0.12376556545495987,
            -0.00343305803835392,
            0.028291769325733185
        ],
        [
            0.14369075000286102,
            -0.0038582030683755875,
            0.017560802400112152
        ],
        [
            0.09510242193937302,
            -0.0008581391302868724,
            0.025227000936865807
        ],
        [
            0.08553848415613174,
            0.004752781242132187,
            0.026154326274991035
        ],
        [
            0.08618894964456558,
            -0.004157048184424639,
            0.025729620829224586
        ],
        [
            0.08361512422561646,
            0.014280126430094242,
            0.024467315524816513
        ],
        [
            0.08187268674373627,
            0.02255626767873764,
            0.02147415280342102
        ],
        [
            0.07449205964803696,
            0.029052000492811203,
            -0.010581554844975471
        ],
        [
            0.08729998022317886,
            -0.012208777479827404,
            0.023718178272247314
        ],
        [
            0.16167475283145905,
            -0.013869807124137878,
            0.025234995409846306
        ],
        [
            0.1684829443693161,
            -0.01596759259700775,
            0.02307109348475933
        ],
        [
            0.16670632362365723,
            -0.011419774033129215,
            0.01747678592801094
        ],
        [
            0.16081538796424866,
            -0.010110688395798206,
            0.01826084405183792
        ],
        [
            0.17741763591766357,
            -0.023732071742415428,
            -0.01863471046090126
        ],
        [
            0.17866948246955872,
            -0.02124941349029541,
            -0.011041242629289627
        ],
        [
            0.17113718390464783,
            -0.021793976426124573,
            -0.007125507108867168
        ],
        [
            0.1164672002196312,
            0.02351555787026882,
            0.021846827119588852
        ],
        [
            0.11020085215568542,
            0.03433404117822647,
            0.01968425139784813
        ],
        [
            0.18397286534309387,
            -0.004647408612072468,
            -0.00884177815169096
        ],
        [
            0.21024546027183533,
            -0.024545865133404732,
            -0.022372476756572723
        ],
        [
            0.20917952060699463,
            -0.026187114417552948,
            -0.016870073974132538
        ],
        [
            0.19096751511096954,
            -0.024182794615626335,
            -0.018465129658579826
        ],
        [
            0.19270282983779907,
            -0.022395258769392967,
            -0.02489466220140457
        ],
        [
            0.19208450615406036,
            -0.0025557279586791992,
            -0.01676076091825962
        ],
        [
            0.18915778398513794,
            -0.005474986042827368,
            -0.010940724983811378
        ],
        [
            0.1920371800661087,
            -0.006210644263774157,
            -0.012216099537909031
        ],
        [
            0.19617511332035065,
            -0.0031946056988090277,
            -0.01623392477631569
        ],
        [
            0.17668062448501587,
            0.03394293785095215,
            -0.015320474281907082
        ],
        [
            0.17018094658851624,
            0.03321995958685875,
            -0.010623793117702007
        ],
        [
            0.173430398106575,
            -0.0010020285844802856,
            -0.03176729753613472
        ],
        [
            0.17227505147457123,
            -0.014938868582248688,
            -0.03248070925474167
        ],
        [
            0.1606595516204834,
            -0.016076913103461266,
            -0.02847934700548649
        ],
        [
            0.1572805643081665,
            0.01935683563351631,
            -0.00383896566927433
        ],
        [
            0.16714118421077728,
            0.021675463765859604,
            -0.007658686488866806
        ],
        [
            0.16580134630203247,
            0.025611281394958496,
            -0.00754009373486042
        ],
        [
            0.17751449346542358,
            0.0016557121416553855,
            -0.007971667684614658
        ],
        [
            0.18545083701610565,
            0.00044703390449285507,
            -0.011733118444681168
        ],
        [
            0.18126437067985535,
            0.004717972129583359,
            -0.01145784743130207
        ],
        [
            0.17412427067756653,
            0.0059929718263447285,
            -0.007993703708052635
        ],
        [
            0.12014081329107285,
            0.046420659869909286,
            -0.008122770115733147
        ],
        [
            0.12329916656017303,
            0.04962834715843201,
            0.002643842250108719
        ],
        [
            0.21702943742275238,
            -0.024261053651571274,
            -0.00883765984326601
        ],
        [
            0.21302160620689392,
            -0.024279551580548286,
            -0.010400773957371712
        ],
        [
            0.14658115804195404,
            0.017649468034505844,
            0.0003312528133392334
        ],
        [
            0.1472572237253189,
            -0.017031416296958923,
            -0.0228224229067564
        ],
        [
            0.13646171987056732,
            0.01683778129518032,
            0.0058428384363651276
        ],
        [
            0.16089849174022675,
            0.038663484156131744,
            -0.02727256715297699
        ],
        [
            0.16418087482452393,
            0.04334225878119469,
            -0.02168218418955803
        ],
        [
            0.16955210268497467,
            0.04245110601186752,
            -0.02396724745631218
        ],
        [
            0.16822755336761475,
            0.0401463620364666,
            -0.029721509665250778
        ],
        [
            0.2112215906381607,
            -0.005571397952735424,
            -0.01628616265952587
        ],
        [
            0.21055720746517181,
            -0.007784951478242874,
            -0.01098218746483326
        ],
        [
            0.21477121114730835,
            -0.008700422942638397,
            -0.01066303625702858
        ],
        [
            0.2162272334098816,
            -0.006717012729495764,
            -0.015974191948771477
        ],
        [
            0.18675635755062103,
            -0.010333206504583359,
            -0.008467198349535465
        ],
        [
            0.18459317088127136,
            -0.016392316669225693,
            -0.00837615504860878
        ],
        [
            0.19019949436187744,
            -0.01653088629245758,
            -0.008945276960730553
        ],
        [
            0.19148747622966766,
            -0.010770944878458977,
            -0.009916344657540321
        ],
        [
            0.18453536927700043,
            -0.021503325551748276,
            -0.012752599082887173
        ],
        [
            0.1898043006658554,
            -0.021953312680125237,
            -0.012582697905600071
        ],
        [
            0.21185745298862457,
            -0.007314606104046106,
            -0.022569209337234497
        ],
        [
            0.21192564070224762,
            -0.013474464416503906,
            -0.026987813413143158
        ],
        [
            0.19634562730789185,
            -0.00977909006178379,
            -0.02889189124107361
        ],
        [
            0.19885554909706116,
            -0.005071244668215513,
            -0.023049669340252876
        ],
        [
            0.11485598236322403,
            0.019349172711372375,
            -0.021452726796269417
        ],
        [
            0.11188012361526489,
            0.02957732602953911,
            -0.01784675009548664
        ],
        [
            0.12611839175224304,
            0.03317835181951523,
            -0.02055099792778492
        ],
        [
            0.1394137740135193,
            0.03704278543591499,
            -0.02392544411122799
        ],
        [
            0.15259197354316711,
            0.039644718170166016,
            -0.02590900845825672
        ],
        [
            0.1552487164735794,
            0.029086031019687653,
            -0.0318976528942585
        ],
        [
            0.12295785546302795,
            0.039816904813051224,
            -0.01693696528673172
        ],
        [
            0.18560625612735748,
            0.0014633552636951208,
            -0.025660065934062004
        ],
        [
            0.18356814980506897,
            -0.006198966410011053,
            -0.029778892174363136
        ],
        [
            0.1801946610212326,
            0.0005879381205886602,
            -0.030405785888433456
        ],
        [
            0.13544023036956787,
            0.023936405777931213,
            0.008079396560788155
        ],
        [
            0.20820774137973785,
            -0.02454431541264057,
            -0.011786604300141335
        ],
        [
            0.09202082455158234,
            -0.017160143703222275,
            -0.010294800624251366
        ],
        [
            0.08938832581043243,
            -0.004930737894028425,
            -0.01609099842607975
        ],
        [
            0.0980658307671547,
            -0.0061064474284648895,
            -0.016977662220597267
        ],
        [
            0.10139138251543045,
            -0.019771680235862732,
            -0.00943426787853241
        ],
        [
            0.20898175239562988,
            -0.01350315660238266,
            -0.007501157000660896
        ],
        [
            0.2080206423997879,
            -0.019804952666163445,
            -0.007499068509787321
        ],
        [
            0.16907988488674164,
            0.0399254709482193,
            -0.010925580747425556
        ],
        [
            0.17417015135288239,
            0.03929377347230911,
            -0.015609522350132465
        ],
        [
            0.1733521968126297,
            0.042381078004837036,
            -0.01830281876027584
        ],
        [
            0.16957469284534454,
            0.04583767428994179,
            -0.012849484570324421
        ],
        [
            0.10937727242708206,
            0.03413353115320206,
            -0.014844987541437149
        ],
        [
            0.14982691407203674,
            0.05758131295442581,
            -0.015791811048984528
        ],
        [
            0.15060245990753174,
            0.051225293427705765,
            -0.023785153403878212
        ],
        [
            0.09947723895311356,
            0.025981387123465538,
            -0.015480981208384037
        ],
        [
            0.10172569006681442,
            0.017107227817177773,
            -0.01919671520590782
        ],
        [
            0.0921478122472763,
            0.01606152579188347,
            -0.017434172332286835
        ],
        [
            0.167033851146698,
            0.018863031640648842,
            -0.0340103805065155
        ],
        [
            0.11926763504743576,
            0.012112845666706562,
            -0.023707354441285133
        ],
        [
            0.10517654567956924,
            0.010280975140631199,
            -0.02048778161406517
        ],
        [
            0.09387695044279099,
            0.008699347265064716,
            -0.018461279571056366
        ],
        [
            0.08553583174943924,
            0.008289070799946785,
            -0.017538782209157944
        ],
        [
            0.084524005651474,
            0.016393104568123817,
            -0.01637529395520687
        ],
        [
            0.2115238606929779,
            -0.019326118752360344,
            -0.02583199366927147
        ],
        [
            0.21803084015846252,
            -0.014285311102867126,
            -0.025329340249300003
        ],
        [
            0.07539866119623184,
            0.01710180938243866,
            -0.016733527183532715
        ],
        [
            0.07705887407064438,
            0.007895021699368954,
            -0.017374303191900253
        ],
        [
            0.1087026596069336,
            0.0016784989275038242,
            -0.020815305411815643
        ],
        [
            0.113047294318676,
            -0.009101939387619495,
            -0.019235963001847267
        ],
        [
            0.12227214872837067,
            0.0038263648748397827,
            -0.02366066724061966
        ],
        [
            0.1276777684688568,
            -0.0065217772498726845,
            -0.022842666134238243
        ],
        [
            0.16524983942508698,
            0.008830500766634941,
            -0.036444906145334244
        ],
        [
            0.23420342803001404,
            -0.012134618125855923,
            -0.016943873837590218
        ],
        [
            0.22386737167835236,
            -0.010281541384756565,
            -0.020894218236207962
        ],
        [
            0.22188150882720947,
            -0.007863745093345642,
            -0.015917297452688217
        ],
        [
            0.23281079530715942,
            -0.009134339168667793,
            -0.01415176410228014
        ],
        [
            0.21740606427192688,
            -0.008519750088453293,
            -0.021558187901973724
        ],
        [
            0.2235357165336609,
            -0.015501397661864758,
            -0.023358462378382683
        ],
        [
            0.1328078657388687,
            -0.01952848583459854,
            -0.016984090209007263
        ],
        [
            0.18782106041908264,
            0.0042373621836304665,
            -0.016516536474227905
        ],
        [
            0.1181376725435257,
            -0.024138178676366806,
            -0.008891916833817959
        ],
        [
            0.14359021186828613,
            -0.03055202215909958,
            -0.0105104586109519
        ],
        [
            0.13406994938850403,
            -0.03367894887924194,
            -0.0019132662564516068
        ],
        [
            0.10457403212785721,
            -0.029445743188261986,
            0.0013727135956287384
        ],
        [
            0.12065749615430832,
            -0.035770490765571594,
            0.006961580365896225
        ],
        [
            0.08633342385292053,
            -0.02390766516327858,
            -0.0012153517454862595
        ],
        [
