{
    "pred_cam": [
        13.536009788513184,
        0.1055084839463234,
        -0.01375851035118103
    ],
    "pred_mano_params": {
        "global_orient": [
            [
                [
                    0.1548229604959488,
                    -0.8677015900611877,
                    -0.472359836101532
                ],
                [
                    -0.15906208753585815,
                    0.4499940574169159,
                    -0.8787517547607422
                ],
                [
                    0.9750534296035767,
                    0.21118547022342682,
                    -0.06834901869297028
                ]
            ]
        ],
        "hand_pose": [
            [
                [
                    0.8695144653320312,
                    -0.4701792299747467,
                    0.1512484848499298
                ],
                [
                    0.4788375794887543,
                    0.8775535225868225,
                    -0.024785950779914856
                ],
                [
                    -0.12107481062412262,
                    0.09397521615028381,
                    0.9881849884986877
                ]
            ],
            [
                [
                    0.37056905031204224,
                    -0.9074869751930237,
                    0.19785337150096893
                ],
                [
                    0.9122321605682373,
                    0.3155421018600464,
                    -0.26127713918685913
                ],
                [
                    0.17467452585697174,
                    0.277309387922287,
                    0.9447689056396484
                ]
            ],
            [
                [
                    0.6711906790733337,
                    -0.7412406802177429,
                    0.008078559301793575
                ],
                [
                    0.7380225658416748,
                    0.6692185997962952,
                    0.08642428368330002
                ],
                [
                    -0.06946752220392227,
                    -0.05204502120614052,
                    0.9962255954742432
                ]
            ],
            [
                [
                    0.12515270709991455,
                    -0.9634928703308105,
                    -0.23668165504932404
                ],
                [
                    0.9908009767532349,
                    0.1337539404630661,
                    -0.020574212074279785
                ],
                [
                    0.051480211317539215,
                    -0.2319294959306717,
                    0.9713693261146545
                ]
            ],
            [
                [
                    0.6791295409202576,
                    -0.7210823893547058,
                    -0.13719801604747772
                ],
                [
                    0.7332385778427124,
                    0.6578380465507507,
                    0.17207619547843933
                ],
                [
                    -0.033827029168605804,
                    -0.21746090054512024,
                    0.975482702255249
                ]
            ],
            [
                [
                    0.5187211036682129,
                    -0.8463692665100098,
                    -0.1207786500453949
                ],
                [
                    0.8515434265136719,
                    0.5240632891654968,
                    -0.015213613398373127
                ],
                [
                    0.07617198675870895,
                    -0.0949566438794136,
                    0.9925628304481506
                ]
            ],
            [
                [
                    0.5706751346588135,
                    -0.8080512285232544,
                    -0.14622940123081207
                ],
                [
                    0.8195986151695251,
                    0.5715073943138123,
                    0.04046592488884926
                ],
                [
                    0.05087263509631157,
                    -0.14294230937957764,
                    0.988422691822052
                ]
            ],
            [
                [
                    0.6036537289619446,
                    -0.796968936920166,
                    0.021040579304099083
                ],
                [
                    0.5821378231048584,
                    0.45865756273269653,
                    0.6713783144950867
                ],
                [
                    -0.5447180867195129,
                    -0.3930314779281616,
                    0.7408161163330078
                ]
            ],
            [
                [
                    0.6103348731994629,
                    -0.7863861918449402,
                    0.09533099830150604
                ],
                [
                    0.6222781538963318,
                    0.5504392385482788,
                    0.5565846562385559
                ],
                [
                    -0.49016445875167847,
                    -0.2803806662559509,
                    0.8253031969070435
                ]
            ],
            [
                [
                    0.2828230857849121,
                    -0.9492875337600708,
                    -0.1373472958803177
                ],
                [
                    0.927085816860199,
                    0.30727213621139526,
                    -0.2146991640329361
                ],
                [
                    0.24601423740386963,
                    -0.06661084294319153,
                    0.9669746160507202
                ]
            ],
            [
                [
                    0.4686283767223358,
                    -0.8824917078018188,
                    -0.03994742035865784
                ],
                [
                    0.7280656695365906,
                    0.3602227568626404,
                    0.5832322835922241
                ],
                [
                    -0.5003076791763306,
                    -0.3024035394191742,
                    0.8113225102424622
                ]
            ],
            [
                [
                    0.3997122645378113,
                    -0.8879880905151367,
                    -0.2273922711610794
                ],
                [
                    0.9057994484901428,
                    0.34459787607192993,
                    0.2465353161096573
                ],
                [
                    -0.1405615210533142,
                    -0.30451494455337524,
                    0.9420791268348694
                ]
            ],
            [
                [
                    0.9940185546875,
                    -0.027812102809548378,
                    -0.1056109070777893
                ],
                [
                    -0.057586900889873505,
                    0.6881879568099976,
                    -0.7232435345649719
                ],
                [
                    0.09279506653547287,
                    0.7249992489814758,
                    0.6824699640274048
                ]
            ],
            [
                [
                    0.8633959293365479,
                    -0.4608519375324249,
                    -0.20533660054206848
                ],
                [
                    0.4923313856124878,
                    0.8585350513458252,
                    0.14327356219291687
                ],
                [
                    0.11026078462600708,
                    -0.22479543089866638,
                    0.9681475162506104
                ]
            ],
            [
                [
                    0.9241213798522949,
                    -0.0792921930551529,
                    -0.3737812638282776
                ],
                [
                    -0.09242838621139526,
                    0.9027911424636841,
                    -0.42003002762794495
                ],
                [
                    0.3707515001296997,
                    0.4227067232131958,
                    0.8269597291946411
                ]
            ]
        ],
        "betas": [
            -0.130386084318161,
            0.05359634757041931,
            -0.05904799699783325,
            -0.06365308165550232,
            -0.026516616344451904,
            0.035151004791259766,
            0.10761944949626923,
            0.04411397874355316,
            0.03229956328868866,
            -0.08677181601524353
        ]
    },
    "pred_cam_t": [
        -0.1055084839463234,
        -0.01375851035118103,
        2.8858208656311035
    ],
    "focal_length": [
        5000.0,
        5000.0
    ],
    "pred_keypoints_3d": [
        [
            0.09634172171354294,
            0.006408761255443096,
            0.006219364702701569
        ],
        [
            0.09386101365089417,
            -0.01954789087176323,
            -0.022563070058822632
        ],
        [
            0.096734419465065,
            -0.03627147898077965,
            -0.048488765954971313
        ],
        [
            0.11016787588596344,
            -0.03833456337451935,
            -0.07211694866418839
        ],
        [
            0.13074082136154175,
            -0.029796941205859184,
            -0.09987654536962509
        ],
        [
            0.07723194360733032,
            -0.00015875045210123062,
            -0.0828835591673851
        ],
        [
            0.08009304851293564,
            -0.006704270839691162,
            -0.11533239483833313
        ],
        [
            0.10171862691640854,
            -0.012060217559337616,
            -0.11665401607751846
        ],
        [
            0.12114273756742477,
            -0.012407704256474972,
            -0.1013590469956398
        ],
        [
            0.08437756448984146,
            0.023894280195236206,
            -0.08684774488210678
        ],
        [
            0.11392401158809662,
            0.017344597727060318,
            -0.09706691652536392
        ],
        [
            0.13041701912879944,
            0.0066007934510707855,
            -0.08440554141998291
        ],
        [
            0.13056404888629913,
            -0.0011102817952632904,
            -0.060320086777210236
        ],
        [
            0.09967709332704544,
            0.041344013065099716,
            -0.0730014219880104
        ],
        [
            0.12547051906585693,
            0.04234748333692551,
            -0.08648793399333954
        ],
        [
            0.14036735892295837,
            0.027448799461126328,
            -0.07308637350797653
        ],
        [
            0.1321965456008911,
            0.015458788722753525,
            -0.05255143716931343
        ],
        [
            0.11485088616609573,
            0.051162607967853546,
            -0.06034114211797714
        ],
        [
            0.13254623115062714,
            0.05755254626274109,
            -0.0702044814825058
        ],
        [
            0.14705544710159302,
            0.045836303383111954,
            -0.066313236951828
        ],
        [
            0.14501982927322388,
            0.030823394656181335,
            -0.05679783970117569
        ]
    ],
    "pred_vertices": [
        [
            0.09618508070707321,
            -0.007613612338900566,
            -0.04776257276535034
        ],
        [
            0.10023029893636703,
            -0.009429557248950005,
            -0.03773341327905655
        ],
        [
            0.1007191613316536,
            -0.01604926399886608,
            -0.045602183789014816
        ],
        [
            0.09532830119132996,
            -0.014399167150259018,
            -0.054559480398893356
        ],
        [
            0.11063310503959656,
            -0.02513688988983631,
            -0.027319729328155518
        ],
        [
            0.10649996995925903,
            -0.03521600365638733,
            -0.020566068589687347
        ],
        [
            0.10714764147996902,
            -0.04056326672434807,
            -0.036128487437963486
        ],
        [
            0.11153627932071686,
            -0.03069969266653061,
            -0.03838088735938072
        ],
        [
            0.09298127889633179,
            -0.019119009375572205,
            -0.059749435633420944
        ],
        [
            0.10086578130722046,
            -0.02094445377588272,
            -0.05166107788681984
        ],
        [
            0.08921255171298981,
            -0.02097454108297825,
            -0.05983101576566696
        ],
        [
            0.07699786126613617,
            -0.017170457169413567,
            -0.06603561341762543
        ],
        [
            0.08422831445932388,
            -0.016427915543317795,
            -0.06624744832515717
        ],
        [
            0.07199908792972565,
            -0.013167588040232658,
            -0.07174237817525864
        ],
        [
            0.06913267821073532,
            -0.015383604913949966,
            -0.05822542682290077
        ],
        [
            0.06518562138080597,
            -0.006335417740046978,
            -0.06952260434627533
        ],
        [
            0.06799018383026123,
            0.01174340769648552,
            -0.045728351920843124
        ],
        [
            0.074086032807827,
            0.023226933553814888,
            -0.04110438749194145
        ],
        [
            0.07233478128910065,
            0.028343986719846725,
            -0.058986738324165344
        ],
        [
            0.06731168180704117,
            0.015511931851506233,
            -0.06172265112400055
        ],
        [
            0.08593878895044327,
            0.04022710770368576,
            -0.047382645308971405
        ],
        [
            0.07848992198705673,
            0.03390488773584366,
            -0.05467170104384422
        ],
        [
            0.07894916087388992,
            0.029688043519854546,
            -0.03674573078751564
        ],
        [
            0.08576378971338272,
            0.03544653579592705,
            -0.03139133006334305
        ],
        [
            0.10101435333490372,
            0.0042761340737342834,
            -0.037528377026319504
        ],
        [
            0.10400576144456863,
            0.002691502682864666,
            -0.02726644277572632
        ],
        [
            0.10127193480730057,
            -0.0014284579083323479,
            -0.030510876327753067
        ],
        [
            0.0986689105629921,
            -0.00012987852096557617,
            -0.04024353623390198
        ],
        [
            0.09026632457971573,
            -0.031322576105594635,
            -0.05967459827661514
        ],
        [
            0.07881924510002136,
            -0.028948171064257622,
            -0.05175979807972908
        ],
        [
            0.08182556182146072,
            -0.024074165150523186,
            -0.0572226345539093
        ],
        [
            0.09460651129484177,
            -0.02803819812834263,
            -0.060188211500644684
        ],
        [
            0.11902152001857758,
            0.002598939463496208,
            -0.0019334852695465088
        ],
        [
            0.11450493335723877,
            0.0012634862214326859,
            0.010858520865440369
        ],
        [
            0.11111079156398773,
            -0.003538554534316063,
            0.009828604757785797
        ],
        [
            0.11551396548748016,
            -0.0009478740394115448,
            -0.0016425177454948425
        ],
        [
            0.10477714985609055,
            -0.02298698015511036,
            -0.0008884817361831665
        ],
        [
            0.10092896223068237,
            -0.018793761730194092,
            0.00803828239440918
        ],
        [
            0.08944541215896606,
            -0.024042479693889618,
            0.013498656451702118
        ],
        [
            0.08977970480918884,
            -0.027870161458849907,
            0.0038852617144584656
        ],
        [
            0.1066446304321289,
            -0.029342977330088615,
            -0.01104796677827835
        ],
        [
            0.09449069947004318,
            -0.03488294780254364,
            -0.006430245935916901
        ],
        [
            0.09619571268558502,
            -0.040978409349918365,
            -0.018367625772953033
        ],
        [
            0.09964030981063843,
            -0.046653084456920624,
            -0.0362914577126503
        ],
        [
            0.11911265552043915,
            0.013053171336650848,
            0.013694703578948975
        ],
        [
            0.12359540164470673,
            0.015499910339713097,
            0.00471612811088562
        ],
        [
            0.08840502053499222,
            -0.013379426673054695,
            -0.10456272959709167
        ],
        [
            0.09140027314424515,
            -0.007797927595674992,
            -0.10503751784563065
        ],
        [
            0.09049787372350693,
            -0.008470931090414524,
            -0.10362356901168823
        ],
        [
            0.08750314265489578,
            -0.013358685187995434,
            -0.10363216698169708
        ],
        [
            0.11158052086830139,
            0.031875383108854294,
            0.011002779006958008
        ],
        [
            0.10217945277690887,
            0.03575828671455383,
            0.01159840077161789
        ],
        [
            0.10431644320487976,
            0.03419876843690872,
            0.018473036587238312
        ],
        [
            0.11217226088047028,
            0.028855595737695694,
            0.017999902367591858
        ],
        [
            0.11077658087015152,
            0.035752471536397934,
            0.0017336532473564148
        ],
        [
            0.09947206825017929,
            0.03720548376441002,
            0.0018612295389175415
        ],
        [
            0.08144360780715942,
            -0.015027139335870743,
            -0.11544210463762283
        ],
        [
            0.08359793573617935,
            -0.017349135130643845,
            -0.11103378236293793
        ],
        [
            0.07974123954772949,
            -0.015757150948047638,
            -0.10972366482019424
        ],
        [
            0.07686145603656769,
            -0.012207979336380959,
            -0.11305921524763107
        ],
        [
            0.08998508006334305,
            -0.012937714345753193,
            -0.0628974586725235
        ],
        [
            0.09409122914075851,
            -0.00649145245552063,
            -0.057203225791454315
        ],
        [
            0.08710253238677979,
            -0.006301868241280317,
            -0.07871440798044205
        ],
        [
            0.08919037133455276,
            -0.005344392731785774,
            -0.07010709494352341
        ],
        [
            0.08528280258178711,
            -0.011153683066368103,
            -0.07039576023817062
        ],
        [
            0.08265233784914017,
            -0.01097944937646389,
            -0.0770099014043808
        ],
        [
            0.09911151230335236,
            0.012927943840622902,
            -0.05848400667309761
        ],
        [
            0.10030913352966309,
            0.009977366775274277,
            -0.04721379652619362
        ],
        [
            0.0971672311425209,
            0.005195131525397301,
            -0.050736743956804276
        ],
        [
            0.09573888033628464,
            0.006611131131649017,
            -0.06350824981927872
        ],
        [
            0.10960640013217926,
            0.01978333294391632,
            -0.0424070879817009
        ],
        [
            0.10725699365139008,
            0.022113345563411713,
            -0.053798072040081024
        ],
        [
            0.11277461796998978,
            0.027408672496676445,
            -0.049720946699380875
        ],
        [
            0.11436706781387329,
            0.024301601573824883,
            -0.042590584605932236
        ],
        [
            0.10014328360557556,
            0.023566093295812607,
            -0.07318992912769318
        ],
        [
            0.09796907007694244,
            0.024615580216050148,
            -0.07725880295038223
        ],
        [
            0.10386133193969727,
            0.02661895379424095,
            -0.07764884829521179
        ],
        [
            0.10290007293224335,
            0.02560366690158844,
            -0.07155066728591919
        ],
        [
            0.10525314509868622,
            0.0327572375535965,
            0.025430209934711456
        ],
        [
            0.11195334792137146,
            0.02547859214246273,
            0.024549439549446106
        ],
        [
            0.10268982499837875,
            0.05101262032985687,
            -0.03696450591087341
        ],
        [
            0.11268532276153564,
            0.05004410445690155,
            -0.03155491501092911
        ],
        [
            0.1141037866473198,
            0.055191125720739365,
            -0.04304893687367439
        ],
        [
            0.10233509540557861,
            0.05560842901468277,
            -0.046468790620565414
        ],
        [
            0.09201560914516449,
            0.03407128155231476,
            0.009615696966648102
        ],
        [
            0.09426628798246384,
            0.03479764610528946,
            0.017169564962387085
        ],
        [
            0.08101030439138412,
            -0.009404233656823635,
            -0.11911025643348694
        ],
        [
            0.0768226608633995,
            -0.0065375687554478645,
            -0.11638400703668594
        ],
        [
            0.08340416103601456,
            -0.03798453137278557,
            -0.01674637198448181
        ],
        [
            0.08960630744695663,
            -0.04638846591114998,
            -0.037148766219615936
        ],
        [
            0.0807446837425232,
            -0.029719023033976555,
            -0.0027700066566467285
        ],
        [
            0.07884863764047623,
            -0.023333828896284103,
            0.006364263594150543
        ],
        [
            0.07780542969703674,
            -0.020863093435764313,
            0.014900922775268555
        ],
        [
            0.09175899624824524,
            0.0006498191505670547,
            -0.07261638343334198
        ],
        [
            0.09630538523197174,
            -0.0007332013919949532,
            -0.04994826391339302
        ],
        [
            0.1038546934723854,
            0.008031206205487251,
            -0.03544088453054428
        ],
        [
            0.12526528537273407,
            0.029861776158213615,
            -0.02995949238538742
        ],
        [
            0.12657605111598969,
            0.02644258551299572,
            -0.02005618065595627
        ],
        [
            0.12161155045032501,
            0.019215542823076248,
            -0.02628125622868538
        ],
        [
            0.12093254178762436,
            0.024026881903409958,
            -0.03354737535119057
        ],
        [
            0.12189561128616333,
            0.0460868738591671,
            -0.03253608196973801
        ],
        [
            0.12467244267463684,
            0.03962903469800949,
            -0.03653745725750923
        ],
        [
            0.12369809299707413,
            0.0427442342042923,
            -0.044402431696653366
        ],
        [
            0.12154563516378403,
            0.049870770424604416,
            -0.04199356213212013
        ],
        [
            0.08813946694135666,
            -0.03862737491726875,
            -0.0587804801762104
        ],
        [
            0.07729313522577286,
            -0.03426492586731911,
            -0.046433597803115845
        ],
        [
            0.11931241303682327,
            0.024648364633321762,
            0.009395621716976166
        ],
        [
            0.11769885569810867,
            0.020494192838668823,
            0.015918545424938202
        ],
        [
            0.11535528302192688,
            0.018417423591017723,
            0.023877866566181183
        ],
        [
            0.1114753931760788,
            0.001238793134689331,
            -0.014828592538833618
        ],
        [
            0.11317680776119232,
            -0.003525054082274437,
            -0.0014634951949119568
        ],
        [
            0.11130274832248688,
            -0.007208779454231262,
            -0.0031563565135002136
        ],
        [
            0.108829565346241,
            -0.00046465732157230377,
            -0.015898048877716064
        ],
        [
            0.10664692521095276,
            -0.011728287674486637,
            -0.0275496244430542
        ],
        [
            0.11044114083051682,
            -0.017668992280960083,
            -0.015969805419445038
        ],
        [
            0.10819436609745026,
            -0.017667990177869797,
            -0.03707082197070122
        ],
        [
            0.10653047263622284,
            -0.010408129543066025,
            0.010166488587856293
        ],
        [
            0.10977935791015625,
            -0.005969535559415817,
            0.019816257059574127
        ],
        [
            0.10409428179264069,
            -0.012892989441752434,
            0.019018828868865967
        ],
        [
            0.11390222609043121,
            0.0028501879423856735,
            0.021621212363243103
        ],
        [
            0.11624594032764435,
            0.01141948252916336,
            0.023062169551849365
        ],
        [
            0.09370590001344681,
            0.03614972531795502,
            0.025665976107120514
        ],
        [
            0.09764258563518524,
            -0.018191520124673843,
            0.017569027841091156
        ],
        [
            0.11132314801216125,
            -0.0341930091381073,
            -0.04635251313447952
        ],
        [
            0.1122567430138588,
            -0.036186013370752335,
            -0.053526025265455246
        ],
        [
            0.10916878283023834,
            -0.029185349121689796,
            -0.0555427111685276
        ],
        [
            0.10811151564121246,
            -0.02656073309481144,
            -0.04946461692452431
        ],
        [
            0.06922845542430878,
            -0.009928446263074875,
            -0.07899141311645508
        ],
        [
            0.0767606645822525,
            -0.012607773765921593,
            -0.07848069071769714
        ],
        [
            0.07894592732191086,
            -0.015117371454834938,
            -0.0707620158791542
        ],
        [
            0.12153559178113937,
            0.00934375450015068,
            -0.01116490364074707
        ],
        [
            0.1254718154668808,
            0.01985824666917324,
            -0.005143687129020691
        ],
        [
            0.08920477330684662,
            -0.0007400526665151119,
            -0.0819101333618164
        ],
        [
            0.07355660945177078,
            -0.010495822876691818,
            -0.1101519763469696
        ],
        [
            0.0763833224773407,
            -0.015006525442004204,
            -0.10690172761678696
        ],
        [
            0.07128695398569107,
            -0.011070715263485909,
            -0.09164628386497498
        ],
        [
            0.06776625663042068,
            -0.005843795370310545,
            -0.09482032805681229
        ],
        [
            0.08643656224012375,
            0.005323234014213085,
            -0.09012483805418015
        ],
        [
            0.08823689073324203,
            -0.00042548938654363155,
            -0.08698670566082001
        ],
        [
            0.08752360194921494,
            -0.00013288576155900955,
            -0.08952003717422485
        ],
        [
            0.0871652290225029,
            0.004919996485114098,
            -0.09388083964586258
        ],
        [
            0.10791733860969543,
            0.031641993671655655,
            -0.07132241129875183
        ],
        [
            0.10760270059108734,
            0.030314108356833458,
            -0.06646940112113953
        ],
        [
            0.07098950445652008,
            0.017535880208015442,
            -0.07781410962343216
        ],
        [
            0.061548326164484024,
            0.006593750324100256,
            -0.07661213725805283
        ],
        [
            0.06292923539876938,
            0.0038642319850623608,
            -0.06453212350606918
        ],
        [
            0.10340377688407898,
            0.01808197796344757,
            -0.055002178996801376
        ],
        [
            0.10265956819057465,
            0.02129480615258217,
            -0.06485319882631302
        ],
        [
            0.10506982356309891,
            0.024273265153169632,
            -0.06325921416282654
        ],
        [
            0.09233162552118301,
            0.0044079553335905075,
            -0.07542790472507477
        ],
        [
            0.09024327248334885,
            0.004888049326837063,
            -0.08330550789833069
        ],
        [
            0.09126227349042892,
            0.008416076190769672,
            -0.0789608284831047
        ],
        [
            0.09419452399015427,
            0.008279162459075451,
            -0.07221352308988571
        ],
        [
            0.1114678829908371,
            0.04597261920571327,
            -0.019033238291740417
        ],
        [
            0.12242033332586288,
            0.041692622005939484,
            -0.020338259637355804
        ],
        [
            0.08587876707315445,
            -0.016717350110411644,
            -0.1069597527384758
        ],
        [
            0.08363011479377747,
            -0.016203662380576134,
            -0.10599198937416077
        ],
        [
            0.10453146696090698,
            0.01505072508007288,
            -0.044019442051649094
        ],
        [
            0.0657850056886673,
            0.0008223215700127184,
            -0.050119657069444656
        ],
        [
            0.10730157047510147,
            0.011888766661286354,
            -0.03336692601442337
        ],
        [
            0.09799397736787796,
            0.0473579578101635,
            -0.06490504741668701
        ],
        [
            0.1074550449848175,
            0.04670962691307068,
            -0.06628943234682083
        ],
        [
            0.10781024396419525,
            0.045454975217580795,
            -0.06904595345258713
        ],
        [
            0.10250163078308105,
            0.04682045802474022,
            -0.07104811072349548
        ],
        [
            0.08948574215173721,
            0.0026478925719857216,
            -0.10663924366235733
        ],
        [
            0.09197114408016205,
            -0.002572448458522558,
            -0.10462689399719238
        ],
        [
            0.09148772060871124,
            -0.0024407412856817245,
            -0.10551515221595764
        ],
        [
            0.08973084390163422,
            0.0021984721533954144,
            -0.1092720627784729
        ],
        [
            0.08661320805549622,
            -0.005697385873645544,
            -0.08466719835996628
        ],
        [
            0.0824926495552063,
            -0.01046164520084858,
            -0.08313319832086563
        ],
        [
            0.08329463750123978,
            -0.010573917999863625,
            -0.0880359560251236
        ],
        [
            0.08642183244228363,
            -0.005327229853719473,
            -0.08891463279724121
        ],
        [
            0.07594943791627884,
            -0.011906445026397705,
            -0.08425502479076385
        ],
        [
            0.07693856209516525,
            -0.012617331929504871,
            -0.08891009539365768
        ],
        [
            0.08417705446481705,
            0.004891729913651943,
            -0.10995391756296158
        ],
        [
            0.07760162651538849,
            0.0015856139361858368,
            -0.11295226216316223
        ],
        [
            0.07349094748497009,
            0.00711432658135891,
            -0.09815095365047455
        ],
        [
            0.08119940012693405,
            0.007827326655387878,
            -0.09819991141557693
        ],
        [
            0.08434341102838516,
            0.031977299600839615,
            -0.016336627304553986
        ],
        [
            0.09290733933448792,
            0.03833436220884323,
            -0.012647442519664764
        ],
        [
            0.09448414295911789,
            0.04211985692381859,
            -0.02745147794485092
        ],
        [
            0.0953751876950264,
            0.047120437026023865,
            -0.04196751490235329
        ],
        [
            0.09635324776172638,
            0.050165727734565735,
            -0.05623632296919823
        ],
        [
            0.08575111627578735,
            0.045196108520030975,
            -0.061145078390836716
        ],
        [
            0.10094916820526123,
            0.04564695060253143,
            -0.023461535573005676
        ],
        [
            0.08210013806819916,
            0.012437963858246803,
            -0.08460554480552673
        ],
        [
            0.07219403982162476,
            0.011135238222777843,
            -0.08671735227108002
        ],
        [
            0.07729311287403107,
            0.015129952691495419,
            -0.08375784754753113
        ],
        [
            0.1131485104560852,
            0.01637759618461132,
            -0.03183358162641525
        ],
        [
            0.08092997968196869,
            -0.016427744179964066,
            -0.1041216105222702
        ],
        [
            0.06850677728652954,
            -0.0021434910595417023,
            0.007656179368495941
        ],
        [
            0.07107913494110107,
            0.011013124138116837,
            0.009542539715766907
        ],
        [
            0.07072446495294571,
            0.010052633471786976,
            0.0007291212677955627
        ],
        [
            0.06862230598926544,
            -0.005124365445226431,
            -0.0016305893659591675
        ],
        [
            0.09095524251461029,
            -0.009684507735073566,
            -0.10298777371644974
        ],
        [
            0.08673959970474243,
            -0.0146843446418643,
            -0.1021965891122818
        ],
        [
            0.11189749836921692,
            0.035536643117666245,
            -0.06522190570831299
        ],
        [
            0.11076350510120392,
            0.036310143768787384,
            -0.06938130408525467
        ],
        [
            0.11168085783720016,
            0.04097142443060875,
            -0.06836920231580734
        ],
        [
            0.11535844951868057,
            0.04087109491229057,
            -0.06610845029354095
        ],
        [
            0.09773368388414383,
            0.040470898151397705,
            -0.009586833417415619
        ],
        [
            0.11696243286132812,
            0.05690281465649605,
            -0.049933452159166336
        ],
        [
            0.10633111000061035,
            0.05755313113331795,
            -0.05388810485601425
        ],
        [
            0.09121443331241608,
            0.034788377583026886,
            3.802776336669922e-05
        ],
        [
            0.08327332139015198,
            0.02966102957725525,
            -0.0028935223817825317
        ],
        [
            0.08286169171333313,
            0.02844882756471634,
            0.006890639662742615
        ],
        [
            0.08176751434803009,
            0.0353974923491478,
            -0.07240136712789536
        ],
        [
            0.0787816271185875,
            0.027136191725730896,
            -0.02119351178407669
        ],
        [
            0.07860878109931946,
            0.02467472478747368,
            -0.0066174715757369995
        ],
        [
            0.07790340483188629,
            0.022991277277469635,
            0.004902631044387817
        ],
        [
            0.0773325264453888,
            0.02274739183485508,
            0.01331356167793274
        ],
        [
            0.08288231492042542,
            0.028673529624938965,
            0.014621183276176453
        ],
        [
            0.07443872839212418,
            -0.004295831546187401,
            -0.11228176951408386
        ],
        [
            0.0804155021905899,
            -1.8036924302577972e-05,
            -0.11775801330804825
        ],
        [
            0.08187367767095566,
            0.03011588379740715,
            0.023664437234401703
        ],
        [
            0.07614869624376297,
            0.02296563982963562,
            0.021781235933303833
        ],
        [
            0.07368125021457672,
            0.017710614949464798,
            -0.010268792510032654
        ],
        [
            0.06893773376941681,
            0.008069388568401337,
            -0.014689557254314423
        ],
        [
            0.07428145408630371,
            0.02019369974732399,
            -0.024269863963127136
        ],
        [
            0.06941299885511398,
            0.011026063933968544,
            -0.02976210042834282
        ],
        [
            0.07081042230129242,
            0.031099291518330574,
            -0.07355751842260361
        ],
        [
            0.09821514785289764,
            -0.004561866633594036,
            -0.12181608378887177
        ],
        [
            0.08918561786413193,
            0.0007027871906757355,
            -0.1182820275425911
        ],
        [
            0.09150068461894989,
            0.0011732075363397598,
            -0.11279625445604324
        ],
        [
            0.0992041677236557,
            -0.002260599285364151,
            -0.11825581640005112
        ],
        [
            0.08596532046794891,
            0.003376223612576723,
            -0.11360561847686768
        ],
        [
            0.08497370779514313,
            -0.0027483226731419563,
            -0.1205386221408844
        ],
        [
            0.06709371507167816,
            -0.0032365042716264725,
            -0.034657664597034454
        ],
        [
            0.08882419764995575,
            0.009287478402256966,
            -0.08379838615655899
        ],
        [
            0.06846556067466736,
            -0.009929422289133072,
            -0.01863986998796463
        ],
        [
            0.06763811409473419,
            -0.018227294087409973,
            -0.04490341246128082
        ],
        [
            0.07064247131347656,
            -0.02433077245950699,
            -0.033233124762773514
        ],
        [
            0.07078994065523148,
            -0.018705546855926514,
            -0.002841852605342865
        ],
        [
            0.07291392982006073,
            -0.028804630041122437,
            -0.01734001189470291
        ],
        [
            0.0707969218492508,
            -0.012398606166243553,
            0.01471111923456192
        ],
        [
            0.07059677690267563,
            -0.013873839750885963,
