{
    "pred_cam": [
        5.601666450500488,
        -0.169577494263649,
        -0.03285346180200577
    ],
    "pred_mano_params": {
        "global_orient": [
            [
                [
                    -0.9272177815437317,
                    -0.3615069091320038,
                    0.0978768989443779
                ],
                [
                    -0.05463452264666557,
                    -0.12798236310482025,
                    -0.9902704358100891
                ],
                [
                    0.3705160319805145,
                    -0.9235439300537109,
                    0.09891676902770996
                ]
            ]
        ],
        "hand_pose": [
            [
                [
                    0.8726955056190491,
                    -0.4026072025299072,
                    0.27624252438545227
                ],
                [
                    0.4278228282928467,
                    0.9031754732131958,
                    -0.03523750603199005
                ],
                [
                    -0.23530858755111694,
                    0.148934468626976,
                    0.9604417085647583
                ]
            ],
            [
                [
                    0.9379262328147888,
                    -0.3405517339706421,
                    0.06571853905916214
                ],
                [
                    0.3468281626701355,
                    0.9220936894416809,
                    -0.17162030935287476
                ],
                [
                    -0.0021530550438910723,
                    0.18376022577285767,
                    0.982968807220459
                ]
            ],
            [
                [
                    0.7993895411491394,
                    -0.5923976898193359,
                    0.10020642727613449
                ],
                [
                    0.5778051614761353,
                    0.8037223815917969,
                    0.1420266181230545
                ],
                [
                    -0.16467440128326416,
                    -0.05563480406999588,
                    0.9847776889801025
                ]
            ],
            [
                [
                    0.9717829823493958,
                    -0.23527172207832336,
                    0.016888072714209557
                ],
                [
                    0.2358323186635971,
                    0.9704992175102234,
                    -0.050143517553806305
                ],
                [
                    -0.00459251319989562,
                    0.0527113601565361,
                    0.9985992908477783
                ]
            ],
            [
                [
                    0.8478319644927979,
                    -0.5113738179206848,
                    -0.14027751982212067
                ],
                [
                    0.5299918055534363,
                    0.808715283870697,
                    0.25512412190437317
                ],
                [
                    -0.017019212245941162,
                    -0.29064831137657166,
                    0.956678569316864
                ]
            ],
            [
                [
                    0.776829183101654,
                    -0.6275785565376282,
                    0.05178436264395714
                ],
                [
                    0.6287994980812073,
                    0.7775009274482727,
                    -0.010173777118325233
                ],
                [
                    -0.033877547830343246,
                    0.04046526551246643,
                    0.9986065030097961
                ]
            ],
            [
                [
                    0.9082621335983276,
                    -0.4175698459148407,
                    0.02637086622416973
                ],
                [
                    0.4169006943702698,
                    0.9085383415222168,
                    0.02742004208266735
                ],
                [
                    -0.03540872409939766,
                    -0.013910551555454731,
                    0.9992761015892029
                ]
            ],
            [
                [
                    0.9829002618789673,
                    -0.16902154684066772,
                    0.07306613773107529
                ],
                [
                    0.15931670367717743,
                    0.9795578122138977,
                    0.12281917035579681
                ],
                [
                    -0.09233160316944122,
                    -0.10907834768295288,
                    0.9897356033325195
                ]
            ],
            [
                [
                    0.9572620391845703,
                    -0.25767141580581665,
                    0.13135746121406555
                ],
                [
                    0.17022308707237244,
                    0.8691225051879883,
                    0.46438127756118774
                ],
                [
                    -0.23382355272769928,
                    -0.42217451333999634,
                    0.8758395910263062
                ]
            ],
            [
                [
                    0.9463930130004883,
                    -0.2851976752281189,
                    -0.1516658067703247
                ],
                [
                    0.26719987392425537,
                    0.9550289511680603,
                    -0.12854555249214172
                ],
                [
                    0.18150614202022552,
                    0.0811295360326767,
                    0.98003751039505
                ]
            ],
            [
                [
                    0.9281962513923645,
                    -0.3670184910297394,
                    0.061229731887578964
                ],
                [
                    0.29904231429100037,
                    0.8337249755859375,
                    0.46419426798820496
                ],
                [
                    -0.221416637301445,
                    -0.4125531315803528,
                    0.8836144804954529
                ]
            ],
            [
                [
                    0.7858181595802307,
                    -0.6184559464454651,
                    0.0014425747795030475
                ],
                [
                    0.6058148741722107,
                    0.7702213525772095,
                    0.19936761260032654
                ],
                [
                    -0.12441118061542511,
                    -0.15579275786876678,
                    0.9799237251281738
                ]
            ],
            [
                [
                    0.9352747797966003,
                    0.05822888761758804,
                    -0.34909942746162415
                ],
                [
                    -0.3206588625907898,
                    0.5568920373916626,
                    -0.7661912441253662
                ],
                [
                    0.1497962474822998,
                    0.8285412192344666,
                    0.5395187139511108
                ]
            ],
            [
                [
                    0.8896747827529907,
                    -0.29163792729377747,
                    -0.35132062435150146
                ],
                [
                    0.44379889965057373,
                    0.7332125306129456,
                    0.5152105093002319
                ],
                [
                    0.10733777284622192,
                    -0.6142854690551758,
                    0.7817493081092834
                ]
            ],
            [
                [
                    0.8333431482315063,
                    -0.5479176044464111,
                    0.07297564297914505
                ],
                [
                    0.5349839329719543,
                    0.7662820816040039,
                    -0.35581451654434204
                ],
                [
                    0.1390371173620224,
                    0.33555641770362854,
                    0.9317030310630798
                ]
            ]
        ],
        "betas": [
            -0.14180099964141846,
            -0.06557503342628479,
            0.0077478885650634766,
            -0.06262269616127014,
            0.07035210728645325,
            0.0202779658138752,
            0.07736317813396454,
            -0.056149840354919434,
            -0.010986849665641785,
            -0.09477391839027405
        ]
    },
    "pred_cam_t": [
        -0.169577494263649,
        -0.03285346180200577,
        6.973371505737305
    ],
    "focal_length": [
        5000.0,
        5000.0
    ],
    "pred_keypoints_3d": [
        [
            0.09641158580780029,
            0.006437049712985754,
            0.006245156284421682
        ],
        [
            0.12709394097328186,
            -0.016039330512285233,
            0.014259545132517815
        ],
        [
            0.15705357491970062,
            -0.023698370903730392,
            0.015973711386322975
        ],
        [
            0.18349896371364594,
            -0.01937001198530197,
            0.011010034009814262
        ],
        [
            0.2146930992603302,
            -0.012673544697463512,
            0.02391822263598442
        ],
        [
            0.1826561987400055,
            -0.008691301569342613,
            -0.019753651693463326
        ],
        [
            0.21502387523651123,
            -0.01612246036529541,
            -0.01997097209095955
        ],
        [
            0.23470290005207062,
            -0.016305342316627502,
            -0.00943840853869915
        ],
        [
            0.24707192182540894,
            -0.014180952683091164,
            0.012065231800079346
        ],
        [
            0.18507499992847443,
            0.015189532190561295,
            -0.028100768104195595
        ],
        [
            0.21524114906787872,
            0.022876866161823273,
            -0.03519170358777046
        ],
        [
            0.23482342064380646,
            0.029667116701602936,
            -0.024273645132780075
        ],
        [
            0.24888813495635986,
            0.03286382555961609,
            -0.0031626522541046143
        ],
        [
            0.1716231107711792,
            0.0380876399576664,
            -0.023349223658442497
        ],
        [
            0.1973516196012497,
            0.05011425539851189,
            -0.02974534220993519
        ],
        [
            0.21888244152069092,
            0.05895934998989105,
            -0.020688697695732117
        ],
        [
            0.2363022118806839,
            0.0610077939927578,
            -0.0024014227092266083
        ],
        [
            0.16009190678596497,
            0.05466555431485176,
            -0.014508102089166641
        ],
        [
            0.17640753090381622,
            0.06833875179290771,
            -0.014672295190393925
        ],
        [
            0.1919078677892685,
            0.07848472148180008,
            -0.01003265380859375
        ],
        [
            0.20875857770442963,
            0.08301511406898499,
            0.0006186822429299355
        ]
    ],
    "pred_vertices": [
        [
            0.14995716512203217,
            -0.004525304771959782,
            0.004474105313420296
        ],
        [
            0.14015567302703857,
            -0.0037796476390212774,
            0.009396737441420555
        ],
        [
            0.14933961629867554,
            -0.007553957402706146,
            0.009941969066858292
        ],
        [
            0.15712137520313263,
            -0.009912893176078796,
            0.005310432985424995
        ],
        [
            0.13894498348236084,
            -0.007307029329240322,
            0.02768612839281559
        ],
        [
            0.13450556993484497,
            -0.017212525010108948,
            0.033400315791368484
        ],
        [
            0.15206278860569,
            -0.019844265654683113,
            0.030605100095272064
        ],
        [
            0.1533050388097763,
            -0.01036386750638485,
            0.027074135839939117
        ],
        [
            0.1627342849969864,
            -0.014299701899290085,
            0.003964507952332497
        ],
        [
            0.15711618959903717,
            -0.010481946170330048,
            0.010534755885601044
        ],
        [
            0.16228173673152924,
            -0.016943344846367836,
            0.0009614434093236923
        ],
        [
            0.1662234365940094,
            -0.022238854318857193,
            -0.009834231808781624
        ],
        [
            0.16770298779010773,
            -0.017763925716280937,
            -0.003902401775121689
        ],
        [
            0.17122246325016022,
            -0.022183913737535477,
            -0.01586195081472397
        ],
        [
            0.15719398856163025,
            -0.02558038756251335,
            -0.015238171443343163
        ],
        [
            0.16717404127120972,
            -0.020573049783706665,
            -0.024246182292699814
        ],
        [
            0.14293769001960754,
            -0.004762007389217615,
            -0.0274648554623127
        ],
        [
            0.13814052939414978,
            0.008082965388894081,
            -0.02802710048854351
        ],
        [
            0.15365555882453918,
            0.010957101359963417,
            -0.03328579291701317
        ],
        [
            0.15752261877059937,
            -0.0020227176137268543,
            -0.031617894768714905
        ],
        [
            0.14321722090244293,
            0.028130512684583664,
            -0.027650920674204826
        ],
        [
            0.14982017874717712,
            0.01898365467786789,
            -0.03138428553938866
        ],
        [
            0.13380083441734314,
            0.016048390418291092,
            -0.027086272835731506
        ],
        [
            0.1288154125213623,
            0.024550892412662506,
            -0.023861113935709
        ],
        [
            0.1401849091053009,
            0.007739882450550795,
            0.004378417506814003
        ],
        [
            0.13008925318717957,
            0.007725580129772425,
            0.009291527792811394
        ],
        [
            0.13262417912483215,
            0.0026836865581572056,
            0.008504888042807579
        ],
        [
            0.1425926238298416,
            0.0027626745868474245,
            0.004275120794773102
        ],
        [
            0.16250061988830566,
            -0.022523656487464905,
            0.0026648249477148056
        ],
        [
            0.15324901044368744,
            -0.02924521267414093,
            -0.0008832067251205444
        ],
        [
            0.15809091925621033,
            -0.02348063886165619,
            -0.00268498994410038
        ],
        [
            0.1641843467950821,
            -0.017592914402484894,
            0.0045691486448049545
        ],
        [
            0.1075996533036232,
            0.016177374869585037,
            0.025663310661911964
        ],
        [
            0.09458043426275253,
            0.012380288913846016,
            0.024682747200131416
        ],
        [
            0.09563430398702621,
            0.006521871779114008,
            0.024457847699522972
        ],
        [
            0.10717730969190598,
            0.011197113431990147,
            0.024974284693598747
        ],
        [
            0.10888322442770004,
            -0.011977351270616055,
            0.02995201200246811
        ],
        [
            0.09814377874135971,
            -0.011605344712734222,
            0.025245167315006256
        ],
        [
            0.09188627451658249,
            -0.022419769316911697,
            0.01958446204662323
        ],
        [
            0.10265018045902252,
            -0.024908695369958878,
            0.021283457055687904
        ],
        [
            0.12199870496988297,
            -0.014448602683842182,
            0.03286576271057129
        ],
        [
            0.11620446294546127,
            -0.02653682976961136,
            0.027933653444051743
        ],
        [
            0.13120514154434204,
            -0.027994051575660706,
            0.030240729451179504
        ],
        [
            0.1502402275800705,
            -0.02873898670077324,
            0.027666166424751282
        ],
        [
            0.09124232828617096,
            0.024677235633134842,
            0.022328415885567665
        ],
        [
            0.10037100315093994,
            0.02929697185754776,
            0.023219864815473557
        ],
        [
            0.21588201820850372,
            -0.018868807703256607,
            -0.008492431603372097
        ],
        [
            0.21745379269123077,
            -0.0131221329793334,
            -0.008609602227807045
        ],
        [
            0.21299192309379578,
            -0.012849373742938042,
            -0.009020725265145302
        ],
        [
            0.21229077875614166,
            -0.018530111759901047,
            -0.009202331304550171
        ],
        [
            0.09108123928308487,
            0.03593854606151581,
            0.005312105640769005
        ],
        [
            0.08891747891902924,
            0.033864691853523254,
            -0.0044566560536623
        ],
        [
            0.08257497847080231,
            0.03374183923006058,
            -0.000730711966753006
        ],
        [
            0.08456648141145706,
            0.033739518374204636,
            0.008567014709115028
        ],
        [
            0.09978983551263809,
            0.03870163857936859,
            0.0011188481003046036
        ],
        [
            0.0980394259095192,
            0.03358760103583336,
            -0.008972188457846642
        ],
        [
            0.21989470720291138,
            -0.0247732512652874,
            -0.019277112558484077
        ],
        [
            0.21812781691551208,
            -0.02535107173025608,
            -0.014407593756914139
        ],
        [
            0.21381327509880066,
            -0.02513054385781288,
            -0.01701389253139496
        ],
        [
            0.21489615738391876,
            -0.023768000304698944,
            -0.022013364359736443
        ],
        [
            0.16510286927223206,
            -0.01200438104569912,
            0.00011950358748435974
        ],
        [
            0.15957990288734436,
            -0.004659441765397787,
            0.0012745857238769531
        ],
        [
            0.18092727661132812,
            -0.007957987487316132,
            -0.0077957212924957275
        ],
        [
            0.17214469611644745,
            -0.006254624575376511,
            -0.005031215026974678
        ],
        [
            0.17223431169986725,
            -0.013145849108695984,
            -0.005275243893265724
        ],
        [
            0.17870965600013733,
            -0.014310251921415329,
            -0.008464386686682701
        ],
        [
            0.16037186980247498,
            0.014232258312404156,
            -0.005101768299937248
        ],
        [
            0.14948111772537231,
            0.012277545407414436,
            -0.0007762443274259567
        ],
        [
            0.1528831124305725,
            0.006589299999177456,
            -0.001268044114112854
        ],
        [
            0.16551335155963898,
            0.007206750568002462,
            -0.005150098353624344
        ],
        [
            0.14512039721012115,
            0.025575051084160805,
            0.002100462093949318
        ],
        [
            0.15610826015472412,
            0.02640218287706375,
            -0.0027980487793684006
        ],
        [
            0.15248173475265503,
            0.03387272730469704,
            -0.0005454439669847488
        ],
        [
            0.14557360112667084,
            0.032036300748586655,
            0.0034429077059030533
        ],
        [
            0.1756799966096878,
            0.02502240613102913,
            -0.0121467225253582
        ],
        [
            0.18265242874622345,
            0.025896716862916946,
            -0.01728387549519539
        ],
        [
            0.18224260210990906,
            0.029538005590438843,
            -0.017467660829424858
        ],
        [
            0.17407676577568054,
            0.028209716081619263,
            -0.012189125642180443
        ],
        [
            0.0759846642613411,
            0.033037666231393814,
            0.0019102785736322403
        ],
        [
            0.07843706756830215,
            0.030762208625674248,
            0.01125292107462883
        ],
        [
            0.13498592376708984,
            0.046165831387043,
            -0.018633626401424408
        ],
        [
            0.13149815797805786,
            0.05152099207043648,
            -0.009416535496711731
        ],
        [
            0.1422400176525116,
            0.05648519843816757,
            -0.012591567821800709
        ],
        [
            0.14314717054367065,
            0.049501270055770874,
            -0.02168866991996765
        ],
        [
            0.08974958211183548,
            0.026758573949337006,
            -0.012171024456620216
        ],
        [
            0.08252133429050446,
            0.028583858162164688,
            -0.009517321363091469
        ],
        [
            0.2220829427242279,
            -0.020507261157035828,
            -0.023283539339900017
        ],
        [
            0.21682356297969818,
            -0.019105931743979454,
            -0.025378698483109474
        ],
        [
            0.12515482306480408,
            -0.03486272692680359,
            0.01922166347503662
        ],
        [
            0.1476738154888153,
            -0.03481464087963104,
            0.02069774456322193
        ],
        [
            0.10866503417491913,
            -0.03163178265094757,
            0.014686226844787598
        ],
        [
            0.09787526726722717,
            -0.02802864834666252,
            0.010096007958054543
        ],
        [
            0.08863923698663712,
            -0.026676572859287262,
            0.008438825607299805
        ],
        [
            0.17485500872135162,
            0.0002777589252218604,
            -0.006690590642392635
        ],
        [
            0.15227636694908142,
            0.0011641588062047958,
            0.001285826787352562
        ],
        [
            0.1383092999458313,
            0.012472975999116898,
            0.004939042031764984
        ],
        [
            0.13379737734794617,
            0.042509373277425766,
            0.011319022625684738
        ],
        [
            0.12428972870111465,
            0.04024882987141609,
            0.015812912955880165
        ],
        [
            0.13053490221500397,
            0.03164209425449371,
            0.014669887721538544
        ],
        [
            0.1373574584722519,
            0.035375580191612244,
            0.010328203439712524
        ],
        [
            0.1343451291322708,
            0.05366460978984833,
            -0.00019437819719314575
        ],
        [
            0.1396549791097641,
            0.050217244774103165,
            0.0047048479318618774
        ],
        [
            0.14782901108264923,
            0.052542224526405334,
            0.0009001027792692184
        ],
        [
            0.14370788633823395,
            0.056747134774923325,
            -0.003773186355829239
        ],
        [
            0.16263458132743835,
            -0.029633639380335808,
            0.004327708855271339
        ],
        [
            0.14959865808486938,
            -0.034468453377485275,
            0.002498473972082138
        ],
        [
            0.09434370696544647,
            0.03434249758720398,
            0.01538916863501072
        ],
        [
            0.08814075589179993,
            0.029964281246066093,
            0.017394641414284706
        ],
        [
            0.08019822090864182,
            0.026886897161602974,
            0.01782144047319889
        ],
        [
            0.11914069950580597,
            0.010678023099899292,
            0.01835123635828495
        ],
        [
            0.10691823065280914,
            0.007709141820669174,
            0.02472570165991783
        ],
        [
            0.10871366411447525,
            0.0036703101359307766,
            0.02528207376599312
        ],
        [
            0.11964541673660278,
            0.007581967860460281,
            0.017123546451330185
        ],
        [
            0.13244643807411194,
            -0.0014890069141983986,
            0.01737207919359207
        ],
        [
            0.12407676875591278,
            -0.003746936097741127,
            0.027569711208343506
        ],
        [
            0.1443488895893097,
            -0.003597686067223549,
            0.017495382577180862
        ],
        [
            0.09547620266675949,
            -0.001689243596047163,
            0.024847904220223427
        ],
        [
            0.08584198355674744,
            0.0036927093751728535,
            0.026175696402788162
        ],
        [
            0.0866423025727272,
            -0.005189217627048492,
            0.02535315975546837
        ],
        [
            0.08372317999601364,
            0.013262445107102394,
            0.024920646101236343
        ],
        [
            0.08179532736539841,
            0.02163882367312908,
            0.022302914410829544
        ],
        [
            0.07397258281707764,
            0.029337340965867043,
            -0.009411606937646866
        ],
        [
            0.08787305653095245,
            -0.013139588758349419,
            0.022984713315963745
        ],
        [
            0.1619197428226471,
            -0.013841119594871998,
            0.02516518160700798
        ],
        [
            0.16858193278312683,
            -0.01598476432263851,
            0.022947393357753754
        ],
        [
            0.1670888364315033,
            -0.011193815618753433,
            0.017412487417459488
        ],
        [
            0.1614760160446167,
            -0.009867716580629349,
            0.018259722739458084
        ],
        [
            0.17776253819465637,
            -0.02127153053879738,
            -0.02044476382434368
        ],
        [
            0.17905278503894806,
            -0.01899462379515171,
            -0.012801863253116608
        ],
        [
            0.17176061868667603,
            -0.019869482144713402,
            -0.008785342797636986
        ],
        [
            0.11641828715801239,
            0.023250965401530266,
            0.022417835891246796
        ],
        [
            0.10992132127285004,
            0.0340566486120224,
            0.020758971571922302
        ],
        [
            0.18427443504333496,
            -0.0024106851778924465,
            -0.010099465027451515
        ],
        [
            0.21014274656772614,
            -0.02279888466000557,
            -0.024204924702644348
        ],
        [
            0.20889124274253845,
            -0.024602873250842094,
            -0.01877667009830475
        ],
        [
            0.19076122343540192,
            -0.021970072761178017,
            -0.020429490134119987
        ],
        [
            0.19259995222091675,
            -0.019976099953055382,
            -0.02679850533604622
        ],
        [
            0.19235756993293762,
            -0.00020680431043729186,
            -0.017872119322419167
        ],
        [
            0.18948549032211304,
            -0.003344136755913496,
            -0.012199598364531994
        ],
        [
            0.192366361618042,
            -0.004197720438241959,
            -0.01346396841108799
        ],
        [
            0.19661422073841095,
            -0.0011459621600806713,
            -0.017348019406199455
        ],
        [
            0.17600838840007782,
            0.036125920712947845,
            -0.01465955376625061
        ],
        [
            0.169532909989357,
            0.03519449010491371,
            -0.010144180618226528
        ],
        [
            0.17341209948062897,
            0.0019873729906976223,
            -0.03291225805878639
        ],
        [
            0.17248496413230896,
            -0.011996298097074032,
            -0.03409191966056824
        ],
        [
            0.16101542115211487,
            -0.013549912720918655,
            -0.02996111288666725
        ],
        [
            0.15706944465637207,
            0.020890293642878532,
            -0.0038791466504335403
        ],
        [
            0.1668335199356079,
            0.023538712412118912,
            -0.007700122892856598
        ],
        [
            0.16541236639022827,
            0.027442803606390953,
            -0.0073999036103487015
        ],
        [
            0.1776382327079773,
            0.0037636365741491318,
            -0.008926858194172382
        ],
        [
            0.18565942347049713,
            0.002786635421216488,
            -0.012773372232913971
        ],
        [
            0.1811862736940384,
            0.006994323804974556,
            -0.012311398983001709
        ],
        [
            0.17410677671432495,
            0.008006126619875431,
            -0.008744596503674984
        ],
        [
            0.11936568468809128,
            0.04749526083469391,
            -0.0066894348710775375
        ],
        [
            0.12257510423660278,
            0.05031048506498337,
            0.0041982755064964294
        ],
        [
            0.2164229452610016,
            -0.02320709452033043,
            -0.010549195110797882
        ],
        [
            0.21258428692817688,
            -0.023048339411616325,
            -0.012216884642839432
        ],
        [
            0.14644025266170502,
            0.018817825242877007,
            0.0003303010016679764
        ],
        [
            0.14769265055656433,
            -0.014962591230869293,
            -0.024211246520280838
        ],
        [
            0.13638806343078613,
            0.017594972625374794,
            0.005912281572818756
        ],
        [
            0.1602468192577362,
            0.04139239713549614,
            -0.026593269780278206
        ],
        [
            0.1634758859872818,
            0.045871492475271225,
            -0.020800607278943062
        ],
        [
            0.16898053884506226,
            0.04520741477608681,
            -0.022909285500645638
        ],
        [
            0.16778358817100525,
            0.04322821646928787,
            -0.028768714517354965
        ],
        [
            0.21155580878257751,
            -0.004039487801492214,
            -0.01732407882809639
        ],
        [
            0.21072863042354584,
            -0.006425962783396244,
            -0.012114128097891808
        ],
        [
            0.21476006507873535,
            -0.0075213550589978695,
            -0.01178126223385334
        ],
        [
            0.21646040678024292,
            -0.005372527986764908,
            -0.016981426626443863
        ],
        [
            0.18698705732822418,
            -0.008243667893111706,
            -0.00991972628980875
        ],
        [
            0.18476904928684235,
            -0.014244569465517998,
            -0.010047798976302147
        ],
        [
            0.19019943475723267,
            -0.014607170596718788,
            -0.010593177750706673
        ],
        [
            0.19166108965873718,
            -0.008836505934596062,
            -0.011335130780935287
        ],
        [
            0.18457412719726562,
            -0.019268641248345375,
            -0.014602696523070335
        ],
        [
            0.18963927030563354,
            -0.01992391236126423,
            -0.014447302557528019
        ],
        [
            0.21230089664459229,
            -0.005543502513319254,
            -0.023670056834816933
        ],
        [
            0.2123270183801651,
            -0.011545751243829727,
            -0.028317071497440338
        ],
        [
            0.19667351245880127,
            -0.007257658056914806,
            -0.030237842351198196
        ],
        [
            0.19928978383541107,
            -0.002854847116395831,
            -0.024231594055891037
        ],
        [
            0.11445607244968414,
            0.02084299549460411,
            -0.021105486899614334
        ],
        [
            0.11131460219621658,
            0.030882827937602997,
            -0.017051098868250847
        ],
        [
            0.12548565864562988,
            0.034854304045438766,
            -0.019751889631152153
        ],
        [
            0.13870638608932495,
            0.039119455963373184,
            -0.023121923208236694
        ],
        [
            0.15183605253696442,
            0.04206840321421623,
            -0.025163806974887848
        ],
        [
            0.154688760638237,
            0.03187582269310951,
            -0.03174225240945816
        ],
        [
            0.12222452461719513,
            0.041296351701021194,
            -0.015816528350114822
        ],
        [
            0.18547722697257996,
            0.0043539791367948055,
            -0.02652393840253353
        ],
        [
            0.18375489115715027,
            -0.003278100397437811,
            -0.03107764571905136
        ],
        [
            0.18013723194599152,
            0.003663234179839492,
            -0.03138812258839607
        ],
        [
            0.13525182008743286,
            0.024584675207734108,
            0.008451929315924644
        ],
        [
            0.2078622728586197,
            -0.02311675436794758,
            -0.013616256415843964
        ],
        [
            0.09237565845251083,
            -0.01656009629368782,
            -0.011285866610705853
        ],
        [
            0.08946353197097778,
            -0.004151025786995888,
            -0.016533080488443375
        ],
        [
            0.09815408289432526,
            -0.005117272026836872,
            -0.01755349524319172
        ],
        [
            0.10180215537548065,
            -0.019028544425964355,
            -0.010648434981703758
        ],
        [
            0.2089361697435379,
            -0.012244531884789467,
            -0.008878112770617008
        ],
        [
            0.20773766934871674,
            -0.018522366881370544,
            -0.009140600450336933
        ],
        [
            0.16836927831172943,
            0.041933976113796234,
            -0.010140933096408844
        ],
        [
            0.17350457608699799,
            0.04152302071452141,
            -0.014681519940495491
        ],
        [
            0.1727188527584076,
            0.04477934166789055,
            -0.01719934307038784
        ],
        [
            0.16882692277431488,
            0.047968000173568726,
            -0.011812319979071617
        ],
        [
            0.10874797403812408,
            0.035284917801618576,
            -0.013826636597514153
        ],
        [
            0.14868535101413727,
            0.05949694663286209,
            -0.014171725139021873
        ],
        [
            0.14955641329288483,
            0.05349544435739517,
            -0.022479897364974022
        ],
        [
            0.09898902475833893,
            0.026958785951137543,
            -0.014699737541377544
        ],
        [
            0.10136939585208893,
            0.018266040831804276,
            -0.018810776993632317
        ],
        [
            0.0918184146285057,
            0.016965661197900772,
            -0.016992341727018356
        ],
        [
            0.16663216054439545,
            0.021914508193731308,
            -0.034309353679418564
        ],
        [
            0.11898496001958847,
            0.01377667672932148,
            -0.02372106723487377
        ],
        [
            0.10493669658899307,
            0.011550486087799072,
            -0.02042289823293686
        ],
        [
            0.09367967396974564,
            0.009664966724812984,
            -0.01835184544324875
        ],
        [
            0.08535250276327133,
            0.009063968434929848,
            -0.017355818301439285
        ],
        [
            0.08419543504714966,
            0.017107918858528137,
            -0.015844300389289856
        ],
        [
            0.2117007076740265,
            -0.017476720735430717,
            -0.027428653091192245
        ],
        [
            0.21844686567783356,
            -0.012599512003362179,
            -0.026600152254104614
        ],
        [
            0.07504229247570038,
            0.01766054332256317,
            -0.01607939973473549
        ],
        [
            0.0768718421459198,
            0.008509092032909393,
            -0.017119264230132103
        ],
        [
            0.1086140125989914,
            0.003030122723430395,
            -0.021151907742023468
        ],
        [
            0.11321043223142624,
            -0.007749598473310471,
            -0.02008066698908806
        ],
        [
            0.12214444577693939,
            0.0055389911867678165,
            -0.024040071293711662
        ],
        [
            0.12777845561504364,
            -0.004762761760503054,
            -0.023704105988144875
        ],
        [
            0.1650695949792862,
            0.011944659054279327,
            -0.037285201251506805
        ],
        [
            0.23420007526874542,
            -0.011145991273224354,
            -0.01734919846057892
        ],
        [
            0.22411927580833435,
            -0.008903050795197487,
            -0.021732371300458908
        ],
        [
            0.2219364047050476,
            -0.006653096992522478,
            -0.016750365495681763
        ],
        [
            0.2326783537864685,
            -0.008218197152018547,
            -0.014519685879349709
        ],
        [
            0.2178141176700592,
            -0.006961509585380554,
            -0.022600015625357628
        ],
        [
            0.2237842082977295,
            -0.014003938995301723,
            -0.024422070011496544
        ],
        [
            0.1332980990409851,
            -0.0179438553750515,
            -0.018384601920843124
        ],
        [
            0.1876361221075058,
            0.006775269750505686,
            -0.01728683151304722
        ],
        [
            0.11870289593935013,
            -0.02311830222606659,
            -0.010422852821648121
        ],
        [
            0.14439088106155396,
            -0.02911818027496338,
            -0.012145370244979858
        ],
        [
            0.1348266452550888,
            -0.03270401433110237,
            -0.0036525651812553406
        ],
        [
            0.10513410717248917,
            -0.029086478054523468,
            -0.00031319819390773773
        ],
        [
            0.12125128507614136,
            -0.03531984984874725,
            0.005029395222663879
        ],
        [
            0.08688051253557205,
            -0.023805413395166397,
            -0.0024456605315208435
        ],
        [
