{
    "pred_cam": [
        8.14544677734375,
        -0.07408308237791061,
        -0.030353453010320663
    ],
    "pred_mano_params": {
        "global_orient": [
            [
                [
                    0.5256032347679138,
                    -0.8077697157859802,
                    -0.266925573348999
                ],
                [
                    -0.45220592617988586,
                    0.0004873049329034984,
                    -0.8919134140014648
                ],
                [
                    0.7205907702445984,
                    0.5894978642463684,
                    -0.36502212285995483
                ]
            ]
        ],
        "hand_pose": [
            [
                [
                    0.7117676734924316,
                    -0.639396071434021,
                    -0.2907908856868744
                ],
                [
                    0.6320260167121887,
                    0.7636150121688843,
                    -0.13204242289066315
                ],
                [
                    0.30647969245910645,
                    -0.08980386704206467,
                    0.9476314187049866
                ]
            ],
            [
                [
                    0.4522864520549774,
                    -0.835202157497406,
                    0.3128488063812256
                ],
                [
                    0.8880151510238647,
                    0.38912564516067505,
                    -0.24497011303901672
                ],
                [
                    0.08286207914352417,
                    0.3886111080646515,
                    0.9176684021949768
                ]
            ],
            [
                [
                    0.8437379002571106,
                    -0.5353832244873047,
                    0.038355503231287
                ],
                [
                    0.5302547216415405,
                    0.8424761891365051,
                    0.09520411491394043
                ],
                [
                    -0.08328428119421005,
                    -0.05998913198709488,
                    0.9947185516357422
                ]
            ],
            [
                [
                    0.6589915752410889,
                    -0.7461734414100647,
                    -0.09463320672512054
                ],
                [
                    0.7432826161384583,
                    0.6653102040290833,
                    -0.06995242089033127
                ],
                [
                    0.11515706777572632,
                    -0.024241164326667786,
                    0.9930515885353088
                ]
            ],
            [
                [
                    0.6937528252601624,
                    -0.656113862991333,
                    -0.2970213294029236
                ],
                [
                    0.7183944582939148,
                    0.6597031354904175,
                    0.2206835299730301
                ],
                [
                    0.05115238204598427,
                    -0.36647823452949524,
                    0.9290194511413574
                ]
            ],
            [
                [
                    0.8579202890396118,
                    -0.5077765583992004,
                    0.07833082228899002
                ],
                [
                    0.5101090669631958,
                    0.860027551651001,
                    -0.011886557564139366
                ],
                [
                    -0.06133095175027847,
                    0.05015498399734497,
                    0.9968565106391907
                ]
            ],
            [
                [
                    0.8961856961250305,
                    -0.17684794962406158,
                    0.4069102108478546
                ],
                [
                    0.27293261885643005,
                    0.9428101778030396,
                    -0.19135496020317078
                ],
                [
                    -0.3497983515262604,
                    0.2825486958026886,
                    0.8932005763053894
                ]
            ],
            [
                [
                    0.8369894027709961,
                    -0.468851774930954,
                    -0.28218215703964233
                ],
                [
                    0.516110897064209,
                    0.504969596862793,
                    0.6918346881866455
                ],
                [
                    -0.18187452852725983,
                    -0.7246955633163452,
                    0.6646336913108826
                ]
            ],
            [
                [
                    0.8410183787345886,
                    -0.5330787301063538,
                    0.09227707237005234
                ],
                [
                    0.49059218168258667,
                    0.8233703374862671,
                    0.28527307510375977
                ],
                [
                    -0.22805121541023254,
                    -0.19464951753616333,
                    0.9539938569068909
                ]
            ],
            [
                [
                    0.8419163227081299,
                    -0.526921808719635,
                    0.11632008105516434
                ],
                [
                    0.5394779443740845,
                    0.8171904683113098,
                    -0.20288747549057007
                ],
                [
                    0.011850165203213692,
                    0.23356640338897705,
                    0.9722687005996704
                ]
            ],
            [
                [
                    0.7050009965896606,
                    -0.6830504536628723,
                    -0.1908290535211563
                ],
                [
                    0.6792775988578796,
                    0.5730045437812805,
                    0.45852774381637573
                ],
                [
                    -0.2038516253232956,
                    -0.4528884291648865,
                    0.8679496645927429
                ]
            ],
            [
                [
                    0.7593529224395752,
                    -0.6506141424179077,
                    -0.009176111780107021
                ],
                [
                    0.6399540305137634,
                    0.7442127466201782,
                    0.19132749736309052
                ],
                [
                    -0.11765141040086746,
                    -0.151157408952713,
                    0.9814832806587219
                ]
            ],
            [
                [
                    0.9067110419273376,
                    0.3684980869293213,
                    -0.20514416694641113
                ],
                [
                    -0.4212752878665924,
                    0.8144525289535522,
                    -0.3989914059638977
                ],
                [
                    0.02005261741578579,
                    0.44819211959838867,
                    0.8937122225761414
                ]
            ],
            [
                [
                    0.7806248664855957,
                    -0.4240305423736572,
                    -0.45915451645851135
                ],
                [
                    0.5634413957595825,
                    0.7953807711601257,
                    0.2233901023864746
                ],
                [
                    0.2704784870147705,
                    -0.43309053778648376,
                    0.8598103523254395
                ]
            ],
            [
                [
                    0.9811230897903442,
                    -0.1927996724843979,
                    -0.015017216093838215
                ],
                [
                    0.15954314172267914,
                    0.8508747220039368,
                    -0.5005579590797424
                ],
                [
                    0.10928524285554886,
                    0.48871317505836487,
                    0.8655726909637451
                ]
            ]
        ],
        "betas": [
            -0.07436344027519226,
            -0.017705053091049194,
            -0.02517905831336975,
            0.08131358027458191,
            0.04744526743888855,
            0.0036664269864559174,
            0.019567161798477173,
            0.02793349325656891,
            -0.039592623710632324,
            -0.07618337869644165
        ]
    },
    "pred_cam_t": [
        -0.07408308237791061,
        -0.030353453010320663,
        4.795623779296875
    ],
    "focal_length": [
        5000.0,
        5000.0
    ],
    "pred_keypoints_3d": [
        [
            0.09608623385429382,
            0.006426000036299229,
            0.006190032232552767
        ],
        [
            0.08902513235807419,
            -0.0058011747896671295,
            -0.029947634786367416
        ],
        [
            0.07189585268497467,
            -0.014687159098684788,
            -0.05416438356041908
        ],
        [
            0.061965376138687134,
            -0.003880489617586136,
            -0.07707148790359497
        ],
        [
            0.06031886488199234,
            0.008252054452896118,
            -0.11029539257287979
        ],
        [
            0.0482170395553112,
            0.027957763522863388,
            -0.06828498840332031
        ],
        [
            0.050994228571653366,
            0.04736087843775749,
            -0.09496479481458664
        ],
        [
            0.07247770577669144,
            0.04701247066259384,
            -0.10079029202461243
        ],
        [
            0.09623493999242783,
            0.04094807803630829,
            -0.09691466391086578
        ],
        [
            0.04820660129189491,
            0.052449826151132584,
            -0.06198159605264664
        ],
        [
            0.05687355995178223,
            0.07033473253250122,
            -0.08678077161312103
        ],
        [
            0.0787682980298996,
            0.07306622713804245,
            -0.09433719515800476
        ],
        [
            0.10331636667251587,
            0.06778067350387573,
            -0.09921536594629288
        ],
        [
            0.06327304244041443,
            0.06743450462818146,
            -0.04553583264350891
        ],
        [
            0.06128013879060745,
            0.08330531418323517,
            -0.0696566253900528
        ],
        [
            0.0817650705575943,
            0.08913087099790573,
            -0.08248601108789444
        ],
        [
            0.10559744387865067,
            0.08421198278665543,
            -0.08892814069986343
        ],
        [
            0.07938553392887115,
            0.07634853571653366,
            -0.03365163505077362
        ],
        [
            0.07185239344835281,
            0.0902109295129776,
            -0.04778282344341278
        ],
        [
            0.08256930857896805,
            0.09725639969110489,
            -0.0618293322622776
        ],
        [
            0.09606844186782837,
            0.0950508564710617,
            -0.0736284852027893
        ]
    ],
    "pred_vertices": [
        [
            0.07886392623186111,
            0.014305831864476204,
            -0.04551224038004875
        ],
        [
            0.08594893664121628,
            0.009954873472452164,
            -0.039447005838155746
        ],
        [
            0.08097060024738312,
            0.0059615494683384895,
            -0.04899590462446213
        ],
        [
            0.07520671933889389,
            0.009987913072109222,
            -0.05377733334898949
        ],
        [
            0.09786362946033478,
            -0.005951054394245148,
            -0.04498305171728134
        ],
        [
            0.09923113882541656,
            -0.018408140167593956,
            -0.042140401899814606
        ],
        [
            0.08790948241949081,
            -0.0187514778226614,
            -0.05659611523151398
        ],
        [
            0.0893864780664444,
            -0.00831684097647667,
            -0.05711829662322998
        ],
        [
            0.06974243372678757,
            0.005985311232507229,
            -0.058815278112888336
        ],
        [
            0.07689173519611359,
            0.002802599221467972,
            -0.055918749421834946
        ],
        [
            0.06486322730779648,
            0.0023705381900072098,
            -0.05645531043410301
        ],
        [
            0.054351989179849625,
            0.0057054078206419945,
            -0.05831011384725571
        ],
        [
            0.06155893951654434,
            0.009039853699505329,
            -0.06133672222495079
        ],
        [
            0.04812714457511902,
            0.010368725284934044,
            -0.06180006265640259
        ],
        [
            0.050540078431367874,
            0.0019426923245191574,
            -0.04808475822210312
        ],
        [
            0.041769519448280334,
            0.013463642448186874,
            -0.055218614637851715
        ],
        [
            0.05106103792786598,
            0.020727423951029778,
            -0.028350654989480972
        ],
        [
            0.055949583649635315,
            0.03070581890642643,
            -0.02090713009238243
        ],
        [
            0.047755878418684006,
            0.040404513478279114,
            -0.03294194117188454
        ],
        [
            0.04415920004248619,
            0.029370710253715515,
            -0.040131233632564545
        ],
        [
            0.06178773567080498,
            0.050635434687137604,
            -0.020765233784914017
        ],
        [
            0.05358491837978363,
            0.04559817910194397,
            -0.027953576296567917
        ],
        [
            0.06054534390568733,
            0.03616270422935486,
            -0.015265051275491714
        ],
        [
            0.06749860942363739,
            0.04132433980703354,
            -0.009582716971635818
        ],
        [
            0.08528611063957214,
            0.022647865116596222,
            -0.03307017683982849
        ],
        [
            0.09241174161434174,
            0.018509773537516594,
            -0.025742802768945694
        ],
        [
            0.08984839916229248,
            0.015265949070453644,
            -0.029810160398483276
        ],
        [
            0.08312052488327026,
            0.019097832962870598,
            -0.036672722548246384
        ],
        [
            0.0612981915473938,
            -0.006392901763319969,
            -0.05574100464582443
        ],
        [
            0.06015007197856903,
            -0.010283267125487328,
            -0.04768951237201691
        ],
        [
            0.06001929193735123,
            -0.0031998027116060257,
            -0.05156362056732178
        ],
        [
            0.06464006751775742,
            -0.002580951899290085,
            -0.05789373070001602
        ],
        [
            0.11450224369764328,
            0.014115318655967712,
            -0.007784821093082428
        ],
        [
            0.11536723375320435,
            0.006568916141986847,
            0.00343901664018631
        ],
        [
            0.11305880546569824,
            0.0017243213951587677,
            0.0009804293513298035
        ],
        [
            0.11248107254505157,
            0.009867921471595764,
            -0.008618108928203583
        ],
        [
            0.10769094526767731,
            -0.014575470238924026,
            -0.018032878637313843
        ],
        [
            0.10691232234239578,
            -0.01425868272781372,
            -0.006109222769737244
        ],
        [
            0.09915108233690262,
            -0.024974990636110306,
            -0.0004404336214065552
        ],
        [
            0.09632115066051483,
            -0.025088511407375336,
            -0.01057393103837967
        ],
        [
            0.10502924025058746,
            -0.016474459320306778,
            -0.030975501984357834
        ],
        [
            0.09721440076828003,
            -0.026701897382736206,
            -0.024414613842964172
        ],
        [
            0.09252404421567917,
            -0.02727554365992546,
            -0.0375123955309391
        ],
        [
            0.08189766108989716,
            -0.025822622701525688,
            -0.05350511521100998
        ],
        [
            0.1180732250213623,
            0.017173871397972107,
            0.010317713022232056
        ],
        [
            0.1183130145072937,
            0.024157561361789703,
            0.002886533737182617
        ],
        [
            0.06088540703058243,
            0.03647103160619736,
            -0.09168897569179535
        ],
        [
            0.06357358396053314,
            0.041134703904390335,
            -0.0884709507226944
        ],
        [
            0.06259492039680481,
            0.039517540484666824,
            -0.08739442378282547
        ],
        [
            0.05996500700712204,
            0.0355963371694088,
            -0.09080710262060165
        ],
        [
            0.10637335479259491,
            0.031593672931194305,
            0.01859366148710251
        ],
        [
            0.09725800901651382,
            0.03149931877851486,
            0.023150678724050522
        ],
        [
            0.10202436149120331,
            0.028370924293994904,
            0.027772486209869385
        ],
        [
            0.11006902903318405,
            0.02665506675839424,
            0.023011676967144012
        ],
        [
            0.10155685245990753,
            0.037998564541339874,
            0.012590207159519196
        ],
        [
            0.0910157859325409,
            0.03537110984325409,
            0.016099903732538223
        ],
        [
            0.0525171123445034,
            0.041522372514009476,
            -0.10034742206335068
        ],
        [
            0.055370815098285675,
            0.037273965775966644,
            -0.098812036216259
        ],
        [
            0.051699668169021606,
            0.036851756274700165,
            -0.09667201340198517
        ],
        [
            0.048373520374298096,
            0.04109204187989235,
            -0.09652187675237656
        ],
        [
            0.06853044778108597,
            0.013222508132457733,
            -0.0593038834631443
        ],
        [
            0.07374878227710724,
            0.018363673239946365,
            -0.05290670692920685
        ],
        [
            0.05985906720161438,
            0.02301400899887085,
            -0.06954781711101532
        ],
        [
            0.06456077098846436,
            0.022415246814489365,
            -0.062479786574840546
        ],
        [
            0.06157398968935013,
            0.015954773873090744,
            -0.06435952335596085
        ],
        [
            0.05697521194815636,
            0.01749413087964058,
            -0.06970226764678955
        ],
        [
            0.07425723224878311,
            0.03747090324759483,
            -0.046705953776836395
        ],
        [
            0.07996148616075516,
            0.031019534915685654,
            -0.03869222477078438
        ],
        [
            0.07683810591697693,
            0.02716774493455887,
            -0.04307219386100769
        ],
        [
            0.07068106532096863,
            0.032797351479530334,
            -0.05306994169950485
        ],
        [
            0.08802628517150879,
            0.0409398153424263,
            -0.03228966146707535
        ],
        [
            0.08143175393342972,
            0.046551626175642014,
            -0.040551021695137024
        ],
        [
            0.08674095571041107,
            0.05170619487762451,
            -0.036079633980989456
        ],
        [
            0.09127693623304367,
            0.04667283594608307,
            -0.03147560730576515
        ],
        [
            0.06808167695999146,
            0.05328941345214844,
            -0.054795973002910614
        ],
        [
            0.06395811587572098,
            0.05655490234494209,
            -0.058579713106155396
        ],
        [
            0.06621338427066803,
            0.06031369790434837,
            -0.05867437273263931
        ],
        [
            0.07012446224689484,
            0.05598060041666031,
            -0.05288209766149521
        ],
        [
            0.10569494962692261,
            0.024883877485990524,
            0.032792143523693085
        ],
        [
            0.11291471868753433,
            0.02124648168683052,
            0.027025826275348663
        ],
        [
            0.0778483897447586,
            0.06186310946941376,
            -0.011328160762786865
        ],
        [
            0.08896192163228989,
            0.06348370760679245,
            -0.00958050787448883
        ],
        [
            0.0842728242278099,
            0.07322175800800323,
            -0.01708679273724556
        ],
        [
            0.07367271929979324,
            0.0687304362654686,
            -0.016930170357227325
        ],
        [
            0.0876271054148674,
            0.02730356529355049,
            0.02306802198290825
        ],
        [
            0.0922626256942749,
            0.025908783078193665,
            0.029326558113098145
        ],
        [
            0.05147894471883774,
            0.04784219339489937,
            -0.09915408492088318
        ],
        [
            0.047665152698755264,
            0.04709520563483238,
            -0.09489255398511887
        ],
        [
            0.08334696292877197,
            -0.028664004057645798,
            -0.02877039462327957
        ],
        [
            0.07479415833950043,
            -0.02767268940806389,
            -0.048151977360248566
        ],
        [
            0.0867295116186142,
            -0.02661687135696411,
            -0.013888031244277954
        ],
        [
            0.08742578327655792,
            -0.0249374620616436,
            -0.003090202808380127
        ],
        [
            0.08872903138399124,
            -0.02661733701825142,
            0.005465872585773468
        ],
        [
            0.06481671333312988,
            0.02907107025384903,
            -0.06239624321460724
        ],
        [
            0.077492356300354,
            0.02142089605331421,
            -0.04477522522211075
        ],
        [
            0.08773165941238403,
            0.02608853206038475,
            -0.030267581343650818
        ],
        [
            0.104493647813797,
            0.05035634711384773,
            -0.02055932581424713
        ],
        [
            0.10996830463409424,
            0.04394637420773506,
            -0.013829126954078674
        ],
        [
            0.10464450716972351,
            0.038446202874183655,
            -0.0213458389043808
        ],
        [
            0.10043486952781677,
            0.04525334760546684,
            -0.025283392518758774
        ],
        [
            0.09734871983528137,
            0.06408178806304932,
            -0.014551889151334763
        ],
        [
            0.09949958324432373,
            0.06137217581272125,
            -0.021908974274992943
        ],
        [
            0.0944460779428482,
            0.06814759224653244,
            -0.027486342936754227
        ],
        [
            0.0921429768204689,
            0.07196082919836044,
            -0.021079333499073982
        ],
        [
            0.05887790769338608,
            -0.013500727713108063,
            -0.05617880821228027
        ],
        [
            0.06136917322874069,
            -0.01741371676325798,
            -0.04502814635634422
        ],
        [
            0.11427468806505203,
            0.028678741306066513,
            0.012072049081325531
        ],
        [
            0.11602610349655151,
            0.0221659354865551,
            0.016020622104406357
        ],
        [
            0.11722424626350403,
            0.016656197607517242,
            0.022365249693393707
        ],
        [
            0.10404514521360397,
            0.015295606106519699,
            -0.01791144162416458
        ],
        [
            0.11134103685617447,
            0.0068269819021224976,
            -0.009441293776035309
        ],
        [
            0.11030517518520355,
            0.0034314803779125214,
            -0.012903742492198944
        ],
        [
            0.10226853936910629,
            0.013275887817144394,
            -0.019454441964626312
        ],
        [
            0.09585040807723999,
            0.0059295594692230225,
            -0.03610583394765854
        ],
        [
            0.10534975677728653,
            -0.002635633572936058,
            -0.030986115336418152
        ],
        [
            0.0894666463136673,
            0.00321748573333025,
            -0.047669507563114166
        ],
        [
            0.1108914166688919,
            -0.005869656801223755,
            -0.0012245699763298035
        ],
        [
            0.11596724390983582,
            -0.004555016756057739,
            0.008686572313308716
        ],
        [
            0.11210308969020844,
            -0.012174956500530243,
            0.006022326648235321
        ],
        [
            0.11844223737716675,
            0.00372522696852684,
            0.013448648154735565
        ],
        [
            0.11922290176153183,
            0.011314477771520615,
            0.018182486295700073
        ],
        [
            0.09454566240310669,
            0.023742467164993286,
            0.0372948944568634
        ],
        [
            0.10676945000886917,
            -0.018435996025800705,
            0.0038882121443748474
        ],
        [
            0.08286398649215698,
            -0.010070886462926865,
            -0.06364408880472183
        ],
        [
            0.077794648706913,
            -0.00925574079155922,
            -0.06830672174692154
        ],
        [
            0.07615159451961517,
            -0.0029405001550912857,
            -0.06472311913967133
        ],
        [
            0.07959997653961182,
            -0.0032774116843938828,
            -0.060460466891527176
        ],
        [
            0.04348370060324669,
            0.016543343663215637,
            -0.06791223585605621
        ],
        [
            0.05109567940235138,
            0.015489816665649414,
            -0.07043993473052979
        ],
        [
            0.055653393268585205,
            0.010527592152357101,
            -0.06425517052412033
        ],
        [
            0.11197246611118317,
            0.024195678532123566,
            -0.012982655316591263
        ],
        [
            0.1155615895986557,
            0.03225037455558777,
            -0.0038503073155879974
        ],
        [
            0.060118019580841064,
            0.02949264831840992,
            -0.06920585036277771
        ],
        [
            0.045226357877254486,
            0.039857037365436554,
            -0.09374269843101501
        ],
        [
            0.04871377348899841,
            0.034908317029476166,
            -0.09450121223926544
        ],
        [
            0.044540684670209885,
            0.025475820526480675,
            -0.08129597455263138
        ],
        [
            0.0401194766163826,
            0.030867572873830795,
            -0.08002942055463791
        ],
        [
            0.05562692508101463,
            0.03834865242242813,
            -0.07074204087257385
        ],
        [
            0.05915217846632004,
            0.03204681724309921,
            -0.0713798850774765
        ],
        [
            0.058791570365428925,
            0.03399711102247238,
            -0.07201402634382248
        ],
        [
            0.05740750953555107,
            0.040608469396829605,
            -0.07151854783296585
        ],
        [
            0.07128670066595078,
            0.06458140909671783,
            -0.052168749272823334
        ],
        [
            0.07514739036560059,
            0.060843199491500854,
            -0.04750308394432068
        ],
        [
            0.041205838322639465,
            0.03843943774700165,
            -0.05351606383919716
        ],
        [
            0.03488029167056084,
            0.026803256943821907,
            -0.05622245371341705
        ],
        [
            0.040667690336704254,
            0.019507719203829765,
            -0.046102125197649
        ],
        [
            0.07835841178894043,
            0.04211493209004402,
            -0.04243739694356918
        ],
        [
            0.07355985045433044,
            0.04857218265533447,
            -0.04926782846450806
        ],
        [
            0.0755995661020279,
            0.05164824426174164,
            -0.04713371396064758
        ],
        [
            0.0636795163154602,
            0.033699214458465576,
            -0.06310582906007767
        ],
        [
            0.05960488319396973,
            0.0356057770550251,
            -0.06789251416921616
        ],
        [
            0.061137448996305466,
            0.03875839337706566,
            -0.06438406556844711
        ],
        [
            0.06585294008255005,
            0.037082821130752563,
            -0.05937207490205765
        ],
        [
            0.09300258010625839,
            0.05461375415325165,
            -0.0005761347711086273
        ],
        [
            0.10318756103515625,
            0.0554998517036438,
            -0.006224885582923889
        ],
        [
            0.05817632004618645,
            0.035269055515527725,
            -0.09554609656333923
        ],
        [
            0.05601347237825394,
            0.0346025787293911,
            -0.09439478814601898
        ],
        [
            0.08385992050170898,
            0.03567434847354889,
            -0.03463102877140045
        ],
        [
            0.049393441528081894,
            0.012303141877055168,
            -0.03532442823052406
        ],
        [
            0.09073473513126373,
            0.02983587607741356,
            -0.02750246971845627
        ],
        [
            0.06281464546918869,
            0.06846845149993896,
            -0.034116655588150024
        ],
        [
            0.06798676401376724,
            0.0721590593457222,
            -0.03729093074798584
        ],
        [
            0.06632654368877411,
            0.07384443283081055,
            -0.04304533451795578
        ],
        [
            0.06074431166052818,
            0.07281552255153656,
            -0.04183023050427437
        ],
        [
            0.05957283452153206,
            0.048594072461128235,
            -0.08161842077970505
        ],
        [
            0.06280190497636795,
            0.043998558074235916,
            -0.08380037546157837
        ],
        [
            0.0629628598690033,
            0.045182134956121445,
            -0.08453701436519623
        ],
        [
            0.060279712080955505,
            0.050646547228097916,
            -0.0841124877333641
        ],
        [
            0.05880838632583618,
            0.026326850056648254,
            -0.07298855483531952
        ],
        [
            0.05572693049907684,
            0.021027231588959694,
            -0.07456936687231064
        ],
        [
            0.05639345571398735,
            0.024910401552915573,
            -0.07818116247653961
        ],
        [
            0.058599282056093216,
            0.029771331697702408,
            -0.07517778128385544
        ],
        [
            0.049747683107852936,
            0.01975809782743454,
            -0.07571487128734589
        ],
        [
            0.05046124383807182,
            0.023320652544498444,
            -0.08023452758789062
        ],
        [
            0.05386119335889816,
            0.051669422537088394,
            -0.08246447890996933
        ],
        [
            0.04758919030427933,
            0.05047621577978134,
            -0.08700588345527649
        ],
        [
            0.04342135041952133,
            0.04324376583099365,
            -0.07311864197254181
        ],
        [
            0.05114563927054405,
            0.045032575726509094,
            -0.07245651632547379
        ],
        [
            0.07200977951288223,
            0.03243957459926605,
            0.0017864517867565155
        ],
        [
            0.079823799431324,
            0.03940797224640846,
            0.005836918950080872
        ],
        [
            0.07549137622117996,
            0.048460304737091064,
            -0.005258258432149887
        ],
        [
            0.07059648633003235,
            0.05785985291004181,
            -0.015159402042627335
        ],
        [
            0.06609407067298889,
            0.0658910870552063,
            -0.025716740638017654
        ],
        [
            0.05625119060277939,
            0.05916091427206993,
            -0.029414109885692596
        ],
        [
            0.08198033273220062,
            0.05222384259104729,
            -0.001879122108221054
        ],
        [
            0.049415137618780136,
            0.042008176445961,
            -0.06546151638031006
        ],
        [
            0.041549719870090485,
            0.0379251204431057,
            -0.06351964920759201
        ],
        [
            0.0443110466003418,
            0.041397761553525925,
            -0.06102818250656128
        ],
        [
            0.0956159234046936,
            0.035165224224328995,
            -0.025491852313280106
        ],
        [
            0.053590841591358185,
            0.0326249785721302,
            -0.09354738146066666
        ],
        [
            0.07363870739936829,
            -0.01099199429154396,
            0.01026742160320282
        ],
        [
            0.07354031503200531,
            0.0003803558647632599,
            0.017168425023555756
        ],
        [
            0.07032714784145355,
            0.002752050757408142,
            0.009302124381065369
        ],
        [
            0.0713580846786499,
            -0.00983087345957756,
            0.0013431012630462646
        ],
        [
            0.06269751489162445,
            0.0378250777721405,
            -0.08772851526737213
        ],
        [
            0.05927983671426773,
            0.03330959752202034,
            -0.0908500924706459
        ],
        [
            0.07711993157863617,
            0.06714395433664322,
            -0.04494880884885788
        ],
        [
            0.07265244424343109,
            0.06922489404678345,
            -0.04899609088897705
        ],
        [
            0.07098738849163055,
            0.07268985360860825,
            -0.04738963395357132
        ],
        [
            0.07616756111383438,
            0.07365398854017258,
            -0.044110506772994995
        ],
        [
            0.08482353389263153,
            0.04169381782412529,
            0.008249625563621521
        ],
        [
            0.08005212247371674,
            0.07880078256130219,
            -0.022312916815280914
        ],
        [
            0.07164929807186127,
            0.07482075691223145,
            -0.02173645794391632
        ],
        [
            0.08335650712251663,
            0.03117232769727707,
            0.015429090708494186
        ],
        [
            0.07616245001554489,
            0.025159206241369247,
            0.012391768395900726
        ],
        [
            0.0794757753610611,
            0.020378176122903824,
            0.020279932767152786
        ],
        [
            0.048598792403936386,
            0.05441233143210411,
            -0.04219978675246239
        ],
        [
            0.06625339388847351,
            0.0282330010086298,
            -0.0033138729631900787
        ],
        [
            0.07165445387363434,
            0.02069089561700821,
            0.007968313992023468
        ],
        [
            0.07543288171291351,
            0.01474146917462349,
            0.017191320657730103
        ],
        [
            0.07795767486095428,
            0.011179260909557343,
            0.024400778114795685
        ],
        [
            0.0822523683309555,
            0.01769452914595604,
            0.02697254717350006
        ],
        [
            0.04526355862617493,
            0.04560679942369461,
            -0.09074781090021133
        ],
        [
            0.05024084076285362,
            0.05325906723737717,
            -0.09143044054508209
        ],
        [
            0.08429105579853058,
            0.01521531492471695,
            0.03555819392204285
        ],
        [
            0.0798783004283905,
            0.007791779935359955,
            0.03196941316127777
        ],
        [
            0.06735464185476303,
            0.014385335147380829,
            0.0027052387595176697
        ],
        [
            0.06386695057153702,
            0.0063435956835746765,
            -0.0039454177021980286
        ],
        [
            0.062479257583618164,
            0.021941205486655235,
            -0.008137721568346024
        ],
        [
            0.058125805109739304,
            0.014633534476161003,
            -0.015647124499082565
        ],
        [
            0.040816985070705414,
            0.04671125113964081,
            -0.04275340959429741
        ],
        [
            0.06770814210176468,
            0.05540260672569275,
            -0.09937490522861481
        ],
        [
            0.05883225426077843,
            0.055690933018922806,
            -0.09196604043245316
        ],
        [
            0.062057167291641235,
            0.052620965987443924,
            -0.08794938772916794
        ],
        [
            0.06937535107135773,
            0.054792411625385284,
            -0.09539175033569336
        ],
        [
            0.05585634708404541,
            0.05382409691810608,
            -0.08636128157377243
        ],
        [
            0.05448080599308014,
            0.05404410511255264,
            -0.09574513137340546
        ],
        [
            0.05733581259846687,
            0.0035617779940366745,
            -0.02420024573802948
        ],
        [
            0.057523149996995926,
            0.041439808905124664,
            -0.06809180229902267
        ],
        [
            0.06637923419475555,
            -0.007498502731323242,
            -0.013676680624485016
        ],
        [
            0.055226340889930725,
            -0.005962209776043892,
            -0.036992233246564865
        ],
        [
            0.06358909606933594,
            -0.01462349109351635,
            -0.030722826719284058
        ],
        [
            0.07603136450052261,
            -0.019942261278629303,
            -0.005618937313556671
        ],
        [
            0.07350815832614899,
            -0.02310042828321457,
            -0.021116647869348526
        ],
        [
            0.08033008128404617,
            -0.02166484110057354,
            0.011029861867427826
        ],
        [
            0.0776742547750473,
            -0.019473714753985405,
            0.003190554678440094
        ],
        [
            0.06950399279594421,
            -0.025070037692785263,
