{
    "pred_cam": [
        7.238673686981201,
        -0.16188515722751617,
        -0.0363173708319664
    ],
    "pred_mano_params": {
        "global_orient": [
            [
                [
                    -0.9410700798034668,
                    -0.07440095394849777,
                    0.32992684841156006
                ],
                [
                    -0.33115822076797485,
                    0.0045141493901610374,
                    -0.9435645937919617
                ],
                [
                    0.06871280819177628,
                    -0.9972183108329773,
                    -0.028886618092656136
                ]
            ]
        ],
        "hand_pose": [
            [
                [
                    0.9310835003852844,
                    -0.3178076446056366,
                    0.17911426723003387
                ],
                [
                    0.29845961928367615,
                    0.9459426999092102,
                    0.12694168090820312
                ],
                [
                    -0.20977488160133362,
                    -0.06473492830991745,
                    0.9756044149398804
                ]
            ],
            [
                [
                    0.3481214642524719,
                    -0.9124707579612732,
                    0.21496157348155975
                ],
                [
                    0.9359877109527588,
                    0.3255172073841095,
                    -0.1340356171131134
                ],
                [
                    0.052329905331134796,
                    0.2478620707988739,
                    0.967380940914154
                ]
            ],
            [
                [
                    0.8575100302696228,
                    -0.5102863311767578,
                    0.0654541626572609
                ],
                [
                    0.507272481918335,
                    0.8598500490188599,
                    0.05772711709141731
                ],
                [
                    -0.08573812991380692,
                    -0.01629849150776863,
                    0.996184229850769
                ]
            ],
            [
                [
                    0.826421856880188,
                    -0.5626949667930603,
                    0.020031122490763664
                ],
                [
                    0.5505710244178772,
                    0.8150410056114197,
                    0.1804984211921692
                ],
                [
                    -0.11789175122976303,
                    -0.1381392925977707,
                    0.9833712577819824
                ]
            ],
            [
                [
                    0.5482456684112549,
                    -0.8043990135192871,
                    -0.22884251177310944
                ],
                [
                    0.8353582620620728,
                    0.5136160850524902,
                    0.1958957463502884
                ],
                [
                    -0.040041156113147736,
                    -0.29856446385383606,
                    0.9535491466522217
                ]
            ],
            [
                [
                    0.9366639852523804,
                    -0.3485563397407532,
                    0.03419215977191925
                ],
                [
                    0.34966808557510376,
                    0.9362205862998962,
                    -0.03497331216931343
                ],
                [
                    -0.01982123591005802,
                    0.04471414536237717,
                    0.9988031387329102
                ]
            ],
            [
                [
                    0.7185075283050537,
                    -0.4943282902240753,
                    0.489271342754364
                ],
                [
                    0.4237734377384186,
                    0.8689526915550232,
                    0.2556116282939911
                ],
                [
                    -0.5515096783638,
                    0.023681335151195526,
                    0.8338322639465332
                ]
            ],
            [
                [
                    0.7398242950439453,
                    -0.6578443646430969,
                    -0.14107009768486023
                ],
                [
                    0.5980941653251648,
                    0.5470291972160339,
                    0.5856981873512268
                ],
                [
                    -0.30812880396842957,
                    -0.5176869630813599,
                    0.7981583476066589
                ]
            ],
            [
                [
                    0.9488004446029663,
                    -0.3143000900745392,
                    -0.03151266649365425
                ],
                [
                    0.30804044008255005,
                    0.898566484451294,
                    0.3125530481338501
                ],
                [
                    -0.06991923600435257,
                    -0.3062576651573181,
                    0.9493774175643921
                ]
            ],
            [
                [
                    0.8502776026725769,
                    -0.5196763277053833,
                    0.08345355838537216
                ],
                [
                    0.5233554840087891,
                    0.8516155481338501,
                    -0.029155520722270012
                ],
                [
                    -0.05591890588402748,
                    0.0684661716222763,
                    0.9960851073265076
                ]
            ],
            [
                [
                    0.7322188019752502,
                    -0.6761767864227295,
                    -0.08148953318595886
                ],
                [
                    0.5955060124397278,
                    0.5775689482688904,
                    0.5583785772323608
                ],
                [
                    -0.33049681782722473,
                    -0.45738282799720764,
                    0.8255741596221924
                ]
            ],
            [
                [
                    0.9009748697280884,
                    -0.4337218999862671,
                    0.01138464268296957
                ],
                [
                    0.4312089681625366,
                    0.8980403542518616,
                    0.0870765671133995
                ],
                [
                    -0.04799088090658188,
                    -0.07354463636875153,
                    0.9961365461349487
                ]
            ],
            [
                [
                    0.9802019596099854,
                    0.042038753628730774,
                    -0.19348576664924622
                ],
                [
                    -0.18479856848716736,
                    0.5450817346572876,
                    -0.8177623748779297
                ],
                [
                    0.07108785212039948,
                    0.837328314781189,
                    0.5420588850975037
                ]
            ],
            [
                [
                    0.9367604851722717,
                    -0.02311054989695549,
                    -0.34920722246170044
                ],
                [
                    0.1997653692960739,
                    0.8546029925346375,
                    0.47931990027427673
                ],
                [
                    0.2873561680316925,
                    -0.5187674760818481,
                    0.8051750063896179
                ]
            ],
            [
                [
                    0.012123221531510353,
                    -0.9951483011245728,
                    0.09763703495264053
                ],
                [
                    0.9624125361442566,
                    -0.014882239513099194,
                    -0.2711837887763977
                ],
                [
                    0.2713211178779602,
                    0.09725473076105118,
                    0.9575628042221069
                ]
            ]
        ],
        "betas": [
            -0.0906011164188385,
            -0.14642569422721863,
            0.02048945426940918,
            -0.055762141942977905,
            0.05350443720817566,
            0.07216617465019226,
            0.12500715255737305,
            -0.06776407361030579,
            -0.02504764497280121,
            -0.038500458002090454
        ]
    },
    "pred_cam_t": [
        -0.16188515722751617,
        -0.0363173708319664,
        5.396361351013184
    ],
    "focal_length": [
        5000.0,
        5000.0
    ],
    "pred_keypoints_3d": [
        [
            0.09618020057678223,
            0.006417080760002136,
            0.006255779415369034
        ],
        [
            0.1286165714263916,
            -0.010163307189941406,
            0.01931425929069519
        ],
        [
            0.15620560944080353,
            -0.013891258276998997,
            0.032569970935583115
        ],
        [
            0.1820850521326065,
            -0.0056910086423158646,
            0.03372765704989433
        ],
        [
            0.19042441248893738,
            -0.0033183088526129723,
            0.06514140218496323
        ],
        [
            0.18668411672115326,
            0.016177816316485405,
            0.004797493107616901
        ],
        [
            0.2195959836244583,
            0.018221445381641388,
            0.008107246831059456
        ],
        [
            0.22128817439079285,
            0.01689344272017479,
            0.030283043161034584
        ],
        [
            0.21217286586761475,
            0.014747535809874535,
            0.05336036905646324
        ],
        [
            0.18471693992614746,
            0.041173387318849564,
            0.001321527175605297
        ],
        [
            0.21072731912136078,
            0.051976293325424194,
            0.016240034252405167
        ],
        [
            0.21037869155406952,
            0.0493844635784626,
            0.03948790207505226
        ],
        [
            0.2072034776210785,
            0.043435998260974884,
            0.06446744501590729
        ],
        [
            0.16503596305847168,
            0.05898963287472725,
            0.005302750039845705
        ],
        [
            0.18919768929481506,
            0.07058963179588318,
            0.016546200960874557
        ],
        [
            0.19442996382713318,
            0.06973566114902496,
            0.04088960587978363
        ],
        [
            0.19585439562797546,
            0.064051553606987,
            0.06571042537689209
        ],
        [
            0.1477583646774292,
            0.07032294571399689,
            0.012697114609181881
        ],
        [
            0.16559334099292755,
            0.0773380696773529,
            0.02183012291789055
        ],
        [
            0.16845694184303284,
            0.07502555102109909,
            0.04051791504025459
        ],
        [
            0.1658865064382553,
            0.06887157261371613,
            0.05899697542190552
        ]
    ],
    "pred_vertices": [
        [
            0.14983762800693512,
            0.007657275535166264,
            0.019127221778035164
        ],
        [
            0.13979989290237427,
            0.005236011929810047,
            0.021197393536567688
        ],
        [
            0.149154931306839,
            0.0029624453745782375,
            0.02495316043496132
        ],
        [
            0.15782734751701355,
            0.0036402838304638863,
            0.021741947159171104
        ],
        [
            0.13293643295764923,
            -0.002228022553026676,
            0.03760354965925217
        ],
        [
            0.12857432663440704,
            -0.013213668949902058,
            0.03967779874801636
        ],
        [
            0.14516861736774445,
            -0.012728002853691578,
            0.04315866529941559
        ],
        [
            0.14670613408088684,
            -0.003201894462108612,
            0.04173240065574646
        ],
        [
            0.16461968421936035,
            0.0004342328757047653,
            0.021863430738449097
        ],
        [
            0.15704646706581116,
            0.0012472961097955704,
            0.027868546545505524
        ],
        [
            0.16544993221759796,
            -0.002757514826953411,
            0.018183298408985138
        ],
        [
            0.1730840504169464,
            -0.0034338990226387978,
            0.008259887807071209
        ],
        [
            0.17173615097999573,
            0.00026961974799633026,
            0.014666995033621788
        ],
        [
            0.1791393756866455,
            -0.00030042417347431183,
            0.003620399860665202
        ],
        [
            0.16678234934806824,
            -0.007383611984550953,
            -3.6424025893211365e-06
        ],
        [
            0.17690600454807281,
            0.0025011631660163403,
            -0.005248350091278553
        ],
        [
            0.1509433090686798,
            0.013289622031152248,
            -0.013498642481863499
        ],
        [
            0.14317107200622559,
            0.02460804209113121,
            -0.013563411310315132
        ],
        [
            0.15849299728870392,
            0.03227493539452553,
            -0.014051847159862518
        ],
        [
            0.16491076350212097,
            0.020153414458036423,
            -0.012991383671760559
        ],
        [
            0.14281517267227173,
            0.045180317014455795,
            -0.009045755490660667
        ],
        [
            0.15225453674793243,
            0.03863257169723511,
            -0.01202108059078455
        ],
        [
            0.1368039846420288,
            0.03106345608830452,
            -0.012724355794489384
        ],
        [
            0.12914717197418213,
            0.037390775978565216,
            -0.009861800819635391
        ],
        [
            0.1370888352394104,
            0.017403915524482727,
            0.017600830644369125
        ],
        [
            0.12677553296089172,
            0.014233529567718506,
            0.0191979818046093
        ],
        [
            0.13108468055725098,
            0.010212795808911324,
            0.018488604575395584
        ],
        [
            0.14087626338005066,
            0.013220889493823051,
            0.01753256656229496
        ],
        [
            0.16443052887916565,
            -0.010678429156541824,
            0.019020024687051773
        ],
        [
            0.1592402160167694,
            -0.01640499010682106,
            0.012654479593038559
        ],
        [
            0.16347919404506683,
            -0.009622439742088318,
            0.012753002345561981
        ],
        [
            0.1650819480419159,
            -0.005827669054269791,
            0.021580588072538376
        ],
        [
            0.09921496361494064,
            0.013751523569226265,
            0.029301926493644714
        ],
        [
            0.08834482729434967,
            0.007568780332803726,
            0.02395148202776909
        ],
        [
            0.09092500805854797,
            0.002293366938829422,
            0.02309049852192402
        ],
        [
            0.10035496205091476,
            0.009138330817222595,
            0.02763855643570423
        ],
        [
            0.10607919842004776,
            -0.013078698888421059,
            0.028447574004530907
        ],
        [
            0.09761346131563187,
            -0.014373991638422012,
            0.02129928208887577
        ],
        [
            0.09606995433568954,
            -0.02479013428092003,
            0.01261460967361927
        ],
        [
            0.10584960877895355,
            -0.025076046586036682,
            0.016863105818629265
        ],
        [
            0.11735282838344574,
            -0.013053447008132935,
            0.03492856025695801
        ],
        [
            0.11619318276643753,
            -0.02484726533293724,
            0.026883093640208244
        ],
        [
            0.12823247909545898,
            -0.023545172065496445,
            0.03415239602327347
        ],
        [
            0.14528478682041168,
            -0.021127182990312576,
            0.03835054486989975
        ],
        [
            0.08257009088993073,
            0.019037988036870956,
            0.022661784663796425
        ],
        [
            0.0896204337477684,
            0.025194652378559113,
            0.026913993060588837
        ],
        [
            0.2104894071817398,
            0.011022135615348816,
            0.01732623390853405
        ],
        [
            0.20953987538814545,
            0.01688007451593876,
            0.019268222153186798
        ],
        [
            0.2087160050868988,
            0.01659129187464714,
            0.018645670264959335
        ],
        [
            0.20991535484790802,
            0.011191231198608875,
            0.01677444577217102
        ],
        [
            0.0836716890335083,
            0.03347087278962135,
            0.008350091986358166
        ],
        [
            0.08463204652070999,
            0.03318120166659355,
            -0.0017452621832489967
        ],
        [
            0.07784420251846313,
            0.030894044786691666,
            -0.00015774695202708244
        ],
        [
            0.07738276571035385,
            0.029255788773298264,
            0.009148548357188702
        ],
        [
            0.09203651547431946,
            0.038953330367803574,
            0.007359163835644722
        ],
        [
            0.09429515153169632,
            0.03590061515569687,
            -0.003345712088048458
        ],
        [
            0.22184725105762482,
            0.010476827621459961,
            0.011166070587933064
        ],
        [
            0.2179364413022995,
            0.0077829970978200436,
            0.013589373789727688
        ],
        [
            0.2168731838464737,
            0.008370292373001575,
            0.009854165837168694
        ],
        [
            0.21966585516929626,
            0.01174346636980772,
            0.00644975621253252
        ],
        [
            0.16668012738227844,
            0.00465594045817852,
            0.01826472580432892
        ],
        [
            0.15924087166786194,
            0.010350821539759636,
            0.018635360524058342
        ],
        [
            0.18253163993358612,
            0.012995043769478798,
            0.015655653551220894
        ],
        [
            0.1727399080991745,
            0.012869326397776604,
            0.016038525849580765
        ],
        [
            0.17488613724708557,
            0.006229892373085022,
            0.014879049733281136
        ],
        [
            0.18236923217773438,
            0.006864469964057207,
            0.013125041499733925
        ],
        [
            0.1562643200159073,
            0.029930591583251953,
            0.015484970062971115
        ],
        [
            0.14564692974090576,
            0.024823568761348724,
            0.01611046865582466
        ],
        [
            0.15049003064632416,
            0.02026064321398735,
            0.0158182755112648
        ],
        [
            0.16291500627994537,
            0.02436482347548008,
            0.01589002087712288
        ],
        [
            0.1373331993818283,
            0.03588814288377762,
            0.019485732540488243
        ],
        [
            0.14845415949821472,
            0.04006382077932358,
            0.018150290474295616
        ],
        [
            0.1424560546875,
            0.045920711010694504,
            0.020188717171549797
        ],
        [
            0.13564880192279816,
            0.04183053970336914,
            0.021790772676467896
        ],
        [
            0.1686505377292633,
            0.04445018619298935,
            0.015036992728710175
        ],
        [
            0.17549467086791992,
            0.046857789158821106,
            0.013887203298509121
        ],
        [
            0.17425550520420074,
            0.05001625791192055,
            0.014457860961556435
        ],
        [
            0.16621354222297668,
            0.047096747905015945,
            0.015236875973641872
        ],
        [
            0.0712381899356842,
            0.028235536068677902,
            0.00026197172701358795
        ],
        [
            0.07178696244955063,
            0.024524684995412827,
            0.009400870651006699
        ],
        [
            0.12806738913059235,
            0.05887245386838913,
            -0.0005384534597396851
        ],
        [
            0.12083376944065094,
            0.061063967645168304,
            0.00785567332059145
        ],
        [
            0.1313779056072235,
            0.06967110931873322,
            0.008386781439185143
        ],
        [
            0.1362845003604889,
            0.06504521518945694,
            -0.0011139078997075558
        ],
        [
            0.08920043706893921,
            0.028321893885731697,
            -0.009785205125808716
        ],
        [
            0.08134612441062927,
            0.027922503650188446,
            -0.009177392348647118
        ],
        [
            0.2242412269115448,
            0.0164693221449852,
            0.009872754104435444
        ],
        [
            0.22195754945278168,
            0.017759643495082855,
            0.005268947687000036
        ],
        [
            0.12791313230991364,
            -0.029270146042108536,
            0.02074570022523403
        ],
        [
            0.14630046486854553,
            -0.02623440884053707,
            0.03009019047021866
        ],
        [
            0.11439333856105804,
            -0.02870461717247963,
            0.01145866233855486
        ],
        [
            0.10523563623428345,
            -0.026666738092899323,
            0.0044821943156421185
        ],
        [
            0.09703535586595535,
            -0.02702396735548973,
            0.000603008083999157
        ],
        [
            0.17383252084255219,
            0.01987558975815773,
            0.016404006630182266
        ],
        [
            0.15084749460220337,
            0.014406622387468815,
            0.01728353649377823
        ],
        [
            0.13386398553848267,
            0.02136830799281597,
            0.018274057656526566
        ],
        [
            0.11997724324464798,
            0.04765936732292175,
            0.027223847806453705
        ],
        [
            0.11069247126579285,
            0.042499564588069916,
            0.028429687023162842
        ],
        [
            0.11908616125583649,
            0.03578117489814758,
            0.02794422209262848
        ],
        [
            0.12545077502727509,
            0.04176146537065506,
            0.02635251171886921
        ],
        [
            0.12051818519830704,
            0.06150224432349205,
            0.017702022567391396
        ],
        [
            0.124973364174366,
            0.05799710378050804,
            0.023510165512561798
        ],
        [
            0.13281548023223877,
            0.06315945833921432,
            0.02230117842555046
        ],
        [
            0.1297721266746521,
            0.06791405379772186,
            0.017046097666025162
        ],
        [
            0.1646920144557953,
            -0.017705516889691353,
            0.020359449088573456
        ],
        [
            0.15556351840496063,
            -0.02231542207300663,
            0.014122222550213337
        ],
        [
            0.08462639898061752,
            0.03042588010430336,
            0.01853332482278347
        ],
        [
            0.07951442152261734,
            0.02448507398366928,
            0.017918478697538376
        ],
        [
            0.07281108945608139,
            0.01977704092860222,
            0.015496524050831795
        ],
        [
            0.11345034837722778,
            0.012751447036862373,
            0.024785593152046204
        ],
        [
            0.10113263875246048,
            0.005910657346248627,
            0.02665124088525772
        ],
        [
            0.10376384854316711,
            0.002508046105504036,
            0.02681036666035652
        ],
        [
            0.1153060793876648,
            0.010349692776799202,
            0.02312505431473255
        ],
        [
            0.12976905703544617,
            0.004302916117012501,
            0.02634669840335846
        ],
        [
            0.1190311461687088,
            -0.0013928916305303574,
            0.03225596994161606
        ],
        [
            0.1410338133573532,
            0.0039025372825562954,
            0.031117120757699013
        ],
        [
            0.09282121062278748,
            -0.005542054772377014,
            0.021966710686683655
        ],
        [
            0.08214762806892395,
            -0.0028787925839424133,
            0.02140941098332405
        ],
        [
            0.08543626964092255,
            -0.010940656065940857,
            0.019427727907896042
        ],
        [
            0.07795273512601852,
            0.006034262478351593,
            0.02111118845641613
        ],
        [
            0.07458293437957764,
            0.014146752655506134,
            0.01938013918697834
        ],
        [
            0.07317902147769928,
            0.02681513875722885,
            -0.011524593457579613
        ],
        [
            0.08924754709005356,
            -0.017697308212518692,
            0.01627276837825775
        ],
        [
            0.15510587394237518,
            -0.004533995874226093,
            0.04160090163350105
        ],
        [
            0.16160805523395538,
            -0.005546635016798973,
            0.04080904647707939
        ],
        [
            0.1619333177804947,
            -0.0002173949033021927,
            0.03529352694749832
        ],
        [
            0.15733245015144348,
            0.00019165873527526855,
            0.03553168475627899
        ],
        [
            0.18607598543167114,
            0.0036653918214142323,
            0.00013856682926416397
        ],
        [
            0.18507005274295807,
            0.003721435321494937,
            0.008095814846456051
        ],
        [
            0.177219957113266,
            0.000391427893191576,
            0.010609052143990993
        ],
        [
            0.10632569342851639,
            0.023063579574227333,
            0.029941003769636154
        ],
        [
            0.09781137108802795,
            0.03236370533704758,
            0.02807461842894554
        ],
        [
            0.18458735942840576,
            0.01943110302090645,
            0.01565568707883358
        ],
        [
            0.2165810614824295,
            0.01191326230764389,
            0.0029289291705936193
        ],
        [
            0.21418054401874542,
            0.007838409394025803,
            0.006860819645226002
        ],
        [
            0.1988506317138672,
            0.006610943004488945,
            0.0012227450497448444
        ],
        [
            0.20094139873981476,
            0.011217163875699043,
            -0.0035528982989490032
        ],
        [
            0.1926261931657791,
            0.0254201777279377,
            0.01078687235713005
        ],
        [
            0.19049184024333954,
            0.01995929889380932,
            0.01464904099702835
        ],
        [
            0.1934492290019989,
            0.020356712862849236,
            0.013851912692189217
        ],
        [
            0.19676047563552856,
            0.02579522877931595,
            0.012155790813267231
        ],
        [
            0.16645103693008423,
            0.05507645383477211,
            0.015957210212945938
        ],
        [
            0.15954113006591797,
            0.05239880084991455,
            0.01697276160120964
        ],
        [
            0.17861153185367584,
            0.02786007896065712,
            -0.009171249344944954
        ],
        [
            0.18132853507995605,
            0.014772074297070503,
            -0.012309303507208824
        ],
        [
            0.1707751303911209,
            0.009262400679290295,
            -0.011693567968904972
        ],
        [
            0.15111438930034637,
            0.035274747759103775,
            0.0166454054415226
        ],
        [
            0.1602519452571869,
            0.0406036339700222,
            0.016241097822785378
        ],
        [
            0.15773428976535797,
            0.04389423131942749,
            0.01672549545764923
        ],
        [
            0.1759166568517685,
            0.024245843291282654,
            0.015650752931833267
        ],
        [
            0.18457771837711334,
            0.025453301146626472,
            0.014536112546920776
        ],
        [
            0.17876414954662323,
            0.02867165021598339,
            0.01361038163304329
        ],
        [
            0.17143622040748596,
            0.027650702744722366,
            0.01510515809059143
        ],
        [
            0.10983248800039291,
            0.05355127900838852,
            0.006737943738698959
        ],
        [
            0.10934139788150787,
            0.0544135719537735,
            0.01836933195590973
        ],
        [
            0.2136949598789215,
            0.007902922108769417,
            0.015570566989481449
        ],
        [
            0.21308526396751404,
            0.008103098720312119,
            0.013683659955859184
        ],
        [
            0.14081211388111115,
            0.030133720487356186,
            0.01723373495042324
        ],
        [
            0.15742304921150208,
            0.003611617721617222,
            -0.010288115590810776
        ],
        [
            0.13045962154865265,
            0.0256044939160347,
            0.019392112269997597
        ],
        [
            0.15542972087860107,
            0.0614946223795414,
            -0.0005298396572470665
        ],
        [
            0.15576301515102386,
            0.06432587653398514,
            0.006638198159635067
        ],
        [
            0.1617392599582672,
            0.06525211036205292,
            0.008128328248858452
        ],
        [
            0.16336888074874878,
            0.06479377299547195,
            0.002284185029566288
        ],
        [
            0.20946292579174042,
            0.027425965294241905,
            0.014934428967535496
        ],
        [
            0.2084399312734604,
            0.02290007285773754,
            0.018706411123275757
        ],
        [
            0.20930913090705872,
            0.02291383408010006,
            0.018200023099780083
        ],
        [
            0.2122069001197815,
            0.02756308764219284,
            0.015418571420013905
        ],
        [
            0.18942436575889587,
            0.014106228947639465,
            0.014621169306337833
        ],
        [
            0.1890668272972107,
            0.008268662728369236,
            0.012239153496921062
        ],
        [
            0.19445420801639557,
            0.009392091073095798,
            0.012530408799648285
        ],
        [
            0.1940138339996338,
            0.015185516327619553,
            0.014116480946540833
        ],
        [
            0.1912696361541748,
            0.005320272408425808,
            0.006276370957493782
        ],
        [
            0.1961880922317505,
            0.006039924453943968,
            0.007026899140328169
        ],
        [
            0.21256348490715027,
            0.028915470466017723,
            0.009210556745529175
        ],
        [
            0.2166064977645874,
            0.024864062666893005,
            0.003708914387971163
        ],
        [
            0.20104871690273285,
            0.025374755263328552,
            -0.0015803920105099678
        ],
        [
            0.2006378471851349,
            0.027905119583010674,
            0.005789265036582947
        ],
        [
            0.1159839779138565,
            0.030052468180656433,
            -0.01191885769367218
        ],
        [
            0.10938780754804611,
            0.03803180903196335,
            -0.007503506727516651
        ],
        [
            0.12230367958545685,
            0.04562484845519066,
            -0.0054970793426036835
        ],
        [
            0.1346551775932312,
            0.053786635398864746,
            -0.004603904206305742
        ],
        [
            0.14686575531959534,
            0.06039668247103691,
            -0.0029696221463382244
        ],
        [
            0.15389057993888855,
            0.05251942574977875,
            -0.009272271767258644
        ],
        [
            0.11651287972927094,
            0.05023818090558052,
            -0.0018327669240534306
        ],
        [
            0.18638426065444946,
            0.030263390392065048,
            0.0017153127118945122
        ],
        [
            0.18841268122196198,
            0.025245120748877525,
            -0.005135742481797934
        ],
        [
            0.1838042140007019,
            0.03034866973757744,
            -0.004651329480111599
        ],
        [
            0.12689398229122162,
            0.03143967688083649,
            0.022483114153146744
        ],
        [
            0.21148855984210968,
            0.007089219521731138,
            0.01169436052441597
        ],
        [
            0.10289812088012695,
            -0.012296661734580994,
            -0.015025082044303417
        ],
        [
            0.09821819514036179,
            -3.2749027013778687e-05,
            -0.018820853903889656
        ],
        [
            0.10678855329751968,
            0.0011554248631000519,
            -0.01737275905907154
        ],
        [
            0.11213643103837967,
            -0.01276044175028801,
            -0.012075608596205711
        ],
        [
            0.20840366184711456,
            0.015694784000515938,
            0.01959029957652092
        ],
        [
            0.2089327871799469,
            0.009794958867132664,
            0.01686006225645542
        ],
        [
            0.15689222514629364,
            0.05849773809313774,
            0.01806780695915222
        ],
        [
            0.16338302195072174,
            0.05997224152088165,
            0.016344955191016197
        ],
        [
            0.16319061815738678,
            0.06345151364803314,
            0.014500501565635204
        ],
        [
            0.15721416473388672,
            0.06434175372123718,
            0.017953552305698395
        ],
        [
            0.10502029955387115,
            0.040971361100673676,
            -0.004583722446113825
        ],
        [
            0.13926199078559875,
            0.0743924081325531,
            0.010668372735381126
        ],
        [
            0.14267943799495697,
            0.07031947374343872,
            0.0016678925603628159
        ],
        [
            0.09836683422327042,
            0.031069593504071236,
            -0.00941284466534853
        ],
        [
            0.10390062630176544,
            0.02424301952123642,
            -0.013924679718911648
        ],
        [
            0.09491078555583954,
            0.020553065463900566,
            -0.015205729752779007
        ],
        [
            0.16767936944961548,
            0.04565570503473282,
            -0.008991992101073265
        ],
        [
            0.12270200997591019,
            0.024902233853936195,
            -0.014148764312267303
        ],
        [
            0.10938648879528046,
            0.01901472918689251,
            -0.015456737950444221
        ],
        [
            0.09891074150800705,
            0.014346837997436523,
            -0.017087139189243317
        ],
        [
            0.09108809381723404,
            0.011777117848396301,
            -0.018682438880205154
        ],
        [
            0.08750735968351364,
            0.018807757645845413,
            -0.016353536397218704
        ],
        [
            0.21744097769260406,
            0.01844332367181778,
            0.00216524675488472
        ],
        [
            0.22165197134017944,
            0.0250531155616045,
            0.007139450870454311
        ],
        [
            0.0789220929145813,
            0.01745295152068138,
            -0.019234567880630493
        ],
        [
            0.08330083638429642,
            0.009393207728862762,
            -0.021068209782242775
        ],
        [
            0.11522334814071655,
            0.01189427264034748,
            -0.01640116050839424
        ],
        [
            0.1221613734960556,
            0.0024310238659381866,
            -0.01571025140583515
        ],
        [
            0.127879336476326,
            0.017838358879089355,
            -0.014802824705839157
        ],
        [
            0.13581418991088867,
            0.00917087309062481,
            -0.014405464753508568
        ],
        [
            0.17048852145671844,
            0.03719807416200638,
            -0.014908935874700546
        ],
        [
            0.22452804446220398,
            0.024629201740026474,
            0.025447092950344086
        ],
        [
            0.22053219377994537,
            0.02749129757285118,
            0.015529952943325043
        ],
        [
            0.21501058340072632,
            0.02706683613359928,
            0.0177430622279644
        ],
        [
            0.2205003798007965,
            0.026033513247966766,
            0.026422783732414246
        ],
        [
            0.21649640798568726,
            0.028640130534768105,
            0.01158878579735756
        ],
        [
            0.22386404871940613,
            0.023862216621637344,
            0.012143480591475964
        ],
        [
            0.1432892233133316,
            -0.003525044769048691,
            -0.009548844769597054
        ],
        [
            0.1852908879518509,
            0.03019648976624012,
            0.011264543980360031
        ],
        [
            0.1289272904396057,
            -0.013211222365498543,
            -0.007338232360780239
        ],
        [
            0.15475258231163025,
            -0.014126643538475037,
            -0.001303995493799448
        ],
        [
            0.14416898787021637,
            -0.02106695994734764,
            0.0031872447580099106
        ],
        [
            0.11489154398441315,
            -0.023861942812800407,
            -0.0030712527222931385
        ],
        [
            0.12942266464233398,
            -0.027757741510868073,
            0.006242875941097736
        ],
        [
            0.09747324138879776,
            -0.022296685725450516,
            -0.009505514986813068
        ],
        [
            0.10609874129295349,
            -0.021597549319267273,
            -0.007362176664173603
        ],
        [
            0.1431310772895813,
            -0.028066569939255714,
            0.016710173338651657
        ],
        [
