{
    "pred_cam": [
        7.800032615661621,
        0.14001573622226715,
        -0.05323503911495209
    ],
    "pred_mano_params": {
        "global_orient": [
            [
                [
                    -0.8011958599090576,
                    0.5529930591583252,
                    -0.22865702211856842
                ],
                [
                    -0.2112227976322174,
                    -0.6188606023788452,
                    -0.756568968296051
                ],
                [
                    -0.5598841309547424,
                    -0.5578622221946716,
                    0.6126332879066467
                ]
            ]
        ],
        "hand_pose": [
            [
                [
                    0.8453519344329834,
                    -0.4705570638179779,
                    -0.252895325422287
                ],
                [
                    0.5052703022956848,
                    0.8579864501953125,
                    0.09252692759037018
                ],
                [
                    0.1734415590763092,
                    -0.20599831640720367,
                    0.9630590081214905
                ]
            ],
            [
                [
                    0.9320656061172485,
                    -0.34866276383399963,
                    0.09842732548713684
                ],
                [
                    0.36228635907173157,
                    0.8958849906921387,
                    -0.25717437267303467
                ],
                [
                    0.0014875533524900675,
                    0.2753622829914093,
                    0.9613393545150757
                ]
            ],
            [
                [
                    0.9368923902511597,
                    -0.13615521788597107,
                    0.322016179561615
                ],
                [
                    0.07911326736211777,
                    0.9797239303588867,
                    0.1840711236000061
                ],
                [
                    -0.34054917097091675,
                    -0.14697907865047455,
                    0.9286676049232483
                ]
            ],
            [
                [
                    0.9858542084693909,
                    -0.15849383175373077,
                    -0.05450891703367233
                ],
                [
                    0.1590111404657364,
                    0.9872627854347229,
                    0.005260498262941837
                ],
                [
                    0.05298086628317833,
                    -0.013853608630597591,
                    0.9984994530677795
                ]
            ],
            [
                [
                    0.7284461855888367,
                    -0.6645463705062866,
                    -0.16656610369682312
                ],
                [
                    0.6807581186294556,
                    0.6747701168060303,
                    0.28505024313926697
                ],
                [
                    -0.07703527063131332,
                    -0.3210350275039673,
                    0.9439290761947632
                ]
            ],
            [
                [
                    0.819922685623169,
                    -0.5014414191246033,
                    0.2761942744255066
                ],
                [
                    0.4938168525695801,
                    0.8635759949684143,
                    0.10188889503479004
                ],
                [
                    -0.2896060645580292,
                    0.052848368883132935,
                    0.9556857943534851
                ]
            ],
            [
                [
                    0.9993358850479126,
                    -0.028189877048134804,
                    0.023086808621883392
                ],
                [
                    0.031793948262929916,
                    0.9841303825378418,
                    -0.17457479238510132
                ],
                [
                    -0.017799200490117073,
                    0.17519289255142212,
                    0.9843730926513672
                ]
            ],
            [
                [
                    0.8896881341934204,
                    -0.4563371241092682,
                    0.014538520015776157
                ],
                [
                    0.4041157066822052,
                    0.8018957376480103,
                    0.4400610625743866
                ],
                [
                    -0.21247459948062897,
                    -0.3856419026851654,
                    0.8978500962257385
                ]
            ],
            [
                [
                    0.9195458292961121,
                    -0.39034345746040344,
                    0.04546885937452316
                ],
                [
                    0.27337944507598877,
                    0.7185059189796448,
                    0.6395411491394043
                ],
                [
                    -0.2823103964328766,
                    -0.5756571292877197,
                    0.7674109935760498
                ]
            ],
            [
                [
                    0.9607537388801575,
                    -0.1659938097000122,
                    -0.2222573459148407
                ],
                [
                    0.1308588832616806,
                    0.9776577353477478,
                    -0.16450293362140656
                ],
                [
                    0.24459810554981232,
                    0.1289624571800232,
                    0.9610100984573364
                ]
            ],
            [
                [
                    0.5645464658737183,
                    -0.8069086670875549,
                    -0.17374028265476227
                ],
                [
                    0.7480595707893372,
                    0.4112221300601959,
                    0.5208677053451538
                ],
                [
                    -0.34884682297706604,
                    -0.4240221381187439,
                    0.835769772529602
                ]
            ],
            [
                [
                    0.7300094962120056,
                    -0.672799289226532,
                    0.12011339515447617
                ],
                [
                    0.6167911887168884,
                    0.7242667078971863,
                    0.30823102593421936
                ],
                [
                    -0.29437175393104553,
                    -0.15092669427394867,
                    0.9436982870101929
                ]
            ],
            [
                [
                    0.7630524635314941,
                    0.17638695240020752,
                    -0.6218026876449585
                ],
                [
                    -0.5815465450286865,
                    0.6071891784667969,
                    -0.5414100885391235
                ],
                [
                    0.28205418586730957,
                    0.7747315168380737,
                    0.5658944249153137
                ]
            ],
            [
                [
                    0.8364084362983704,
                    -0.39735063910484314,
                    -0.3775359094142914
                ],
                [
                    0.5032092928886414,
                    0.8297133445739746,
                    0.24157017469406128
                ],
                [
                    0.2172585278749466,
                    -0.3920309543609619,
                    0.8939297795295715
                ]
            ],
            [
                [
                    0.865912139415741,
                    -0.47338026762008667,
                    0.16157729923725128
                ],
                [
                    0.5000421404838562,
                    0.8112260103225708,
                    -0.3031008541584015
                ],
                [
                    0.012406248599290848,
                    0.3432542085647583,
                    0.9391605257987976
                ]
            ]
        ],
        "betas": [
            -0.014936059713363647,
            0.0018967688083648682,
            0.04918491840362549,
            0.06171181797981262,
            0.1292514204978943,
            0.04613493010401726,
            0.07840634882450104,
            0.05571354925632477,
            0.04701027274131775,
            -0.01504489779472351
        ]
    },
    "pred_cam_t": [
        -0.14001573622226715,
        -0.05323503911495209,
        5.007991790771484
    ],
    "focal_length": [
        5000.0,
        5000.0
    ],
    "pred_keypoints_3d": [
        [
            0.09576985239982605,
            0.006393225397914648,
            0.00617216108366847
        ],
        [
            0.10064461827278137,
            0.0014407453127205372,
            0.04419469088315964
        ],
        [
            0.1218947321176529,
            0.0016945088282227516,
            0.06649109721183777
        ],
        [
            0.14424730837345123,
            0.014577957801520824,
            0.07473793625831604
        ],
        [
            0.15928390622138977,
            0.03710390627384186,
            0.09598136693239212
        ],
        [
            0.15887096524238586,
            0.012600447982549667,
            0.07123512774705887
        ],
        [
            0.17679227888584137,
            0.03025946207344532,
            0.09259852021932602
        ],
        [
            0.17735479772090912,
            0.04573984816670418,
            0.1084802895784378
        ],
        [
            0.1759989708662033,
            0.05646586790680885,
            0.13056829571723938
        ],
        [
            0.17167681455612183,
            0.029880570247769356,
            0.05802873149514198
        ],
        [
            0.19615161418914795,
            0.04384201765060425,
            0.0725434273481369
        ],
        [
            0.19539380073547363,
            0.06022278219461441,
            0.0890294536948204
        ],
        [
            0.1871999204158783,
            0.06973443925380707,
            0.11102721095085144
        ],
        [
            0.16530631482601166,
            0.04630313068628311,
            0.03782764449715614
        ],
        [
            0.18861699104309082,
            0.06113232299685478,
            0.046038828790187836
        ],
        [
            0.18194933235645294,
            0.07945207506418228,
            0.06124461442232132
        ],
        [
            0.1665828824043274,
            0.0863325223326683,
            0.07936988025903702
        ],
        [
            0.1553666591644287,
            0.059812482446432114,
            0.02375970408320427
        ],
        [
            0.17288240790367126,
            0.07152392715215683,
            0.02516012266278267
        ],
        [
            0.1795886904001236,
            0.08663544058799744,
            0.03440356254577637
        ],
        [
            0.17750278115272522,
            0.09809352457523346,
            0.05118085443973541
        ]
    ],
    "pred_vertices": [
        [
            0.12240725755691528,
            0.014431221410632133,
            0.05116022750735283
        ],
        [
            0.11295736581087112,
            0.013606235384941101,
            0.044413063675165176
        ],
        [
            0.11850322037935257,
            0.012642145156860352,
            0.051913145929574966
        ],
        [
            0.12504927814006805,
            0.012041432783007622,
            0.05853482335805893
        ],
        [
            0.10092844814062119,
            0.0163092240691185,
            0.054888494312763214
        ],
        [
            0.0928259864449501,
            0.008479763753712177,
            0.06023875251412392
        ],
        [
            0.10777691751718521,
            0.009503081440925598,
            0.07070271670818329
        ],
        [
            0.1116829365491867,
            0.01672591269016266,
            0.0638074278831482
        ],
        [
            0.1294800490140915,
            0.008655192330479622,
            0.06273210048675537
        ],
        [
            0.12333707511425018,
            0.011983380652964115,
            0.05810898542404175
        ],
        [
            0.1325381100177765,
            0.003778544720262289,
            0.060399770736694336
        ],
        [
            0.14072638750076294,
            -0.001846053171902895,
            0.06527668237686157
        ],
        [
            0.13693393766880035,
            0.005212782882153988,
            0.06748224794864655
        ],
        [
            0.14820346236228943,
            -0.0018358542583882809,
            0.06862317770719528
        ],
        [
            0.139646515250206,
            -0.009840765967965126,
            0.05811659246683121
        ],
        [
            0.15329445898532867,
            -0.004936115816235542,
            0.061743877828121185
        ],
        [
            0.14527858793735504,
            -0.0010028257966041565,
            0.035215672105550766
        ],
        [
            0.14584876596927643,
            0.007853507995605469,
            0.02513584867119789
        ],
        [
            0.1587013155221939,
            0.013384521007537842,
            0.033904366195201874
        ],
        [
            0.15690889954566956,
            0.004538252949714661,
            0.043806880712509155
        ],
        [
            0.1516873687505722,
            0.026399388909339905,
            0.019330833107233047
        ],
        [
            0.15655967593193054,
            0.019537262618541718,
            0.02763756923377514
        ],
        [
            0.14434674382209778,
            0.013356905430555344,
            0.018147893249988556
        ],
        [
            0.14071588218212128,
            0.020064162090420723,
            0.011197678744792938
        ],
        [
            0.12003078311681747,
            0.021692203357815742,
            0.03870599716901779
        ],
        [
            0.1102062314748764,
            0.020348967984318733,
            0.032538264989852905
        ],
        [
            0.11053042858839035,
            0.016698721796274185,
            0.036230478435754776
        ],
        [
            0.12013112008571625,
            0.018278853967785835,
            0.04264573007822037
        ],
        [
            0.1336694359779358,
            -0.0011500418186187744,
            0.061861295253038406
        ],
        [
            0.12794634699821472,
            -0.01031335350126028,
            0.06042240560054779
        ],
        [
            0.13241733610630035,
            -0.004637054167687893,
            0.05962737649679184
        ],
        [
            0.13367970287799835,
            0.0042025018483400345,
            0.060748934745788574
        ],
        [
            0.08750271052122116,
            0.026419080793857574,
            0.01714632287621498
        ],
        [
            0.08077654242515564,
            0.018487177789211273,
            0.008597306907176971
        ],
        [
            0.08023831248283386,
            0.013932734727859497,
            0.012349497526884079
        ],
        [
            0.0866006463766098,
            0.02196875959634781,
            0.019205115735530853
        ],
        [
            0.07887426018714905,
            0.005233957432210445,
            0.03632190823554993
        ],
        [
            0.07713182270526886,
            0.0001993747428059578,
            0.0245918408036232
        ],
        [
            0.07665913552045822,
            -0.01354152150452137,
            0.022632073611021042
        ],
        [
            0.08075898885726929,
            -0.011529013514518738,
            0.03351913020014763
        ],
        [
            0.08446773886680603,
            0.00800982303917408,
            0.049678318202495575
        ],
        [
            0.08332579582929611,
            -0.006379448808729649,
            0.048521630465984344
        ],
        [
            0.09218189865350723,
            -0.003175350371748209,
            0.06207341328263283
        ],
        [
            0.10832582414150238,
            0.0004210862098261714,
            0.07360685616731644
        ],
        [
            0.08348522335290909,
            0.026588214561343193,
            -0.0010101385414600372
        ],
        [
            0.08842255175113678,
            0.03383483737707138,
            0.004104979336261749
        ],
        [
            0.16757135093212128,
            0.03111538663506508,
            0.10113909840583801
        ],
        [
            0.16681215167045593,
            0.03627929091453552,
            0.09828247874975204
        ],
        [
            0.16473086178302765,
            0.033022258430719376,
            0.09501203894615173
        ],
        [
            0.1660490334033966,
            0.02851826325058937,
            0.09844204783439636
        ],
        [
            0.09963694214820862,
            0.028821932151913643,
            -0.013001181185245514
        ],
        [
            0.10614559799432755,
            0.022307392209768295,
            -0.0172969289124012
        ],
        [
            0.0997719019651413,
            0.021644309163093567,
            -0.02081773802638054
        ],
        [
            0.09314053505659103,
            0.026202280074357986,
            -0.015808861702680588
        ],
        [
            0.10811673849821091,
            0.03226722776889801,
            -0.009047947824001312
        ],
        [
            0.11452776938676834,
            0.023251062259078026,
            -0.011664766818284988
        ],
        [
            0.17970789968967438,
            0.027322476729750633,
            0.10042265057563782
        ],
        [
            0.1751863807439804,
            0.026709605008363724,
            0.1027924120426178
        ],
        [
            0.17489399015903473,
            0.02336345613002777,
            0.09909677505493164
        ],
        [
            0.1790248304605484,
            0.02408549189567566,
            0.09577681124210358
        ],
        [
            0.1328456997871399,
            0.011403475888073444,
            0.06529983878135681
        ],
        [
            0.13023841381072998,
            0.016511082649230957,
            0.05836757272481918
        ],
        [
            0.14746959507465363,
            0.015834694728255272,
            0.0747402235865593
        ],
        [
            0.14156962931156158,
            0.016726478934288025,
            0.06722069531679153
        ],
        [
            0.1407221555709839,
            0.010433411225676537,
            0.07057011872529984
        ],
        [
            0.14670884609222412,
            0.0097460076212883,
            0.0758068710565567
        ],
        [
            0.1397159993648529,
            0.03015843965113163,
            0.04783109202980995
        ],
        [
            0.13014383614063263,
            0.026557788252830505,
            0.04194772243499756
        ],
        [
            0.1311311274766922,
            0.0227485504001379,
            0.047142378985881805
        ],
        [
            0.1410137414932251,
            0.026008835062384605,
            0.05530353635549545
        ],
        [
            0.12818390130996704,
            0.03739815950393677,
            0.03297856077551842
        ],
        [
            0.13805343210697174,
            0.039907656610012054,
            0.03935599699616432
        ],
        [
            0.13590210676193237,
            0.04594225436449051,
            0.03369352966547012
        ],
        [
            0.1286388337612152,
            0.04354614019393921,
            0.03060651570558548
        ],
        [
            0.15570838749408722,
            0.04152611270546913,
            0.05190502852201462
        ],
        [
            0.16374337673187256,
            0.04239065945148468,
            0.05507316067814827
        ],
        [
            0.1652013212442398,
            0.04547657072544098,
            0.05241775885224342
        ],
        [
            0.1558493822813034,
            0.04376881197094917,
            0.048926789313554764
        ],
        [
            0.09401225298643112,
            0.019958961755037308,
            -0.024613521993160248
        ],
        [
            0.08712571859359741,
            0.022797109559178352,
            -0.018093235790729523
        ],
        [
            0.14350558817386627,
            0.042232610285282135,
            0.007342930883169174
        ],
        [
            0.13540831208229065,
            0.049667395651340485,
            0.005294136703014374
        ],
        [
            0.1443728804588318,
            0.056081973016262054,
            0.009926073253154755
        ],
        [
            0.15037477016448975,
            0.04646759107708931,
            0.010952405631542206
        ],
        [
            0.1115277037024498,
            0.013422612100839615,
            -0.015971019864082336
        ],
        [
            0.10596276819705963,
            0.013625901192426682,
            -0.021555449813604355
        ],
        [
            0.18270567059516907,
            0.031069206073880196,
            0.0964810848236084
        ],
        [
            0.1813698709011078,
            0.027960658073425293,
            0.09172855317592621
        ],
        [
            0.09513527154922485,
            -0.01464344933629036,
            0.055425066500902176
        ],
        [
            0.11056330800056458,
            -0.0085311783477664,
            0.07101127505302429
        ],
        [
            0.08857637643814087,
            -0.01789177767932415,
            0.03931635618209839
        ],
        [
            0.0866212472319603,
            -0.020061247050762177,
            0.026789523661136627
        ],
        [
            0.08322787284851074,
            -0.022847505286335945,
            0.0178755521774292
        ],
        [
            0.14518286287784576,
            0.022152673453092575,
            0.06562812626361847
        ],
        [
            0.12755614519119263,
            0.01899944618344307,
            0.05006446689367294
        ],
        [
            0.11966405808925629,
            0.025238003581762314,
            0.03521762043237686
        ],
        [
            0.11812806874513626,
            0.051472485065460205,
            0.019131729379296303
        ],
        [
            0.10902484506368637,
            0.048101332038640976,
            0.014491528272628784
        ],
        [
            0.11152169108390808,
            0.042589519172906876,
            0.023185160011053085
        ],
        [
            0.1193959191441536,
            0.046312373131513596,
            0.025044577196240425
        ],
        [
            0.12992040812969208,
            0.05632311850786209,
            0.009874587878584862
        ],
        [
            0.12818944454193115,
            0.05736890807747841,
            0.017589012160897255
        ],
        [
            0.13657864928245544,
            0.06092097610235214,
            0.021523697301745415
        ],
        [
            0.13859407603740692,
            0.060867466032505035,
            0.01437004841864109
        ],
        [
            0.1325957477092743,
            -0.006058534607291222,
            0.06696722656488419
        ],
        [
            0.12303797900676727,
            -0.014643283560872078,
            0.06228529289364815
        ],
        [
            0.092735655605793,
            0.032752398401498795,
            -0.005951575934886932
        ],
        [
            0.0870039165019989,
            0.02788158506155014,
            -0.007860548794269562
        ],
        [
            0.08185073733329773,
            0.022895237430930138,
            -0.012344367802143097
        ],
        [
            0.09768907725811005,
            0.022922690957784653,
            0.026265643537044525
        ],
        [
            0.08568824082612991,
            0.019006282091140747,
            0.020909227430820465
        ],
        [
            0.08493825793266296,
            0.016621030867099762,
            0.025121040642261505
        ],
        [
            0.09765911847352982,
            0.020168151706457138,
            0.02792445570230484
        ],
        [
            0.10295261442661285,
            0.016349636018276215,
            0.041908200830221176
        ],
        [
            0.09024154394865036,
            0.01601085439324379,
            0.042900897562503815
        ],
        [
            0.11192785203456879,
            0.017122488468885422,
            0.05027627944946289
        ],
        [
            0.07798571139574051,
            0.00731662567704916,
            0.016835473477840424
        ],
        [
            0.07321520149707794,
            0.008967030793428421,
            0.006746023893356323
        ],
        [
            0.07247009128332138,
            0.001509910449385643,
            0.011597935110330582
        ],
        [
            0.0750764012336731,
            0.015700213611125946,
            -0.00016256049275398254
        ],
        [
            0.07792990654706955,
            0.02092604525387287,
            -0.006835769861936569
        ],
        [
            0.10155387967824936,
            0.011414367705583572,
            -0.02853473275899887
        ],
        [
            0.07351289689540863,
            -0.005710935220122337,
            0.015685003250837326
        ],
        [
            0.11875629425048828,
            0.015877440571784973,
            0.06888587772846222
        ],
        [
            0.12509554624557495,
            0.015935484319925308,
            0.07156450301408768
        ],
        [
            0.1278814673423767,
            0.016252301633358,
            0.06453689932823181
        ],
        [
            0.12307367473840714,
            0.015677770599722862,
            0.06185723468661308
        ],
        [
            0.15678665041923523,
            0.0005096024833619595,
            0.07259573042392731
        ],
        [
            0.15072636306285858,
            0.004685203544795513,
            0.07620169222354889
        ],
        [
            0.14265617728233337,
            0.0030587308574467897,
            0.07125423848628998
        ],
        [
            0.09618227183818817,
            0.03395538777112961,
            0.01924656704068184
        ],
        [
            0.09631779044866562,
            0.04002492502331734,
            0.008245527744293213
        ],
        [
            0.1510416716337204,
            0.021041788160800934,
            0.07309459149837494
        ],
        [
            0.17875361442565918,
            0.021073700860142708,
            0.09148263186216354
        ],
        [
            0.17415538430213928,
            0.0199026707559824,
            0.09514423459768295
        ],
        [
            0.16618578135967255,
            0.00894713494926691,
            0.08312138170003891
        ],
        [
            0.1718023717403412,
            0.010512386448681355,
            0.07943379133939743
        ],
        [
            0.1610807478427887,
            0.025103189051151276,
            0.07297669351100922
        ],
        [
            0.1545303612947464,
            0.022364841774106026,
            0.0757203921675682
        ],
        [
            0.1566227525472641,
            0.023703068494796753,
            0.07655404508113861
        ],
        [
            0.16114048659801483,
            0.028104130178689957,
            0.07457617670297623
        ],
        [
            0.16119354963302612,
            0.049756381660699844,
            0.045010220259428024
        ],
        [
            0.15359658002853394,
            0.04894726350903511,
            0.04250180348753929
        ],
        [
            0.1667380928993225,
            0.013004769571125507,
            0.05353251099586487
        ],
        [
            0.16541098058223724,
            0.001282322220504284,
            0.058929771184921265
        ],
        [
            0.15541782975196838,
            -0.003297746181488037,
            0.052031636238098145
        ],
        [
            0.13833434879779816,
            0.035121165215969086,
            0.042404163628816605
        ],
        [
            0.1470876783132553,
            0.03914475440979004,
            0.04728807508945465
        ],
        [
            0.1469736546278,
            0.042133454233407974,
            0.044376082718372345
        ],
        [
            0.14903071522712708,
            0.02524787001311779,
            0.06507927179336548
        ],
        [
            0.154719740152359,
            0.02538817934691906,
            0.07001015543937683
        ],
        [
            0.154685840010643,
            0.028142547234892845,
            0.06505344808101654
        ],
        [
            0.1485307365655899,
            0.02814486064016819,
            0.060272395610809326
        ],
        [
            0.12622764706611633,
            0.043110352009534836,
            -0.0010547004640102386
        ],
        [
            0.119538813829422,
            0.051145389676094055,
            0.004031583666801453
        ],
        [
            0.17066678404808044,
            0.027896491810679436,
            0.10292059183120728
        ],
        [
            0.16984373331069946,
            0.02491215616464615,
            0.09984607249498367
        ],
        [
            0.12896676361560822,
            0.031458768993616104,
            0.03671550378203392
        ],
        [
            0.14308276772499084,
            -0.0067944712936878204,
            0.044238150119781494
        ],
        [
            0.11892950534820557,
            0.029251430183649063,
            0.03153267130255699
        ],
        [
            0.16268934309482574,
            0.043387386947870255,
            0.026047246530652046
        ],
        [
            0.16149842739105225,
            0.05005665495991707,
            0.027509301900863647
        ],
        [
            0.1658473163843155,
            0.050621286034584045,
            0.03134407848119736
        ],
        [
            0.16903804242610931,
            0.04612002521753311,
            0.029498077929019928
        ],
        [
            0.16879364848136902,
            0.03645556792616844,
            0.0837220847606659
        ],
        [
            0.16488006711006165,
            0.035138748586177826,
            0.08780968189239502
        ],
        [
            0.16627506911754608,
            0.03746488317847252,
            0.09085825085639954
        ],
        [
            0.17068307101726532,
            0.03907986357808113,
            0.08737732470035553
        ],
        [
            0.15221007168293,
            0.01763538271188736,
            0.07841509580612183
        ],
        [
            0.15198445320129395,
            0.011724247597157955,
            0.0802476704120636
        ],
        [
            0.15585575997829437,
            0.015220839530229568,
            0.08359609544277191
        ],
        [
            0.1557181030511856,
            0.020290745422244072,
            0.08034765720367432
        ],
        [
            0.15666060149669647,
            0.007114827632904053,
            0.08049869537353516
        ],
        [
            0.16022972762584686,
            0.010621502064168453,
            0.0843629464507103
        ],
        [
            0.17463859915733337,
            0.03470263630151749,
            0.08155231922864914
        ],
        [
            0.17998230457305908,
            0.029599247500300407,
            0.08296182751655579
        ],
        [
            0.1736774891614914,
            0.021548934280872345,
            0.07133181393146515
        ],
        [
            0.16851459443569183,
            0.02776501700282097,
            0.07304616272449493
        ],
        [
            0.13041523098945618,
            0.013211339712142944,
            0.002911612391471863
        ],
        [
            0.12741684913635254,
            0.02220296859741211,
            -0.003017231822013855
        ],
        [
            0.1375674605369568,
            0.02923518791794777,
            0.005020320415496826
        ],
        [
            0.14767836034297943,
            0.035820551216602325,
            0.011951744556427002
        ],
        [
            0.15654191374778748,
            0.04198265075683594,
            0.020040888339281082
        ],
        [
            0.16148178279399872,
            0.03178710862994194,
            0.025042355060577393
        ],
        [
            0.1339523047208786,
            0.03511146456003189,
            0.0007457993924617767
        ],
        [
            0.16852274537086487,
            0.021699292585253716,
            0.063715361058712
        ],
        [
            0.16887487471103668,
            0.014852995052933693,
            0.06292448937892914
        ],
        [
            0.16976214945316315,
            0.0171714648604393,
            0.05820806324481964
        ],
        [
            0.11767707765102386,
            0.03574448823928833,
            0.02808772586286068
        ],
        [
            0.16919197142124176,
            0.021194346249103546,
            0.0964517742395401
        ],
        [
            0.10331358760595322,
            -0.021460549905896187,
            0.00805913656949997
        ],
        [
            0.1086682677268982,
            -0.014285940676927567,
            -0.0023622512817382812
        ],
        [
            0.11384175717830658,
            -0.012590771540999413,
            0.004557155072689056
        ],
        [
            0.10717608779668808,
            -0.02004631981253624,
            0.016858350485563278
        ],
        [
            0.1630723625421524,
            0.03040594793856144,
            0.09250841289758682
        ],
        [
            0.16433469951152802,
            0.02517106384038925,
            0.09583983570337296
        ],
        [
            0.1549256145954132,
            0.05401556193828583,
            0.03780596703290939
        ],
        [
            0.16111871600151062,
            0.052960626780986786,
            0.03995227813720703
        ],
        [
            0.16336224973201752,
            0.0538979135453701,
            0.03654339164495468
        ],
        [
            0.15847036242485046,
            0.05776483938097954,
            0.03383926302194595
        ],
        [
            0.12430025637149811,
            0.02631312422454357,
            -0.005970735102891922
        ],
        [
            0.15041705965995789,
            0.05929062142968178,
            0.012076122686266899
        ],
        [
            0.15543866157531738,
            0.05100049078464508,
            0.01273372396826744
        ],
        [
            0.11841477453708649,
            0.015678919851779938,
            -0.009810496121644974
        ],
        [
            0.12130919098854065,
            0.007530298084020615,
            -0.005139216780662537
        ],
        [
            0.11463592946529388,
            0.00394059345126152,
            -0.011280976235866547
        ],
        [
            0.16835394501686096,
            0.026602651923894882,
            0.038144826889038086
        ],
        [
            0.13353338837623596,
            0.00777253694832325,
            0.009007979184389114
        ],
        [
            0.12314815074205399,
            0.0024647563695907593,
            0.0004016086459159851
        ],
        [
            0.11522109806537628,
            -0.002073831856250763,
            -0.006670992821455002
        ],
        [
            0.10996388643980026,
            -0.005007710307836533,
            -0.01250891387462616
        ],
        [
            0.10974376648664474,
            0.0019498616456985474,
            -0.016879308968782425
        ],
        [
            0.18054136633872986,
            0.025186818093061447,
            0.08698934316635132
        ],
        [
            0.18135498464107513,
            0.03342074155807495,
            0.08763427287340164
        ],
        [
            0.10525096207857132,
            -0.0007912255823612213,
            -0.024369359016418457
        ],
        [
            0.1052049770951271,
            -0.008260853588581085,
            -0.01875549554824829
        ],
        [
            0.12391453981399536,
            -0.0036875568330287933,
            0.00730089470744133
        ],
        [
            0.12310653179883957,
            -0.010677210986614227,
            0.016480132937431335
        ],
        [
            0.13378776609897614,
            0.0018708165735006332,
            0.015481632202863693
        ],
        [
            0.13430631160736084,
            -0.00465204194188118,
            0.024968300014734268
        ],
        [
            0.16788539290428162,
            0.01645072177052498,
            0.040731724351644516
        ],
        [
            0.18186414241790771,
            0.0467817559838295,
            0.1001097559928894
        ],
        [
            0.17900903522968292,
            0.041130341589450836,
            0.09108055382966995
        ],
        [
            0.17334994673728943,
            0.042319945991039276,
            0.09166920185089111
        ],
        [
            0.1781654953956604,
            0.04878580942749977,
            0.09982913732528687
        ],
        [
            0.17630645632743835,
            0.03777438774704933,
            0.0859353318810463
        ],
        [
            0.18248721957206726,
            0.03659430146217346,
            0.09246223419904709
        ],
        [
            0.13010317087173462,
            -0.01178659312427044,
            0.03686368837952614
        ],
        [
            0.16207048296928406,
            0.02808796614408493,
            0.06830138713121414
        ],
        [
            0.11489778757095337,
            -0.01777445524930954,
            0.031462278217077255
        ],
        [
            0.12971851229667664,
            -0.015922892838716507,
            0.05155367776751518
        ],
        [
            0.11749744415283203,
            -0.018637072294950485,
            0.049888838082551956
        ],
        [
            0.09875825047492981,
            -0.02297484315931797,
            0.02865825966000557
        ],
        [
            0.10289227217435837,
            -0.021301470696926117,
            0.04575519636273384
        ],
        [
            0.09181147813796997,
            -0.025678738951683044,
            0.010722070932388306
        ],
        [
            0.09634944051504135,
            -0.02378622442483902,
            0.018510986119508743
        ],
        [
            0.11066911369562149,
            -0.017447568476200104,
            0.06052875518798828
        ],
        [
            0.16982141137123108,
            0.039760738611221313,
            0.10749290883541107
        ],
        [
            0.1696608066558838,
            0.04424532130360603,
