{
    "pred_cam": [
        11.188749313354492,
        0.13334053754806519,
        -0.052974212914705276
    ],
    "pred_mano_params": {
        "global_orient": [
            [
                [
                    -0.6370384097099304,
                    0.6410384178161621,
                    -0.4280790686607361
                ],
                [
                    -0.21787090599536896,
                    -0.6824395060539246,
                    -0.6977165937423706
                ],
                [
                    -0.7394013404846191,
                    -0.35120633244514465,
                    0.5744038224220276
                ]
            ]
        ],
        "hand_pose": [
            [
                [
                    0.8357367515563965,
                    -0.48067888617515564,
                    -0.26550307869911194
                ],
                [
                    0.508547842502594,
                    0.8599109053611755,
                    0.04395833984017372
                ],
                [
                    0.20717915892601013,
                    -0.17175860702991486,
                    0.9631073474884033
                ]
            ],
            [
                [
                    0.9563440084457397,
                    -0.29096341133117676,
                    0.02732146717607975
                ],
                [
                    0.2805841565132141,
                    0.8880254626274109,
                    -0.36425724625587463
                ],
                [
                    0.08172337710857391,
                    0.3560211956501007,
                    0.9308975338935852
                ]
            ],
            [
                [
                    0.9111731052398682,
                    -0.06420107185840607,
                    0.4069910943508148
                ],
                [
                    0.046821072697639465,
                    0.9975210428237915,
                    0.052531398832798004
                ],
                [
                    -0.4093547463417053,
                    -0.0288094375282526,
                    0.9119203090667725
                ]
            ],
            [
                [
                    0.9871005415916443,
                    -0.02935701049864292,
                    -0.15738697350025177
                ],
                [
                    0.020933790132403374,
                    0.9982717037200928,
                    -0.05491256341338158
                ],
                [
                    0.1587270349264145,
                    0.05090951919555664,
                    0.9860091209411621
                ]
            ],
            [
                [
                    0.8240372538566589,
                    -0.5419342517852783,
                    -0.16513574123382568
                ],
                [
                    0.565655529499054,
                    0.8032706379890442,
                    0.18652106821537018
                ],
                [
                    0.03156653046607971,
                    -0.2471102476119995,
                    0.9684730768203735
                ]
            ],
            [
                [
                    0.7907546162605286,
                    -0.5209100246429443,
                    0.3214963674545288
                ],
                [
                    0.5233634114265442,
                    0.8477301597595215,
                    0.08628106117248535
                ],
                [
                    -0.31748679280281067,
                    0.10003228485584259,
                    0.9429717659950256
                ]
            ],
            [
                [
                    0.8353911638259888,
                    -0.4951941967010498,
                    -0.23854604363441467
                ],
                [
                    0.49692922830581665,
                    0.8659001588821411,
                    -0.05725666880607605
                ],
                [
                    0.23491020500659943,
                    -0.07070879638195038,
                    0.969441831111908
                ]
            ],
            [
                [
                    0.7940793037414551,
                    -0.6015306115150452,
                    0.08717220276594162
                ],
                [
                    0.5413623452186584,
                    0.7651568055152893,
                    0.34851375222206116
                ],
                [
                    -0.27634212374687195,
                    -0.22955578565597534,
                    0.9332411885261536
                ]
            ],
            [
                [
                    0.8813545107841492,
                    -0.46913206577301025,
                    0.05594005063176155
                ],
                [
                    0.21177582442760468,
                    0.498125284910202,
                    0.840846061706543
                ],
                [
                    -0.4223330616950989,
                    -0.7292367815971375,
                    0.5383757948875427
                ]
            ],
            [
                [
                    0.9657237529754639,
                    -0.10471994429826736,
                    -0.2375107854604721
                ],
                [
                    0.05586426332592964,
                    0.9774165749549866,
                    -0.20380371809005737
                ],
                [
                    0.25348931550979614,
                    0.18354971706867218,
                    0.9497644901275635
                ]
            ],
            [
                [
                    0.7068702578544617,
                    -0.6966054439544678,
                    -0.12278161942958832
                ],
                [
                    0.6515856981277466,
                    0.5737155675888062,
                    0.49627256393432617
                ],
                [
                    -0.2752644419670105,
                    -0.4308030605316162,
                    0.8594406247138977
                ]
            ],
            [
                [
                    0.7457345128059387,
                    -0.629950761795044,
                    0.21689189970493317
                ],
                [
                    0.539043128490448,
                    0.7618137001991272,
                    0.35926663875579834
                ],
                [
                    -0.3915514647960663,
                    -0.15100345015525818,
                    0.907681405544281
                ]
            ],
            [
                [
                    0.8649461269378662,
                    -0.22067992389202118,
                    -0.45074227452278137
                ],
                [
                    -0.3433493673801422,
                    0.39484480023384094,
                    -0.8521788716316223
                ],
                [
                    0.3660320043563843,
                    0.8918508887290955,
                    0.26574915647506714
                ]
            ],
            [
                [
                    0.9369305968284607,
                    -0.3321880102157593,
                    -0.10868401825428009
                ],
                [
                    0.3425906002521515,
                    0.8112462162971497,
                    0.47382619976997375
                ],
                [
                    -0.06922987848520279,
                    -0.48117634654045105,
                    0.8738858699798584
                ]
            ],
            [
                [
                    0.9036418199539185,
                    -0.32619521021842957,
                    -0.2775394320487976
                ],
                [
                    0.09816388785839081,
                    0.7885120511054993,
                    -0.6071346998214722
                ],
                [
                    0.4168876111507416,
                    0.5213879942893982,
                    0.7445530295372009
                ]
            ]
        ],
        "betas": [
            -0.09638571739196777,
            -0.12708672881126404,
            0.03977319598197937,
            0.016472309827804565,
            0.10133850574493408,
            0.018128495663404465,
            0.10361464321613312,
            -0.001773938536643982,
            0.03354303538799286,
            0.0030424892902374268
        ]
    },
    "pred_cam_t": [
        -0.13334053754806519,
        -0.052974212914705276,
        3.4912302494049072
    ],
    "focal_length": [
        5000.0,
        5000.0
    ],
    "pred_keypoints_3d": [
        [
            0.0961662158370018,
            0.006425329018384218,
            0.006232418119907379
        ],
        [
            0.09046199172735214,
            0.004137473646551371,
            0.04449267312884331
        ],
        [
            0.09985075891017914,
            0.019215261563658714,
            0.069771409034729
        ],
        [
            0.11266101151704788,
            0.03624539077281952,
            0.08664645254611969
        ],
        [
            0.12661074101924896,
            0.06764936447143555,
            0.09288948029279709
        ],
        [
            0.14034371078014374,
            0.014849388971924782,
            0.0854400172829628
        ],
        [
            0.153213769197464,
            0.03408324718475342,
            0.10914482921361923
        ],
        [
            0.15299858152866364,
            0.05238080024719238,
            0.12187077850103378
        ],
        [
            0.14815592765808105,
            0.06605290621519089,
            0.1420360505580902
        ],
        [
            0.1572788655757904,
            0.030594537034630775,
            0.07514278590679169
        ],
        [
            0.18179267644882202,
            0.04339207336306572,
            0.09092668443918228
        ],
        [
            0.18591323494911194,
            0.06250870227813721,
            0.10375659912824631
        ],
        [
            0.17988163232803345,
            0.077739417552948,
            0.12318148463964462
        ],
        [
            0.15753403306007385,
            0.04576776176691055,
            0.05296849459409714
        ],
        [
            0.18038007616996765,
            0.05863194912672043,
            0.06537796556949615
        ],
        [
            0.177765890955925,
            0.08007004112005234,
            0.077732153236866
        ],
        [
            0.16487278044223785,
            0.09225031733512878,
            0.09509126842021942
        ],
        [
            0.15249955654144287,
            0.05864971503615379,
            0.03592415153980255
        ],
        [
            0.16170312464237213,
            0.07772072404623032,
            0.03774237260222435
        ],
        [
            0.15581510961055756,
            0.09527648985385895,
            0.04229794442653656
        ],
        [
            0.13893914222717285,
            0.10207027941942215,
            0.05356664955615997
        ]
    ],
    "pred_vertices": [
        [
            0.11055765300989151,
            0.017292531207203865,
            0.05669283866882324
        ],
        [
            0.1032840758562088,
            0.016006432473659515,
            0.04708591848611832
        ],
        [
            0.10526205599308014,
            0.01848262920975685,
            0.05446051061153412
        ],
        [
            0.11053363978862762,
            0.016846593469381332,
            0.06431031972169876
        ],
        [
            0.08714655041694641,
            0.024051286280155182,
            0.04682110622525215
        ],
        [
            0.07714762538671494,
            0.018062569200992584,
            0.05043061822652817
        ],
        [
            0.08580552041530609,
            0.024982620030641556,
            0.06382681429386139
        ],
        [
            0.09270600974559784,
            0.02984996698796749,
            0.0577346570789814
        ],
        [
            0.11284139752388,
            0.016234174370765686,
            0.0697360634803772
        ],
        [
            0.10724212229251862,
            0.021279409527778625,
            0.06113762408494949
        ],
        [
            0.11564765125513077,
            0.014277574606239796,
            0.07008408010005951
        ],
        [
            0.12284095585346222,
            0.00455816462635994,
            0.07746246457099915
        ],
        [
            0.11925502121448517,
            0.010570276528596878,
            0.07712193578481674
        ],
        [
            0.1294902116060257,
            0.002655091229826212,
            0.08207232505083084
        ],
        [
            0.12345978617668152,
            -0.004005457274615765,
            0.07164623588323593
        ],
        [
            0.13625673949718475,
            -0.0014750109985470772,
            0.07733216881752014
        ],
        [
            0.1359853595495224,
            -0.0006538890302181244,
            0.04837052524089813
        ],
        [
            0.13964813947677612,
            0.007258644327521324,
            0.03787434473633766
        ],
        [
            0.1498023271560669,
            0.012932667508721352,
            0.04936673864722252
        ],
        [
            0.14505594968795776,
            0.005008520558476448,
            0.05915084481239319
        ],
        [
            0.148143470287323,
            0.02510945498943329,
            0.03269170969724655
        ],
        [
            0.14995554089546204,
            0.01867554523050785,
            0.042409077286720276
        ],
        [
            0.14043033123016357,
            0.012302691116929054,
            0.03038160875439644
        ],
        [
            0.13925054669380188,
            0.018644830211997032,
            0.022311456501483917
        ],
        [
            0.11204002797603607,
            0.0231207013130188,
            0.04326300695538521
        ],
        [
            0.10436305403709412,
            0.021227478981018066,
            0.03504030033946037
        ],
        [
            0.10378769785165787,
            0.017406946048140526,
            0.03913799300789833
        ],
        [
            0.11099798232316971,
            0.019963569939136505,
            0.04753560200333595
        ],
        [
            0.1125735491514206,
            0.015300275757908821,
            0.07447527348995209
        ],
        [
            0.10965566337108612,
            0.0015979334712028503,
            0.070951446890831
        ],
        [
            0.11506931483745575,
            0.006494104862213135,
            0.07111533731222153
        ],
        [
            0.11373181641101837,
            0.02006298303604126,
            0.07210750877857208
        ],
        [
            0.08640848100185394,
            0.027594953775405884,
            0.013283129781484604
        ],
        [
            0.0817706435918808,
            0.019208628684282303,
            0.0036823302507400513
        ],
        [
            0.08006157726049423,
            0.014801209792494774,
            0.007393002510070801
        ],
        [
            0.08483675122261047,
            0.02297823503613472,
            0.015295907855033875
        ],
        [
            0.07236950844526291,
            0.00817905180156231,
            0.02835242450237274
        ],
        [
            0.07319753617048264,
            0.0018388517200946808,
            0.018753252923488617
        ],
        [
            0.07231279462575912,
            -0.011314591392874718,
            0.018106810748577118
        ],
        [
            0.07327890396118164,
            -0.007641911506652832,
            0.029140308499336243
        ],
        [
            0.07359395176172256,
            0.013452176935970783,
            0.03983773663640022
        ],
        [
            0.07173202186822891,
            0.00029795151203870773,
            0.04195556789636612
        ],
        [
            0.0750514566898346,
            0.007844776846468449,
            0.05485715717077255
        ],
        [
            0.08437834680080414,
            0.01740450970828533,
            0.06900473684072495
        ],
        [
            0.08741436153650284,
            0.02650652639567852,
            -0.005331777036190033
        ],
        [
            0.0912262573838234,
            0.03403479978442192,
            0.0004890039563179016
        ],
        [
            0.14231501519680023,
            0.037979647517204285,
            0.11469966173171997
        ],
        [
            0.14334192872047424,
            0.04254268482327461,
            0.11096516251564026
        ],
        [
            0.141173854470253,
            0.038379281759262085,
            0.10750851780176163
        ],
        [
            0.14085707068443298,
            0.03459823131561279,
            0.11181765794754028
        ],
        [
            0.1063767746090889,
            0.027190936729311943,
            -0.012649863958358765
        ],
        [
            0.11338578909635544,
            0.02008214220404625,
            -0.014579005539417267
        ],
        [
            0.10813219845294952,
            0.019374869763851166,
            -0.01963675767183304
        ],
        [
            0.10068511217832565,
            0.024557150900363922,
            -0.016914471983909607
        ],
        [
            0.11379373073577881,
            0.030658714473247528,
            -0.006870206445455551
        ],
        [
            0.12007009983062744,
            0.021162550896406174,
            -0.0070149898529052734
        ],
        [
            0.15328429639339447,
            0.03222374618053436,
            0.11748641729354858
        ],
        [
            0.14829888939857483,
            0.032756462693214417,
            0.11878643929958344
        ],
        [
            0.1482609510421753,
            0.028585972264409065,
            0.11535417288541794
        ],
        [
            0.15314580500125885,
            0.028002414852380753,
            0.11291105300188065
        ],
        [
            0.11653713881969452,
            0.015358800068497658,
            0.07309640944004059
        ],
        [
            0.1163211464881897,
            0.019355986267328262,
            0.06534719467163086
        ],
        [
            0.1286245882511139,
            0.018932463601231575,
            0.08550785481929779
        ],
        [
            0.12495943158864975,
            0.01951334811747074,
            0.07673584669828415
        ],
        [
            0.12279324233531952,
            0.013819613493978977,
            0.08019965887069702
        ],
        [
            0.12715527415275574,
            0.013128027319908142,
            0.08682131767272949
        ],
        [
            0.12912021577358246,
            0.031487707048654556,
            0.05668896436691284
        ],
        [
            0.12119673937559128,
            0.02785932645201683,
            0.048647940158843994
        ],
        [
            0.12055417895317078,
            0.02441263198852539,
            0.05422961339354515
        ],
        [
            0.12814567983150482,
            0.02785925194621086,
            0.0645018145442009
        ],
        [
            0.12233150005340576,
            0.03804406523704529,
            0.038796212524175644
        ],
        [
            0.13037103414535522,
            0.04056215658783913,
            0.04741286486387253
        ],
        [
            0.1300845593214035,
            0.04611953720450401,
            0.04091791808605194
        ],
        [
            0.12372969090938568,
            0.043938618153333664,
            0.036223456263542175
        ],
        [
            0.14418628811836243,
            0.04260828718543053,
            0.06443846225738525
        ],
        [
            0.1515640765428543,
            0.0431237556040287,
            0.06938827782869339
        ],
        [
            0.1538379192352295,
            0.04606867581605911,
            0.06690876930952072
        ],
        [
            0.14525137841701508,
            0.04461812227964401,
            0.06136365979909897
        ],
        [
            0.10350547730922699,
            0.017585821449756622,
            -0.02474280446767807
        ],
        [
            0.09530501812696457,
            0.02116653509438038,
            -0.02052949368953705
        ],
        [
            0.14477021992206573,
            0.040494926273822784,
            0.01778516173362732
        ],
        [
            0.1376464068889618,
            0.04775075614452362,
            0.013271182775497437
        ],
        [
            0.14539027214050293,
            0.05415153130888939,
            0.01968609169125557
        ],
        [
            0.15119127929210663,
            0.04478760063648224,
            0.022848859429359436
        ],
        [
            0.11766751110553741,
            0.011125512421131134,
            -0.01126629114151001
        ],
        [
            0.11380098760128021,
            0.011092033237218857,
            -0.018135689198970795
        ],
        [
            0.15781156718730927,
            0.03463613614439964,
            0.11384694278240204
        ],
        [
            0.15691602230072021,
            0.03063715249300003,
            0.1089911088347435
        ],
        [
            0.0799214169383049,
            -0.005557689815759659,
            0.0540594607591629
        ],
        [
            0.08722880482673645,
            0.008016407489776611,
            0.07120984047651291
        ],
        [
            0.07867473363876343,
            -0.013535196892917156,
            0.03806848078966141
        ],
        [
            0.08040323853492737,
            -0.01783463917672634,
            0.025946766138076782
        ],
        [
            0.07946723699569702,
            -0.021331457421183586,
            0.016509592533111572
        ],
        [
            0.12922881543636322,
            0.02457030490040779,
            0.07579629868268967
        ],
        [
            0.11612568795681,
            0.021101901307702065,
            0.05643678829073906
        ],
        [
            0.11277186870574951,
            0.026465393602848053,
            0.03946699947118759
        ],
        [
            0.1171022355556488,
            0.051436226814985275,
            0.02179933339357376
        ],
        [
            0.10935796052217484,
            0.04820217564702034,
            0.01513747125864029
        ],
        [
            0.10908407717943192,
            0.043257925659418106,
            0.024554260075092316
        ],
        [
            0.11641527712345123,
            0.046710699796676636,
            0.028209112584590912
        ],
        [
            0.1313289999961853,
            0.05491453781723976,
            0.015708021819591522
        ],
        [
            0.1274993121623993,
            0.056560125201940536,
            0.02245732769370079
        ],
        [
            0.13406018912792206,
            0.05957355350255966,
            0.028003156185150146
        ],
        [
            0.13828863203525543,
            0.05906202271580696,
            0.02186630666255951
        ],
        [
            0.1079385057091713,
            0.012494925409555435,
            0.07928453385829926
        ],
        [
            0.10350178182125092,
            -0.0014681480824947357,
            0.07128267735242844
        ],
        [
            0.09806033223867416,
            0.03196854889392853,
            -0.007978402078151703
        ],
        [
            0.09272272139787674,
            0.027141951024532318,
            -0.011059850454330444
        ],
        [
            0.08869317173957825,
            0.021910227835178375,
            -0.016465209424495697
        ],
        [
            0.09404933452606201,
            0.023613544180989265,
            0.02520298957824707
        ],
        [
            0.08350691199302673,
            0.019811738282442093,
            0.016790881752967834
        ],
        [
            0.08190447837114334,
            0.017289314419031143,
            0.02035415917634964
        ],
        [
            0.0938403457403183,
            0.02026965655386448,
            0.02694455161690712
        ],
        [
            0.09461173415184021,
            0.018141109496355057,
            0.03898981586098671
        ],
        [
            0.08213336020708084,
            0.01844961941242218,
            0.03505025431513786
        ],
        [
            0.09894385933876038,
            0.02366464212536812,
            0.047238077968358994
        ],
        [
            0.07655151188373566,
            0.008329825475811958,
            0.011380739510059357
        ],
        [
            0.07452275604009628,
            0.009654361754655838,
            0.00039630383253097534
        ],
        [
            0.07218974083662033,
            0.0025383513420820236,
            0.005338452756404877
        ],
        [
            0.07851068675518036,
            0.015847673639655113,
            -0.00614919513463974
        ],
        [
            0.08332908898591995,
            0.020495064556598663,
            -0.012094147503376007
        ],
        [
            0.11133162677288055,
            0.008494164794683456,
            -0.025895968079566956
        ],
        [
            0.07160863280296326,
            -0.004280589520931244,
            0.01008530706167221
        ],
        [
            0.09672088176012039,
            0.03225665166974068,
            0.06545746326446533
        ],
        [
            0.10017761588096619,
            0.034775447100400925,
            0.07234741747379303
        ],
        [
            0.10686388611793518,
            0.03328576311469078,
            0.06854868680238724
        ],
        [
            0.1043856143951416,
            0.030649887397885323,
            0.062320858240127563
        ],
        [
            0.13700097799301147,
            0.003960621543228626,
            0.0876329094171524
        ],
        [
            0.130501851439476,
            0.008384140208363533,
            0.0888265073299408
        ],
        [
            0.12381331622600555,
            0.007370506413280964,
            0.08223138004541397
        ],
        [
            0.09472533315420151,
            0.035001181066036224,
            0.017192527651786804
        ],
        [
            0.09819608926773071,
            0.04023341089487076,
            0.006205383688211441
        ],
        [
            0.1329021453857422,
            0.02382044494152069,
            0.08448992669582367
        ],
        [
            0.1541476994752884,
            0.024334857240319252,
            0.1091470867395401
        ],
        [
            0.14862553775310516,
            0.024180516600608826,
            0.1116732656955719
        ],
        [
            0.1437755823135376,
            0.012294527143239975,
            0.09919153898954391
        ],
        [
            0.15027889609336853,
            0.013077294453978539,
            0.09707345813512802
        ],
        [
            0.1432323157787323,
            0.027422023937106133,
            0.08678078651428223
        ],
        [
            0.13576729595661163,
            0.025305554270744324,
            0.08764143288135529
        ],
        [
            0.13771629333496094,
            0.026637548580765724,
            0.08880866318941116
        ],
        [
            0.14297591149806976,
            0.030530110001564026,
            0.08776780217885971
        ],
        [
            0.1520184725522995,
            0.05030588433146477,
            0.058618735522031784
        ],
        [
            0.1448112279176712,
            0.049485571682453156,
            0.054300785064697266
        ],
        [
            0.15237101912498474,
            0.013615630567073822,
            0.0706116184592247
        ],
        [
            0.14917325973510742,
            0.0025012800469994545,
            0.0763544887304306
        ],
        [
            0.14116907119750977,
            -0.0014792568981647491,
            0.06802797317504883
        ],
        [
            0.12952940165996552,
            0.036069393157958984,
            0.05076640844345093
        ],
        [
            0.13692554831504822,
            0.04011261463165283,
            0.05763014033436775
        ],
        [
            0.13774552941322327,
            0.04282791167497635,
            0.054567962884902954
        ],
        [
            0.13330122828483582,
            0.0274769589304924,
            0.07614355534315109
        ],
        [
            0.13765430450439453,
            0.02774191088974476,
            0.08235295116901398
        ],
        [
            0.1390559822320938,
            0.030254235491156578,
            0.07770384103059769
        ],
        [
            0.13424551486968994,
            0.03006473369896412,
            0.07124510407447815
        ],
        [
            0.13002996146678925,
            0.041286200284957886,
            0.004989799112081528
        ],
        [
            0.12265476584434509,
            0.049909837543964386,
            0.007598869502544403
        ],
        [
            0.14419469237327576,
            0.034674953669309616,
            0.11764755845069885
        ],
        [
            0.14353644847869873,
            0.030853718519210815,
            0.11459202319383621
        ],
        [
            0.12174330651760101,
            0.032385267317295074,
            0.04299083724617958
        ],
        [
            0.13120372593402863,
            -0.004917435348033905,
            0.057955414056777954
        ],
        [
            0.11325069516897202,
            0.03025129809975624,
            0.03546473756432533
        ],
        [
            0.1577007919549942,
            0.042446959763765335,
            0.041141532361507416
        ],
        [
            0.15595181286334991,
            0.05086575075984001,
            0.04227864369750023
        ],
        [
            0.15974749624729156,
            0.05016549676656723,
            0.04662557318806648
        ],
        [
            0.16306981444358826,
            0.04458651691675186,
            0.045765332877635956
        ],
        [
            0.1485787332057953,
            0.039373621344566345,
            0.09741301834583282
        ],
        [
            0.14360982179641724,
            0.0389174148440361,
            0.10053113847970963
        ],
        [
            0.14426057040691376,
            0.04184441640973091,
            0.10328278690576553
        ],
        [
            0.14947867393493652,
            0.042318761348724365,
            0.10075058788061142
        ],
        [
            0.13238942623138428,
            0.021036382764577866,
            0.08999648690223694
        ],
        [
            0.1311967819929123,
            0.015350203029811382,
            0.09224622696638107
        ],
        [
            0.1343012899160385,
            0.01913616620004177,
            0.0961303859949112
        ],
        [
            0.1355084776878357,
            0.02378152683377266,
            0.09249652177095413
        ],
        [
            0.1352374404668808,
            0.010722782462835312,
            0.0942227765917778
        ],
        [
            0.13787533342838287,
            0.014450320042669773,
            0.09855351597070694
        ],
        [
            0.15448227524757385,
            0.03670848160982132,
            0.09699873626232147
        ],
        [
            0.15853077173233032,
            0.031240716576576233,
            0.10025978833436966
        ],
        [
            0.155290424823761,
            0.0229389276355505,
            0.08875696361064911
        ],
        [
            0.150411918759346,
            0.029608897864818573,
            0.08838633447885513
        ],
        [
            0.13099324703216553,
            0.011586043983697891,
            0.011986415833234787
        ],
        [
            0.13024795055389404,
            0.02024446427822113,
            0.004874557256698608
        ],
        [
            0.1385284662246704,
            0.027467496693134308,
            0.014909043908119202
        ],
        [
            0.14706571400165558,
            0.03421725705265999,
            0.02395448461174965
        ],
        [
            0.15394876897335052,
            0.04069967567920685,
            0.03387472778558731
        ],
        [
            0.15623246133327484,
            0.030453400686383247,
            0.04046275466680527
        ],
        [
            0.13654926419258118,
            0.03314874693751335,
            0.009410969913005829
        ],
        [
            0.15284284949302673,
            0.022954607382416725,
            0.08055530488491058
        ],
        [
            0.1523815542459488,
            0.015910755842924118,
            0.08014333248138428
        ],
        [
            0.15465733408927917,
            0.01783481240272522,
            0.07577121257781982
        ],
        [
            0.11331675946712494,
            0.03653651103377342,
            0.03139099106192589
        ],
        [
            0.14380823075771332,
            0.026015901938080788,
            0.11146972328424454
        ],
        [
            0.1015835702419281,
            -0.021645210683345795,
            0.012416675686836243
        ],
        [
            0.10981780290603638,
            -0.01546669751405716,
            0.002979777753353119
        ],
        [
            0.11306282132863998,
            -0.013422949239611626,
            0.01092536747455597
        ],
        [
            0.10307493060827255,
            -0.019626544788479805,
            0.022259630262851715
        ],
        [
            0.1401069164276123,
            0.03499889373779297,
            0.10507362335920334
        ],
        [
            0.1398245394229889,
            0.030234191566705704,
            0.1091713234782219
        ],
        [
            0.1470818668603897,
            0.05426390841603279,
            0.049851104617118835
        ],
        [
            0.15322525799274445,
            0.053389228880405426,
            0.053564250469207764
        ],
        [
            0.15640640258789062,
            0.054138123989105225,
            0.05069536343216896
        ],
        [
            0.15116794407367706,
            0.05873524397611618,
            0.046631015837192535
        ],
        [
            0.12830263376235962,
            0.024253204464912415,
            0.0008966028690338135
        ],
        [
            0.14953744411468506,
            0.0581493116915226,
            0.023221861571073532
        ],
        [
            0.1554061323404312,
            0.05010181665420532,
            0.02628348395228386
        ],
        [
            0.12284591794013977,
            0.013586718589067459,
            -0.0036415010690689087
        ],
        [
            0.1239139586687088,
            0.005676683038473129,
            0.0021585673093795776
        ],
        [
            0.11884671449661255,
            0.0018939748406410217,
            -0.0052848756313323975
        ],
        [
            0.15870490670204163,
            0.025788497179746628,
            0.05524790287017822
        ],
        [
            0.1320384293794632,
            0.006489302963018417,
            0.019030418246984482
        ],
        [
            0.12392967194318771,
            0.0009635202586650848,
            0.008309483528137207
        ],
        [
            0.11787409335374832,
            -0.003804769366979599,
            -0.0003049001097679138
        ],
        [
            0.11417631059885025,
            -0.006966870278120041,
            -0.0071129947900772095
        ],
        [
            0.11551409959793091,
            -0.00033765658736228943,
            -0.011829420924186707
        ],
        [
            0.1573994755744934,
            0.027438413351774216,
            0.10473135113716125
        ],
        [
            0.15866725146770477,
            0.03532232716679573,
            0.10440339148044586
        ],
        [
            0.11307667195796967,
            -0.0035010315477848053,
            -0.02004648745059967
        ],
        [
            0.11112111806869507,
            -0.010527845472097397,
            -0.01415148377418518
        ],
        [
            0.12253764271736145,
            -0.0047152359038591385,
            0.015535399317741394
        ],
        [
            0.11902938783168793,
            -0.01092856377363205,
            0.025189418345689774
        ],
        [
            0.13024771213531494,
            0.00104578398168087,
            0.02570870891213417
        ],
        [
            0.12791110575199127,
            -0.004728447645902634,
            0.035727281123399734
        ],
        [
            0.15659379959106445,
            0.015996363013982773,
            0.05822348967194557
        ],
        [
            0.15961436927318573,
            0.05086035281419754,
            0.11519861966371536
        ],
        [
            0.15753860771656036,
            0.04403296858072281,
            0.10635948181152344
        ],
        [
            0.15224117040634155,
            0.04623876512050629,
            0.10530360043048859
        ],
        [
            0.1567826122045517,
            0.05347823351621628,
            0.11352204531431198
        ],
        [
            0.1549411416053772,
            0.04003024473786354,
            0.1009356752038002
        ],
        [
            0.1596243530511856,
            0.03931664675474167,
            0.10922165215015411
        ],
        [
            0.12042106688022614,
            -0.00997377559542656,
            0.047957584261894226
        ],
        [
            0.14596281945705414,
            0.030173087492585182,
            0.08299180120229721
        ],
        [
            0.10694904625415802,
            -0.015766087919473648,
            0.03957263380289078
        ],
        [
            0.11535565555095673,
            -0.009893969632685184,
            0.06352608650922775
        ],
        [
            0.10362234711647034,
            -0.011846098117530346,
            0.05862832069396973
        ],
        [
            0.09141847491264343,
            -0.02071930468082428,
            0.032284773886203766
        ],
        [
            0.09035712480545044,
            -0.015171615406870842,
            0.050275567919015884
        ],
        [
            0.08943210542201996,
            -0.02509380504488945,
            0.012243017554283142
        ],
        [
            0.09191159904003143,
            -0.022692807018756866,
            0.02120712399482727
        ],
        [
            0.0922573059797287,
            -0.005098825320601463,
            0.06561529636383057
        ],
        [
            0.14480508863925934,
            0.04773017019033432,
            0.11979448050260544
        ],
        [
            0.14664284884929657,
            0.05132998526096344,
            0.11564572900533676
