{
    "pred_cam": [
        7.779203414916992,
        -0.08883853256702423,
        -0.05144946649670601
    ],
    "pred_mano_params": {
        "global_orient": [
            [
                [
                    -0.03174801170825958,
                    0.6813119649887085,
                    -0.7313042879104614
                ],
                [
                    -0.7938470840454102,
                    -0.46174898743629456,
                    -0.39572036266326904
                ],
                [
                    -0.6072880625724792,
                    0.5679804682731628,
                    0.5555170774459839
                ]
            ]
        ],
        "hand_pose": [
            [
                [
                    0.6246658563613892,
                    -0.7535943388938904,
                    -0.2046659290790558
                ],
                [
                    0.7309917211532593,
                    0.6564954519271851,
                    -0.186184823513031
                ],
                [
                    0.2746700942516327,
                    -0.033305805176496506,
                    0.9609614610671997
                ]
            ],
            [
                [
                    0.6426615715026855,
                    -0.7353706955909729,
                    0.21497896313667297
                ],
                [
                    0.7478740811347961,
                    0.5412064790725708,
                    -0.3844214379787445
                ],
                [
                    0.16634425520896912,
                    0.4078300893306732,
                    0.897777259349823
                ]
            ],
            [
                [
                    0.9738545417785645,
                    -0.20568545162677765,
                    0.09644065797328949
                ],
                [
                    0.18081600964069366,
                    0.958812952041626,
                    0.2190508097410202
                ],
                [
                    -0.13752412796020508,
                    -0.19588561356067657,
                    0.970935583114624
                ]
            ],
            [
                [
                    0.45606258511543274,
                    -0.8879246711730957,
                    -0.05997343733906746
                ],
                [
                    0.8899217844009399,
                    0.454497754573822,
                    0.038353655487298965
                ],
                [
                    -0.006797358393669128,
                    -0.07086332887411118,
                    0.9974629282951355
                ]
            ],
            [
                [
                    0.8020331263542175,
                    -0.5499228239059448,
                    -0.2330830842256546
                ],
                [
                    0.5841728448867798,
                    0.8035413026809692,
                    0.11429513245820999
                ],
                [
                    0.12443840503692627,
                    -0.22782930731773376,
                    0.9657167196273804
                ]
            ],
            [
                [
                    0.9691089391708374,
                    -0.23799477517604828,
                    0.06470228731632233
                ],
                [
                    0.23963505029678345,
                    0.9706813097000122,
                    -0.01878431998193264
                ],
                [
                    -0.05833473056554794,
                    0.03370898962020874,
                    0.9977278113365173
                ]
            ],
            [
                [
                    0.8496135473251343,
                    -0.4937700033187866,
                    0.18533200025558472
                ],
                [
                    0.49325504899024963,
                    0.8683175444602966,
                    0.05219249054789543
                ],
                [
                    -0.18669810891151428,
                    0.047072503715753555,
                    0.9812889099121094
                ]
            ],
            [
                [
                    0.870438277721405,
                    -0.49133628606796265,
                    -0.030428210273385048
                ],
                [
                    0.45769110321998596,
                    0.7849758863449097,
                    0.4175304174423218
                ],
                [
                    -0.18126243352890015,
                    -0.3773611783981323,
                    0.9081532955169678
                ]
            ],
            [
                [
                    0.9814673662185669,
                    -0.1900848001241684,
                    0.024282343685626984
                ],
                [
                    0.14981792867183685,
                    0.8401451110839844,
                    0.5212589502334595
                ],
                [
                    -0.1194840744137764,
                    -0.5079606771469116,
                    0.853053092956543
                ]
            ],
            [
                [
                    0.6811977028846741,
                    -0.7112255096435547,
                    0.17357446253299713
                ],
                [
                    0.728434145450592,
                    0.682157039642334,
                    -0.06360510736703873
                ],
                [
                    -0.07316745072603226,
                    0.16976520419120789,
                    0.9827647805213928
                ]
            ],
            [
                [
                    0.8105107545852661,
                    -0.5665448307991028,
                    -0.1486581265926361
                ],
                [
                    0.5737617015838623,
                    0.7169293165206909,
                    0.395992249250412
                ],
                [
                    -0.1177699863910675,
                    -0.40625032782554626,
                    0.9061406850814819
                ]
            ],
            [
                [
                    0.8904756307601929,
                    -0.4483785033226013,
                    0.07752373814582825
                ],
                [
                    0.4299868047237396,
                    0.884905219078064,
                    0.17903700470924377
                ],
                [
                    -0.14887747168540955,
                    -0.12609389424324036,
                    0.9807834029197693
                ]
            ],
            [
                [
                    0.9141432642936707,
                    -0.04623959958553314,
                    -0.40274545550346375
                ],
                [
                    -0.33123111724853516,
                    0.4875878095626831,
                    -0.8078019618988037
                ],
                [
                    0.23372620344161987,
                    0.8718486428260803,
                    0.43040910363197327
                ]
            ],
            [
                [
                    0.9974926710128784,
                    -0.03201780095696449,
                    -0.06311258673667908
                ],
                [
                    0.06309305876493454,
                    0.8062935471534729,
                    0.588141143321991
                ],
                [
                    0.03205627575516701,
                    -0.5906484723091125,
                    0.8062919974327087
                ]
            ],
            [
                [
                    0.4479690492153168,
                    -0.8861472010612488,
                    0.11860401928424835
                ],
                [
                    0.6859200596809387,
                    0.2555592954158783,
                    -0.6813245415687561
                ],
                [
                    0.5734434127807617,
                    0.3865651786327362,
                    0.7223087549209595
                ]
            ]
        ],
        "betas": [
            -0.02219565212726593,
            -0.00816848874092102,
            0.015330016613006592,
            -0.02730301022529602,
            0.1061764657497406,
            0.012083116918802261,
            -0.022567808628082275,
            -0.06685686111450195,
            0.014623641967773438,
            -0.005746245384216309
        ]
    },
    "pred_cam_t": [
        -0.08883853256702423,
        -0.05144946649670601,
        5.0214009284973145
    ],
    "focal_length": [
        5000.0,
        5000.0
    ],
    "pred_keypoints_3d": [
        [
            0.09579859673976898,
            0.006404297426342964,
            0.006200751289725304
        ],
        [
            0.0670560747385025,
            0.022458966821432114,
            0.02640410140156746
        ],
        [
            0.0549427829682827,
            0.04743026942014694,
            0.039749741554260254
        ],
        [
            0.05180228501558304,
            0.06864325702190399,
            0.0563352108001709
        ],
        [
            0.04603525623679161,
            0.0963878333568573,
            0.03939991816878319
        ],
        [
            0.07985703647136688,
            0.07061702013015747,
            0.06834027171134949
        ],
        [
            0.07096017152070999,
            0.10239507257938385,
            0.06661047786474228
        ],
        [
            0.06230606511235237,
            0.11019010096788406,
            0.04768161103129387
        ],
        [
            0.050966426730155945,
            0.11541420221328735,
            0.026362571865320206
        ],
        [
            0.10024169087409973,
            0.08363543450832367,
            0.06107430160045624
        ],
        [
            0.08629591763019562,
            0.11069773137569427,
            0.05203066021203995
        ],
        [
            0.07499509304761887,
            0.11814642697572708,
            0.03305885195732117
        ],
        [
            0.06060875579714775,
            0.1252366006374359,
            0.012696262449026108
        ],
        [
            0.11523943394422531,
            0.08376988768577576,
            0.03886439651250839
        ],
        [
            0.10498605668544769,
            0.11071424186229706,
            0.03988206386566162
        ],
        [
            0.09224990010261536,
            0.12359248101711273,
            0.022936034947633743
        ],
        [
            0.07552488893270493,
            0.13019661605358124,
            0.005229409784078598
        ],
        [
            0.12280507385730743,
            0.0828646868467331,
            0.01836327649652958
        ],
        [
            0.12385255098342896,
            0.1039973720908165,
            0.018405040726065636
        ],
        [
            0.11532287299633026,
            0.11874525249004364,
            0.010012847371399403
        ],
        [
            0.10037629306316376,
            0.1298809051513672,
            0.00010942359222099185
        ]
    ],
    "pred_vertices": [
        [
            0.07511303573846817,
            0.04677242040634155,
            0.035614531487226486
        ],
        [
            0.07522068917751312,
            0.038940466940402985,
            0.027534641325473785
        ],
        [
            0.07088964432477951,
            0.04573361203074455,
            0.03256959468126297
        ],
        [
            0.06964673846960068,
            0.050636645406484604,
            0.04088177531957626
        ],
        [
            0.06213104724884033,
            0.039920907467603683,
            0.015460602939128876
        ],
        [
            0.053089506924152374,
            0.032401252537965775,
            0.014809012413024902
        ],
        [
            0.05000745877623558,
            0.04611830413341522,
            0.024956155568361282
        ],
        [
            0.05803726240992546,
            0.05164653807878494,
            0.023924648761749268
        ],
        [
            0.06695090234279633,
            0.053816042840480804,
            0.046991292387247086
        ],
        [
            0.0672910213470459,
            0.05222760885953903,
            0.03739091753959656
        ],
        [
            0.06782194972038269,
            0.052076444029808044,
            0.05170859396457672
        ],
        [
            0.06969885528087616,
            0.0512663871049881,
            0.06322669982910156
        ],
        [
            0.06798727810382843,
            0.0550910048186779,
            0.056715574115514755
        ],
        [
            0.07231581956148148,
            0.05515139549970627,
            0.06962930411100388
        ],
        [
            0.07375162839889526,
            0.04134870320558548,
            0.06527771055698395
        ],
        [
            0.08045663684606552,
            0.052364710718393326,
            0.07364793866872787
        ],
        [
            0.0994357243180275,
            0.03802502527832985,
            0.05558132752776146
        ],
        [
            0.1093992069363594,
            0.04009977728128433,
            0.04638095945119858
        ],
        [
            0.11151737719774246,
            0.05515692010521889,
            0.05582074075937271
        ],
        [
            0.10059748589992523,
            0.05209926515817642,
            0.06376072019338608
        ],
        [
            0.1210627481341362,
            0.054853908717632294,
            0.036799389868974686
        ],
        [
            0.11599812656641006,
            0.05572109669446945,
            0.04768587648868561
        ],
        [
            0.114985391497612,
            0.04035545513033867,
            0.03919248282909393
        ],
        [
            0.1195434182882309,
            0.040554724633693695,
            0.029897820204496384
        ],
        [
            0.08538611978292465,
            0.04447946697473526,
            0.024661287665367126
        ],
        [
            0.08470195531845093,
            0.03616204485297203,
            0.0171598382294178
        ],
        [
            0.08147214353084564,
            0.03557297959923744,
            0.021669410169124603
        ],
        [
            0.08170048892498016,
            0.04403018206357956,
            0.028627365827560425
        ],
        [
            0.062495775520801544,
            0.04813689738512039,
            0.053677868098020554
        ],
        [
            0.06284856796264648,
            0.03773580864071846,
            0.05478037893772125
        ],
        [
            0.06678391993045807,
            0.0444110631942749,
            0.05584423989057541
        ],
        [
            0.06442283093929291,
            0.052745968103408813,
            0.05136615037918091
        ],
        [
            0.0850021094083786,
            0.02268139272928238,
            -0.00832316279411316
        ],
        [
            0.08707983791828156,
            0.009538345038890839,
            -0.010789316147565842
        ],
        [
            0.08319301158189774,
            0.007497377693653107,
            -0.0068232230842113495
        ],
        [
            0.08237726986408234,
            0.01972029358148575,
            -0.005137410014867783
        ],
        [
            0.06397227942943573,
            0.010652132332324982,
            0.00520797073841095
        ],
        [
            0.07027497887611389,
            0.0008699893951416016,
            0.004175782203674316
        ],
        [
            0.06924042850732803,
            -0.010118193924427032,
            0.011830247938632965
        ],
        [
            0.06336008757352829,
            -0.0014301910996437073,
            0.016179382801055908
        ],
        [
            0.057441145181655884,
            0.02173173800110817,
            0.009369581937789917
        ],
        [
            0.05444835126399994,
            0.0108112171292305,
            0.017441030591726303
        ],
        [
            0.04902421683073044,
            0.024014227092266083,
            0.0214148610830307
        ],
        [
            0.04679836332798004,
            0.03890489786863327,
            0.03049909695982933
        ],
        [
            0.09754471480846405,
            0.012515686452388763,
            -0.017598450183868408
        ],
        [
            0.0971638411283493,
            0.022712819278240204,
            -0.017172038555145264
        ],
        [
            0.06286493688821793,
            0.09408712387084961,
            0.05715878680348396
        ],
        [
            0.06755504757165909,
            0.09530699998140335,
            0.05330659821629524
        ],
        [
            0.06788305938243866,
            0.09191083908081055,
            0.05492348223924637
        ],
        [
            0.06354783475399017,
            0.09148487448692322,
            0.05855009704828262
        ],
        [
            0.11672618985176086,
            0.01628720760345459,
            -0.012484844774007797
        ],
        [
            0.12290250509977341,
            0.012464508414268494,
            -0.005423318594694138
        ],
        [
            0.12206405401229858,
            0.007308304309844971,
            -0.010520949959754944
        ],
        [
            0.11495071649551392,
            0.009920872747898102,
            -0.016146525740623474
        ],
        [
            0.11890969425439835,
            0.024721108376979828,
            -0.007595870643854141
        ],
        [
            0.12327395379543304,
            0.019753873348236084,
            0.0016134269535541534
        ],
        [
            0.06342644989490509,
            0.10223577916622162,
            0.06738168001174927
        ],
        [
            0.06044919043779373,
            0.0987749844789505,
            0.06458692252635956
        ],
        [
            0.0627254769206047,
            0.09585084766149521,
            0.0677904337644577
        ],
        [
            0.06676723808050156,
            0.09827668964862823,
            0.07057400792837143
        ],
        [
            0.06924983114004135,
            0.05575824901461601,
            0.049300454556941986
        ],
        [
            0.0744183138012886,
            0.054667942225933075,
            0.0419980064034462
        ],
        [
            0.07200060039758682,
            0.06816186010837555,
            0.058597076684236526
        ],
        [
            0.07411128282546997,
            0.06359771639108658,
            0.05262213572859764
        ],
        [
            0.06996729969978333,
            0.06029127910733223,
            0.05709513649344444
        ],
        [
            0.06914990395307541,
            0.06436885893344879,
            0.06235253065824509
        ],
        [
            0.09053868055343628,
            0.06389233469963074,
            0.03567536175251007
        ],
        [
            0.0892920196056366,
            0.05414823815226555,
            0.029379291459918022
        ],
        [
            0.08508285880088806,
            0.054208043962717056,
            0.03446012735366821
        ],
        [
            0.08463998883962631,
            0.0647813007235527,
            0.041915860027074814
        ],
        [
            0.0969303697347641,
            0.057201508432626724,
            0.01780722662806511
        ],
        [
            0.09787238389253616,
            0.06639579683542252,
            0.025209324434399605
        ],
        [
            0.10213328152894974,
            0.06715858727693558,
            0.01778688281774521
        ],
        [
            0.09999242424964905,
            0.06086130812764168,
            0.013278551399707794
        ],
        [
            0.0982593446969986,
            0.08002892881631851,
            0.04033186286687851
        ],
        [
            0.09921634942293167,
            0.084131620824337,
            0.04408196359872818
        ],
        [
            0.10012919455766678,
            0.08660481125116348,
            0.04087727516889572
        ],
        [
            0.10024254024028778,
            0.08047659695148468,
            0.03716112673282623
        ],
        [
            0.12167442589998245,
            0.00154770165681839,
            -0.014661729335784912
        ],
        [
            0.11293797940015793,
            0.0034254416823387146,
            -0.018797412514686584
        ],
        [
            0.12835898995399475,
            0.05712910369038582,
            0.016308074817061424
        ],
        [
            0.12615086138248444,
            0.0574101097881794,
            0.005263574421405792
        ],
        [
            0.12892907857894897,
            0.06915899366140366,
            0.009331811219453812
        ],
        [
            0.13086268305778503,
            0.06582801043987274,
            0.020412519574165344
        ],
        [
            0.12359079718589783,
            0.008949466049671173,
            0.004383910447359085
        ],
        [
            0.12498663365840912,
            0.0038740187883377075,
            -0.0014585070312023163
        ],
        [
            0.06909118592739105,
            0.10544310510158539,
            0.06741400063037872
        ],
        [
            0.07225188612937927,
            0.10101974010467529,
            0.07010897248983383
        ],
        [
            0.05306074768304825,
            0.013814400881528854,
            0.03149194270372391
        ],
        [
            0.047678232192993164,
            0.032272644340991974,
            0.0377938449382782
        ],
        [
            0.061830103397369385,
            0.00010783970355987549,
            0.027265310287475586
        ],
        [
            0.07040306180715561,
            -0.008362464606761932,
            0.02429009974002838
        ],
        [
            0.07521237432956696,
            -0.015993691980838776,
            0.02089543268084526
        ],
        [
            0.07850313186645508,
            0.0681854635477066,
            0.05096200108528137
        ],
        [
            0.08007878810167313,
            0.05127798020839691,
            0.035621173679828644
        ],
        [
            0.08851104974746704,
            0.04527656361460686,
            0.02072739601135254
        ],
        [
            0.10454826056957245,
            0.056694988161325455,
            -0.0030759721994400024
        ],
        [
            0.10260503739118576,
            0.04788188263773918,
            -0.00872785598039627
        ],
        [
            0.09606660902500153,
            0.048894330859184265,
            -0.00036963075399398804
        ],
        [
            0.09960447996854782,
            0.05614040419459343,
            0.003217492252588272
        ],
        [
            0.12009243667125702,
            0.06168167293071747,
            -0.0012641996145248413
        ],
        [
            0.11274423450231552,
            0.0648912861943245,
            -0.0005525387823581696
        ],
        [
            0.11493680626153946,
            0.07264967262744904,
            0.0040529705584049225
        ],
        [
            0.12239481508731842,
            0.07103894650936127,
            0.003425139933824539
        ],
        [
            0.05627390369772911,
            0.04478096216917038,
            0.0546376071870327
        ],
        [
            0.05835535377264023,
            0.03276730328798294,
            0.05282122641801834
        ],
        [
            0.10766785591840744,
            0.019267283380031586,
            -0.017155721783638
        ],
        [
            0.1052873432636261,
            0.011986710131168365,
            -0.01854025200009346
        ],
        [
            0.10533551871776581,
            0.003662809729576111,
            -0.02036551758646965
        ],
        [
            0.08325236290693283,
            0.029010068625211716,
            0.004694212228059769
        ],
        [
            0.0803489089012146,
            0.01769144833087921,
            -0.0030495375394821167
        ],
        [
            0.07687051594257355,
            0.01724003627896309,
            -0.0003327205777168274
        ],
        [
            0.08197711408138275,
            0.027638528496026993,
            0.007593892514705658
        ],
        [
            0.07358613610267639,
            0.03413420543074608,
            0.01734336093068123
        ],
        [
            0.0671273022890091,
            0.02726924791932106,
            0.008050143718719482
        ],
        [
            0.07005756348371506,
            0.044545624405145645,
            0.022866584360599518
        ],
        [
            0.07769526541233063,
            0.003338441252708435,
            -0.0023680776357650757
        ],
        [
            0.0830465629696846,
            -0.002170555293560028,
            -0.010358840227127075
        ],
        [
            0.07774459570646286,
            -0.005927868187427521,
            -0.004275083541870117
        ],
        [
            0.09061498194932938,
            0.0006314441561698914,
            -0.015933625400066376
        ],
        [
            0.09835512191057205,
            0.00287821888923645,
            -0.019754987210035324
        ],
        [
            0.1278970092535019,
            -0.0030765756964683533,
            -0.0054770223796367645
        ],
        [
            0.07397739589214325,
            -0.00895615667104721,
            0.0024834126234054565
        ],
        [
            0.05588534474372864,
            0.05660838633775711,
            0.03115255758166313
        ],
        [
            0.05369394272565842,
            0.06027770787477493,
            0.03703805059194565
        ],
        [
            0.061131346970796585,
            0.060976892709732056,
            0.03958224132657051
        ],
        [
            0.06309185177087784,
            0.05780872702598572,
            0.03503459319472313
        ],
        [
            0.07369545102119446,
            0.06257893145084381,
            0.07431668788194656
        ],
        [
            0.0691637173295021,
            0.06347280740737915,
            0.06807704269886017
        ],
        [
            0.06860616058111191,
            0.05682140216231346,
            0.06327696144580841
        ],
        [
            0.08926153182983398,
            0.033424366265535355,
            -0.006593402475118637
        ],
        [
            0.09919430315494537,
            0.03299994766712189,
            -0.01437629759311676
        ],
        [
            0.07647211104631424,
            0.07247518748044968,
            0.05685355141758919
        ],
        [
            0.06911136209964752,
            0.09530775249004364,
            0.07345686852931976
        ],
        [
            0.06432278454303741,
            0.0923442468047142,
            0.07101394981145859
        ],
        [
            0.06951417028903961,
            0.07637593150138855,
            0.07443354278802872
        ],
        [
            0.07504463195800781,
            0.0796561986207962,
            0.07744011282920837
        ],
        [
            0.08267966657876968,
            0.07924813032150269,
            0.05934103578329086
        ],
        [
            0.07708942890167236,
            0.07523959875106812,
            0.05736357718706131
        ],
        [
            0.07790490984916687,
            0.07691348344087601,
            0.05736240744590759
        ],
        [
            0.08276600390672684,
            0.08159762620925903,
            0.057328902184963226
        ],
        [
            0.10513375699520111,
            0.0855996236205101,
            0.033140748739242554
        ],
        [
            0.10482101887464523,
            0.08028572797775269,
            0.02969994582235813
        ],
        [
            0.09922385960817337,
            0.06773397326469421,
            0.06839758902788162
        ],
        [
            0.09156104922294617,
            0.0613604374229908,
            0.07798032462596893
        ],
        [
            0.09085877984762192,
            0.049526989459991455,
            0.07116466760635376
        ],
        [
            0.09486549347639084,
            0.06443159282207489,
            0.02959168143570423
        ],
        [
            0.09656871110200882,
            0.07334618270397186,
            0.034686457365751266
        ],
        [
            0.09917165338993073,
            0.07404834777116776,
            0.031468652188777924
        ],
        [
            0.0815008282661438,
            0.07184731960296631,
            0.05117296800017357
        ],
        [
            0.08146917819976807,
            0.07601034641265869,
            0.0558074451982975
        ],
        [
            0.08499401062726974,
            0.07598867267370224,
            0.05277491733431816
        ],
        [
            0.08521321415901184,
            0.07182483375072479,
            0.047304607927799225
        ],
        [
            0.12471046298742294,
            0.045161303132772446,
            0.0006846636533737183
        ],
        [
            0.11781708151102066,
            0.05030021071434021,
            -0.007203280925750732
        ],
        [
            0.060312092304229736,
            0.09558520466089249,
            0.061020467430353165
        ],
        [
            0.06159605085849762,
            0.0929655060172081,
            0.0633409321308136
        ],
        [
            0.09352347999811172,
            0.054841820150613785,
            0.023535508662462234
        ],
        [
            0.08927316963672638,
            0.037525929510593414,
            0.06141810864210129
        ],
        [
            0.09159938246011734,
            0.046249281615018845,
            0.01627086102962494
        ],
        [
            0.12315304577350616,
            0.0771150141954422,
            0.035335250198841095
        ],
        [
            0.12072645872831345,
            0.08253120630979538,
            0.029803570359945297
        ],
        [
            0.1183796375989914,
            0.08732692897319794,
            0.03212122991681099
        ],
        [
            0.12069862335920334,
            0.08589120954275131,
            0.03733546659350395
        ],
        [
            0.07938945293426514,
            0.09432657063007355,
            0.05587049573659897
        ],
        [
            0.0739862322807312,
            0.09235698729753494,
            0.05399419739842415
        ],
        [
            0.07353325188159943,
            0.09402506053447723,
            0.053158827126026154
        ],
        [
            0.07828360050916672,
            0.09730695188045502,
            0.05501379817724228
        ],
        [
            0.0723663717508316,
            0.07202571630477905,
            0.059069592505693436
        ],
        [
            0.06863214075565338,
            0.06934069842100143,
            0.0634080171585083
        ],
        [
            0.06826935708522797,
            0.07402591407299042,
            0.062451671808958054
        ],
        [
            0.07296531647443771,
            0.07577179372310638,
            0.05887555330991745
        ],
        [
            0.06857786327600479,
            0.06896094977855682,
            0.06935549527406693
        ],
        [
            0.06730173528194427,
            0.0740928202867508,
            0.06885270029306412
        ],
        [
            0.08226506412029266,
            0.09684352576732635,
            0.061067596077919006
        ],
        [
            0.08005411922931671,
            0.09846974909305573,
            0.06820949167013168
        ],
        [
            0.08692855387926102,
            0.08456066995859146,
            0.07061423361301422
        ],
        [
            0.08642876893281937,
            0.08560875803232193,
            0.0627288669347763
        ],
        [
            0.11917769908905029,
            0.02650120109319687,
            0.024153156206011772
        ],
        [
            0.12355639785528183,
            0.029113367199897766,
            0.014196861535310745
        ],
        [
            0.124144546687603,
            0.04311325401067734,
            0.019662920385599136
        ],
        [
            0.1259981095790863,
            0.05664202198386192,
            0.025266708806157112
        ],
        [
            0.12632238864898682,
            0.06956572085618973,
            0.03096012957394123
        ],
        [
            0.12350169569253922,
            0.06693437695503235,
            0.04291430860757828
        ],
        [
            0.12639431655406952,
            0.043796297162771225,
            0.011774227023124695
        ],
        [
            0.09060224890708923,
            0.0773814469575882,
            0.06258046627044678
        ],
        [
            0.09160579741001129,
            0.07434394955635071,
            0.07100101560354233
        ],
        [
            0.09481482207775116,
            0.07445687055587769,
            0.06641100347042084
        ],
        [
            0.09458225220441818,
            0.048934031277894974,
            0.009958144277334213
        ],
        [
            0.06227003037929535,
            0.09011296927928925,
            0.06662973761558533
        ],
        [
            0.09457442164421082,
            -0.009910255670547485,
            0.030277114361524582
        ],
        [
            0.10707425326108932,
            -0.006898090243339539,
            0.025322001427412033
        ],
        [
            0.10462413728237152,
            3.0800700187683105e-05,
            0.03020385280251503
        ],
        [
            0.089732825756073,
            -0.0028742700815200806,
            0.03526226058602333
        ],
        [
            0.06738005578517914,
            0.09026829898357391,
            0.05592722445726395
        ],
        [
            0.06305650621652603,
            0.08891093730926514,
            0.06052190810441971
        ],
        [
            0.10923638194799423,
            0.08314912021160126,
            0.02532806806266308
        ],
        [
            0.10930374264717102,
            0.08733931928873062,
            0.029523614794015884
        ],
        [
            0.11296473443508148,
            0.08905062079429626,
            0.02927592396736145
        ],
        [
            0.1135719045996666,
            0.08753157407045364,
            0.023470085114240646
        ],
        [
            0.12479213625192642,
            0.029370419681072235,
            0.00834190845489502
        ],
        [
            0.1298268586397171,
            0.07684361189603806,
            0.011661026626825333
        ],
        [
            0.13169628381729126,
            0.07380079478025436,
            0.02140367031097412
        ],
        [
            0.12285233289003372,
            0.016771569848060608,
            0.009792067110538483
        ],
        [
            0.11956720054149628,
            0.014163307845592499,
            0.018669065088033676
        ],
        [
            0.12021161615848541,
            0.005462870001792908,
            0.014262981712818146
        ],
        [
            0.11435746401548386,
            0.07179580628871918,
            0.054411113262176514
        ],
        [
            0.11522161215543747,
            0.02667945995926857,
            0.03194822743535042
        ],
        [
            0.11543154716491699,
            0.013776279985904694,
            0.025174647569656372
        ],
        [
            0.115989089012146,
            0.003354273736476898,
            0.020198751240968704
        ],
        [
            0.11732160300016403,
            -0.0040331557393074036,
            0.016485072672367096
        ],
        [
            0.12169088423252106,
            -0.0009259879589080811,
            0.010262381285429
        ],
        [
            0.07490824908018112,
            0.09736882150173187,
            0.07187053561210632
        ],
        [
            0.0780404582619667,
            0.1030687540769577,
            0.06606771796941757
        ],
        [
            0.12486188858747482,
            -0.008539274334907532,
            0.006365764886140823
        ],
        [
            0.11923901736736298,
            -0.011574916541576385,
            0.013178043067455292
        ],
        [
            0.10940882563591003,
            0.012687020003795624,
            0.03218360245227814
        ],
        [
            0.1004519984126091,
            0.011498399078845978,
            0.039737679064273834
        ],
        [
            0.10928307473659515,
            0.025311756879091263,
            0.03833892196416855
        ],
        [
            0.10089834034442902,
            0.02515801414847374,
            0.046507105231285095
        ],
        [
            0.11213357746601105,
            0.06664060801267624,
            0.06407414376735687
        ],
        [
            0.07053317874670029,
            0.11360027641057968,
            0.05199083685874939
        ],
        [
            0.0773618221282959,
            0.10650427639484406,
            0.057766977697610855
        ],
        [
            0.07671752572059631,
            0.10217668116092682,
            0.053652115166187286
        ],
        [
            0.07172451168298721,
            0.11080993711948395,
            0.048891063779592514
        ],
        [
            0.08025635778903961,
            0.10066385567188263,
            0.05947890132665634
        ],
        [
            0.07493835687637329,
            0.10747648775577545,
            0.06314659118652344
        ],
        [
            0.08710157871246338,
            0.0241682268679142,
            0.05293067544698715
        ],
        [
            0.08584944903850555,
            0.07923440635204315,
            0.05632819980382919
        ],
        [
            0.08207076787948608,
            0.009922407567501068,
            0.044491905719041824
        ],
        [
            0.07264997065067291,
            0.029154665768146515,
            0.05942975729703903
        ],
        [
            0.06707550585269928,
            0.020300086587667465,
            0.05136478692293167
        ],
        [
            0.07479916512966156,
            -0.003533370792865753,
            0.03520895168185234
        ],
        [
            0.06278307735919952,
            0.008403152227401733,
            0.041215479373931885
        ],
        [
            0.08523361384868622,
            -0.01725906878709793,
            0.026082169264554977
        ],
        [
            0.08178107440471649,
            -0.010087661445140839,
            0.03073519468307495
        ],
        [
            0.0545462891459465,
            0.02256539836525917,
            0.04437951371073723
        ],
        [
            0.061056431382894516,
            0.10019451379776001,
            0.0497458279132843
        ],
        [
            0.06633508205413818,
            0.10157065838575363,
            0.04720733314752579
