{
    "pred_cam": [
        6.080574989318848,
        -0.16358159482479095,
        -0.03968530893325806
    ],
    "pred_mano_params": {
        "global_orient": [
            [
                [
                    -0.9139106869697571,
                    -0.11122819781303406,
                    0.3903787136077881
                ],
                [
                    -0.4057564437389374,
                    0.22342438995838165,
                    -0.8862523436546326
                ],
                [
                    0.011356101371347904,
                    -0.9683541655540466,
                    -0.24932149052619934
                ]
            ]
        ],
        "hand_pose": [
            [
                [
                    0.9556331038475037,
                    -0.24680185317993164,
                    0.16079255938529968
                ],
                [
                    0.2588252127170563,
                    0.964158833026886,
                    -0.05837177857756615
                ],
                [
                    -0.1406233012676239,
                    0.09739916771650314,
                    0.9852606654167175
                ]
            ],
            [
                [
                    0.8294194936752319,
                    -0.5374441146850586,
                    0.1523713618516922
                ],
                [
                    0.5567964315414429,
                    0.8174140453338623,
                    -0.1476886123418808
                ],
                [
                    -0.04517611116170883,
                    0.2073356807231903,
                    0.9772261381149292
                ]
            ],
            [
                [
                    0.8234590888023376,
                    -0.5673565864562988,
                    0.004644627682864666
                ],
                [
                    0.5673099756240845,
                    0.8232118487358093,
                    -0.021945392712950706
                ],
                [
                    0.008627351373434067,
                    0.02070607990026474,
                    0.9997483491897583
                ]
            ],
            [
                [
                    0.9125152230262756,
                    -0.33851104974746704,
                    0.22962218523025513
                ],
                [
                    0.330027312040329,
                    0.9409379959106445,
                    0.07561544328927994
                ],
                [
                    -0.24165688455104828,
                    0.006781345698982477,
                    0.9703381657600403
                ]
            ],
            [
                [
                    0.7488822340965271,
                    -0.6450173258781433,
                    -0.15207867324352264
                ],
                [
                    0.659670352935791,
                    0.7036319971084595,
                    0.2640776038169861
                ],
                [
                    -0.06332723796367645,
                    -0.2980848550796509,
                    0.9524363279342651
                ]
            ],
            [
                [
                    0.8563776612281799,
                    -0.510908305644989,
                    -0.074766606092453
                ],
                [
                    0.5098605751991272,
                    0.8595874309539795,
                    -0.03393517807126045
                ],
                [
                    0.08160620927810669,
                    -0.009059219621121883,
                    0.9966234564781189
                ]
            ],
            [
                [
                    0.5843397974967957,
                    -0.6343515515327454,
                    0.506107747554779
                ],
                [
                    0.5478304624557495,
                    0.7684635519981384,
                    0.3306744396686554
                ],
                [
                    -0.5986891984939575,
                    0.0840350016951561,
                    0.7965609431266785
                ]
            ],
            [
                [
                    0.9164590239524841,
                    -0.38750532269477844,
                    -0.0997115895152092
                ],
                [
                    0.3997403383255005,
                    0.8976600170135498,
                    0.18551033735275269
                ],
                [
                    0.017620857805013657,
                    -0.20987136662006378,
                    0.977570116519928
                ]
            ],
            [
                [
                    0.9851705431938171,
                    -0.15773658454418182,
                    -0.06751412153244019
                ],
                [
                    0.17133063077926636,
                    0.9255109429359436,
                    0.33775031566619873
                ],
                [
                    0.0092094661667943,
                    -0.34430891275405884,
                    0.9388112425804138
                ]
            ],
            [
                [
                    0.9019737243652344,
                    -0.37363380193710327,
                    0.21642805635929108
                ],
                [
                    0.39123326539993286,
                    0.9192629456520081,
                    -0.04349896311759949
                ],
                [
                    -0.18270161747932434,
                    0.12390878051519394,
                    0.9753289818763733
                ]
            ],
            [
                [
                    0.9698852300643921,
                    -0.2428252100944519,
                    0.018936846405267715
                ],
                [
                    0.204701766371727,
                    0.8548029065132141,
                    0.4768744707107544
                ],
                [
                    -0.1319844126701355,
                    -0.4586370587348938,
                    0.8787674903869629
                ]
            ],
            [
                [
                    0.9184583425521851,
                    -0.3884325921535492,
                    -0.07452737540006638
                ],
                [
                    0.392831414937973,
                    0.9178032279014587,
                    0.05762533098459244
                ],
                [
                    0.04601791501045227,
                    -0.08220317214727402,
                    0.9955525398254395
                ]
            ],
            [
                [
                    0.9869019389152527,
                    -0.14203792810440063,
                    -0.07648377865552902
                ],
                [
                    -0.021297520026564598,
                    0.35524266958236694,
                    -0.9345314502716064
                ],
                [
                    0.1599092185497284,
                    0.9239197969436646,
                    0.3475646376609802
                ]
            ],
            [
                [
                    0.9528428912162781,
                    -0.13788959383964539,
                    -0.2703273296356201
                ],
                [
                    0.27377554774284363,
                    0.7748804688453674,
                    0.5697430372238159
                ],
                [
                    0.130909726023674,
                    -0.6168846487998962,
                    0.776090145111084
                ]
            ],
            [
                [
                    0.5485095977783203,
                    -0.8334840536117554,
                    0.06664523482322693
                ],
                [
                    0.8139909505844116,
                    0.5140525102615356,
                    -0.27049720287323
                ],
                [
                    0.19119594991207123,
                    0.20261895656585693,
                    0.9604112505912781
                ]
            ]
        ],
        "betas": [
            -0.13046398758888245,
            -0.06719568371772766,
            -0.027740836143493652,
            -0.0591757595539093,
            0.03044992685317993,
            0.07802714407444,
            0.09742049872875214,
            0.015692085027694702,
            -0.016154378652572632,
            -0.089927077293396
        ]
    },
    "pred_cam_t": [
        -0.16358159482479095,
        -0.03968530893325806,
        6.424145698547363
    ],
    "focal_length": [
        5000.0,
        5000.0
    ],
    "pred_keypoints_3d": [
        [
            0.09637570381164551,
            0.006427895277738571,
            0.006245877593755722
        ],
        [
            0.13043591380119324,
            -0.010250743478536606,
            0.014548246748745441
        ],
        [
            0.1547386199235916,
            -0.011675680056214333,
            0.03365958109498024
        ],
        [
            0.17794111371040344,
            -0.0025969333946704865,
            0.04467731714248657
        ],
        [
            0.1885216385126114,
            -8.525699377059937e-05,
            0.07632733136415482
        ],
        [
            0.18618890643119812,
            0.022832250222563744,
            0.005098946858197451
        ],
        [
            0.2188420295715332,
            0.028344405815005302,
            0.007567009422928095
        ],
        [
            0.23389390110969543,
            0.028348829597234726,
            0.02404390461742878
        ],
        [
            0.23958814144134521,
            0.027628019452095032,
            0.04863467440009117
        ],
        [
            0.18238455057144165,
            0.04781196266412735,
            0.007431585341691971
        ],
        [
            0.21214348077774048,
            0.05627376586198807,
            0.015344281680881977
        ],
        [
            0.22353294491767883,
            0.05355881527066231,
            0.03562675416469574
        ],
        [
            0.22794027626514435,
            0.04749004542827606,
            0.06034426391124725
        ],
        [
            0.1616182029247284,
            0.06279978156089783,
            0.015806619077920914
        ],
        [
            0.18812695145606995,
            0.07157309353351593,
            0.024133749306201935
        ],
        [
            0.2060551792383194,
            0.07447382807731628,
            0.04127376154065132
        ],
        [
            0.22144506871700287,
            0.07483629882335663,
            0.06195009872317314
        ],
        [
            0.14383694529533386,
            0.07089854776859283,
            0.025969110429286957
        ],
        [
            0.16041351854801178,
            0.07430436462163925,
            0.038841646164655685
        ],
        [
            0.16867534816265106,
            0.07419411838054657,
            0.05603606626391411
        ],
        [
            0.17389464378356934,
            0.07176271826028824,
            0.07609789818525314
        ]
    ],
    "pred_vertices": [
        [
            0.15052355825901031,
            0.008826320990920067,
            0.018375007435679436
        ],
        [
            0.14040178060531616,
            0.005416259169578552,
            0.01972726173698902
        ],
        [
            0.1483730971813202,
            0.003918478265404701,
            0.024238044396042824
        ],
        [
            0.15829503536224365,
            0.005291469395160675,
            0.020685065537691116
        ],
        [
            0.1300870180130005,
            -0.004084179177880287,
            0.03455398976802826
        ],
        [
            0.1270695924758911,
            -0.015685435384511948,
            0.03431298956274986
        ],
        [
            0.14192458987236023,
            -0.013949977234005928,
            0.041518084704875946
        ],
        [
            0.1419987678527832,
            -0.00407702662050724,
            0.0419120192527771
        ],
        [
            0.16451431810855865,
            0.0032377950847148895,
            0.021700989454984665
        ],
        [
            0.15515393018722534,
            0.002856515347957611,
            0.02846350148320198
        ],
        [
            0.16538891196250916,
            0.0017691552639007568,
            0.02002272568643093
        ],
        [
            0.1739945113658905,
            0.002691461704671383,
            0.007239139638841152
        ],
        [
            0.17249520123004913,
            0.004578419029712677,
            0.013318626210093498
        ],
        [
            0.17981934547424316,
            0.006665061227977276,
            0.00207302113994956
        ],
        [
            0.168223038315773,
            0.00014906469732522964,
            -0.001593755092471838
        ],
        [
            0.17719659209251404,
            0.010876312851905823,
            -0.006083982530981302
        ],
        [
            0.15011170506477356,
            0.02134600281715393,
            -0.012443559244275093
        ],
        [
            0.14136137068271637,
            0.03191167488694191,
            -0.010000240989029408
        ],
        [
            0.1557934582233429,
            0.040279820561409,
            -0.008801662363111973
        ],
        [
            0.16325896978378296,
            0.028736233711242676,
            -0.010605238378047943
        ],
        [
            0.13969333469867706,
            0.05088454484939575,
            -0.0008667297661304474
        ],
        [
            0.1492917239665985,
            0.045717157423496246,
            -0.005360466428101063
        ],
        [
            0.1346101015806198,
            0.03757116198539734,
            -0.007612625136971474
        ],
        [
            0.1266815960407257,
            0.042570699006319046,
            -0.003268962725996971
        ],
        [
            0.13704855740070343,
            0.017605016008019447,
            0.01885833963751793
        ],
        [
            0.12726280093193054,
            0.01330636627972126,
            0.019700046628713608
        ],
        [
            0.13202868402004242,
            0.009783776476979256,
            0.017866212874650955
        ],
        [
            0.14124783873558044,
            0.01377873495221138,
            0.017831869423389435
        ],
        [
            0.16553258895874023,
            -0.005121208727359772,
            0.02364131435751915
        ],
        [
            0.16126759350299835,
            -0.010575572028756142,
            0.011853603646159172
        ],
        [
            0.16476640105247498,
            -0.0037158243358135223,
            0.013569675385951996
        ],
        [
            0.1648741364479065,
            -0.0008930899202823639,
            0.027124451473355293
        ],
        [
            0.09975501894950867,
            0.008644111454486847,
            0.030259713530540466
        ],
        [
            0.08907173573970795,
            0.0030481554567813873,
            0.023879285901784897
        ],
        [
            0.09199129045009613,
            -0.0017256513237953186,
            0.021719831973314285
        ],
        [
            0.10121311247348785,
            0.004532322287559509,
            0.027398789301514626
        ],
        [
            0.10790757089853287,
            -0.016051679849624634,
            0.02231549099087715
        ],
        [
            0.0997411236166954,
            -0.0170343779027462,
            0.01574961096048355
        ],
        [
            0.09866528958082199,
            -0.02532423846423626,
            0.005488259717822075
        ],
        [
            0.10852234065532684,
            -0.025562766939401627,
            0.009633984416723251
        ],
        [
            0.11777019500732422,
            -0.015856914222240448,
            0.02842704765498638
        ],
        [
            0.11836236715316772,
            -0.02606487274169922,
            0.01926354318857193
        ],
        [
            0.12871946394443512,
            -0.024891380220651627,
            0.02755386009812355
        ],
        [
            0.14434924721717834,
            -0.021311715245246887,
            0.03594444692134857
        ],
        [
            0.08247753977775574,
            0.01408926397562027,
            0.025327589362859726
        ],
        [
            0.08930014818906784,
            0.0196499302983284,
            0.030734486877918243
        ],
        [
            0.21801598370075226,
            0.02080516517162323,
            0.01749754324555397
        ],
        [
            0.2172127217054367,
            0.026197314262390137,
            0.02002149447798729
        ],
        [
            0.21382957696914673,
            0.025343766435980797,
            0.018878182396292686
        ],
        [
            0.21537506580352783,
            0.020364884287118912,
            0.016394449397921562
        ],
        [
            0.08212459087371826,
            0.03142537549138069,
            0.014576725661754608
        ],
        [
            0.08274025470018387,
            0.03346255049109459,
            0.004630273208022118
        ],
        [
            0.07616650313138962,
            0.030372977256774902,
            0.005800659768283367
        ],
        [
            0.07614398747682571,
            0.026677116751670837,
            0.014537064358592033
        ],
        [
            0.0900874063372612,
            0.03759189695119858,
            0.014661798253655434
        ],
        [
            0.09216655790805817,
            0.037167102098464966,
            0.003467964008450508
        ],
        [
            0.22582928836345673,
            0.021779945120215416,
            0.007176882121711969
        ],
        [
            0.22363437712192535,
            0.018627945333719254,
            0.010709275491535664
        ],
        [
            0.2203318327665329,
            0.01876560039818287,
            0.007369860075414181
        ],
        [
            0.22141122817993164,
            0.022471260279417038,
            0.0037283487617969513
        ],
        [
            0.16738364100456238,
            0.007409108802676201,
            0.0168601144105196
        ],
        [
            0.15967287123203278,
            0.012173516675829887,
            0.01812886819243431
        ],
        [
            0.18293122947216034,
            0.01766039803624153,
            0.015241509303450584
        ],
        [
            0.17292730510234833,
            0.016169384121894836,
            0.015735989436507225
        ],
        [
            0.17551976442337036,
            0.01018744520843029,
            0.013418762013316154
        ],
        [
            0.18313154578208923,
            0.011967319995164871,
            0.011770162731409073
        ],
        [
            0.15522344410419464,
            0.03163989260792732,
            0.01924288459122181
        ],
        [
            0.14494462311267853,
            0.025772880762815475,
            0.018889982253313065
        ],
        [
            0.15013791620731354,
            0.021744729951024055,
            0.017508570104837418
        ],
        [
            0.1622896045446396,
            0.02662297897040844,
            0.0182568971067667
        ],
        [
            0.13597407937049866,
            0.03513522446155548,
            0.024873977527022362
        ],
        [
            0.1467762440443039,
            0.040292926132678986,
            0.024284005165100098
        ],
        [
            0.1404089331626892,
            0.04504457116127014,
            0.02770926058292389
        ],
        [
            0.1339607536792755,
            0.04025842249393463,
            0.028496576473116875
        ],
        [
            0.16692695021629333,
            0.04731215909123421,
            0.022102298215031624
        ],
        [
            0.1744261085987091,
            0.051380641758441925,
            0.02080288529396057
        ],
        [
            0.17191646993160248,
            0.05304611474275589,
            0.021605251356959343
        ],
        [
            0.1640419363975525,
            0.049388229846954346,
            0.02275991253554821
        ],
        [
            0.06976117193698883,
            0.027185574173927307,
            0.005751567892730236
        ],
        [
            0.07087142765522003,
            0.021591708064079285,
            0.013852320611476898
        ],
        [
            0.124529168009758,
            0.061582520604133606,
            0.010613181628286839
        ],
        [
            0.11741599440574646,
            0.0612533837556839,
            0.019330697134137154
        ],
        [
            0.1274728775024414,
            0.0704164206981659,
            0.021419594064354897
        ],
        [
            0.13244754076004028,
            0.06850322335958481,
            0.011121571063995361
        ],
        [
            0.08734150975942612,
            0.03084510564804077,
            -0.004418822005391121
        ],
        [
            0.07953714579343796,
            0.029743071645498276,
            -0.003744427114725113
        ],
        [
            0.2267390638589859,
            0.02782636135816574,
            0.00587600190192461
        ],
        [
            0.22184297442436218,
            0.02854231931269169,
            0.0029300374444574118
        ],
        [
            0.1307636797428131,
            -0.028396448120474815,
            0.013665778562426567
        ],
        [
            0.14768946170806885,
            -0.024830937385559082,
            0.027309494093060493
        ],
        [
            0.1175117939710617,
            -0.027564089745283127,
            0.0036280443891882896
        ],
        [
            0.10806716978549957,
            -0.02490149438381195,
            -0.0029349597170948982
        ],
        [
            0.09959947317838669,
            -0.02489328756928444,
            -0.006717954762279987
        ],
        [
            0.17359915375709534,
            0.023081958293914795,
            0.017452746629714966
        ],
        [
            0.15100079774856567,
            0.01575874537229538,
            0.017700448632240295
        ],
        [
            0.13350002467632294,
            0.02106429450213909,
            0.020483367145061493
        ],
        [
            0.11811811476945877,
            0.04360243305563927,
            0.035456687211990356
        ],
        [
            0.10927611589431763,
            0.03766155242919922,
            0.035683222115039825
        ],
        [
            0.11808596551418304,
            0.03184150159358978,
            0.03354603797197342
        ],
        [
            0.12395521253347397,
            0.03843343257904053,
            0.033180974423885345
        ],
        [
            0.11733667552471161,
            0.05938584357500076,
            0.02910310961306095
        ],
        [
            0.12214460223913193,
            0.05487985908985138,
            0.03393334150314331
        ],
        [
            0.12933656573295593,
            0.06064024940133095,
            0.03361515328288078
        ],
        [
            0.12600074708461761,
            0.06652326881885529,
            0.029498953372240067
        ],
        [
            0.16653595864772797,
            -0.01229860633611679,
            0.023935887962579727
        ],
        [
            0.15806791186332703,
            -0.017111975699663162,
            0.012161687947809696
        ],
        [
            0.08364598453044891,
            0.026265107095241547,
            0.023826757445931435
        ],
        [
            0.07889270782470703,
            0.020236443728208542,
            0.021993180736899376
        ],
        [
            0.07244347780942917,
            0.015666991472244263,
            0.018721161410212517
        ],
        [
            0.11417688429355621,
            0.009596899151802063,
            0.02492690086364746
        ],
        [
            0.10224924236536026,
            0.001626722514629364,
            0.025456968694925308
        ],
        [
            0.10516580939292908,
            -0.00143514946103096,
            0.024343110620975494
        ],
        [
            0.1163405328989029,
            0.0077237337827682495,
            0.02228473126888275
        ],
        [
            0.12941193580627441,
            0.0031090807169675827,
            0.02351377345621586
        ],
        [
            0.11903113126754761,
            -0.004202654585242271,
            0.027593879029154778
        ],
        [
            0.1381586194038391,
            0.003642601892352104,
            0.0301803145557642
        ],
        [
            0.09443197399377823,
            -0.008962053805589676,
            0.01859951950609684
        ],
        [
            0.08349055051803589,
            -0.00703343003988266,
            0.01912434585392475
        ],
        [
            0.08727560937404633,
            -0.01419191062450409,
            0.015272116288542747
        ],
        [
            0.07869306206703186,
            0.0014045350253582,
            0.020956415683031082
        ],
        [
            0.07471877336502075,
            0.009441837668418884,
            0.02119864709675312
        ],
        [
            0.07134871184825897,
            0.028535258024930954,
            -0.00610063411295414
        ],
        [
            0.09144698083400726,
            -0.01978933997452259,
            0.01068715751171112
        ],
        [
            0.15060995519161224,
            -0.004774762317538261,
            0.04427619278430939
        ],
        [
            0.1575974076986313,
            -0.005200795829296112,
            0.045785970985889435
        ],
        [
            0.15825973451137543,
            0.0011005401611328125,
            0.04159333184361458
        ],
        [
            0.15315306186676025,
            0.001300787553191185,
            0.0396345853805542
        ],
        [
            0.18661634624004364,
            0.01130316685885191,
            -0.0010844646021723747
        ],
        [
            0.18590472638607025,
            0.010029725730419159,
            0.006558901630342007
        ],
        [
            0.1780320405960083,
            0.005716175772249699,
            0.008611813187599182
        ],
        [
            0.10624446719884872,
            0.01810828596353531,
            0.03289071097970009
        ],
        [
            0.09708836674690247,
            0.02692771703004837,
            0.03334460407495499
        ],
        [
            0.18446457386016846,
            0.02435479313135147,
            0.016152307391166687
        ],
        [
            0.21719518303871155,
            0.022668955847620964,
            0.0008988454937934875
        ],
        [
            0.21623116731643677,
            0.018356122076511383,
            0.004865512251853943
        ],
        [
            0.19956937432289124,
            0.015354394912719727,
            0.0002517024986445904
        ],
        [
            0.200748011469841,
            0.020356064662337303,
            -0.004306808579713106
        ],
        [
            0.19168348610401154,
            0.03211857005953789,
            0.011803368106484413
        ],
        [
            0.1902250200510025,
            0.026317501440644264,
            0.014894185587763786
        ],
        [
            0.19334326684474945,
            0.027371253818273544,
            0.01390538364648819
        ],
        [
            0.19608141481876373,
            0.033065345138311386,
            0.012452583760023117
        ],
        [
            0.16393108665943146,
            0.05702447146177292,
            0.02499471604824066
        ],
        [
            0.15703319013118744,
            0.053648415952920914,
            0.025996897369623184
        ],
        [
            0.17620474100112915,
            0.036284126341342926,
            -0.005579058080911636
        ],
        [
            0.1800895780324936,
            0.024020222947001457,
            -0.011536410078406334
        ],
        [
            0.17029079794883728,
            0.018364019691944122,
            -0.011277109384536743
        ],
        [
            0.14973604679107666,
            0.03618789464235306,
            0.021677978336811066
        ],
        [
            0.15855096280574799,
            0.04219191521406174,
            0.022396337240934372
        ],
        [
            0.1557643562555313,
            0.04506704956293106,
            0.023644641041755676
        ],
        [
            0.17540065944194794,
            0.027718709781765938,
            0.017601903527975082
        ],
        [
            0.18388797342777252,
            0.030355442315340042,
            0.016166483983397484
        ],
        [
            0.17790599167346954,
            0.03287117928266525,
            0.016803234815597534
        ],
        [
            0.17062926292419434,
            0.030700698494911194,
            0.018115753307938576
        ],
        [
            0.10690632462501526,
            0.05329759418964386,
            0.01690119132399559
        ],
        [
            0.10672371089458466,
            0.05147050321102142,
            0.02851627767086029
        ],
        [
            0.22058282792568207,
            0.018199486657977104,
            0.014317960478365421
        ],
        [
            0.21783146262168884,
            0.01795780472457409,
            0.012135013937950134
        ],
        [
            0.13977918028831482,
            0.03030930832028389,
            0.021301761269569397
        ],
        [
            0.15774381160736084,
            0.011782397516071796,
            -0.010876430198550224
        ],
        [
            0.1298234462738037,
            0.024674570187926292,
            0.022615846246480942
        ],
        [
            0.1514093428850174,
            0.06566773355007172,
            0.010955164209008217
        ],
        [
            0.1517653614282608,
            0.06649725139141083,
            0.01896720565855503
        ],
        [
            0.1584567427635193,
            0.06786591559648514,
            0.01964830979704857
        ],
        [
            0.159575954079628,
            0.06880952417850494,
            0.013396739959716797
        ],
        [
            0.2103421688079834,
            0.035917218774557114,
            0.014503974467515945
        ],
        [
            0.21025393903255463,
            0.03142893314361572,
            0.018086817115545273
        ],
        [
            0.21361282467842102,
            0.031591229140758514,
            0.01883021369576454
        ],
        [
            0.2150096595287323,
            0.036276236176490784,
            0.015430398285388947
        ],
        [
            0.18976610898971558,
            0.020404256880283356,
            0.014346934854984283
        ],
        [
            0.1899060755968094,
            0.01465404313057661,
            0.011347313411533833
        ],
        [
            0.19551187753677368,
            0.01679321750998497,
            0.011775216087698936
        ],
        [
            0.19452762603759766,
            0.022349126636981964,
            0.013750066049396992
        ],
        [
            0.19223225116729736,
            0.01266835443675518,
            0.005294044502079487
        ],
        [
            0.19738660752773285,
            0.014044584706425667,
            0.006126279942691326
        ],
        [
            0.2121361941099167,
            0.03778352960944176,
            0.008497641421854496
        ],
        [
            0.2150871455669403,
            0.03476027399301529,
            0.002177589572966099
        ],
        [
            0.19939322769641876,
            0.03380819410085678,
            -0.0015650130808353424
        ],
        [
            0.19943684339523315,
            0.035661861300468445,
            0.006046951748430729
        ],
        [
            0.11392903327941895,
            0.03496197611093521,
            -0.006681207567453384
        ],
        [
            0.10697972774505615,
            0.04126376658678055,
            -0.0004393570125102997
        ],
        [
            0.11948109418153763,
            0.04915977269411087,
            0.002976067364215851
        ],
        [
            0.13130052387714386,
            0.05786706879734993,
            0.005492789670825005
        ],
        [
            0.14308083057403564,
            0.0647226870059967,
            0.008406323380768299
        ],
        [
            0.14991925656795502,
            0.058648332953453064,
            0.0005026869475841522
        ],
        [
            0.11351657658815384,
            0.05244768410921097,
            0.007691222243010998
        ],
        [
            0.18432827293872833,
            0.03743670880794525,
            0.00470700953155756
        ],
        [
            0.18638360500335693,
            0.03327331691980362,
            -0.0034459950402379036
        ],
        [
            0.18092504143714905,
            0.03827875852584839,
            -0.0013811718672513962
        ],
        [
            0.12596502900123596,
            0.029407398775219917,
            0.027025790885090828
        ],
        [
            0.21437615156173706,
            0.01704394817352295,
            0.00983491726219654
        ],
        [
            0.10386046767234802,
            -0.0067002661526203156,
            -0.0188539307564497
        ],
        [
            0.09798318892717361,
            0.005808301270008087,
            -0.019713956862688065
        ],
        [
            0.10658781975507736,
            0.007243771106004715,
            -0.018241221085190773
        ],
        [
            0.11351272463798523,
            -0.007216019555926323,
            -0.016167262569069862
        ],
        [
            0.21090461313724518,
            0.02452610433101654,
            0.0183914452791214
        ],
        [
            0.2121574431657791,
            0.018969127908349037,
            0.01550954021513462
        ],
        [
            0.1539502888917923,
            0.05891375243663788,
            0.028596870601177216
        ],
        [
            0.16080397367477417,
            0.06150142475962639,
            0.026769274845719337
        ],
        [
            0.16069340705871582,
            0.06519102305173874,
            0.02573041245341301
        ],
        [
            0.15376518666744232,
            0.06444160640239716,
            0.030071072280406952
        ],
        [
            0.10251802951097488,
            0.043168433010578156,
            0.0031703170388936996
        ],
        [
            0.1352401077747345,
            0.07453019171953201,
            0.025126181542873383
        ],
        [
            0.13896222412586212,
            0.07297971844673157,
            0.015164002776145935
        ],
        [
            0.09634149819612503,
            0.03411010652780533,
            -0.0036381781101226807
        ],
        [
            0.10215974599123001,
            0.028867879882454872,
            -0.009690568782389164
        ],
        [
            0.09337321668863297,
            0.02488594874739647,
            -0.011565137654542923
        ],
        [
            0.1640898436307907,
            0.05288819596171379,
            -0.0013322960585355759
        ],
        [
            0.12091343104839325,
            0.030905507504940033,
            -0.010138400830328465
        ],
        [
            0.10794118046760559,
            0.02449389547109604,
            -0.012460189871490002
        ],
        [
            0.09772122651338577,
            0.019535105675458908,
            -0.014857913367450237
        ],
        [
            0.09001882374286652,
            0.01681216061115265,
            -0.016814827919006348
        ],
        [
            0.08604923635721207,
            0.02289799600839615,
            -0.012928439304232597
        ],
        [
            0.21677398681640625,
            0.029073093086481094,
            0.00044507160782814026
        ],
        [
            0.22097910940647125,
            0.03522639721632004,
            0.004784255754202604
        ],
        [
            0.07743185758590698,
            0.0215412899851799,
            -0.015831582248210907
        ],
        [
            0.08228962123394012,
            0.01441948115825653,
            -0.01949811913073063
        ],
        [
            0.11423343420028687,
            0.018169986084103584,
            -0.01508256234228611
        ],
        [
            0.12216940522193909,
            0.009197713807225227,
            -0.016589831560850143
        ],
        [
            0.12654753029346466,
            0.024512598291039467,
            -0.012441509403288364
        ],
        [
            0.13524405658245087,
            0.01650252938270569,
            -0.014057039283216
        ],
        [
            0.16678808629512787,
            0.045672591775655746,
            -0.00835767574608326
        ],
        [
            0.23326392471790314,
            0.036213140934705734,
            0.01876028999686241
        ],
        [
            0.2239229828119278,
            0.03764700889587402,
            0.012238740921020508
        ],
        [
            0.22018437087535858,
            0.03658667951822281,
            0.01665831170976162
        ],
        [
            0.23002877831459045,
            0.03714929148554802,
            0.021612737327814102
        ],
        [
            0.21761983633041382,
            0.03794814273715019,
            0.010315969586372375
        ],
        [
            0.22599054872989655,
            0.03446243330836296,
            0.00789676047861576
        ],
        [
            0.14439135789871216,
            0.003582332283258438,
            -0.011549511924386024
        ],
        [
            0.18407399952411652,
            0.03588644787669182,
            0.014326213859021664
        ],
        [
            0.13115975260734558,
            -0.007518531754612923,
            -0.011280802078545094
        ],
        [
            0.15704025328159332,
            -0.006975764408707619,
            -0.004143095575273037
        ],
        [
            0.1471475213766098,
            -0.01563265360891819,
            -0.00110626220703125
        ],
        [
            0.11774265021085739,
            -0.01997772604227066,
            -0.009443007409572601
        ],
        [
            0.13295909762382507,
            -0.024340588599443436,
            -0.00012122653424739838
        ],
        [
            0.09933933615684509,
            -0.018057987093925476,
            -0.01551837008446455
        ],
        [
            0.10824982076883316,
            -0.017317170277237892,
            -0.013344807550311089
        ],
        [
            0.14645177125930786,
            -0.024779923260211945,
            0.012385220266878605
        ],
        [
            0.2243044078350067,
            0.023606568574905396,
