{
    "pred_cam": [
        7.715488433837891,
        -0.08962216973304749,
        -0.05530967935919762
    ],
    "pred_mano_params": {
        "global_orient": [
            [
                [
                    -0.09856098145246506,
                    0.7228246927261353,
                    -0.6839665770530701
                ],
                [
                    -0.786496102809906,
                    -0.4776727259159088,
                    -0.39147502183914185
                ],
                [
                    -0.6096799373626709,
                    0.4993528425693512,
                    0.6155787110328674
                ]
            ]
        ],
        "hand_pose": [
            [
                [
                    0.641103982925415,
                    -0.6826478242874146,
                    -0.3506818413734436
                ],
                [
                    0.6376492977142334,
                    0.7280853390693665,
                    -0.25158530473709106
                ],
                [
                    0.4270704388618469,
                    -0.06231969967484474,
                    0.9020683169364929
                ]
            ],
            [
                [
                    0.7159613370895386,
                    -0.6657280325889587,
                    0.21025091409683228
                ],
                [
                    0.6844162940979004,
                    0.6098822355270386,
                    -0.39952218532562256
                ],
                [
                    0.13774484395980835,
                    0.4299416244029999,
                    0.8922871947288513
                ]
            ],
            [
                [
                    0.9678488373756409,
                    -0.22616122663021088,
                    0.11008957028388977
                ],
                [
                    0.2097584456205368,
                    0.9672449231147766,
                    0.14296379685401917
                ],
                [
                    -0.1388164460659027,
                    -0.11527513712644577,
                    0.9835861325263977
                ]
            ],
            [
                [
                    0.5117779970169067,
                    -0.8423924446105957,
                    -0.16869617998600006
                ],
                [
                    0.8562965393066406,
                    0.5160669684410095,
                    0.02076324261724949
                ],
                [
                    0.06956774741411209,
                    -0.15508010983467102,
                    0.9854494333267212
                ]
            ],
            [
                [
                    0.7729628682136536,
                    -0.5805606842041016,
                    -0.2558860182762146
                ],
                [
                    0.6169537305831909,
                    0.781867265701294,
                    0.08973105251789093
                ],
                [
                    0.14797459542751312,
                    -0.22722861170768738,
                    0.9625334739685059
                ]
            ],
            [
                [
                    0.9570338129997253,
                    -0.2835801839828491,
                    0.060569290071725845
                ],
                [
                    0.2846573293209076,
                    0.9585793614387512,
                    -0.00978277251124382
                ],
                [
                    -0.05528627708554268,
                    0.026603935286402702,
                    0.9981160163879395
                ]
            ],
            [
                [
                    0.8510221838951111,
                    -0.4874495267868042,
                    0.19533099234104156
                ],
                [
                    0.473955363035202,
                    0.8731398582458496,
                    0.11398697644472122
                ],
                [
                    -0.2261142134666443,
                    -0.004427278880029917,
                    0.9740906953811646
                ]
            ],
            [
                [
                    0.8730928897857666,
                    -0.48722603917121887,
                    -0.017877468839287758
                ],
                [
                    0.45806440711021423,
                    0.8071736097335815,
                    0.37235432863235474
                ],
                [
                    -0.1669905036687851,
                    -0.33328893780708313,
                    0.9279184341430664
                ]
            ],
            [
                [
                    0.9930983185768127,
                    -0.116747185587883,
                    0.011214726604521275
                ],
                [
                    0.08922486752271652,
                    0.8141040802001953,
                    0.5738235712051392
                ],
                [
                    -0.0761222317814827,
                    -0.5688626170158386,
                    0.8189021348953247
                ]
            ],
            [
                [
                    0.722164511680603,
                    -0.6756327152252197,
                    0.14832036197185516
                ],
                [
                    0.6877425312995911,
                    0.7242757081985474,
                    -0.049344953149557114
                ],
                [
                    -0.0740857720375061,
                    0.13764138519763947,
                    0.9877075552940369
                ]
            ],
            [
                [
                    0.7807068228721619,
                    -0.5943434834480286,
                    -0.19300943613052368
                ],
                [
                    0.6179608106613159,
                    0.6883993744850159,
                    0.37977713346481323
                ],
                [
                    -0.09285049140453339,
                    -0.4157668948173523,
                    0.9047190546989441
                ]
            ],
            [
                [
                    0.8954294323921204,
                    -0.43672052025794983,
                    0.08649439364671707
                ],
                [
                    0.4195553660392761,
                    0.8927552700042725,
                    0.16419892013072968
                ],
                [
                    -0.14892736077308655,
                    -0.11073936522006989,
                    0.9826277494430542
                ]
            ],
            [
                [
                    0.9270188808441162,
                    -0.037920478731393814,
                    -0.3730924427509308
                ],
                [
                    -0.2889153063297272,
                    0.562063455581665,
                    -0.7749919891357422
                ],
                [
                    0.23908966779708862,
                    0.8262243866920471,
                    0.5100876092910767
                ]
            ],
            [
                [
                    0.9883270263671875,
                    0.013718672096729279,
                    -0.1517282873392105
                ],
                [
                    0.07110264152288437,
                    0.8392786383628845,
                    0.5390322208404541
                ],
                [
                    0.13473711907863617,
                    -0.5435284376144409,
                    0.828506350517273
                ]
            ],
            [
                [
                    0.5050104260444641,
                    -0.8612002730369568,
                    0.057433806359767914
                ],
                [
                    0.5976266264915466,
                    0.30088740587234497,
                    -0.7431751489639282
                ],
                [
                    0.6227414608001709,
                    0.40963515639305115,
                    0.6666274666786194
                ]
            ]
        ],
        "betas": [
            -0.05031931400299072,
            -0.11247098445892334,
            0.007208347320556641,
            -0.03502383828163147,
            0.04569372534751892,
            0.005412328988313675,
            0.01016777753829956,
            -0.04261493682861328,
            0.017630010843276978,
            -0.014191925525665283
        ]
    },
    "pred_cam_t": [
        -0.08962216973304749,
        -0.05530967935919762,
        5.062868118286133
    ],
    "focal_length": [
        5000.0,
        5000.0
    ],
    "pred_keypoints_3d": [
        [
            0.09593822807073593,
            0.006408724933862686,
            0.006231680512428284
        ],
        [
            0.06937602907419205,
            0.022633302956819534,
            0.029106194153428078
        ],
        [
            0.057642221450805664,
            0.0465933196246624,
            0.04455370455980301
        ],
        [
            0.058174483478069305,
            0.06784722208976746,
            0.06143254041671753
        ],
        [
            0.05471069738268852,
            0.09681258350610733,
            0.04562747851014137
        ],
        [
            0.08673521876335144,
            0.07022266089916229,
            0.0701613575220108
        ],
        [
            0.08411306142807007,
            0.10313894599676132,
            0.068307064473629
        ],
        [
            0.07521886378526688,
            0.11425918340682983,
            0.05119930952787399
        ],
        [
            0.06274771690368652,
            0.12317794561386108,
            0.031585484743118286
        ],
        [
            0.1065315306186676,
            0.08308765292167664,
            0.061231229454278946
        ],
        [
            0.0948568731546402,
            0.1116582453250885,
            0.05350901931524277
        ],
        [
            0.0822301059961319,
            0.11948701739311218,
            0.03548172861337662
        ],
        [
            0.06619821488857269,
            0.12599898874759674,
            0.016154680401086807
        ],
        [
            0.11948074400424957,
            0.08326904475688934,
            0.03777886927127838
        ],
        [
            0.11067014932632446,
            0.11064258217811584,
            0.041144732385873795
        ],
        [
            0.09672358632087708,
            0.12394214421510696,
            0.025420784950256348
        ],
        [
            0.07847219705581665,
            0.131484255194664,
            0.009584905579686165
        ],
        [
            0.12519380450248718,
            0.08245524764060974,
            0.016678251326084137
        ],
        [
            0.12573355436325073,
            0.10366009175777435,
            0.01719893328845501
        ],
        [
            0.11623725295066833,
            0.11880874633789062,
            0.010647337883710861
        ],
        [
            0.10006824880838394,
            0.13138367235660553,
            0.002877692459151149
        ]
    ],
    "pred_vertices": [
        [
            0.07849136739969254,
            0.04700674116611481,
            0.03759606555104256
        ],
        [
            0.07745074480772018,
            0.039511539041996,
            0.029304932802915573
        ],
        [
            0.07303766906261444,
            0.046196501702070236,
            0.034887753427028656
        ],
        [
            0.07330013811588287,
            0.05090612173080444,
            0.043361954391002655
        ],
        [
            0.06191938370466232,
            0.039500586688518524,
            0.019220158457756042
        ],
        [
            0.05316424369812012,
            0.031589772552251816,
            0.019751977175474167
        ],
        [
            0.05087404325604439,
            0.044989969581365585,
            0.030523713678121567
        ],
        [
            0.058439210057258606,
            0.05078066885471344,
            0.028389491140842438
        ],
        [
            0.0709700882434845,
            0.0538538359105587,
            0.04970942437648773
        ],
        [
            0.06964816153049469,
            0.05235947668552399,
            0.04018186405301094
        ],
        [
            0.07228697836399078,
            0.05153431370854378,
            0.0542561374604702
        ],
        [
            0.07567835599184036,
            0.051029570400714874,
            0.06564237177371979
        ],
        [
            0.07338745146989822,
            0.05500772222876549,
            0.05939927697181702
        ],
        [
            0.07904060184955597,
            0.05501266568899155,
            0.07196798920631409
        ],
        [
            0.07991662621498108,
            0.04097018390893936,
            0.06723599135875702
        ],
        [
            0.08758872747421265,
            0.05199310928583145,
            0.07504643499851227
        ],
        [
            0.10463757812976837,
            0.037555623799562454,
            0.05525829643011093
        ],
        [
            0.11366994678974152,
            0.0395752377808094,
            0.045266225934028625
        ],
        [
            0.11682760715484619,
            0.0544290766119957,
            0.05452997237443924
        ],
        [
            0.1066477969288826,
            0.051423318684101105,
            0.06336837261915207
        ],
        [
            0.12460906058549881,
            0.054228875786066055,
            0.03480581194162369
        ],
        [
            0.12058690935373306,
            0.05505844205617905,
            0.04607895016670227
        ],
        [
            0.11858317255973816,
            0.03983329236507416,
            0.03762025386095047
        ],
        [
            0.12226498126983643,
            0.04005461186170578,
            0.02796620875597
        ],
        [
            0.08785323053598404,
            0.04447878897190094,
            0.025850780308246613
        ],
        [
            0.08639615029096603,
            0.03635334223508835,
            0.0182785727083683
        ],
        [
            0.08352024853229523,
            0.03597192093729973,
            0.022929005324840546
        ],
        [
            0.0845155417919159,
            0.04413594305515289,
            0.030066262930631638
        ],
        [
            0.06734641641378403,
            0.047076381742954254,
            0.05700149014592171
        ],
        [
            0.0676819384098053,
            0.03701352700591087,
            0.05804012343287468
        ],
        [
            0.07173417508602142,
            0.04374394565820694,
            0.05854090303182602
        ],
        [
            0.06894578039646149,
            0.05166810005903244,
            0.054395392537117004
        ],
        [
            0.08412410318851471,
            0.022948600351810455,
            -0.007120627909898758
        ],
        [
            0.08575940877199173,
            0.009772710502147675,
            -0.009861201047897339
        ],
        [
            0.08222586661577225,
            0.007748350501060486,
            -0.005548246204853058
        ],
        [
            0.08178883790969849,
            0.020009279251098633,
            -0.003727853298187256
        ],
        [
            0.06406176090240479,
            0.010627880692481995,
            0.008477754890918732
        ],
        [
            0.0703413337469101,
            0.001037105917930603,
            0.0066481828689575195
        ],
        [
            0.06986286491155624,
            -0.010064646601676941,
            0.014339715242385864
        ],
        [
            0.06457625329494476,
            -0.0016477257013320923,
            0.019456371665000916
        ],
        [
            0.05744636803865433,
            0.021347928792238235,
            0.013515383005142212
        ],
        [
            0.0556555837392807,
            0.010213043540716171,
            0.0218777135014534
        ],
        [
            0.050242889672517776,
            0.02298979088664055,
            0.026897963136434555
        ],
        [
            0.04873334988951683,
            0.03772120177745819,
            0.03650927171111107
        ],
        [
            0.09558253735303879,
            0.01267009973526001,
            -0.017632678151130676
        ],
        [
            0.09542526304721832,
            0.022891223430633545,
            -0.01708153635263443
        ],
        [
            0.07347043603658676,
            0.09767211228609085,
            0.05991504341363907
        ],
        [
            0.07779511064291,
            0.09811588376760483,
            0.05556324124336243
        ],
        [
            0.07762888073921204,
            0.09416838735342026,
            0.05722061172127724
        ],
        [
            0.07371298223733902,
            0.09459090977907181,
            0.061317265033721924
        ],
        [
            0.11523262411355972,
            0.016168229281902313,
            -0.014221832156181335
        ],
        [
            0.12197202444076538,
            0.012219235301017761,
            -0.0077802278101444244
        ],
        [
            0.12059260159730911,
            0.007113739848136902,
            -0.012822873890399933
        ],
        [
            0.11301804333925247,
            0.009840808808803558,
            -0.0177474282681942
        ],
        [
            0.11801488697528839,
            0.0245470330119133,
            -0.009498592466115952
        ],
        [
            0.12310107052326202,
            0.019444018602371216,
            -0.000756237655878067
        ],
        [
            0.07690822333097458,
            0.10488414019346237,
            0.07018360495567322
        ],
        [
            0.07298056781291962,
            0.10229375958442688,
            0.06771761924028397
        ],
        [
            0.07493691146373749,
            0.09866588562726974,
            0.0706355944275856
        ],
        [
            0.07970970869064331,
            0.10000912100076675,
            0.07289867848157883
        ],
        [
            0.07404374331235886,
            0.055801182985305786,
            0.051942020654678345
        ],
        [
            0.07858957350254059,
            0.05471167713403702,
            0.044189371168613434
        ],
        [
            0.07752137631177902,
            0.06833811849355698,
            0.061555176973342896
        ],
        [
            0.07934612780809402,
            0.06350335478782654,
            0.05500275641679764
        ],
        [
            0.07545118033885956,
            0.06029483675956726,
            0.05986328423023224
        ],
        [
            0.07508740574121475,
            0.06469286978244781,
            0.06554321944713593
        ],
        [
            0.09426895529031754,
            0.06373059749603271,
            0.0365820936858654
        ],
        [
            0.09231699258089066,
            0.054031722247600555,
            0.030326005071401596
        ],
        [
            0.08858278393745422,
            0.0541209802031517,
            0.03574752062559128
        ],
        [
            0.08897855877876282,
            0.06464135646820068,
            0.04334593191742897
        ],
        [
            0.0989401713013649,
            0.05709579586982727,
            0.018158871680498123
        ],
        [
            0.10067252069711685,
            0.06624488532543182,
            0.02553456835448742
        ],
        [
            0.10426528751850128,
            0.06699751317501068,
            0.017778605222702026
        ],
        [
            0.10163722187280655,
            0.06075065955519676,
            0.013409070670604706
        ],
        [
            0.10237263888120651,
            0.07967054098844528,
            0.040770530700683594
        ],
        [
            0.1034381166100502,
            0.08357220888137817,
            0.0446951724588871
        ],
        [
            0.10457666218280792,
            0.08636321872472763,
            0.04156693071126938
        ],
        [
            0.1042349562048912,
            0.08024836331605911,
            0.037441153079271317
        ],
        [
            0.11973445862531662,
            0.001381807029247284,
            -0.016939934343099594
        ],
        [
            0.11067575216293335,
            0.0033868178725242615,
            -0.02024044468998909
        ],
        [
            0.1300671249628067,
            0.05663041025400162,
            0.013808833435177803
        ],
        [
            0.12683507800102234,
            0.05703028663992882,
            0.003035273402929306
        ],
        [
            0.13001041114330292,
            0.06878578662872314,
            0.006918160244822502
        ],
        [
            0.13295510411262512,
            0.0652819275856018,
            0.01767871156334877
        ],
        [
            0.12347331643104553,
            0.008624687790870667,
            0.001890074461698532
        ],
        [
            0.12426512688398361,
            0.0035813674330711365,
            -0.004094541072845459
        ],
        [
            0.0830221176147461,
            0.10682071000337601,
            0.06951766461133957
        ],
        [
            0.085502490401268,
            0.10138393938541412,
            0.07172278314828873
        ],
        [
            0.05590912699699402,
            0.012960519641637802,
            0.03619825094938278
        ],
        [
            0.05087042599916458,
            0.031145282089710236,
            0.04351300746202469
        ],
        [
            0.06432615965604782,
            -0.0003395006060600281,
            0.03070809319615364
        ],
        [
            0.07240783423185349,
            -0.008556090295314789,
            0.02666691690683365
        ],
        [
            0.07662145793437958,
            -0.016038112342357635,
            0.02268664911389351
        ],
        [
            0.0835302472114563,
            0.0679827332496643,
            0.05305211991071701
        ],
        [
            0.08363978564739227,
            0.05128014087677002,
            0.037293627858161926
        ],
        [
            0.09062766283750534,
            0.04523817449808121,
            0.021687321364879608
        ],
        [
            0.10462427139282227,
            0.05665523186326027,
            -0.0033267736434936523
        ],
        [
            0.10204215347766876,
            0.04793236777186394,
            -0.008890114724636078
        ],
        [
            0.09631268680095673,
            0.048941273242235184,
            5.1293522119522095e-05
        ],
        [
            0.10027128458023071,
            0.056110646575689316,
            0.0033867396414279938
        ],
        [
            0.1202612891793251,
            0.06143328547477722,
            -0.002868928015232086
        ],
        [
            0.1130898967385292,
            0.06472393870353699,
            -0.001472078263759613
        ],
        [
            0.11570359021425247,
            0.07241062074899673,
            0.0030118897557258606
        ],
        [
            0.12296810746192932,
            0.07075510919094086,
            0.0016810279339551926
        ],
        [
            0.061375170946121216,
            0.043755002319812775,
            0.05897840857505798
        ],
        [
            0.06312208622694016,
            0.031964272260665894,
            0.05678512901067734
        ],
        [
            0.1058250293135643,
            0.019303321838378906,
            -0.018053267151117325
        ],
        [
            0.10320088267326355,
            0.012047253549098969,
            -0.019275996834039688
        ],
        [
            0.10296335816383362,
            0.003726661205291748,
            -0.02111855149269104
        ],
        [
            0.08372021466493607,
            0.029288414865732193,
            0.005973249673843384
        ],
        [
            0.07994931191205978,
            0.01799653470516205,
            -0.0014852583408355713
        ],
        [
            0.07668940722942352,
            0.017558079212903976,
            0.0015044957399368286
        ],
        [
            0.082685187458992,
            0.028021495789289474,
            0.008874867111444473
        ],
        [
            0.07427433133125305,
            0.03467603027820587,
            0.019297398626804352
        ],
        [
            0.06698961555957794,
            0.0274120531976223,
            0.010905519127845764
        ],
        [
            0.07055813819169998,
            0.04474027454853058,
            0.02547461912035942
        ],
        [
            0.07711316645145416,
            0.0035962089896202087,
            -0.0006156638264656067
        ],
        [
            0.08159883320331573,
            -0.0018806904554367065,
            -0.009128570556640625
        ],
        [
            0.07682687789201736,
            -0.0056341663002967834,
            -0.0025904402136802673
        ],
        [
            0.08867593854665756,
            0.0008609145879745483,
            -0.015360303223133087
        ],
        [
            0.09605996310710907,
            0.003029569983482361,
            -0.019877757877111435
        ],
        [
            0.12669767439365387,
            -0.003378354012966156,
            -0.00839778408408165
        ],
        [
            0.0736677274107933,
            -0.008707955479621887,
            0.00449710339307785
        ],
        [
            0.05745335668325424,
            0.05561430752277374,
            0.03574804961681366
        ],
        [
            0.05648527294397354,
            0.05923896282911301,
            0.041937749832868576
        ],
        [
            0.06419506669044495,
            0.05989143252372742,
            0.04323500394821167
        ],
        [
            0.06505860388278961,
            0.056970320641994476,
            0.03851526230573654
        ],
        [
            0.08132918924093246,
            0.06284730136394501,
            0.07684668153524399
        ],
        [
            0.07590793073177338,
            0.06393200159072876,
            0.07123449444770813
        ],
        [
            0.07465145736932755,
            0.05680527165532112,
            0.06606805324554443
        ],
        [
            0.08870414644479752,
            0.03361332789063454,
            -0.0056782737374305725
        ],
        [
            0.0979004055261612,
            0.03313613682985306,
            -0.014363940805196762
        ],
        [
            0.0820143073797226,
            0.07233742624521255,
            0.05937308818101883
        ],
        [
            0.08186202496290207,
            0.09673383831977844,
            0.07564180344343185
        ],
        [
            0.07632490247488022,
            0.09487099200487137,
            0.07378534227609634
        ],
        [
            0.07892877608537674,
            0.07836193591356277,
            0.07727973163127899
        ],
        [
            0.0852230116724968,
            0.08059558272361755,
            0.0794932171702385
        ],
        [
            0.08957415819168091,
            0.0785859152674675,
            0.06116758659482002
        ],
        [
            0.08344511687755585,
            0.07518283277750015,
            0.05973852053284645
        ],
        [
            0.0848827064037323,
            0.07682245969772339,
            0.05950581282377243
        ],
        [
            0.09043604135513306,
            0.08053182065486908,
            0.05873166024684906
        ],
        [
            0.10881080478429794,
            0.0854865312576294,
            0.033325567841529846
        ],
        [
            0.10807082056999207,
            0.0801212266087532,
            0.029569247737526894
        ],
        [
            0.10600617527961731,
            0.06682557612657547,
            0.0684414729475975
        ],
        [
            0.09929826110601425,
            0.060435377061367035,
            0.07837522774934769
        ],
        [
            0.09770719707012177,
            0.04897375777363777,
            0.07150059938430786
        ],
        [
            0.09803349524736404,
            0.06427731364965439,
            0.030139146372675896
        ],
        [
            0.10029551386833191,
            0.07313887029886246,
            0.03515662997961044
        ],
        [
            0.10261832922697067,
            0.0738537460565567,
            0.0317322202026844
        ],
        [
            0.08663806319236755,
            0.07158437371253967,
            0.053027428686618805
        ],
        [
            0.0870763286948204,
            0.07552139461040497,
            0.05781475454568863
        ],
        [
            0.0903325229883194,
            0.07577160745859146,
            0.05444382131099701
        ],
        [
            0.09012649953365326,
            0.07164593786001205,
            0.04878098890185356
        ],
        [
            0.12486201524734497,
            0.04484591633081436,
            -0.0015565529465675354
        ],
        [
            0.11736653745174408,
            0.05013327673077583,
            -0.008726697415113449
        ],
        [
            0.07174837589263916,
            0.09942229092121124,
            0.06411141157150269
        ],
        [
            0.07270900905132294,
            0.09625878185033798,
            0.06634044647216797
        ],
        [
            0.09601529687643051,
            0.05473293364048004,
            0.024140309542417526
        ],
        [
            0.09510822594165802,
            0.0371289923787117,
            0.06194166839122772
        ],
        [
            0.09331901371479034,
            0.046205420047044754,
            0.016991518437862396
        ],
        [
            0.1269725114107132,
            0.0763840600848198,
            0.03332194685935974
        ],
        [
            0.12398481369018555,
            0.08175505697727203,
            0.028147071599960327
        ],
        [
            0.1220710277557373,
            0.08669726550579071,
            0.030934344977140427
        ],
        [
            0.12503159046173096,
            0.08515945076942444,
            0.035819292068481445
        ],
        [
            0.0894918292760849,
            0.09376809000968933,
            0.05712021514773369
        ],
        [
            0.08366837352514267,
            0.0929507166147232,
            0.05592385679483414
        ],
        [
            0.08333044499158859,
            0.09508465230464935,
            0.05476122349500656
        ],
        [
            0.08879401534795761,
            0.09719273447990417,
            0.05609609931707382
        ],
        [
            0.07860211282968521,
            0.07276499271392822,
            0.06208502873778343
        ],
        [
            0.07518737763166428,
            0.07048359513282776,
            0.06688271462917328
        ],
        [
            0.07572118192911148,
            0.07587247341871262,
            0.06580045819282532
        ],
        [
            0.08010131120681763,
            0.07666751742362976,
            0.06165238097310066
        ],
        [
            0.07611820846796036,
            0.07047723978757858,
            0.07270047813653946
        ],
        [
            0.07568441331386566,
            0.07636972516775131,
            0.07216460257768631
        ],
        [
            0.0933704823255539,
            0.09555134177207947,
            0.06191181764006615
        ],
        [
            0.09244535863399506,
            0.097423255443573,
            0.06920558214187622
        ],
        [
            0.09682998806238174,
            0.08303344994783401,
            0.07132529467344284
        ],
        [
            0.09543660283088684,
            0.08388429880142212,
            0.06349801272153854
        ],
        [
            0.12115583568811417,
            0.026060283184051514,
            0.022149501368403435
        ],
        [
            0.12465906888246536,
            0.028700798749923706,
            0.011848494410514832
        ],
        [
            0.1259632557630539,
            0.04264286532998085,
            0.017378101125359535
        ],
        [
            0.12851496040821075,
            0.05607336014509201,
            0.022913573309779167
        ],
        [
            0.1295071691274643,
            0.06888365745544434,
            0.028610650449991226
        ],
        [
            0.12780730426311493,
            0.06613187491893768,
            0.04071391373872757
        ],
        [
            0.12751245498657227,
            0.04335818067193031,
            0.009342482313513756
        ],
        [
            0.09709421545267105,
            0.07729607820510864,
            0.06427287310361862
        ],
        [
            0.09949846565723419,
            0.0731470137834549,
            0.07184957712888718
        ],
        [
            0.10167384147644043,
            0.07416512072086334,
            0.06740777939558029
        ],
        [
            0.09576217830181122,
            0.048902448266744614,
            0.01046636700630188
        ],
        [
            0.07339707762002945,
            0.09315598011016846,
            0.06977542489767075
        ],
        [
            0.09678232669830322,
            -0.010095380246639252,
            0.030177749693393707
        ],
        [
            0.10874801129102707,
            -0.007163733243942261,
            0.024138472974300385
        ],
        [
            0.10689903050661087,
            -0.00025310367345809937,
            0.029234539717435837
        ],
        [
            0.09263145923614502,
            -0.0030713602900505066,
            0.035604752600193024
        ],
        [
            0.0771147608757019,
            0.0922248587012291,
            0.05866827443242073
        ],
        [
            0.07317747175693512,
            0.09183429181575775,
            0.06367970257997513
        ],
        [
            0.11205911636352539,
            0.0829153060913086,
            0.02484559640288353
        ],
        [
            0.11265375465154648,
            0.08711551129817963,
            0.029277417808771133
        ],
        [
            0.11632333695888519,
            0.08869100362062454,
            0.02874687686562538
        ],
        [
            0.11619141697883606,
            0.08709351718425751,
            0.022678256034851074
        ],
        [
            0.12538766860961914,
            0.028981275856494904,
            0.005917385220527649
        ],
        [
            0.13099880516529083,
            0.07658610492944717,
            0.00902681052684784
        ],
        [
            0.13388396799564362,
            0.073269322514534,
            0.01853753626346588
        ],
        [
            0.12335346639156342,
            0.016408421099185944,
            0.0074079036712646484
        ],
        [
            0.12085533142089844,
            0.01376662403345108,
            0.016537610441446304
        ],
        [
            0.12094289064407349,
            0.005105346441268921,
            0.012015148997306824
        ],
        [
            0.1199154406785965,
            0.07088831067085266,
            0.053115684539079666
        ],
        [
            0.11794247478246689,
            0.026226036250591278,
            0.030266717076301575
        ],
        [
            0.11732929944992065,
            0.013385020196437836,
            0.02338266372680664
        ],
        [
            0.11726809293031693,
            0.0030054673552513123,
            0.01830105111002922
        ],
        [
            0.11813805997371674,
            -0.004357077181339264,
            0.014425631612539291
        ],
        [
            0.12196240574121475,
            -0.001260414719581604,
            0.007859524339437485
        ],
        [
            0.08769406378269196,
            0.09743607044219971,
            0.07335920631885529
        ],
        [
            0.09105102717876434,
            0.10228461027145386,
            0.06711570173501968
        ],
        [
            0.12466080486774445,
            -0.008883021771907806,
            0.0036478042602539062
        ],
        [
            0.11964374780654907,
            -0.01189279556274414,
            0.010923720896244049
        ],
        [
            0.1119995191693306,
            0.012310869991779327,
            0.030891846865415573
        ],
        [
            0.10384439677000046,
            0.011181831359863281,
            0.03918100893497467
        ],
        [
            0.11263328045606613,
            0.024876918643712997,
            0.0371406152844429
        ],
        [
            0.10507228225469589,
            0.024758361279964447,
            0.04601919651031494
        ],
        [
            0.11850177496671677,
            0.06559573113918304,
            0.06280621886253357
        ],
        [
            0.08430217206478119,
            0.11568620055913925,
            0.05449570715427399
        ],
        [
            0.09011838585138321,
            0.10666865855455399,
            0.05913349241018295
        ],
        [
            0.08810481429100037,
            0.10287275910377502,
            0.05498676747083664
        ],
        [
            0.0846562534570694,
            0.11296382546424866,
            0.05116775259375572
        ],
        [
            0.09192084521055222,
            0.09983925521373749,
            0.06035803258419037
        ],
        [
            0.08856769651174545,
            0.10776872932910919,
            0.06476123631000519
        ],
        [
            0.09207434952259064,
            0.023876726627349854,
            0.05360293388366699
        ],
        [
            0.0914062112569809,
            0.0792410746216774,
            0.05840529501438141
        ],
        [
            0.08625611662864685,
            0.009689182043075562,
            0.04558927193284035
        ],
        [
            0.07821851968765259,
            0.02871907502412796,
            0.06151743233203888
        ],
        [
            0.0719524696469307,
            0.019863221794366837,
            0.054089196026325226
        ],
        [
            0.0780455470085144,
            -0.003827698528766632,
            0.03712397813796997
        ],
        [
            0.06687343865633011,
            0.007855437695980072,
            0.0445394441485405
        ],
        [
            0.08702150732278824,
            -0.017350904643535614,
            0.026834450662136078
        ],
        [
            0.08427408337593079,
            -0.010260984301567078,
            0.03188139200210571
        ],
        [
            0.058719076216220856,
            0.02171105518937111,
            0.04889335855841637
        ],
        [
            0.07228782773017883,
            0.10458226501941681,
            0.052793949842453
        ],
        [
            0.07743939012289047,
            0.10504934191703796,
            0.04976730793714523
        ],
        [
