{
    "pred_cam": [
        10.423212051391602,
        0.10063199698925018,
        -0.061081014573574066
    ],
    "pred_mano_params": {
        "global_orient": [
            [
                [
                    0.16137804090976715,
                    -0.9332984685897827,
                    -0.3207976818084717
                ],
                [
                    -0.7722062468528748,
                    0.08299831300973892,
                    -0.6299276947975159
                ],
                [
                    0.6145361661911011,
                    0.34937843680381775,
                    -0.7073047757148743
                ]
            ]
        ],
        "hand_pose": [
            [
                [
                    0.9693260788917542,
                    -0.1592978835105896,
                    -0.18716633319854736
                ],
                [
                    0.1289035975933075,
                    0.9778850674629211,
                    -0.1646953523159027
                ],
                [
                    0.20926280319690704,
                    0.13551707565784454,
                    0.9684235453605652
                ]
            ],
            [
                [
                    0.7330952882766724,
                    -0.671381950378418,
                    0.10870848596096039
                ],
                [
                    0.6714776754379272,
                    0.6890603303909302,
                    -0.27260515093803406
                ],
                [
                    0.10811547189950943,
                    0.2728408873081207,
                    0.9559648633003235
                ]
            ],
            [
                [
                    0.6806484460830688,
                    -0.7322395443916321,
                    -0.023302298039197922
                ],
                [
                    0.7321303486824036,
                    0.678707480430603,
                    0.05780472978949547
                ],
                [
                    -0.026511462405323982,
                    -0.056405019015073776,
                    0.9980559945106506
                ]
            ],
            [
                [
                    0.7942677736282349,
                    -0.5076596140861511,
                    -0.33379679918289185
                ],
                [
                    0.4691799283027649,
                    0.8615537285804749,
                    -0.19389498233795166
                ],
                [
                    0.3860165774822235,
                    -0.0026062210090458393,
                    0.9224880933761597
                ]
            ],
            [
                [
                    0.8334784507751465,
                    -0.5199510455131531,
                    -0.18698813021183014
                ],
                [
                    0.5507053732872009,
                    0.8093248009681702,
                    0.20424748957157135
                ],
                [
                    0.04513542726635933,
                    -0.273211270570755,
                    0.9608946442604065
                ]
            ],
            [
                [
                    0.8327381014823914,
                    -0.551059365272522,
                    0.053673822432756424
                ],
                [
                    0.5511656403541565,
                    0.834276020526886,
                    0.014141080901026726
                ],
                [
                    -0.052571360021829605,
                    0.017807351425290108,
                    0.9984583854675293
                ]
            ],
            [
                [
                    0.7448557019233704,
                    -0.6645153164863586,
                    0.06007887050509453
                ],
                [
                    0.6570663452148438,
                    0.7461878061294556,
                    0.10708676278591156
                ],
                [
                    -0.11599091440439224,
                    -0.04028837010264397,
                    0.9924328923225403
                ]
            ],
            [
                [
                    0.9472944140434265,
                    -0.2564207911491394,
                    -0.19204610586166382
                ],
                [
                    0.3059089779853821,
                    0.9020442366600037,
                    0.30452579259872437
                ],
                [
                    0.09514733403921127,
                    -0.3472242057323456,
                    0.9329428672790527
                ]
            ],
            [
                [
                    0.9126302599906921,
                    -0.29751867055892944,
                    0.2803364098072052
                ],
                [
                    0.22459718585014343,
                    0.9379374384880066,
                    0.2642528712749481
                ],
                [
                    -0.34155815839767456,
                    -0.17820242047309875,
                    0.9228119254112244
                ]
            ],
            [
                [
                    0.6705159544944763,
                    -0.71880042552948,
                    -0.1836690455675125
                ],
                [
                    0.6907553672790527,
                    0.6951858997344971,
                    -0.19893108308315277
                ],
                [
                    0.2706758975982666,
                    0.006516069173812866,
                    0.9626485109329224
                ]
            ],
            [
                [
                    0.9511380195617676,
                    -0.3012858033180237,
                    -0.06755224615335464
                ],
                [
                    0.30264079570770264,
                    0.8663230538368225,
                    0.3973574638366699
                ],
                [
                    -0.06119607388973236,
                    -0.3983858823776245,
                    0.9151741862297058
                ]
            ],
            [
                [
                    0.8699256777763367,
                    -0.4884307086467743,
                    0.06829988211393356
                ],
                [
                    0.4700275659561157,
                    0.8630292415618896,
                    0.18508000671863556
                ],
                [
                    -0.1493435502052307,
                    -0.12890300154685974,
                    0.980347216129303
                ]
            ],
            [
                [
                    0.9416764378547668,
                    0.003961626905947924,
                    -0.33649662137031555
                ],
                [
                    -0.2742261290550232,
                    0.5886116623878479,
                    -0.7604843378067017
                ],
                [
                    0.1950531005859375,
                    0.8084061741828918,
                    0.5553681254386902
                ]
            ],
            [
                [
                    0.9684206247329712,
                    -0.17219287157058716,
                    -0.18030838668346405
                ],
                [
                    0.24383634328842163,
                    0.8049888014793396,
                    0.5408667922019958
                ],
                [
                    0.05201281979680061,
                    -0.5677523016929626,
                    0.8215546607971191
                ]
            ],
            [
                [
                    0.9497528076171875,
                    0.185576394200325,
                    0.25205346941947937
                ],
                [
                    -0.13930360972881317,
                    0.9717434644699097,
                    -0.19054950773715973
                ],
                [
                    -0.2802928388118744,
                    0.14586298167705536,
                    0.9487675428390503
                ]
            ]
        ],
        "betas": [
            0.018221348524093628,
            -0.10464233160018921,
            0.08165204524993896,
            -0.02822360396385193,
            -0.02533775568008423,
            -0.005690965801477432,
            0.050065845251083374,
            -0.055795520544052124,
            -0.04169592261314392,
            -0.05853456258773804
        ]
    },
    "pred_cam_t": [
        -0.10063199698925018,
        -0.061081014573574066,
        3.747645139694214
    ],
    "focal_length": [
        5000.0,
        5000.0
    ],
    "pred_keypoints_3d": [
        [
            0.09558439254760742,
            0.006370561197400093,
            0.006202445365488529
        ],
        [
            0.09789267927408218,
            0.007358666509389877,
            -0.03222319483757019
        ],
        [
            0.10169930756092072,
            0.020419184118509293,
            -0.05975395441055298
        ],
        [
            0.10183471441268921,
            0.03940800949931145,
            -0.07901352643966675
        ],
        [
            0.09849218279123306,
            0.05155399441719055,
            -0.11300061643123627
        ],
        [
            0.07966809719800949,
            0.06088416278362274,
            -0.06421629339456558
        ],
        [
            0.07632075995206833,
            0.08862261474132538,
            -0.08161775022745132
        ],
        [
            0.09274369478225708,
            0.10145000368356705,
            -0.08906444162130356
        ],
        [
            0.11738727986812592,
            0.10244143754243851,
            -0.08745666593313217
        ],
        [
            0.08282162249088287,
            0.08143743872642517,
            -0.05003921315073967
        ],
        [
            0.09558955579996109,
            0.10966156423091888,
            -0.056741196662187576
        ],
        [
            0.11677655577659607,
            0.11891494691371918,
            -0.05916972458362579
        ],
        [
            0.14189419150352478,
            0.11920198053121567,
            -0.06345616281032562
        ],
        [
            0.09465622901916504,
            0.08601101487874985,
            -0.026533178985118866
        ],
        [
            0.11145585030317307,
            0.10759450495243073,
            -0.03571915253996849
        ],
        [
            0.13438335061073303,
            0.11633666604757309,
            -0.039034850895404816
        ],
        [
            0.15871600806713104,
            0.11730840057134628,
            -0.04554406553506851
        ],
        [
            0.10761114209890366,
            0.08593575656414032,
            -0.008973007090389729
        ],
        [
            0.1203889474272728,
            0.10186479985713959,
            -0.014256209135055542
        ],
        [
            0.13749246299266815,
            0.109669528901577,
            -0.016307584941387177
        ],
        [
            0.15417291224002838,
            0.11199365556240082,
            -0.024419333785772324
        ]
    ],
    "pred_vertices": [
        [
            0.09803406894207001,
            0.033269427716732025,
            -0.04082142189145088
        ],
        [
            0.10141865909099579,
            0.025564786046743393,
            -0.03367386758327484
        ],
        [
            0.10218265652656555,
            0.028542522341012955,
            -0.04296599328517914
        ],
        [
            0.09781692177057266,
            0.03390445560216904,
            -0.04966539144515991
        ],
        [
            0.11572418361902237,
            0.01401183009147644,
            -0.037748679518699646
        ],
        [
            0.11540466547012329,
            0.002604115754365921,
            -0.04116939380764961
        ],
        [
            0.11486884951591492,
            0.012821473181247711,
            -0.05504344776272774
        ],
        [
            0.11622879654169083,
            0.021259628236293793,
            -0.0501076839864254
        ],
        [
            0.09566585719585419,
            0.03529275953769684,
            -0.05649278312921524
        ],
        [
            0.10282375663518906,
            0.03139503300189972,
            -0.05085870623588562
        ],
        [
            0.0914214625954628,
            0.03477856144309044,
            -0.05795697122812271
        ],
        [
            0.08036082237958908,
            0.03814670443534851,
            -0.06198799982666969
        ],
        [
            0.0876733586192131,
            0.0392884686589241,
            -0.06118109077215195
        ],
        [
            0.07573938369750977,
            0.04390135407447815,
            -0.06489111483097076
        ],
        [
            0.07273785769939423,
            0.03268804773688316,
            -0.05624665319919586
        ],
        [
            0.06865300238132477,
            0.04581917077302933,
            -0.05910636857151985
        ],
        [
            0.06839023530483246,
            0.04231826215982437,
            -0.030398350208997726
        ],
        [
            0.07250837981700897,
            0.04792570695281029,
            -0.018820282071828842
        ],
        [
            0.07110519707202911,
            0.06209585815668106,
            -0.02817937359213829
        ],
        [
            0.0680280402302742,
            0.05482462793588638,
            -0.03924451023340225
        ],
        [
            0.0816790759563446,
            0.06475001573562622,
            -0.01049123890697956
        ],
        [
            0.07562802731990814,
            0.06424863636493683,
            -0.020691437646746635
        ],
        [
            0.07603596895933151,
            0.05006622523069382,
            -0.010812316089868546
        ],
        [
            0.08167508989572525,
            0.051209136843681335,
            -0.0023136846721172333
        ],
        [
            0.10142533481121063,
            0.03513150289654732,
            -0.02590586431324482
        ],
        [
            0.10424807667732239,
            0.026856597512960434,
            -0.019064392894506454
        ],
        [
            0.10190045833587646,
            0.025557707995176315,
            -0.023906752467155457
        ],
        [
            0.09964305907487869,
            0.033498942852020264,
            -0.030744260177016258
        ],
        [
            0.09030340611934662,
            0.029238581657409668,
            -0.06276235729455948
        ],
        [
            0.08306657522916794,
            0.021498311311006546,
            -0.058164939284324646
        ],
        [
            0.08471021056175232,
            0.029254872351884842,
            -0.058296676725149155
        ],
        [
            0.09426380693912506,
            0.033321913331747055,
            -0.061426181346178055
        ],
        [
            0.11861467361450195,
            0.011494919657707214,
            0.0005181990563869476
        ],
        [
            0.11409491300582886,
            0.0013717487454414368,
            0.008247461169958115
        ],
        [
            0.11157494783401489,
            -0.001724153757095337,
            0.003886178135871887
        ],
        [
            0.11581817269325256,
            0.008249029517173767,
            -0.002099227160215378
        ],
        [
            0.1103459820151329,
            -0.008113309741020203,
            -0.018394164741039276
        ],
        [
            0.10480065643787384,
            -0.01238531619310379,
            -0.009293731302022934
        ],
        [
            0.0942329466342926,
            -0.020808875560760498,
            -0.010298080742359161
        ],
        [
            0.09627889096736908,
            -0.01646006852388382,
            -0.020215753465890884
        ],
        [
            0.1139778345823288,
            -0.0030948109924793243,
            -0.03021664172410965
        ],
        [
            0.10344469547271729,
            -0.012040451169013977,
            -0.032357145100831985
        ],
        [
            0.10734628140926361,
            -0.004857044667005539,
            -0.04448122903704643
        ],
        [
            0.10822291672229767,
            0.00711195170879364,
            -0.058106161653995514
        ],
        [
            0.11667786538600922,
            0.008304372429847717,
            0.018713153898715973
        ],
        [
            0.12086426466703415,
            0.01659262925386429,
            0.014482997357845306
        ],
        [
            0.08789199590682983,
            0.08378986269235611,
            -0.08602588623762131
        ],
        [
            0.08968596905469894,
            0.08690528571605682,
            -0.08110135048627853
        ],
        [
            0.08927267789840698,
            0.0834750235080719,
            -0.08018931746482849
        ],
        [
            0.08729586005210876,
            0.08114029467105865,
            -0.08504434674978256
        ],
        [
            0.10641540586948395,
            0.022687308490276337,
            0.028558779507875443
        ],
        [
            0.09659763425588608,
            0.02408400923013687,
            0.03049250692129135
        ],
        [
            0.09882444888353348,
            0.018524885177612305,
            0.03464317321777344
        ],
        [
            0.10733889788389206,
            0.01585012674331665,
            0.031633831560611725
        ],
        [
            0.10521963238716125,
            0.031660452485084534,
            0.02434724196791649
        ],
        [
            0.09392677992582321,
            0.03146818280220032,
            0.024126172065734863
        ],
        [
            0.0770336166024208,
            0.0889352336525917,
            -0.09037600457668304
        ],
        [
            0.08107836544513702,
            0.08578862994909286,
            -0.09145070612430573
        ],
        [
            0.07808929681777954,
            0.08263228088617325,
            -0.08931571990251541
        ],
        [
            0.07381506264209747,
            0.08515675365924835,
            -0.08689101785421371
        ],
        [
            0.09322790056467056,
            0.0395628847181797,
            -0.0562775582075119
        ],
        [
            0.09649304300546646,
            0.040397562086582184,
            -0.04773459583520889
        ],
        [
            0.08992532640695572,
            0.055682335048913956,
            -0.0659254938364029
        ],
        [
            0.09214860200881958,
            0.04966891556978226,
            -0.05751647800207138
        ],
        [
            0.08901514112949371,
            0.045424386858940125,
            -0.06222102418541908
        ],
        [
            0.0861801952123642,
            0.05082276463508606,
            -0.06839731335639954
        ],
        [
            0.09888429939746857,
            0.0557607002556324,
            -0.03562881052494049
        ],
        [
            0.1002122089266777,
            0.04597001150250435,
            -0.029310373589396477
        ],
        [
            0.09790218621492386,
            0.04460315778851509,
            -0.0353052131831646
        ],
        [
            0.0966830849647522,
            0.05441288650035858,
            -0.04387374222278595
        ],
        [
            0.10764085501432419,
            0.050687141716480255,
            -0.018232205882668495
        ],
        [
            0.1053013950586319,
            0.06000608205795288,
            -0.025176245719194412
        ],
        [
            0.10976459830999374,
            0.061620283871889114,
            -0.01805708184838295
        ],
        [
            0.11155989021062851,
            0.05456436797976494,
            -0.01472177542746067
        ],
        [
            0.09925198554992676,
            0.07393898069858551,
            -0.03936934471130371
        ],
        [
            0.0969817042350769,
            0.07940993458032608,
            -0.04260924458503723
        ],
        [
            0.10020161420106888,
            0.08211147040128708,
            -0.04024051874876022
        ],
        [
            0.1007603108882904,
            0.07514022290706635,
            -0.03610970824956894
        ],
        [
            0.09982973337173462,
            0.012871727347373962,
            0.038796357810497284
        ],
        [
            0.10748675465583801,
            0.008975088596343994,
            0.03402497246861458
        ],
        [
            0.09594389796257019,
            0.0675068199634552,
            0.005849435925483704
        ],
        [
            0.10576137155294418,
            0.06457452476024628,
            0.010311027988791466
        ],
        [
            0.10639724135398865,
            0.07633908092975616,
            0.005717167630791664
        ],
        [
            0.09531261026859283,
            0.07673996686935425,
            0.002122271806001663
        ],
        [
            0.08696073293685913,
            0.023207001388072968,
            0.026720281690359116
        ],
        [
            0.08890222758054733,
            0.018810845911502838,
            0.03291449695825577
        ],
        [
            0.07475855946540833,
            0.09309910237789154,
            -0.08612179756164551
        ],
        [
            0.07214593142271042,
            0.08912133425474167,
            -0.082357257604599
        ],
        [
            0.09355386346578598,
            -0.007934503257274628,
            -0.04251988232135773
        ],
        [
            0.09885459393262863,
            0.004666466265916824,
            -0.05877132713794708
        ],
        [
            0.08832766115665436,
            -0.014160633087158203,
            -0.0278204046189785
        ],
        [
            0.08426119387149811,
            -0.016614846885204315,
            -0.016764022409915924
        ],
        [
            0.08208948373794556,
            -0.02081846445798874,
            -0.008684121072292328
        ],
        [
            0.09389142692089081,
            0.05595722049474716,
            -0.055331215262413025
        ],
        [
            0.09778469800949097,
            0.039664771407842636,
            -0.0385872945189476
        ],
        [
            0.10362717509269714,
            0.03680495172739029,
            -0.021671384572982788
        ],
        [
            0.1210126131772995,
            0.05086212977766991,
            -0.000508725643157959
        ],
        [
            0.12261481583118439,
            0.04168173298239708,
            0.004510808736085892
        ],
        [
            0.11896834522485733,
            0.04034656286239624,
            -0.005429428070783615
        ],
        [
            0.11773154139518738,
            0.048792555928230286,
            -0.007520986720919609
        ],
        [
            0.11532232165336609,
            0.0636405497789383,
            0.008024977520108223
        ],
        [
            0.11910932511091232,
            0.062337663024663925,
            0.0011180415749549866
        ],
        [
            0.11779412627220154,
            0.07026485353708267,
            -0.0026834458112716675
        ],
        [
            0.1145460456609726,
            0.07306863367557526,
            0.003665318712592125
        ],
        [
            0.08929083496332169,
            0.0232856422662735,
            -0.06697993725538254
        ],
        [
            0.08329355716705322,
            0.01425330713391304,
            -0.058634787797927856
        ],
        [
            0.11511778831481934,
            0.019445523619651794,
            0.02345126122236252
        ],
        [
            0.11406205594539642,
            0.01190793514251709,
            0.025127936154603958
        ],
        [
            0.11192408204078674,
            0.004786871373653412,
            0.029249582439661026
        ],
        [
            0.11168917268514633,
            0.018115397542715073,
            -0.010388389229774475
        ],
        [
            0.11408347636461258,
            0.00588575005531311,
            -0.003994971513748169
        ],
        [
            0.11310316622257233,
            0.004078410565853119,
            -0.007937490940093994
        ],
        [
            0.10941420495510101,
            0.016939394176006317,
            -0.012490343302488327
        ],
        [
            0.10825109481811523,
            0.018482163548469543,
            -0.027681585401296616
        ],
        [
            0.11449526995420456,
            0.007341451942920685,
            -0.02441466972231865
        ],
        [
            0.10980561375617981,
            0.02430003136396408,
            -0.037987448275089264
        ],
        [
            0.10837925225496292,
            -0.007371492683887482,
            -0.001117214560508728
        ],
        [
            0.11036209762096405,
            -0.010354876518249512,
            0.00930759683251381
        ],
        [
            0.10596200078725815,
            -0.015300378203392029,
            0.0033604130148887634
        ],
        [
            0.11299549043178558,
            -0.004907228052616119,
            0.017016690224409103
        ],
        [
            0.11391779035329819,
            0.0004657357931137085,
            0.024060893803834915
        ],
        [
            0.08795882761478424,
            0.013999871909618378,
            0.03986339271068573
        ],
        [
            0.10065077990293503,
            -0.01871495693922043,
            -0.0020890608429908752
        ],
        [
            0.11443400382995605,
            0.025787606835365295,
            -0.058579809963703156
        ],
        [
            0.1120421513915062,
            0.029885713011026382,
            -0.06568677723407745
        ],
        [
            0.10852865129709244,
            0.0347990058362484,
            -0.061648257076740265
        ],
        [
            0.11004239320755005,
            0.03155652806162834,
            -0.055258434265851974
        ],
        [
            0.07231131196022034,
            0.05181276798248291,
            -0.06910791993141174
        ],
        [
            0.08012930303812027,
            0.05064545199275017,
            -0.07066643238067627
        ],
        [
            0.0830131247639656,
            0.04252132773399353,
            -0.06529901176691055
        ],
        [
            0.12012074887752533,
            0.022906899452209473,
            -0.0012499317526817322
        ],
        [
            0.1221861019730568,
            0.0266621932387352,
            0.010669272392988205
        ],
        [
            0.09058845043182373,
            0.06211406737565994,
            -0.06349588930606842
        ],
        [
            0.07108694314956665,
            0.08207166194915771,
            -0.08416157215833664
        ],
        [
            0.07548122107982635,
            0.07894265651702881,
            -0.0870819240808487
        ],
        [
            0.07281158864498138,
            0.06523239612579346,
            -0.07794017344713211
        ],
        [
            0.06794938445091248,
            0.06888240575790405,
            -0.07486101239919662
        ],
        [
            0.08522269129753113,
            0.07278943806886673,
            -0.06321394443511963
        ],
        [
            0.08829539269208908,
            0.067416250705719,
            -0.06558877974748611
        ],
        [
            0.08674103021621704,
            0.07038366049528122,
            -0.06617985665798187
        ],
        [
            0.08468406647443771,
            0.07602385431528091,
            -0.06365209817886353
        ],
        [
            0.10395238548517227,
            0.08137846738100052,
            -0.03193449601531029
        ],
        [
            0.10465766489505768,
            0.07563378661870956,
            -0.028601257130503654
        ],
        [
            0.07083484530448914,
            0.06747521460056305,
            -0.04895380884408951
        ],
        [
            0.06426069885492325,
            0.057851195335388184,
            -0.05592689663171768
        ],
        [
            0.06559071689844131,
            0.0488157793879509,
            -0.048911772668361664
        ],
        [
            0.10223427414894104,
            0.05750980228185654,
            -0.029184624552726746
        ],
        [
            0.10137297958135605,
            0.06664159893989563,
            -0.034304093569517136
        ],
        [
            0.10305985063314438,
            0.06807756423950195,
            -0.030809208750724792
        ],
        [
            0.09374378621578217,
            0.06084892153739929,
            -0.054703596979379654
        ],
        [
            0.09080144017934799,
            0.06681986898183823,
            -0.06000126153230667
        ],
        [
            0.09254376590251923,
            0.06657367199659348,
            -0.05490396171808243
        ],
        [
            0.09510041773319244,
            0.06165003404021263,
            -0.04935818910598755
        ],
        [
            0.10488240420818329,
            0.05301213636994362,
            0.016402872279286385
        ],
        [
            0.11620154231786728,
            0.05216502025723457,
            0.0139425378292799
        ],
        [
            0.08492177724838257,
            0.08369334042072296,
            -0.08979244530200958
        ],
        [
            0.08315782994031906,
            0.08084595203399658,
            -0.08847720175981522
        ],
        [
            0.10346320271492004,
            0.04786419868469238,
            -0.023143047466874123
        ],
        [
            0.06781937181949615,
            0.03740205615758896,
            -0.04076757654547691
        ],
        [
            0.10634434223175049,
            0.03853258863091469,
            -0.017230894416570663
        ],
        [
            0.09148098528385162,
            0.08342302590608597,
            -0.016150614246726036
        ],
        [
            0.09996344149112701,
            0.0852685198187828,
            -0.01677791215479374
        ],
        [
            0.10011174529790878,
            0.08796541392803192,
            -0.02046721614897251
        ],
        [
            0.09406233578920364,
            0.08940210193395615,
            -0.020801261067390442
        ],
        [
            0.08449303358793259,
            0.0877513438463211,
            -0.07025269418954849
        ],
        [
            0.08822855353355408,
            0.08524476736783981,
            -0.07391407340765
        ],
        [
            0.08867333829402924,
            0.0871942862868309,
            -0.07517576962709427
        ],
        [
            0.08487337082624435,
            0.09074732661247253,
            -0.07225999981164932
        ],
        [
            0.08786071091890335,
            0.06280658394098282,
            -0.06916331499814987
        ],
        [
            0.08474206924438477,
            0.058076996356248856,
            -0.07257122546434402
        ],
        [
            0.0845898762345314,
            0.06448202580213547,
            -0.07504461705684662
        ],
        [
            0.0865214467048645,
            0.06781820952892303,
            -0.07058815658092499
        ],
        [
            0.07846087962388992,
            0.0579991489648819,
            -0.07467110455036163
        ],
        [
            0.07889160513877869,
            0.06345152854919434,
            -0.07773254066705704
        ],
        [
            0.07828272879123688,
            0.08937482535839081,
            -0.06966426223516464
        ],
        [
            0.07191769778728485,
            0.08863779157400131,
            -0.07367325574159622
        ],
        [
            0.07024247199296951,
            0.07744395732879639,
            -0.06427573412656784
        ],
        [
            0.0776948630809784,
            0.07938903570175171,
            -0.06324276328086853
        ],
        [
            0.08038890361785889,
            0.03854311257600784,
            0.005836270749568939
        ],
        [
            0.08770427852869034,
            0.04142765700817108,
            0.013759016990661621
        ],
        [
            0.08904288709163666,
            0.05418112501502037,
            0.00596180185675621
        ],
        [
            0.0895942747592926,
            0.06716624647378922,
            -0.0009119883179664612
        ],
        [
            0.09050440043210983,
            0.07871684432029724,
            -0.008821684867143631
        ],
        [
            0.08097268640995026,
            0.07680342346429825,
            -0.01664774864912033
        ],
        [
            0.09470383822917938,
            0.05466797947883606,
            0.011840514838695526
        ],
        [
            0.08110786229372025,
            0.0748496726155281,
            -0.05765050649642944
        ],
        [
            0.07114654034376144,
            0.06982585787773132,
            -0.05787105858325958
        ],
        [
            0.075519859790802,
            0.07331497222185135,
            -0.05442364513874054
        ],
        [
            0.11132350564002991,
            0.04129832237958908,
            -0.012426923960447311
        ],
        [
            0.08057175576686859,
            0.07746550440788269,
            -0.08705189824104309
        ],
        [
            0.06968073546886444,
            -0.0036120042204856873,
            -0.0020446553826332092
        ],
        [
            0.0699276402592659,
            0.004812814295291901,
            0.008670374751091003
        ],
        [
            0.07000068575143814,
            0.010014675557613373,
            0.0016348883509635925
        ],
        [
            0.07059021294116974,
            0.0004280582070350647,
            -0.010830655694007874
        ],
        [
            0.08883623033761978,
            0.0812760442495346,
            -0.07966262102127075
        ],
        [
            0.08621355146169662,
            0.07797672599554062,
            -0.08441686630249023
        ],
        [
            0.10769517719745636,
            0.07902151346206665,
            -0.0235840305685997
        ],
        [
            0.10590080171823502,
            0.08336205780506134,
            -0.026884324848651886
        ],
        [
            0.10545184463262558,
            0.08617008477449417,
            -0.023529302328824997
        ],
        [
            0.10972823202610016,
            0.0838434249162674,
            -0.02023896761238575
        ],
        [
            0.0919884592294693,
            0.04134582355618477,
            0.01790352538228035
        ],
        [
            0.10815836489200592,
            0.08301118016242981,
            0.002246871590614319
        ],
        [
            0.09814293682575226,
            0.08377731591463089,
            -0.001023443415760994
        ],
        [
            0.08626986294984818,
            0.030148997902870178,
            0.02024845778942108
        ],
        [
            0.07932903617620468,
            0.027721960097551346,
            0.013769298791885376
        ],
        [
            0.07886332273483276,
            0.02019011229276657,
            0.0199323408305645
        ],
        [
            0.07734294980764389,
            0.07759124785661697,
            -0.031708259135484695
        ],
        [
            0.07582690566778183,
            0.037845175713300705,
            -0.0015141628682613373
        ],
        [
            0.07563388347625732,
            0.026254966855049133,
            0.0072126202285289764
        ],
        [
            0.07489566504955292,
            0.017178580164909363,
            0.014263976365327835
        ],
        [
            0.07414674013853073,
            0.011213064193725586,
            0.020057115703821182
        ],
        [
            0.07873286306858063,
            0.015068665146827698,
            0.025619279593229294
        ],
        [
            0.07034153491258621,
            0.08576814830303192,
            -0.07899565249681473
        ],
        [
            0.07373114675283432,
            0.09308984875679016,
            -0.07673031091690063
        ],
        [
            0.07730073481798172,
            0.009886100888252258,
            0.032942187041044235
        ],
        [
            0.07277965545654297,
            0.005505584180355072,
            0.026097416877746582
        ],
        [
            0.07198403775691986,
            0.0232875756919384,
            -0.0007031485438346863
        ],
        [
            0.06898462027311325,
            0.018775124102830887,
            -0.010958340018987656
        ],
        [
            0.07254557311534882,
            0.03457983583211899,
            -0.008901890367269516
        ],
        [
            0.06932244449853897,
            0.03126807510852814,
            -0.01954137161374092
        ],
        [
            0.06919927895069122,
            0.07184919714927673,
            -0.03633948415517807
        ],
        [
            0.08640669286251068,
            0.10532591491937637,
            -0.08309249579906464
        ],
        [
            0.0803564265370369,
            0.09833119809627533,
            -0.07677849382162094
        ],
        [
            0.08499929308891296,
            0.0952797532081604,
            -0.07496711611747742
        ],
        [
            0.08894721418619156,
            0.10357846319675446,
            -0.08000775426626205
        ],
        [
            0.0795145109295845,
            0.09302232414484024,
            -0.07252152264118195
        ],
        [
            0.07633413374423981,
            0.09728369116783142,
            -0.08056449890136719
        ],
        [
            0.06933147460222244,
            0.024135258048772812,
            -0.03268815577030182
        ],
        [
            0.08998212218284607,
            0.07285401225090027,
            -0.058853913098573685
        ],
        [
            0.07164600491523743,
            0.008377224206924438,
            -0.026180408895015717
        ],
        [
            0.07186783850193024,
            0.021223213523626328,
            -0.04914174973964691
        ],
        [
            0.0761534795165062,
            0.009406454861164093,
            -0.045378588140010834
        ],
        [
            0.07570046931505203,
            -0.008252400904893875,
            -0.021233584731817245
        ],
        [
            0.08025060594081879,
            -0.004388201981782913,
            -0.03802333399653435
        ],
        [
            0.07351034879684448,
            -0.015460684895515442,
            -0.0038097575306892395
        ],
        [
            0.07405354082584381,
            -0.010643288493156433,
            -0.011442825198173523
        ],
        [
            0.08651775121688843,
            0.0025380179286003113,
            -0.05259346961975098
        ],
        [
            0.09391938149929047,
