{
    "pred_cam": [
        11.729522705078125,
        0.1328306496143341,
        -0.05001455172896385
    ],
    "pred_mano_params": {
        "global_orient": [
            [
                [
                    -0.5714935660362244,
                    0.634436309337616,
                    -0.5204668045043945
                ],
                [
                    -0.23179703950881958,
                    -0.7332239151000977,
                    -0.6392595767974854
                ],
                [
                    -0.7871881723403931,
                    -0.24469007551670074,
                    0.5660932064056396
                ]
            ]
        ],
        "hand_pose": [
            [
                [
                    0.8917850852012634,
                    -0.36459770798683167,
                    -0.26793259382247925
                ],
                [
                    0.363847941160202,
                    0.9298728704452515,
                    -0.05432465672492981
                ],
                [
                    0.2689498960971832,
                    -0.04904080554842949,
                    0.9619048833847046
                ]
            ],
            [
                [
                    0.8499431610107422,
                    -0.5175662636756897,
                    0.09859883040189743
                ],
                [
                    0.51910001039505,
                    0.7905780076980591,
                    -0.324840784072876
                ],
                [
                    0.09017658978700638,
                    0.32727885246276855,
                    0.9406149983406067
                ]
            ],
            [
                [
                    0.8998616337776184,
                    -0.2552981972694397,
                    0.3536550998687744
                ],
                [
                    0.2658841609954834,
                    0.9638131856918335,
                    0.019230075180530548
                ],
                [
                    -0.3457668423652649,
                    0.07672688364982605,
                    0.935178279876709
                ]
            ],
            [
                [
                    0.9731525778770447,
                    0.08425062894821167,
                    -0.21418651938438416
                ],
                [
                    -0.11363677680492401,
                    0.9851380586624146,
                    -0.1288008838891983
                ],
                [
                    0.2001517415046692,
                    0.14968238770961761,
                    0.9682636260986328
                ]
            ],
            [
                [
                    0.5798867344856262,
                    -0.783023476600647,
                    -0.22495685517787933
                ],
                [
                    0.8143551349639893,
                    0.5491088032722473,
                    0.18789677321910858
                ],
                [
                    -0.023601790890097618,
                    -0.29215362668037415,
                    0.9560800790786743
                ]
            ],
            [
                [
                    0.746300995349884,
                    -0.6121634244918823,
                    0.2613251507282257
                ],
                [
                    0.6161590218544006,
                    0.7838850021362305,
                    0.07663123309612274
                ],
                [
                    -0.25175970792770386,
                    0.10382787883281708,
                    0.9622041583061218
                ]
            ],
            [
                [
                    0.7289666533470154,
                    -0.6222285628318787,
                    -0.285375714302063
                ],
                [
                    0.6494794487953186,
                    0.760378360748291,
                    0.0011204465990886092
                ],
                [
                    0.21629633009433746,
                    -0.18616242706775665,
                    0.958415150642395
                ]
            ],
            [
                [
                    0.8413581252098083,
                    -0.5202837586402893,
                    0.1463605761528015
                ],
                [
                    0.4821341931819916,
                    0.8448746800422668,
                    0.23180484771728516
                ],
                [
                    -0.24426063895225525,
                    -0.12446543574333191,
                    0.961688756942749
                ]
            ],
            [
                [
                    0.9172597527503967,
                    -0.39393407106399536,
                    0.05874025821685791
                ],
                [
                    0.14642012119293213,
                    0.47067180275917053,
                    0.8700742125511169
                ],
                [
                    -0.3703992962837219,
                    -0.789483368396759,
                    0.4894081652164459
                ]
            ],
            [
                [
                    0.9282659888267517,
                    -0.27305832505226135,
                    -0.25251030921936035
                ],
                [
                    0.20795491337776184,
                    0.9439616799354553,
                    -0.2563028931617737
                ],
                [
                    0.3083456754684448,
                    0.18540649116039276,
                    0.9330313205718994
                ]
            ],
            [
                [
                    0.6684609055519104,
                    -0.7210195660591125,
                    -0.18245749175548553
                ],
                [
                    0.695074737071991,
                    0.5183365345001221,
                    0.4981951415538788
                ],
                [
                    -0.2646341025829315,
                    -0.45984554290771484,
                    0.8476501703262329
                ]
            ],
            [
                [
                    0.7348687648773193,
                    -0.6607645750045776,
                    0.15283331274986267
                ],
                [
                    0.5932456851005554,
                    0.7354817390441895,
                    0.32730117440223694
                ],
                [
                    -0.32867515087127686,
                    -0.14985571801662445,
                    0.9324783086776733
                ]
            ],
            [
                [
                    0.9819221496582031,
                    0.1583145707845688,
                    0.10375607013702393
                ],
                [
                    -0.013355595991015434,
                    0.6047277450561523,
                    -0.7963203191757202
                ],
                [
                    -0.18881328403949738,
                    0.7805388569831848,
                    0.5959099531173706
                ]
            ],
            [
                [
                    0.9780454635620117,
                    -0.20828261971473694,
                    -0.006739698350429535
                ],
                [
                    0.17442567646503448,
                    0.8005075454711914,
                    0.57337886095047
                ],
                [
                    -0.11402968317270279,
                    -0.5619661211967468,
                    0.8192626237869263
                ]
            ],
            [
                [
                    0.9327143430709839,
                    -0.1737167239189148,
                    -0.3160165846347809
                ],
                [
                    0.03822324424982071,
                    0.919011652469635,
                    -0.39237287640571594
                ],
                [
                    0.3585846722126007,
                    0.35389262437820435,
                    0.8638153672218323
                ]
            ]
        ],
        "betas": [
            -0.16548919677734375,
            -0.1129138171672821,
            0.0327545702457428,
            0.03914019465446472,
            0.08616122603416443,
            0.017610784620046616,
            0.058434173464775085,
            -0.00518423318862915,
            0.0332658588886261,
            -0.08505123853683472
        ]
    },
    "pred_cam_t": [
        -0.1328306496143341,
        -0.05001455172896385,
        3.3302719593048096
    ],
    "focal_length": [
        5000.0,
        5000.0
    ],
    "pred_keypoints_3d": [
        [
            0.0964912548661232,
            0.00645444355905056,
            0.006242732983082533
        ],
        [
            0.08682198822498322,
            0.006840988993644714,
            0.04396107792854309
        ],
        [
            0.07507286965847015,
            0.012072895653545856,
            0.07220715284347534
        ],
        [
            0.06948860734701157,
            0.01716681569814682,
            0.09841584414243698
        ],
        [
            0.06739190220832825,
            0.03340623155236244,
            0.12971164286136627
        ],
        [
            0.1331297606229782,
            0.017587237060070038,
            0.08928042650222778
        ],
        [
            0.1493058204650879,
            0.035433486104011536,
            0.11214159429073334
        ],
        [
            0.1475616693496704,
            0.055679403245449066,
            0.12142381817102432
        ],
        [
            0.13672895729541779,
            0.07458912581205368,
            0.13358381390571594
        ],
        [
            0.151913121342659,
            0.031878095120191574,
            0.07984300702810287
        ],
        [
            0.17836226522922516,
            0.04151681438088417,
            0.09486588090658188
        ],
        [
            0.17798630893230438,
            0.06293235719203949,
            0.1043681725859642
        ],
        [
            0.16463272273540497,
            0.0805075615644455,
            0.11683519184589386
        ],
        [
            0.15519791841506958,
            0.04569031298160553,
            0.05688394233584404
        ],
        [
            0.1751159280538559,
            0.06203202158212662,
            0.07041463255882263
        ],
        [
            0.16827115416526794,
            0.08511587977409363,
            0.07700979709625244
        ],
        [
            0.15029656887054443,
            0.0991494357585907,
            0.08714599907398224
        ],
        [
            0.1525704264640808,
            0.05779048055410385,
            0.03864358365535736
        ],
        [
            0.15879933536052704,
            0.07816995680332184,
            0.039498746395111084
        ],
        [
            0.15245629847049713,
            0.09608516842126846,
            0.04171833023428917
        ],
        [
            0.13391909003257751,
            0.105095274746418,
            0.0501541867852211
        ]
    ],
    "pred_vertices": [
        [
            0.10507255792617798,
            0.020054224878549576,
            0.060512494295835495
        ],
        [
            0.09852984547615051,
            0.01942753791809082,
            0.053250327706336975
        ],
        [
            0.09472084045410156,
            0.020401932299137115,
            0.063927561044693
        ],
        [
            0.10171939432621002,
            0.019389841705560684,
            0.07045869529247284
        ],
        [
            0.07867763191461563,
            0.024418827146291733,
            0.04872980713844299
        ],
        [
            0.06931377202272415,
            0.017825275659561157,
            0.04568187892436981
        ],
        [
            0.0673360824584961,
            0.020583420991897583,
            0.06144782155752182
        ],
        [
            0.0746920108795166,
            0.02667098119854927,
            0.06249449774622917
        ],
        [
            0.09929442405700684,
            0.017368905246257782,
            0.078885518014431
        ],
        [
            0.0915156677365303,
            0.021289855241775513,
            0.07245784997940063
        ],
        [
            0.09693485498428345,
            0.012527011334896088,
            0.0818604975938797
        ],
        [
            0.10971763730049133,
            0.005463744979351759,
            0.0847066268324852
        ],
        [
            0.10853305459022522,
            0.01275132317095995,
            0.08300814032554626
        ],
        [
            0.11869290471076965,
            0.004704867955297232,
            0.08784511685371399
        ],
        [
            0.1111125573515892,
            -0.0036279456689953804,
            0.07777685672044754
        ],
        [
            0.12604071199893951,
            -6.237998604774475e-06,
            0.08332368731498718
        ],
        [
            0.13140074908733368,
            -0.0001407712697982788,
            0.052931174635887146
        ],
        [
            0.1367901861667633,
            0.0070299990475177765,
            0.04226512089371681
        ],
        [
            0.14593666791915894,
            0.01293913647532463,
            0.05446050316095352
        ],
        [
            0.13950105011463165,
            0.005800066515803337,
            0.06424855440855026
        ],
        [
            0.14716030657291412,
            0.024130377918481827,
            0.037009675055742264
        ],
        [
            0.14738328754901886,
            0.018203672021627426,
            0.04726455360651016
        ],
        [
            0.1386736035346985,
            0.011586250737309456,
            0.03458075597882271
        ],
        [
            0.13874144852161407,
            0.017483828589320183,
            0.026057060807943344
        ],
        [
            0.10962629318237305,
            0.02482958883047104,
            0.04423444718122482
        ],
        [
            0.10337477922439575,
            0.023373432457447052,
            0.03599545732140541
        ],
        [
            0.10235954821109772,
            0.020553115755319595,
            0.04201417788863182
        ],
        [
            0.10784165561199188,
            0.022218482568860054,
            0.049425844103097916
        ],
        [
            0.08449108898639679,
            0.0064389146864414215,
            0.08338001370429993
        ],
        [
            0.09098710864782333,
            -0.001628226600587368,
            0.07570518553256989
        ],
        [
            0.09593333303928375,
            0.003735172562301159,
            0.07997284829616547
        ],
        [
            0.08575734496116638,
            0.011930497363209724,
            0.08442460745573044
        ],
        [
            0.08740374445915222,
            0.02866259776055813,
            0.011123329401016235
        ],
        [
            0.08314293622970581,
            0.01987113431096077,
            0.0015842616558074951
        ],
        [
            0.0809931606054306,
            0.015843527391552925,
            0.005374446511268616
        ],
        [
            0.08593577891588211,
            0.02445758506655693,
            0.013294212520122528
        ],
        [
            0.07284082472324371,
            0.009651072323322296,
            0.024299129843711853
        ],
        [
            0.07349518686532974,
            0.003440689295530319,
            0.01568560302257538
        ],
        [
            0.07114643603563309,
            -0.010303238406777382,
            0.015395954251289368
        ],
        [
            0.07168273627758026,
            -0.007175063714385033,
            0.02488568425178528
        ],
        [
            0.07141418755054474,
            0.014487238600850105,
            0.03516262769699097
        ],
        [
            0.06833424419164658,
            0.0004431735724210739,
            0.03508312255144119
        ],
        [
            0.06637012958526611,
            0.006572798825800419,
            0.045426659286022186
        ],
        [
            0.06510987877845764,
            0.011285658925771713,
            0.06099015474319458
        ],
        [
            0.09005966037511826,
            0.026335956528782845,
            -0.007326669991016388
        ],
        [
            0.09373217821121216,
            0.03404504805803299,
            -0.0016017109155654907
        ],
        [
            0.13741028308868408,
            0.04091570898890495,
            0.11499153822660446
        ],
        [
            0.1394190937280655,
            0.0448174923658371,
            0.11075838655233383
        ],
        [
            0.13737733662128448,
            0.04135461151599884,
            0.10836683958768845
        ],
        [
            0.13602226972579956,
            0.03805089741945267,
            0.11293922364711761
        ],
        [
            0.10978488624095917,
            0.025578321889042854,
            -0.012808889150619507
        ],
        [
            0.1165713369846344,
            0.017964068800210953,
            -0.013588547706604004
        ],
        [
            0.11176732182502747,
            0.01720469817519188,
            -0.019124343991279602
        ],
        [
            0.104354128241539,
            0.0229649655520916,
            -0.017472021281719208
        ],
        [
            0.1168387234210968,
            0.029031775891780853,
            -0.006514035165309906
        ],
        [
            0.12255825102329254,
            0.019173551350831985,
            -0.005422018468379974
        ],
        [
            0.14744308590888977,
            0.0350789949297905,
            0.12047167867422104
        ],
        [
            0.14232172071933746,
            0.036133311688899994,
            0.12083406001329422
        ],
        [
            0.14231359958648682,
            0.03173317760229111,
            0.11814410239458084
        ],
        [
            0.14740623533725739,
            0.030337732285261154,
            0.11651007831096649
        ],
        [
            0.1087600439786911,
            0.01828361675143242,
            0.07682584226131439
        ],
        [
            0.1107092797756195,
            0.022122560068964958,
            0.0678044781088829
        ],
        [
            0.12210515886545181,
            0.02285037189722061,
            0.08839897811412811
        ],
        [
            0.11871645599603653,
            0.022568605840206146,
            0.07915037870407104
        ],
        [
            0.1153186559677124,
            0.01718798279762268,
            0.08328866213560104
        ],
        [
            0.11965334415435791,
            0.017049401998519897,
            0.09020654857158661
        ],
        [
            0.1257396936416626,
            0.03300503268837929,
            0.05849957466125488
        ],
        [
            0.11843262612819672,
            0.02928128093481064,
            0.04987126216292381
        ],
        [
            0.11699727177619934,
            0.026270119473338127,
            0.055792950093746185
        ],
        [
            0.12378017604351044,
            0.02993622049689293,
            0.06644418835639954
        ],
        [
            0.12112487852573395,
            0.03876107931137085,
            0.03949955105781555
        ],
        [
            0.12842711806297302,
            0.0413564033806324,
            0.04875568673014641
        ],
        [
            0.12905365228652954,
            0.04645586758852005,
            0.041863635182380676
        ],
        [
            0.123094342648983,
            0.0443941205739975,
            0.036706309765577316
        ],
        [
            0.14054027199745178,
            0.04401296749711037,
            0.06718210875988007
        ],
        [
            0.14778238534927368,
            0.04453236609697342,
            0.07273422926664352
        ],
        [
            0.14959515631198883,
            0.04774273559451103,
            0.07009057700634003
        ],
        [
            0.14177817106246948,
            0.04564657434821129,
            0.0639302060008049
        ],
        [
            0.10752888023853302,
            0.01533486694097519,
            -0.02457185834646225
        ],
        [
            0.0991244837641716,
            0.01963367871940136,
            -0.02141348272562027
        ],
        [
            0.1461961567401886,
            0.038861483335494995,
            0.020785439759492874
        ],
        [
            0.13977162539958954,
            0.04603022336959839,
            0.015108823776245117
        ],
        [
            0.1471794694662094,
            0.05251234769821167,
            0.02202177792787552
        ],
        [
            0.1525871455669403,
            0.043166279792785645,
            0.026363633573055267
        ],
        [
            0.12000991404056549,
            0.008974697440862656,
            -0.009312808513641357
        ],
        [
            0.11681606620550156,
            0.008707750588655472,
            -0.016561344265937805
        ],
        [
            0.1527116596698761,
            0.03652998059988022,
            0.11721610277891159
        ],
        [
            0.15208163857460022,
            0.03205082565546036,
            0.11286988109350204
        ],
        [
            0.0720524936914444,
            -0.006710167974233627,
            0.04500550031661987
        ],
        [
            0.06819264590740204,
            0.0018409853801131248,
            0.06217128410935402
        ],
        [
            0.07565216720104218,
            -0.013086756691336632,
            0.03189507871866226
        ],
        [
            0.07851047813892365,
            -0.01699105277657509,
            0.02249949425458908
        ],
        [
            0.07778791338205338,
            -0.020513353869318962,
            0.014729015529155731
        ],
        [
            0.12360600382089615,
            0.027430972084403038,
            0.07813221216201782
        ],
        [
            0.11196529120206833,
            0.023398609831929207,
            0.05826526880264282
        ],
        [
            0.11089509725570679,
            0.02778802439570427,
            0.04001595824956894
        ],
        [
            0.11836255341768265,
            0.051380593329668045,
            0.021216973662376404
        ],
        [
            0.11114998161792755,
            0.048182517290115356,
            0.014001313596963882
        ],
        [
            0.10963547229766846,
            0.04384137690067291,
            0.02366083860397339
        ],
        [
            0.1167491152882576,
            0.04709295928478241,
            0.02782800793647766
        ],
        [
            0.1334836333990097,
            0.053658828139305115,
            0.0163860023021698
        ],
        [
            0.12894690036773682,
            0.055883556604385376,
            0.022532891482114792
        ],
        [
            0.13480384647846222,
            0.0586889274418354,
            0.028414223343133926
        ],
        [
            0.139876127243042,
            0.05769528076052666,
            0.022957220673561096
        ],
        [
            0.07834239304065704,
            0.0018164236098527908,
            0.08241543918848038
        ],
        [
            0.085065096616745,
            -0.005216502584517002,
            0.0717778131365776
        ],
        [
            0.10128195583820343,
            0.0310981422662735,
            -0.009265050292015076
        ],
        [
            0.0959685817360878,
            0.02634372189640999,
            -0.012581273913383484
        ],
        [
            0.09215106070041656,
            0.0209847092628479,
            -0.018048331141471863
        ],
        [
            0.09469553828239441,
            0.025713276118040085,
            0.024531226605176926
        ],
        [
            0.0849071741104126,
            0.021640852093696594,
            0.014836668968200684
        ],
        [
            0.083767369389534,
            0.01964682713150978,
            0.018452517688274384
        ],
        [
            0.09513775259256363,
            0.023139936849474907,
            0.02713175117969513
        ],
        [
            0.09198048710823059,
            0.02193726971745491,
            0.044693101197481155
        ],
        [
            0.08212719857692719,
            0.021365726366639137,
            0.0351664274930954
        ],
        [
            0.08828108012676239,
            0.02483740821480751,
            0.05629066005349159
        ],
        [
            0.07719779014587402,
            0.009817441925406456,
            0.009094946086406708
        ],
        [
            0.07556865364313126,
            0.0105992890894413,
            -0.001846499741077423
        ],
        [
            0.07242481410503387,
            0.0038423966616392136,
            0.0031308531761169434
        ],
        [
            0.080587238073349,
            0.016144732013344765,
            -0.008359618484973907
        ],
        [
            0.08627674728631973,
            0.02013355866074562,
            -0.014123931527137756
        ],
        [
            0.11492642760276794,
            0.00575767457485199,
            -0.02440013736486435
        ],
        [
            0.07112264633178711,
            -0.002941802144050598,
            0.00800296664237976
        ],
        [
            0.07245348393917084,
            0.025608159601688385,
            0.07210306078195572
        ],
        [
            0.06980957090854645,
            0.023999541997909546,
            0.0802479237318039
        ],
        [
            0.07736475765705109,
            0.024117521941661835,
            0.08195905387401581
        ],
        [
            0.08041978627443314,
            0.025401562452316284,
            0.07480119168758392
        ],
        [
            0.1274462640285492,
            0.006418239325284958,
            0.09314151108264923
        ],
        [
            0.12182295322418213,
            0.011880902573466301,
            0.09332955628633499
        ],
        [
            0.11424066126346588,
            0.010219505056738853,
            0.08685997128486633
        ],
        [
            0.09560130536556244,
            0.03585245832800865,
            0.015362463891506195
        ],
        [
            0.10045347362756729,
            0.04024723172187805,
            0.004442468285560608
        ],
        [
            0.12717419862747192,
            0.02729961834847927,
            0.08743223547935486
        ],
        [
            0.14791560173034668,
            0.026264268904924393,
            0.11346615105867386
        ],
        [
            0.1421363651752472,
            0.02717965841293335,
            0.11531861126422882
        ],
        [
            0.13624587655067444,
            0.01559247076511383,
            0.10382937639951706
        ],
        [
            0.14291681349277496,
            0.014908190816640854,
            0.1021583154797554
        ],
        [
            0.13852062821388245,
            0.02977544069290161,
            0.09029026329517365
        ],
        [
            0.1309172362089157,
            0.02878887951374054,
            0.090655118227005
        ],
        [
            0.13338075578212738,
            0.029841920360922813,
            0.09180409461259842
        ],
        [
            0.1393938958644867,
            0.03251224011182785,
            0.09079960733652115
        ],
        [
            0.14861832559108734,
            0.05137326568365097,
            0.061318863183259964
        ],
        [
            0.1420184224843979,
            0.04992863908410072,
            0.05643295869231224
        ],
        [
            0.14611458778381348,
            0.014717639423906803,
            0.07590370625257492
        ],
        [
            0.1411076784133911,
            0.003690522164106369,
            0.08195854723453522
        ],
        [
            0.13325335085391998,
            -0.00026665814220905304,
            0.07367436587810516
        ],
        [
            0.1270018219947815,
            0.03716307133436203,
            0.052328258752822876
        ],
        [
            0.1338767260313034,
            0.04126286134123802,
            0.059713348746299744
        ],
        [
            0.1351090669631958,
            0.04366056248545647,
            0.056505389511585236
        ],
        [
            0.12788347899913788,
            0.030119318515062332,
            0.078741654753685
        ],
        [
            0.1323021501302719,
            0.030592648312449455,
            0.08543511480093002
        ],
        [
            0.13372963666915894,
            0.03277653455734253,
            0.0808115005493164
        ],
        [
            0.12935450673103333,
            0.032295070588588715,
            0.07372736185789108
        ],
        [
            0.13259148597717285,
            0.03951594978570938,
            0.006387326866388321
        ],
        [
            0.12537510693073273,
            0.04868575558066368,
            0.007704228162765503
        ],
        [
            0.13856466114521027,
            0.03805055096745491,
            0.11872967332601547
        ],
        [
            0.13788340985774994,
            0.034427717328071594,
            0.11653763055801392
        ],
        [
            0.11980052292346954,
            0.033409494906663895,
            0.04398813098669052
        ],
        [
            0.12430938333272934,
            -0.003949858248233795,
            0.06276406347751617
        ],
        [
            0.11197545379400253,
            0.031275928020477295,
            0.035769183188676834
        ],
        [
            0.1566322296857834,
            0.04173451289534569,
            0.045612968504428864
        ],
        [
            0.15439873933792114,
            0.050770748406648636,
            0.04599849879741669
        ],
        [
            0.15785476565361023,
            0.050280340015888214,
            0.05062698945403099
        ],
        [
            0.16137614846229553,
            0.04443451017141342,
            0.05089903995394707
        ],
        [
            0.14588265120983124,
            0.040760863572359085,
            0.099601611495018
        ],
        [
            0.140710711479187,
            0.041511550545692444,
            0.1022718995809555
        ],
        [
            0.14142480492591858,
            0.04383992403745651,
            0.10418237000703812
        ],
        [
            0.14706429839134216,
            0.04345037043094635,
            0.1023227870464325
        ],
        [
            0.1267862319946289,
            0.025276243686676025,
            0.09310904890298843
        ],
        [
            0.12444669753313065,
            0.019799672067165375,
            0.09575343132019043
        ],
        [
            0.12833473086357117,
            0.02372734248638153,
            0.09946690499782562
        ],
        [
            0.13053485751152039,
            0.027739331126213074,
            0.09555675089359283
        ],
        [
            0.1276462972164154,
            0.014804215170443058,
            0.0985240489244461
        ],
        [
            0.13085414469242096,
            0.01871899515390396,
            0.10255888849496841
        ],
        [
            0.151361346244812,
            0.03729340061545372,
            0.09999947249889374
        ],
        [
            0.1542101800441742,
            0.031778473407030106,
            0.10436175763607025
        ],
        [
            0.1500752717256546,
            0.02300652675330639,
            0.0933387354016304
        ],
        [
            0.14658226072788239,
            0.03018120676279068,
            0.09193162620067596
        ],
        [
            0.13106277585029602,
            0.010194845497608185,
            0.015267424285411835
        ],
        [
            0.1315367966890335,
            0.018448133021593094,
            0.007586807012557983
        ],
        [
            0.139332115650177,
            0.025879114866256714,
            0.018067192286252975
        ],
        [
            0.14753617346286774,
            0.03281226381659508,
            0.027663704007864
        ],
        [
            0.15394027531147003,
            0.03951546549797058,
            0.03794066607952118
        ],
        [
            0.1549525409936905,
            0.029486455023288727,
            0.04542812705039978
        ],
        [
            0.13820402324199677,
            0.031333670020103455,
            0.012024741619825363
        ],
        [
            0.14709720015525818,
            0.024632275104522705,
            0.08545602113008499
        ],
        [
            0.14601486921310425,
            0.01670007035136223,
            0.08521232008934021
        ],
        [
            0.1483955681324005,
            0.01917673647403717,
            0.08110392093658447
        ],
        [
            0.11279729008674622,
            0.0373026542365551,
            0.03130653128027916
        ],
        [
            0.13764512538909912,
            0.029815776273608208,
            0.11446096748113632
        ],
        [
            0.09988908469676971,
            -0.02156159281730652,
            0.013859480619430542
        ],
        [
            0.10922256857156754,
            -0.016313517466187477,
            0.005523942410945892
        ],
        [
            0.11186504364013672,
            -0.013933446258306503,
            0.013606354594230652
        ],
        [
            0.10071766376495361,
            -0.019109049811959267,
            0.023082822561264038
        ],
        [
            0.13622871041297913,
            0.03877537325024605,
            0.10697714984416962
        ],
        [
            0.13468250632286072,
            0.03440617769956589,
            0.11136243492364883
        ],
        [
            0.1446237415075302,
            0.05437713861465454,
            0.051977768540382385
        ],
        [
            0.15039800107479095,
            0.054092083126306534,
            0.0563029944896698
        ],
        [
            0.1540309488773346,
            0.054659806191921234,
            0.05363799259066582
        ],
        [
            0.14884039759635925,
            0.058834414929151535,
            0.04897066950798035
        ],
        [
            0.13021595776081085,
            0.02232910320162773,
            0.003161013126373291
        ],
        [
            0.15042968094348907,
            0.05698015168309212,
            0.025848757475614548
        ],
        [
            0.1562531292438507,
            0.04892200976610184,
            0.0301900003105402
        ],
        [
            0.12456406652927399,
            0.011646457016468048,
            -0.0012989714741706848
        ],
        [
            0.12458784133195877,
            0.004042290151119232,
            0.005061887204647064
        ],
        [
            0.12005284428596497,
            4.8100948333740234e-05,
            -0.0026799440383911133
        ],
        [
            0.15495729446411133,
            0.025834564119577408,
            0.06070719659328461
        ],
        [
            0.13106711208820343,
            0.005501557141542435,
            0.02271077409386635
        ],
        [
            0.12369753420352936,
            -0.0002788826823234558,
            0.011479891836643219
        ],
        [
            0.11824719607830048,
            -0.005282901227474213,
            0.0025218427181243896
        ],
        [
            0.11506380140781403,
            -0.00869247317314148,
            -0.0044858381152153015
        ],
        [
            0.11726639419794083,
            -0.0024345293641090393,
            -0.009434245526790619
        ],
        [
            0.15207813680171967,
            0.028466830030083656,
            0.10914821922779083
        ],
        [
            0.1550392210483551,
            0.03613396733999252,
            0.10797332227230072
        ],
        [
            0.11543384194374084,
            -0.005972389131784439,
            -0.017701074481010437
        ],
        [
            0.11250168830156326,
            -0.012531992048025131,
            -0.01162208616733551
        ],
        [
            0.12127219140529633,
            -0.005442213267087936,
            0.0188596174120903
        ],
        [
            0.116618812084198,
            -0.01089908555150032,
            0.028123848140239716
        ],
        [
            0.12827898561954498,
            0.0005520395934581757,
            0.029502011835575104
        ],
        [
            0.12459293752908707,
            -0.004517663270235062,
            0.039530109614133835
        ],
        [
            0.1514955461025238,
            0.016316624358296394,
            0.06382003426551819
        ],
        [
            0.15528340637683868,
            0.05323417857289314,
            0.11646825075149536
        ],
        [
            0.15452951192855835,
            0.044907279312610626,
            0.10849246382713318
        ],
        [
            0.14954125881195068,
            0.04706743359565735,
            0.10621858388185501
        ],
        [
            0.15295971930027008,
            0.05537974834442139,
            0.11358806490898132
        ],
        [
            0.1522206813097,
            0.04075717553496361,
            0.10344542562961578
        ],
        [
            0.15571163594722748,
            0.040606144815683365,
            0.11229363828897476
        ],
        [
            0.11470426619052887,
            -0.009145352989435196,
            0.051115550100803375
        ],
        [
            0.1407517045736313,
            0.032691940665245056,
            0.08682960271835327
        ],
        [
            0.10245679318904877,
            -0.014987204223871231,
            0.03984030708670616
        ],
        [
            0.10413876920938492,
            -0.009958388283848763,
            0.06698013842105865
        ],
        [
            0.09339385479688644,
            -0.012249404564499855,
            0.05817790329456329
        ],
        [
            0.08851443231105804,
            -0.020079568028450012,
            0.02936752885580063
        ],
        [
            0.08330382406711578,
            -0.015656650066375732,
            0.04490163177251816
        ],
        [
            0.08769533038139343,
            -0.024648556485772133,
            0.012305326759815216
        ],
        [
            0.08979469537734985,
            -0.022120559588074684,
            0.020308271050453186
        ],
        [
            0.0776858702301979,
            -0.00833899900317192,
            0.05925430729985237
        ],
        [
            0.13925735652446747,
            0.050900898873806,
            0.1181034967303276
        ],
        [
            0.14224308729171753,
            0.0536622479557991,
            0.11370895802974701
        ],
        [
