{
    "pred_cam": [
        7.168641567230225,
        -0.09154601395130157,
        -0.05453606694936752
    ],
    "pred_mano_params": {
        "global_orient": [
            [
                [
                    -0.18719889223575592,
                    0.7111532688140869,
                    -0.6776560544967651
                ],
                [
                    -0.7800010442733765,
                    -0.526948869228363,
                    -0.3375253677368164
                ],
                [
                    -0.597122311592102,
                    0.4653880000114441,
                    0.6533445715904236
                ]
            ]
        ],
        "hand_pose": [
            [
                [
                    0.6784117817878723,
                    -0.6630678772926331,
                    -0.3163833022117615
                ],
                [
                    0.6314411163330078,
                    0.746375322341919,
                    -0.2102523148059845
                ],
                [
                    0.3755522072315216,
                    -0.05713976174592972,
                    0.9250381588935852
                ]
            ],
            [
                [
                    0.8032404780387878,
                    -0.5590656399726868,
                    0.205548956990242
                ],
                [
                    0.5899128317832947,
                    0.6988328099250793,
                    -0.4045189619064331
                ],
                [
                    0.08250828832387924,
                    0.4461819529533386,
                    0.891130805015564
                ]
            ],
            [
                [
                    0.9877553582191467,
                    -0.13132832944393158,
                    0.08421534299850464
                ],
                [
                    0.11542536318302155,
                    0.9783392548561096,
                    0.17184104025363922
                ],
                [
                    -0.10495877265930176,
                    -0.16001631319522858,
                    0.9815184473991394
                ]
            ],
            [
                [
                    0.5054015517234802,
                    -0.8517948985099792,
                    -0.13789422810077667
                ],
                [
                    0.8626518249511719,
                    0.5024811625480652,
                    0.057831794023513794
                ],
                [
                    0.020028430968523026,
                    -0.14818298816680908,
                    0.9887571930885315
                ]
            ],
            [
                [
                    0.8539231419563293,
                    -0.4737875163555145,
                    -0.2152688056230545
                ],
                [
                    0.5084084272384644,
                    0.8478119373321533,
                    0.1507837176322937
                ],
                [
                    0.11106803268194199,
                    -0.23820218443870544,
                    0.9648438096046448
                ]
            ],
            [
                [
                    0.9617986083030701,
                    -0.26307401061058044,
                    0.0757332593202591
                ],
                [
                    0.2656414210796356,
                    0.9637234210968018,
                    -0.025919608771800995
                ],
                [
                    -0.06616713851690292,
                    0.0450473353266716,
                    0.9967911839485168
                ]
            ],
            [
                [
                    0.8148208856582642,
                    -0.5197725892066956,
                    0.2567165791988373
                ],
                [
                    0.47453078627586365,
                    0.8523898124694824,
                    0.21966366469860077
                ],
                [
                    -0.33299776911735535,
                    -0.05716660991311073,
                    0.9411931037902832
                ]
            ],
            [
                [
                    0.8822928667068481,
                    -0.46778514981269836,
                    -0.052309274673461914
                ],
                [
                    0.4430890381336212,
                    0.7878901362419128,
                    0.4276694655418396
                ],
                [
                    -0.15884344279766083,
                    -0.40050745010375977,
                    0.9024203419685364
                ]
            ],
            [
                [
                    0.9885403513908386,
                    -0.14559365808963776,
                    0.039881180971860886
                ],
                [
                    0.10509893298149109,
                    0.8534297943115234,
                    0.5105016231536865
                ],
                [
                    -0.10836157202720642,
                    -0.5004599690437317,
                    0.8589515089988708
                ]
            ],
            [
                [
                    0.6731281280517578,
                    -0.7223427891731262,
                    0.15849097073078156
                ],
                [
                    0.7307106852531433,
                    0.68264240026474,
                    0.007822968997061253
                ],
                [
                    -0.11384352296590805,
                    0.11054519563913345,
                    0.987329363822937
                ]
            ],
            [
                [
                    0.8215486407279968,
                    -0.5502591729164124,
                    -0.14924053847789764
                ],
                [
                    0.5588207840919495,
                    0.7252662181854248,
                    0.4021296799182892
                ],
                [
                    -0.11303642392158508,
                    -0.4137677848339081,
                    0.9033377170562744
                ]
            ],
            [
                [
                    0.8999181985855103,
                    -0.42014455795288086,
                    0.11672954261302948
                ],
                [
                    0.4004799425601959,
                    0.9022371768951416,
                    0.15994979441165924
                ],
                [
                    -0.1725197583436966,
                    -0.0971938893198967,
                    0.9801990985870361
                ]
            ],
            [
                [
                    0.9197183847427368,
                    -0.013413450680673122,
                    -0.39234963059425354
                ],
                [
                    -0.3128359019756317,
                    0.5787513256072998,
                    -0.7531140446662903
                ],
                [
                    0.23717468976974487,
                    0.81539386510849,
                    0.5280920267105103
                ]
            ],
            [
                [
                    0.9981149435043335,
                    -0.037131935358047485,
                    -0.04886508733034134
                ],
                [
                    0.059071075171232224,
                    0.7972326278686523,
                    0.6007751822471619
                ],
                [
                    0.01664889231324196,
                    -0.6025292277336121,
                    0.79792320728302
                ]
            ],
            [
                [
                    0.8333333134651184,
                    -0.5494053363800049,
                    -0.060905084013938904
                ],
                [
                    0.46347635984420776,
                    0.7545074820518494,
                    -0.46465927362442017
                ],
                [
                    0.30123957991600037,
                    0.358987957239151,
                    0.8833925724029541
                ]
            ]
        ],
        "betas": [
            -0.04602906107902527,
            -0.09765869379043579,
            0.041762471199035645,
            -0.0030961930751800537,
            0.041137903928756714,
            -0.011958640068769455,
            0.001985102891921997,
            -0.037922173738479614,
            0.020421981811523438,
            -0.04736855626106262
        ]
    },
    "pred_cam_t": [
        -0.09154601395130157,
        -0.05453606694936752,
        5.449079990386963
    ],
    "focal_length": [
        5000.0,
        5000.0
    ],
    "pred_keypoints_3d": [
        [
            0.09589510411024094,
            0.006406054366379976,
            0.0062167346477508545
        ],
        [
            0.07177761197090149,
            0.024642890319228172,
            0.03029758483171463
        ],
        [
            0.06308204680681229,
            0.04901038110256195,
            0.047079406678676605
        ],
        [
            0.06338303536176682,
            0.06923756748437881,
            0.06516767293214798
        ],
        [
            0.05783390998840332,
            0.10253006964921951,
            0.07071806490421295
        ],
        [
            0.09469391405582428,
            0.07101365923881531,
            0.06999657303094864
        ],
        [
            0.09365270286798477,
            0.10403092205524445,
            0.06996210664510727
        ],
        [
            0.08462131023406982,
            0.11883239448070526,
            0.05605459213256836
        ],
        [
            0.07252220809459686,
            0.13438695669174194,
            0.040808118879795074
        ],
        [
            0.11489543318748474,
            0.08234354853630066,
            0.059947289526462555
        ],
        [
            0.10361012816429138,
            0.11131968349218369,
            0.05341097339987755
        ],
        [
            0.08985641598701477,
            0.12238641083240509,
            0.03816385567188263
        ],
        [
            0.07238040864467621,
            0.13323751091957092,
            0.022380582988262177
        ],
        [
            0.12658894062042236,
            0.08146932721138,
            0.035843376070261
        ],
        [
            0.11788009852170944,
            0.10890129208564758,
            0.03864225000143051
        ],
        [
            0.10264068841934204,
            0.12269800901412964,
            0.024698900058865547
        ],
        [
            0.08272410929203033,
            0.13125768303871155,
            0.011722546070814133
        ],
        [
            0.13112479448318481,
            0.0801379382610321,
            0.01447424665093422
        ],
        [
            0.1307760775089264,
            0.10130026936531067,
            0.01570891961455345
        ],
        [
            0.11987517774105072,
            0.11592946946620941,
            0.010334358550608158
        ],
        [
            0.10286429524421692,
            0.12767252326011658,
            0.005200006067752838
        ]
    ],
    "pred_vertices": [
        [
            0.08313050866127014,
            0.048284128308296204,
            0.03808092698454857
        ],
        [
            0.08107686787843704,
            0.040860794484615326,
            0.029923148453235626
        ],
        [
            0.07750652730464935,
            0.04779499024152756,
            0.03593464568257332
        ],
        [
            0.07856084406375885,
            0.05254597216844559,
            0.0442107692360878
        ],
        [
            0.06488455086946487,
            0.04211302846670151,
            0.021237660199403763
        ],
        [
            0.05566191300749779,
            0.03493744134902954,
            0.022316791117191315
        ],
        [
            0.054991766810417175,
            0.048354849219322205,
            0.03343368321657181
        ],
        [
            0.06272678077220917,
            0.05365876108407974,
            0.030843224376440048
        ],
        [
            0.07674276828765869,
            0.05578172951936722,
            0.05089377611875534
        ],
        [
            0.07479588687419891,
            0.0542234405875206,
            0.041598714888095856
        ],
        [
            0.07798256725072861,
            0.05375870317220688,
            0.05571906268596649
        ],
        [
            0.08215318620204926,
            0.052639685571193695,
            0.06643383204936981
        ],
        [
            0.07977224886417389,
            0.056746989488601685,
            0.06022164598107338
        ],
        [
            0.08611507713794708,
            0.05626305937767029,
            0.07236652821302414
        ],
        [
            0.08583325892686844,
            0.04228367656469345,
            0.06782085448503494
        ],
        [
            0.0945630893111229,
            0.0526089072227478,
            0.07494576275348663
        ],
        [
            0.10942044854164124,
            0.03701791167259216,
            0.05450019612908363
        ],
        [
            0.11805178225040436,
            0.03836445137858391,
            0.04406212270259857
        ],
        [
            0.12281638383865356,
            0.05301202833652496,
            0.05305047333240509
        ],
        [
            0.11286213994026184,
            0.05074392259120941,
            0.06236809119582176
        ],
        [
            0.12965549528598785,
            0.05223376303911209,
            0.03297646343708038
        ],
        [
            0.1262262612581253,
            0.053362101316452026,
            0.044426869601011276
        ],
        [
            0.12259374558925629,
            0.0382428802549839,
            0.03616981953382492
        ],
        [
            0.1258092075586319,
            0.03816086798906326,
            0.02634172886610031
        ],
        [
            0.0916256308555603,
            0.045081209391355515,
            0.025861438363790512
        ],
        [
            0.08917444944381714,
            0.03706095367670059,
            0.01839115470647812
        ],
        [
            0.0865165963768959,
            0.03690006583929062,
            0.023153774440288544
        ],
        [
            0.08850236237049103,
            0.04498472064733505,
            0.03023505210876465
        ],
        [
            0.0727391317486763,
            0.04940669238567352,
            0.059119999408721924
        ],
        [
            0.07306872308254242,
            0.03922862187027931,
            0.05969388037919998
        ],
        [
            0.07739190012216568,
            0.04592369869351387,
            0.0599837563931942
        ],
        [
            0.07430779933929443,
            0.05420353263616562,
            0.05655165761709213
        ],
        [
            0.08463124930858612,
            0.023745030164718628,
            -0.00668644905090332
        ],
        [
            0.08515086770057678,
            0.010462597012519836,
            -0.009390071034431458
        ],
        [
            0.08169727027416229,
            0.008735626935958862,
            -0.004881646484136581
        ],
        [
            0.08224505186080933,
            0.021018780767917633,
            -0.003165595233440399
        ],
        [
            0.06437715888023376,
            0.013101987540721893,
            0.010165393352508545
        ],
        [
            0.06993956863880157,
            0.003020569682121277,
            0.007985465228557587
        ],
        [
            0.06908173859119415,
            -0.008019201457500458,
            0.01580369472503662
        ],
        [
            0.06471099704504013,
            0.0008124783635139465,
            0.021178726106882095
        ],
        [
            0.05878662317991257,
            0.024355802685022354,
            0.015681765973567963
        ],
        [
            0.056793928146362305,
            0.013343390077352524,
            0.024128366261720657
        ],
        [
            0.0527077317237854,
            0.026487112045288086,
            0.02952289581298828
        ],
        [
            0.05290325731039047,
            0.04105992615222931,
            0.039261750876903534
        ],
        [
            0.09476286917924881,
            0.012584589421749115,
            -0.01767357811331749
        ],
        [
            0.09538755565881729,
            0.02280118316411972,
            -0.01721857115626335
        ],
        [
            0.08210925757884979,
            0.10106927156448364,
            0.06224250793457031
        ],
        [
            0.08599081635475159,
            0.10181035846471786,
            0.057609111070632935
        ],
        [
            0.08590881526470184,
            0.09717292338609695,
            0.05888852849602699
        ],
        [
            0.08234740793704987,
            0.09748294204473495,
            0.06330893188714981
        ],
        [
            0.11480666697025299,
            0.01463107019662857,
            -0.01531406119465828
        ],
        [
            0.12155964970588684,
            0.010219834744930267,
            -0.009177058935165405
        ],
        [
            0.11954909563064575,
            0.005204237997531891,
            -0.014100104570388794
        ],
        [
            0.11194653064012527,
            0.008466280996799469,
            -0.018670741468667984
        ],
        [
            0.11844898015260696,
            0.022799290716648102,
            -0.010805774480104446
        ],
        [
            0.12357966601848602,
            0.017376534640789032,
            -0.002273302525281906
        ],
        [
            0.0869959369301796,
            0.10630916059017181,
            0.07303211838006973
        ],
        [
            0.08270762860774994,
            0.104447141289711,
            0.07063990831375122
        ],
        [
            0.08456239849328995,
            0.10028354823589325,
            0.07289224117994308
        ],
        [
            0.08953206241130829,
            0.1009356752038002,
            0.07482030242681503
        ],
        [
            0.08007541298866272,
            0.057453274726867676,
            0.0526263527572155
        ],
        [
            0.08411207050085068,
            0.056016769260168076,
            0.044600710272789
        ],
        [
            0.0849999412894249,
            0.06986656039953232,
            0.061888378113508224
        ],
        [
            0.086077481508255,
            0.06480035930871964,
            0.05527801811695099
        ],
        [
            0.08223395049571991,
            0.06186946481466293,
            0.06036766991019249
        ],
        [
            0.08252289891242981,
            0.0662933811545372,
            0.066045843064785
        ],
        [
            0.09998951852321625,
            0.0638236328959465,
            0.03611162304878235
        ],
        [
            0.09700492024421692,
            0.05428992211818695,
            0.030039409175515175
        ],
        [
            0.09357690066099167,
            0.054676949977874756,
            0.035644616931676865
        ],
        [
            0.0951293483376503,
            0.06516506522893906,
            0.04313135892152786
        ],
        [
            0.10321004688739777,
            0.056770239025354385,
            0.017516344785690308
        ],
        [
            0.10600221157073975,
            0.06575582921504974,
            0.024723678827285767
        ],
        [
            0.10924123227596283,
            0.06615881621837616,
            0.016777051612734795
        ],
        [
            0.10593563318252563,
            0.06016312912106514,
            0.012596867978572845
        ],
        [
            0.1094699501991272,
            0.07908633351325989,
            0.03968029469251633
        ],
        [
            0.11095421761274338,
            0.08294249325990677,
            0.043450649827718735
        ],
        [
            0.11193087697029114,
            0.0852099061012268,
            0.040312204509973526
        ],
        [
            0.1111290231347084,
            0.07937981188297272,
            0.03629119321703911
        ],
        [
            0.11805177479982376,
            -0.00046762824058532715,
            -0.018122442066669464
        ],
        [
            0.10899923741817474,
            0.0021907389163970947,
            -0.02098703756928444
        ],
        [
            0.13421083986759186,
            0.054125722497701645,
            0.011668853461742401
        ],
        [
            0.13043135404586792,
            0.0546131432056427,
            0.001058049499988556
        ],
        [
            0.13455219566822052,
            0.06633341312408447,
            0.004715681076049805
        ],
        [
            0.13791756331920624,
            0.06268858909606934,
            0.015380904078483582
        ],
        [
            0.12329188734292984,
            0.0065699294209480286,
            0.0004508085548877716
        ],
        [
            0.12340328842401505,
            0.0014493316411972046,
            -0.005524083971977234
        ],
        [
            0.09305894374847412,
            0.10785140097141266,
            0.07195279747247696
        ],
        [
            0.0951978862285614,
            0.10187722742557526,
            0.07322309911251068
        ],
        [
            0.0582684688270092,
            0.016007795929908752,
            0.03838852792978287
        ],
        [
            0.05511213839054108,
            0.034252118319272995,
            0.04600604623556137
        ],
        [
            0.06524823606014252,
            0.002162851393222809,
            0.03241753950715065
        ],
        [
            0.0724257305264473,
            -0.006645768880844116,
            0.027964062988758087
        ],
        [
            0.0758356973528862,
            -0.014460965991020203,
            0.023832563310861588
        ],
        [
            0.09047338366508484,
            0.06899907439947128,
            0.05303952842950821
        ],
        [
            0.08852767944335938,
            0.052208177745342255,
            0.037466321140527725
        ],
        [
            0.09422451257705688,
            0.045620836317539215,
            0.021562866866588593
        ],
        [
            0.1077805906534195,
            0.05579723045229912,
            -0.004256576299667358
        ],
        [
            0.10428406298160553,
            0.0472998283803463,
            -0.009609904140233994
        ],
        [
            0.0990779846906662,
            0.04877055808901787,
            -0.0003840625286102295
        ],
        [
            0.10372483730316162,
            0.055610012263059616,
            0.0026842914521694183
        ],
        [
            0.1238391101360321,
            0.059415291994810104,
            -0.004588037729263306
        ],
        [
            0.11695191264152527,
            0.06317038834095001,
            -0.002899397164583206
        ],
        [
            0.12027785181999207,
            0.07056944817304611,
            0.0013683326542377472
        ],
        [
            0.12738190591335297,
            0.06857304275035858,
            -0.00022980943322181702
        ],
        [
            0.06676685810089111,
            0.045953135937452316,
            0.061288248747587204
        ],
        [
            0.06809693574905396,
            0.03427794948220253,
            0.05862349271774292
        ],
        [
            0.10545750707387924,
            0.018442116677761078,
            -0.01868557184934616
        ],
        [
            0.1022392064332962,
            0.01139124482870102,
            -0.019703425467014313
        ],
        [
            0.10128818452358246,
            0.0030961036682128906,
            -0.021466076374053955
        ],
        [
            0.08533695340156555,
            0.030178099870681763,
            0.006300799548625946
        ],
        [
            0.08035944402217865,
            0.019175849854946136,
            -0.00083150714635849
        ],
        [
            0.07718440145254135,
            0.01902082934975624,
            0.0023177415132522583
        ],
        [
            0.08432865142822266,
            0.02902103215456009,
            0.009218670427799225
        ],
        [
            0.07689489424228668,
            0.03634205833077431,
            0.02021792158484459
        ],
        [
            0.06857822835445404,
            0.029683463275432587,
            0.012355268001556396
        ],
        [
            0.07430899888277054,
            0.04660218954086304,
            0.026858974248170853
        ],
        [
            0.07652455568313599,
            0.005012735724449158,
            0.00033668428659439087
        ],
        [
            0.08018016070127487,
            -0.0008481964468955994,
            -0.008342400193214417
        ],
        [
            0.07547665387392044,
            -0.004203125834465027,
            -0.0015344321727752686
        ],
        [
            0.0871165320277214,
            0.001327797770500183,
            -0.014956772327423096
        ],
        [
            0.09441451728343964,
            0.0029153674840927124,
            -0.01985781267285347
        ],
        [
            0.1250808984041214,
            -0.00568757951259613,
            -0.00989392027258873
        ],
        [
            0.07246488332748413,
            -0.007002897560596466,
            0.00574156641960144
        ],
        [
            0.06205994635820389,
            0.05878538638353348,
            0.038807738572359085
        ],
        [
            0.06118209660053253,
            0.06247982010245323,
            0.045802872627973557
        ],
        [
            0.0688067302107811,
            0.06298257410526276,
            0.04667603224515915
        ],
        [
            0.0698857232928276,
            0.059777893126010895,
            0.040959544479846954
        ],
        [
            0.08921858668327332,
            0.06375566124916077,
            0.07710634171962738
        ],
        [
            0.08360125869512558,
            0.06535227596759796,
            0.0717616155743599
        ],
        [
            0.08152785152196884,
            0.0584147684276104,
            0.06669579446315765
        ],
        [
            0.09006678313016891,
            0.034040745347738266,
            -0.005580615252256393
        ],
        [
            0.0987614244222641,
            0.03284289315342903,
            -0.014726929366588593
        ],
        [
            0.08960586786270142,
            0.07366704940795898,
            0.059475917369127274
        ],
        [
            0.091792531311512,
            0.09733905643224716,
            0.07721402496099472
        ],
        [
            0.08607035130262375,
            0.0961105078458786,
            0.07559452950954437
        ],
        [
            0.08793501555919647,
            0.07924196869134903,
            0.07816461473703384
        ],
        [
            0.09447190165519714,
            0.08097167313098907,
            0.08001762628555298
        ],
        [
            0.09752389788627625,
            0.07951634377241135,
            0.06108862906694412
        ],
        [
            0.09110291302204132,
            0.07662854343652725,
            0.06004263460636139
        ],
        [
            0.09253762662410736,
            0.07830873131752014,
            0.059926241636276245
        ],
        [
            0.0981772392988205,
            0.08176896721124649,
            0.058935243636369705
        ],
        [
            0.1155204027891159,
            0.08401018381118774,
            0.03179895505309105
        ],
        [
            0.11443085968494415,
            0.07886660099029541,
            0.028203550726175308
        ],
        [
            0.11363856494426727,
            0.06617756187915802,
            0.0672808587551117
        ],
        [
            0.10693119466304779,
            0.060183264315128326,
            0.07755833864212036
        ],
        [
            0.10419914126396179,
            0.048917271196842194,
            0.07090336829423904
        ],
        [
            0.10345306992530823,
            0.06404361128807068,
            0.029476836323738098
        ],
        [
            0.1066172644495964,
            0.07270140200853348,
            0.03429106995463371
        ],
        [
            0.10880324244499207,
            0.07317662239074707,
            0.030747225508093834
        ],
        [
            0.093830406665802,
            0.07236693054437637,
            0.05283903703093529
        ],
        [
            0.09478214383125305,
            0.0764613077044487,
            0.05760204792022705
        ],
        [
            0.09793125838041306,
            0.07619523257017136,
            0.05402904003858566
        ],
        [
            0.09708324074745178,
            0.07207906991243362,
            0.0484444797039032
        ],
        [
            0.12727373838424683,
            0.042572662234306335,
            -0.0033627115190029144
        ],
        [
            0.1197841614484787,
            0.048351138830184937,
            -0.010218828916549683
        ],
        [
            0.08092653751373291,
            0.10227933526039124,
            0.0667937770485878
        ],
        [
            0.08189360052347183,
            0.0986027717590332,
            0.06856562197208405
        ],
        [
            0.10042359679937363,
            0.05467335134744644,
            0.023664671927690506
        ],
        [
            0.10030049085617065,
            0.037277501076459885,
            0.061626799404621124
        ],
        [
            0.09673111885786057,
            0.04636448621749878,
            0.016728810966014862
        ],
        [
            0.13327309489250183,
            0.07420973479747772,
            0.030989527702331543
        ],
        [
            0.13011127710342407,
            0.0795954093337059,
            0.025944679975509644
        ],
        [
            0.12839704751968384,
            0.08468113839626312,
            0.028473224490880966
        ],
        [
            0.13160023093223572,
            0.08317086100578308,
            0.03317032754421234
        ],
        [
            0.09783478826284409,
            0.09544628113508224,
            0.05813051387667656
        ],
        [
            0.09195035696029663,
            0.09508530795574188,
            0.05728476494550705
        ],
        [
            0.09141755849123001,
            0.09794923663139343,
            0.056042227894067764
        ],
        [
            0.09704186767339706,
            0.09944581240415573,
            0.05721168592572212
        ],
        [
            0.08630605041980743,
            0.07438723742961884,
            0.06266240775585175
        ],
        [
            0.08307388424873352,
            0.07210324704647064,
            0.0676015093922615
        ],
        [
            0.08381374180316925,
            0.07755614817142487,
            0.06684467196464539
        ],
        [
            0.08792624622583389,
            0.07831459492444992,
            0.06243092566728592
        ],
        [
            0.08433619886636734,
            0.07181577384471893,
            0.07345755398273468
        ],
        [
            0.08421764522790909,
            0.07772736996412277,
            0.07321912050247192
        ],
        [
            0.10209031403064728,
            0.09650805592536926,
            0.06278358399868011
        ],
        [
            0.10184118896722794,
            0.09766678512096405,
            0.07021674513816833
        ],
        [
            0.10552970319986343,
            0.08318156749010086,
            0.07125440984964371
        ],
        [
            0.103587806224823,
            0.0845944732427597,
            0.0635683685541153
        ],
        [
            0.12333763390779495,
            0.024233445525169373,
            0.020682284608483315
        ],
        [
            0.1264985054731369,
            0.026561297476291656,
            0.01018771156668663
        ],
        [
            0.1291806995868683,
            0.04041886329650879,
            0.015563225373625755
        ],
        [
            0.13308778405189514,
            0.05374828353524208,
            0.0208914652466774
        ],
        [
            0.13536983728408813,
            0.06649160385131836,
            0.026417747139930725
        ],
        [
            0.13406822085380554,
            0.0639784187078476,
            0.038616131991147995
        ],
        [
            0.13035596907138824,
            0.04097576439380646,
            0.007426617667078972
        ],
        [
            0.10531634837388992,
            0.07707802206277847,
            0.06348847597837448
        ],
        [
            0.10773923993110657,
            0.07299249619245529,
            0.07108285278081894
        ],
        [
            0.1098431944847107,
            0.07364379614591599,
            0.06638461351394653
        ],
        [
            0.09904158115386963,
            0.048833735287189484,
            0.010058250278234482
        ],
        [
            0.0827900767326355,
            0.09493540227413177,
            0.0717526376247406
        ],
        [
            0.09677627682685852,
            -0.010021016001701355,
            0.030222032219171524
        ],
        [
            0.10860832035541534,
            -0.00799742341041565,
            0.02356671541929245
        ],
        [
            0.10753178596496582,
            -0.0009440779685974121,
            0.02869381383061409
        ],
        [
            0.09345278143882751,
            -0.002700015902519226,
            0.0357789508998394
        ],
        [
            0.08563553541898727,
            0.09451073408126831,
            0.06045173853635788
        ],
        [
            0.08203089237213135,
            0.09409623593091965,
            0.06562337279319763
        ],
        [
            0.11811202764511108,
            0.08132971078157425,
            0.023170577362179756
        ],
        [
            0.11902578175067902,
            0.08547443151473999,
            0.027430091053247452
        ],
        [
            0.12256418168544769,
            0.08683867007493973,
            0.026587799191474915
        ],
        [
            0.12202520668506622,
            0.08515733480453491,
            0.020774735137820244
        ],
        [
            0.1269340217113495,
            0.02675992250442505,
            0.00420735776424408
        ],
        [
            0.13565325736999512,
            0.0744960829615593,
            0.006580760702490807
        ],
        [
            0.1390613466501236,
            0.07082419842481613,
            0.015996156260371208
        ],
        [
            0.12402933090925217,
            0.01437300443649292,
            0.0059066042304039
        ],
        [
            0.12181500345468521,
            0.011966779828071594,
            0.015180177986621857
        ],
        [
            0.12104320526123047,
            0.0032940804958343506,
            0.010733678936958313
        ],
        [
            0.12703868746757507,
            0.06925100088119507,
            0.05127035453915596
        ],
        [
            0.12054920196533203,
            0.02467624843120575,
            0.028949489817023277
        ],
        [
            0.11861817538738251,
            0.011878728866577148,
            0.022200964391231537
        ],
        [
            0.11753977835178375,
            0.001501813530921936,
            0.017214979976415634
        ],
        [
            0.11768550425767899,
            -0.005931764841079712,
            0.013371329754590988
        ],
        [
            0.12138770520687103,
            -0.0031543374061584473,
            0.006588164716959
        ],
        [
            0.09744839370250702,
            0.09773287177085876,
            0.07457280158996582
        ],
        [
            0.1004229262471199,
            0.10282106697559357,
            0.06842222809791565
        ],
        [
            0.12328872084617615,
            -0.010969102382659912,
            0.0023043155670166016
        ],
        [
            0.11845061182975769,
            -0.01356825977563858,
            0.009862791746854782
        ],
        [
            0.11361102759838104,
            0.011232487857341766,
            0.02998439222574234
        ],
        [
            0.10585961490869522,
            0.01070905476808548,
            0.03867097944021225
        ],
        [
            0.11550009250640869,
            0.023747745901346207,
            0.03610139340162277
        ],
        [
            0.10843212902545929,
            0.02419617399573326,
            0.04534885287284851
        ],
        [
            0.12572592496871948,
            0.0641072541475296,
            0.06107025966048241
        ],
        [
            0.09406014531850815,
            0.11874207854270935,
            0.05872119218111038
        ],
        [
            0.09919878840446472,
            0.10852322727441788,
            0.06120332330465317
        ],
        [
            0.09650304913520813,
            0.10567597299814224,
            0.056750185787677765
        ],
        [
            0.09373684227466583,
            0.11668418347835541,
            0.054960254579782486
        ],
        [
            0.1006438359618187,
            0.10127414017915726,
            0.061524298042058945
        ],
        [
            0.09820922464132309,
            0.10887444019317627,
            0.0670371800661087
        ],
        [
            0.0958850309252739,
            0.02423940598964691,
            0.05356013402342796
        ],
        [
            0.09949576109647751,
            0.07949578016996384,
            0.057903166860342026
        ],
        [
            0.08863767981529236,
            0.010460302233695984,
            0.04595412313938141
        ],
        [
            0.08307375013828278,
            0.030109893530607224,
            0.06227409094572067
        ],
        [
            0.07578087598085403,
            0.021612931042909622,
            0.055283185094594955
        ],
        [
            0.07900393754243851,
            -0.00239013135433197,
            0.03807560354471207
        ],
        [
            0.06925825029611588,
            0.01002826914191246,
            0.04606896638870239
        ],
        [
            0.08633646368980408,
            -0.016548603773117065,
            0.027462422847747803
        ],
        [
            0.08439403772354126,
            -0.009264662861824036,
            0.03257380425930023
        ],
        [
            0.06262290477752686,
            0.02433634176850319,
            0.0508987195789814
        ],
        [
            0.08090472221374512,
            0.10957476496696472,
            0.056476056575775146
        ],
        [
            0.08565153181552887,
            0.11002693325281143,
            0.053029999136924744
        ],
        [
