{
    "pred_cam": [
        7.299719333648682,
        -0.09425368160009384,
        -0.051449842751026154
    ],
    "pred_mano_params": {
        "global_orient": [
            [
                [
                    -0.2062397599220276,
                    0.7133269309997559,
                    -0.6697984337806702
                ],
                [
                    -0.7954263687133789,
                    -0.5208798050880432,
                    -0.30980825424194336
                ],
                [
                    -0.5698790550231934,
                    0.4688805639743805,
                    0.674825131893158
                ]
            ]
        ],
        "hand_pose": [
            [
                [
                    0.6699068546295166,
                    -0.6678842306137085,
                    -0.32427677512168884
                ],
                [
                    0.6319752335548401,
                    0.7421926856040955,
                    -0.2230633944272995
                ],
                [
                    0.3896563947200775,
                    -0.05550318583846092,
                    0.9192862510681152
                ]
            ],
            [
                [
                    0.8284237384796143,
                    -0.5235474109649658,
                    0.19902847707271576
                ],
                [
                    0.5560430884361267,
                    0.7260439991950989,
                    -0.4045692980289459
                ],
                [
                    0.06730777770280838,
                    0.44582316279411316,
                    0.8925870060920715
                ]
            ],
            [
                [
                    0.9897254109382629,
                    -0.11749549955129623,
                    0.08147586137056351
                ],
                [
                    0.10172394663095474,
                    0.9790786504745483,
                    0.17623037099838257
                ],
                [
                    -0.10047755390405655,
                    -0.1661316454410553,
                    0.980971097946167
                ]
            ],
            [
                [
                    0.5317612290382385,
                    -0.836666464805603,
                    -0.13122236728668213
                ],
                [
                    0.8462027907371521,
                    0.5311706066131592,
                    0.04240988940000534
                ],
                [
                    0.034218546003103256,
                    -0.1335926651954651,
                    0.9904454350471497
                ]
            ],
            [
                [
                    0.8284446597099304,
                    -0.5198988318443298,
                    -0.20829015970230103
                ],
                [
                    0.5533612370491028,
                    0.8172041177749634,
                    0.16114872694015503
                ],
                [
                    0.08643452823162079,
                    -0.24876245856285095,
                    0.9647002220153809
                ]
            ],
            [
                [
                    0.9492225646972656,
                    -0.3047153353691101,
                    0.07826239615678787
                ],
                [
                    0.3072179853916168,
                    0.9513864517211914,
                    -0.021929671987891197
                ],
                [
                    -0.06777547299861908,
                    0.044859759509563446,
                    0.9966915249824524
                ]
            ],
            [
                [
                    0.8160467743873596,
                    -0.49077603220939636,
                    0.30529752373695374
                ],
                [
                    0.4305039942264557,
                    0.8685557246208191,
                    0.2455143928527832
                ],
                [
                    -0.38566046953201294,
                    -0.06891943514347076,
                    0.9200631380081177
                ]
            ],
            [
                [
                    0.8713484406471252,
                    -0.48480290174484253,
                    -0.07561811804771423
                ],
                [
                    0.4652019143104553,
                    0.7672590613365173,
                    0.4414758086204529
                ],
                [
                    -0.15601006150245667,
                    -0.4198569357395172,
                    0.8940812349319458
                ]
            ],
            [
                [
                    0.9835548400878906,
                    -0.1761888861656189,
                    0.03971654921770096
                ],
                [
                    0.13355006277561188,
                    0.8575201630592346,
                    0.4968133270740509
                ],
                [
                    -0.12159073352813721,
                    -0.48333898186683655,
                    0.866948127746582
                ]
            ],
            [
                [
                    0.6921016573905945,
                    -0.6991502046585083,
                    0.17939996719360352
                ],
                [
                    0.7074933052062988,
                    0.706336259841919,
                    0.023287760093808174
                ],
                [
                    -0.1429983377456665,
                    0.11080678552389145,
                    0.983500599861145
                ]
            ],
            [
                [
                    0.8104525804519653,
                    -0.5651393532752991,
                    -0.1542210727930069
                ],
                [
                    0.573479175567627,
                    0.7116939425468445,
                    0.4057258367538452
                ],
                [
                    -0.11953342705965042,
                    -0.4172641336917877,
                    0.9008898138999939
                ]
            ],
            [
                [
                    0.8876674175262451,
                    -0.4463944435119629,
                    0.11304210871458054
                ],
                [
                    0.4262312650680542,
                    0.8894039392471313,
                    0.1651892513036728
                ],
                [
                    -0.17427965998649597,
                    -0.09845104813575745,
                    0.9797621369361877
                ]
            ],
            [
                [
                    0.9164400100708008,
                    -0.02759871631860733,
                    -0.39921921491622925
                ],
                [
                    -0.31949272751808167,
                    0.5502475500106812,
                    -0.771461009979248
                ],
                [
                    0.24096067249774933,
                    0.8345454335212708,
                    0.49545127153396606
                ]
            ],
            [
                [
                    0.9978919625282288,
                    -0.027932023629546165,
                    -0.05857861042022705
                ],
                [
                    0.056911539286375046,
                    0.8104393482208252,
                    0.5830516815185547
                ],
                [
                    0.031188588589429855,
                    -0.5851563811302185,
                    0.8103205561637878
                ]
            ],
            [
                [
                    0.8100301623344421,
                    -0.5841587781906128,
                    -0.051085252314805984
                ],
                [
                    0.49067991971969604,
                    0.7229430079460144,
                    -0.4864017963409424
                ],
                [
                    0.32106757164001465,
                    0.3689335882663727,
                    0.8722406029701233
                ]
            ]
        ],
        "betas": [
            -0.03525403141975403,
            -0.09665599465370178,
            0.027536630630493164,
            0.010906726121902466,
            0.04543754458427429,
            -0.01839190348982811,
            0.015835851430892944,
            -0.0459001362323761,
            0.01844608783721924,
            -0.043106406927108765
        ]
    },
    "pred_cam_t": [
        -0.09425368160009384,
        -0.051449842751026154,
        5.351233005523682
    ],
    "focal_length": [
        5000.0,
        5000.0
    ],
    "pred_keypoints_3d": [
        [
            0.09586144983768463,
            0.006402461789548397,
            0.006212136708199978
        ],
        [
            0.072391077876091,
            0.025630246847867966,
            0.03012273460626602
        ],
        [
            0.0646214559674263,
            0.051111504435539246,
            0.0456400029361248
        ],
        [
            0.06601190567016602,
            0.07230708748102188,
            0.06251939386129379
        ],
        [
            0.06213914602994919,
            0.10611745715141296,
            0.06447172164916992
        ],
        [
            0.09650181233882904,
            0.07290342450141907,
            0.06798171252012253
        ],
        [
            0.09605003893375397,
            0.10589855164289474,
            0.06648225337266922
        ],
        [
            0.08734786510467529,
            0.12096444517374039,
            0.052651919424533844
        ],
        [
            0.07573576271533966,
            0.13719362020492554,
            0.03771277517080307
        ],
        [
            0.11663256585597992,
            0.0836748257279396,
            0.05725148320198059
        ],
        [
            0.10648234933614731,
            0.11300503462553024,
            0.05053351819515228
        ],
        [
            0.09233076125383377,
            0.12336036562919617,
            0.0351656898856163
        ],
        [
            0.07408297806978226,
            0.13237516582012177,
            0.019207969307899475
        ],
        [
            0.12787483632564545,
            0.08193134516477585,
            0.03300611302256584
        ],
        [
            0.11953331530094147,
            0.10939816385507584,
            0.03633148968219757
        ],
        [
            0.10381224751472473,
            0.12303907424211502,
            0.022795896977186203
        ],
        [
            0.08334308862686157,
            0.13072232902050018,
            0.010202097706496716
        ],
        [
            0.13201534748077393,
            0.0799017921090126,
            0.011634082533419132
        ],
        [
            0.13158270716667175,
            0.10099443793296814,
            0.01358765084296465
        ],
        [
            0.12017291784286499,
            0.11536367237567902,
            0.00861480925232172
        ],
        [
            0.10274242609739304,
            0.1262117326259613,
            0.00402104901149869
        ]
    ],
    "pred_vertices": [
        [
            0.08417075872421265,
            0.04927128180861473,
            0.03701671212911606
        ],
        [
            0.08200205862522125,
            0.04151875525712967,
            0.02915177494287491
        ],
        [
            0.07883038371801376,
            0.04870042949914932,
            0.0348442979156971
        ],
        [
            0.07985781878232956,
            0.053750768303871155,
            0.04303096979856491
        ],
        [
            0.06620028614997864,
            0.04294654354453087,
            0.020251188427209854
        ],
        [
            0.056756071746349335,
            0.03607776388525963,
            0.021626286208629608
        ],
        [
            0.05660492181777954,
            0.04996011033654213,
            0.03205001354217529
        ],
        [
            0.06454669684171677,
            0.054868847131729126,
            0.029225457459688187
        ],
        [
            0.0783335492014885,
            0.05721331387758255,
            0.049532853066921234
        ],
        [
            0.07645492255687714,
            0.05540163815021515,
            0.04018959403038025
        ],
        [
            0.07970550656318665,
            0.055337511003017426,
            0.05430519953370094
        ],
        [
            0.0837613195180893,
            0.05457761511206627,
            0.06513543426990509
        ],
        [
            0.0813356339931488,
            0.058491069823503494,
            0.05886227637529373
        ],
        [
            0.08780889958143234,
            0.05836048722267151,
            0.0709245577454567
        ],
        [
            0.0872436985373497,
            0.04427117481827736,
            0.06680337339639664
        ],
        [
            0.09622158855199814,
            0.054697535932064056,
            0.07348618656396866
        ],
        [
            0.11053120344877243,
            0.03829313442111015,
            0.05326101556420326
        ],
        [
            0.11900199949741364,
            0.039210718125104904,
            0.04263670742511749
        ],
        [
            0.12404388934373856,
            0.05401710048317909,
            0.05104852840304375
        ],
        [
            0.11424463242292404,
            0.05217886343598366,
            0.06062248349189758
        ],
        [
            0.1305253952741623,
            0.052577853202819824,
            0.030920203775167465
        ],
        [
            0.1273213028907776,
            0.05406873673200607,
            0.04237261787056923
        ],
        [
            0.12339890003204346,
            0.03879520669579506,
            0.03468406945466995
        ],
        [
            0.12643423676490784,
            0.03838033229112625,
            0.024819063022732735
        ],
        [
            0.09236220270395279,
            0.04566245153546333,
            0.024748779833316803
        ],
        [
            0.08968420326709747,
            0.03740349039435387,
            0.01761314645409584
        ],
        [
            0.087131567299366,
            0.03734590858221054,
            0.02246740832924843
        ],
        [
            0.08932260423898697,
            0.04570727422833443,
            0.029193144291639328
        ],
        [
            0.0743541568517685,
            0.05149970203638077,
            0.05772348865866661
        ],
        [
            0.07434903085231781,
            0.041273146867752075,
            0.05883048474788666
        ],
        [
            0.07887482643127441,
            0.047768790274858475,
            0.0588676854968071
        ],
        [
            0.07614971697330475,
            0.056058578193187714,
            0.05493976175785065
        ],
        [
            0.08456909656524658,
            0.02343922108411789,
            -0.00700746476650238
        ],
        [
            0.08489087969064713,
            0.010085061192512512,
            -0.009322557598352432
        ],
        [
            0.08150380104780197,
            0.008530847728252411,
            -0.004705116152763367
        ],
        [
            0.08220721781253815,
            0.02083543688058853,
            -0.0033610649406909943
        ],
        [
            0.06459615379571915,
            0.013653062283992767,
            0.01036299392580986
        ],
        [
            0.06990334391593933,
            0.0033912286162376404,
            0.00848892331123352
        ],
        [
            0.06905453652143478,
            -0.007351934909820557,
            0.016643289476633072
        ],
        [
            0.0648566335439682,
            0.0017734766006469727,
            0.021743278950452805
        ],
        [
            0.059450045228004456,
            0.025207042694091797,
            0.015468455851078033
        ],
        [
            0.05724608898162842,
            0.014589156955480576,
            0.0243009552359581
        ],
        [
            0.053538475185632706,
            0.028051458299160004,
            0.02915830910205841
        ],
        [
            0.05418480187654495,
            0.04308663308620453,
            0.03821425139904022
        ],
        [
            0.0943726897239685,
            0.01184777170419693,
            -0.017819654196500778
        ],
        [
            0.0951189175248146,
            0.02205926924943924,
            -0.017679039388895035
        ],
        [
            0.08436983823776245,
            0.10333263128995895,
            0.05913954973220825
        ],
        [
            0.0881647914648056,
            0.10386195778846741,
            0.054438598453998566
        ],
        [
            0.08804159611463547,
            0.09910205006599426,
            0.05586395785212517
        ],
        [
            0.08455877006053925,
            0.09965462982654572,
            0.060327284038066864
        ],
        [
            0.11446158587932587,
            0.013744182884693146,
            -0.015859611332416534
        ],
        [
            0.12126768380403519,
            0.00945090502500534,
            -0.009713277220726013
        ],
        [
            0.11912035942077637,
            0.004315756261348724,
            -0.014443114399909973
        ],
        [
            0.11148065328598022,
            0.0075152963399887085,
            -0.018975745886564255
        ],
        [
            0.11826905608177185,
            0.021999329328536987,
            -0.01167270541191101
        ],
        [
            0.1234872043132782,
            0.01678604632616043,
            -0.003072153776884079
        ],
        [
            0.08959004282951355,
            0.10859695076942444,
            0.06972141563892365
        ],
        [
            0.08522111177444458,
            0.10683047026395798,
            0.06744922697544098
        ],
        [
            0.08699220418930054,
            0.1026378944516182,
            0.06978112459182739
        ],
        [
            0.0919937789440155,
            0.1031935065984726,
            0.07159390300512314
        ],
        [
            0.08147425949573517,
            0.05895787477493286,
            0.05128065124154091
        ],
        [
            0.08532160520553589,
            0.057235680520534515,
            0.04325583949685097
        ],
        [
            0.08664743602275848,
            0.07160989940166473,
            0.06008576229214668
        ],
        [
            0.08755475282669067,
            0.06633847206830978,
            0.05362009257078171
        ],
        [
            0.08377590775489807,
            0.06361345201730728,
            0.058858808130025864
        ],
        [
            0.08420388400554657,
            0.06822213530540466,
            0.06438323855400085
        ],
        [
            0.10110524296760559,
            0.0646291971206665,
            0.03426288068294525
        ],
        [
            0.09791168570518494,
            0.05494789034128189,
            0.02853686921298504
        ],
        [
            0.0945909321308136,
            0.05553746595978737,
            0.03418653458356857
        ],
        [
            0.0963916927576065,
            0.06623831391334534,
            0.041318245232105255
        ],
        [
            0.10391397774219513,
            0.0569780133664608,
            0.015848122537136078
        ],
        [
            0.10692712664604187,
            0.06615042686462402,
            0.022726403549313545
        ],
        [
            0.11002331972122192,
            0.06628014147281647,
            0.014721572399139404
        ],
        [
            0.10658631473779678,
            0.06018940731883049,
            0.010784421116113663
        ],
        [
            0.11081317812204361,
            0.07991372793912888,
            0.03719789907336235
        ],
        [
            0.11248015612363815,
            0.08394399285316467,
            0.040867771953344345
        ],
        [
            0.11344211548566818,
            0.0859680250287056,
            0.037765443325042725
        ],
        [
            0.11244354397058487,
            0.0800781175494194,
            0.03377985954284668
        ],
        [
            0.1174994483590126,
            -0.0014556273818016052,
            -0.018261566758155823
        ],
        [
            0.108432836830616,
            0.0012079477310180664,
            -0.021044783294200897
        ],
        [
            0.13471616804599762,
            0.05381061136722565,
            0.009547743946313858
        ],
        [
            0.13079024851322174,
            0.054025378078222275,
            -0.0010041482746601105
        ],
        [
            0.1350521445274353,
            0.06589499115943909,
            0.002236688509583473
        ],
        [
            0.1385134756565094,
            0.06245914474129677,
            0.012903530150651932
        ],
        [
            0.12313173711299896,
            0.006080426275730133,
            -1.8067657947540283e-05
        ],
        [
            0.12308119982481003,
            0.0007864534854888916,
            -0.005831263959407806
        ],
        [
            0.09564340859651566,
            0.10993331670761108,
            0.06848439574241638
        ],
        [
            0.09762942045927048,
            0.1039031371474266,
            0.06985756009817123
        ],
        [
            0.058819953352212906,
            0.017787445336580276,
            0.03842601552605629
        ],
        [
            0.056144583970308304,
            0.03649330139160156,
            0.04529744014143944
        ],
        [
            0.06550027430057526,
            0.0035310983657836914,
            0.032924264669418335
        ],
        [
            0.07254358381032944,
            -0.005594260990619659,
            0.028706107288599014
        ],
        [
            0.07585421949625015,
            -0.013615794479846954,
            0.024785183370113373
        ],
        [
            0.09195686876773834,
            0.07041466981172562,
            0.05119584500789642
        ],
        [
            0.08955642580986023,
            0.053168993443250656,
            0.036173563450574875
        ],
        [
            0.09488937258720398,
            0.046052299439907074,
            0.020384054630994797
        ],
        [
            0.10808806866407394,
            0.05528990924358368,
            -0.005949892103672028
        ],
        [
            0.1044122502207756,
            0.04667083919048309,
            -0.010981034487485886
        ],
        [
            0.0993867889046669,
            0.048479754477739334,
            -0.0017175935208797455
        ],
        [
            0.10415714234113693,
            0.055358823388814926,
            0.0010596401989459991
        ],
        [
            0.12415697425603867,
            0.05873089283704758,
            -0.0066651999950408936
        ],
        [
            0.11734956502914429,
            0.06261464953422546,
            -0.004971683025360107
        ],
        [
            0.12082558870315552,
            0.07015977799892426,
            -0.0009755715727806091
        ],
        [
            0.12784799933433533,
            0.06806051731109619,
            -0.0026316307485103607
        ],
        [
            0.06823334097862244,
            0.04847925156354904,
            0.0600101463496685
        ],
        [
            0.06924641132354736,
            0.036499034613370895,
            0.057944394648075104
        ],
        [
            0.10510474443435669,
            0.017549656331539154,
            -0.019182346761226654
        ],
        [
            0.10179464519023895,
            0.010510653257369995,
            -0.019933603703975677
        ],
        [
            0.10073217004537582,
            0.002180621027946472,
            -0.021420881152153015
        ],
        [
            0.08556539565324783,
            0.030207239091396332,
            0.005801912397146225
        ],
        [
            0.08033949136734009,
            0.019075892865657806,
            -0.000934310257434845
        ],
        [
            0.07723766565322876,
            0.019040971994400024,
            0.0022756047546863556
        ],
        [
            0.08459927886724472,
            0.0291045680642128,
            0.00880802795290947
        ],
        [
            0.07780666649341583,
            0.03673535957932472,
            0.01960865408182144
        ],
        [
            0.0692642480134964,
            0.030099138617515564,
            0.01199166476726532
        ],
        [
            0.07574456930160522,
            0.04730157181620598,
            0.025707915425300598
        ],
        [
            0.07638701051473618,
            0.005033403635025024,
            0.0007073059678077698
        ],
        [
            0.07983510941267014,
            -0.0011317133903503418,
            -0.007836703211069107
        ],
        [
            0.07522062957286835,
            -0.0042169541120529175,
            -0.00085458904504776
        ],
        [
            0.08666682988405228,
            0.0007666274905204773,
            -0.014630276709794998
        ],
        [
            0.09389007091522217,
            0.0021245330572128296,
            -0.01969359815120697
        ],
        [
            0.12461262941360474,
            -0.006490655243396759,
            -0.010004185140132904
        ],
        [
            0.07229781150817871,
            -0.0067417919635772705,
            0.006539568305015564
        ],
        [
            0.0641658753156662,
            0.060339413583278656,
            0.03681038320064545
        ],
        [
            0.0635090321302414,
            0.06441856175661087,
            0.0434936061501503
        ],
        [
            0.07116314768791199,
            0.06459362804889679,
            0.04442386329174042
        ],
        [
            0.07202555239200592,
            0.061096616089344025,
            0.03898511081933975
        ],
        [
            0.09105625003576279,
            0.06599865853786469,
            0.07536438852548599
        ],
        [
            0.08537628501653671,
            0.0674704983830452,
            0.07008013874292374
        ],
        [
            0.08316170424222946,
            0.060373518615961075,
            0.06527597457170486
        ],
        [
            0.09013226628303528,
            0.03370562195777893,
            -0.006309613585472107
        ],
        [
            0.0986451581120491,
            0.032132066786289215,
            -0.015554524958133698
        ],
        [
            0.0912754088640213,
            0.07524711638689041,
            0.05748267471790314
        ],
        [
            0.09424977749586105,
            0.09959807991981506,
            0.0740860253572464
        ],
        [
            0.0884900763630867,
            0.09847821295261383,
            0.07257865369319916
        ],
        [
            0.09001421183347702,
            0.0815894603729248,
            0.07580844312906265
        ],
        [
            0.09659932553768158,
            0.08326005935668945,
            0.07750984281301498
        ],
        [
            0.09932811558246613,
            0.08103293180465698,
            0.058720655739307404
        ],
        [
            0.0928673967719078,
            0.07816548645496368,
            0.05785519257187843
        ],
        [
            0.09435327351093292,
            0.07982080429792404,
            0.05762699246406555
        ],
        [
            0.1000288799405098,
            0.08313829451799393,
            0.056428369134664536
        ],
        [
            0.116814985871315,
            0.08456771820783615,
            0.029205262660980225
        ],
        [
            0.1155870109796524,
            0.07932839542627335,
            0.025637157261371613
        ],
        [
            0.11528517305850983,
            0.06772615015506744,
            0.06506207585334778
        ],
        [
            0.1087072342634201,
            0.06219031289219856,
            0.07563702017068863
        ],
        [
            0.10571892559528351,
            0.05075260251760483,
            0.06938191503286362
        ],
        [
            0.10444779694080353,
            0.06460976600646973,
            0.027569379657506943
        ],
        [
            0.10779020935297012,
            0.07338239252567291,
            0.032060325145721436
        ],
        [
            0.10992163419723511,
            0.07372792810201645,
            0.02846534736454487
        ],
        [
            0.09535257518291473,
            0.07373859733343124,
            0.050836946815252304
        ],
        [
            0.09645294398069382,
            0.07792757451534271,
            0.055445533245801926
        ],
        [
            0.09950222074985504,
            0.07758790254592896,
            0.05181649699807167
        ],
        [
            0.0985170304775238,
            0.07329531013965607,
            0.04638298600912094
        ],
        [
            0.12742671370506287,
            0.04188277944922447,
            -0.0049909912049770355
        ],
        [
            0.1198853999376297,
            0.04753417521715164,
            -0.011885484680533409
        ],
        [
            0.08331021666526794,
            0.1046561673283577,
            0.06368209421634674
        ],
        [
            0.08423074334859848,
            0.10092173516750336,
            0.06555525958538055
        ],
        [
            0.10121744871139526,
            0.05510007590055466,
            0.022099928930401802
        ],
        [
            0.10150604695081711,
            0.03888873755931854,
            0.06055643409490585
        ],
        [
            0.09731902182102203,
            0.046620845794677734,
            0.015487328171730042
        ],
        [
            0.13441617786884308,
            0.07443813234567642,
            0.02821899764239788
        ],
        [
            0.1312538981437683,
            0.0796104222536087,
            0.023211980238556862
        ],
        [
            0.12960785627365112,
            0.0849607065320015,
            0.02570570632815361
        ],
        [
            0.13290105760097504,
            0.08352119475603104,
            0.030331293120980263
        ],
        [
            0.09994828701019287,
            0.09687846899032593,
            0.055063072592020035
        ],
        [
            0.09406328946352005,
            0.09662003070116043,
            0.05429618060588837
        ],
        [
            0.09351259469985962,
            0.09964499622583389,
            0.052908170968294144
        ],
        [
            0.09916973859071732,
            0.10100060701370239,
            0.053970444947481155
        ],
        [
            0.08806729316711426,
            0.07611101865768433,
            0.06061197444796562
        ],
        [
            0.0848652571439743,
            0.07407741248607635,
            0.06567542254924774
        ],
        [
            0.08571333438158035,
            0.07951535284519196,
            0.06465013325214386
        ],
        [
            0.08978158235549927,
            0.08001669496297836,
            0.06017432361841202
        ],
        [
            0.0862128958106041,
            0.07400760799646378,
            0.07147784531116486
        ],
        [
            0.0862046629190445,
            0.07994835823774338,
            0.07098475098609924
        ],
        [
            0.10427789390087128,
            0.09798936545848846,
            0.059628330171108246
        ],
        [
            0.10417906194925308,
            0.09937959164381027,
            0.06700440496206284
        ],
        [
            0.10756075382232666,
            0.08489518612623215,
            0.06857109069824219
        ],
        [
            0.10553485155105591,
            0.08605177700519562,
            0.060862328857183456
        ],
        [
            0.12371794134378433,
            0.024333886802196503,
            0.019641488790512085
        ],
        [
            0.12671369314193726,
            0.026307255029678345,
            0.009036365896463394
        ],
        [
            0.12963153421878815,
            0.040277790278196335,
            0.013933246955275536
        ],
        [
            0.13375981152057648,
            0.05370404198765755,
            0.01876671612262726
        ],
        [
            0.13628366589546204,
            0.06655658781528473,
            0.02381611242890358
        ],
        [
            0.13515280187129974,
            0.0643925666809082,
            0.03607010841369629
        ],
        [
            0.13067030906677246,
            0.04057809337973595,
            0.00577612966299057
        ],
        [
            0.10707277059555054,
            0.07876445353031158,
            0.06111622974276543
        ],
        [
            0.10955116152763367,
            0.07472414523363113,
            0.06875623762607574
        ],
        [
            0.11159677803516388,
            0.07525565475225449,
            0.064034104347229
        ],
        [
            0.09953776001930237,
            0.048859450966119766,
            0.00871039554476738
        ],
        [
            0.08513970673084259,
            0.09724420309066772,
            0.0688387081027031
        ],
        [
            0.09695678949356079,
            -0.009260140359401703,
            0.03069627657532692
        ],
        [
            0.10870891064405441,
            -0.007592625916004181,
            0.02377130836248398
        ],
        [
            0.10779108852148056,
            -0.0003803819417953491,
            0.028693929314613342
        ],
        [
            0.09377085417509079,
            -0.001722872257232666,
            0.03608959540724754
        ],
        [
            0.0878058448433876,
            0.09629247337579727,
            0.05755350738763809
        ],
        [
            0.08426457643508911,
            0.09619419276714325,
            0.06276228278875351
        ],
        [
            0.11918295919895172,
            0.08161000162363052,
            0.02050636149942875
        ],
        [
            0.12023071199655533,
            0.0858989953994751,
            0.024756452068686485
        ],
        [
            0.12373138964176178,
            0.08720625191926956,
            0.023929521441459656
        ],
        [
            0.12306474894285202,
            0.08528852462768555,
            0.018083591014146805
        ],
        [
            0.12704795598983765,
            0.026317954063415527,
            0.003053557127714157
        ],
        [
            0.13621263206005096,
            0.07425292581319809,
            0.0039415620267391205
        ],
        [
            0.1397453248500824,
            0.07061731815338135,
            0.013260217383503914
        ],
        [
            0.12404850125312805,
            0.014030538499355316,
            0.005178097635507584
        ],
        [
            0.12197200953960419,
            0.011934518814086914,
            0.014550406485795975
        ],
        [
            0.12103059142827988,
            0.0031486526131629944,
            0.010388601571321487
        ],
        [
            0.1284812092781067,
            0.07006644457578659,
            0.04875236749649048
        ],
        [
            0.12108344584703445,
            0.025056935846805573,
            0.027929531410336494
        ],
        [
            0.11890345066785812,
            0.012095838785171509,
            0.021619603037834167
        ],
        [
            0.11762841790914536,
            0.0015938356518745422,
            0.01697714254260063
        ],
        [
            0.11762424558401108,
            -0.005944974720478058,
            0.01336461678147316
        ],
        [
            0.12122955918312073,
            -0.003417752683162689,
            0.006440412253141403
        ],
        [
            0.09986621886491776,
            0.0997340977191925,
            0.07136820256710052
        ],
        [
            0.10278936475515366,
            0.10453677177429199,
            0.065000019967556
        ],
        [
            0.12297657132148743,
            -0.011371038854122162,
            0.002374071627855301
        ],
        [
            0.11824984848499298,
            -0.013682842254638672,
            0.01008804515004158
        ],
        [
            0.11402833461761475,
            0.011746317148208618,
            0.02949851006269455
        ],
        [
            0.10639182478189468,
            0.011589787900447845,
            0.03833910450339317
        ],
        [
            0.11615907400846481,
            0.024406954646110535,
            0.03518763929605484
        ],
        [
            0.10924682766199112,
            0.02522394061088562,
            0.04453849047422409
        ],
        [
            0.12717977166175842,
            0.06522669643163681,
            0.05865739285945892
        ],
        [
            0.0968121811747551,
            0.12053006887435913,
            0.05515647307038307
        ],
        [
            0.10159619897603989,
            0.11016104370355606,
            0.057687804102897644
        ],
        [
            0.09874173253774643,
            0.10735061019659042,
            0.05333615094423294
        ],
        [
            0.09632862359285355,
            0.11845947057008743,
            0.051429204642772675
        ],
        [
            0.10287424921989441,
            0.10282619297504425,
            0.05818958207964897
        ],
        [
            0.10071473568677902,
            0.11065138876438141,
            0.06351828575134277
        ],
        [
            0.09678218513727188,
            0.025693446397781372,
            0.052987948060035706
        ],
        [
            0.10118943452835083,
            0.08108516037464142,
            0.055534958839416504
        ],
        [
            0.08919191360473633,
            0.011835016310214996,
            0.045950308442115784
        ],
        [
            0.08416584879159927,
            0.032042715698480606,
            0.061684057116508484
        ],
        [
            0.07661239802837372,
            0.023534491658210754,
            0.055042169988155365
        ],
        [
            0.07926160842180252,
            -0.0010796189308166504,
            0.03858541324734688
        ],
        [
            0.06973896920681,
            0.011837344616651535,
            0.046259429305791855
        ],
        [
            0.08639698475599289,
            -0.015730880200862885,
            0.028312399983406067
        ],
        [
            0.08457032591104507,
            -0.008243545889854431,
            0.03322306275367737
        ],
        [
            0.06340300291776657,
            0.02651026099920273,
            0.05061151832342148
        ],
        [
            0.08333409577608109,
            0.11190664768218994,
            0.053269900381565094
        ],
        [
            0.08799059689044952,
            0.11212971806526184,
            0.0497371144592762
