{
    "pred_cam": [
        6.462970733642578,
        -0.15290269255638123,
        -0.041494838893413544
    ],
    "pred_mano_params": {
        "global_orient": [
            [
                [
                    -0.9007831811904907,
                    -0.0664016604423523,
                    0.42916247248649597
                ],
                [
                    -0.4338143765926361,
                    0.18279872834682465,
                    -0.8822639584541321
                ],
                [
                    -0.019866593182086945,
                    -0.9809054136276245,
                    -0.19346801936626434
                ]
            ]
        ],
        "hand_pose": [
            [
                [
                    0.9878284931182861,
                    -0.12114415317773819,
                    0.09756550937891006
                ],
                [
                    0.12829828262329102,
                    0.9892111420631409,
                    -0.07071711122989655
                ],
                [
                    -0.08794592320919037,
                    0.08237386494874954,
                    0.9927135109901428
                ]
            ],
            [
                [
                    0.7839281558990479,
                    -0.6082536578178406,
                    0.12443516403436661
                ],
                [
                    0.6208130121231079,
                    0.7657415270805359,
                    -0.16802090406417847
                ],
                [
                    0.006914154626429081,
                    0.20896729826927185,
                    0.977898120880127
                ]
            ],
            [
                [
                    0.8203777074813843,
                    -0.5714389085769653,
                    0.02092587947845459
                ],
                [
                    0.5712423920631409,
                    0.8206444978713989,
                    0.014987461268901825
                ],
                [
                    -0.025737127289175987,
                    -0.00034162914380431175,
                    0.9996685981750488
                ]
            ],
            [
                [
                    0.84043949842453,
                    -0.5419051647186279,
                    -0.0006064443732611835
                ],
                [
                    0.5393021106719971,
                    0.8362919092178345,
                    0.09883895516395569
                ],
                [
                    -0.053054165095090866,
                    -0.08339521288871765,
                    0.9951033592224121
                ]
            ],
            [
                [
                    0.7533095479011536,
                    -0.6236459612846375,
                    -0.20878306031227112
                ],
                [
                    0.656095027923584,
                    0.7345651388168335,
                    0.17307019233703613
                ],
                [
                    0.04543022811412811,
                    -0.2673569917678833,
                    0.9625259637832642
                ]
            ],
            [
                [
                    0.9407356381416321,
                    -0.3383263051509857,
                    -0.023489877581596375
                ],
                [
                    0.3373403251171112,
                    0.9406216740608215,
                    -0.037845734506845474
                ],
                [
                    0.03489929810166359,
                    0.02767874486744404,
                    0.9990074634552002
                ]
            ],
            [
                [
                    0.17177270352840424,
                    -0.9823285937309265,
                    0.07432802766561508
                ],
                [
                    0.7352192401885986,
                    0.1780494898557663,
                    0.6540268063545227
                ],
                [
                    -0.6557033061981201,
                    -0.057696543633937836,
                    0.7528108954429626
                ]
            ],
            [
                [
                    0.8089513182640076,
                    -0.5450173616409302,
                    -0.22034944593906403
                ],
                [
                    0.5825221538543701,
                    0.7936155796051025,
                    0.17561976611614227
                ],
                [
                    0.07915693521499634,
                    -0.2704262435436249,
                    0.9594810605049133
                ]
            ],
            [
                [
                    0.9912832379341125,
                    -0.035186074674129486,
                    -0.12696270644664764
                ],
                [
                    0.06312385946512222,
                    0.9727089405059814,
                    0.22327692806720734
                ],
                [
                    0.11564154922962189,
                    -0.22934503853321075,
                    0.9664511680603027
                ]
            ],
            [
                [
                    0.33165448904037476,
                    -0.936866283416748,
                    0.11084531992673874
                ],
                [
                    0.931722104549408,
                    0.34371069073677063,
                    0.11728965491056442
                ],
                [
                    -0.14798344671726227,
                    0.06437737494707108,
                    0.9868921637535095
                ]
            ],
            [
                [
                    0.9037288427352905,
                    -0.41776764392852783,
                    -0.09351138770580292
                ],
                [
                    0.40153154730796814,
                    0.7514046430587769,
                    0.5236061811447144
                ],
                [
                    -0.14848078787326813,
                    -0.5107457637786865,
                    0.8468129634857178
                ]
            ],
            [
                [
                    0.9756827354431152,
                    -0.21154357492923737,
                    -0.05738123133778572
                ],
                [
                    0.20686523616313934,
                    0.9752569198608398,
                    -0.07797890901565552
                ],
                [
                    0.07245738059282303,
                    0.06421248614788055,
                    0.9953023791313171
                ]
            ],
            [
                [
                    0.9390200972557068,
                    -0.17739206552505493,
                    -0.294573038816452
                ],
                [
                    -0.19541418552398682,
                    0.4295892119407654,
                    -0.8816271424293518
                ],
                [
                    0.28293904662132263,
                    0.8854293823242188,
                    0.36872798204421997
                ]
            ],
            [
                [
                    0.9474346041679382,
                    -0.10866096615791321,
                    -0.30093279480934143
                ],
                [
                    0.268001526594162,
                    0.78328537940979,
                    0.560927152633667
                ],
                [
                    0.17476534843444824,
                    -0.6120921969413757,
                    0.7712329626083374
                ]
            ],
            [
                [
                    0.6049990057945251,
                    -0.7879493832588196,
                    0.11450723558664322
                ],
                [
                    0.7831912636756897,
                    0.5629929900169373,
                    -0.26391345262527466
                ],
                [
                    0.14348366856575012,
                    0.2493484616279602,
                    0.9577252864837646
                ]
            ]
        ],
        "betas": [
            -0.08239692449569702,
            -0.07376977801322937,
            -0.029977917671203613,
            0.016175001859664917,
            0.04552873969078064,
            0.03132897987961769,
            0.13558675348758698,
            -0.019972622394561768,
            -0.04935237765312195,
            -0.08583065867424011
        ]
    },
    "pred_cam_t": [
        -0.15290269255638123,
        -0.041494838893413544,
        6.0440473556518555
    ],
    "focal_length": [
        5000.0,
        5000.0
    ],
    "pred_keypoints_3d": [
        [
            0.09618309140205383,
            0.006415398791432381,
            0.006218426860868931
        ],
        [
            0.13016265630722046,
            -0.008825034834444523,
            0.016930188983678818
        ],
        [
            0.15612131357192993,
            -0.004261627793312073,
            0.03308051452040672
        ],
        [
            0.17794688045978546,
            0.010482154786586761,
            0.039879195392131805
        ],
        [
            0.19304032623767853,
            0.018356354907155037,
            0.06881912052631378
        ],
        [
            0.18523061275482178,
            0.025627460330724716,
            0.009112287312746048
        ],
        [
            0.2170499861240387,
            0.03491755574941635,
            0.009104580618441105
        ],
        [
            0.2312568873167038,
            0.03850163146853447,
            0.02588016912341118
        ],
        [
            0.2359933704137802,
            0.039988428354263306,
            0.05048656463623047
        ],
        [
            0.18056131899356842,
            0.0504634752869606,
            0.010237661190330982
        ],
        [
            0.20444205403327942,
            0.06295479834079742,
            0.027156125754117966
        ],
        [
            0.20869889855384827,
            0.06257139891386032,
            0.05011633038520813
        ],
        [
            0.2104194164276123,
            0.059856951236724854,
            0.07585597038269043
        ],
        [
            0.15900595486164093,
            0.06502736359834671,
            0.016907427459955215
        ],
        [
            0.17128728330135345,
            0.065980464220047,
            0.043191418051719666
        ],
        [
            0.16655273735523224,
            0.058629781007766724,
            0.06650301814079285
        ],
        [
            0.1616077870130539,
            0.05224424973130226,
            0.09108574688434601
        ],
        [
            0.1405457854270935,
            0.07290497422218323,
            0.025762002915143967
        ],
        [
            0.14622429013252258,
            0.06922835856676102,
            0.04584430158138275
        ],
        [
            0.1389622539281845,
            0.06308074295520782,
            0.06231526657938957
        ],
        [
            0.12941893935203552,
            0.05731026828289032,
            0.08031253516674042
        ]
    ],
    "pred_vertices": [
        [
            0.1485929787158966,
            0.011465121060609818,
            0.020542223006486893
        ],
        [
            0.1378094106912613,
            0.007714018225669861,
            0.02147909253835678
        ],
        [
            0.14583365619182587,
            0.007684696465730667,
            0.025356467813253403
        ],
        [
            0.15614360570907593,
            0.008784078061580658,
            0.02275124005973339
        ],
        [
            0.13025766611099243,
            -0.0015594065189361572,
            0.03661010041832924
        ],
        [
            0.1289966106414795,
            -0.013470800593495369,
            0.03711724281311035
        ],
        [
            0.14464424550533295,
            -0.008441096171736717,
            0.04255472868680954
        ],
        [
            0.14303763210773468,
            0.001359354704618454,
            0.042369358241558075
        ],
        [
            0.16236995160579681,
            0.007831573486328125,
            0.02314344048500061
        ],
        [
            0.15301266312599182,
            0.00800706073641777,
            0.028921257704496384
        ],
        [
            0.16335737705230713,
            0.007366335019469261,
            0.02027984708547592
        ],
        [
            0.1728445589542389,
            0.006762167438864708,
            0.009570537135004997
        ],
        [
            0.171099454164505,
            0.008299571461975574,
            0.016091007739305496
        ],
        [
            0.17917843163013458,
            0.010060516186058521,
            0.005406985990703106
        ],
        [
            0.16771283745765686,
            0.003643784672021866,
            0.0006530554965138435
        ],
        [
            0.1766437292098999,
            0.013767258264124393,
            -0.0028464896604418755
        ],
        [
            0.15025822818279266,
            0.02256007492542267,
            -0.010408362373709679
        ],
        [
            0.14136217534542084,
            0.03288397192955017,
            -0.008818376809358597
        ],
        [
            0.1559564471244812,
            0.04218292608857155,
            -0.007574085146188736
        ],
        [
            0.16323477029800415,
            0.030433373525738716,
            -0.008244013413786888
        ],
        [
            0.13959656655788422,
            0.05341605097055435,
            -0.0012342166155576706
        ],
        [
            0.14944830536842346,
            0.047816578298807144,
            -0.004740528762340546
        ],
        [
            0.1344425082206726,
            0.038519784808158875,
            -0.007049966603517532
        ],
        [
            0.12623849511146545,
            0.04359696805477142,
            -0.0034362617880105972
        ],
        [
            0.13554488122463226,
            0.019422026351094246,
            0.020506709814071655
        ],
        [
            0.12551936507225037,
            0.014728978276252747,
            0.02113172970712185
        ],
        [
            0.12984079122543335,
            0.011292392387986183,
            0.019583938643336296
        ],
        [
            0.13960574567317963,
            0.015784621238708496,
            0.019732989370822906
        ],
        [
            0.16432282328605652,
            0.0027725137770175934,
            0.021864235401153564
        ],
        [
            0.16113823652267456,
            -0.005356045439839363,
            0.012513893656432629
        ],
        [
            0.16355161368846893,
            0.0017091408371925354,
            0.013937162235379219
        ],
        [
            0.163157120347023,
            0.007069963961839676,
            0.02515099197626114
        ],
        [
            0.0981411412358284,
            0.009723972529172897,
            0.030299928039312363
        ],
        [
            0.08801152557134628,
            0.003540530800819397,
            0.02359534054994583
        ],
        [
            0.09116087108850479,
            -0.001264624297618866,
            0.021853186190128326
        ],
        [
            0.0997820571064949,
            0.005415584892034531,
            0.02783350646495819
        ],
        [
            0.10802330076694489,
            -0.015902245417237282,
            0.024938851594924927
        ],
        [
            0.09992394596338272,
            -0.016826845705509186,
            0.017423490062355995
        ],
        [
            0.09975749254226685,
            -0.02528247982263565,
            0.007204034365713596
        ],
        [
            0.10982052236795425,
            -0.025188717991113663,
            0.012090396136045456
        ],
        [
            0.11853598058223724,
            -0.015218306332826614,
            0.03168479725718498
        ],
        [
            0.12018850445747375,
            -0.025177840143442154,
            0.022449331358075142
        ],
        [
            0.1319473385810852,
            -0.02248138003051281,
            0.03057202696800232
        ],
        [
            0.1479869782924652,
            -0.015475541353225708,
            0.03708742931485176
        ],
        [
            0.08107998967170715,
            0.014411870390176773,
            0.024152368307113647
        ],
        [
            0.08741440623998642,
            0.02042558416724205,
            0.029716573655605316
        ],
        [
            0.2169453650712967,
            0.02807900495827198,
            0.019943878054618835
        ],
        [
            0.215349480509758,
            0.03354578837752342,
            0.021960552781820297
        ],
        [
            0.21228520572185516,
            0.032165247946977615,
            0.021086711436510086
        ],
        [
            0.21445976197719574,
            0.027207979932427406,
            0.019077500328421593
        ],
        [
            0.08082880079746246,
            0.03131407871842384,
            0.012659482657909393
        ],
        [
            0.081965871155262,
            0.032888248562812805,
            0.0027364175766706467
        ],
        [
            0.07544014602899551,
            0.029638785868883133,
            0.0036346595734357834
        ],
        [
            0.07501260191202164,
            0.026346217840909958,
            0.012475143186748028
        ],
        [
            0.0884833112359047,
            0.037863198667764664,
            0.012862373143434525
        ],
        [
            0.09128521382808685,
            0.036921098828315735,
            0.0019206292927265167
        ],
        [
            0.22451524436473846,
            0.029301121830940247,
            0.009563920088112354
        ],
        [
            0.22282476723194122,
            0.02615036815404892,
            0.013371431268751621
        ],
        [
            0.21953319013118744,
            0.025538070127367973,
            0.01012919470667839
        ],
        [
            0.22003503143787384,
            0.02906995266675949,
            0.006053248420357704
        ],
        [
            0.16592010855674744,
            0.01056717336177826,
            0.019888032227754593
        ],
        [
            0.15813438594341278,
            0.01487426832318306,
            0.02089719846844673
        ],
        [
            0.1822703778743744,
            0.020809795707464218,
            0.01914690062403679
        ],
        [
            0.1716925948858261,
            0.019006075337529182,
            0.01923837512731552
        ],
        [
            0.17461760342121124,
            0.013128522783517838,
            0.017197923734784126
        ],
        [
            0.18278639018535614,
            0.015063456259667873,
            0.015836656093597412
        ],
        [
            0.1532762348651886,
            0.03392615169286728,
            0.02108011208474636
        ],
        [
            0.14328715205192566,
            0.027784939855337143,
            0.020549234002828598
        ],
        [
            0.14860853552818298,
            0.02391364797949791,
            0.019613947719335556
        ],
        [
            0.16056570410728455,
            0.029130425304174423,
            0.020735125988721848
        ],
        [
            0.13363713026046753,
            0.03698049485683441,
            0.02554306760430336
        ],
        [
            0.14411622285842896,
            0.042360819876194,
            0.02503480389714241
        ],
        [
            0.13722260296344757,
            0.04683534801006317,
            0.0277576744556427
        ],
        [
            0.13115504384040833,
            0.042074933648109436,
            0.028736498206853867
        ],
        [
            0.1635659784078598,
            0.04896362125873566,
            0.023561997339129448
        ],
        [
            0.16968296468257904,
            0.05226997658610344,
            0.023406928405165672
        ],
        [
            0.16589340567588806,
            0.0532996729016304,
            0.02451629936695099
        ],
        [
            0.16040846705436707,
            0.05072489753365517,
            0.023889945819973946
        ],
        [
            0.06913109868764877,
            0.02625541016459465,
            0.0033503565937280655
        ],
        [
            0.06991805136203766,
            0.021059364080429077,
            0.011705778539180756
        ],
        [
            0.12288561463356018,
            0.06414151191711426,
            0.009001932106912136
        ],
        [
            0.11494314670562744,
            0.06314993649721146,
            0.017116062343120575
        ],
        [
            0.1249522864818573,
            0.07219979166984558,
            0.01986781135201454
        ],
        [
            0.13143493235111237,
            0.07185785472393036,
            0.009331656619906425
        ],
        [
            0.0871257483959198,
            0.03005945309996605,
            -0.005859218537807465
        ],
        [
            0.07936114817857742,
            0.028711382299661636,
            -0.005606412887573242
        ],
        [
            0.2244979292154312,
            0.03530680760741234,
            0.00766084436327219
        ],
        [
            0.21967607736587524,
            0.0351090282201767,
            0.004595281556248665
        ],
        [
            0.13377425074577332,
            -0.02618538588285446,
            0.016612915322184563
        ],
        [
            0.15107375383377075,
            -0.019039323553442955,
            0.028502728790044785
        ],
        [
            0.11979546397924423,
            -0.02690747193992138,
            0.0065113333985209465
        ],
        [
            0.10989705473184586,
            -0.024845225736498833,
            -0.0006826585158705711
        ],
        [
            0.1013207957148552,
            -0.02523200958967209,
            -0.0050320373848080635
        ],
        [
            0.17212244868278503,
            0.025875315070152283,
            0.02077833004295826
        ],
        [
            0.14949041604995728,
            0.018072351813316345,
            0.020018568262457848
        ],
        [
            0.13193143904209137,
            0.022800493985414505,
            0.02182299830019474
        ],
        [
            0.1148553341627121,
            0.0453840047121048,
            0.0346304252743721
        ],
        [
            0.1063600555062294,
            0.03936074301600456,
            0.03477171063423157
        ],
        [
            0.1154574379324913,
            0.03358611837029457,
            0.033460259437561035
        ],
        [
            0.12100255489349365,
            0.040214743465185165,
            0.03301023691892624
        ],
        [
            0.11399327963590622,
            0.061221688985824585,
            0.027072418481111526
        ],
        [
            0.11824323982000351,
            0.05661047250032425,
            0.03242092579603195
        ],
        [
            0.124490886926651,
            0.06154439598321915,
            0.03204254433512688
        ],
        [
            0.12208379060029984,
            0.06789766252040863,
            0.027553455904126167
        ],
        [
            0.16669973731040955,
            -0.0038433074951171875,
            0.02236238308250904
        ],
        [
            0.15907244384288788,
            -0.011908601969480515,
            0.013093744404613972
        ],
        [
            0.0819847583770752,
            0.02660825476050377,
            0.022177988663315773
        ],
        [
            0.07751815766096115,
            0.0203261636197567,
            0.02034485712647438
        ],
        [
            0.0713675394654274,
            0.015407949686050415,
            0.016899462789297104
        ],
        [
            0.1124173179268837,
            0.010666847229003906,
            0.025960231199860573
        ],
        [
            0.10092922300100327,
            0.00231378898024559,
            0.026245735585689545
        ],
        [
            0.10389333218336105,
            -0.001022394746541977,
            0.025738563388586044
        ],
        [
            0.11440549790859222,
            0.00849684327840805,
            0.023730792105197906
        ],
        [
            0.1270284652709961,
            0.0044337790459394455,
            0.025644805282354355
        ],
        [
            0.11788575351238251,
            -0.003859706223011017,
            0.030450381338596344
        ],
        [
            0.1364329755306244,
            0.00706607848405838,
            0.03122537210583687
        ],
        [
            0.09400790184736252,
            -0.00866459310054779,
            0.019365552812814713
        ],
        [
            0.08299832791090012,
            -0.006890919059514999,
            0.018944714218378067
        ],
        [
            0.08722584694623947,
            -0.014078386127948761,
            0.01565205119550228
        ],
        [
            0.07786986976861954,
            0.0014458708465099335,
            0.020146600902080536
        ],
        [
            0.07368458807468414,
            0.00934947282075882,
            0.0197734571993351
        ],
        [
            0.07137056440114975,
            0.027186255902051926,
            -0.008381757885217667
        ],
        [
            0.09184650331735611,
            -0.019716691225767136,
            0.011577961035072803
        ],
        [
            0.15181538462638855,
            0.0026037395000457764,
            0.04361187666654587
        ],
        [
            0.15884383022785187,
            0.0038736872375011444,
            0.04400450363755226
        ],
        [
            0.15772366523742676,
            0.009718114510178566,
            0.03943365067243576
        ],
        [
            0.15259522199630737,
            0.008564412593841553,
            0.03845081105828285
        ],
        [
            0.1863739788532257,
            0.014524856582283974,
            0.002609536051750183
        ],
        [
            0.18572673201560974,
            0.013326592743396759,
            0.010471504181623459
        ],
        [
            0.17729659378528595,
            0.008974970318377018,
            0.012228678911924362
        ],
        [
            0.10418836027383804,
            0.019524667412042618,
            0.032856088131666183
        ],
        [
            0.09476824104785919,
            0.028114791959524155,
            0.03240835294127464
        ],
        [
            0.18339504301548004,
            0.027636732906103134,
            0.019724251702427864
        ],
        [
            0.21585795283317566,
            0.02851020358502865,
            0.003238626755774021
        ],
        [
            0.21550387144088745,
            0.024393193423748016,
            0.007624572142958641
        ],
        [
            0.1995639055967331,
            0.019573580473661423,
            0.003624602220952511
        ],
        [
            0.20006413757801056,
            0.02427433803677559,
            -0.0013173753395676613
        ],
        [
            0.19014979898929596,
            0.035868145525455475,
            0.014822516590356827
        ],
        [
            0.18920376896858215,
            0.030190743505954742,
            0.018089625984430313
        ],
        [
            0.1922428160905838,
            0.03161821514368057,
            0.0167426448315382
        ],
        [
            0.19423741102218628,
            0.037457164376974106,
            0.01481865718960762
        ],
        [
            0.1570643186569214,
            0.05658576637506485,
            0.026614263653755188
        ],
        [
            0.15272846817970276,
            0.054149143397808075,
            0.026214897632598877
        ],
        [
            0.17588701844215393,
            0.03830823302268982,
            -0.0028636958450078964
        ],
        [
            0.1796448975801468,
            0.025935636833310127,
            -0.007981195114552975
        ],
        [
            0.1699775904417038,
            0.02051624283194542,
            -0.008374163880944252
        ],
        [
            0.1474616527557373,
            0.038339752703905106,
            0.022916123270988464
        ],
        [
            0.1558554470539093,
            0.04437175393104553,
            0.023632856085896492
        ],
        [
            0.15276505053043365,
            0.04698948189616203,
            0.024462169036269188
        ],
        [
            0.17369987070560455,
            0.030530579388141632,
            0.020745957270264626
        ],
        [
            0.18230098485946655,
            0.033475399017333984,
            0.01947757601737976
        ],
        [
            0.17601270973682404,
            0.035454973578453064,
            0.019645830616354942
        ],
        [
            0.16872644424438477,
            0.033344149589538574,
            0.020778795704245567
        ],
        [
            0.10471850633621216,
            0.05461360514163971,
            0.014854121021926403
        ],
        [
            0.1038292795419693,
            0.052997976541519165,
            0.026578150689601898
        ],
        [
            0.2198718935251236,
            0.025598952546715736,
            0.017016861587762833
        ],
        [
            0.21719788014888763,
            0.024772796779870987,
            0.01503162644803524
        ],
        [
            0.13783027231693268,
            0.032191358506679535,
            0.022437604144215584
        ],
        [
            0.15768563747406006,
            0.01364489458501339,
            -0.00846096407622099
        ],
        [
            0.12806585431098938,
            0.026349252089858055,
            0.02360972762107849
        ],
        [
            0.15032722055912018,
            0.06760387122631073,
            0.012658136896789074
        ],
        [
            0.14874990284442902,
            0.06721042841672897,
            0.021831844002008438
        ],
        [
            0.15236294269561768,
            0.06765083968639374,
            0.024353759363293648
        ],
        [
            0.15558339655399323,
            0.06914404779672623,
            0.01925160177052021
        ],
        [
            0.20776115357875824,
            0.04197933152318001,
            0.01596653275191784
        ],
        [
            0.20834697782993317,
            0.03779428079724312,
            0.019865691661834717
        ],
        [
            0.21122488379478455,
            0.03830768167972565,
            0.02047092840075493
        ],
        [
            0.21191559731960297,
            0.04287557676434517,
            0.016704024747014046
        ],
        [
            0.1893758773803711,
            0.024255163967609406,
            0.017808128148317337
        ],
        [
            0.18995343148708344,
            0.018350642174482346,
            0.01506736408919096
        ],
        [
            0.19557830691337585,
            0.02127421274781227,
            0.01514100655913353
        ],
        [
            0.19400988519191742,
            0.02676352672278881,
            0.016805876046419144
        ],
        [
            0.19246569275856018,
            0.016448304057121277,
            0.008994041942059994
        ],
        [
            0.19764065742492676,
            0.01846621371805668,
            0.009612597525119781
        ],
        [
            0.2091522514820099,
            0.04355399310588837,
            0.0098013486713171
        ],
        [
            0.21233943104743958,
            0.04039544612169266,
            0.0036653876304626465
        ],
        [
            0.19723761081695557,
            0.03763800114393234,
            0.0005824407562613487
        ],
        [
            0.1970558762550354,
            0.03992810100317001,
            0.008017836138606071
        ],
        [
            0.1137014776468277,
            0.03514572232961655,
            -0.006996573880314827
        ],
        [
            0.10624343156814575,
            0.04149940609931946,
            -0.0014594029635190964
        ],
        [
            0.11852480471134186,
            0.05036647245287895,
            0.0019645821303129196
        ],
        [
            0.13061349093914032,
            0.06038132309913635,
            0.004447828978300095
        ],
        [
            0.14279362559318542,
            0.06813681870698929,
            0.007447939366102219
        ],
        [
            0.15068966150283813,
            0.06221815198659897,
            0.00022204779088497162
        ],
        [
            0.11207926273345947,
            0.053642112761735916,
            0.006208031438291073
        ],
        [
            0.1835801601409912,
            0.040114812552928925,
            0.008491748943924904
        ],
        [
            0.1854977160692215,
            0.0359482541680336,
            -0.00044359173625707626
        ],
        [
            0.1809999644756317,
            0.040710192173719406,
            0.0023629534989595413
        ],
        [
            0.12379441410303116,
            0.03112093359231949,
            0.027557173743844032
        ],
        [
            0.21392013132572174,
            0.023308798670768738,
            0.012706891633570194
        ],
        [
            0.1054682582616806,
            -0.00734945572912693,
            -0.017808416858315468
        ],
        [
            0.09926965832710266,
            0.004893116652965546,
            -0.019495250657200813
        ],
        [
            0.10770449787378311,
            0.006675399839878082,
            -0.017617344856262207
        ],
        [
            0.11498142033815384,
            -0.007411858066916466,
            -0.014630082994699478
        ],
        [
            0.20987677574157715,
            0.031058866530656815,
            0.020699147135019302
        ],
        [
            0.2116391360759735,
            0.025440890341997147,
            0.018238482996821404
        ],
        [
            0.14881615340709686,
            0.058399006724357605,
            0.029272060841321945
        ],
        [
            0.15344025194644928,
            0.06048368662595749,
            0.02902654930949211
        ],
        [
            0.15189127624034882,
            0.06372714787721634,
            0.029235711321234703
        ],
        [
            0.14716972410678864,
            0.06292426586151123,
            0.031586673110723495
        ],
        [
            0.1014903336763382,
            0.04344474896788597,
            0.0018118694424629211
        ],
        [
            0.13124409317970276,
            0.0749857947230339,
            0.027102645486593246
        ],
        [
            0.13788120448589325,
            0.0748182013630867,
            0.016498498618602753
        ],
        [
            0.09597501158714294,
            0.03368917107582092,
            -0.004738600924611092
        ],
        [
            0.10225503146648407,
            0.028397494927048683,
            -0.010211005806922913
        ],
        [
            0.09370186179876328,
            0.024038419127464294,
            -0.01237684115767479
        ],
        [
            0.1637936532497406,
            0.05504108592867851,
            0.0007456038147211075
        ],
        [
            0.1209440529346466,
            0.031136678531765938,
            -0.009840410202741623
        ],
        [
            0.10828403383493423,
            0.024124443531036377,
            -0.012484997510910034
        ],
        [
            0.0983552411198616,
            0.018729694187641144,
            -0.015197367407381535
        ],
        [
            0.09087269753217697,
            0.015692252665758133,
            -0.017474234104156494
        ],
        [
            0.08654599636793137,
            0.02176123484969139,
            -0.014067990705370903
        ],
        [
            0.21465632319450378,
            0.03478164225816727,
            0.0023009791038930416
        ],
        [
            0.2179514616727829,
            0.04177723452448845,
            0.006031868979334831
        ],
        [
            0.07819030433893204,
            0.020050369203090668,
            -0.017410947009921074
        ],
        [
            0.08343158662319183,
            0.012976478785276413,
            -0.020505215972661972
        ],
        [
            0.11485765129327774,
            0.01792278327047825,
            -0.014505010098218918
        ],
        [
            0.12298749387264252,
            0.00925099104642868,
            -0.015285673551261425
        ],
        [
            0.12683004140853882,
            0.024817414581775665,
            -0.011569931171834469
        ],
        [
            0.13568748533725739,
            0.017083734273910522,
            -0.012468804605305195
        ],
        [
            0.16724920272827148,
            0.047984443604946136,
            -0.0068971700966358185
        ],
        [
            0.22957248985767365,
            0.045673176646232605,
            0.01989610306918621
        ],
        [
            0.22039957344532013,
            0.0451926626265049,
            0.013280095532536507
        ],
        [
            0.21678833663463593,
            0.04397529736161232,
            0.017759814858436584
        ],
        [
            0.22620932757854462,
            0.04634549468755722,
            0.02262508124113083
        ],
        [
            0.21423234045505524,
            0.04446166008710861,
            0.011471597477793694
        ],
        [
            0.22289042174816132,
            0.041994862258434296,
            0.009225007146596909
        ],
        [
            0.14479173719882965,
            0.004946066066622734,
            -0.009410351514816284
        ],
        [
            0.18237441778182983,
            0.038472648710012436,
            0.017740141600370407
        ],
        [
            0.1322202980518341,
            -0.006628621369600296,
            -0.009249594993889332
        ],
        [
            0.1572866141796112,
            -0.003958526998758316,
            -0.002104482613503933
        ],
        [
            0.14830133318901062,
            -0.01286308653652668,
            0.0009687533602118492
        ],
        [
            0.1197352260351181,
            -0.019655214622616768,
            -0.007180827669799328
        ],
        [
            0.1352897584438324,
            -0.022434988990426064,
            0.0024284892715513706
        ],
        [
            0.10118967294692993,
            -0.01871335320174694,
            -0.014228977262973785
        ],
        [
            0.1100691705942154,
            -0.017594678327441216,
            -0.01157870702445507
        ],
        [
            0.14891394972801208,
            -0.020528458058834076,
            0.014129294082522392
        ],
        [
            0.22249677777290344,
