{
    "pred_cam": [
        6.322024822235107,
        -0.1615699827671051,
        -0.04017698019742966
    ],
    "pred_mano_params": {
        "global_orient": [
            [
                [
                    -0.907515823841095,
                    -0.08609998226165771,
                    0.41109833121299744
                ],
                [
                    -0.4184911847114563,
                    0.2687331736087799,
                    -0.867552638053894
                ],
                [
                    -0.03577954322099686,
                    -0.9593587517738342,
                    -0.27991169691085815
                ]
            ]
        ],
        "hand_pose": [
            [
                [
                    0.9852405786514282,
                    -0.11172140389680862,
                    0.12968970835208893
                ],
                [
                    0.12898637354373932,
                    0.9826316237449646,
                    -0.133407860994339
                ],
                [
                    -0.11253269016742706,
                    0.14816702902317047,
                    0.9825391173362732
                ]
            ],
            [
                [
                    0.7908133864402771,
                    -0.6045420169830322,
                    0.09561996906995773
                ],
                [
                    0.6115179657936096,
                    0.773857831954956,
                    -0.16489334404468536
                ],
                [
                    0.02568868361413479,
                    0.18887320160865784,
                    0.9816654324531555
                ]
            ],
            [
                [
                    0.7951074242591858,
                    -0.606463611125946,
                    -0.0024648336693644524
                ],
                [
                    0.6060243844985962,
                    0.7946738600730896,
                    -0.03504094481468201
                ],
                [
                    0.023209799081087112,
                    0.026367565616965294,
                    0.9993828535079956
                ]
            ],
            [
                [
                    0.9240543246269226,
                    -0.38225647807121277,
                    0.0018891670042648911
                ],
                [
                    0.382035493850708,
                    0.9236673712730408,
                    0.029790733009576797
                ],
                [
                    -0.013132662512362003,
                    -0.026806527748703957,
                    0.9995543956756592
                ]
            ],
            [
                [
                    0.7427875995635986,
                    -0.6388475894927979,
                    -0.20035037398338318
                ],
                [
                    0.6691955924034119,
                    0.7178148627281189,
                    0.1921430379152298
                ],
                [
                    0.02106436714529991,
                    -0.27679508924484253,
                    0.9606979489326477
                ]
            ],
            [
                [
                    0.91310715675354,
                    -0.3993651270866394,
                    -0.08211418986320496
                ],
                [
                    0.3990957736968994,
                    0.9166825413703918,
                    -0.020384887233376503
                ],
                [
                    0.08341366797685623,
                    -0.014157838188111782,
                    0.996414303779602
                ]
            ],
            [
                [
                    0.36929184198379517,
                    -0.8895435333251953,
                    0.2689531147480011
                ],
                [
                    0.7462254762649536,
                    0.45633402466773987,
                    0.48467186093330383
                ],
                [
                    -0.5538691878318787,
                    0.021714279428124428,
                    0.832320511341095
                ]
            ],
            [
                [
                    0.8146216869354248,
                    -0.5327078700065613,
                    -0.22937694191932678
                ],
                [
                    0.5769767761230469,
                    0.7845960259437561,
                    0.2269509881734848
                ],
                [
                    0.0590696819126606,
                    -0.317224383354187,
                    0.9465090036392212
                ]
            ],
            [
                [
                    0.9849866032600403,
                    -0.13348597288131714,
                    -0.10946639627218246
                ],
                [
                    0.15762881934642792,
                    0.9539995193481445,
                    0.2550254166126251
                ],
                [
                    0.07038858532905579,
                    -0.2684516906738281,
                    0.9607179760932922
                ]
            ],
            [
                [
                    0.6821577548980713,
                    -0.7235682606697083,
                    0.10540276020765305
                ],
                [
                    0.7287800908088684,
                    0.6845245957374573,
                    -0.017482342198491096
                ],
                [
                    -0.05950111523270607,
                    0.08874114602804184,
                    0.9942758679389954
                ]
            ],
            [
                [
                    0.8789501786231995,
                    -0.46356961131095886,
                    -0.11202584952116013
                ],
                [
                    0.4545873701572418,
                    0.7433320879936218,
                    0.4907216429710388
                ],
                [
                    -0.14421121776103973,
                    -0.48224541544914246,
                    0.864084780216217
                ]
            ],
            [
                [
                    0.9482003450393677,
                    -0.29748809337615967,
                    -0.11143139749765396
                ],
                [
                    0.2992202341556549,
                    0.9541832804679871,
                    -0.0012331927428022027
                ],
                [
                    0.106692835688591,
                    -0.032173216342926025,
                    0.9937713742256165
                ]
            ],
            [
                [
                    0.9498472809791565,
                    -0.17054465413093567,
                    -0.2621157765388489
                ],
                [
                    -0.1739211231470108,
                    0.4084964692592621,
                    -0.8960369229316711
                ],
                [
                    0.2598876357078552,
                    0.8966857194900513,
                    0.35834795236587524
                ]
            ],
            [
                [
                    0.9482793211936951,
                    -0.07977498322725296,
                    -0.3072492480278015
                ],
                [
                    0.24658367037773132,
                    0.7946612238883972,
                    0.554716169834137
                ],
                [
                    0.199906587600708,
                    -0.6017885804176331,
                    0.7732320427894592
                ]
            ],
            [
                [
                    0.5663139820098877,
                    -0.8213041424751282,
                    0.06890521198511124
                ],
                [
                    0.7942620515823364,
                    0.5215151309967041,
                    -0.311720609664917
                ],
                [
                    0.2200823426246643,
                    0.23126055300235748,
                    0.9476720094680786
                ]
            ]
        ],
        "betas": [
            -0.09582144021987915,
            -0.09008258581161499,
            -0.04759281873703003,
            -0.028199821710586548,
            0.007729858160018921,
            0.05680059269070625,
            0.13699030876159668,
            -0.012878254055976868,
            -0.056823909282684326,
            -0.08774569630622864
        ]
    },
    "pred_cam_t": [
        -0.1615699827671051,
        -0.04017698019742966,
        6.17879581451416
    ],
    "focal_length": [
        5000.0,
        5000.0
    ],
    "pred_keypoints_3d": [
        [
            0.09624943137168884,
            0.006415290292352438,
            0.006236756220459938
        ],
        [
            0.13023099303245544,
            -0.010132379829883575,
            0.014751357957720757
        ],
        [
            0.15625879168510437,
            -0.007974966429173946,
            0.03128416836261749
        ],
        [
            0.17873060703277588,
            0.005496547557413578,
            0.038652051240205765
        ],
        [
            0.19202938675880432,
            0.012451362796127796,
            0.0685516893863678
        ],
        [
            0.1856413632631302,
            0.02413793094456196,
            0.008623979985713959
        ],
        [
            0.21788911521434784,
            0.03192364051938057,
            0.008526025339961052
        ],
        [
            0.2324565052986145,
            0.03485866263508797,
            0.02514221891760826
        ],
        [
            0.23644046485424042,
            0.036678656935691833,
            0.04997439682483673
        ],
        [
            0.18140757083892822,
            0.04885350540280342,
            0.012037071399390697
        ],
        [
            0.20707429945468903,
            0.0629836693406105,
            0.024588629603385925
        ],
        [
            0.21465840935707092,
            0.06323426216840744,
            0.046709492802619934
        ],
        [
            0.21789726614952087,
            0.060830578207969666,
            0.07234898954629898
        ],
        [
            0.16023224592208862,
            0.06307113915681839,
            0.020479287952184677
        ],
        [
            0.18014587461948395,
            0.06965966522693634,
            0.04064055532217026
        ],
        [
            0.1829216033220291,
            0.0660739466547966,
            0.06516668200492859
        ],
        [
            0.18276754021644592,
            0.06235266476869583,
            0.09080328792333603
        ],
        [
            0.14208176732063293,
            0.07039176672697067,
            0.03042508102953434
        ],
        [
            0.15214848518371582,
            0.07022876292467117,
            0.04909414052963257
        ],
        [
            0.14857761561870575,
            0.0664723590016365,
            0.06741321086883545
        ],
        [
            0.14150340855121613,
            0.06194238364696503,
            0.0863773375749588
        ]
    ],
    "pred_vertices": [
        [
            0.1491721123456955,
            0.009397394955158234,
            0.019659755751490593
        ],
        [
            0.13847121596336365,
            0.005756810307502747,
            0.02045980468392372
        ],
        [
            0.14658012986183167,
            0.0051907729357481,
            0.024261919781565666
        ],
        [
            0.15676650404930115,
            0.006390770897269249,
            0.02151046320796013
        ],
        [
            0.13062769174575806,
            -0.004409322515130043,
            0.03494734689593315
        ],
        [
            0.1289070099592209,
            -0.0162490326911211,
            0.034516528248786926
        ],
        [
            0.14459149539470673,
            -0.012278417125344276,
            0.04027998447418213
        ],
        [
            0.14345940947532654,
            -0.0024654436856508255,
            0.04087710380554199
        ],
        [
            0.1630043089389801,
            0.005232054740190506,
            0.02174445614218712
        ],
        [
            0.15379086136817932,
            0.005019402131438255,
            0.027790216729044914
        ],
        [
            0.163902148604393,
            0.00479896180331707,
            0.01883777230978012
        ],
        [
            0.17305311560630798,
            0.005169742740690708,
            0.007921521551907063
        ],
        [
            0.17148606479167938,
            0.006284410133957863,
            0.014527534134685993
        ],
        [
            0.17927667498588562,
            0.00881857331842184,
            0.003934885375201702
        ],
        [
            0.1676427125930786,
            0.0028613917529582977,
            -0.0010601808317005634
        ],
        [
            0.17658598721027374,
            0.013198228552937508,
            -0.003921687602996826
        ],
        [
            0.1500755399465561,
            0.023133300244808197,
            -0.010112153366208076
        ],
        [
            0.14130926132202148,
            0.03336923196911812,
            -0.00739012286067009
        ],
        [
            0.15576621890068054,
            0.041958387941122055,
            -0.005484657362103462
        ],
        [
            0.16308610141277313,
            0.03045923262834549,
            -0.007479658350348473
        ],
        [
            0.1395975947380066,
            0.05245332419872284,
            0.002233559265732765
        ],
        [
            0.14932449162006378,
            0.047312792390584946,
            -0.0020640678703784943
        ],
        [
            0.13448892533779144,
            0.03885872662067413,
            -0.004960363730788231
        ],
        [
            0.1264226734638214,
            0.0436115488409996,
            -0.0006812401115894318
        ],
        [
            0.1361483633518219,
            0.017558827996253967,
            0.02059398591518402
        ],
        [
            0.12611247599124908,
            0.01297084242105484,
            0.020995184779167175
        ],
        [
            0.13043881952762604,
            0.00961899571120739,
            0.01903575286269188
        ],
        [
            0.14017528295516968,
            0.01392897218465805,
            0.019411949440836906
        ],
        [
            0.16462992131710052,
            -0.0004184916615486145,
            0.02020537480711937
        ],
        [
            0.16105525195598602,
            -0.007322805002331734,
            0.010301541537046432
        ],
        [
            0.16374985873699188,
            -0.00042129307985305786,
            0.012138391844928265
        ],
        [
            0.16369308531284332,
            0.0036900918930768967,
            0.023765647783875465
        ],
        [
            0.09882377088069916,
            0.007526043802499771,
            0.030406871810555458
        ],
        [
            0.08844424039125443,
            0.0020991452038288116,
            0.023436905816197395
        ],
        [
            0.09147948026657104,
            -0.0025619305670261383,
            0.021191980689764023
        ],
        [
            0.10034675151109695,
            0.003462117165327072,
            0.027501966804265976
        ],
        [
            0.10802937299013138,
            -0.017406608909368515,
            0.022497976198792458
        ],
        [
            0.09983324259519577,
            -0.017711477354168892,
            0.01517166942358017
        ],
        [
            0.09930338710546494,
            -0.02527807094156742,
            0.004309277981519699
        ],
        [
            0.10938014835119247,
            -0.02571016736328602,
            0.008958065882325172
        ],
        [
            0.11853143572807312,
            -0.017325617372989655,
            0.029032116755843163
        ],
        [
            0.11977524310350418,
            -0.026629628613591194,
            0.019066402688622475
        ],
        [
            0.13141486048698425,
            -0.024845600128173828,
            0.02728651463985443
        ],
        [
            0.1475653201341629,
            -0.01902667060494423,
            0.03424745053052902
        ],
        [
            0.08167177438735962,
            0.012949604541063309,
            0.025169286876916885
        ],
        [
            0.08823399990797043,
            0.018361106514930725,
            0.031055565923452377
        ],
        [
            0.21784044802188873,
            0.024897322058677673,
            0.019090978428721428
        ],
        [
            0.2163824588060379,
            0.03036480024456978,
            0.021210860460996628
        ],
        [
            0.21331560611724854,
            0.029049698263406754,
            0.020342161878943443
        ],
        [
            0.2153097689151764,
            0.024095553904771805,
            0.018189873546361923
        ],
        [
            0.08141198754310608,
            0.030781563371419907,
            0.015253845602273941
        ],
        [
            0.08232219517230988,
            0.033258285373449326,
            0.005477543920278549
        ],
        [
            0.0757744312286377,
            0.030023101717233658,
            0.006265157833695412
        ],
        [
            0.07552096992731094,
            0.0259353369474411,
            0.014779576100409031
        ],
        [
            0.08920276910066605,
            0.03713301196694374,
            0.01586896926164627
        ],
        [
            0.09168646484613419,
            0.03719376027584076,
            0.004794992506504059
        ],
        [
            0.22544711828231812,
            0.02615796960890293,
            0.008723109029233456
        ],
        [
            0.22367556393146515,
            0.022961512207984924,
            0.012470944784581661
        ],
        [
            0.22029900550842285,
            0.02251838520169258,
            0.00917312502861023
        ],
        [
            0.2209126055240631,
            0.026137614622712135,
            0.005149099975824356
        ],
        [
            0.16640406847000122,
            0.008361110463738441,
            0.018568556755781174
        ],
        [
            0.15869636833667755,
            0.012681519612669945,
            0.02009764313697815
        ],
        [
            0.18282552063465118,
            0.018782924860715866,
            0.018388448283076286
        ],
        [
            0.17225220799446106,
            0.016847994178533554,
            0.018516484647989273
        ],
        [
            0.17501288652420044,
            0.011145162396132946,
            0.0159540344029665
        ],
        [
            0.18313613533973694,
            0.013212582096457481,
            0.01469162106513977
        ],
        [
            0.15417367219924927,
            0.0317656435072422,
            0.02214791625738144
        ],
        [
            0.14402908086776733,
            0.02580225095152855,
            0.02124756947159767
        ],
        [
            0.1492631733417511,
            0.021952448412775993,
            0.01983054354786873
        ],
        [
            0.16136007010936737,
            0.026928728446364403,
            0.021174602210521698
        ],
        [
            0.1346961259841919,
            0.03469012677669525,
            0.027310427278280258
        ],
        [
            0.1453467160463333,
            0.039986059069633484,
            0.0271778367459774
        ],
        [
            0.13869020342826843,
            0.044387418776750565,
            0.03050963766872883
        ],
        [
            0.13243070244789124,
            0.0395561084151268,
            0.031042560935020447
        ],
        [
            0.16521404683589935,
            0.04675053805112839,
            0.025938348844647408
        ],
        [
            0.17196249961853027,
            0.0506293959915638,
            0.02541617676615715
        ],
        [
            0.1690840721130371,
            0.052212465554475784,
            0.02722788229584694
        ],
        [
            0.1621679961681366,
            0.048692427575588226,
            0.02662944421172142
        ],
        [
            0.06942231953144073,
            0.02675827220082283,
            0.005841419100761414
        ],
        [
            0.07034431397914886,
            0.02081381529569626,
            0.013670527376234531
        ],
        [
            0.12360960990190506,
            0.06253571808338165,
            0.013716713525354862
        ],
        [
            0.11607064306735992,
            0.06127632036805153,
            0.022033559158444405
        ],
        [
            0.12604746222496033,
            0.07034751772880554,
            0.024965841323137283
        ],
        [
            0.13184824585914612,
            0.06993605196475983,
            0.014528661035001278
        ],
        [
            0.08723101019859314,
            0.031140804290771484,
            -0.003476068377494812
        ],
        [
            0.07945220917463303,
            0.02988440915942192,
            -0.0031290873885154724
        ],
        [
            0.22559185326099396,
            0.03221358358860016,
            0.006918228231370449
        ],
        [
            0.22075745463371277,
            0.03224201500415802,
            0.003826894797384739
        ],
        [
            0.13303235173225403,
            -0.027539383620023727,
            0.013061135075986385
        ],
        [
            0.1504771113395691,
            -0.022040709853172302,
            0.02535945363342762
        ],
        [
            0.11907593905925751,
            -0.02712142840027809,
            0.0031072432175278664
        ],
        [
            0.10919923335313797,
            -0.024303890764713287,
            -0.003706713207066059
        ],
        [
            0.10059066861867905,
            -0.02418581023812294,
            -0.007884986698627472
        ],
        [
            0.1728765070438385,
            0.023647340014576912,
            0.02061106637120247
        ],
        [
            0.15007121860980988,
            0.016061892732977867,
            0.019691353663802147
        ],
        [
            0.13260605931282043,
            0.02086714655160904,
            0.022293874993920326
        ],
        [
            0.11633550375699997,
            0.042441703379154205,
            0.037610072642564774
        ],
        [
            0.10767118632793427,
            0.036461684852838516,
            0.03736791014671326
        ],
        [
            0.11663401871919632,
            0.030787844210863113,
            0.03527996316552162
        ],
        [
            0.12233687192201614,
            0.03741315007209778,
            0.03533906862139702
        ],
        [
            0.1155218631029129,
            0.05871850252151489,
            0.031726010143756866
        ],
        [
            0.12002404034137726,
            0.05381426215171814,
            0.03649995103478432
        ],
        [
            0.1266590654850006,
            0.05919227749109268,
            0.036478035151958466
        ],
        [
            0.12380573898553848,
            0.06565296649932861,
            0.03254945948719978
        ],
        [
            0.1667208969593048,
            -0.0071604810655117035,
            0.02026115544140339
        ],
        [
            0.1587499976158142,
            -0.013831455260515213,
            0.010440833866596222
        ],
        [
            0.08271784335374832,
            0.025226067751646042,
            0.02427581138908863
        ],
        [
            0.07811517268419266,
            0.019202761352062225,
            0.022006163373589516
        ],
        [
            0.07183356583118439,
            0.014702819287776947,
            0.018295438960194588
        ],
        [
            0.11304976046085358,
            0.00870317593216896,
            0.025756502524018288
        ],
        [
            0.10141314566135406,
            0.0005259066820144653,
            0.02559373900294304
        ],
        [
            0.10430677980184555,
            -0.002729129046201706,
            0.024688463658094406
        ],
        [
            0.11499710381031036,
            0.006750907748937607,
            0.02325483039021492
        ],
        [
            0.12768839299678802,
            0.0024817734956741333,
            0.024450303986668587
        ],
        [
            0.11830486357212067,
            -0.00589502789080143,
            0.028696607798337936
        ],
        [
            0.13715653121471405,
            0.004347221925854683,
            0.030215518549084663
        ],
        [
            0.09414153546094894,
            -0.009719934314489365,
            0.017974136397242546
        ],
        [
            0.0831741988658905,
            -0.007805135101079941,
            0.018016133457422256
        ],
        [
            0.08720511198043823,
            -0.014719676226377487,
            0.013998252339661121
        ],
        [
            0.07820175588130951,
            0.00045126304030418396,
            0.02008243463933468
        ],
        [
            0.07411940395832062,
            0.008398029953241348,
            0.020552782341837883
        ],
        [
            0.0713791474699974,
            0.028703462332487106,
            -0.005823912099003792
        ],
        [
            0.09163463860750198,
            -0.02002798579633236,
            0.00933643989264965
        ],
        [
            0.15218229591846466,
            -0.0016301721334457397,
            0.04207419604063034
        ],
        [
            0.15921182930469513,
            -0.0006847456097602844,
            0.04247269406914711
        ],
        [
            0.1583559513092041,
            0.005526522174477577,
            0.03829413652420044
        ],
        [
            0.15328265726566315,
            0.004656901583075523,
            0.03736521303653717
        ],
        [
            0.18645581603050232,
            0.013300785794854164,
            0.0014819391071796417
        ],
        [
            0.18592800199985504,
            0.011723889037966728,
            0.009234934113919735
        ],
        [
            0.17752763628959656,
            0.007294781506061554,
            0.010640230029821396
        ],
        [
            0.10508740693330765,
            0.01696641370654106,
            0.03367171064019203
        ],
        [
            0.09578990191221237,
            0.025657933205366135,
            0.03424035757780075
        ],
        [
            0.1841707080602646,
            0.025571169331669807,
            0.01932819001376629
        ],
        [
            0.2165720909833908,
            0.025792889297008514,
            0.002408929169178009
        ],
        [
            0.21608616411685944,
            0.021578164771199226,
            0.006680842489004135
        ],
        [
            0.19975218176841736,
            0.017625829204916954,
            0.002791444305330515
        ],
        [
            0.20041942596435547,
            0.022438324987888336,
            -0.0020101750269532204
        ],
        [
            0.19128036499023438,
            0.03394107148051262,
            0.014667930081486702
        ],
        [
            0.19002775847911835,
            0.028190629556775093,
            0.017668001353740692
        ],
        [
            0.19315233826637268,
            0.0295702051371336,
            0.016321441158652306
        ],
        [
            0.19544853270053864,
            0.035331692546606064,
            0.014537399634718895
        ],
        [
            0.16060113906860352,
            0.055484261363744736,
            0.030251426622271538
        ],
        [
            0.15469378232955933,
            0.052206020802259445,
            0.029653552919626236
        ],
        [
            0.17607910931110382,
            0.037627436220645905,
            -0.0018119951710104942
        ],
        [
            0.17960630357265472,
            0.025672312825918198,
            -0.008083915337920189
        ],
        [
            0.16981090605258942,
            0.020563777536153793,
            -0.008658557198941708
        ],
        [
            0.14851196110248566,
            0.03608788922429085,
            0.02456539124250412
        ],
        [
            0.15713557600975037,
            0.04201985523104668,
            0.025737181305885315
        ],
        [
            0.15417838096618652,
            0.044687800109386444,
            0.026940541341900826
        ],
        [
            0.17459654808044434,
            0.028292197734117508,
            0.020939981564879417
        ],
        [
            0.18331600725650787,
            0.031393151730298996,
            0.01950707472860813
        ],
        [
            0.17714892327785492,
            0.033314093947410583,
            0.020346304401755333
        ],
        [
            0.169666588306427,
            0.031071467325091362,
            0.021435150876641273
        ],
        [
            0.10571704804897308,
            0.05318343639373779,
            0.01913413777947426
        ],
        [
            0.10514862835407257,
            0.050679031759500504,
            0.0306378323584795
        ],
        [
            0.22070695459842682,
            0.0224143099039793,
            0.016105560585856438
        ],
        [
            0.21794860064983368,
            0.02168866991996765,
            0.014068564400076866
        ],
        [
            0.13871178030967712,
            0.030116859823465347,
            0.023677393794059753
        ],
        [
            0.15749141573905945,
            0.013928978703916073,
            -0.009110024198889732
        ],
        [
            0.1288352608680725,
            0.02430770732462406,
            0.024475092068314552
        ],
        [
            0.1509009599685669,
            0.06612806022167206,
            0.016001980751752853
        ],
        [
            0.15027840435504913,
            0.06581289321184158,
            0.025140760466456413
        ],
        [
            0.15553003549575806,
            0.06686286628246307,
            0.02694198489189148
        ],
        [
            0.15790225565433502,
            0.06848393380641937,
            0.021054714918136597
        ],
        [
            0.20916499197483063,
            0.03918614611029625,
            0.015606924891471863
        ],
        [
            0.20958468317985535,
            0.03488475829362869,
            0.019385600462555885
        ],
        [
            0.21247053146362305,
            0.035233646631240845,
            0.019880913197994232
        ],
        [
            0.2132924348115921,
            0.039880864322185516,
            0.01623847708106041
        ],
        [
            0.18993674218654633,
            0.02228286862373352,
            0.01718495786190033
        ],
        [
            0.19028224050998688,
            0.01647336222231388,
            0.014193929731845856
        ],
        [
            0.1959579735994339,
            0.01917925290763378,
            0.014385401271283627
        ],
        [
            0.194668248295784,
            0.02466563694179058,
            0.016224700957536697
        ],
        [
            0.19264347851276398,
            0.01471765711903572,
            0.008077254518866539
        ],
        [
            0.1978403925895691,
            0.01642170175909996,
            0.008771797642111778
        ],
        [
            0.21057656407356262,
            0.040894195437431335,
            0.009459923952817917
        ],
        [
            0.2135801911354065,
            0.03781619295477867,
            0.003179137594997883
        ],
        [
            0.19826681911945343,
            0.03582525625824928,
            0.00037391018122434616
        ],
        [
            0.19833387434482574,
            0.03786106035113335,
            0.0078102839179337025
        ],
        [
            0.11380337178707123,
            0.035847313702106476,
            -0.0047533344477415085
        ],
        [
            0.10657772421836853,
            0.041762806475162506,
            0.001521984115242958
        ],
        [
            0.118947833776474,
            0.049893952906131744,
            0.005549231544137001
        ],
        [
            0.13089005649089813,
            0.059061840176582336,
            0.008677734062075615
        ],
        [
            0.14292144775390625,
            0.06617136299610138,
            0.012055096216499805
        ],
        [
            0.15030817687511444,
            0.06061888113617897,
            0.004074735566973686
        ],
        [
            0.11273086071014404,
            0.052877020090818405,
            0.01019638404250145
        ],
        [
            0.18469640612602234,
            0.03897259756922722,
            0.008835911750793457
        ],
        [
            0.18604397773742676,
            0.03481540456414223,
            -0.00020074564963579178
        ],
        [
            0.1815110445022583,
            0.039829518646001816,
            0.002885560505092144
        ],
        [
            0.12475767731666565,
            0.028765490278601646,
            0.028947383165359497
        ],
        [
            0.21446774899959564,
            0.020409297198057175,
            0.011753951199352741
        ],
        [
            0.10474452376365662,
            -0.005314107984304428,
            -0.019115231931209564
        ],
        [
            0.0986941009759903,
            0.007118280977010727,
            -0.019583111628890038
        ],
        [
            0.10718236118555069,
            0.00861385464668274,
            -0.017760878428816795
        ],
        [
            0.11431369185447693,
            -0.00580034963786602,
            -0.016165150329470634
        ],
        [
            0.2108038365840912,
            0.02808411791920662,
            0.020023487508296967
        ],
        [
            0.2123088538646698,
            0.022463228553533554,
            0.01736956089735031
        ],
        [
            0.1511075347661972,
            0.05678725242614746,
            0.03281634300947189
        ],
        [
            0.15709605813026428,
            0.05949899181723595,
            0.032563574612140656
        ],
        [
            0.15633410215377808,
            0.06330737471580505,
            0.03243603557348251
        ],
        [
            0.15014010667800903,
            0.06186055392026901,
            0.03553463891148567
        ],
        [
            0.10196039080619812,
            0.043456900864839554,
            0.005056511610746384
        ],
        [
            0.13304278254508972,
            0.0734727531671524,
            0.03089812770485878
        ],
        [
            0.13845506310462952,
            0.07333166897296906,
            0.02052759751677513
        ],
        [
            0.09614576399326324,
            0.03451814502477646,
            -0.002258284017443657
        ],
        [
            0.10221671313047409,
            0.029659662395715714,
            -0.008345244452357292
        ],
        [
            0.09356265515089035,
            0.02563462220132351,
            -0.010673612356185913
        ],
        [
            0.16399426758289337,
            0.054099876433610916,
            0.003140930086374283
        ],
        [
            0.1209198534488678,
            0.03204590082168579,
            -0.008145228028297424
        ],
        [
            0.1081269159913063,
            0.02552781254053116,
            -0.011132683604955673
        ],
        [
            0.09807559847831726,
            0.020538466051220894,
            -0.014074210077524185
        ],
        [
            0.0905008614063263,
            0.017804451286792755,
            -0.016405761241912842
        ],
        [
            0.0863378494977951,
            0.023606397211551666,
            -0.012366291135549545
        ],
        [
            0.2156480997800827,
            0.032143961638212204,
            0.0016335155814886093
        ],
        [
            0.21925503015518188,
            0.038910914212465286,
            0.0054886904545128345
        ],
        [
            0.07787219434976578,
            0.022295963019132614,
            -0.015629056841135025
        ],
        [
            0.08293598890304565,
            0.01545305922627449,
            -0.019466308876872063
        ],
        [
            0.11455975472927094,
            0.01945190317928791,
            -0.013850127346813679
        ],
        [
            0.1225692480802536,
            0.010740110650658607,
            -0.015565803274512291
        ],
        [
            0.12667132914066315,
            0.02586134523153305,
            -0.010572167113423347
        ],
        [
            0.13542304933071136,
            0.01811090111732483,
            -0.012347016483545303
        ],
        [
            0.16686375439167023,
            0.04725215584039688,
            -0.0045760925859212875
        ],
        [
            0.23097652196884155,
            0.04219768941402435,
            0.01934567280113697
        ],
        [
            0.22179342806339264,
            0.04205543175339699,
            0.012747125700116158
        ],
        [
            0.21812891960144043,
            0.040850549936294556,
            0.017193805426359177
        ],
        [
            0.22756560146808624,
            0.04294561222195625,
            0.02203604020178318
        ],
        [
            0.21563488245010376,
            0.04154836758971214,
            0.011034318245947361
        ],
        [
            0.22420668601989746,
            0.03890824690461159,
            0.00864490307867527
        ],
        [
            0.14446476101875305,
            0.005554398521780968,
            -0.010525749996304512
        ],
        [
            0.18386496603488922,
            0.036753565073013306,
            0.018236463889479637
        ],
        [
            0.13169564306735992,
            -0.005807194858789444,
            -0.011061342433094978
        ],
        [
            0.15698763728141785,
            -0.004334025084972382,
            -0.004170789383351803
        ],
        [
            0.14781251549720764,
            -0.013303522020578384,
            -0.0016284314915537834
        ],
        [
            0.11895783990621567,
            -0.018759049475193024,
            -0.009870637208223343
        ],
        [
            0.13453561067581177,
            -0.022700782865285873,
            -0.0007647797465324402
        ],
        [
            0.10037079453468323,
            -0.016888724640011787,
            -0.016451317816972733
        ],
        [
            0.10929764062166214,
            -0.01613587699830532,
            -0.013907209038734436
        ],
        [
            0.14825479686260223,
            -0.0222325399518013,
            0.010954193770885468
        ],
        [
            0.22336390614509583,
