{
    "pred_cam": [
        7.666036605834961,
        -0.09644836187362671,
        -0.05826406925916672
    ],
    "pred_mano_params": {
        "global_orient": [
            [
                [
                    -0.30338650941848755,
                    0.7987803816795349,
                    -0.5195252299308777
                ],
                [
                    -0.7562386393547058,
                    -0.5335480570793152,
                    -0.3787209391593933
                ],
                [
                    -0.5797065496444702,
                    0.27798622846603394,
                    0.7659398317337036
                ]
            ]
        ],
        "hand_pose": [
            [
                [
                    0.6832415461540222,
                    -0.6677693128585815,
                    -0.29540666937828064
                ],
                [
                    0.6234875917434692,
                    0.7440935969352722,
                    -0.2399749457836151
                ],
                [
                    0.3800581097602844,
                    -0.020221535116434097,
                    0.9247415661811829
                ]
            ],
            [
                [
                    0.8960953950881958,
                    -0.4046328663825989,
                    0.1824425458908081
                ],
                [
                    0.44377627968788147,
                    0.8086849451065063,
                    -0.3861234188079834
                ],
                [
                    0.008699711412191391,
                    0.4269670844078064,
                    0.9042253494262695
                ]
            ],
            [
                [
                    0.9935334920883179,
                    -0.06086340919137001,
                    0.09584789723157883
                ],
                [
                    0.041286807507276535,
                    0.9800590872764587,
                    0.19436970353126526
                ],
                [
                    -0.10576660931110382,
                    -0.18915556371212006,
                    0.9762343764305115
                ]
            ],
            [
                [
                    0.5205880403518677,
                    -0.8442588448524475,
                    -0.1273387372493744
                ],
                [
                    0.8535261750221252,
                    0.518427312374115,
                    0.05221281573176384
                ],
                [
                    0.021934743970632553,
                    -0.13586831092834473,
                    0.9904840588569641
                ]
            ],
            [
                [
                    0.8729462623596191,
                    -0.4528343379497528,
                    -0.18139958381652832
                ],
                [
                    0.48212888836860657,
                    0.857516348361969,
                    0.17949192225933075
                ],
                [
                    0.0742730125784874,
                    -0.24414479732513428,
                    0.9668902158737183
                ]
            ],
            [
                [
                    0.9399067163467407,
                    -0.31721311807632446,
                    0.1262979507446289
                ],
                [
                    0.32351231575012207,
                    0.9456688761711121,
                    -0.03240630030632019
                ],
                [
                    -0.10915633291006088,
                    0.07131784409284592,
                    0.9914628863334656
                ]
            ],
            [
                [
                    0.7870561480522156,
                    -0.5598267912864685,
                    0.25910720229148865
                ],
                [
                    0.47777509689331055,
                    0.8188948631286621,
                    0.31802845001220703
                ],
                [
                    -0.390222430229187,
                    -0.12651127576828003,
                    0.9119875431060791
                ]
            ],
            [
                [
                    0.8830264210700989,
                    -0.46225154399871826,
                    -0.08116614818572998
                ],
                [
                    0.4579251706600189,
                    0.8107150793075562,
                    0.3647541403770447
                ],
                [
                    -0.10280554741621017,
                    -0.3592555522918701,
                    0.9275594353675842
                ]
            ],
            [
                [
                    0.9814634323120117,
                    -0.16643813252449036,
                    0.09501470625400543
                ],
                [
                    0.0830344706773758,
                    0.8161177635192871,
                    0.5718889832496643
                ],
                [
                    -0.17272737622261047,
                    -0.5533987283706665,
                    0.8148098587989807
                ]
            ],
            [
                [
                    0.6557175517082214,
                    -0.741802453994751,
                    0.14058321714401245
                ],
                [
                    0.7447850704193115,
                    0.6660633683204651,
                    0.04068005457520485
                ],
                [
                    -0.12381390482187271,
                    0.07802964001893997,
                    0.9892328381538391
                ]
            ],
            [
                [
                    0.8465994596481323,
                    -0.5154722929000854,
                    -0.1325053870677948
                ],
                [
                    0.5193656086921692,
                    0.7457153797149658,
                    0.4173344671726227
                ],
                [
                    -0.11631304025650024,
                    -0.4221338629722595,
                    0.8990408182144165
                ]
            ],
            [
                [
                    0.8682106137275696,
                    -0.4726291000843048,
                    0.15110258758068085
                ],
                [
                    0.4396682679653168,
                    0.8739216327667236,
                    0.20725052058696747
                ],
                [
                    -0.2300044447183609,
                    -0.11350210011005402,
                    0.9665480256080627
                ]
            ],
            [
                [
                    0.9202851057052612,
                    -0.17979876697063446,
                    -0.34748750925064087
                ],
                [
                    -0.24781391024589539,
                    0.4194045066833496,
                    -0.8733201026916504
                ],
                [
                    0.30275967717170715,
                    0.8898158669471741,
                    0.34141507744789124
                ]
            ],
            [
                [
                    0.9968605637550354,
                    -0.07746843248605728,
                    -0.01636430248618126
                ],
                [
                    0.07189873605966568,
                    0.7991072535514832,
                    0.5968737602233887
                ],
                [
                    -0.033162038773298264,
                    -0.5961763858795166,
                    0.8021683692932129
                ]
            ],
            [
                [
                    0.8907560706138611,
                    -0.4428672790527344,
                    -0.10208878666162491
                ],
                [
                    0.35400426387786865,
                    0.8169649243354797,
                    -0.45524632930755615
                ],
                [
                    0.28501665592193604,
                    0.3693735897541046,
                    0.884493350982666
                ]
            ]
        ],
        "betas": [
            -0.016203343868255615,
            -0.10859131813049316,
            0.03007882833480835,
            -0.0037848055362701416,
            0.05990642309188843,
            -0.02630734071135521,
            0.004527956247329712,
            0.0035096853971481323,
            0.029033854603767395,
            -0.004919588565826416
        ]
    },
    "pred_cam_t": [
        -0.09644836187362671,
        -0.05826406925916672,
        5.095527648925781
    ],
    "focal_length": [
        5000.0,
        5000.0
    ],
    "pred_keypoints_3d": [
        [
            0.09575957804918289,
            0.006397278979420662,
            0.006208391860127449
        ],
        [
            0.07724317908287048,
            0.023064399138092995,
            0.03566352277994156
        ],
        [
            0.07139012962579727,
            0.050215043127536774,
            0.04898274689912796
        ],
        [
            0.07310820370912552,
            0.07332441210746765,
            0.06304635852575302
        ],
        [
            0.07042007148265839,
            0.10759527236223221,
            0.06583472341299057
        ],
        [
            0.1076088547706604,
            0.06800444424152374,
            0.07162505388259888
        ],
        [
            0.10647143423557281,
            0.10093271732330322,
            0.07348813861608505
        ],
        [
            0.09638433903455734,
            0.11890079081058502,
            0.06518825888633728
        ],
        [
            0.08376853168010712,
            0.13912707567214966,
            0.05790700018405914
        ],
        [
            0.12504522502422333,
            0.08011721074581146,
            0.05807717144489288
        ],
        [
            0.11282044649124146,
            0.1093311682343483,
            0.055836424231529236
        ],
        [
            0.09594603627920151,
            0.12166916579008102,
            0.04551193490624428
        ],
        [
            0.07430142164230347,
            0.13231675326824188,
            0.036369215697050095
        ],
        [
            0.13132575154304504,
            0.08051688969135284,
            0.0320880264043808
        ],
        [
            0.12242826074361801,
            0.10742387175559998,
            0.03762711212038994
        ],
        [
            0.10394947230815887,
            0.1214824691414833,
            0.028886307030916214
        ],
        [
            0.08058670163154602,
            0.1284840703010559,
            0.022884033620357513
        ],
        [
            0.131226047873497,
            0.08021230250597,
            0.010256113484501839
        ],
        [
            0.1291310340166092,
            0.10112037509679794,
            0.012940381653606892
        ],
        [
            0.11661303788423538,
            0.11525589227676392,
            0.010754993185400963
        ],
        [
            0.09768678992986679,
            0.1252981573343277,
            0.011347372084856033
        ]
    ],
    "pred_vertices": [
        [
            0.08980812877416611,
            0.0465056337416172,
            0.041875217109918594
        ],
        [
            0.08652831614017487,
            0.03888154774904251,
            0.03389358147978783
        ],
        [
            0.08446910977363586,
            0.04577399790287018,
            0.038983412086963654
        ],
        [
            0.08670186996459961,
            0.05056348815560341,
            0.04826188459992409
        ],
        [
            0.07019670307636261,
            0.03992176428437233,
            0.02496110275387764
        ],
        [
            0.06101568415760994,
            0.033146776258945465,
            0.027851302176713943
        ],
        [
            0.061927035450935364,
            0.047544948756694794,
            0.03676892817020416
        ],
        [
            0.06943149864673615,
            0.0522143691778183,
            0.032478753477334976
        ],
        [
            0.08624881505966187,
            0.0540396086871624,
            0.054051473736763
        ],
        [
            0.08287651836872101,
            0.05256783217191696,
            0.04364945366978645
        ],
        [
            0.08803977072238922,
            0.053165920078754425,
            0.05730639770627022
        ],
        [
            0.09437307715415955,
            0.05088905245065689,
            0.06890808790922165
        ],
        [
            0.09097360819578171,
            0.05455218628048897,
            0.06381583958864212
        ],
        [
            0.09957486391067505,
            0.053743332624435425,
            0.07461217790842056
        ],
        [
            0.09812350571155548,
            0.04087953642010689,
            0.06943539530038834
        ],
        [
            0.10831934213638306,
            0.05016990005970001,
            0.07539508491754532
        ],
        [
            0.11884774267673492,
            0.03521716967225075,
            0.05186331272125244
        ],
        [
            0.12513111531734467,
            0.03703176975250244,
            0.039852775633335114
        ],
        [
            0.13157396018505096,
            0.051318515092134476,
            0.0482763834297657
        ],
        [
            0.12379148602485657,
            0.048527464270591736,
            0.05937810614705086
        ],
        [
            0.13406193256378174,
            0.0516042485833168,
            0.027279365807771683
        ],
        [
            0.13308121263980865,
            0.0521351657807827,
            0.03918997943401337
        ],
        [
            0.12788458168506622,
            0.037336260080337524,
            0.031215786933898926
        ],
        [
            0.12894794344902039,
            0.03775821253657341,
            0.020971648395061493
        ],
        [
            0.09547394514083862,
            0.043988510966300964,
            0.028155766427516937
        ],
        [
            0.09160040318965912,
            0.03612199053168297,
            0.021307408809661865
        ],
        [
            0.09014219045639038,
            0.03547654300928116,
            0.026734422892332077
        ],
        [
            0.0933721587061882,
            0.043616559356451035,
            0.03316473960876465
        ],
        [
            0.08222486078739166,
            0.051695965230464935,
            0.060161031782627106
        ],
        [
            0.083528071641922,
            0.039648428559303284,
            0.06246417760848999
        ],
        [
            0.08795800805091858,
            0.04603089764714241,
            0.06190333142876625
        ],
        [
            0.0836029201745987,
            0.05596502125263214,
            0.05678708478808403
        ],
        [
            0.08189522475004196,
            0.0239870585501194,
            -0.003134753555059433
        ],
        [
            0.08196291327476501,
            0.010882548987865448,
            -0.0065339915454387665
        ],
        [
            0.07959411293268204,
            0.008848011493682861,
            -0.001466400921344757
        ],
        [
            0.08035419136285782,
            0.020963236689567566,
            0.0007772184908390045
        ],
        [
            0.06646524369716644,
            0.012105051428079605,
            0.016553718596696854
        ],
        [
            0.07097982615232468,
            0.0023403912782669067,
            0.013303522020578384
        ],
        [
            0.07174383103847504,
            -0.008697211742401123,
            0.02047669142484665
        ],
        [
            0.06844998896121979,
            0.00013437122106552124,
            0.02673373743891716
        ],
        [
            0.0627017617225647,
            0.022746574133634567,
            0.022208988666534424
        ],
        [
            0.06164530664682388,
            0.012508634477853775,
            0.03092777729034424
        ],
        [
            0.05876848101615906,
            0.025579944252967834,
            0.03591145947575569
        ],
        [
            0.06017366051673889,
            0.04144785553216934,
            0.043710630387067795
        ],
        [
            0.08955205231904984,
            0.013555057346820831,
            -0.016519252210855484
        ],
        [
            0.09014244377613068,
            0.023738034069538116,
            -0.015708371996879578
        ],
        [
            0.09387011080980301,
            0.1002674475312233,
            0.068733349442482
        ],
        [
            0.096622034907341,
            0.10156149417161942,
            0.06357885897159576
        ],
        [
            0.09690496325492859,
            0.09622874110937119,
            0.06418636441230774
        ],
        [
            0.09432677179574966,
            0.0961754247546196,
            0.0692814290523529
        ],
        [
            0.10955330729484558,
            0.015884242951869965,
            -0.018329374492168427
        ],
        [
            0.11746609210968018,
            0.011350654065608978,
            -0.014000464230775833
        ],
        [
            0.11452507972717285,
            0.006522022187709808,
            -0.018607676029205322
        ],
        [
            0.10612209141254425,
            0.009824901819229126,
            -0.021290622651576996
        ],
        [
            0.11398553848266602,
            0.02390146255493164,
            -0.014320909976959229
        ],
        [
            0.12083469331264496,
            0.018227338790893555,
            -0.007366888225078583
        ],
        [
            0.10116305202245712,
            0.1035875454545021,
            0.07873652875423431
        ],
        [
            0.096434585750103,
            0.10225437581539154,
            0.07712975889444351
        ],
        [
            0.09848979860544205,
            0.09773718565702438,
            0.07840725779533386
        ],
        [
            0.10368448495864868,
            0.09807394444942474,
            0.07925426959991455
        ],
        [
            0.08977153152227402,
            0.055159665644168854,
            0.05686206370592117
        ],
        [
            0.09203039854764938,
            0.05400030314922333,
            0.048384904861450195
        ],
        [
            0.09651243686676025,
            0.06708568334579468,
            0.06560733914375305
        ],
        [
            0.09612759947776794,
            0.06232200562953949,
            0.05879295989871025
        ],
        [
            0.09347271174192429,
            0.05918204039335251,
            0.06433215737342834
        ],
        [
            0.09493536502122879,
            0.06332534551620483,
            0.0699872374534607
        ],
        [
            0.105626180768013,
            0.062401123344898224,
            0.037162698805332184
        ],
        [
            0.10152021050453186,
            0.053101807832717896,
            0.031436093151569366
        ],
        [
            0.09935905784368515,
            0.05318522825837135,
            0.03766141086816788
        ],
        [
            0.10236918926239014,
            0.06334955245256424,
            0.04509684816002846
        ],
        [
            0.10485567897558212,
            0.056231290102005005,
            0.01804967224597931
        ],
        [
            0.1090405210852623,
            0.06490536034107208,
            0.024897221475839615
        ],
        [
            0.11047634482383728,
            0.06568248569965363,
            0.016493655741214752
        ],
        [
            0.10641416907310486,
            0.05986599624156952,
            0.01284101977944374
        ],
        [
            0.11548583209514618,
            0.07763244211673737,
            0.03934841603040695
        ],
        [
            0.1177292987704277,
            0.08140092343091965,
            0.042887602001428604
        ],
        [
            0.11794749647378922,
            0.08360646665096283,
            0.03985019028186798
        ],
        [
            0.11635607481002808,
            0.07804007083177567,
            0.03575460985302925
        ],
        [
            0.1122724711894989,
            0.0010063275694847107,
            -0.022479407489299774
        ],
        [
            0.10282110422849655,
            0.0036034807562828064,
            -0.023223966360092163
        ],
        [
            0.13394154608249664,
            0.05454370006918907,
            0.005659053102135658
        ],
        [
            0.12796033918857574,
            0.05532960966229439,
            -0.003804335370659828
        ],
        [
            0.13243281841278076,
            0.06706264615058899,
            -0.0005384311079978943
        ],
        [
            0.1382000595331192,
            0.06308266520500183,
            0.00891251303255558
        ],
        [
            0.12121722102165222,
            0.007329270243644714,
            -0.005178831517696381
        ],
        [
            0.1201196014881134,
            0.0024813562631607056,
            -0.011260684579610825
        ],
        [
            0.10678798705339432,
            0.10514767467975616,
            0.07654021680355072
        ],
        [
            0.10882113873958588,
            0.09903009980916977,
            0.07654804736375809
        ],
        [
            0.06520254164934158,
            0.01572323590517044,
            0.04469769448041916
        ],
        [
            0.06304074823856354,
            0.03536607697606087,
            0.05111261457204819
        ],
        [
            0.07095115631818771,
            0.0013942942023277283,
            0.03789764270186424
        ],
        [
            0.07728224247694016,
            -0.007504723966121674,
            0.031958598643541336
        ],
        [
            0.07999962568283081,
            -0.015262916684150696,
            0.026792701333761215
        ],
        [
            0.09993300586938858,
            0.0666675940155983,
            0.05590536445379257
        ],
        [
            0.0948580726981163,
            0.0505550354719162,
            0.0404093861579895
        ],
        [
            0.09708103537559509,
            0.044776104390621185,
            0.02338540181517601
        ],
        [
            0.10468502342700958,
            0.05627214536070824,
            -0.004170585423707962
        ],
        [
            0.1002277359366417,
            0.04799378290772438,
            -0.009034529328346252
        ],
        [
            0.09708944708108902,
            0.04895981401205063,
            0.0011157244443893433
        ],
        [
            0.1022004634141922,
            0.05571220815181732,
            0.003438502550125122
        ],
        [
            0.12022385746240616,
            0.06020008772611618,
            -0.007701795548200607
        ],
        [
            0.11381112039089203,
            0.06369185447692871,
            -0.0044615380465984344
        ],
        [
            0.11772887408733368,
            0.07084151357412338,
            -0.0006598271429538727
        ],
        [
            0.12433366477489471,
            0.06920017302036285,
            -0.0037566162645816803
        ],
        [
            0.07636873424053192,
            0.04893019050359726,
            0.06328628957271576
        ],
        [
            0.07828023284673691,
            0.03498946875333786,
            0.062212683260440826
        ],
        [
            0.0996970534324646,
            0.01965159922838211,
            -0.019463010132312775
        ],
        [
            0.09641512483358383,
            0.012602053582668304,
            -0.02012033760547638
        ],
        [
            0.0951964259147644,
            0.004380859434604645,
            -0.022035062313079834
        ],
        [
            0.0853804349899292,
            0.02961859107017517,
            0.01001618430018425
        ],
        [
            0.0790787860751152,
            0.018876686692237854,
            0.0034757182002067566
        ],
        [
            0.07686343789100647,
            0.01834540069103241,
            0.007320620119571686
        ],
        [
            0.08517631143331528,
            0.028068765997886658,
            0.0133083276450634
        ],
        [
            0.08132433891296387,
            0.03384535387158394,
            0.024457059800624847
        ],
        [
            0.07175549864768982,
            0.027537740767002106,
            0.017987489700317383
        ],
        [
            0.08027176558971405,
            0.044257741421461105,
            0.029112868010997772
        ],
        [
            0.0757693350315094,
            0.00475408136844635,
            0.004613030701875687
        ],
        [
            0.07749015092849731,
            -0.0005841031670570374,
            -0.00497860461473465
        ],
        [
            0.07441022992134094,
            -0.004311427474021912,
            0.0025136470794677734
        ],
        [
            0.08280088007450104,
            0.002033635973930359,
            -0.012790892273187637
        ],
        [
            0.08883946388959885,
            0.003991700708866119,
            -0.019035495817661285
        ],
        [
            0.12091145664453506,
            -0.004418693482875824,
            -0.01620456948876381
        ],
        [
            0.07299637794494629,
            -0.007408998906612396,
            0.010081283748149872
        ],
        [
            0.0696050375699997,
            0.058502987027168274,
            0.039364077150821686
        ],
        [
            0.069302037358284,
            0.0636138767004013,
            0.04566454514861107
        ],
        [
            0.07697378098964691,
            0.06391981244087219,
            0.0457918643951416
        ],
        [
            0.07767356932163239,
            0.0594395287334919,
            0.04056117683649063
        ],
        [
            0.10356995463371277,
            0.06067489832639694,
            0.07917492091655731
        ],
        [
            0.09709760546684265,
            0.062278859317302704,
            0.07518275082111359
        ],
        [
            0.09404145181179047,
            0.05575617030262947,
            0.07022425532341003
        ],
        [
            0.08733043074607849,
            0.03433967009186745,
            -0.0027320757508277893
        ],
        [
            0.09387218952178955,
            0.03371121734380722,
            -0.013515856117010117
        ],
        [
            0.100559763610363,
            0.07106470316648483,
            0.06249970942735672
        ],
        [
            0.10641997307538986,
            0.09409770369529724,
            0.08075352758169174
        ],
        [
            0.1005270779132843,
            0.09318647533655167,
            0.0801461860537529
        ],
        [
            0.10255640000104904,
            0.07578647136688232,
            0.08123917132616043
        ],
        [
            0.10929065197706223,
            0.07740630954504013,
            0.08195208758115768
        ],
        [
            0.10870129615068436,
            0.07697654515504837,
            0.06280546635389328
        ],
        [
            0.10227978229522705,
            0.0740651786327362,
            0.0628395602107048
        ],
        [
            0.10370677709579468,
            0.0758565217256546,
            0.06258361041545868
        ],
        [
            0.10900850594043732,
            0.07942953705787659,
            0.06080229580402374
        ],
        [
            0.11943697929382324,
            0.08281249552965164,
            0.0307149700820446
        ],
        [
            0.11772288382053375,
            0.07787896692752838,
            0.02715953253209591
        ],
        [
            0.12552252411842346,
            0.06362062692642212,
            0.06474483758211136
        ],
        [
            0.1210956871509552,
            0.0571727529168129,
            0.0759560838341713
        ],
        [
            0.11699999123811722,
            0.04656760022044182,
            0.06945295631885529
        ],
        [
            0.10759362578392029,
            0.06295858323574066,
            0.029982449486851692
        ],
        [
            0.11162148416042328,
            0.0714297965168953,
            0.03440695255994797
        ],
        [
            0.11297466605901718,
            0.07206961512565613,
            0.030525153502821922
        ],
        [
            0.10314950346946716,
            0.0700940489768982,
            0.055172406136989594
        ],
        [
            0.10519716143608093,
            0.07400376349687576,
            0.059786975383758545
        ],
        [
            0.10734854638576508,
            0.07393736392259598,
            0.05563494563102722
        ],
        [
            0.10534317791461945,
            0.07004936039447784,
            0.050183892250061035
        ],
        [
            0.12404487282037735,
            0.043459728360176086,
            -0.008024955168366432
        ],
        [
            0.11521188169717789,
            0.04935945197939873,
            -0.012849574908614159
        ],
        [
            0.09376902133226395,
            0.10078229010105133,
            0.07352922856807709
        ],
        [
            0.09502995014190674,
            0.09665173292160034,
            0.0745941698551178
        ],
        [
            0.10348368436098099,
            0.05382277071475983,
            0.024524642154574394
        ],
        [
            0.11125334352254868,
            0.03545261546969414,
            0.06082616001367569
        ],
        [
            0.09847366809844971,
            0.0457846075296402,
            0.018170807510614395
        ],
        [
            0.13674618303775787,
            0.07365796715021133,
            0.025507662445306778
        ],
        [
            0.1322314292192459,
            0.07905363291501999,
            0.02154538407921791
        ],
        [
            0.13099926710128784,
            0.08395146578550339,
            0.024516291916370392
        ],
        [
            0.1352652758359909,
            0.08243171870708466,
            0.028265200555324554
        ],
        [
            0.10860438644886017,
            0.09368041157722473,
            0.06101129576563835
        ],
        [
            0.10271329432725906,
            0.0934036523103714,
            0.061207517981529236
        ],
        [
            0.10172845423221588,
            0.09722912311553955,
            0.060376014560461044
        ],
        [
            0.10745768249034882,
            0.09840551763772964,
            0.06061716005206108
        ],
        [
            0.098067507147789,
            0.07164740562438965,
            0.06618034094572067
        ],
        [
            0.095812126994133,
            0.0690879225730896,
            0.07153338193893433
        ],
        [
            0.09644166380167007,
            0.07469587028026581,
            0.07087383419275284
        ],
        [
            0.09966292977333069,
            0.07570892572402954,
            0.06587183475494385
        ],
        [
            0.09812262654304504,
            0.06858991831541061,
            0.07694900780916214
        ],
        [
            0.0979820266366005,
            0.07455133646726608,
            0.07701678574085236
        ],
        [
            0.11362970620393753,
            0.09427426010370255,
            0.06489784270524979
        ],
        [
            0.11490591615438461,
            0.09468540549278259,
            0.07223265618085861
        ],
        [
            0.11846344918012619,
            0.08013714849948883,
            0.07162787020206451
        ],
        [
            0.11509213596582413,
            0.08204204589128494,
            0.06457526981830597
        ],
        [
            0.12543189525604248,
            0.024062536656856537,
            0.015325717628002167
        ],
        [
            0.12625636160373688,
            0.026905521750450134,
            0.004556916654109955
        ],
        [
            0.12992580235004425,
            0.04056065157055855,
            0.00987992063164711
        ],
        [
            0.13479506969451904,
            0.05375000089406967,
            0.014877181500196457
        ],
        [
            0.13809794187545776,
            0.06626738607883453,
            0.02033628709614277
        ],
        [
            0.13949303328990936,
            0.06318958103656769,
            0.032364875078201294
        ],
        [
            0.12935368716716766,
            0.04148196056485176,
            0.0017392635345458984
        ],
        [
            0.11655564606189728,
            0.0745418444275856,
            0.06330929696559906
        ],
        [
            0.12054091691970825,
            0.07009624689817429,
            0.07020153850317001
        ],
        [
            0.12157797068357468,
            0.07100989669561386,
            0.06500975787639618
        ],
        [
            0.0992751270532608,
            0.04857885092496872,
            0.011295594274997711
        ],
        [
            0.0965871512889862,
            0.09234612435102463,
            0.07695625722408295
        ],
        [
            0.10179059207439423,
            -0.010878615081310272,
            0.028843611478805542
        ],
        [
            0.11193805187940598,
            -0.008460678160190582,
            0.019779223948717117
        ],
        [
            0.1118999794125557,
            -0.0016579404473304749,
            0.025376174598932266
        ],
        [
            0.09953227639198303,
            -0.003713376820087433,
            0.03547525778412819
        ],
        [
            0.09718698263168335,
            0.09255918860435486,
            0.06538528203964233
        ],
        [
            0.0946110337972641,
            0.09196476638317108,
            0.07105712592601776
        ],
        [
            0.11998135596513748,
            0.08056332170963287,
            0.021562878042459488
        ],
        [
            0.12170714884996414,
            0.0845322459936142,
            0.025698233395814896
        ],
        [
            0.12482911348342896,
            0.08597477525472641,
            0.024096406996250153
        ],
        [
            0.12291398644447327,
            0.0844695046544075,
            0.018560010939836502
        ],
        [
            0.12541717290878296,
            0.027369685471057892,
            -0.0013357922434806824
        ],
        [
            0.13318568468093872,
            0.07539951801300049,
            0.0012779179960489273
        ],
        [
            0.13893750309944153,
            0.07132226973772049,
            0.00956234335899353
        ],
        [
            0.12302980571985245,
            0.014887556433677673,
            0.00034088268876075745
        ],
        [
            0.12287026643753052,
            0.012040786445140839,
            0.009716276079416275
        ],
        [
            0.12123864144086838,
            0.0035741329193115234,
            0.005144126713275909
        ],
        [
            0.13520944118499756,
            0.06768286228179932,
            0.04643033817410469
        ],
        [
            0.12446451932191849,
            0.024084437638521194,
            0.02398204430937767
        ],
        [
            0.1212572306394577,
            0.011582359671592712,
            0.017223984003067017
        ],
        [
            0.11922360956668854,
            0.0014372915029525757,
            0.012103743851184845
        ],
        [
            0.11861199140548706,
            -0.005801625549793243,
            0.007984146475791931
        ],
        [
            0.12075033038854599,
            -0.002668999135494232,
            0.0007322095334529877
        ],
        [
            0.11145974695682526,
            0.09457910060882568,
            0.07715956121683121
        ],
        [
            0.11300553381443024,
            0.1002405658364296,
            0.07110780477523804
        ],
        [
            0.12177706509828568,
            -0.010246522724628448,
            -0.0042034052312374115
        ],
        [
            0.11868533492088318,
            -0.01325564831495285,
            0.004056282341480255
        ],
        [
            0.11802756786346436,
            0.010508015751838684,
            0.025840040296316147
        ],
        [
            0.11221110820770264,
            0.00961921364068985,
            0.03613176569342613
        ],
        [
            0.12107013165950775,
            0.022756531834602356,
            0.03197437524795532
        ],
        [
            0.1160723939538002,
            0.022765442728996277,
            0.04259108006954193
        ],
        [
            0.13600371778011322,
            0.06205474212765694,
            0.05599873885512352
        ],
        [
            0.10606898367404938,
            0.11762307584285736,
            0.0655207559466362
        ],
        [
            0.11054074764251709,
            0.10694204270839691,
            0.0651501715183258
        ],
        [
            0.10682458430528641,
            0.10504735261201859,
            0.061043631285429
        ],
        [
            0.10464560240507126,
            0.11643391847610474,
            0.06168188899755478
        ],
        [
            0.11187304556369781,
            0.0995737761259079,
            0.06435562670230865
        ],
        [
            0.11080501973628998,
            0.10646013915538788,
            0.07102708518505096
        ],
        [
            0.10527034848928452,
            0.02282041311264038,
            0.05346846580505371
        ],
        [
            0.10973203927278519,
            0.07713565975427628,
            0.059203438460826874
        ],
        [
            0.09652875363826752,
            0.009508177638053894,
            0.047246724367141724
        ],
        [
            0.09417520463466644,
            0.02924223244190216,
            0.06433408707380295
        ],
        [
            0.08548253029584885,
            0.021209444850683212,
            0.05866494029760361
        ],
        [
            0.08548711985349655,
            -0.003205709159374237,
            0.0408889576792717
        ],
        [
            0.07714010030031204,
            0.009758371859788895,
            0.05076339840888977
        ],
        [
            0.09103567153215408,
            -0.01737983524799347,
            0.028035886585712433
        ],
        [
            0.08999577164649963,
            -0.010165408253669739,
            0.03390757739543915
        ],
        [
            0.07130660861730576,
            0.025119684636592865,
            0.056050486862659454
        ],
        [
            0.09207545965909958,
            0.11018911749124527,
            0.06499645859003067
        ],
        [
            0.0957917869091034,
            0.1109500527381897,
            0.06069069355726242
        ],
        [
