{
    "pred_cam": [
        11.007467269897461,
        0.11555858701467514,
        -0.052568551152944565
    ],
    "pred_mano_params": {
        "global_orient": [
            [
                [
                    0.08020829409360886,
                    -0.9695765376091003,
                    0.23127463459968567
                ],
                [
                    -0.7708114385604858,
                    -0.2074432522058487,
                    -0.602342963218689
                ],
                [
                    0.6319939494132996,
                    -0.12995624542236328,
                    -0.7639994025230408
                ]
            ]
        ],
        "hand_pose": [
            [
                [
                    0.596867561340332,
                    -0.6698572635650635,
                    -0.44163376092910767
                ],
                [
                    0.6660006642341614,
                    0.7205870747566223,
                    -0.19286619126796722
                ],
                [
                    0.4474283754825592,
                    -0.17901283502578735,
                    0.8762204647064209
                ]
            ],
            [
                [
                    0.9623897671699524,
                    -0.2115950882434845,
                    0.17039188742637634
                ],
                [
                    0.2511582672595978,
                    0.9320597648620605,
                    -0.2611209750175476
                ],
                [
                    -0.10356349498033524,
                    0.294095516204834,
                    0.9501486420631409
                ]
            ],
            [
                [
                    0.7854152321815491,
                    -0.6186947822570801,
                    -0.018430737778544426
                ],
                [
                    0.5960190296173096,
                    0.7639912962913513,
                    -0.2471407651901245
                ],
                [
                    0.1669856160879135,
                    0.18312305212020874,
                    0.9688042402267456
                ]
            ],
            [
                [
                    0.45859667658805847,
                    -0.8590171337127686,
                    -0.22754918038845062
                ],
                [
                    0.8693758845329285,
                    0.48672905564308167,
                    -0.0853254571557045
                ],
                [
                    0.18405082821846008,
                    -0.158695787191391,
                    0.9700210690498352
                ]
            ],
            [
                [
                    0.9494642615318298,
                    -0.30371686816215515,
                    -0.07920648157596588
                ],
                [
                    0.31368616223335266,
                    0.9094272255897522,
                    0.27302584052085876
                ],
                [
                    -0.010890018194913864,
                    -0.28407424688339233,
                    0.9587404131889343
                ]
            ],
            [
                [
                    0.8453669548034668,
                    -0.47426536679267883,
                    -0.2458193153142929
                ],
                [
                    0.5053477883338928,
                    0.8591761589050293,
                    0.08024945855140686
                ],
                [
                    0.17314255237579346,
                    -0.19206449389457703,
                    0.9659880995750427
                ]
            ],
            [
                [
                    0.4225015640258789,
                    -0.7351244688034058,
                    0.5301739573478699
                ],
                [
                    0.7426177263259888,
                    0.6161259412765503,
                    0.26250284910202026
                ],
                [
                    -0.519626259803772,
                    0.28280869126319885,
                    0.8062306046485901
                ]
            ],
            [
                [
                    0.8493542671203613,
                    -0.4052971601486206,
                    -0.3381294012069702
                ],
                [
                    0.5270043611526489,
                    0.6868466734886169,
                    0.5005077719688416
                ],
                [
                    0.029388638213276863,
                    -0.6033041477203369,
                    0.7969695329666138
                ]
            ],
            [
                [
                    0.7341266870498657,
                    -0.6401591300964355,
                    0.22639401257038116
                ],
                [
                    0.6263150572776794,
                    0.767189621925354,
                    0.13838185369968414
                ],
                [
                    -0.26227355003356934,
                    0.04020417481660843,
                    0.9641556739807129
                ]
            ],
            [
                [
                    0.5488206148147583,
                    -0.8262491822242737,
                    0.12691806256771088
                ],
                [
                    0.8357781767845154,
                    0.5453415513038635,
                    -0.06385393440723419
                ],
                [
                    -0.016454437747597694,
                    0.14111970365047455,
                    0.9898557662963867
                ]
            ],
            [
                [
                    0.8413183093070984,
                    -0.5066446661949158,
                    -0.18840019404888153
                ],
                [
                    0.5375691056251526,
                    0.7477361559867859,
                    0.3897564113140106
                ],
                [
                    -0.056594379246234894,
                    -0.4291873574256897,
                    0.9014406204223633
                ]
            ],
            [
                [
                    0.7711696624755859,
                    -0.5610517263412476,
                    -0.3008626103401184
                ],
                [
                    0.6129542589187622,
                    0.7820263504981995,
                    0.11279076337814331
                ],
                [
                    0.17200107872486115,
                    -0.27139586210250854,
                    0.9469740390777588
                ]
            ],
            [
                [
                    0.9711230993270874,
                    0.0855543464422226,
                    -0.2227117270231247
                ],
                [
                    -0.21793262660503387,
                    0.6979711055755615,
                    -0.6821595430374146
                ],
                [
                    0.0970846563577652,
                    0.7109969854354858,
                    0.6964609622955322
                ]
            ],
            [
                [
                    0.9310871958732605,
                    -0.24310140311717987,
                    -0.27198946475982666
                ],
                [
                    0.3604888319969177,
                    0.7273953557014465,
                    0.583903968334198
                ],
                [
                    0.05589599534869194,
                    -0.6417146921157837,
                    0.7649038434028625
                ]
            ],
            [
                [
                    0.9035682082176208,
                    0.34275513887405396,
                    0.25706690549850464
                ],
                [
                    -0.31496724486351013,
                    0.9381487965583801,
                    -0.14377941191196442
                ],
                [
                    -0.2904481291770935,
                    0.04894685372710228,
                    0.95563805103302
                ]
            ]
        ],
        "betas": [
            0.020056843757629395,
            -0.10245558619499207,
            -0.0014182329177856445,
            0.018113046884536743,
            0.011442422866821289,
            0.020741797983646393,
            0.0809599906206131,
            -0.08197125792503357,
            -0.0018092244863510132,
            0.015447884798049927
        ]
    },
    "pred_cam_t": [
        -0.11555858701467514,
        -0.052568551152944565,
        3.54872727394104
    ],
    "focal_length": [
        5000.0,
        5000.0
    ],
    "pred_keypoints_3d": [
        [
            0.09562866389751434,
            0.0063752238638699055,
            0.006208787672221661
        ],
        [
            0.11466413736343384,
            0.012555990368127823,
            -0.02663727104663849
        ],
        [
            0.12713249027729034,
            0.024425100535154343,
            -0.05206349119544029
        ],
        [
            0.13234637677669525,
            0.042968474328517914,
            -0.0710715651512146
        ],
        [
            0.1344984471797943,
            0.05184323340654373,
            -0.10657826066017151
        ],
        [
            0.0983787253499031,
            0.06292229145765305,
            -0.06442654877901077
        ],
        [
            0.11213496327400208,
            0.09285309165716171,
            -0.06632973253726959
        ],
        [
            0.12856057286262512,
            0.10764825344085693,
            -0.06436406075954437
        ],
        [
            0.14887434244155884,
            0.11568760126829147,
            -0.051071904599666595
        ],
        [
            0.0887223482131958,
            0.08168269693851471,
            -0.0507550984621048
        ],
        [
            0.1098366528749466,
            0.10515663772821426,
            -0.04793740063905716
        ],
        [
            0.13043640553951263,
            0.11377409100532532,
            -0.04136904329061508
        ],
        [
            0.15278828144073486,
            0.11471661180257797,
            -0.028236912563443184
        ],
        [
            0.08674879372119904,
            0.08628460764884949,
            -0.024552445858716965
        ],
        [
            0.1058458536863327,
            0.10724905133247375,
            -0.029780639335513115
        ],
        [
            0.12736579775810242,
            0.11338448524475098,
            -0.019163712859153748
        ],
        [
            0.14508581161499023,
            0.10971302539110184,
            -0.0008980445563793182
        ],
        [
            0.08974310010671616,
            0.08749864250421524,
            -0.0030204737558960915
        ],
        [
            0.10372591018676758,
            0.10218621045351028,
            -0.008852332830429077
        ],
        [
            0.12004470825195312,
            0.10789413005113602,
            -0.0011194334365427494
        ],
        [
            0.13399718701839447,
            0.10325856506824493,
            0.007223598193377256
        ]
    ],
    "pred_vertices": [
        [
            0.11169026046991348,
            0.03858719393610954,
            -0.035154931247234344
        ],
        [
            0.11414121836423874,
            0.03150743991136551,
            -0.027575310319662094
        ],
        [
            0.11888758093118668,
            0.03453131765127182,
            -0.036519214510917664
        ],
        [
            0.11577554792165756,
            0.039781246334314346,
            -0.04367545247077942
        ],
        [
            0.13164907693862915,
            0.021796390414237976,
            -0.025407005101442337
        ],
        [
            0.13504141569137573,
            0.010599583387374878,
            -0.02795901894569397
        ],
        [
            0.1388646811246872,
            0.020183436572551727,
            -0.042223356664180756
        ],
        [
            0.1367235779762268,
            0.02860291115939617,
            -0.03771708905696869
        ],
        [
            0.1173018217086792,
            0.0405489057302475,
            -0.051370471715927124
        ],
        [
            0.12272024154663086,
            0.0370853990316391,
            -0.04389750957489014
        ],
        [
            0.11526593565940857,
            0.038408808410167694,
            -0.054718874394893646
        ],
        [
            0.10497843474149704,
            0.040488846600055695,
            -0.06269421428442001
        ],
        [
            0.11040028929710388,
            0.0434831902384758,
            -0.05837592855095863
        ],
        [
            0.09995583444833755,
            0.04571276903152466,
            -0.06738407164812088
        ],
        [
            0.09695864468812943,
            0.03276817500591278,
            -0.06066279858350754
        ],
        [
            0.09029673784971237,
            0.04601678252220154,
            -0.06633098423480988
        ],
        [
            0.07861945033073425,
            0.038442518562078476,
            -0.03968615457415581
        ],
        [
            0.07530297338962555,
            0.04341720789670944,
            -0.02760113589465618
        ],
        [
            0.07351791113615036,
            0.05846001207828522,
            -0.03707825019955635
        ],
        [
            0.0780576691031456,
            0.05208404362201691,
            -0.04835217818617821
        ],
        [
            0.07408466190099716,
            0.0613783560693264,
            -0.016235684975981712
        ],
        [
            0.07367074489593506,
            0.0604977160692215,
            -0.028135184198617935
        ],
        [
            0.07408595830202103,
            0.04539697617292404,
            -0.01886698044836521
        ],
        [
            0.07466279715299606,
            0.04696378484368324,
            -0.008722817525267601
        ],
        [
            0.1068195104598999,
            0.0393957681953907,
            -0.019959203898906708
        ],
        [
            0.10859214514493942,
            0.0316820852458477,
            -0.012445908039808273
        ],
        [
            0.1094692051410675,
            0.030752595514059067,
            -0.017980031669139862
        ],
        [
            0.10810928046703339,
            0.03809084743261337,
            -0.02513209357857704
        ],
        [
            0.11765561252832413,
            0.03218405321240425,
            -0.05959445238113403
        ],
        [
            0.11030612885951996,
            0.023552697151899338,
            -0.05765732377767563
        ],
        [
            0.11044777929782867,
            0.03165242075920105,
            -0.057466745376586914
        ],
        [
            0.12030709534883499,
            0.03671029955148697,
            -0.05704755336046219
        ],
        [
            0.11610819399356842,
            0.01806723326444626,
            0.011881262063980103
        ],
        [
            0.1117970272898674,
            0.006232276558876038,
            0.016779717057943344
        ],
        [
            0.11255194991827011,
            0.0031649991869926453,
            0.011818282306194305
        ],
        [
            0.11585815250873566,
            0.014654621481895447,
            0.008356098085641861
        ],
        [
            0.12300188094377518,
            -0.0011974349617958069,
            -0.008679546415805817
        ],
        [
            0.11558014154434204,
            -0.0072908177971839905,
            -0.002764306962490082
        ],
        [
            0.10944215208292007,
            -0.018247194588184357,
            -0.008418649435043335
        ],
        [
            0.11392506957054138,
            -0.012783292680978775,
            -0.016420625150203705
        ],
        [
            0.13008002936840057,
            0.004787802696228027,
            -0.018042616546154022
        ],
        [
            0.12399684637784958,
            -0.006254903972148895,
            -0.024216823279857635
        ],
        [
            0.13071434199810028,
            0.0016505010426044464,
            -0.03388817980885506
        ],
        [
            0.13493478298187256,
            0.013313699513673782,
            -0.047244224697351456
        ],
        [
            0.10720650851726532,
            0.012270152568817139,
            0.027104273438453674
        ],
        [
            0.11021885275840759,
            0.02182866632938385,
            0.02517351135611534
        ],
        [
            0.12338101863861084,
            0.08944840729236603,
            -0.06631433963775635
        ],
        [
            0.12257762998342514,
            0.09144539386034012,
            -0.06085488572716713
        ],
        [
            0.12064816057682037,
            0.08658204227685928,
            -0.061098501086235046
        ],
        [
            0.12143893539905548,
            0.08590806275606155,
            -0.06680211424827576
        ],
        [
            0.08993097394704819,
            0.02215678244829178,
            0.030708974227309227
        ],
        [
            0.08041031658649445,
            0.020675785839557648,
            0.027780909091234207
        ],
        [
            0.08199051767587662,
            0.015435934066772461,
            0.03259219229221344
        ],
        [
            0.09128968417644501,
            0.015470832586288452,
            0.033983998000621796
        ],
        [
            0.08818867802619934,
            0.03097299486398697,
            0.026334064081311226
        ],
        [
            0.07889500260353088,
            0.02784082293510437,
            0.020797759294509888
        ],
        [
            0.11616247892379761,
            0.09625544399023056,
            -0.07432803511619568
        ],
        [
            0.12006748467683792,
            0.09294254332780838,
            -0.073808953166008
        ],
        [
            0.11609096825122833,
            0.08960819244384766,
            -0.07443566620349884
        ],
        [
            0.11170155555009842,
            0.09218497574329376,
            -0.07373091578483582
        ],
        [
            0.11253418028354645,
            0.044862423092126846,
            -0.051094748079776764
        ],
        [
            0.11107996106147766,
            0.04569380730390549,
            -0.04180654138326645
        ],
        [
            0.10914865881204605,
            0.05775846913456917,
            -0.06018924340605736
        ],
        [
            0.1086793839931488,
            0.054110847413539886,
            -0.05246736854314804
        ],
        [
            0.1092229038476944,
            0.04967556148767471,
            -0.058173902332782745
        ],
        [
            0.1084611564874649,
            0.05367240682244301,
            -0.06423859298229218
        ],
        [
            0.10293424129486084,
            0.059434786438941956,
            -0.029991505667567253
        ],
        [
            0.10410282015800476,
            0.04973435774445534,
            -0.023664535954594612
        ],
        [
            0.10528850555419922,
            0.04857277870178223,
            -0.030047060921788216
        ],
        [
            0.10517387092113495,
            0.05849722772836685,
            -0.038263097405433655
        ],
        [
            0.10394494980573654,
            0.05485090613365173,
            -0.010439466685056686
        ],
        [
            0.10234197974205017,
            0.06389951705932617,
            -0.017790770158171654
        ],
        [
            0.10227373987436295,
            0.06574170291423798,
            -0.009359141811728477
        ],
        [
            0.10447198152542114,
            0.059148091822862625,
            -0.005527064204216003
        ],
        [
            0.09921344369649887,
            0.07674677670001984,
            -0.03311373293399811
        ],
        [
            0.09785127639770508,
            0.08044420927762985,
            -0.036639273166656494
        ],
        [
            0.099540114402771,
            0.08323506265878677,
            -0.032995160669088364
        ],
        [
            0.09917452931404114,
            0.0777905136346817,
            -0.029308851808309555
        ],
        [
            0.08257614821195602,
            0.00978504866361618,
            0.03684575483202934
        ],
        [
            0.0923115685582161,
            0.008630350232124329,
            0.03630394861102104
        ],
        [
            0.07726933807134628,
            0.06604530662298203,
            0.005028961226344109
        ],
        [
            0.08422445505857468,
            0.06507602334022522,
            0.013913532719016075
        ],
        [
            0.08231409639120102,
            0.07829736173152924,
            0.009304855018854141
        ],
        [
            0.07466524094343185,
            0.07601281255483627,
            0.0006529390811920166
        ],
        [
            0.0742616280913353,
            0.017778992652893066,
            0.01995960623025894
        ],
        [
            0.0743536502122879,
            0.013323426246643066,
            0.02640862762928009
        ],
        [
            0.11249510198831558,
            0.099922314286232,
            -0.07103623449802399
        ],
        [
            0.1084870845079422,
            0.0949222519993782,
            -0.06962346285581589
        ],
        [
            0.11857885867357254,
            -0.004139460623264313,
            -0.037599530071020126
        ],
        [
            0.12746861577033997,
            0.009438298642635345,
            -0.05132861062884331
        ],
        [
            0.10952584445476532,
            -0.011873073875904083,
            -0.026385139673948288
        ],
        [
            0.10238844901323318,
            -0.016087710857391357,
            -0.01847182586789131
        ],
        [
            0.09848728030920029,
            -0.021580621600151062,
            -0.012441888451576233
        ],
        [
            0.10716741532087326,
            0.05966018885374069,
            -0.04972923547029495
        ],
        [
            0.10819358378648758,
            0.0442889928817749,
            -0.03299986571073532
        ],
        [
            0.10622784495353699,
            0.04099355638027191,
            -0.015178196132183075
        ],
        [
            0.10692251473665237,
            0.056496135890483856,
            0.011567499488592148
        ],
        [
            0.10875657945871353,
            0.04755937308073044,
            0.016856633126735687
        ],
        [
            0.11068901419639587,
            0.046442270278930664,
            0.006330303847789764
        ],
        [
            0.10808875411748886,
            0.05443165451288223,
            0.0038113966584205627
        ],
        [
            0.0936129242181778,
            0.06677496433258057,
            0.01640714518725872
        ],
        [
            0.10063009709119797,
            0.0670144110918045,
            0.012098778039216995
        ],
        [
            0.09811904281377792,
            0.07503663003444672,
            0.008315695449709892
        ],
        [
            0.09099849313497543,
            0.07699935138225555,
            0.01196613721549511
        ],
        [
            0.11894950270652771,
            0.02612987533211708,
            -0.06373012810945511
        ],
        [
            0.11208023130893707,
            0.016226865351200104,
            -0.05784505605697632
        ],
        [
            0.10050411522388458,
            0.021958306431770325,
            0.030354462563991547
        ],
        [
            0.10104436427354813,
            0.014251716434955597,
            0.03148416057229042
        ],
        [
            0.09943120926618576,
            0.006366260349750519,
            0.034247055649757385
        ],
        [
            0.11336533725261688,
            0.024213295429944992,
            -0.0010733641684055328
        ],
        [
            0.11592525988817215,
            0.012271128594875336,
            0.005930144339799881
        ],
        [
            0.11742327362298965,
            0.01084839552640915,
            0.0019632764160633087
        ],
        [
            0.11284223198890686,
            0.023046068847179413,
            -0.004014957696199417
        ],
        [
            0.11954382061958313,
            0.02556109055876732,
            -0.019212279468774796
        ],
        [
            0.1256333887577057,
            0.015444204211235046,
            -0.012909524142742157
        ],
        [
            0.12480872124433517,
            0.031083041802048683,
            -0.028995007276535034
        ],
        [
            0.11371557414531708,
            -0.0024492889642715454,
            0.006045568734407425
        ],
        [
            0.11161919683218002,
            -0.006088681519031525,
            0.01620316132903099
        ],
        [
            0.1120026633143425,
            -0.0112796351313591,
            0.008996620774269104
        ],
        [
            0.10874482989311218,
            -0.0011158734560012817,
            0.02413608878850937
        ],
        [
            0.10472974926233292,
            0.003397218883037567,
            0.0306762233376503
        ],
        [
            0.07176797837018967,
            0.007644191384315491,
            0.03219657391309738
        ],
        [
            0.11086250096559525,
            -0.01534571498632431,
            0.001758389174938202
        ],
        [
            0.1382172703742981,
            0.03220384940505028,
            -0.04725692793726921
        ],
        [
            0.13844574987888336,
            0.03561965376138687,
            -0.05518549680709839
        ],
        [
            0.13329771161079407,
            0.039828017354011536,
            -0.05278465151786804
        ],
        [
            0.1322491616010666,
            0.037024036049842834,
            -0.0461004376411438
        ],
        [
            0.09796679019927979,
            0.05430404469370842,
            -0.0717226043343544
        ],
        [
            0.10522427409887314,
            0.05330928787589073,
            -0.06905962526798248
        ],
        [
            0.10661160945892334,
            0.04592391103506088,
            -0.0638921707868576
        ],
        [
            0.11488771438598633,
            0.02957441285252571,
            0.010826315730810165
        ],
        [
            0.11011385917663574,
            0.03228700906038284,
            0.02227111905813217
        ],
        [
            0.10754527896642685,
            0.06282799690961838,
            -0.056976549327373505
        ],
        [
            0.10746168345212936,
            0.08900320529937744,
            -0.0738205537199974
        ],
        [
            0.11240324378013611,
            0.08586831390857697,
            -0.07481011748313904
        ],
        [
            0.10405217111110687,
            0.068812794983387,
            -0.07472818344831467
        ],
        [
            0.09848114848136902,
            0.0729570984840393,
            -0.07392498850822449
        ],
        [
            0.10270398110151291,
            0.07109075784683228,
            -0.056107308715581894
        ],
        [
            0.10734490305185318,
            0.06564655900001526,
            -0.05715079978108406
        ],
        [
            0.10687502473592758,
            0.06781547516584396,
            -0.056481342762708664
        ],
        [
            0.10388338565826416,
            0.07304699718952179,
            -0.05359985679388046
        ],
        [
            0.09895702451467514,
            0.08371645957231522,
            -0.023751886561512947
        ],
        [
            0.09896042943000793,
            0.07865767180919647,
            -0.020593788474798203
        ],
        [
            0.08158788830041885,
            0.06627345830202103,
            -0.05531575158238411
        ],
        [
            0.08128227293491364,
            0.05817364901304245,
            -0.06564661860466003
        ],
        [
            0.08192650973796844,
            0.04674345999956131,
            -0.05873005837202072
        ],
        [
            0.10231445729732513,
            0.06120791286230087,
            -0.022756781429052353
        ],
        [
            0.10113539546728134,
            0.07015591859817505,
            -0.027749625965952873
        ],
        [
            0.10066022723913193,
            0.07149864733219147,
            -0.02381105162203312
        ],
        [
            0.10562167316675186,
            0.06406238675117493,
            -0.049019183963537216
        ],
        [
            0.10484727472066879,
            0.06755729764699936,
            -0.05388938635587692
        ],
        [
            0.10320305079221725,
            0.06927391141653061,
            -0.04955815523862839
        ],
        [
            0.10422800481319427,
            0.06540825963020325,
            -0.04378984868526459
        ],
        [
            0.08485693484544754,
            0.052559129893779755,
            0.018915072083473206
        ],
        [
            0.09582151472568512,
            0.05492985248565674,
            0.022054467350244522
        ],
        [
            0.12258888781070709,
            0.09022309631109238,
            -0.07098806649446487
        ],
        [
            0.1196042001247406,
            0.08699154853820801,
            -0.07173571735620499
        ],
        [
            0.10349223762750626,
            0.05165167152881622,
            -0.01671086810529232
        ],
        [
            0.08417614549398422,
            0.034745097160339355,
            -0.049199409782886505
        ],
        [
            0.10598640143871307,
            0.04280785098671913,
            -0.009990587830543518
        ],
        [
            0.08022778481245041,
            0.0828845351934433,
            -0.01715203747153282
        ],
        [
            0.08744169026613235,
            0.08634380996227264,
            -0.013778476975858212
        ],
        [
            0.08985747396945953,
            0.08971679210662842,
            -0.016707247123122215
        ],
        [
            0.08492214977741241,
            0.08972188085317612,
            -0.02039409428834915
        ],
        [
            0.11011286079883575,
            0.08732221275568008,
            -0.05434636026620865
        ],
        [
            0.11513049155473709,
            0.08475187420845032,
            -0.05592963099479675
        ],
        [
            0.11771688610315323,
            0.0891713947057724,
            -0.056180380284786224
        ],
        [
            0.11309916526079178,
            0.09249959141016006,
            -0.054999157786369324
        ],
        [
            0.10956843197345734,
            0.061977848410606384,
            -0.06113265082240105
        ],
        [
            0.10957031697034836,
            0.05903615802526474,
            -0.06651927530765533
        ],
        [
            0.11129068583250046,
            0.06454293429851532,
            -0.06611178070306778
        ],
        [
            0.10980392247438431,
            0.06636052578687668,
            -0.06056305393576622
        ],
        [
            0.1062171459197998,
            0.05967829003930092,
            -0.07125341892242432
        ],
        [
            0.10854506492614746,
            0.06555786728858948,
            -0.07166124135255814
        ],
        [
            0.104981429874897,
            0.09023851901292801,
            -0.0569697842001915
        ],
        [
            0.10210555046796799,
            0.0919211134314537,
            -0.0636315792798996
        ],
        [
            0.09331181645393372,
            0.07819146662950516,
            -0.0620700940489769
        ],
        [
            0.09868509322404861,
            0.07814603298902512,
            -0.05591201037168503
        ],
        [
            0.07368111610412598,
            0.03335587680339813,
            -0.0018427260220050812
        ],
        [
            0.07542780041694641,
            0.0370757170021534,
            0.008541371673345566
        ],
        [
            0.07617372274398804,
            0.05078324303030968,
            0.0020095035433769226
        ],
        [
            0.07541221380233765,
            0.06478483974933624,
            -0.004127940163016319
        ],
        [
            0.07571306079626083,
            0.07746820896863937,
            -0.011181609705090523
        ],
        [
            0.07270807772874832,
            0.07379617542028427,
            -0.022430825978517532
        ],
        [
            0.07805550843477249,
            0.05204036459326744,
            0.009953238070011139
        ],
        [
            0.09456316381692886,
            0.07324341684579849,
            -0.05609157681465149
        ],
        [
            0.08793090283870697,
            0.06992577761411667,
            -0.06102375686168671
        ],
        [
            0.0884314477443695,
            0.07185597717761993,
            -0.057071465998888016
        ],
        [
            0.10718508809804916,
            0.046172164380550385,
            -0.003443922847509384
        ],
        [
            0.11639393866062164,
            0.08320917189121246,
            -0.07266164571046829
        ],
        [
            0.08030949532985687,
            -0.008951693773269653,
            -0.012809596955776215
        ],
        [
            0.07340489327907562,
            -0.002101130783557892,
            -0.0035445764660835266
        ],
        [
            0.07510364800691605,
            0.003800921142101288,
            -0.009796436876058578
        ],
        [
            0.08370907604694366,
            -0.0037373527884483337,
            -0.020058181136846542
        ],
        [
            0.11869902163743973,
            0.0821523517370224,
            -0.061250634491443634
        ],
        [
            0.11948323994874954,
            0.08144726604223251,
            -0.06743182241916656
        ],
        [
            0.09857117384672165,
            0.08231481909751892,
            -0.01477194856852293
        ],
        [
            0.09815589338541031,
            0.08639737963676453,
            -0.01868346706032753
        ],
        [
            0.09609061479568481,
            0.08896684646606445,
            -0.01658991351723671
        ],
        [
            0.0978470891714096,
            0.08745846152305603,
            -0.011400907300412655
        ],
        [
            0.07715582102537155,
            0.037625499069690704,
            0.014245305210351944
        ],
        [
            0.08488638699054718,
            0.08676707744598389,
            0.0046349745243787766
        ],
        [
            0.0776742622256279,
            0.08423623442649841,
            -0.0027056168764829636
        ],
        [
            0.07460533082485199,
            0.025051698088645935,
            0.013803418725728989
        ],
        [
            0.07240472733974457,
            0.02169305831193924,
            0.004874762147665024
        ],
        [
            0.07141560316085815,
            0.013597369194030762,
            0.010241664946079254
        ],
        [
            0.07678189128637314,
            0.07496082037687302,
            -0.03704540431499481
        ],
        [
            0.0733657106757164,
            0.03238212689757347,
            -0.010467156767845154
        ],
        [
            0.07265707105398178,
            0.020123876631259918,
            -0.0026196688413619995
        ],
        [
            0.07149343192577362,
            0.010365523397922516,
            0.003441695123910904
        ],
        [
            0.06997866183519363,
            0.003748200833797455,
            0.008320551365613937
        ],
        [
            0.07020045816898346,
            0.00796721875667572,
            0.015290826559066772
        ],
        [
            0.104004867374897,
            0.09118463099002838,
            -0.06906352192163467
        ],
        [
            0.10644102841615677,
            0.09706826508045197,
            -0.0637069121003151
        ],
        [
            0.06713642179965973,
            0.0017545074224472046,
            0.021174434572458267
        ],
        [
            0.06770581007003784,
            -0.002799518406391144,
            0.013107895851135254
        ],
        [
            0.07400128245353699,
            0.01728961616754532,
            -0.011261135339736938
        ],
        [
            0.07730758935213089,
            0.013506542891263962,
            -0.02146405354142189
        ],
        [
            0.07486505061388016,
            0.02929573878645897,
            -0.018479496240615845
        ],
        [
            0.0778598040342331,
            0.02661146968603134,
            -0.029271993786096573
        ],
        [
            0.07246903330087662,
            0.06942067295312881,
            -0.04570777714252472
        ],
        [
            0.12015366554260254,
            0.11089633405208588,
            -0.061747223138809204
        ],
        [
            0.11196644604206085,
            0.10222321003675461,
            -0.0597747266292572
        ],
        [
            0.11532855778932571,
            0.09883828461170197,
            -0.056468259543180466
        ],
        [
            0.12096045911312103,
            0.10878098011016846,
            -0.05787229537963867
        ],
        [
            0.10874637216329575,
            0.09548588842153549,
            -0.05761301890015602
        ],
        [
            0.1105131134390831,
            0.10227525234222412,
            -0.0652833878993988
        ],
        [
            0.08567396551370621,
            0.02128491923213005,
            -0.040635425597429276
        ],
        [
            0.10211119055747986,
            0.07292884588241577,
            -0.053210314363241196
        ],
        [
            0.0889313668012619,
            0.005937207490205765,
            -0.03304847329854965
        ],
        [
            0.09610375761985779,
            0.020522933453321457,
            -0.05406865105032921
        ],
        [
            0.10098006576299667,
            0.009452428668737411,
            -0.04831712320446968
        ],
        [
            0.09446967393159866,
            -0.009670436382293701,
            -0.026334207504987717
        ],
        [
            0.10435357689857483,
            -0.0036606937646865845,
            -0.039240770041942596
        ],
        [
            0.08764448016881943,
            -0.01916085183620453,
            -0.01227622851729393
        ],
        [
            0.08988285064697266,
            -0.013484083116054535,
            -0.01866505667567253
        ],
        [
            0.11441238224506378,
            0.004926804453134537,
            -0.05032142996788025
        ],
        [
            0.1293206363916397,
