{
    "pred_cam": [
        5.582113742828369,
        -0.15946896374225616,
        -0.04497060179710388
    ],
    "pred_mano_params": {
        "global_orient": [
            [
                [
                    -0.8469442129135132,
                    -0.16046775877475739,
                    0.506888210773468
                ],
                [
                    -0.4328261911869049,
                    -0.3455936312675476,
                    -0.832602322101593
                ],
                [
                    0.3087832033634186,
                    -0.9245621562004089,
                    0.22324387729167938
                ]
            ]
        ],
        "hand_pose": [
            [
                [
                    0.9059056639671326,
                    -0.3952167332172394,
                    -0.15211401879787445
                ],
                [
                    0.41041359305381775,
                    0.9078987836837769,
                    0.0853256806731224
                ],
                [
                    0.1043820008635521,
                    -0.1397266834974289,
                    0.9846729636192322
                ]
            ],
            [
                [
                    0.7406197786331177,
                    -0.6286980509757996,
                    0.23710979521274567
                ],
                [
                    0.663536012172699,
                    0.7399086356163025,
                    -0.11070329695940018
                ],
                [
                    -0.10584063082933426,
                    0.23931995034217834,
                    0.965154767036438
                ]
            ],
            [
                [
                    0.8017939925193787,
                    -0.5797855854034424,
                    0.14482761919498444
                ],
                [
                    0.5732922554016113,
                    0.8146671056747437,
                    0.08748310059309006
                ],
                [
                    -0.16870775818824768,
                    0.012885135598480701,
                    0.9855817556381226
                ]
            ],
            [
                [
                    0.7840569019317627,
                    -0.5936389565467834,
                    -0.18123866617679596
                ],
                [
                    0.6206122040748596,
                    0.7452048659324646,
                    0.24394705891609192
                ],
                [
                    -0.009756547398865223,
                    -0.3037473261356354,
                    0.9527025818824768
                ]
            ],
            [
                [
                    0.2144966423511505,
                    -0.9411489963531494,
                    -0.26120811700820923
                ],
                [
                    0.9702690243721008,
                    0.1746208816766739,
                    0.16758735477924347
                ],
                [
                    -0.11211228370666504,
                    -0.28938907384872437,
                    0.9506233334541321
                ]
            ],
            [
                [
                    0.8941505551338196,
                    -0.4477628171443939,
                    0.001809708192013204
                ],
                [
                    0.4477491080760956,
                    0.894072949886322,
                    -0.012421469204127789
                ],
                [
                    0.003943860996514559,
                    0.01191695872694254,
                    0.9999212622642517
                ]
            ],
            [
                [
                    0.3327280282974243,
                    -0.8770624399185181,
                    0.34648749232292175
                ],
                [
                    0.41973650455474854,
                    0.4667576253414154,
                    0.7784334421157837
                ],
                [
                    -0.8444603681564331,
                    -0.11357315629720688,
                    0.5234384536743164
                ]
            ],
            [
                [
                    0.6703264117240906,
                    -0.7084092497825623,
                    -0.2209499329328537
                ],
                [
                    0.6911186575889587,
                    0.4875650107860565,
                    0.5335123538970947
                ],
                [
                    -0.270217627286911,
                    -0.5103300213813782,
                    0.8164225220680237
                ]
            ],
            [
                [
                    0.9607393145561218,
                    -0.2650434672832489,
                    -0.0820489451289177
                ],
                [
                    0.2751167118549347,
                    0.9483359456062317,
                    0.1580183058977127
                ],
                [
                    0.03592824935913086,
                    -0.17438742518424988,
                    0.9840214848518372
                ]
            ],
            [
                [
                    0.5236565470695496,
                    -0.8493255376815796,
                    0.06655797362327576
                ],
                [
                    0.8167399168014526,
                    0.5227141976356506,
                    0.24434760212898254
                ],
                [
                    -0.2423214465379715,
                    -0.07359366863965988,
                    0.9674007892608643
                ]
            ],
            [
                [
                    0.5520089268684387,
                    -0.815910816192627,
                    -0.17197616398334503
                ],
                [
                    0.7212556600570679,
                    0.363717645406723,
                    0.5894911885261536
                ],
                [
                    -0.4184214174747467,
                    -0.44944316148757935,
                    0.789255678653717
                ]
            ],
            [
                [
                    0.9586873650550842,
                    -0.27895641326904297,
                    -0.05569417029619217
                ],
                [
                    0.276834100484848,
                    0.9599594473838806,
                    -0.042903635650873184
                ],
                [
                    0.06543239206075668,
                    0.025713127106428146,
                    0.9975256323814392
                ]
            ],
            [
                [
                    0.9032871723175049,
                    0.06295320391654968,
                    -0.42439258098602295
                ],
                [
                    -0.37483322620391846,
                    0.597061276435852,
                    -0.7092375159263611
                ],
                [
                    0.20873957872390747,
                    0.7997216582298279,
                    0.5629147291183472
                ]
            ],
            [
                [
                    0.9043830037117004,
                    -0.22409939765930176,
                    -0.3631402850151062
                ],
                [
                    0.4041050672531128,
                    0.7231498956680298,
                    0.5601369142532349
                ],
                [
                    0.13707849383354187,
                    -0.6533251404762268,
                    0.7445641756057739
                ]
            ],
            [
                [
                    0.8513785600662231,
                    -0.46605420112609863,
                    -0.2407238632440567
                ],
                [
                    0.39464014768600464,
                    0.8714155554771423,
                    -0.2913658320903778
                ],
                [
                    0.34556281566619873,
                    0.1530633419752121,
                    0.925828218460083
                ]
            ]
        ],
        "betas": [
            -0.06919747591018677,
            -0.048152655363082886,
            -0.07272815704345703,
            0.04246780276298523,
            0.07571789622306824,
            -0.0015331469476222992,
            0.09177225828170776,
            -0.031003504991531372,
            -0.05828055739402771,
            -0.06738138198852539
        ]
    },
    "pred_cam_t": [
        -0.15946896374225616,
        -0.04497060179710388,
        6.997797012329102
    ],
    "focal_length": [
        5000.0,
        5000.0
    ],
    "pred_keypoints_3d": [
        [
            0.09614233672618866,
            0.0064222244545817375,
            0.006205732002854347
        ],
        [
            0.13229221105575562,
            0.0006882334128022194,
            0.01891191117465496
        ],
        [
            0.1624005287885666,
            0.007538800127804279,
            0.020798558369278908
        ],
        [
            0.1843128353357315,
            0.021960213780403137,
            0.013560832478106022
        ],
        [
            0.2070184350013733,
            0.04756888747215271,
            0.01562640070915222
        ],
        [
            0.1824987679719925,
            0.02932976558804512,
            -0.01167912408709526
        ],
        [
            0.20996442437171936,
            0.04786503314971924,
            -0.012945979833602905
        ],
        [
            0.2214927226305008,
            0.056511733680963516,
            0.004059245809912682
        ],
        [
            0.224460169672966,
            0.058600664138793945,
            0.02863984927535057
        ],
        [
            0.17521795630455017,
            0.05095018446445465,
            -0.022545136511325836
        ],
        [
            0.19631081819534302,
            0.07293257117271423,
            -0.013440248556435108
        ],
        [
            0.19256286323070526,
            0.06920750439167023,
            0.009304587729275227
        ],
        [
            0.18469367921352386,
            0.05978431552648544,
            0.03189130499958992
        ],
        [
            0.15278740227222443,
            0.06562843918800354,
            -0.02147957868874073
        ],
        [
            0.17187997698783875,
            0.07958359271287918,
            -0.0047355107963085175
        ],
        [
            0.16765369474887848,
            0.07300660014152527,
            0.01889939047396183
        ],
        [
            0.16195638477802277,
            0.06605848670005798,
            0.04303734004497528
        ],
        [
            0.13435760140419006,
            0.07587448507547379,
            -0.015591202303767204
        ],
        [
            0.1496049463748932,
            0.07950751483440399,
            -0.0013382751494646072
        ],
        [
            0.14602072536945343,
            0.07417161017656326,
            0.016576673835515976
        ],
        [
            0.13845744729042053,
            0.06800636649131775,
            0.03355763852596283
        ]
    ],
    "pred_vertices": [
        [
            0.148463636636734,
            0.02046661078929901,
            0.009339772164821625
        ],
        [
            0.13864262402057648,
            0.017194563522934914,
            0.013607535511255264
        ],
        [
            0.14834913611412048,
            0.017977572977542877,
            0.014657190069556236
        ],
        [
            0.15695631504058838,
            0.01889875903725624,
            0.011030005291104317
        ],
        [
            0.1384965479373932,
            0.014749737456440926,
            0.03170618414878845
        ],
        [
            0.13867944478988647,
            0.004452284425497055,
            0.03804938495159149
        ],
        [
            0.15596269071102142,
            0.00989280641078949,
            0.03515886887907982
        ],
        [
            0.15318486094474792,
            0.018580611795186996,
            0.031017575412988663
        ],
        [
            0.16393835842609406,
            0.017418859526515007,
            0.01011495478451252
        ],
        [
            0.1566382795572281,
            0.01890997588634491,
            0.01552991010248661
        ],
        [
            0.1648728847503662,
            0.014710068702697754,
            0.0068240901455283165
        ],
        [
            0.17220330238342285,
            0.010866236872971058,
            -0.0023169228807091713
        ],
        [
            0.17102688550949097,
            0.015844540670514107,
            0.00343987625092268
        ],
        [
            0.1778365820646286,
            0.012712650001049042,
            -0.007928375154733658
        ],
        [
            0.16608956456184387,
            0.0035602357238531113,
            -0.00787871703505516
        ],
        [
            0.1744539886713028,
            0.012007723562419415,
            -0.016708385199308395
        ],
        [
            0.14646285772323608,
            0.014752587303519249,
            -0.022835921496152878
        ],
        [
            0.13684019446372986,
            0.024013815447688103,
            -0.025363406166434288
        ],
        [
            0.15042123198509216,
            0.03356862813234329,
            -0.030996007844805717
        ],
        [
            0.158974289894104,
            0.02351226657629013,
            -0.02677209861576557
        ],
        [
            0.13321873545646667,
            0.04529207944869995,
            -0.028645429760217667
        ],
        [
            0.14336669445037842,
            0.03934958577156067,
            -0.030309028923511505
        ],
        [
            0.12948808073997498,
            0.029324686154723167,
            -0.025758910924196243
        ],
        [
            0.12106499820947647,
            0.035037413239479065,
            -0.024161571636795998
        ],
        [
            0.13471724092960358,
            0.026982679963111877,
            0.007236257195472717
        ],
        [
            0.12508028745651245,
            0.02291613258421421,
            0.011562258005142212
        ],
        [
            0.12942491471767426,
            0.019534127786755562,
            0.01163252629339695
        ],
        [
            0.1389363408088684,
            0.02366400882601738,
            0.007894242182374
        ],
        [
            0.1668441891670227,
            0.009791065007448196,
            0.007683874107897282
        ],
        [
            0.1622891128063202,
            -0.0003908965736627579,
            0.005658747628331184
        ],
        [
            0.16424454748630524,
            0.006749754771590233,
            0.003602299839258194
        ],
        [
            0.16628777980804443,
            0.015103423967957497,
            0.009184528142213821
        ],
        [
            0.09957099705934525,
            0.021663736552000046,
            0.024911420419812202
        ],
        [
            0.0897194966673851,
            0.012409165501594543,
            0.023556314408779144
        ],
        [
            0.0932251587510109,
            0.007652215659618378,
            0.024189146235585213
        ],
        [
            0.10141874104738235,
            0.01698589324951172,
            0.024928098544478416
        ],
        [
            0.11305027455091476,
            -0.002659248188138008,
            0.033121079206466675
        ],
        [
            0.10347817093133926,
            -0.007288489490747452,
            0.027544833719730377
        ],
        [
            0.10322552919387817,
            -0.02013389766216278,
            0.022650521248579025
        ],
        [
            0.11397209018468857,
            -0.017478061839938164,
            0.025342876091599464
        ],
        [
            0.1259484589099884,
            0.0011050831526517868,
            0.037056244909763336
        ],
        [
            0.12649312615394592,
            -0.01246139220893383,
            0.032899871468544006
        ],
        [
            0.14072677493095398,
            -0.006755903363227844,
            0.03564279526472092
        ],
        [
            0.158077210187912,
            0.0009559113532304764,
            0.032664842903614044
        ],
        [
            0.08170140534639359,
            0.02160917967557907,
            0.019402924925088882
        ],
        [
            0.08773200213909149,
            0.029908426105976105,
            0.020347094163298607
        ],
        [
            0.21008475124835968,
            0.042844753712415695,
            -0.000996878370642662
        ],
        [
            0.20724457502365112,
            0.048038456588983536,
            9.202584624290466e-05
        ],
        [
            0.20469021797180176,
            0.04615605250000954,
            -0.0006451606750488281
        ],
        [
            0.20819078385829926,
            0.041525036096572876,
            -0.0017024613916873932
        ],
        [
            0.07872621715068817,
            0.030192501842975616,
            0.0011526085436344147
        ],
        [
            0.07890968769788742,
            0.02657020092010498,
            -0.008282814174890518
        ],
        [
            0.07285968214273453,
            0.023891080170869827,
            -0.005105992779135704
        ],
        [
            0.07348276674747467,
            0.025537405163049698,
            0.004166098311543465
        ],
        [
            0.08563914149999619,
            0.03631167858839035,
            -0.0028251148760318756
        ],
        [
            0.08766492456197739,
            0.03011060133576393,
            -0.012096268124878407
        ],
        [
            0.21821682155132294,
            0.04408425837755203,
            -0.010999188758432865
        ],
        [
            0.21681512892246246,
            0.041310831904411316,
            -0.006835728883743286
        ],
        [
            0.2142794132232666,
            0.03954179957509041,
            -0.009969905018806458
        ],
        [
            0.214360311627388,
            0.04236738756299019,
            -0.014409041032195091
        ],
        [
            0.1658608317375183,
            0.020079389214515686,
            0.006869248114526272
        ],
        [
            0.15765507519245148,
            0.02430066280066967,
            0.006882078014314175
        ],
        [
            0.17995521426200867,
            0.028623467311263084,
            0.00021964777261018753
        ],
        [
            0.17042985558509827,
            0.02762783132493496,
            0.0018107155337929726
        ],
        [
            0.1738288551568985,
            0.02135193534195423,
            0.002305714413523674
        ],
        [
            0.18121396005153656,
            0.022401338443160057,
            -0.0004945900291204453
        ],
        [
            0.15083089470863342,
            0.04072745144367218,
            -0.0016887467354536057
        ],
        [
            0.14158138632774353,
            0.03462524712085724,
            0.00213593989610672
        ],
        [
            0.1471603363752365,
            0.031089214608073235,
            0.002598872408270836
        ],
        [
            0.15851472318172455,
            0.03679785132408142,
            -0.0004951953887939453
        ],
        [
            0.1314152032136917,
            0.04457084834575653,
            0.0030043888837099075
        ],
        [
            0.14119230210781097,
            0.04953528195619583,
            -0.0013561174273490906
        ],
        [
            0.13414916396141052,
            0.05445230379700661,
            -0.0003836005926132202
        ],
        [
            0.1286758929491043,
            0.05046422779560089,
            0.003516610711812973
        ],
        [
            0.15972137451171875,
            0.05507872253656387,
            -0.008240235038101673
        ],
        [
            0.16558009386062622,
            0.05717723071575165,
            -0.010137300007045269
        ],
        [
            0.1629699468612671,
            0.059355203062295914,
            -0.010198703035712242
        ],
        [
            0.1565363109111786,
            0.05699632689356804,
            -0.008511931635439396
        ],
        [
            0.06694978475570679,
            0.02051151543855667,
            -0.0028965771198272705
        ],
        [
            0.06895945221185684,
            0.020335830748081207,
            0.006763432174921036
        ],
        [
            0.11657844483852386,
            0.05868751183152199,
            -0.022963615134358406
        ],
        [
            0.10946828871965408,
            0.06171628087759018,
            -0.0146507378667593
        ],
        [
            0.11896773427724838,
            0.07166416943073273,
            -0.017653044313192368
        ],
        [
            0.12415331602096558,
            0.06590358912944794,
            -0.02700248546898365
        ],
        [
            0.08366210013628006,
            0.020058587193489075,
            -0.014876270666718483
        ],
        [
            0.0761270821094513,
            0.01860853284597397,
            -0.01304815523326397
        ],
        [
            0.2171633243560791,
            0.04953421652317047,
            -0.013772920705378056
        ],
        [
            0.21283459663391113,
            0.047806739807128906,
            -0.01687202975153923
        ],
        [
            0.13896113634109497,
            -0.01635659486055374,
            0.025183361023664474
        ],
        [
            0.15853938460350037,
            -0.006045898422598839,
            0.02639438956975937
        ],
        [
            0.12313486635684967,
            -0.02122076041996479,
            0.019836215302348137
        ],
        [
            0.11219067126512527,
            -0.023128407076001167,
            0.014324384741485119
        ],
        [
            0.10342995077371597,
            -0.026194509118795395,
            0.011926799081265926
        ],
        [
            0.17001399397850037,
            0.03407575190067291,
            -0.00014133844524621964
        ],
        [
            0.14864768087863922,
            0.02626684121787548,
            0.005720613524317741
        ],
        [
            0.13093647360801697,
            0.030367903411388397,
            0.007081585004925728
        ],
        [
            0.11261944472789764,
            0.055388741195201874,
            0.008898399770259857
        ],
        [
            0.10481537878513336,
            0.04976261779665947,
            0.013019304722547531
        ],
        [
            0.11436578631401062,
            0.04465227574110031,
            0.013647051528096199
        ],
        [
            0.11913131922483444,
            0.050465986132621765,
            0.009311100468039513
        ],
        [
            0.10958371311426163,
            0.0651228129863739,
            -0.005150057375431061
        ],
        [
            0.11476241797208786,
            0.0641956627368927,
            0.0011229589581489563
        ],
        [
            0.12074661254882812,
            0.0689534842967987,
            -0.0022985003888607025
        ],
        [
            0.11734315752983093,
            0.07185330241918564,
            -0.008709380403161049
        ],
        [
            0.16996042430400848,
            0.0036500338464975357,
            0.009661908261477947
        ],
        [
            0.1611841320991516,
            -0.006377018988132477,
            0.009243810549378395
        ],
        [
            0.08110277354717255,
            0.031066108494997025,
            0.011506140232086182
        ],
        [
            0.0772285982966423,
            0.024522952735424042,
            0.013614492490887642
        ],
        [
            0.07140987366437912,
            0.0182335264980793,
            0.01387072168290615
        ],
        [
            0.11302144080400467,
            0.02134881727397442,
            0.019426733255386353
        ],
        [
            0.1027459055185318,
            0.01373843103647232,
            0.02521520107984543
        ],
        [
            0.10613561421632767,
            0.010935258120298386,
            0.026591630652546883
        ],
        [
            0.11492840945720673,
            0.018711578100919724,
            0.01882224716246128
        ],
        [
            0.13021278381347656,
            0.016293097287416458,
            0.021112894639372826
        ],
        [
            0.12319768220186234,
            0.01114380918443203,
            0.031071331351995468
        ],
        [
            0.14196768403053284,
            0.01980876363813877,
            0.02141595631837845
        ],
        [
            0.09666477888822556,
            0.00031670182943344116,
            0.025698283687233925
        ],
        [
            0.08552250266075134,
            0.0008939243853092194,
            0.025519568473100662
        ],
        [
            0.09022156149148941,
            -0.0066940635442733765,
            0.025871895253658295
        ],
        [
            0.07962680608034134,
            0.008335806429386139,
            0.02292289026081562
        ],
        [
            0.07458385825157166,
            0.014656461775302887,
            0.019101280719041824
        ],
        [
            0.06815973669290543,
            0.015471357852220535,
            -0.01370210014283657
        ],
        [
            0.09507477283477783,
            -0.013398006558418274,
            0.02458132803440094
        ],
        [
            0.16269655525684357,
            0.01913444697856903,
            0.028913309797644615
        ],
        [
            0.16999322175979614,
            0.019866231828927994,
            0.026323407888412476
        ],
        [
            0.16648873686790466,
            0.023097731173038483,
            0.020769910886883736
        ],
        [
            0.16068941354751587,
            0.02206987887620926,
            0.022021567448973656
        ],
        [
            0.18450772762298584,
            0.016990959644317627,
            -0.012963014654815197
        ],
        [
            0.18419323861598969,
            0.01885175332427025,
            -0.0050319950096309185
        ],
        [
            0.17662391066551208,
            0.015167990699410439,
            -0.0008156625553965569
        ],
        [
            0.10468828678131104,
            0.03164166212081909,
            0.021448293700814247
        ],
        [
            0.09437492489814758,
            0.03825663402676582,
            0.017940562218427658
        ],
        [
            0.17980685830116272,
            0.03492504358291626,
            -0.0018745707347989082
        ],
        [
            0.21072301268577576,
            0.04010264202952385,
            -0.017015360295772552
        ],
        [
            0.2110080122947693,
            0.03697337955236435,
            -0.01189594715833664
        ],
        [
            0.19701698422431946,
            0.02622288465499878,
            -0.013878639787435532
        ],
        [
            0.19657738506793976,
            0.02958541549742222,
            -0.019953370094299316
        ],
        [
            0.18431837856769562,
            0.04160182923078537,
            -0.009265902452170849
        ],
        [
            0.18412458896636963,
            0.037139587104320526,
            -0.0035273325629532337
        ],
        [
            0.18604713678359985,
            0.03875180706381798,
            -0.004794994369149208
        ],
        [
            0.18633835017681122,
            0.04433651268482208,
            -0.0083065340295434
        ],
        [
            0.1543794721364975,
            0.06316589564085007,
            -0.008614037185907364
        ],
        [
            0.1488247960805893,
            0.0609259307384491,
            -0.007085395976901054
        ],
        [
            0.17110072076320648,
            0.03406316414475441,
            -0.027557041496038437
        ],
        [
            0.17639079689979553,
            0.021646518260240555,
            -0.027072157710790634
        ],
        [
            0.16662131249904633,
            0.014863597229123116,
            -0.023432757705450058
        ],
        [
            0.14474797248840332,
            0.045154914259910583,
            -0.0016034170985221863
        ],
        [
            0.15247711539268494,
            0.0511399582028389,
            -0.005017273128032684
        ],
        [
            0.14923244714736938,
            0.05373648181557655,
            -0.005206219851970673
        ],
        [
            0.17095769941806793,
            0.0382174588739872,
            -0.002505246549844742
        ],
        [
            0.1782197505235672,
            0.040153950452804565,
            -0.004850873723626137
        ],
        [
            0.1729254424571991,
            0.04216490685939789,
            -0.006250910460948944
        ],
        [
            0.16608278453350067,
            0.04082028567790985,
            -0.00351727195084095
        ],
        [
            0.1000552773475647,
            0.05258996784687042,
            -0.01128176599740982
        ],
        [
            0.10025937110185623,
            0.057159192860126495,
            -0.00037132948637008667
        ],
        [
            0.21371810138225555,
            0.040634747594594955,
            -0.0033260527998209
        ],
        [
            0.2117941677570343,
            0.03913142532110214,
            -0.0051495786756277084
        ],
        [
            0.13583648204803467,
            0.03908967599272728,
            0.002208525314927101
        ],
        [
            0.15446023643016815,
            0.008089762181043625,
            -0.018165167421102524
        ],
        [
            0.1268695592880249,
            0.03412177413702011,
            0.007289599627256393
        ],
        [
            0.14304499328136444,
            0.06542783975601196,
            -0.0254344642162323
        ],
        [
            0.14283263683319092,
            0.0692712590098381,
            -0.0179184190928936
        ],
        [
            0.14763511717319489,
            0.07121668010950089,
            -0.015632515773177147
        ],
        [
            0.14957794547080994,
            0.070357546210289,
            -0.021259097382426262
        ],
        [
            0.19807742536067963,
            0.05302765965461731,
            -0.007850770838558674
        ],
        [
            0.19940683245658875,
            0.05009277164936066,
            -0.0030517149716615677
        ],
        [
            0.20222420990467072,
            0.05163097381591797,
            -0.0024747978895902634
        ],
        [
            0.20225530862808228,
            0.05544444918632507,
            -0.007094651460647583
        ],
        [
            0.18563273549079895,
            0.031682565808296204,
            -0.001757809892296791
        ],
        [
            0.18748675286769867,
            0.025673668831586838,
            -0.0024366993457078934
        ],
        [
            0.1921098530292511,
            0.029634198173880577,
            -0.003207368776202202
        ],
        [
            0.18904221057891846,
            0.03478914126753807,
            -0.0032136980444192886
        ],
        [
            0.19033309817314148,
            0.022472476586699486,
            -0.007616463117301464
        ],
        [
            0.1950727105140686,
            0.026201466098427773,
            -0.007831426337361336
        ],
        [
            0.19963590800762177,
            0.053690433502197266,
            -0.01415330171585083
        ],
        [
            0.20422998070716858,
            0.050403255969285965,
            -0.019247708842158318
        ],
        [
            0.1901020109653473,
            0.04177805036306381,
            -0.02209235541522503
        ],
        [
            0.18867051601409912,
            0.04599907249212265,
            -0.015462307259440422
        ],
        [
            0.10933844745159149,
            0.02530224621295929,
            -0.02153032459318638
        ],
        [
            0.10170254856348038,
            0.033143289387226105,
            -0.019025037065148354
        ],
        [
            0.11313636600971222,
            0.04313827306032181,
            -0.021890336647629738
        ],
        [
            0.12407662719488144,
            0.05359766632318497,
            -0.02602861076593399
        ],
        [
            0.1351211816072464,
            0.06251825392246246,
            -0.02873172238469124
        ],
        [
            0.14294394850730896,
            0.05432393029332161,
            -0.03312310948967934
        ],
        [
            0.10675837844610214,
            0.04774991795420647,
            -0.019092321395874023
        ],
        [
            0.17928138375282288,
            0.04142887890338898,
            -0.019291281700134277
        ],
        [
            0.18042528629302979,
            0.035473376512527466,
            -0.024132248014211655
        ],
        [
            0.17638739943504333,
            0.039224687963724136,
            -0.02489427477121353
        ],
        [
            0.12243659794330597,
            0.04000004380941391,
            0.008812759071588516
        ],
        [
            0.20939034223556519,
            0.036590732634067535,
            -0.006639836821705103
        ],
        [
            0.10460998117923737,
            -0.017063617706298828,
            -0.008526947349309921
        ],
        [
            0.09727000445127487,
            -0.007759086787700653,
            -0.015353627502918243
        ],
        [
            0.10555483400821686,
            -0.004794739186763763,
            -0.015667196363210678
        ],
        [
            0.1139938160777092,
            -0.014974869787693024,
            -0.007001790683716536
        ],
        [
            0.20270255208015442,
            0.04440435767173767,
            -0.0006515849381685257
        ],
        [
            0.20614998042583466,
            0.03915660083293915,
            -0.001737046055495739
        ],
        [
            0.14488288760185242,
            0.06604590266942978,
            -0.006116645410656929
        ],
        [
            0.1504972279071808,
            0.06752587109804153,
            -0.007896880619227886
        ],
        [
            0.14919376373291016,
            0.0700559914112091,
            -0.009296998381614685
        ],
        [
            0.14368431270122528,
            0.07067188620567322,
            -0.006233974359929562
        ],
        [
            0.09705259650945663,
            0.0361972413957119,
            -0.016607701778411865
        ],
        [
            0.12649007141590118,
            0.07807460427284241,
            -0.013504868373274803
        ],
        [
            0.13062343001365662,
            0.07247049361467361,
            -0.0237470380961895
        ],
        [
            0.09212534874677658,
            0.02421962469816208,
            -0.016774646937847137
        ],
        [
            0.09849460422992706,
            0.017255235463380814,
            -0.01956845261156559
        ],
        [
            0.09032130986452103,
            0.011950351297855377,
            -0.018240995705127716
        ],
        [
            0.15702040493488312,
            0.049329839646816254,
            -0.03128049522638321
        ],
        [
            0.1167316883802414,
            0.020826760679483414,
            -0.022834772244095802
        ],
        [
            0.10475508868694305,
            0.01277446374297142,
            -0.020108014345169067
        ],
        [
            0.0952770933508873,
            0.006230875849723816,
            -0.018549731001257896
        ],
        [
            0.08800460398197174,
            0.0020405463874340057,
            -0.018091171979904175
        ],
        [
            0.08333519846200943,
            0.008741393685340881,
            -0.01769150048494339
        ],
        [
            0.2080596387386322,
            0.04551435261964798,
            -0.019298359751701355
        ],
        [
            0.20947127044200897,
            0.05399037525057793,
            -0.017021512612700462
        ],
        [
            0.07498537003993988,
            0.0051212795078754425,
            -0.018694190308451653
        ],
        [
            0.08069165796041489,
            -0.002241116017103195,
            -0.018439769744873047
        ],
        [
            0.11179038137197495,
            0.006797250360250473,
            -0.019507471472024918
        ],
        [
            0.12031340599060059,
            -0.0005823336541652679,
            -0.016883501783013344
        ],
        [
            0.12311813980340958,
            0.014862153679132462,
            -0.021895693615078926
        ],
        [
            0.13245034217834473,
            0.008247457444667816,
            -0.01995181478559971
        ],
        [
            0.1610504537820816,
            0.0397716760635376,
            -0.03520234674215317
        ],
        [
            0.2187160849571228,
            0.06227392703294754,
            -0.0029512885957956314
        ],
        [
            0.21041640639305115,
            0.059055767953395844,
            -0.010165667161345482
        ],
        [
            0.2068294882774353,
            0.05771522969007492,
            -0.005698109045624733
        ],
        [
            0.21519242227077484,
            0.0626039057970047,
            -0.0004237815737724304
        ],
        [
            0.20470309257507324,
            0.056586988270282745,
            -0.01242489367723465
        ],
        [
            0.21390891075134277,
            0.05580197274684906,
            -0.013547243550419807
        ],
        [
            0.1422206312417984,
            -0.0005427021533250809,
            -0.01289280503988266
        ],
        [
            0.1790589541196823,
            0.04377620667219162,
            -0.00978562980890274
        ],
        [
            0.13061290979385376,
            -0.01102287508547306,
            -0.005373191088438034
        ],
        [
            0.1558557152748108,
            -0.005022110417485237,
            -0.005188941955566406
        ],
        [
            0.14823585748672485,
            -0.011837441474199295,
            0.002930648624897003
        ],
        [
            0.12023238837718964,
            -0.021589353680610657,
            0.00446368008852005
        ],
        [
            0.1367700695991516,
            -0.01952523924410343,
            0.011049594730138779
        ],
        [
            0.10182541608810425,
            -0.025255367159843445,
            0.0006885919719934464
        ],
        [
            0.11046256124973297,
            -0.022453265264630318,
            0.00125141441822052
        ],
        [
            0.15228991210460663,
            -0.013443147763609886,
