{
    "pred_cam": [
        9.118200302124023,
        0.11550527811050415,
        -0.05981927365064621
    ],
    "pred_mano_params": {
        "global_orient": [
            [
                [
                    -0.5528129935264587,
                    0.7213543653488159,
                    -0.41718778014183044
                ],
                [
                    -0.4110264778137207,
                    -0.6715443134307861,
                    -0.6165106892585754
                ],
                [
                    -0.7248828411102295,
                    -0.1693398803472519,
                    0.6677341461181641
                ]
            ]
        ],
        "hand_pose": [
            [
                [
                    0.8608206510543823,
                    -0.4495375156402588,
                    -0.23854535818099976
                ],
                [
                    0.42779168486595154,
                    0.8930832743644714,
                    -0.13927146792411804
                ],
                [
                    0.2756486237049103,
                    0.017840037122368813,
                    0.9610929489135742
                ]
            ],
            [
                [
                    0.8489625453948975,
                    -0.5049218535423279,
                    0.15593774616718292
                ],
                [
                    0.5281721949577332,
                    0.8011086583137512,
                    -0.28152990341186523
                ],
                [
                    0.017227523028850555,
                    0.32137030363082886,
                    0.9467969536781311
                ]
            ],
            [
                [
                    0.9252430200576782,
                    -0.33131128549575806,
                    0.1848190277814865
                ],
                [
                    0.3214888572692871,
                    0.9433830380439758,
                    0.0816909596323967
                ],
                [
                    -0.20142024755477905,
                    -0.01616673357784748,
                    0.9793714880943298
                ]
            ],
            [
                [
                    0.9698288440704346,
                    -0.119939886033535,
                    -0.21224121749401093
                ],
                [
                    0.08620277792215347,
                    0.9830764532089233,
                    -0.16164691746234894
                ],
                [
                    0.2280372530221939,
                    0.13847407698631287,
                    0.9637550711631775
                ]
            ],
            [
                [
                    0.7379602789878845,
                    -0.6527673006057739,
                    -0.1711999773979187
                ],
                [
                    0.6737892031669617,
                    0.6985237002372742,
                    0.24098284542560577
                ],
                [
                    -0.037718482315540314,
                    -0.2931884825229645,
                    0.9553102850914001
                ]
            ],
            [
                [
                    0.8085671663284302,
                    -0.5538111925125122,
                    0.19877693057060242
                ],
                [
                    0.5583119988441467,
                    0.8287622928619385,
                    0.03795754164457321
                ],
                [
                    -0.18576014041900635,
                    0.08028832077980042,
                    0.9793093800544739
                ]
            ],
            [
                [
                    0.7391278147697449,
                    -0.654220700263977,
                    -0.16026653349399567
                ],
                [
                    0.6729464530944824,
                    0.707044243812561,
                    0.2173280119895935
                ],
                [
                    -0.02886495366692543,
                    -0.268483966588974,
                    0.9628515839576721
                ]
            ],
            [
                [
                    0.8848495483398438,
                    -0.4618801176548004,
                    0.060893792659044266
                ],
                [
                    0.44206130504608154,
                    0.8736691474914551,
                    0.20318491756916046
                ],
                [
                    -0.14704810082912445,
                    -0.15286928415298462,
                    0.9772450923919678
                ]
            ],
            [
                [
                    0.9742611646652222,
                    -0.1921459436416626,
                    0.11787719279527664
                ],
                [
                    0.06981583684682846,
                    0.7544043660163879,
                    0.6526865363121033
                ],
                [
                    -0.21433813869953156,
                    -0.6276575326919556,
                    0.7484017014503479
                ]
            ],
            [
                [
                    0.9892440438270569,
                    -0.003062725067138672,
                    -0.14624226093292236
                ],
                [
                    -0.019083086401224136,
                    0.9885338544845581,
                    -0.14978867769241333
                ],
                [
                    0.14502418041229248,
                    0.15096831321716309,
                    0.9778428077697754
                ]
            ],
            [
                [
                    0.8658130168914795,
                    -0.4955950975418091,
                    -0.068944551050663
                ],
                [
                    0.470392644405365,
                    0.7592079043388367,
                    0.4498157203197479
                ],
                [
                    -0.17058321833610535,
                    -0.42188727855682373,
                    0.8904563784599304
                ]
            ],
            [
                [
                    0.8151506185531616,
                    -0.563873291015625,
                    0.13257619738578796
                ],
                [
                    0.5235137939453125,
                    0.8151193261146545,
                    0.24801960587501526
                ],
                [
                    -0.2479170709848404,
                    -0.13276784121990204,
                    0.9596405029296875
                ]
            ],
            [
                [
                    0.99806809425354,
                    0.028862645849585533,
                    -0.05501815304160118
                ],
                [
                    -0.06164354085922241,
                    0.5705541968345642,
                    -0.818943202495575
                ],
                [
                    0.007753964513540268,
                    0.8207526206970215,
                    0.5712311267852783
                ]
            ],
            [
                [
                    0.9673025012016296,
                    -0.15017753839492798,
                    -0.20438341796398163
                ],
                [
                    0.22325845062732697,
                    0.8865399956703186,
                    0.40521907806396484
                ],
                [
                    0.12033926695585251,
                    -0.4375997483730316,
                    0.8910807371139526
                ]
            ],
            [
                [
                    0.7853487133979797,
                    -0.4767612814903259,
                    -0.39487478137016296
                ],
                [
                    0.1830889731645584,
                    0.7882154583930969,
                    -0.5875328779220581
                ],
                [
                    0.5913593173027039,
                    0.38912099599838257,
                    0.7063137292861938
                ]
            ]
        ],
        "betas": [
            -0.11798810958862305,
            -0.05080607533454895,
            0.07193946838378906,
            -0.07677242159843445,
            0.06760275363922119,
            0.004165869206190109,
            0.029139816761016846,
            -0.033034950494766235,
            -0.004494965076446533,
            -0.01415058970451355
        ]
    },
    "pred_cam_t": [
        -0.11550527811050415,
        -0.05981927365064621,
        4.2840142250061035
    ],
    "focal_length": [
        5000.0,
        5000.0
    ],
    "pred_keypoints_3d": [
        [
            0.09620711207389832,
            0.0064304484985768795,
            0.0062344977632164955
        ],
        [
            0.08745966106653214,
            0.010800236836075783,
            0.043806664645671844
        ],
        [
            0.08027255535125732,
            0.02252800017595291,
            0.07149408757686615
        ],
        [
            0.08418974280357361,
            0.03773736208677292,
            0.09369836747646332
        ],
        [
            0.09306677430868149,
            0.06965374946594238,
            0.10243567824363708
        ],
        [
            0.1326868087053299,
            0.03348350524902344,
            0.08524752408266068
        ],
        [
            0.14462140202522278,
            0.05750403553247452,
            0.10469747334718704
        ],
        [
            0.13879375159740448,
            0.07810594141483307,
            0.11086412519216537
        ],
        [
            0.12524178624153137,
            0.09830164909362793,
            0.11643476784229279
        ],
        [
            0.14918510615825653,
            0.0486166775226593,
            0.07325061410665512
        ],
        [
            0.17060807347297668,
            0.06828488409519196,
            0.08637692034244537
        ],
        [
            0.16796612739562988,
            0.09064244478940964,
            0.09277289360761642
        ],
        [
            0.15469498932361603,
            0.1102207601070404,
            0.10219895094633102
        ],
        [
            0.1500711739063263,
            0.059449270367622375,
            0.04856746271252632
        ],
        [
            0.17139644920825958,
            0.07387414574623108,
            0.06200619041919708
        ],
        [
            0.1738022267818451,
            0.09602449089288712,
            0.07317502051591873
        ],
        [
            0.16621527075767517,
            0.11445572227239609,
            0.08842545002698898
        ],
        [
            0.14541694521903992,
            0.06847316771745682,
            0.029021747410297394
        ],
        [
            0.14589330554008484,
            0.08959583938121796,
            0.03141232207417488
        ],
        [
            0.1361647993326187,
            0.1058226227760315,
            0.03380608186125755
        ],
        [
            0.11911609768867493,
            0.11754712462425232,
            0.040874309837818146
        ]
    ],
    "pred_vertices": [
        [
            0.10453936457633972,
            0.02864081785082817,
            0.05676177516579628
        ],
        [
            0.09806998074054718,
            0.02612747624516487,
            0.0490439310669899
        ],
        [
            0.0956265926361084,
            0.028980066999793053,
            0.05883222818374634
        ],
        [
            0.10220202803611755,
            0.029405757784843445,
            0.06616292148828506
        ],
        [
            0.07796042412519455,
            0.028075985610485077,
            0.0454937182366848
        ],
        [
            0.06909683346748352,
            0.019768163561820984,
            0.04548618942499161
        ],
        [
            0.06974727660417557,
            0.02631823718547821,
            0.06040729954838753
        ],
        [
            0.07666122913360596,
            0.03313511610031128,
            0.05809934809803963
        ],
        [
            0.10154594480991364,
            0.028828788548707962,
            0.07391035556793213
        ],
        [
            0.09385634958744049,
            0.03135581314563751,
            0.06670846790075302
        ],
        [
            0.10175751149654388,
            0.024713769555091858,
            0.07646656781435013
        ],
        [
            0.11299052089452744,
            0.019093725830316544,
            0.08190817385911942
        ],
        [
            0.11022768169641495,
            0.02549571357667446,
            0.07950156927108765
        ],
        [
            0.12101080268621445,
            0.019481251016259193,
            0.08555766940116882
        ],
        [
            0.11512930691242218,
            0.00928337313234806,
            0.07675811648368835
        ],
        [
            0.12873706221580505,
            0.015060514211654663,
            0.08173895627260208
        ],
        [
            0.1326751708984375,
            0.010964866727590561,
            0.051784198731184006
        ],
        [
            0.1367199569940567,
            0.01713656261563301,
            0.04007735103368759
        ],
        [
            0.14541125297546387,
            0.025731179863214493,
            0.05093700811266899
        ],
        [
            0.14031440019607544,
            0.019326267763972282,
            0.06194154918193817
        ],
        [
            0.14435353875160217,
            0.03459003567695618,
            0.03205267712473869
        ],
        [
            0.14567534625530243,
            0.030130254104733467,
            0.04293406009674072
        ],
        [
            0.1377543807029724,
            0.02079208567738533,
            0.031807612627744675
        ],
        [
            0.13684360682964325,
            0.025431662797927856,
            0.022602073848247528
        ],
        [
            0.10758303105831146,
            0.031385522335767746,
            0.040649037808179855
        ],
        [
            0.10130275785923004,
            0.027929138392210007,
            0.03273770585656166
        ],
        [
            0.10086745023727417,
            0.025801263749599457,
            0.03851313143968582
        ],
        [
            0.10638025403022766,
            0.029325559735298157,
            0.04592857137322426
        ],
        [
            0.09293368458747864,
            0.02007261849939823,
            0.08032789826393127
        ],
        [
            0.09650635719299316,
            0.009558338671922684,
            0.07523228973150253
        ],
        [
            0.10143283009529114,
            0.015876132994890213,
            0.0770328938961029
        ],
        [
            0.09402906149625778,
            0.025400685146450996,
            0.07905808091163635
        ],
        [
            0.08435715734958649,
            0.02768639475107193,
            0.008465945720672607
        ],
        [
            0.08117618411779404,
            0.017211411148309708,
            0.0003902241587638855
        ],
        [
            0.0796065628528595,
            0.01348012313246727,
            0.0047312527894973755
        ],
        [
            0.08338581025600433,
            0.0235808826982975,
            0.01117415726184845
        ],
        [
            0.07207147032022476,
            0.008825907483696938,
            0.024821892380714417
        ],
        [
            0.0737055167555809,
            0.001653183251619339,
            0.017048917710781097
        ],
        [
            0.07342570275068283,
            -0.011932078748941422,
            0.018793419003486633
        ],
        [
            0.07349400222301483,
            -0.007400244474411011,
            0.028066113591194153
        ],
        [
            0.07036147266626358,
            0.015006326138973236,
            0.03525910526514053
        ],
        [
            0.06940063834190369,
            0.001036364585161209,
            0.03792794048786163
        ],
        [
            0.06760092824697495,
            0.008569682016968727,
            0.04854849353432655
        ],
        [
            0.0684291273355484,
            0.017436187714338303,
            0.06360271573066711
        ],
        [
            0.08697763085365295,
            0.023188922554254532,
            -0.009516075253486633
        ],
        [
            0.0896584764122963,
            0.032017163932323456,
            -0.005048573017120361
        ],
        [
            0.13200944662094116,
            0.061142563819885254,
            0.1059221625328064
        ],
        [
            0.13365978002548218,
            0.06468251347541809,
            0.10130076110363007
        ],
        [
            0.13248667120933533,
            0.06082422286272049,
            0.0994228720664978
        ],
        [
            0.13133594393730164,
            0.058030541986227036,
            0.10440582036972046
        ],
        [
            0.10637769848108292,
            0.02421094849705696,
            -0.015628419816493988
        ],
        [
            0.11405668407678604,
            0.017507661134004593,
            -0.015648480504751205
        ],
        [
            0.1093093752861023,
            0.015365656465291977,
            -0.020816408097743988
        ],
        [
            0.10128556936979294,
            0.020300935953855515,
            -0.01966436207294464
        ],
        [
            0.11300760507583618,
            0.029376789927482605,
            -0.010149039328098297
        ],
        [
            0.11998215317726135,
            0.020611580461263657,
            -0.007989220321178436
        ],
        [
            0.14228029549121857,
            0.05808842554688454,
            0.11303107440471649
        ],
        [
            0.1370830237865448,
            0.05825868248939514,
            0.11279481649398804
        ],
        [
            0.13800713419914246,
            0.05373680591583252,
            0.11097228527069092
        ],
        [
            0.1432495266199112,
            0.05308057367801666,
            0.1099708303809166
        ],
        [
            0.10888448357582092,
            0.029692456126213074,
            0.07316501438617706
        ],
        [
            0.1097591370344162,
            0.03223826736211777,
            0.0639815554022789
        ],
        [
            0.12096579372882843,
            0.037131935358047485,
            0.08353202044963837
        ],
        [
            0.11765953153371811,
            0.035146910697221756,
            0.07500580698251724
        ],
        [
            0.11527180671691895,
            0.03012777678668499,
            0.07973542809486389
        ],
        [
            0.11934015899896622,
            0.031514495611190796,
            0.08624214679002762
        ],
        [
            0.12268994748592377,
            0.043412625789642334,
            0.05308996140956879
        ],
        [
            0.11578702926635742,
            0.037651799619197845,
            0.045383233577013016
        ],
        [
            0.11493054032325745,
            0.03531567379832268,
            0.051621124148368835
        ],
        [
            0.12133090943098068,
            0.041235197335481644,
            0.06140560656785965
        ],
        [
            0.11690893024206161,
            0.04588330164551735,
            0.033786263316869736
        ],
        [
            0.12397732585668564,
            0.05060959607362747,
            0.04225568473339081
        ],
        [
            0.12371747195720673,
            0.05472606420516968,
            0.034732673317193985
        ],
        [
            0.11800593882799149,
            0.05127020180225372,
            0.030190318822860718
        ],
        [
            0.13611054420471191,
            0.05693390592932701,
            0.05940818041563034
        ],
        [
            0.14308105409145355,
            0.058756403625011444,
            0.0643351599574089
        ],
        [
            0.14527511596679688,
            0.061112478375434875,
            0.06206784024834633
        ],
        [
            0.13715170323848724,
            0.05853400006890297,
            0.056205738335847855
        ],
        [
            0.10526660084724426,
            0.012240797281265259,
            -0.02578563615679741
        ],
        [
            0.09648793935775757,
            0.015820499509572983,
            -0.022908315062522888
        ],
        [
            0.1413227915763855,
            0.046747252345085144,
            0.014245957136154175
        ],
        [
            0.13393086194992065,
            0.05204872786998749,
            0.007910922169685364
        ],
        [
            0.14045076072216034,
            0.06063771992921829,
            0.013747427612543106
        ],
        [
            0.14708170294761658,
            0.05277162790298462,
            0.01896688900887966
        ],
        [
            0.11872746050357819,
            0.00974004715681076,
            -0.010379534214735031
        ],
        [
            0.11545923352241516,
            0.008045244961977005,
            -0.01736655831336975
        ],
        [
            0.14744527637958527,
            0.05999000370502472,
            0.10998976230621338
        ],
        [
            0.1478174924850464,
            0.055006615817546844,
            0.10642721503973007
        ],
        [
            0.07490579783916473,
            -0.003629012033343315,
            0.04979674518108368
        ],
        [
            0.07268700748682022,
            0.008813800290226936,
            0.0664653331041336
        ],
        [
            0.07836923003196716,
            -0.01178181916475296,
            0.036542996764183044
        ],
        [
            0.08160301297903061,
            -0.016665413975715637,
            0.026953577995300293
        ],
        [
            0.0813613161444664,
            -0.021218860521912575,
            0.019343875348567963
        ],
        [
            0.12179270386695862,
            0.04029823839664459,
            0.07315327227115631
        ],
        [
            0.1104898452758789,
            0.032236821949481964,
            0.05449436977505684
        ],
        [
            0.10832799226045609,
            0.033883534371852875,
            0.03614617511630058
        ],
        [
            0.11208644509315491,
            0.05534942075610161,
            0.014089297503232956
        ],
        [
            0.10525940358638763,
            0.05028567835688591,
            0.007707878947257996
        ],
        [
            0.10453197360038757,
            0.04718557000160217,
            0.01792192831635475
        ],
        [
            0.11119213700294495,
            0.051869481801986694,
            0.021290186792612076
        ],
        [
            0.12668156623840332,
            0.05886630341410637,
            0.008365724235773087
        ],
        [
            0.12194941937923431,
            0.061272993683815,
            0.014292407780885696
        ],
        [
            0.1272999793291092,
            0.06552791595458984,
            0.019449470564723015
        ],
        [
            0.13248658180236816,
            0.06463402509689331,
            0.014124974608421326
        ],
        [
            0.08730296045541763,
            0.01568473130464554,
            0.08268919587135315
        ],
        [
            0.09080586582422256,
            0.004865908995270729,
            0.0735107958316803
        ],
        [
            0.0973472148180008,
            0.029023200273513794,
            -0.012523915618658066
        ],
        [
            0.0926884189248085,
            0.02321784198284149,
            -0.014935187995433807
        ],
        [
            0.08950711041688919,
            0.016732927411794662,
            -0.01949237287044525
        ],
        [
            0.09199962764978409,
            0.027414390817284584,
            0.021580230444669724
        ],
        [
            0.08262614905834198,
            0.020794853568077087,
            0.013067781925201416
        ],
        [
            0.08160296082496643,
            0.01903858408331871,
            0.016848944127559662
        ],
        [
            0.09263499081134796,
            0.025136638432741165,
            0.02419058233499527
        ],
        [
            0.09046095609664917,
            0.026166968047618866,
            0.040337078273296356
        ],
        [
            0.07982863485813141,
            0.022792667150497437,
            0.032624322921037674
        ],
        [
            0.08843600749969482,
            0.031250737607479095,
            0.050849296152591705
        ],
        [
            0.07660648971796036,
            0.007513612508773804,
            0.009395569562911987
        ],
        [
            0.07486795634031296,
            0.006657350808382034,
            -0.0014785751700401306
        ],
        [
            0.07273351401090622,
            0.00031244754791259766,
            0.004475139081478119
        ],
        [
            0.07894190400838852,
            0.011846102774143219,
            -0.008839353919029236
        ],
        [
            0.08389700949192047,
            0.0157032273709774,
            -0.015275508165359497
        ],
        [
            0.11383889615535736,
            0.0038275420665740967,
            -0.024646516889333725
        ],
        [
            0.07242540270090103,
            -0.005787942558526993,
            0.010270856320858002
        ],
        [
            0.07713687419891357,
            0.03496244177222252,
            0.06683245301246643
        ],
        [
            0.07770738005638123,
            0.0364755280315876,
            0.0745440274477005
        ],
        [
            0.08547279238700867,
            0.03684822469949722,
            0.07378529757261276
        ],
        [
            0.08549666404724121,
            0.035587552934885025,
            0.06746874749660492
        ],
        [
            0.12856461107730865,
            0.0229203961789608,
            0.09065573662519455
        ],
        [
            0.12220398336648941,
            0.027448968961834908,
            0.08995965868234634
        ],
        [
            0.11562633514404297,
            0.02399725280702114,
            0.08397936820983887
        ],
        [
            0.09158717095851898,
            0.03639545291662216,
            0.011386342346668243
        ],
        [
            0.09557037055492401,
            0.039807748049497604,
            -0.00021170452237129211
        ],
        [
            0.1254376769065857,
            0.04191147908568382,
            0.0817084088921547
        ],
        [
            0.14439472556114197,
            0.048720065504312515,
            0.10774783790111542
        ],
        [
            0.13849352300167084,
            0.049051374197006226,
            0.1090337485074997
        ],
        [
            0.13451795279979706,
            0.03474314510822296,
            0.09976297616958618
        ],
        [
            0.14134475588798523,
            0.03462653234601021,
            0.0985584557056427
        ],
        [
            0.13608285784721375,
            0.04626638814806938,
            0.08380194008350372
        ],
        [
            0.12880724668502808,
            0.04438624903559685,
            0.08419836312532425
        ],
        [
            0.13098084926605225,
            0.04591909795999527,
            0.08503633737564087
        ],
        [
            0.13668768107891083,
            0.049091413617134094,
            0.08376599103212357
        ],
        [
            0.14363521337509155,
            0.06434840708971024,
            0.05334722250699997
        ],
        [
            0.13662277162075043,
            0.06217227131128311,
            0.048423610627651215
        ],
        [
            0.14601773023605347,
            0.03042036108672619,
            0.07218431681394577
        ],
        [
            0.14262481033802032,
            0.019966505467891693,
            0.08010929077863693
        ],
        [
            0.13541704416275024,
            0.014083577319979668,
            0.07216516137123108
        ],
        [
            0.123231440782547,
            0.046812575310468674,
            0.04639812186360359
        ],
        [
            0.12964372336864471,
            0.05270076543092728,
            0.0528387576341629
        ],
        [
            0.13044331967830658,
            0.05483722314238548,
            0.0493372306227684
        ],
        [
            0.1256423145532608,
            0.04354025050997734,
            0.07320079952478409
        ],
        [
            0.13007284700870514,
            0.04542412981390953,
            0.07924944162368774
        ],
        [
            0.130912646651268,
            0.047083817422389984,
            0.07455383986234665
        ],
        [
            0.12664064764976501,
            0.045209851115942,
            0.06799471378326416
        ],
        [
            0.12746816873550415,
            0.04349711909890175,
            0.00048093870282173157
        ],
        [
            0.11915591359138489,
            0.05172806233167648,
            0.000824853777885437
        ],
        [
            0.1332838535308838,
            0.05912063270807266,
            0.11013783514499664
        ],
        [
            0.13343437016010284,
            0.05537421256303787,
            0.10867176204919815
        ],
        [
            0.11644243448972702,
            0.04107428342103958,
            0.03897523134946823
        ],
        [
            0.1267639696598053,
            0.00790458545088768,
            0.06213134527206421
        ],
        [
            0.10881254076957703,
            0.03687373176217079,
            0.03148709982633591
        ],
        [
            0.15115635097026825,
            0.054342955350875854,
            0.03742796927690506
        ],
        [
            0.14774277806282043,
            0.06275910139083862,
            0.037359751760959625
        ],
        [
            0.151877298951149,
            0.06323421001434326,
            0.04208909720182419
        ],
        [
            0.15594063699245453,
            0.05777788534760475,
            0.04197080060839653
        ],
        [
            0.14147408306598663,
            0.05989432334899902,
            0.09127414226531982
        ],
        [
            0.13605666160583496,
            0.060379721224308014,
            0.09341981261968613
        ],
        [
            0.13644951581954956,
            0.06323128193616867,
            0.09514115750789642
        ],
        [
            0.1422380805015564,
            0.06345654278993607,
            0.09380418807268143
        ],
        [
            0.12495128810405731,
            0.040945570915937424,
            0.08713369816541672
        ],
        [
            0.12317439168691635,
            0.03585125133395195,
            0.09077785909175873
        ],
        [
            0.126091867685318,
            0.04086488112807274,
            0.09350470453500748
        ],
        [
            0.1281120628118515,
            0.044270094484090805,
            0.08898267894983292
        ],
        [
            0.12670853734016418,
            0.031964100897312164,
            0.09440678358078003
        ],
        [
            0.12889690697193146,
            0.036888040602207184,
            0.09764257073402405
        ],
        [
            0.1473204791545868,
            0.05745180323719978,
            0.09266316145658493
        ],
        [
            0.15052363276481628,
            0.0533674955368042,
            0.09815415740013123
        ],
        [
            0.14809805154800415,
            0.041771430522203445,
            0.08862550556659698
        ],
        [
            0.14397764205932617,
            0.047996483743190765,
            0.0856669545173645
        ],
        [
            0.1300159990787506,
            0.01578453555703163,
            0.013248667120933533
        ],
        [
            0.12922807037830353,
            0.022869128733873367,
            0.004555258899927139
        ],
        [
            0.13615258038043976,
            0.03264056518673897,
            0.01359890028834343
        ],
        [
            0.1434774100780487,
            0.041930366307497025,
            0.021769147366285324
        ],
        [
            0.1488770693540573,
            0.05084814131259918,
            0.03053329885005951
        ],
        [
            0.15109074115753174,
            0.042009107768535614,
            0.03893950581550598
        ],
        [
            0.13420052826404572,
            0.03702126070857048,
            0.006933201104402542
        ],
        [
            0.1447954624891281,
            0.04235006868839264,
            0.08011066168546677
        ],
        [
            0.14541277289390564,
            0.033867016434669495,
            0.08141797035932541
        ],
        [
            0.14729614555835724,
            0.036476798355579376,
            0.0769093856215477
        ],
        [
            0.1086936891078949,
            0.042279209941625595,
            0.026252422481775284
        ],
        [
            0.13372460007667542,
            0.050834670662879944,
            0.1074838936328888
        ],
        [
            0.10341516882181168,
            -0.019594788551330566,
            0.017511017620563507
        ],
        [
            0.11178164929151535,
            -0.014410164207220078,
            0.008063450455665588
        ],
        [
            0.11423391848802567,
            -0.010624829679727554,
            0.01565585285425186
        ],
        [
            0.10409866273403168,
            -0.01583414152264595,
            0.02645711600780487
        ],
        [
            0.1316356658935547,
            0.05796118080615997,
            0.09831482172012329
        ],
        [
            0.13039147853851318,
            0.05432143807411194,
            0.10340283811092377
        ],
        [
            0.13824626803398132,
            0.06630995869636536,
            0.04347924143075943
        ],
        [
            0.14475426077842712,
            0.06700235605239868,
            0.048065297305583954
        ],
        [
            0.14809706807136536,
            0.06771796196699142,
            0.045527540147304535
        ],
        [
            0.14148679375648499,
            0.07076913118362427,
            0.04024336114525795
        ],
        [
            0.1273118555545807,
            0.025901541113853455,
            -0.0002678707242012024
        ],
        [
            0.14255444705486298,
            0.06678456813097,
            0.017046291381120682
        ],
        [
            0.14948728680610657,
            0.059875018894672394,
            0.021926384419202805
        ],
        [
            0.12304875254631042,
            0.014065489172935486,
            -0.0030129700899124146
        ],
        [
            0.12423647940158844,
            0.007495548576116562,
            0.004261232912540436
        ],
        [
            0.12012537568807602,
            0.001911696046590805,
            -0.0026664212346076965
        ],
        [
            0.15263235569000244,
            0.04001358151435852,
            0.054643355309963226
        ],
        [
            0.1308262199163437,
            0.012189574539661407,
            0.021212533116340637
        ],
        [
            0.12408284842967987,
            0.00402132049202919,
            0.011197861284017563
        ],
        [
            0.11916366219520569,
            -0.0028266459703445435,
            0.003243386745452881
        ],
        [
            0.11631710082292557,
            -0.007559724152088165,
            -0.0030924826860427856
        ],
        [
            0.11753041297197342,
            -0.0018183998763561249,
            -0.008894331753253937
        ],
        [
            0.14852850139141083,
            0.050736069679260254,
            0.10335621237754822
        ],
        [
            0.15063925087451935,
            0.058599140495061874,
            0.10110025107860565
        ],
        [
            0.11601431667804718,
            -0.00666775181889534,
            -0.016518138349056244
        ],
        [
            0.11411254853010178,
            -0.012632075697183609,
            -0.009539946913719177
        ],
        [
            0.12251421064138412,
            -0.00032990798354148865,
            0.019277624785900116
        ],
        [
            0.11886259913444519,
            -0.005008317530155182,
            0.029441658407449722
        ],
        [
            0.12887734174728394,
            0.007917195558547974,
            0.028693977743387222
        ],
        [
            0.12615738809108734,
            0.0038937628269195557,
            0.039442162960767746
        ],
        [
            0.15121525526046753,
            0.03088814578950405,
            0.05973847210407257
        ],
        [
            0.14728444814682007,
            0.07649876177310944,
            0.10678499937057495
        ],
        [
            0.14866609871387482,
            0.06709195673465729,
            0.10020265728235245
        ],
        [
            0.14364629983901978,
            0.067955382168293,
            0.09728281944990158
        ],
        [
            0.1448020040988922,
            0.07752879709005356,
            0.1034146100282669
        ],
        [
            0.14761580526828766,
            0.061866484582424164,
            0.0957176610827446
        ],
        [
            0.1501925140619278,
            0.06367575377225876,
            0.10469512641429901
        ],
        [
            0.11757892370223999,
            -7.004290819168091e-05,
            0.0519486702978611
        ],
        [
            0.13736744225025177,
            0.049036651849746704,
            0.07995856553316116
        ],
        [
            0.10583473742008209,
            -0.009019993245601654,
            0.042617686092853546
        ],
        [
            0.10848882794380188,
            0.000675911083817482,
            0.06793798506259918
        ],
        [
            0.09778833389282227,
            -0.00411001592874527,
            0.06088250130414963
        ],
        [
            0.09214340150356293,
            -0.017350709065794945,
            0.034010499715805054
        ],
        [
            0.08733455836772919,
            -0.01089891605079174,
            0.04969561845064163
        ],
        [
            0.09170206636190414,
            -0.02434723824262619,
            0.016946129500865936
        ],
        [
            0.09352331608533859,
            -0.020506002008914948,
            0.024743080139160156
        ],
        [
            0.082439124584198,
            -0.0013176873326301575,
            0.06370462477207184
        ],
        [
            0.13185422122478485,
            0.07138700783252716,
            0.10760343074798584
        ],
        [
            0.13463640213012695,
            0.07392655313014984,
            0.10304296761751175
