{
    "pred_cam": [
        7.087223052978516,
        -0.09922168403863907,
        -0.06519778817892075
    ],
    "pred_mano_params": {
        "global_orient": [
            [
                [
                    -0.2803077697753906,
                    0.808691143989563,
                    -0.517151951789856
                ],
                [
                    -0.7379720211029053,
                    -0.5260798335075378,
                    -0.42265504598617554
                ],
                [
                    -0.6138606667518616,
                    0.26317018270492554,
                    0.7442557215690613
                ]
            ]
        ],
        "hand_pose": [
            [
                [
                    0.65451979637146,
                    -0.7011728286743164,
                    -0.282772958278656
                ],
                [
                    0.6591300368309021,
                    0.7124121785163879,
                    -0.24086597561836243
                ],
                [
                    0.370339572429657,
                    -0.028732629492878914,
                    0.9284519553184509
                ]
            ],
            [
                [
                    0.8992187976837158,
                    -0.40589115023612976,
                    0.1632726788520813
                ],
                [
                    0.43611666560173035,
                    0.8019703030586243,
                    -0.40822288393974304
                ],
                [
                    0.03475422039628029,
                    0.438287615776062,
                    0.8981626629829407
                ]
            ],
            [
                [
                    0.9910519123077393,
                    -0.06633628159761429,
                    0.11582569777965546
                ],
                [
                    0.042120277881622314,
                    0.9788467884063721,
                    0.20021192729473114
                ],
                [
                    -0.1266569346189499,
                    -0.19354180991649628,
                    0.972882091999054
                ]
            ],
            [
                [
                    0.5355284810066223,
                    -0.8393961191177368,
                    -0.09286186844110489
                ],
                [
                    0.844365656375885,
                    0.5342682003974915,
                    0.04005199670791626
                ],
                [
                    0.015993643552064896,
                    -0.0998583659529686,
                    0.9948731064796448
                ]
            ],
            [
                [
                    0.8941851854324341,
                    -0.4072323143482208,
                    -0.1859961748123169
                ],
                [
                    0.4378929138183594,
                    0.8820213675498962,
                    0.17403480410575867
                ],
                [
                    0.09317999333143234,
                    -0.23706579208374023,
                    0.9670146107673645
                ]
            ],
            [
                [
                    0.9366904497146606,
                    -0.3216802179813385,
                    0.13832129538059235
                ],
                [
                    0.32811281085014343,
                    0.9442833662033081,
                    -0.02590266987681389
                ],
                [
                    -0.12228211760520935,
                    0.06964778155088425,
                    0.9900485873222351
                ]
            ],
            [
                [
                    0.7828270792961121,
                    -0.587078869342804,
                    0.20620425045490265
                ],
                [
                    0.5113078355789185,
                    0.7957733273506165,
                    0.3245137333869934
                ],
                [
                    -0.3546069860458374,
                    -0.14860427379608154,
                    0.9231309294700623
                ]
            ],
            [
                [
                    0.9062547087669373,
                    -0.4209340810775757,
                    -0.038947056978940964
                ],
                [
                    0.41383087635040283,
                    0.8645921945571899,
                    0.2849987745285034
                ],
                [
                    -0.08629237860441208,
                    -0.2743989825248718,
                    0.9577362537384033
                ]
            ],
            [
                [
                    0.9887304902076721,
                    -0.12002994120121002,
                    0.0894690454006195
                ],
                [
                    0.044898565858602524,
                    0.8078709244728088,
                    0.5876467227935791
                ],
                [
                    -0.14281469583511353,
                    -0.5770072340965271,
                    0.8041557669639587
                ]
            ],
            [
                [
                    0.6585126519203186,
                    -0.740455150604248,
                    0.13448886573314667
                ],
                [
                    0.7434320449829102,
                    0.6678088903427124,
                    0.03660702332854271
                ],
                [
                    -0.11691873520612717,
                    0.07587713748216629,
                    0.9902387261390686
                ]
            ],
            [
                [
                    0.869313657283783,
                    -0.47632867097854614,
                    -0.13192684948444366
                ],
                [
                    0.48622927069664,
                    0.7762383818626404,
                    0.40129169821739197
                ],
                [
                    -0.08874006569385529,
                    -0.4129950702190399,
                    0.9063995480537415
                ]
            ],
            [
                [
                    0.872534453868866,
                    -0.45071566104888916,
                    0.18851807713508606
                ],
                [
                    0.4161655604839325,
                    0.8878151178359985,
                    0.19644470512866974
                ],
                [
                    -0.25590988993644714,
                    -0.09295003116130829,
                    0.962221622467041
                ]
            ],
            [
                [
                    0.9145112633705139,
                    -0.16851677000522614,
                    -0.367792546749115
                ],
                [
                    -0.26679548621177673,
                    0.4321970045566559,
                    -0.8614093065261841
                ],
                [
                    0.3041207790374756,
                    0.8858938217163086,
                    0.350289523601532
                ]
            ],
            [
                [
                    0.9975638389587402,
                    -0.06904520839452744,
                    0.009963531978428364
                ],
                [
                    0.04758153483271599,
                    0.7778794169425964,
                    0.6266096830368042
                ],
                [
                    -0.05101482942700386,
                    -0.6246089935302734,
                    0.7792696356773376
                ]
            ],
            [
                [
                    0.8908041715621948,
                    -0.4356503188610077,
                    -0.1291382759809494
                ],
                [
                    0.35924896597862244,
                    0.8492664694786072,
                    -0.38689348101615906
                ],
                [
                    0.27822309732437134,
                    0.29825353622436523,
                    0.9130370616912842
                ]
            ]
        ],
        "betas": [
            -0.02976459264755249,
            -0.1177619993686676,
            0.023070812225341797,
            -0.0031009018421173096,
            0.044058024883270264,
            -0.04399915784597397,
            -0.0029376447200775146,
            -0.005767345428466797,
            0.03907608985900879,
            -0.03986862301826477
        ]
    },
    "pred_cam_t": [
        -0.09922168403863907,
        -0.06519778817892075,
        5.511679172515869
    ],
    "focal_length": [
        5000.0,
        5000.0
    ],
    "pred_keypoints_3d": [
        [
            0.09582820534706116,
            0.006399980280548334,
            0.006212949752807617
        ],
        [
            0.07663654536008835,
            0.02139648050069809,
            0.03616533800959587
        ],
        [
            0.07056247442960739,
            0.047686148434877396,
            0.05109177529811859
        ],
        [
            0.0716821700334549,
            0.06936671584844589,
            0.06736506521701813
        ],
        [
            0.0682155042886734,
            0.10277027636766434,
            0.07523440569639206
        ],
        [
            0.10566166788339615,
            0.06549125909805298,
            0.0743059292435646
        ],
        [
            0.10230158269405365,
            0.09823302924633026,
            0.07690982520580292
        ],
        [
            0.09166953712701797,
            0.11582746356725693,
            0.06845905631780624
        ],
        [
            0.07793983817100525,
            0.1352926343679428,
            0.06119300425052643
        ],
        [
            0.12293535470962524,
            0.07857682555913925,
            0.061449743807315826
        ],
        [
            0.11040525138378143,
            0.10775753855705261,
            0.06099187582731247
        ],
        [
            0.09433840215206146,
            0.12165278196334839,
            0.05135440081357956
        ],
        [
            0.07320377975702286,
            0.13376718759536743,
            0.04283493757247925
        ],
        [
            0.1294352114200592,
            0.08022040873765945,
            0.03554432839155197
        ],
        [
            0.12000980973243713,
            0.10676256567239761,
            0.04202433302998543
        ],
        [
            0.1020173728466034,
            0.12185953557491302,
            0.03395194932818413
        ],
        [
            0.07888802886009216,
            0.13035660982131958,
            0.029098661616444588
        ],
        [
            0.1295328438282013,
            0.08083745092153549,
            0.013702847063541412
        ],
        [
            0.12655140459537506,
            0.10170166194438934,
            0.016063658520579338
        ],
        [
            0.11464130133390427,
            0.11644522100687027,
            0.014390828087925911
        ],
        [
            0.09610528498888016,
            0.1280449628829956,
            0.015120801515877247
        ]
    ],
    "pred_vertices": [
        [
            0.08866588771343231,
            0.04478960856795311,
            0.043442003428936005
        ],
        [
            0.08561091125011444,
            0.03744002431631088,
            0.035080987960100174
        ],
        [
            0.08346543461084366,
            0.04407179355621338,
            0.04059867560863495
        ],
        [
            0.08546949923038483,
            0.048496048897504807,
            0.05002293735742569
        ],
        [
            0.06930924952030182,
            0.03884044289588928,
            0.02641390636563301
        ],
        [
            0.060255758464336395,
            0.031812526285648346,
            0.028897829353809357
        ],
        [
            0.061052244156599045,
            0.045791033655405045,
            0.03872920200228691
        ],
        [
            0.06844152510166168,
            0.05087876319885254,
            0.034799251705408096
        ],
        [
            0.08496886491775513,
            0.05174446105957031,
            0.05609297752380371
        ],
        [
            0.08178010582923889,
            0.05067937821149826,
            0.04573368653655052
        ],
        [
            0.08684951812028885,
            0.050750888884067535,
            0.05948811396956444
        ],
        [
            0.09303557872772217,
            0.04805926978588104,
            0.0708179846405983
        ],
        [
            0.08952894806861877,
            0.05191846191883087,
            0.06580743193626404
        ],
        [
            0.0980491191148758,
            0.05082275718450546,
            0.07662969827651978
        ],
        [
            0.09703023731708527,
            0.038101717829704285,
            0.07092460989952087
        ],
        [
            0.10689084976911545,
            0.04745912179350853,
            0.07739470899105072
        ],
        [
            0.11787118762731552,
            0.03379306569695473,
            0.053291238844394684
        ],
        [
            0.12419998645782471,
            0.0362803190946579,
            0.04142811521887779
        ],
        [
            0.13020619750022888,
            0.05033935606479645,
            0.05049639940261841
        ],
        [
            0.12243439257144928,
            0.046913571655750275,
            0.06141034513711929
        ],
        [
            0.1329142302274704,
            0.05157870054244995,
            0.02955622784793377
        ],
        [
            0.13180011510849,
            0.05157956853508949,
            0.041469674557447433
        ],
        [
            0.12702873349189758,
            0.03701668977737427,
            0.03283139318227768
        ],
        [
            0.12817923724651337,
            0.03789404779672623,
            0.02262343280017376
        ],
        [
            0.09447187185287476,
            0.0430246964097023,
            0.02969338372349739
        ],
        [
            0.09082089364528656,
            0.035358455032110214,
            0.02243594452738762
        ],
        [
            0.0893196389079094,
            0.034428276121616364,
            0.027778904885053635
        ],
        [
            0.09233670681715012,
            0.042374324053525925,
            0.03464731574058533
        ],
        [
            0.08134844899177551,
            0.04860732704401016,
            0.062355224043130875
        ],
        [
            0.08271350711584091,
            0.03674887865781784,
            0.06382723897695541
        ],
        [
            0.08697931468486786,
            0.04328961670398712,
            0.06365281343460083
        ],
        [
            0.08257260918617249,
            0.05321081727743149,
            0.05934242159128189
        ],
        [
            0.08162575960159302,
            0.02404826506972313,
            -0.0025516636669635773
        ],
        [
            0.08203762769699097,
            0.011086054146289825,
            -0.006486177444458008
        ],
        [
            0.07966692745685577,
            0.008793272078037262,
            -0.0015228837728500366
        ],
        [
            0.0801040381193161,
            0.020834755152463913,
            0.001209888607263565
        ],
        [
            0.06615639477968216,
            0.011108849197626114,
            0.01651880517601967
        ],
        [
            0.07100894302129745,
            0.0015242323279380798,
            0.012886017560958862
        ],
        [
            0.07199274748563766,
            -0.009802483022212982,
            0.019633188843727112
        ],
        [
            0.06841933727264404,
            -0.0012758821249008179,
            0.026238173246383667
        ],
        [
            0.06208690628409386,
            0.021552804857492447,
            0.0226919986307621
        ],
        [
            0.06126729026436806,
            0.01086273044347763,
            0.030934873968362808
        ],
        [
            0.05818125978112221,
            0.023758597671985626,
            0.03652246296405792
        ],
        [
            0.059529222548007965,
            0.03910444304347038,
            0.04520156607031822
        ],
        [
            0.08965545892715454,
            0.014349587261676788,
            -0.016293294727802277
        ],
        [
            0.09000596404075623,
            0.02451300621032715,
            -0.01505792886018753
        ],
        [
            0.08986055105924606,
            0.09701086580753326,
            0.07164336740970612
        ],
        [
            0.09274273365736008,
            0.09854217618703842,
            0.06660984456539154
        ],
        [
            0.09325575083494186,
            0.09308572858572006,
            0.06717493385076523
        ],
        [
            0.09052954614162445,
            0.09280899167060852,
            0.0721588060259819
        ],
        [
            0.10964331030845642,
            0.01721997559070587,
            -0.017804626375436783
        ],
        [
            0.1176280826330185,
            0.012694761157035828,
            -0.013574235141277313
        ],
        [
            0.11483391374349594,
            0.00799240916967392,
            -0.018407687544822693
        ],
        [
            0.10637249797582626,
            0.011205188930034637,
            -0.021044842898845673
        ],
        [
            0.11386092752218246,
            0.0251680389046669,
            -0.013420354574918747
        ],
        [
            0.12078030407428741,
            0.019364871084690094,
            -0.006625335663557053
        ],
        [
            0.09668973833322525,
            0.10041096806526184,
            0.0819537341594696
        ],
        [
            0.09206022322177887,
            0.0989062488079071,
            0.08017019927501678
        ],
        [
            0.09434188157320023,
            0.09437045454978943,
            0.08142818510532379
        ],
        [
            0.09952577203512192,
            0.09490732103586197,
            0.08246277272701263
        ],
        [
            0.08831470459699631,
            0.052817825227975845,
            0.058820247650146484
        ],
        [
            0.0906437486410141,
            0.052080776542425156,
            0.050309184938669205
        ],
        [
            0.09468946605920792,
            0.06437790393829346,
            0.06804656982421875
        ],
        [
            0.09446357190608978,
            0.06005000323057175,
            0.061112675815820694
        ],
        [
            0.09186391532421112,
            0.05658898875117302,
            0.0664743036031723
        ],
        [
            0.0931396335363388,
            0.06043734401464462,
            0.0722382441163063
        ],
        [
            0.1041191816329956,
            0.06129293143749237,
            0.03959387540817261
        ],
        [
            0.10028214752674103,
            0.052141401916742325,
            0.0334332138299942
        ],
        [
            0.09806616604328156,
            0.051907047629356384,
            0.03963584825396538
        ],
        [
            0.10076911747455597,
            0.06182936578989029,
            0.04753129184246063
        ],
        [
            0.10366417467594147,
            0.05590066686272621,
            0.02021506056189537
        ],
        [
            0.10758524388074875,
            0.06438049674034119,
            0.027472373098134995
        ],
        [
            0.1090669333934784,
            0.06552574783563614,
            0.019118765369057655
        ],
        [
            0.10518111288547516,
            0.05978114902973175,
            0.01517629623413086
        ],
        [
            0.11363186687231064,
            0.07671622186899185,
            0.04249292239546776
        ],
        [
            0.11589143425226212,
            0.08053338527679443,
            0.04618321731686592
        ],
        [
            0.11599680036306381,
            0.08273962885141373,
            0.04330679774284363
        ],
        [
            0.11450004577636719,
            0.0772542804479599,
            0.03896135836839676
        ],
        [
            0.11274388432502747,
            0.0025869905948638916,
            -0.02252122014760971
        ],
        [
            0.10323482006788254,
            0.004989974200725555,
            -0.02325805276632309
        ],
        [
            0.13289880752563477,
            0.055421218276023865,
            0.008060116320848465
        ],
        [
            0.12695452570915222,
            0.056435033679008484,
            -0.0013997815549373627
        ],
        [
            0.13103345036506653,
            0.06806737184524536,
            0.0023625213652849197
        ],
        [
            0.1369018852710724,
            0.06391273438930511,
            0.011695116758346558
        ],
        [
            0.1213921532034874,
            0.008397512137889862,
            -0.004874967038631439
        ],
        [
            0.1204582080245018,
            0.003783285617828369,
            -0.011166416108608246
        ],
        [
            0.10233835130929947,
            0.10225897282361984,
            0.07998410612344742
        ],
        [
            0.10470206290483475,
            0.09615661948919296,
            0.07995125651359558
        ],
        [
            0.06481213122606277,
            0.013495571911334991,
            0.04483732208609581
        ],
        [
            0.06250084936618805,
            0.032594211399555206,
            0.05217311531305313
        ],
        [
            0.07083216309547424,
            -0.0004244372248649597,
            0.03746984153985977
        ],
        [
            0.07741348445415497,
            -0.008955202996730804,
            0.031212925910949707
        ],
        [
            0.08036231994628906,
            -0.016441650688648224,
            0.025759082287549973
        ],
        [
            0.09820815175771713,
            0.06459824740886688,
            0.05845178663730621
        ],
        [
            0.09360472112894058,
            0.04904719442129135,
            0.042217761278152466
        ],
        [
            0.096103236079216,
            0.04405631124973297,
            0.02498287335038185
        ],
        [
            0.103675477206707,
            0.056867048144340515,
            -0.0019972994923591614
        ],
        [
            0.09946026653051376,
            0.04870615899562836,
            -0.007256671786308289
        ],
        [
            0.09621326625347137,
            0.04917297139763832,
            0.002895515412092209
        ],
        [
            0.10114219784736633,
            0.0559319444000721,
            0.005559157580137253
        ],
        [
            0.11912161111831665,
            0.061274800449609756,
            -0.005184361711144447
        ],
        [
            0.11260426044464111,
            0.06446900963783264,
            -0.0018796660006046295
        ],
        [
            0.11623100936412811,
            0.07146567106246948,
            0.002260275185108185
        ],
        [
            0.12288867682218552,
            0.07011527568101883,
            -0.000840136781334877
        ],
        [
            0.07561326026916504,
            0.04540528729557991,
            0.06526432186365128
        ],
        [
            0.0775793194770813,
            0.03199232369661331,
            0.06329987198114395
        ],
        [
            0.09969869256019592,
            0.020805738866329193,
            -0.018889352679252625
        ],
        [
            0.09658102691173553,
            0.013707384467124939,
            -0.019869908690452576
        ],
        [
            0.09557804465293884,
            0.005536280572414398,
            -0.022113647311925888
        ],
        [
            0.0848318338394165,
            0.02921118587255478,
            0.010821148753166199
        ],
        [
            0.07883349061012268,
            0.018615908920764923,
            0.003795657306909561
        ],
        [
            0.07654816657304764,
            0.01789223775267601,
            0.00756850466132164
        ],
        [
            0.084597148001194,
            0.02752133458852768,
            0.014000985771417618
        ],
        [
            0.08049986511468887,
            0.032806895673274994,
            0.025437381118535995
        ],
        [
            0.07103416323661804,
            0.026655443012714386,
            0.01865428313612938
        ],
        [
            0.07934547960758209,
            0.043049104511737823,
            0.030784238129854202
        ],
        [
            0.07585979998111725,
            0.004375770688056946,
            0.00434257835149765
        ],
        [
            0.07782377302646637,
            -0.0005416050553321838,
            -0.0054358989000320435
        ],
        [
            0.07475387305021286,
            -0.004639811813831329,
            0.0018703266978263855
        ],
        [
            0.08314958214759827,
            0.0025161802768707275,
            -0.013086248189210892
        ],
        [
            0.08920170366764069,
            0.004872873425483704,
            -0.01918867975473404
        ],
        [
            0.12145105749368668,
            -0.002887144684791565,
            -0.01638047769665718
        ],
        [
            0.07333117723464966,
            -0.008074633777141571,
            0.009296074509620667
        ],
        [
            0.06850302964448929,
            0.05672255903482437,
            0.042308975011110306
        ],
        [
            0.06804110109806061,
            0.061283744871616364,
            0.04915556311607361
        ],
        [
            0.07567340135574341,
            0.06181824579834938,
            0.049244895577430725
        ],
        [
            0.07652591913938522,
            0.057775676250457764,
            0.043518923223018646
        ],
        [
            0.10166025161743164,
            0.05769988149404526,
            0.08141882717609406
        ],
        [
            0.095219187438488,
            0.059234440326690674,
            0.07739457488059998
        ],
        [
            0.09248755872249603,
            0.052906833589076996,
            0.07224331796169281
        ],
        [
            0.08682996034622192,
            0.03449719399213791,
            -0.00166277214884758
        ],
        [
            0.09348461031913757,
            0.03447528928518295,
            -0.01240406185388565
        ],
        [
            0.0986379012465477,
            0.06857068091630936,
            0.06513907760381699
        ],
        [
            0.1025041937828064,
            0.09103568643331528,
            0.08397914469242096
        ],
        [
            0.09666359424591064,
            0.08980824053287506,
            0.08320322632789612
        ],
        [
            0.09975802898406982,
            0.07246582210063934,
            0.08389139920473099
        ],
        [
            0.10638587921857834,
            0.07447079569101334,
            0.0847989097237587
        ],
        [
            0.10639911144971848,
            0.07472250610589981,
            0.06566593796014786
        ],
        [
            0.10010293871164322,
            0.0714556947350502,
            0.06549552828073502
        ],
        [
            0.10136091709136963,
            0.0732560083270073,
            0.06526752561330795
        ],
        [
            0.10648737102746964,
            0.07719791680574417,
            0.06369950622320175
        ],
        [
            0.11750191450119019,
            0.0822998508810997,
            0.034151315689086914
        ],
        [
            0.11590253561735153,
            0.07745569944381714,
            0.030382974073290825
        ],
        [
            0.12370581179857254,
            0.061858102679252625,
            0.06740039587020874
        ],
        [
            0.1194097101688385,
            0.0549473762512207,
            0.07836896181106567
        ],
        [
            0.11568056046962738,
            0.04432792216539383,
            0.07138492166996002
        ],
        [
            0.10613781958818436,
            0.06219450756907463,
            0.032460056245326996
        ],
        [
            0.10992787778377533,
            0.07057852298021317,
            0.037280306220054626
        ],
        [
            0.1112992987036705,
            0.07140140235424042,
            0.03344518691301346
        ],
        [
            0.10133318603038788,
            0.06813967227935791,
            0.05788631737232208
        ],
        [
            0.10321454703807831,
            0.0718342661857605,
            0.06262058764696121
        ],
        [
            0.10539763420820236,
            0.07210025936365128,
            0.058500103652477264
        ],
        [
            0.10354218631982803,
            0.06838411837816238,
            0.05292125791311264
        ],
        [
            0.12339863181114197,
            0.04467949643731117,
            -0.006183549761772156
        ],
        [
            0.11446364223957062,
            0.050564613193273544,
            -0.010852698236703873
        ],
        [
            0.08958084881305695,
            0.09740544855594635,
            0.07644566148519516
        ],
        [
            0.09105341136455536,
            0.09319502115249634,
            0.07749161869287491
        ],
        [
            0.1022908017039299,
            0.053194403648376465,
            0.026575522497296333
        ],
        [
            0.11024529486894608,
            0.033420875668525696,
            0.06218276172876358
        ],
        [
            0.09751970320940018,
            0.04531509429216385,
            0.019828684628009796
        ],
        [
            0.1350417137145996,
            0.07373827695846558,
            0.028703976422548294
        ],
        [
            0.1302890181541443,
            0.07922620326280594,
            0.024850530549883842
        ],
        [
            0.1290687918663025,
            0.08392813056707382,
            0.02806120179593563
        ],
        [
            0.13339926302433014,
            0.08233386278152466,
            0.031802717596292496
        ],
        [
            0.10518696159124374,
            0.0913199633359909,
            0.06428142637014389
        ],
        [
            0.09929793328046799,
            0.09068988263607025,
            0.0643453374505043
        ],
        [
            0.09811802208423615,
            0.09441223740577698,
            0.06352264434099197
        ],
        [
            0.10377506911754608,
            0.09586161375045776,
            0.063929483294487
        ],
        [
            0.09593231230974197,
            0.06870117783546448,
            0.0686517283320427
        ],
        [
            0.0936817079782486,
            0.06591857969760895,
            0.07387930899858475
        ],
        [
            0.09394879639148712,
            0.07138142734766006,
            0.07333671301603317
        ],
        [
            0.09723801910877228,
            0.0727536678314209,
            0.06843705475330353
        ],
        [
            0.09584115445613861,
            0.06527633965015411,
            0.07929284125566483
        ],
        [
            0.09534987062215805,
            0.0711042657494545,
            0.07952062040567398
        ],
        [
            0.11008820682764053,
            0.09208258986473083,
            0.06830912828445435
        ],
        [
            0.11115849763154984,
            0.09234632551670074,
            0.07569553703069687
        ],
        [
            0.11562827229499817,
            0.07809174805879593,
            0.07474377006292343
        ],
        [
            0.11231331527233124,
            0.0800616517663002,
            0.06766312569379807
        ],
        [
            0.12503032386302948,
            0.02436012774705887,
            0.016370851546525955
        ],
        [
            0.12589290738105774,
            0.027667932212352753,
            0.00572904571890831
        ],
        [
            0.12920120358467102,
            0.0411788746714592,
            0.011663107201457024
        ],
        [
            0.13370172679424286,
            0.054267484694719315,
            0.017258623614907265
        ],
        [
            0.1366117149591446,
            0.06662413477897644,
            0.0232679583132267
        ],
        [
            0.13802260160446167,
            0.06305480003356934,
            0.035170577466487885
        ],
        [
            0.12867172062397003,
            0.042424339801073074,
            0.0035593509674072266
        ],
        [
            0.11443502455949783,
            0.07262048125267029,
            0.06619613617658615
        ],
        [
            0.11834410578012466,
            0.06808755546808243,
            0.07301733642816544
        ],
        [
            0.11953778564929962,
            0.0690549686551094,
            0.06787647306919098
        ],
        [
            0.09832173585891724,
            0.04841100797057152,
            0.013079866766929626
        ],
        [
            0.09286565333604813,
            0.08882135897874832,
            0.07990861684083939
        ],
        [
            0.10205746442079544,
            -0.011650405824184418,
            0.028196994215250015
        ],
        [
            0.11224595457315445,
            -0.008619464933872223,
            0.01934152841567993
        ],
        [
            0.11199237406253815,
            -0.002061322331428528,
            0.025202088057994843
        ],
        [
            0.09956773370504379,
            -0.0048324912786483765,
            0.03507596254348755
        ],
        [
            0.09372877329587936,
            0.08940046280622482,
            0.06837212294340134
        ],
        [
            0.09105609357357025,
            0.08848433941602707,
            0.07396089285612106
        ],
        [
            0.11808883398771286,
            0.0803978219628334,
            0.02491328865289688
        ],
        [
            0.11974223703145981,
            0.08426939696073532,
            0.02920275554060936
        ],
        [
            0.12285032123327255,
            0.08586367219686508,
            0.027642229571938515
        ],
        [
            0.12087998539209366,
            0.08448085933923721,
            0.021994825452566147
        ],
        [
            0.12510152161121368,
            0.02835545688867569,
            -0.00015786662697792053
        ],
        [
            0.13140971958637238,
            0.07622967660427094,
            0.004330204799771309
        ],
        [
            0.1373300701379776,
            0.07210376858711243,
            0.012630173936486244
        ],
        [
            0.122979536652565,
            0.01576029509305954,
            0.0009763650596141815
        ],
        [
            0.12279608100652695,
            0.012523546814918518,
            0.010233290493488312
        ],
        [
            0.12140051275491714,
            0.004218757152557373,
            0.005296822637319565
        ],
        [
            0.13350413739681244,
            0.06686832755804062,
            0.04940927401185036
        ],
        [
            0.12397396564483643,
            0.024001341313123703,
            0.025012720376253128
        ],
        [
            0.12111576646566391,
            0.01171940565109253,
            0.01770268753170967
        ],
        [
            0.11937133222818375,
            0.0017504245042800903,
            0.012147985398769379
        ],
        [
            0.118973009288311,
            -0.005323819816112518,
            0.007731877267360687
        ],
        [
            0.12110357731580734,
            -0.0018435418605804443,
            0.0006302818655967712
        ],
        [
            0.10759372264146805,
            0.091885045170784,
            0.08053220063447952
        ],
        [
            0.10893788933753967,
            0.0977206826210022,
            0.07463201880455017
        ],
        [
            0.12234851717948914,
            -0.009181059896945953,
            -0.0045994482934474945
        ],
        [
            0.11926009505987167,
            -0.012598544359207153,
            0.003508884459733963
        ],
        [
            0.11783475428819656,
            0.010213889181613922,
            0.02623947709798813
        ],
        [
            0.11195062845945358,
            0.008744604885578156,
            0.03641216829419136
        ],
        [
            0.12054171413183212,
            0.022259484976530075,
            0.0329151526093483
        ],
        [
            0.11545649915933609,
            0.021691877394914627,
            0.043472208082675934
        ],
        [
            0.1342475265264511,
            0.06083333492279053,
            0.05870014801621437
        ],
        [
            0.10138599574565887,
            0.11500497162342072,
            0.06916162371635437
        ],
        [
            0.1063547432422638,
            0.10453321039676666,
            0.06873642653226852
        ],
        [
            0.10287146270275116,
            0.10254763066768646,
            0.06446132063865662
        ],
        [
            0.10016860067844391,
            0.11383764445781708,
            0.06525188684463501
        ],
        [
            0.10802316665649414,
            0.09716115891933441,
            0.06781355291604996
        ],
        [
            0.10645361244678497,
            0.10392343252897263,
            0.07460866123437881
        ],
        [
            0.10460230708122253,
            0.02098006010055542,
            0.054215818643569946
        ],
        [
            0.10766352713108063,
            0.0752355083823204,
            0.06208336725831032
        ],
        [
            0.09620419144630432,
            0.007750965654850006,
            0.04733426868915558
        ],
        [
            0.09340140968561172,
            0.026602614670991898,
            0.06524746119976044
        ],
        [
            0.08492626249790192,
            0.018634788691997528,
            0.059171926230192184
        ],
        [
            0.08546959608793259,
            -0.004886932671070099,
            0.04037483409047127
        ],
        [
            0.07683718949556351,
            0.00741683691740036,
            0.05072910338640213
        ],
        [
            0.09145291149616241,
            -0.018363386392593384,
            0.027024541050195694
        ],
        [
            0.09019213169813156,
            -0.011430352926254272,
            0.03316934406757355
        ],
        [
            0.07082434743642807,
            0.02231128141283989,
            0.0565963014960289
        ],
        [
            0.08776167035102844,
            0.10693353414535522,
            0.06801049411296844
        ],
        [
            0.09160932898521423,
            0.1079651415348053,
            0.06385262310504913
        ],
        [
