{
    "pred_cam": [
        9.60617446899414,
        0.12937891483306885,
        -0.05790579319000244
    ],
    "pred_mano_params": {
        "global_orient": [
            [
                [
                    -0.6607367992401123,
                    0.7499200701713562,
                    0.03235370293259621
                ],
                [
                    -0.5291639566421509,
                    -0.4347976744174957,
                    -0.7286539077758789
                ],
                [
                    -0.5323648452758789,
                    -0.49856892228126526,
                    0.6841174960136414
                ]
            ]
        ],
        "hand_pose": [
            [
                [
                    0.8212996125221252,
                    -0.37651950120925903,
                    -0.42860233783721924
                ],
                [
                    0.3843684792518616,
                    0.9203685522079468,
                    -0.07198993116617203
                ],
                [
                    0.4215777516365051,
                    -0.10561591386795044,
                    0.9006205797195435
                ]
            ],
            [
                [
                    0.9248374700546265,
                    -0.3796578347682953,
                    0.02314361371099949
                ],
                [
                    0.3608596622943878,
                    0.8565574288368225,
                    -0.36890342831611633
                ],
                [
                    0.12023324519395828,
                    0.3495272696018219,
                    0.9291796088218689
                ]
            ],
            [
                [
                    0.9146115183830261,
                    -0.15584883093833923,
                    0.37309107184410095
                ],
                [
                    0.1298474669456482,
                    0.987067461013794,
                    0.09400740265846252
                ],
                [
                    -0.38291704654693604,
                    -0.03753531351685524,
                    0.9230198264122009
                ]
            ],
            [
                [
                    0.9605101943016052,
                    -0.1446751207113266,
                    -0.23767472803592682
                ],
                [
                    0.1219717338681221,
                    0.986675500869751,
                    -0.10767784714698792
                ],
                [
                    0.25008609890937805,
                    0.07443607598543167,
                    0.9653581380844116
                ]
            ],
            [
                [
                    0.848227858543396,
                    -0.493086040019989,
                    -0.19332759082317352
                ],
                [
                    0.5239800214767456,
                    0.8344538807868958,
                    0.17067945003509521
                ],
                [
                    0.07716333121061325,
                    -0.24607492983341217,
                    0.9661742448806763
                ]
            ],
            [
                [
                    0.8565380573272705,
                    -0.4795416593551636,
                    0.1907416135072708
                ],
                [
                    0.48600614070892334,
                    0.8738357424736023,
                    0.014458996243774891
                ],
                [
                    -0.17361053824424744,
                    0.08031690865755081,
                    0.9815337657928467
                ]
            ],
            [
                [
                    0.8050057291984558,
                    -0.5786030292510986,
                    -0.13108891248703003
                ],
                [
                    0.5902019739151001,
                    0.8034836649894714,
                    0.07794608175754547
                ],
                [
                    0.06022796407341957,
                    -0.14011597633361816,
                    0.9883016347885132
                ]
            ],
            [
                [
                    0.8164851069450378,
                    -0.564569354057312,
                    -0.12088611721992493
                ],
                [
                    0.5709016919136047,
                    0.7582043409347534,
                    0.3149561882019043
                ],
                [
                    -0.08615823835134506,
                    -0.3261711597442627,
                    0.9413761496543884
                ]
            ],
            [
                [
                    0.8920578360557556,
                    -0.45151054859161377,
                    -0.0192660354077816
                ],
                [
                    0.2707135081291199,
                    0.49974551796913147,
                    0.8227810859680176
                ],
                [
                    -0.36186617612838745,
                    -0.739183783531189,
                    0.568031907081604
                ]
            ],
            [
                [
                    0.7162652611732483,
                    -0.6254963278770447,
                    -0.30938392877578735
                ],
                [
                    0.5649488568305969,
                    0.7800207734107971,
                    -0.26907315850257874
                ],
                [
                    0.4096301794052124,
                    0.01794167421758175,
                    0.9120752215385437
                ]
            ],
            [
                [
                    0.7080439925193787,
                    -0.6705594062805176,
                    -0.22141319513320923
                ],
                [
                    0.6879025101661682,
                    0.584098219871521,
                    0.43083566427230835
                ],
                [
                    -0.15957385301589966,
                    -0.4573613107204437,
                    0.8748467564582825
                ]
            ],
            [
                [
                    0.7189480066299438,
                    -0.6871046423912048,
                    0.10488495975732803
                ],
                [
                    0.6173113584518433,
                    0.7005627155303955,
                    0.35796448588371277
                ],
                [
                    -0.31943756341934204,
                    -0.1926112025976181,
                    0.9278256893157959
                ]
            ],
            [
                [
                    0.8787457942962646,
                    -0.07027275115251541,
                    -0.47208866477012634
                ],
                [
                    -0.40218931436538696,
                    0.4235687553882599,
                    -0.8116856217384338
                ],
                [
                    0.2570013403892517,
                    0.9031342267990112,
                    0.34394630789756775
                ]
            ],
            [
                [
                    0.9529845118522644,
                    -0.2461157739162445,
                    -0.17676988244056702
                ],
                [
                    0.301476389169693,
                    0.8288754224777222,
                    0.4712509214878082
                ],
                [
                    0.0305379256606102,
                    -0.502386748790741,
                    0.8641035556793213
                ]
            ],
            [
                [
                    0.9160649180412292,
                    -0.3005119264125824,
                    -0.2655516564846039
                ],
                [
                    0.18763022124767303,
                    0.9063987135887146,
                    -0.3784656822681427
                ],
                [
                    0.35442912578582764,
                    0.2968735992908478,
                    0.8867051601409912
                ]
            ]
        ],
        "betas": [
            -0.06206771731376648,
            -0.13708260655403137,
            -0.019397348165512085,
            -0.03990331292152405,
            0.06897410750389099,
            -0.04009377211332321,
            0.045223087072372437,
            0.04489260911941528,
            0.025710687041282654,
            -0.011747628450393677
        ]
    },
    "pred_cam_t": [
        -0.12937891483306885,
        -0.05790579319000244,
        4.066394805908203
    ],
    "focal_length": [
        5000.0,
        5000.0
    ],
    "pred_keypoints_3d": [
        [
            0.0960269495844841,
            0.006412724498659372,
            0.006228873040527105
        ],
        [
            0.10119354724884033,
            0.00705250957980752,
            0.04452867805957794
        ],
        [
            0.11198719590902328,
            0.02409503050148487,
            0.06792085617780685
        ],
        [
            0.12573808431625366,
            0.043485283851623535,
            0.0810999944806099
        ],
        [
            0.136546790599823,
            0.07534641772508621,
            0.09013205021619797
        ],
        [
            0.15113835036754608,
            0.04039192572236061,
            0.06997009366750717
        ],
        [
            0.16332203149795532,
            0.06880002468824387,
            0.08180084079504013
        ],
        [
            0.15877138078212738,
            0.08945706486701965,
            0.08880797773599625
        ],
        [
            0.15187574923038483,
            0.10746262967586517,
            0.10439521074295044
        ],
        [
            0.15749631822109222,
            0.05980968847870827,
            0.055184848606586456
        ],
        [
            0.1751609742641449,
            0.08529078215360641,
            0.06243019551038742
        ],
        [
            0.17272615432739258,
            0.10718569159507751,
            0.0702972412109375
        ],
        [
            0.16434016823768616,
            0.12639500200748444,
            0.08501454442739487
        ],
        [
            0.1464192122220993,
            0.071055568754673,
            0.03354349359869957
        ],
        [
            0.14939400553703308,
            0.09924671053886414,
            0.039669521152973175
        ],
        [
            0.1293114423751831,
            0.11334605515003204,
            0.04393810033798218
        ],
        [
            0.10738091915845871,
            0.11404993385076523,
            0.05577002838253975
        ],
        [
            0.13282307982444763,
            0.07889452576637268,
            0.018291708081960678
        ],
        [
            0.13216689229011536,
            0.09996053576469421,
            0.021062910556793213
        ],
        [
            0.11902065575122833,
            0.11305558681488037,
            0.025503020733594894
        ],
        [
            0.10172872990369797,
            0.11258555203676224,
            0.038259319961071014
        ]
    ],
    "pred_vertices": [
        [
            0.11713820695877075,
            0.027707049623131752,
            0.050705451518297195
        ],
        [
            0.10916920751333237,
            0.022788822650909424,
            0.04383041709661484
        ],
        [
            0.11262959241867065,
            0.026095908135175705,
            0.051160696893930435
        ],
        [
            0.11956804245710373,
            0.02789541520178318,
            0.05843091011047363
        ],
        [
            0.09299353510141373,
            0.02473575249314308,
            0.04904783517122269
        ],
        [
            0.08673258870840073,
            0.01608903892338276,
            0.05473189800977707
        ],
        [
            0.09617681056261063,
            0.025659918785095215,
            0.0658784806728363
        ],
        [
            0.09949757158756256,
            0.03219125419855118,
            0.058761440217494965
        ],
        [
            0.12379253655672073,
            0.028151601552963257,
            0.06351084262132645
        ],
        [
            0.11561383306980133,
            0.029589548707008362,
            0.057554081082344055
        ],
        [
            0.12766407430171967,
            0.02611076645553112,
            0.06333906203508377
        ],
        [
            0.1383722722530365,
            0.021993441507220268,
            0.06786254793405533
        ],
        [
            0.13269181549549103,
            0.02677600085735321,
            0.06833172589540482
        ],
        [
            0.14580044150352478,
            0.024063318967819214,
            0.07038537412881851
        ],
        [
            0.14041967689990997,
            0.01352626085281372,
            0.06198267638683319
        ],
        [
            0.15195851027965546,
            0.022124119102954865,
            0.06385592371225357
        ],
        [
            0.14426328241825104,
            0.01980605348944664,
            0.035910554230213165
        ],
        [
            0.142012819647789,
            0.02725701779127121,
            0.02471909672021866
        ],
        [
            0.152025505900383,
            0.037796638906002045,
            0.032892219722270966
        ],
        [
            0.15281057357788086,
            0.02971665747463703,
            0.043727755546569824
        ],
        [
            0.14221692085266113,
            0.04648056626319885,
            0.017001185566186905
        ],
        [
            0.14847703278064728,
            0.042386896908283234,
            0.02612309530377388
        ],
        [
            0.138985738158226,
            0.03126300498843193,
            0.017255425453186035
        ],
        [
            0.1335878074169159,
            0.03565765917301178,
            0.009693652391433716
        ],
        [
            0.11265942454338074,
            0.03220019489526749,
            0.037021853029727936
        ],
        [
            0.10453638434410095,
            0.026714282110333443,
            0.031230075284838676
        ],
        [
            0.10658016800880432,
            0.0235254168510437,
            0.035487040877342224
        ],
        [
            0.11403688788414001,
            0.02939867600798607,
            0.04152210056781769
        ],
        [
            0.12640635669231415,
            0.02386004850268364,
            0.06823012232780457
        ],
        [
            0.1264539361000061,
            0.011808542534708977,
            0.06537464261054993
        ],
        [
            0.12983208894729614,
            0.01833455264568329,
            0.06422847509384155
        ],
        [
            0.12554502487182617,
            0.02882220782339573,
            0.06600332260131836
        ],
        [
            0.08096633851528168,
            0.02317691594362259,
            0.015121802687644958
        ],
        [
            0.07775379717350006,
            0.012570351362228394,
            0.007381666451692581
        ],
        [
            0.07880708575248718,
            0.00841265544295311,
            0.011501256376504898
        ],
        [
            0.08180639147758484,
            0.018726352602243423,
            0.017532695084810257
        ],
        [
            0.0796099305152893,
            0.0026498548686504364,
            0.034014031291007996
        ],
        [
            0.08033104240894318,
            -0.0043352022767066956,
            0.02451515942811966
        ],
        [
            0.08450870215892792,
            -0.017096862196922302,
            0.024403691291809082
        ],
        [
            0.0866718739271164,
            -0.012049350887537003,
            0.0346221886575222
        ],
        [
            0.08206145465373993,
            0.009631684049963951,
            0.045116253197193146
        ],
        [
            0.08549168705940247,
            -0.0035686828196048737,
            0.04737570509314537
        ],
        [
            0.08907113969326019,
            0.005868136882781982,
            0.0590352863073349
        ],
        [
            0.09835383296012878,
            0.01793563738465309,
            0.070493683218956
        ],
        [
            0.07771573960781097,
            0.020181216299533844,
            -0.0029799193143844604
        ],
        [
            0.07961320132017136,
            0.029223695397377014,
            0.0013919658958911896
        ],
        [
            0.15341901779174805,
            0.07101783156394958,
            0.08995290100574493
        ],
        [
            0.15152934193611145,
            0.07401116192340851,
            0.08510284870862961
        ],
        [
            0.15024429559707642,
            0.0687386766076088,
            0.08402147889137268
        ],
        [
            0.15257513523101807,
            0.06670074909925461,
            0.08886288106441498
        ],
        [
            0.09248978644609451,
            0.026818715035915375,
            -0.015127494931221008
        ],
        [
            0.10097825527191162,
            0.02263379842042923,
            -0.01870526373386383
        ],
        [
            0.09538538753986359,
            0.01938873901963234,
            -0.02212875336408615
        ],
        [
            0.08744316548109055,
            0.021748099476099014,
            -0.017619524151086807
        ],
        [
            0.09912809729576111,
            0.03347393870353699,
            -0.011673025786876678
        ],
        [
            0.10831069946289062,
            0.027054671198129654,
            -0.01327536627650261
        ],
        [
            0.166084423661232,
            0.07013264298439026,
            0.08965906500816345
        ],
        [
            0.16183221340179443,
            0.06963270157575607,
            0.09260353446006775
        ],
        [
            0.16241763532161713,
            0.06464004516601562,
            0.09054282307624817
        ],
        [
            0.16631323099136353,
            0.06462658941745758,
            0.08660237491130829
        ],
        [
            0.12717249989509583,
            0.03014763817191124,
            0.06488700956106186
        ],
        [
            0.12338781356811523,
            0.03297301381826401,
            0.057255372405052185
        ],
        [
            0.13945253193378448,
            0.04024706780910492,
            0.07367736101150513
        ],
        [
            0.13362927734851837,
            0.03786659613251686,
            0.06588803976774216
        ],
        [
            0.1348530799150467,
            0.0322447307407856,
            0.07016763091087341
        ],
        [
            0.14083772897720337,
            0.0345642976462841,
            0.07562722265720367
        ],
        [
            0.12778276205062866,
            0.047846853733062744,
            0.045044176280498505
        ],
        [
            0.12023872137069702,
            0.040601618587970734,
            0.03956695646047592
        ],
        [
            0.12236982583999634,
            0.03789254650473595,
            0.04520483687520027
        ],
        [
            0.13022398948669434,
            0.0451609306037426,
            0.05291769281029701
        ],
        [
            0.11487400531768799,
            0.04909726232290268,
            0.029559971764683723
        ],
        [
            0.12311245501041412,
            0.05536936968564987,
            0.03553413227200508
        ],
        [
            0.11910317838191986,
            0.0594823881983757,
            0.0292111337184906
        ],
        [
            0.11317973583936691,
            0.054664887487888336,
            0.0265657939016819
        ],
        [
            0.13823947310447693,
            0.06405728310346603,
            0.04804843291640282
        ],
        [
            0.14485420286655426,
            0.06807868182659149,
            0.050742968916893005
        ],
        [
            0.14327934384346008,
            0.07183676958084106,
            0.04803154990077019
        ],
        [
            0.13734601438045502,
            0.06565771996974945,
            0.044858578592538834
        ],
        [
            0.09074542671442032,
            0.01537652313709259,
            -0.025732100009918213
        ],
        [
            0.08312153071165085,
            0.016180459409952164,
            -0.019545771181583405
        ],
        [
            0.12921349704265594,
            0.05737084522843361,
            0.0031642168760299683
        ],
        [
            0.11884263157844543,
            0.06058977544307709,
            0.0006210338324308395
        ],
        [
            0.12496413290500641,
            0.07037550210952759,
            0.004700135439634323
        ],
        [
            0.13493841886520386,
            0.06447330117225647,
            0.006246514618396759
        ],
        [
            0.10900823771953583,
            0.016413763165473938,
            -0.016465485095977783
        ],
        [
            0.10394664108753204,
            0.014067582786083221,
            -0.02202298492193222
        ],
        [
            0.16816824674606323,
            0.07221163809299469,
            0.08406855165958405
        ],
        [
            0.16760727763175964,
            0.06667627394199371,
            0.08100906014442444
        ],
        [
            0.09756132960319519,
            -0.005344796925783157,
            0.05647344887256622
        ],
        [
            0.10423658788204193,
            0.0099688321352005,
            0.07127102464437485
        ],
        [
            0.09553546458482742,
            -0.014463227242231369,
            0.041497863829135895
        ],
        [
            0.09585394710302353,
            -0.019147668033838272,
            0.029587384313344955
        ],
        [
            0.0942220538854599,
            -0.023905470967292786,
            0.02103344351053238
        ],
        [
            0.13517220318317413,
            0.043891504406929016,
            0.0637359693646431
        ],
        [
            0.12031121551990509,
            0.03345216065645218,
            0.04863738268613815
        ],
        [
            0.1110793799161911,
            0.0350857675075531,
            0.03309205546975136
        ],
        [
            0.10095689445734024,
            0.057325005531311035,
            0.014333492144942284
        ],
        [
            0.09374717622995377,
            0.05071462318301201,
            0.010150494053959846
        ],
        [
            0.09768335521221161,
            0.04724355787038803,
            0.01939084567129612
        ],
        [
            0.10370402038097382,
            0.053528718650341034,
            0.020800480619072914
        ],
        [
            0.11092409491539001,
            0.06505417078733444,
            0.004490375518798828
        ],
        [
            0.10839079320430756,
            0.06589154154062271,
            0.011935755610466003
        ],
        [
            0.11427918076515198,
            0.07163230329751968,
            0.015325937420129776
        ],
        [
            0.11702675372362137,
            0.07221772521734238,
            0.008427919819951057
        ],
        [
            0.1244034618139267,
            0.019807668402791023,
            0.07386289536952972
        ],
        [
            0.12205636501312256,
            0.006813209503889084,
            0.06718704849481583
        ],
        [
            0.08438481390476227,
            0.02876395359635353,
            -0.008532118052244186
        ],
        [
            0.08077767491340637,
            0.02197197452187538,
            -0.009929079562425613
        ],
        [
            0.07793837040662766,
            0.01498459279537201,
            -0.013879317790269852
        ],
        [
            0.09206322580575943,
            0.024018969386816025,
            0.0244893841445446
        ],
        [
            0.08216170221567154,
            0.015629466623067856,
            0.01936134696006775
        ],
        [
            0.0825047492980957,
            0.01337963342666626,
            0.02329346537590027
        ],
        [
            0.09353630244731903,
            0.02127411589026451,
            0.026285942643880844
        ],
        [
            0.09905412048101425,
            0.02131831645965576,
            0.0387992300093174
        ],
        [
            0.08666994422674179,
            0.017013173550367355,
            0.038191426545381546
        ],
        [
            0.10395704954862595,
            0.028158778324723244,
            0.046543337404727936
        ],
        [
            0.07905452698469162,
            0.0017957650125026703,
            0.016412224620580673
        ],
        [
            0.07416820526123047,
            0.0007490850985050201,
            0.00644853338599205
        ],
        [
            0.07600736618041992,
            -0.005985219031572342,
            0.011982474476099014
        ],
        [
            0.07375817745923996,
            0.007037073373794556,
            -0.0010739825665950775
        ],
        [
            0.07477205991744995,
            0.012298136949539185,
            -0.00820302963256836
        ],
        [
            0.10089868307113647,
            0.009770266711711884,
            -0.028750251978635788
        ],
        [
            0.07929383963346481,
            -0.011871766299009323,
            0.016816306859254837
        ],
        [
            0.10487058758735657,
            0.03571561723947525,
            0.06534481793642044
        ],
        [
            0.10980896651744843,
            0.03885805606842041,
            0.07101824134588242
        ],
        [
            0.1150251105427742,
            0.03924546763300896,
            0.06546401977539062
        ],
        [
            0.11137568950653076,
            0.036364104598760605,
            0.06032928079366684
        ],
        [
            0.15353964269161224,
            0.02960687130689621,
            0.0736602321267128
        ],
        [
            0.1463634967803955,
            0.03172541782259941,
            0.0766957551240921
        ],
        [
            0.13894136250019073,
            0.02663332037627697,
            0.07205262780189514
        ],
        [
            0.08640813827514648,
            0.033477868884801865,
            0.016442961990833282
        ],
        [
            0.08477574586868286,
            0.03818277642130852,
            0.004846535623073578
        ],
        [
            0.14113721251487732,
            0.04596910998225212,
            0.07092390954494476
        ],
        [
            0.1674111783504486,
            0.06034901738166809,
            0.08371519297361374
        ],
        [
            0.16329461336135864,
            0.059514064341783524,
            0.08813580870628357
        ],
        [
            0.1597323715686798,
            0.04376892372965813,
            0.08116339147090912
        ],
        [
            0.16456271708011627,
            0.045503973960876465,
            0.07667339593172073
        ],
        [
            0.1496392786502838,
            0.05316079780459404,
            0.06845424324274063
        ],
        [
            0.14429204165935516,
            0.04931875318288803,
            0.0718843936920166
        ],
        [
            0.14604298770427704,
            0.051606595516204834,
            0.07147075980901718
        ],
        [
            0.1489696502685547,
            0.05614842101931572,
            0.0676983892917633
        ],
        [
            0.13816094398498535,
            0.07299807667732239,
            0.040514107793569565
        ],
        [
            0.13317716121673584,
            0.0683385357260704,
            0.03812338784337044
        ],
        [
            0.15876199305057526,
            0.041563645005226135,
            0.05267088860273361
        ],
        [
            0.16142871975898743,
            0.030610132962465286,
            0.05918770283460617
        ],
        [
            0.15389905869960785,
            0.023051122203469276,
            0.053352247923612595
        ],
        [
            0.12494505941867828,
            0.05140671879053116,
            0.039106108248233795
        ],
        [
            0.13154661655426025,
            0.05853283405303955,
            0.04355679079890251
        ],
        [
            0.13042011857032776,
            0.06078577786684036,
            0.040319934487342834
        ],
        [
            0.13774284720420837,
            0.04804695397615433,
            0.06279109418392181
        ],
        [
            0.1431335061788559,
            0.05062855780124664,
            0.06716439872980118
        ],
        [
            0.1420777291059494,
            0.052899669855833054,
            0.06255754828453064
        ],
        [
            0.13638895750045776,
            0.050227027386426926,
            0.057683564722537994
        ],
        [
            0.11240511387586594,
            0.050769176334142685,
            -0.005050238221883774
        ],
        [
            0.10311387479305267,
            0.056250765919685364,
            -0.0007578246295452118
        ],
        [
            0.1571577936410904,
            0.06971356272697449,
            0.09267773479223251
        ],
        [
            0.15712782740592957,
            0.0650603249669075,
            0.09119351208209991
        ],
        [
            0.1175864189863205,
            0.04422801733016968,
            0.03387746959924698
        ],
        [
            0.1439574956893921,
            0.014905987307429314,
            0.04641079157590866
        ],
        [
            0.10905623435974121,
            0.03823793679475784,
            0.02904256246984005
        ],
        [
            0.14581161737442017,
            0.0671406090259552,
            0.02283310703933239
        ],
        [
            0.14016635715961456,
            0.07371984422206879,
            0.02450573444366455
        ],
        [
            0.1428893357515335,
            0.07563641667366028,
            0.027616163715720177
        ],
        [
            0.1486087441444397,
            0.07310333847999573,
            0.0267263762652874
        ],
        [
            0.15358224511146545,
            0.06849174946546555,
            0.0720566138625145
        ],
        [
            0.15029872953891754,
            0.06783295422792435,
            0.07685337215662003
        ],
        [
            0.15049803256988525,
            0.0712222009897232,
            0.0782688707113266
        ],
        [
            0.1541990488767624,
            0.07223442941904068,
            0.07388827204704285
        ],
        [
            0.14364533126354218,
            0.045168180018663406,
            0.07591944932937622
        ],
        [
            0.14540112018585205,
            0.040021125227212906,
            0.07916028052568436
        ],
        [
            0.14801351726055145,
            0.0462421178817749,
            0.08073068410158157
        ],
        [
            0.14629577100276947,
            0.04961646720767021,
            0.07616228610277176
        ],
        [
            0.15133818984031677,
            0.03784860670566559,
            0.0799797773361206
        ],
        [
            0.15358880162239075,
            0.04387452453374863,
            0.0823797732591629
        ],
        [
            0.15960291028022766,
            0.06754441559314728,
            0.06997693330049515
        ],
        [
            0.16611596941947937,
            0.06484086811542511,
            0.07255730777978897
        ],
        [
            0.16295821964740753,
            0.05302400887012482,
            0.06530904024839401
        ],
        [
            0.15610137581825256,
            0.05743597075343132,
            0.06543367356061935
        ],
        [
            0.12633347511291504,
            0.02474318817257881,
            0.002196192741394043
        ],
        [
            0.12059927731752396,
            0.03150518238544464,
            -0.004613645374774933
        ],
        [
            0.12774035334587097,
            0.04255532845854759,
            0.002582896500825882
        ],
        [
            0.13538208603858948,
            0.05328412353992462,
            0.008740248158574104
        ],
        [
            0.14209751784801483,
            0.06305762380361557,
            0.0160784013569355
        ],
        [
            0.15029369294643402,
            0.055809903889894485,
            0.0222457442432642
        ],
        [
            0.12242662906646729,
            0.046317752450704575,
            -0.0023271702229976654
        ],
        [
            0.15759991109371185,
            0.052177950739860535,
            0.06191151961684227
        ],
        [
            0.16042305529117584,
            0.044313326478004456,
            0.0608254075050354
        ],
        [
            0.1602533757686615,
            0.04756403714418411,
            0.05737174302339554
        ],
        [
            0.10568113625049591,
            0.04350922629237175,
            0.02496202662587166
        ],
        [
            0.1583063155412674,
            0.05982551351189613,
            0.08938126266002655
        ],
        [
            0.11301978677511215,
            -0.016565706580877304,
            0.011197060346603394
        ],
        [
            0.11570854485034943,
            -0.009022489190101624,
            -0.00010703504085540771
        ],
        [
            0.11971554160118103,
            -0.004944544285535812,
            0.006562881171703339
        ],
        [
            0.11584165692329407,
            -0.012981023639440536,
            0.020049404352903366
        ],
        [
            0.1499701887369156,
            0.06492956727743149,
            0.08313968032598495
        ],
        [
            0.15261214971542358,
            0.06183110550045967,
            0.08793053776025772
        ],
        [
            0.13183560967445374,
            0.07290910929441452,
            0.033370573073625565
        ],
        [
            0.13679271936416626,
            0.07544552534818649,
            0.03552551940083504
        ],
        [
            0.138284832239151,
            0.07731974124908447,
            0.031623173505067825
        ],
        [
            0.13238294422626495,
            0.07813821732997894,
            0.029706895351409912
        ],
        [
            0.1163736879825592,
            0.033959053456783295,
            -0.008012350648641586
        ],
        [
            0.12739352881908417,
            0.07661928981542587,
            0.007487732917070389
        ],
        [
            0.13692186772823334,
            0.07165175676345825,
            0.008838733658194542
        ],
        [
            0.1144978255033493,
            0.021559540182352066,
            -0.01060454547405243
        ],
        [
            0.11990536749362946,
            0.015441138297319412,
            -0.005161818116903305
        ],
        [
            0.11505560576915741,
            0.00914512574672699,
            -0.010833270847797394
        ],
        [
            0.15627849102020264,
            0.054200246930122375,
            0.036334868520498276
        ],
        [
            0.13091182708740234,
            0.021346185356378555,
            0.00878341868519783
        ],
        [
            0.12322848290205002,
            0.011913422495126724,
            0.0008268430829048157
        ],
        [
            0.11759725213050842,
            0.004216641187667847,
            -0.005687151104211807
        ],
        [
            0.11390602588653564,
            -0.0009354725480079651,
            -0.011145513504743576
        ],
        [
            0.11138755083084106,
            0.005021616816520691,
            -0.016163751482963562
        ],
        [
            0.16784916818141937,
            0.0625632181763649,
            0.07785098254680634
        ],
        [
            0.1660180240869522,
            0.06985724717378616,
            0.07517419755458832
        ],
        [
            0.10846598446369171,
            0.0001573413610458374,
            -0.023316580802202225
        ],
        [
            0.11087530106306076,
            -0.006246425211429596,
            -0.016984421759843826
        ],
        [
            0.12591491639614105,
            0.007116477936506271,
            0.008264489471912384
        ],
        [
            0.12746649980545044,
            0.0012628771364688873,
            0.01844917982816696
        ],
        [
            0.13303475081920624,
            0.01652870699763298,
            0.015766628086566925
        ],
        [
            0.13557535409927368,
            0.011552039533853531,
            0.02606787532567978
        ],
        [
            0.15927459299564362,
            0.04430855065584183,
            0.03975357860326767
        ],
        [
            0.163474440574646,
            0.08776319772005081,
            0.08075851202011108
        ],
        [
            0.16221362352371216,
            0.07792620360851288,
            0.07530490309000015
        ],
        [
            0.1564052700996399,
            0.0778653621673584,
            0.07581853866577148
        ],
        [
            0.1594853550195694,
            0.08845734596252441,
            0.07963068783283234
        ],
        [
            0.15990044176578522,
            0.07181498408317566,
            0.07245315611362457
        ],
        [
            0.16664427518844604,
            0.07539435476064682,
            0.078147754073143
        ],
        [
            0.13379332423210144,
            0.005070239305496216,
            0.03976913169026375
        ],
        [
            0.149197518825531,
            0.05632275342941284,
            0.06559843569993973
        ],
        [
            0.12179981172084808,
            -0.006252836436033249,
            0.03528459742665291
        ],
        [
            0.13320499658584595,
            0.004052665084600449,
            0.05625786632299423
        ],
        [
            0.1221577376127243,
            -0.0025538653135299683,
            0.05458487570285797
        ],
        [
            0.10812821984291077,
            -0.017169851809740067,
            0.03250952810049057
        ],
        [
            0.109343022108078,
            -0.01099151000380516,
            0.04991503804922104
        ],
        [
            0.10354064404964447,
            -0.024225056171417236,
            0.014343507587909698
        ],
        [
            0.10683973133563995,
            -0.020016413182020187,
            0.022045012563467026
        ],
        [
            0.11133448779582977,
            -0.0005839988589286804,
            0.0642656534910202
        ],
        [
            0.1528845578432083,
            0.08196347206830978,
            0.09108689427375793
        ],
        [
            0.15200284123420715,
            0.08416778594255447,
            0.08576662093400955
        ],
        [
