{
    "pred_cam": [
        8.635221481323242,
        0.03509145230054855,
        -0.05126413330435753
    ],
    "pred_mano_params": {
        "global_orient": [
            [
                [
                    0.8427165746688843,
                    -0.5090069770812988,
                    0.17532986402511597
                ],
                [
                    -0.23109875619411469,
                    -0.6361709833145142,
                    -0.7361248731613159
                ],
                [
                    0.4862324595451355,
                    0.5798261761665344,
                    -0.6537427306175232
                ]
            ]
        ],
        "hand_pose": [
            [
                [
                    0.9386677742004395,
                    -0.05021132528781891,
                    -0.3411472737789154
                ],
                [
                    0.021183878183364868,
                    0.9958696961402893,
                    -0.08828828483819962
                ],
                [
                    0.34417131543159485,
                    0.07564655691385269,
                    0.935854434967041
                ]
            ],
            [
                [
                    0.8904855847358704,
                    -0.4414081871509552,
                    0.11042755097150803
                ],
                [
                    0.4548991918563843,
                    0.8690403699874878,
                    -0.1945134550333023
                ],
                [
                    -0.01010617520660162,
                    0.2234448343515396,
                    0.9746641516685486
                ]
            ],
            [
                [
                    0.8635424375534058,
                    -0.4992014169692993,
                    0.0713614672422409
                ],
                [
                    0.4926418960094452,
                    0.8653517961502075,
                    0.09203404933214188
                ],
                [
                    -0.1076963022351265,
                    -0.04431965574622154,
                    0.9931955337524414
                ]
            ],
            [
                [
                    0.9070234298706055,
                    -0.36389875411987305,
                    -0.21186372637748718
                ],
                [
                    0.3620685040950775,
                    0.9308732151985168,
                    -0.04880017414689064
                ],
                [
                    0.21497659385204315,
                    -0.03244628384709358,
                    0.9760801196098328
                ]
            ],
            [
                [
                    0.8416534662246704,
                    -0.5069202780723572,
                    -0.1861484944820404
                ],
                [
                    0.5382731556892395,
                    0.8152036070823669,
                    0.21378760039806366
                ],
                [
                    0.0433756485581398,
                    -0.28013381361961365,
                    0.9589805006980896
                ]
            ],
            [
                [
                    0.8863412737846375,
                    -0.4433763325214386,
                    0.13347899913787842
                ],
                [
                    0.4496370255947113,
                    0.8929994702339172,
                    -0.019456123933196068
                ],
                [
                    -0.11057028919458389,
                    0.07726185768842697,
                    0.9908607006072998
                ]
            ],
            [
                [
                    0.8400605916976929,
                    -0.5135239958763123,
                    0.17490364611148834
                ],
                [
                    0.46513211727142334,
                    0.8477330207824707,
                    0.25495246052742004
                ],
                [
                    -0.2791958153247833,
                    -0.1328222006559372,
                    0.9510036110877991
                ]
            ],
            [
                [
                    0.9758785963058472,
                    -0.19383981823921204,
                    -0.10043451189994812
                ],
                [
                    0.20862977206707,
                    0.9635407328605652,
                    0.16752004623413086
                ],
                [
                    0.06430067867040634,
                    -0.18443286418914795,
                    0.9807395339012146
                ]
            ],
            [
                [
                    0.9472437500953674,
                    -0.17060977220535278,
                    0.2713330090045929
                ],
                [
                    0.09876957535743713,
                    0.960737407207489,
                    0.25928404927253723
                ],
                [
                    -0.3049161732196808,
                    -0.21880576014518738,
                    0.9269035458564758
                ]
            ],
            [
                [
                    0.7822259664535522,
                    -0.622990608215332,
                    -0.0022698964457958937
                ],
                [
                    0.6227787733078003,
                    0.7820454835891724,
                    -0.02348203957080841
                ],
                [
                    0.016404254361987114,
                    0.01695461943745613,
                    0.9997215867042542
                ]
            ],
            [
                [
                    0.9869576096534729,
                    -0.15001465380191803,
                    -0.05839819833636284
                ],
                [
                    0.16093860566616058,
                    0.9277706146240234,
                    0.33666089177131653
                ],
                [
                    0.00367606314830482,
                    -0.3416685163974762,
                    0.9398134350776672
                ]
            ],
            [
                [
                    0.925929069519043,
                    -0.3179684579372406,
                    0.2038414180278778
                ],
                [
                    0.2929040491580963,
                    0.9452398419380188,
                    0.14397494494915009
                ],
                [
                    -0.2384585291147232,
                    -0.07360461354255676,
                    0.9683592915534973
                ]
            ],
            [
                [
                    0.9750980138778687,
                    -0.0038490917067974806,
                    0.22174064815044403
                ],
                [
                    0.19274064898490906,
                    0.5092950463294983,
                    -0.8387308716773987
                ],
                [
                    -0.10970310121774673,
                    0.8605833649635315,
                    0.4973544776439667
                ]
            ],
            [
                [
                    0.9259886145591736,
                    -0.3559265732765198,
                    -0.1259414404630661
                ],
                [
                    0.3746671676635742,
                    0.8251305222511292,
                    0.422828733921051
                ],
                [
                    -0.046577878296375275,
                    -0.4387207627296448,
                    0.8974154591560364
                ]
            ],
            [
                [
                    0.9947378039360046,
                    0.09847183525562286,
                    -0.028284819796681404
                ],
                [
                    -0.10189519822597504,
                    0.9796514511108398,
                    -0.1729172319173813
                ],
                [
                    0.010681789368391037,
                    0.17488938570022583,
                    0.9845301508903503
                ]
            ]
        ],
        "betas": [
            0.1009533554315567,
            -0.10860103368759155,
            0.004479855298995972,
            -0.0528394877910614,
            -0.03878435492515564,
            0.01405356451869011,
            0.04748779535293579,
            -0.056433647871017456,
            -0.017001405358314514,
            -0.039762675762176514
        ]
    },
    "pred_cam_t": [
        -0.03509145230054855,
        -0.05126413330435753,
        4.523624420166016
    ],
    "focal_length": [
        5000.0,
        5000.0
    ],
    "pred_keypoints_3d": [
        [
            0.09524931758642197,
            0.006335353013128042,
            0.006195141468197107
        ],
        [
            0.08741104602813721,
            0.0027810693718492985,
            -0.031092459335923195
        ],
        [
            0.09001883864402771,
            0.009975438937544823,
            -0.06069450080394745
        ],
        [
            0.08786642551422119,
            0.023643910884857178,
            -0.08384663611650467
        ],
        [
            0.08623997867107391,
            0.03700585663318634,
            -0.1169438436627388
        ],
        [
            0.0276724174618721,
            0.01484169252216816,
            -0.05275679752230644
        ],
        [
            -0.002013811841607094,
            0.026613641530275345,
            -0.060494307428598404
        ],
        [
            -0.012080947868525982,
            0.043471675366163254,
            -0.07062728703022003
        ],
        [
            -0.01299919094890356,
            0.06422463059425354,
            -0.08418872207403183
        ],
        [
            0.016040191054344177,
            0.03158377856016159,
            -0.03826219588518143
        ],
        [
            -0.004742879420518875,
            0.05278449505567551,
            -0.049145348370075226
        ],
        [
            -0.004717642441391945,
            0.07312053442001343,
            -0.060307133942842484
        ],
        [
            0.00100622046738863,
            0.09201834350824356,
            -0.07643948495388031
        ],
        [
            0.023986391723155975,
            0.0472220815718174,
            -0.018347229808568954
        ],
        [
            0.011375918984413147,
            0.06670193374156952,
            -0.03534089773893356
        ],
        [
            0.009637134149670601,
            0.08759122341871262,
            -0.04840853437781334
        ],
        [
            0.009524671360850334,
            0.10476179420948029,
            -0.06675328314304352
        ],
        [
            0.034953001886606216,
            0.06009707972407341,
            -0.004772323649376631
        ],
        [
            0.025400057435035706,
            0.07610885798931122,
            -0.014484088867902756
        ],
        [
            0.022392235696315765,
            0.09190278500318527,
            -0.02433546632528305
        ],
        [
            0.020659001544117928,
            0.10356643050909042,
            -0.039727114140987396
        ]
    ],
    "pred_vertices": [
        [
            0.06536990404129028,
            0.016950052231550217,
            -0.03986109048128128
        ],
        [
            0.0744309350848198,
            0.016312938183546066,
            -0.03583194315433502
        ],
        [
            0.07473341375589371,
            0.01743076927959919,
            -0.046059079468250275
        ],
        [
            0.06471038609743118,
            0.015984557569026947,
            -0.049679726362228394
        ],
        [
            0.09589613974094391,
            0.018632512539625168,
            -0.0368657112121582
        ],
        [
            0.104576975107193,
            0.010280310176312923,
            -0.037848394364118576
        ],
        [
            0.10213133692741394,
            0.014583294279873371,
            -0.0523618683218956
        ],
        [
            0.09608110785484314,
            0.02193562313914299,
            -0.04914389178156853
        ],
        [
            0.0642356127500534,
            0.014416146092116833,
            -0.05713646486401558
        ],
        [
            0.07532647252082825,
            0.018599430099129677,
            -0.05393523722887039
        ],
        [
            0.06576158106327057,
            0.011433406732976437,
            -0.059775710105895996
        ],
        [
            0.05092313140630722,
            0.003384305164217949,
            -0.05759911239147186
        ],
        [
            0.0528004989027977,
            0.00946267694234848,
            -0.057178642600774765
        ],
        [
            0.0409335233271122,
            0.002221856266260147,
            -0.056658461689949036
        ],
        [
            0.05182715877890587,
            -0.004888484254479408,
            -0.05039866268634796
        ],
        [
            0.03646565228700638,
            -0.0012458264827728271,
            -0.048874106258153915
        ],
        [
            0.04386366158723831,
            0.00045980699360370636,
            -0.01953807845711708
        ],
        [
            0.04407385736703873,
            0.008684985339641571,
            -0.00852082297205925
        ],
        [
            0.030242588371038437,
            0.014426643028855324,
            -0.01580125093460083
        ],
        [
            0.03197682276368141,
            0.006080128252506256,
            -0.026605568826198578
        ],
        [
            0.03764241561293602,
            0.027060311287641525,
            -0.0013996027410030365
        ],
        [
            0.03255920112133026,
            0.02040267176926136,
            -0.009562354534864426
        ],
        [
            0.04603167250752449,
            0.013919452205300331,
            -0.0015684925019741058
        ],
        [
            0.050053708255290985,
            0.02033713087439537,
            0.005207236856222153
        ],
        [
            0.0683530643582344,
            0.022744258865714073,
            -0.023994438350200653
        ],
        [
            0.07719296216964722,
            0.02121637761592865,
            -0.019349273294210434
        ],
        [
            0.07523810863494873,
            0.0179972555488348,
            -0.02483094483613968
        ],
        [
            0.06750867515802383,
            0.019727133214473724,
            -0.0291004478931427
        ],
        [
            0.07713118195533752,
            0.008328383788466454,
            -0.06758767366409302
        ],
        [
            0.07170625030994415,
            -0.0029442254453897476,
            -0.05786300450563431
        ],
        [
            0.0664377361536026,
            0.003158964216709137,
            -0.059217434376478195
        ],
        [
            0.07649385929107666,
            0.013856466859579086,
            -0.06667260825634003
        ],
        [
            0.1024751216173172,
            0.026496853679418564,
            -0.004621058702468872
        ],
        [
            0.10981425642967224,
            0.018240904435515404,
            0.003076668828725815
        ],
        [
            0.10981032252311707,
            0.013719432055950165,
            -0.0006485246121883392
        ],
        [
            0.1025119423866272,
            0.02194034680724144,
            -0.006605625152587891
        ],
        [
            0.10788679867982864,
            0.004636669531464577,
            -0.019053243100643158
        ],
        [
            0.11095185577869415,
            -0.00039250776171684265,
            -0.011147961020469666
        ],
        [
            0.11238422244787216,
            -0.013764891773462296,
            -0.010385744273662567
        ],
        [
            0.10793115198612213,
            -0.01150260865688324,
            -0.01876169815659523
        ],
        [
            0.10541281849145889,
            0.008064739406108856,
            -0.028539344668388367
        ],
        [
            0.10701638460159302,
            -0.005660040304064751,
            -0.029293403029441833
        ],
        [
            0.10585872828960419,
            -0.0010226508602499962,
            -0.03940831124782562
        ],
        [
            0.10329578071832657,
            0.005797921679913998,
            -0.055000189691782
        ],
        [
            0.10799068212509155,
            0.026003122329711914,
            0.013026483356952667
        ],
        [
            0.10274501889944077,
            0.033434897661209106,
            0.008593535050749779
        ],
        [
            0.002682791091501713,
            0.0318707600235939,
            -0.07035909593105316
        ],
        [
            0.0030283434316515923,
            0.03622802719473839,
            -0.06640572100877762
        ],
        [
            0.0064354706555604935,
            0.03385508432984352,
            -0.06553789973258972
        ],
        [
            0.005323704332113266,
            0.029842164367437363,
            -0.06949669122695923
        ],
        [
            0.0929691269993782,
            0.027851153165102005,
            0.026206497102975845
        ],
        [
            0.08686057478189468,
            0.021260078996419907,
            0.03065580129623413
        ],
        [
            0.09342561662197113,
            0.020420700311660767,
            0.03361617773771286
        ],
        [
            0.09960667043924332,
            0.025074996054172516,
            0.028365708887577057
        ],
        [
            0.08423249423503876,
            0.03148440271615982,
            0.023172197863459587
        ],
        [
            0.07811995595693588,
            0.022477423772215843,
            0.025825368240475655
        ],
        [
            -0.007398711517453194,
            0.024554306641221046,
            -0.0678427517414093
        ],
        [
            -0.003852022811770439,
            0.0258865337818861,
            -0.07129627466201782
        ],
        [
            -0.0015168413519859314,
            0.022310610860586166,
            -0.06904947757720947
        ],
        [
            -0.0042875707149505615,
            0.02101842686533928,
            -0.06471510976552963
        ],
        [
            0.05507610738277435,
            0.014423622749745846,
            -0.052362967282533646
        ],
        [
            0.05723589286208153,
            0.018706953153014183,
            -0.04405337572097778
        ],
        [
            0.03669412061572075,
            0.01934640482068062,
            -0.05805815011262894
        ],
        [
            0.045108720660209656,
            0.01913801208138466,
            -0.05086105316877365
        ],
        [
            0.045991212129592896,
            0.013452250510454178,
            -0.055566806346178055
        ],
        [
            0.03794880583882332,
            0.01320543885231018,
            -0.06006891652941704
        ],
        [
            0.048547498881816864,
            0.03140066936612129,
            -0.030659165233373642
        ],
        [
            0.05846555158495903,
            0.027626408264040947,
            -0.02570856548845768
        ],
        [
            0.05698064714670181,
            0.024092713370919228,
            -0.0311895702034235
        ],
        [
            0.046631284058094025,
            0.027592260390520096,
            -0.0381324365735054
        ],
        [
            0.06117735803127289,
            0.03799039125442505,
            -0.016603557392954826
        ],
        [
            0.05094794183969498,
            0.040589429438114166,
            -0.021953163668513298
        ],
        [
            0.05365476757287979,
            0.046171993017196655,
            -0.016174275428056717
        ],
        [
            0.061005476862192154,
            0.043911393731832504,
            -0.013949936255812645
        ],
        [
            0.03326565772294998,
            0.04212544113397598,
            -0.032825320959091187
        ],
        [
            0.0264184158295393,
            0.0430939607322216,
            -0.035349003970623016
        ],
        [
            0.02686053141951561,
            0.045978475362062454,
            -0.03329238295555115
        ],
        [
            0.03387070074677467,
            0.04419440031051636,
            -0.029788268730044365
        ],
        [
            0.09938624501228333,
            0.018554534763097763,
            0.036884862929582596
        ],
        [
            0.10568884760141373,
            0.02154482901096344,
            0.03005739487707615
        ],
        [
            0.04683664068579674,
            0.04238785803318024,
            0.010507315397262573
        ],
        [
            0.05545083433389664,
            0.04908796399831772,
            0.012063005939126015
        ],
        [
            0.04576358199119568,
            0.056001853197813034,
            0.008040005341172218
        ],
        [
            0.03879019618034363,
            0.046899501234292984,
            0.007621441036462784
        ],
        [
            0.08146338164806366,
            0.012581463903188705,
            0.029397254809737206
        ],
        [
            0.08738205581903458,
            0.012520823627710342,
            0.03448418527841568
        ],
        [
            -0.009749459102749825,
            0.026197761297225952,
            -0.06238643079996109
        ],
        [
            -0.0060096438974142075,
            0.023066241294145584,
            -0.059261854737997055
        ],
        [
            0.09927394986152649,
            -0.012625875882804394,
            -0.03710104152560234
        ],
        [
            0.09834826737642288,
            -0.002790236845612526,
            -0.056124113500118256
        ],
        [
            0.10083067417144775,
            -0.01766795665025711,
            -0.02299518883228302
        ],
        [
            0.10220301151275635,
            -0.020258266478776932,
            -0.013047434389591217
        ],
        [
            0.10615919530391693,
            -0.022937066853046417,
            -0.0059559643268585205
        ],
        [
            0.04143618792295456,
            0.02447347715497017,
            -0.048543669283390045
        ],
        [
            0.06018635630607605,
            0.02063540183007717,
            -0.03519335761666298
        ],
        [
            0.0692620724439621,
            0.02609955333173275,
            -0.02006717212498188
        ],
        [
            0.07226912677288055,
            0.051346927881240845,
            -0.00305936299264431
        ],
        [
            0.08156125247478485,
            0.04797200486063957,
            0.000618956983089447
        ],
        [
            0.07845111191272736,
            0.042778417468070984,
            -0.008050316944718361
        ],
        [
            0.07057451456785202,
            0.04645809531211853,
            -0.009070785716176033
        ],
        [
            0.060945913195610046,
            0.055721186101436615,
            0.007354343309998512
        ],
        [
            0.06249623000621796,
            0.056900400668382645,
            -0.00027213990688323975
        ],
        [
            0.054636336863040924,
            0.06007250398397446,
            -0.0032614152878522873
        ],
        [
            0.052243657410144806,
            0.06018149107694626,
            0.0036875568330287933
        ],
        [
            0.0822283998131752,
            0.0031891856342554092,
            -0.07036018371582031
        ],
        [
            0.07801211625337601,
            -0.007599221542477608,
            -0.0570279061794281
        ],
        [
            0.09925568103790283,
            0.032001152634620667,
            0.0188639797270298
        ],
        [
            0.10506591200828552,
            0.027048718184232712,
            0.020125862210989
        ],
        [
            0.11046136915683746,
            0.021863451227545738,
            0.024020429700613022
        ],
        [
            0.08988947421312332,
            0.023203592747449875,
            -0.013018622994422913
        ],
        [
            0.10249963402748108,
            0.018822772428393364,
            -0.008013773709535599
        ],
        [
            0.10157584398984909,
            0.016234273090958595,
            -0.011268172413110733
        ],
        [
            0.08798801153898239,
            0.020401569083333015,
            -0.014860760420560837
        ],
        [
            0.08409297466278076,
            0.018018389120697975,
            -0.030022259801626205
        ],
        [
            0.09624803066253662,
            0.016133831813931465,
            -0.02517513930797577
        ],
        [
            0.08469389379024506,
            0.021219024434685707,
            -0.04041412100195885
        ],
        [
            0.11106996238231659,
            0.006973797455430031,
            -0.004722326993942261
        ],
        [
            0.1173979714512825,
            0.008618729189038277,
            0.004057135432958603
        ],
        [
            0.11756770312786102,
            0.0012440886348485947,
            -0.0008039698004722595
        ],
        [
            0.11615874618291855,
            0.015118023380637169,
            0.011220846325159073
        ],
        [
            0.11390487849712372,
            0.020118096843361855,
            0.018187209963798523
        ],
        [
            0.09219387173652649,
            0.010038156062364578,
            0.04099860414862633
        ],
        [
            0.11616913974285126,
            -0.0059059299528598785,
            -0.004806108772754669
        ],
        [
            0.09533224999904633,
            0.0230678953230381,
            -0.05845928564667702
        ],
        [
            0.09476932883262634,
            0.02416868880391121,
            -0.06668870151042938
        ],
        [
            0.08745130896568298,
            0.025073915719985962,
            -0.06514529883861542
        ],
        [
            0.08703559637069702,
            0.024011828005313873,
            -0.057497210800647736
        ],
        [
            0.029989484697580338,
            0.0032139685936272144,
            -0.05740432068705559
        ],
        [
            0.034439705312252045,
            0.008116391487419605,
            -0.060978345572948456
        ],
        [
            0.045355457812547684,
            0.006791698280721903,
            -0.05832822248339653
        ],
        [
            0.09392671287059784,
            0.034103505313396454,
            -0.00576389953494072
        ],
        [
            0.09462495148181915,
            0.039776384830474854,
            0.005408573895692825
        ],
        [
            0.032668888568878174,
            0.024029092863202095,
            -0.05513735115528107
        ],
        [
            -0.00170101597905159,
            0.017835119739174843,
            -0.06196309253573418
        ],
        [
            0.001370985060930252,
            0.018990036100149155,
            -0.06689845025539398
        ],
        [
            0.014863205142319202,
            0.010219459421932697,
            -0.06126231327652931
        ],
        [
            0.010925916023552418,
            0.009097041562199593,
            -0.055961716920137405
        ],
        [
            0.021599050611257553,
            0.025954216718673706,
            -0.05132172629237175
        ],
        [
            0.026518438011407852,
            0.025047576054930687,
            -0.05541729927062988
        ],
        [
            0.022953219711780548,
            0.025643369182944298,
            -0.054677218198776245
        ],
        [
            0.018627895042300224,
            0.027820464223623276,
            -0.05045689269900322
        ],
        [
            0.03129361942410469,
            0.050462231040000916,
            -0.026452723890542984
        ],
        [
            0.03721332922577858,
            0.0489685945212841,
            -0.023501258343458176
        ],
        [
            0.02142687328159809,
            0.013980269432067871,
            -0.03480785712599754
        ],
        [
            0.024210255593061447,
            0.002444542944431305,
            -0.04119507968425751
        ],
        [
            0.033867351710796356,
            -0.00046883895993232727,
            -0.03710415959358215
        ],
        [
            0.05038263648748398,
            0.03606664761900902,
            -0.025190100073814392
        ],
        [
            0.041484616696834564,
            0.04004281386733055,
            -0.02912728488445282
        ],
        [
            0.042020801454782486,
            0.04274430125951767,
            -0.02606525458395481
        ],
        [
            0.037567153573036194,
            0.027338959276676178,
            -0.04742337018251419
        ],
        [
            0.030113615095615387,
            0.0275055430829525,
            -0.051170140504837036
        ],
        [
            0.032141368836164474,
            0.029756322503089905,
            -0.046593863517045975
        ],
        [
            0.03875170648097992,
            0.02978348359465599,
            -0.04238557443022728
        ],
        [
            0.06537825614213943,
            0.04251231253147125,
            0.017294641584157944
        ],
        [
            0.07175040245056152,
            0.05054568871855736,
            0.01203218474984169
        ],
        [
            8.19377601146698e-06,
            0.028367865830659866,
            -0.07218379527330399
        ],
        [
            0.002364732325077057,
            0.025550778955221176,
            -0.07076536118984222
        ],
        [
            0.06006783992052078,
            0.032271988689899445,
            -0.020469490438699722
        ],
        [
            0.045834414660930634,
            -0.004214968532323837,
            -0.03112792782485485
        ],
        [
            0.0703660100698471,
            0.029938984662294388,
            -0.0162796787917614
        ],
        [
            0.02682359144091606,
            0.045037392526865005,
            -0.007529344409704208
        ],
        [
            0.029633745551109314,
            0.05193580687046051,
            -0.010234706103801727
        ],
        [
            0.026174720376729965,
            0.05361875519156456,
            -0.014507944695651531
        ],
        [
            0.02181064337491989,
            0.049807459115982056,
            -0.012867634184658527
        ],
        [
            0.006094524636864662,
            0.03394554555416107,
            -0.053582798689603806
        ],
        [
            0.008286743424832821,
            0.034855589270591736,
            -0.0587124228477478
        ],
        [
            0.005335203371942043,
            0.03658973425626755,
            -0.06006203591823578
        ],
        [
            0.00218982994556427,
            0.03596842288970947,
            -0.055232372134923935
        ],
        [
            0.028436623513698578,
            0.021369388327002525,
            -0.05941136181354523
        ],
        [
            0.029333723708987236,
            0.01554789301007986,
            -0.06232181936502457
        ],
        [
            0.022712575271725655,
            0.019075941294431686,
            -0.06313037127256393
        ],
        [
            0.022961722686886787,
            0.023246437311172485,
            -0.059116899967193604
        ],
        [
            0.025229549035429955,
            0.01047223899513483,
            -0.062209974974393845
        ],
        [
            0.019405771046876907,
            0.013806699775159359,
            -0.06369459629058838
        ],
        [
            0.0022252723574638367,
            0.029975993558764458,
            -0.050387002527713776
        ],
        [
            -0.0017429627478122711,
            0.023772776126861572,
            -0.05149061977863312
        ],
        [
            0.0098791578784585,
            0.01724000833928585,
            -0.045442432165145874
        ],
        [
            0.012662572786211967,
            0.024485845118761063,
            -0.04686196148395538
        ],
        [
            0.06115652248263359,
            0.013159509748220444,
            0.01228814572095871
        ],
        [
            0.0645790845155716,
            0.021831989288330078,
            0.01825382187962532
        ],
        [
            0.05353957414627075,
            0.029164578765630722,
            0.011447090655565262
        ],
        [
            0.042156919836997986,
            0.03618411719799042,
            0.005797913298010826
        ],
        [
            0.03198826313018799,
            0.042562298476696014,
            -0.0008773840963840485
        ],
        [
            0.026507548987865448,
            0.03272123262286186,
            -0.0058514513075351715
        ],
        [
            0.05750064551830292,
            0.03478855639696121,
            0.015666533261537552
        ],
        [
            0.01859150268137455,
            0.023841334506869316,
            -0.04466064274311066
        ],
        [
            0.017994903028011322,
            0.013948376290500164,
            -0.04237674921751022
        ],
        [
            0.017704851925373077,
            0.01928790844976902,
            -0.039929553866386414
        ],
        [
            0.07195287942886353,
            0.03622695058584213,
            -0.012694114819169044
        ],
        [
            0.00492823775857687,
            0.02216363325715065,
            -0.06915828585624695
        ],
        [
            0.0871087908744812,
            -0.02123158425092697,
            0.004181627184152603
        ],
        [
            0.08294341713190079,
            -0.014377608895301819,
            0.014908269047737122
        ],
        [
            0.0772489681839943,
            -0.012368010357022285,
            0.008557640016078949
        ],
        [
            0.0823725163936615,
            -0.019527168944478035,
            -0.004086602479219437
        ],
        [
            0.00931235495954752,
            0.032048653811216354,
            -0.06484507769346237
        ],
        [
            0.008367330767214298,
            0.027377277612686157,
            -0.06891444325447083
        ],
        [
            0.03716526925563812,
            0.05417848378419876,
            -0.019485190510749817
        ],
        [
            0.03167399764060974,
            0.054431743919849396,
            -0.022301705554127693
        ],
        [
            0.029641926288604736,
            0.05626385658979416,
            -0.019502127543091774
        ],
        [
            0.03493551164865494,
            0.05875755101442337,
            -0.01690795086324215
        ],
        [
            0.06786274909973145,
            0.025771543383598328,
            0.021139513701200485
        ],
        [
            0.04074074327945709,
            0.06100333482027054,
            0.004520988091826439
        ],
        [
            0.03431984782218933,
            0.052707888185977936,
            0.004668867215514183
        ],
        [
            0.0741485208272934,
            0.015091974288225174,
            0.02394423633813858
        ],
        [
            0.07087471336126328,
            0.0072037167847156525,
            0.01929638162255287
        ],
        [
            0.07797187566757202,
            0.0033933259546756744,
            0.024692799896001816
        ],
        [
            0.02051531709730625,
            0.027658555656671524,
            -0.019013110548257828
        ],
        [
            0.057625897228717804,
            0.00801989808678627,
            0.006360478699207306
        ],
        [
            0.06860803067684174,
            0.0024266690015792847,
            0.013839539140462875
        ],
        [
            0.07697317004203796,
            -0.0023634731769561768,
            0.020036283880472183
        ],
        [
            0.08259119838476181,
            -0.005544543266296387,
            0.025271140038967133
        ],
        [
            0.08323822170495987,
            0.0011893399059772491,
            0.029737941920757294
        ],
        [
            -0.0026753824204206467,
            0.020222129300236702,
            -0.05620504543185234
        ],
        [
            -0.005998959764838219,
            0.02733958512544632,
            -0.054010484367609024
        ],
        [
            0.08816607296466827,
            -0.0018392577767372131,
            0.036702852696180344
        ],
        [
            0.08771894872188568,
            -0.009026974439620972,
            0.03093520551919937
        ],
        [
            0.06728638708591461,
            -0.0033952277153730392,
            0.0069107785820961
        ],
        [
            0.06687040627002716,
            -0.00996214896440506,
            -0.0027356334030628204
        ],
        [
            0.056826889514923096,
            0.002402421087026596,
            -0.00015180185437202454
        ],
        [
            0.055390916764736176,
            -0.0036667678505182266,
            -0.01005810871720314
        ],
        [
            0.02001544088125229,
            0.017370840534567833,
            -0.02191782183945179
        ],
        [
            -0.01412507425993681,
            0.04190176725387573,
            -0.06165194883942604
        ],
        [
            -0.007295805960893631,
            0.0354081466794014,
            -0.05554397404193878
        ],
        [
            -0.0025077341124415398,
            0.03827778249979019,
            -0.0570395290851593
        ],
        [
            -0.010675834491848946,
            0.04441269487142563,
            -0.06119391322135925
        ],
        [
            -0.0019489023834466934,
            0.03268439695239067,
            -0.05271434038877487
        ],
        [
            -0.009758640080690384,
            0.030579060316085815,
            -0.05724868178367615
        ],
        [
            0.058743514120578766,
            -0.009647194296121597,
            -0.02446659654378891
        ],
        [
            0.024607988074421883,
            0.03003733977675438,
            -0.04895084351301193
        ],
        [
            0.0737224817276001,
            -0.016224458813667297,
            -0.01925397664308548
        ],
        [
            0.06178293749690056,
            -0.011355483904480934,
            -0.043527401983737946
        ],
        [
            0.07459824532270432,
            -0.014630375429987907,
            -0.04015905037522316
        ],
        [
            0.09004651010036469,
            -0.022457439452409744,
            -0.014986876398324966
        ],
        [
            0.08840370178222656,
            -0.019270429387688637,
            -0.031984612345695496
        ],
        [
            0.09832976758480072,
            -0.025518545880913734,
            0.0007994621992111206
        ],
        [
