{
    "pred_cam": [
        7.184572219848633,
        0.1350349485874176,
        -0.08491785079240799
    ],
    "pred_mano_params": {
        "global_orient": [
            [
                [
                    -0.6672136187553406,
                    0.7289184331893921,
                    -0.1533094048500061
                ],
                [
                    -0.441152423620224,
                    -0.5525418519973755,
                    -0.7071647047996521
                ],
                [
                    -0.6001753211021423,
                    -0.40419718623161316,
                    0.6902275681495667
                ]
            ]
        ],
        "hand_pose": [
            [
                [
                    0.9449371099472046,
                    -0.11417514085769653,
                    -0.3066886365413666
                ],
                [
                    0.11525300145149231,
                    0.993228018283844,
                    -0.014656885527074337
                ],
                [
                    0.30628520250320435,
                    -0.021496955305337906,
                    0.951697051525116
                ]
            ],
            [
                [
                    0.9844872951507568,
                    -0.1517985612154007,
                    0.08798810094594955
                ],
                [
                    0.1668161302804947,
                    0.9652304649353027,
                    -0.20125232636928558
                ],
                [
                    -0.05437899008393288,
                    0.21280820667743683,
                    0.975579559803009
                ]
            ],
            [
                [
                    0.9636099338531494,
                    -0.1579875349998474,
                    0.21562863886356354
                ],
                [
                    0.12134984135627747,
                    0.9772850871086121,
                    0.1737471967935562
                ],
                [
                    -0.23818053305149078,
                    -0.14125803112983704,
                    0.9608933925628662
                ]
            ],
            [
                [
                    0.961414635181427,
                    -0.2683602571487427,
                    -0.060538120567798615
                ],
                [
                    0.2650051712989807,
                    0.9624963998794556,
                    -0.05807707458734512
                ],
                [
                    0.07385329902172089,
                    0.0397932194173336,
                    0.9964749813079834
                ]
            ],
            [
                [
                    0.9966530799865723,
                    -0.00463051488623023,
                    -0.08161575347185135
                ],
                [
                    0.02609475702047348,
                    0.9641822576522827,
                    0.26395389437675476
                ],
                [
                    0.07747022062540054,
                    -0.2652002274990082,
                    0.961076021194458
                ]
            ],
            [
                [
                    0.9784921407699585,
                    -0.10035967826843262,
                    0.18022538721561432
                ],
                [
                    0.1165667325258255,
                    0.9898180365562439,
                    -0.08168543875217438
                ],
                [
                    -0.1701923906803131,
                    0.10093683004379272,
                    0.9802277684211731
                ]
            ],
            [
                [
                    0.9343895316123962,
                    -0.35619881749153137,
                    0.0062126959674060345
                ],
                [
                    0.35587695240974426,
                    0.9340624213218689,
                    0.029648201540112495
                ],
                [
                    -0.01636369898915291,
                    -0.02549201436340809,
                    0.9995411038398743
                ]
            ],
            [
                [
                    0.9904538989067078,
                    -0.09486231207847595,
                    -0.10001105815172195
                ],
                [
                    0.09729650616645813,
                    0.9950597286224365,
                    0.019738253206014633
                ],
                [
                    0.09764455258846283,
                    -0.029280556365847588,
                    0.9947905540466309
                ]
            ],
            [
                [
                    0.9780106544494629,
                    -0.12154017388820648,
                    0.169479638338089
                ],
                [
                    -0.033286094665527344,
                    0.7112525105476379,
                    0.7021481394767761
                ],
                [
                    -0.20588190853595734,
                    -0.6923495531082153,
                    0.6915669441223145
                ]
            ],
            [
                [
                    0.8950032591819763,
                    -0.40126433968544006,
                    -0.19482344388961792
                ],
                [
                    0.38061606884002686,
                    0.9147483706474304,
                    -0.1355241984128952
                ],
                [
                    0.23259545862674713,
                    0.0471416600048542,
                    0.9714304208755493
                ]
            ],
            [
                [
                    0.9989742040634155,
                    0.03766254708170891,
                    -0.025142602622509003
                ],
                [
                    -0.025562459602952003,
                    0.9273119568824768,
                    0.373415470123291
                ],
                [
                    0.037378791719675064,
                    -0.37238970398902893,
                    0.9273234605789185
                ]
            ],
            [
                [
                    0.9075649976730347,
                    -0.34506306052207947,
                    0.23928488790988922
                ],
                [
                    0.31463417410850525,
                    0.9361907243728638,
                    0.15669138729572296
                ],
                [
                    -0.27808472514152527,
                    -0.06692041456699371,
                    0.9582225680351257
                ]
            ],
            [
                [
                    0.9930717945098877,
                    -0.05486392229795456,
                    -0.10391495376825333
                ],
                [
                    -0.06770221889019012,
                    0.45565924048423767,
                    -0.8875760436058044
                ],
                [
                    0.09604569524526596,
                    0.8884620070457458,
                    0.4487879276275635
                ]
            ],
            [
                [
                    0.9623565077781677,
                    -0.2717721164226532,
                    0.0031286468729376793
                ],
                [
                    0.21463315188884735,
                    0.7669864296913147,
                    0.6047019958496094
                ],
                [
                    -0.1667407751083374,
                    -0.5812674164772034,
                    0.7964456677436829
                ]
            ],
            [
                [
                    0.9838388562202454,
                    -0.17888177931308746,
                    -0.007895044051110744
                ],
                [
                    0.1790047585964203,
                    0.9836552143096924,
                    0.019485287368297577
                ],
                [
                    0.004280438646674156,
                    -0.020583635196089745,
                    0.9997789263725281
                ]
            ]
        ],
        "betas": [
            -0.09930658340454102,
            -0.049454331398010254,
            0.007792413234710693,
            0.0007921755313873291,
            0.02539217472076416,
            -0.01266658678650856,
            -0.05304566025733948,
            0.01932285726070404,
            -0.003414332866668701,
            -0.006524413824081421
        ]
    },
    "pred_cam_t": [
        -0.1350349485874176,
        -0.08491785079240799,
        5.436997413635254
    ],
    "focal_length": [
        5000.0,
        5000.0
    ],
    "pred_keypoints_3d": [
        [
            0.09611841291189194,
            0.0064345900900661945,
            0.006219698116183281
        ],
        [
            0.09687644243240356,
            0.007358229253441095,
            0.044996798038482666
        ],
        [
            0.0959821343421936,
            0.020989075303077698,
            0.0727808028459549
        ],
        [
            0.09845249354839325,
            0.03453318774700165,
            0.09625396132469177
        ],
        [
            0.098109669983387,
            0.0477818064391613,
            0.12887653708457947
        ],
        [
            0.14817750453948975,
            0.03364163264632225,
            0.0757858157157898
        ],
        [
            0.1709478795528412,
            0.053405024111270905,
            0.08948259055614471
        ],
        [
            0.179891899228096,
            0.07052068412303925,
            0.10062199085950851
        ],
        [
            0.1878821700811386,
            0.08694304525852203,
            0.11759522557258606
        ],
        [
            0.15899275243282318,
            0.051590047776699066,
            0.06156095862388611
        ],
        [
            0.17585596442222595,
            0.07391157746315002,
            0.07682894170284271
        ],
        [
            0.18454097211360931,
            0.09266187995672226,
            0.08778582513332367
        ],
        [
            0.19717562198638916,
            0.10969756543636322,
            0.10300098359584808
        ],
        [
            0.15213963389396667,
            0.0638219565153122,
            0.03859008103609085
        ],
        [
            0.1647861748933792,
            0.08767238259315491,
            0.049164317548274994
        ],
        [
            0.17042332887649536,
            0.111019566655159,
            0.05580267682671547
        ],
        [
            0.17508365213871002,
            0.1315292865037918,
            0.06974352896213531
        ],
        [
            0.14163140952587128,
            0.07319021224975586,
            0.021755043417215347
        ],
        [
            0.14957308769226074,
            0.09253685176372528,
            0.02553679794073105
        ],
        [
            0.15422548353672028,
            0.11079967021942139,
            0.028516408056020737
        ],
        [
            0.1551046520471573,
            0.12996630370616913,
            0.040604107081890106
        ]
    ],
    "pred_vertices": [
        [
            0.11457328498363495,
            0.02657930925488472,
            0.054486289620399475
        ],
        [
            0.1068953424692154,
            0.023404516279697418,
            0.04789469391107559
        ],
        [
            0.10695099085569382,
            0.026300087571144104,
            0.05726143345236778
        ],
        [
            0.11476962268352509,
            0.02690700814127922,
            0.06375911831855774
        ],
        [
            0.08676859736442566,
            0.024665411561727524,
            0.048424117267131805
        ],
        [
            0.0790247693657875,
            0.015875371173024178,
            0.0507153645157814
        ],
        [
            0.0825338214635849,
            0.023349864408373833,
            0.06484822928905487
        ],
        [
            0.08783237636089325,
            0.030742913484573364,
            0.0609128437936306
        ],
        [
            0.11603713035583496,
            0.026916539296507835,
            0.07117114216089249
        ],
        [
            0.10685604810714722,
            0.029193682596087456,
            0.06522993743419647
        ],
        [
            0.11682642251253128,
            0.024663059040904045,
            0.07392843067646027
        ],
        [
            0.13000330328941345,
            0.018318936228752136,
            0.07597539573907852
        ],
        [
            0.1260860115289688,
            0.023763494566082954,
            0.07482673972845078
        ],
        [
            0.1386895775794983,
            0.018830955028533936,
            0.0775287076830864
        ],
        [
            0.13189639151096344,
            0.009377475827932358,
            0.06984826922416687
        ],
        [
            0.14508867263793945,
            0.015674354508519173,
            0.07124364376068115
        ],
        [
            0.1421772986650467,
            0.013373037800192833,
            0.0415249839425087
        ],
        [
            0.14235985279083252,
            0.020703095942735672,
            0.029757291078567505
        ],
        [
            0.15287445485591888,
            0.029863908886909485,
            0.03881939500570297
        ],
        [
            0.15107767283916473,
            0.022064149379730225,
            0.05000077188014984
        ],
        [
            0.14572814106941223,
            0.039419449865818024,
            0.021772585809230804
        ],
        [
            0.1505478024482727,
            0.03469480201601982,
            0.031524933874607086
        ],
        [
            0.14076700806617737,
            0.02491283044219017,
            0.021889980882406235
        ],
        [
            0.13690194487571716,
            0.02984464168548584,
            0.01368740200996399
        ],
        [
            0.11288075894117355,
            0.030573645606637,
            0.038793087005615234
        ],
        [
            0.10525447875261307,
            0.026512939482927322,
            0.03239094465970993
        ],
        [
            0.10665333271026611,
            0.023813946172595024,
            0.03772008791565895
        ],
        [
            0.11336402595043182,
            0.028019465506076813,
            0.04392693191766739
        ],
        [
            0.1094433069229126,
            0.020638035610318184,
            0.07983557879924774
        ],
        [
            0.11391706764698029,
            0.009316729381680489,
            0.07296488434076309
        ],
        [
            0.11800926923751831,
            0.01620824821293354,
            0.07408943772315979
        ],
        [
            0.10917223244905472,
            0.02629132755100727,
            0.07883420586585999
        ],
        [
            0.08283145725727081,
            0.02555052563548088,
            0.013223491609096527
        ],
        [
            0.07892990857362747,
            0.015277814120054245,
            0.005235068500041962
        ],
        [
            0.07897436618804932,
            0.011104464530944824,
            0.00945163145661354
        ],
        [
            0.08304008096456528,
            0.02111784741282463,
            0.015691835433244705
        ],
        [
            0.07753464579582214,
            0.004753811284899712,
            0.030196338891983032
        ],
        [
            0.07777038216590881,
            -0.0019868463277816772,
            0.021837268024683
        ],
        [
            0.07952839136123657,
            -0.015290278941392899,
            0.022473543882369995
        ],
        [
            0.08135175704956055,
            -0.010851342231035233,
            0.031995050609111786
        ],
        [
            0.07813622802495956,
            0.010731901973485947,
            0.04073776304721832
        ],
        [
            0.07918655872344971,
            -0.0028618015348911285,
            0.043137870728969574
        ],
        [
            0.07946481555700302,
            0.004907773807644844,
            0.053869325667619705
        ],
        [
            0.08306966722011566,
            0.014578593894839287,
            0.06795717775821686
        ],
        [
            0.08123348653316498,
            0.022557448595762253,
            -0.005163948982954025
        ],
        [
            0.08392500877380371,
            0.031352270394563675,
            -0.00067954882979393
        ],
        [
            0.16560527682304382,
            0.05783524364233017,
            0.09890688210725784
        ],
        [
            0.1652376353740692,
            0.06226254999637604,
            0.0950649231672287
        ],
        [
            0.16180790960788727,
            0.058614581823349,
            0.0929015576839447
        ],
        [
            0.16301603615283966,
            0.05484231561422348,
            0.09712882339954376
        ],
        [
            0.0980989933013916,
            0.02661503478884697,
            -0.015665248036384583
        ],
        [
            0.10626363754272461,
            0.021092794835567474,
            -0.018223397433757782
        ],
        [
            0.10066375136375427,
            0.01863889768719673,
            -0.022243447601795197
        ],
        [
            0.09267453849315643,
            0.022302474826574326,
            -0.018696505576372147
        ],
        [
            0.10518468916416168,
            0.032296083867549896,
            -0.011463094502687454
        ],
        [
            0.11350920796394348,
            0.024508036673069,
            -0.011976074427366257
        ],
        [
            0.176380917429924,
            0.051369864493608475,
            0.09714675694704056
        ],
        [
            0.17243848741054535,
            0.05229680985212326,
            0.10027751326560974
        ],
        [
            0.17079965770244598,
            0.048399657011032104,
            0.0977223739027977
        ],
        [
            0.1742812991142273,
            0.047604039311409,
            0.09378289431333542
        ],
        [
            0.12274031341075897,
            0.027532827109098434,
            0.06949630379676819
        ],
        [
            0.12090080231428146,
            0.030490873381495476,
            0.06073395162820816
        ],
        [
            0.13722115755081177,
            0.03611220419406891,
            0.07878705859184265
        ],
        [
            0.13092805445194244,
            0.03392542153596878,
            0.07002857327461243
        ],
        [
            0.1305171251296997,
            0.028470683842897415,
            0.07491913437843323
        ],
        [
            0.13703608512878418,
            0.029997779056429863,
            0.0810047835111618
        ],
        [
            0.12905943393707275,
            0.04389410465955734,
            0.04820641130208969
        ],
        [
            0.12117129564285278,
            0.03769078105688095,
            0.04194524139165878
        ],
        [
            0.12225927412509918,
            0.034903302788734436,
            0.04793666675686836
        ],
        [
            0.13018999993801117,
            0.041075095534324646,
            0.05636915937066078
        ],
        [
            0.1182476058602333,
            0.04668588936328888,
            0.03132045269012451
        ],
        [
            0.12660455703735352,
            0.05187337100505829,
            0.03817581385374069
        ],
        [
            0.12397279590368271,
            0.05648725479841232,
            0.03145260736346245
        ],
        [
            0.11776581406593323,
            0.0524212010204792,
            0.02810560166835785
        ],
        [
            0.14172808825969696,
            0.05843551084399223,
            0.05192330852150917
        ],
        [
            0.14859764277935028,
            0.0613773912191391,
            0.0555313415825367
        ],
        [
            0.14878305792808533,
            0.06429984420537949,
            0.053065843880176544
        ],
        [
            0.14151130616664886,
            0.0601506344974041,
            0.048785872757434845
        ],
        [
            0.09590291231870651,
            0.015281088650226593,
            -0.02632182091474533
        ],
        [
            0.08780317008495331,
            0.01740158721804619,
            -0.021052081137895584
        ],
        [
            0.13604126870632172,
            0.05168824642896652,
            0.00677456334233284
        ],
        [
            0.12679128348827362,
            0.05661659687757492,
            0.0029549524188041687
        ],
        [
            0.1336568295955658,
            0.06538732349872589,
            0.007622934877872467
        ],
        [
            0.14177018404006958,
            0.05782845616340637,
            0.010446704924106598
        ],
        [
            0.11304424703121185,
            0.01376008614897728,
            -0.015022702515125275
        ],
        [
            0.10833403468132019,
            0.012063540518283844,
            -0.021116431802511215
        ],
        [
            0.1791401356458664,
            0.053463079035282135,
            0.09206106513738632
        ],
        [
            0.17631055414676666,
            0.04995346814393997,
            0.0885903611779213
        ],
        [
            0.08800560235977173,
            -0.006673287600278854,
            0.053251173347234726
        ],
        [
            0.08871111273765564,
            0.006509020924568176,
            0.06987912952899933
        ],
        [
            0.08865277469158173,
            -0.014831280335783958,
            0.03904992341995239
        ],
        [
            0.08992087841033936,
            -0.019173230975866318,
            0.028343111276626587
        ],
        [
            0.08840194344520569,
            -0.023447049781680107,
            0.02038189023733139
        ],
        [
            0.13373468816280365,
            0.03979004919528961,
            0.06792962551116943
        ],
        [
            0.1191435307264328,
            0.031076250597834587,
            0.05146852880716324
        ],
        [
            0.1121157705783844,
            0.03343050181865692,
            0.03452645242214203
        ],
        [
            0.10746477544307709,
            0.05653488636016846,
            0.014518136158585548
        ],
        [
            0.0998627245426178,
            0.05085161700844765,
            0.009527210146188736
        ],
        [
            0.10221865028142929,
            0.04710371047258377,
            0.01920269802212715
        ],
        [
            0.10890934616327286,
            0.052536964416503906,
            0.02128426730632782
        ],
        [
            0.11935478448867798,
            0.062447864562273026,
            0.005863344296813011
        ],
        [
            0.11629047989845276,
            0.06397140026092529,
            0.013041049242019653
        ],
        [
            0.1227804571390152,
            0.06918952614068985,
            0.017200134694576263
        ],
        [
            0.1260293871164322,
            0.06892867386341095,
            0.010544022545218468
        ],
        [
            0.1052602231502533,
            0.015070157125592232,
            0.0827302485704422
        ],
        [
            0.1084505245089531,
            0.003975512459874153,
            0.07236799597740173
        ],
        [
            0.08968056738376617,
            0.029910791665315628,
            -0.01002601906657219
        ],
        [
            0.08530360460281372,
            0.023691363632678986,
            -0.011764224618673325
        ],
        [
            0.08188711106777191,
            0.01711399480700493,
            -0.01595938950777054
        ],
        [
            0.09352608025074005,
            0.025313470512628555,
            0.023917455226182938
        ],
        [
            0.08309490233659744,
            0.01806260272860527,
            0.017454810440540314
        ],
        [
            0.08330740034580231,
            0.01587844267487526,
            0.02115119993686676
        ],
        [
            0.09509451687335968,
            0.02275886945426464,
            0.02602902054786682
        ],
        [
            0.09762172400951385,
            0.022774972021579742,
            0.04086875915527344
        ],
        [
            0.08573448657989502,
            0.01882607489824295,
            0.03618497774004936
        ],
        [
            0.09792354702949524,
            0.02840241603553295,
            0.050737153738737106
        ],
        [
            0.07797998934984207,
            0.004508834332227707,
            0.014172673225402832
        ],
        [
            0.07369052618741989,
            0.004078131169080734,
            0.004002854228019714
        ],
        [
            0.07392679154872894,
            -0.0027987174689769745,
            0.009705595672130585
        ],
        [
            0.07508016377687454,
            0.010189324617385864,
            -0.0035924650728702545
        ],
        [
            0.07772214710712433,
            0.015065867453813553,
            -0.01062702015042305
        ],
        [
            0.1054195836186409,
            0.008107587695121765,
            -0.02810850739479065
        ],
        [
            0.07578598707914352,
            -0.009110704064369202,
            0.01486194133758545
        ],
        [
            0.08938908576965332,
            0.03286004066467285,
            0.0703999400138855
        ],
        [
            0.09031021595001221,
            0.03402052819728851,
            0.07895771414041519
        ],
        [
            0.09736024588346481,
            0.03604937344789505,
            0.07696883380413055
        ],
        [
            0.0973609909415245,
            0.034767307341098785,
            0.06908631324768066
        ],
        [
            0.14803002774715424,
            0.022026315331459045,
            0.08044449985027313
        ],
        [
            0.1416442096233368,
            0.025889882817864418,
            0.08284082263708115
        ],
        [
            0.1326790601015091,
            0.022412585094571114,
            0.07809435576200485
        ],
        [
            0.08946914970874786,
            0.0349789597094059,
            0.015056319534778595
        ],
        [
            0.08987072855234146,
            0.039568815380334854,
            0.0032736659049987793
        ],
        [
            0.14056651294231415,
            0.041555583477020264,
            0.07632772624492645
        ],
        [
            0.1730509251356125,
            0.04406670480966568,
            0.0905609279870987
        ],
        [
            0.16914543509483337,
            0.04454296827316284,
            0.09493584930896759
        ],
        [
            0.15924794971942902,
            0.03243552893400192,
            0.0870913490653038
        ],
        [
            0.16431844234466553,
            0.032482776790857315,
            0.08265531808137894
        ],
        [
            0.1512487679719925,
            0.04613051936030388,
            0.07480310648679733
        ],
        [
            0.1458030343055725,
            0.043993834406137466,
            0.0781298354268074
        ],
        [
            0.1490180641412735,
            0.045550886541604996,
            0.07829120755195618
        ],
        [
            0.15344971418380737,
            0.048915088176727295,
            0.0749559998512268
        ],
        [
            0.14468899369239807,
            0.06677155941724777,
            0.04503317177295685
        ],
        [
            0.13871312141418457,
            0.06367902457714081,
            0.04156474769115448
        ],
        [
            0.15777964890003204,
            0.032990943640470505,
            0.058988794684410095
        ],
        [
            0.15672646462917328,
            0.02151758410036564,
            0.06600569933652878
        ],
        [
            0.14913249015808105,
            0.015952132642269135,
            0.060424983501434326
        ],
        [
            0.12743400037288666,
            0.04772466421127319,
            0.041952043771743774
        ],
        [
            0.13453996181488037,
            0.05395174399018288,
            0.04702179506421089
        ],
        [
            0.134142205119133,
            0.05635524541139603,
            0.04367098584771156
        ],
        [
            0.13709837198257446,
            0.043423838913440704,
            0.06722620874643326
        ],
        [
            0.14320294559001923,
            0.045519694685935974,
            0.07249235361814499
        ],
        [
            0.14204858243465424,
            0.04710732400417328,
            0.06702132523059845
        ],
        [
            0.1365368366241455,
            0.045280274003744125,
            0.06173190847039223
        ],
        [
            0.11984461545944214,
            0.04763781651854515,
            -0.0033736974000930786
        ],
        [
            0.11104435473680496,
            0.05465470999479294,
            -0.00025540217757225037
        ],
        [
            0.1683477759361267,
            0.054456181824207306,
            0.10087984800338745
        ],
        [
            0.1663399487733841,
            0.05098413676023483,
            0.09878966957330704
        ],
        [
            0.11971762776374817,
            0.041543565690517426,
            0.035955458879470825
        ],
        [
            0.13944047689437866,
            0.009285097941756248,
            0.05270932614803314
        ],
        [
            0.11101654171943665,
            0.03672197088599205,
            0.030210331082344055
        ],
        [
            0.1516369730234146,
            0.0592537447810173,
            0.027294453233480453
        ],
        [
            0.147698312997818,
            0.06597761809825897,
            0.028318986296653748
        ],
        [
            0.1509116291999817,
            0.06799526512622833,
            0.03245638310909271
        ],
        [
            0.15593014657497406,
            0.06447689235210419,
            0.031600695103406906
        ],
        [
            0.16369548439979553,
            0.058380354195833206,
            0.08053223043680191
        ],
        [
            0.16041219234466553,
            0.058690138161182404,
            0.08526129275560379
        ],
        [
            0.16320601105690002,
            0.06168467551469803,
            0.08754559606313705
        ],
        [
            0.16700072586536407,
            0.061552632600069046,
            0.08317301422357559
        ],
        [
            0.1440027803182602,
            0.03988092020153999,
            0.08190246671438217
        ],
        [
            0.14395271241664886,
            0.034060586243867874,
            0.08493811637163162
        ],
        [
            0.14916732907295227,
            0.03902542218565941,
            0.08704480528831482
        ],
        [
            0.14869080483913422,
            0.04313620924949646,
            0.08281400054693222
        ],
        [
            0.14916951954364777,
            0.030041642487049103,
            0.08595693111419678
        ],
        [
            0.15353915095329285,
            0.03472113236784935,
            0.08850374817848206
        ],
        [
            0.16883808374404907,
            0.05512135848402977,
            0.07817797362804413
        ],
        [
            0.17372918128967285,
            0.0496143102645874,
            0.07997303456068039
        ],
        [
            0.16551394760608673,
            0.04066839814186096,
            0.07216194272041321
        ],
        [
            0.1607036590576172,
            0.04727422073483467,
            0.07288584113121033
        ],
        [
            0.12914268672466278,
            0.019929394125938416,
            0.005487948656082153
        ],
        [
            0.12523283064365387,
            0.02730068936944008,
            -0.0019737035036087036
        ],
        [
            0.13288640975952148,
            0.03734550252556801,
            0.005934096872806549
        ],
        [
            0.1408664584159851,
            0.04690816253423691,
            0.012803208082914352
        ],
        [
            0.14750459790229797,
            0.055714040994644165,
            0.020667443051934242
        ],
        [
            0.15395742654800415,
            0.047477781772613525,
            0.027519388124346733
        ],
        [
            0.12872661650180817,
            0.04176056385040283,
            0.00047926977276802063
        ],
        [
            0.15655483305454254,
            0.04351891949772835,
            0.06796436011791229
        ],
        [
            0.15941394865512848,
            0.03461642935872078,
            0.06717008352279663
        ],
        [
            0.15919417142868042,
            0.0387302041053772,
            0.06372219324111938
        ],
        [
            0.10892219096422195,
            0.042351603507995605,
            0.02571212500333786
        ],
        [
            0.16469192504882812,
            0.04683484509587288,
            0.09650818258523941
        ],
        [
            0.10897992551326752,
            -0.018879473209381104,
            0.01318226009607315
        ],
        [
            0.11394567787647247,
            -0.01205189898610115,
            0.0023137256503105164
        ],
        [
            0.1177799180150032,
            -0.008429154753684998,
            0.009411156177520752
        ],
        [
            0.11142352223396301,
            -0.015546418726444244,
            0.022157974541187286
        ],
        [
            0.15883655846118927,
            0.05551960691809654,
            0.09116468578577042
        ],
        [
            0.1602335423231125,
            0.05120542272925377,
            0.09558543562889099
        ],
        [
            0.1389383226633072,
            0.06837864220142365,
            0.03666277229785919
        ],
        [
            0.1443566232919693,
            0.06962756812572479,
            0.0398767925798893
        ],
        [
            0.14657311141490936,
            0.07116212695837021,
            0.036707814782857895
        ],
        [
            0.14110878109931946,
            0.07287091016769409,
            0.0331060066819191
        ],
        [
            0.12177921831607819,
            0.030278299003839493,
            -0.005827810615301132
        ],
        [
            0.1375485211610794,
            0.07069574296474457,
            0.010378729552030563
        ],
        [
            0.1449863761663437,
            0.06405651569366455,
            0.012697787955403328
        ],
        [
            0.11852624267339706,
            0.018192116171121597,
            -0.008591029793024063
        ],
        [
            0.12233290076255798,
            0.011468786746263504,
            -0.002494312822818756
        ],
        [
            0.11731014400720596,
            0.005795266479253769,
            -0.008664704859256744
        ],
        [
            0.15919287502765656,
            0.04533858969807625,
            0.04212596267461777
        ],
        [
            0.13238951563835144,
            0.01606367528438568,
            0.012634195387363434
        ],
        [
            0.12436891347169876,
            0.007639050483703613,
            0.003910686820745468
        ],
        [
            0.11844900250434875,
            0.0006676241755485535,
            -0.003170449286699295
        ],
        [
            0.11469005048274994,
            -0.004045397043228149,
            -0.008993957191705704
        ],
        [
            0.11369127780199051,
            0.0021184608340263367,
            -0.014362622052431107
        ],
        [
            0.17449286580085754,
            0.04651737958192825,
            0.08488108217716217
        ],
        [
            0.17637865245342255,
            0.053964413702487946,
            0.08328358083963394
        ],
        [
            0.11084936559200287,
            -0.0024342089891433716,
            -0.021755993366241455
        ],
        [
            0.11153557151556015,
            -0.008988838642835617,
            -0.015102125704288483
        ],
        [
            0.125438392162323,
            0.0026698969304561615,
            0.011724058538675308
        ],
        [
            0.12509608268737793,
            -0.003028329461812973,
            0.022122632712125778
        ],
        [
            0.13297857344150543,
            0.011142473667860031,
            0.019940882921218872
        ],
        [
            0.13361385464668274,
            0.006193593144416809,
            0.030636947602033615
        ],
        [
            0.16062329709529877,
            0.03558945655822754,
            0.0462021604180336
        ],
        [
            0.18219923973083496,
            0.06893014162778854,
            0.09153687953948975
        ],
        [
            0.1761634796857834,
            0.06241510808467865,
            0.08499401807785034
        ],
        [
            0.17117100954055786,
            0.06508879363536835,
            0.08616907894611359
        ],
        [
            0.1789880096912384,
            0.0716581642627716,
            0.09147337079048157
        ],
        [
            0.17193876206874847,
            0.05871481075882912,
            0.08130941540002823
        ],
        [
            0.17902718484401703,
            0.05762918293476105,
            0.08688055723905563
        ],
        [
            0.1290256679058075,
            0.0006924569606781006,
            0.044712141156196594
        ],
        [
            0.1487908512353897,
            0.04901318624615669,
            0.07056782394647598
        ],
        [
            0.11637283861637115,
            -0.009218435734510422,
            0.03822231665253639
        ],
        [
            0.12452201545238495,
            0.0005694478750228882,
            0.06246288865804672
        ],
        [
            0.11294205486774445,
            -0.005248807370662689,
            0.058176714926958084
        ],
        [
            0.10187945514917374,
            -0.018788043409585953,
            0.032758720219135284
        ],
        [
            0.10054672509431839,
            -0.012999968603253365,
            0.04985997453331947
        ],
        [
            0.09814417362213135,
            -0.025081895291805267,
            0.015159949660301208
        ],
        [
            0.10133253037929535,
            -0.021401334553956985,
            0.02280406653881073
        ],
        [
            0.09865251928567886,
            -0.0031452737748622894,
            0.06489309668540955
        ],
        [
            0.17126357555389404,
            0.0668686032295227,
            0.10244684666395187
        ],
        [
            0.17111031711101532,
            0.07036540657281876,
