{
    "pred_cam": [
        8.08700942993164,
        0.032849669456481934,
        -0.06796158850193024
    ],
    "pred_mano_params": {
        "global_orient": [
            [
                [
                    0.40689682960510254,
                    -0.0247079785913229,
                    0.9131399393081665
                ],
                [
                    -0.20105963945388794,
                    -0.9775419235229492,
                    0.06314197182655334
                ],
                [
                    0.8910723924636841,
                    -0.2092878669500351,
                    -0.40272650122642517
                ]
            ]
        ],
        "hand_pose": [
            [
                [
                    0.9118859767913818,
                    -0.4103837013244629,
                    0.007019114214926958
                ],
                [
                    0.4102080762386322,
                    0.9118084907531738,
                    0.018290925770998
                ],
                [
                    -0.013906385749578476,
                    -0.013799939304590225,
                    0.9998080730438232
                ]
            ],
            [
                [
                    0.9990938901901245,
                    -0.037256620824337006,
                    0.020575277507305145
                ],
                [
                    0.0415261946618557,
                    0.9592635631561279,
                    -0.27944415807724
                ],
                [
                    -0.009325964376330376,
                    0.28004539012908936,
                    0.9599415063858032
                ]
            ],
            [
                [
                    0.9933521747589111,
                    -0.10376987606287003,
                    -0.049832783639431
                ],
                [
                    0.09988223761320114,
                    0.9921665787696838,
                    -0.07502736151218414
                ],
                [
                    0.057228002697229385,
                    0.06955117732286453,
                    0.9959356188774109
                ]
            ],
            [
                [
                    0.9195390343666077,
                    -0.3533369302749634,
                    0.17204955220222473
                ],
                [
                    0.36908841133117676,
                    0.9268105626106262,
                    -0.06925202906131744
                ],
                [
                    -0.13498806953430176,
                    0.12718144059181213,
                    0.9826510548591614
                ]
            ],
            [
                [
                    0.9927076697349548,
                    0.0026388480328023434,
                    -0.1205175593495369
                ],
                [
                    0.03227710351347923,
                    0.9574370980262756,
                    0.2868316173553467
                ],
                [
                    0.11614488065242767,
                    -0.2886299192905426,
                    0.9503699541091919
                ]
            ],
            [
                [
                    0.9987754225730896,
                    -0.04884213209152222,
                    0.007880370132625103
                ],
                [
                    0.04924793541431427,
                    0.9967247843742371,
                    -0.06414241343736649
                ],
                [
                    -0.004721708595752716,
                    0.06445195525884628,
                    0.9979096055030823
                ]
            ],
            [
                [
                    0.8773595690727234,
                    -0.44412338733673096,
                    0.1816440373659134
                ],
                [
                    0.45892661809921265,
                    0.8872076869010925,
                    -0.047422342002391815
                ],
                [
                    -0.1400946080684662,
                    0.12496773153543472,
                    0.9822202324867249
                ]
            ],
            [
                [
                    0.9928998351097107,
                    -0.036031726747751236,
                    -0.11336500197649002
                ],
                [
                    0.05257406830787659,
                    0.9878122806549072,
                    0.1465020626783371
                ],
                [
                    0.10670462250709534,
                    -0.1514219343662262,
                    0.9826929569244385
                ]
            ],
            [
                [
                    0.9855648279190063,
                    0.04465964064002037,
                    0.16330185532569885
                ],
                [
                    -0.07204349339008331,
                    0.9835196733474731,
                    0.16582755744457245
                ],
                [
                    -0.1532047986984253,
                    -0.17519865930080414,
                    0.9725398421287537
                ]
            ],
            [
                [
                    0.9109441041946411,
                    -0.4115917384624481,
                    0.02780272625386715
                ],
                [
                    0.4100506603717804,
                    0.8960337042808533,
                    -0.1702411025762558
                ],
                [
                    0.04515765979886055,
                    0.1664806753396988,
                    0.9850100874900818
                ]
            ],
            [
                [
                    0.99847412109375,
                    0.01694735698401928,
                    -0.052556704729795456
                ],
                [
                    -0.0008328304393216968,
                    0.9562555551528931,
                    0.29253119230270386
                ],
                [
                    0.05521528795361519,
                    -0.2920410633087158,
                    0.9548105597496033
                ]
            ],
            [
                [
                    0.9925328493118286,
                    -0.09298242628574371,
                    0.07894796878099442
                ],
                [
                    0.08912716805934906,
                    0.9947118759155273,
                    0.05103471502661705
                ],
                [
                    -0.08327582478523254,
                    -0.04361722245812416,
                    0.995571494102478
                ]
            ],
            [
                [
                    0.9473772644996643,
                    -0.2546614706516266,
                    -0.19396910071372986
                ],
                [
                    -0.02842920646071434,
                    0.5366021394729614,
                    -0.8433564901351929
                ],
                [
                    0.31885460019111633,
                    0.8044909834861755,
                    0.5011248588562012
                ]
            ],
            [
                [
                    0.8339989185333252,
                    -0.506976306438446,
                    -0.21776331961154938
                ],
                [
                    0.5500823259353638,
                    0.7331514358520508,
                    0.3998730480670929
                ],
                [
                    -0.043072659522295,
                    -0.453281432390213,
                    0.890326201915741
                ]
            ],
            [
                [
                    0.9734490513801575,
                    0.21864770352840424,
                    0.06775085628032684
                ],
                [
                    -0.19322508573532104,
                    0.9435866475105286,
                    -0.2689017653465271
                ],
                [
                    -0.12272357940673828,
                    0.24867099523544312,
                    0.9607817530632019
                ]
            ]
        ],
        "betas": [
            -0.004238486289978027,
            -0.06112697720527649,
            -0.028881877660751343,
            -0.01689961552619934,
            0.0304756760597229,
            0.04816204681992531,
            0.10835932195186615,
            -0.029259711503982544,
            -0.012063831090927124,
            -0.1361757218837738
        ]
    },
    "pred_cam_t": [
        -0.032849669456481934,
        -0.06796158850193024,
        4.830277442932129
    ],
    "focal_length": [
        5000.0,
        5000.0
    ],
    "pred_keypoints_3d": [
        [
            0.09582042694091797,
            0.006376694422215223,
            0.006202931981533766
        ],
        [
            0.10995974391698837,
            0.027959469705820084,
            -0.022453565150499344
        ],
        [
            0.10660689324140549,
            0.051583219319581985,
            -0.04188629239797592
        ],
        [
            0.09385545551776886,
            0.07330457866191864,
            -0.05191134661436081
        ],
        [
            0.08418458700180054,
            0.1028389260172844,
            -0.07082933932542801
        ],
        [
            0.0788751021027565,
            0.03051868826150894,
            -0.07963647693395615
        ],
        [
            0.06870835274457932,
            0.04650154709815979,
            -0.10670023411512375
        ],
        [
            0.0611896775662899,
            0.061151500791311264,
            -0.12157373130321503
        ],
        [
            0.05086390674114227,
            0.0774863064289093,
            -0.1384260654449463
        ],
        [
            0.054168302565813065,
            0.0266739372164011,
            -0.0766211450099945
        ],
        [
            0.041134852916002274,
            0.04189692810177803,
            -0.10121149569749832
        ],
        [
            0.0300433486700058,
            0.0562111958861351,
            -0.11582290381193161
        ],
        [
            0.016755467280745506,
            0.06887168437242508,
            -0.13456089794635773
        ],
        [
            0.03821798041462898,
            0.024999596178531647,
            -0.05523771420121193
        ],
        [
            0.02211197093129158,
            0.03873887658119202,
            -0.07493740320205688
        ],
        [
            0.005564989522099495,
            0.053370654582977295,
            -0.08622564375400543
        ],
        [
            -0.010719530284404755,
            0.06650949269533157,
            -0.10110695660114288
        ],
        [
            0.028560355305671692,
            0.027201641350984573,
            -0.035756487399339676
        ],
        [
            0.012713834643363953,
            0.03707663714885712,
            -0.045616909861564636
        ],
        [
            -0.0015867333859205246,
            0.04779805615544319,
            -0.05188359320163727
        ],
        [
            -0.01473354734480381,
            0.05922405421733856,
            -0.062474220991134644
        ]
    ],
    "pred_vertices": [
        [
            0.08994388580322266,
            0.03421664983034134,
            -0.04033646732568741
        ],
        [
            0.09327731281518936,
            0.03329476714134216,
            -0.029203902930021286
        ],
        [
            0.09413641691207886,
            0.04007558524608612,
            -0.034853529185056686
        ],
        [
            0.09283974766731262,
            0.03942658752202988,
            -0.04639369621872902
        ],
        [
            0.1048419177532196,
            0.04532962292432785,
            -0.015973635017871857
        ],
        [
            0.1172390878200531,
            0.045686669647693634,
            -0.015259623527526855
        ],
        [
            0.1128903180360794,
            0.056452151387929916,
            -0.027576368302106857
        ],
        [
            0.10279551148414612,
            0.05480808764696121,
            -0.024357400834560394
        ],
        [
            0.09447774291038513,
            0.04252476617693901,
            -0.05131290853023529
        ],
        [
            0.09466178715229034,
            0.045781057327985764,
            -0.03943818435072899
        ],
        [
            0.09521536529064178,
            0.04207145422697067,
            -0.05221251770853996
        ],
        [
            0.09664743393659592,
            0.032209768891334534,
            -0.06571720540523529
        ],
        [
            0.09454211592674255,
            0.03701818734407425,
            -0.0624765083193779
        ],
        [
            0.09426477551460266,
            0.02828996442258358,
            -0.07354748994112015
        ],
        [
            0.10044114291667938,
            0.02251836471259594,
            -0.06346430629491806
        ],
        [
            0.09152217209339142,
            0.019158227369189262,
            -0.07410861551761627
        ],
        [
            0.08399999141693115,
            0.0031659770756959915,
            -0.05081271380186081
        ],
        [
            0.07366932928562164,
            0.0007698927074670792,
            -0.042380958795547485
        ],
        [
            0.06521718204021454,
            0.004931610077619553,
            -0.05613016337156296
        ],
        [
            0.07639849931001663,
            0.0076644644141197205,
            -0.06315701454877853
        ],
        [
            0.05391803756356239,
            0.005234293639659882,
            -0.03881015256047249
        ],
        [
            0.05947890132665634,
            0.005044914782047272,
            -0.04917864501476288
        ],
        [
            0.06786561012268066,
            -0.00022378936409950256,
            -0.03554880991578102
        ],
        [
            0.062337495386600494,
            0.00037302449345588684,
            -0.026926442980766296
        ],
        [
            0.081925168633461,
            0.028707215562462807,
            -0.02863071858882904
        ],
        [
            0.0859566405415535,
            0.027257567271590233,
            -0.01856932044029236
        ],
        [
            0.08942421525716782,
            0.02790355496108532,
            -0.022805433720350266
        ],
        [
            0.0855906754732132,
            0.029820363968610764,
            -0.0324283204972744
        ],
        [
            0.09937500208616257,
            0.049605146050453186,
            -0.05249548703432083
        ],
        [
            0.10752442479133606,
            0.03520327806472778,
            -0.053792472928762436
        ],
        [
            0.10052954405546188,
            0.03721851855516434,
            -0.05501781404018402
        ],
        [
            0.09544068574905396,
            0.05153103917837143,
            -0.04915298521518707
        ],
        [
            0.08895248174667358,
            0.029150579124689102,
            0.010326966643333435
        ],
        [
            0.09576360881328583,
            0.02104070410132408,
            0.018705062568187714
        ],
        [
            0.10082852840423584,
            0.02087366208434105,
            0.01553189754486084
        ],
        [
            0.09355027973651886,
            0.02781553752720356,
            0.008379124104976654
        ],
        [
            0.11626952886581421,
            0.02933019958436489,
            0.0010062381625175476
        ],
        [
            0.11724136769771576,
            0.02066149190068245,
            0.0069242194294929504
        ],
        [
            0.12716533243656158,
            0.012231599539518356,
            0.005038954317569733
        ],
        [
            0.1270202249288559,
            0.018876563757658005,
            -0.003529876470565796
        ],
        [
            0.11695928871631622,
            0.03819156810641289,
            -0.00694834440946579
        ],
        [
            0.12729358673095703,
            0.030697021633386612,
            -0.010915279388427734
        ],
        [
            0.12615551054477692,
            0.04090576991438866,
            -0.020859219133853912
        ],
        [
            0.11958251148462296,
            0.05446307361125946,
            -0.03375835716724396
        ],
        [
            0.08479638397693634,
            0.01822938397526741,
            0.024791225790977478
        ],
        [
            0.07827970385551453,
            0.024226978421211243,
            0.019725769758224487
        ],
        [
            0.07308138906955719,
            0.057171110063791275,
            -0.10699117928743362
        ],
        [
            0.06757469475269318,
            0.05798087269067764,
            -0.10532595217227936
        ],
        [
            0.07013478130102158,
            0.05536706745624542,
            -0.10055501013994217
        ],
        [
            0.07496235519647598,
            0.05472998321056366,
            -0.10338082909584045
        ],
        [
            0.07004642486572266,
            0.00489969365298748,
            0.020926140248775482
        ],
        [
            0.06996944546699524,
            -0.004505926743149757,
            0.01717998832464218
        ],
        [
            0.07280424237251282,
            -0.004857433959841728,
            0.02390933781862259
        ],
        [
            0.07470951229333878,
            0.003916656598448753,
            0.026809588074684143
        ],
        [
            0.06403001397848129,
            0.006340717896819115,
            0.01307622343301773
        ],
        [
            0.06652586162090302,
            -0.003331312909722328,
            0.0077314600348472595
        ],
        [
            0.07366105914115906,
            0.04735161364078522,
            -0.114766925573349
        ],
        [
            0.07608307152986526,
            0.05142704397439957,
            -0.11292687803506851
        ],
        [
            0.07755748182535172,
            0.04754435643553734,
            -0.10976094007492065
        ],
        [
            0.07459756731987,
            0.043280456215143204,
            -0.11068256199359894
        ],
        [
            0.09159280359745026,
            0.038261719048023224,
            -0.05699244886636734
        ],
        [
            0.08689594268798828,
            0.03621683642268181,
            -0.04971742257475853
        ],
        [
            0.08280721306800842,
            0.03954783454537392,
            -0.07254624366760254
        ],
        [
            0.0835890918970108,
            0.03731599822640419,
            -0.06336160004138947
        ],
        [
            0.08981329202651978,
            0.036940012127161026,
            -0.0661894679069519
        ],
        [
            0.08865869790315628,
            0.03738071396946907,
            -0.07383250445127487
        ],
        [
            0.06798067688941956,
            0.032223645597696304,
            -0.04652320593595505
        ],
        [
            0.07392723858356476,
            0.02974117361009121,
            -0.03664309158921242
        ],
        [
            0.07800529152154922,
            0.03083045221865177,
            -0.04167439788579941
        ],
        [
            0.07297401130199432,
            0.03445205092430115,
            -0.0531977117061615
        ],
        [
            0.06370431184768677,
            0.03071456030011177,
            -0.02688423916697502
        ],
        [
            0.05861338600516319,
            0.032712798565626144,
            -0.037539027631282806
        ],
        [
            0.05331804230809212,
            0.03308049216866493,
            -0.030836448073387146
        ],
        [
            0.05799049139022827,
            0.03249271586537361,
            -0.02418208122253418
        ],
        [
            0.05186116322875023,
            0.03520769253373146,
            -0.057618364691734314
        ],
        [
            0.0477055162191391,
            0.03509313985705376,
            -0.06505591422319412
        ],
        [
            0.04539189487695694,
            0.035461749881505966,
            -0.06280852109193802
        ],
        [
            0.049614906311035156,
            0.034674614667892456,
            -0.054999738931655884
        ],
        [
            0.07596641778945923,
            -0.00629333034157753,
            0.030095331370830536
        ],
        [
            0.07983694970607758,
            0.0026007555425167084,
            0.03180656582117081
        ],
        [
            0.04200281947851181,
            0.009324954822659492,
            -0.02131841331720352
        ],
        [
            0.04043750464916229,
            0.015413009561598301,
            -0.012129198759794235
        ],
        [
            0.031646646559238434,
            0.018460066989064217,
            -0.020564816892147064
        ],
        [
            0.03563898056745529,
            0.011091997846961021,
            -0.02825131267309189
        ],
        [
            0.07423447072505951,
            -0.010948078706860542,
            0.010185286402702332
        ],
        [
            0.07524453848600388,
            -0.012527139857411385,
            0.01782325655221939
        ],
        [
            0.06813398748636246,
            0.044619157910346985,
            -0.11496579647064209
        ],
        [
            0.06908516585826874,
            0.04116630554199219,
            -0.11011186242103577
        ],
        [
            0.1293160766363144,
            0.02911018207669258,
            -0.026634253561496735
        ],
        [
            0.1224927231669426,
            0.04789811372756958,
            -0.040405623614788055
        ],
        [
            0.12975725531578064,
            0.016012834385037422,
            -0.014898918569087982
        ],
        [
            0.12815038859844208,
            0.0070092324167490005,
            -0.0069804564118385315
        ],
        [
            0.12894676625728607,
            0.0011201649904251099,
            0.00042707473039627075
        ],
        [
            0.07673504203557968,
            0.037753406912088394,
            -0.06375229358673096
        ],
        [
            0.08368556201457977,
            0.032401468604803085,
            -0.041969094425439835
        ],
        [
            0.0783379003405571,
            0.02844160795211792,
            -0.025084689259529114
        ],
        [
            0.053713783621788025,
            0.03334914892911911,
            -0.00728708878159523
        ],
        [
            0.05961821973323822,
            0.031791236251592636,
            0.001484200358390808
        ],
        [
            0.06550061702728271,
            0.03359429910778999,
            -0.007170140743255615
        ],
        [
            0.05902481824159622,
            0.033939264714717865,
            -0.013207565993070602
        ],
        [
            0.04011766240000725,
            0.024752315133810043,
            -0.009147971868515015
        ],
        [
            0.04314105212688446,
            0.0314766988158226,
            -0.012229371815919876
        ],
        [
            0.0374014712870121,
            0.03262009099125862,
            -0.01965620368719101
        ],
        [
            0.03329554200172424,
            0.026618991047143936,
            -0.017236310988664627
        ],
        [
            0.10605557262897491,
            0.051357001066207886,
            -0.055266834795475006
        ],
        [
            0.11455455422401428,
            0.035018034279346466,
            -0.05192249268293381
        ],
        [
            0.0732622966170311,
            0.014875632710754871,
            0.02259375900030136
        ],
        [
            0.07951174676418304,
            0.012863809242844582,
            0.026821620762348175
        ],
        [
            0.08462594449520111,
            0.008703060448169708,
            0.03213125467300415
        ],
        [
            0.0889052003622055,
            0.028693780303001404,
            -0.004537418484687805
        ],
        [
            0.0968499407172203,
            0.026984238997101784,
            0.007051721215248108
        ],
        [
            0.10032935440540314,
            0.02760782092809677,
            0.004282340407371521
        ],
        [
            0.09128044545650482,
            0.027501262724399567,
            -0.0068788230419158936
        ],
        [
            0.09674512594938278,
            0.03453158587217331,
            -0.017085634171962738
        ],
        [
            0.10479672998189926,
            0.036346275359392166,
            -0.006994284689426422
        ],
        [
            0.09546932578086853,
            0.04271625727415085,
            -0.02316383644938469
        ],
        [
            0.10860427469015121,
            0.020168229937553406,
            0.012627676129341125
        ],
        [
            0.10654814541339874,
            0.016834992915391922,
            0.023003578186035156
        ],
        [
            0.11428214609622955,
            0.015812557190656662,
            0.018608056008815765
        ],
        [
            0.09801886975765228,
            0.015432575717568398,
            0.02767164260149002
        ],
        [
            0.09017431735992432,
            0.012884097173810005,
            0.031073927879333496
        ],
        [
            0.07695026695728302,
            -0.017026184126734734,
            0.024872854351997375
        ],
        [
            0.12061771750450134,
            0.013890653848648071,
            0.013500593602657318
        ],
        [
            0.10190509259700775,
            0.06107975170016289,
            -0.031306929886341095
        ],
        [
            0.10018296539783478,
            0.06672726571559906,
            -0.03667781502008438
        ],
        [
            0.09442637860774994,
            0.06197119876742363,
            -0.03768015652894974
        ],
        [
            0.09552747011184692,
            0.05599527060985565,
            -0.033280856907367706
        ],
        [
            0.09031443297863007,
            0.026962358504533768,
            -0.08147543668746948
        ],
        [
            0.09093136340379715,
            0.0338633768260479,
            -0.07809107005596161
        ],
        [
            0.09454060345888138,
            0.03404197469353676,
            -0.0697145015001297
        ],
        [
            0.07914456725120544,
            0.031806815415620804,
            0.004523515701293945
        ],
        [
            0.07061803340911865,
            0.027712518349289894,
            0.012818306684494019
        ],
        [
            0.07611911743879318,
            0.039891209453344345,
            -0.07354448735713959
        ],
        [
            0.07503772526979446,
            0.03894605115056038,
            -0.10791859030723572
        ],
        [
            0.07880358397960663,
            0.04323270916938782,
            -0.10665623843669891
        ],
        [
            0.0848589539527893,
            0.0329495444893837,
            -0.09319642186164856
        ],
        [
            0.08016854524612427,
            0.028664765879511833,
            -0.09554040431976318
        ],
        [
            0.06843312829732895,
            0.03787798434495926,
            -0.0810805931687355
        ],
        [
            0.07419396191835403,
            0.040832214057445526,
            -0.07850265502929688
        ],
        [
            0.07284624874591827,
            0.04115704447031021,
            -0.08132103085517883
        ],
        [
            0.06698478013277054,
            0.04027445614337921,
            -0.08384918421506882
        ],
        [
            0.04143780469894409,
            0.0346955768764019,
            -0.05427141115069389
        ],
        [
            0.04487203061580658,
            0.034286003559827805,
            -0.04778391867876053
        ],
        [
            0.06804805248975754,
            0.015333112329244614,
            -0.07424385100603104
        ],
        [
            0.08026690036058426,
            0.013050088658928871,
            -0.0794941782951355
        ],
        [
            0.08578188717365265,
            0.010943988338112831,
            -0.06950746476650238
        ],
        [
            0.06312239170074463,
            0.031938351690769196,
            -0.040865179151296616
        ],
        [
            0.056964606046676636,
            0.034202586859464645,
            -0.04931734502315521
        ],
        [
            0.05388079211115837,
            0.03397039324045181,
            -0.046558402478694916
        ],
        [
            0.07211951166391373,
            0.03764500096440315,
            -0.06556296348571777
        ],
        [
            0.0700112134218216,
            0.03876848146319389,
            -0.07333459705114365
        ],
        [
            0.0670008435845375,
            0.03687606006860733,
            -0.06853079795837402
        ],
        [
            0.06891529262065887,
            0.03614741936326027,
            -0.06129669025540352
        ],
        [
            0.048437654972076416,
            0.011042684316635132,
            -0.002776496112346649
        ],
        [
            0.047827839851379395,
            0.022009797394275665,
            0.0009931139647960663
        ],
        [
            0.07600363343954086,
            0.05490519106388092,
            -0.1099298894405365
        ],
        [
            0.07768736779689789,
            0.051650676876306534,
            -0.10667775571346283
        ],
        [
            0.06907343864440918,
            0.029499730095267296,
            -0.03128990903496742
        ],
        [
            0.09218038618564606,
            0.008544489741325378,
            -0.05702199786901474
        ],
        [
            0.07445015013217926,
            0.02853820100426674,
            -0.02118159458041191
        ],
        [
            0.037168875336647034,
            0.01641850173473358,
            -0.04716233164072037
        ],
        [
            0.03375105559825897,
            0.023158416152000427,
            -0.04522990062832832
        ],
        [
            0.03240702301263809,
            0.02508389763534069,
            -0.05088036507368088
        ],
        [
            0.03316006809473038,
            0.019733484834432602,
            -0.05395065248012543
        ],
        [
            0.06158990412950516,
            0.047243185341358185,
            -0.09628529101610184
        ],
        [
            0.06569112092256546,
            0.05129905790090561,
            -0.09562265127897263
        ],
        [
            0.06415964663028717,
            0.05403356999158859,
            -0.09942315518856049
        ],
        [
            0.06025242805480957,
            0.05004841834306717,
            -0.10053639858961105
        ],
        [
            0.0801243782043457,
            0.040988124907016754,
            -0.07857044786214828
        ],
        [
            0.0860019326210022,
            0.039103712886571884,
            -0.0800679624080658
        ],
        [
            0.08316569775342941,
            0.04154733568429947,
            -0.0849776342511177
        ],
        [
            0.07762929797172546,
            0.04219958186149597,
            -0.08287660032510757
        ],
        [
            0.08824299275875092,
            0.0348375141620636,
            -0.08448053151369095
        ],
        [
            0.08598118275403976,
            0.03757902607321739,
            -0.08909306675195694
        ],
        [
            0.06063060462474823,
            0.041623588651418686,
            -0.09944644570350647
        ],
        [
            0.06407304853200912,
            0.03674681484699249,
            -0.10406102985143661
        ],
        [
            0.06714258342981339,
            0.028479300439357758,
            -0.09225289523601532
        ],
        [
            0.06457225233316422,
            0.03556160256266594,
            -0.08917519450187683
        ],
        [
            0.07046518474817276,
            -0.005383837968111038,
            -0.015702985227108
        ],
        [
            0.06320510059595108,
            -0.002998892217874527,
            -0.007549535483121872
        ],
        [
            0.054896280169487,
            0.002691669389605522,
            -0.018506493419408798
        ],
        [
            0.046282149851322174,
            0.0072223953902721405,
            -0.02901795133948326
        ],
        [
            0.03918858617544174,
            0.012614766135811806,
            -0.039475217461586
        ],
        [
            0.04610961303114891,
            0.008275171741843224,
            -0.04863415285944939
        ],
        [
            0.050924766808748245,
            0.004601890221238136,
            -0.011669285595417023
        ],
        [
            0.06450014561414719,
            0.02804960124194622,
            -0.07853353768587112
        ],
        [
            0.06974237412214279,
            0.021871112287044525,
            -0.08222915977239609
        ],
        [
            0.0653933733701706,
            0.02095954865217209,
            -0.0775909349322319
        ],
        [
            0.06902274489402771,
            0.030483579263091087,
            -0.016463451087474823
        ],
        [
            0.07971096783876419,
            0.047321006655693054,
            -0.10370942950248718
        ],
        [
            0.11334718018770218,
            -0.012059681117534637,
            -0.007927924394607544
        ],
        [
            0.1014612466096878,
            -0.016975082457065582,
            -0.003228306770324707
        ],
        [
            0.09964647889137268,
            -0.013184495270252228,
            -0.010986171662807465
        ],
        [
            0.11302557587623596,
            -0.006641026586294174,
            -0.016356758773326874
        ],
        [
            0.07227899134159088,
            0.05277879536151886,
            -0.09668688476085663
        ],
        [
            0.07759985327720642,
            0.051604680716991425,
            -0.09969285130500793
        ],
        [
            0.038881752640008926,
            0.034130487591028214,
            -0.044512759894132614
        ],
        [
            0.03686854988336563,
            0.03374265506863594,
            -0.05082104355096817
        ],
        [
            0.033327363431453705,
            0.031737253069877625,
            -0.0507175549864769
        ],
        [
            0.03261774778366089,
            0.03352627530694008,
            -0.04388294368982315
        ],
        [
            0.06073014438152313,
            -0.0014295745640993118,
            -0.002362377941608429
        ],
        [
            0.026642601937055588,
            0.020472075790166855,
            -0.026081334799528122
        ],
        [
            0.02997775934636593,
            0.0140802301466465,
            -0.0327586829662323
        ],
        [
            0.07082854211330414,
            -0.00802379846572876,
            0.0017920061945915222
        ],
        [
            0.07704607397317886,
            -0.01077970303595066,
            -0.005295738577842712
        ],
        [
            0.08135621249675751,
            -0.014542855322360992,
            0.002597518265247345
        ],
        [
            0.05142723768949509,
            0.012123452499508858,
            -0.06272493302822113
        ],
        [
            0.07497495412826538,
            -0.005618568509817123,
            -0.02314041182398796
        ],
        [
            0.08176866173744202,
            -0.01067204400897026,
            -0.011362329125404358
        ],
        [
            0.08715135604143143,
            -0.015190958976745605,
            -0.0022278055548667908
        ],
        [
            0.09027677774429321,
            -0.01892506331205368,
            0.004559971392154694
        ],
        [
            0.08364476263523102,
            -0.017694365233182907,
            0.009196728467941284
        ],
        [
            0.06921326369047165,
            0.03699760138988495,
            -0.10663077980279922
        ],
        [
            0.06289615482091904,
            0.0409964844584465,
            -0.10803045332431793
        ],
        [
            0.0856117308139801,
            -0.02281610481441021,
            0.01648305356502533
        ],
        [
            0.09320969879627228,
            -0.023365594446659088,
            0.011134706437587738
        ],
        [
            0.08835864812135696,
            -0.009867291897535324,
            -0.01776442676782608
        ],
        [
            0.0970449149608612,
            -0.007241595536470413,
            -0.025270015001296997
        ],
        [
            0.08151678740978241,
            -0.004762355238199234,
            -0.028841160237789154
        ],
        [
            0.08932988345623016,
            -0.00208166241645813,
            -0.03711431473493576
        ],
        [
            0.05994525924324989,
            0.00796276330947876,
            -0.06683901697397232
        ],
        [
            0.05606535077095032,
            0.053470924496650696,
            -0.11981566250324249
        ],
        [
            0.05813683569431305,
            0.047712795436382294,
            -0.11014064401388168
        ],
        [
            0.05823269486427307,
            0.05225665122270584,
            -0.10661567002534866
        ],
        [
            0.05464821308851242,
            0.05623527616262436,
            -0.11691966652870178
        ],
        [
            0.05958984047174454,
            0.04504388943314552,
            -0.10366949439048767
        ],
        [
            0.06192610040307045,
            0.04441455379128456,
            -0.11299542337656021
        ],
        [
            0.10046525299549103,
            0.005117550492286682,
            -0.04441116005182266
        ],
        [
            0.06414812803268433,
            0.03649040684103966,
            -0.07494267076253891
        ],
        [
            0.11142382025718689,
            0.0029975976794958115,
            -0.031792547553777695
        ],
        [
            0.10789087414741516,
            0.017572734504938126,
            -0.05418519303202629
        ],
        [
            0.116389200091362,
            0.018452201038599014,
            -0.04448153078556061
        ],
        [
            0.12389762699604034,
            0.0026703327894210815,
            -0.01868167519569397
        ],
        [
            0.125813826918602,
            0.016210220754146576,
            -0.031457528471946716
        ],
        [
            0.12387372553348541,
            -0.00832735002040863,
            -0.0021439194679260254
        ],
        [
            0.12252849340438843,
            -0.0038873478770256042,
            -0.010283417999744415
        ],
        [
            0.12343529611825943,
            0.032332032918930054,
