{
    "pred_cam": [
        9.596837997436523,
        -0.10575822740793228,
        -0.06134346127510071
    ],
    "pred_mano_params": {
        "global_orient": [
            [
                [
                    -0.3403773009777069,
                    0.47090181708335876,
                    0.8138763308525085
                ],
                [
                    -0.8450214266777039,
                    0.22644181549549103,
                    -0.4844200313091278
                ],
                [
                    -0.4124099314212799,
                    -0.8526286482810974,
                    0.32084646821022034
                ]
            ]
        ],
        "hand_pose": [
            [
                [
                    0.7981685400009155,
                    -0.39865902066230774,
                    -0.45166122913360596
                ],
                [
                    0.4213712513446808,
                    0.9052561521530151,
                    -0.05438420549035072
                ],
                [
                    0.43054983019828796,
                    -0.14690928161144257,
                    0.8905304670333862
                ]
            ],
            [
                [
                    0.7224268913269043,
                    -0.6666899919509888,
                    0.18336781859397888
                ],
                [
                    0.6907001733779907,
                    0.6834830641746521,
                    -0.236186683177948
                ],
                [
                    0.0321345180273056,
                    0.29727980494499207,
                    0.9542494416236877
                ]
            ],
            [
                [
                    0.9423941969871521,
                    -0.17496506869792938,
                    0.2850970923900604
                ],
                [
                    0.14861810207366943,
                    0.9825612306594849,
                    0.1117410659790039
                ],
                [
                    -0.29967615008354187,
                    -0.0629335418343544,
                    0.9519630074501038
                ]
            ],
            [
                [
                    0.7589448690414429,
                    -0.48170536756515503,
                    -0.4381355345249176
                ],
                [
                    0.5436408519744873,
                    0.8390991687774658,
                    0.019160283729434013
                ],
                [
                    0.358409583568573,
                    -0.25272995233535767,
                    0.8987047076225281
                ]
            ],
            [
                [
                    0.7545737624168396,
                    -0.620489776134491,
                    -0.2135671079158783
                ],
                [
                    0.6553762555122375,
                    0.7290332317352295,
                    0.19746524095535278
                ],
                [
                    0.0331723652780056,
                    -0.28896889090538025,
                    0.9567636251449585
                ]
            ],
            [
                [
                    0.9207347631454468,
                    -0.34365516901016235,
                    0.1847933530807495
                ],
                [
                    0.3487420976161957,
                    0.9372038245201111,
                    0.005281548947095871
                ],
                [
                    -0.17500407993793488,
                    0.059582315385341644,
                    0.9827631711959839
                ]
            ],
            [
                [
                    0.916252851486206,
                    -0.38887524604797363,
                    -0.09621189534664154
                ],
                [
                    0.3612104654312134,
                    0.9058331251144409,
                    -0.22134439647197723
                ],
                [
                    0.17322728037834167,
                    0.1680546998977661,
                    0.9704380035400391
                ]
            ],
            [
                [
                    0.765495777130127,
                    -0.6372062563896179,
                    -0.08935578167438507
                ],
                [
                    0.5816515684127808,
                    0.6258995532989502,
                    0.5195490717887878
                ],
                [
                    -0.2751321494579315,
                    -0.44968652725219727,
                    0.8497554659843445
                ]
            ],
            [
                [
                    0.915515124797821,
                    -0.3998866081237793,
                    -0.04384971410036087
                ],
                [
                    0.3167775869369507,
                    0.6494386196136475,
                    0.6912896633148193
                ],
                [
                    -0.24795979261398315,
                    -0.6467767357826233,
                    0.7212460041046143
                ]
            ],
            [
                [
                    0.8122930526733398,
                    -0.49425432085990906,
                    -0.30966559052467346
                ],
                [
                    0.4232499599456787,
                    0.8648186922073364,
                    -0.2700892984867096
                ],
                [
                    0.40129733085632324,
                    0.08832570165395737,
                    0.9116793274879456
                ]
            ],
            [
                [
                    0.6797089576721191,
                    -0.7184591889381409,
                    -0.14768922328948975
                ],
                [
                    0.6563710570335388,
                    0.5059239864349365,
                    0.5596587657928467
                ],
                [
                    -0.3273724615573883,
                    -0.4773440361022949,
                    0.8154568672180176
                ]
            ],
            [
                [
                    0.8695261478424072,
                    -0.48903632164001465,
                    0.06904866546392441
                ],
                [
                    0.4727230370044708,
                    0.8645794987678528,
                    0.1703973114490509
                ],
                [
                    -0.14302852749824524,
                    -0.11552403122186661,
                    0.9829531908035278
                ]
            ],
            [
                [
                    0.7197663187980652,
                    0.1032322570681572,
                    -0.6864980459213257
                ],
                [
                    -0.5893416404724121,
                    0.613490641117096,
                    -0.5256478786468506
                ],
                [
                    0.3668963313102722,
                    0.7829254865646362,
                    0.5024089813232422
                ]
            ],
            [
                [
                    0.8035113215446472,
                    -0.23956617712974548,
                    -0.5449565052986145
                ],
                [
                    0.43660542368888855,
                    0.8594504594802856,
                    0.2659333646297455
                ],
                [
                    0.40465450286865234,
                    -0.4516114294528961,
                    0.7951740622520447
                ]
            ],
            [
                [
                    0.8454981446266174,
                    -0.5005807876586914,
                    0.18588115274906158
                ],
                [
                    0.5339783430099487,
                    0.7927473187446594,
                    -0.2939707636833191
                ],
                [
                    -0.00020066600700374693,
                    0.34780824184417725,
                    0.9375656843185425
                ]
            ]
        ],
        "betas": [
            -0.05389440059661865,
            -0.14886420965194702,
            -0.05402475595474243,
            -0.0520988404750824,
            -0.014858275651931763,
            -0.04627203196287155,
            0.03998944163322449,
            0.02477620542049408,
            0.021022051572799683,
            -0.034045517444610596
        ]
    },
    "pred_cam_t": [
        -0.10575822740793228,
        -0.06134346127510071,
        4.0703511238098145
    ],
    "focal_length": [
        5000.0,
        5000.0
    ],
    "pred_keypoints_3d": [
        [
            0.09599196165800095,
            0.006400555372238159,
            0.006236891262233257
        ],
        [
            0.1179155483841896,
            0.010749861598014832,
            0.037703800946474075
        ],
        [
            0.13249295949935913,
            0.03375133126974106,
            0.05226054787635803
        ],
        [
            0.13061542809009552,
            0.060871630907058716,
            0.052134931087493896
        ],
        [
            0.1246279701590538,
            0.08968646079301834,
            0.07023916393518448
        ],
        [
            0.14033012092113495,
            0.06984009593725204,
            0.05366965010762215
        ],
        [
            0.13495013117790222,
            0.09796914458274841,
            0.07025879621505737
        ],
        [
            0.12253384292125702,
            0.10006541758775711,
            0.08864408731460571
        ],
        [
            0.11413221806287766,
            0.09834447503089905,
            0.11192364990711212
        ],
        [
            0.1247660219669342,
            0.08791088312864304,
            0.04556172713637352
        ],
        [
            0.11143515259027481,
            0.11121756583452225,
            0.0626910999417305
        ],
        [
            0.09724560379981995,
            0.11028201133012772,
            0.08126713335514069
        ],
        [
            0.08684742450714111,
            0.10630600154399872,
            0.10453185439109802
        ],
        [
            0.10024634003639221,
            0.0877695307135582,
            0.0348350815474987
        ],
        [
            0.09084416180849075,
            0.11256086081266403,
            0.04664410278201103
        ],
        [
            0.07573218643665314,
            0.1109972596168518,
            0.0664120763540268
        ],
        [
            0.06542369723320007,
            0.10274656862020493,
            0.08803357183933258
        ],
        [
            0.07954541593790054,
            0.08349663019180298,
            0.02926478534936905
        ],
        [
            0.0705890953540802,
            0.10235291719436646,
            0.03323747590184212
        ],
        [
            0.05712692812085152,
            0.10573185980319977,
            0.04631770774722099
        ],
        [
            0.04914708808064461,
            0.09778744727373123,
            0.06398412585258484
        ]
    ],
    "pred_vertices": [
        [
            0.11720480024814606,
            0.0361255407333374,
            0.04379831254482269
        ],
        [
            0.1114133894443512,
            0.026531614363193512,
            0.039324335753917694
        ],
        [
            0.11666549742221832,
            0.03201088681817055,
            0.044163577258586884
        ],
        [
            0.12279584258794785,
            0.038066618144512177,
            0.0487762913107872
        ],
        [
            0.10913607478141785,
            0.01829955354332924,
            0.0525348037481308
        ],
        [
            0.11542123556137085,
            0.00863482803106308,
            0.05666074901819229
        ],
        [
            0.12342603504657745,
            0.0246429443359375,
            0.06221394240856171
        ],
        [
            0.11581291258335114,
            0.03005870059132576,
            0.057756826281547546
        ],
        [
            0.12837541103363037,
            0.0410282239317894,
            0.049998246133327484
        ],
        [
            0.12106587737798691,
            0.03699423000216484,
            0.04821725934743881
        ],
        [
            0.13189086318016052,
            0.04122990742325783,
            0.04478123039007187
        ],
        [
            0.1426459103822708,
            0.04708559811115265,
            0.04614247381687164
        ],
        [
            0.13657264411449432,
            0.046659380197525024,
            0.05171641707420349
        ],
        [
            0.14724716544151306,
            0.054397810250520706,
            0.04804334416985512
        ],
        [
            0.1460617482662201,
            0.04251692444086075,
            0.037176795303821564
        ],
        [
            0.14876523613929749,
            0.057426173239946365,
            0.03960186243057251
        ],
        [
            0.1315913200378418,
            0.050354741513729095,
            0.01904451847076416
        ],
        [
            0.12015850841999054,
            0.05396981164813042,
            0.01319488137960434
        ],
        [
            0.12405052036046982,
            0.06918597221374512,
            0.020190920680761337
        ],
        [
            0.13489848375320435,
            0.0640081837773323,
            0.026270274072885513
        ],
        [
            0.10443322360515594,
            0.06704220175743103,
            0.013476692140102386
        ],
        [
            0.11543216556310654,
            0.0692066103219986,
            0.01746189408004284
        ],
        [
            0.11206559836864471,
            0.05446687340736389,
            0.009303752332925797
        ],
        [
            0.10227479040622711,
            0.053505346179008484,
            0.006301134824752808
        ],
        [
            0.10539282858371735,
            0.036323998123407364,
            0.035969965159893036
        ],
        [
            0.10042756795883179,
            0.026337668299674988,
            0.03206491097807884
        ],
        [
            0.1050151064991951,
            0.025142934173345566,
            0.033877573907375336
        ],
        [
            0.10986443608999252,
            0.035171493887901306,
            0.0381891168653965
        ],
        [
            0.13596081733703613,
            0.040914759039878845,
            0.04199735447764397
        ],
        [
            0.14247475564479828,
            0.03194693103432655,
            0.04110052436590195
        ],
        [
            0.13868695497512817,
            0.03774077817797661,
            0.041105300188064575
        ],
        [
            0.13090014457702637,
            0.04277084767818451,
            0.04299338534474373
        ],
        [
            0.08104327321052551,
            0.0074661970138549805,
            0.025233475491404533
        ],
        [
            0.08175238221883774,
            -0.0023130401968955994,
            0.015945229679346085
        ],
        [
            0.08699311316013336,
            -0.004467658698558807,
            0.01777593046426773
        ],
        [
            0.08535335958003998,
            0.004880502820014954,
            0.025650952011346817
        ],
        [
            0.10384877026081085,
            -0.00802353024482727,
            0.037008143961429596
        ],
        [
            0.10261867940425873,
            -0.012238085269927979,
            0.02469407394528389
        ],
        [
            0.1131475418806076,
            -0.0181632861495018,
            0.017965439707040787
        ],
        [
            0.1174730733036995,
            -0.012965895235538483,
            0.02791469730436802
        ],
        [
            0.108869768679142,
            -0.0007227659225463867,
            0.0489681139588356
        ],
        [
            0.12023656815290451,
            -0.007332839071750641,
            0.04303162544965744
        ],
        [
            0.12599456310272217,
            0.003907926380634308,
            0.054458778351545334
        ],
        [
            0.13249103724956512,
            0.0221262089908123,
            0.06097231060266495
        ],
        [
            0.07179266214370728,
            0.0028991177678108215,
            0.009714838117361069
        ],
        [
            0.06958341598510742,
            0.010649800300598145,
            0.01596432738006115
        ],
        [
            0.13367359340190887,
            0.0879906639456749,
            0.07978671789169312
        ],
        [
            0.12791283428668976,
            0.08814407140016556,
            0.07788530737161636
        ],
        [
            0.12934696674346924,
            0.08566809445619583,
            0.0756044015288353
        ],
        [
            0.1347648948431015,
            0.08604871481657028,
            0.0778782069683075
        ],
        [
            0.07049255073070526,
            0.017997466027736664,
            -0.003665681928396225
        ],
        [
            0.07638364285230637,
            0.021120920777320862,
            -0.011284701526165009
        ],
        [
            0.07328478991985321,
            0.014840736985206604,
            -0.013381365686655045
        ],
        [
            0.06932318210601807,
            0.0108371302485466,
            -0.0058140866458415985
        ],
        [
            0.07214027643203735,
            0.027394279837608337,
            -0.000649087131023407
        ],
        [
            0.08081813901662827,
            0.02945653349161148,
            -0.007630530744791031
        ],
        [
            0.13951435685157776,
            0.0991029143333435,
            0.07714687287807465
        ],
        [
            0.13963966071605682,
            0.09468472748994827,
            0.07990984618663788
        ],
        [
            0.14185598492622375,
            0.09340055286884308,
            0.0760364979505539
        ],
        [
            0.14147353172302246,
            0.09725242853164673,
            0.07218557596206665
        ],
        [
            0.12940406799316406,
            0.04532488435506821,
            0.053157854825258255
        ],
        [
            0.12148788571357727,
            0.044614359736442566,
            0.04949142783880234
        ],
        [
            0.13528816401958466,
            0.061210837215185165,
            0.06088149920105934
        ],
        [
            0.12923912703990936,
            0.055513896048069,
            0.05529729276895523
        ],
        [
            0.13556967675685883,
            0.0524500235915184,
            0.05627360939979553
        ],
        [
            0.14057382941246033,
            0.0583285316824913,
            0.059888776391744614
        ],
        [
            0.10908862203359604,
            0.05825982987880707,
            0.043127596378326416
        ],
        [
            0.10625825077295303,
            0.04777031019330025,
            0.0385286808013916
        ],
        [
            0.11197604238986969,
            0.04737846925854683,
            0.04158394783735275
        ],
        [
            0.11619051545858383,
            0.058142296969890594,
            0.04804321378469467
        ],
        [
            0.09272496402263641,
            0.049913641065359116,
            0.0348520465195179
        ],
        [
            0.09678851068019867,
            0.060241878032684326,
            0.03940112888813019
        ],
        [
            0.08861327171325684,
            0.06039942800998688,
            0.036883264780044556
        ],
        [
            0.08674632012844086,
            0.05267053097486496,
            0.03486466035246849
        ],
        [
            0.10748008638620377,
            0.07648112624883652,
            0.04740726947784424
        ],
        [
            0.11046088486909866,
            0.08210083842277527,
            0.049422454088926315
        ],
        [
            0.10549715161323547,
            0.08623086661100388,
            0.04903705045580864
        ],
        [
            0.10380327701568604,
            0.07766244560480118,
            0.04591410607099533
        ],
        [
            0.07116077840328217,
            0.008708566427230835,
            -0.01625160500407219
        ],
        [
            0.06919990479946136,
            0.003863617777824402,
            -0.00790683925151825
        ],
        [
            0.08305210620164871,
            0.06520886719226837,
            0.00999286025762558
        ],
        [
            0.07329142093658447,
            0.06040479242801666,
            0.01268213614821434
        ],
        [
            0.07313422858715057,
            0.07183660566806793,
            0.016866158694028854
        ],
        [
            0.08368664979934692,
            0.07408184558153152,
            0.01291077584028244
        ],
        [
            0.08620817959308624,
            0.02250620722770691,
            -0.01442965492606163
        ],
        [
            0.08179499208927155,
            0.017226018011569977,
            -0.018241439014673233
        ],
        [
            0.13581696152687073,
            0.10257656872272491,
            0.0733656957745552
        ],
        [
            0.1375519037246704,
            0.10040167719125748,
            0.06847566366195679
        ],
        [
            0.13407941162586212,
            0.0012216344475746155,
            0.043598540127277374
        ],
        [
            0.13958631455898285,
            0.02012566849589348,
            0.05503474920988083
        ],
        [
            0.12812942266464233,
            -0.007793352007865906,
            0.029283510521054268
        ],
        [
            0.1239406168460846,
            -0.011350400745868683,
            0.017379343509674072
        ],
        [
            0.1212187185883522,
            -0.01608888804912567,
            0.008898794651031494
        ],
        [
            0.12542781233787537,
            0.0607568696141243,
            0.05510880425572395
        ],
        [
            0.11503049731254578,
            0.042715881019830704,
            0.04355195537209511
        ],
        [
            0.10083495080471039,
            0.03730194643139839,
            0.0342160128057003
        ],
        [
            0.07162083685398102,
            0.045741043984889984,
            0.029618311673402786
        ],
        [
            0.06926263868808746,
            0.03583724796772003,
            0.02617923729121685
        ],
        [
            0.07844454795122147,
            0.036292657256126404,
            0.03147422522306442
        ],
        [
            0.07887592166662216,
            0.0450781024992466,
            0.032826438546180725
        ],
        [
            0.06778871268033981,
            0.05820965766906738,
            0.020375501364469528
        ],
        [
            0.06958077102899551,
            0.0572698712348938,
            0.028064005076885223
        ],
        [
            0.07115352898836136,
            0.06631561368703842,
            0.030837740749120712
        ],
        [
            0.0689585953950882,
            0.06816589832305908,
            0.023817528039216995
        ],
        [
            0.14203645288944244,
            0.03947813808917999,
            0.04480021446943283
        ],
        [
            0.14546121656894684,
            0.026730075478553772,
            0.04243219271302223
        ],
        [
            0.06772352755069733,
            0.013617351651191711,
            0.0055899545550346375
        ],
        [
            0.0690406858921051,
            0.006281167268753052,
            0.0032671913504600525
        ],
        [
            0.06967873871326447,
            -0.0006341934204101562,
            -0.0015954263508319855
        ],
        [
            0.09133891761302948,
            0.015623137354850769,
            0.030064620077610016
        ],
        [
            0.08826619386672974,
            0.002852514386177063,
            0.02632434107363224
        ],
        [
            0.09174764156341553,
            0.0012552589178085327,
            0.029526066035032272
        ],
        [
            0.09430166333913803,
            0.01435139775276184,
            0.030619490891695023
        ],
        [
            0.10456250607967377,
            0.018191006034612656,
            0.04038650542497635
        ],
        [
            0.10119254887104034,
            0.006688937544822693,
            0.04434914514422417
        ],
        [
            0.1098870113492012,
            0.027930814772844315,
            0.04575096443295479
        ],
        [
            0.0936792716383934,
            -0.008981704711914062,
            0.019938740879297256
        ],
        [
            0.08639080822467804,
            -0.01313251256942749,
            0.012308750301599503
        ],
        [
            0.09443358331918716,
            -0.016536645591259003,
            0.014137331396341324
        ],
        [
            0.07849776744842529,
            -0.009075634181499481,
            0.008141320198774338
        ],
        [
            0.0722813755273819,
            -0.004724428057670593,
            0.003477577120065689
        ],
        [
            0.07922904193401337,
            0.012005969882011414,
            -0.024473480880260468
        ],
        [
            0.10254232585430145,
            -0.01827652007341385,
            0.015023227781057358
        ],
        [
            0.12055496126413345,
            0.03699319064617157,
            0.05940404534339905
        ],
        [
            0.1233408972620964,
            0.043126415461301804,
            0.05862453579902649
        ],
        [
            0.12043167650699615,
            0.043946947902441025,
            0.05204052850604057
        ],
        [
            0.11899758130311966,
            0.03944163769483566,
            0.052252769470214844
        ],
        [
            0.15012267231941223,
            0.06405220180749893,
            0.05117396265268326
        ],
        [
            0.14612507820129395,
            0.06032188609242439,
            0.057459283620119095
        ],
        [
            0.14242319762706757,
            0.051359184086322784,
            0.05355696380138397
        ],
        [
            0.07867270708084106,
            0.018571697175502777,
            0.0280291810631752
        ],
        [
            0.06892012059688568,
            0.02061997354030609,
            0.020283056423068047
        ],
        [
            0.13130851089954376,
            0.06621156632900238,
            0.05999802425503731
        ],
        [
            0.14338082075119019,
            0.09542916715145111,
            0.0679759606719017
        ],
        [
            0.14411507546901703,
            0.09115815907716751,
            0.07230623066425323
        ],
        [
            0.14871476590633392,
            0.07825203239917755,
            0.061737049371004105
        ],
        [
            0.14808590710163116,
            0.08315693587064743,
            0.056902043521404266
        ],
        [
            0.13042598962783813,
            0.07690996676683426,
            0.05751393735408783
        ],
        [
            0.1315114051103592,
            0.07051775604486465,
            0.06096533313393593
        ],
        [
            0.13081684708595276,
            0.0731220468878746,
            0.060753196477890015
        ],
        [
            0.12758539617061615,
            0.07826890796422958,
            0.05807266756892204
        ],
        [
            0.09776829183101654,
            0.08427539467811584,
            0.04437048360705376
        ],
        [
            0.09601619839668274,
            0.07719235122203827,
            0.04249868169426918
        ],
        [
            0.13595761358737946,
            0.07699480652809143,
            0.03612976521253586
        ],
        [
            0.14734366536140442,
            0.07089673727750778,
            0.036788713186979294
        ],
        [
            0.14422960579395294,
            0.059583064168691635,
            0.030896823853254318
        ],
        [
            0.10216736793518066,
            0.05872761830687523,
            0.040343329310417175
        ],
        [
            0.10406044870615005,
            0.06842703372240067,
            0.04428860545158386
        ],
        [
            0.10023646056652069,
            0.0693359449505806,
            0.042846567928791046
        ],
        [
            0.12392571568489075,
            0.06537944078445435,
            0.05482660233974457
        ],
        [
            0.12777209281921387,
            0.07072961330413818,
            0.05769333243370056
        ],
        [
            0.12376908957958221,
            0.0715189129114151,
            0.054643664509058
        ],
        [
            0.11926589161157608,
            0.06599804013967514,
            0.051657844334840775
        ],
        [
            0.07275309413671494,
            0.04887739568948746,
            0.006623253226280212
        ],
        [
            0.06594586372375488,
            0.04625560715794563,
            0.015538640320301056
        ],
        [
            0.13769246637821198,
            0.0904814824461937,
            0.08071427047252655
        ],
        [
            0.1393917202949524,
            0.08893867582082748,
            0.0780373215675354
        ],
        [
            0.0995459258556366,
            0.04841773957014084,
            0.03587363287806511
        ],
        [
            0.1394018679857254,
            0.04640822857618332,
            0.02537406049668789
        ],
        [
            0.0956721231341362,
            0.038083724677562714,
            0.03254726529121399
        ],
        [
            0.09703169763088226,
            0.08440589904785156,
            0.024074438959360123
        ],
        [
            0.09072127938270569,
            0.08598662912845612,
            0.02893613465130329
        ],
        [
            0.09298086911439896,
            0.08933207392692566,
            0.03161999583244324
        ],
        [
            0.09757120907306671,
            0.09099242836236954,
            0.02798139862716198
        ],
        [
            0.12427084892988205,
            0.08944396674633026,
            0.0652564987540245
        ],
        [
            0.12538470327854156,
            0.08620769530534744,
            0.07000148296356201
        ],
        [
            0.12465920299291611,
            0.08780559152364731,
            0.0719396322965622
        ],
        [
            0.1233101636171341,
            0.09212782979011536,
            0.06801730394363403
        ],
        [
            0.13581040501594543,
            0.06731181591749191,
            0.06317741423845291
        ],
        [
            0.14169703423976898,
            0.06521683931350708,
            0.0634651631116867
        ],
        [
            0.14007996022701263,
            0.07103870809078217,
            0.06619323045015335
        ],
        [
            0.1346096396446228,
            0.07197599858045578,
            0.06404708325862885
        ],
        [
            0.14696215093135834,
            0.06807024776935577,
            0.06120336800813675
        ],
        [
            0.14569111168384552,
            0.07365680485963821,
            0.06480584293603897
        ],
        [
            0.12681953608989716,
            0.09406483173370361,
            0.061530888080596924
        ],
        [
            0.13332825899124146,
            0.09791520237922668,
            0.0611119419336319
        ],
        [
            0.13631567358970642,
            0.08697111904621124,
            0.050360485911369324
        ],
        [
            0.1296202838420868,
            0.08456207811832428,
            0.054114583879709244
        ],
        [
            0.1008927971124649,
            0.040731314569711685,
            -0.0014852918684482574
        ],
        [
            0.0898255929350853,
            0.041309889405965805,
            -0.002908695489168167
        ],
        [
            0.09089919924736023,
            0.05401620268821716,
            0.004739187657833099
        ],
        [
            0.09196939319372177,
            0.06671962887048721,
            0.011111721396446228
        ],
        [
            0.09370741248130798,
            0.07829466462135315,
            0.018618274480104446
        ],
        [
            0.10620904713869095,
            0.07918763905763626,
            0.018436431884765625
        ],
        [
            0.08292145282030106,
            0.052847497165203094,
            0.0037460289895534515
        ],
        [
            0.13251623511314392,
            0.08237186819314957,
            0.049546655267477036
        ],
        [
            0.13876380026340485,
            0.07989586889743805,
            0.04392673447728157
        ],
        [
            0.13477134704589844,
            0.08235905319452286,
            0.04319795221090317
        ],
        [
            0.08835576474666595,
            0.03938078507781029,
            0.03209370747208595
        ],
        [
            0.14177995920181274,
            0.0871628001332283,
            0.07505711913108826
        ],
        [
            0.12274983525276184,
            0.002342499792575836,
            -0.0037543177604675293
        ],
        [
            0.11413173377513885,
            0.009551160037517548,
            -0.011707533150911331
        ],
        [
            0.11732681840658188,
            0.015289105474948883,
            -0.005951814353466034
        ],
        [
            0.126588836312294,
            0.006886772811412811,
            0.0039425864815711975
        ],
        [
            0.1304013729095459,
            0.08403515070676804,
            0.07441723346710205
        ],
        [
            0.13652434945106506,
            0.08390508592128754,
            0.07629010081291199
        ],
        [
            0.0900474414229393,
            0.08011695742607117,
            0.03997166454792023
        ],
        [
            0.09306897968053818,
            0.08527535945177078,
            0.040900226682424545
        ],
        [
            0.09123329818248749,
            0.0877051055431366,
            0.03753848001360893
        ],
        [
            0.08563117682933807,
            0.08489389717578888,
            0.037559330463409424
        ],
        [
            0.08406484127044678,
            0.03999219462275505,
            -0.003466889262199402
        ],
        [
            0.07343018800020218,
            0.0786910131573677,
            0.018921110779047012
        ],
        [
            0.08255617320537567,
            0.0810399129986763,
            0.015743451192975044
        ],
        [
            0.0892876386642456,
            0.030036211013793945,
            -0.00949549674987793
        ],
        [
            0.09907186031341553,
            0.02964833378791809,
            -0.008889585733413696
        ],
        [
            0.0971846878528595,
            0.021765686571598053,
            -0.014296337962150574
        ],
        [
            0.11803828179836273,
            0.08325991034507751,
            0.027540193870663643
        ],
        [
            0.10906580835580826,
            0.04169972985982895,
            0.001347169280052185
        ],
        [
            0.10625376552343369,
            0.02958882972598076,
            -0.006143707782030106
        ],
        [
            0.10434365272521973,
            0.02016270160675049,
            -0.01250036433339119
        ],
        [
            0.1025661826133728,
            0.013891860842704773,
            -0.017726141959428787
        ],
        [
            0.09484250843524933,
            0.0162355974316597,
            -0.01904774084687233
        ],
        [
            0.13887760043144226,
            0.09770898520946503,
            0.06403733789920807
        ],
        [
            0.13111062347888947,
            0.10138990730047226,
            0.06549011170864105
        ],
        [
            0.09248599410057068,
            0.010700888931751251,
            -0.025893021374940872
        ],
        [
            0.10107943415641785,
            0.007975280284881592,
            -0.023564521223306656
        ],
        [
            0.11455237865447998,
            0.028193358331918716,
            -0.002377685159444809
        ],
        [
            0.12397844344377518,
            0.025138024240732193,
            0.0035215765237808228
        ],
        [
            0.11681532859802246,
            0.03991805762052536,
            0.004878394305706024
        ],
        [
            0.1264677196741104,
            0.038240522146224976,
            0.010888300836086273
        ],
        [
            0.12842699885368347,
            0.08034191280603409,
            0.02530813217163086
        ],
        [
            0.12071722745895386,
            0.10466822236776352,
            0.08040043711662292
        ],
        [
            0.12393069267272949,
            0.10077955573797226,
            0.07038547098636627
        ],
        [
            0.1219840943813324,
            0.09538983553647995,
            0.07171820104122162
        ],
        [
            0.11809717118740082,
            0.10129233449697495,
            0.08045709878206253
        ],
        [
            0.12534570693969727,
            0.09709933400154114,
            0.0654873177409172
        ],
        [
            0.12924687564373016,
            0.10336793959140778,
            0.07050424814224243
        ],
        [
            0.13592621684074402,
            0.03219769522547722,
            0.019844654947519302
        ],
        [
            0.12739482522010803,
            0.07813948392868042,
            0.056762006133794785
        ],
        [
            0.1334923654794693,
            0.01574741303920746,
            0.016258977353572845
        ],
        [
            0.14504702389240265,
            0.030884865671396255,
            0.03146721422672272
        ],
        [
            0.14253948628902435,
            0.01902834326028824,
            0.03184197470545769
        ],
        [
            0.1313352882862091,
            -0.0011901035904884338,
            0.015459995716810226
        ],
        [
            0.1384274810552597,
            0.004665538668632507,
            0.030615273863077164
        ],
        [
            0.12344865500926971,
            -0.009740583598613739,
            -0.0004454702138900757
        ],
        [
            0.1267780363559723,
            -0.0043564289808273315,
            0.006383463740348816
        ],
        [
            0.14327219128608704,
            0.014870770275592804,
            0.04317405819892883
        ],
        [
            0.1269599050283432,
            0.09117873013019562,
            0.08678242564201355
        ],
        [
            0.12184851616621017,
            0.09186847507953644,
            0.08391908556222916
        ],
        [
            0.12043572217226028,
