{
    "pred_cam": [
        9.558000564575195,
        -0.10656750202178955,
        -0.06090562790632248
    ],
    "pred_mano_params": {
        "global_orient": [
            [
                [
                    -0.34813588857650757,
                    0.49269813299179077,
                    0.7975273728370667
                ],
                [
                    -0.8023564219474792,
                    0.2833539545536041,
                    -0.5252948999404907
                ],
                [
                    -0.48479434847831726,
                    -0.8227752447128296,
                    0.29667383432388306
                ]
            ]
        ],
        "hand_pose": [
            [
                [
                    0.8501222729682922,
                    -0.3055664598941803,
                    -0.42886051535606384
                ],
                [
                    0.34650829434394836,
                    0.9378616213798523,
                    0.018643366172909737
                ],
                [
                    0.39651504158973694,
                    -0.16445288062095642,
                    0.9031783938407898
                ]
            ],
            [
                [
                    0.7144464254379272,
                    -0.6743594408035278,
                    0.18656262755393982
                ],
                [
                    0.6992188692092896,
                    0.6783326864242554,
                    -0.22573813796043396
                ],
                [
                    0.025677118450403214,
                    0.29172590374946594,
                    0.9561572074890137
                ]
            ],
            [
                [
                    0.9507168531417847,
                    -0.15867070853710175,
                    0.2663852572441101
                ],
                [
                    0.1295207142829895,
                    0.9838237166404724,
                    0.12375487387180328
                ],
                [
                    -0.2817124128341675,
                    -0.08315343409776688,
                    0.9558889269828796
                ]
            ],
            [
                [
                    0.8174685835838318,
                    -0.43735238909721375,
                    -0.37479066848754883
                ],
                [
                    0.49412718415260315,
                    0.8668662905693054,
                    0.06619001924991608
                ],
                [
                    0.29594504833221436,
                    -0.23930251598358154,
                    0.92474365234375
                ]
            ],
            [
                [
                    0.8074961304664612,
                    -0.5570755004882812,
                    -0.1939508616924286
                ],
                [
                    0.5889824628829956,
                    0.7795071005821228,
                    0.2132333666086197
                ],
                [
                    0.03239898383617401,
                    -0.28641876578330994,
                    0.9575566649436951
                ]
            ],
            [
                [
                    0.9283939003944397,
                    -0.33089521527290344,
                    0.169094979763031
                ],
                [
                    0.3356412351131439,
                    0.9419897198677063,
                    0.0005475960206240416
                ],
                [
                    -0.1594669222831726,
                    0.056246865540742874,
                    0.9855995774269104
                ]
            ],
            [
                [
                    0.9318190813064575,
                    -0.3543987572193146,
                    -0.07819691300392151
                ],
                [
                    0.32962509989738464,
                    0.9166023135185242,
                    -0.22624658048152924
                ],
                [
                    0.15185698866844177,
                    0.18504521250724792,
                    0.9709262251853943
                ]
            ],
            [
                [
                    0.8149355053901672,
                    -0.5763881802558899,
                    -0.060471486300230026
                ],
                [
                    0.5216169357299805,
                    0.6839932203292847,
                    0.5099696516990662
                ],
                [
                    -0.25257834792137146,
                    -0.447135329246521,
                    0.8580642342567444
                ]
            ],
            [
                [
                    0.9234659671783447,
                    -0.3829175531864166,
                    -0.024178827181458473
                ],
                [
                    0.30377197265625,
                    0.6911887526512146,
                    0.6557291150093079
                ],
                [
                    -0.23437809944152832,
                    -0.6128884553909302,
                    0.7546089291572571
                ]
            ],
            [
                [
                    0.851482629776001,
                    -0.4297957420349121,
                    -0.30042123794555664
                ],
                [
                    0.3717780113220215,
                    0.8988217711448669,
                    -0.23216482996940613
                ],
                [
                    0.3698086142539978,
                    0.08599431812763214,
                    0.9251197576522827
                ]
            ],
            [
                [
                    0.746311366558075,
                    -0.6568752527236938,
                    -0.10739751905202866
                ],
                [
                    0.5924872756004333,
                    0.582109272480011,
                    0.5568729639053345
                ],
                [
                    -0.30327898263931274,
                    -0.4792322814464569,
                    0.8236249685287476
                ]
            ],
            [
                [
                    0.8720669150352478,
                    -0.48200497031211853,
                    0.08467933535575867
                ],
                [
                    0.46632879972457886,
                    0.8709307909011841,
                    0.15497413277626038
                ],
                [
                    -0.1484481394290924,
                    -0.09565939009189606,
                    0.9842827320098877
                ]
            ],
            [
                [
                    0.8302716612815857,
                    0.24515248835086823,
                    -0.5005488991737366
                ],
                [
                    -0.5225063562393188,
                    0.6549487709999084,
                    -0.5459204912185669
                ],
                [
                    0.19400009512901306,
                    0.7148023247718811,
                    0.6718791127204895
                ]
            ],
            [
                [
                    0.7737507224082947,
                    -0.19906476140022278,
                    -0.6014009118080139
                ],
                [
                    0.38088661432266235,
                    0.9047718644142151,
                    0.1905602067708969
                ],
                [
                    0.5061968564987183,
                    -0.37651166319847107,
                    0.775888979434967
                ]
            ],
            [
                [
                    0.8054645657539368,
                    -0.5825105309486389,
                    0.10912532359361649
                ],
                [
                    0.58134925365448,
                    0.7408264875411987,
                    -0.33646559715270996
                ],
                [
                    0.11515183001756668,
                    0.33445101976394653,
                    0.935351550579071
                ]
            ]
        ],
        "betas": [
            -0.06458908319473267,
            -0.1146949827671051,
            -0.04988652467727661,
            -0.034265607595443726,
            -0.0020009875297546387,
            -0.03234428912401199,
            0.06006191670894623,
            0.015523925423622131,
            0.020357757806777954,
            -0.0316673219203949
        ]
    },
    "pred_cam_t": [
        -0.10656750202178955,
        -0.06090562790632248,
        4.08689022064209
    ],
    "focal_length": [
        5000.0,
        5000.0
    ],
    "pred_keypoints_3d": [
        [
            0.09604300558567047,
            0.006403787527233362,
            0.006230764091014862
        ],
        [
            0.11741748452186584,
            0.007786886300891638,
            0.03839138522744179
        ],
        [
            0.13634057343006134,
            0.022979728877544403,
            0.057508185505867004
        ],
        [
            0.13844792544841766,
            0.04971771687269211,
            0.06199099123477936
        ],
        [
            0.1321004331111908,
            0.07503350079059601,
            0.08412553369998932
        ],
        [
            0.1406875103712082,
            0.0649905800819397,
            0.05946730077266693
        ],
        [
            0.13816268742084503,
            0.09308089315891266,
            0.07682660222053528
        ],
        [
            0.127188041806221,
            0.09529851377010345,
            0.09609923511743546
        ],
        [
            0.12009995430707932,
            0.0940016359090805,
            0.11984820663928986
        ],
        [
            0.12562067806720734,
            0.08398261666297913,
            0.05249195173382759
        ],
        [
            0.11523585021495819,
            0.10723553597927094,
            0.07161848247051239
        ],
        [
            0.10218163579702377,
            0.10830417275428772,
            0.09099650382995605
        ],
        [
            0.09231945872306824,
            0.10626617819070816,
            0.11477698385715485
        ],
        [
            0.10129241645336151,
            0.08518959581851959,
            0.041306331753730774
        ],
        [
            0.09380489587783813,
            0.10993170738220215,
            0.054500512778759
        ],
        [
            0.079466812312603,
            0.11087318509817123,
            0.0748661607503891
        ],
        [
            0.0692974179983139,
            0.10498841106891632,
            0.0972956120967865
        ],
        [
            0.08060520887374878,
            0.08178727328777313,
            0.035022422671318054
        ],
        [
            0.07269001752138138,
            0.10081431269645691,
            0.040169086307287216
        ],
        [
            0.05985309183597565,
            0.10562963038682938,
            0.05341486260294914
        ],
        [
            0.05090571194887161,
            0.09948734194040298,
            0.07117541879415512
        ]
    ],
    "pred_vertices": [
        [
            0.11774502694606781,
            0.03293342888355255,
            0.04736379161477089
        ],
        [
            0.11239168047904968,
            0.024404626339673996,
            0.04275239631533623
        ],
        [
            0.11909684538841248,
            0.02817629650235176,
            0.04941769316792488
        ],
        [
            0.12407636642456055,
            0.03394988924264908,
            0.05335647985339165
        ],
        [
            0.11052262783050537,
            0.012231364846229553,
            0.05483951419591904
        ],
        [
            0.11561158299446106,
            0.0010166168212890625,
            0.05657633766531944
        ],
        [
            0.12569560110569,
            0.013602063059806824,
            0.06516177207231522
        ],
        [
            0.11908426880836487,
            0.020958170294761658,
            0.06239037960767746
        ],
        [
            0.13070271909236908,
            0.03580937534570694,
            0.0556260347366333
        ],
        [
            0.12455225735902786,
            0.03138510137796402,
            0.05456501245498657
        ],
        [
            0.13524827361106873,
            0.035188525915145874,
            0.050710175186395645
        ],
        [
            0.14425213634967804,
            0.04189004376530647,
            0.05154718831181526
        ],
        [
            0.13770689070224762,
            0.041602227836847305,
            0.05678262934088707
        ],
        [
            0.14817161858081818,
            0.04940290004014969,
            0.053499359637498856
        ],
        [
            0.14737512171268463,
            0.03784753009676933,
            0.041854556649923325
        ],
        [
            0.14958889782428741,
            0.05300692468881607,
            0.045099176466464996
        ],
        [
            0.1322880983352661,
            0.04844122380018234,
            0.02322457730770111
        ],
        [
            0.12101798504590988,
            0.052751123905181885,
            0.017408203333616257
        ],
        [
            0.12500807642936707,
            0.06715670228004456,
            0.025671064853668213
        ],
        [
            0.13565587997436523,
            0.061284389346838,
            0.03158074989914894
        ],
        [
            0.10548225790262222,
            0.0659937858581543,
            0.018433257937431335
        ],
        [
            0.11644697189331055,
            0.06760887056589127,
            0.02275993302464485
        ],
        [
            0.11300785839557648,
            0.05372646823525429,
            0.013401340693235397
        ],
        [
            0.103248730301857,
            0.053209979087114334,
            0.01014377549290657
        ],
        [
            0.10547279566526413,
            0.03381987288594246,
            0.038551025092601776
        ],
        [
            0.10037710517644882,
            0.024681907147169113,
            0.033821213990449905
        ],
        [
            0.10511986911296844,
            0.023753076791763306,
            0.03602723032236099
        ],
        [
            0.1100076362490654,
            0.03257811442017555,
            0.04097510874271393
        ],
        [
            0.1407652646303177,
            0.03205576166510582,
            0.04820479080080986
        ],
        [
            0.14495475590229034,
            0.024718016386032104,
            0.045323695987463
        ],
        [
            0.1417255401611328,
            0.031236037611961365,
            0.04634874686598778
        ],
        [
            0.13604532182216644,
            0.03445562720298767,
            0.04964432492852211
        ],
        [
            0.08072520792484283,
            0.006328791379928589,
            0.024991294369101524
        ],
        [
            0.08143328875303268,
            -0.0027478039264678955,
            0.015005640685558319
        ],
        [
            0.08657176047563553,
            -0.005105994641780853,
            0.016738787293434143
        ],
        [
            0.08492378890514374,
            0.0038094744086265564,
            0.025221722200512886
        ],
        [
            0.10311555862426758,
            -0.010738573968410492,
            0.03494136035442352
        ],
        [
            0.10180029273033142,
            -0.013718605041503906,
            0.02275921404361725
        ],
        [
            0.11244536191225052,
            -0.019600726664066315,
            0.01571527123451233
        ],
        [
            0.11673033237457275,
            -0.015672065317630768,
            0.025497596710920334
        ],
        [
            0.10841241478919983,
            -0.005645334720611572,
            0.047497861087322235
        ],
        [
            0.11936910450458527,
            -0.012502260506153107,
            0.040552616119384766
        ],
        [
            0.12544456124305725,
            -0.004691474139690399,
            0.05307621881365776
        ],
        [
            0.13422034680843353,
            0.009870100766420364,
            0.06295214593410492
        ],
        [
            0.07168546319007874,
            0.003150664269924164,
            0.00900508463382721
        ],
        [
            0.0695042684674263,
            0.010433532297611237,
            0.015792835503816605
        ],
        [
            0.13699889183044434,
            0.08291641622781754,
            0.08618523180484772
        ],
        [
            0.1311293989419937,
            0.08342335373163223,
            0.08469533920288086
        ],
        [
            0.1322144865989685,
            0.08102933317422867,
            0.08230068534612656
        ],
        [
            0.13778163492679596,
            0.08103055506944656,
            0.08421766757965088
        ],
        [
            0.07093416154384613,
            0.01929400861263275,
            -0.0032012872397899628
        ],
        [
            0.07704819738864899,
            0.022889859974384308,
            -0.010455414652824402
        ],
        [
            0.0738597959280014,
            0.01685410737991333,
            -0.013091303408145905
        ],
        [
            0.06965956091880798,
            0.012347757816314697,
            -0.005921993404626846
        ],
        [
            0.07270683348178864,
            0.028389066457748413,
            0.0005775801837444305
        ],
        [
            0.08158144354820251,
            0.030823804438114166,
            -0.006072342395782471
        ],
        [
            0.1432628631591797,
            0.09378834813833237,
            0.08341845124959946
        ],
        [
            0.14332477748394012,
            0.08928994834423065,
            0.08605913817882538
        ],
        [
            0.1451646089553833,
            0.08803391456604004,
            0.082085981965065
        ],
        [
            0.1447584182024002,
            0.09202273190021515,
            0.07835692167282104
        ],
        [
            0.12991555035114288,
            0.04070116579532623,
            0.05753420665860176
        ],
        [
            0.12170574069023132,
            0.040619321167469025,
            0.05332498624920845
        ],
        [
            0.1355711668729782,
            0.05624218285083771,
            0.06616082787513733
        ],
        [
            0.12933094799518585,
            0.05082005262374878,
            0.05991194024682045
        ],
        [
            0.1357736736536026,
            0.047499269247055054,
            0.06096203625202179
        ],
        [
            0.1409238576889038,
            0.05320972204208374,
            0.06497085094451904
        ],
        [
            0.10940670967102051,
            0.05493398755788803,
            0.04743649438023567
        ],
        [
            0.10646437108516693,
            0.04488787427544594,
            0.04196208715438843
        ],
        [
            0.11214713007211685,
            0.044175200164318085,
            0.04513993114233017
        ],
        [
            0.11641333997249603,
            0.05428274720907211,
            0.05247964337468147
        ],
        [
            0.09302973002195358,
            0.0476025752723217,
            0.03820212185382843
        ],
        [
            0.09720221906900406,
            0.05746249482035637,
            0.04364745318889618
        ],
        [
            0.08906970918178558,
            0.057992201298475266,
            0.04100886732339859
        ],
        [
            0.08709784597158432,
            0.050481393933296204,
            0.03832585737109184
        ],
        [
            0.10796026140451431,
            0.07294853776693344,
            0.053164102137088776
        ],
        [
            0.11107032001018524,
            0.0786387175321579,
            0.05575139820575714
        ],
        [
            0.10663966089487076,
            0.08274586498737335,
            0.05531834810972214
        ],
        [
            0.10445573925971985,
            0.0743146613240242,
            0.05163433402776718
        ],
        [
            0.07166092842817307,
            0.011009849607944489,
            -0.01646874099969864
        ],
        [
            0.06942775845527649,
            0.005560398101806641,
            -0.008550021797418594
        ],
        [
            0.08416087180376053,
            0.0649331659078598,
            0.014447633177042007
        ],
        [
            0.07422132790088654,
            0.06019061058759689,
            0.016551287844777107
        ],
        [
            0.07419285923242569,
            0.07122820615768433,
            0.021634887903928757
        ],
        [
            0.08487030863761902,
            0.0734456330537796,
            0.01810319721698761
        ],
        [
            0.08697779476642609,
            0.02432314306497574,
            -0.013317875564098358
        ],
        [
            0.08252512663602829,
            0.01944592595100403,
            -0.01760917901992798
        ],
        [
            0.13951116800308228,
            0.09755804389715195,
            0.07998961210250854
        ],
        [
            0.14078080654144287,
            0.09550754725933075,
            0.07498599588871002
        ],
        [
            0.13306576013565063,
            -0.005835585296154022,
            0.04182015359401703
        ],
        [
            0.1409064084291458,
            0.008517172187566757,
            0.05642368644475937
        ],
        [
            0.12684454023838043,
            -0.01144050806760788,
            0.026911374181509018
        ],
        [
            0.12296240776777267,
            -0.013226218521595001,
            0.015319731086492538
        ],
        [
            0.12056183815002441,
            -0.01699630171060562,
            0.006939392536878586
        ],
        [
            0.12552858889102936,
            0.05619169771671295,
            0.06006769835948944
        ],
        [
            0.11517404019832611,
            0.039370328187942505,
            0.04694072902202606
        ],
        [
            0.1009339839220047,
            0.034935202449560165,
            0.036728061735630035
        ],
        [
            0.07192540168762207,
            0.044295649975538254,
            0.03226509690284729
        ],
        [
            0.06944979727268219,
            0.03473849222064018,
            0.027990255504846573
        ],
        [
            0.07853981852531433,
            0.034586187452077866,
            0.03348381072282791
        ],
        [
            0.07910999655723572,
            0.04323222115635872,
            0.035547155886888504
        ],
        [
            0.06851062178611755,
            0.05752484127879143,
            0.023960638791322708
        ],
        [
            0.07013324648141861,
            0.05596033111214638,
            0.031605832278728485
        ],
        [
            0.07182755321264267,
            0.06477181613445282,
            0.035139769315719604
        ],
        [
            0.06979719549417496,
            0.06717750430107117,
            0.028222551569342613
        ],
        [
            0.14657361805438995,
            0.0290178544819355,
            0.050532929599285126
        ],
        [
            0.14740827679634094,
            0.018598545342683792,
            0.04554494470357895
        ],
        [
            0.06790316104888916,
            0.014251798391342163,
            0.005640480667352676
        ],
        [
            0.06912313401699066,
            0.007092148065567017,
            0.0027785003185272217
        ],
        [
            0.06970260292291641,
            0.000563107430934906,
            -0.002586185932159424
        ],
        [
            0.09100905060768127,
            0.014360673725605011,
            0.030634863302111626
        ],
        [
            0.08772527426481247,
            0.001857064664363861,
            0.025697732344269753
        ],
        [
            0.09108813107013702,
            0.0001979544758796692,
            0.02867918089032173
        ],
        [
            0.09391677379608154,
            0.013477496802806854,
            0.03116920404136181
        ],
        [
            0.1054489016532898,
            0.01627279445528984,
            0.042960114777088165
        ],
        [
            0.10116955637931824,
            0.0039584338665008545,
            0.04436928406357765
        ],
        [
            0.1126321405172348,
            0.02343258261680603,
            0.050777092576026917
        ],
        [
            0.0930468961596489,
            -0.009865716099739075,
            0.01851397007703781
        ],
        [
            0.08589427173137665,
            -0.013368017971515656,
            0.010662086308002472
        ],
        [
            0.09382057189941406,
            -0.017098695039749146,
            0.012304138392210007
        ],
        [
            0.07816120982170105,
            -0.008818984031677246,
            0.006666015833616257
        ],
        [
            0.07212524116039276,
            -0.003972992300987244,
            0.002211533486843109
        ],
        [
            0.07996724545955658,
            0.014775238931179047,
            -0.024275653064250946
        ],
        [
            0.10192285478115082,
            -0.019094079732894897,
            0.013069599866867065
        ],
        [
            0.12480568885803223,
            0.02626386284828186,
            0.06513336300849915
        ],
        [
            0.12847137451171875,
            0.03171776235103607,
            0.06516086310148239
        ],
        [
            0.12581375241279602,
            0.03440351411700249,
            0.05895547568798065
        ],
        [
            0.12383335828781128,
            0.030597228556871414,
            0.05885262414813042
        ],
        [
            0.15099917352199554,
            0.059052273631095886,
            0.0566369965672493
        ],
        [
            0.14683204889297485,
            0.05516790598630905,
            0.06271960586309433
        ],
        [
            0.14306940138339996,
            0.04622964560985565,
            0.05859316885471344
        ],
        [
            0.07850395143032074,
            0.017185665667057037,
            0.028633302077651024
        ],
        [
            0.06893745064735413,
            0.020040422677993774,
            0.020884713158011436
        ],
        [
            0.1317293643951416,
            0.061500780284404755,
            0.06572946161031723
        ],
        [
            0.1462794989347458,
            0.09027084708213806,
            0.0740189328789711
        ],
        [
            0.14703473448753357,
            0.08584991097450256,
            0.07820871472358704
        ],
        [
            0.15026211738586426,
            0.07330039888620377,
            0.06706332415342331
        ],
        [
            0.14957264065742493,
            0.07834645360708237,
            0.06241578608751297
        ],
        [
            0.13141188025474548,
            0.07252679020166397,
            0.06399381905794144
        ],
        [
            0.13245686888694763,
            0.06608807295560837,
            0.06716252118349075
        ],
        [
            0.1320401430130005,
            0.06890422850847244,
            0.06718337535858154
        ],
        [
            0.1289253979921341,
            0.07427860796451569,
            0.06488499045372009
        ],
        [
            0.09886880964040756,
            0.08125609904527664,
            0.05044200271368027
        ],
        [
            0.09670324623584747,
            0.07430952787399292,
            0.048069193959236145
        ],
        [
            0.13666367530822754,
            0.07338167726993561,
            0.0422842800617218
        ],
        [
            0.14783138036727905,
            0.06671784073114395,
            0.042687349021434784
        ],
        [
            0.14492453634738922,
            0.05616123601794243,
            0.03628673404455185
        ],
        [
            0.10254102945327759,
            0.055764228105545044,
            0.04456692188978195
        ],
        [
            0.10452341288328171,
            0.06511091440916061,
            0.0493217408657074
        ],
        [
            0.10075131803750992,
            0.06622108817100525,
            0.04787648096680641
        ],
        [
            0.12413915991783142,
            0.060889776796102524,
            0.06011686101555824
        ],
        [
            0.12818917632102966,
            0.06614279747009277,
            0.06366655230522156
        ],
        [
            0.1241079717874527,
            0.06703744828701019,
            0.06025796756148338
        ],
        [
            0.11955995857715607,
            0.06179828941822052,
            0.05677062273025513
        ],
        [
            0.07360035926103592,
            0.049207985401153564,
            0.009568125009536743
        ],
        [
            0.06654126197099686,
            0.0460292287170887,
            0.018141910433769226
        ],
        [
            0.14120188355445862,
            0.08517007529735565,
            0.08689694851636887
        ],
        [
            0.14256945252418518,
            0.08365525305271149,
            0.08414942026138306
        ],
        [
            0.09980742633342743,
            0.04588601365685463,
            0.03923312947154045
        ],
        [
            0.1400553584098816,
            0.043665528297424316,
            0.02956385910511017
        ],
        [
            0.09580611437559128,
            0.03593408316373825,
            0.03500698506832123
        ],
        [
            0.09813199192285538,
            0.08257908374071121,
            0.03014286421239376
        ],
        [
            0.09191320091485977,
            0.08393605053424835,
            0.034952230751514435
        ],
        [
            0.09428846836090088,
            0.08716544508934021,
            0.03797715902328491
        ],
        [
            0.09888241440057755,
            0.08893121033906937,
            0.034386634826660156
        ],
        [
            0.12668026983737946,
            0.08539962768554688,
            0.07245248556137085
        ],
        [
            0.12791243195533752,
            0.08199899643659592,
            0.07703650742769241
        ],
        [
            0.12742555141448975,
            0.08352812379598618,
            0.0790061205625534
        ],
        [
            0.12606868147850037,
            0.08803404867649078,
            0.07528676092624664
        ],
        [
            0.13679254055023193,
            0.06266459077596664,
            0.06896694004535675
        ],
        [
            0.14263682067394257,
            0.06027305871248245,
            0.06882311403751373
        ],
        [
            0.1415950208902359,
            0.06630813330411911,
            0.0718713030219078
        ],
        [
            0.13602674007415771,
            0.06752093136310577,
            0.07015129178762436
        ],
        [
            0.1480880081653595,
            0.06311870366334915,
            0.06644198298454285
        ],
        [
            0.1472415030002594,
            0.06874670088291168,
            0.07020160555839539
        ],
        [
            0.1292373090982437,
            0.08997398614883423,
            0.06865019351243973
        ],
        [
            0.1359270215034485,
            0.09348843991756439,
            0.06787587702274323
        ],
        [
            0.13763390481472015,
            0.08283441513776779,
            0.05679403617978096
        ],
        [
            0.1310696005821228,
            0.08058344572782516,
            0.06094904989004135
        ],
        [
            0.10177668184041977,
            0.04114682972431183,
            0.00132770836353302
        ],
        [
            0.09073993563652039,
            0.0420730821788311,
            -0.0002528056502342224
        ],
        [
            0.09190420061349869,
            0.05408386513590813,
            0.008418146520853043
        ],
        [
            0.09306424111127853,
            0.06614506244659424,
            0.015824679285287857
        ],
        [
            0.09480401873588562,
            0.07694125175476074,
            0.024291642010211945
        ],
        [
            0.10729542374610901,
            0.07753162831068039,
            0.024349629878997803
        ],
        [
            0.08391354233026505,
            0.053169507533311844,
            0.0071954913437366486
        ],
        [
            0.13346388936042786,
            0.07799999415874481,
            0.05569598451256752
        ],
        [
            0.1395234614610672,
            0.07568623125553131,
            0.05009883642196655
        ],
        [
            0.1356719434261322,
            0.07828829437494278,
            0.049292199313640594
        ],
        [
            0.08851414918899536,
            0.037411198019981384,
            0.03452059254050255
        ],
        [
            0.14465205371379852,
            0.08191971480846405,
            0.08101106435060501
        ],
        [
            0.12275449931621552,
            0.002514168620109558,
            -0.0038087069988250732
        ],
        [
            0.1145869791507721,
            0.010564573109149933,
            -0.011144418269395828
        ],
        [
            0.11776778101921082,
            0.015784267336130142,
            -0.004911985248327255
        ],
        [
            0.12638422846794128,
            0.006327465176582336,
            0.004105463624000549
        ],
        [
            0.13309504091739655,
            0.0794457197189331,
            0.08106029033660889
        ],
        [
            0.13931044936180115,
            0.07892772555351257,
            0.0825086236000061
        ],
        [
            0.09083990752696991,
            0.07755668461322784,
            0.04566675424575806
        ],
        [
            0.09415964037179947,
            0.08259686827659607,
            0.04701947793364525
        ],
        [
            0.09246879070997238,
            0.08527527749538422,
            0.04390307143330574
        ],
        [
            0.0866490826010704,
            0.0825551226735115,
            0.043502695858478546
        ],
        [
            0.08495297282934189,
            0.04092051833868027,
            -0.001013193279504776
        ],
        [
            0.07467138022184372,
            0.0779111310839653,
            0.02413776144385338
        ],
        [
            0.0838603749871254,
            0.08016355335712433,
            0.02134525217115879
        ],
        [
            0.09011226892471313,
            0.031376540660858154,
            -0.007740478962659836
        ],
        [
            0.09988702833652496,
            0.03072941303253174,
            -0.006980974227190018
        ],
        [
            0.09794852882623672,
            0.023340493440628052,
            -0.013044770807027817
        ],
        [
            0.11911097168922424,
            0.0807945504784584,
            0.03385087847709656
        ],
        [
            0.10992436856031418,
            0.04171472787857056,
            0.004384595900774002
        ],
        [
            0.10702311992645264,
            0.03029504418373108,
            -0.004110146313905716
        ],
        [
            0.10505157709121704,
            0.021437183022499084,
            -0.011243823915719986
        ],
        [
            0.10324069857597351,
            0.015630565583705902,
            -0.016987919807434082
        ],
        [
            0.09558286517858505,
            0.01824573427438736,
            -0.018266048282384872
        ],
        [
            0.14165785908699036,
            0.09290674328804016,
            0.07042354345321655
        ],
        [
            0.13420717418193817,
            0.09693537652492523,
            0.07246043533086777
        ],
        [
            0.09323700517416,
            0.013306945562362671,
            -0.025571554899215698
        ],
        [
            0.10173527896404266,
            0.010214932262897491,
            -0.023308899253606796
        ],
        [
            0.11522257328033447,
            0.028426427394151688,
            -0.0003116801381111145
        ],
        [
            0.12435822933912277,
            0.024732783436775208,
            0.005391668528318405
        ],
        [
            0.11756838113069534,
            0.03949005529284477,
            0.007922012358903885
        ],
        [
            0.1270418018102646,
            0.03714703395962715,
            0.013956468552350998
        ],
        [
            0.12934963405132294,
            0.07763149589300156,
            0.031665608286857605
        ],
        [
            0.12505091726779938,
            0.10020654648542404,
            0.08806052803993225
        ],
        [
            0.12734340131282806,
            0.0964682325720787,
            0.07779178023338318
        ],
        [
            0.12519919872283936,
            0.09114831686019897,
            0.07913126051425934
        ],
        [
            0.12228022515773773,
            0.09694515913724899,
            0.08825347572565079
        ],
        [
            0.12821142375469208,
            0.09296351671218872,
            0.07274191081523895
        ],
        [
            0.13279558718204498,
            0.09877617657184601,
            0.0776013433933258
        ],
        [
            0.13624313473701477,
            0.02998838573694229,
            0.02257036417722702
        ],
        [
            0.12804265320301056,
            0.07347604632377625,
            0.06277360767126083
        ],
        [
            0.1331450641155243,
            0.013769678771495819,
            0.01708143949508667
        ],
        [
            0.14589160680770874,
            0.02639353647828102,
            0.034665632992982864
        ],
        [
            0.14270399510860443,
            0.014130305498838425,
            0.03334677964448929
        ],
        [
            0.13035763800144196,
            -0.0031852126121520996,
            0.014234013855457306
        ],
        [
            0.13748303055763245,
            -9.517371654510498e-05,
            0.02967243269085884
        ],
        [
            0.12314038723707199,
            -0.009864673018455505,
            -0.0015978142619132996
        ],
        [
            0.1262318193912506,
            -0.005214802920818329,
            0.005367174744606018
        ],
        [
            0.14358755946159363,
            0.006440628319978714,
            0.043800197541713715
        ],
        [
            0.13101565837860107,
            0.08626050502061844,
            0.09373228251934052
        ],
        [
            0.12575295567512512,
            0.08726374059915543,
            0.09126634150743484
        ],
        [
            0.12052953988313675,
