{
    "pred_cam": [
        5.358789443969727,
        -0.1765291541814804,
        -0.05480850487947464
    ],
    "pred_mano_params": {
        "global_orient": [
            [
                [
                    -0.8737867474555969,
                    0.22691434621810913,
                    0.43012383580207825
                ],
                [
                    -0.309789776802063,
                    -0.9415088891983032,
                    -0.13263225555419922
                ],
                [
                    0.3748692572116852,
                    -0.24914027750492096,
                    0.8929737210273743
                ]
            ]
        ],
        "hand_pose": [
            [
                [
                    0.9528712630271912,
                    -0.28365063667297363,
                    -0.10760393738746643
                ],
                [
                    0.2784918546676636,
                    0.9585255980491638,
                    -0.06058814376592636
                ],
                [
                    0.12032699584960938,
                    0.02776588499546051,
                    0.9923458695411682
                ]
            ],
            [
                [
                    0.9954996705055237,
                    0.04073139280080795,
                    0.08556470274925232
                ],
                [
                    -0.027745738625526428,
                    0.9886265397071838,
                    -0.14780953526496887
                ],
                [
                    -0.090612031519413,
                    0.1447702944278717,
                    0.985307514667511
                ]
            ],
            [
                [
                    0.9924041628837585,
                    -0.1040486991405487,
                    0.06563390046358109
                ],
                [
                    0.1061168760061264,
                    0.993935227394104,
                    -0.02884409762918949
                ],
                [
                    -0.062234655022621155,
                    0.03558986634016037,
                    0.9974268078804016
                ]
            ],
            [
                [
                    0.9992209076881409,
                    -0.026107078418135643,
                    0.029598038643598557
                ],
                [
                    0.029651425778865814,
                    0.9915310740470886,
                    -0.12643977999687195
                ],
                [
                    -0.026046402752399445,
                    0.12721890211105347,
                    0.9915326833724976
                ]
            ],
            [
                [
                    0.9717237949371338,
                    -0.23303785920143127,
                    -0.03802996501326561
                ],
                [
                    0.23054096102714539,
                    0.9015678763389587,
                    0.36609601974487305
                ],
                [
                    -0.05102766677737236,
                    -0.3645116686820984,
                    0.9297997355461121
                ]
            ],
            [
                [
                    0.9254472255706787,
                    -0.35299375653266907,
                    0.13763298094272614
                ],
                [
                    0.3618454039096832,
                    0.9311574697494507,
                    -0.04487323760986328
                ],
                [
                    -0.1123180165886879,
                    0.0913296714425087,
                    0.9894662499427795
                ]
            ],
            [
                [
                    0.8717703223228455,
                    -0.3514852523803711,
                    0.34128376841545105
                ],
                [
                    0.270174115896225,
                    0.9260296821594238,
                    0.26358118653297424
                ],
                [
                    -0.40868377685546875,
                    -0.13757622241973877,
                    0.902247428894043
                ]
            ],
            [
                [
                    0.9811878204345703,
                    -0.01775789074599743,
                    -0.19223712384700775
                ],
                [
                    0.010988535359501839,
                    0.9992833137512207,
                    -0.036222707480192184
                ],
                [
                    0.19274258613586426,
                    0.033428873866796494,
                    0.9806797504425049
                ]
            ],
            [
                [
                    0.9785912036895752,
                    0.05503927171230316,
                    0.19831790030002594
                ],
                [
                    -0.09003452956676483,
                    0.9809699654579163,
                    0.17202232778072357
                ],
                [
                    -0.18507592380046844,
                    -0.1861949861049652,
                    0.9649240374565125
                ]
            ],
            [
                [
                    0.9824186563491821,
                    -0.12265701591968536,
                    0.1407434493303299
                ],
                [
                    0.13684839010238647,
                    0.9859293699264526,
                    -0.09599921852350235
                ],
                [
                    -0.12698811292648315,
                    0.11357194930315018,
                    0.9853808283805847
                ]
            ],
            [
                [
                    0.9969397783279419,
                    -0.009172584861516953,
                    -0.07763341814279556
                ],
                [
                    0.033295802772045135,
                    0.9483330249786377,
                    0.3155249059200287
                ],
                [
                    0.07072815299034119,
                    -0.3171442151069641,
                    0.9457363486289978
                ]
            ],
            [
                [
                    0.9030318260192871,
                    -0.38466548919677734,
                    0.1912224441766739
                ],
                [
                    0.3571295440196991,
                    0.9196425676345825,
                    0.1634504497051239
                ],
                [
                    -0.2387300282716751,
                    -0.07930977642536163,
                    0.9678419232368469
                ]
            ],
            [
                [
                    0.9367459416389465,
                    -0.3353269696235657,
                    0.10031362622976303
                ],
                [
                    0.18528595566749573,
                    0.23193548619747162,
                    -0.9549214839935303
                ],
                [
                    0.29694464802742004,
                    0.9131055474281311,
                    0.2793959975242615
                ]
            ],
            [
                [
                    0.9199692010879517,
                    -0.39164629578590393,
                    0.016429979354143143
                ],
                [
                    0.3374154269695282,
                    0.812523365020752,
                    0.47534897923469543
                ],
                [
                    -0.19951839745044708,
                    -0.4317626357078552,
                    0.879643976688385
                ]
            ],
            [
                [
                    0.8369733691215515,
                    -0.08856716752052307,
                    -0.5400291085243225
                ],
                [
                    -0.13023889064788818,
                    0.9262252449989319,
                    -0.3537580072879791
                ],
                [
                    0.5315198302268982,
                    0.36641883850097656,
                    0.7636909484863281
                ]
            ]
        ],
        "betas": [
            -0.11224892735481262,
            -0.02870127558708191,
            -0.01776731014251709,
            0.006871908903121948,
            0.08767494559288025,
            0.06342864036560059,
            0.09697403013706207,
            -0.05823466181755066,
            -0.03203725814819336,
            -0.06294003129005432
        ]
    },
    "pred_cam_t": [
        -0.1765291541814804,
        -0.05480850487947464,
        7.289426326751709
    ],
    "focal_length": [
        5000.0,
        5000.0
    ],
    "pred_keypoints_3d": [
        [
            0.0962977483868599,
            0.006432733498513699,
            0.006224938668310642
        ],
        [
            0.12513579428195953,
            0.025164946913719177,
            0.024261638522148132
        ],
        [
            0.134219229221344,
            0.05467790365219116,
            0.026112377643585205
        ],
        [
            0.13865283131599426,
            0.08133594691753387,
            0.022840000689029694
        ],
        [
            0.14219924807548523,
            0.10983725637197495,
            0.0023923448752611876
        ],
        [
            0.1816127449274063,
            0.03609127923846245,
            -0.007134164683520794
        ],
        [
            0.20824728906154633,
            0.05158159136772156,
            -0.01949126273393631
        ],
        [
            0.2247166931629181,
            0.06482942402362823,
            -0.026616595685482025
        ],
        [
            0.2439461052417755,
            0.08015963435173035,
            -0.033554207533597946
        ],
        [
            0.17780554294586182,
            0.03779209405183792,
            -0.032167449593544006
        ],
        [
            0.20373599231243134,
            0.046651147305965424,
            -0.04842597246170044
        ],
        [
            0.21977217495441437,
            0.06148923188447952,
            -0.05674711614847183
        ],
        [
            0.23758628964424133,
            0.07979411631822586,
            -0.06062501668930054
        ],
        [
            0.1557970643043518,
            0.039194732904434204,
            -0.04762890189886093
        ],
        [
            0.18031354248523712,
            0.04956549406051636,
            -0.05922051891684532
        ],
        [
            0.19638417661190033,
            0.06420814990997314,
            -0.07138629257678986
        ],
        [
            0.21447902917861938,
            0.08108257502317429,
            -0.07655057311058044
        ],
        [
            0.13586649298667908,
            0.0430871807038784,
            -0.05606666952371597
        ],
        [
            0.1490066945552826,
            0.057052016258239746,
            -0.06514988094568253
        ],
        [
            0.15875552594661713,
            0.07013866305351257,
            -0.07497420907020569
        ],
        [
            0.17331264913082123,
            0.08231385797262192,
            -0.0828886330127716
        ]
    ],
    "pred_vertices": [
        [
            0.14270292222499847,
            0.03700179606676102,
            0.005815524607896805
        ],
        [
            0.13218079507350922,
            0.03466750308871269,
            0.008906997740268707
        ],
        [
            0.13547325134277344,
            0.04192784056067467,
            0.010834157466888428
        ],
        [
            0.148005411028862,
            0.042160309851169586,
            0.009648235514760017
        ],
        [
            0.1134144589304924,
            0.04099564999341965,
            0.01978670433163643
        ],
        [
            0.11167195439338684,
            0.038721416145563126,
            0.03174498677253723
        ],
        [
            0.11892887949943542,
            0.052381280809640884,
            0.030476698651909828
        ],
        [
            0.11781240254640579,
            0.05256110429763794,
            0.0200966764241457
        ],
        [
            0.1516895890235901,
            0.04609593003988266,
            0.011818179860711098
        ],
        [
            0.13800141215324402,
            0.04850775748491287,
            0.012204598635435104
        ],
        [
            0.15169189870357513,
            0.047470416873693466,
            0.013075035065412521
        ],
        [
            0.16713817417621613,
            0.036237653344869614,
            0.01209316123276949
        ],
        [
            0.1640879213809967,
            0.04027126729488373,
            0.010632318444550037
        ],
        [
            0.17561179399490356,
            0.03202570974826813,
            0.008296990767121315
        ],
        [
            0.1653948277235031,
            0.026184290647506714,
            0.01403095107525587
        ],
        [
            0.17628881335258484,
            0.02368670143187046,
            0.003749161958694458
        ],
        [
            0.15338134765625,
            0.007710341364145279,
            -0.00724994670599699
        ],
        [
            0.14448079466819763,
            0.0071447379887104034,
            -0.017893582582473755
        ],
        [
            0.15740670263767242,
            0.013643937185406685,
            -0.02518306113779545
        ],
        [
            0.16503667831420898,
            0.014102466404438019,
            -0.01378108374774456
        ],
        [
            0.13988882303237915,
            0.015948377549648285,
            -0.03610222786664963
        ],
        [
            0.15031766891479492,
            0.01475297100841999,
            -0.03081205114722252
        ],
        [
            0.13744688034057617,
            0.007262472063302994,
            -0.02368197590112686
        ],
        [
            0.12861667573451996,
            0.008866880089044571,
            -0.028797201812267303
        ],
        [
            0.13062447309494019,
            0.03249222785234451,
            -0.0032345205545425415
        ],
        [
            0.12128767371177673,
            0.029865188524127007,
            0.000713275745511055
        ],
        [
            0.12634652853012085,
            0.02988862805068493,
            0.004243023693561554
        ],
        [
            0.13480421900749207,
            0.033034369349479675,
            0.0006283093243837357
        ],
        [
            0.14736396074295044,
            0.056634556502103806,
            0.021524887531995773
        ],
        [
            0.15232747793197632,
            0.038963012397289276,
            0.02464430220425129
        ],
        [
            0.15441539883613586,
            0.042445406317710876,
            0.018076898530125618
        ],
        [
            0.14462298154830933,
            0.058706652373075485,
            0.017264090478420258
        ],
        [
            0.09147471934556961,
            0.03023606538772583,
            0.004770562052726746
        ],
        [
            0.08340533822774887,
            0.020469248294830322,
            0.009827647358179092
        ],
        [
            0.08682553470134735,
            0.019172092899680138,
            0.014645921066403389
        ],
        [
            0.0938689261674881,
            0.027798306196928024,
            0.00889919139444828
        ],
        [
            0.10169988125562668,
            0.023031635209918022,
            0.02960309572517872
        ],
        [
            0.0961313545703888,
            0.015027342364192009,
            0.03011171892285347
        ],
        [
            0.09822706878185272,
            0.005063079297542572,
            0.03800627589225769
        ],
        [
            0.10615811496973038,
            0.011996550485491753,
            0.038669146597385406
        ],
        [
            0.10737693309783936,
            0.030698290094733238,
            0.030559679493308067
        ],
        [
            0.11166606843471527,
            0.023147663101553917,
            0.04006320238113403
        ],
        [
            0.11691635847091675,
            0.03372560441493988,
            0.04036145284771919
        ],
        [
            0.12420371919870377,
            0.05023864284157753,
            0.03773912787437439
        ],
        [
            0.07703638821840286,
            0.020005883648991585,
            -0.001422058790922165
        ],
        [
            0.08175980299711227,
            0.027557702735066414,
            -0.006564516574144363
        ],
        [
            0.2108745276927948,
            0.06075306981801987,
            -0.014003307558596134
        ],
        [
            0.20870013535022736,
            0.06262373924255371,
            -0.0190512016415596
        ],
        [
            0.20414841175079346,
            0.060033492743968964,
            -0.01667780801653862
        ],
        [
            0.20741096138954163,
            0.05842483043670654,
            -0.012240385636687279
        ],
        [
            0.08071090281009674,
            0.010361459106206894,
            -0.01898908242583275
        ],
        [
            0.08467583358287811,
            0.0012541748583316803,
            -0.02126045525074005
        ],
        [
            0.0780244991183281,
            7.822364568710327e-05,
            -0.018396787345409393
        ],
        [
            0.07498446106910706,
            0.008170053362846375,
            -0.014499079436063766
        ],
        [
            0.08832807093858719,
            0.013348724693059921,
            -0.024793528020381927
        ],
        [
            0.09402325004339218,
            0.0034353919327259064,
            -0.024634867906570435
        ],
        [
            0.2178928107023239,
            0.050364769995212555,
            -0.015953976660966873
        ],
        [
            0.21664473414421082,
            0.05414788797497749,
            -0.012733221985399723
        ],
        [
            0.21355096995830536,
            0.05052761361002922,
            -0.0114638926461339
        ],
        [
            0.21401825547218323,
            0.04685898870229721,
            -0.015143023803830147
        ],
        [
            0.15890853106975555,
            0.041105758398771286,
            0.007885993458330631
        ],
        [
            0.15174414217472076,
            0.03953784704208374,
            0.002907225862145424
        ],
        [
            0.1751670092344284,
            0.04423581436276436,
            -0.0011988957412540913
        ],
        [
            0.16536247730255127,
            0.04151108115911484,
            -0.0004737032577395439
        ],
        [
            0.16844043135643005,
            0.040153950452804565,
            0.005602865479886532
        ],
        [
            0.17667321860790253,
            0.04102655500173569,
            0.00414324039593339
        ],
        [
            0.14793533086776733,
            0.039426546543836594,
            -0.016603559255599976
        ],
        [
            0.13821808993816376,
            0.03541140630841255,
            -0.011085163801908493
        ],
        [
            0.14345429837703705,
            0.035754114389419556,
            -0.0069360751658678055
        ],
        [
            0.15478891134262085,
            0.04067666828632355,
            -0.01137933973222971
        ],
        [
            0.1280374377965927,
            0.038446102291345596,
            -0.02057960070669651
        ],
        [
            0.1385546177625656,
            0.041767749935388565,
            -0.0254073329269886
        ],
        [
            0.1316024661064148,
            0.04321115463972092,
            -0.030234258621931076
        ],
        [
            0.1250893920660019,
            0.041439540684223175,
            -0.025664223358035088
        ],
        [
            0.15889835357666016,
            0.046631596982479095,
            -0.03203137218952179
        ],
        [
            0.16690772771835327,
            0.046718452125787735,
            -0.03654332086443901
        ],
        [
            0.16447100043296814,
            0.046476349234580994,
            -0.03842901811003685
        ],
        [
            0.15612582862377167,
            0.04624078795313835,
            -0.03445141017436981
        ],
        [
            0.07193897664546967,
            -0.0022150129079818726,
            -0.015480227768421173
        ],
        [
            0.0701448917388916,
            0.005585771054029465,
            -0.0096508227288723
        ],
        [
            0.12215268611907959,
            0.022446321323513985,
            -0.046387337148189545
        ],
        [
            0.11275339126586914,
            0.028432581573724747,
            -0.04629802331328392
        ],
        [
            0.12090718746185303,
            0.034602582454681396,
            -0.05390126258134842
        ],
        [
            0.1286155879497528,
            0.02645154856145382,
            -0.05198811739683151
        ],
        [
            0.09198416769504547,
            -0.005860187113285065,
            -0.018744442611932755
        ],
        [
            0.08438874781131744,
            -0.007837694138288498,
            -0.017907045781612396
        ],
        [
            0.21735736727714539,
            0.048567548394203186,
            -0.021821044385433197
        ],
        [
            0.21280622482299805,
            0.04563578963279724,
            -0.020903684198856354
        ],
        [
            0.12547464668750763,
            0.02341446280479431,
            0.04260294511914253
        ],
        [
            0.13251201808452606,
            0.04507061839103699,
            0.040707431733608246
        ],
        [
            0.11714647710323334,
            0.009365387260913849,
            0.04091368243098259
        ],
        [
            0.110409677028656,
            0.0003467276692390442,
            0.03776014223694801
        ],
        [
            0.10338664054870605,
            -0.005937196314334869,
            0.03732287883758545
        ],
        [
            0.16558824479579926,
            0.04343691095709801,
            -0.007129237055778503
        ],
        [
            0.14399614930152893,
            0.036174967885017395,
            -0.0009562484920024872
        ],
        [
            0.1268075406551361,
            0.032874174416065216,
            -0.006743984296917915
        ],
        [
            0.1078917384147644,
            0.042844731360673904,
            -0.029214955866336823
        ],
        [
            0.09930196404457092,
            0.039729438722133636,
            -0.02360120788216591
        ],
        [
            0.10817430168390274,
            0.0404331311583519,
            -0.017656952142715454
        ],
        [
            0.11402617394924164,
            0.042397286742925644,
            -0.024038396775722504
        ],
        [
            0.10950084030628204,
            0.037623293697834015,
            -0.04435795545578003
        ],
        [
            0.11250585317611694,
            0.043599341064691544,
            -0.039957888424396515
        ],
        [
            0.1197843924164772,
            0.046525537967681885,
            -0.045029595494270325
        ],
        [
            0.11745971441268921,
            0.04188421368598938,
            -0.05025060474872589
        ],
        [
            0.147520050406456,
            0.05718672275543213,
            0.029115797951817513
        ],
        [
            0.14915551245212555,
            0.03709126263856888,
            0.0312785729765892
        ],
        [
            0.07893937826156616,
            0.019383735954761505,
            -0.013542331755161285
        ],
        [
            0.0749424621462822,
            0.015872284770011902,
            -0.007769044488668442
        ],
        [
            0.06984986364841461,
            0.010472647845745087,
            -0.003559395670890808
        ],
        [
            0.1072375699877739,
            0.02998317778110504,
            0.004179967567324638
        ],
        [
            0.09562063962221146,
            0.026072639971971512,
            0.0118112713098526
        ],
        [
            0.0989677757024765,
            0.02553071826696396,
            0.014915458858013153
        ],
        [
            0.11044611781835556,
            0.028043195605278015,
            0.00603296235203743
        ],
        [
            0.11987967789173126,
            0.03267134726047516,
            0.011366263031959534
        ],
        [
            0.109294094145298,
            0.03124171495437622,
            0.018717223778367043
        ],
        [
            0.1220136284828186,
            0.04204944521188736,
            0.011421725153923035
        ],
        [
            0.09019096195697784,
            0.01657174900174141,
            0.0218813456594944
        ],
        [
            0.07951706647872925,
            0.013695556670427322,
            0.019550973549485207
        ],
        [
            0.08425530791282654,
            0.011001897975802422,
            0.026737933978438377
        ],
        [
            0.07458356022834778,
            0.014166746288537979,
            0.010998416692018509
        ],
        [
            0.07100579887628555,
            0.013345509767532349,
            0.0028093531727790833
        ],
        [
            0.07745769619941711,
            -0.012813623994588852,
            -0.017085764557123184
        ],
        [
            0.08960621058940887,
            0.00787794217467308,
            0.0323789119720459
        ],
        [
            0.12228543311357498,
            0.06038356572389603,
            0.020956547930836678
        ],
        [
            0.12562626600265503,
            0.06819900870323181,
            0.022400952875614166
        ],
        [
            0.12982705235481262,
            0.06603126227855682,
            0.015997888520359993
        ],
        [
            0.12723444402217865,
            0.05841504782438278,
            0.0140986368060112
        ],
        [
            0.18420007824897766,
            0.030956516042351723,
            0.003375917673110962
        ],
        [
            0.18103250861167908,
            0.03738366812467575,
            0.005442822352051735
        ],
        [
            0.17186830937862396,
            0.03697711229324341,
            0.00970685388892889
        ],
        [
            0.09690029919147491,
            0.03525497019290924,
            -0.004397772252559662
        ],
        [
            0.08836282789707184,
            0.032916825264692307,
            -0.013471711426973343
        ],
        [
            0.17586451768875122,
            0.045749206095933914,
            -0.00792628899216652
        ],
        [
            0.21089839935302734,
            0.04318815469741821,
            -0.014630970545113087
        ],
        [
            0.21028637886047363,
            0.046952828764915466,
            -0.01028638519346714
        ],
        [
            0.19666826725006104,
            0.03720042482018471,
            -0.003300077747553587
        ],
        [
            0.19826902449131012,
            0.03330325707793236,
            -0.008622389286756516
        ],
        [
            0.1833181530237198,
            0.044534437358379364,
            -0.017042506486177444
        ],
        [
            0.1808970421552658,
            0.04669434577226639,
            -0.010710104368627071
        ],
        [
            0.18366990983486176,
            0.047004591673612595,
            -0.01270010881125927
        ],
        [
            0.18555696308612823,
            0.04659850522875786,
            -0.018904751166701317
        ],
        [
            0.15597735345363617,
            0.04740467295050621,
            -0.04247642681002617
        ],
        [
            0.14878197014331818,
            0.04708755388855934,
            -0.03904440626502037
        ],
        [
            0.1756599098443985,
            0.023517604917287827,
            -0.0204300619661808
        ],
        [
            0.18124906718730927,
            0.01887640915811062,
            -0.00898686796426773
        ],
        [
            0.17173652350902557,
            0.01625899039208889,
            -0.0038106790743768215
        ],
        [
            0.1420767605304718,
            0.040094044059515,
            -0.021274682134389877
        ],
        [
            0.15038493275642395,
            0.04402703046798706,
            -0.027019910514354706
        ],
        [
            0.14749351143836975,
            0.044382911175489426,
            -0.030048582702875137
        ],
        [
            0.16732612252235413,
            0.04438118636608124,
            -0.011804565787315369
        ],
        [
            0.17537163197994232,
            0.045823704451322556,
            -0.014150586910545826
        ],
        [
            0.1705787479877472,
            0.045057397335767746,
            -0.017243215814232826
        ],
        [
            0.16288693249225616,
            0.04356061667203903,
            -0.015216724947094917
        ],
        [
            0.1036866158246994,
            0.02191217429935932,
            -0.039404191076755524
        ],
        [
            0.0996142029762268,
            0.03275225684046745,
            -0.037391845136880875
        ],
        [
            0.21393877267837524,
            0.05780047923326492,
            -0.011859487742185593
        ],
        [
            0.2107754647731781,
            0.054770033806562424,
            -0.010354158468544483
        ],
        [
            0.13267211616039276,
            0.03613220527768135,
            -0.01573687419295311
        ],
        [
            0.15984252095222473,
            0.012356281280517578,
            0.0022800778970122337
        ],
        [
            0.12271672487258911,
            0.033763907849788666,
            -0.010417541489005089
        ],
        [
            0.14699533581733704,
            0.030773432925343513,
            -0.05025423318147659
        ],
        [
            0.1451614499092102,
            0.037695448845624924,
            -0.051491059362888336
        ],
        [
            0.1517113447189331,
            0.03970184177160263,
            -0.05300235003232956
        ],
        [
            0.15404342114925385,
            0.034079551696777344,
            -0.053815990686416626
        ],
        [
            0.19802337884902954,
            0.053518444299697876,
            -0.025528158992528915
        ],
        [
            0.19800612330436707,
            0.05716937407851219,
            -0.020998984575271606
        ],
        [
            0.20232205092906952,
            0.05952942371368408,
            -0.022743739187717438
        ],
        [
            0.20279395580291748,
            0.05597645416855812,
            -0.027282774448394775
        ],
        [
            0.18158982694149017,
            0.04607100784778595,
            -0.004824348725378513
        ],
        [
            0.1835096776485443,
            0.0432601124048233,
            0.0007310118526220322
        ],
        [
            0.1885775774717331,
            0.04612350836396217,
            -0.0029437646735459566
        ],
        [
            0.18585093319416046,
            0.04744827002286911,
            -0.008073123171925545
        ],
        [
            0.18808838725090027,
            0.03876456618309021,
            0.0016745165921747684
        ],
        [
            0.1928759217262268,
            0.04182494431734085,
            -0.0011743290815502405
        ],
        [
            0.20084695518016815,
            0.04784819483757019,
            -0.027484223246574402
        ],
        [
            0.20567713677883148,
            0.04232926294207573,
            -0.02529861219227314
        ],
        [
            0.19348694384098053,
            0.03448203206062317,
            -0.021076569333672523
        ],
        [
            0.19037002325057983,
            0.04190460219979286,
            -0.022458799183368683
        ],
        [
            0.1177520751953125,
            0.0010927468538284302,
            -0.021878650411963463
        ],
        [
            0.10928641259670258,
            0.004886362701654434,
            -0.02822866477072239
        ],
        [
            0.11990892887115479,
            0.012648466974496841,
            -0.03534981608390808
        ],
        [
            0.12996143102645874,
            0.019489726051688194,
            -0.0429345965385437
        ],
        [
            0.13958138227462769,
            0.026828529313206673,
            -0.048774782568216324
        ],
        [
            0.14871057868003845,
            0.021087009459733963,
            -0.04308028891682625
        ],
        [
            0.11287203431129456,
            0.015301540493965149,
            -0.03862224519252777
        ],
        [
            0.1814170926809311,
            0.03556311875581741,
            -0.022443348541855812
        ],
        [
            0.1838519275188446,
            0.028635382652282715,
            -0.01811129041016102
        ],
        [
            0.1795451045036316,
            0.02865014597773552,
            -0.022583702579140663
        ],
        [
            0.11773283779621124,
            0.03681705519556999,
            -0.015152741223573685
        ],
        [
            0.20764856040477753,
            0.05120723322033882,
            -0.008527010679244995
        ],
        [
            0.11171435564756393,
            -0.015150614082813263,
            0.0189868975430727
        ],
        [
            0.10656517744064331,
            -0.017566338181495667,
            0.006272256374359131
        ],
        [
            0.11425238102674484,
            -0.013199303299188614,
            0.005194017663598061
        ],
        [
            0.12012678384780884,
            -0.009245194494724274,
            0.019867006689310074
        ],
        [
            0.1998797059059143,
            0.05792282521724701,
            -0.01443495973944664
        ],
        [
            0.2035961002111435,
            0.05598084256052971,
            -0.009645978920161724
        ],
        [
            0.14538399875164032,
            0.04835458844900131,
            -0.04445340856909752
        ],
        [
            0.1524507701396942,
            0.047759052366018295,
            -0.047027502208948135
        ],
        [
            0.15255044400691986,
            0.046432334929704666,
            -0.05070994794368744
        ],
        [
            0.1448289453983307,
            0.048904139548540115,
            -0.04996389523148537
        ],
        [
            0.10394926369190216,
            0.006884988397359848,
            -0.030153365805745125
        ],
        [
            0.1261066049337387,
            0.03946419060230255,
            -0.05810465291142464
        ],
        [
            0.1323503702878952,
            0.031483784317970276,
            -0.056697048246860504
        ],
        [
            0.10024572908878326,
            -0.002003908157348633,
            -0.021645210683345795
        ],
        [
            0.10761871188879013,
            -0.0059312619268894196,
            -0.016356220468878746
        ],
        [
            0.0999123603105545,
            -0.010796941816806793,
            -0.01277775876224041
        ],
        [
            0.16302792727947235,
            0.02336856722831726,
            -0.03721652179956436
        ],
        [
            0.1253776252269745,
            4.1700899600982666e-05,
            -0.01767033524811268
        ],
        [
            0.11387884616851807,
            -0.006745524704456329,
            -0.011845242232084274
        ],
        [
            0.10497306287288666,
            -0.012623872607946396,
            -0.007345313206315041
        ],
        [
            0.098331019282341,
            -0.0171424001455307,
            -0.0049561429768800735
        ],
        [
            0.09343206882476807,
            -0.014574684202671051,
            -0.01108541525900364
        ],
        [
            0.20894871652126312,
            0.0419171117246151,
            -0.020596090704202652
        ],
        [
            0.20999887585639954,
            0.0461718924343586,
            -0.026782076805830002
        ],
        [
            0.08629113435745239,
            -0.020222213119268417,
            -0.01013319194316864
        ],
        [
            0.09192707389593124,
            -0.022320348769426346,
            -0.0029308944940567017
        ],
        [
            0.12054789066314697,
            -0.007300764322280884,
            -0.005355628207325935
        ],
        [
            0.12853531539440155,
            -0.006128169596195221,
            0.0037706568837165833
        ],
        [
            0.13133880496025085,
            -0.00043338537216186523,
            -0.011158252134919167
        ],
        [
            0.13995832204818726,
            0.0008872672915458679,
            -0.0029855016618967056
        ],
        [
            0.1670411080121994,
            0.018093712627887726,
            -0.029287196695804596
        ],
        [
            0.22101666033267975,
            0.05871794745326042,
            -0.03276548907160759
        ],
        [
            0.21136578917503357,
            0.05347677320241928,
            -0.030524929985404015
        ],
        [
            0.2083750069141388,
            0.05831075459718704,
            -0.02931595779955387
        ],
        [
            0.21858829259872437,
            0.06218346953392029,
            -0.03325309604406357
        ],
        [
            0.2055342197418213,
            0.050845712423324585,
            -0.02896866574883461
        ],
        [
            0.2144736498594284,
            0.04932712763547897,
            -0.027640363201498985
        ],
        [
            0.1476411074399948,
            0.006830230355262756,
            0.009983625262975693
        ],
        [
            0.17813076078891754,
            0.04478603973984718,
            -0.020844049751758575
        ],
        [
            0.13539336621761322,
            0.002126917243003845,
            0.020630858838558197
        ],
        [
            0.15624849498271942,
            0.019733469933271408,
            0.020535176619887352
        ],
        [
            0.14601197838783264,
            0.018351327627897263,
            0.02902684547007084
        ],
        [
            0.12212365865707397,
            -0.0018103532493114471,
            0.032870762050151825
        ],
        [
            0.13296449184417725,
            0.012782063335180283,
            0.03773852810263634
        ],
        [
            0.10611477494239807,
            -0.013933371752500534,
            0.030278192833065987
        ],
        [
            0.11411916464567184,
            -0.00880366936326027,
            0.02989596500992775
        ],
        [
            0.13978758454322815,
            0.03107273578643799,
            0.038928091526031494
        ],
