{
    "pred_cam": [
        9.644289016723633,
        0.0376880019903183,
        -0.01939639449119568
    ],
    "pred_mano_params": {
        "global_orient": [
            [
                [
                    0.9312475919723511,
                    -0.33825185894966125,
                    0.13551239669322968
                ],
                [
                    -0.24428382515907288,
                    -0.8554721474647522,
                    -0.4566100537776947
                ],
                [
                    0.2703762948513031,
                    0.3921135365962982,
                    -0.8792858123779297
                ]
            ]
        ],
        "hand_pose": [
            [
                [
                    0.8936589360237122,
                    -0.31984248757362366,
                    -0.3147611618041992
                ],
                [
                    0.2987123429775238,
                    0.9474332928657532,
                    -0.11463455855846405
                ],
                [
                    0.33488020300865173,
                    0.008421155624091625,
                    0.9422231316566467
                ]
            ],
            [
                [
                    0.9321123957633972,
                    -0.36112409830093384,
                    0.027493998408317566
                ],
                [
                    0.3606049418449402,
                    0.9183601140975952,
                    -0.1630297154188156
                ],
                [
                    0.033624567091464996,
                    0.16187648475170135,
                    0.9862380027770996
                ]
            ],
            [
                [
                    0.8545421361923218,
                    -0.512992799282074,
                    0.08121670037508011
                ],
                [
                    0.5145241022109985,
                    0.8574725389480591,
                    0.002397409174591303
                ],
                [
                    -0.07087095081806183,
                    0.03973926603794098,
                    0.9966935515403748
                ]
            ],
            [
                [
                    0.8593223094940186,
                    -0.4994710087776184,
                    -0.10997243225574493
                ],
                [
                    0.5021430850028992,
                    0.8647758364677429,
                    -0.0038886957336217165
                ],
                [
                    0.09704378247261047,
                    -0.051880255341529846,
                    0.9939270615577698
                ]
            ],
            [
                [
                    0.8962902426719666,
                    -0.41400986909866333,
                    -0.15893308818340302
                ],
                [
                    0.4400845468044281,
                    0.8745545744895935,
                    0.20366626977920532
                ],
                [
                    0.05467582494020462,
                    -0.25248807668685913,
                    0.9660540819168091
                ]
            ],
            [
                [
                    0.8247153759002686,
                    -0.4994656443595886,
                    0.26528963446617126
                ],
                [
                    0.5056627988815308,
                    0.8613030910491943,
                    0.04961938410997391
                ],
                [
                    -0.253277987241745,
                    0.09322521835565567,
                    0.9628911018371582
                ]
            ],
            [
                [
                    0.7222377061843872,
                    -0.5716683268547058,
                    0.3893173933029175
                ],
                [
                    0.41697266697883606,
                    0.8089788556098938,
                    0.41435134410858154
                ],
                [
                    -0.5518210530281067,
                    -0.13692542910575867,
                    0.8226450681686401
                ]
            ],
            [
                [
                    0.9427394866943359,
                    -0.30502814054489136,
                    -0.13490742444992065
                ],
                [
                    0.3297913372516632,
                    0.9129056334495544,
                    0.24050135910511017
                ],
                [
                    0.04979807138442993,
                    -0.27122145891189575,
                    0.9612278342247009
                ]
            ],
            [
                [
                    0.940312922000885,
                    -0.21931853890419006,
                    0.2602134048938751
                ],
                [
                    0.09499655663967133,
                    0.9034008383750916,
                    0.4181417226791382
                ],
                [
                    -0.32678326964378357,
                    -0.3684646785259247,
                    0.8703140020370483
                ]
            ],
            [
                [
                    0.8147016763687134,
                    -0.5513588190078735,
                    0.179623544216156
                ],
                [
                    0.5493034720420837,
                    0.8330424427986145,
                    0.06561966240406036
                ],
                [
                    -0.1858140230178833,
                    0.04520738869905472,
                    0.9815443754196167
                ]
            ],
            [
                [
                    0.9376428127288818,
                    -0.31720250844955444,
                    -0.14215689897537231
                ],
                [
                    0.34626951813697815,
                    0.8881224989891052,
                    0.30221816897392273
                ],
                [
                    0.03038838878273964,
                    -0.3325972557067871,
                    0.9425792694091797
                ]
            ],
            [
                [
                    0.7447964549064636,
                    -0.5902433395385742,
                    0.3112733066082001
                ],
                [
                    0.4996315836906433,
                    0.8024776577949524,
                    0.32618701457977295
                ],
                [
                    -0.4423196017742157,
                    -0.08742095530033112,
                    0.8925867080688477
                ]
            ],
            [
                [
                    0.9907433390617371,
                    -0.017442826181650162,
                    -0.1346229463815689
                ],
                [
                    -0.10998420417308807,
                    0.4781416952610016,
                    -0.8713690638542175
                ],
                [
                    0.07956799864768982,
                    0.8781095147132874,
                    0.47179725766181946
                ]
            ],
            [
                [
                    0.9138748645782471,
                    -0.38152071833610535,
                    -0.1388331800699234
                ],
                [
                    0.3994132876396179,
                    0.7835303544998169,
                    0.47597190737724304
                ],
                [
                    -0.07281313091516495,
                    -0.4904305636882782,
                    0.8684331178665161
                ]
            ],
            [
                [
                    0.957541286945343,
                    0.2437327653169632,
                    0.15397751331329346
                ],
                [
                    -0.20755812525749207,
                    0.9534952640533447,
                    -0.2185550481081009
                ],
                [
                    -0.2000858634710312,
                    0.17731618881225586,
                    0.9635998010635376
                ]
            ]
        ],
        "betas": [
            0.04655519127845764,
            -0.023395448923110962,
            -0.062426745891571045,
            0.061426371335983276,
            -0.03343111276626587,
            0.0328734889626503,
            0.042470574378967285,
            -0.05855715274810791,
            -0.03296025097370148,
            -0.05586522817611694
        ]
    },
    "pred_cam_t": [
        -0.0376880019903183,
        -0.01939639449119568,
        4.050324440002441
    ],
    "focal_length": [
        5000.0,
        5000.0
    ],
    "pred_keypoints_3d": [
        [
            0.09553855657577515,
            0.006365758832544088,
            0.006179351359605789
        ],
        [
            0.08187954872846603,
            0.013744605705142021,
            -0.02900376170873642
        ],
        [
            0.06829539686441422,
            0.03000260330736637,
            -0.0512591190636158
        ],
        [
            0.05296575650572777,
            0.048226550221443176,
            -0.06412152945995331
        ],
        [
            0.03655490651726723,
            0.06561774760484695,
            -0.09156712889671326
        ],
        [
            0.018133610486984253,
            0.02291993238031864,
            -0.03772159293293953
        ],
        [
            -0.010006709024310112,
            0.03983759880065918,
            -0.04079602286219597
        ],
        [
            -0.019887350499629974,
            0.05948198586702347,
            -0.0436069518327713
        ],
        [
            -0.020260533317923546,
            0.08400996774435043,
            -0.04870286583900452
        ],
        [
            0.007541388273239136,
            0.03229320049285889,
            -0.016978740692138672
        ],
        [
            -0.014081986621022224,
            0.05481012538075447,
            -0.02214960753917694
        ],
        [
            -0.017542850226163864,
            0.07713593542575836,
            -0.02749800495803356
        ],
        [
            -0.014441202394664288,
            0.09795912355184555,
            -0.04159073531627655
        ],
        [
            0.017255477607250214,
            0.04185931012034416,
            0.005926039069890976
        ],
        [
            -0.0012682229280471802,
            0.059901732951402664,
            -0.006725792773067951
        ],
        [
            -0.005079485476016998,
            0.0829695388674736,
            -0.014823547564446926
        ],
        [
            9.786896407604218e-05,
            0.09941568970680237,
            -0.03240317106246948
        ],
        [
            0.02905813604593277,
            0.05128335952758789,
            0.021562349051237106
        ],
        [
            0.01708786003291607,
            0.06626895070075989,
            0.012921169400215149
        ],
        [
            0.014342278242111206,
            0.08275188505649567,
            0.004112588241696358
        ],
        [
            0.015125690959393978,
            0.09526844322681427,
            -0.011403602547943592
        ]
    ],
    "pred_vertices": [
        [
            0.05704387277364731,
            0.025582391768693924,
            -0.02814171463251114
        ],
        [
            0.06698785722255707,
            0.024461954832077026,
            -0.024802513420581818
        ],
        [
            0.06285864859819412,
            0.028267497196793556,
            -0.03264465183019638
        ],
        [
            0.05371399596333504,
            0.02714860811829567,
            -0.03655961528420448
        ],
        [
            0.08397912234067917,
            0.0329853817820549,
            -0.03022175282239914
        ],
        [
            0.0928526222705841,
            0.028391676023602486,
            -0.037204332649707794
        ],
        [
            0.08235976099967957,
            0.03609113767743111,
            -0.04728185757994652
        ],
        [
            0.07714227586984634,
            0.03974960371851921,
            -0.0392712838947773
        ],
        [
            0.05024942755699158,
            0.027542009949684143,
            -0.042802803218364716
        ],
        [
            0.05961250513792038,
            0.031849153339862823,
            -0.03896673396229744
        ],
        [
            0.049462780356407166,
            0.025495290756225586,
            -0.045075975358486176
        ],
        [
            0.03891856223344803,
            0.015675324946641922,
            -0.04624652862548828
        ],
        [
            0.041086915880441666,
            0.021955570206046104,
            -0.04473290592432022
        ],
        [
            0.03052205592393875,
            0.013281414285302162,
            -0.04574142023921013
        ],
        [
            0.04208824783563614,
            0.0058929771184921265,
            -0.04271034151315689
        ],
        [
            0.02755565196275711,
            0.006844246760010719,
            -0.03943285346031189
        ],
        [
            0.04096490144729614,
            0.001004200428724289,
            -0.013294633477926254
        ],
        [
            0.04226554185152054,
            0.005423074588179588,
            -0.000365210697054863
        ],
        [
            0.026606522500514984,
            0.010994700714945793,
            -0.003328947350382805
        ],
        [
            0.027127016335725784,
            0.006734324619174004,
            -0.016472600400447845
        ],
        [
            0.03530015051364899,
            0.019571833312511444,
            0.013491131365299225
        ],
        [
            0.02959725633263588,
            0.01504642702639103,
            0.004257336258888245
        ],
        [
            0.04487447440624237,
            0.008459404110908508,
            0.007690399885177612
        ],
        [
            0.04931359365582466,
            0.012929698452353477,
            0.01572219282388687
        ],
        [
            0.062408652156591415,
            0.027245905250310898,
            -0.012976140715181828
        ],
        [
            0.07257628440856934,
            0.02545616216957569,
            -0.010040334425866604
        ],
        [
            0.0704725980758667,
            0.023363763466477394,
            -0.015336439944803715
        ],
        [
            0.06111638993024826,
            0.025629796087741852,
            -0.01827980950474739
        ],
        [
            0.05445311218500137,
            0.027002686634659767,
            -0.05364031717181206
        ],
        [
            0.05660395324230194,
            0.013153742998838425,
            -0.05019483342766762
        ],
        [
            0.05078369751572609,
            0.017854109406471252,
            -0.04773934930562973
        ],
        [
            0.05361015349626541,
            0.0316007062792778,
            -0.05042470246553421
        ],
        [
            0.09888124465942383,
            0.02988266758620739,
            0.0019983816891908646
        ],
        [
            0.10824241489171982,
            0.020792674273252487,
            0.005499010905623436
        ],
        [
            0.10816947370767593,
            0.017793191596865654,
            0.00043795444071292877
        ],
        [
            0.09934627264738083,
            0.026287546381354332,
            -0.0014779549092054367
        ],
        [
            0.10463832318782806,
            0.016376059502363205,
            -0.021116340532898903
        ],
        [
            0.10934947431087494,
            0.008818114176392555,
            -0.015034090727567673
        ],
        [
            0.11180465668439865,
            -0.003803616389632225,
            -0.01891743578016758
        ],
        [
            0.1056106835603714,
            0.0010501556098461151,
            -0.02611781470477581
        ],
        [
            0.0986548513174057,
            0.023067494854331017,
            -0.029288597404956818
        ],
        [
            0.10126285254955292,
            0.010765668004751205,
            -0.03502711281180382
        ],
        [
            0.09469207376241684,
            0.019026892259716988,
            -0.04347846657037735
        ],
        [
            0.0832698866724968,
            0.0293439831584692,
            -0.05348711833357811
        ],
        [
            0.1072857454419136,
            0.024566080421209335,
            0.0176808200776577
        ],
        [
            0.10059745609760284,
            0.03219721093773842,
            0.016707200556993484
        ],
        [
            -0.006120036356151104,
            0.04757985472679138,
            -0.04871804267168045
        ],
        [
            -0.00510344048961997,
            0.05027090758085251,
            -0.04354739561676979
        ],
        [
            -0.0017775846645236015,
            0.04731147736310959,
            -0.043701011687517166
        ],
        [
            -0.0035255486145615578,
            0.04488290846347809,
            -0.048662327229976654
        ],
        [
            0.09448837488889694,
            0.01981690712273121,
            0.03254612535238266
        ],
        [
            0.08988708257675171,
            0.011270582675933838,
            0.03521861135959625
        ],
        [
            0.09692709147930145,
            0.01051713153719902,
            0.036885663866996765
        ],
        [
            0.10167133808135986,
            0.01750981993973255,
            0.03280026093125343
        ],
        [
            0.08502491563558578,
            0.022889582440257072,
            0.032087311148643494
        ],
        [
            0.0803351104259491,
            0.01263337954878807,
            0.03221600502729416
        ],
        [
            -0.016851145774126053,
            0.04069482907652855,
            -0.047862812876701355
        ],
        [
            -0.01333858072757721,
            0.04281027615070343,
            -0.05100540816783905
        ],
        [
            -0.011210104450583458,
            0.03822804242372513,
            -0.050193123519420624
        ],
        [
            -0.014054706320166588,
            0.035851020365953445,
            -0.046310652047395706
        ],
        [
            0.04461090266704559,
            0.025869470089673996,
            -0.03970732539892197
        ],
        [
            0.048184387385845184,
            0.02784094586968422,
            -0.03127213194966316
        ],
        [
            0.02705703303217888,
            0.029826462268829346,
            -0.04190065339207649
        ],
        [
            0.03526310622692108,
            0.02863902412354946,
            -0.03635583072900772
        ],
        [
            0.03579576313495636,
            0.02473158948123455,
            -0.04241932928562164
        ],
        [
            0.028217192739248276,
            0.024948768317699432,
            -0.0458458736538887
        ],
        [
            0.04083402827382088,
            0.03449707478284836,
            -0.013965878635644913
        ],
        [
            0.05180037394165993,
            0.03094477951526642,
            -0.01186292339116335
        ],
        [
            0.049759745597839355,
            0.029080087319016457,
            -0.017902879044413567
        ],
        [
            0.03806125000119209,
            0.03298214450478554,
            -0.02199804224073887
        ],
        [
            0.05503731220960617,
            0.03817185014486313,
            -0.0001651151105761528
        ],
        [
            0.043812211602926254,
            0.04069886729121208,
            -0.00299282930791378
        ],
        [
            0.04694962128996849,
            0.044490233063697815,
            0.00398069666698575
        ],
        [
            0.05474143102765083,
            0.042836278676986694,
            0.004364599473774433
        ],
        [
            0.024510763585567474,
            0.04283949360251427,
            -0.010233101435005665
        ],
        [
            0.017520103603601456,
            0.043624989688396454,
            -0.011549403890967369
        ],
        [
            0.018035832792520523,
            0.045246824622154236,
            -0.009056814014911652
        ],
        [
            0.02552814595401287,
            0.04404378682374954,
            -0.006870171055197716
        ],
        [
            0.103536456823349,
            0.008615382015705109,
            0.03857201710343361
        ],
        [
            0.10831810534000397,
            0.014574091881513596,
            0.03242845833301544
        ],
        [
            0.0445546917617321,
            0.031543195247650146,
            0.0287778377532959
        ],
        [
            0.05270987004041672,
            0.0385172963142395,
            0.03151397407054901
        ],
        [
            0.04129450395703316,
            0.04510967433452606,
            0.031194087117910385
        ],
        [
            0.035356853157281876,
            0.035593025386333466,
            0.02859310805797577
        ],
        [
            0.08520379662513733,
            0.002684392035007477,
            0.031784024089574814
        ],
        [
            0.09189336746931076,
            0.0019002333283424377,
            0.03576909005641937
        ],
        [
            -0.018815988674759865,
            0.040571555495262146,
            -0.041970498859882355
        ],
        [
            -0.015450443141162395,
            0.036210305988788605,
            -0.040342092514038086
        ],
        [
            0.09118018299341202,
            0.00558134913444519,
            -0.043709561228752136
        ],
        [
            0.08000536262989044,
            0.020408309996128082,
            -0.056243278086185455
        ],
        [
            0.0981035828590393,
            -0.0041142720729112625,
            -0.032008036971092224
        ],
        [
            0.1019553393125534,
            -0.010262001305818558,
            -0.022911230102181435
        ],
        [
            0.10728833079338074,
            -0.014957290142774582,
            -0.017111528664827347
        ],
        [
            0.03171483799815178,
            0.03227550908923149,
            -0.03197529911994934
        ],
        [
            0.052567966282367706,
            0.02745959348976612,
            -0.022966943681240082
        ],
        [
            0.06358077377080917,
            0.02937033213675022,
            -0.008428867906332016
        ],
        [
            0.06687811017036438,
            0.04810284450650215,
            0.01572197861969471
        ],
        [
            0.07695357501506805,
            0.04520459473133087,
            0.016863921657204628
        ],
        [
            0.07297562062740326,
            0.04264562949538231,
            0.007311029359698296
        ],
        [
            0.06471650302410126,
            0.045187581330537796,
            0.00858793593943119
        ],
        [
            0.05679068714380264,
            0.04707086831331253,
            0.028625644743442535
        ],
        [
            0.05710681900382042,
            0.0508301816880703,
            0.021601349115371704
        ],
        [
            0.048561420291662216,
            0.05350588634610176,
            0.02096647210419178
        ],
        [
            0.046862028539180756,
            0.051164865493774414,
            0.027850080281496048
        ],
        [
            0.05821305885910988,
            0.02467304654419422,
            -0.05978531762957573
        ],
        [
            0.06307189166545868,
            0.010331675410270691,
            -0.053078487515449524
        ],
        [
            0.0990212932229042,
            0.02701328694820404,
            0.0262883473187685
        ],
        [
            0.10547373443841934,
            0.022825105115771294,
            0.025064531713724136
        ],
        [
            0.11197321861982346,
            0.017508644610643387,
            0.026259519159793854
        ],
        [
            0.08609989285469055,
            0.02745375782251358,
            -0.005353275686502457
        ],
        [
            0.09973606467247009,
            0.023887010291218758,
            -0.003965090960264206
        ],
        [
            0.09906719624996185,
            0.022539179772138596,
            -0.007994448766112328
        ],
        [
            0.08487305045127869,
            0.024959012866020203,
            -0.007669057697057724
        ],
        [
            0.07763714343309402,
            0.02635134756565094,
            -0.02084367536008358
        ],
        [
            0.09091626852750778,
            0.026697002351284027,
            -0.02073802426457405
        ],
        [
            0.07218389213085175,
            0.03246595710515976,
            -0.028216829523444176
        ],
        [
            0.1096409410238266,
            0.013158608227968216,
            -0.006032625213265419
        ],
        [
            0.11683623492717743,
            0.012570392340421677,
            0.0022028330713510513
        ],
        [
            0.11695799231529236,
            0.007329065352678299,
            -0.004939300939440727
        ],
        [
            0.11615639925003052,
            0.016168853268027306,
            0.011264858767390251
        ],
        [
            0.11456503719091415,
            0.018247079104185104,
            0.019759103655815125
        ],
        [
            0.09798888117074966,
            -0.0017792172729969025,
            0.040417179465293884
        ],
        [
            0.11563274264335632,
            0.001840587705373764,
            -0.011027591302990913
        ],
        [
            0.07183962315320969,
            0.04321923479437828,
            -0.04649440199136734
        ],
        [
            0.06704756617546082,
            0.046398285776376724,
            -0.05265457183122635
        ],
        [
            0.06146879494190216,
            0.044447120279073715,
            -0.04809623956680298
        ],
        [
            0.06514786928892136,
            0.04104054346680641,
            -0.04212106391787529
        ],
        [
            0.02055269107222557,
            0.013966289348900318,
            -0.04568551108241081
        ],
        [
            0.024758819490671158,
            0.02017679251730442,
            -0.04789967089891434
        ],
        [
            0.034660350531339645,
            0.018972836434841156,
            -0.04654994606971741
        ],
        [
            0.08944879472255707,
            0.03612019494175911,
            0.004594449885189533
        ],
        [
            0.09144104272127151,
            0.037974826991558075,
            0.016886217519640923
        ],
        [
            0.023367051035165787,
            0.032949939370155334,
            -0.03722400218248367
        ],
        [
            -0.010953668504953384,
            0.03165983408689499,
            -0.04482894763350487
        ],
        [
            -0.007893379777669907,
            0.034031931310892105,
            -0.0493161603808403
        ],
        [
            0.006563864182680845,
            0.022788874804973602,
            -0.04735364764928818
        ],
        [
            0.0024892110377550125,
            0.02021685615181923,
            -0.04252602532505989
        ],
        [
            0.013254847377538681,
            0.033408842980861664,
            -0.03221627697348595
        ],
        [
            0.01821260340511799,
            0.03410729020833969,
            -0.03685756400227547
        ],
        [
            0.015249354764819145,
            0.034663714468479156,
            -0.0358886756002903
        ],
        [
            0.011072155088186264,
            0.03558321297168732,
            -0.030979184433817863
        ],
        [
            0.02273476868867874,
            0.04860719293355942,
            -0.001724081113934517
        ],
        [
            0.02941843494772911,
            0.0473928265273571,
            0.00018966710194945335
        ],
        [
            0.01457379013299942,
            0.015499314293265343,
            -0.02012345939874649
        ],
        [
            0.01629713550209999,
            0.006891461089253426,
            -0.030434463173151016
        ],
        [
            0.027395762503147125,
            0.0036193616688251495,
            -0.028407756239175797
        ],
        [
            0.043123405426740646,
            0.03741441294550896,
            -0.007498566061258316
        ],
        [
            0.03334116190671921,
            0.0410136915743351,
            -0.008683723397552967
        ],
        [
            0.034185994416475296,
            0.042698848992586136,
            -0.0049683088436722755
        ],
        [
            0.027903012931346893,
            0.03411697596311569,
            -0.02949102222919464
        ],
        [
            0.020736198872327805,
            0.03466213494539261,
            -0.03207344189286232
        ],
        [
            0.022598979994654655,
            0.0354338176548481,
            -0.02719409205019474
        ],
        [
            0.02946242317557335,
            0.035168539732694626,
            -0.024198684841394424
        ],
        [
            0.06419752538204193,
            0.032198868691921234,
            0.03278324753046036
        ],
        [
            0.06888438016176224,
            0.042448416352272034,
            0.02973964810371399
        ],
        [
            -0.009277544915676117,
            0.04510477930307388,
            -0.05134331434965134
        ],
        [
            -0.007005355320870876,
            0.04146537184715271,
            -0.051033589988946915
        ],
        [
            0.05383845791220665,
            0.03387662023305893,
            -0.005596008151769638
        ],
        [
            0.04108523949980736,
            0.0001981593668460846,
            -0.025371389463543892
        ],
        [
            0.06492509692907333,
            0.0319523885846138,
            -0.0037453584372997284
        ],
        [
            0.02184974029660225,
            0.03714463859796524,
            0.015146108344197273
        ],
        [
            0.023626253008842468,
            0.044650670140981674,
            0.014209295623004436
        ],
        [
            0.018857276067137718,
            0.047422729432582855,
            0.010739922523498535
        ],
        [
            0.015279076993465424,
            0.04259871318936348,
            0.01168979424983263
        ],
        [
            -0.0014987904578447342,
            0.043575551360845566,
            -0.03205190971493721
        ],
        [
            0.0008328212425112724,
            0.0458860918879509,
            -0.036750197410583496
        ],
        [
            -0.0024533020332455635,
            0.048211485147476196,
            -0.037540171295404434
        ],
        [
            -0.00547454971820116,
            0.046343132853507996,
            -0.03295200690627098
        ],
        [
            0.02008429355919361,
            0.032093342393636703,
            -0.042002979665994644
        ],
        [
            0.020695429295301437,
            0.02776431292295456,
            -0.046790193766355515
        ],
        [
            0.014805011451244354,
            0.031473804265260696,
            -0.04628702998161316
        ],
        [
            0.01521434634923935,
            0.03401036560535431,
            -0.040960799902677536
        ],
        [
            0.016748469322919846,
            0.022927159443497658,
            -0.04826536029577255
        ],
        [
            0.011287180706858635,
            0.0267828069627285,
            -0.04856034740805626
        ],
        [
            -0.0058027226477861404,
            0.03909032419323921,
            -0.030170900747179985
        ],
        [
            -0.010451596230268478,
            0.03387478366494179,
            -0.03296423703432083
        ],
        [
            0.0018084710463881493,
            0.024423768743872643,
            -0.02964108996093273
        ],
        [
            0.004892225377261639,
            0.03172564506530762,
            -0.028560839593410492
        ],
        [
            0.06221316382288933,
            0.005607876926660538,
            0.01852901466190815
        ],
        [
            0.065730519592762,
            0.012384604662656784,
            0.02660122700035572
        ],
        [
            0.052875980734825134,
            0.01976468600332737,
            0.024137092754244804
        ],
        [
            0.039841774851083755,
            0.026533499360084534,
            0.02276969887316227
        ],
        [
            0.028038309887051582,
            0.033154286444187164,
            0.02010483667254448
        ],
        [
            0.023225940763950348,
            0.024721749126911163,
            0.012736450880765915
        ],
        [
            0.05693573132157326,
            0.024322042241692543,
            0.02952619083225727
        ],
        [
            0.010716422460973263,
            0.027952594682574272,
            -0.026042615994811058
        ],
        [
            0.01000539492815733,
            0.018685583025217056,
            -0.02737097069621086
        ],
        [
            0.01045898161828518,
            0.02193397283554077,
            -0.022932132706046104
        ],
        [
            0.06645805388689041,
            0.03695720061659813,
            0.001553134061396122
        ],
        [
            -0.003919004462659359,
            0.037470493465662,
            -0.05062044411897659
        ],
        [
            0.09000542759895325,
            -0.02000384032726288,
            -0.004256729036569595
        ],
        [
            0.08695713430643082,
            -0.017717931419610977,
            0.00879504531621933
        ],
        [
            0.08010199666023254,
            -0.014673793688416481,
            0.004225693643093109
        ],
        [
            0.08385977894067764,
            -0.01639457792043686,
            -0.010954158380627632
        ],
        [
            0.0016541201621294022,
            0.04510684683918953,
            -0.04349420592188835
        ],
        [
            0.00011766981333494186,
            0.042073726654052734,
            -0.04888341948390007
        ],
        [
            0.029592115432024002,
            0.05116494372487068,
            0.005452468991279602
        ],
        [
            0.023155704140663147,
            0.05148640647530556,
            0.003212438430637121
        ],
        [
            0.021078746765851974,
            0.05200062319636345,
            0.0061964672058820724
        ],
        [
            0.027244195342063904,
            0.05430351942777634,
            0.009121248498558998
        ],
        [
            0.0690796822309494,
            0.015683721750974655,
            0.030239898711442947
        ],
        [
            0.03495122119784355,
            0.05108006298542023,
            0.029117397964000702
        ],
        [
            0.029781119897961617,
            0.041844017803668976,
            0.02766646258533001
        ],
        [
            0.07682222127914429,
            0.005684856325387955,
            0.028443869203329086
        ],
        [
            0.07361088693141937,
            -0.0007282942533493042,
            0.02181648276746273
        ],
        [
            0.08189301937818527,
            -0.0049567557871341705,
            0.024689873680472374
        ],
        [
            0.015585113316774368,
            0.0230304766446352,
            -0.00045936647802591324
        ],
        [
            0.05826500430703163,
            0.002159811556339264,
            0.011638619005680084
        ],
        [
            0.07093751430511475,
            -0.003810778260231018,
            0.015351200476288795
        ],
        [
            0.08071401715278625,
            -0.009014870971441269,
            0.018477866426110268
        ],
        [
            0.08744260668754578,
            -0.012816883623600006,
            0.021594766527414322
        ],
        [
            0.08813270926475525,
            -0.00785156711935997,
            0.02800823003053665
        ],
        [
            -0.011803391389548779,
            0.03216904029250145,
            -0.038513198494911194
        ],
        [
            -0.014692778699100018,
            0.03850778192281723,
            -0.03407306969165802
        ],
        [
            0.09446951001882553,
            -0.012164376676082611,
            0.03286704793572426
        ],
        [
            0.09378048777580261,
            -0.017125092446804047,
            0.02506820112466812
        ],
        [
            0.06904827058315277,
            -0.00726926326751709,
            0.0070268455892801285
        ],
        [
            0.06780119240283966,
            -0.010434694588184357,
            -0.004163157194852829
        ],
        [
            0.05694487690925598,
            -0.0011773258447647095,
            0.0036957357078790665
        ],
        [
            0.05449484661221504,
            -0.004003018140792847,
            -0.0073633696883916855
        ],
        [
            0.01492142491042614,
            0.014258811250329018,
            -0.006598072126507759
        ],
        [
            -0.02148441970348358,
            0.05520221218466759,
            -0.03550432622432709
        ],
        [
            -0.014974256977438927,
            0.04656241834163666,
            -0.03266672417521477
        ],
        [
            -0.009949307888746262,
            0.04942450672388077,
            -0.03347669541835785
        ],
        [
            -0.01778005249798298,
            0.05717962980270386,
            -0.03445122763514519
        ],
        [
            -0.009928178042173386,
            0.04275510460138321,
            -0.03137299418449402
        ],
        [
            -0.01810467801988125,
            0.04288794472813606,
            -0.03569328412413597
        ],
        [
            0.0557510107755661,
            -0.004831282421946526,
            -0.02288329042494297
        ],
        [
            0.015581410378217697,
            0.035619061440229416,
            -0.028500424697995186
        ],
        [
            0.07226452231407166,
            -0.009937722235918045,
            -0.02271808125078678
        ],
        [
            0.05386817455291748,
            -0.0003915727138519287,
            -0.04029325395822525
        ],
        [
            0.06729771941900253,
            -0.0018656905740499496,
            -0.041005294770002365
        ],
        [
            0.08981887996196747,
            -0.01381051167845726,
            -0.02389356680214405
        ],
        [
            0.08338837325572968,
            -0.00530686229467392,
            -0.0385633260011673
        ],
        [
            0.10090457648038864,
            -0.0210990272462368,
            -0.010417811572551727
        ],
        [
            0.0944407507777214,
            -0.017662812024354935,
