{
    "pred_cam": [
        5.248868942260742,
        -0.16250984370708466,
        -0.04862347990274429
    ],
    "pred_mano_params": {
        "global_orient": [
            [
                [
                    -0.9050532579421997,
                    0.3665992319583893,
                    0.2156009078025818
                ],
                [
                    -0.391457736492157,
                    -0.9162295460700989,
                    -0.08534780144691467
                ],
                [
                    0.16625149548053741,
                    -0.16164293885231018,
                    0.9727446436882019
                ]
            ]
        ],
        "hand_pose": [
            [
                [
                    0.9271135926246643,
                    -0.2696681320667267,
                    -0.26026782393455505
                ],
                [
                    0.2640553414821625,
                    0.9628223180770874,
                    -0.05699194222688675
                ],
                [
                    0.26596054434776306,
                    -0.015887094661593437,
                    0.9638529419898987
                ]
            ],
            [
                [
                    0.9951463937759399,
                    -0.024790268391370773,
                    0.09523206949234009
                ],
                [
                    0.0373845100402832,
                    0.9904332160949707,
                    -0.13283288478851318
                ],
                [
                    -0.09102802723646164,
                    0.13574835658073425,
                    0.9865528345108032
                ]
            ],
            [
                [
                    0.992209255695343,
                    -0.1064097136259079,
                    0.06479088217020035
                ],
                [
                    0.0942700207233429,
                    0.9812771677970886,
                    0.16795331239700317
                ],
                [
                    -0.08144967257976532,
                    -0.1605369746685028,
                    0.9836635589599609
                ]
            ],
            [
                [
                    0.9707083106040955,
                    -0.240195631980896,
                    -0.005610872525721788
                ],
                [
                    0.23949049413204193,
                    0.9691997170448303,
                    -0.05741206184029579
                ],
                [
                    0.01922818273305893,
                    0.05438661202788353,
                    0.9983347654342651
                ]
            ],
            [
                [
                    0.9956997632980347,
                    -0.08929257839918137,
                    -0.024671748280525208
                ],
                [
                    0.09226805716753006,
                    0.9321181774139404,
                    0.35020315647125244
                ],
                [
                    -0.008273531682789326,
                    -0.3509736657142639,
                    0.9363486766815186
                ]
            ],
            [
                [
                    0.9605239629745483,
                    -0.2281036078929901,
                    0.15925565361976624
                ],
                [
                    0.23522739112377167,
                    0.9715608954429626,
                    -0.027157602831721306
                ],
                [
                    -0.14853180944919586,
                    0.06354682147502899,
                    0.9868637323379517
                ]
            ],
            [
                [
                    0.8997439742088318,
                    -0.041003819555044174,
                    0.4344877004623413
                ],
                [
                    0.04307376220822334,
                    0.9990590214729309,
                    0.005086151883006096
                ],
                [
                    -0.43428733944892883,
                    0.014138786122202873,
                    0.9006634950637817
                ]
            ],
            [
                [
                    0.980582594871521,
                    -0.01470318716019392,
                    -0.1955544650554657
                ],
                [
                    0.04414959251880646,
                    0.9881377220153809,
                    0.14708715677261353
                ],
                [
                    0.19107210636138916,
                    -0.15286476910114288,
                    0.9695997834205627
                ]
            ],
            [
                [
                    0.9656901359558105,
                    -0.022710425779223442,
                    0.2587019205093384
                ],
                [
                    -0.001717982697300613,
                    0.9955884218215942,
                    0.09381210058927536
                ],
                [
                    -0.25969117879867554,
                    -0.09103789925575256,
                    0.9613909125328064
                ]
            ],
            [
                [
                    0.9576999545097351,
                    -0.20034372806549072,
                    0.20657481253147125
                ],
                [
                    0.2319806069135666,
                    0.9622635841369629,
                    -0.1422453671693802
                ],
                [
                    -0.17028145492076874,
                    0.18414972722530365,
                    0.9680356383323669
                ]
            ],
            [
                [
                    0.9964970946311951,
                    0.04939692094922066,
                    -0.06747959554195404
                ],
                [
                    -0.02353006787598133,
                    0.939923882484436,
                    0.3405722677707672
                ],
                [
                    0.0802488923072815,
                    -0.33779147267341614,
                    0.9377937316894531
                ]
            ],
            [
                [
                    0.9271087050437927,
                    -0.295209676027298,
                    0.23091262578964233
                ],
                [
                    0.2625790238380432,
                    0.9512380361557007,
                    0.16185946762561798
                ],
                [
                    -0.26743534207344055,
                    -0.08942852914333344,
                    0.959416925907135
                ]
            ],
            [
                [
                    0.9119513630867004,
                    -0.3921816647052765,
                    0.1205747202038765
                ],
                [
                    0.20200663805007935,
                    0.17337992787361145,
                    -0.9639153480529785
                ],
                [
                    0.3571246564388275,
                    0.9034008383750916,
                    0.2373373657464981
                ]
            ],
            [
                [
                    0.9436068534851074,
                    -0.3123737871646881,
                    0.10967559367418289
                ],
                [
                    0.2075604498386383,
                    0.816269040107727,
                    0.5390951633453369
                ],
                [
                    -0.25792396068573,
                    -0.48592954874038696,
                    0.8350735306739807
                ]
            ],
            [
                [
                    0.9755527377128601,
                    -0.1730114221572876,
                    -0.13551363348960876
                ],
                [
                    0.14726939797401428,
                    0.9723517894744873,
                    -0.18122830986976624
                ],
                [
                    0.16312149167060852,
                    0.1568407565355301,
                    0.9740597605705261
                ]
            ]
        ],
        "betas": [
            -0.02266177535057068,
            -0.05515441298484802,
            -0.020549774169921875,
            -0.04169526696205139,
            0.04252484440803528,
            0.11727047711610794,
            0.11055763065814972,
            -0.048287659883499146,
            -0.021220877766609192,
            -0.05759081244468689
        ]
    },
    "pred_cam_t": [
        -0.16250984370708466,
        -0.04862347990274429,
        7.442079544067383
    ],
    "focal_length": [
        5000.0,
        5000.0
    ],
    "pred_keypoints_3d": [
        [
            0.0958828330039978,
            0.006387216039001942,
            0.006221693940460682
        ],
        [
            0.11762518435716629,
            0.02776353433728218,
            0.029848676174879074
        ],
        [
            0.12165801227092743,
            0.05821971595287323,
            0.0309896357357502
        ],
        [
            0.12439533323049545,
            0.08516927063465118,
            0.030081503093242645
        ],
        [
            0.12433601915836334,
            0.12019076943397522,
            0.02766505442559719
        ],
        [
            0.17833968997001648,
            0.043961770832538605,
            0.01250296737998724
        ],
        [
            0.20409522950649261,
            0.06156579405069351,
            0.0015171002596616745
        ],
        [
            0.2186574637889862,
            0.07717150449752808,
            -0.004651145078241825
        ],
        [
            0.23541156947612762,
            0.09504830837249756,
            -0.010143034160137177
        ],
        [
            0.18049830198287964,
            0.045184388756752014,
            -0.012609208934009075
        ],
        [
            0.20501719415187836,
            0.06265027821063995,
            -0.022789902985095978
        ],
        [
            0.2194334715604782,
            0.08009697496891022,
            -0.02834128960967064
        ],
        [
            0.23696601390838623,
            0.09907542169094086,
            -0.030261768028140068
        ],
        [
            0.1628919243812561,
            0.0443652868270874,
            -0.03274998441338539
        ],
        [
            0.18751274049282074,
            0.05909803509712219,
            -0.03659673407673836
        ],
        [
            0.20453354716300964,
            0.07556501030921936,
            -0.04402410238981247
        ],
        [
            0.22296880185604095,
            0.0927787572145462,
            -0.04449615627527237
        ],
        [
            0.14536166191101074,
            0.04619260132312775,
            -0.045709606260061264
        ],
        [
            0.16303633153438568,
            0.05533327907323837,
            -0.05279143527150154
        ],
        [
            0.17647191882133484,
            0.06601203233003616,
            -0.06082816794514656
        ],
        [
            0.1932470202445984,
            0.0752594918012619,
            -0.06426498293876648
        ]
    ],
    "pred_vertices": [
        [
            0.13763511180877686,
            0.04105604067444801,
            0.01565646007657051
        ],
        [
            0.12692123651504517,
            0.03754834085702896,
            0.016141224652528763
        ],
        [
            0.12853971123695374,
            0.045073866844177246,
            0.017940696328878403
        ],
        [
            0.14113834500312805,
            0.04670112207531929,
            0.020099211484193802
        ],
        [
            0.10520488768815994,
            0.04167431592941284,
            0.021310914307832718
        ],
        [
            0.10109055042266846,
            0.03946207836270332,
            0.032353725284338
        ],
        [
            0.1064930409193039,
            0.053629983216524124,
            0.03173697739839554
        ],
        [
            0.10795540362596512,
            0.05392467975616455,
            0.02168956771492958
        ],
        [
            0.14357854425907135,
            0.05122002214193344,
            0.022556444630026817
        ],
        [
            0.12985897064208984,
            0.05218781530857086,
            0.01920221373438835
        ],
        [
            0.14299486577510834,
            0.053069405257701874,
            0.023546334356069565
        ],
        [
            0.15948598086833954,
            0.0430968776345253,
            0.02707882598042488
        ],
        [
            0.15661068260669708,
            0.04658116400241852,
            0.024961858987808228
        ],
        [
            0.16923803091049194,
            0.03960450738668442,
            0.02575618401169777
        ],
        [
            0.15834392607212067,
            0.03307051956653595,
            0.028844980522990227
        ],
        [
            0.17183251678943634,
            0.03146946430206299,
            0.02174350433051586
        ],
        [
            0.15386925637722015,
            0.01322663202881813,
            0.006472873035818338
        ],
        [
            0.1478746384382248,
            0.011701788753271103,
            -0.005831829272210598
        ],
        [
            0.1617388129234314,
            0.019259925931692123,
            -0.010171152651309967
        ],
        [
            0.16624660789966583,
            0.0205390602350235,
            0.002670160261914134
        ],
        [
            0.14691250026226044,
            0.019927728921175003,
            -0.024627214297652245
        ],
        [
            0.15598268806934357,
            0.019734125584363937,
            -0.01719764620065689
        ],
        [
            0.14242984354496002,
            0.011128053069114685,
            -0.013034602627158165
        ],
        [
            0.13493379950523376,
            0.011864442378282547,
            -0.020019125193357468
        ],
        [
            0.12874343991279602,
            0.035422611981630325,
            0.004435982555150986
        ],
        [
            0.11911411583423615,
            0.03191804513335228,
            0.006174864713102579
        ],
        [
            0.12312360107898712,
            0.03238683193922043,
            0.010724997147917747
        ],
        [
            0.13177309930324554,
            0.036368876695632935,
            0.009080464951694012
        ],
        [
            0.13586924970149994,
            0.06126625835895538,
            0.03018324449658394
        ],
        [
            0.14159908890724182,
            0.04448707029223442,
            0.03506167232990265
        ],
        [
            0.144900381565094,
            0.048242535442113876,
            0.02915535867214203
        ],
        [
            0.13405875861644745,
            0.06342317909002304,
            0.025379745289683342
        ],
        [
            0.0894327312707901,
            0.02944486401975155,
            0.0030955057591199875
        ],
        [
            0.08136861026287079,
            0.019011134281754494,
            0.006318199448287487
        ],
        [
            0.08364052325487137,
            0.018059179186820984,
            0.011820904910564423
        ],
        [
            0.09099886566400528,
            0.027251675724983215,
            0.007745753973722458
        ],
        [
            0.09421335160732269,
            0.0232547540217638,
            0.029548384249210358
        ],
        [
            0.08938129246234894,
            0.014908641576766968,
            0.029079820960760117
        ],
        [
            0.0904330462217331,
            0.005416836589574814,
            0.03738998994231224
        ],
        [
            0.09724913537502289,
            0.013188082724809647,
            0.03958471119403839
        ],
        [
            0.09850668162107468,
            0.03110065683722496,
            0.031212735921144485
        ],
        [
            0.1011544018983841,
            0.024659302085638046,
            0.041547298431396484
        ],
        [
            0.10459554195404053,
            0.035309839993715286,
            0.041994668543338776
        ],
        [
            0.11013174057006836,
            0.05174455791711807,
            0.03988783806562424
        ],
        [
            0.07792047411203384,
            0.01793782040476799,
            -0.006012672558426857
        ],
        [
            0.08301602303981781,
            0.025834236294031143,
            -0.01005372405052185
        ],
        [
            0.20467884838581085,
            0.07120690494775772,
            0.006910386495292187
        ],
        [
            0.20268350839614868,
            0.07269899547100067,
            0.0017083901911973953
        ],
        [
            0.19849739968776703,
            0.06961589306592941,
            0.003598580602556467
        ],
        [
            0.20150408148765564,
            0.06858686357736588,
            0.008394096046686172
        ],
        [
            0.08649153262376785,
            0.00872509554028511,
            -0.02183864451944828
        ],
        [
            0.09166394174098969,
            8.504465222358704e-05,
            -0.02289099246263504
        ],
        [
            0.08469156920909882,
            -0.0017005763947963715,
            -0.02166133001446724
        ],
        [
            0.08010706305503845,
            0.006027810275554657,
            -0.018802152946591377
        ],
        [
            0.09494487941265106,
            0.01241077110171318,
            -0.025685057044029236
        ],
        [
            0.10125641524791718,
            0.0031354762613773346,
            -0.023994920775294304
        ],
        [
            0.2132449597120285,
            0.06193764507770538,
            0.005886871367692947
        ],
        [
            0.21121329069137573,
            0.06555148214101791,
            0.008841103874146938
        ],
        [
            0.20862208306789398,
            0.06166493892669678,
            0.010050908662378788
        ],
        [
            0.2099875807762146,
            0.05803221836686134,
            0.006601433269679546
        ],
        [
            0.15233084559440613,
            0.04673799127340317,
            0.021296588703989983
        ],
        [
            0.14685554802417755,
            0.044459983706474304,
            0.015012146905064583
        ],
        [
            0.17008885741233826,
            0.051450032740831375,
            0.016832737252116203
        ],
        [
            0.16061624884605408,
            0.047760624438524246,
            0.015040697529911995
        ],
        [
            0.16231556236743927,
            0.046760715544223785,
            0.021649692207574844
        ],
        [
            0.1707773357629776,
            0.04846957325935364,
            0.02226007543504238
        ],
        [
            0.14789646863937378,
            0.04396309331059456,
            -0.004614068660885096
        ],
        [
            0.1376304030418396,
            0.0390465222299099,
            -0.0014458363875746727
        ],
        [
            0.14163711667060852,
            0.03989473357796669,
            0.0037642577663064003
        ],
        [
            0.1531173288822174,
            0.045859310775995255,
            0.00200544111430645
        ],
        [
            0.1298554241657257,
            0.04107002168893814,
            -0.013112450018525124
        ],
        [
            0.14079804718494415,
            0.04544737562537193,
            -0.01541056763380766
        ],
        [
            0.1352192461490631,
            0.04623245820403099,
            -0.02184210903942585
        ],
        [
            0.12798912823200226,
            0.04375150054693222,
            -0.018836284056305885
        ],
        [
            0.16109678149223328,
            0.051813095808029175,
            -0.01696767285466194
        ],
        [
            0.1690816581249237,
            0.05306313931941986,
            -0.01906163990497589
        ],
        [
            0.16743318736553192,
            0.052937477827072144,
            -0.021743465214967728
        ],
        [
            0.15913233160972595,
            0.0513569638133049,
            -0.02016943134367466
        ],
        [
            0.07835686206817627,
            -0.004544995725154877,
            -0.020210400223731995
        ],
        [
            0.0745430439710617,
            0.003017943352460861,
            -0.01519518718123436
        ],
        [
            0.13155648112297058,
            0.02455637976527214,
            -0.03867385536432266
        ],
        [
            0.12199456244707108,
            0.02971467934548855,
            -0.041215311735868454
        ],
        [
            0.1312388777732849,
            0.0362565815448761,
            -0.046987224370241165
        ],
        [
            0.13866910338401794,
            0.028966279700398445,
            -0.0426391065120697
        ],
        [
            0.0987347811460495,
            -0.006238244473934174,
            -0.01854533702135086
        ],
        [
            0.0914076715707779,
            -0.008921630680561066,
            -0.019480520859360695
        ],
        [
            0.21343737840652466,
            0.05997563898563385,
            9.895302355289459e-05
        ],
        [
            0.20950843393802643,
            0.05647934228181839,
            0.0008039772510528564
        ],
        [
            0.11357636749744415,
            0.02642986550927162,
            0.046836841851472855
        ],
        [
            0.11795969307422638,
            0.04773418605327606,
            0.0450051948428154
        ],
        [
            0.10758821666240692,
            0.011817961931228638,
            0.044391244649887085
        ],
        [
            0.10273047536611557,
            0.002096518874168396,
            0.04017125815153122
        ],
        [
            0.09661062061786652,
            -0.004908069968223572,
            0.038271430879831314
        ],
        [
            0.16216926276683807,
            0.049627676606178284,
            0.008774913847446442
        ],
        [
            0.1406826227903366,
            0.04036417603492737,
            0.009614897891879082
        ],
        [
            0.12587639689445496,
            0.035431526601314545,
            0.00015287473797798157
        ],
        [
            0.11219072341918945,
            0.04345009848475456,
            -0.026284504681825638
        ],
        [
            0.10283762961626053,
            0.03951847180724144,
            -0.022725490853190422
        ],
        [
            0.10990773886442184,
            0.04104986414313316,
            -0.014944486320018768
        ],
        [
            0.11690014600753784,
            0.04357697069644928,
            -0.019852232187986374
        ],
        [
            0.11775214970111847,
            0.0385025255382061,
            -0.04044455662369728
        ],
        [
            0.11923517286777496,
            0.044774893671274185,
            -0.035708509385585785
        ],
        [
            0.12764176726341248,
            0.04849909245967865,
            -0.03948640823364258
        ],
        [
            0.12677974998950958,
            0.04346002638339996,
            -0.044779129326343536
        ],
        [
            0.13400717079639435,
            0.061360545456409454,
            0.03744683414697647
        ],
        [
            0.1370837241411209,
            0.042272064834833145,
            0.040615275502204895
        ],
        [
            0.08267634361982346,
            0.01748662069439888,
            -0.017222285270690918
        ],
        [
            0.07778187841176987,
            0.013645045459270477,
            -0.012507235631346703
        ],
        [
            0.07237549871206284,
            0.00783851370215416,
            -0.009512022137641907
        ],
        [
            0.10480471700429916,
            0.03065531700849533,
            0.006292739883065224
        ],
        [
            0.0921749621629715,
            0.025710193440318108,
            0.011055396869778633
        ],
        [
            0.0947808101773262,
            0.0254560187458992,
            0.014885184355080128
        ],
        [
            0.1076909676194191,
            0.02901298925280571,
            0.008933009579777718
        ],
        [
            0.11465657502412796,
            0.03400184586644173,
            0.01573025807738304
        ],
        [
            0.10309169441461563,
            0.03156077861785889,
            0.020501647144556046
        ],
        [
            0.11521632224321365,
            0.0435895137488842,
            0.015258376486599445
        ],
        [
            0.08544327318668365,
            0.015825286507606506,
            0.019694894552230835
        ],
        [
            0.07596298307180405,
            0.011951994150876999,
            0.014970684424042702
        ],
        [
            0.07907404005527496,
            0.009764585644006729,
            0.02309757098555565
        ],
        [
            0.07318258285522461,
            0.01194017007946968,
            0.005545327439904213
        ],
        [
            0.07171997427940369,
            0.010804567486047745,
            -0.0031775347888469696
        ],
        [
            0.08500063419342041,
            -0.01452677696943283,
            -0.02017969638109207
        ],
        [
            0.08317333459854126,
            0.007237348705530167,
            0.02987491339445114
        ],
        [
            0.11126106232404709,
            0.06232284754514694,
            0.023236723616719246
        ],
        [
            0.11349127441644669,
            0.07028070092201233,
            0.025630705058574677
        ],
        [
            0.11927057802677155,
            0.06919565796852112,
            0.020480401813983917
        ],
        [
            0.11786946654319763,
            0.061399854719638824,
            0.017901353538036346
        ],
        [
            0.17925956845283508,
            0.039389513432979584,
            0.022844374179840088
        ],
        [
            0.17512360215187073,
            0.045357394963502884,
            0.024284612387418747
        ],
        [
            0.16485856473445892,
            0.04403501749038696,
            0.026263611391186714
        ],
        [
            0.09635862708091736,
            0.0349041223526001,
            -0.004616850987076759
        ],
        [
            0.09051883220672607,
            0.031741976737976074,
            -0.015310786664485931
        ],
        [
            0.1718236207962036,
            0.052878811955451965,
            0.010418253019452095
        ],
        [
            0.2071423977613449,
            0.05407026782631874,
            0.0071567995473742485
        ],
        [
            0.20561987161636353,
            0.05790296569466591,
            0.011194806545972824
        ],
        [
            0.19248482584953308,
            0.04701302573084831,
            0.017492834478616714
        ],
        [
            0.1950991302728653,
            0.043068282306194305,
            0.01267840713262558
        ],
        [
            0.180293008685112,
            0.05204281210899353,
            0.0026654531247913837
        ],
        [
            0.17682400345802307,
            0.05414905771613121,
            0.008275694213807583
        ],
        [
            0.1795782595872879,
            0.05457377806305885,
            0.006387018132954836
        ],
        [
            0.18208543956279755,
            0.05399848893284798,
            0.0004504579119384289
        ],
        [
            0.1605580747127533,
            0.05252056196331978,
            -0.028077203780412674
        ],
        [
            0.15333132445812225,
            0.05129304155707359,
            -0.026701752096414566
        ],
        [
            0.17723610997200012,
            0.030629044398665428,
            -0.0014535008231177926
        ],
        [
            0.18020884692668915,
            0.02683352679014206,
            0.010909650474786758
        ],
        [
            0.16998091340065002,
            0.023531360551714897,
            0.013717306777834892
        ],
        [
            0.14332643151283264,
            0.04408058524131775,
            -0.010524887591600418
        ],
        [
            0.15227797627449036,
            0.04869928956031799,
            -0.01423738244920969
        ],
        [
            0.15022064745426178,
            0.048838939517736435,
            -0.017915891483426094
        ],
        [
            0.16476203501224518,
            0.050672613084316254,
            0.004627660382539034
        ],
        [
            0.17249365150928497,
            0.052735138684511185,
            0.004292148165404797
        ],
        [
            0.1689722090959549,
            0.05146639049053192,
            0.00014948961324989796
        ],
        [
            0.16148604452610016,
            0.049427635967731476,
            0.00016287481412291527
        ],
        [
            0.11229166388511658,
            0.02240293100476265,
            -0.03637705743312836
        ],
        [
            0.10698039829730988,
            0.032721519470214844,
            -0.03573115915060043
        ],
        [
            0.20793671905994415,
            0.06878004223108292,
            0.00936257466673851
        ],
        [
            0.20516712963581085,
            0.0655108243227005,
            0.010731883347034454
        ],
        [
            0.1333511769771576,
            0.039235521107912064,
            -0.007265469059348106
        ],
        [
            0.15735401213169098,
            0.018622877076268196,
            0.016931500285863876
        ],
        [
            0.12274010479450226,
            0.0358881801366806,
            -0.004382004030048847
        ],
        [
            0.15624433755874634,
            0.03492019325494766,
            -0.037127215415239334
        ],
        [
            0.1542709320783615,
            0.04071802273392677,
            -0.03919278085231781
        ],
        [
            0.1607169806957245,
            0.0441448874771595,
            -0.038924507796764374
        ],
        [
            0.16386878490447998,
            0.039284251630306244,
            -0.0386771596968174
        ],
        [
            0.19417411088943481,
            0.06200214475393295,
            -0.00538870133459568
        ],
        [
            0.19324663281440735,
            0.06583056598901749,
            -0.001173112541437149
        ],
        [
            0.1973627209663391,
            0.0686296671628952,
            -0.002528722397983074
        ],
        [
            0.1987643837928772,
            0.06502608954906464,
            -0.006787518970668316
        ],
        [
            0.17682324349880219,
            0.05387549474835396,
            0.014141828753054142
        ],
        [
            0.17815740406513214,
            0.05144090950489044,
            0.019964175298810005
        ],
        [
            0.18345816433429718,
            0.05482539162039757,
            0.01654445379972458
        ],
        [
            0.18119700253009796,
            0.055545661598443985,
            0.011131136678159237
        ],
        [
            0.1829935610294342,
            0.047575779259204865,
            0.021520119160413742
        ],
        [
            0.18798519670963287,
            0.051194995641708374,
            0.018895257264375687
        ],
        [
            0.1978650987148285,
            0.05673525482416153,
            -0.00674126110970974
        ],
        [
            0.20312747359275818,
            0.05210456997156143,
            -0.0038453098386526108
        ],
        [
            0.1916029453277588,
            0.04284975305199623,
            -0.00017897877842187881
        ],
        [
            0.18770107626914978,
            0.04967891052365303,
            -0.002353894989937544
        ],
        [
            0.12359149754047394,
            0.0031386949121952057,
            -0.015687361359596252
        ],
        [
            0.11658996343612671,
            0.006056208163499832,
            -0.02389969676733017
        ],
        [
            0.12769952416419983,
            0.014760926365852356,
            -0.02843085303902626
        ],
        [
            0.13849368691444397,
            0.022371822968125343,
            -0.03353239968419075
        ],
        [
            0.1486252397298813,
            0.03042525053024292,
            -0.03720717877149582
        ],
        [
            0.15688784420490265,
            0.025783851742744446,
            -0.029500838369131088
        ],
        [
            0.12148325145244598,
            0.01668299362063408,
            -0.03330570459365845
        ],
        [
            0.18136343359947205,
            0.04371293634176254,
            -0.0022226436994969845
        ],
        [
            0.1833968162536621,
            0.0363919660449028,
            0.002210325561463833
        ],
        [
            0.18102844059467316,
            0.0367317721247673,
            -0.0027471892535686493
        ],
        [
            0.11880789697170258,
            0.03839883953332901,
            -0.01020746398717165
        ],
        [
            0.20226942002773285,
            0.06185176223516464,
            0.0124252550303936
        ],
        [
            0.1097312942147255,
            -0.013350099325180054,
            0.022782163694500923
        ],
        [
            0.10794173926115036,
            -0.01634322479367256,
            0.009346405044198036
        ],
        [
            0.11519210040569305,
            -0.011267315596342087,
            0.009991778992116451
        ],
        [
            0.11712625622749329,
            -0.006616581231355667,
            0.02546052634716034
        ],
        [
            0.19437389075756073,
            0.06717326492071152,
            0.005404432769864798
        ],
        [
            0.1977800875902176,
            0.06597836315631866,
            0.010635877028107643
        ],
        [
            0.15167967975139618,
            0.051926251500844955,
            -0.03310217708349228
        ],
        [
            0.1586713045835495,
            0.05215299129486084,
            -0.033432815223932266
        ],
        [
            0.1600079983472824,
            0.05076635628938675,
            -0.03677506372332573
        ],
        [
            0.15299643576145172,
            0.05174540728330612,
            -0.03867949917912483
        ],
        [
            0.111750528216362,
            0.007497694343328476,
            -0.027054525911808014
        ],
        [
            0.13766860961914062,
            0.04012500122189522,
            -0.05032418295741081
        ],
        [
            0.14321006834506989,
            0.03321106731891632,
            -0.04674670472741127
        ],
        [
            0.10700619220733643,
            -0.0016376227140426636,
            -0.019509581848978996
        ],
        [
            0.11321934312582016,
            -0.0048102885484695435,
            -0.012575328350067139
        ],
        [
            0.1054021492600441,
            -0.010350920259952545,
            -0.010794286616146564
        ],
        [
            0.16903504729270935,
            0.02954224683344364,
            -0.02062179148197174
        ],
        [
            0.13005587458610535,
            0.002815455198287964,
            -0.009846589528024197
        ],
        [
            0.11825006455183029,
            -0.005004841834306717,
            -0.0067468611523509026
        ],
        [
            0.1091613695025444,
            -0.011657953262329102,
            -0.00432572141289711
        ],
        [
            0.10261484980583191,
            -0.01675376668572426,
            -0.003442094661295414
        ],
        [
            0.0990990400314331,
            -0.014694210141897202,
            -0.010570051148533821
        ],
        [
            0.20599432289600372,
            0.052322354167699814,
            0.0011341515928506851
        ],
        [
            0.20718112587928772,
            0.05645059421658516,
            -0.00532474834471941
        ],
        [
            0.09251037985086441,
            -0.020985819399356842,
            -0.011176716536283493
        ],
        [
            0.09641771018505096,
            -0.02249283716082573,
            -0.002838180400431156
        ],
        [
            0.12316960096359253,
            -0.004872921854257584,
            0.0010968595743179321
        ],
        [
            0.12865078449249268,
            -0.0028378404676914215,
            0.011772328056395054
        ],
        [
            0.13429173827171326,
            0.002946428954601288,
            -0.0021818620152771473
        ],
        [
            0.14055857062339783,
            0.0051584914326667786,
            0.007697337307035923
        ],
        [
            0.17221520841121674,
            0.02437000349164009,
            -0.01218082383275032
        ],
        [
            0.2160605788230896,
            0.0704454556107521,
            -0.01079224981367588
        ],
        [
            0.20757488906383514,
            0.06393652409315109,
            -0.00914076715707779
        ],
        [
            0.20382587611675262,
            0.06823320686817169,
            -0.008275903761386871
        ],
        [
            0.21333366632461548,
            0.07361040264368057,
            -0.011273812502622604
        ],
        [
            0.20233526825904846,
            0.06032266840338707,
            -0.00804299209266901
        ],
        [
            0.21094809472560883,
            0.06031126528978348,
            -0.005954219959676266
        ],
        [
            0.1443447768688202,
            0.012046825140714645,
            0.02170247584581375
        ],
        [
            0.17652013897895813,
            0.052142612636089325,
            -0.001382309477776289
        ],
        [
            0.13059142231941223,
            0.006351705640554428,
            0.029333677142858505
        ],
        [
            0.1486370861530304,
            0.02592659369111061,
            0.033127374947071075
        ],
        [
            0.136975958943367,
            0.023636184632778168,
            0.0389518216252327
        ],
        [
            0.11532608419656754,
            0.001239873468875885,
            0.038271911442279816
        ],
        [
            0.12309428304433823,
            0.016941498965024948,
            0.044675134122371674
        ],
        [
            0.10158728063106537,
            -0.012616343796253204,
            0.03234846144914627
        ],
        [
            0.10895565152168274,
            -0.006655208766460419,
            0.03373416140675545
        ],
        [
            0.12701036036014557,
            0.035391390323638916,
            0.04594692587852478
        ],
        [
            0.21184894442558289,
