{
    "pred_cam": [
        8.837413787841797,
        -0.0888063982129097,
        -0.061251573264598846
    ],
    "pred_mano_params": {
        "global_orient": [
            [
                [
                    -0.29293230175971985,
                    0.838918924331665,
                    0.45869994163513184
                ],
                [
                    -0.9143950343132019,
                    -0.10560376942157745,
                    -0.39080625772476196
                ],
                [
                    -0.2794143557548523,
                    -0.533912718296051,
                    0.7980380654335022
                ]
            ]
        ],
        "hand_pose": [
            [
                [
                    0.5905744433403015,
                    -0.5272292494773865,
                    -0.6109429001808167
                ],
                [
                    0.49945518374443054,
                    0.8334499597549438,
                    -0.23644384741783142
                ],
                [
                    0.6338503956794739,
                    -0.1655009388923645,
                    0.7555416226387024
                ]
            ],
            [
                [
                    0.9250349998474121,
                    -0.34967219829559326,
                    0.14845745265483856
                ],
                [
                    0.3784711956977844,
                    0.8819587230682373,
                    -0.2809065282344818
                ],
                [
                    -0.03270813077688217,
                    0.3160352110862732,
                    0.948183536529541
                ]
            ],
            [
                [
                    0.8472871780395508,
                    -0.35014334321022034,
                    0.399379700422287
                ],
                [
                    0.30718186497688293,
                    0.9364654421806335,
                    0.16932739317417145
                ],
                [
                    -0.4332941472530365,
                    -0.02078673616051674,
                    0.9010128378868103
                ]
            ],
            [
                [
                    0.6137292385101318,
                    -0.672926127910614,
                    -0.4129246473312378
                ],
                [
                    0.6922268867492676,
                    0.7101557850837708,
                    -0.12845544517040253
                ],
                [
                    0.379681795835495,
                    -0.20700065791606903,
                    0.9016609191894531
                ]
            ],
            [
                [
                    0.8847664594650269,
                    -0.41598883271217346,
                    -0.21009927988052368
                ],
                [
                    0.45283645391464233,
                    0.8739188313484192,
                    0.17664949595928192
                ],
                [
                    0.11012549698352814,
                    -0.2514341175556183,
                    0.961588978767395
                ]
            ],
            [
                [
                    0.8122476935386658,
                    -0.5163244009017944,
                    0.2714090049266815
                ],
                [
                    0.5227536559104919,
                    0.8507691621780396,
                    0.05404144898056984
                ],
                [
                    -0.25880929827690125,
                    0.09798502177000046,
                    0.960945725440979
                ]
            ],
            [
                [
                    0.8221185803413391,
                    -0.5441524386405945,
                    0.1673891246318817
                ],
                [
                    0.5086599588394165,
                    0.8341193199157715,
                    0.21333089470863342
                ],
                [
                    -0.2557070255279541,
                    -0.09023916721343994,
                    0.9625335335731506
                ]
            ],
            [
                [
                    0.8756540417671204,
                    -0.4248272478580475,
                    -0.22967782616615295
                ],
                [
                    0.4678151309490204,
                    0.8642511963844299,
                    0.1849837750196457
                ],
                [
                    0.11991316080093384,
                    -0.2694284915924072,
                    0.9555256962776184
                ]
            ],
            [
                [
                    0.9192198514938354,
                    -0.39074933528900146,
                    -0.04847477376461029
                ],
                [
                    0.281692236661911,
                    0.5666062235832214,
                    0.7743428945541382
                ],
                [
                    -0.27510786056518555,
                    -0.725446343421936,
                    0.6309067606925964
                ]
            ],
            [
                [
                    0.7032312154769897,
                    -0.7050037980079651,
                    -0.09184504300355911
                ],
                [
                    0.6816014051437378,
                    0.7052819728851318,
                    -0.1949276626110077
                ],
                [
                    0.20220141112804413,
                    0.07447750121355057,
                    0.976507842540741
                ]
            ],
            [
                [
                    0.8814011216163635,
                    -0.4377952218055725,
                    -0.17739060521125793
                ],
                [
                    0.4695182144641876,
                    0.7707682251930237,
                    0.43066108226776123
                ],
                [
                    -0.05181432142853737,
                    -0.46287328004837036,
                    0.8849087953567505
                ]
            ],
            [
                [
                    0.7796825766563416,
                    -0.6097990274429321,
                    0.14226818084716797
                ],
                [
                    0.546281635761261,
                    0.7734647393226624,
                    0.3214477300643921
                ],
                [
                    -0.3060579299926758,
                    -0.17290867865085602,
                    0.936178982257843
                ]
            ],
            [
                [
                    0.658564031124115,
                    0.0037217463832348585,
                    -0.752515435218811
                ],
                [
                    -0.6479557752609253,
                    0.5113310813903809,
                    -0.5645297169685364
                ],
                [
                    0.3826834559440613,
                    0.8593757748603821,
                    0.33915579319000244
                ]
            ],
            [
                [
                    0.9197419881820679,
                    -0.29698386788368225,
                    -0.25666144490242004
                ],
                [
                    0.3789830505847931,
                    0.8421338796615601,
                    0.38364338874816895
                ],
                [
                    0.10220739990472794,
                    -0.4501233696937561,
                    0.8870977163314819
                ]
            ],
            [
                [
                    0.7560548782348633,
                    -0.6482197642326355,
                    -0.090511254966259
                ],
                [
                    0.5470311641693115,
                    0.7017589211463928,
                    -0.45638954639434814
                ],
                [
                    0.3593577444553375,
                    0.29554304480552673,
                    0.8851646780967712
                ]
            ]
        ],
        "betas": [
            0.04428718984127045,
            -0.06727442145347595,
            -0.09287792444229126,
            0.0024058520793914795,
            0.022110462188720703,
            -0.06828538328409195,
            -0.0074755847454071045,
            0.00417211651802063,
            0.04075832664966583,
            0.012209415435791016
        ]
    },
    "pred_cam_t": [
        -0.0888063982129097,
        -0.061251573264598846,
        4.420127868652344
    ],
    "focal_length": [
        5000.0,
        5000.0
    ],
    "pred_keypoints_3d": [
        [
            0.0955384150147438,
            0.00637146458029747,
            0.006189147941768169
        ],
        [
            0.10138949751853943,
            0.019939087331295013,
            0.04164860397577286
        ],
        [
            0.11079339683055878,
            0.04760269820690155,
            0.05128423124551773
        ],
        [
            0.11610238999128342,
            0.07395416498184204,
            0.047920502722263336
        ],
        [
            0.10065589845180511,
            0.10391440242528915,
            0.04570276290178299
        ],
        [
            0.12633799016475677,
            0.07926937937736511,
            0.04988593980669975
        ],
        [
            0.11264173686504364,
            0.10921169817447662,
            0.0477103665471077
        ],
        [
            0.09453873336315155,
            0.12178527563810349,
            0.050520800054073334
        ],
        [
            0.07561260461807251,
            0.12939588725566864,
            0.06409043818712234
        ],
        [
            0.12036476284265518,
            0.09420119225978851,
            0.03066829964518547
        ],
        [
            0.1013689935207367,
            0.11951162666082382,
            0.03242544084787369
        ],
        [
            0.07943832129240036,
            0.1265404373407364,
            0.03588056191802025
        ],
        [
            0.05798470973968506,
            0.12784531712532043,
            0.04937925189733505
        ],
        [
            0.10391104221343994,
            0.09175188839435577,
            0.00988182332366705
        ],
        [
            0.09109587967395782,
            0.11673706024885178,
            0.0162992924451828
        ],
        [
            0.06806536018848419,
            0.1244242861866951,
            0.02132825367152691
        ],
        [
            0.0473874993622303,
            0.1226099357008934,
            0.035120218992233276
        ],
        [
            0.087610624730587,
            0.08705362677574158,
            -0.003676178865134716
        ],
        [
            0.07938052713871002,
            0.10601889342069626,
            0.0006998525932431221
        ],
        [
            0.06383451819419861,
            0.11592400074005127,
            0.0052217659540474415
        ],
        [
            0.04712345078587532,
            0.11421918123960495,
            0.01874414272606373
        ]
    ],
    "pred_vertices": [
        [
            0.1038217544555664,
            0.04526330903172493,
            0.039209455251693726
        ],
        [
            0.09900004416704178,
            0.03458414599299431,
            0.03483300656080246
        ],
        [
            0.10238029062747955,
            0.04116905480623245,
            0.03855089843273163
        ],
        [
            0.10688621550798416,
            0.04840761795639992,
            0.04489884898066521
        ],
        [
            0.08809219300746918,
            0.033626243472099304,
            0.04418060928583145
        ],
        [
            0.08860792219638824,
            0.026653345674276352,
            0.053940169513225555
        ],
        [
            0.09598048031330109,
            0.043291207402944565,
            0.05680908262729645
        ],
        [
            0.09366311132907867,
            0.04651077836751938,
            0.04719371348619461
        ],
        [
            0.1118955984711647,
            0.05182673782110214,
            0.047087669372558594
        ],
        [
            0.1052670031785965,
            0.047668665647506714,
            0.04170653223991394
        ],
        [
            0.11767751723527908,
            0.0515221543610096,
            0.0442022979259491
        ],
        [
            0.12723836302757263,
            0.055737920105457306,
            0.050432439893484116
        ],
        [
            0.11928694695234299,
            0.05722210556268692,
            0.0521043986082077
        ],
        [
            0.1317635327577591,
            0.06278831511735916,
            0.05270054191350937
        ],
        [
            0.13311505317687988,
            0.04837285727262497,
            0.04626818746328354
        ],
        [
            0.13769210875034332,
            0.06293783336877823,
            0.0459563247859478
        ],
        [
            0.13017167150974274,
            0.04980286955833435,
            0.022463053464889526
        ],
        [
            0.12367787957191467,
            0.05186367779970169,
            0.010926058515906334
        ],
        [
            0.12748068571090698,
            0.06855488568544388,
            0.014344582334160805
        ],
        [
            0.13296733796596527,
            0.06508083641529083,
            0.026273809373378754
        ],
        [
            0.113040030002594,
            0.06561475992202759,
            -0.00047013722360134125
        ],
        [
            0.12119380384683609,
            0.06811095029115677,
            0.007811160758137703
        ],
        [
            0.11854225397109985,
            0.0514923594892025,
            0.003616752102971077
        ],
        [
            0.11126457154750824,
            0.050221070647239685,
            -0.0034488458186388016
        ],
        [
            0.09690861403942108,
            0.04385070130228996,
            0.02718796581029892
        ],
        [
            0.09230620414018631,
            0.03328758478164673,
            0.02435482107102871
        ],
        [
            0.09545367956161499,
            0.03213800862431526,
            0.028369005769491196
        ],
        [
            0.09965571761131287,
            0.043115075677633286,
            0.03150328993797302
        ],
        [
            0.12171616405248642,
            0.0514809712767601,
            0.04524077847599983
        ],
        [
            0.12524481117725372,
            0.04123209789395332,
            0.049740809947252274
        ],
        [
            0.1240488812327385,
            0.04686761274933815,
            0.046087268739938736
        ],
        [
            0.11794330179691315,
            0.05399526283144951,
            0.04239282011985779
        ],
        [
            0.0743928998708725,
            0.014730341732501984,
            0.01415175013244152
        ],
        [
            0.07701201736927032,
            0.0024033114314079285,
            0.00946403481066227
        ],
        [
            0.08020883053541183,
            0.0006871894001960754,
            0.014136089012026787
        ],
        [
            0.07733596861362457,
            0.012133672833442688,
            0.017377931624650955
        ],
        [
            0.08468682318925858,
            0.003601841628551483,
            0.038949932903051376
        ],
        [
            0.08860903978347778,
            -0.004868626594543457,
            0.02975553274154663
        ],
        [
            0.09934648871421814,
            -0.013171382248401642,
            0.031012320891022682
        ],
        [
            0.09927085041999817,
            -0.0046313852071762085,
            0.039946120232343674
        ],
        [
            0.08485192805528641,
            0.014876682311296463,
            0.04815083369612694
        ],
        [
            0.09551337361335754,
            0.006469547748565674,
            0.05151066184043884
        ],
        [
            0.09701691567897797,
            0.021319910883903503,
            0.059503816068172455
        ],
        [
            0.10297344624996185,
            0.04015178978443146,
            0.062114834785461426
        ],
        [
            0.07243531942367554,
            0.005753606557846069,
            -0.0019618403166532516
        ],
        [
            0.06940801441669464,
            0.015234813094139099,
            4.5571476221084595e-05
        ],
        [
            0.10417772829532623,
            0.10661760717630386,
            0.05664299800992012
        ],
        [
            0.10089646279811859,
            0.10564983636140823,
            0.05181216448545456
        ],
        [
            0.1036381646990776,
            0.1012873575091362,
            0.05232889950275421
        ],
        [
            0.10655424743890762,
            0.10328355431556702,
            0.05699019879102707
        ],
        [
            0.08058173209428787,
            0.01532728224992752,
            -0.01762889139354229
        ],
        [
            0.08973000198602676,
            0.015277363359928131,
            -0.021775685250759125
        ],
        [
            0.08665184676647186,
            0.00889076292514801,
            -0.023365911096334457
        ],
        [
            0.07897688448429108,
            0.007985368371009827,
            -0.018076647073030472
        ],
        [
            0.08270818740129471,
            0.02502135932445526,
            -0.016877174377441406
        ],
        [
            0.09373284876346588,
            0.02406039834022522,
            -0.018834488466382027
        ],
        [
            0.11320480704307556,
            0.11515296995639801,
            0.05416093394160271
        ],
        [
            0.11060800403356552,
            0.11264868080615997,
            0.05779767408967018
        ],
        [
            0.11461679637432098,
            0.10945811122655869,
            0.05717500299215317
        ],
        [
            0.11723291873931885,
            0.1109551191329956,
            0.05284303426742554
        ],
        [
            0.112059086561203,
            0.05660920590162277,
            0.05036286264657974
        ],
        [
            0.10666143894195557,
            0.055158913135528564,
            0.043845467269420624
        ],
        [
            0.11690651625394821,
            0.07334955781698227,
            0.05571145936846733
        ],
        [
            0.11311972141265869,
            0.06692555546760559,
            0.049618545919656754
        ],
        [
            0.11752861738204956,
            0.06411804258823395,
            0.05433841794729233
        ],
        [
            0.12109161913394928,
            0.07054833322763443,
            0.05830136314034462
        ],
        [
            0.10164429992437363,
            0.06651239097118378,
            0.02890903316438198
        ],
        [
            0.09895876049995422,
            0.0553843230009079,
            0.026589535176753998
        ],
        [
            0.10248083621263504,
            0.05570767819881439,
            0.03202785551548004
        ],
        [
            0.10555289685726166,
            0.06767912209033966,
            0.03648830205202103
        ],
        [
            0.08936511725187302,
            0.05681491270661354,
            0.016361894086003304
        ],
        [
            0.09316785633563995,
            0.06764291971921921,
            0.019228707998991013
        ],
        [
            0.08727310597896576,
            0.0672391802072525,
            0.013106534257531166
        ],
        [
            0.08479844778776169,
            0.05964544788002968,
            0.012688668444752693
        ],
        [
            0.10248929262161255,
            0.08444947749376297,
            0.02648959495127201
        ],
        [
            0.10514882206916809,
            0.0894666314125061,
            0.027908053249120712
        ],
        [
            0.1012006551027298,
            0.09240582585334778,
            0.025174662470817566
        ],
        [
            0.09996791183948517,
            0.08485978096723557,
            0.02335485816001892
        ],
        [
            0.08476922661066055,
            0.002313561737537384,
            -0.025155607610940933
        ],
        [
            0.07828789949417114,
            0.0007592961192131042,
            -0.01800094172358513
        ],
        [
            0.09563793987035751,
            0.06395253539085388,
            -0.013296658173203468
        ],
        [
            0.08516132086515427,
            0.06053794547915459,
            -0.014535382390022278
        ],
        [
            0.08527055382728577,
            0.07319408655166626,
            -0.013731913641095161
        ],
        [
            0.09682314842939377,
            0.07367075979709625,
            -0.012828679755330086
        ],
        [
            0.09988197684288025,
            0.014925859868526459,
            -0.019891366362571716
        ],
        [
            0.0966537743806839,
            0.008953973650932312,
            -0.023781605064868927
        ],
        [
            0.11323614418506622,
            0.11623318493366241,
            0.04808633774518967
        ],
        [
            0.11683961004018784,
            0.1113070398569107,
            0.046880096197128296
        ],
        [
            0.10878165066242218,
            0.01427629217505455,
            0.056756433099508286
        ],
        [
            0.1115521639585495,
            0.03565845265984535,
            0.06257040798664093
        ],
        [
            0.1088661402463913,
            0.0004561319947242737,
            0.045293018221855164
        ],
        [
            0.11029759049415588,
            -0.007292427122592926,
            0.03441791608929634
        ],
        [
            0.11096246540546417,
            -0.014801733195781708,
            0.027161730453372
        ],
        [
            0.1111941933631897,
            0.07176476716995239,
            0.04622689262032509
        ],
        [
            0.10329653322696686,
            0.05179625004529953,
            0.03637274354696274
        ],
        [
            0.09390988200902939,
            0.04447776824235916,
            0.023242801427841187
        ],
        [
            0.0725952684879303,
            0.05230488255620003,
            0.0027327612042427063
        ],
        [
            0.06996411085128784,
            0.042153529822826385,
            0.0014185961335897446
        ],
        [
            0.07557280361652374,
            0.04383418336510658,
            0.010233983397483826
        ],
        [
            0.07724783569574356,
            0.052358198910951614,
            0.009180870838463306
        ],
        [
            0.07633017003536224,
            0.06113710254430771,
            -0.010231182910501957
        ],
        [
            0.07409415394067764,
            0.0624677836894989,
            -0.002759021706879139
        ],
        [
            0.07608693093061447,
            0.07122869789600372,
            -0.001929407473653555
        ],
        [
            0.07780542969703674,
            0.07150045037269592,
            -0.009176705963909626
        ],
        [
            0.12400434166193008,
            0.05046943575143814,
            0.051696278154850006
        ],
        [
            0.12509837746620178,
            0.03667902201414108,
            0.05395686253905296
        ],
        [
            0.07312361896038055,
            0.014578774571418762,
            -0.01022641733288765
        ],
        [
            0.07369307428598404,
            0.006869889795780182,
            -0.009535666555166245
        ],
        [
            0.07488831877708435,
            -0.0013045668601989746,
            -0.011381823569536209
        ],
        [
            0.08297120034694672,
            0.02317366749048233,
            0.021140344440937042
        ],
        [
            0.07908354699611664,
            0.010254815220832825,
            0.01997479423880577
        ],
        [
            0.08029162883758545,
            0.009650632739067078,
            0.024768825620412827
        ],
        [
            0.08512525260448456,
            0.021793320775032043,
            0.023476075381040573
        ],
        [
            0.09073799103498459,
            0.027680128812789917,
            0.03377040475606918
        ],
        [
            0.08279953896999359,
            0.019435733556747437,
            0.03866735100746155
        ],
        [
            0.0947018563747406,
            0.0388236865401268,
            0.03631916642189026
        ],
        [
            0.08396122604608536,
            -0.0031365007162094116,
            0.020473027601838112
        ],
        [
            0.08028686046600342,
            -0.009245775640010834,
            0.01163751445710659
        ],
        [
            0.08563663065433502,
            -0.012237153947353363,
            0.018029693514108658
        ],
        [
            0.07623675465583801,
            -0.006406515836715698,
            0.0032466500997543335
        ],
        [
            0.07395562529563904,
            -0.003545895218849182,
            -0.004815205931663513
        ],
        [
            0.09610214829444885,
            0.0021206289529800415,
            -0.028792953118681908
        ],
        [
            0.09177476912736893,
            -0.013982243835926056,
            0.0232615377753973
        ],
        [
            0.09841081500053406,
            0.05375034362077713,
            0.04901185631752014
        ],
        [
            0.1024477630853653,
            0.0599198192358017,
            0.04984080791473389
        ],
        [
            0.10477466136217117,
            0.05887454003095627,
            0.042598921805620193
        ],
        [
            0.10195673257112503,
            0.053526703268289566,
            0.04160471260547638
        ],
        [
            0.1339104175567627,
            0.07330946624279022,
            0.05437992140650749
        ],
        [
            0.1269693523645401,
            0.0716826319694519,
            0.058488164097070694
        ],
        [
            0.12440400570631027,
            0.061935797333717346,
            0.055593594908714294
        ],
        [
            0.0734807699918747,
            0.026181042194366455,
            0.012288611382246017
        ],
        [
            0.06902036815881729,
            0.026025183498859406,
            0.0005841143429279327
        ],
        [
            0.1150195449590683,
            0.07721780240535736,
            0.05137038230895996
        ],
        [
            0.12117204070091248,
            0.1077728345990181,
            0.05159582942724228
        ],
        [
            0.1185155138373375,
            0.10591371357440948,
            0.056638382375240326
        ],
        [
            0.12769915163516998,
            0.0902254655957222,
            0.057436421513557434
        ],
        [
            0.13065864145755768,
            0.09296620637178421,
            0.051837533712387085
        ],
        [
            0.11668027937412262,
            0.0850454568862915,
            0.044847507029771805
        ],
        [
            0.1148204579949379,
            0.08034730702638626,
            0.049946270883083344
        ],
        [
            0.1143462285399437,
            0.08219026029109955,
            0.04790455847978592
        ],
        [
            0.11392641812562943,
            0.08541113138198853,
            0.04211081564426422
        ],
        [
            0.09581167250871658,
            0.08992616087198257,
            0.018101930618286133
        ],
        [
            0.0944594293832779,
            0.08343181014060974,
            0.016958288848400116
        ],
        [
            0.13205097615718842,
            0.08046501129865646,
            0.031616222113370895
        ],
        [
            0.1405632495880127,
            0.07504276186227798,
            0.039445020258426666
        ],
        [
            0.13818827271461487,
            0.062039975076913834,
            0.035999588668346405
        ],
        [
            0.09704577177762985,
            0.06633986532688141,
            0.023067697882652283
        ],
        [
            0.09907813370227814,
            0.07645384222269058,
            0.024578388780355453
        ],
        [
            0.0965953916311264,
            0.07684115320444107,
            0.021273542195558548
        ],
        [
            0.1109577938914299,
            0.07592561095952988,
            0.0439402274787426
        ],
        [
            0.11406773328781128,
            0.08071830123662949,
            0.04644140601158142
        ],
        [
            0.11191705614328384,
            0.08154477924108505,
            0.04198073223233223
        ],
        [
            0.10826653242111206,
            0.07595565915107727,
            0.038830146193504333
        ],
        [
            0.084783636033535,
            0.0476314052939415,
            -0.016581233590841293
        ],
        [
            0.07426075637340546,
            0.04848688840866089,
            -0.011840853840112686
        ],
        [
            0.1074942797422409,
            0.10933080315589905,
            0.05878811329603195
        ],
        [
            0.11072492599487305,
            0.10625245422124863,
            0.05870606377720833
        ],
        [
            0.0944887101650238,
            0.0554223470389843,
            0.020940855145454407
        ],
        [
            0.1333414912223816,
            0.04789746180176735,
            0.03265951946377754
        ],
        [
            0.09034400433301926,
            0.044934727251529694,
            0.01913783699274063
        ],
        [
            0.1049259677529335,
            0.0858074352145195,
            0.000498281791806221
        ],
        [
            0.0973171591758728,
            0.08830651640892029,
            0.0021090367808938026
        ],
        [
            0.09769392758607864,
            0.09258081018924713,
            0.004774995148181915
        ],
        [
            0.10350455343723297,
            0.09347038716077805,
            0.0036097578704357147
        ],
        [
            0.10749100148677826,
            0.09853090345859528,
            0.04077677056193352
        ],
        [
            0.1050419881939888,
            0.09756015241146088,
            0.04596719518303871
        ],
        [
            0.10247012972831726,
            0.1010761633515358,
            0.0461542084813118
        ],
        [
            0.10469415783882141,
            0.10294201225042343,
            0.04110554978251457
        ],
        [
            0.11640465259552002,
            0.07871605455875397,
            0.05517365783452988
        ],
        [
            0.12056862562894821,
            0.07770109176635742,
            0.059469301253557205
        ],
        [
            0.11776862293481827,
            0.08364275842905045,
            0.058141663670539856
        ],
        [
            0.11503113806247711,
            0.08290305733680725,
            0.05295107513666153
        ],
        [
            0.12594957649707794,
            0.08005678653717041,
            0.05960838496685028
        ],
        [
            0.12306273728609085,
            0.08654406666755676,
            0.059491515159606934
        ],
        [
            0.11247949302196503,
            0.1015395000576973,
            0.038116179406642914
        ],
        [
            0.11841145157814026,
            0.10550557076931,
            0.04017921909689903
        ],
        [
            0.12626884877681732,
            0.09226449579000473,
            0.038741808384656906
        ],
        [
            0.11841947585344315,
            0.09022431820631027,
            0.03819268196821213
        ],
        [
            0.1107172966003418,
            0.0355762243270874,
            -0.007012797519564629
        ],
        [
            0.10195580124855042,
            0.03627925366163254,
            -0.01376296952366829
        ],
        [
            0.10231877118349075,
            0.050885360687971115,
            -0.010483503341674805
        ],
        [
            0.10325232893228531,
            0.06533657014369965,
            -0.008345849812030792
        ],
        [
            0.1040668934583664,
            0.07873275876045227,
            -0.004826326854526997
        ],
        [
            0.1150897890329361,
            0.07888688892126083,
            0.0010821279138326645
        ],
        [
            0.09561198949813843,
            0.04987676441669464,
            -0.014929229393601418
        ],
        [
            0.12243421375751495,
            0.08902425318956375,
            0.039821330457925797
        ],
        [
            0.13100990653038025,
            0.08495697379112244,
            0.03846380114555359
        ],
        [
            0.12765493988990784,
            0.08747249096632004,
            0.036240022629499435
        ],
        [
            0.08450666815042496,
            0.04638673737645149,
            0.014801130630075932
        ],
        [
            0.11461514979600906,
            0.10309775173664093,
            0.05869379639625549
        ],
        [
            0.12221435457468033,
            -0.002267211675643921,
            0.012468133121728897
        ],
        [
            0.11986514180898666,
            0.0021379441022872925,
            -0.00038792192935943604
        ],
        [
            0.12131234258413315,
            0.009292364120483398,
            0.004442010074853897
        ],
        [
            0.12308061122894287,
            0.004483133554458618,
            0.01965836063027382
        ],
        [
            0.10600955784320831,
            0.0979355201125145,
            0.05279157683253288
        ],
        [
            0.10937352478504181,
            0.09977909922599792,
            0.057762511074543
        ],
        [
            0.09058240801095963,
            0.08542636781930923,
            0.011913304217159748
        ],
        [
            0.09308092296123505,
            0.0906013548374176,
            0.013120032846927643
        ],
        [
            0.0930982306599617,
            0.0923595204949379,
            0.009175279177725315
        ],
        [
            0.0883345678448677,
            0.08925309777259827,
            0.00787379126995802
        ],
        [
            0.09695630520582199,
            0.03519044816493988,
            -0.016710879281163216
        ],
        [
            0.08410724252462387,
            0.08103726804256439,
            -0.012121092528104782
        ],
        [
            0.09470491111278534,
            0.0813988521695137,
            -0.011770622804760933
        ],
        [
            0.10195767879486084,
            0.02347831428050995,
            -0.016353609040379524
        ],
        [
            0.11001181602478027,
            0.022756129503250122,
            -0.01094420999288559
        ],
        [
            0.10909774899482727,
            0.013650089502334595,
            -0.014200402423739433
        ],
        [
            0.12172475457191467,
            0.08431874215602875,
            0.013902079313993454
        ],
        [
            0.11667078733444214,
            0.036943256855010986,
            -0.0008927732706069946
        ],
        [
            0.11495804786682129,
            0.02321745455265045,
            -0.005143718793988228
        ],
        [
            0.11408732831478119,
            0.012346483767032623,
            -0.008774962276220322
        ],
        [
            0.11356023699045181,
            0.004810258746147156,
            -0.012262485921382904
        ],
        [
            0.10800303518772125,
            0.006996415555477142,
            -0.017765143886208534
        ],
        [
            0.12051765620708466,
            0.10735514760017395,
            0.04539460688829422
        ],
        [
            0.11418721824884415,
            0.11024598777294159,
            0.040739499032497406
        ],
        [
            0.10784649103879929,
            -0.0003552064299583435,
            -0.023067133501172066
        ],
        [
            0.11361623555421829,
            -0.0026086121797561646,
            -0.016191918402910233
        ],
        [
            0.12011127918958664,
            0.02271188050508499,
            0.002469230443239212
        ],
        [
            0.12498960644006729,
            0.021368451416492462,
            0.012919191271066666
        ],
        [
            0.12140157073736191,
            0.03602372482419014,
            0.006337396800518036
        ],
        [
            0.12669621407985687,
            0.035954300314188004,
            0.01653875969350338
        ],
        [
            0.13144764304161072,
            0.08088525384664536,
            0.018014322966337204
        ],
        [
            0.09884098172187805,
            0.12142139673233032,
            0.04223388060927391
        ],
        [
            0.10572940111160278,
            0.11272428184747696,
            0.03954572603106499
        ],
        [
            0.1018884927034378,
            0.10873089730739594,
            0.041227322071790695
        ],
        [
            0.09577659517526627,
            0.1185864806175232,
            0.04185843467712402
        ],
        [
            0.10898137092590332,
            0.10627718269824982,
            0.03881910443305969
        ],
        [
            0.110399529337883,
            0.1151718869805336,
            0.04204550385475159
        ],
        [
            0.12961478531360626,
            0.032956935465335846,
            0.030421245843172073
        ],
        [
            0.11456967145204544,
            0.08737534284591675,
            0.043615955859422684
        ],
        [
            0.12543216347694397,
            0.01673726737499237,
            0.0310591422021389
        ],
        [
            0.1318712830543518,
            0.035800158977508545,
            0.044380441308021545
        ],
        [
            0.12649428844451904,
            0.025256238877773285,
            0.046888839453458786
        ],
        [
            0.11983826011419296,
            0.0011410564184188843,
            0.03403523564338684
        ],
        [
            0.11992557346820831,
            0.012055650353431702,
            0.0482902005314827
        ],
        [
            0.11860913038253784,
            -0.012374050915241241,
            0.018832020461559296
        ],
        [
            0.1194804385304451,
            -0.00501425564289093,
            0.02486720122396946
        ],
        [
            0.11986841261386871,
            0.02614384889602661,
            0.057143956422805786
        ],
        [
            0.0959882140159607,
            0.11339286714792252,
            0.055558446794748306
        ],
        [
            0.09390418231487274,
            0.11246709525585175,
            0.05026392266154289
        ],
