{
    "pred_cam": [
        7.337250232696533,
        0.05053727328777313,
        -0.013171498663723469
    ],
    "pred_mano_params": {
        "global_orient": [
            [
                [
                    0.6788056492805481,
                    -0.3476114571094513,
                    0.6468300819396973
                ],
                [
                    -0.04523789510130882,
                    -0.8989810347557068,
                    -0.43564513325691223
                ],
                [
                    0.7329232096672058,
                    0.26645714044570923,
                    -0.6259586215019226
                ]
            ]
        ],
        "hand_pose": [
            [
                [
                    0.9195006489753723,
                    -0.324284166097641,
                    -0.22216735780239105
                ],
                [
                    0.31001460552215576,
                    0.9457346200942993,
                    -0.09735042601823807
                ],
                [
                    0.24168053269386292,
                    0.020638655871152878,
                    0.9701364040374756
                ]
            ],
            [
                [
                    0.7317777872085571,
                    -0.6527339816093445,
                    0.19606007635593414
                ],
                [
                    0.6815183758735657,
                    0.7032776474952698,
                    -0.20231960713863373
                ],
                [
                    -0.00582377752289176,
                    0.28167155385017395,
                    0.9594931602478027
                ]
            ],
            [
                [
                    0.725551426410675,
                    -0.6712988615036011,
                    0.1514362096786499
                ],
                [
                    0.6637228727340698,
                    0.7407556772232056,
                    0.10369624942541122
                ],
                [
                    -0.18178841471672058,
                    0.025274716317653656,
                    0.9830127358436584
                ]
            ],
            [
                [
                    0.7951156497001648,
                    -0.5749524235725403,
                    -0.19292719662189484
                ],
                [
                    0.5631837844848633,
                    0.8180346488952637,
                    -0.11680454015731812
                ],
                [
                    0.22497819364070892,
                    -0.015780368819832802,
                    0.974236011505127
                ]
            ],
            [
                [
                    0.6890830993652344,
                    -0.6981974244117737,
                    -0.19412584602832794
                ],
                [
                    0.724408745765686,
                    0.6710092425346375,
                    0.15804629027843475
                ],
                [
                    0.019912706688046455,
                    -0.24953347444534302,
                    0.9681614637374878
                ]
            ],
            [
                [
                    0.8126733899116516,
                    -0.5709146857261658,
                    0.11669760942459106
                ],
                [
                    0.5733906626701355,
                    0.8191543817520142,
                    0.014464221894741058
                ],
                [
                    -0.10385119915008545,
                    0.05515863373875618,
                    0.9930621385574341
                ]
            ],
            [
                [
                    0.8630703687667847,
                    -0.41576236486434937,
                    0.2867945730686188
                ],
                [
                    0.4181838035583496,
                    0.9066420197486877,
                    0.0558781661093235
                ],
                [
                    -0.283252090215683,
                    0.07170607894659042,
                    0.956360936164856
                ]
            ],
            [
                [
                    0.6895654797554016,
                    -0.6684868335723877,
                    -0.2786124050617218
                ],
                [
                    0.6706844568252563,
                    0.4442773461341858,
                    0.5939697623252869
                ],
                [
                    -0.2732797861099243,
                    -0.5964420437812805,
                    0.7547020316123962
                ]
            ],
            [
                [
                    0.7883495092391968,
                    -0.6051138639450073,
                    0.11109549552202225
                ],
                [
                    0.5138412117958069,
                    0.7469154000282288,
                    0.42200061678886414
                ],
                [
                    -0.33833736181259155,
                    -0.27559855580329895,
                    0.8997628092765808
                ]
            ],
            [
                [
                    0.8349635004997253,
                    -0.5499991178512573,
                    -0.018359199166297913
                ],
                [
                    0.5408740639686584,
                    0.8263466358184814,
                    -0.15686458349227905
                ],
                [
                    0.10144644230604172,
                    0.12104615569114685,
                    0.9874495267868042
                ]
            ],
            [
                [
                    0.6250593662261963,
                    -0.7631226181983948,
                    -0.16414807736873627
                ],
                [
                    0.7453843355178833,
                    0.5210999250411987,
                    0.4157608151435852
                ],
                [
                    -0.23173893988132477,
                    -0.3822286128997803,
                    0.8945380449295044
                ]
            ],
            [
                [
                    0.7545865774154663,
                    -0.6546767354011536,
                    0.04469229653477669
                ],
                [
                    0.6190317869186401,
                    0.7327887415885925,
                    0.2825249433517456
                ],
                [
                    -0.21771253645420074,
                    -0.1855235993862152,
                    0.9582182765007019
                ]
            ],
            [
                [
                    0.852190375328064,
                    0.24213376641273499,
                    -0.46383488178253174
                ],
                [
                    -0.48045000433921814,
                    0.713196873664856,
                    -0.5104097723960876
                ],
                [
                    0.20721811056137085,
                    0.6578157544136047,
                    0.7241126894950867
                ]
            ],
            [
                [
                    0.8502949476242065,
                    -0.48960497975349426,
                    -0.193094402551651
                ],
                [
                    0.5224161744117737,
                    0.7406279444694519,
                    0.4225536584854126
                ],
                [
                    -0.06387326121330261,
                    -0.4601708948612213,
                    0.8855297565460205
                ]
            ],
            [
                [
                    0.9848131537437439,
                    0.16385383903980255,
                    0.05740182101726532
                ],
                [
                    -0.12340279668569565,
                    0.8931812047958374,
                    -0.4324337840080261
                ],
                [
                    -0.12212617695331573,
                    0.41878294944763184,
                    0.8998365998268127
                ]
            ]
        ],
        "betas": [
            -0.03786274790763855,
            -0.007741361856460571,
            -0.04880177974700928,
            0.05334773659706116,
            0.016043812036514282,
            -0.0018304325640201569,
            0.009076803922653198,
            0.08051393926143646,
            -0.018784746527671814,
            0.004742085933685303
        ]
    },
    "pred_cam_t": [
        -0.05053727328777313,
        -0.013171498663723469,
        5.323861122131348
    ],
    "focal_length": [
        5000.0,
        5000.0
    ],
    "pred_keypoints_3d": [
        [
            0.09588603675365448,
            0.006407342851161957,
            0.006184905301779509
        ],
        [
            0.10161485522985458,
            0.010201367549598217,
            -0.03187674283981323
        ],
        [
            0.09247628599405289,
            0.007274070288985968,
            -0.06125319004058838
        ],
        [
            0.07803093641996384,
            0.013186274096369743,
            -0.08348489552736282
        ],
        [
            0.06491126865148544,
            0.020701363682746887,
            -0.11663997173309326
        ],
        [
            0.05112030357122421,
            0.0060677798464894295,
            -0.07290486991405487
        ],
        [
            0.02808084338903427,
            0.0159061960875988,
            -0.09449110925197601
        ],
        [
            0.026112351566553116,
            0.03612670302391052,
            -0.10356564819812775
        ],
        [
            0.037564970552921295,
            0.05797389894723892,
            -0.10459250211715698
        ],
        [
            0.02982965111732483,
            0.013523353263735771,
            -0.06162732094526291
        ],
        [
            0.01028112880885601,
            0.03398260846734047,
            -0.0760841891169548
        ],
        [
            0.013588082045316696,
            0.0569952018558979,
            -0.0778784528374672
        ],
        [
            0.02759222686290741,
            0.07822069525718689,
            -0.07855601608753204
        ],
        [
            0.024405792355537415,
            0.0253175999969244,
            -0.03816992789506912
        ],
        [
            0.007124153897166252,
            0.041348472237586975,
            -0.05490461364388466
        ],
        [
            0.013813566416501999,
            0.06515280157327652,
            -0.05726628005504608
        ],
        [
            0.03219740092754364,
            0.08210337162017822,
            -0.05760319530963898
        ],
        [
            0.02457466721534729,
            0.03729698807001114,
            -0.019886989146471024
        ],
        [
            0.010211996734142303,
            0.04822656884789467,
            -0.030920229852199554
        ],
        [
            0.01527486927807331,
            0.06608963012695312,
            -0.0349547415971756
        ],
        [
            0.03026019223034382,
            0.07609955221414566,
            -0.037353284657001495
        ]
    ],
    "pred_vertices": [
        [
            0.07823796570301056,
            0.01616760343313217,
            -0.04372699558734894
        ],
        [
            0.08549699187278748,
            0.017548615112900734,
            -0.03550730645656586
        ],
        [
            0.08404241502285004,
            0.016746599227190018,
            -0.04558870196342468
        ],
        [
            0.07894820719957352,
            0.015181789174675941,
            -0.05264788120985031
        ],
        [
            0.10087694972753525,
            0.025744646787643433,
            -0.04147645831108093
        ],
        [
            0.1124974936246872,
            0.02184075489640236,
            -0.04380473122000694
        ],
        [
            0.10346455872058868,
            0.019996263086795807,
            -0.05957043170928955
        ],
        [
            0.09509332478046417,
            0.024559618905186653,
            -0.054917000234127045
        ],
        [
            0.07808589190244675,
            0.011932270601391792,
            -0.05967048183083534
        ],
        [
            0.082601398229599,
            0.016077622771263123,
            -0.053845398128032684
        ],
        [
            0.07737772911787033,
            0.006466548889875412,
            -0.060984231531620026
        ],
        [
            0.0724232867360115,
            -0.0011197358835488558,
            -0.06596635282039642
        ],
        [
            0.07314241677522659,
            0.006985566113144159,
            -0.0654277354478836
        ],
        [
            0.06639181822538376,
            -0.003225908614695072,
            -0.07038027793169022
        ],
        [
            0.07483519613742828,
            -0.009836765937507153,
            -0.0594327375292778
        ],
        [
            0.06180641055107117,
            -0.009716593660414219,
            -0.0654996708035469
        ],
        [
            0.06101366877555847,
            -0.010547788813710213,
            -0.03709595650434494
        ],
        [
            0.05468514561653137,
            -0.00551513209939003,
            -0.02642451971769333
        ],
        [
            0.042114853858947754,
            -0.0033070240169763565,
            -0.037847474217414856
        ],
        [
            0.05005405843257904,
            -0.0077478159219026566,
            -0.047954872250556946
        ],
        [
            0.03965283930301666,
            0.00724484957754612,
            -0.019897595047950745
        ],
        [
            0.0401979461312294,
            0.0014795809984207153,
            -0.030310939997434616
        ],
        [
            0.052225030958652496,
            -0.0018428750336170197,
            -0.018573686480522156
        ],
        [
            0.05109138414263725,
            0.0036151837557554245,
            -0.009922981262207031
        ],
        [
            0.07472249865531921,
            0.019880089908838272,
            -0.029365137219429016
        ],
        [
            0.08236822485923767,
            0.0208517387509346,
            -0.020948946475982666
        ],
        [
            0.0840752124786377,
            0.01876142807304859,
            -0.02552669122815132
        ],
        [
            0.07675290107727051,
            0.017989663407206535,
            -0.03386155888438225
        ],
        [
            0.08165960013866425,
            0.0015393560752272606,
            -0.06556816399097443
        ],
        [
            0.08713354915380478,
            -0.005436507519334555,
            -0.059276849031448364
        ],
        [
            0.08049878478050232,
            -0.0014803415397182107,
            -0.06049333140254021
        ],
        [
            0.07916712760925293,
            0.006551059428602457,
            -0.06489504873752594
        ],
        [
            0.0969608873128891,
            0.030161917209625244,
            0.0014522522687911987
        ],
        [
            0.10450601577758789,
            0.023274606093764305,
            0.010284587740898132
        ],
        [
            0.1076703742146492,
            0.020417124032974243,
            0.006205134093761444
        ],
        [
            0.09993194043636322,
            0.02706790715456009,
            -0.0008737891912460327
        ],
        [
            0.11805832386016846,
            0.018430229276418686,
            -0.0171683169901371
        ],
        [
            0.11874287575483322,
            0.012192759662866592,
            -0.006323531270027161
        ],
        [
            0.12465298920869827,
            -0.0005436623468995094,
            -0.006439134478569031
        ],
        [
            0.12262582778930664,
            0.002036868128925562,
            -0.017345517873764038
        ],
        [
            0.1162097230553627,
            0.021821102127432823,
            -0.031047336757183075
        ],
        [
            0.12235313653945923,
            0.008899712935090065,
            -0.031078219413757324
        ],
        [
            0.11775337159633636,
            0.011491579934954643,
            -0.04555511102080345
        ],
        [
            0.10745052248239517,
            0.011728396639227867,
            -0.0619964674115181
        ],
        [
            0.09672407805919647,
            0.026979655027389526,
            0.019824884831905365
        ],
        [
            0.09033605456352234,
            0.03302707150578499,
            0.014677204191684723
        ],
        [
            0.038363076746463776,
            0.02401464805006981,
            -0.09672153741121292
        ],
        [
            0.03536504879593849,
            0.027223655954003334,
            -0.09250343590974808
        ],
        [
            0.03764525055885315,
            0.02539028599858284,
            -0.09076674282550812
        ],
        [
            0.03992233797907829,
            0.022462494671344757,
            -0.09529618918895721
        ],
        [
            0.07901798188686371,
            0.01993846520781517,
            0.026616424322128296
        ],
        [
            0.07512591779232025,
            0.010639116168022156,
            0.027660563588142395
        ],
        [
            0.0802948847413063,
            0.011373594403266907,
            0.03278036415576935
        ],
        [
            0.08528312295675278,
            0.019154246896505356,
            0.030783791095018387
        ],
        [
            0.07084875553846359,
            0.02102743834257126,
            0.020973116159439087
        ],
        [
            0.0684819221496582,
            0.009969174861907959,
            0.020008936524391174
        ],
        [
            0.030121639370918274,
            0.016474958509206772,
            -0.10318142175674438
        ],
        [
            0.034868307411670685,
            0.01866759918630123,
            -0.10308308154344559
        ],
        [
            0.03568214550614357,
            0.014735628850758076,
            -0.10075980424880981
        ],
        [
            0.03114117681980133,
            0.01215639803558588,
            -0.09944477677345276
        ],
        [
            0.07347621023654938,
            0.013196645304560661,
            -0.06051448732614517
        ],
        [
            0.07204075157642365,
            0.016789117828011513,
            -0.052031971514225006
        ],
        [
            0.05960647016763687,
            0.01467219553887844,
            -0.07258906960487366
        ],
        [
            0.06376753747463226,
            0.015118621289730072,
            -0.06350649148225784
        ],
        [
            0.06790155917406082,
            0.010946003720164299,
            -0.06765104085206985
        ],
        [
            0.06349755078554153,
            0.009830091148614883,
            -0.07457243651151657
        ],
        [
            0.05582860857248306,
            0.022526994347572327,
            -0.04236146807670593
        ],
        [
            0.06453537940979004,
            0.021288130432367325,
            -0.034553080797195435
        ],
        [
            0.06629917025566101,
            0.018923502415418625,
            -0.04041161388158798
        ],
        [
            0.057964518666267395,
            0.02030521258711815,
            -0.05047445744276047
        ],
        [
            0.05988567695021629,
            0.029309647157788277,
            -0.023751690983772278
        ],
        [
            0.05150362104177475,
            0.029522674158215523,
            -0.032233066856861115
        ],
        [
            0.04974018409848213,
            0.034105077385902405,
            -0.025178546085953712
        ],
        [
            0.05644211173057556,
            0.03396574780344963,
            -0.020624659955501556
        ],
        [
            0.038742370903491974,
            0.027331620454788208,
            -0.04854710400104523
        ],
        [
            0.03341003507375717,
            0.026633575558662415,
            -0.052904754877090454
        ],
        [
            0.031049193814396858,
            0.029762152582406998,
            -0.051124297082424164
        ],
        [
            0.03737807273864746,
            0.029103107750415802,
            -0.0454668365418911
        ],
        [
            0.085307277739048,
            0.010916261002421379,
            0.03781125321984291
        ],
        [
            0.09156489372253418,
            0.017656860873103142,
            0.03419635817408562
        ],
        [
            0.037538379430770874,
            0.021174635738134384,
            -0.003361351788043976
        ],
        [
            0.04157620668411255,
            0.030019523575901985,
            0.002226993441581726
        ],
        [
            0.03083961457014084,
            0.03366871550679207,
            -0.004081118851900101
        ],
        [
            0.02931678481400013,
            0.023045379668474197,
            -0.008384529501199722
        ],
        [
            0.07439360022544861,
            0.0011436734348535538,
            0.023394230753183365
        ],
        [
            0.07805503904819489,
            0.0018134266138076782,
            0.030343428254127502
        ],
        [
            0.024546317756175995,
            0.016505388543009758,
            -0.10024605691432953
        ],
        [
            0.025953087955713272,
            0.012515529058873653,
            -0.09608117491006851
        ],
        [
            0.11691124737262726,
            -0.001182040199637413,
            -0.041470903903245926
        ],
        [
            0.10738930106163025,
            0.002446136437356472,
            -0.060941122472286224
        ],
        [
            0.11949989199638367,
            -0.005127661861479282,
            -0.025261376053094864
        ],
        [
            0.11928654462099075,
            -0.008968774229288101,
            -0.013782337307929993
        ],
        [
            0.12169086933135986,
            -0.012309742160141468,
            -0.005219079554080963
        ],
        [
            0.05788975954055786,
            0.018200188875198364,
            -0.06212032213807106
        ],
        [
            0.07157761603593826,
            0.017747456207871437,
            -0.0428360253572464
        ],
        [
            0.07290437817573547,
            0.022213399410247803,
            -0.025327447801828384
        ],
        [
            0.0598427839577198,
            0.0418284647166729,
            -0.00538003072142601
        ],
        [
            0.06827613711357117,
            0.04099343717098236,
            0.0011164359748363495
        ],
        [
            0.0703062191605568,
            0.037472791969776154,
            -0.008757106959819794
        ],
        [
            0.06223119795322418,
            0.038368601351976395,
            -0.012209039181470871
        ],
        [
            0.04485665261745453,
            0.03915746137499809,
            0.0007143542170524597
        ],
        [
            0.04797196015715599,
            0.0427602082490921,
            -0.005750130861997604
        ],
        [
            0.04005502164363861,
            0.043680340051651,
            -0.010980525985360146
        ],
        [
            0.035802263766527176,
            0.040973909199237823,
            -0.0052376314997673035
        ],
        [
            0.08718369901180267,
            -0.0022311792708933353,
            -0.06913211196660995
        ],
        [
            0.09427662193775177,
            -0.0077285319566726685,
            -0.0589270144701004
        ],
        [
            0.08491025120019913,
            0.027834732085466385,
            0.02269751951098442
        ],
        [
            0.09164917469024658,
            0.025027304887771606,
            0.02543407306075096
        ],
        [
            0.09738249331712723,
            0.021205343306064606,
            0.0303877592086792
        ],
        [
            0.09103694558143616,
            0.025945693254470825,
            -0.010757435113191605
        ],
        [
            0.10223843157291412,
            0.02519351616501808,
            -0.002640761435031891
        ],
        [
            0.10473164916038513,
            0.02440839633345604,
            -0.006790377199649811
        ],
        [
            0.09227832406759262,
            0.024084150791168213,
            -0.012882348150014877
        ],
        [
            0.0933406800031662,
            0.02289886400103569,
            -0.029885180294513702
        ],
        [
            0.10537292808294296,
            0.02625247836112976,
            -0.02594703808426857
        ],
        [
            0.08907409012317657,
            0.02265482395887375,
            -0.04183383658528328
        ],
        [
            0.11336593329906464,
            0.016483858227729797,
            0.0016828402876853943
        ],
        [
            0.11486312747001648,
            0.017084086313843727,
            0.012787148356437683
        ],
        [
            0.11966706067323685,
            0.011956805363297462,
            0.007290363311767578
        ],
        [
            0.10892876982688904,
            0.020540207624435425,
            0.01980239897966385
        ],
        [
            0.1028246060013771,
            0.022361870855093002,
            0.02606229856610298
        ],
        [
            0.08140048384666443,
            -0.00044362060725688934,
            0.03788405656814575
        ],
        [
            0.12262986600399017,
            0.006101121194660664,
            0.0020377784967422485
        ],
        [
            0.09181498736143112,
            0.022183895111083984,
            -0.06390098482370377
        ],
        [
            0.0885826051235199,
            0.02073889970779419,
            -0.07116943597793579
        ],
        [
            0.08252905309200287,
            0.019277255982160568,
            -0.06681123375892639
        ],
        [
            0.08491304516792297,
            0.020065249875187874,
            -0.059670623391866684
        ],
        [
            0.05869733542203903,
            -0.003500724211335182,
            -0.07630936056375504
        ],
        [
            0.062428511679172516,
            0.0038694115355610847,
            -0.07715362310409546
        ],
        [
            0.06964713335037231,
            0.003913893364369869,
            -0.07040559500455856
        ],
        [
            0.08662474155426025,
            0.03429945185780525,
            -0.001895509660243988
        ],
        [
            0.08161699771881104,
            0.036797963082790375,
            0.009432259947061539
        ],
        [
            0.0534675195813179,
            0.017129037529230118,
            -0.07105175405740738
        ],
        [
            0.03236831724643707,
            0.008436189964413643,
            -0.09648681432008743
        ],
        [
            0.03750205785036087,
            0.011154155246913433,
            -0.09823073446750641
        ],
        [
            0.04794780910015106,
            0.0028909991960972548,
            -0.08740828186273575
        ],
        [
            0.04215178266167641,
            -0.0002863435074687004,
            -0.08548290282487869
        ],
        [
            0.04230544716119766,
            0.015799039974808693,
            -0.07268421351909637
        ],
        [
            0.04892420023679733,
            0.017145659774541855,
            -0.07397659868001938
        ],
        [
            0.04609854146838188,
            0.017068006098270416,
            -0.07499493658542633
        ],
        [
            0.039687056094408035,
            0.017249703407287598,
            -0.07351647317409515
        ],
        [
            0.030581187456846237,
            0.03327445685863495,
            -0.04252214357256889
        ],
        [
            0.03611002489924431,
            0.03303944692015648,
            -0.0378127321600914
        ],
        [
            0.04002342373132706,
            -0.0014603650197386742,
            -0.0591759979724884
        ],
        [
            0.048241328448057175,
            -0.010192027315497398,
            -0.06541118025779724
        ],
        [
            0.056763481348752975,
            -0.011806643567979336,
            -0.0563906729221344
        ],
        [
            0.05385764688253403,
            0.025999173521995544,
            -0.03600943088531494
        ],
        [
            0.04564536362886429,
            0.027514273300766945,
            -0.04246847331523895
        ],
        [
            0.044040437787771225,
            0.029502131044864655,
            -0.039129726588726044
        ],
        [
            0.053105562925338745,
            0.019281480461359024,
            -0.06219249963760376
        ],
        [
            0.048226043581962585,
            0.018444746732711792,
            -0.06832196563482285
        ],
        [
            0.04733920097351074,
            0.019537614658474922,
            -0.0631629228591919
        ],
        [
            0.05156277120113373,
            0.020666763186454773,
            -0.05701390653848648
        ],
        [
            0.05157971382141113,
            0.02607622742652893,
            0.009856391698122025
        ],
        [
            0.05529939383268356,
            0.03703289106488228,
            0.008366566151380539
        ],
        [
            0.03801872208714485,
            0.0211905837059021,
            -0.10064494609832764
        ],
        [
            0.0391661562025547,
            0.018537793308496475,
            -0.09904361516237259
        ],
        [
            0.06245147064328194,
            0.024716245010495186,
            -0.028479889035224915
        ],
        [
            0.06718670576810837,
            -0.012392212636768818,
            -0.045863986015319824
        ],
        [
            0.0711258128285408,
            0.025099977850914,
            -0.020990919321775436
        ],
        [
            0.024090897291898727,
            0.02107788249850273,
            -0.027521628886461258
        ],
        [
            0.02345523238182068,
            0.028794683516025543,
            -0.02798597700893879
        ],
        [
            0.0210235845297575,
            0.03003406710922718,
            -0.03287608176469803
        ],
        [
            0.018972355872392654,
            0.024462373927235603,
            -0.03364134207367897
        ],
        [
            0.03006094880402088,
            0.022489750757813454,
            -0.0821363627910614
        ],
        [
            0.03453686833381653,
            0.02501581981778145,
            -0.08481751382350922
        ],
        [
            0.033011503517627716,
            0.02645673044025898,
            -0.08664635568857193
        ],
        [
            0.027594033628702164,
            0.024474062025547028,
            -0.08501329272985458
        ],
        [
            0.05376354604959488,
            0.015356915071606636,
            -0.07683838158845901
        ],
        [
            0.05766276642680168,
            0.011048833839595318,
            -0.07980792224407196
        ],
        [
            0.052469540387392044,
            0.01334667019546032,
            -0.08315059542655945
        ],
        [
            0.04924449697136879,
            0.01618041656911373,
            -0.07900315523147583
        ],
        [
            0.05616725608706474,
            0.005168424919247627,
            -0.08243074268102646
        ],
        [
            0.05180176720023155,
            0.0077767097391188145,
            -0.08624691516160965
        ],
        [
            0.025892991572618484,
            0.0175494197756052,
            -0.08262918144464493
        ],
        [
            0.024720052257180214,
            0.011642412282526493,
            -0.08726498484611511
        ],
        [
            0.03313669562339783,
            0.0045309849083423615,
            -0.07605019211769104
        ],
        [
            0.033860161900520325,
            0.012227426283061504,
            -0.0744163990020752
        ],
        [
            0.06157483160495758,
            -0.0009118914604187012,
            -5.114451050758362e-05
        ],
        [
            0.05922889709472656,
            0.006643414497375488,
            0.007827408611774445
        ],
        [
            0.04865792766213417,
            0.011290227994322777,
            -0.0017071478068828583
        ],
        [
            0.03757205605506897,
            0.015183885581791401,
            -0.010282203555107117
        ],
        [
            0.02799050696194172,
            0.019136471673846245,
            -0.019559361040592194
        ],
        [
            0.02914297580718994,
            0.009719030931591988,
            -0.027627168223261833
        ],
        [
            0.04848160594701767,
            0.016699036583304405,
            0.004421912133693695
        ],
        [
            0.037932008504867554,
            0.010762182995676994,
            -0.06773854047060013
        ],
        [
            0.03941115736961365,
            0.0008121505379676819,
            -0.06837175786495209
        ],
        [
            0.03711571544408798,
            0.004710805602371693,
            -0.06479181349277496
        ],
        [
            0.06879954040050507,
            0.030444929376244545,
            -0.016316678375005722
        ],
        [
            0.040907956659793854,
            0.015241670422255993,
            -0.09740045666694641
        ],
        [
            0.10119402408599854,
            -0.02066129446029663,
            -0.001997828483581543
        ],
        [
            0.09137298166751862,
            -0.018871193751692772,
            0.007135652005672455
        ],
        [
            0.08745908737182617,
            -0.01738901436328888,
            -0.0006044283509254456
        ],
        [
            0.09886224567890167,
            -0.01849064789712429,
            -0.01096159964799881
        ],
        [
            0.039460062980651855,
            0.024132676422595978,
            -0.08976167440414429
        ],
        [
            0.04222693666815758,
            0.020550504326820374,
            -0.09422291815280914
        ],
        [
            0.03212285041809082,
            0.03643329069018364,
            -0.03331374377012253
        ],
        [
            0.02774912863969803,
            0.035325758159160614,
            -0.037859659641981125
        ],
        [
            0.024139853194355965,
            0.03499739244580269,
            -0.03570905700325966
        ],
        [
            0.02654353901743889,
            0.03866542875766754,
            -0.031131479889154434
        ],
        [
            0.059626318514347076,
            0.010654179379343987,
            0.012218214571475983
        ],
        [
            0.024222640320658684,
            0.03638806194067001,
            -0.008874334394931793
        ],
        [
            0.02303878590464592,
            0.02700211852788925,
            -0.012181920930743217
        ],
        [
            0.06862358003854752,
            0.0023165028542280197,
            0.015881840139627457
        ],
        [
            0.070447638630867,
            -0.004763595759868622,
            0.009349867701530457
        ],
        [
            0.07659770548343658,
            -0.007178127765655518,
            0.01655566319823265
        ],
        [
            0.02942034788429737,
            0.00656295008957386,
            -0.04290833696722984
        ],
        [
            0.06240326911211014,
            -0.005251554772257805,
            -0.007577534765005112
        ],
        [
            0.07209330797195435,
            -0.008469795808196068,
            0.0028013549745082855
        ],
        [
            0.07955165952444077,
            -0.011506184935569763,
            0.011116962879896164
        ],
        [
            0.08421652764081955,
            -0.01380368135869503,
            0.01771155372262001
        ],
        [
            0.08057995140552521,
            -0.008706364780664444,
            0.022968508303165436
        ],
        [
            0.027677366510033607,
            0.009177208878099918,
            -0.09218629449605942
        ],
        [
            0.021793201565742493,
            0.015490856021642685,
            -0.09116204082965851
        ],
        [
            0.08413133025169373,
            -0.011533992365002632,
            0.030913300812244415
        ],
        [
            0.08847545832395554,
            -0.01667683571577072,
            0.02447851374745369
        ],
        [
            0.07543082535266876,
            -0.012405401095747948,
            -0.004872497171163559
        ],
        [
            0.0807797983288765,
            -0.0159271452575922,
            -0.014147825539112091
        ],
        [
            0.0659976452589035,
            -0.00893516093492508,
            -0.014642816036939621
        ],
        [
            0.07017385959625244,
            -0.012451866641640663,
            -0.024659641087055206
        ],
        [
            0.03334032744169235,
            -0.0025645066052675247,
            -0.047430962324142456
        ],
        [
            0.018652331084012985,
            0.03249944746494293,
            -0.09894408285617828
        ],
        [
            0.020305758342146873,
            0.0239742249250412,
            -0.09154099225997925
        ],
        [
            0.024620138108730316,
            0.026886263862252235,
            -0.08879099041223526
        ],
        [
            0.02053213305771351,
            0.03437470272183418,
            -0.09551287442445755
        ],
        [
            0.02333054691553116,
            0.020605819299817085,
            -0.08638788759708405
        ],
        [
            0.020359976217150688,
            0.019723573699593544,
            -0.09545298665761948
        ],
        [
            0.07914113998413086,
            -0.014098487794399261,
            -0.035551510751247406
        ],
        [
            0.042056500911712646,
            0.018824568018317223,
            -0.067918561398983
        ],
        [
            0.09383746981620789,
            -0.015489521436393261,
            -0.026299867779016495
        ],
        [
            0.08449225127696991,
            -0.013690459541976452,
            -0.05033174157142639
        ],
        [
            0.0963563621044159,
            -0.01262090727686882,
            -0.04471881315112114
        ],
        [
            0.10978712141513824,
            -0.01549519319087267,
            -0.019255947321653366
        ],
        [
            0.109562948346138,
            -0.011610777117311954,
            -0.03594047576189041
        ],
        [
            0.11371742188930511,
            -0.0196439977735281,
            -0.0016193166375160217
        ],
        [
            0.11036458611488342,
            -0.017686164006590843,
