{
    "pred_cam": [
        13.515584945678711,
        0.053022049367427826,
        -0.06693845242261887
    ],
    "pred_mano_params": {
        "global_orient": [
            [
                [
                    0.4759303331375122,
                    -0.07942306250333786,
                    0.8758894205093384
                ],
                [
                    -0.2658228278160095,
                    -0.9623246788978577,
                    0.05717888101935387
                ],
                [
                    0.8383486866950989,
                    -0.26004457473754883,
                    -0.4791119694709778
                ]
            ]
        ],
        "hand_pose": [
            [
                [
                    0.718397855758667,
                    -0.5701484084129333,
                    -0.3985416889190674
                ],
                [
                    0.5526451468467712,
                    0.8157288432121277,
                    -0.170791357755661
                ],
                [
                    0.42247840762138367,
                    -0.09755601733922958,
                    0.9011076092720032
                ]
            ],
            [
                [
                    0.9818664789199829,
                    -0.17727157473564148,
                    0.06717856973409653
                ],
                [
                    0.18953117728233337,
                    0.9254458546638489,
                    -0.3280669152736664
                ],
                [
                    -0.0040131909772753716,
                    0.33485034108161926,
                    0.9422627687454224
                ]
            ],
            [
                [
                    0.3748323321342468,
                    -0.9187944531440735,
                    0.12376337498426437
                ],
                [
                    0.9159049391746521,
                    0.3876710832118988,
                    0.10406361520290375
                ],
                [
                    -0.14359256625175476,
                    0.07434908300638199,
                    0.986840009689331
                ]
            ],
            [
                [
                    0.5062624216079712,
                    -0.8382567763328552,
                    -0.202543705701828
                ],
                [
                    0.8458901643753052,
                    0.5284007787704468,
                    -0.07254305481910706
                ],
                [
                    0.16783395409584045,
                    -0.13460390269756317,
                    0.9765826463699341
                ]
            ],
            [
                [
                    0.9679455757141113,
                    -0.25099679827690125,
                    0.00905288103967905
                ],
                [
                    0.2376258373260498,
                    0.9268634915351868,
                    0.2906166613101959
                ],
                [
                    -0.08133464306592941,
                    -0.2791499197483063,
                    0.9567967653274536
                ]
            ],
            [
                [
                    0.4336569905281067,
                    -0.8526263236999512,
                    -0.2914959788322449
                ],
                [
                    0.8930143117904663,
                    0.4498482942581177,
                    0.012725627049803734
                ],
                [
                    0.1202787384390831,
                    -0.2658286392688751,
                    0.9564873576164246
                ]
            ],
            [
                [
                    0.5354522466659546,
                    -0.8382231593132019,
                    0.10330890119075775
                ],
                [
                    0.8094974160194397,
                    0.5442472696304321,
                    0.22024720907211304
                ],
                [
                    -0.24084192514419556,
                    -0.03430357947945595,
                    0.9699578881263733
                ]
            ],
            [
                [
                    0.9131583571434021,
                    -0.4031546115875244,
                    -0.06006826087832451
                ],
                [
                    0.3992823660373688,
                    0.8551183938980103,
                    0.33067527413368225
                ],
                [
                    -0.08194779604673386,
                    -0.32594308257102966,
                    0.9418310523033142
                ]
            ],
            [
                [
                    0.5468884706497192,
                    -0.8288773894309998,
                    0.1177930235862732
                ],
                [
                    0.7413382530212402,
                    0.544823944568634,
                    0.3918984532356262
                ],
                [
                    -0.38901224732398987,
                    -0.12700028717517853,
                    0.9124364852905273
                ]
            ],
            [
                [
                    0.5159748196601868,
                    -0.8560523390769958,
                    0.03072977066040039
                ],
                [
                    0.850013256072998,
                    0.5072339773178101,
                    -0.14209558069705963
                ],
                [
                    0.10605407506227493,
                    0.09943845123052597,
                    0.9893757700920105
                ]
            ],
            [
                [
                    0.9063126444816589,
                    -0.42204779386520386,
                    0.02175147831439972
                ],
                [
                    0.34355854988098145,
                    0.7657815217971802,
                    0.5436415076255798
                ],
                [
                    -0.24609960615634918,
                    -0.4852362275123596,
                    0.8390356302261353
                ]
            ],
            [
                [
                    0.4946928322315216,
                    -0.7399359345436096,
                    -0.4558221697807312
                ],
                [
                    0.832135796546936,
                    0.5545644760131836,
                    0.0028725408483296633
                ],
                [
                    0.250657320022583,
                    -0.38072696328163147,
                    0.8900662660598755
                ]
            ],
            [
                [
                    0.8032256364822388,
                    -0.35713323950767517,
                    -0.4767436385154724
                ],
                [
                    -0.33710959553718567,
                    0.38731148838996887,
                    -0.8581066727638245
                ],
                [
                    0.49110665917396545,
                    0.8499680757522583,
                    0.19070547819137573
                ]
            ],
            [
                [
                    0.8010535836219788,
                    -0.5413621068000793,
                    -0.25542160868644714
                ],
                [
                    0.5834603309631348,
                    0.6108137369155884,
                    0.5352388024330139
                ],
                [
                    -0.13374297320842743,
                    -0.5777833461761475,
                    0.8051578402519226
                ]
            ],
            [
                [
                    0.8552196025848389,
                    0.44621554017066956,
                    0.26361170411109924
                ],
                [
                    -0.41531607508659363,
                    0.8943222761154175,
                    -0.16643457114696503
                ],
                [
                    -0.31001946330070496,
                    0.032855965197086334,
                    0.950162410736084
                ]
            ]
        ],
        "betas": [
            0.024411916732788086,
            -0.07184866070747375,
            -0.08743792772293091,
            -0.06919053196907043,
            -0.057369500398635864,
            -0.02572302147746086,
            0.08226911723613739,
            -0.03531196713447571,
            0.01578645408153534,
            -0.11326864361763
        ]
    },
    "pred_cam_t": [
        -0.053022049367427826,
        -0.06693845242261887,
        2.8901820182800293
    ],
    "focal_length": [
        5000.0,
        5000.0
    ],
    "pred_keypoints_3d": [
        [
            0.09567579627037048,
            0.006353564094752073,
            0.006208267994225025
        ],
        [
            0.10793174058198929,
            0.029094260185956955,
            -0.022243451327085495
        ],
        [
            0.09203924983739853,
            0.04893621802330017,
            -0.0395408496260643
        ],
        [
            0.07196298986673355,
            0.06544438004493713,
            -0.04723323509097099
        ],
        [
            0.05696187540888786,
            0.08439012616872787,
            -0.07528075575828552
        ],
        [
            0.07217461615800858,
            0.03590831905603409,
            -0.07606028020381927
        ],
        [
            0.04999969154596329,
            0.056875910609960556,
            -0.08867217600345612
        ],
        [
            0.03760945424437523,
            0.07521091401576996,
            -0.09042499959468842
        ],
        [
            0.04123677313327789,
            0.0925673246383667,
            -0.07348450273275375
        ],
        [
            0.047770872712135315,
            0.032728154212236404,
            -0.07109660655260086
        ],
        [
            0.03249390050768852,
            0.060480520129203796,
            -0.07298912107944489
        ],
        [
            0.028617313131690025,
            0.08304612338542938,
            -0.06874710321426392
        ],
        [
            0.04003938287496567,
            0.09636954963207245,
            -0.05046315863728523
        ],
        [
            0.03375864773988724,
            0.030350325629115105,
            -0.04852801188826561
        ],
        [
            0.020802294835448265,
            0.05583474040031433,
            -0.052888739854097366
        ],
        [
            0.02024410106241703,
            0.07910212874412537,
            -0.04420886188745499
        ],
        [
            0.028670232743024826,
            0.08839520812034607,
            -0.02168935537338257
        ],
        [
            0.025955617427825928,
            0.03169863298535347,
            -0.028223726898431778
        ],
        [
            0.015265816822648048,
            0.049907177686691284,
            -0.028856733813881874
        ],
        [
            0.013205230236053467,
            0.06726594269275665,
            -0.021542411297559738
        ],
        [
            0.023908056318759918,
            0.07459522783756256,
            -0.010189834050834179
        ]
    ],
    "pred_vertices": [
        [
            0.0867854505777359,
            0.03509960323572159,
            -0.037168342620134354
        ],
        [
            0.09145516157150269,
            0.03204923868179321,
            -0.025768529623746872
        ],
        [
            0.08928569406270981,
            0.03673193231225014,
            -0.030532121658325195
        ],
        [
            0.08821072429418564,
            0.039036691188812256,
            -0.042692575603723526
        ],
        [
            0.09856021404266357,
            0.0446244478225708,
            -0.01404835656285286
        ],
        [
            0.1100788414478302,
            0.047890160232782364,
            -0.015692517161369324
        ],
        [
            0.09946855157613754,
            0.0567166693508625,
            -0.02722996473312378
        ],
        [
            0.0912315621972084,
            0.052791450172662735,
            -0.021910693496465683
        ],
        [
            0.08754535019397736,
            0.0408223420381546,
            -0.04699927568435669
        ],
        [
            0.08698129653930664,
            0.04162193834781647,
            -0.034635767340660095
        ],
        [
            0.08577508479356766,
            0.03926188126206398,
            -0.04715069383382797
        ],
        [
            0.08882725238800049,
            0.03291373699903488,
            -0.06277899444103241
        ],
        [
            0.08801013976335526,
            0.03823748603463173,
            -0.059281185269355774
        ],
        [
            0.08668621629476547,
            0.031053120270371437,
            -0.07160061597824097
        ],
        [
            0.09259814769029617,
            0.023649966344237328,
            -0.061599574983119965
        ],
        [
            0.08359271287918091,
            0.02241460233926773,
            -0.07300505042076111
        ],
        [
            0.07856934517621994,
            0.006608448922634125,
            -0.049766555428504944
        ],
        [
            0.0688542053103447,
            0.004175644367933273,
            -0.04071526974439621
        ],
        [
            0.058509957045316696,
            0.008935132995247841,
            -0.05442635715007782
        ],
        [
            0.0696011558175087,
            0.01180473156273365,
            -0.06185314804315567
        ],
        [
            0.04868175834417343,
            0.008690381422638893,
            -0.03592394292354584
        ],
        [
            0.05355337634682655,
            0.009083550423383713,
            -0.04678182676434517
        ],
        [
            0.06361199915409088,
            0.003031354397535324,
            -0.03347604721784592
        ],
        [
            0.05881340801715851,
            0.0032442398369312286,
            -0.0244385227560997
        ],
        [
            0.07971139252185822,
            0.030822832137346268,
            -0.02572355791926384
        ],
        [
            0.08512970805168152,
            0.028615735471248627,
            -0.015968088060617447
        ],
        [
            0.08886590600013733,
            0.028514713048934937,
            -0.020025167614221573
        ],
        [
            0.08326810598373413,
            0.03157844394445419,
            -0.029568448662757874
        ],
        [
            0.08395903557538986,
            0.044970232993364334,
            -0.04760231822729111
        ],
        [
            0.09666377305984497,
            0.03398141264915466,
            -0.051192231476306915
        ],
        [
            0.09015906602144241,
            0.03504108637571335,
            -0.05094701796770096
        ],
        [
            0.08084294945001602,
            0.04644272103905678,
            -0.04335185885429382
        ],
        [
            0.0899757370352745,
            0.028981227427721024,
            0.012276120483875275
        ],
        [
            0.0971493348479271,
            0.020122798159718513,
            0.0195302814245224
        ],
        [
            0.10197582840919495,
            0.0201050266623497,
            0.015950031578540802
        ],
        [
            0.09461122751235962,
            0.027786854654550552,
            0.009921610355377197
        ],
        [
            0.11607851833105087,
            0.03133691847324371,
            0.0003897547721862793
        ],
        [
            0.11760784685611725,
            0.021333999931812286,
            0.005772888660430908
        ],
        [
            0.12662144005298615,
            0.012684401124715805,
            0.002454511821269989
        ],
        [
            0.12544074654579163,
            0.02108636125922203,
            -0.005915187299251556
        ],
        [
            0.1141275018453598,
            0.040514085441827774,
            -0.007298722863197327
        ],
        [
            0.12368282675743103,
            0.03429977223277092,
            -0.013136543333530426
        ],
        [
            0.11792059242725372,
            0.045095764100551605,
            -0.023094523698091507
        ],
        [
            0.10448455810546875,
            0.05604657903313637,
            -0.03483642637729645
        ],
        [
            0.08671388030052185,
            0.017228834331035614,
            0.02634354680776596
        ],
        [
            0.07995569705963135,
            0.023750049993395805,
            0.022244028747081757
        ],
        [
            0.05428101867437363,
            0.06719676405191422,
            -0.08565763384103775
        ],
        [
            0.05000714212656021,
            0.066210076212883,
            -0.08170223236083984
        ],
        [
            0.0545240119099617,
            0.06346920132637024,
            -0.08011511713266373
        ],
        [
            0.057634953409433365,
            0.06457612663507462,
            -0.08478689193725586
        ],
        [
            0.0712752565741539,
            0.004636615514755249,
            0.022985707968473434
        ],
        [
            0.07060838490724564,
            -0.004430890083312988,
            0.0186951644718647
        ],
        [
            0.07402229309082031,
            -0.005332976579666138,
            0.02507513388991356
        ],
        [
            0.07643572986125946,
            0.0031245797872543335,
            0.028332363814115524
        ],
        [
            0.06455434113740921,
            0.006664644926786423,
            0.01585545763373375
        ],
        [
            0.0663328617811203,
            -0.0025843754410743713,
            0.009724278002977371
        ],
        [
            0.05082392320036888,
            0.062017664313316345,
            -0.09673140943050385
        ],
        [
            0.0540674664080143,
            0.06524308770895004,
            -0.09432854503393173
        ],
        [
            0.05695116147398949,
            0.06061229854822159,
            -0.09393266588449478
        ],
        [
            0.05378494784235954,
            0.05656001716852188,
            -0.09503224492073059
        ],
        [
            0.08654540032148361,
            0.0402982234954834,
            -0.05384312942624092
        ],
        [
            0.08287699520587921,
            0.038695525377988815,
            -0.04652484878897667
        ],
        [
            0.07806241512298584,
            0.04401972144842148,
            -0.06853281706571579
        ],
        [
            0.07871551811695099,
            0.041128624230623245,
            -0.05997072905302048
        ],
        [
            0.08449259400367737,
            0.04043707624077797,
            -0.06346423178911209
        ],
        [
            0.08296174556016922,
            0.04197847843170166,
            -0.07098133862018585
        ],
        [
            0.06435853987932205,
            0.03573321923613548,
            -0.04207811877131462
        ],
        [
            0.07096884399652481,
            0.032612767070531845,
            -0.03298370912671089
        ],
        [
            0.07466933131217957,
            0.03377365693449974,
            -0.038258813321590424
        ],
        [
            0.06883536279201508,
            0.0382075272500515,
            -0.049019500613212585
        ],
        [
            0.061762988567352295,
            0.033216506242752075,
            -0.022261913865804672
        ],
        [
            0.05595216900110245,
            0.035769764333963394,
            -0.032209910452365875
        ],
        [
            0.051410503685474396,
            0.03569851443171501,
            -0.02494099736213684
        ],
        [
            0.05646459758281708,
            0.0349125973880291,
            -0.01890043169260025
        ],
        [
            0.04906225576996803,
            0.039081133902072906,
            -0.05104181542992592
        ],
        [
            0.04640074074268341,
            0.039697855710983276,
            -0.05574933439493179
        ],
        [
            0.04312395676970482,
            0.04204566404223442,
            -0.05276200547814369
        ],
        [
            0.046894654631614685,
            0.039116669446229935,
            -0.04792501777410507
        ],
        [
            0.07767921686172485,
            -0.0072774738073349,
            0.030835963785648346
        ],
        [
            0.0819520354270935,
            0.0013147816061973572,
            0.032753489911556244
        ],
        [
            0.03834844380617142,
            0.011758562177419662,
            -0.016728665679693222
        ],
        [
            0.03850245475769043,
            0.01712825335562229,
            -0.00688924640417099
        ],
        [
            0.028773371130228043,
            0.021178044378757477,
            -0.014706768095493317
        ],
        [
            0.030637679621577263,
            0.013795765116810799,
            -0.023862890899181366
        ],
        [
            0.07403071969747543,
            -0.010447375476360321,
            0.011016428470611572
        ],
        [
            0.07568223774433136,
            -0.012569788843393326,
            0.018370825797319412
        ],
        [
            0.04568924009799957,
            0.05867123603820801,
            -0.09587697684764862
        ],
        [
            0.04915757477283478,
            0.05355600267648697,
            -0.09295386075973511
        ],
        [
            0.1223592758178711,
            0.03377361595630646,
            -0.029614444822072983
        ],
        [
            0.10774698853492737,
            0.05013061314821243,
            -0.04172628000378609
        ],
        [
            0.12665240466594696,
            0.01975291781127453,
            -0.018205195665359497
        ],
        [
            0.12633362412452698,
            0.009134877473115921,
            -0.010303325951099396
        ],
        [
            0.12775634229183197,
            0.001764986664056778,
            -0.0030963346362113953
        ],
        [
            0.07241657376289368,
            0.04170285910367966,
            -0.059599369764328
        ],
        [
            0.08036068081855774,
            0.034902121871709824,
            -0.03886258229613304
        ],
        [
            0.07631982862949371,
            0.030599433928728104,
            -0.02195585146546364
        ],
        [
            0.053552642464637756,
            0.0347948856651783,
            -0.0017228536307811737
        ],
        [
            0.060011960566043854,
            0.03270317241549492,
            0.006280787289142609
        ],
        [
            0.06528913974761963,
            0.03495310992002487,
            -0.002714008092880249
        ],
        [
            0.05843421444296837,
            0.03571753576397896,
            -0.00803607702255249
        ],
        [
            0.03912527114152908,
            0.026250015944242477,
            -0.0030572079122066498
        ],
        [
            0.042538151144981384,
            0.03305009379982948,
            -0.005653783679008484
        ],
        [
            0.036835119128227234,
            0.03443443402647972,
            -0.011921465396881104
        ],
        [
            0.031878598034381866,
            0.028529975563287735,
            -0.010278332978487015
        ],
        [
            0.08860286325216293,
            0.04767376556992531,
            -0.052190955728292465
        ],
        [
            0.10303285717964172,
            0.03511319309473038,
            -0.05099787563085556
        ],
        [
            0.07490694522857666,
            0.014369463548064232,
            0.024979103356599808
        ],
        [
            0.0814579576253891,
            0.011905735358595848,
            0.028505325317382812
        ],
        [
            0.08692008256912231,
            0.007225800305604935,
            0.03304444998502731
        ],
        [
            0.08938916772603989,
            0.02950582653284073,
            -0.002309143543243408
        ],
        [
            0.09804551303386688,
            0.027168981730937958,
            0.008301936089992523
        ],
        [
            0.10170716047286987,
            0.028282510116696358,
            0.005327433347702026
        ],
        [
            0.09225094318389893,
            0.028348540887236595,
            -0.004715345799922943
        ],
        [
            0.0957237035036087,
            0.03275986388325691,
            -0.01391538605093956
        ],
        [
            0.10423973947763443,
            0.03682689368724823,
            -0.005359433591365814
        ],
        [
            0.08982579410076141,
            0.03880351781845093,
            -0.019106443971395493
        ],
        [
            0.10955063998699188,
            0.01976565271615982,
            0.012290999293327332
        ],
        [
            0.1081249937415123,
            0.01529301330447197,
            0.02257901430130005
        ],
        [
            0.11536003649234772,
            0.014490282163023949,
            0.017434678971767426
        ],
        [
            0.10003430396318436,
            0.01381772756576538,
            0.02786068618297577
        ],
        [
            0.09247893840074539,
            0.011300783604383469,
            0.031754784286022186
        ],
        [
            0.07783976197242737,
            -0.01758449524641037,
            0.024911977350711823
        ],
        [
            0.12108973413705826,
            0.012977730482816696,
            0.011693932116031647
        ],
        [
            0.08719957619905472,
            0.05841019004583359,
            -0.02897617220878601
        ],
        [
            0.08271721005439758,
            0.06342443078756332,
            -0.03414737433195114
        ],
        [
            0.07870601862668991,
            0.057420872151851654,
            -0.0330500528216362
        ],
        [
            0.08270444720983505,
            0.051812976598739624,
            -0.028910016641020775
        ],
        [
            0.08148393034934998,
            0.0324506014585495,
            -0.07973767071962357
        ],
        [
            0.083692766726017,
            0.03887033835053444,
            -0.075715571641922
        ],
        [
            0.08797852694988251,
            0.03688482940196991,
            -0.06735990941524506
        ],
        [
            0.07976549863815308,
            0.03220551460981369,
            0.0075300633907318115
        ],
        [
            0.07182734459638596,
            0.027822919189929962,
            0.016281072050333023
        ],
        [
            0.07173595577478409,
            0.04413476958870888,
            -0.06768397986888885
        ],
        [
            0.05565215274691582,
            0.05159510672092438,
            -0.09447219222784042
        ],
        [
            0.05975079536437988,
            0.055784378200769424,
            -0.09343298524618149
        ],
        [
            0.07210662961006165,
            0.043082352727651596,
            -0.08772843331098557
        ],
        [
            0.06691572815179825,
            0.03887096792459488,
            -0.08938761055469513
        ],
        [
            0.06239785626530647,
            0.04226423799991608,
            -0.07125909626483917
        ],
        [
            0.06864370405673981,
            0.04499432072043419,
            -0.06962136179208755
        ],
        [
            0.06615494936704636,
            0.04517095535993576,
            -0.07035022974014282
        ],
        [
            0.05971754714846611,
            0.04371834173798561,
            -0.07029387354850769
        ],
        [
            0.039639078080654144,
            0.04053685814142227,
            -0.04432504251599312
        ],
        [
            0.04322249814867973,
            0.0384262353181839,
            -0.04019172489643097
        ],
        [
            0.060903627425432205,
            0.020753342658281326,
            -0.07197209447622299
        ],
        [
            0.07184869796037674,
            0.01823555864393711,
            -0.07876210659742355
        ],
        [
            0.07856209576129913,
            0.01443854346871376,
            -0.06858103722333908
        ],
        [
            0.06004616618156433,
            0.03516296669840813,
            -0.03602151200175285
        ],
        [
            0.0536036342382431,
            0.03786514699459076,
            -0.04365575313568115
        ],
        [
            0.05092078447341919,
            0.0375894196331501,
            -0.04052022844552994
        ],
        [
            0.06779038161039352,
            0.04179615154862404,
            -0.060677435249090195
        ],
        [
            0.06579817831516266,
            0.04294263571500778,
            -0.06675159931182861
        ],
        [
            0.06268604099750519,
            0.04138925299048424,
            -0.06328016519546509
        ],
        [
            0.06442707777023315,
            0.04039214178919792,
            -0.056497834622859955
        ],
        [
            0.047414395958185196,
            0.012349531054496765,
            0.0016516298055648804
        ],
        [
            0.04769869148731232,
            0.0230574868619442,
            0.006169881671667099
        ],
        [
            0.055537253618240356,
            0.06698398292064667,
            -0.09027306735515594
        ],
        [
            0.058580756187438965,
            0.06335894763469696,
            -0.08989948034286499
        ],
        [
            0.06663759052753448,
            0.03215717896819115,
            -0.027226168662309647
        ],
        [
            0.08618159592151642,
            0.011457068845629692,
            -0.05612161010503769
        ],
        [
            0.07278817892074585,
            0.030622264370322227,
            -0.0177408829331398
        ],
        [
            0.03231286257505417,
            0.022482000291347504,
            -0.041842229664325714
        ],
        [
            0.030231943354010582,
            0.030529873445630074,
            -0.03789259493350983
        ],
        [
            0.029041463509202003,
            0.033388249576091766,
            -0.04114767909049988
        ],
        [
            0.02871280163526535,
            0.02913942188024521,
            -0.0456358902156353
        ],
        [
            0.0490991473197937,
            0.05310719460248947,
            -0.07600671052932739
        ],
        [
            0.05304481461644173,
            0.057422444224357605,
            -0.07574804872274399
        ],
        [
            0.04969422519207001,
            0.0608234778046608,
            -0.07719068229198456
        ],
        [
            0.04555613920092583,
            0.056927166879177094,
            -0.07805201411247253
        ],
        [
            0.07402535527944565,
            0.046081848442554474,
            -0.07159148156642914
        ],
        [
            0.07890558242797852,
            0.045203860849142075,
            -0.07536356151103973
        ],
        [
            0.0739976018667221,
            0.04859805107116699,
            -0.0772649347782135
        ],
        [
            0.06978973746299744,
            0.04760037362575531,
            -0.07313857227563858
        ],
        [
            0.07914964109659195,
            0.042293816804885864,
            -0.08059108257293701
        ],
        [
            0.0747266486287117,
            0.04639700427651405,
            -0.08307997137308121
        ],
        [
            0.04674679785966873,
            0.048827897757291794,
            -0.08022256940603256
        ],
        [
            0.047700185328722,
            0.04657121002674103,
            -0.08726827800273895
        ],
        [
            0.056297894567251205,
            0.03512931242585182,
            -0.08148675411939621
        ],
        [
            0.055109258741140366,
            0.04013408347964287,
            -0.07524620741605759
        ],
        [
            0.06797407567501068,
            -0.003300778567790985,
            -0.014098774641752243
        ],
        [
            0.06154763698577881,
            -0.0012677758932113647,
            -0.00522126629948616
        ],
        [
            0.05213886871933937,
            0.005122881382703781,
            -0.01529773697257042
        ],
        [
            0.0419679656624794,
            0.010283896699547768,
            -0.025331251323223114
        ],
        [
            0.03361941874027252,
            0.016163339838385582,
            -0.03548390418291092
        ],
        [
            0.03951561450958252,
            0.012551641091704369,
            -0.04578924551606178
        ],
        [
            0.04884205758571625,
            0.006618451327085495,
            -0.007920198142528534
        ],
        [
            0.05874534696340561,
            0.03534113988280296,
            -0.0725061222910881
        ],
        [
            0.061765022575855255,
            0.027951408177614212,
            -0.07761114835739136
        ],
        [
            0.05855708196759224,
            0.029168128967285156,
            -0.07402332127094269
        ],
        [
            0.0678800642490387,
            0.032389964908361435,
            -0.012431226670742035
        ],
        [
            0.06189248710870743,
            0.05884736776351929,
            -0.08990006893873215
        ],
        [
            0.11124694347381592,
            -0.011195335537195206,
            -0.010695479810237885
        ],
        [
            0.09964395314455032,
            -0.01629943773150444,
            -0.005100943148136139
        ],
        [
            0.09728214144706726,
            -0.011949967592954636,
            -0.012377329170703888
        ],
        [
            0.11043153703212738,
            -0.00494224950671196,
            -0.018768221139907837
        ],
        [
            0.0583772212266922,
            0.06040703505277634,
            -0.07897583395242691
        ],
        [
            0.06179332733154297,
            0.061192505061626434,
            -0.08409433811903
        ],
        [
            0.03806602954864502,
            0.038915734738111496,
            -0.03593563288450241
        ],
        [
            0.03540020063519478,
            0.04010400176048279,
            -0.04049922153353691
        ],
        [
            0.031492799520492554,
            0.03874141350388527,
            -0.03932490572333336
        ],
        [
            0.03223799541592598,
            0.03984352946281433,
            -0.0340074859559536
        ],
        [
            0.05955902487039566,
            -5.606561899185181e-06,
            0.00027597323060035706
        ],
        [
            0.023854773491621017,
            0.026580210775136948,
            -0.01882888749241829
        ],
        [
            0.025259502232074738,
            0.019823022186756134,
            -0.027563178911805153
        ],
        [
            0.06994796544313431,
            -0.006921306252479553,
            0.003159470856189728
        ],
        [
            0.07539554685354233,
            -0.009380236268043518,
            -0.004578080028295517
        ],
        [
            0.08030390739440918,
            -0.013705048710107803,
            0.002654716372489929
        ],
        [
            0.04494861513376236,
            0.018240461125969887,
            -0.05882231891155243
        ],
        [
            0.07180646061897278,
            -0.003178529441356659,
            -0.021874725818634033
        ],
        [
            0.07953253388404846,
            -0.00903499498963356,
            -0.011003833264112473
        ],
        [
            0.08557657897472382,
            -0.014207575470209122,
            -0.0026730820536613464
        ],
        [
            0.08917717635631561,
            -0.018456384539604187,
            0.0035207048058509827
        ],
        [
            0.08307235687971115,
            -0.017342425882816315,
            0.008769646286964417
        ],
        [
            0.051129672676324844,
            0.048464544117450714,
            -0.09154348075389862
        ],
        [
            0.04439157620072365,
            0.051784783601760864,
            -0.0887841060757637
        ],
        [
            0.08550071716308594,
            -0.022979531437158585,
            0.015466444194316864
        ],
        [
            0.09252782166004181,
            -0.023390300571918488,
            0.009455747902393341
        ],
        [
            0.0855274498462677,
            -0.008027851581573486,
            -0.0178840309381485
        ],
        [
            0.09370483458042145,
            -0.005094122141599655,
            -0.025972016155719757
        ],
        [
            0.07784116268157959,
            -0.0022008977830410004,
            -0.028049785643815994
        ],
        [
            0.08505222946405411,
            0.000680871307849884,
            -0.03677760437130928
        ],
        [
            0.0516645647585392,
            0.012773426249623299,
            -0.0659358948469162
        ],
        [
            0.03278776630759239,
            0.06715171039104462,
            -0.09024928510189056
        ],
        [
            0.03849906474351883,
            0.05782780051231384,
            -0.08700767904520035
        ],
        [
            0.04052451625466347,
            0.060043659061193466,
            -0.08204428106546402
        ],
        [
            0.03324584662914276,
            0.06710153818130493,
            -0.08593875169754028
        ],
        [
            0.0434405654668808,
            0.05341869592666626,
            -0.08225081115961075
        ],
        [
            0.04068088158965111,
            0.056927599012851715,
            -0.09204497933387756
        ],
        [
            0.09557244926691055,
            0.007700985297560692,
            -0.044493816792964935
        ],
        [
            0.060207344591617584,
            0.04207286238670349,
            -0.06815743446350098
        ],
        [
            0.10760689526796341,
            0.005632055923342705,
            -0.03338360786437988
        ],
        [
            0.10058997571468353,
            0.019055144861340523,
            -0.053553082048892975
        ],
        [
            0.10959253460168839,
            0.020680222660303116,
            -0.045387234538793564
        ],
        [
            0.12101345509290695,
            0.005627760663628578,
            -0.021912552416324615
        ],
        [
            0.12033514678478241,
            0.02015613205730915,
            -0.034310758113861084
        ],
        [
            0.12228995561599731,
            -0.00788016989827156,
            -0.005710102617740631
        ],
        [
            0.12036366760730743,
            -0.0022831447422504425,
            -0.013542987406253815
        ],
        [
            0.11296020448207855,
            0.03510541468858719,
