{
    "pred_cam": [
        9.114571571350098,
        0.1364840567111969,
        -0.07451242208480835
    ],
    "pred_mano_params": {
        "global_orient": [
            [
                [
                    -0.7149021625518799,
                    0.69826740026474,
                    0.03657422587275505
                ],
                [
                    -0.5622714757919312,
                    -0.5429977774620056,
                    -0.6237020492553711
                ],
                [
                    -0.41565102338790894,
                    -0.4664504826068878,
                    0.7808061242103577
                ]
            ]
        ],
        "hand_pose": [
            [
                [
                    0.7707237005233765,
                    -0.4213283658027649,
                    -0.47798264026641846
                ],
                [
                    0.4311871826648712,
                    0.8971860408782959,
                    -0.095576211810112
                ],
                [
                    0.46910834312438965,
                    -0.13243713974952698,
                    0.8731539249420166
                ]
            ],
            [
                [
                    0.9942607283592224,
                    -0.10192657262086868,
                    0.032504402101039886
                ],
                [
                    0.10697384923696518,
                    0.9513384699821472,
                    -0.2889839708805084
                ],
                [
                    -0.001467547845095396,
                    0.290802538394928,
                    0.9567819833755493
                ]
            ],
            [
                [
                    0.9373461008071899,
                    -0.21434634923934937,
                    0.2746594548225403
                ],
                [
                    0.17076832056045532,
                    0.9698150753974915,
                    0.1740601509809494
                ],
                [
                    -0.303678035736084,
                    -0.11625147610902786,
                    0.9456559419631958
                ]
            ],
            [
                [
                    0.9540851712226868,
                    -0.25124531984329224,
                    -0.1630866974592209
                ],
                [
                    0.24346119165420532,
                    0.9676342010498047,
                    -0.06641191989183426
                ],
                [
                    0.1744939684867859,
                    0.02365734800696373,
                    0.984373927116394
                ]
            ],
            [
                [
                    0.9823646545410156,
                    -0.11901731044054031,
                    -0.14420296251773834
                ],
                [
                    0.1473783701658249,
                    0.9675021171569824,
                    0.20547346770763397
                ],
                [
                    0.11506178230047226,
                    -0.22310230135917664,
                    0.9679804444313049
                ]
            ],
            [
                [
                    0.9255762100219727,
                    -0.3342267870903015,
                    0.17776693403720856
                ],
                [
                    0.34582310914993286,
                    0.9375341534614563,
                    -0.03789590299129486
                ],
                [
                    -0.15399673581123352,
                    0.09655146300792694,
                    0.9833426475524902
                ]
            ],
            [
                [
                    0.8803545832633972,
                    -0.47049981355667114,
                    0.06004772335290909
                ],
                [
                    0.4582187235355377,
                    0.876335859298706,
                    0.1485634446144104
                ],
                [
                    -0.1225210428237915,
                    -0.10327352583408356,
                    0.9870781302452087
                ]
            ],
            [
                [
                    0.9219092130661011,
                    -0.3545997142791748,
                    -0.15602080523967743
                ],
                [
                    0.38240236043930054,
                    0.8974599242210388,
                    0.21985025703907013
                ],
                [
                    0.062063585966825485,
                    -0.26234468817710876,
                    0.962976336479187
                ]
            ],
            [
                [
                    0.9020277857780457,
                    -0.4301711916923523,
                    0.036036789417266846
                ],
                [
                    0.25212132930755615,
                    0.5927527546882629,
                    0.7649046182632446
                ],
                [
                    -0.35040080547332764,
                    -0.680879533290863,
                    0.6431347727775574
                ]
            ],
            [
                [
                    0.7899808883666992,
                    -0.5933528542518616,
                    -0.15447551012039185
                ],
                [
                    0.5864240527153015,
                    0.8047457933425903,
                    -0.09214682132005692
                ],
                [
                    0.17898909747600555,
                    -0.017793938517570496,
                    0.9836902022361755
                ]
            ],
            [
                [
                    0.9798836708068848,
                    -0.1675703078508377,
                    -0.10838951915502548
                ],
                [
                    0.19758091866970062,
                    0.8910528421401978,
                    0.4086400270462036
                ],
                [
                    0.02810484915971756,
                    -0.421835333108902,
                    0.9062368273735046
                ]
            ],
            [
                [
                    0.8148471713066101,
                    -0.5630685687065125,
                    0.1377599537372589
                ],
                [
                    0.5162286162376404,
                    0.8129751086235046,
                    0.26940569281578064
                ],
                [
                    -0.2636893093585968,
                    -0.14840884506702423,
                    0.9531225562095642
                ]
            ],
            [
                [
                    0.9714441299438477,
                    -0.17651371657848358,
                    -0.15855325758457184
                ],
                [
                    -0.07725303620100021,
                    0.39652612805366516,
                    -0.9147672057151794
                ],
                [
                    0.22433944046497345,
                    0.900894045829773,
                    0.3715667724609375
                ]
            ],
            [
                [
                    0.9723253846168518,
                    -0.23209638893604279,
                    -0.02673288807272911
                ],
                [
                    0.2073170244693756,
                    0.804389476776123,
                    0.5567559003829956
                ],
                [
                    -0.10771738737821579,
                    -0.5468900799751282,
                    0.830245852470398
                ]
            ],
            [
                [
                    0.9386702179908752,
                    -0.3259965777397156,
                    -0.11235833168029785
                ],
                [
                    0.3100206255912781,
                    0.9405328035354614,
                    -0.1388711929321289
                ],
                [
                    0.15094824135303497,
                    0.09552085399627686,
                    0.9839158058166504
                ]
            ]
        ],
        "betas": [
            -0.09079885482788086,
            -0.075593501329422,
            -0.05824929475784302,
            -0.060771018266677856,
            0.014125019311904907,
            0.03516726568341255,
            0.04465746879577637,
            0.020205721259117126,
            -0.06386062502861023,
            -0.03401443362236023
        ]
    },
    "pred_cam_t": [
        -0.1364840567111969,
        -0.07451242208480835,
        4.285719871520996
    ],
    "focal_length": [
        5000.0,
        5000.0
    ],
    "pred_keypoints_3d": [
        [
            0.09618648141622543,
            0.006424243561923504,
            0.006236369721591473
        ],
        [
            0.10359006375074387,
            0.012307821772992611,
            0.043798189610242844
        ],
        [
            0.1064012199640274,
            0.032825320959091187,
            0.06676116585731506
        ],
        [
            0.11245518922805786,
            0.05305809527635574,
            0.08393017947673798
        ],
        [
            0.11324550211429596,
            0.08091455698013306,
            0.10482379794120789
        ],
        [
            0.15659025311470032,
            0.046093448996543884,
            0.06165007874369621
        ],
        [
            0.16863159835338593,
            0.0764448493719101,
            0.06744740903377533
        ],
        [
            0.17027531564235687,
            0.0982852429151535,
            0.07166603952646255
        ],
        [
            0.1698908507823944,
            0.1202770322561264,
            0.0832299292087555
        ],
        [
            0.16302907466888428,
            0.06284864246845245,
            0.04382909834384918
        ],
        [
            0.17985494434833527,
            0.08922182768583298,
            0.050086818635463715
        ],
        [
            0.18560020625591278,
            0.11144693195819855,
            0.05466582998633385
        ],
        [
            0.19009537994861603,
            0.1345212161540985,
            0.0654151514172554
        ],
        [
            0.1511964350938797,
            0.07150039821863174,
            0.02132360264658928
        ],
        [
            0.15709015727043152,
            0.09870953112840652,
            0.02971622161567211
        ],
        [
            0.15058410167694092,
            0.12216752022504807,
            0.03522550314664841
        ],
        [
            0.13890719413757324,
            0.13954171538352966,
            0.04919026046991348
        ],
        [
            0.13708949089050293,
            0.07780318707227707,
            0.005759703926742077
        ],
        [
            0.14130941033363342,
            0.09838610887527466,
            0.008796879090368748
        ],
        [
            0.13576027750968933,
            0.11617783457040787,
            0.01281563937664032
        ],
        [
            0.1232944205403328,
            0.12565352022647858,
            0.027120545506477356
        ]
    ],
    "pred_vertices": [
        [
            0.1206095889210701,
            0.03394541144371033,
            0.0471479557454586
        ],
        [
            0.11204639077186584,
            0.02916279435157776,
            0.04194440692663193
        ],
        [
            0.11333990097045898,
            0.033852722495794296,
            0.04957059770822525
        ],
        [
            0.12231123447418213,
            0.03574927896261215,
            0.055434927344322205
        ],
        [
            0.0921647921204567,
            0.029348179697990417,
            0.045149434357881546
        ],
        [
            0.08612116426229477,
            0.020622294396162033,
            0.05070701614022255
        ],
        [
            0.09150435030460358,
            0.031561143696308136,
            0.061638303101062775
        ],
        [
            0.09503348171710968,
            0.03823592886328697,
            0.05503728985786438
        ],
        [
            0.12487071752548218,
            0.03734033554792404,
            0.06148136779665947
        ],
        [
            0.11443839222192764,
            0.03839096426963806,
            0.056156110018491745
        ],
        [
            0.12653523683547974,
            0.036226846277713776,
            0.06328889727592468
        ],
        [
            0.14047324657440186,
            0.030551575124263763,
            0.06549206376075745
        ],
        [
            0.13579687476158142,
            0.03508802875876427,
            0.06470061093568802
        ],
        [
            0.1493900716304779,
            0.03157102316617966,
            0.06611096858978271
        ],
        [
            0.14226916432380676,
            0.02114298939704895,
            0.06054646149277687
        ],
        [
            0.1555267870426178,
            0.028333060443401337,
            0.05959702655673027
        ],
        [
            0.14687100052833557,
            0.02144942432641983,
            0.03153650835156441
        ],
        [
            0.14430774748325348,
            0.02711063250899315,
            0.01923283562064171
        ],
        [
            0.1554674357175827,
            0.03815915435552597,
            0.025119366124272346
        ],
        [
            0.15645623207092285,
            0.03182116895914078,
            0.03725630044937134
        ],
        [
            0.14486023783683777,
            0.045042384415864944,
            0.00863957405090332
        ],
        [
            0.15158626437187195,
            0.04190906882286072,
            0.01787649467587471
        ],
        [
            0.14100013673305511,
            0.03017370030283928,
            0.011380931362509727
        ],
        [
            0.13535165786743164,
            0.0337262898683548,
            0.0035375840961933136
        ],
        [
            0.11596490442752838,
            0.03564564138650894,
            0.032248541712760925
        ],
        [
            0.10772128403186798,
            0.030106497928500175,
            0.02785702422261238
        ],
        [
            0.11018618941307068,
            0.028082413598895073,
            0.03287162631750107
        ],
        [
            0.1175360381603241,
            0.03380957990884781,
            0.037327952682971954
        ],
        [
            0.12109609693288803,
            0.0345362089574337,
            0.07016852498054504
        ],
        [
            0.12510867416858673,
            0.021358270198106766,
            0.06594493985176086
        ],
        [
            0.12864376604557037,
            0.02833295240998268,
            0.06480500102043152
        ],
        [
            0.12008413672447205,
            0.039584942162036896,
            0.06788317859172821
        ],
        [
            0.082535021007061,
            0.02513003721833229,
            0.013361195102334023
        ],
        [
            0.07833422720432281,
            0.013665657490491867,
            0.007401522248983383
        ],
        [
            0.07951924204826355,
            0.010037709027528763,
            0.01199018582701683
        ],
        [
            0.08357541263103485,
            0.02097593992948532,
            0.01627759076654911
        ],
        [
            0.08222736418247223,
            0.006235502660274506,
            0.033348046243190765
        ],
        [
            0.08173923939466476,
            -0.0014391466975212097,
            0.025961443781852722
        ],
        [
            0.08492977172136307,
            -0.014121953397989273,
            0.0277460478246212
        ],
        [
            0.0878513753414154,
            -0.008193440735340118,
            0.03638451546430588
        ],
        [
            0.08396021276712418,
            0.013620477169752121,
            0.04241325706243515
        ],
        [
            0.08695527911186218,
            0.0011386163532733917,
            0.04668811708688736
        ],
        [
            0.08851902186870575,
            0.010783500969409943,
            0.05588046461343765
        ],
        [
            0.09378983825445175,
            0.024072304368019104,
            0.06662901490926743
        ],
        [
            0.07804360240697861,
            0.01972261443734169,
            -0.003966804593801498
        ],
        [
            0.08062521368265152,
            0.029227469116449356,
            -0.0010580196976661682
        ],
        [
            0.1619539111852646,
            0.08142288029193878,
            0.07591204345226288
        ],
        [
            0.1598694920539856,
            0.08395779132843018,
            0.0710245743393898
        ],
        [
            0.15780122578144073,
            0.07829993218183517,
            0.07060370594263077
        ],
        [
            0.1605735868215561,
            0.07682293653488159,
            0.07548777014017105
        ],
        [
            0.09239894896745682,
            0.023738160729408264,
            -0.017707418650388718
        ],
        [
            0.10047203302383423,
            0.01859533041715622,
            -0.021056149154901505
        ],
        [
            0.09453396499156952,
            0.015195116400718689,
            -0.023676233366131783
        ],
        [
            0.0869758129119873,
            0.018629737198352814,
            -0.019173551350831985
        ],
        [
            0.09953035414218903,
            0.03047063946723938,
            -0.015619151294231415
        ],
        [
            0.10832634568214417,
            0.023349937051534653,
            -0.016707463189959526
        ],
        [
            0.17423370480537415,
            0.07882310450077057,
            0.07450094074010849
        ],
        [
            0.1703367978334427,
            0.07927223294973373,
            0.07781296223402023
        ],
        [
            0.17020811140537262,
            0.0740865021944046,
            0.07661350071430206
        ],
        [
            0.17355896532535553,
            0.07329840958118439,
            0.0724712535738945
        ],
        [
            0.1311880350112915,
            0.03751825541257858,
            0.0601712167263031
        ],
        [
            0.12759537994861603,
            0.039033811539411545,
            0.05195227637887001
        ],
        [
            0.14502185583114624,
            0.04691797494888306,
            0.06589203327894211
        ],
        [
            0.1387086808681488,
            0.04405608028173447,
            0.05891304463148117
        ],
        [
            0.13970497250556946,
            0.03929037228226662,
            0.06416235864162445
        ],
        [
            0.14617271721363068,
            0.04178598150610924,
            0.06873250007629395
        ],
        [
            0.13219107687473297,
            0.051191218197345734,
            0.03700859099626541
        ],
        [
            0.1239764615893364,
            0.043691813945770264,
            0.033033937215805054
        ],
        [
            0.1263282746076584,
            0.041795335710048676,
            0.03896611928939819
        ],
        [
            0.13496428728103638,
            0.049513839185237885,
            0.045055389404296875
        ],
        [
            0.11841118335723877,
            0.05097871273756027,
            0.02217705547809601
        ],
        [
            0.1272931694984436,
            0.057568907737731934,
            0.026756349951028824
        ],
        [
            0.12311023473739624,
            0.06100199371576309,
            0.02011394500732422
        ],
        [
            0.11682267487049103,
            0.056169215589761734,
            0.018481014296412468
        ],
        [
            0.1435442864894867,
            0.06678178161382675,
            0.03691904991865158
        ],
        [
            0.15024955570697784,
            0.07062587887048721,
            0.03897714242339134
        ],
        [
            0.14905008673667908,
            0.07303158938884735,
            0.03631500527262688
        ],
        [
            0.14253145456314087,
            0.0679004117846489,
            0.03361691161990166
        ],
        [
            0.08949896693229675,
            0.010961398482322693,
            -0.02642221376299858
        ],
        [
            0.08226936310529709,
            0.01308799535036087,
            -0.020052995532751083
        ],
        [
            0.13152480125427246,
            0.05451931804418564,
            -0.005771202966570854
        ],
        [
            0.1212129071354866,
            0.05800943821668625,
            -0.008332399651408195
        ],
        [
            0.1280851513147354,
            0.06805667281150818,
            -0.0059133246541023254
        ],
        [
            0.13757461309432983,
            0.061678141355514526,
            -0.00395943783223629
        ],
        [
            0.10833697021007538,
            0.012299858033657074,
            -0.01833580806851387
        ],
        [
            0.10283854603767395,
            0.009461373090744019,
            -0.023222561925649643
        ],
        [
            0.17587745189666748,
            0.07996367663145065,
            0.06861743330955505
        ],
        [
            0.17431659996509552,
            0.07446359843015671,
            0.06659406423568726
        ],
        [
            0.09807276725769043,
            0.000131901353597641,
            0.055665988475084305
        ],
        [
            0.10060231387615204,
            0.017035741358995438,
            0.06899605691432953
        ],
        [
            0.09681671857833862,
            -0.01046120747923851,
            0.042827121913433075
        ],
        [
            0.09658760577440262,
            -0.016291815787553787,
            0.03237529471516609
        ],
        [
            0.09410788863897324,
            -0.021726388484239578,
            0.02507941424846649
        ],
        [
            0.14047586917877197,
            0.0494033545255661,
            0.05569722503423691
        ],
        [
            0.12423379719257355,
            0.03825990855693817,
            0.0433075912296772
        ],
        [
            0.11420813947916031,
            0.03786924108862877,
            0.02793739177286625
        ],
        [
            0.10401414334774017,
            0.057759515941143036,
            0.006613098084926605
        ],
        [
            0.09624088555574417,
            0.05100109055638313,
            0.003780653700232506
        ],
        [
            0.10055534541606903,
            0.04867362976074219,
            0.01325511746108532
        ],
        [
            0.10695511102676392,
            0.05476520210504532,
            0.013433508574962616
        ],
        [
            0.11377036571502686,
            0.0634727030992508,
            -0.004769733175635338
        ],
        [
            0.11174129694700241,
            0.06553339213132858,
            0.0026382561773061752
        ],
        [
            0.11821921169757843,
            0.07156065851449966,
            0.00487866997718811
        ],
        [
            0.1205361932516098,
            0.07098362594842911,
            -0.002135351300239563
        ],
        [
            0.11821872740983963,
            0.02994697540998459,
            0.07522258162498474
        ],
        [
            0.12029609084129333,
            0.015930380672216415,
            0.06753843277692795
        ],
        [
            0.0847887247800827,
            0.027065563946962357,
            -0.01105356216430664
        ],
        [
            0.08078507333993912,
            0.020321667194366455,
            -0.011257320642471313
        ],
        [
            0.07737328857183456,
            0.013001769781112671,
            -0.013989772647619247
        ],
        [
            0.09485757350921631,
            0.02686811238527298,
            0.02195667289197445
        ],
        [
            0.08421662449836731,
            0.018083781003952026,
            0.018392179161310196
        ],
        [
            0.08523920923471451,
            0.01625240594148636,
            0.02225821278989315
        ],
        [
            0.09695784002542496,
            0.024519730359315872,
            0.024019628763198853
        ],
        [
            0.10157215595245361,
            0.026454636827111244,
            0.036638662219047546
        ],
        [
            0.08956988155841827,
            0.020990591496229172,
            0.035349972546100616
        ],
        [
            0.10298960655927658,
            0.034228187054395676,
            0.04413536190986633
        ],
        [
            0.08002512902021408,
            0.003994207829236984,
            0.017586655914783478
        ],
        [
            0.07413796335458755,
            0.0020058713853359222,
            0.008387494832277298
        ],
        [
            0.07604657858610153,
            -0.004038408398628235,
            0.014692377299070358
        ],
        [
            0.07356329262256622,
            0.007199957966804504,
            5.428120493888855e-05
        ],
        [
            0.07440531253814697,
            0.011338632553815842,
            -0.007818259298801422
        ],
        [
            0.09918305277824402,
            0.00439906120300293,
            -0.02909783273935318
        ],
        [
            0.07935786247253418,
            -0.009418953210115433,
            0.020125314593315125
        ],
        [
            0.0982825756072998,
            0.04283169284462929,
            0.06261613965034485
        ],
        [
            0.1008843407034874,
            0.046476662158966064,
            0.06968651711940765
        ],
        [
            0.10719919204711914,
            0.048185039311647415,
            0.06566805392503738
        ],
        [
            0.10562092810869217,
            0.044800445437431335,
            0.059169888496398926
        ],
        [
            0.15814238786697388,
            0.03670726716518402,
            0.06746561825275421
        ],
        [
            0.15134485065937042,
            0.03924560546875,
            0.07025650143623352
        ],
        [
            0.14302904903888702,
            0.03433329984545708,
            0.0672544464468956
        ],
        [
            0.08844691514968872,
            0.03524526208639145,
            0.012898348271846771
        ],
        [
            0.08636853098869324,
            0.03833131119608879,
            0.0007975585758686066
        ],
        [
            0.14666976034641266,
            0.051939450204372406,
            0.06216062232851982
        ],
        [
            0.1739385724067688,
            0.06855008006095886,
            0.07020437717437744
        ],
        [
            0.17029541730880737,
            0.0687386766076088,
            0.07494030147790909
        ],
        [
            0.1653476357460022,
            0.05142437294125557,
            0.07151269167661667
        ],
        [
            0.16991767287254333,
            0.05222970247268677,
            0.06650912761688232
        ],
        [
            0.1547597497701645,
            0.05814705416560173,
            0.057978127151727676
        ],
        [
            0.1496116816997528,
            0.05516047403216362,
            0.06225600466132164
        ],
        [
            0.1512252539396286,
            0.057380370795726776,
            0.061260223388671875
        ],
        [
            0.15393364429473877,
            0.061129018664360046,
            0.056570880115032196
        ],
        [
            0.14344263076782227,
            0.07406768202781677,
            0.028944481164216995
        ],
        [
            0.13808216154575348,
            0.07006464898586273,
            0.026680149137973785
        ],
        [
            0.1634751707315445,
            0.044275783002376556,
            0.043785665184259415
        ],
        [
            0.16600580513477325,
            0.034601107239723206,
            0.05213421583175659
        ],
        [
            0.1574798971414566,
            0.027137989178299904,
            0.048459358513355255
        ],
        [
            0.12915222346782684,
            0.05404534935951233,
            0.0307764932513237
        ],
        [
            0.13635194301605225,
            0.06130605936050415,
            0.03375456482172012
        ],
        [
            0.13512088358402252,
            0.06314834207296371,
            0.030269162729382515
        ],
        [
            0.14312514662742615,
            0.05320759117603302,
            0.05399523675441742
        ],
        [
            0.14861243963241577,
            0.0558370016515255,
            0.05760680511593819
        ],
        [
            0.14755389094352722,
            0.05762099102139473,
            0.052725985646247864
        ],
        [
            0.14161065220832825,
            0.054806292057037354,
            0.048677124083042145
        ],
        [
            0.11400563269853592,
            0.047801390290260315,
            -0.012195810675621033
        ],
        [
            0.10519936680793762,
            0.05440343916416168,
            -0.008299795910716057
        ],
        [
            0.16579201817512512,
            0.07997417449951172,
            0.07835867255926132
        ],
        [
            0.1651851236820221,
            0.07507812976837158,
            0.07758858054876328
        ],
        [
            0.12113966047763824,
            0.04662177339196205,
            0.02703261561691761
        ],
        [
            0.14666524529457092,
            0.01884237304329872,
            0.04332161694765091
        ],
        [
            0.11206948757171631,
            0.040481071919202805,
            0.023544032126665115
        ],
        [
            0.14949901401996613,
            0.06620333343744278,
            0.011024952866137028
        ],
        [
            0.14466723799705505,
            0.07263786345720291,
            0.012318605557084084
        ],
        [
            0.14742426574230194,
            0.07561542838811874,
            0.015771981328725815
        ],
        [
            0.1528174877166748,
            0.07296694815158844,
            0.014592228457331657
        ],
        [
            0.15942060947418213,
            0.07495152205228806,
            0.058430083096027374
        ],
        [
            0.15643560886383057,
            0.07525745034217834,
            0.06346510350704193
        ],
        [
            0.15761840343475342,
            0.07987205684185028,
            0.06448368728160858
        ],
        [
            0.1609235405921936,
            0.07979479432106018,
            0.05976342782378197
        ],
        [
            0.14911708235740662,
            0.05184362828731537,
            0.06699956953525543
        ],
        [
            0.15093994140625,
            0.04740959405899048,
            0.07103296369314194
        ],
        [
            0.15364523231983185,
            0.05384105071425438,
            0.07130187004804611
        ],
        [
            0.1517055332660675,
            0.05632155388593674,
            0.06625411659479141
        ],
        [
            0.15673506259918213,
            0.04540886729955673,
            0.07197649031877518
        ],
        [
            0.15927715599536896,
            0.05183044448494911,
            0.07305994629859924
        ],
        [
            0.1653645932674408,
            0.07333168387413025,
            0.056228671222925186
        ],
        [
            0.17206144332885742,
            0.07075168192386627,
            0.05862932652235031
        ],
        [
            0.1678847372531891,
            0.057382069528102875,
            0.05410538613796234
        ],
        [
            0.16097711026668549,
            0.061936765909194946,
            0.05382291600108147
        ],
        [
            0.12714672088623047,
            0.022253867238759995,
            -0.0019433461129665375
        ],
        [
            0.12132622301578522,
            0.02829456701874733,
            -0.009368643164634705
        ],
        [
            0.12938381731510162,
            0.039859332144260406,
            -0.004185464233160019
        ],
        [
            0.13782498240470886,
            0.05095496028661728,
            -8.697062730789185e-05
        ],
        [
            0.14524638652801514,
            0.061236537992954254,
            0.005248650908470154
        ],
        [
            0.15360988676548004,
            0.054576702415943146,
            0.011781122535467148
        ],
        [
            0.12394246459007263,
            0.04319821670651436,
            -0.00931595265865326
        ],
        [
            0.16246356070041656,
            0.05594715103507042,
            0.051568713039159775
        ],
        [
            0.16529443860054016,
            0.04810663312673569,
            0.051364388316869736
        ],
        [
            0.16507241129875183,
            0.05081043392419815,
            0.047555770725011826
        ],
        [
            0.10870131105184555,
            0.045301005244255066,
            0.01889832876622677
        ],
        [
            0.1654219627380371,
            0.06949853897094727,
            0.07651063799858093
        ],
        [
            0.11251334846019745,
            -0.016598448157310486,
            0.013650361448526382
        ],
        [
            0.1147756576538086,
            -0.010911785066127777,
            0.0012764930725097656
        ],
        [
            0.1194145679473877,
            -0.0061233751475811005,
            0.007078114897012711
        ],
        [
            0.11617959290742874,
            -0.011905200779438019,
            0.021731466054916382
        ],
        [
            0.15645639598369598,
            0.0734526515007019,
            0.07012662291526794
        ],
        [
            0.15957997739315033,
            0.07142775505781174,
            0.07520853728055954
        ],
        [
            0.13670837879180908,
            0.07419030368328094,
            0.021552907302975655
        ],
        [
            0.14185094833374023,
            0.07651286572217941,
            0.023874877020716667
        ],
        [
            0.1431853175163269,
            0.07812520116567612,
            0.020301247015595436
        ],
        [
            0.13753412663936615,
            0.07867597788572311,
            0.01766117289662361
        ],
        [
            0.11700426787137985,
            0.030487190932035446,
            -0.012880722060799599
        ],
        [
            0.13142868876457214,
            0.07465825974941254,
            -0.003991255536675453
        ],
        [
            0.14016912877559662,
            0.06887994706630707,
            -0.002566913142800331
        ],
        [
            0.11441501975059509,
            0.01793348416686058,
            -0.013559717684984207
        ],
        [
            0.1198510229587555,
            0.012345239520072937,
            -0.007549207657575607
        ],
        [
            0.11436188966035843,
            0.0055685266852378845,
            -0.011997144669294357
        ],
        [
            0.16058698296546936,
            0.05436874181032181,
            0.025629922747612
        ],
        [
            0.1319611668586731,
            0.019580643624067307,
            0.004844874143600464
        ],
        [
            0.12334949523210526,
            0.009527519345283508,
            -0.0012709051370620728
        ],
        [
            0.11696328967809677,
            0.0012864992022514343,
            -0.006297200918197632
        ],
        [
            0.11268097162246704,
            -0.004381351172924042,
            -0.010746639221906662
        ],
        [
            0.11017397046089172,
            0.0009263530373573303,
            -0.016477275639772415
        ],
        [
            0.17404648661613464,
            0.0696084052324295,
            0.06398521363735199
        ],
        [
            0.1725805550813675,
            0.07647126913070679,
            0.06052223592996597
        ],
        [
            0.10657709836959839,
            -0.004757620394229889,
            -0.022697020322084427
        ],
        [
            0.1090196967124939,
            -0.01031406968832016,
            -0.015601281076669693
        ],
        [
            0.12623292207717896,
            0.005699478089809418,
            0.006666727364063263
        ],
        [
            0.12827728688716888,
            0.0014352574944496155,
            0.017641764134168625
        ],
        [
            0.13425695896148682,
            0.015701383352279663,
            0.01238110288977623
        ],
        [
            0.13721805810928345,
            0.01225399598479271,
            0.023295454680919647
        ],
        [
            0.163728266954422,
            0.04521620273590088,
            0.030398054048419
        ],
        [
            0.17305561900138855,
            0.09482978284358978,
            0.06334200501441956
        ],
        [
            0.1696399748325348,
            0.08475479483604431,
            0.05984994024038315
        ],
        [
            0.16402319073677063,
            0.0857236459851265,
            0.06088550388813019
        ],
        [
            0.16908301413059235,
            0.09602214395999908,
            0.06279368698596954
        ],
        [
            0.16650857031345367,
            0.07851207256317139,
            0.05803203582763672
        ],
        [
            0.1741006076335907,
            0.08208903670310974,
            0.06256666779518127
        ],
        [
            0.1358131319284439,
            0.008570369333028793,
            0.038496557623147964
        ],
        [
            0.1544446051120758,
            0.0607612207531929,
            0.05492653325200081
        ],
        [
            0.12332037091255188,
            -0.0028951577842235565,
            0.03591661527752876
        ],
        [
            0.13453832268714905,
            0.011107385158538818,
            0.056118808686733246
        ],
        [
            0.12309600412845612,
            0.004145361483097076,
            0.055117953568696976
        ],
        [
            0.10905365645885468,
            -0.014228492975234985,
            0.03463917598128319
        ],
        [
            0.11037096381187439,
            -0.005667734891176224,
            0.05088602751493454
        ],
        [
            0.10285577923059464,
            -0.023280709981918335,
            0.018294572830200195
        ],
        [
            0.10698768496513367,
            -0.01832546293735504,
            0.024974647909402847
        ],
        [
            0.11028733849525452,
            0.006999783217906952,
            0.06401976943016052
        ],
        [
            0.16374433040618896,
            0.09253579378128052,
            0.07565540820360184
        ],
        [
            0.16231891512870789,
            0.09410881251096725,
            0.07041198760271072
        ],
