{
    "pred_cam": [
        8.318313598632812,
        0.09603337198495865,
        -0.08565792441368103
    ],
    "pred_mano_params": {
        "global_orient": [
            [
                [
                    0.47419363260269165,
                    -0.8786697387695312,
                    -0.05549665167927742
                ],
                [
                    -0.8523915410041809,
                    -0.4424057602882385,
                    -0.2787577211856842
                ],
                [
                    0.2203839272260666,
                    0.17949001491069794,
                    -0.9587566256523132
                ]
            ]
        ],
        "hand_pose": [
            [
                [
                    0.6227262616157532,
                    -0.688463568687439,
                    -0.37179288268089294
                ],
                [
                    0.684529721736908,
                    0.7095240354537964,
                    -0.16731590032577515
                ],
                [
                    0.3789869248867035,
                    -0.15031129121780396,
                    0.9131130576133728
                ]
            ],
            [
                [
                    0.8876092433929443,
                    -0.43501853942871094,
                    0.1513560265302658
                ],
                [
                    0.45689713954925537,
                    0.8731510043144226,
                    -0.1698598861694336
                ],
                [
                    -0.05826446786522865,
                    0.21992336213588715,
                    0.9737756252288818
                ]
            ],
            [
                [
                    0.9874779582023621,
                    -0.15753839910030365,
                    -0.008304914459586143
                ],
                [
                    0.15604062378406525,
                    0.9831237196922302,
                    -0.09549414366483688
                ],
                [
                    0.023208752274513245,
                    0.09300245344638824,
                    0.9953954219818115
                ]
            ],
            [
                [
                    0.4558182656764984,
                    -0.8473859429359436,
                    -0.2723359763622284
                ],
                [
                    0.8899640440940857,
                    0.4386894106864929,
                    0.12456166744232178
                ],
                [
                    0.013919117860496044,
                    -0.29914671182632446,
                    0.9541056752204895
                ]
            ],
            [
                [
                    0.9606084823608398,
                    -0.2371193766593933,
                    -0.14493374526500702
                ],
                [
                    0.26557081937789917,
                    0.9368975758552551,
                    0.2273658961057663
                ],
                [
                    0.08187519013881683,
                    -0.25689977407455444,
                    0.9629637598991394
                ]
            ],
            [
                [
                    0.9869136214256287,
                    -0.0988747701048851,
                    0.12737900018692017
                ],
                [
                    0.10672584921121597,
                    0.9926907420158386,
                    -0.056344691663980484
                ],
                [
                    -0.12087688595056534,
                    0.06920196861028671,
                    0.9902524948120117
                ]
            ],
            [
                [
                    0.4462137818336487,
                    -0.8658551573753357,
                    0.22624778747558594
                ],
                [
                    0.438495934009552,
                    0.4319179654121399,
                    0.788142204284668
                ],
                [
                    -0.7801374793052673,
                    -0.2524712383747101,
                    0.5724017024040222
                ]
            ],
            [
                [
                    0.9052198529243469,
                    -0.3869936168193817,
                    -0.17553602159023285
                ],
                [
                    0.36935457587242126,
                    0.9208006858825684,
                    -0.1253126859664917
                ],
                [
                    0.21012890338897705,
                    0.04860050603747368,
                    0.9764649271965027
                ]
            ],
            [
                [
                    0.9933413863182068,
                    0.07260091602802277,
                    0.08945384621620178
                ],
                [
                    -0.11139924079179764,
                    0.8032797574996948,
                    0.5850913524627686
                ],
                [
                    -0.029378319159150124,
                    -0.5911605358123779,
                    0.8060187101364136
                ]
            ],
            [
                [
                    0.4185708165168762,
                    -0.9029014110565186,
                    0.09781387448310852
                ],
                [
                    0.8549274802207947,
                    0.42807304859161377,
                    0.29300591349601746
                ],
                [
                    -0.30642691254615784,
                    -0.039019953459501266,
                    0.9510941505432129
                ]
            ],
            [
                [
                    0.9586535692214966,
                    -0.24181406199932098,
                    -0.15003105998039246
                ],
                [
                    0.2817317545413971,
                    0.8808100819587708,
                    0.3805272877216339
                ],
                [
                    0.040132008492946625,
                    -0.4070623219013214,
                    0.9125184416770935
                ]
            ],
            [
                [
                    0.9540588855743408,
                    -0.2484099268913269,
                    0.16752363741397858
                ],
                [
                    0.21808096766471863,
                    0.9591389298439026,
                    0.18025854229927063
                ],
                [
                    -0.2054564654827118,
                    -0.1354435384273529,
                    0.9692484736442566
                ]
            ],
            [
                [
                    0.8762703537940979,
                    -0.4427278935909271,
                    -0.19011136889457703
                ],
                [
                    -0.10587278753519058,
                    0.20800061523914337,
                    -0.9723820090293884
                ],
                [
                    0.47004392743110657,
                    0.8721970915794373,
                    0.1353919357061386
                ]
            ],
            [
                [
                    0.9382070302963257,
                    -0.34373489022254944,
                    0.040172278881073
                ],
                [
                    0.2706376910209656,
                    0.801085352897644,
                    0.5338703393936157
                ],
                [
                    -0.21569128334522247,
                    -0.49000880122184753,
                    0.8446115255355835
                ]
            ],
            [
                [
                    0.9826675057411194,
                    0.17778699100017548,
                    0.05250091478228569
                ],
                [
                    -0.14225909113883972,
                    0.9048137664794922,
                    -0.40134063363075256
                ],
                [
                    -0.11885670572519302,
                    0.3869156539440155,
                    0.9144229292869568
                ]
            ]
        ],
        "betas": [
            0.025088191032409668,
            -0.18767830729484558,
            -0.09515506029129028,
            0.02992340922355652,
            -0.1431823968887329,
            -0.018539484590291977,
            -0.01824110746383667,
            0.011308029294013977,
            -0.023781195282936096,
            -0.11104059219360352
        ]
    },
    "pred_cam_t": [
        -0.09603337198495865,
        -0.08565792441368103,
        4.6959638595581055
    ],
    "focal_length": [
        5000.0,
        5000.0
    ],
    "pred_keypoints_3d": [
        [
            0.09563757479190826,
            0.00637160986661911,
            0.006220212206244469
        ],
        [
            0.09645416587591171,
            0.02652832679450512,
            -0.0264758188277483
        ],
        [
            0.10454309731721878,
            0.056032393127679825,
            -0.029967349022626877
        ],
        [
            0.11178909242153168,
            0.08216299116611481,
            -0.029448822140693665
        ],
        [
            0.12553180754184723,
            0.11562612652778625,
            -0.03427495062351227
        ],
        [
            0.057350531220436096,
            0.07791268080472946,
            -0.033613063395023346
        ],
        [
            0.06401833146810532,
            0.11016044020652771,
            -0.03195946663618088
        ],
        [
            0.08076781034469604,
            0.12473472207784653,
            -0.03223785385489464
        ],
        [
            0.10080026090145111,
            0.14057891070842743,
            -0.03162454441189766
        ],
        [
            0.05236414447426796,
            0.08862505108118057,
            -0.011547401547431946
        ],
        [
            0.0702187567949295,
            0.11474785953760147,
            -0.013672851957380772
        ],
        [
            0.09003587812185287,
            0.1268746703863144,
            -0.015296580269932747
        ],
        [
            0.10981109738349915,
            0.14331591129302979,
            -0.019634224474430084
        ],
        [
            0.0618949756026268,
            0.0852358490228653,
            0.013043520972132683
        ],
        [
            0.07679370790719986,
            0.10729813575744629,
            0.0017518708482384682
        ],
        [
            0.09882118552923203,
            0.11792120337486267,
            -0.002689618617296219
        ],
        [
            0.12033333629369736,
            0.12763838469982147,
            -0.012212986126542091
        ],
        [
            0.07403635233640671,
            0.08141930401325226,
            0.030622312799096107
        ],
        [
            0.08388543128967285,
            0.09632042795419693,
            0.01931530423462391
        ],
        [
            0.09783950448036194,
            0.10694863647222519,
            0.012063613161444664
        ],
        [
            0.11547064781188965,
            0.11652421951293945,
            0.0002729929983615875
        ]
    ],
    "pred_vertices": [
        [
            0.08609427511692047,
            0.05134265869855881,
            -0.021521376445889473
        ],
        [
            0.09210234880447388,
            0.04169965535402298,
            -0.01747862994670868
        ],
        [
            0.0936516672372818,
            0.04815887659788132,
            -0.019841518253087997
        ],
        [
            0.08643066883087158,
            0.05589006841182709,
            -0.027074504643678665
        ],
        [
            0.1118997186422348,
            0.03564560413360596,
            -0.016137465834617615
        ],
        [
            0.11647507548332214,
            0.02990558370947838,
            -0.025656696408987045
        ],
        [
            0.11683948338031769,
            0.04605675861239433,
            -0.027397211641073227
        ],
        [
            0.11385875940322876,
            0.0481933131814003,
            -0.017855390906333923
        ],
        [
            0.08586226403713226,
            0.060040075331926346,
            -0.02980484813451767
        ],
        [
            0.09538053721189499,
            0.054791055619716644,
            -0.021654292941093445
        ],
        [
            0.08530356734991074,
            0.06118081137537956,
            -0.029273387044668198
        ],
        [
            0.07000111788511276,
            0.061414748430252075,
            -0.03850152716040611
        ],
        [
            0.07510855793952942,
            0.06307625025510788,
            -0.036674726754426956
        ],
        [
            0.06148531287908554,
            0.06485781073570251,
            -0.04099342226982117
        ],
        [
            0.0651286169886589,
            0.05279473960399628,
            -0.03825368732213974
        ],
        [
            0.053235527127981186,
            0.0622645765542984,
            -0.037178244441747665
        ],
        [
            0.05505346134305,
            0.04352974519133568,
            -0.014515307731926441
        ],
        [
            0.056717272847890854,
            0.043493930250406265,
            -0.001024995930492878
        ],
        [
            0.048318564891815186,
            0.059374041855335236,
            -0.002481600269675255
        ],
        [
            0.04841242730617523,
            0.05797730013728142,
            -0.01626492664217949
        ],
        [
            0.057691752910614014,
            0.05684078112244606,
            0.016061874106526375
        ],
        [
            0.0522129125893116,
            0.05898946523666382,
            0.005806571338325739
        ],
        [
            0.05929106846451759,
            0.04263174533843994,
            0.0075647179037332535
        ],
        [
            0.06404588371515274,
            0.04153715819120407,
            0.016492784023284912
        ],
        [
            0.08842186629772186,
            0.04685093089938164,
            -0.007823348976671696
        ],
        [
            0.09418407082557678,
            0.03792634606361389,
            -0.005579423159360886
        ],
        [
            0.09205466508865356,
            0.03806029260158539,
            -0.011018347926437855
        ],
        [
            0.0873037576675415,
            0.04728149250149727,
            -0.013130486011505127
        ],
        [
            0.09361213445663452,
            0.06458929181098938,
            -0.03240440785884857
        ],
        [
            0.0836348757147789,
            0.05164370685815811,
            -0.038673460483551025
        ],
        [
            0.08182010799646378,
            0.0572429858148098,
            -0.03435435891151428
        ],
        [
            0.09526819735765457,
            0.06623165309429169,
            -0.02741730958223343
        ],
        [
            0.11437565088272095,
            0.021435119211673737,
            0.007702113129198551
        ],
        [
            0.11448324471712112,
            0.007925331592559814,
            0.009196302853524685
        ],
        [
            0.11325156688690186,
            0.006590813398361206,
            0.0034526679664850235
        ],
        [
            0.1128949373960495,
            0.018933117389678955,
            0.0031520389020442963
        ],
        [
            0.11343006789684296,
            0.011359326541423798,
            -0.018384139984846115
        ],
        [
            0.11086887121200562,
            0.0021180957555770874,
            -0.01437474600970745
        ],
        [
            0.10512662678956985,
            -0.007190980017185211,
            -0.020768150687217712
        ],
        [
            0.10558463633060455,
            0.0024736151099205017,
            -0.02670494094491005
        ],
        [
            0.11509168148040771,
            0.020386531949043274,
            -0.022792261093854904
        ],
        [
            0.11034555733203888,
            0.01398661732673645,
            -0.03210322931408882
        ],
        [
            0.11285834014415741,
            0.02646218240261078,
            -0.03532993048429489
        ],
        [
            0.11424893140792847,
            0.04510311782360077,
            -0.035949092358350754
        ],
        [
            0.11424370110034943,
            0.009319640696048737,
            0.02189822867512703
        ],
        [
            0.11462843418121338,
            0.019585318863391876,
            0.022651134058833122
        ],
        [
            0.07444458454847336,
            0.10808727145195007,
            -0.03843432664871216
        ],
        [
            0.07651474326848984,
            0.10793682187795639,
            -0.032938115298748016
        ],
        [
            0.074824258685112,
            0.10379377752542496,
            -0.033279892057180405
        ],
        [
            0.07285501062870026,
            0.10487080365419388,
            -0.038703110069036484
        ],
        [
            0.09916128218173981,
            0.012401767075061798,
            0.034991733729839325
        ],
        [
            0.08973643183708191,
            0.00907890498638153,
            0.03544703871011734
        ],
        [
            0.09403638541698456,
            0.0034137368202209473,
            0.03698790818452835
        ],
        [
            0.10280676186084747,
            0.0057415589690208435,
            0.03476128727197647
        ],
        [
            0.09432074427604675,
            0.02116084098815918,
            0.035251617431640625
        ],
        [
            0.08418762683868408,
            0.017088428139686584,
            0.03276439756155014
        ],
        [
            0.06443565338850021,
            0.11583471298217773,
            -0.0391605943441391
        ],
        [
            0.06805095076560974,
            0.11329913139343262,
            -0.04170432314276695
        ],
        [
            0.06441077589988708,
            0.10995399951934814,
            -0.041627734899520874
        ],
        [
            0.06072095036506653,
            0.1116834208369255,
            -0.03837008401751518
        ],
        [
            0.07909732311964035,
            0.06218405067920685,
            -0.032568566501140594
        ],
        [
            0.08144231885671616,
            0.059769406914711,
            -0.024927709251642227
        ],
        [
            0.06944958120584488,
            0.07514312118291855,
            -0.035627249628305435
        ],
        [
            0.07312672585248947,
            0.06968248635530472,
            -0.030343040823936462
        ],
        [
            0.07192659378051758,
            0.0674159973859787,
            -0.03653313219547272
        ],
        [
            0.06777974218130112,
            0.07225392013788223,
            -0.040164362639188766
        ],
        [
            0.07748135179281235,
            0.06673350930213928,
            -0.0074419681914150715
        ],
        [
            0.08283115923404694,
            0.056505296379327774,
            -0.006053426302969456
        ],
        [
            0.08113383501768112,
            0.05753388628363609,
            -0.012319045141339302
        ],
        [
            0.0758117213845253,
            0.06879161298274994,
            -0.015619838610291481
        ],
        [
            0.08798931539058685,
            0.057471539825201035,
            0.006984086707234383
        ],
        [
            0.0818246454000473,
            0.06716883182525635,
            0.004683629143983126
        ],
        [
            0.08543755859136581,
            0.06635168194770813,
            0.012361885979771614
        ],
        [
            0.09008190035820007,
            0.06012712046504021,
            0.012460092082619667
        ],
        [
            0.07031168788671494,
            0.08209346979856491,
            -0.002421779092401266
        ],
        [
            0.06731551885604858,
            0.08574602752923965,
            -0.004387033637613058
        ],
        [
            0.06887403130531311,
            0.08643985539674759,
            -0.0015174600994214416
        ],
        [
            0.07169489562511444,
            0.08171713352203369,
            0.001031351275742054
        ],
        [
            0.09726771712303162,
            -0.002788551151752472,
            0.0382423996925354
        ],
        [
            0.10573685169219971,
            -0.0008953064680099487,
            0.03378414362668991
        ],
        [
            0.06999514251947403,
            0.05625816434621811,
            0.03404872864484787
        ],
        [
            0.08026131987571716,
            0.05455548316240311,
            0.03811207041144371
        ],
        [
            0.07664918899536133,
            0.0676058903336525,
            0.0385255441069603
        ],
        [
            0.06547617167234421,
            0.06612232327461243,
            0.034481439739465714
        ],
        [
            0.08132468909025192,
            0.006780318915843964,
            0.02997470647096634
        ],
        [
            0.08493420481681824,
            0.0009683817625045776,
            0.03375237435102463
        ],
        [
            0.06280653178691864,
            0.11751215159893036,
            -0.03348086401820183
        ],
        [
            0.05955462157726288,
            0.11294450610876083,
            -0.03254052251577377
        ],
        [
            0.10126307606697083,
            0.021647915244102478,
            -0.04097133129835129
        ],
        [
            0.10656078904867172,
            0.04376061633229256,
            -0.04230337217450142
        ],
        [
            0.0975746214389801,
            0.006258934736251831,
            -0.034529197961091995
        ],
        [
            0.09438309073448181,
            -0.0033692941069602966,
            -0.027144908905029297
        ],
        [
            0.09400898218154907,
            -0.011967554688453674,
            -0.02200911194086075
        ],
        [
            0.07213228195905685,
            0.0735585018992424,
            -0.025524307042360306
        ],
        [
            0.08298951387405396,
            0.05524339899420738,
            -0.017323151230812073
        ],
        [
            0.08991657197475433,
            0.04687615483999252,
            -0.002944672480225563
        ],
        [
            0.10040868073701859,
            0.05381675809621811,
            0.0249970480799675
        ],
        [
            0.10571236908435822,
            0.04491165280342102,
            0.02561372146010399
        ],
        [
            0.10282249748706818,
            0.047308217734098434,
            0.015591233037412167
        ],
        [
            0.09820643812417984,
            0.054381825029850006,
            0.017276570200920105
        ],
        [
            0.08970130980014801,
            0.05795188993215561,
            0.03726954758167267
        ],
        [
            0.09391464293003082,
            0.061129312962293625,
            0.0312938466668129
        ],
        [
            0.08993583172559738,
            0.06816791743040085,
            0.030884908512234688
        ],
        [
            0.08553857356309891,
            0.06749127060174942,
            0.03691185265779495
        ],
        [
            0.09647082537412643,
            0.0634017214179039,
            -0.03899526596069336
        ],
        [
            0.08712474256753922,
            0.04701386019587517,
            -0.042557492852211
        ],
        [
            0.10835140943527222,
            0.015421323478221893,
            0.03073112666606903
        ],
        [
            0.11049792915582657,
            0.008153647184371948,
            0.028636891394853592
        ],
        [
            0.11141549050807953,
            -0.0003477036952972412,
            0.028576685115695
        ],
        [
            0.10456414520740509,
            0.029226120561361313,
            -0.0007636025547981262
        ],
        [
            0.11196020245552063,
            0.017180852591991425,
            -0.00016816891729831696
        ],
        [
            0.11114924401044846,
            0.016998082399368286,
            -0.004807453602552414
        ],
        [
            0.10226543247699738,
            0.02814590558409691,
            -0.004043899476528168
        ],
        [
            0.10027879476547241,
            0.03278174623847008,
            -0.012862232513725758
        ],
        [
            0.11011750251054764,
            0.024544917047023773,
            -0.014117957092821598
        ],
        [
            0.10269911587238312,
            0.042094919830560684,
            -0.012845246121287346
        ],
        [
            0.11224246025085449,
            0.003348797559738159,
            -0.004221351817250252
        ],
        [
            0.11566457897424698,
            -0.0033847838640213013,
            0.004151498898863792
        ],
        [
            0.11343279480934143,
            -0.005949042737483978,
            -0.004101058468222618
        ],
        [
            0.11605749279260635,
            -0.0018049180507659912,
            0.013785977847874165
        ],
        [
            0.11489151418209076,
            -0.0005701035261154175,
            0.022474955767393112
        ],
        [
            0.08608083426952362,
            -0.006595037877559662,
            0.03747149929404259
        ],
        [
            0.11002475023269653,
            -0.007764562964439392,
            -0.01140093244612217
        ],
        [
            0.11442205309867859,
            0.05704324692487717,
            -0.020362963899970055
        ],
        [
            0.11554528027772903,
            0.0652838945388794,
            -0.022973179817199707
        ],
        [
            0.10905744135379791,
            0.0666600838303566,
            -0.019178226590156555
        ],
        [
            0.10721202939748764,
            0.05899063125252724,
            -0.01652608998119831
        ],
        [
            0.05572446063160896,
            0.07222475111484528,
            -0.04199806600809097
        ],
        [
            0.06316767632961273,
            0.07239393889904022,
            -0.04284391179680824
        ],
        [
            0.06831283122301102,
            0.06531721353530884,
            -0.040744975209236145
        ],
        [
            0.11110756546258926,
            0.03193315118551254,
            0.011632154695689678
        ],
        [
            0.11164688318967819,
            0.029946468770503998,
            0.024077236652374268
        ],
        [
            0.06872155517339706,
            0.07860197126865387,
            -0.030507391318678856
        ],
        [
            0.0575278103351593,
            0.1072114035487175,
            -0.03786531090736389
        ],
        [
            0.06171673163771629,
            0.1053762212395668,
            -0.04165855422616005
        ],
        [
            0.05686437338590622,
            0.0869448184967041,
            -0.043153587728738785
        ],
        [
            0.05169875919818878,
            0.08928921073675156,
            -0.03906773030757904
        ],
        [
            0.06339054554700851,
            0.0847635269165039,
            -0.025416532531380653
        ],
        [
            0.06803368031978607,
            0.08132080733776093,
            -0.029813406988978386
        ],
        [
            0.06760025024414062,
            0.0830453410744667,
            -0.028569573536515236
        ],
        [
            0.06546930968761444,
            0.08657924830913544,
            -0.02336939051747322
        ],
        [
            0.07337029278278351,
            0.08420397341251373,
            0.0064174709841609
        ],
        [
            0.07583855837583542,
            0.07991433888673782,
            0.008474121801555157
        ],
        [
            0.045943886041641235,
            0.0736103430390358,
            -0.017979539930820465
        ],
        [
            0.04251309111714363,
            0.0691320151090622,
            -0.029856305569410324
        ],
        [
            0.04844887554645538,
            0.057861845940351486,
            -0.028311334550380707
        ],
        [
            0.07994891703128815,
            0.06615164130926132,
            -0.0004605068825185299
        ],
        [
            0.07530622184276581,
            0.07525685429573059,
            -0.0009651253931224346
        ],
        [
            0.07650098949670792,
            0.07513166964054108,
            0.0029577738605439663
        ],
        [
            0.07043428719043732,
            0.07693026214838028,
            -0.022752832621335983
        ],
        [
            0.06695815920829773,
            0.08136523514986038,
            -0.02526457980275154
        ],
        [
            0.06716395169496536,
            0.08102521300315857,
            -0.020455531775951385
        ],
        [
            0.07138346880674362,
            0.07628468424081802,
            -0.01740914024412632
        ],
        [
            0.08465978503227234,
            0.041979413479566574,
            0.03805644065141678
        ],
        [
            0.09548895061016083,
            0.04638148099184036,
            0.037489958107471466
        ],
        [
            0.07154153287410736,
            0.11025373637676239,
            -0.041532423347234726
        ],
        [
            0.06892791390419006,
            0.10712040960788727,
            -0.04173596575856209
        ],
        [
            0.08520180732011795,
            0.05616215988993645,
            0.0006948001682758331
        ],
        [
            0.0567636676132679,
            0.04557882994413376,
            -0.02584206312894821
        ],
        [
            0.09183226525783539,
            0.04706151783466339,
            0.0021786093711853027
        ],
        [
            0.06118010729551315,
            0.07826582342386246,
            0.020741630345582962
        ],
        [
            0.06896132975816727,
            0.08124990016222,
            0.02083851397037506
        ],
        [
            0.0700804591178894,
            0.08579891920089722,
            0.018076380714774132
        ],
        [
            0.06424123048782349,
            0.08621018379926682,
            0.017895152792334557
        ],
        [
            0.06880795955657959,
            0.10145646333694458,
            -0.022564176470041275
        ],
        [
            0.07280374318361282,
            0.10041768103837967,
            -0.02663227543234825
        ],
        [
            0.07430567592382431,
            0.10441513359546661,
            -0.027076011523604393
        ],
        [
            0.07064110785722733,
            0.10651001334190369,
            -0.02303723245859146
        ],
        [
            0.06878635287284851,
            0.07933803647756577,
            -0.03525649383664131
        ],
        [
            0.06687472015619278,
            0.0778401792049408,
            -0.04084743186831474
        ],
        [
            0.067720428109169,
            0.0830807164311409,
            -0.039623603224754333
        ],
        [
            0.0685986652970314,
            0.08326524496078491,
            -0.03368127718567848
        ],
        [
            0.06179141253232956,
            0.07854638248682022,
            -0.043521054089069366
        ],
        [
            0.06266530603170395,
            0.08441970497369766,
            -0.04314079508185387
        ],
        [
            0.06291714310646057,
            0.10392668098211288,
            -0.021795088425278664
        ],
        [
            0.05733666568994522,
            0.10678914189338684,
            -0.02581455186009407
        ],
        [
            0.05176310986280441,
            0.09050147235393524,
            -0.025136331096291542
        ],
        [
            0.05911984294652939,
            0.09053847938776016,
            -0.021901581436395645
        ],
        [
            0.06849336624145508,
            0.026827745139598846,
            0.017589746043086052
        ],
        [
            0.07415435463190079,
            0.027924202382564545,
            0.02707994170486927
        ],
        [
            0.06962376832962036,
            0.04259144142270088,
            0.02639155276119709
        ],
        [
            0.06414508074522018,
            0.05717026814818382,
            0.026711273938417435
        ],
        [
            0.05988875776529312,
            0.07074351608753204,
            0.02548280544579029
        ],
        [
            0.05185801535844803,
            0.06969743967056274,
            0.016384780406951904
        ],
        [
            0.07471641898155212,
            0.0420890711247921,
            0.032807908952236176
        ],
        [
            0.05511388182640076,
            0.08349239081144333,
            -0.021486889570951462
        ],
        [
            0.04829190671443939,
            0.0806111991405487,
            -0.024235697463154793
        ],
        [
            0.0496971532702446,
            0.08090567588806152,
            -0.019899731501936913
        ],
        [
            0.0953417420387268,
            0.04867495968937874,
            0.008534412831068039
        ],
        [
            0.06657322496175766,
            0.10302116721868515,
            -0.04217115044593811
        ],
        [
            0.07578810304403305,
            -0.006233565509319305,
            -0.010660918429493904
        ],
        [
            0.07295595109462738,
            -0.0050371065735816956,
            0.002850022166967392
        ],
        [
            0.07079435139894485,
            0.002597130835056305,
            -0.0009666774421930313
        ],
        [
            0.07494230568408966,
            0.002115197479724884,
            -0.016674760729074478
        ],
        [
            0.07390078157186508,
            0.10000688582658768,
            -0.03338085114955902
        ],
        [
            0.07183860242366791,
            0.1007469892501831,
            -0.03937211632728577
        ],
        [
            0.07868920266628265,
            0.08126039057970047,
            0.01395714096724987
        ],
        [
            0.07582784444093704,
            0.085252545773983,
            0.011612877249717712
        ],
        [
            0.07553377002477646,
            0.08608399331569672,
            0.014412968419492245
        ],
        [
            0.07975409179925919,
            0.08360189944505692,
            0.017540691420435905
        ],
        [
            0.07812327891588211,
            0.027357369661331177,
            0.03149917721748352
        ],
        [
            0.07958127558231354,
            0.07677632570266724,
            0.03644012659788132
        ],
        [
            0.06779398769140244,
            0.07494199275970459,
            0.033373456448316574
        ],
        [
            0.07773912698030472,
            0.015220068395137787,
            0.027344439178705215
        ],
        [
            0.07227914035320282,
            0.013938568532466888,
            0.01937166601419449
        ],
        [
            0.0751027911901474,
            0.004796899855136871,
            0.021228816360235214
        ],
        [
            0.048911869525909424,
            0.07532092183828354,
            0.002814840991050005
        ],
        [
            0.06455320864915848,
            0.02819717675447464,
            0.01003640703856945
        ],
        [
            0.0693986713886261,
            0.014637105166912079,
            0.012358861044049263
        ],
        [
            0.07260537892580032,
            0.0037527456879615784,
            0.01427097525447607
        ],
        [
            0.07442477345466614,
            -0.0040483251214027405,
            0.016467612236738205
        ],
        [
            0.07710807770490646,
            -0.0020612701773643494,
            0.0238440353423357
        ],
        [
            0.05646307021379471,
            0.10780145227909088,
            -0.03163940832018852
        ],
        [
            0.060654234141111374,
            0.11275634914636612,
            -0.025809060782194138
        ],
        [
            0.07798288017511368,
            -0.010250300168991089,
            0.027604926377534866
        ],
        [
            0.07552473992109299,
            -0.011994056403636932,
            0.018868621438741684
        ],
        [
            0.06711973994970322,
            0.014819122850894928,
            0.0034654568880796432
        ],
        [
            0.06599360704421997,
            0.015675529837608337,
            -0.008380083367228508
        ],
        [
            0.06269800662994385,
            0.02798125147819519,
            0.0015382152050733566
        ],
        [
            0.06087961792945862,
            0.02960812672972679,
            -0.00992760993540287
        ],
        [
            0.04168585687875748,
            0.07142699509859085,
            -0.0048950738273561
        ],
        [
            0.07452088594436646,
            0.12479773908853531,
            -0.025243688374757767
        ],
        [
            0.06817357242107391,
            0.11550915986299515,
            -0.023164397105574608
        ],
        [
            0.07262920588254929,
            0.11185887455940247,
            -0.023425178602337837
        ],
        [
            0.07752487063407898,
            0.12216861546039581,
            -0.023732472211122513
        ],
        [
            0.06558965146541595,
            0.10954944789409637,
            -0.022256890311837196
        ],
        [
            0.06409487873315811,
            0.11729094386100769,
            -0.026840563863515854
        ],
        [
            0.06408887356519699,
            0.031952690333127975,
            -0.0248132161796093
        ],
        [
            0.0634370744228363,
            0.08482865244150162,
            -0.02231028489768505
        ],
        [
            0.07287511974573135,
            0.01792890578508377,
            -0.02652684599161148
        ],
        [
            0.06942911446094513,
            0.04104389622807503,
            -0.03796298801898956
        ],
        [
            0.07850402593612671,
            0.03197048231959343,
            -0.03952893242239952
        ],
        [
            0.08354975283145905,
            0.0035184472799301147,
            -0.029326699674129486
        ],
        [
            0.08744916319847107,
            0.018633820116519928,
            -0.04006253555417061
        ],
        [
            0.08414071798324585,
            -0.013294652104377747,
            -0.01688438095152378
        ],
        [
            0.08267873525619507,
            -0.0049279555678367615,
            -0.021636050194501877
        ],
        [
            0.09336736798286438,
            0.03595329448580742,
            -0.0444406196475029
        ],
        [
            0.08175434917211533,
