{
    "pred_cam": [
        8.398466110229492,
        0.1265607327222824,
        -0.05961814895272255
    ],
    "pred_mano_params": {
        "global_orient": [
            [
                [
                    -0.7076461911201477,
                    0.6920021176338196,
                    0.14272314310073853
                ],
                [
                    -0.5096549987792969,
                    -0.36000755429267883,
                    -0.7814385890960693
                ],
                [
                    -0.4893757998943329,
                    -0.6257215738296509,
                    0.6074403524398804
                ]
            ]
        ],
        "hand_pose": [
            [
                [
                    0.7489196062088013,
                    -0.49542102217674255,
                    -0.44008803367614746
                ],
                [
                    0.5124309062957764,
                    0.8540607690811157,
                    -0.08941411972045898
                ],
                [
                    0.4201594889163971,
                    -0.1585506945848465,
                    0.8934919238090515
                ]
            ],
            [
                [
                    0.9866107106208801,
                    -0.16308417916297913,
                    0.0016970098949968815
                ],
                [
                    0.15386967360973358,
                    0.9273151755332947,
                    -0.34119024872779846
                ],
                [
                    0.05406907573342323,
                    0.3368830382823944,
                    0.9399927854537964
                ]
            ],
            [
                [
                    0.9241901636123657,
                    -0.18412837386131287,
                    0.33461812138557434
                ],
                [
                    0.12334397435188293,
                    0.9730618596076965,
                    0.19477428495883942
                ],
                [
                    -0.36146754026412964,
                    -0.13873536884784698,
                    0.922005295753479
                ]
            ],
            [
                [
                    0.9453197121620178,
                    -0.299627423286438,
                    -0.12881815433502197
                ],
                [
                    0.2917350232601166,
                    0.9534151554107666,
                    -0.0767473578453064
                ],
                [
                    0.14581279456615448,
                    0.034970011562108994,
                    0.9886939525604248
                ]
            ],
            [
                [
                    0.9314672946929932,
                    -0.30712807178497314,
                    -0.19504126906394958
                ],
                [
                    0.34389984607696533,
                    0.9182228446006775,
                    0.19646799564361572
                ],
                [
                    0.11875052005052567,
                    -0.25007814168930054,
                    0.9609158635139465
                ]
            ],
            [
                [
                    0.8892796635627747,
                    -0.4130692481994629,
                    0.1963554322719574
                ],
                [
                    0.4218621253967285,
                    0.9066540598869324,
                    -0.003272482194006443
                ],
                [
                    -0.17667469382286072,
                    0.08574508875608444,
                    0.9805272817611694
                ]
            ],
            [
                [
                    0.9352063536643982,
                    -0.3506537675857544,
                    -0.04930516332387924
                ],
                [
                    0.342381089925766,
                    0.9309688210487366,
                    -0.12677638232707977
                ],
                [
                    0.09035618603229523,
                    0.1016809269785881,
                    0.9907051920890808
                ]
            ],
            [
                [
                    0.8464393615722656,
                    -0.4929307997226715,
                    -0.2013942450284958
                ],
                [
                    0.5312239527702332,
                    0.7556926608085632,
                    0.38305312395095825
                ],
                [
                    -0.036626510322093964,
                    -0.43121668696403503,
                    0.901504635810852
                ]
            ],
            [
                [
                    0.8623009324073792,
                    -0.49490857124328613,
                    -0.10725072771310806
                ],
                [
                    0.37889719009399414,
                    0.49004387855529785,
                    0.7850440144538879
                ],
                [
                    -0.33596739172935486,
                    -0.7175811529159546,
                    0.6100847721099854
                ]
            ],
            [
                [
                    0.8186501264572144,
                    -0.5198652744293213,
                    -0.2440330684185028
                ],
                [
                    0.4616243839263916,
                    0.8484593033790588,
                    -0.25888165831565857
                ],
                [
                    0.34163570404052734,
                    0.09928186982870102,
                    0.9345738291740417
                ]
            ],
            [
                [
                    0.8389157652854919,
                    -0.5077008605003357,
                    -0.19611267745494843
                ],
                [
                    0.5401861071586609,
                    0.7326903939247131,
                    0.41396111249923706
                ],
                [
                    -0.06647855788469315,
                    -0.4532158076763153,
                    0.8889184594154358
                ]
            ],
            [
                [
                    0.7161876559257507,
                    -0.6938901543617249,
                    0.07477810233831406
                ],
                [
                    0.6387329697608948,
                    0.6948667764663696,
                    0.33042454719543457
                ],
                [
                    -0.2812391519546509,
                    -0.1888827383518219,
                    0.9408655166625977
                ]
            ],
            [
                [
                    0.6596148014068604,
                    0.10923437774181366,
                    -0.743623673915863
                ],
                [
                    -0.6373016238212585,
                    0.6057782173156738,
                    -0.4763185381889343
                ],
                [
                    0.3984406590461731,
                    0.7880993485450745,
                    0.46919551491737366
                ]
            ],
            [
                [
                    0.9110566973686218,
                    -0.27336546778678894,
                    -0.3086214065551758
                ],
                [
                    0.38003596663475037,
                    0.847051203250885,
                    0.3715870976448059
                ],
                [
                    0.15983906388282776,
                    -0.4558240473270416,
                    0.8756003975868225
                ]
            ],
            [
                [
                    0.8412193059921265,
                    -0.5203661322593689,
                    0.14686451852321625
                ],
                [
                    0.5356206893920898,
                    0.7648738622665405,
                    -0.35788050293922424
                ],
                [
                    0.07389607280492783,
                    0.37971964478492737,
                    0.9221455454826355
                ]
            ]
        ],
        "betas": [
            -0.07901287078857422,
            -0.10024774074554443,
            0.020017027854919434,
            0.0053425133228302,
            0.09895819425582886,
            -0.012986686080694199,
            0.031711429357528687,
            0.03329497575759888,
            0.0006651878356933594,
            -0.018907815217971802
        ]
    },
    "pred_cam_t": [
        -0.1265607327222824,
        -0.05961814895272255,
        4.65114688873291
    ],
    "focal_length": [
        5000.0,
        5000.0
    ],
    "pred_keypoints_3d": [
        [
            0.09608512371778488,
            0.00642737653106451,
            0.0062174126505851746
        ],
        [
            0.10614737868309021,
            0.004031197167932987,
            0.0435592383146286
        ],
        [
            0.1296195238828659,
            0.015797019004821777,
            0.059884700924158096
        ],
        [
            0.14905588328838348,
            0.0345173142850399,
            0.06316741555929184
        ],
        [
            0.1591910421848297,
            0.06251585483551025,
            0.08049208670854568
        ],
        [
            0.15801095962524414,
            0.03720506653189659,
            0.06536801159381866
        ],
        [
            0.1662684679031372,
            0.06581614166498184,
            0.07981173694133759
        ],
        [
            0.16385658085346222,
            0.0857028067111969,
            0.08954793959856033
        ],
        [
            0.16053107380867004,
            0.10250581800937653,
            0.10733398795127869
        ],
        [
            0.16180554032325745,
            0.05807306244969368,
            0.05161106213927269
        ],
        [
            0.17634935677051544,
            0.08338621258735657,
            0.06428231298923492
        ],
        [
            0.17561587691307068,
            0.10395223647356033,
            0.07536174356937408
        ],
        [
            0.1714664250612259,
            0.12187585979700089,
            0.09328639507293701
        ],
        [
            0.14765124022960663,
            0.07065070420503616,
            0.032583221793174744
        ],
        [
            0.15505263209342957,
            0.09720256924629211,
            0.04152267798781395
        ],
        [
            0.1415318101644516,
            0.1163494884967804,
            0.04986812546849251
        ],
        [
            0.12285075336694717,
            0.12274569272994995,
            0.06513399630784988
        ],
        [
            0.13192951679229736,
            0.07918769121170044,
            0.019914038479328156
        ],
        [
            0.13792604207992554,
            0.09949477016925812,
            0.02160004712641239
        ],
        [
            0.12994232773780823,
            0.11593860387802124,
            0.02701869234442711
        ],
        [
            0.1155584305524826,
            0.11984362453222275,
            0.041840165853500366
        ]
    ],
    "pred_vertices": [
        [
            0.1213236153125763,
            0.024555470794439316,
            0.048113226890563965
        ],
        [
            0.1117665022611618,
            0.019925590604543686,
            0.04188939556479454
        ],
        [
            0.1182611957192421,
            0.021972298622131348,
            0.04755479469895363
        ],
        [
            0.1253511607646942,
            0.02374790608882904,
            0.05440111458301544
        ],
        [
            0.10244961082935333,
            0.019722498953342438,
            0.053685419261455536
        ],
        [
            0.09915611892938614,
            0.010094011202454567,
            0.06033441051840782
        ],
        [
            0.1146927922964096,
            0.01797041855752468,
            0.06702796369791031
        ],
        [
            0.1145276352763176,
            0.025497905910015106,
            0.059811972081661224
        ],
        [
            0.13148023188114166,
            0.022916749119758606,
            0.05715243145823479
        ],
        [
            0.12430712580680847,
            0.024131575599312782,
            0.05238867551088333
        ],
        [
            0.13654747605323792,
            0.019915301352739334,
            0.05352643504738808
        ],
        [
            0.14633816480636597,
            0.017176147550344467,
            0.05901273339986801
        ],
        [
            0.14021262526512146,
            0.022165201604366302,
            0.06215481832623482
        ],
        [
            0.15362878143787384,
            0.019978199154138565,
            0.06254218518733978
        ],
        [
            0.14779655635356903,
            0.009264696389436722,
            0.052011411637067795
        ],
        [
            0.15896761417388916,
            0.018984731286764145,
            0.055317338556051254
        ],
        [
            0.14734047651290894,
            0.01916504092514515,
            0.030232485383749008
        ],
        [
            0.14350523054599762,
            0.02751677855849266,
            0.020526036620140076
        ],
        [
            0.15435190498828888,
            0.037819720804691315,
            0.02823565900325775
        ],
        [
            0.15687406063079834,
            0.028881285339593887,
            0.037926044315099716
        ],
        [
            0.14171768724918365,
            0.047142088413238525,
            0.014647237956523895
        ],
        [
            0.14952677488327026,
            0.042687561362981796,
            0.022405710071325302
        ],
        [
            0.13935118913650513,
            0.031997669488191605,
            0.013874512165784836
        ],
        [
            0.13278448581695557,
            0.03675410524010658,
            0.007469609379768372
        ],
        [
            0.11549030244350433,
            0.03023579716682434,
            0.03679545223712921
        ],
        [
            0.10611800104379654,
            0.02497139200568199,
            0.03157021105289459
        ],
        [
            0.10779434442520142,
            0.02157043293118477,
            0.03488826006650925
        ],
        [
            0.11711959540843964,
            0.027095679193735123,
            0.04045368731021881
        ],
        [
            0.14060528576374054,
            0.01587980054318905,
            0.052909836173057556
        ],
        [
            0.1377556025981903,
            0.005183899775147438,
            0.05399101600050926
        ],
        [
            0.13956531882286072,
            0.011950952932238579,
            0.05258184298872948
        ],
        [
            0.13872946798801422,
            0.021006109192967415,
            0.051955681294202805
        ],
        [
            0.08173027634620667,
            0.021797865629196167,
            0.018512923270463943
        ],
        [
            0.07785705476999283,
            0.011753108352422714,
            0.010323937982320786
        ],
        [
            0.07948882132768631,
            0.007346700876951218,
            0.014019206166267395
        ],
        [
            0.08276446908712387,
            0.017279386520385742,
            0.020613782107830048
        ],
        [
            0.08383028954267502,
            -0.000620231032371521,
            0.038627222180366516
        ],
        [
            0.08314627408981323,
            -0.006337892264127731,
            0.026555471122264862
        ],
        [
            0.08800020068883896,
            -0.01909836009144783,
            0.024165455251932144
        ],
        [
            0.09211171418428421,
            -0.015232246369123459,
            0.035034164786338806
        ],
        [
            0.08964464068412781,
            0.005004646256566048,
            0.05142558738589287
        ],
        [
            0.09434665739536285,
            -0.008560849353671074,
            0.050054848194122314
        ],
        [
            0.10347313433885574,
            -0.0006435699760913849,
            0.06206676363945007
        ],
        [
            0.11890891939401627,
            0.009773992002010345,
            0.06912580132484436
        ],
        [
            0.07625683397054672,
            0.020212076604366302,
            0.000735454261302948
        ],
        [
            0.0784456878900528,
            0.02892092615365982,
            0.005597490817308426
        ],
        [
            0.1585024744272232,
            0.06713051348924637,
            0.08925336599349976
        ],
        [
            0.15594036877155304,
            0.07053928077220917,
            0.08512354642152786
        ],
        [
            0.15470732748508453,
            0.06481636315584183,
            0.08319150656461716
        ],
        [
            0.1577724665403366,
            0.06253932416439056,
            0.08754286170005798
        ],
        [
            0.08910048753023148,
            0.02847183123230934,
            -0.012613862752914429
        ],
        [
            0.09719796478748322,
            0.024955153465270996,
            -0.017653752118349075
        ],
        [
            0.09128332883119583,
            0.021795466542243958,
            -0.020609762519598007
        ],
        [
            0.08391246944665909,
            0.0234440378844738,
            -0.014891985803842545
        ],
        [
            0.09592083096504211,
            0.03506157174706459,
            -0.009403720498085022
        ],
        [
            0.10505473613739014,
            0.02918197214603424,
            -0.012797743082046509
        ],
        [
            0.17097656428813934,
            0.06675288826227188,
            0.08729404211044312
        ],
        [
            0.16716864705085754,
            0.065752774477005,
            0.09061893820762634
        ],
        [
            0.16774393618106842,
            0.06100871413946152,
            0.08796942979097366
        ],
        [
            0.17108158767223358,
            0.06175464391708374,
            0.08371124416589737
        ],
        [
            0.13378329575061798,
            0.026078082621097565,
            0.06112273782491684
        ],
        [
            0.1287633776664734,
            0.029619412496685982,
            0.0549798384308815
        ],
        [
            0.14656753838062286,
            0.035746388137340546,
            0.07010472565889359
        ],
        [
            0.14015936851501465,
            0.03418474271893501,
            0.06303812563419342
        ],
        [
            0.14213807880878448,
            0.02815254032611847,
            0.06619728356599808
        ],
        [
            0.14840646088123322,
            0.03012932278215885,
            0.0712287575006485
        ],
        [
            0.13132897019386292,
            0.04579439014196396,
            0.04433427006006241
        ],
        [
            0.12334393709897995,
            0.038728006184101105,
            0.03925946727395058
        ],
        [
            0.1261894404888153,
            0.03562358021736145,
            0.04419880732893944
        ],
        [
            0.13485652208328247,
            0.04252460598945618,
            0.051536303013563156
        ],
        [
            0.11646932363510132,
            0.047880955040454865,
            0.0308215394616127
        ],
        [
            0.12521705031394958,
            0.054017920047044754,
            0.036267902702093124
        ],
        [
            0.12033215165138245,
            0.0586322620511055,
            0.03094177506864071
        ],
        [
            0.11426287889480591,
            0.05368141829967499,
            0.028570841997861862
        ],
        [
            0.14168916642665863,
            0.062109727412462234,
            0.04708336293697357
        ],
        [
            0.14828544855117798,
            0.06607712060213089,
            0.049387600272893906
        ],
        [
            0.14693008363246918,
            0.06999298930168152,
            0.047347139567136765
        ],
        [
            0.14040707051753998,
            0.0641540065407753,
            0.04430831968784332
        ],
        [
            0.08631160110235214,
            0.017928890883922577,
            -0.023930560797452927
        ],
        [
            0.07952740043401718,
            0.017895806580781937,
            -0.016730431467294693
        ],
        [
            0.12666545808315277,
            0.058506280183792114,
            0.0037219785153865814
        ],
        [
            0.11599597334861755,
            0.061914246529340744,
            0.0027377475053071976
        ],
        [
            0.12250983715057373,
            0.07143476605415344,
            0.006564397364854813
        ],
        [
            0.1323123276233673,
            0.0653124749660492,
            0.006610991433262825
        ],
        [
            0.10569676756858826,
            0.018878445029258728,
            -0.017054997384548187
        ],
        [
            0.09999679774045944,
            0.016816575080156326,
            -0.022115174680948257
        ],
        [
            0.17226238548755646,
            0.06958746910095215,
            0.08187311142683029
        ],
        [
            0.17151913046836853,
            0.06449105590581894,
            0.07835017144680023
        ],
        [
            0.1096433699131012,
            -0.01093406043946743,
            0.05494358390569687
        ],
        [
            0.12356503307819366,
            0.0019218511879444122,
            0.06617812067270279
        ],
        [
            0.10277016460895538,
            -0.01780327782034874,
            0.04011783003807068
        ],
        [
            0.10031837970018387,
            -0.021089699119329453,
            0.027514096349477768
        ],
        [
            0.09726329892873764,
            -0.02517804130911827,
            0.018591318279504776
        ],
        [
            0.14124435186386108,
            0.04038267210125923,
            0.06133713573217392
        ],
        [
            0.12454619258642197,
            0.030782310292124748,
            0.04721137508749962
        ],
        [
            0.11352519690990448,
            0.03338173031806946,
            0.03348840773105621
        ],
        [
            0.10044115781784058,
            0.05685490369796753,
            0.018285028636455536
        ],
        [
            0.09291282296180725,
            0.05022097006440163,
            0.014430353417992592
        ],
        [
            0.09816807508468628,
            0.04614705592393875,
            0.022745121270418167
        ],
        [
            0.10414934158325195,
            0.05262564867734909,
            0.02396322228014469
        ],
        [
            0.10870680958032608,
            0.06586289405822754,
            0.007974643260240555
        ],
        [
            0.1073165237903595,
            0.06610044091939926,
            0.015831924974918365
        ],
        [
            0.11384090781211853,
            0.07232994586229324,
            0.018893316388130188
        ],
        [
            0.11536648869514465,
            0.0732387900352478,
            0.011574570089578629
        ],
        [
            0.1421409249305725,
            0.011186454445123672,
            0.05793611332774162
        ],
        [
            0.13532346487045288,
            -0.00023657828569412231,
            0.05644029378890991
        ],
        [
            0.08187544345855713,
            0.02950052171945572,
            -0.004858091473579407
        ],
        [
            0.07833156734704971,
            0.022711370140314102,
            -0.006378300487995148
        ],
        [
            0.07518009841442108,
            0.01599544659256935,
            -0.010542422533035278
        ],
        [
            0.09306085854768753,
            0.022426333278417587,
            0.026712842285633087
        ],
        [
            0.08316712826490402,
            0.014129750430583954,
            0.022430256009101868
        ],
        [
            0.08362230658531189,
            0.011600114405155182,
            0.026850510388612747
        ],
        [
            0.09395996481180191,
            0.019692517817020416,
            0.028404248878359795
        ],
        [
            0.10123831033706665,
            0.018597818911075592,
            0.04079774022102356
        ],
        [
            0.0902366042137146,
            0.013694871217012405,
            0.04405374079942703
        ],
        [
            0.11091411113739014,
            0.023992003872990608,
            0.046765610575675964
        ],
        [
            0.08041873574256897,
            0.00039696693420410156,
            0.018658503890037537
        ],
        [
            0.07449006289243698,
            -4.126504063606262e-05,
            0.008854366838932037
        ],
        [
            0.07719644904136658,
            -0.007145281881093979,
            0.013596367090940475
        ],
        [
            0.07292532920837402,
            0.006829556077718735,
            0.001988392323255539
        ],
        [
            0.07286766916513443,
            0.012704838067293167,
            -0.004752904176712036
        ],
        [
            0.09618891030550003,
            0.012993723154067993,
            -0.028755545616149902
        ],
        [
            0.08133615553379059,
            -0.013321232050657272,
            0.017441898584365845
        ],
        [
            0.12268674373626709,
            0.027850929647684097,
            0.06274471431970596
        ],
        [
            0.12964089214801788,
            0.03000478260219097,
            0.0640810877084732
        ],
        [
            0.13073600828647614,
            0.031033700332045555,
            0.05664602667093277
        ],
        [
            0.12537769973278046,
            0.028926033526659012,
            0.055124007165431976
        ],
        [
            0.16099032759666443,
            0.0261324904859066,
            0.06672638654708862
        ],
        [
            0.1540554016828537,
            0.02748074382543564,
            0.07103224098682404
        ],
        [
            0.14681318402290344,
            0.022304082289338112,
            0.0660451203584671
        ],
        [
            0.0870361477136612,
            0.032165393233299255,
            0.020000029355287552
        ],
        [
            0.08372919261455536,
            0.037768010050058365,
            0.009154461324214935
        ],
        [
            0.14747503399848938,
            0.04165239259600639,
            0.0677039697766304
        ],
        [
            0.17221030592918396,
            0.05786571651697159,
            0.08010748773813248
        ],
        [
            0.16871148347854614,
            0.05621742457151413,
            0.08475396037101746
        ],
        [
            0.16604842245578766,
            0.04013722017407417,
            0.07639499008655548
        ],
        [
            0.1702912598848343,
            0.04294096305966377,
            0.07178004086017609
        ],
        [
            0.1544039398431778,
            0.049441251903772354,
            0.06509888917207718
        ],
        [
            0.1498011201620102,
            0.044775962829589844,
            0.0686386376619339
        ],
        [
            0.1509486436843872,
            0.047175660729408264,
            0.06832589209079742
        ],
        [
            0.15297062695026398,
            0.052436552941799164,
            0.06485298275947571
        ],
        [
            0.14108321070671082,
            0.07190367579460144,
            0.040453504770994186
        ],
        [
            0.13554900884628296,
            0.06760857254266739,
            0.03826361522078514
        ],
        [
            0.1636083573102951,
            0.04037812352180481,
            0.04719487577676773
        ],
        [
            0.1676955670118332,
            0.029172353446483612,
            0.052318546921014786
        ],
        [
            0.15934458374977112,
            0.021095022559165955,
            0.0456579327583313
        ],
        [
            0.12761716544628143,
            0.0497761070728302,
            0.03917810320854187
        ],
        [
            0.13455486297607422,
            0.05679688602685928,
            0.043299365788698196
        ],
        [
            0.13296830654144287,
            0.059392936527729034,
            0.040477655827999115
        ],
        [
            0.1434508115053177,
            0.044700104743242264,
            0.06043699011206627
        ],
        [
            0.14883139729499817,
            0.04682531952857971,
            0.06421186774969101
        ],
        [
            0.147367462515831,
            0.04966925084590912,
            0.05998038873076439
        ],
        [
            0.14139775931835175,
            0.04738132283091545,
            0.05583874508738518
        ],
        [
            0.10927776247262955,
            0.052264194935560226,
            -0.002902034670114517
        ],
        [
            0.10050313174724579,
            0.057065367698669434,
            0.003017168492078781
        ],
        [
            0.1625777631998062,
            0.06564870476722717,
            0.09128708392381668
        ],
        [
            0.16264843940734863,
            0.06097579374909401,
            0.08914376050233841
        ],
        [
            0.11985982954502106,
            0.04273918271064758,
            0.034302450716495514
        ],
        [
            0.1484089493751526,
            0.013038482517004013,
            0.03893772140145302
        ],
        [
            0.11095091700553894,
            0.03678784519433975,
            0.030032657086849213
        ],
        [
            0.1458740085363388,
            0.06733337044715881,
            0.02141846902668476
        ],
        [
            0.1414017230272293,
            0.07354538887739182,
            0.023702621459960938
        ],
        [
            0.14459356665611267,
            0.07547847926616669,
            0.027121862396597862
        ],
        [
            0.1498410552740097,
            0.07294779270887375,
            0.025375980883836746
        ],
        [
            0.1565948873758316,
            0.06543689966201782,
            0.07059714198112488
        ],
        [
            0.15380674600601196,
            0.0638752430677414,
            0.07555583864450455
        ],
        [
            0.15410350263118744,
            0.0679217204451561,
            0.07773762941360474
        ],
        [
            0.15720197558403015,
            0.06960301846265793,
            0.07316837459802628
        ],
        [
            0.14984743297100067,
            0.04022077098488808,
            0.07231175154447556
        ],
        [
            0.15233686566352844,
            0.03515780717134476,
            0.07493958622217178
        ],
        [
            0.15412065386772156,
            0.041189245879650116,
            0.07696966826915741
        ],
        [
            0.1517159640789032,
            0.0447804220020771,
            0.07282266020774841
        ],
        [
            0.15831439197063446,
            0.03342338651418686,
            0.07500617206096649
        ],
        [
            0.16002701222896576,
            0.03935680910944939,
            0.07801555097103119
        ],
        [
            0.16257557272911072,
            0.06530860811471939,
            0.06800680607557297
        ],
        [
            0.1695963591337204,
            0.06303292512893677,
            0.06963571906089783
        ],
        [
            0.16708488762378693,
            0.05127042531967163,
            0.06130962073802948
        ],
        [
            0.1596941351890564,
            0.054893020540475845,
            0.06238607317209244
        ],
        [
            0.12503336369991302,
            0.02626447007060051,
            -1.5348196029663086e-05
        ],
        [
            0.11821022629737854,
            0.03334962949156761,
            -0.005394261330366135
        ],
        [
            0.1257627159357071,
            0.04396067559719086,
            0.0018325820565223694
        ],
        [
            0.13358533382415771,
            0.054244376718997955,
            0.007917085662484169
        ],
        [
            0.14075163006782532,
            0.0635489672422409,
            0.01524163968861103
        ],
        [
            0.14994533360004425,
            0.056201525032520294,
            0.019636286422610283
        ],
        [
            0.11971081048250198,
            0.04793156683444977,
            -0.001955825835466385
        ],
        [
            0.16191230714321136,
            0.0496792308986187,
            0.057724520564079285
        ],
        [
            0.16548511385917664,
            0.04269782081246376,
            0.05569835752248764
        ],
        [
            0.16474904119968414,
            0.045873019844293594,
            0.052458710968494415
        ],
        [
            0.10693912208080292,
            0.04226991534233093,
            0.026909394189715385
        ],
        [
            0.16387425363063812,
            0.05582370609045029,
            0.08645134419202805
        ],
        [
            0.11415877938270569,
            -0.01624736562371254,
            0.006776746362447739
        ],
        [
            0.11522232741117477,
            -0.007642567157745361,
            -0.004025664180517197
        ],
        [
            0.11993595957756042,
            -0.00398712232708931,
            0.002433374524116516
        ],
        [
            0.11799673736095428,
            -0.013341505080461502,
            0.015324562788009644
        ],
        [
            0.15433451533317566,
            0.06027019023895264,
            0.08144691586494446
        ],
        [
            0.15781864523887634,
            0.05725083500146866,
            0.08572906255722046
        ],
        [
            0.13402368128299713,
            0.07278729975223541,
            0.03382985293865204
        ],
        [
            0.13939298689365387,
            0.07485362887382507,
            0.035700540989637375
        ],
        [
            0.14068526029586792,
            0.07700137794017792,
            0.03203140199184418
        ],
        [
            0.1348864734172821,
            0.07830549031496048,
            0.03010675124824047
        ],
        [
            0.11346803605556488,
            0.03590984642505646,
            -0.00796068087220192
        ],
        [
            0.12664343416690826,
            0.07699870318174362,
            0.008633848279714584
        ],
        [
            0.1353437602519989,
            0.07188121229410172,
            0.008700992912054062
        ],
        [
            0.11174505949020386,
            0.023720186203718185,
            -0.011480547487735748
        ],
        [
            0.11802317947149277,
            0.01737140491604805,
            -0.007332313805818558
        ],
        [
            0.11268269270658493,
            0.01138736680150032,
            -0.012921646237373352
        ],
        [
            0.15846584737300873,
            0.05397986248135567,
            0.032426148653030396
        ],
        [
            0.13057374954223633,
            0.02251284569501877,
            0.0056180693209171295
        ],
        [
            0.1222182959318161,
            0.013473622500896454,
            -0.0021355673670768738
        ],
        [
            0.11602161824703217,
            0.006123296916484833,
            -0.008577194064855576
        ],
        [
            0.11179104447364807,
            0.0013013556599617004,
            -0.013989459723234177
        ],
        [
            0.1084548830986023,
            0.007584147155284882,
            -0.018112216144800186
        ],
        [
            0.17191867530345917,
            0.060627393424510956,
            0.07446130365133286
        ],
        [
            0.16922549903392792,
            0.06787710636854172,
            0.07308879494667053
        ],
        [
            0.10473208129405975,
            0.0032334625720977783,
            -0.025250401347875595
        ],
        [
            0.10814785957336426,
            -0.0036135390400886536,
            -0.019866295158863068
        ],
        [
            0.12600257992744446,
            0.008157070726156235,
            0.004463985562324524
        ],
        [
            0.12883815169334412,
            0.001472674310207367,
            0.013523012399673462
        ],
        [
            0.13374462723731995,
            0.017196662724018097,
            0.011842980980873108
        ],
        [
            0.13765598833560944,
            0.01143527403473854,
            0.021020911633968353
        ],
        [
            0.16263993084430695,
            0.04431379958987236,
            0.034570563584566116
        ],
        [
            0.1671266108751297,
            0.08490856736898422,
            0.0806652307510376
        ],
        [
            0.16514824330806732,
            0.07572377473115921,
            0.07461293041706085
        ],
        [
            0.1594671756029129,
            0.07551927864551544,
            0.07579772174358368
        ],
        [
            0.16301752626895905,
            0.0856342539191246,
            0.08038297295570374
        ],
        [
            0.162815660238266,
            0.06965595483779907,
            0.07119428366422653
        ],
        [
            0.16999545693397522,
            0.07307329773902893,
            0.07659725844860077
        ],
        [
            0.1377001851797104,
            0.0033684633672237396,
            0.032852429896593094
        ],
        [
            0.15389171242713928,
            0.05278358981013298,
            0.062444403767585754
        ],
        [
            0.12568747997283936,
            -0.008024778217077255,
            0.029081400483846664
        ],
        [
            0.14048215746879578,
            -0.00010477006435394287,
            0.04652347415685654
        ],
        [
            0.13045737147331238,
            -0.007054047659039497,
            0.04629642516374588
        ],
        [
            0.11284790933132172,
            -0.019039765000343323,
            0.02815663069486618
        ],
        [
            0.11806701123714447,
            -0.01509748212993145,
            0.04446527361869812
        ],
        [
            0.1055046021938324,
            -0.024566050618886948,
            0.010448943823575974
        ],
        [
            0.10978807508945465,
            -0.02091985195875168,
            0.018016032874584198
        ],
        [
            0.12527567148208618,
            -0.00729137659072876,
            0.056764423847198486
        ],
        [
            0.15855520963668823,
            0.07806377112865448,
            0.09189560264348984
        ],
        [
            0.15679305791854858,
            0.08076938986778259,
