{
    "pred_cam": [
        10.238445281982422,
        0.11718792468309402,
        -0.052044786512851715
    ],
    "pred_mano_params": {
        "global_orient": [
            [
                [
                    -0.6906444430351257,
                    0.7022830247879028,
                    0.1726521998643875
                ],
                [
                    -0.5245229005813599,
                    -0.3220738470554352,
                    -0.7881270051002502
                ],
                [
                    -0.4978814423084259,
                    -0.6348755955696106,
                    0.590802013874054
                ]
            ]
        ],
        "hand_pose": [
            [
                [
                    0.688967227935791,
                    -0.5466306209564209,
                    -0.47594016790390015
                ],
                [
                    0.5808488726615906,
                    0.8091822862625122,
                    -0.08853624761104584
                ],
                [
                    0.4335189759731293,
                    -0.2154507339000702,
                    0.8750098347663879
                ]
            ],
            [
                [
                    0.946990430355072,
                    -0.3151108920574188,
                    0.06256338208913803
                ],
                [
                    0.314785897731781,
                    0.8712329268455505,
                    -0.37664705514907837
                ],
                [
                    0.06417828798294067,
                    0.3763752579689026,
                    0.9242417216300964
                ]
            ],
            [
                [
                    0.8869825601577759,
                    -0.19182004034519196,
                    0.4200797975063324
                ],
                [
                    0.12280536442995071,
                    0.9748726487159729,
                    0.18585500121116638
                ],
                [
                    -0.44517505168914795,
                    -0.11326208710670471,
                    0.888251543045044
                ]
            ],
            [
                [
                    0.8331771492958069,
                    -0.4434260427951813,
                    -0.3304378092288971
                ],
                [
                    0.4630032479763031,
                    0.8860922455787659,
                    -0.021646037697792053
                ],
                [
                    0.3023968040943146,
                    -0.13495878875255585,
                    0.9435794949531555
                ]
            ],
            [
                [
                    0.8209429979324341,
                    -0.5223183035850525,
                    -0.2307296246290207
                ],
                [
                    0.5642254948616028,
                    0.8041205406188965,
                    0.18718905746936798
                ],
                [
                    0.08776215463876724,
                    -0.2838550806045532,
                    0.9548424482345581
                ]
            ],
            [
                [
                    0.82219398021698,
                    -0.5130735635757446,
                    0.24648037552833557
                ],
                [
                    0.5132549405097961,
                    0.8554829955101013,
                    0.06868941336870193
                ],
                [
                    -0.2461024969816208,
                    0.07003124803304672,
                    0.9667105078697205
                ]
            ],
            [
                [
                    0.9095110893249512,
                    -0.4074399173259735,
                    -0.08235463500022888
                ],
                [
                    0.40278884768486023,
                    0.9127929210662842,
                    -0.06760261952877045
                ],
                [
                    0.10271674394607544,
                    0.028313804417848587,
                    0.9943075180053711
                ]
            ],
            [
                [
                    0.8427477478981018,
                    -0.515834629535675,
                    -0.15391816198825836
                ],
                [
                    0.5321455001831055,
                    0.7551748752593994,
                    0.3827950954437256
                ],
                [
                    -0.08122384548187256,
                    -0.4045065939426422,
                    0.910921037197113
                ]
            ],
            [
                [
                    0.8967224359512329,
                    -0.44222593307495117,
                    -0.018030483275651932
                ],
                [
                    0.3096998333930969,
                    0.5978474020957947,
                    0.7393676042556763
                ],
                [
                    -0.3161880671977997,
                    -0.6685915589332581,
                    0.6730604767799377
                ]
            ],
            [
                [
                    0.8417507410049438,
                    -0.47570356726646423,
                    -0.2552683353424072
                ],
                [
                    0.4226544201374054,
                    0.8748558759689331,
                    -0.23662316799163818
                ],
                [
                    0.3358854651451111,
                    0.09128741919994354,
                    0.9374687671661377
                ]
            ],
            [
                [
                    0.7272035479545593,
                    -0.658933162689209,
                    -0.1923072636127472
                ],
                [
                    0.6571583151817322,
                    0.5873911380767822,
                    0.472350150346756
                ],
                [
                    -0.19828760623931885,
                    -0.46987101435661316,
                    0.8601763248443604
                ]
            ],
            [
                [
                    0.7479325532913208,
                    -0.6455807685852051,
                    0.15434467792510986
                ],
                [
                    0.5815824270248413,
                    0.7494333386421204,
                    0.3164040148258209
                ],
                [
                    -0.3199354112148285,
                    -0.1468847393989563,
                    0.9359840154647827
                ]
            ],
            [
                [
                    0.6383922100067139,
                    0.0959286019206047,
                    -0.763710081577301
                ],
                [
                    -0.6418030261993408,
                    0.6140686869621277,
                    -0.4593565762042999
                ],
                [
                    0.42490509152412415,
                    0.7834010720252991,
                    0.4535839259624481
                ]
            ],
            [
                [
                    0.9094706773757935,
                    -0.32937562465667725,
                    -0.25372183322906494
                ],
                [
                    0.4099397361278534,
                    0.8122133016586304,
                    0.4150409698486328
                ],
                [
                    0.06937187910079956,
                    -0.4814782738685608,
                    0.8737083673477173
                ]
            ],
            [
                [
                    0.7970067262649536,
                    -0.5825125575065613,
                    0.15955981612205505
                ],
                [
                    0.5969415307044983,
                    0.719557523727417,
                    -0.3548208773136139
                ],
                [
                    0.09187516570091248,
                    0.3780425190925598,
                    0.9212180972099304
                ]
            ]
        ],
        "betas": [
            -0.0654115080833435,
            -0.08851277828216553,
            0.019759058952331543,
            0.011002928018569946,
            0.07090204954147339,
            -0.016152162104845047,
            0.032096654176712036,
            0.023756161332130432,
            0.01390954852104187,
            -0.021862715482711792
        ]
    },
    "pred_cam_t": [
        -0.11718792468309402,
        -0.052044786512851715,
        3.815276622772217
    ],
    "focal_length": [
        5000.0,
        5000.0
    ],
    "pred_keypoints_3d": [
        [
            0.09600856900215149,
            0.006416704505681992,
            0.006212486885488033
        ],
        [
            0.10625404864549637,
            0.0036342255771160126,
            0.04343909025192261
        ],
        [
            0.12956932187080383,
            0.016480784863233566,
            0.05911766737699509
        ],
        [
            0.1478603035211563,
            0.03587743639945984,
            0.06434608995914459
        ],
        [
            0.15442927181720734,
            0.06223011389374733,
            0.08522167801856995
        ],
        [
            0.1569545567035675,
            0.03814932331442833,
            0.0657692402601242
        ],
        [
            0.16126100718975067,
            0.06716915220022202,
            0.08104483783245087
        ],
        [
            0.15289832651615143,
            0.08477669954299927,
            0.09178933501243591
        ],
        [
            0.14391407370567322,
            0.09647803008556366,
            0.11137475073337555
        ],
        [
            0.1599549949169159,
            0.059403885155916214,
            0.0524456612765789
        ],
        [
            0.1656947135925293,
            0.08841098845005035,
            0.06415797024965286
        ],
        [
            0.1537366658449173,
            0.10492939502000809,
            0.07553810626268387
        ],
        [
            0.13896751403808594,
            0.11358261853456497,
            0.09438973665237427
        ],
        [
            0.14528843760490417,
            0.07184368371963501,
            0.03373407572507858
        ],
        [
            0.15286476910114288,
            0.09825527667999268,
            0.04286281019449234
        ],
        [
            0.13670174777507782,
            0.11320526897907257,
            0.05441214516758919
        ],
        [
            0.11931455880403519,
            0.11536990851163864,
            0.07207954674959183
        ],
        [
            0.1292400360107422,
            0.08005756139755249,
            0.0212867371737957
        ],
        [
            0.13262322545051575,
            0.10084007680416107,
            0.023928333073854446
        ],
        [
            0.12290773540735245,
            0.11571717262268066,
            0.03078128769993782
        ],
        [
            0.10880789160728455,
            0.11917827278375626,
            0.04584629088640213
        ]
    ],
    "pred_vertices": [
        [
            0.12058781832456589,
            0.02458411268889904,
            0.04824667423963547
        ],
        [
            0.11103475093841553,
            0.01973114162683487,
            0.04192398488521576
        ],
        [
            0.11743196845054626,
            0.022010287269949913,
            0.04737907275557518
        ],
        [
            0.12462134659290314,
            0.023860108107328415,
            0.054379504173994064
        ],
        [
            0.10202678292989731,
            0.019116055220365524,
            0.053846199065446854
        ],
        [
            0.09939084947109222,
            0.009291809052228928,
            0.06045614928007126
        ],
        [
            0.11479015648365021,
            0.017868448048830032,
            0.06697790324687958
        ],
        [
            0.11405175924301147,
            0.02551361918449402,
            0.05985525995492935
        ],
        [
            0.13078632950782776,
            0.023394295945763588,
            0.0570148304104805
        ],
        [
            0.1234627515077591,
            0.02446071431040764,
            0.05212380364537239
        ],
        [
            0.1360321044921875,
            0.02111917734146118,
            0.053358666598796844
        ],
        [
            0.14599670469760895,
            0.01815725490450859,
            0.058790408074855804
        ],
        [
            0.13966241478919983,
            0.022722430527210236,
            0.062093257904052734
        ],
        [
            0.15326693654060364,
            0.020978126674890518,
            0.06243377923965454
        ],
        [
            0.1477908492088318,
            0.010486578568816185,
            0.05159182846546173
        ],
        [
            0.15879282355308533,
            0.02040470391511917,
            0.05525675043463707
        ],
        [
            0.14694303274154663,
            0.02052213065326214,
            0.03031713142991066
        ],
        [
            0.14277032017707825,
            0.02891579456627369,
            0.020808733999729156
        ],
        [
            0.15360558032989502,
            0.03955618292093277,
            0.02863139845430851
        ],
        [
            0.15644605457782745,
            0.030515557155013084,
            0.03818000108003616
        ],
        [
            0.1402127593755722,
            0.048587825149297714,
            0.015318388119339943
        ],
        [
            0.14831647276878357,
            0.04427788406610489,
            0.022946488112211227
        ],
        [
            0.13839703798294067,
            0.03337390348315239,
            0.014267977327108383
        ],
        [
            0.13163451850414276,
            0.038013000041246414,
            0.007981933653354645
        ],
        [
            0.1146140992641449,
            0.030267566442489624,
            0.03717939555644989
        ],
        [
            0.10536204278469086,
            0.02477727271616459,
            0.03190205246210098
        ],
        [
            0.107082799077034,
            0.021346982568502426,
            0.03511219844222069
        ],
        [
            0.11632969975471497,
            0.027110379189252853,
            0.04074136167764664
        ],
        [
            0.14042554795742035,
            0.01777031645178795,
            0.052575044333934784
        ],
        [
            0.13794255256652832,
            0.006504267454147339,
            0.053257253021001816
        ],
        [
            0.13943307101726532,
            0.01339937187731266,
            0.05208752304315567
        ],
        [
            0.13830024003982544,
            0.02281275950372219,
            0.05191851407289505
        ],
        [
            0.08115390688180923,
            0.021014031022787094,
            0.018849670886993408
        ],
        [
            0.07762361317873001,
            0.01100689172744751,
            0.010458152741193771
        ],
        [
            0.07941348105669022,
            0.006587248295545578,
            0.014070674777030945
        ],
        [
            0.08233777433633804,
            0.01648137718439102,
            0.020876023918390274
        ],
        [
            0.08416092395782471,
            -0.0017154775559902191,
            0.03869727998971939
        ],
        [
            0.08361174911260605,
            -0.007199771702289581,
            0.02641923725605011
        ],
        [
            0.0889250710606575,
            -0.019684214144945145,
            0.023735128343105316
        ],
        [
            0.0929894745349884,
            -0.01583774760365486,
            0.0347294919192791
        ],
        [
            0.08988776803016663,
            0.003891417756676674,
            0.05159308761358261
        ],
        [
            0.09518621116876602,
            -0.00934235006570816,
            0.049910224974155426
        ],
        [
            0.10430561006069183,
            -0.0012187846004962921,
            0.061886534094810486
        ],
        [
            0.1194695457816124,
            0.009846169501543045,
            0.0688101202249527
        ],
        [
            0.07570689171552658,
            0.019585497677326202,
            0.0010494068264961243
        ],
        [
            0.07759633660316467,
            0.02826911211013794,
            0.006083890795707703
        ],
        [
            0.1518355906009674,
            0.06566320359706879,
            0.0898272842168808
        ],
        [
            0.14889150857925415,
            0.0688643753528595,
            0.08570030331611633
        ],
        [
            0.14883501827716827,
            0.06342731416225433,
            0.0836355984210968
        ],
        [
            0.1520005762577057,
            0.06137704849243164,
            0.08802106976509094
        ],
        [
            0.08820456266403198,
            0.028561629354953766,
            -0.01215827465057373
        ],
        [
            0.09640364348888397,
            0.025432277470827103,
            -0.017271365970373154
        ],
        [
            0.09060242772102356,
            0.022127103060483932,
            -0.020273659378290176
        ],
        [
            0.08319300413131714,
            0.023401323705911636,
            -0.014521710574626923
        ],
        [
            0.09479929506778717,
            0.035318486392498016,
            -0.008843567222356796
        ],
        [
            0.10411699116230011,
            0.029836416244506836,
            -0.012359220534563065
        ],
        [
            0.16433359682559967,
            0.06779900193214417,
            0.08882362395524979
        ],
        [
            0.16055741906166077,
            0.0658576563000679,
            0.09179604798555374
        ],
        [
            0.16212397813796997,
            0.06151650846004486,
            0.08893954008817673
        ],
        [
            0.16550393402576447,
            0.06302560120820999,
            0.08492016047239304
        ],
        [
            0.1330946385860443,
            0.02630317583680153,
            0.06122272461652756
        ],
        [
            0.12794776260852814,
            0.02975204959511757,
            0.055234845727682114
        ],
        [
            0.14551104605197906,
            0.03581357002258301,
            0.07036697864532471
        ],
        [
            0.1392524093389511,
            0.034487370401620865,
            0.06334563344717026
        ],
        [
            0.1414707452058792,
            0.028484228998422623,
            0.06632798165082932
        ],
        [
            0.1475902497768402,
            0.030433272942900658,
            0.07136819511651993
        ],
        [
            0.1299377977848053,
            0.046177204698324203,
            0.04495849832892418
        ],
        [
            0.12219209969043732,
            0.03896216303110123,
            0.03978460282087326
        ],
        [
            0.12515980005264282,
            0.035860538482666016,
            0.044638555496931076
        ],
        [
            0.13359905779361725,
            0.04288099706172943,
            0.052068013697862625
        ],
        [
            0.1149677187204361,
            0.04801357537508011,
            0.0315522700548172
        ],
        [
            0.1235085278749466,
            0.054324716329574585,
            0.03708356246352196
        ],
        [
            0.11843942105770111,
            0.058838680386543274,
            0.03186269477009773
        ],
        [
            0.11254426836967468,
            0.05375616252422333,
            0.02942558377981186
        ],
        [
            0.1396709829568863,
            0.06216534599661827,
            0.048108864575624466
        ],
        [
            0.14532601833343506,
            0.06552337855100632,
            0.05074625834822655
        ],
        [
            0.14457719027996063,
            0.07064401358366013,
            0.04880484566092491
        ],
        [
            0.13828149437904358,
            0.064695805311203,
            0.045418836176395416
        ],
        [
            0.08576630800962448,
            0.01815534383058548,
            -0.02365732192993164
        ],
        [
            0.07900483906269073,
            0.017741195857524872,
            -0.016460832208395004
        ],
        [
            0.12473243474960327,
            0.05961880087852478,
            0.004665885120630264
        ],
        [
            0.11395922303199768,
            0.06256262212991714,
            0.003802187740802765
        ],
        [
            0.12000001221895218,
            0.07223451882600784,
            0.007896509021520615
        ],
        [
            0.1300881803035736,
            0.06659931689500809,
            0.007712859660387039
        ],
        [
            0.10510586202144623,
            0.01965518668293953,
            -0.01680639758706093
        ],
        [
            0.09947600215673447,
            0.01749478653073311,
            -0.021886978298425674
        ],
        [
            0.16536828875541687,
            0.07118161767721176,
            0.08363701403141022
        ],
        [
            0.16575266420841217,
            0.06606927514076233,
            0.07972919195890427
        ],
        [
            0.11079482734203339,
            -0.011120464652776718,
            0.054518040269613266
        ],
        [
            0.12441568076610565,
            0.0023077726364135742,
            0.06565158814191818
        ],
        [
            0.10389156639575958,
            -0.01808573305606842,
            0.03972410410642624
        ],
        [
            0.10139291733503342,
            -0.02126694843173027,
            0.027062050998210907
        ],
        [
            0.09839256852865219,
            -0.02531563490629196,
            0.018022552132606506
        ],
        [
            0.1401003748178482,
            0.04064873605966568,
            0.06174898147583008
        ],
        [
            0.12367956340312958,
            0.030916182324290276,
            0.04753836244344711
        ],
        [
            0.11253991723060608,
            0.033406950533390045,
            0.033952612429857254
        ],
        [
            0.09859316051006317,
            0.05664438754320145,
            0.019253669306635857
        ],
        [
            0.09130819141864777,
            0.0498579666018486,
            0.015293534845113754
        ],
        [
            0.09671817719936371,
            0.04580944776535034,
            0.023509373888373375
        ],
        [
            0.10246162861585617,
            0.052442435175180435,
            0.024835290387272835
        ],
        [
            0.10650397837162018,
            0.06610845774412155,
            0.00913454219698906
        ],
        [
            0.10509651899337769,
            0.06611104309558868,
            0.016963375732302666
        ],
        [
            0.11128036677837372,
            0.07234809547662735,
            0.020177975296974182
        ],
        [
            0.11277663707733154,
            0.07353344559669495,
            0.012938050553202629
        ],
        [
            0.1422359198331833,
            0.012890186160802841,
            0.05736539140343666
        ],
        [
            0.135779470205307,
            0.0008961521089076996,
            0.05563264340162277
        ],
        [
            0.08097817003726959,
            0.029177647083997726,
            -0.004370834678411484
        ],
        [
            0.07767197489738464,
            0.022301174700260162,
            -0.006018050014972687
        ],
        [
            0.07474897801876068,
            0.015560571104288101,
            -0.010306719690561295
        ],
        [
            0.09241048246622086,
            0.021852094680070877,
            0.02706577628850937
        ],
        [
            0.08284077048301697,
            0.0133000947535038,
            0.022657223045825958
        ],
        [
            0.08337371051311493,
            0.010678932070732117,
            0.02708108350634575
        ],
        [
            0.09335365146398544,
            0.019092407077550888,
            0.02873271331191063
        ],
        [
            0.10051733255386353,
            0.018001288175582886,
            0.04094700515270233
        ],
        [
            0.08988489210605621,
            0.012631546705961227,
            0.0443476140499115
        ],
        [
            0.1100364625453949,
            0.02381809800863266,
            0.04671100527048111
        ],
        [
            0.08060379326343536,
            -0.00042019039392471313,
            0.01860307902097702
        ],
        [
            0.07467710226774216,
            -0.0008685365319252014,
            0.008760932832956314
        ],
        [
            0.0776471272110939,
            -0.007957682013511658,
            0.01336362212896347
        ],
        [
            0.07285238057374954,
            0.006072089076042175,
            0.002039548009634018
        ],
        [
            0.07257570326328278,
            0.012071769684553146,
            -0.004577912390232086
        ],
        [
            0.09579193592071533,
            0.013674646615982056,
            -0.02858559414744377
        ],
        [
            0.0820097103714943,
            -0.014047157019376755,
            0.017089340835809708
        ],
        [
            0.1222275123000145,
            0.02816135622560978,
            0.06295928359031677
        ],
        [
            0.12898869812488556,
            0.030563557520508766,
            0.06475088745355606
        ],
        [
            0.12997792661190033,
            0.032041434198617935,
            0.05730034410953522
        ],
        [
            0.12466162443161011,
            0.02962968312203884,
            0.05523906648159027
        ],
        [
            0.16026386618614197,
            0.027446310967206955,
            0.06685590744018555
        ],
        [
            0.1532655507326126,
            0.0281657837331295,
            0.07114444673061371
        ],
        [
            0.14633722603321075,
            0.022908594459295273,
            0.06599220633506775
        ],
        [
            0.08608689904212952,
            0.031524624675512314,
            0.020521100610494614
        ],
        [
            0.08256368339061737,
            0.037219081073999405,
            0.009800899773836136
        ],
        [
            0.14599448442459106,
            0.041646361351013184,
            0.06807974725961685
        ],
        [
            0.16751475632190704,
            0.059539809823036194,
            0.08137539029121399
        ],
        [
            0.16405589878559113,
            0.05712214857339859,
            0.08578287065029144
        ],
        [
            0.16393552720546722,
            0.041292451322078705,
            0.07705727219581604
        ],
        [
            0.1679699867963791,
            0.04475405439734459,
            0.07260400801897049
        ],
        [
            0.15205718576908112,
            0.04978398233652115,
            0.06567417830228806
        ],
        [
            0.14767444133758545,
            0.044534169137477875,
            0.06903219223022461
        ],
        [
            0.14834168553352356,
            0.0468611903488636,
            0.06867437064647675
        ],
        [
            0.1498042196035385,
            0.0524100735783577,
            0.06526140868663788
        ],
        [
            0.13882292807102203,
            0.07287504523992538,
            0.04189666360616684
        ],
        [
            0.1332501471042633,
            0.0682736486196518,
            0.039525628089904785
        ],
        [
            0.16300450265407562,
            0.04211260378360748,
            0.047766879200935364
        ],
        [
            0.1673879772424698,
            0.031176920980215073,
            0.05260400474071503
        ],
        [
            0.15917202830314636,
            0.02261493355035782,
            0.045697055757045746
        ],
        [
            0.12607014179229736,
            0.05012395232915878,
            0.03989991545677185
        ],
        [
            0.13277088105678558,
            0.057209815829992294,
            0.044144269078969955
        ],
        [
            0.13104967772960663,
            0.05985432118177414,
            0.04140486568212509
        ],
        [
            0.14208263158798218,
            0.045012786984443665,
            0.0609312541782856
        ],
        [
            0.14716118574142456,
            0.046974774450063705,
            0.06476796418428421
        ],
        [
            0.14587004482746124,
            0.04993477836251259,
            0.06071188673377037
        ],
        [
            0.1399679183959961,
            0.04778509587049484,
            0.05644570291042328
        ],
        [
            0.10758113861083984,
            0.052831463515758514,
            -0.002039719372987747
        ],
        [
            0.09864199161529541,
            0.05717853084206581,
            0.003996368497610092
        ],
        [
            0.156002014875412,
            0.06482849270105362,
            0.09209855645895004
        ],
        [
            0.15700286626815796,
            0.06056254357099533,
            0.08984998613595963
        ],
        [
            0.11855071038007736,
            0.0429377555847168,
            0.03492147475481033
        ],
        [
            0.1482594907283783,
            0.014304740354418755,
            0.038811374455690384
        ],
        [
            0.10983841866254807,
            0.03678242862224579,
            0.030577534809708595
        ],
        [
            0.1434517204761505,
            0.06875975430011749,
            0.022486303001642227
        ],
        [
            0.13859525322914124,
            0.07482825964689255,
            0.02506653219461441
        ],
        [
            0.1419505923986435,
            0.07679937779903412,
            0.028389127925038338
        ],
        [
            0.1472766399383545,
            0.07440218329429626,
            0.026435531675815582
        ],
        [
            0.1513175070285797,
            0.06524623930454254,
            0.0713861808180809
        ],
        [
            0.14861416816711426,
            0.0631289854645729,
            0.07619822770357132
        ],
        [
            0.14799855649471283,
            0.06668461859226227,
            0.07831907272338867
        ],
        [
            0.15103720128536224,
            0.06917029619216919,
            0.07400962710380554
        ],
        [
            0.14805015921592712,
            0.03995323181152344,
            0.07263609766960144
        ],
        [
            0.1509263515472412,
            0.03522844985127449,
            0.07522055506706238
        ],
        [
            0.151894211769104,
            0.04101341590285301,
            0.0773477703332901
        ],
        [
            0.14921386539936066,
            0.04443734511733055,
            0.07318209111690521
        ],
        [
            0.15692876279354095,
            0.03397783637046814,
            0.0753205269575119
        ],
        [
            0.15797464549541473,
            0.03979175537824631,
            0.07847482711076736
        ],
        [
            0.15727029740810394,
            0.06614793092012405,
            0.06903676688671112
        ],
        [
            0.16440479457378387,
            0.06487095355987549,
            0.0710209384560585
        ],
        [
            0.16400234401226044,
            0.05309447646141052,
            0.0621144138276577
        ],
        [
            0.15621498227119446,
            0.055761292576789856,
            0.06293637305498123
        ],
        [
            0.12422209978103638,
            0.027394067496061325,
            0.00031211599707603455
        ],
        [
            0.11714383959770203,
            0.03432900086045265,
            -0.0049110762774944305
        ],
        [
            0.12435591965913773,
            0.04506799578666687,
            0.002500012516975403
        ],
        [
            0.13181345164775848,
            0.055527463555336,
            0.008777545765042305
        ],
        [
            0.13855908811092377,
            0.06492640823125839,
            0.01627475395798683
        ],
        [
            0.14804336428642273,
            0.05777549743652344,
            0.020436855033040047
        ],
        [
            0.11815647780895233,
            0.04888249188661575,
            -0.0011989660561084747
        ],
        [
            0.16038595139980316,
            0.051298052072525024,
            0.05890916287899017
        ],
        [
            0.16422367095947266,
            0.04466354846954346,
            0.056403063237667084
        ],
        [
            0.16375325620174408,
            0.04815185070037842,
            0.05369846895337105
        ],
        [
            0.10562955588102341,
            0.042168859392404556,
            0.027568750083446503
        ],
        [
            0.15926377475261688,
            0.05599822849035263,
            0.087289959192276
        ],
        [
            0.11489763855934143,
            -0.015578050166368484,
            0.006314743310213089
        ],
        [
            0.1156020388007164,
            -0.006739377975463867,
            -0.004323098808526993
        ],
        [
            0.12019389867782593,
            -0.003043845295906067,
            0.002192806452512741
        ],
        [
            0.1186707615852356,
            -0.012699108570814133,
            0.01491047814488411
        ],
        [
            0.14946766197681427,
            0.05945785716176033,
            0.08206436038017273
        ],
        [
            0.15312421321868896,
            0.05663780868053436,
            0.0863376185297966
        ],
        [
            0.13145354390144348,
            0.07346855103969574,
            0.035254258662462234
        ],
        [
            0.13693921267986298,
            0.07586584240198135,
            0.03714717924594879
        ],
        [
            0.13812224566936493,
            0.07811868190765381,
            0.03345824033021927
        ],
        [
            0.13190975785255432,
            0.07912793010473251,
            0.03172285109758377
        ],
        [
            0.1123085469007492,
            0.03676684573292732,
            -0.007420588284730911
        ],
        [
            0.12351585924625397,
            0.07801515609025955,
            0.010245166718959808
        ],
        [
            0.1326211541891098,
            0.07335646450519562,
            0.010082518681883812
        ],
        [
            0.11099216341972351,
            0.024598252028226852,
            -0.011157926172018051
        ],
        [
            0.11749851703643799,
            0.018403351306915283,
            -0.007149994373321533
        ],
        [
            0.11236032843589783,
            0.012347206473350525,
            -0.012839056551456451
        ],
        [
            0.15683458745479584,
            0.055587075650691986,
            0.03314260393381119
        ],
        [
            0.12990549206733704,
            0.023736007511615753,
            0.0058577656745910645
        ],
        [
            0.12183845043182373,
            0.01456056535243988,
            -0.0020411312580108643
        ],
        [
            0.11588962376117706,
            0.007127046585083008,
            -0.008604835718870163
        ],
        [
            0.11183182895183563,
            0.0022667013108730316,
            -0.01409890502691269
        ],
        [
            0.10826531052589417,
            0.008501477539539337,
            -0.01808757707476616
        ],
        [
            0.16696058213710785,
            0.06249433383345604,
            0.07586713880300522
        ],
        [
            0.1631142646074295,
            0.06953079253435135,
            0.07448944449424744
        ],
        [
            0.10468520224094391,
            0.004167616367340088,
            -0.025291211903095245
        ],
        [
            0.10835712403059006,
            -0.0026518329977989197,
            -0.020054515451192856
        ],
        [
            0.12582525610923767,
            0.009258564561605453,
            0.004440963268280029
        ],
        [
            0.1289358288049698,
            0.002511359751224518,
            0.013345040380954742
        ],
        [
            0.13328850269317627,
            0.01841874048113823,
            0.01196315884590149
        ],
        [
            0.13743911683559418,
            0.012621946632862091,
            0.0209973007440567
        ],
        [
            0.16234219074249268,
            0.046344682574272156,
            0.03497958183288574
        ],
        [
            0.1570906788110733,
            0.0854841098189354,
            0.08325845003128052
        ],
        [
            0.157575786113739,
            0.0766129195690155,
            0.076214499771595
        ],
        [
            0.15198008716106415,
            0.07514353841543198,
            0.07699395716190338
        ],
        [
            0.15294642746448517,
            0.08540523797273636,
            0.08259601891040802
        ],
        [
            0.1565878540277481,
            0.07034755498170853,
            0.07233055680990219
        ],
        [
            0.16270582377910614,
            0.07471282035112381,
            0.07839372009038925
        ],
        [
            0.1378265768289566,
            0.004384186118841171,
            0.032582804560661316
        ],
        [
            0.15204350650310516,
            0.0532008595764637,
            0.06370840966701508
        ],
        [
            0.12625013291835785,
            -0.007341921329498291,
            0.02866857498884201
        ],
        [
            0.14081023633480072,
            0.0010158345103263855,
            0.04590617120265961
        ],
        [
            0.13111892342567444,
            -0.006326751783490181,
            0.04564054682850838
        ],
        [
            0.1138816624879837,
            -0.01877516880631447,
            0.02766377478837967
        ],
        [
            0.11915519833564758,
            -0.014842171221971512,
            0.04389411211013794
        ],
        [
            0.10656137764453888,
            -0.02426394820213318,
            0.009853795170783997
        ],
        [
            0.11077309399843216,
            -0.020603176206350327,
            0.017499592155218124
        ],
        [
            0.12626756727695465,
            -0.0067422278225421906,
            0.056003499776124954
        ],
        [
            0.14925648272037506,
            0.07585720717906952,
            0.09314210712909698
        ],
        [
            0.14731836318969727,
            0.07862218469381332,
            0.08842834830284119
        ],
        [
            0.11118879914283752,
