{
    "pred_cam": [
        11.691715240478516,
        0.11557158827781677,
        -0.0539526529610157
    ],
    "pred_mano_params": {
        "global_orient": [
            [
                [
                    -0.6048755645751953,
                    0.7939577698707581,
                    -0.06128973886370659
                ],
                [
                    -0.4841376543045044,
                    -0.42776283621788025,
                    -0.7633017301559448
                ],
                [
                    -0.6322469115257263,
                    -0.43202999234199524,
                    0.6431281566619873
                ]
            ]
        ],
        "hand_pose": [
            [
                [
                    0.7085300087928772,
                    -0.610749363899231,
                    -0.35351166129112244
                ],
                [
                    0.5827955603599548,
                    0.7889036536216736,
                    -0.19488531351089478
                ],
                [
                    0.39791274070739746,
                    -0.06794298440217972,
                    0.9149039387702942
                ]
            ],
            [
                [
                    0.7995392084121704,
                    -0.5747786164283752,
                    0.1742602288722992
                ],
                [
                    0.5983356833457947,
                    0.7369983196258545,
                    -0.3143690228462219
                ],
                [
                    0.05226306989789009,
                    0.3556164801120758,
                    0.9331696033477783
                ]
            ],
            [
                [
                    0.9274307489395142,
                    -0.26832476258277893,
                    0.26052671670913696
                ],
                [
                    0.22508187592029572,
                    0.9567770957946777,
                    0.18416213989257812
                ],
                [
                    -0.29868125915527344,
                    -0.11215777695178986,
                    0.9477395415306091
                ]
            ],
            [
                [
                    0.7054868340492249,
                    -0.6457021236419678,
                    -0.29215946793556213
                ],
                [
                    0.6758778095245361,
                    0.737006664276123,
                    0.003204141277819872
                ],
                [
                    0.21325457096099854,
                    -0.19972459971904755,
                    0.9563642144203186
                ]
            ],
            [
                [
                    0.7895930409431458,
                    -0.5583358407020569,
                    -0.2545662820339203
                ],
                [
                    0.602559506893158,
                    0.7839286923408508,
                    0.1495925486087799
                ],
                [
                    0.11603892594575882,
                    -0.27150851488113403,
                    0.9554152488708496
                ]
            ],
            [
                [
                    0.9003913402557373,
                    -0.36569875478744507,
                    0.235711470246315
                ],
                [
                    0.3712739944458008,
                    0.9282639026641846,
                    0.021947091445326805
                ],
                [
                    -0.22682850062847137,
                    0.06775254756212234,
                    0.9715752005577087
                ]
            ],
            [
                [
                    0.7586861252784729,
                    -0.6166678071022034,
                    -0.2100386768579483
                ],
                [
                    0.6418284177780151,
                    0.7627833485603333,
                    0.07885375618934631
                ],
                [
                    0.11158742010593414,
                    -0.19463402032852173,
                    0.9745080471038818
                ]
            ],
            [
                [
                    0.886971652507782,
                    -0.4615553319454193,
                    -0.01574528217315674
                ],
                [
                    0.45554319024086,
                    0.8687969446182251,
                    0.19409342110157013
                ],
                [
                    -0.07590540498495102,
                    -0.1793280392885208,
                    0.9808566570281982
                ]
            ],
            [
                [
                    0.9682139754295349,
                    -0.23334664106369019,
                    0.0900607705116272
                ],
                [
                    0.07114384323358536,
                    0.6021158695220947,
                    0.7952325940132141
                ],
                [
                    -0.23979191482067108,
                    -0.7635481357574463,
                    0.5995782017707825
                ]
            ],
            [
                [
                    0.680375874042511,
                    -0.7098648548126221,
                    -0.18215514719486237
                ],
                [
                    0.6931124925613403,
                    0.7040255069732666,
                    -0.15473590791225433
                ],
                [
                    0.23808345198631287,
                    -0.020975414663553238,
                    0.9710181951522827
                ]
            ],
            [
                [
                    0.8533338904380798,
                    -0.5014294385910034,
                    -0.14279304444789886
                ],
                [
                    0.5062694549560547,
                    0.7315143346786499,
                    0.4567034840583801
                ],
                [
                    -0.12454938888549805,
                    -0.46201229095458984,
                    0.8780843615531921
                ]
            ],
            [
                [
                    0.840444028377533,
                    -0.5090137720108032,
                    0.18589980900287628
                ],
                [
                    0.46324774622917175,
                    0.8528591990470886,
                    0.24089975655078888
                ],
                [
                    -0.2811676561832428,
                    -0.11634511500597,
                    0.952579915523529
                ]
            ],
            [
                [
                    0.9438000917434692,
                    -0.22874367237091064,
                    -0.2385745495557785
                ],
                [
                    -0.14226317405700684,
                    0.37038806080818176,
                    -0.91791832447052
                ],
                [
                    0.29833316802978516,
                    0.9002716541290283,
                    0.31703048944473267
                ]
            ],
            [
                [
                    0.9750135540962219,
                    -0.21820606291294098,
                    -0.04165011644363403
                ],
                [
                    0.199406698346138,
                    0.7770581841468811,
                    0.597007155418396
                ],
                [
                    -0.09790600836277008,
                    -0.5903953313827515,
                    0.8011540174484253
                ]
            ],
            [
                [
                    0.9604383111000061,
                    -0.25192099809646606,
                    -0.11871832609176636
                ],
                [
                    0.22735095024108887,
                    0.9554545283317566,
                    -0.18819724023342133
                ],
                [
                    0.16084079444408417,
                    0.1537611186504364,
                    0.9749296307563782
                ]
            ]
        ],
        "betas": [
            -0.09743532538414001,
            -0.05377185344696045,
            0.00805574655532837,
            -0.040750652551651,
            0.03092324733734131,
            -0.028521452099084854,
            -0.03808319568634033,
            -0.0032247453927993774,
            0.029574111104011536,
            -0.055628836154937744
        ]
    },
    "pred_cam_t": [
        -0.11557158827781677,
        -0.0539526529610157,
        3.341041088104248
    ],
    "focal_length": [
        5000.0,
        5000.0
    ],
    "pred_keypoints_3d": [
        [
            0.09612731635570526,
            0.006424767430871725,
            0.00622523482888937
        ],
        [
            0.09676410257816315,
            0.004989165347069502,
            0.04496673494577408
        ],
        [
            0.09654925018548965,
            0.022940604016184807,
            0.07017253339290619
        ],
        [
            0.1010986715555191,
            0.04070050269365311,
            0.09028258919715881
        ],
        [
            0.10142917186021805,
            0.06585334241390228,
            0.11469335108995438
        ],
        [
            0.1442398577928543,
            0.03561169281601906,
            0.07778186351060867
        ],
        [
            0.14791235327720642,
            0.06405380368232727,
            0.09434571862220764
        ],
        [
            0.13349784910678864,
            0.07996991276741028,
            0.1003178209066391
        ],
        [
            0.11362306773662567,
            0.0911622941493988,
            0.10974852740764618
        ],
        [
            0.15268799662590027,
            0.055658482015132904,
            0.06481300294399261
        ],
        [
            0.15079407393932343,
            0.08409061282873154,
            0.07909519225358963
        ],
        [
            0.1331837773323059,
            0.0984317883849144,
            0.08468899130821228
        ],
        [
            0.11233590543270111,
            0.10817777365446091,
            0.0961199626326561
        ],
        [
            0.1443350911140442,
            0.06834803521633148,
            0.04260021448135376
        ],
        [
            0.14323848485946655,
            0.09447149932384491,
            0.05516472086310387
        ],
        [
            0.12462903559207916,
            0.10997329652309418,
            0.06106365844607353
        ],
        [
            0.10336433351039886,
            0.11691461503505707,
            0.07246052473783493
        ],
        [
            0.1326839029788971,
            0.07735363394021988,
            0.026303783059120178
        ],
        [
            0.13031256198883057,
            0.09832797944545746,
            0.028920266777276993
        ],
        [
            0.11872689425945282,
            0.11305975168943405,
            0.03251686319708824
        ],
        [
            0.10075768828392029,
            0.12053421139717102,
            0.04412179812788963
        ]
    ],
    "pred_vertices": [
        [
            0.11198274791240692,
            0.025894658640027046,
            0.05474002659320831
        ],
        [
            0.10458479821681976,
            0.021898964419960976,
            0.04695132002234459
        ],
        [
            0.10483068972826004,
            0.02545001171529293,
            0.054806727916002274
        ],
        [
            0.11241991817951202,
            0.026256483048200607,
            0.06300189346075058
        ],
        [
            0.08476588875055313,
            0.022040560841560364,
            0.046866483986377716
        ],
        [
            0.07828383892774582,
            0.012600541114807129,
            0.05031626299023628
        ],
        [
            0.082273468375206,
            0.022329261526465416,
            0.06331482529640198
        ],
        [
            0.08640637248754501,
            0.029894405975937843,
            0.058186497539281845
        ],
        [
            0.1142238974571228,
            0.027054499834775925,
            0.0691181942820549
        ],
        [
            0.10502558946609497,
            0.029175734147429466,
            0.06188265234231949
        ],
        [
            0.11605526506900787,
            0.026109633967280388,
            0.07038520276546478
        ],
        [
            0.12925897538661957,
            0.01973801851272583,
            0.07488573342561722
        ],
        [
            0.1242998018860817,
            0.024138741195201874,
            0.07429633289575577
        ],
        [
            0.13755500316619873,
            0.020489420741796494,
            0.0776856541633606
        ],
        [
            0.1323644071817398,
            0.01147427223622799,
            0.06887872517108917
        ],
        [
            0.14521200954914093,
            0.01869324967265129,
            0.07226201891899109
        ],
        [
            0.14141882956027985,
            0.017161723226308823,
            0.042419977486133575
        ],
        [
            0.14059746265411377,
            0.025104772299528122,
            0.031136896461248398
        ],
        [
            0.15093547105789185,
            0.0353282168507576,
            0.04096748307347298
        ],
        [
            0.15007942914962769,
            0.026640094816684723,
            0.05171728506684303
        ],
        [
            0.142229825258255,
            0.04498186334967613,
            0.024303939193487167
        ],
        [
            0.1476406753063202,
            0.040251750499010086,
            0.033931564539670944
        ],
        [
            0.1384284347295761,
            0.02960716187953949,
            0.023505132645368576
        ],
        [
            0.13398170471191406,
            0.03454432263970375,
            0.015562772750854492
        ],
        [
            0.1096642017364502,
            0.030412422493100166,
            0.040260836482048035
        ],
        [
            0.10245189815759659,
            0.025620684027671814,
            0.03350759670138359
        ],
        [
            0.10411590337753296,
            0.022538766264915466,
            0.03817438706755638
        ],
        [
            0.11047619581222534,
            0.027591953054070473,
            0.04498331993818283
        ],
        [
            0.11074760556221008,
            0.024098118767142296,
            0.07541311532258987
        ],
        [
            0.11500240862369537,
            0.011188704520463943,
            0.07056369632482529
        ],
        [
            0.11837217956781387,
            0.01818901300430298,
            0.07093963027000427
        ],
        [
            0.10980427265167236,
            0.029401378706097603,
            0.07369651645421982
        ],
        [
            0.08041604608297348,
            0.023223191499710083,
            0.014271803200244904
        ],
        [
            0.07794053852558136,
            0.013043995946645737,
            0.005588926374912262
        ],
        [
            0.07850219309329987,
            0.008596710860729218,
            0.009571149945259094
        ],
        [
            0.08109338581562042,
            0.01854543387889862,
            0.016533393412828445
        ],
        [
            0.07741440087556839,
            0.0008134059607982635,
            0.03039437159895897
        ],
        [
            0.07875274866819382,
            -0.005347937345504761,
            0.021577153354883194
        ],
        [
            0.08234020322561264,
            -0.01797645166516304,
            0.021451331675052643
        ],
        [
            0.08335980027914047,
            -0.013575628399848938,
            0.03165143355727196
        ],
        [
            0.077370285987854,
            0.006613235920667648,
            0.04079786315560341
        ],
        [
            0.0803365558385849,
            -0.006144411861896515,
            0.04343824088573456
        ],
        [
            0.08035439252853394,
            0.0022651366889476776,
            0.05440918728709221
        ],
        [
            0.0842803567647934,
            0.014249812811613083,
            0.06750690191984177
        ],
        [
            0.07931692153215408,
            0.021197684109210968,
            -0.004316672682762146
        ],
        [
            0.08082063496112823,
            0.03001730889081955,
            0.0007448606193065643
        ],
        [
            0.13472864031791687,
            0.061358630657196045,
            0.09736538678407669
        ],
        [
            0.13382631540298462,
            0.0647892951965332,
            0.0924091562628746
        ],
        [
            0.13421030342578888,
            0.06067464500665665,
            0.0908617228269577
        ],
        [
            0.13522517681121826,
            0.05813685804605484,
            0.09602954238653183
        ],
        [
            0.09556938707828522,
            0.028057511895895004,
            -0.014394812285900116
        ],
        [
            0.10436207801103592,
            0.02377188578248024,
            -0.017167378216981888
        ],
        [
            0.09913288801908493,
            0.0208466537296772,
            -0.021380983293056488
        ],
        [
            0.09073489904403687,
            0.023247189819812775,
            -0.01772236078977585
        ],
        [
            0.10191784799098969,
            0.03435128182172775,
            -0.009843070060014725
        ],
        [
            0.11112476140260696,
            0.027719225734472275,
            -0.010689709335565567
        ],
        [
            0.14634324610233307,
            0.06378781050443649,
            0.10239844769239426
        ],
        [
            0.14162443578243256,
            0.06166567653417587,
            0.10318351536989212
        ],
        [
            0.1441284418106079,
            0.057786375284194946,
            0.10127057135105133
        ],
        [
            0.14892929792404175,
            0.05933346971869469,
            0.09929382055997849
        ],
        [
            0.12015455961227417,
            0.02715144120156765,
            0.06985941529273987
        ],
        [
            0.11780188977718353,
            0.030081208795309067,
            0.06178634613752365
        ],
        [
            0.13164375722408295,
            0.03514494746923447,
            0.07881169766187668
        ],
        [
            0.1273144632577896,
            0.03377040475606918,
            0.07134522497653961
        ],
        [
            0.1276848018169403,
            0.028140729293227196,
            0.07542729377746582
        ],
        [
            0.1324252337217331,
            0.029651474207639694,
            0.08100930601358414
        ],
        [
            0.12410200387239456,
            0.04493523761630058,
            0.0505562350153923
        ],
        [
            0.11705008149147034,
            0.03827374428510666,
            0.043932925909757614
        ],
        [
            0.11848894506692886,
            0.035279780626297,
            0.0497005470097065
        ],
        [
            0.12555541098117828,
            0.04175055772066116,
            0.058501727879047394
        ],
        [
            0.11299675703048706,
            0.04741135984659195,
            0.03381502628326416
        ],
        [
            0.12067172676324844,
            0.05306161940097809,
            0.04095200449228287
        ],
        [
            0.11745370924472809,
            0.05760139226913452,
            0.03442525863647461
        ],
        [
            0.11176490783691406,
            0.05316817760467529,
            0.030926574021577835
        ],
        [
            0.13435164093971252,
            0.05955495312809944,
            0.05508887767791748
        ],
        [
            0.13864609599113464,
            0.062134165316820145,
            0.058854132890701294
        ],
        [
            0.13798078894615173,
            0.0668279156088829,
            0.05703732371330261
        ],
        [
            0.13357962667942047,
            0.06182301044464111,
            0.05218837410211563
        ],
        [
            0.0948508232831955,
            0.017141569405794144,
            -0.025707032531499863
        ],
        [
            0.08653464913368225,
            0.017889119684696198,
            -0.020428568124771118
        ],
        [
            0.1307353973388672,
            0.05676376447081566,
            0.009669803082942963
        ],
        [
            0.12069223821163177,
            0.060266636312007904,
            0.006128787994384766
        ],
        [
            0.126316100358963,
            0.06957166641950607,
            0.01145898923277855
        ],
        [
            0.13624560832977295,
            0.0636017844080925,
            0.013790152966976166
        ],
        [
            0.11198942363262177,
            0.017186608165502548,
            -0.014326624572277069
        ],
        [
            0.10755397379398346,
            0.015252277255058289,
            -0.020549967885017395
        ],
        [
            0.14961233735084534,
            0.06738971918821335,
            0.09834057092666626
        ],
        [
            0.15163414180278778,
            0.06270663440227509,
            0.09496945142745972
        ],
        [
            0.09028438478708267,
            -0.0082162506878376,
            0.053995952010154724
        ],
        [
            0.09084626287221909,
            0.006959058344364166,
            0.06971532106399536
        ],
        [
            0.09136465936899185,
            -0.016781259328126907,
            0.03934459388256073
        ],
        [
            0.09319175034761429,
            -0.02075778692960739,
            0.027836114168167114
        ],
        [
            0.09230469167232513,
            -0.024809084832668304,
            0.01910756528377533
        ],
        [
            0.12930557131767273,
            0.03961147367954254,
            0.06939580291509628
        ],
        [
            0.1159060150384903,
            0.030925076454877853,
            0.05280472710728645
        ],
        [
            0.10854674130678177,
            0.03343037888407707,
            0.036240339279174805
        ],
        [
            0.10105375200510025,
            0.056847937405109406,
            0.01753268390893936
        ],
        [
            0.09424527734518051,
            0.05067593976855278,
            0.012210395187139511
        ],
        [
            0.09699113667011261,
            0.04663604497909546,
            0.02168157324194908
        ],
        [
            0.10294359922409058,
            0.05264174938201904,
            0.024090664461255074
        ],
        [
            0.11234317719936371,
            0.06474649906158447,
            0.00926709920167923
        ],
        [
            0.10890436172485352,
            0.06524571031332016,
            0.016403531655669212
        ],
        [
            0.11432000994682312,
            0.07045827060937881,
            0.02075033076107502
        ],
        [
            0.11793504655361176,
            0.07136092334985733,
            0.014294788241386414
        ],
        [
            0.10752112418413162,
            0.018933303654193878,
            0.07949192076921463
        ],
        [
            0.11029360443353653,
            0.005704112350940704,
            0.07076015323400497
        ],
        [
            0.08677036315202713,
            0.02991098165512085,
            -0.008644696325063705
        ],
        [
            0.08321936428546906,
            0.023272085934877396,
            -0.010807059705257416
        ],
        [
            0.08069641143083572,
            0.016534078866243362,
            -0.015432797372341156
        ],
        [
            0.09087490290403366,
            0.023341648280620575,
            0.025056883692741394
        ],
        [
            0.08144306391477585,
            0.015255708247423172,
            0.018183927983045578
        ],
        [
            0.08177608251571655,
            0.012652944773435593,
            0.021805599331855774
        ],
        [
            0.09259159862995148,
            0.02053118497133255,
            0.02693045511841774
        ],
        [
            0.09509232640266418,
            0.01996687240898609,
            0.039498183876276016
        ],
        [
            0.08351130783557892,
            0.014787660911679268,
            0.03582167625427246
        ],
        [
            0.09556010365486145,
            0.026893923059105873,
            0.04781666025519371
        ],
        [
            0.07831981778144836,
            0.0015588030219078064,
            0.014016028493642807
        ],
        [
            0.0742691308259964,
            0.0012959912419319153,
            0.0036027953028678894
        ],
        [
            0.07538681477308273,
            -0.005827061831951141,
            0.008935973048210144
        ],
        [
            0.07485023885965347,
            0.008009232580661774,
            -0.0035868212580680847
        ],
        [
            0.07683110237121582,
            0.013626284897327423,
            -0.010270729660987854
        ],
        [
            0.10519484430551529,
            0.011373907327651978,
            -0.027804818004369736
        ],
        [
            0.07796979695558548,
            -0.01208212599158287,
            0.01380593329668045
        ],
        [
            0.08879750967025757,
            0.033470895141363144,
            0.06667746603488922
        ],
        [
            0.0907430350780487,
            0.03623855113983154,
            0.07444603741168976
        ],
        [
            0.0973028838634491,
            0.03849257528781891,
            0.07126730680465698
        ],
        [
            0.09633667767047882,
            0.03590187430381775,
            0.06433349847793579
        ],
        [
            0.1444898247718811,
            0.02530277706682682,
            0.08205728232860565
        ],
        [
            0.13702070713043213,
            0.027019567787647247,
            0.08326216787099838
        ],
        [
            0.13080960512161255,
            0.022862568497657776,
            0.07801427692174911
        ],
        [
            0.0858340635895729,
            0.03333185240626335,
            0.01673024892807007
        ],
        [
            0.08569305390119553,
            0.03866983950138092,
            0.005248233675956726
        ],
        [
            0.1336403340101242,
            0.04081602767109871,
            0.07641423493623734
        ],
        [
            0.15145479142665863,
            0.055587172508239746,
            0.09699831157922745
        ],
        [
            0.14626358449459076,
            0.05344273895025253,
            0.09938884526491165
        ],
        [
            0.1468307226896286,
            0.03784990310668945,
            0.09105387330055237
        ],
        [
            0.1528707891702652,
            0.040411576628685,
            0.08854738622903824
        ],
        [
            0.1413748860359192,
            0.04786363244056702,
            0.07557624578475952
        ],
        [
            0.1355840414762497,
            0.04372691363096237,
            0.07742801308631897
        ],
        [
            0.13676093518733978,
            0.045764971524477005,
            0.07728099077939987
        ],
        [
            0.14039595425128937,
            0.05077807605266571,
            0.07469509541988373
        ],
        [
            0.13427767157554626,
            0.06923072785139084,
            0.048907261341810226
        ],
        [
            0.1302490383386612,
            0.06522709131240845,
            0.04515873268246651
        ],
        [
            0.15542666614055634,
            0.03800579532980919,
            0.06186303123831749
        ],
        [
            0.15703491866588593,
            0.026800230145454407,
            0.06906560063362122
        ],
        [
            0.14936967194080353,
            0.01958565227687359,
            0.06180198863148689
        ],
        [
            0.12202394008636475,
            0.04887900501489639,
            0.04451664537191391
        ],
        [
            0.12824922800064087,
            0.05536362901329994,
            0.04993076249957085
        ],
        [
            0.12745033204555511,
            0.05786432698369026,
            0.046726375818252563
        ],
        [
            0.13189837336540222,
            0.04364912956953049,
            0.06892026960849762
        ],
        [
            0.1363179236650467,
            0.04558182135224342,
            0.07349371910095215
        ],
        [
            0.1360156387090683,
            0.04784837365150452,
            0.06936122477054596
        ],
        [
            0.1311679482460022,
            0.04618193581700325,
            0.06406471133232117
        ],
        [
            0.11476972699165344,
            0.050946272909641266,
            -0.0008044615387916565
        ],
        [
            0.10505128651857376,
            0.05647643655538559,
            0.0026804357767105103
        ],
        [
            0.13744930922985077,
            0.060515277087688446,
            0.10128967463970184
        ],
        [
            0.13895505666732788,
            0.05704866349697113,
            0.09986474364995956
        ],
        [
            0.11511696875095367,
            0.04224567115306854,
            0.03816597908735275
        ],
        [
            0.13947993516921997,
            0.01233014464378357,
            0.053157225251197815
        ],
        [
            0.10703041404485703,
            0.0368172712624073,
            0.032141320407390594
        ],
        [
            0.14486925303936005,
            0.06551101803779602,
            0.03169188275933266
        ],
        [
            0.13875283300876617,
            0.0720391497015953,
            0.03326265141367912
        ],
        [
            0.14056535065174103,
            0.07394459843635559,
            0.0371500626206398
        ],
        [
            0.1463603377342224,
            0.07162896543741226,
            0.03689911961555481
        ],
        [
            0.14134997129440308,
            0.06308019161224365,
            0.0811978131532669
        ],
        [
            0.1366659551858902,
            0.06141667440533638,
            0.08442548662424088
        ],
        [
            0.13594913482666016,
            0.06411287188529968,
            0.08585380017757416
        ],
        [
            0.14074477553367615,
            0.0666951984167099,
            0.08339665085077286
        ],
        [
            0.13385337591171265,
            0.03933161124587059,
            0.08097099512815475
        ],
        [
            0.13482628762722015,
            0.03432928025722504,
            0.08471783995628357
        ],
        [
            0.1356581151485443,
            0.03981005400419235,
            0.08661990612745285
        ],
        [
            0.1354021579027176,
            0.04343918338418007,
            0.08176083862781525
        ],
        [
            0.13991595804691315,
            0.03215029835700989,
            0.08711783587932587
        ],
        [
            0.14053428173065186,
            0.03750225156545639,
            0.09003198891878128
        ],
        [
            0.1477913111448288,
            0.06348369270563126,
            0.08148263394832611
        ],
        [
            0.15323857963085175,
            0.06165264546871185,
            0.08639071136713028
        ],
        [
            0.15448373556137085,
            0.049020346254110336,
            0.07732128351926804
        ],
        [
            0.14777912199497223,
            0.05285506695508957,
            0.07502985745668411
        ],
        [
            0.1273069828748703,
            0.024135779589414597,
            0.0066688694059848785
        ],
        [
            0.12251950800418854,
            0.03139933571219444,
            -0.00041331350803375244
        ],
        [
            0.12910540401935577,
            0.04194635897874832,
            0.008156642317771912
        ],
        [
            0.13631704449653625,
            0.05231171101331711,
            0.015724211931228638
        ],
        [
            0.1423564851284027,
            0.06164923310279846,
            0.02423514425754547
        ],
        [
            0.15007391571998596,
            0.05403730273246765,
            0.030843334272503853
        ],
        [
            0.1243709921836853,
            0.046102769672870636,
            0.0028578005731105804
        ],
        [
            0.14957718551158905,
            0.04759262874722481,
            0.07141220569610596
        ],
        [
            0.15482722222805023,
            0.04072519764304161,
            0.07112228125333786
        ],
        [
            0.15413424372673035,
            0.04431452602148056,
            0.06773965060710907
        ],
        [
            0.10423840582370758,
            0.04238477349281311,
            0.02795403078198433
        ],
        [
            0.14099660515785217,
            0.05293995141983032,
            0.09879647940397263
        ],
        [
            0.11220164597034454,
            -0.017343975603580475,
            0.01208508014678955
        ],
        [
            0.11622335761785507,
            -0.009312998503446579,
            0.001469932496547699
        ],
        [
            0.11954180896282196,
            -0.00566285103559494,
            0.008828617632389069
        ],
        [
            0.11418575793504715,
            -0.014221079647541046,
            0.0215098075568676
        ],
        [
            0.1345774382352829,
            0.05784843862056732,
            0.09016590565443039
        ],
        [
            0.13586214184761047,
            0.05439116060733795,
            0.09540414810180664
        ],
        [
            0.12940305471420288,
            0.07029102742671967,
            0.04073866084218025
        ],
        [
            0.13355767726898193,
            0.07259653508663177,
            0.04408089071512222
        ],
        [
            0.1353423148393631,
            0.07509058713912964,
            0.040772199630737305
        ],
        [
            0.13012641668319702,
            0.0759228840470314,
            0.03778532147407532
        ],
        [
            0.11871308088302612,
            0.03415955230593681,
            -0.00416053831577301
        ],
        [
            0.12807659804821014,
            0.07537434250116348,
            0.014856161549687386
        ],
        [
            0.1377401053905487,
            0.07047848403453827,
            0.017079593613743782
        ],
        [
            0.11688272655010223,
            0.02189953625202179,
            -0.0075895339250564575
        ],
        [
            0.12150146812200546,
            0.015350528061389923,
            -0.0018623657524585724
        ],
        [
            0.1172090545296669,
            0.009455554187297821,
            -0.008400671184062958
        ],
        [
            0.15428338944911957,
            0.05153194069862366,
            0.04557828605175018
        ],
        [
            0.13101837038993835,
            0.020274873822927475,
            0.013608034700155258
        ],
        [
            0.1240202859044075,
            0.011421721428632736,
            0.004316855221986771
        ],
        [
            0.11900840699672699,
            0.004190500825643539,
            -0.0032165348529815674
        ],
        [
            0.115895576775074,
            -0.0006014928221702576,
            -0.009347952902317047
        ],
        [
            0.11411344259977341,
            0.005693059414625168,
            -0.014342956244945526
        ],
        [
            0.1534891575574875,
            0.058797843754291534,
            0.0919150561094284
        ],
        [
            0.15160447359085083,
            0.0667344480752945,
            0.08909561485052109
        ],
        [
            0.11191191524267197,
            0.001268528401851654,
            -0.02202698588371277
        ],
        [
            0.11343371868133545,
            -0.005528140813112259,
            -0.015770897269248962
        ],
        [
            0.1257295310497284,
            0.006155099719762802,
            0.011814609169960022
        ],
        [
            0.12614507973194122,
            -0.0001300126314163208,
            0.022005971521139145
        ],
        [
            0.13223467767238617,
            0.015008646994829178,
            0.02061433345079422
        ],
        [
            0.13354073464870453,
            0.009539373219013214,
            0.03103220835328102
        ],
        [
            0.1590794175863266,
            0.04206392168998718,
            0.04918936640024185
        ],
        [
            0.14120277762413025,
            0.0817001461982727,
            0.09475383907556534
        ],
        [
            0.14572131633758545,
            0.07343628257513046,
            0.088296078145504
        ],
        [
            0.14042185246944427,
            0.07166080176830292,
            0.08638971298933029
        ],
        [
            0.13791614770889282,
            0.081194207072258,
            0.09206099808216095
        ],
        [
            0.14650912582874298,
            0.06783148646354675,
            0.0842757523059845
        ],
        [
            0.1494118869304657,
            0.07147243618965149,
            0.09245901554822922
        ],
        [
            0.12988236546516418,
            0.003034450113773346,
            0.044745638966560364
        ],
        [
            0.14089781045913696,
            0.05030155926942825,
            0.07339358329772949
        ],
        [
            0.1184702068567276,
            -0.007899705320596695,
            0.0381685271859169
        ],
        [
            0.12585891783237457,
            0.002485256642103195,
            0.0616125613451004
        ],
        [
            0.11505244672298431,
            -0.004220094531774521,
            0.05776449292898178
        ],
        [
            0.10506419837474823,
            -0.018937814980745316,
            0.03264699876308441
        ],
        [
            0.10345852375030518,
            -0.013180151581764221,
            0.050263479351997375
        ],
        [
            0.1022106409072876,
            -0.024949051439762115,
            0.013700753450393677
        ],
        [
            0.10486981272697449,
            -0.021263744682073593,
            0.021954938769340515
        ],
        [
            0.10118190944194794,
            -0.0025026611983776093,
            0.06483332812786102
        ],
        [
            0.13027362525463104,
            0.0704757422208786,
            0.099095419049263
        ],
        [
            0.13065873086452484,
            0.07351085543632507,
            0.09402117878198624
        ],
        [
            0.1095997542142868,
