{
    "pred_cam": [
        12.012804985046387,
        -0.14379794895648956,
        -0.0731620192527771
    ],
    "pred_mano_params": {
        "global_orient": [
            [
                [
                    0.08926635980606079,
                    -0.9932487607002258,
                    -0.07408319413661957
                ],
                [
                    -0.7740390300750732,
                    -0.022371087223291397,
                    -0.6327424645423889
                ],
                [
                    0.6268134117126465,
                    0.11382590234279633,
                    -0.7708103060722351
                ]
            ]
        ],
        "hand_pose": [
            [
                [
                    0.5835142135620117,
                    -0.5691128969192505,
                    -0.579328715801239
                ],
                [
                    0.548113226890564,
                    0.8023741245269775,
                    -0.23615191876888275
                ],
                [
                    0.5992354154586792,
                    -0.17973972856998444,
                    0.7801350355148315
                ]
            ],
            [
                [
                    0.9957024455070496,
                    -0.018767384812235832,
                    0.09068813920021057
                ],
                [
                    0.037849560379981995,
                    0.9761992692947388,
                    -0.21354740858078003
                ],
                [
                    -0.08452196419239044,
                    0.21606220304965973,
                    0.972714364528656
                ]
            ],
            [
                [
                    0.9589940905570984,
                    -0.27984076738357544,
                    0.04493781179189682
                ],
                [
                    0.28309255838394165,
                    0.9380620718002319,
                    -0.1997452825307846
                ],
                [
                    0.013742413371801376,
                    0.20427611470222473,
                    0.97881680727005
                ]
            ],
            [
                [
                    0.5812128186225891,
                    -0.7698095440864563,
                    -0.2637897729873657
                ],
                [
                    0.7763119339942932,
                    0.6217265129089355,
                    -0.10390341281890869
                ],
                [
                    0.243990957736969,
                    -0.1443931609392166,
                    0.9589677453041077
                ]
            ],
            [
                [
                    0.9935355186462402,
                    -0.07896197587251663,
                    -0.08156091719865799
                ],
                [
                    0.09738853573799133,
                    0.9620347619056702,
                    0.2549600303173065
                ],
                [
                    0.058332283049821854,
                    -0.2612549364566803,
                    0.9635056853294373
                ]
            ],
            [
                [
                    0.9347735047340393,
                    -0.30062925815582275,
                    0.18926356732845306
                ],
                [
                    0.31153854727745056,
                    0.9497572779655457,
                    -0.030080432072281837
                ],
                [
                    -0.17071139812469482,
                    0.08708128333091736,
                    0.9814655184745789
                ]
            ],
            [
                [
                    0.3005352318286896,
                    -0.890638530254364,
                    0.3412353992462158
                ],
                [
                    0.6066179275512695,
                    0.4545791745185852,
                    0.6522058248519897
                ],
                [
                    -0.7359981536865234,
                    0.010988743975758553,
                    0.6768943667411804
                ]
            ],
            [
                [
                    0.9397569298744202,
                    -0.09680964797735214,
                    -0.3278485834598541
                ],
                [
                    0.08150975406169891,
                    0.9948572516441345,
                    -0.06012649089097977
                ],
                [
                    0.33198338747024536,
                    0.029781419783830643,
                    0.9428149461746216
                ]
            ],
            [
                [
                    0.9035198092460632,
                    -0.2470911294221878,
                    0.3501400649547577
                ],
                [
                    0.15075792372226715,
                    0.9480801224708557,
                    0.28002896904945374
                ],
                [
                    -0.40115344524383545,
                    -0.20022529363632202,
                    0.8938601016998291
                ]
            ],
            [
                [
                    0.5448625087738037,
                    -0.8174914717674255,
                    0.18663476407527924
                ],
                [
                    0.8278760313987732,
                    0.5598087310791016,
                    0.03515001758933067
                ],
                [
                    -0.13321459293365479,
                    0.1353585124015808,
                    0.981800377368927
                ]
            ],
            [
                [
                    0.9676862359046936,
                    -0.09846946597099304,
                    -0.2321358323097229
                ],
                [
                    0.16984884440898895,
                    0.9349655508995056,
                    0.31143346428871155
                ],
                [
                    0.1863723248243332,
                    -0.34079790115356445,
                    0.9214782118797302
                ]
            ],
            [
                [
                    0.8461588025093079,
                    -0.41077595949172974,
                    0.33952683210372925
                ],
                [
                    0.3728518486022949,
                    0.911510705947876,
                    0.17357929050922394
                ],
                [
                    -0.3807845115661621,
                    -0.0202824454754591,
                    0.924441397190094
                ]
            ],
            [
                [
                    0.9680965542793274,
                    -0.16097907721996307,
                    0.19202834367752075
                ],
                [
                    0.24123792350292206,
                    0.3914790153503418,
                    -0.8880025148391724
                ],
                [
                    0.06777477264404297,
                    0.9059966206550598,
                    0.4178237318992615
                ]
            ],
            [
                [
                    0.8826282024383545,
                    -0.46660295128822327,
                    0.05700194463133812
                ],
                [
                    0.35587725043296814,
                    0.7425049543380737,
                    0.5674837231636047
                ],
                [
                    -0.30711376667022705,
                    -0.48059141635894775,
                    0.8214091658592224
                ]
            ],
            [
                [
                    0.913092315196991,
                    0.3660561740398407,
                    0.17962513864040375
                ],
                [
                    -0.3687872290611267,
                    0.9293159246444702,
                    -0.01917870342731476
                ],
                [
                    -0.1739489883184433,
                    -0.048731543123722076,
                    0.983548104763031
                ]
            ]
        ],
        "betas": [
            0.01652584969997406,
            -0.05418851971626282,
            -0.05387073755264282,
            0.04828062653541565,
            0.013937056064605713,
            -0.03857865184545517,
            0.058318063616752625,
            -0.1236284077167511,
            0.05069588124752045,
            -0.08301258087158203
        ]
    },
    "pred_cam_t": [
        -0.14379794895648956,
        -0.0731620192527771,
        3.2517385482788086
    ],
    "focal_length": [
        5000.0,
        5000.0
    ],
    "pred_keypoints_3d": [
        [
            0.0956876128911972,
            0.006371560972183943,
            0.0061936285346746445
        ],
        [
            0.10706549137830734,
            0.009027428925037384,
            -0.03048720769584179
        ],
        [
            0.13033798336982727,
            0.015037093311548233,
            -0.0497007817029953
        ],
        [
            0.15318423509597778,
            0.021317776292562485,
            -0.06286649405956268
        ],
        [
            0.1730329394340515,
            0.01987283118069172,
            -0.0936042070388794
        ],
        [
            0.09146497398614883,
            0.061674777418375015,
            -0.06547746062278748
        ],
        [
            0.10592129081487656,
            0.09133099019527435,
            -0.06705719232559204
        ],
        [
            0.11969643831253052,
            0.1087477058172226,
            -0.06752786785364151
        ],
        [
            0.1386794000864029,
            0.1260063350200653,
            -0.0661400780081749
        ],
        [
            0.08895323425531387,
            0.08184461295604706,
            -0.050674788653850555
        ],
        [
            0.11059505492448807,
            0.10466284304857254,
            -0.054385390132665634
        ],
        [
            0.13002155721187592,
            0.11745291203260422,
            -0.05456874147057533
        ],
        [
            0.1527945101261139,
            0.12844014167785645,
            -0.0595320463180542
        ],
        [
            0.0942792072892189,
            0.08661597222089767,
            -0.024951227009296417
        ],
        [
            0.11499039828777313,
            0.10167606174945831,
            -0.03815670311450958
        ],
        [
            0.13695712387561798,
            0.11315160244703293,
            -0.03813745081424713
        ],
        [
            0.1606765240430832,
            0.11630967259407043,
            -0.045040808618068695
        ],
        [
            0.10261055827140808,
            0.08718478679656982,
            -0.004832146689295769
        ],
        [
            0.1197831854224205,
            0.09228592365980148,
            -0.016020439565181732
        ],
        [
            0.13651396334171295,
            0.09946689009666443,
            -0.021293047815561295
        ],
        [
            0.15337710082530975,
            0.09827529639005661,
            -0.030196448788046837
        ]
    ],
    "pred_vertices": [
        [
            0.10834340751171112,
            0.03540513664484024,
            -0.039952896535396576
        ],
        [
            0.11107058823108673,
            0.02820337936282158,
            -0.03290979936718941
        ],
        [
            0.11737775057554245,
            0.02915462851524353,
            -0.039974819868803024
        ],
        [
            0.1123708114027977,
            0.03548208996653557,
            -0.048437803983688354
        ],
        [
            0.12534292042255402,
            0.013092096894979477,
            -0.0244641974568367
        ],
        [
            0.12538594007492065,
            0.0011966414749622345,
            -0.02662583813071251
        ],
        [
            0.13504207134246826,
            0.006969790905714035,
            -0.037013668566942215
        ],
        [
            0.13478383421897888,
            0.01607387512922287,
            -0.03252716362476349
        ],
        [
            0.11558817327022552,
            0.035295404493808746,
            -0.05486093461513519
        ],
        [
            0.12304659187793732,
            0.029904959723353386,
            -0.04539835453033447
        ],
        [
            0.11766809225082397,
            0.0329141691327095,
            -0.0571136400103569
        ],
        [
            0.10063329339027405,
            0.03799603879451752,
            -0.064959816634655
        ],
        [
            0.10502766817808151,
            0.04005371034145355,
            -0.0617702379822731
        ],
        [
            0.09262219071388245,
            0.04442910477519035,
            -0.06864847987890244
        ],
        [
            0.09202472120523453,
            0.03228335082530975,
            -0.06178034096956253
        ],
        [
            0.08349606394767761,
            0.04649782180786133,
            -0.06564927101135254
        ],
        [
            0.07461252808570862,
            0.04118269681930542,
            -0.03619278222322464
        ],
        [
            0.07478173822164536,
            0.046608686447143555,
            -0.023433024063706398
        ],
        [
            0.07358420640230179,
            0.06151258572936058,
            -0.03272171691060066
        ],
        [
            0.07436320185661316,
            0.05445074662566185,
            -0.044721685349941254
        ],
        [
            0.07942353188991547,
            0.06471025198698044,
            -0.012778522446751595
        ],
        [
            0.07610543072223663,
            0.06365234404802322,
            -0.02415531314909458
        ],
        [
            0.07602745294570923,
            0.0488065667450428,
            -0.014729350805282593
        ],
        [
            0.07924409955739975,
            0.050306808203458786,
            -0.005109433084726334
        ],
        [
            0.10603486746549606,
            0.036960504949092865,
            -0.02350391447544098
        ],
        [
            0.10782697796821594,
            0.02933407574892044,
            -0.016990698873996735
        ],
        [
            0.10717219114303589,
            0.028590098023414612,
            -0.02337753400206566
        ],
        [
            0.10605029761791229,
            0.035565853118896484,
            -0.02923814207315445
        ],
        [
            0.12804003059864044,
            0.023356817662715912,
            -0.060677092522382736
        ],
        [
            0.11033644527196884,
            0.02001011371612549,
            -0.05982308089733124
        ],
        [
            0.11239442229270935,
            0.02768806926906109,
            -0.06007251888513565
        ],
        [
            0.13108325004577637,
            0.02698570303618908,
            -0.05747101455926895
        ],
        [
            0.11866243183612823,
            0.014022089540958405,
            0.006370071321725845
        ],
        [
            0.11355437338352203,
            0.0031436309218406677,
            0.012692257761955261
        ],
        [
            0.11231276392936707,
            3.5099685192108154e-05,
            0.007772926241159439
        ],
        [
            0.11658209562301636,
            0.010808706283569336,
            0.002942536026239395
        ],
        [
            0.11392492800951004,
            -0.005011558532714844,
            -0.012427370995283127
        ],
        [
            0.10864715278148651,
            -0.010551698505878448,
            -0.00635945051908493
        ],
        [
            0.10036595165729523,
            -0.020190134644508362,
            -0.010011807084083557
        ],
        [
            0.10371115803718567,
            -0.015316192060709,
            -0.018217016011476517
        ],
        [
            0.1193976029753685,
            -0.0010922029614448547,
            -0.0198478102684021
        ],
        [
            0.11220431327819824,
            -0.010764412581920624,
            -0.02568122372031212
        ],
        [
            0.11975575983524323,
            -0.00651298463344574,
            -0.03275317698717117
        ],
        [
            0.1314617246389389,
            0.0010677576065063477,
            -0.04303670674562454
        ],
        [
            0.11274447292089462,
            0.009937219321727753,
            0.023555520921945572
        ],
        [
            0.11693485826253891,
            0.018783777952194214,
            0.020550936460494995
        ],
        [
            0.11642683297395706,
            0.09022466838359833,
            -0.07085205614566803
        ],
        [
            0.11702001094818115,
            0.09138588607311249,
            -0.06519190967082977
        ],
        [
            0.11480312049388885,
            0.08597064018249512,
            -0.0653320699930191
        ],
        [
            0.11422131955623627,
            0.08612940460443497,
            -0.07112570106983185
        ],
        [
            0.09886683523654938,
            0.022894181311130524,
            0.030716422945261
        ],
        [
            0.08881814032793045,
            0.023201793432235718,
            0.03012169525027275
        ],
        [
            0.09053221344947815,
            0.017739690840244293,
            0.03462965413928032
        ],
        [
            0.09974180161952972,
            0.016048118472099304,
            0.03384639322757721
        ],
        [
            0.09771188348531723,
            0.03190634399652481,
            0.026531387120485306
        ],
        [
            0.08696547150611877,
            0.03055354207754135,
            0.0234200581908226
        ],
        [
            0.10670600831508636,
            0.0968509167432785,
            -0.07533423602581024
        ],
        [
            0.11084038019180298,
            0.09407110512256622,
            -0.07644413411617279
        ],
        [
            0.10703679174184799,
            0.09039448201656342,
            -0.0765453577041626
        ],
        [
            0.1028560996055603,
            0.09262027591466904,
            -0.07439093291759491
        ],
        [
            0.10680320858955383,
            0.0412084236741066,
            -0.05534482002258301
        ],
        [
            0.10669250041246414,
            0.04236336797475815,
            -0.046089254319667816
        ],
        [
            0.10208743065595627,
            0.05497196316719055,
            -0.06441163271665573
        ],
        [
            0.10285384953022003,
            0.05106300115585327,
            -0.05612783879041672
        ],
        [
            0.10178979486227036,
            0.04666183143854141,
            -0.06181015819311142
        ],
        [
            0.09992104768753052,
            0.05122090131044388,
            -0.06800185143947601
        ],
        [
            0.10343128442764282,
            0.05726029723882675,
            -0.03292837738990784
        ],
        [
            0.1043204590678215,
            0.047503143548965454,
            -0.026617808267474174
        ],
        [
            0.10380000621080399,
            0.04619777202606201,
            -0.03318556025624275
        ],
        [
            0.10343822091817856,
            0.055973850190639496,
            -0.041484445333480835
        ],
        [
            0.10830482840538025,
            0.05241347849369049,
            -0.01395433209836483
        ],
        [
            0.10655901581048965,
            0.061575066298246384,
            -0.02109457738697529
        ],
        [
            0.1089095026254654,
            0.06315197050571442,
            -0.012978758662939072
        ],
        [
            0.11078967154026031,
            0.05642642080783844,
            -0.009495649486780167
        ],
        [
            0.10243329405784607,
            0.07483750581741333,
            -0.03587330877780914
        ],
        [
            0.10101668536663055,
            0.07896129041910172,
            -0.03936361148953438
        ],
        [
            0.10337406396865845,
            0.08068475127220154,
            -0.03618718683719635
        ],
        [
            0.10332821309566498,
            0.0757504254579544,
            -0.032118238508701324
        ],
        [
            0.0910659059882164,
            0.012067072093486786,
            0.038853272795677185
        ],
        [
            0.10001514852046967,
            0.009125426411628723,
            0.03613264858722687
        ],
        [
            0.08866892755031586,
            0.06871597468852997,
            0.006737569347023964
        ],
        [
            0.09709484130144119,
            0.06605896353721619,
            0.013676449656486511
        ],
        [
            0.09779419749975204,
            0.07890613377094269,
            0.008603373542428017
        ],
        [
            0.08754109591245651,
            0.0789281576871872,
            0.0024301037192344666
        ],
        [
            0.08055993914604187,
            0.021523520350456238,
            0.024074207991361618
        ],
        [
            0.08140404522418976,
            0.01710975170135498,
            0.03048355132341385
        ],
        [
            0.10382198542356491,
            0.09965501725673676,
            -0.07069824635982513
        ],
        [
            0.10063838213682175,
            0.09471898525953293,
            -0.06926707923412323
        ],
        [
            0.1075170710682869,
            -0.008723340928554535,
            -0.03818576782941818
        ],
        [
            0.12409950792789459,
            -0.0002771057188510895,
            -0.049764037132263184
        ],
        [
            0.0976763516664505,
            -0.014001496136188507,
            -0.027254335582256317
        ],
        [
            0.09162760525941849,
            -0.016803666949272156,
            -0.01868555322289467
        ],
        [
            0.08850139379501343,
            -0.021395057439804077,
            -0.011741526424884796
        ],
        [
            0.10289476811885834,
            0.0567241832613945,
            -0.053401608020067215
        ],
        [
            0.10535039752721786,
            0.04151836037635803,
            -0.036773234605789185
        ],
        [
            0.10687192529439926,
            0.03853049874305725,
            -0.018579203635454178
        ],
        [
            0.11681320518255234,
            0.053320545703172684,
            0.00664970837533474
        ],
        [
            0.11821087449789047,
            0.04432491958141327,
            0.01172797754406929
        ],
        [
            0.11735587567090988,
            0.042900945991277695,
            0.0011061206459999084
        ],
        [
            0.11569271981716156,
            0.051119089126586914,
            -0.0010758452117443085
        ],
        [
            0.10713771730661392,
            0.06570516526699066,
            0.013893406838178635
        ],
        [
            0.11287567019462585,
            0.06446357071399689,
            0.008215786889195442
        ],
        [
            0.111495740711689,
            0.07188675552606583,
            0.004598025232553482
        ],
        [
            0.10624396055936813,
            0.07547581195831299,
            0.0094232726842165
        ],
        [
            0.1284068077802658,
            0.01622498407959938,
            -0.06359610706567764
        ],
        [
            0.11026351153850555,
            0.012223754078149796,
            -0.059094078838825226
        ],
        [
            0.10886108130216599,
            0.020737238228321075,
            0.027900084853172302
        ],
        [
            0.10826026648283005,
            0.013042688369750977,
            0.029205702245235443
        ],
        [
            0.10590364784002304,
            0.005570083856582642,
            0.03256003558635712
        ],
        [
            0.11327280104160309,
            0.02103118970990181,
            -0.006534401327371597
        ],
        [
            0.11510748416185379,
            0.008623681962490082,
            0.0005191043019294739
        ],
        [
            0.11427368968725204,
            0.007423676550388336,
            -0.0036010146141052246
        ],
        [
            0.11105275899171829,
            0.020454041659832,
            -0.009780336171388626
        ],
        [
            0.11438942700624466,
            0.021454621106386185,
            -0.023502573370933533
        ],
        [
            0.11755582690238953,
            0.010813456028699875,
            -0.016585174947977066
        ],
        [
            0.12253378331661224,
            0.023669585585594177,
            -0.0294351689517498
        ],
        [
            0.11042872816324234,
            -0.005534693598747253,
            0.002113793045282364
        ],
        [
            0.11084400117397308,
            -0.008960820734500885,
            0.012665759772062302
        ],
        [
            0.10838030278682709,
            -0.01406717300415039,
            0.005777865648269653
        ],
        [
            0.11098571866750717,
            -0.0035467594861984253,
            0.02084905281662941
        ],
        [
            0.1095590814948082,
            0.001655280590057373,
            0.027948006987571716
        ],
        [
            0.07929570972919464,
            0.01199139654636383,
            0.036933984607458115
        ],
        [
            0.10488112270832062,
            -0.017822161316871643,
            -0.0008146762847900391
        ],
        [
            0.14086724817752838,
            0.017378702759742737,
            -0.040040746331214905
        ],
        [
            0.14703185856342316,
            0.017513010650873184,
            -0.04669637233018875
        ],
        [
            0.14361099898815155,
            0.024240292608737946,
            -0.04752246290445328
        ],
        [
            0.1369413584470749,
            0.024734381586313248,
            -0.04127934202551842
        ],
        [
            0.08910737931728363,
            0.05393938347697258,
            -0.072502002120018
        ],
        [
            0.09608853608369827,
            0.051691628992557526,
            -0.07180222868919373
        ],
        [
            0.09874442964792252,
            0.04339749366044998,
            -0.06660234183073044
        ],
        [
            0.11940132826566696,
            0.025561966001987457,
            0.005211647599935532
        ],
        [
            0.11806030571460724,
            0.029090076684951782,
            0.017286788672208786
        ],
        [
            0.10206806659698486,
            0.06006045266985893,
            -0.06096229702234268
        ],
        [
            0.09880215674638748,
            0.08924265205860138,
            -0.0736902728676796
        ],
        [
            0.10329891741275787,
            0.08642127364873886,
            -0.07630068063735962
        ],
        [
            0.09459518641233444,
            0.0693143978714943,
            -0.07590894401073456
        ],
        [
            0.08967545628547668,
            0.07345639914274216,
            -0.07333758473396301
        ],
        [
            0.09838013350963593,
            0.06904775649309158,
            -0.05839214473962784
        ],
        [
            0.10194336622953415,
            0.06330323219299316,
            -0.060650020837783813
        ],
        [
            0.10167492181062698,
            0.06575997918844223,
            -0.05939113348722458
        ],
        [
            0.0998229905962944,
            0.07070691883563995,
            -0.05535603687167168
        ],
        [
            0.10578843951225281,
            0.08122693002223969,
            -0.027055881917476654
        ],
        [
            0.10570380836725235,
            0.07634727656841278,
            -0.023633170872926712
        ],
        [
            0.07815530896186829,
            0.06752024590969086,
            -0.052655093371868134
        ],
        [
            0.07441169768571854,
            0.05967412143945694,
            -0.06229092925786972
        ],
        [
            0.07617579400539398,
            0.048719726502895355,
            -0.05617322027683258
        ],
        [
            0.10486935824155807,
            0.05904236435890198,
            -0.025815129280090332
        ],
        [
            0.10418909788131714,
            0.06803029775619507,
            -0.030792193487286568
        ],
        [
            0.10488728433847427,
            0.06930799782276154,
            -0.026872290298342705
        ],
        [
            0.10232801735401154,
            0.061352137476205826,
            -0.052503325045108795
        ],
        [
            0.1009637862443924,
            0.06490630656480789,
            -0.05728760361671448
        ],
        [
            0.10086221247911453,
            0.06706646084785461,
            -0.05262627825140953
        ],
        [
            0.1024581789970398,
            0.062999427318573,
            -0.04696856811642647
        ],
        [
            0.09654037654399872,
            0.053797636181116104,
            0.019111722707748413
        ],
        [
            0.10827773064374924,
            0.05394871160387993,
            0.019505340605974197
        ],
        [
            0.11426492780447006,
            0.09142348915338516,
            -0.0749138817191124
        ],
        [
            0.11115103214979172,
            0.08765948563814163,
            -0.07520732283592224
        ],
        [
            0.10575933754444122,
            0.04942908138036728,
            -0.019804399460554123
        ],
        [
            0.078604556620121,
            0.03673330321907997,
            -0.04748934134840965
        ],
        [
            0.10823395103216171,
            0.04029949754476547,
            -0.01351463794708252
        ],
        [
            0.0895492285490036,
            0.08416970819234848,
            -0.015917807817459106
        ],
        [
            0.09816022962331772,
            0.08500709384679794,
            -0.014614763669669628
        ],
        [
            0.10038981586694717,
            0.08848240971565247,
            -0.01846771501004696
        ],
        [
            0.09464822709560394,
            0.08988258987665176,
            -0.020658433437347412
        ],
        [
            0.10612142086029053,
            0.08527255058288574,
            -0.05587134137749672
        ],
        [
            0.1105588749051094,
            0.08295179903507233,
            -0.058958228677511215
        ],
        [
            0.11312606930732727,
            0.08777155727148056,
            -0.059466756880283356
        ],
        [
            0.10888247191905975,
            0.09050367027521133,
            -0.05670769885182381
        ],
        [
            0.10271292179822922,
            0.05998609960079193,
            -0.06529321521520615
        ],
        [
            0.10098502039909363,
            0.05742824077606201,
            -0.0705786794424057
        ],
        [
            0.1032954603433609,
            0.06360085308551788,
            -0.07004646956920624
        ],
        [
            0.10336370766162872,
            0.06476815044879913,
            -0.06419138610363007
        ],
        [
            0.09676346182823181,
            0.05912283435463905,
            -0.07403435558080673
        ],
        [
            0.09944579750299454,
            0.06552254408597946,
            -0.07448175549507141
        ],
        [
            0.1004410907626152,
            0.08835354447364807,
            -0.05689818784594536
        ],
        [
            0.09587273746728897,
            0.09076640009880066,
            -0.06235351040959358
        ],
        [
            0.08769254386425018,
            0.07729935646057129,
            -0.060307979583740234
        ],
        [
            0.0944998636841774,
            0.07622398436069489,
            -0.05573704093694687
        ],
        [
            0.07754823565483093,
            0.03703315928578377,
            0.002387493848800659
        ],
        [
            0.0823487639427185,
            0.040353018790483475,
            0.01189478114247322
        ],
        [
            0.08390060812234879,
            0.05381851643323898,
            0.004759997129440308
        ],
        [
            0.08435885608196259,
            0.06789983808994293,
            -0.0016678068786859512
        ],
        [
            0.08548582345247269,
            0.08015355467796326,
            -0.009016694501042366
        ],
        [
            0.07893577218055725,
            0.07702144980430603,
            -0.01882258802652359
        ],
        [
            0.08786793053150177,
            0.054651740938425064,
            0.011965392157435417
        ],
        [
            0.0913042426109314,
            0.07316267490386963,
            -0.05729683116078377
        ],
        [
            0.08273831009864807,
            0.06988909095525742,
            -0.05944889411330223
        ],
        [
            0.08489502966403961,
            0.07248640805482864,
            -0.05640661343932152
        ],
        [
            0.11156101524829865,
            0.04333210363984108,
            -0.0075463466346263885
        ],
        [
            0.1076188012957573,
            0.08355005085468292,
            -0.07552150636911392
        ],
        [
            0.07364999502897263,
            -0.005649827420711517,
            -0.008521966636180878
        ],
        [
            0.07056392729282379,
            0.002247527241706848,
            0.0021485239267349243
        ],
        [
            0.07177665084600449,
            0.007739730179309845,
            -0.004649944603443146
        ],
        [
            0.07625231146812439,
            -0.0010887235403060913,
            -0.016970649361610413
        ],
        [
            0.112638458609581,
            0.08095849305391312,
            -0.06521549820899963
        ],
        [
            0.11190404742956161,
            0.08116884529590607,
            -0.07149630784988403
        ],
        [
            0.10796330124139786,
            0.07930076867341995,
            -0.018289631232619286
        ],
        [
            0.10728522390127182,
            0.08385675400495529,
            -0.02216128259897232
        ],
        [
            0.10652342438697815,
            0.08662140369415283,
            -0.019908424466848373
        ],
        [
            0.10942739248275757,
            0.08336842060089111,
            -0.015138374641537666
        ],
        [
            0.08545708656311035,
            0.04056461900472641,
            0.01703658327460289
        ],
        [
            0.1032872274518013,
            0.0855344831943512,
            0.0036787912249565125
        ],
        [
            0.09262971580028534,
            0.08558804541826248,
            -0.001797068864107132
        ],
        [
            0.08070892095565796,
            0.02863297611474991,
            0.017715133726596832
        ],
        [
            0.07588950544595718,
            0.025758475065231323,
            0.009697727859020233
        ],
        [
            0.07478933036327362,
            0.01796765625476837,
            0.015467856079339981
        ],
        [
            0.07942068576812744,
            0.07696270197629929,
            -0.034023549407720566
        ],
        [
            0.07506149262189865,
            0.03611661493778229,
            -0.005874652415513992
        ],
        [
            0.07408008724451065,
            0.024176500737667084,
            0.002418719232082367
        ],
        [
            0.07266028225421906,
            0.014797806739807129,
            0.008977364748716354
        ],
        [
            0.0711708813905716,
            0.008586861193180084,
            0.014321181923151016
        ],
        [
            0.07381832599639893,
            0.01266634464263916,
            0.020864620804786682
        ],
        [
            0.09650903940200806,
            0.09082197397947311,
            -0.06802248954772949
        ],
        [
            0.09999913722276688,
            0.09572670608758926,
            -0.06290071457624435
        ],
        [
            0.07118880748748779,
            0.007127135992050171,
            0.027523420751094818
        ],
        [
            0.0689622089266777,
            0.0025987476110458374,
            0.019733309745788574
        ],
        [
            0.07280056178569794,
            0.021163348108530045,
            -0.006208591163158417
        ],
        [
            0.07300717383623123,
            0.01700548082590103,
            -0.017310533672571182
        ],
        [
            0.0740332305431366,
            0.032815027981996536,
            -0.013925693929195404
        ],
        [
            0.07403607666492462,
            0.02971617877483368,
            -0.02532505989074707
        ],
        [
            0.07249179482460022,
            0.07202332466840744,
            -0.04107620194554329
        ],
        [
            0.112175852060318,
            0.10976685583591461,
            -0.06218045577406883
        ],
        [
            0.10626255720853806,
            0.10001479834318161,
            -0.05949084088206291
        ],
        [
            0.11083083599805832,
            0.09691931307315826,
            -0.05775628238916397
        ],
        [
            0.11478301882743835,
            0.10786394774913788,
            -0.05929197743535042
        ],
        [
            0.10383889079093933,
            0.0934651717543602,
            -0.057821303606033325
        ],
        [
            0.10319924354553223,
            0.10073547810316086,
            -0.06437443941831589
        ],
        [
            0.07939638197422028,
            0.023322880268096924,
            -0.03921108320355415
        ],
        [
            0.09958839416503906,
            0.07137735188007355,
            -0.05634576454758644
        ],
        [
            0.08122750371694565,
            0.007724028080701828,
            -0.0323050394654274
        ],
        [
            0.09032867848873138,
            0.020805146545171738,
            -0.05503897741436958
        ],
        [
            0.09379921853542328,
            0.00889848917722702,
            -0.049405962228775024
        ],
        [
            0.08435062319040298,
            -0.008950367569923401,
            -0.02558758482336998
        ],
        [
            0.09441200643777847,
            -0.005029059946537018,
            -0.04004018381237984
        ],
        [
            0.07894258946180344,
            -0.017045579850673676,
            -0.009294696152210236
        ],
        [
            0.08058785647153854,
            -0.01184496283531189,
            -0.016541562974452972
        ],
        [
            0.10864967852830887,
            0.0006699264049530029,
            -0.05149316042661667
        ],
        [
            0.12253277003765106,
