{
    "pred_cam": [
        10.421363830566406,
        0.10863485932350159,
        -0.06090530753135681
    ],
    "pred_mano_params": {
        "global_orient": [
            [
                [
                    -0.5619335174560547,
                    0.8198844194412231,
                    -0.10963719338178635
                ],
                [
                    -0.48339053988456726,
                    -0.43304240703582764,
                    -0.7607942819595337
                ],
                [
                    -0.6712408661842346,
                    -0.3745182156562805,
                    0.639665424823761
                ]
            ]
        ],
        "hand_pose": [
            [
                [
                    0.7262337803840637,
                    -0.5868647694587708,
                    -0.35801419615745544
                ],
                [
                    0.5509724020957947,
                    0.8083407878875732,
                    -0.2073996216058731
                ],
                [
                    0.41111302375793457,
                    -0.046635303646326065,
                    0.9103906750679016
                ]
            ],
            [
                [
                    0.7832142114639282,
                    -0.5964624881744385,
                    0.1755220592021942
                ],
                [
                    0.6206566095352173,
                    0.7332847118377686,
                    -0.27763086557388306
                ],
                [
                    0.0368887297809124,
                    0.3263833820819855,
                    0.9445174336433411
                ]
            ],
            [
                [
                    0.9224008321762085,
                    -0.3039759397506714,
                    0.23827578127384186
                ],
                [
                    0.27243509888648987,
                    0.9493620991706848,
                    0.15649476647377014
                ],
                [
                    -0.2737806737422943,
                    -0.07943622022867203,
                    0.9585061073303223
                ]
            ],
            [
                [
                    0.7268871665000916,
                    -0.652219295501709,
                    -0.21504662930965424
                ],
                [
                    0.6657354235649109,
                    0.746082603931427,
                    -0.012532098218798637
                ],
                [
                    0.16861623525619507,
                    -0.1340547353029251,
                    0.9765233993530273
                ]
            ],
            [
                [
                    0.7770199179649353,
                    -0.5776119232177734,
                    -0.25020885467529297
                ],
                [
                    0.62076336145401,
                    0.769035279750824,
                    0.15243881940841675
                ],
                [
                    0.10436894744634628,
                    -0.27376848459243774,
                    0.9561160802841187
                ]
            ],
            [
                [
                    0.8893868327140808,
                    -0.39302584528923035,
                    0.23349882662296295
                ],
                [
                    0.3973575830459595,
                    0.9171649217605591,
                    0.030256757512688637
                ],
                [
                    -0.22604861855506897,
                    0.06587256491184235,
                    0.9718862175941467
                ]
            ],
            [
                [
                    0.7471923828125,
                    -0.6348991990089417,
                    -0.1964854896068573
                ],
                [
                    0.6600355505943298,
                    0.7435004711151123,
                    0.10751833021640778
                ],
                [
                    0.07782372832298279,
                    -0.21002429723739624,
                    0.9745939373970032
                ]
            ],
            [
                [
                    0.892736554145813,
                    -0.4505789577960968,
                    -3.7499412428587675e-05
                ],
                [
                    0.44321927428245544,
                    0.8781397938728333,
                    0.18007545173168182
                ],
                [
                    -0.08110527694225311,
                    -0.1607765555381775,
                    0.9836527705192566
                ]
            ],
            [
                [
                    0.9742714166641235,
                    -0.20075787603855133,
                    0.10242802649736404
                ],
                [
                    0.04391629993915558,
                    0.6148654818534851,
                    0.7874082922935486
                ],
                [
                    -0.22105784714221954,
                    -0.7626510858535767,
                    0.6078624129295349
                ]
            ],
            [
                [
                    0.7024571895599365,
                    -0.6903858184814453,
                    -0.1729775071144104
                ],
                [
                    0.6744310855865479,
                    0.7233311533927917,
                    -0.14810360968112946
                ],
                [
                    0.22736866772174835,
                    -0.012624965980648994,
                    0.9737268090248108
                ]
            ],
            [
                [
                    0.8594893217086792,
                    -0.4920368194580078,
                    -0.13848404586315155
                ],
                [
                    0.49756935238838196,
                    0.7433131337165833,
                    0.4471133053302765
                ],
                [
                    -0.11705922335386276,
                    -0.4531945288181305,
                    0.8836921453475952
                ]
            ],
            [
                [
                    0.8401467204093933,
                    -0.5109056234359741,
                    0.182013601064682
                ],
                [
                    0.4600580036640167,
                    0.8490558862686157,
                    0.2597127854824066
                ],
                [
                    -0.28722846508026123,
                    -0.13446001708507538,
                    0.9483777284622192
                ]
            ],
            [
                [
                    0.9443718194961548,
                    -0.21134836971759796,
                    -0.25197961926460266
                ],
                [
                    -0.14920617640018463,
                    0.40745797753334045,
                    -0.9009525775909424
                ],
                [
                    0.2930859625339508,
                    0.8884311318397522,
                    0.35325735807418823
                ]
            ],
            [
                [
                    0.9809585809707642,
                    -0.17809340357780457,
                    -0.07747907936573029
                ],
                [
                    0.19004829227924347,
                    0.7980021238327026,
                    0.5719041228294373
                ],
                [
                    -0.04002387821674347,
                    -0.5757390260696411,
                    0.8166533708572388
                ]
            ],
            [
                [
                    0.9500803351402283,
                    -0.24292178452014923,
                    -0.19579647481441498
                ],
                [
                    0.1922314316034317,
                    0.950037956237793,
                    -0.24591650068759918
                ],
                [
                    0.24575255811214447,
                    0.19600221514701843,
                    0.9493095874786377
                ]
            ]
        ],
        "betas": [
            -0.09311163425445557,
            -0.054302603006362915,
            0.01654335856437683,
            -0.03764966130256653,
            0.046971529722213745,
            0.005171839147806168,
            -0.04304376244544983,
            -0.020309865474700928,
            0.0314750075340271,
            -0.039313703775405884
        ]
    },
    "pred_cam_t": [
        -0.10863485932350159,
        -0.06090530753135681,
        3.748309850692749
    ],
    "focal_length": [
        5000.0,
        5000.0
    ],
    "pred_keypoints_3d": [
        [
            0.0961027666926384,
            0.006426146719604731,
            0.006228707265108824
        ],
        [
            0.09404517710208893,
            0.0050988164730370045,
            0.044910918921232224
        ],
        [
            0.09271083772182465,
            0.02229076623916626,
            0.0705709457397461
        ],
        [
            0.09757949411869049,
            0.03993333876132965,
            0.09068664908409119
        ],
        [
            0.09976176917552948,
            0.06723333150148392,
            0.11249226331710815
        ],
        [
            0.13926514983177185,
            0.035610269755125046,
            0.08085886389017105
        ],
        [
            0.1431310474872589,
            0.06413569301366806,
            0.09722764790058136
        ],
        [
            0.12854784727096558,
            0.08022011071443558,
            0.10225314646959305
        ],
        [
            0.10776743292808533,
            0.09152458608150482,
            0.10948292165994644
        ],
        [
            0.14869247376918793,
            0.05557699501514435,
            0.06844575703144073
        ],
        [
            0.1467745453119278,
            0.08335652947425842,
            0.08394361287355423
        ],
        [
            0.129068061709404,
            0.09796203672885895,
            0.08841181546449661
        ],
        [
            0.10701648890972137,
            0.1071280837059021,
            0.0977780669927597
        ],
        [
            0.14197401702404022,
            0.06823059171438217,
            0.04567594826221466
        ],
        [
            0.14090818166732788,
            0.09422802925109863,
            0.05846405401825905
        ],
        [
            0.12269741296768188,
            0.11046083271503448,
            0.06350600719451904
        ],
        [
            0.10114698857069016,
            0.11809690296649933,
            0.07383096218109131
        ],
        [
            0.13152998685836792,
            0.07723908126354218,
            0.028591373935341835
        ],
        [
            0.12846150994300842,
            0.0980626717209816,
            0.0315738171339035
        ],
        [
            0.11659365147352219,
            0.11262623220682144,
            0.03487853333353996
        ],
        [
            0.09795788675546646,
            0.12045541405677795,
            0.04541856423020363
        ]
    ],
    "pred_vertices": [
        [
            0.10861239582300186,
            0.02598792500793934,
            0.05565374344587326
        ],
        [
            0.10166162252426147,
            0.02207215689122677,
            0.04742969200015068
        ],
        [
            0.10143581032752991,
            0.025498975068330765,
            0.055501967668533325
        ],
        [
            0.1084941104054451,
            0.026303771883249283,
            0.06399616599082947
        ],
        [
            0.08191295713186264,
            0.02196706272661686,
            0.04668176546692848
        ],
        [
            0.07529032975435257,
            0.012455970048904419,
            0.049620989710092545
        ],
        [
            0.07877786457538605,
            0.021879885345697403,
            0.06303343176841736
        ],
        [
            0.0831669270992279,
            0.02951626479625702,
            0.05827556177973747
        ],
        [
            0.1100122258067131,
            0.026914896443486214,
            0.07028871029615402
        ],
        [
            0.10131704062223434,
            0.029028065502643585,
            0.06270570307970047
        ],
        [
            0.11204375326633453,
            0.02558290585875511,
            0.0715961754322052
        ],
        [
            0.12461395561695099,
            0.019534923136234283,
            0.07693089544773102
        ],
        [
            0.11963929235935211,
            0.024075210094451904,
            0.07603864371776581
        ],
        [
            0.13258874416351318,
            0.020416686311364174,
            0.08032674342393875
        ],
        [
            0.12808163464069366,
            0.011196920648217201,
            0.071101613342762
        ],
        [
            0.14054493606090546,
            0.018543805927038193,
            0.0753805935382843
        ],
        [
            0.13880524039268494,
            0.017034996300935745,
            0.0454050675034523
        ],
        [
            0.13879458606243134,
            0.02495482936501503,
            0.03410683572292328
        ],
        [
            0.1484115570783615,
            0.03514065966010094,
            0.0445924736559391
        ],
        [
            0.14678847789764404,
            0.026483047753572464,
            0.05525940656661987
        ],
        [
            0.1409972906112671,
            0.04480236768722534,
            0.027343139052391052
        ],
        [
            0.14567561447620392,
            0.04005833715200424,
            0.03732828050851822
        ],
        [
            0.13719482719898224,
            0.029446043074131012,
            0.026333797723054886
        ],
        [
            0.13334698975086212,
            0.03439057618379593,
            0.018091268837451935
        ],
        [
            0.10734911262989044,
            0.030469033867120743,
            0.04105101898312569
        ],
        [
            0.10057535767555237,
            0.025726107880473137,
            0.033788859844207764
        ],
        [
            0.10184432566165924,
            0.022707628086209297,
            0.03852977603673935
        ],
        [
            0.10780598223209381,
            0.027676690369844437,
            0.04580051079392433
        ],
        [
            0.1068635806441307,
            0.02307754196226597,
            0.0762036144733429
        ],
        [
            0.11088170111179352,
            0.010534081608057022,
            0.07166838645935059
        ],
        [
            0.11427551507949829,
            0.017536254599690437,
            0.07223258912563324
        ],
        [
            0.1060994565486908,
            0.028412479907274246,
            0.07447104156017303
        ],
        [
            0.07995059341192245,
            0.023340776562690735,
            0.013142731040716171
        ],
        [
            0.07804248481988907,
            0.013147171586751938,
            0.004341021180152893
        ],
        [
            0.0782913938164711,
            0.008712735027074814,
            0.00835728645324707
        ],
        [
            0.08043693006038666,
            0.018681246787309647,
            0.015443645417690277
        ],
        [
            0.07565458863973618,
            0.0009042061865329742,
            0.02914072945713997
        ],
        [
            0.07765397429466248,
            -0.005233369767665863,
            0.020361408591270447
        ],
        [
            0.081214539706707,
            -0.01792389154434204,
            0.020489990711212158
        ],
        [
            0.08159228414297104,
            -0.013593781739473343,
            0.030730899423360825
        ],
        [
            0.0748639702796936,
            0.006634309887886047,
            0.039791617542505264
        ],
        [
            0.07778194546699524,
            -0.006248090416193008,
            0.04243151843547821
        ],
        [
            0.07719297707080841,
            0.0020058490335941315,
            0.053662724792957306
        ],
        [
            0.0806104838848114,
            0.013680975884199142,
            0.06715400516986847
        ],
        [
            0.08015347272157669,
            0.021264441311359406,
            -0.005460824817419052
        ],
        [
            0.08133570104837418,
            0.030087091028690338,
            -0.00032901763916015625
        ],
        [
            0.12988761067390442,
            0.061641450971364975,
            0.09964703768491745
        ],
        [
            0.1292901337146759,
            0.06498022377490997,
            0.09458614885807037
        ],
        [
            0.1296594738960266,
            0.061098162084817886,
            0.09315504878759384
        ],
        [
            0.13037003576755524,
            0.05858401954174042,
            0.09843006730079651
        ],
        [
            0.0970865935087204,
            0.02801186963915825,
            -0.014422688633203506
        ],
        [
            0.10602043569087982,
            0.02366964891552925,
            -0.016570955514907837
        ],
        [
            0.10107949376106262,
            0.02076251059770584,
            -0.021129749715328217
        ],
        [
            0.09246663749217987,
            0.023223351687192917,
            -0.01806531846523285
        ],
        [
            0.10313943028450012,
            0.03428513556718826,
            -0.009464528411626816
        ],
        [
            0.11234007775783539,
            0.027602553367614746,
            -0.009652886539697647
        ],
        [
            0.1411372721195221,
            0.06422685086727142,
            0.10537000745534897
        ],
        [
            0.1363879144191742,
            0.062105100601911545,
            0.10588150471448898
        ],
        [
            0.13895955681800842,
            0.05826186016201973,
            0.10422707349061966
        ],
        [
            0.1438726782798767,
            0.0598062202334404,
            0.10255308449268341
        ],
        [
            0.11575765907764435,
            0.02719368413090706,
            0.07132579386234283
        ],
        [
            0.11396616697311401,
            0.0301499180495739,
            0.06309133023023605
        ],
        [
            0.12664161622524261,
            0.035350147634744644,
            0.08111857622861862
        ],
        [
            0.12280131876468658,
            0.03384031355381012,
            0.07330238074064255
        ],
        [
            0.12285705655813217,
            0.02821708843111992,
            0.0774305909872055
        ],
        [
            0.12723739445209503,
            0.029815513640642166,
            0.0833827406167984
        ],
        [
            0.12111067026853561,
            0.04494910687208176,
            0.05229571834206581
        ],
        [
            0.11450495570898056,
            0.03829890489578247,
            0.04521922394633293
        ],
        [
            0.1155180111527443,
            0.035320527851581573,
            0.05107545852661133
        ],
        [
            0.12198970466852188,
            0.0417853407561779,
            0.060334526002407074
        ],
        [
            0.11121495068073273,
            0.04742027446627617,
            0.03481561690568924
        ],
        [
            0.11840585619211197,
            0.05305276811122894,
            0.042445242404937744
        ],
        [
            0.1156734973192215,
            0.05757463723421097,
            0.03569066524505615
        ],
        [
            0.11021500080823898,
            0.053168319165706635,
            0.03183063119649887
        ],
        [
            0.13114890456199646,
            0.05970679223537445,
            0.05740005150437355
        ],
        [
            0.1354154795408249,
            0.06254877150058746,
            0.06134455278515816
        ],
        [
            0.13485576212406158,
            0.06692184507846832,
            0.05963853746652603
        ],
        [
            0.13057194650173187,
            0.061866723001003265,
            0.05450735241174698
        ],
        [
            0.09708419442176819,
            0.0170728899538517,
            -0.02573593705892563
        ],
        [
            0.0884290486574173,
            0.017884675413370132,
            -0.021047301590442657
        ],
        [
            0.1306772530078888,
            0.05665034055709839,
            0.011919010430574417
        ],
        [
            0.1209309846162796,
            0.06016106158494949,
            0.007675629109144211
        ],
        [
            0.12622420489788055,
            0.06949904561042786,
            0.013377223163843155
        ],
        [
            0.13595077395439148,
            0.06350445002317429,
            0.016401425004005432
        ],
        [
            0.11339659988880157,
            0.017053749412298203,
            -0.013199150562286377
        ],
        [
            0.10939079523086548,
            0.015124507248401642,
            -0.019709017127752304
        ],
        [
            0.14465291798114777,
            0.06776699423789978,
            0.10148028284311295
        ],
        [
            0.14688290655612946,
            0.06317886710166931,
            0.09837215393781662
        ],
        [
            0.08715526759624481,
            -0.008494939655065536,
            0.05357135087251663
        ],
        [
            0.08703497797250748,
            0.006314635276794434,
            0.0694824829697609
        ],
        [
            0.08910804986953735,
            -0.016865141689777374,
            0.038919735699892044
        ],
        [
            0.09163597226142883,
            -0.020777154713869095,
            0.02754850685596466
        ],
        [
            0.0912809818983078,
            -0.024805273860692978,
            0.018812961876392365
        ],
        [
            0.12494295090436935,
            0.0396883524954319,
            0.07149416953325272
        ],
        [
            0.11270231008529663,
            0.030988551676273346,
            0.053993940353393555
        ],
        [
            0.10653597116470337,
            0.03347129747271538,
            0.036967553198337555
        ],
        [
            0.1004793792963028,
            0.05685890465974808,
            0.01771736890077591
        ],
        [
            0.09402866661548615,
            0.05071050673723221,
            0.011965639889240265
        ],
        [
            0.09608398377895355,
            0.046686410903930664,
            0.021615751087665558
        ],
        [
            0.10188382863998413,
            0.05266587808728218,
            0.02440725639462471
        ],
        [
            0.1123872622847557,
            0.0646769255399704,
            0.010210856795310974
        ],
        [
            0.10843668133020401,
            0.06520184874534607,
            0.01708414778113365
        ],
        [
            0.11354134976863861,
            0.07035758346319199,
            0.021753260865807533
        ],
        [
            0.11764879524707794,
            0.07127508521080017,
            0.015585001558065414
        ],
        [
            0.10340934991836548,
            0.017960067838430405,
            0.08013907074928284
        ],
        [
            0.10620585083961487,
            0.005061164498329163,
            0.07158436626195908
        ],
        [
            0.08792789280414581,
            0.029922857880592346,
            -0.009288780391216278
        ],
        [
            0.0845034196972847,
            0.023301824927330017,
            -0.01167508214712143
        ],
        [
            0.08225544542074203,
            0.016573581844568253,
            -0.016458660364151
        ],
        [
            0.08959396928548813,
            0.023483484983444214,
            0.02457854151725769
        ],
        [
            0.08063662797212601,
            0.015410959720611572,
            0.017110593616962433
        ],
        [
            0.08066337555646896,
            0.012832600623369217,
            0.020746033638715744
        ],
        [
            0.09111319482326508,
            0.02071727067232132,
            0.026540905237197876
        ],
        [
            0.09253717213869095,
            0.020195096731185913,
            0.03956139460206032
        ],
        [
            0.08122189342975616,
            0.014972586184740067,
            0.03517136722803116
        ],
        [
            0.09261497110128403,
            0.02689952962100506,
            0.04823587089776993
        ],
        [
            0.0777556374669075,
            0.0016876719892024994,
            0.012783542275428772
        ],
        [
            0.07443731278181076,
            0.0014212429523468018,
            0.002129584550857544
        ],
        [
            0.07514726370573044,
            -0.0057014524936676025,
            0.007534585893154144
        ],
        [
            0.07555364817380905,
            0.008113633841276169,
            -0.005016990005970001
        ],
        [
            0.07802777737379074,
            0.013701505959033966,
            -0.011562660336494446
        ],
        [
            0.10751719772815704,
            0.011240765452384949,
            -0.02710524946451187
        ],
        [
            0.0773739367723465,
            -0.011974748224020004,
            0.012571215629577637
        ],
        [
            0.08540239930152893,
            0.03295625001192093,
            0.06675533950328827
        ],
        [
            0.08734488487243652,
            0.03566086292266846,
            0.0744800865650177
        ],
        [
            0.09405124187469482,
            0.03777967393398285,
            0.07152819633483887
        ],
        [
            0.09304282814264297,
            0.035340309143066406,
            0.06477721035480499
        ],
        [
            0.1392478197813034,
            0.025271283462643623,
            0.08520182222127914
        ],
        [
            0.13170300424098969,
            0.027132414281368256,
            0.0859372690320015
        ],
        [
            0.12581577897071838,
            0.022872935980558395,
            0.08022784441709518
        ],
        [
            0.08523111045360565,
            0.033426206558942795,
            0.0159459188580513
        ],
        [
            0.08591870218515396,
            0.038730233907699585,
            0.004468582570552826
        ],
        [
            0.12889178097248077,
            0.041015855967998505,
            0.07882945239543915
        ],
        [
            0.14630724489688873,
            0.05589309707283974,
            0.10038169473409653
        ],
        [
            0.14093941450119019,
            0.05387222021818161,
            0.10246913135051727
        ],
        [
            0.14133507013320923,
            0.03810484707355499,
            0.09430047869682312
        ],
        [
            0.14759522676467896,
            0.04042798653244972,
            0.09213850647211075
        ],
        [
            0.13686278462409973,
            0.04793412610888481,
            0.07835546135902405
        ],
        [
            0.13098636269569397,
            0.044027283787727356,
            0.0799378752708435
        ],
        [
            0.13231463730335236,
            0.04607662558555603,
            0.0798410177230835
        ],
        [
            0.1362621784210205,
            0.0509212426841259,
            0.07742060720920563
        ],
        [
            0.13160842657089233,
            0.0692882165312767,
            0.051318515092134476
        ],
        [
            0.1277015209197998,
            0.06525054574012756,
            0.04727484658360481
        ],
        [
            0.15143029391765594,
            0.03781714662909508,
            0.06569573283195496
        ],
        [
            0.15247496962547302,
            0.02655007317662239,
            0.07301715016365051
        ],
        [
            0.14536435902118683,
            0.01944984868168831,
            0.06522393971681595
        ],
        [
            0.11948028951883316,
            0.04888184368610382,
            0.04611267149448395
        ],
        [
            0.12534458935260773,
            0.05537756159901619,
            0.05191820487380028
        ],
        [
            0.12478365004062653,
            0.057855263352394104,
            0.04865986853837967
        ],
        [
            0.12759824097156525,
            0.0437176451086998,
            0.07117924839258194
        ],
        [
            0.13176581263542175,
            0.045700326561927795,
            0.07600941509008408
        ],
        [
            0.1316772997379303,
            0.04793236032128334,
            0.07177924364805222
        ],
        [
            0.1272190511226654,
            0.04622778668999672,
            0.06624959409236908
        ],
        [
            0.115435391664505,
            0.050844330340623856,
            0.0003852732479572296
        ],
        [
            0.1055171936750412,
            0.05642642825841904,
            0.0031796060502529144
        ],
        [
            0.13235490024089813,
            0.06089264526963234,
            0.10375121235847473
        ],
        [
            0.13385999202728271,
            0.05752965807914734,
            0.10251857340335846
        ],
        [
            0.11299966275691986,
            0.04226014390587807,
            0.03931953012943268
        ],
        [
            0.13614065945148468,
            0.012195916846394539,
            0.05592422932386398
        ],
        [
            0.10532821714878082,
            0.03685123473405838,
            0.03276534751057625
        ],
        [
            0.1432124823331833,
            0.0653524324297905,
            0.03481294959783554
        ],
        [
            0.13696658611297607,
            0.07189399749040604,
            0.03600011765956879
        ],
        [
            0.13866807520389557,
            0.07384868711233139,
            0.040024284273386
        ],
        [
            0.14450019598007202,
            0.07145731151103973,
            0.04012051597237587
        ],
        [
            0.13729844987392426,
            0.0633208230137825,
            0.08384695649147034
        ],
        [
            0.13238273561000824,
            0.06182405352592468,
            0.08677466213703156
        ],
        [
            0.13177427649497986,
            0.06445278227329254,
            0.08821658790111542
        ],
        [
            0.1367541402578354,
            0.06696955114603043,
            0.08603543043136597
        ],
        [
            0.12894998490810394,
            0.03972405940294266,
            0.08341934531927109
        ],
        [
            0.12957511842250824,
            0.034687940031290054,
            0.0872563049197197
        ],
        [
            0.1305110901594162,
            0.040313150733709335,
            0.08916492015123367
        ],
        [
            0.13064514100551605,
            0.04386575520038605,
            0.08426052331924438
        ],
        [
            0.13450512290000916,
            0.032463476061820984,
            0.08998776227235794
        ],
        [
            0.13510163128376007,
            0.037927936762571335,
            0.09289693087339401
        ],
        [
            0.1437356024980545,
            0.06362591683864594,
            0.08453136682510376
        ],
        [
            0.1488560289144516,
            0.0618194118142128,
            0.08980599045753479
        ],
        [
            0.15011784434318542,
            0.04877602681517601,
            0.08090924471616745
        ],
        [
            0.14369764924049377,
            0.05275316163897514,
            0.07816329598426819
        ],
        [
            0.1272585541009903,
            0.023988183587789536,
            0.008784249424934387
        ],
        [
            0.12301559746265411,
            0.03125743940472603,
            0.0013720504939556122
        ],
        [
            0.12905253469944,
            0.04180297255516052,
            0.010347064584493637
        ],
        [
            0.13577920198440552,
            0.0521697998046875,
            0.018365658819675446
        ],
        [
            0.14124424755573273,
            0.0615072101354599,
            0.02723047137260437
        ],
        [
            0.14836911857128143,
            0.05381390452384949,
            0.03435753285884857
        ],
        [
            0.12472358345985413,
            0.04597099870443344,
            0.004722513258457184
        ],
        [
            0.1448446363210678,
            0.047453705221414566,
            0.07460950314998627
        ],
        [
            0.1503346562385559,
            0.04040541872382164,
            0.07483048737049103
        ],
        [
            0.14962825179100037,
            0.04402918741106987,
            0.07134631276130676
        ],
        [
            0.10285903513431549,
            0.04241982847452164,
            0.02838296815752983
        ],
        [
            0.13565826416015625,
            0.053470905870199203,
            0.10153936594724655
        ],
        [
            0.11161878705024719,
            -0.017426125705242157,
            0.013174980878829956
        ],
        [
            0.11639660596847534,
            -0.009435489773750305,
            0.002883635461330414
        ],
        [
            0.11922210454940796,
            -0.0057840123772621155,
            0.010447129607200623
        ],
        [
            0.11299547553062439,
            -0.014305289834737778,
            0.022673070430755615
        ],
        [
            0.1298515349626541,
            0.05840889364480972,
            0.09242691844701767
        ],
        [
            0.1307506263256073,
            0.054988566786050797,
            0.09780266880989075
        ],
        [
            0.12713593244552612,
            0.07027822732925415,
            0.04281618073582649
        ],
        [
            0.13118568062782288,
            0.07264591008424759,
            0.04646589234471321
        ],
        [
            0.13322573900222778,
            0.07511362433433533,
            0.04332829266786575
        ],
        [
            0.12803511321544647,
            0.07588480412960052,
            0.039941295981407166
        ],
        [
            0.11949361860752106,
            0.034028369933366776,
            -0.002633552998304367
        ],
        [
            0.1276288628578186,
            0.07539695501327515,
            0.016944177448749542
        ],
        [
            0.1371360421180725,
            0.07045008987188339,
            0.019840432330965996
        ],
        [
            0.1178370788693428,
            0.021762412041425705,
            -0.006150878965854645
        ],
        [
            0.1220151036977768,
            0.01520351693034172,
            -0.0001069977879524231
        ],
        [
            0.11815489083528519,
            0.009311024099588394,
            -0.006917580962181091
        ],
        [
            0.1516399383544922,
            0.05135340243577957,
            0.049383487552404404
        ],
        [
            0.1304573267698288,
            0.020124122500419617,
            0.015971340239048004
        ],
        [
            0.12408165633678436,
            0.011276517063379288,
            0.006236858665943146
        ],
        [
            0.11956576257944107,
            0.004047773778438568,
            -0.0016117990016937256
        ],
        [
            0.11685078591108322,
            -0.0007445402443408966,
            -0.007937319576740265
        ],
        [
            0.11544949561357498,
            0.005549520254135132,
            -0.013053998351097107
        ],
        [
            0.14873775839805603,
            0.05905505269765854,
            0.09540190547704697
        ],
        [
            0.14725366234779358,
            0.06708893179893494,
            0.09242936223745346
        ],
        [
            0.11376170814037323,
            0.0011163800954818726,
            -0.020869560539722443
        ],
        [
            0.11480405926704407,
            -0.005675815045833588,
            -0.014512896537780762
        ],
        [
            0.12524332106113434,
            0.0060149990022182465,
            0.013844512403011322
        ],
        [
            0.1249341070652008,
            -0.0002519078552722931,
            0.02400711178779602
        ],
        [
            0.1311529278755188,
            0.014863956719636917,
            0.02305716648697853
        ],
        [
            0.1317140758037567,
            0.009417112916707993,
            0.03352485969662666
        ],
        [
            0.15592223405838013,
            0.041862279176712036,
            0.053377073258161545
        ],
        [
            0.13647502660751343,
            0.08193918317556381,
            0.09706950932741165
        ],
        [
            0.14143627882003784,
            0.07359777390956879,
            0.09110105037689209
        ],
        [
            0.13627725839614868,
            0.07176569104194641,
            0.08889792114496231
        ],
        [
            0.13338766992092133,
            0.08133967220783234,
            0.09415033459663391
        ],
        [
            0.14246201515197754,
            0.06809656322002411,
            0.08726517111063004
        ],
        [
            0.14483827352523804,
            0.07173854112625122,
            0.09552688896656036
        ],
        [
            0.1271401345729828,
            0.002905137836933136,
            0.04686905816197395
        ],
        [
            0.1362065225839615,
            0.050390180200338364,
            0.07586745172739029
        ],
        [
            0.11620968580245972,
            -0.008025392889976501,
            0.03948868066072464
        ],
        [
            0.12207092344760895,
            0.0021688416600227356,
            0.0633920431137085
        ],
        [
            0.11158706247806549,
            -0.004520587623119354,
            0.05882338434457779
        ],
        [
            0.10320374369621277,
            -0.019027356058359146,
            0.03309794142842293
        ],
        [
            0.10054722428321838,
            -0.013407349586486816,
            0.05054634064435959
        ],
        [
            0.10151737183332443,
            -0.0249917134642601,
            0.01410491019487381
        ],
        [
            0.10365742444992065,
            -0.021324466913938522,
            0.02248319238424301
        ],
        [
            0.09745833277702332,
            -0.0030241869390010834,
            0.065025195479393
        ],
        [
            0.12530724704265594,
            0.07066917419433594,
            0.10084336251020432
        ],
        [
            0.12603290379047394,
            0.07361525297164917,
            0.0957394689321518
        ],
        [
