{
    "pred_cam": [
        6.011265277862549,
        0.1655542403459549,
        -0.018414326012134552
    ],
    "pred_mano_params": {
        "global_orient": [
            [
                [
                    -0.6303415894508362,
                    -0.6826167702674866,
                    -0.36973488330841064
                ],
                [
                    -0.5278995633125305,
                    0.7261019945144653,
                    -0.4405654966831207
                ],
                [
                    0.5692026615142822,
                    -0.08252384513616562,
                    -0.8180453777313232
                ]
            ]
        ],
        "hand_pose": [
            [
                [
                    0.5185093879699707,
                    -0.7460017204284668,
                    -0.41788679361343384
                ],
                [
                    0.738456666469574,
                    0.637058675289154,
                    -0.22099319100379944
                ],
                [
                    0.4310797154903412,
                    -0.19400425255298615,
                    0.8812108635902405
                ]
            ],
            [
                [
                    0.9588463306427002,
                    -0.22501574456691742,
                    0.1731519103050232
                ],
                [
                    0.2621617019176483,
                    0.9358152151107788,
                    -0.2356291264295578
                ],
                [
                    -0.10901793092489243,
                    0.271325945854187,
                    0.956293523311615
                ]
            ],
            [
                [
                    0.8654190897941589,
                    -0.4998229444026947,
                    0.035025663673877716
                ],
                [
                    0.49858328700065613,
                    0.852128267288208,
                    -0.15903471410274506
                ],
                [
                    0.049642838537693024,
                    0.1550949066877365,
                    0.9866514205932617
                ]
            ],
            [
                [
                    0.390732079744339,
                    -0.8920280337333679,
                    -0.2271883487701416
                ],
                [
                    0.918023943901062,
                    0.3957309126853943,
                    0.025081731379032135
                ],
                [
                    0.06753186136484146,
                    -0.21836456656455994,
                    0.9735278487205505
                ]
            ],
            [
                [
                    0.9873508810997009,
                    -0.14510391652584076,
                    -0.0638989582657814
                ],
                [
                    0.15640175342559814,
                    0.9574939608573914,
                    0.242371067404747
                ],
                [
                    0.026013871654868126,
                    -0.24929919838905334,
                    0.9680770039558411
                ]
            ],
            [
                [
                    0.9289469718933105,
                    -0.3701583445072174,
                    -0.006351128686219454
                ],
                [
                    0.37021178007125854,
                    0.9287666082382202,
                    0.018327992409467697
                ],
                [
                    -0.000885543180629611,
                    -0.01937699504196644,
                    0.9998118877410889
                ]
            ],
            [
                [
                    0.4780316948890686,
                    -0.6008431911468506,
                    0.6406817436218262
                ],
                [
                    0.5188325047492981,
                    0.7817263603210449,
                    0.3460010290145874
                ],
                [
                    -0.708730161190033,
                    0.16700704395771027,
                    0.6854269504547119
                ]
            ],
            [
                [
                    0.9206230044364929,
                    -0.24105870723724365,
                    -0.3071547746658325
                ],
                [
                    0.3215305507183075,
                    0.9143555164337158,
                    0.24611377716064453
                ],
                [
                    0.22152084112167358,
                    -0.32533761858940125,
                    0.919284462928772
                ]
            ],
            [
                [
                    0.8572323322296143,
                    -0.5039364099502563,
                    0.1058352142572403
                ],
                [
                    0.45695677399635315,
                    0.8392245173454285,
                    0.29477572441101074
                ],
                [
                    -0.2373676747083664,
                    -0.20432908833026886,
                    0.9496875405311584
                ]
            ],
            [
                [
                    0.5700733661651611,
                    -0.7860316038131714,
                    0.23910397291183472
                ],
                [
                    0.8086798191070557,
                    0.5882218480110168,
                    0.005663141142576933
                ],
                [
                    -0.14509756863117218,
                    0.19013014435768127,
                    0.9709774851799011
                ]
            ],
            [
                [
                    0.9727950692176819,
                    -0.21541881561279297,
                    -0.08523127436637878
                ],
                [
                    0.231449156999588,
                    0.8877628445625305,
                    0.39787983894348145
                ],
                [
                    -0.010045645758509636,
                    -0.406782329082489,
                    0.9134697914123535
                ]
            ],
            [
                [
                    0.8397998809814453,
                    -0.5382515788078308,
                    -0.07086191326379776
                ],
                [
                    0.5394090414047241,
                    0.8124973773956299,
                    0.22110165655612946
                ],
                [
                    -0.06143319234251976,
                    -0.22390469908714294,
                    0.9726729989051819
                ]
            ],
            [
                [
                    0.8210943341255188,
                    -0.13119880855083466,
                    -0.555509626865387
                ],
                [
                    -0.42431139945983887,
                    0.5106707215309143,
                    -0.7477802634239197
                ],
                [
                    0.3817903399467468,
                    0.8497072458267212,
                    0.3636396825313568
                ]
            ],
            [
                [
                    0.895481288433075,
                    -0.4252282977104187,
                    -0.13150720298290253
                ],
                [
                    0.42659783363342285,
                    0.7356446385383606,
                    0.5261569619178772
                ],
                [
                    -0.1269942671060562,
                    -0.527264416217804,
                    0.8401575088500977
                ]
            ],
            [
                [
                    0.9445765614509583,
                    0.20686709880828857,
                    0.25491392612457275
                ],
                [
                    -0.14314429461956024,
                    0.9583143591880798,
                    -0.24727153778076172
                ],
                [
                    -0.29544004797935486,
                    0.1970774233341217,
                    0.9348131418228149
                ]
            ]
        ],
        "betas": [
            0.015144392848014832,
            0.01480969786643982,
            -0.02552652359008789,
            0.020463556051254272,
            0.05015024542808533,
            0.04805523529648781,
            0.02586117386817932,
            0.04094250500202179,
            -0.03363238275051117,
            -0.008515596389770508
        ]
    },
    "pred_cam_t": [
        -0.1655542403459549,
        -0.018414326012134552,
        6.498216152191162
    ],
    "focal_length": [
        5000.0,
        5000.0
    ],
    "pred_keypoints_3d": [
        [
            0.09565594792366028,
            0.006385830231010914,
            0.006174931302666664
        ],
        [
            0.1118665486574173,
            -0.003473116084933281,
            -0.02740013413131237
        ],
        [
            0.13579314947128296,
            0.004755525849759579,
            -0.044921375811100006
        ],
        [
            0.15935416519641876,
            0.014772679656744003,
            -0.05375172197818756
        ],
        [
            0.18600238859653473,
            0.02000916749238968,
            -0.0780608206987381
        ],
        [
            0.1471182405948639,
            0.04000991955399513,
            -0.06047949939966202
        ],
        [
            0.18010690808296204,
            0.04068688675761223,
            -0.059950873255729675
        ],
        [
            0.20028677582740784,
            0.031939372420310974,
            -0.05705338716506958
        ],
        [
            0.21733488142490387,
            0.01571798324584961,
            -0.04744907468557358
        ],
        [
            0.15757708251476288,
            0.05674254894256592,
            -0.044844724237918854
        ],
        [
            0.18754902482032776,
            0.04653901606798172,
            -0.043143533170223236
        ],
        [
            0.20626293122768402,
            0.03329242765903473,
            -0.03927438706159592
        ],
        [
            0.22382593154907227,
            0.014899976551532745,
            -0.034699857234954834
        ],
        [
            0.15971392393112183,
            0.0583840049803257,
            -0.018246902152895927
        ],
        [
            0.18665707111358643,
            0.052843187004327774,
            -0.026869269087910652
        ],
        [
            0.20825770497322083,
            0.04096158593893051,
            -0.02459908090531826
        ],
        [
            0.22375144064426422,
            0.021668393164873123,
            -0.01905176043510437
        ],
        [
            0.16172951459884644,
            0.05449061468243599,
            0.0031247343868017197
        ],
        [
            0.17955416440963745,
            0.051988523453474045,
            -0.007836722768843174
        ],
        [
            0.19718661904335022,
            0.04534232243895531,
            -0.009565142914652824
        ],
        [
            0.20907098054885864,
            0.03137766569852829,
            -0.008629024028778076
        ]
    ],
    "pred_vertices": [
        [
            0.13133518397808075,
            0.014042485505342484,
            -0.03238704428076744
        ],
        [
            0.12486159056425095,
            0.007811542600393295,
            -0.024213064461946487
        ],
        [
            0.1304730325937271,
            0.00920458510518074,
            -0.03015378676354885
        ],
        [
            0.13447782397270203,
            0.013381347060203552,
            -0.03937780112028122
        ],
        [
            0.1301543414592743,
            -0.00848802924156189,
            -0.021993566304445267
        ],
        [
            0.12549586594104767,
            -0.017828717827796936,
            -0.028025750070810318
        ],
        [
            0.13813261687755585,
            -0.009893089532852173,
            -0.037740372121334076
        ],
        [
            0.14057160913944244,
            -0.0035973601043224335,
            -0.029819246381521225
        ],
        [
            0.13657888770103455,
            0.015361031517386436,
            -0.044871844351291656
        ],
        [
            0.13597245514392853,
            0.010537702590227127,
            -0.03533001244068146
        ],
        [
            0.1351974904537201,
            0.018580051138997078,
            -0.04641953483223915
        ],
        [
            0.13143402338027954,
            0.025352008640766144,
            -0.05769368261098862
        ],
        [
            0.1363358348608017,
            0.021110182628035545,
            -0.05411827191710472
        ],
        [
            0.1332930624485016,
            0.03130675107240677,
            -0.06322436034679413
        ],
        [
            0.1210971549153328,
            0.027504712343215942,
            -0.05671897903084755
        ],
        [
            0.128506138920784,
            0.039325110614299774,
            -0.062170594930648804
        ],
        [
            0.11508351564407349,
            0.04179288074374199,
            -0.036397770047187805
        ],
        [
            0.11727701127529144,
            0.046138860285282135,
            -0.023740442469716072
        ],
        [
            0.12941361963748932,
            0.056602537631988525,
            -0.03201175481081009
        ],
        [
            0.12670139968395233,
            0.0504332073032856,
            -0.044039107859134674
        ],
        [
            0.13158299028873444,
            0.05543418601155281,
            -0.010944494977593422
        ],
        [
            0.13094009459018707,
            0.05651429295539856,
            -0.022863751277327538
        ],
        [
            0.11807528138160706,
            0.04737861081957817,
            -0.01479785330593586
        ],
        [
            0.11941572278738022,
            0.04677588865160942,
            -0.004605632275342941
        ],
        [
            0.13009385764598846,
            0.01656312495470047,
            -0.0182085819542408
        ],
        [
            0.12364067882299423,
            0.009930659085512161,
            -0.01138278841972351
        ],
        [
            0.12234996259212494,
            0.009030353277921677,
            -0.01649889349937439
        ],
        [
            0.12933342158794403,
            0.015257734805345535,
            -0.023255465552210808
        ],
        [
            0.13671322166919708,
            0.01685849018394947,
            -0.050279196351766586
        ],
        [
            0.12318305671215057,
            0.014634471386671066,
            -0.05305290222167969
        ],
        [
            0.12851575016975403,
            0.019070083275437355,
            -0.050858110189437866
        ],
        [
            0.1403924822807312,
            0.017318466678261757,
            -0.04600495845079422
        ],
        [
            0.11618989706039429,
            -0.005399540066719055,
            0.011357676237821579
        ],
        [
            0.1037563681602478,
            -0.008319318294525146,
            0.015740130096673965
        ],
        [
            0.10166775435209274,
            -0.010220229625701904,
            0.010506242513656616
        ],
        [
            0.11311746388673782,
            -0.006967023015022278,
            0.00751722976565361
        ],
        [
            0.1058158129453659,
            -0.020175617188215256,
            -0.011154349893331528
        ],
        [
            0.09555558860301971,
            -0.01758331060409546,
            -0.005418363958597183
        ],
        [
            0.08361846208572388,
            -0.017353884875774384,
            -0.011360693722963333
        ],
        [
            0.09223286807537079,
            -0.017775140702724457,
            -0.01949581876397133
        ],
        [
            0.11630263179540634,
            -0.02056591957807541,
            -0.019684333354234695
        ],
        [
            0.1051902323961258,
            -0.02112942934036255,
            -0.02750276029109955
        ],
        [
            0.1180519312620163,
            -0.018907032907009125,
            -0.0365309864282608
        ],
        [
            0.13338389992713928,
            -0.010494634509086609,
            -0.04560461640357971
        ],
        [
            0.10616177320480347,
            -0.0021668151021003723,
            0.02670108526945114
        ],
        [
            0.11594998836517334,
            0.0004257671535015106,
            0.025218479335308075
        ],
        [
            0.18190407752990723,
            0.029003173112869263,
            -0.060795631259679794
        ],
        [
            0.1829225867986679,
            0.030033748596906662,
            -0.05510193109512329
        ],
        [
            0.17774555087089539,
            0.02989855222404003,
            -0.05562301725149155
        ],
        [
            0.17790575325489044,
            0.02935192547738552,
            -0.06144353747367859
        ],
        [
            0.10535682737827301,
            0.01729504019021988,
            0.032014355063438416
        ],
        [
            0.0991390272974968,
            0.024852827191352844,
            0.02960623987019062
        ],
        [
            0.09537281841039658,
            0.020348861813545227,
            0.03394041210412979
        ],
        [
            0.10029769688844681,
            0.012367047369480133,
            0.034754879772663116
        ],
        [
            0.11204876750707626,
            0.02373092994093895,
            0.028325947001576424
        ],
        [
            0.10461871325969696,
            0.03050101175904274,
            0.023200124502182007
        ],
        [
            0.185499906539917,
            0.03913833200931549,
            -0.06769450753927231
        ],
        [
            0.1841863989830017,
            0.034163326025009155,
            -0.06771225482225418
        ],
        [
            0.17955231666564941,
            0.03637096658349037,
            -0.0685308501124382
        ],
        [
            0.17999856173992157,
            0.04137728363275528,
            -0.06743713468313217
        ],
        [
            0.13832764327526093,
            0.018309548497200012,
            -0.048012226819992065
        ],
        [
            0.13805803656578064,
            0.01859442889690399,
            -0.03929813206195831
        ],
        [
            0.14781226217746735,
            0.027843903750181198,
            -0.057023242115974426
        ],
        [
            0.14455245435237885,
            0.025765476748347282,
            -0.049624551087617874
        ],
        [
            0.1411665976047516,
            0.023745205253362656,
            -0.05532388389110565
        ],
        [
            0.14423321187496185,
            0.02668224647641182,
            -0.06113137677311897
        ],
        [
            0.14550863206386566,
            0.031262487173080444,
            -0.026643428951501846
        ],
        [
            0.1377367526292801,
            0.024650948122143745,
            -0.021098671481013298
        ],
        [
            0.13746097683906555,
            0.023632898926734924,
            -0.027557142078876495
        ],
        [
            0.14610865712165833,
            0.02962789125740528,
            -0.035092346370220184
        ],
        [
            0.14166221022605896,
            0.026160724461078644,
            -0.007555659860372543
        ],
        [
            0.1486811339855194,
            0.03291715309023857,
            -0.014136265963315964
        ],
        [
            0.1500561684370041,
            0.03308749198913574,
            -0.005630789324641228
        ],
        [
            0.1454860270023346,
            0.027481485158205032,
            -0.002407446503639221
        ],
        [
            0.15822391211986542,
            0.04379492998123169,
            -0.02815706841647625
        ],
        [
            0.1605914831161499,
            0.04683098569512367,
            -0.03143088519573212
        ],
        [
            0.16353440284729004,
            0.04653124511241913,
            -0.027774762362241745
        ],
        [
            0.15899962186813354,
            0.043945834040641785,
            -0.024228669703006744
        ],
        [
            0.09075825661420822,
            0.016490936279296875,
            0.03775391727685928
        ],
        [
            0.09496545791625977,
            0.007681969553232193,
            0.036545831710100174
        ],
        [
            0.13673095405101776,
            0.05285504460334778,
            0.010189972817897797
        ],
        [
            0.13936665654182434,
            0.04570646584033966,
            0.018531491979956627
        ],
        [
            0.1499689221382141,
            0.05407427251338959,
            0.014861389994621277
        ],
        [
            0.14404696226119995,
            0.060076721012592316,
            0.006734881550073624
        ],
        [
            0.09361663460731506,
            0.029260415583848953,
            0.021989822387695312
        ],
        [
            0.08969154208898544,
            0.026271261274814606,
            0.02811347506940365
        ],
        [
            0.18695864081382751,
            0.04371258616447449,
            -0.06385879963636398
        ],
        [
            0.18084323406219482,
            0.04517523944377899,
            -0.06295870244503021
        ],
        [
            0.10629503428936005,
            -0.012983076274394989,
            -0.041380494832992554
        ],
        [
            0.12630310654640198,
            -0.006920497864484787,
            -0.05127739533782005
        ],
        [
            0.09201016277074814,
            -0.012672174721956253,
            -0.030455168336629868
        ],
        [
            0.0827639028429985,
            -0.009680595248937607,
            -0.02180616557598114
        ],
        [
            0.07499060034751892,
            -0.009464472532272339,
            -0.01527908444404602
        ],
        [
            0.14836829900741577,
            0.02966468594968319,
            -0.04653289169073105
        ],
        [
            0.13522079586982727,
            0.01928427629172802,
            -0.03076951764523983
        ],
        [
            0.13118106126785278,
            0.017468661069869995,
            -0.013381775468587875
        ],
        [
            0.14410720765590668,
            0.02241501584649086,
            0.014258051291108131
        ],
        [
            0.13730494678020477,
            0.015754815191030502,
            0.0187842957675457
        ],
        [
            0.13767701387405396,
            0.014520447701215744,
            0.008128497749567032
        ],
        [
            0.1431535929441452,
            0.02108820155262947,
            0.006334049627184868
        ],
        [
            0.14575397968292236,
            0.03837181627750397,
            0.02056637406349182
        ],
        [
            0.14979895949363708,
            0.03301307186484337,
            0.015868350863456726
        ],
        [
            0.15563364326953888,
            0.03946356475353241,
            0.012655962258577347
        ],
        [
            0.15349751710891724,
            0.04591049253940582,
            0.016827940940856934
        ],
        [
            0.13523976504802704,
            0.012908972799777985,
            -0.056187745183706284
        ],
        [
            0.11963553726673126,
            0.00903862714767456,
            -0.05504399165511131
        ],
        [
            0.11078714579343796,
            0.008267462253570557,
            0.03099057637155056
        ],
        [
            0.10448168218135834,
            0.003692023456096649,
            0.03156799077987671
        ],
        [
            0.09687367081642151,
            0.0006378777325153351,
            0.03388065844774246
        ],
        [
            0.11970043182373047,
            0.0007125400006771088,
            -0.001117989420890808
        ],
        [
            0.11108246445655823,
            -0.008367069065570831,
            0.004786591976881027
        ],
        [
            0.11067437380552292,
            -0.010428112000226974,
            0.0005091764032840729
        ],
        [
            0.11782751977443695,
            0.00031008943915367126,
            -0.004112426191568375
        ],
        [
            0.12237229943275452,
            -0.0005071461200714111,
            -0.016281194984912872
        ],
        [
            0.1195276752114296,
            -0.012477446347475052,
            -0.012728068977594376
        ],
        [
            0.13115525245666504,
            0.0031782276928424835,
            -0.02210542932152748
        ],
        [
            0.09778961539268494,
            -0.013864558190107346,
            0.004085466265678406
        ],
        [
            0.09316770732402802,
            -0.01454559713602066,
            0.01430775597691536
        ],
        [
            0.08926644176244736,
            -0.017001084983348846,
            0.006683707237243652
        ],
        [
            0.09566862881183624,
            -0.01023329421877861,
            0.022729307413101196
        ],
        [
            0.0972302109003067,
            -0.005087573081254959,
            0.02980821207165718
        ],
        [
            0.08331210911273956,
            0.024912290275096893,
            0.03365621715784073
        ],
        [
            0.08566085994243622,
            -0.01762935146689415,
            -0.0007644146680831909
        ],
        [
            0.14665746688842773,
            -0.00013774633407592773,
            -0.03648440167307854
        ],
        [
            0.15220189094543457,
            0.0030741989612579346,
            -0.04200858250260353
        ],
        [
            0.15021666884422302,
            0.00945180281996727,
            -0.03867470100522041
        ],
        [
            0.14459961652755737,
            0.007257100194692612,
            -0.03366892412304878
        ],
        [
            0.13979431986808777,
            0.03675048053264618,
            -0.06750865280628204
        ],
        [
            0.14243321120738983,
            0.029729057103395462,
            -0.0654316321015358
        ],
        [
            0.13675911724567413,
            0.025147153064608574,
            -0.06036648154258728
        ],
        [
            0.12541280686855316,
            0.0017891563475131989,
            0.011200696229934692
        ],
        [
            0.12488777935504913,
            0.006175834685564041,
            0.02302137203514576
        ],
        [
            0.15104997158050537,
            0.03150670602917671,
            -0.05333835631608963
        ],
        [
            0.1750793159008026,
            0.04365934431552887,
            -0.06765163689851761
        ],
        [
            0.17447733879089355,
            0.03792010620236397,
            -0.06904948502779007
        ],
        [
            0.15512391924858093,
            0.03758887201547623,
            -0.0702270045876503
        ],
        [
            0.15626753866672516,
            0.044425174593925476,
            -0.06897833943367004
        ],
        [
            0.15539458394050598,
            0.03939416632056236,
            -0.05143803358078003
        ],
        [
            0.15295012295246124,
            0.032689355313777924,
            -0.05304936692118645
        ],
        [
            0.1544582098722458,
            0.03380443900823593,
            -0.05206234008073807
        ],
        [
            0.15755033493041992,
            0.038716137409210205,
            -0.0486910380423069
        ],
        [
            0.16383372247219086,
            0.04661981761455536,
            -0.018383225426077843
        ],
        [
            0.15958715975284576,
            0.0438494011759758,
            -0.015386786311864853
        ],
        [
            0.14093603193759918,
            0.05548128858208656,
            -0.05009528249502182
        ],
        [
            0.13444086909294128,
            0.05251559615135193,
            -0.06113283336162567
        ],
        [
            0.12437374144792557,
            0.04559168219566345,
            -0.054746273905038834
        ],
        [
            0.14649231731891632,
            0.03203548491001129,
            -0.0192718505859375
        ],
        [
            0.15357454121112823,
            0.03817208856344223,
            -0.02350008860230446
        ],
        [
            0.15438663959503174,
            0.03888207674026489,
            -0.019428865984082222
        ],
        [
            0.1512421816587448,
            0.03316133841872215,
            -0.04538769647479057
        ],
        [
            0.1536637395620346,
            0.03603220358490944,
            -0.04982837289571762
        ],
        [
            0.15434902906417847,
            0.03797835484147072,
            -0.0453670434653759
        ],
        [
            0.15159404277801514,
            0.03451596200466156,
            -0.04001285880804062
        ],
        [
            0.12886907160282135,
            0.03839661553502083,
            0.022616742178797722
        ],
        [
            0.13662280142307281,
            0.030004356056451797,
            0.025288114324212074
        ],
        [
            0.1826154887676239,
            0.030485086143016815,
            -0.06531861424446106
        ],
        [
            0.17847439646720886,
            0.031863365322351456,
            -0.06620530784130096
        ],
        [
            0.1388597935438156,
            0.025483114644885063,
            -0.013997819274663925
        ],
        [
            0.11517049372196198,
            0.03638694807887077,
            -0.04614761099219322
        ],
        [
            0.13249512016773224,
            0.01812859997153282,
            -0.008086327463388443
        ],
        [
            0.1529759168624878,
            0.06142427772283554,
            -0.010647283867001534
        ],
        [
            0.15897898375988007,
            0.05697498470544815,
            -0.00781515147536993
        ],
        [
            0.16402430832386017,
            0.05685560032725334,
            -0.011037970893085003
        ],
        [
            0.161587655544281,
            0.06130894646048546,
            -0.014232870191335678
        ],
        [
            0.17331068217754364,
            0.039349399507045746,
            -0.0484367311000824
        ],
        [
            0.17329858243465424,
            0.033791638910770416,
            -0.05033447593450546
        ],
        [
            0.1784449964761734,
            0.03331485763192177,
            -0.05038115009665489
        ],
        [
            0.17936426401138306,
            0.03883889317512512,
            -0.04874411225318909
        ],
        [
            0.1510164439678192,
            0.029171206057071686,
            -0.05735278129577637
        ],
        [
            0.14895576238632202,
            0.028074735775589943,
            -0.06295626610517502
        ],
        [
            0.15414538979530334,
            0.028762394562363625,
            -0.06205465644598007
        ],
        [
            0.15474306046962738,
            0.030668873339891434,
            -0.05630619823932648
        ],
        [
            0.14805051684379578,
            0.03144431859254837,
            -0.06741885095834732
        ],
        [
            0.154094859957695,
            0.03194115683436394,
            -0.06747806817293167
        ],
        [
            0.17392116785049438,
            0.045400239527225494,
            -0.05067027360200882
        ],
        [
            0.17471782863140106,
            0.04914072901010513,
            -0.05708208307623863
        ],
        [
            0.1578848958015442,
            0.05085156112909317,
            -0.05657374858856201
        ],
        [
            0.1599280685186386,
            0.045757077634334564,
            -0.05049329623579979
        ],
        [
            0.10714000463485718,
            0.03989101201295853,
            0.0013798251748085022
        ],
        [
            0.11095653474330902,
            0.039370596408843994,
            0.011851634830236435
        ],
        [
            0.12319709360599518,
            0.04642263799905777,
            0.006246382370591164
        ],
        [
            0.1348937302827835,
            0.05477536469697952,
            0.0012199189513921738
        ],
        [
            0.14590975642204285,
            0.06160089373588562,
            -0.004709633067250252
        ],
        [
            0.1415172815322876,
            0.06356410682201385,
            -0.016036495566368103
        ],
        [
            0.12506508827209473,
            0.04471919685602188,
            0.014118457213044167
        ],
        [
            0.15281245112419128,
            0.04792528226971626,
            -0.05108346790075302
        ],
        [
            0.14775162935256958,
            0.05214850977063179,
            -0.055880650877952576
        ],
        [
            0.14889095723628998,
            0.05268684774637222,
            -0.05171070247888565
        ],
        [
            0.13583238422870636,
            0.018271487206220627,
            -0.001405235379934311
        ],
        [
            0.1736622005701065,
            0.03300526738166809,
            -0.06722746044397354
        ],
        [
            0.07527519762516022,
            0.01281021349132061,
            -0.013368576765060425
        ],
        [
            0.07696323096752167,
            0.021540408954024315,
            -0.0028450079262256622
        ],
        [
            0.08303753286600113,
            0.02373819798231125,
            -0.008900914341211319
        ],
        [
            0.0819481834769249,
            0.01314128004014492,
            -0.020857304334640503
        ],
        [
            0.17291149497032166,
            0.029765889048576355,
            -0.055942945182323456
        ],
        [
            0.17305190861225128,
            0.029122626408934593,
            -0.06221757084131241
        ],
        [
            0.1624326854944229,
            0.04549342393875122,
            -0.009515215642750263
        ],
        [
            0.16581788659095764,
            0.04831089824438095,
            -0.013311238959431648
        ],
        [
            0.16695529222488403,
            0.05112849920988083,
            -0.011397511698305607
        ],
        [
            0.16609203815460205,
            0.04834285005927086,
            -0.006342405453324318
        ],
        [
            0.11219954490661621,
            0.037641528993844986,
            0.017454328015446663
        ],
        [
            0.15849952399730682,
            0.0565982460975647,
            0.01055569015443325
        ],
        [
            0.1521518975496292,
            0.062241341918706894,
            0.004085984081029892
        ],
        [
            0.10014868527650833,
            0.03333210572600365,
            0.01632370427250862
        ],
        [
            0.09636896103620529,
            0.03425119072198868,
            0.00734010711312294
        ],
        [
            0.08881541341543198,
            0.030349258333444595,
            0.01219267025589943
        ],
        [
            0.14506657421588898,
            0.06214689835906029,
            -0.03068736009299755
        ],
        [
            0.10638852417469025,
            0.04042956605553627,
            -0.007290054112672806
        ],
        [
            0.09536940604448318,
            0.03388518840074539,
            -0.00027032196521759033
        ],
        [
            0.0863097757101059,
            0.029168924316763878,
            0.005182575434446335
        ],
        [
            0.07975178956985474,
            0.026526454836130142,
            0.009694166481494904
        ],
        [
            0.08323367685079575,
            0.027967169880867004,
            0.016926541924476624
        ],
        [
            0.17528273165225983,
            0.047452617436647415,
            -0.06262670457363129
        ],
        [
            0.18139055371284485,
            0.04748701676726341,
            -0.05675609037280083
        ],
        [
            0.07615169137716293,
            0.02670419216156006,
            0.022573299705982208
        ],
        [
            0.0728238970041275,
            0.024528343230485916,
            0.014178413897752762
        ],
        [
            0.09392627328634262,
            0.03198886290192604,
            -0.009205296635627747
        ],
        [
            0.0927891731262207,
            0.027951393276453018,
            -0.020171519368886948
        ],
        [
            0.104788638651371,
            0.03821350634098053,
            -0.015625521540641785
        ],
        [
            0.10438241064548492,
            0.03518998622894287,
            -0.026843147352337837
        ],
        [
            0.13855792582035065,
            0.06415398418903351,
            -0.03964879363775253
        ],
        [
            0.19915595650672913,
            0.04057011008262634,
            -0.05363307148218155
        ],
        [
            0.18782266974449158,
            0.04407892003655434,
            -0.05228399857878685
        ],
        [
            0.18601125478744507,
            0.03927437216043472,
            -0.049556318670511246
        ],
        [
            0.19754992425441742,
            0.03839997202157974,
            -0.05015429109334946
        ],
        [
            0.18042966723442078,
            0.044266048818826675,
            -0.05090799182653427
        ],
        [
            0.1876886487007141,
            0.04596599563956261,
            -0.057720255106687546
        ],
        [
            0.1045805811882019,
            0.026965612545609474,
            -0.039120130240917206
        ],
        [
            0.15640555322170258,
            0.041077688336372375,
            -0.048776764422655106
        ],
        [
            0.09379693865776062,
            0.015013977885246277,
            -0.033792831003665924
        ],
        [
            0.11095413565635681,
            0.020903782919049263,
            -0.05196243152022362
        ],
        [
            0.1053256243467331,
            0.010138832032680511,
            -0.04832543432712555
        ],
        [
            0.08436502516269684,
            0.0009424127638339996,
            -0.02922966331243515
        ],
        [
            0.09717011451721191,
            -0.0018092617392539978,
            -0.04226817935705185
        ],
        [
            0.07077965140342712,
            0.001113738864660263,
            -0.014095336198806763
        ],
        [
            0.0774892047047615,
            0.0024656541645526886,
            -0.020733248442411423
        ],
        [
            0.11270773410797119,
            -0.0011277832090854645,
            -0.05154913663864136
        ],
