{
    "pred_cam": [
        5.250143051147461,
        0.16704852879047394,
        -0.0280330628156662
    ],
    "pred_mano_params": {
        "global_orient": [
            [
                [
                    -0.8036668300628662,
                    -0.5671600699424744,
                    -0.18013617396354675
                ],
                [
                    -0.47611886262893677,
                    0.7944281697273254,
                    -0.37708717584609985
                ],
                [
                    0.3569740653038025,
                    -0.21728624403476715,
                    -0.9084911346435547
                ]
            ]
        ],
        "hand_pose": [
            [
                [
                    0.762230396270752,
                    -0.5332877039909363,
                    -0.3668912351131439
                ],
                [
                    0.5302862524986267,
                    0.8394912481307983,
                    -0.11853663623332977
                ],
                [
                    0.3712160885334015,
                    -0.10420515388250351,
                    0.9226808547973633
                ]
            ],
            [
                [
                    0.9877588748931885,
                    -0.10418520122766495,
                    0.11609425395727158
                ],
                [
                    0.12185239046812057,
                    0.9800090193748474,
                    -0.15727142989635468
                ],
                [
                    -0.09738805890083313,
                    0.16949260234832764,
                    0.9807078242301941
                ]
            ],
            [
                [
                    0.8509749174118042,
                    -0.5224729180335999,
                    0.05351261794567108
                ],
                [
                    0.5070146918296814,
                    0.7906407117843628,
                    -0.34325408935546875
                ],
                [
                    0.13703173398971558,
                    0.31923234462738037,
                    0.9377169013023376
                ]
            ],
            [
                [
                    0.6012972593307495,
                    -0.7719427943229675,
                    -0.20626667141914368
                ],
                [
                    0.7859905362129211,
                    0.6178783178329468,
                    -0.021102290600538254
                ],
                [
                    0.14373745024204254,
                    -0.1494349092245102,
                    0.9782683253288269
                ]
            ],
            [
                [
                    0.9799816012382507,
                    -0.16442768275737762,
                    -0.11224760860204697
                ],
                [
                    0.18776650726795197,
                    0.9507636427879333,
                    0.24656057357788086
                ],
                [
                    0.06617956608533859,
                    -0.2627011835575104,
                    0.9626048803329468
                ]
            ],
            [
                [
                    0.9126085042953491,
                    -0.4018475115299225,
                    -0.0752609521150589
                ],
                [
                    0.4042259156703949,
                    0.9144630432128906,
                    0.018937626853585243
                ],
                [
                    0.061213333159685135,
                    -0.047705069184303284,
                    0.9969839453697205
                ]
            ],
            [
                [
                    0.37867674231529236,
                    -0.7385417222976685,
                    0.5578172206878662
                ],
                [
                    0.5427495241165161,
                    0.6653914451599121,
                    0.512520432472229
                ],
                [
                    -0.7496845126152039,
                    0.10867547243833542,
                    0.6528114676475525
                ]
            ],
            [
                [
                    0.901086151599884,
                    -0.23346979916095734,
                    -0.36542513966560364
                ],
                [
                    0.27512869238853455,
                    0.9591654539108276,
                    0.06561804562807083
                ],
                [
                    0.33518338203430176,
                    -0.15966646373271942,
                    0.9285249710083008
                ]
            ],
            [
                [
                    0.9222503304481506,
                    -0.36896297335624695,
                    0.11541455239057541
                ],
                [
                    0.34394949674606323,
                    0.919403612613678,
                    0.19077661633491516
                ],
                [
                    -0.1765020787715912,
                    -0.13624703884124756,
                    0.9748249053955078
                ]
            ],
            [
                [
                    0.5247319936752319,
                    -0.8134271502494812,
                    0.25098350644111633
                ],
                [
                    0.831283688545227,
                    0.5531451106071472,
                    0.05475316196680069
                ],
                [
                    -0.1833680123090744,
                    0.17990775406360626,
                    0.9664416313171387
                ]
            ],
            [
                [
                    0.9601752161979675,
                    -0.17112617194652557,
                    -0.22086061537265778
                ],
                [
                    0.2364274114370346,
                    0.9188623428344727,
                    0.31590214371681213
                ],
                [
                    0.14888134598731995,
                    -0.35553890466690063,
                    0.9227277636528015
                ]
            ],
            [
                [
                    0.928796112537384,
                    -0.3674688935279846,
                    -0.04800457879900932
                ],
                [
                    0.37034767866134644,
                    0.9250607490539551,
                    0.08429218828678131
                ],
                [
                    0.01343239564448595,
                    -0.09606863558292389,
                    0.9952840805053711
                ]
            ],
            [
                [
                    0.9472800493240356,
                    -0.10814148932695389,
                    -0.30160561203956604
                ],
                [
                    -0.24016030132770538,
                    0.38346222043037415,
                    -0.8917845487594604
                ],
                [
                    0.2120932787656784,
                    0.9172033667564392,
                    0.33727481961250305
                ]
            ],
            [
                [
                    0.9267039895057678,
                    -0.17446038126945496,
                    -0.3328412175178528
                ],
                [
                    0.3458310067653656,
                    0.7424771189689636,
                    0.5736972689628601
                ],
                [
                    0.147039532661438,
                    -0.6467543840408325,
                    0.7483903169631958
                ]
            ],
            [
                [
                    0.9154537916183472,
                    0.3124743402004242,
                    0.25358277559280396
                ],
                [
                    -0.3149974048137665,
                    0.948563277721405,
                    -0.031690485775470734
                ],
                [
                    -0.2504417896270752,
                    -0.050866737961769104,
                    0.9667944312095642
                ]
            ]
        ],
        "betas": [
            -0.028458058834075928,
            0.0467107892036438,
            -0.0654943585395813,
            0.025435656309127808,
            0.04916265606880188,
            -0.007537882775068283,
            0.09267082810401917,
            -0.07382860779762268,
            -0.027933374047279358,
            -0.030099928379058838
        ]
    },
    "pred_cam_t": [
        -0.16704852879047394,
        -0.0280330628156662,
        7.440273284912109
    ],
    "focal_length": [
        5000.0,
        5000.0
    ],
    "pred_keypoints_3d": [
        [
            0.09590743482112885,
            0.006394305266439915,
            0.006183207966387272
        ],
        [
            0.1195039451122284,
            -0.0042083002626895905,
            -0.022540278732776642
        ],
        [
            0.14862984418869019,
            -0.006391861476004124,
            -0.03247951716184616
        ],
        [
            0.17354798316955566,
            0.003611302003264427,
            -0.03652559965848923
        ],
        [
            0.19968584179878235,
            0.01264604739844799,
            -0.0604342445731163
        ],
        [
            0.16617676615715027,
            0.03650969639420509,
            -0.043084874749183655
        ],
        [
            0.19864018261432648,
            0.042467303574085236,
            -0.040386997163295746
        ],
        [
            0.2204907238483429,
            0.039930399507284164,
            -0.03705764189362526
        ],
        [
            0.241296648979187,
            0.02915770374238491,
            -0.026182180270552635
        ],
        [
            0.1736181378364563,
            0.051703691482543945,
            -0.024331215769052505
        ],
        [
            0.20395055413246155,
            0.04616248607635498,
            -0.016761111095547676
        ],
        [
            0.2228463888168335,
            0.03547602519392967,
            -0.008305112831294537
        ],
        [
            0.24001486599445343,
            0.019085228443145752,
            0.0021019577980041504
        ],
        [
            0.16879035532474518,
            0.052330441772937775,
            0.0020509688183665276
        ],
        [
            0.19590643048286438,
            0.04259488731622696,
            2.063903957605362e-05
        ],
        [
            0.21478088200092316,
            0.029837628826498985,
            0.00988917425274849
        ],
        [
            0.23114365339279175,
            0.013743355870246887,
            0.021298998966813087
        ],
        [
            0.16475892066955566,
            0.047572385519742966,
            0.023019570857286453
        ],
        [
            0.18358367681503296,
            0.03983888775110245,
            0.017392681911587715
        ],
        [
            0.20009446144104004,
            0.031048515811562538,
            0.02050686441361904
        ],
        [
            0.21231846511363983,
            0.017260346561670303,
            0.023814978078007698
        ]
    ],
    "pred_vertices": [
        [
            0.14220429956912994,
            0.011177662760019302,
            -0.02229771576821804
        ],
        [
            0.1338227540254593,
            0.005969490855932236,
            -0.017005322501063347
        ],
        [
            0.1414685696363449,
            0.005246374756097794,
            -0.02144702337682247
        ],
        [
            0.14753524959087372,
            0.009568866342306137,
            -0.028656503185629845
        ],
        [
            0.13447675108909607,
            -0.011586546897888184,
            -0.010980930179357529
        ],
        [
            0.12945345044136047,
            -0.020780999213457108,
            -0.01674031838774681
        ],
        [
            0.14548057317733765,
            -0.017909742891788483,
            -0.02269282378256321
        ],
        [
            0.1477184295654297,
            -0.011181574314832687,
            -0.01577109843492508
        ],
        [
            0.15150758624076843,
            0.010034868493676186,
            -0.03362642601132393
        ],
        [
            0.1484292447566986,
            0.004352159798145294,
            -0.024869032204151154
        ],
        [
            0.15038448572158813,
            0.011648058891296387,
            -0.03561900556087494
        ],
        [
            0.15019448101520538,
            0.020912595093250275,
            -0.046565473079681396
        ],
        [
            0.1534985452890396,
            0.017029836773872375,
            -0.041746411472558975
        ],
        [
            0.15358063578605652,
            0.027796145528554916,
            -0.05055119842290878
        ],
        [
            0.13998809456825256,
            0.023832309991121292,
            -0.04807479679584503
        ],
        [
            0.14896175265312195,
            0.036018773913383484,
            -0.05002942308783531
        ],
        [
            0.12922607362270355,
            0.040604084730148315,
            -0.02815813198685646
        ],
        [
            0.12822307646274567,
            0.044580839574337006,
            -0.014972621574997902
        ],
        [
            0.14281746745109558,
            0.053609300404787064,
            -0.01918608322739601
        ],
        [
            0.1428660750389099,
            0.04786388576030731,
            -0.03187263011932373
        ],
        [
            0.13956290483474731,
            0.05225568264722824,
            0.0016551511362195015
        ],
        [
            0.14202450215816498,
            0.05348998308181763,
            -0.009988355450332165
        ],
        [
            0.1267673522233963,
            0.04556860402226448,
            -0.006044752895832062
        ],
        [
            0.1253528594970703,
            0.0446113683283329,
            0.004128378815948963
        ],
        [
            0.1365967094898224,
            0.013732761144638062,
            -0.007998375222086906
        ],
        [
            0.12820889055728912,
            0.007971957325935364,
            -0.003696717321872711
        ],
        [
            0.12877005338668823,
            0.0077134594321250916,
            -0.00959034077823162
        ],
        [
            0.13738404214382172,
            0.0126848965883255,
            -0.013453623279929161
        ],
        [
            0.1511966437101364,
            0.006910286843776703,
            -0.03878238797187805
        ],
        [
            0.13930106163024902,
            0.00772198848426342,
            -0.04467259719967842
        ],
        [
            0.14466121792793274,
            0.01205759309232235,
            -0.04154469072818756
        ],
        [
            0.1539812982082367,
            0.007533686235547066,
            -0.033756934106349945
        ],
        [
            0.11317356675863266,
            -0.007618878036737442,
            0.01594555377960205
        ],
        [
            0.09975215792655945,
            -0.009405583143234253,
            0.01675431616604328
        ],
        [
            0.09892413765192032,
            -0.01082364097237587,
            0.011042891070246696
        ],
        [
            0.11107543855905533,
            -0.008513517677783966,
            0.011319465935230255
        ],
        [
            0.1067197248339653,
            -0.019252430647611618,
            -0.008119430392980576
        ],
        [
            0.09609192609786987,
            -0.016610801219940186,
            -0.005945704877376556
        ],
        [
            0.08628800511360168,
            -0.01539023220539093,
            -0.01483861729502678
        ],
        [
            0.09625670313835144,
            -0.016555048525333405,
            -0.019866734743118286
        ],
        [
            0.118399977684021,
            -0.020664580166339874,
            -0.012445077300071716
        ],
        [
            0.10980730503797531,
            -0.021302029490470886,
            -0.02303040772676468
        ],
        [
            0.12400475144386292,
            -0.02244158461689949,
            -0.026512950658798218
        ],
        [
            0.14202633500099182,
            -0.018915437161922455,
            -0.03119996190071106
        ],
        [
            0.09974268823862076,
            -0.0038111433386802673,
            0.028318971395492554
        ],
        [
            0.10980236530303955,
            -0.0021964646875858307,
            0.02961789071559906
        ],
        [
            0.20361413061618805,
            0.03272339329123497,
            -0.04215110465884209
        ],
        [
            0.2039075493812561,
            0.033605705946683884,
            -0.03636341914534569
        ],
        [
            0.1989552080631256,
            0.032521821558475494,
            -0.03732922300696373
        ],
        [
            0.19961175322532654,
            0.0324234664440155,
            -0.043112415820360184
        ],
        [
            0.09936396777629852,
            0.015581216663122177,
            0.03431741148233414
        ],
        [
            0.09473584592342377,
            0.023821774870157242,
            0.030723607167601585
        ],
        [
            0.08955401927232742,
            0.019591093063354492,
            0.03366253525018692
        ],
        [
            0.0933132991194725,
            0.011109471321105957,
            0.03533723205327988
        ],
        [
            0.10735543072223663,
            0.02145346999168396,
            0.03293097764253616
        ],
        [
            0.10221216827630997,
            0.029102375730872154,
            0.026323353871703148
        ],
        [
            0.20554037392139435,
            0.04394904524087906,
            -0.04812246933579445
        ],
        [
            0.20530593395233154,
            0.03878490999341011,
            -0.04853380471467972
        ],
        [
            0.20041435956954956,
            0.04010822996497154,
            -0.04961400851607323
        ],
        [
            0.19989776611328125,
            0.04506565257906914,
            -0.04820552468299866
        ],
        [
            0.15321455895900726,
            0.014736833050847054,
            -0.03508719056844711
        ],
        [
            0.15035311877727509,
            0.015243791043758392,
            -0.026466302573680878
        ],
        [
            0.16619493067264557,
            0.024346349760890007,
            -0.04026355221867561
        ],
        [
            0.1598568856716156,
            0.02206254005432129,
            -0.034071944653987885
        ],
        [
            0.15814639627933502,
            0.02026529051363468,
            -0.040752895176410675
        ],
        [
            0.16324599087238312,
            0.023602116852998734,
            -0.045513052493333817
        ],
        [
            0.15488752722740173,
            0.02700408734381199,
            -0.011244741268455982
        ],
        [
            0.14531618356704712,
            0.021035632118582726,
            -0.008235212415456772
        ],
        [
            0.14675462245941162,
            0.020218659192323685,
            -0.014687616378068924
        ],
        [
            0.15761521458625793,
            0.025541456416249275,
            -0.019358323886990547
        ],
        [
            0.14559955894947052,
            0.021736741065979004,
            0.005966884084045887
        ],
        [
            0.1546764373779297,
            0.027966530993580818,
            0.0017690705135464668
        ],
        [
            0.153676375746727,
            0.027680329978466034,
            0.010350486263632774
        ],
        [
            0.14800699055194855,
            0.02247953787446022,
            0.012009168043732643
        ],
        [
            0.1688372790813446,
            0.038000769913196564,
            -0.008668157272040844
        ],
        [
            0.17288023233413696,
            0.04117058590054512,
            -0.010949567891657352
        ],
        [
            0.1735498011112213,
            0.040535543113946915,
            -0.006846377160400152
        ],
        [
            0.168299600481987,
            0.03815751150250435,
            -0.004740297794342041
        ],
        [
            0.08374717831611633,
            0.016149207949638367,
            0.035927072167396545
        ],
        [
            0.0872727632522583,
            0.0069708451628685,
            0.03540291637182236
        ],
        [
            0.1387961059808731,
            0.048628322780132294,
            0.023354772478342056
        ],
        [
            0.1382768750190735,
            0.04094114527106285,
            0.03165649250149727
        ],
        [
            0.1504172682762146,
            0.047978080809116364,
            0.031217101961374283
        ],
        [
            0.1476023942232132,
            0.055203165858983994,
            0.02224145084619522
        ],
        [
            0.09186636656522751,
            0.029021985828876495,
            0.022156625986099243
        ],
        [
            0.08621425926685333,
            0.026251988485455513,
            0.026860211044549942
        ],
        [
            0.20577198266983032,
            0.04851888492703438,
            -0.043981391936540604
        ],
        [
            0.19974149763584137,
            0.04867924749851227,
            -0.04343200474977493
        ],
        [
            0.11512196063995361,
            -0.015567153692245483,
            -0.035382337868213654
        ],
        [
            0.13749928772449493,
            -0.015140492469072342,
            -0.03895818069577217
        ],
        [
            0.09898271411657333,
            -0.011949609965085983,
            -0.029793227091431618
        ],
        [
            0.08860816806554794,
            -0.007614064961671829,
            -0.024524278938770294
        ],
        [
            0.07985648512840271,
            -0.0065848082304000854,
            -0.020588621497154236
        ],
        [
            0.16322946548461914,
            0.025502946227788925,
            -0.029709843918681145
        ],
        [
            0.1452382206916809,
            0.016155537217855453,
            -0.018776847049593925
        ],
        [
            0.13633012771606445,
            0.01434088870882988,
            -0.0028813444077968597
        ],
        [
            0.1417994499206543,
            0.017105162143707275,
            0.027550339698791504
        ],
        [
            0.13348427414894104,
            0.011074285954236984,
            0.029820222407579422
        ],
        [
            0.1365700662136078,
            0.01006247103214264,
            0.019522085785865784
        ],
        [
            0.14288653433322906,
            0.016075585037469864,
            0.01954776607453823
        ],
        [
            0.14312388002872467,
            0.032787881791591644,
            0.03490660339593887
        ],
        [
            0.14767006039619446,
            0.02704077959060669,
            0.031147338449954987
        ],
        [
            0.15446960926055908,
            0.03264433890581131,
            0.029822172597050667
        ],
        [
            0.15217089653015137,
            0.039319299161434174,
            0.03362349420785904
        ],
        [
            0.1506701409816742,
            0.0023724399507045746,
            -0.04432999715209007
        ],
        [
            0.13560201227664948,
            0.0021694377064704895,
            -0.04704340919852257
        ],
        [
            0.10402294248342514,
            0.00603601336479187,
            0.034272201359272
        ],
        [
            0.09737288951873779,
            0.0020954832434654236,
            0.03291244059801102
        ],
        [
            0.08914290368556976,
            -0.0001712702214717865,
            0.032944150269031525
        ],
        [
            0.12061651796102524,
            -0.0009240694344043732,
            0.004909377545118332
        ],
        [
            0.10966740548610687,
            -0.009301066398620605,
            0.008082939311861992
        ],
        [
            0.11010023951530457,
            -0.010562915354967117,
            0.0038357600569725037
        ],
        [
            0.11974437534809113,
            -0.00040376558899879456,
            0.0013017933815717697
        ],
        [
            0.12787887454032898,
            -0.0008950084447860718,
            -0.009701322764158249
        ],
        [
            0.12159931659698486,
            -0.011899184435606003,
            -0.005988549441099167
        ],
        [
            0.13850252330303192,
            -0.0006523355841636658,
            -0.012685142457485199
        ],
        [
            0.09640964865684509,
            -0.013597134500741959,
            0.003727983683347702
        ],
        [
            0.08933866769075394,
            -0.014399942010641098,
            0.0122288279235363
        ],
        [
            0.08733132481575012,
            -0.016162920743227005,
            0.0037360750138759613
        ],
        [
            0.08992685377597809,
            -0.010616827756166458,
            0.0212636049836874
        ],
        [
            0.09003657102584839,
            -0.0058126747608184814,
            0.028775429353117943
        ],
        [
            0.07850626111030579,
            0.0254354365170002,
            0.03046867437660694
        ],
        [
            0.08573811501264572,
            -0.016222648322582245,
            -0.004404477775096893
        ],
        [
            0.1558869183063507,
            -0.00973128154873848,
            -0.020945804193615913
        ],
        [
            0.16266115009784698,
            -0.007110778242349625,
            -0.02528170868754387
        ],
        [
            0.16103793680667877,
            -0.000654950737953186,
            -0.023124514147639275
        ],
        [
            0.15515372157096863,
            -0.002188175916671753,
            -0.019982479512691498
        ],
        [
            0.1604692041873932,
            0.0342339351773262,
            -0.05287021026015282
        ],
        [
            0.1625947654247284,
            0.02708585187792778,
            -0.05037612095475197
        ],
        [
            0.1555800437927246,
            0.021697647869586945,
            -0.047094203531742096
        ],
        [
            0.12278079241514206,
            -0.0014451704919338226,
            0.018610864877700806
        ],
        [
            0.11953619867563248,
            0.002679102122783661,
            0.030162367969751358
        ],
        [
            0.16921573877334595,
            0.02785823494195938,
            -0.03573549911379814
        ],
        [
            0.19471707940101624,
            0.046163707971572876,
            -0.04846697673201561
        ],
        [
            0.1952236145734787,
            0.04060406982898712,
            -0.050271663814783096
        ],
        [
            0.17637179791927338,
            0.037531692534685135,
            -0.052654363214969635
        ],
        [
            0.1764640361070633,
            0.0442405603826046,
            -0.050894007086753845
        ],
        [
            0.17435120046138763,
            0.036536578088998795,
            -0.03333815559744835
        ],
        [
            0.17256708443164825,
            0.030102670192718506,
            -0.035719115287065506
        ],
        [
            0.17446620762348175,
            0.03188519552350044,
            -0.03499363735318184
        ],
        [
            0.17675046622753143,
            0.03677761182188988,
            -0.03116869553923607
        ],
        [
            0.17130252718925476,
            0.03996500372886658,
            0.002335004974156618
        ],
        [
            0.16639022529125214,
            0.03755531460046768,
            0.003933663479983807
        ],
        [
            0.15827423334121704,
            0.05185704305768013,
            -0.03379391133785248
        ],
        [
            0.15398725867271423,
            0.0492752343416214,
            -0.04625022038817406
        ],
        [
            0.14347605407238007,
            0.04287780448794365,
            -0.04320601746439934
        ],
        [
            0.15390928089618683,
            0.027462592348456383,
            -0.003815007396042347
        ],
        [
            0.162440687417984,
            0.03293655067682266,
            -0.005750586278736591
        ],
        [
            0.16210845112800598,
            0.03346296399831772,
            -0.0015758639201521873
        ],
        [
            0.16608887910842896,
            0.028811879456043243,
            -0.027746105566620827
        ],
        [
            0.17088522017002106,
            0.03192564845085144,
            -0.03138692304491997
        ],
        [
            0.1694449931383133,
            0.033404093235731125,
            -0.026733649894595146
        ],
        [
            0.16475129127502441,
            0.03004394844174385,
            -0.022456994280219078
        ],
        [
            0.1264175921678543,
            0.03460846096277237,
            0.03254939615726471
        ],
        [
            0.13237051665782928,
            0.025296635925769806,
            0.0366898849606514
        ],
        [
            0.20436780154705048,
            0.03467215970158577,
            -0.046505481004714966
        ],
        [
            0.20003214478492737,
            0.035312503576278687,
            -0.047647275030612946
        ],
        [
            0.14456669986248016,
            0.021551283076405525,
            -0.001032145693898201
        ],
        [
            0.13183441758155823,
            0.034752536565065384,
            -0.038240205496549606
        ],
        [
            0.13622410595417023,
            0.014693181961774826,
            0.0026505906134843826
        ],
        [
            0.1607142835855484,
            0.05567854270339012,
            0.007904386147856712
        ],
        [
            0.16516689956188202,
            0.049942709505558014,
            0.01198672130703926
        ],
        [
            0.17078712582588196,
            0.049449529498815536,
            0.010232124477624893
        ],
        [
            0.1698637753725052,
            0.054449860006570816,
            0.006795209366828203
        ],
        [
            0.19240090250968933,
            0.040147289633750916,
            -0.0297485813498497
        ],
        [
            0.1933959722518921,
            0.034826405346393585,
            -0.0319397933781147
        ],
        [
            0.19866147637367249,
            0.03571006655693054,
            -0.03184375539422035
        ],
        [
            0.19838285446166992,
            0.04115051031112671,
            -0.029810357838869095
        ],
        [
            0.17136159539222717,
            0.026965783908963203,
            -0.04054670408368111
        ],
        [
            0.16962794959545135,
            0.026154834777116776,
            -0.04655979201197624
        ],
        [
            0.17564088106155396,
            0.028000079095363617,
            -0.04530426487326622
        ],
        [
            0.1754898875951767,
            0.029359623789787292,
            -0.039443809539079666
        ],
        [
            0.16939516365528107,
            0.030239129438996315,
            -0.05119618773460388
        ],
        [
            0.1758025735616684,
            0.031602829694747925,
            -0.05047331377863884
        ],
        [
            0.1920960247516632,
            0.04641703888773918,
            -0.03165438026189804
        ],
        [
            0.19260483980178833,
            0.05085907131433487,
            -0.037734679877758026
        ],
        [
            0.17614226043224335,
            0.04959787428379059,
            -0.03826216608285904
        ],
        [
            0.17831891775131226,
            0.04418887197971344,
            -0.03250535577535629
        ],
        [
            0.11131525784730911,
            0.03880590945482254,
            0.006341639906167984
        ],
        [
            0.11216167360544205,
            0.03764006495475769,
            0.017447160556912422
        ],
        [
            0.12610748410224915,
            0.0436425618827343,
            0.015589529648423195
        ],
        [
            0.13959166407585144,
            0.0509854331612587,
            0.014232889749109745
        ],
        [
            0.15244483947753906,
            0.05682266503572464,
            0.0117131182923913
        ],
        [
            0.151209756731987,
            0.05947430059313774,
            -0.00021485332399606705
        ],
        [
            0.12566569447517395,
            0.04151668772101402,
            0.023622600361704826
        ],
        [
            0.17098267376422882,
            0.04441674053668976,
            -0.03238037973642349
        ],
        [
            0.1659645438194275,
            0.049135807901620865,
            -0.038466114550828934
        ],
        [
            0.1666867434978485,
            0.04923431947827339,
            -0.03355573117733002
        ],
        [
            0.1376638263463974,
            0.014283109456300735,
            0.010005597025156021
        ],
        [
            0.19506153464317322,
            0.035445764660835266,
            -0.048767752945423126
        ],
        [
            0.08205296099185944,
            0.015508966520428658,
            -0.017706358805298805
        ],
        [
            0.08174259215593338,
            0.023791056126356125,
            -0.006669815629720688
        ],
        [
            0.08937651664018631,
            0.025487467646598816,
            -0.010777242481708527
        ],
        [
            0.09044082462787628,
            0.01521843858063221,
            -0.023144420236349106
        ],
        [
            0.19395394623279572,
            0.031158842146396637,
            -0.03775016590952873
        ],
        [
            0.19473473727703094,
            0.03109889104962349,
            -0.04406726732850075
        ],
        [
            0.1676364690065384,
            0.03826919570565224,
            0.01041347160935402
        ],
        [
            0.17213937640190125,
            0.040927428752183914,
            0.00791930966079235
        ],
        [
            0.1729992777109146,
            0.0433439202606678,
            0.010293500497937202
        ],
        [
            0.17036409676074982,
            0.040144387632608414,
            0.014729262329638004
        ],
        [
            0.11170750111341476,
            0.03564034402370453,
            0.023134177550673485
        ],
        [
            0.16037839651107788,
            0.048425111919641495,
            0.02975494973361492
        ],
        [
            0.15665189921855927,
            0.05572040379047394,
            0.02186685800552368
        ],
        [
            0.10002269595861435,
            0.03257647901773453,
            0.018621739000082016
        ],
        [
            0.09886116534471512,
            0.0341072678565979,
            0.008986150845885277
        ],
        [
            0.0899621844291687,
            0.030864646658301353,
            0.011480910703539848
        ],
        [
            0.15793518722057343,
            0.05785495042800903,
            -0.013683718629181385
        ],
        [
            0.11292128264904022,
            0.039629977196455,
            -0.002206958830356598
        ],
        [
            0.09987834841012955,
            0.03405006229877472,
            0.0013422071933746338
        ],
        [
            0.08928923308849335,
            0.030158814042806625,
            0.003967005759477615
        ],
        [
            0.08157326281070709,
            0.028084848076105118,
            0.006457526236772537
        ],
        [
            0.08314891159534454,
            0.02893928252160549,
            0.014443830586969852
        ],
        [
            0.19393905997276306,
            0.04970911145210266,
            -0.043225184082984924
        ],
        [
            0.19926440715789795,
            0.05061919242143631,
            -0.037225864827632904
        ],
        [
            0.07476304471492767,
            0.028295859694480896,
            0.01795974001288414
        ],
        [
            0.07358968257904053,
            0.02673281729221344,
            0.0088531244546175
        ],
        [
            0.10067646950483322,
            0.032573238015174866,
            -0.007772207260131836
        ],
        [
            0.10222133994102478,
            0.028864547610282898,
            -0.01896320842206478
        ],
        [
            0.11338495463132858,
            0.037808313965797424,
            -0.010809546336531639
        ],
        [
            0.11578221619129181,
            0.035037197172641754,
            -0.022008374333381653
        ],
        [
            0.15376248955726624,
            0.06005154550075531,
            -0.023744620382785797
        ],
        [
            0.21714739501476288,
            0.047648314386606216,
            -0.03310009837150574
        ],
        [
            0.20527535676956177,
            0.04830114543437958,
            -0.03245687857270241
        ],
        [
            0.20444200932979584,
            0.04301702231168747,
            -0.030050305649638176
        ],
        [
            0.21586962044239044,
            0.044957078993320465,
            -0.029714517295360565
        ],
        [
            0.19847698509693146,
            0.04683734104037285,
            -0.03165169805288315
        ],
        [
            0.20533964037895203,
            0.050532057881355286,
            -0.03781726211309433
        ],
        [
            0.11885619163513184,
            0.026424746960401535,
            -0.034683533012866974
        ],
        [
            0.17363715171813965,
            0.03681989386677742,
            -0.0293382927775383
        ],
        [
            0.10569478571414948,
            0.01548219658434391,
            -0.03269067406654358
        ],
        [
            0.12814848124980927,
            0.017926866188645363,
            -0.046203404664993286
        ],
        [
            0.12035577744245529,
            0.007527399808168411,
            -0.04406377673149109
        ],
        [
            0.09334708005189896,
            0.0024845749139785767,
            -0.030787000432610512
        ],
        [
            0.10870768129825592,
            -0.0030277222394943237,
            -0.039730772376060486
        ],
        [
            0.07674240320920944,
            0.004312042146921158,
            -0.02016552910208702
        ],
        [
            0.08488259464502335,
            0.005003385245800018,
            -0.024597031995654106
        ],
        [
            0.12614715099334717,
            -0.0068981461226940155,
