{
    "pred_cam": [
        9.67232894897461,
        -0.05333320051431656,
        -0.08366939425468445
    ],
    "pred_mano_params": {
        "global_orient": [
            [
                [
                    0.8339526057243347,
                    -0.48449936509132385,
                    -0.2641655504703522
                ],
                [
                    -0.4712234139442444,
                    -0.37611231207847595,
                    -0.7978020310401917
                ],
                [
                    0.2871786653995514,
                    0.789810061454773,
                    -0.5419672727584839
                ]
            ]
        ],
        "hand_pose": [
            [
                [
                    0.8495951294898987,
                    -0.26365137100219727,
                    -0.4568108916282654
                ],
                [
                    0.21383534371852875,
                    0.9639049768447876,
                    -0.15862448513507843
                ],
                [
                    0.4821437895298004,
                    0.03708426281809807,
                    0.8753069639205933
                ]
            ],
            [
                [
                    0.9186622500419617,
                    -0.3872314691543579,
                    -0.07817663252353668
                ],
                [
                    0.34133514761924744,
                    0.8776890635490417,
                    -0.33638131618499756
                ],
                [
                    0.19887219369411469,
                    0.28233635425567627,
                    0.9384755492210388
                ]
            ],
            [
                [
                    0.8443421125411987,
                    -0.5091187357902527,
                    0.166986346244812
                ],
                [
                    0.5246086120605469,
                    0.8489029407501221,
                    -0.06441716104745865
                ],
                [
                    -0.10895921289920807,
                    0.14199261367321014,
                    0.9838525652885437
                ]
            ],
            [
                [
                    0.4525207579135895,
                    -0.8383326530456543,
                    -0.3040117621421814
                ],
                [
                    0.8507788777351379,
                    0.508017897605896,
                    -0.13451042771339417
                ],
                [
                    0.26720789074897766,
                    -0.19777804613113403,
                    0.9431243538856506
                ]
            ],
            [
                [
                    0.9226428270339966,
                    -0.2733156085014343,
                    -0.27208220958709717
                ],
                [
                    0.3011275827884674,
                    0.9513322114944458,
                    0.06549234688282013
                ],
                [
                    0.24094048142433167,
                    -0.14235751330852509,
                    0.9600427150726318
                ]
            ],
            [
                [
                    0.8754841089248657,
                    -0.4106157422065735,
                    0.25479856133461
                ],
                [
                    0.4088505804538727,
                    0.9104631543159485,
                    0.06243477389216423
                ],
                [
                    -0.2576213777065277,
                    0.049513883888721466,
                    0.9649764895439148
                ]
            ],
            [
                [
                    0.1502610146999359,
                    -0.9672662019729614,
                    -0.2044937014579773
                ],
                [
                    0.8330885171890259,
                    0.01250537671148777,
                    0.5529983043670654
                ],
                [
                    -0.532339334487915,
                    -0.25345543026924133,
                    0.8076974749565125
                ]
            ],
            [
                [
                    0.9219927787780762,
                    -0.3128928244113922,
                    -0.2280949056148529
                ],
                [
                    0.2654392421245575,
                    0.9396210312843323,
                    -0.21599575877189636
                ],
                [
                    0.2819063067436218,
                    0.13860119879245758,
                    0.9493778347969055
                ]
            ],
            [
                [
                    0.9796398282051086,
                    0.11106281727552414,
                    0.16724470257759094
                ],
                [
                    -0.19222119450569153,
                    0.759289026260376,
                    0.6217162609100342
                ],
                [
                    -0.05793750286102295,
                    -0.6412060260772705,
                    0.765178382396698
                ]
            ],
            [
                [
                    0.19149351119995117,
                    -0.9747660160064697,
                    -0.11472338438034058
                ],
                [
                    0.9808302521705627,
                    0.19434985518455505,
                    -0.014147087931632996
                ],
                [
                    0.03608657419681549,
                    -0.1098150908946991,
                    0.99329674243927
                ]
            ],
            [
                [
                    0.9862183928489685,
                    -0.04176969826221466,
                    -0.16008934378623962
                ],
                [
                    0.10179705917835236,
                    0.9159681797027588,
                    0.3881232440471649
                ],
                [
                    0.13042494654655457,
                    -0.3990708887577057,
                    0.9075967073440552
                ]
            ],
            [
                [
                    0.8260681629180908,
                    -0.49945068359375,
                    0.26107552647590637
                ],
                [
                    0.4292427599430084,
                    0.8577736020088196,
                    0.282798707485199
                ],
                [
                    -0.36518770456314087,
                    -0.12154623121023178,
                    0.9229650497436523
                ]
            ],
            [
                [
                    0.9789228439331055,
                    -0.11799688637256622,
                    0.16669374704360962
                ],
                [
                    0.19998674094676971,
                    0.38831067085266113,
                    -0.8995665907859802
                ],
                [
                    0.04141708463430405,
                    0.913942813873291,
                    0.40372398495674133
                ]
            ],
            [
                [
                    0.802111804485321,
                    -0.546944797039032,
                    -0.23972485959529877
                ],
                [
                    0.5964625477790833,
                    0.7533580660820007,
                    0.2769189476966858
                ],
                [
                    0.029139257967472076,
                    -0.36510685086250305,
                    0.9305094480514526
                ]
            ],
            [
                [
                    0.982705295085907,
                    0.17019519209861755,
                    -0.07296524941921234
                ],
                [
                    -0.18515369296073914,
                    0.8969063758850098,
                    -0.4015932083129883
                ],
                [
                    -0.002906243083998561,
                    0.4081575572490692,
                    0.9129068851470947
                ]
            ]
        ],
        "betas": [
            0.06500022113323212,
            -0.04987761378288269,
            -0.0897553563117981,
            0.008347183465957642,
            -0.0878211259841919,
            -0.10984119027853012,
            0.029101639986038208,
            -0.10969528555870056,
            0.09467557817697525,
            -0.0875605046749115
        ]
    },
    "pred_cam_t": [
        -0.05333320051431656,
        -0.08366939425468445,
        4.038582801818848
    ],
    "focal_length": [
        5000.0,
        5000.0
    ],
    "pred_keypoints_3d": [
        [
            0.09543142467737198,
            0.006335687357932329,
            0.00618564011529088
        ],
        [
            0.0762140154838562,
            0.0030572921968996525,
            -0.02682466432452202
        ],
        [
            0.07294920086860657,
            0.012165982276201248,
            -0.05598101392388344
        ],
        [
            0.07389592379331589,
            0.03256365284323692,
            -0.07375819981098175
        ],
        [
            0.07572765648365021,
            0.05830948427319527,
            -0.09918937087059021
        ],
        [
            0.0193098783493042,
            0.03333304077386856,
            -0.034190237522125244
        ],
        [
            -0.0003016795963048935,
            0.05954994261264801,
            -0.03803695738315582
        ],
        [
            -0.0011702009942382574,
            0.08108378946781158,
            -0.043278731405735016
        ],
        [
            0.007686050608754158,
            0.10179547965526581,
            -0.05437873676419258
        ],
        [
            0.01834733784198761,
            0.054088059812784195,
            -0.020208891481161118
        ],
        [
            0.022349888458848,
            0.08105192333459854,
            -0.036268189549446106
        ],
        [
            0.035821862518787384,
            0.09781434386968613,
            -0.045067768543958664
        ],
        [
            0.05154483765363693,
            0.1096651628613472,
            -0.061338797211647034
        ],
        [
            0.036419134587049484,
            0.06743521243333817,
            -0.005921076517552137
        ],
        [
            0.045529406517744064,
            0.08588904142379761,
            -0.026030201464891434
        ],
        [
            0.06191237270832062,
            0.10015246272087097,
            -0.03794302046298981
        ],
        [
            0.07753283530473709,
            0.10512513667345047,
            -0.05674324929714203
        ],
        [
            0.054385703057050705,
            0.07671746611595154,
            0.001990253571420908
        ],
        [
            0.06479956209659576,
            0.08548194915056229,
            -0.014132089912891388
        ],
        [
            0.07775933295488358,
            0.09411902725696564,
            -0.024887897074222565
        ],
        [
            0.09360260516405106,
            0.10037945955991745,
            -0.04130490869283676
        ]
    ],
    "pred_vertices": [
        [
            0.05812458693981171,
            0.023729583248496056,
            -0.03138699010014534
        ],
        [
            0.06759759783744812,
            0.020313428714871407,
            -0.02918151021003723
        ],
        [
            0.0657278299331665,
            0.02145288698375225,
            -0.03822386637330055
        ],
        [
            0.05456499010324478,
            0.022840816527605057,
            -0.039926886558532715
        ],
        [
            0.08811356872320175,
            0.015018140897154808,
            -0.03502535820007324
        ],
        [
            0.09248295426368713,
            0.003666285425424576,
            -0.038373999297618866
        ],
        [
            0.08795798569917679,
            0.010115595534443855,
            -0.05196975916624069
        ],
        [
            0.08658595383167267,
            0.019021522253751755,
            -0.04607248678803444
        ],
        [
            0.05202561616897583,
            0.02186177484691143,
            -0.045793451368808746
        ],
        [
            0.06490439921617508,
            0.022588666528463364,
            -0.04522804915904999
        ],
        [
            0.052612561732530594,
            0.019897539168596268,
            -0.04725072532892227
        ],
        [
            0.03583072870969772,
            0.01600770279765129,
            -0.042045995593070984
        ],
        [
            0.039454083889722824,
            0.02043190412223339,
            -0.04317213594913483
        ],
        [
            0.026090994477272034,
            0.017556436359882355,
            -0.038899991661310196
        ],
        [
            0.035900428891181946,
            0.008483093231916428,
            -0.03458000719547272
        ],
        [
            0.022631466388702393,
            0.01636817492544651,
            -0.02995949611067772
        ],
        [
            0.03884582221508026,
            0.016859693452715874,
            -0.004174841567873955
        ],
        [
            0.04479018226265907,
            0.02528924122452736,
            0.005043217912316322
        ],
        [
            0.030613139271736145,
            0.035529725253582,
            0.0010920930653810501
        ],
        [
            0.026912746950984,
            0.02600713074207306,
            -0.008508628234267235
        ],
        [
            0.04554781690239906,
            0.04624095931649208,
            0.011040379293262959
        ],
        [
            0.03666038438677788,
            0.04087372496724129,
            0.005288369953632355
        ],
        [
            0.05022767186164856,
            0.03012498840689659,
            0.010318726301193237
        ],
        [
            0.057722367346286774,
            0.0353580005466938,
            0.014808254316449165
        ],
        [
            0.06723926216363907,
            0.028926340863108635,
            -0.018329016864299774
        ],
        [
            0.0762067437171936,
            0.024756480008363724,
            -0.0159451924264431
        ],
        [
            0.07183080911636353,
            0.02194576896727085,
            -0.0198894701898098
        ],
        [
            0.06402473896741867,
            0.026051780208945274,
            -0.022409670054912567
        ],
        [
            0.06059998646378517,
            0.01745496317744255,
            -0.05814133584499359
        ],
        [
            0.05290953814983368,
            0.005543887615203857,
            -0.047373224049806595
        ],
        [
            0.05029528588056564,
            0.01275056041777134,
            -0.0469895675778389
        ],
        [
            0.06268090754747391,
            0.02199333906173706,
            -0.05622229352593422
        ],
        [
            0.10513398051261902,
            0.022083338350057602,
            -0.009248516522347927
        ],
        [
            0.111503005027771,
            0.012310884892940521,
            -0.0023747235536575317
        ],
        [
            0.10898536443710327,
            0.007761787623167038,
            -0.005215868353843689
        ],
        [
            0.10319063812494278,
            0.01752588152885437,
            -0.010449184104800224
        ],
        [
            0.09889020025730133,
            -0.0015782639384269714,
            -0.021059157326817513
        ],
        [
            0.10250671952962875,
            -0.006758425384759903,
            -0.01356160081923008
        ],
        [
            0.09981174767017365,
            -0.019527658820152283,
            -0.011098220944404602
        ],
        [
            0.09397874027490616,
            -0.01634705439209938,
            -0.018685325980186462
        ],
        [
            0.09505578130483627,
            0.001811770722270012,
            -0.02968214638531208
        ],
        [
            0.0916876345872879,
            -0.011365842074155807,
            -0.029631802812218666
        ],
        [
            0.08881223201751709,
            -0.007080186158418655,
            -0.04030312970280647
        ],
        [
            0.08484043180942535,
            0.002488069236278534,
            -0.05637451261281967
        ],
        [
            0.11512072384357452,
            0.02090279385447502,
            0.006388811394572258
        ],
        [
            0.11137743294239044,
            0.029456738382577896,
            0.002249404788017273
        ],
        [
            0.004364537540823221,
            0.06366661190986633,
            -0.0487692691385746
        ],
        [
            0.007786705158650875,
            0.06631062924861908,
            -0.04461781680583954
        ],
        [
            0.009882510639727116,
            0.06147801876068115,
            -0.04515136033296585
        ],
        [
            0.005947622936218977,
            0.05945242941379547,
            -0.04875704273581505
        ],
        [
            0.10585388541221619,
            0.028743956238031387,
            0.022572288289666176
        ],
        [
            0.09953152388334274,
            0.024904649704694748,
            0.029329296201467514
        ],
        [
            0.10606584697961807,
            0.022024650126695633,
            0.030641164630651474
        ],
        [
            0.1116352528333664,
            0.023944560438394547,
            0.023381784558296204
        ],
        [
            0.09817446768283844,
            0.035033393651247025,
            0.021497905254364014
        ],
        [
            0.09056764841079712,
            0.02878163382411003,
            0.026830758899450302
        ],
        [
            -0.0069939615204930305,
            0.06185590475797653,
            -0.043688151985406876
        ],
        [
            -0.004257742315530777,
            0.061920166015625,
            -0.048091448843479156
        ],
        [
            -0.0035390863195061684,
            0.05654135346412659,
            -0.04647858440876007
        ],
        [
            -0.005507288500666618,
            0.055921174585819244,
            -0.04127129912376404
        ],
        [
            0.04427911341190338,
            0.024041375145316124,
            -0.04029907286167145
        ],
        [
            0.049931690096855164,
            0.027630243450403214,
            -0.033789537847042084
        ],
        [
            0.02829582989215851,
            0.03346243500709534,
            -0.04206676781177521
        ],
        [
            0.03703009709715843,
            0.03132186084985733,
            -0.03724067285656929
        ],
        [
            0.03469163551926613,
            0.025509580969810486,
            -0.040950898081064224
        ],
        [
            0.026577796787023544,
            0.02755715698003769,
            -0.04332843795418739
        ],
        [
            0.049980055540800095,
            0.04306534305214882,
            -0.020846258848905563
        ],
        [
            0.059260375797748566,
            0.03663099184632301,
            -0.018146345391869545
        ],
        [
            0.05516275018453598,
            0.03346487134695053,
            -0.022435439750552177
        ],
        [
            0.044840142130851746,
            0.03962845727801323,
            -0.026913899928331375
        ],
        [
            0.0677589476108551,
            0.04588950425386429,
            -0.011773243546485901
        ],
        [
            0.057717252522706985,
            0.0511719286441803,
            -0.014438152313232422
        ],
        [
            0.0638410672545433,
            0.05553952604532242,
            -0.010384412482380867
        ],
        [
            0.07034057378768921,
            0.05151500552892685,
            -0.01009400375187397
        ],
        [
            0.039078518748283386,
            0.05682199075818062,
            -0.020371757447719574
        ],
        [
            0.03437678888440132,
            0.05842995643615723,
            -0.02122579701244831
        ],
        [
            0.037347812205553055,
            0.0616336315870285,
            -0.020829305052757263
        ],
        [
            0.041607409715652466,
            0.05876627191901207,
            -0.018605776131153107
        ],
        [
            0.11182928085327148,
            0.018416710197925568,
            0.03257438540458679
        ],
        [
            0.11654134094715118,
            0.0186125710606575,
            0.024039577692747116
        ],
        [
            0.06243133544921875,
            0.05852116644382477,
            0.018261438235640526
        ],
        [
            0.07322809845209122,
            0.06089668348431587,
            0.0165439173579216
        ],
        [
            0.06498942524194717,
            0.07064979523420334,
            0.013486583717167377
        ],
        [
            0.05416308343410492,
            0.06599239259958267,
            0.01707325503230095
        ],
        [
            0.09156925976276398,
            0.018552247434854507,
            0.030845103785395622
        ],
        [
            0.0983739048242569,
            0.01676817238330841,
            0.03419264778494835
        ],
        [
            -0.006864373572170734,
            0.06320507079362869,
            -0.03751514479517937
        ],
        [
            -0.004607151262462139,
            0.05755443871021271,
            -0.035421647131443024
        ],
        [
            0.0796266496181488,
            -0.015138506889343262,
            -0.035353884100914
        ],
        [
            0.07669444382190704,
            -0.0033604055643081665,
            -0.056098587810993195
        ],
        [
            0.08401907235383987,
            -0.020107083022594452,
            -0.020566672086715698
        ],
        [
            0.08755891025066376,
            -0.022423328831791878,
            -0.01047750934958458
        ],
        [
            0.09246070683002472,
            -0.025725090876221657,
            -0.003883402794599533
        ],
        [
            0.036239393055438995,
            0.037368763238191605,
            -0.034896641969680786
        ],
        [
            0.055811867117881775,
            0.028950698673725128,
            -0.02647884003818035
        ],
        [
            0.07029713690280914,
            0.03201765567064285,
            -0.015395121648907661
        ],
        [
            0.08600988239049911,
            0.05558420717716217,
            -0.0036159520968794823
        ],
        [
            0.0943298190832138,
            0.04977923631668091,
            -0.002061799168586731
        ],
        [
            0.08744808286428452,
            0.04529312998056412,
            -0.008904589340090752
        ],
        [
            0.08124817162752151,
            0.05112457275390625,
            -0.008361680433154106
        ],
        [
            0.07954715937376022,
            0.06443415582180023,
            0.009437303990125656
        ],
        [
            0.07979369163513184,
            0.06392322480678558,
            0.0014037429355084896
        ],
        [
            0.07369132339954376,
            0.06811641156673431,
            0.00038582971319556236
        ],
        [
            0.07211129367351532,
            0.07069754600524902,
            0.007737206295132637
        ],
        [
            0.06197524443268776,
            0.011951036751270294,
            -0.06332310289144516
        ],
        [
            0.05677296966314316,
            -0.0009547732770442963,
            -0.04872015491127968
        ],
        [
            0.11073310673236847,
            0.030021287500858307,
            0.01329360157251358
        ],
        [
            0.1148633360862732,
            0.023411739617586136,
            0.013810636475682259
        ],
        [
            0.11922243237495422,
            0.016845788806676865,
            0.017012055963277817
        ],
        [
            0.09022374451160431,
            0.02255205623805523,
            -0.013532442972064018
        ],
        [
            0.10178900510072708,
            0.014374975115060806,
            -0.011302454397082329
        ],
        [
            0.09917235374450684,
            0.011881448328495026,
            -0.013725349679589272
        ],
        [
            0.08707158267498016,
            0.02026292495429516,
            -0.014254511334002018
        ],
        [
            0.07883435487747192,
            0.018486984074115753,
            -0.02582838013768196
        ],
        [
            0.0904792845249176,
            0.012498049065470695,
            -0.024680158123373985
        ],
        [
            0.0780409649014473,
            0.02180406078696251,
            -0.035034313797950745
        ],
        [
            0.10678665339946747,
            0.0006202459335327148,
            -0.008396180346608162
        ],
        [
            0.11560454964637756,
            0.0006506741046905518,
            -0.0017576180398464203
        ],
        [
            0.11199662834405899,
            -0.006655678153038025,
            -0.005290547385811806
        ],
        [
            0.1185973733663559,
            0.0076657794415950775,
            0.004361527040600777
        ],
        [
            0.1200796365737915,
            0.013594985008239746,
            0.010810650885105133
        ],
        [
            0.10383730381727219,
            0.013219159096479416,
            0.03959887474775314
        ],
        [
            0.1073526069521904,
            -0.013119243085384369,
            -0.007716124877333641
        ],
        [
            0.08455592393875122,
            0.021426871418952942,
            -0.054353803396224976
        ],
        [
            0.08345293998718262,
            0.02498503215610981,
            -0.06084687262773514
        ],
        [
            0.07778850197792053,
            0.027911368757486343,
            -0.05664306879043579
        ],
        [
            0.07785091549158096,
            0.024847328662872314,
            -0.05021175742149353
        ],
        [
            0.016350680962204933,
            0.022471193224191666,
            -0.03759056329727173
        ],
        [
            0.021446142345666885,
            0.024613017216324806,
            -0.04272021725773811
        ],
        [
            0.03123239427804947,
            0.019846392795443535,
            -0.04222441837191582
        ],
        [
            0.09941133111715317,
            0.03211443871259689,
            -0.00935604888945818
        ],
        [
            0.1050376445055008,
            0.03799738734960556,
            0.00026911962777376175
        ],
        [
            0.027573393657803535,
            0.039287663996219635,
            -0.03905836492776871
        ],
        [
            -0.004419146105647087,
            0.05122838169336319,
            -0.03863046318292618
        ],
        [
            -0.0024479860439896584,
            0.05098570138216019,
            -0.044390078634023666
        ],
        [
            0.005840751342475414,
            0.03579038381576538,
            -0.04032965004444122
        ],
        [
            0.0030174069106578827,
            0.03680557385087013,
            -0.034243397414684296
        ],
        [
            0.020901188254356384,
            0.04588789492845535,
            -0.033156998455524445
        ],
        [
            0.023677002638578415,
            0.0427602119743824,
            -0.038035307079553604
        ],
        [
            0.02167479880154133,
            0.044890739023685455,
            -0.036486659198999405
        ],
        [
            0.020171767100691795,
            0.04889574646949768,
            -0.031578779220581055
        ],
        [
            0.04463716596364975,
            0.06401769816875458,
            -0.015950702130794525
        ],
        [
            0.04823680222034454,
            0.06174750626087189,
            -0.014592158608138561
        ],
        [
            0.01756545901298523,
            0.036611802875995636,
            -0.015385356731712818
        ],
        [
            0.013845770619809628,
            0.024357184767723083,
            -0.020017968490719795
        ],
        [
            0.02362867072224617,
            0.018329959362745285,
            -0.018118545413017273
        ],
        [
            0.05473797768354416,
            0.0470767579972744,
            -0.016752582043409348
        ],
        [
            0.0467982217669487,
            0.05318611115217209,
            -0.018768901005387306
        ],
        [
            0.04923347011208534,
            0.05550510436296463,
            -0.01649794541299343
        ],
        [
            0.03418494388461113,
            0.04137653857469559,
            -0.033321645110845566
        ],
        [
            0.027472201734781265,
            0.04361208900809288,
            -0.03519384562969208
        ],
        [
            0.03045262210071087,
            0.04528912901878357,
            -0.031547583639621735
        ],
        [
            0.037247128784656525,
            0.04385164752602577,
            -0.02925129048526287
        ],
        [
            0.08223801106214523,
            0.05165331810712814,
            0.019550593569874763
        ],
        [
            0.08924036473035812,
            0.056392911821603775,
            0.01144476793706417
        ],
        [
            -4.504574462771416e-05,
            0.062346450984478,
            -0.049940962344408035
        ],
        [
            0.0009887651540338993,
            0.057488128542900085,
            -0.04919690638780594
        ],
        [
            0.06375285238027573,
            0.040718212723731995,
            -0.014278021641075611
        ],
        [
            0.035822704434394836,
            0.011253943666815758,
            -0.015102164819836617
        ],
        [
            0.0736432895064354,
            0.03548751026391983,
            -0.01272401213645935
        ],
        [
            0.041136644780635834,
            0.06607333570718765,
            0.0026550665497779846
        ],
        [
            0.04740993678569794,
            0.07000966370105743,
            -0.003144165500998497
        ],
        [
            0.0460362508893013,
            0.07115894556045532,
            -0.005396350286900997
        ],
        [
            0.040577616542577744,
            0.07066324353218079,
            -0.0028837714344263077
        ],
        [
            0.012109893374145031,
            0.06055029481649399,
            -0.032990794628858566
        ],
        [
            0.013201331719756126,
            0.060376137495040894,
            -0.038720693439245224
        ],
        [
            0.011739916168153286,
            0.0636172965168953,
            -0.039599545300006866
        ],
        [
            0.010183684527873993,
            0.06403648853302002,
            -0.03408083692193031
        ],
        [
            0.022795934230089188,
            0.03869504854083061,
            -0.041979916393756866
        ],
        [
            0.0202355794608593,
            0.033220984041690826,
            -0.04433825612068176
        ],
        [
            0.016501979902386665,
            0.039513856172561646,
            -0.04441266134381294
        ],
        [
            0.019604548811912537,
            0.04295538365840912,
            -0.04076476767659187
        ],
        [
            0.014640288427472115,
            0.030748222023248672,
            -0.042886607348918915
        ],
        [
            0.010981719009578228,
            0.03662293031811714,
            -0.04386240988969803
        ],
        [
            0.007556231692433357,
            0.058822643011808395,
            -0.028803540393710136
        ],
        [
            0.000864718109369278,
            0.05549582839012146,
            -0.028678659349679947
        ],
        [
            0.008357785642147064,
            0.044149547815322876,
            -0.024127893149852753
        ],
        [
            0.014204221777617931,
            0.04903238266706467,
            -0.02655315399169922
        ],
        [
            0.06808365881443024,
            0.02505817636847496,
            0.019752340391278267
        ],
        [
            0.07560568302869797,
            0.03243003040552139,
            0.02324100024998188
        ],
        [
            0.06531241536140442,
            0.04295530170202255,
            0.01867946982383728
        ],
        [
            0.05448438972234726,
            0.05390419065952301,
            0.01533692516386509
        ],
        [
            0.04447776824235916,
            0.06331612169742584,
            0.010447232984006405
        ],
        [
            0.035153910517692566,
            0.05570262670516968,
            0.008357602171599865
        ],
        [
            0.0720410868525505,
            0.04715730622410774,
            0.020913872867822647
        ],
        [
            0.019216498360037804,
            0.045611392706632614,
            -0.02743130922317505
        ],
        [
            0.013418126851320267,
            0.03769305348396301,
            -0.022428706288337708
        ],
        [
            0.016645779833197594,
            0.04287414252758026,
            -0.022637302055954933
        ],
        [
            0.07813910394906998,
            0.041051119565963745,
            -0.010665074922144413
        ],
        [
            0.0016252221539616585,
            0.051854267716407776,
            -0.0474802628159523
        ],
        [
            0.07866332679986954,
            -0.016817733645439148,
            0.010554537177085876
        ],
        [
            0.08026765286922455,
            -0.008171427994966507,
            0.020874148234725
        ],
        [
            0.07389125972986221,
            -0.004746399819850922,
            0.015916679054498672
        ],
        [
            0.07246218621730804,
            -0.014140702784061432,
            0.003383580595254898
        ],
        [
            0.011294618248939514,
            0.05770660936832428,
            -0.04479270800948143
        ],
        [
            0.007226007059216499,
            0.05445517972111702,
            -0.04832570254802704
        ],
        [
            0.052267588675022125,
            0.06616152822971344,
            -0.012480685487389565
        ],
        [
            0.04822780191898346,
            0.06759831309318542,
            -0.013303985819220543
        ],
        [
            0.049838170409202576,
            0.06997761130332947,
            -0.010151013731956482
        ],
        [
            0.05416763573884964,
            0.07025103271007538,
            -0.010781997814774513
        ],
        [
            0.08071368932723999,
            0.03523958846926689,
            0.024619776755571365
        ],
        [
            0.0635540559887886,
            0.07684486359357834,
            0.007290665991604328
        ],
        [
            0.052455462515354156,
            0.0728951096534729,
            0.010336964391171932
        ],
        [
            0.08408495783805847,
            0.0231025367975235,
            0.027125056833028793
        ],
        [
            0.0773252621293068,
            0.016524776816368103,
            0.024742627516388893
        ],
        [
            0.08418963104486465,
            0.010846726596355438,
            0.02865951508283615
        ],
        [
            0.025957325473427773,
            0.05161471664905548,
            -0.0030281301587820053
        ],
        [
            0.061613455414772034,
            0.021020501852035522,
            0.01572585478425026
        ],
        [
            0.07219599932432175,
            0.012453842908143997,
            0.020852098241448402
        ],
        [
            0.08014141023159027,
            0.005491074174642563,
            0.025384798645973206
        ],
        [
            0.0857153981924057,
            0.0009187683463096619,
            0.029484400525689125
        ],
        [
            0.08968484401702881,
            0.007294714450836182,
            0.032502152025699615
        ],
        [
            -0.0026897480711340904,
            0.0532725527882576,
            -0.03294278308749199
        ],
        [
            -0.0009664762765169144,
            0.06056078523397446,
            -0.0306836050003767
        ],
        [
            0.09518422186374664,
            0.003232095390558243,
            0.03836638852953911
        ],
        [
            0.09083022177219391,
            -0.0037094801664352417,
            0.034140922129154205
        ],
        [
            0.06714357435703278,
            0.006970513612031937,
            0.015510998666286469
        ],
        [
            0.06184808909893036,
            0.00033323466777801514,
            0.007370606064796448
        ],
        [
            0.05722549557685852,
            0.015526928007602692,
            0.010607650503516197
        ],
        [
            0.051119837909936905,
            0.009637333452701569,
            0.002474319189786911
        ],
        [
            0.019208261743187904,
            0.042347319424152374,
            -0.0029245708137750626
        ],
        [
            -0.002341030165553093,
            0.07895965129137039,
            -0.03437080979347229
        ],
        [
            0.0013301121070981026,
            0.06866764277219772,
            -0.031204860657453537
        ],
        [
            0.006536008324474096,
            0.0690092071890831,
            -0.03376668691635132
        ],
        [
            0.0019342987798154354,
            0.07923579216003418,
            -0.0342867337167263
        ],
        [
            0.005652136169373989,
            0.06294751167297363,
            -0.030575532466173172
        ],
        [
            -0.003529328852891922,
            0.06618082523345947,
            -0.03242199122905731
        ],
        [
            0.048005033284425735,
            0.002164199948310852,
            -0.011474944651126862
        ],
        [
            0.02508091740310192,
            0.047600362449884415,
            -0.032660700380802155
        ],
        [
            0.061048828065395355,
            -0.00884699821472168,
            -0.009763937443494797
        ],
        [
            0.044784896075725555,
            -0.000445319339632988,
            -0.03025689348578453
        ],
        [
            0.05614544451236725,
            -0.007848376408219337,
            -0.030523428693413734
        ],
        [
            0.07514685392379761,
            -0.020256314426660538,
            -0.009172949939966202
        ],
        [
            0.06937896460294724,
            -0.017086779698729515,
            -0.02618051879107952
        ],
        [
            0.08653376251459122,
            -0.024940580129623413,
            0.005089171230792999
        ],
        [
            0.08029486984014511,
            -0.0217457115650177,
            -0.0005311965942382812
        ],
