{
    "pred_cam": [
        8.390445709228516,
        0.07389368861913681,
        -0.05663743615150452
    ],
    "pred_mano_params": {
        "global_orient": [
            [
                [
                    -0.10097021609544754,
                    0.8158186078071594,
                    -0.5694252252578735
                ],
                [
                    -0.5559644103050232,
                    -0.5209119915962219,
                    -0.6477301716804504
                ],
                [
                    -0.8250507116317749,
                    0.25117871165275574,
                    0.506162703037262
                ]
            ]
        ],
        "hand_pose": [
            [
                [
                    0.7960278987884521,
                    -0.5933987498283386,
                    -0.11923741549253464
                ],
                [
                    0.5708780288696289,
                    0.8015477657318115,
                    -0.1778184026479721
                ],
                [
                    0.2010917067527771,
                    0.07347837835550308,
                    0.9768127202987671
                ]
            ],
            [
                [
                    0.5948531627655029,
                    -0.7563101649284363,
                    0.2722950875759125
                ],
                [
                    0.7947701811790466,
                    0.50264573097229,
                    -0.3401287794113159
                ],
                [
                    0.1203748881816864,
                    0.4187386631965637,
                    0.900093138217926
                ]
            ],
            [
                [
                    0.9008923172950745,
                    -0.4252884089946747,
                    0.0867346003651619
                ],
                [
                    0.38963115215301514,
                    0.8804559707641602,
                    0.2701573073863983
                ],
                [
                    -0.19126075506210327,
                    -0.20958814024925232,
                    0.9589016437530518
                ]
            ],
            [
                [
                    0.7192786335945129,
                    -0.6946642398834229,
                    -0.008942307904362679
                ],
                [
                    0.6945299506187439,
                    0.7193228602409363,
                    -0.01424114964902401
                ],
                [
                    0.016325222328305244,
                    0.0040326532907783985,
                    0.9998586773872375
                ]
            ],
            [
                [
                    0.8108345866203308,
                    -0.5464895367622375,
                    -0.20951487123966217
                ],
                [
                    0.5812740921974182,
                    0.7937124967575073,
                    0.1792786717414856
                ],
                [
                    0.06832066923379898,
                    -0.2671509087085724,
                    0.9612297415733337
                ]
            ],
            [
                [
                    0.8991818428039551,
                    -0.43054941296577454,
                    0.07809747010469437
                ],
                [
                    0.4329487085342407,
                    0.9012749791145325,
                    -0.01608472876250744
                ],
                [
                    -0.063462033867836,
                    0.04827529937028885,
                    0.9968159198760986
                ]
            ],
            [
                [
                    0.7923853397369385,
                    -0.6090553998947144,
                    0.034307677298784256
                ],
                [
                    0.5971596837043762,
                    0.7859392166137695,
                    0.1603117287158966
                ],
                [
                    -0.12460247427225113,
                    -0.10654150694608688,
                    0.9864700436592102
                ]
            ],
            [
                [
                    0.9275632500648499,
                    -0.36052995920181274,
                    0.09820636361837387
                ],
                [
                    0.3274022936820984,
                    0.9108200073242188,
                    0.2514253854751587
                ],
                [
                    -0.18009470403194427,
                    -0.2010599672794342,
                    0.9628815054893494
                ]
            ],
            [
                [
                    0.978449821472168,
                    -0.17436446249485016,
                    0.11060234159231186
                ],
                [
                    0.08324544131755829,
                    0.823291003704071,
                    0.5614821910858154
                ],
                [
                    -0.188960462808609,
                    -0.5401750206947327,
                    0.8200640082359314
                ]
            ],
            [
                [
                    0.7134160399436951,
                    -0.6971638798713684,
                    0.07071050256490707
                ],
                [
                    0.7007275819778442,
                    0.709145724773407,
                    -0.07805801182985306
                ],
                [
                    0.004275175277143717,
                    0.10523664951324463,
                    0.9944378733634949
                ]
            ],
            [
                [
                    0.8791834115982056,
                    -0.4743717908859253,
                    -0.04481102526187897
                ],
                [
                    0.43631020188331604,
                    0.7636934518814087,
                    0.47582104802131653
                ],
                [
                    -0.1914941817522049,
                    -0.43788543343544006,
                    0.8783998489379883
                ]
            ],
            [
                [
                    0.8552619814872742,
                    -0.5137113928794861,
                    0.06802541017532349
                ],
                [
                    0.49770697951316833,
                    0.8508857488632202,
                    0.16816984117031097
                ],
                [
                    -0.14427262544631958,
                    -0.10997255891561508,
                    0.9834079742431641
                ]
            ],
            [
                [
                    0.9666925072669983,
                    -0.1341065764427185,
                    -0.21799327433109283
                ],
                [
                    -0.1407405436038971,
                    0.43286213278770447,
                    -0.8904057741165161
                ],
                [
                    0.2137703001499176,
                    0.89142906665802,
                    0.3995703458786011
                ]
            ],
            [
                [
                    0.9874714612960815,
                    -0.09787745028734207,
                    -0.12377449125051498
                ],
                [
                    0.15108488500118256,
                    0.8127938508987427,
                    0.5626184940338135
                ],
                [
                    0.04553547874093056,
                    -0.5742701292037964,
                    0.8173985481262207
                ]
            ],
            [
                [
                    0.8663070201873779,
                    -0.32955336570739746,
                    -0.3753754496574402
                ],
                [
                    0.2482852041721344,
                    0.9361675977706909,
                    -0.24888671934604645
                ],
                [
                    0.4334358274936676,
                    0.12241213023662567,
                    0.8928318023681641
                ]
            ]
        ],
        "betas": [
            -0.09976890683174133,
            -0.07606655359268188,
            0.08645567297935486,
            -0.023881644010543823,
            0.020153582096099854,
            0.028237003833055496,
            0.005360275506973267,
            -0.0677240788936615,
            -0.006497129797935486,
            -0.03769415616989136
        ]
    },
    "pred_cam_t": [
        -0.07389368861913681,
        -0.05663743615150452,
        4.655592918395996
    ],
    "focal_length": [
        5000.0,
        5000.0
    ],
    "pred_keypoints_3d": [
        [
            0.09610197693109512,
            0.006424208637326956,
            0.006233374588191509
        ],
        [
            0.07097138464450836,
            0.011124484241008759,
            0.035394392907619476
        ],
        [
            0.05519664287567139,
            0.030022207647562027,
            0.05403947830200195
        ],
        [
            0.0498671680688858,
            0.04835278168320656,
            0.073374904692173
        ],
        [
            0.04790765047073364,
            0.07911214232444763,
            0.08878429979085922
        ],
        [
            0.08893121033906937,
            0.04485465958714485,
            0.08844342082738876
        ],
        [
            0.08118414878845215,
            0.0717683956027031,
            0.10605655610561371
        ],
        [
            0.06789403408765793,
            0.08648408949375153,
            0.09595874696969986
        ],
        [
            0.052425485104322433,
            0.09556299448013306,
            0.0792309120297432
        ],
        [
            0.10643327236175537,
            0.062273599207401276,
            0.08263233304023743
        ],
        [
            0.09572797268629074,
            0.090022973716259,
            0.09403619915246964
        ],
        [
            0.0804901123046875,
            0.10630413144826889,
            0.08706244081258774
        ],
        [
            0.06054122745990753,
            0.11881838738918304,
            0.07669608294963837
        ],
        [
            0.11649420857429504,
            0.07158850133419037,
            0.05945506691932678
        ],
        [
            0.10682912170886993,
            0.09651121497154236,
            0.07068783789873123
        ],
        [
            0.08902107179164886,
            0.11319475620985031,
            0.06580670922994614
        ],
        [
            0.06669887900352478,
            0.12246181070804596,
            0.058394111692905426
        ],
        [
            0.11971548199653625,
            0.07829822599887848,
            0.03877114877104759
        ],
        [
            0.1169980987906456,
            0.09908881038427353,
            0.04209408536553383
        ],
        [
            0.10611388087272644,
            0.11470833420753479,
            0.0418844148516655
        ],
        [
            0.08811730891466141,
            0.12626786530017853,
            0.042344994843006134
        ]
    ],
    "pred_vertices": [
        [
            0.07843362540006638,
            0.03282354027032852,
            0.0510457344353199
        ],
        [
            0.07726752758026123,
            0.028178775683045387,
            0.04103248938918114
        ],
        [
            0.07218711823225021,
            0.03250238299369812,
            0.04746096581220627
        ],
        [
            0.07310570031404495,
            0.034257981926202774,
            0.057800594717264175
        ],
        [
            0.0619516521692276,
            0.02870316617190838,
            0.0287240669131279
        ],
        [
            0.054082825779914856,
            0.019846772775053978,
            0.027200408279895782
        ],
        [
            0.04934842512011528,
            0.03011740930378437,
            0.03948506712913513
        ],
        [
            0.05631954222917557,
            0.037070028483867645,
            0.03850870206952095
        ],
        [
            0.07031615823507309,
            0.03531726077198982,
            0.06403195858001709
        ],
        [
            0.06789304316043854,
            0.03663157671689987,
            0.05311288684606552
        ],
        [
            0.07081327587366104,
            0.03318862244486809,
            0.0667160153388977
        ],
        [
            0.07718047499656677,
            0.028252631425857544,
            0.0783390998840332
        ],
        [
            0.07450560480356216,
            0.03318716585636139,
            0.07409513741731644
        ],
        [
            0.08167251944541931,
            0.029580969363451004,
            0.08536917716264725
        ],
        [
            0.08239831775426865,
            0.018850212916731834,
            0.07650531828403473
        ],
        [
            0.09070739150047302,
            0.026568332687020302,
            0.08650856465101242
        ],
        [
            0.10757577419281006,
            0.021060798317193985,
            0.06217794120311737
        ],
        [
            0.1153961718082428,
            0.027203965932130814,
            0.05257074534893036
        ],
        [
            0.11798641830682755,
            0.03845199942588806,
            0.06566963344812393
        ],
        [
            0.10914930701255798,
            0.03160163760185242,
            0.07387634366750717
        ],
        [
            0.12383674830198288,
            0.04576529562473297,
            0.046689800918102264
        ],
        [
            0.12092798203229904,
            0.042344771325588226,
            0.057828351855278015
        ],
        [
            0.11941852420568466,
            0.030544091016054153,
            0.045045580714941025
        ],
        [
            0.12196900695562363,
            0.03433675691485405,
            0.03572700545191765
        ],
        [
            0.08698848634958267,
            0.0351189523935318,
            0.0381399467587471
        ],
        [
            0.08543191850185394,
            0.02968146838247776,
            0.028776973485946655
        ],
        [
            0.08315349370241165,
            0.027464397251605988,
            0.03369151055812836
        ],
        [
            0.08410432189702988,
            0.033077068626880646,
            0.04246913641691208
        ],
        [
            0.06355303525924683,
            0.029930658638477325,
            0.06722451746463776
        ],
        [
            0.06799778342247009,
            0.01793123595416546,
            0.06658387184143066
        ],
        [
            0.07120324671268463,
            0.024857662618160248,
            0.06885886192321777
        ],
        [
            0.06462663412094116,
            0.03518175333738327,
            0.06538321822881699
        ],
        [
            0.08128337562084198,
            0.024930234998464584,
            9.908527135848999e-05
        ],
        [
            0.08378070592880249,
            0.013543505221605301,
            -0.0069808438420295715
        ],
        [
            0.08101353794336319,
            0.00977889820933342,
            -0.0032482072710990906
        ],
        [
            0.07973756641149521,
            0.020697344094514847,
            0.002659931778907776
        ],
        [
            0.06564287096261978,
            0.005439344793558121,
            0.01207045465707779
        ],
        [
            0.07166488468647003,
            -0.002138901501893997,
            0.007022276520729065
        ],
        [
            0.07278533279895782,
            -0.014939077198505402,
            0.010519623756408691
        ],
        [
            0.06756199151277542,
            -0.009215902537107468,
            0.018250472843647003
        ],
        [
            0.059231556951999664,
            0.01282796636223793,
            0.019579991698265076
        ],
        [
            0.05840659141540527,
            -5.6471675634384155e-05,
            0.024284012615680695
        ],
        [
            0.05197092145681381,
            0.009604383260011673,
            0.03186200559139252
        ],
        [
            0.04754965007305145,
            0.02195790782570839,
            0.0439121387898922
        ],
        [
            0.09237697720527649,
            0.01997535303235054,
            -0.014156177639961243
        ],
        [
            0.0913531631231308,
            0.029464926570653915,
            -0.010283462703227997
        ],
        [
            0.07139454036951065,
            0.06832800060510635,
            0.09532899409532547
        ],
        [
            0.07506422698497772,
            0.07203357666730881,
            0.0919199138879776
        ],
        [
            0.07553219795227051,
            0.06884002685546875,
            0.09145545214414597
        ],
        [
            0.07214755564928055,
            0.06598688662052155,
            0.09502951055765152
        ],
        [
            0.11203514784574509,
            0.02457946166396141,
            -0.011477328836917877
        ],
        [
            0.11982814222574234,
            0.01957177370786667,
            -0.00725158303976059
        ],
        [
            0.11829524487257004,
            0.016208291053771973,
            -0.013575859367847443
        ],
        [
            0.10995733737945557,
            0.019473198801279068,
            -0.01670227199792862
        ],
        [
            0.11465995013713837,
            0.03130277991294861,
            -0.004500530660152435
        ],
        [
            0.12117074429988861,
            0.02426692470908165,
            0.0016668140888214111
        ],
        [
            0.07381998002529144,
            0.07025708258152008,
            0.10805109888315201
        ],
        [
            0.07046809792518616,
            0.06826142221689224,
            0.10439348965883255
        ],
        [
            0.07333607971668243,
            0.06472132354974747,
            0.10513445734977722
        ],
        [
            0.0778055489063263,
            0.0658605545759201,
            0.1079561710357666
        ],
        [
            0.07484230399131775,
            0.03599752113223076,
            0.0675395131111145
        ],
        [
            0.07884423434734344,
            0.03783140704035759,
            0.05959443747997284
        ],
        [
            0.07928642630577087,
            0.045654065907001495,
            0.08040350675582886
        ],
        [
            0.08033307641744614,
            0.04276478663086891,
            0.0725017562508583
        ],
        [
            0.07718608528375626,
            0.03779511898756027,
            0.07617561519145966
        ],
        [
            0.07742748409509659,
            0.0401083305478096,
            0.0829082578420639
        ],
        [
            0.09298615902662277,
            0.05053235590457916,
            0.05400343984365463
        ],
        [
            0.09114772081375122,
            0.043181777000427246,
            0.045033447444438934
        ],
        [
            0.08804447203874588,
            0.04108729586005211,
            0.05053657665848732
        ],
        [
            0.08843879401683807,
            0.04860469698905945,
            0.06114044040441513
        ],
        [
            0.09602637588977814,
            0.05074647068977356,
            0.033995918929576874
        ],
        [
            0.09785373508930206,
            0.057164259254932404,
            0.043844930827617645
        ],
        [
            0.10042118281126022,
            0.06073140352964401,
            0.03643839433789253
        ],
        [
            0.09782983362674713,
            0.05601188540458679,
            0.030483700335025787
        ],
        [
            0.10006542503833771,
            0.06569822132587433,
            0.06250251084566116
        ],
        [
            0.10177390277385712,
            0.06929639726877213,
            0.06795046478509903
        ],
        [
            0.10222573578357697,
            0.07199807465076447,
            0.06555445492267609
        ],
        [
            0.10151845216751099,
            0.0671224445104599,
            0.05953872203826904
        ],
        [
            0.1174423024058342,
            0.012026958167552948,
            -0.01928567886352539
        ],
        [
            0.10788410156965256,
            0.013909831643104553,
            -0.021005399525165558
        ],
        [
            0.1266416758298874,
            0.055527783930301666,
            0.027172699570655823
        ],
        [
            0.12203127890825272,
            0.058839164674282074,
            0.01742635667324066
        ],
        [
            0.12434766441583633,
            0.0689234659075737,
            0.02454027533531189
        ],
        [
            0.12916891276836395,
            0.06280950456857681,
            0.033438790589571
        ],
        [
            0.12278998643159866,
            0.013242505490779877,
            0.0005718991160392761
        ],
        [
            0.12329678237438202,
            0.010502800345420837,
            -0.006801016628742218
        ],
        [
            0.07920640707015991,
            0.07381108403205872,
            0.10877716541290283
        ],
        [
            0.08298750966787338,
            0.06911924481391907,
            0.10801918059587479
        ],
        [
            0.05868218094110489,
            -0.0015071555972099304,
            0.03855001926422119
        ],
        [
            0.050415098667144775,
            0.01441766694188118,
            0.04989636316895485
        ],
        [
            0.06820894032716751,
            -0.011660158634185791,
            0.029274389147758484
        ],
        [
            0.0765196681022644,
            -0.017216891050338745,
            0.022516220808029175
        ],
        [
            0.0809047520160675,
            -0.022436581552028656,
            0.016006819903850555
        ],
        [
            0.08400781452655792,
            0.04839865118265152,
            0.07180418074131012
        ],
        [
            0.08347193896770477,
            0.037365205585956573,
            0.05154697969555855
        ],
        [
            0.08919960260391235,
            0.037488751113414764,
            0.034142546355724335
        ],
        [
            0.09916461259126663,
            0.057925157248973846,
            0.013057705014944077
        ],
        [
            0.09671231359243393,
            0.051236342638731,
            0.005151718854904175
        ],
        [
            0.09196098893880844,
            0.04862773418426514,
            0.014404695481061935
        ],
        [
            0.09566370397806168,
            0.054739147424697876,
            0.019587956368923187
        ],
        [
            0.11434954404830933,
            0.06406860053539276,
            0.01376265287399292
        ],
        [
            0.10708007216453552,
            0.06580644100904465,
            0.016697753220796585
        ],
        [
            0.10928615927696228,
            0.07156874239444733,
            0.023087557405233383
        ],
        [
            0.11650054901838303,
            0.07141254842281342,
            0.02074994519352913
        ],
        [
            0.0578710213303566,
            0.025440027937293053,
            0.06824672222137451
        ],
        [
            0.0637826919555664,
            0.012712765485048294,
            0.0638541430234909
        ],
        [
            0.1019449532032013,
            0.02763638272881508,
            -0.013240858912467957
        ],
        [
            0.09982377290725708,
            0.020852722227573395,
            -0.01655692607164383
        ],
        [
            0.1000831201672554,
            0.0135611891746521,
            -0.021055378019809723
        ],
        [
            0.08208861202001572,
            0.026543814688920975,
            0.014994420111179352
        ],
        [
            0.07852677255868912,
            0.01776878535747528,
            0.0043923258781433105
        ],
        [
            0.07609985768795013,
            0.015860535204410553,
            0.007493056356906891
        ],
        [
            0.08180166780948639,
            0.024172604084014893,
            0.01776512712240219
        ],
        [
            0.07463755458593369,
            0.025826890021562576,
            0.029655180871486664
        ],
        [
            0.06802336126565933,
            0.020473947748541832,
            0.019410155713558197
        ],
        [
            0.06969650089740753,
            0.03330568969249725,
            0.03654074668884277
        ],
        [
            0.0770878940820694,
            0.0035587064921855927,
            0.0005345121026039124
        ],
        [
            0.08078493177890778,
            0.0017639361321926117,
            -0.009793750941753387
        ],
        [
            0.07720434665679932,
            -0.004484444856643677,
            -0.004444405436515808
        ],
        [
            0.08681227266788483,
            0.007237333804368973,
            -0.015370391309261322
        ],
        [
            0.09342793375253677,
            0.011645220220088959,
            -0.01951885223388672
        ],
        [
            0.12578070163726807,
            0.005623213946819305,
            -0.013374313712120056
        ],
        [
            0.07516228407621384,
            -0.010039441287517548,
            0.001473352313041687
        ],
        [
            0.053446583449840546,
            0.04084755852818489,
            0.04653274267911911
        ],
        [
            0.05078788846731186,
            0.04379364103078842,
            0.05382373929023743
        ],
        [
            0.05809319019317627,
            0.0451166033744812,
            0.05557627975940704
        ],
        [
            0.06075834110379219,
            0.04257217049598694,
            0.04979301989078522
        ],
        [
            0.08434385806322098,
            0.03432126343250275,
            0.09241735935211182
        ],
        [
            0.07864682376384735,
            0.037151992321014404,
            0.08791060745716095
        ],
        [
            0.0769013985991478,
            0.03254729509353638,
            0.08084189891815186
        ],
        [
            0.08505542576313019,
            0.035111695528030396,
            0.004562363028526306
        ],
        [
            0.09324251115322113,
            0.038569383323192596,
            -0.00456605851650238
        ],
        [
            0.08315806090831757,
            0.05113741010427475,
            0.07995974272489548
        ],
        [
            0.08049367368221283,
            0.06236343830823898,
            0.10853239893913269
        ],
        [
            0.07530085742473602,
            0.060629703104496,
            0.10585783421993256
        ],
        [
            0.08084733039140701,
            0.04629111289978027,
            0.09999670833349228
        ],
        [
            0.08693665266036987,
            0.048126790672540665,
            0.10301578044891357
        ],
        [
            0.08978888392448425,
            0.05745651572942734,
            0.08515339344739914
        ],
        [
            0.08408229053020477,
            0.05421047285199165,
            0.08272586762905121
        ],
        [
            0.0849529355764389,
            0.05593762546777725,
            0.08397481590509415
        ],
        [
            0.08965803682804108,
            0.06048121303319931,
            0.08540821820497513
        ],
        [
            0.10517119616270065,
            0.07380127161741257,
            0.05682717263698578
        ],
        [
            0.1042475774884224,
            0.06969713419675827,
            0.05169038474559784
        ],
        [
            0.10793711990118027,
            0.04431208223104477,
            0.08379058539867401
        ],
        [
            0.10257107764482498,
            0.03381538391113281,
            0.0913713276386261
        ],
        [
            0.1009402647614479,
            0.025987230241298676,
            0.08149497210979462
        ],
        [
            0.09591677784919739,
            0.0535590760409832,
            0.04777593910694122
        ],
        [
            0.09794751554727554,
            0.06062773987650871,
            0.055253829807043076
        ],
        [
            0.09981945902109146,
            0.06258441507816315,
            0.05208047851920128
        ],
        [
            0.08678629994392395,
            0.05223177373409271,
            0.07288040220737457
        ],
        [
            0.08760255575180054,
            0.055259305983781815,
            0.07932167500257492
        ],
        [
            0.09021255373954773,
            0.05615244805812836,
            0.07523075491189957
        ],
        [
            0.08962330222129822,
            0.05369144678115845,
            0.06852681934833527
        ],
        [
            0.12067899107933044,
            0.0486791729927063,
            0.009193602949380875
        ],
        [
            0.11187039315700531,
            0.05506196990609169,
            0.004763394594192505
        ],
        [
            0.06967663764953613,
            0.06729260087013245,
            0.09977147728204727
        ],
        [
            0.0712575763463974,
            0.06450241059064865,
            0.10014621168375015
        ],
        [
            0.09402608871459961,
            0.0462619885802269,
            0.039112042635679245
        ],
        [
            0.09836157411336899,
            0.0177675262093544,
            0.06926712393760681
        ],
        [
            0.09121925383806229,
            0.04023348540067673,
            0.029783353209495544
        ],
        [
            0.12387958914041519,
            0.06736806780099869,
            0.052205588668584824
        ],
        [
            0.11936042457818985,
            0.07396594434976578,
            0.04897609353065491
        ],
        [
            0.11785391718149185,
            0.07716608792543411,
            0.05331290885806084
        ],
        [
            0.12173928320407867,
            0.0745241716504097,
            0.057299062609672546
        ],
        [
            0.08660639822483063,
            0.07170552760362625,
            0.09131261706352234
        ],
        [
            0.08091387897729874,
            0.0704863891005516,
            0.0898088589310646
        ],
        [
            0.08064748346805573,
            0.07223564386367798,
            0.09003952145576477
        ],
        [
            0.08565672487020493,
            0.07468675822019577,
            0.092454694211483
        ],
        [
            0.07993379235267639,
            0.05002894252538681,
            0.08367645740509033
        ],
        [
            0.0773068368434906,
            0.04498538002371788,
            0.08683253824710846
        ],
        [
            0.07690004259347916,
            0.04996941611170769,
            0.08893363177776337
        ],
        [
            0.08058802783489227,
            0.053679730743169785,
            0.08578651398420334
        ],
        [
            0.07867162674665451,
            0.042053479701280594,
            0.09219694137573242
        ],
        [
            0.07737307250499725,
            0.04682290181517601,
            0.09461519122123718
        ],
        [
            0.09064015746116638,
            0.07148326933383942,
            0.09637632966041565
        ],
        [
            0.09008320420980453,
            0.06895658373832703,
            0.10364100337028503
        ],
        [
            0.09685907512903214,
            0.05689814314246178,
            0.09723544120788574
        ],
        [
            0.0945020392537117,
            0.06152857840061188,
            0.09129063040018082
        ],
        [
            0.12140712887048721,
            0.02287749946117401,
            0.02567903697490692
        ],
        [
            0.12345948815345764,
            0.02911422774195671,
            0.0165422260761261
        ],
        [
            0.12423542886972427,
            0.04064773768186569,
            0.026297882199287415
        ],
        [
            0.12620222568511963,
            0.051876869052648544,
            0.035777878016233444
        ],
        [
            0.12660077214241028,
            0.06224049627780914,
            0.04528147727251053
        ],
        [
            0.12661652266979218,
            0.055442143231630325,
            0.0558963380753994
        ],
        [
            0.12473992258310318,
            0.04410763457417488,
            0.018799874931573868
        ],
        [
            0.098330058157444,
            0.055200085043907166,
            0.08501676470041275
        ],
        [
            0.1012020856142044,
            0.04822023585438728,
            0.09090083837509155
        ],
        [
            0.1036004051566124,
            0.050934262573719025,
            0.08587900549173355
        ],
        [
            0.09263825416564941,
            0.04517047107219696,
            0.02429526299238205
        ],
        [
            0.07225775718688965,
            0.06082826852798462,
            0.10147242248058319
        ],
        [
            0.1012275367975235,
            -0.01677754521369934,
            0.023431040346622467
        ],
        [
            0.11219954490661621,
            -0.010644391179084778,
            0.017625249922275543
        ],
        [
            0.11033610999584198,
            -0.005987271666526794,
            0.024901509284973145
        ],
        [
            0.09700846672058105,
            -0.012351028621196747,
            0.03132784366607666
        ],
        [
            0.07483142614364624,
            0.06702879071235657,
            0.0916815847158432
        ],
        [
            0.0716640055179596,
            0.06305543333292007,
            0.09562766551971436
        ],
        [
            0.10718735307455063,
            0.07418539375066757,
            0.0476028248667717
        ],
        [
            0.10818316042423248,
            0.0769694447517395,
            0.052952736616134644
        ],
        [
            0.11171619594097137,
            0.07912839949131012,
            0.05229129269719124
        ],
        [
            0.11042359471321106,
            0.07933446764945984,
            0.04604194313287735
        ],
        [
            0.123436838388443,
            0.0313960462808609,
            0.01095355674624443
        ],
        [
            0.1242879256606102,
            0.07564632594585419,
            0.02826252393424511
        ],
        [
            0.12902869284152985,
            0.070261649787426,
            0.0365070104598999
        ],
        [
            0.12265574932098389,
            0.018797270953655243,
            0.008371233940124512
        ],
        [
            0.12148673832416534,
            0.013055548071861267,
            0.016325585544109344
        ],
        [
            0.12180468440055847,
            0.006347477436065674,
            0.009184673428535461
        ],
        [
            0.11978121101856232,
            0.05489112436771393,
            0.06986597925424576
        ],
        [
            0.11913517117500305,
            0.020021658390760422,
            0.03366195410490036
        ],
        [
            0.11880981922149658,
            0.01005513221025467,
            0.022953331470489502
        ],
        [
            0.11905830353498459,
            0.0018861517310142517,
            0.014734148979187012
        ],
        [
            0.12011951208114624,
            -0.0037013068795204163,
            0.008567295968532562
        ],
        [
            0.12288499623537064,
            0.0018048956990242004,
            0.00307435542345047
        ],
        [
            0.0858539417386055,
            0.06553104519844055,
            0.10713565349578857
        ],
        [
            0.08778246492147446,
            0.07377488911151886,
            0.10474778711795807
        ],
        [
            0.12570472061634064,
            -0.0036898404359817505,
            -0.003656715154647827
        ],
        [
            0.12184296548366547,
            -0.00948244333267212,
            0.0026309415698051453
        ],
        [
            0.11450789868831635,
            0.005960792303085327,
            0.03013605624437332
        ],
        [
            0.10734272748231888,
            0.001288287341594696,
            0.03846052661538124
        ],
        [
            0.11474847793579102,
            0.01587171107530594,
            0.04015300050377846
        ],
        [
            0.10818543285131454,
            0.012025751173496246,
            0.04921984300017357
        ],
        [
            0.11931411921977997,
            0.04619566351175308,
            0.07652534544467926
        ],
        [
            0.07674141228199005,
            0.08882220089435577,
            0.09965537488460541
        ],
        [
            0.08508557081222534,
            0.08095364272594452,
            0.09988347440958023
        ],
        [
            0.08376243710517883,
            0.07917771488428116,
            0.09430483728647232
        ],
        [
            0.07748045027256012,
            0.08796319365501404,
            0.0954623594880104
        ],
        [
            0.08851597458124161,
            0.07546284794807434,
            0.09758009761571884
        ],
        [
            0.08387617766857147,
            0.07864584773778915,
            0.10527610778808594
        ],
        [
            0.09560792148113251,
            0.007576495409011841,
            0.057435352355241776
        ],
        [
            0.09178169816732407,
            0.05896889418363571,
            0.0804133266210556
        ],
        [
            0.0901484563946724,
            -0.003954164683818817,
            0.04576937109231949
        ],
        [
            0.08119796216487885,
            0.008916497230529785,
            0.06740915030241013
        ],
        [
            0.07496092468500137,
            0.0020186565816402435,
            0.05779207497835159
        ],
        [
            0.0825052484869957,
            -0.015242043882608414,
            0.03367294371128082
        ],
        [
            0.0704624131321907,
            -0.007382642477750778,
            0.044972747564315796
        ],
        [
            0.09174931049346924,
            -0.023733504116535187,
            0.018682576715946198
        ],
        [
            0.08890793472528458,
            -0.01899174600839615,
            0.026082739233970642
        ],
        [
            0.06018555164337158,
            0.004404701292514801,
            0.053440846502780914
        ],
        [
            0.06783309578895569,
            0.0764780268073082,
            0.0926046222448349
        ],
        [
            0.07238146662712097,
            0.07978247106075287,
            0.09027974307537079
        ],
        [
            0.10332189500331879,
