{
    "pred_cam": [
        8.101444244384766,
        0.07247121632099152,
        -0.06745155155658722
    ],
    "pred_mano_params": {
        "global_orient": [
            [
                [
                    -0.026331640779972076,
                    0.7569268345832825,
                    -0.6529690027236938
                ],
                [
                    -0.5246976017951965,
                    -0.5664497017860413,
                    -0.6354740262031555
                ],
                [
                    -0.8508813977241516,
                    0.32587820291519165,
                    0.4120732545852661
                ]
            ]
        ],
        "hand_pose": [
            [
                [
                    0.7272310256958008,
                    -0.6750282645225525,
                    -0.12438617646694183
                ],
                [
                    0.6610338687896729,
                    0.7375702261924744,
                    -0.13792888820171356
                ],
                [
                    0.18484944105148315,
                    0.01808268204331398,
                    0.9826005101203918
                ]
            ],
            [
                [
                    0.7077749371528625,
                    -0.6660417318344116,
                    0.2354634404182434
                ],
                [
                    0.7008916139602661,
                    0.6203785538673401,
                    -0.35196778178215027
                ],
                [
                    0.08834874629974365,
                    0.41414836049079895,
                    0.9059114456176758
                ]
            ],
            [
                [
                    0.9450401067733765,
                    -0.3195681571960449,
                    0.06910420209169388
                ],
                [
                    0.2990795373916626,
                    0.9303357601165771,
                    0.21219517290592194
                ],
                [
                    -0.1321009397506714,
                    -0.1798652857542038,
                    0.9747809171676636
                ]
            ],
            [
                [
                    0.6511683464050293,
                    -0.7589328289031982,
                    -0.0009028430795297027
                ],
                [
                    0.7585340142250061,
                    0.6507866978645325,
                    0.03320878744125366
                ],
                [
                    -0.024615677073597908,
                    -0.02230934612452984,
                    0.9994480609893799
                ]
            ],
            [
                [
                    0.9088234305381775,
                    -0.38134294748306274,
                    -0.16916710138320923
                ],
                [
                    0.4119553864002228,
                    0.8843252658843994,
                    0.21968521177768707
                ],
                [
                    0.06582333892583847,
                    -0.26934435963630676,
                    0.960791826248169
                ]
            ],
            [
                [
                    0.9357396960258484,
                    -0.35122886300086975,
                    0.032085224986076355
                ],
                [
                    0.3521365821361542,
                    0.9354942440986633,
                    -0.029160283505916595
                ],
                [
                    -0.019773611798882484,
                    0.038584817200899124,
                    0.9990596175193787
                ]
            ],
            [
                [
                    0.7713683247566223,
                    -0.628458559513092,
                    0.10015369206666946
                ],
                [
                    0.6097286939620972,
                    0.774918258190155,
                    0.1665310263633728
                ],
                [
                    -0.18226879835128784,
                    -0.06739016622304916,
                    0.9809366464614868
                ]
            ],
            [
                [
                    0.92696613073349,
                    -0.3569018840789795,
                    0.11556339263916016
                ],
                [
                    0.31105002760887146,
                    0.9034234881401062,
                    0.29508280754089355
                ],
                [
                    -0.20971831679344177,
                    -0.23758575320243835,
                    0.9484573006629944
                ]
            ],
            [
                [
                    0.9682270288467407,
                    -0.21744826436042786,
                    0.12350195646286011
                ],
                [
                    0.12776462733745575,
                    0.8546827435493469,
                    0.5031833648681641
                ],
                [
                    -0.2149713635444641,
                    -0.47141653299331665,
                    0.8553091287612915
                ]
            ],
            [
                [
                    0.7044589519500732,
                    -0.699519693851471,
                    0.12004099786281586
                ],
                [
                    0.7080628871917725,
                    0.7043013572692871,
                    -0.05105425789952278
                ],
                [
                    -0.048831578344106674,
                    0.12096220999956131,
                    0.9914553165435791
                ]
            ],
            [
                [
                    0.8905618190765381,
                    -0.4542732834815979,
                    -0.023141464218497276
                ],
                [
                    0.40777644515037537,
                    0.7747978568077087,
                    0.4831218123435974
                ],
                [
                    -0.20153935253620148,
                    -0.4396863281726837,
                    0.8752472996711731
                ]
            ],
            [
                [
                    0.8710867166519165,
                    -0.4900742471218109,
                    0.03217295929789543
                ],
                [
                    0.4806225597858429,
                    0.8640981912612915,
                    0.14945313334465027
                ],
                [
                    -0.10104373097419739,
                    -0.11472359299659729,
                    0.9882451891899109
                ]
            ],
            [
                [
                    0.9858278036117554,
                    -0.06905539333820343,
                    -0.15288899838924408
                ],
                [
                    -0.09832686185836792,
                    0.5005604028701782,
                    -0.8600996136665344
                ],
                [
                    0.13592469692230225,
                    0.8629430532455444,
                    0.4866763651371002
                ]
            ],
            [
                [
                    0.9783204197883606,
                    -0.1253938227891922,
                    -0.1648198962211609
                ],
                [
                    0.19587290287017822,
                    0.8187017440795898,
                    0.539779007434845
                ],
                [
                    0.06725337356328964,
                    -0.5603605508804321,
                    0.8255138993263245
                ]
            ],
            [
                [
                    0.8750972151756287,
                    -0.2755507528781891,
                    -0.3978399336338043
                ],
                [
                    0.15528707206249237,
                    0.9384840726852417,
                    -0.3084373474121094
                ],
                [
                    0.4583565890789032,
                    0.2081332504749298,
                    0.864054262638092
                ]
            ]
        ],
        "betas": [
            -0.10582822561264038,
            -0.07293379306793213,
            0.0792107880115509,
            -0.018137127161026,
            0.003751426935195923,
            0.01944040134549141,
            -0.013887733221054077,
            -0.03355911374092102,
            -0.026071593165397644,
            -0.028966158628463745
        ]
    },
    "pred_cam_t": [
        -0.07247121632099152,
        -0.06745155155658722,
        4.821671009063721
    ],
    "focal_length": [
        5000.0,
        5000.0
    ],
    "pred_keypoints_3d": [
        [
            0.09612104296684265,
            0.0064296112395823,
            0.006230561062693596
        ],
        [
            0.0679183304309845,
            0.01141875609755516,
            0.032414231449365616
        ],
        [
            0.048446908593177795,
            0.027561264112591743,
            0.05018479749560356
        ],
        [
            0.03996683657169342,
            0.044748444110155106,
            0.06946506351232529
        ],
        [
            0.036792874336242676,
            0.07494142651557922,
            0.08624321967363358
        ],
        [
            0.08091607689857483,
            0.04259084537625313,
            0.08839491009712219
        ],
        [
            0.06967709958553314,
            0.06983159482479095,
            0.10343768447637558
        ],
        [
            0.05704411119222641,
            0.0853203684091568,
            0.09364397823810577
        ],
        [
            0.04246068373322487,
            0.09821254760026932,
            0.07834462821483612
        ],
        [
            0.0997152179479599,
            0.059340134263038635,
            0.08530276268720627
        ],
        [
            0.08626259118318558,
            0.08674944937229156,
            0.09443067759275436
        ],
        [
            0.07203450798988342,
            0.1044250950217247,
            0.08882415294647217
        ],
        [
            0.05420120060443878,
            0.12111761420965195,
            0.0801946222782135
        ],
        [
            0.11284778267145157,
            0.06888488680124283,
            0.0638062059879303
        ],
        [
            0.10171400010585785,
            0.09310740977525711,
            0.07524512708187103
        ],
        [
            0.0845697745680809,
            0.11034896969795227,
            0.06987471133470535
        ],
        [
            0.06377944350242615,
            0.12151641398668289,
            0.06051885709166527
        ],
        [
            0.11880452185869217,
            0.07606535404920578,
            0.04390175640583038
        ],
        [
            0.1157221794128418,
            0.09659186005592346,
            0.04837733134627342
        ],
        [
            0.10456416010856628,
            0.11201967298984528,
            0.047827985137701035
        ],
        [
            0.08679439127445221,
            0.12276626378297806,
            0.046626120805740356
        ]
    ],
    "pred_vertices": [
        [
            0.0740119144320488,
            0.032347358763217926,
            0.049835264682769775
        ],
        [
            0.07345971465110779,
            0.028351731598377228,
            0.039829835295677185
        ],
        [
            0.06686966866254807,
            0.03217378258705139,
            0.04604414105415344
        ],
        [
            0.06746696680784225,
            0.033634625375270844,
            0.05615425109863281
        ],
        [
            0.05884917452931404,
            0.028637263923883438,
            0.025934167206287384
        ],
        [
            0.0514603853225708,
            0.019703270867466927,
            0.02290245145559311
        ],
        [
            0.04451044648885727,
            0.028728244826197624,
            0.03505529463291168
        ],
        [
            0.05130636692047119,
            0.03588731214404106,
            0.035350460559129715
        ],
        [
            0.06335651874542236,
            0.034191880375146866,
            0.06217823922634125
        ],
        [
            0.061437640339136124,
            0.03565879538655281,
            0.05134805664420128
        ],
        [
            0.06294149160385132,
            0.031423863023519516,
            0.06479467451572418
        ],
        [
            0.06889300793409348,
            0.02639864943921566,
            0.07667122781276703
        ],
        [
            0.0671178475022316,
            0.031788088381290436,
            0.07229817658662796
        ],
        [
            0.07307818531990051,
            0.027514468878507614,
            0.08413413166999817
        ],
        [
            0.07418374717235565,
            0.01678132824599743,
            0.0750042051076889
        ],
        [
            0.08193518966436386,
            0.024167394265532494,
            0.08634732663631439
        ],
        [
            0.10154123604297638,
            0.01877591386437416,
            0.06370057165622711
        ],
        [
            0.11070401966571808,
            0.0248531773686409,
            0.05529027432203293
        ],
        [
            0.1123441755771637,
            0.035614654421806335,
            0.06913361698389053
        ],
        [
            0.10226818919181824,
            0.02894226647913456,
            0.07602684199810028
        ],
        [
            0.12061544507741928,
            0.043196845799684525,
            0.051115550100803375
        ],
        [
            0.11628513038158417,
            0.03958149254322052,
            0.06173337250947952
        ],
        [
            0.11571865528821945,
            0.028227433562278748,
            0.0483982115983963
        ],
        [
            0.11952084302902222,
            0.0321732722222805,
            0.039581723511219025
        ],
        [
            0.08452016115188599,
            0.034571655094623566,
            0.03790608048439026
        ],
        [
            0.08387993276119232,
            0.02967473492026329,
            0.02827299013733864
        ],
        [
            0.0807943269610405,
            0.02764151431620121,
            0.03292824700474739
        ],
        [
            0.08097319304943085,
            0.03261079639196396,
            0.04184872657060623
        ],
        [
            0.054961927235126495,
            0.027400700375437737,
            0.06425759196281433
        ],
        [
            0.06026186794042587,
            0.015901736915111542,
            0.06350100040435791
        ],
        [
            0.06311441957950592,
            0.02285630814731121,
            0.06650936603546143
        ],
        [
            0.056109823286533356,
            0.032763317227363586,
            0.06282229721546173
        ],
        [
            0.08299238979816437,
            0.025825198739767075,
            -0.0008896216750144958
        ],
        [
            0.08578044921159744,
            0.014556951820850372,
            -0.008054882287979126
        ],
        [
            0.0824352279305458,
            0.010839246213436127,
            -0.004813797771930695
        ],
        [
            0.08102740347385406,
            0.021665669977664948,
            0.0013246387243270874
        ],
        [
            0.0653255358338356,
            0.0064898766577243805,
            0.008521631360054016
        ],
        [
            0.07161690294742584,
            -0.0010060220956802368,
            0.0038410574197769165
        ],
        [
            0.07173049449920654,
            -0.014128658920526505,
            0.006927825510501862
        ],
        [
            0.06604371964931488,
            -0.008729472756385803,
            0.014227829873561859
        ],
        [
            0.057920657098293304,
            0.013485396280884743,
            0.015581190586090088
        ],
        [
            0.05647387355566025,
            0.0001671910285949707,
            0.01945514976978302
        ],
        [
            0.04900696128606796,
            0.009050179272890091,
            0.026630006730556488
        ],
        [
            0.042405202984809875,
            0.02022644132375717,
            0.03869112581014633
        ],
        [
            0.09544620662927628,
            0.020779285579919815,
            -0.013949573040008545
        ],
        [
            0.09440234303474426,
            0.030179202556610107,
            -0.009873047471046448
        ],
        [
            0.060708463191986084,
            0.06698281317949295,
            0.09245356172323227
        ],
        [
            0.06453496962785721,
            0.07075508683919907,
            0.08943035453557968
        ],
        [
            0.06558559834957123,
            0.06698691844940186,
            0.0887962132692337
        ],
        [
            0.06185068190097809,
            0.06415700167417526,
            0.09207377582788467
        ],
        [
            0.11482775211334229,
            0.024339687079191208,
            -0.008815787732601166
        ],
        [
            0.12184116244316101,
            0.018837161362171173,
            -0.003894105553627014
        ],
        [
            0.12093153595924377,
            0.015743285417556763,
            -0.010474465787410736
        ],
        [
            0.11316856741905212,
            0.01949918642640114,
            -0.01443212479352951
        ],
        [
            0.1168924868106842,
            0.030717123299837112,
            -0.0013407394289970398
        ],
        [
            0.12230634689331055,
            0.023188523948192596,
            0.005292102694511414
        ],
        [
            0.06215318292379379,
            0.06853397935628891,
            0.10531223565340042
        ],
        [
            0.05912187695503235,
            0.06662832200527191,
            0.10140624642372131
        ],
        [
            0.06206965819001198,
            0.06288358569145203,
            0.1022987961769104
        ],
        [
            0.06624346226453781,
            0.0640697255730629,
            0.10549081861972809
        ],
        [
            0.06866904348134995,
            0.03498466685414314,
            0.06584043800830841
        ],
        [
            0.07386472076177597,
            0.03697257488965988,
            0.05841440707445145
        ],
        [
            0.07243778556585312,
            0.04360918700695038,
            0.07904089987277985
        ],
        [
            0.07421889901161194,
            0.04132652282714844,
            0.07149249315261841
        ],
        [
            0.07040627300739288,
            0.036331042647361755,
            0.07463179528713226
        ],
        [
            0.0700516551733017,
            0.03820069134235382,
            0.08118480443954468
        ],
        [
            0.08929064124822617,
            0.04911874979734421,
            0.05487340688705444
        ],
        [
            0.08820249140262604,
            0.04215867817401886,
            0.04549703374505043
        ],
        [
            0.08436611294746399,
            0.040056802332401276,
            0.0505366288125515
        ],
        [
            0.08385542035102844,
            0.04717480391263962,
            0.061351895332336426
        ],
        [
            0.09468874335289001,
            0.04982590675354004,
            0.0353815071284771
        ],
        [
            0.09561585634946823,
            0.0558277927339077,
            0.04559669643640518
        ],
        [
            0.09921922534704208,
            0.059498101472854614,
            0.0386735238134861
        ],
        [
            0.09714096784591675,
            0.055102746933698654,
            0.032295599579811096
        ],
        [
            0.09603545814752579,
            0.063553087413311,
            0.06462456285953522
        ],
        [
            0.09704712778329849,
            0.06674391776323318,
            0.07013502717018127
        ],
        [
            0.09782515466213226,
            0.06949850171804428,
            0.06797570735216141
        ],
        [
            0.09782814979553223,
            0.06504111737012863,
            0.06185537576675415
        ],
        [
            0.12057437002658844,
            0.011783823370933533,
            -0.016398154199123383
        ],
        [
            0.11137142777442932,
            0.014177896082401276,
            -0.019153766334056854
        ],
        [
            0.12623187899589539,
            0.053399525582790375,
            0.032446153461933136
        ],
        [
            0.12297914922237396,
            0.05722222477197647,
            0.022322706878185272
        ],
        [
            0.12505584955215454,
            0.06703011691570282,
            0.030173029750585556
        ],
        [
            0.12843289971351624,
            0.06038849055767059,
            0.03934504836797714
        ],
        [
            0.12357062846422195,
            0.012133404612541199,
            0.00398678332567215
        ],
        [
            0.12483983486890793,
            0.009595364332199097,
            -0.0033740028738975525
        ],
        [
            0.06735389679670334,
            0.07212389260530472,
            0.10643348842859268
        ],
        [
            0.07132486999034882,
            0.0673588439822197,
            0.1059073656797409
        ],
        [
            0.055050093680620193,
            -0.0022746771574020386,
            0.033386699855327606
        ],
        [
            0.044785089790821075,
            0.012506306171417236,
            0.04454297572374344
        ],
        [
            0.06555090844631195,
            -0.011728987097740173,
            0.02491169422864914
        ],
        [
            0.07418406009674072,
            -0.017056848853826523,
            0.019011862576007843
        ],
        [
            0.07885340601205826,
            -0.022137396037578583,
            0.012935161590576172
        ],
        [
            0.07824914902448654,
            0.04673122987151146,
            0.07138112187385559
        ],
        [
            0.07948129624128342,
            0.03655881807208061,
            0.05091008171439171
        ],
        [
            0.08731234073638916,
            0.03692180663347244,
            0.03426108881831169
        ],
        [
            0.10065355896949768,
            0.057496070861816406,
            0.015230782330036163
        ],
        [
            0.09885872155427933,
            0.051183007657527924,
            0.006851986050605774
        ],
        [
            0.0929122343659401,
            0.04851434379816055,
            0.015389956533908844
        ],
        [
            0.09624189138412476,
            0.05427674204111099,
            0.021184779703617096
        ],
        [
            0.11602620035409927,
            0.06291510909795761,
            0.01796511933207512
        ],
        [
            0.10850130021572113,
            0.06488253176212311,
            0.0200728178024292
        ],
        [
            0.11031627655029297,
            0.07035157084465027,
            0.026892252266407013
        ],
        [
            0.11783888936042786,
            0.06997103989124298,
            0.025500968098640442
        ],
        [
            0.04930810257792473,
            0.022632604464888573,
            0.06436531245708466
        ],
        [
            0.05644795671105385,
            0.010613642632961273,
            0.059998951852321625
        ],
        [
            0.10516819357872009,
            0.027934636920690536,
            -0.011641636490821838
        ],
        [
            0.10315698385238647,
            0.02136385440826416,
            -0.015426792204380035
        ],
        [
            0.10361519455909729,
            0.014215558767318726,
            -0.020132973790168762
        ],
        [
            0.08215498924255371,
            0.027138061821460724,
            0.014066562056541443
        ],
        [
            0.07954913377761841,
            0.018811214715242386,
            0.002804011106491089
        ],
        [
            0.07672978937625885,
            0.017013058066368103,
            0.005558475852012634
        ],
        [
            0.08146108686923981,
            0.024900205433368683,
            0.016751006245613098
        ],
        [
            0.07190459966659546,
            0.026585539802908897,
            0.02825644612312317
        ],
        [
            0.06683321297168732,
            0.021519657224416733,
            0.016930587589740753
        ],
        [
            0.06527011841535568,
            0.03317298740148544,
            0.03504250571131706
        ],
        [
            0.07786747813224792,
            0.004718180745840073,
            -0.0017651766538619995
        ],
        [
            0.0825820043683052,
            0.0030545592308044434,
            -0.011656396090984344
        ],
        [
            0.07813166826963425,
            -0.0031892582774162292,
            -0.00700649619102478
        ],
        [
            0.0894814133644104,
            0.008389897644519806,
            -0.016279391944408417
        ],
        [
            0.09674273431301117,
            0.012585528194904327,
            -0.019465453922748566
        ],
        [
            0.12786762416362762,
            0.004805020987987518,
            -0.009791180491447449
        ],
        [
            0.07521145045757294,
            -0.008879195898771286,
            -0.0015669912099838257
        ],
        [
            0.04707184061408043,
            0.03899593651294708,
            0.043105628341436386
        ],
        [
            0.043389834463596344,
            0.04140475019812584,
            0.05014987289905548
        ],
        [
            0.050369441509246826,
            0.04281032085418701,
            0.05284011363983154
        ],
        [
            0.053855545818805695,
            0.040726955980062485,
            0.0473548024892807
        ],
        [
            0.07526734471321106,
            0.0321340337395668,
            0.09135249257087708
        ],
        [
            0.07036842405796051,
            0.03510585427284241,
            0.0862002968788147
        ],
        [
            0.06911173462867737,
            0.030877016484737396,
            0.07911764830350876
        ],
        [
            0.08663907647132874,
            0.035650964826345444,
            0.004337109625339508
        ],
        [
            0.09600017964839935,
            0.03899972140789032,
            -0.0036504119634628296
        ],
        [
            0.07640151679515839,
            0.04889936000108719,
            0.07906954735517502
        ],
        [
            0.06920532137155533,
            0.06046248599886894,
            0.10634174942970276
        ],
        [
            0.06439904123544693,
            0.05862896144390106,
            0.10310237854719162
        ],
        [
            0.07111206650733948,
            0.043753962963819504,
            0.09803494065999985
        ],
        [
            0.0767146497964859,
            0.045824263244867325,
            0.10180625319480896
        ],
        [
            0.08211909979581833,
            0.054920297116041183,
            0.08466707170009613
        ],
        [
            0.07669559121131897,
            0.051604997366666794,
            0.0814942717552185
        ],
        [
            0.0772220566868782,
            0.05327736213803291,
            0.0826272964477539
        ],
        [
            0.08157715201377869,
            0.057996030896902084,
            0.08456495404243469
        ],
        [
            0.10193386673927307,
            0.07163965702056885,
            0.05980709567666054
        ],
        [
            0.10159653425216675,
            0.06781089305877686,
            0.0544670894742012
        ],
        [
            0.10043058544397354,
            0.04151085391640663,
            0.08610474318265915
        ],
        [
            0.09378235042095184,
            0.03123047575354576,
            0.09287437796592712
        ],
        [
            0.09284567832946777,
            0.023326143622398376,
            0.08254598826169968
        ],
        [
            0.09306804835796356,
            0.052198149263858795,
            0.04914438724517822
        ],
        [
            0.0945245549082756,
            0.058897536247968674,
            0.05704447999596596
        ],
        [
            0.09683017432689667,
            0.06087299808859825,
            0.054167769849300385
        ],
        [
            0.08100328594446182,
            0.05039088428020477,
            0.07285024225711823
        ],
        [
            0.08101150393486023,
            0.05299629643559456,
            0.07914453744888306
        ],
        [
            0.08429933339357376,
            0.05404270440340042,
            0.0756789892911911
        ],
        [
            0.08438735455274582,
            0.05192526429891586,
            0.0689687728881836
        ],
        [
            0.12206090986728668,
            0.047373030334711075,
            0.013595771044492722
        ],
        [
            0.11413126438856125,
            0.054307401180267334,
            0.008383359760046005
        ],
        [
            0.05869073048233986,
            0.06580396741628647,
            0.09672529250383377
        ],
        [
            0.06053312122821808,
            0.06264163553714752,
            0.09712059050798416
        ],
        [
            0.09189480543136597,
            0.0452849343419075,
            0.040064115077257156
        ],
        [
            0.09133917838335037,
            0.015583857893943787,
            0.06956011801958084
        ],
        [
            0.08995682001113892,
            0.03969534486532211,
            0.030265379697084427
        ],
        [
            0.12085762619972229,
            0.06466032564640045,
            0.05738086253404617
        ],
        [
            0.11700211465358734,
            0.07150959968566895,
            0.05391543731093407
        ],
        [
            0.11492251604795456,
            0.07474366575479507,
            0.058156829327344894
        ],
        [
            0.11816218495368958,
            0.07180042564868927,
            0.06248610466718674
        ],
        [
            0.07705994695425034,
            0.06959927082061768,
            0.08992791175842285
        ],
        [
            0.0716870129108429,
            0.06818607449531555,
            0.08770480006933212
        ],
        [
            0.07072297483682632,
            0.07048344612121582,
            0.08788972347974777
        ],
        [
            0.07537766546010971,
            0.07292622327804565,
            0.09084141999483109
        ],
        [
            0.07247598469257355,
            0.04739449545741081,
            0.08187954127788544
        ],
        [
            0.06944095343351364,
            0.04251128435134888,
            0.08471128344535828
        ],
        [
            0.06860734522342682,
            0.047184545546770096,
            0.08648861944675446
        ],
        [
            0.07265132665634155,
            0.0509495809674263,
            0.08382449299097061
        ],
        [
            0.0699714794754982,
            0.039496779441833496,
            0.09010684490203857
        ],
        [
            0.0683617889881134,
            0.04411931708455086,
            0.09223174303770065
        ],
        [
            0.08039150387048721,
            0.06950435042381287,
            0.09545882046222687
        ],
        [
            0.07911723852157593,
            0.06701201945543289,
            0.1025572419166565
        ],
        [
            0.08714178949594498,
            0.054718226194381714,
            0.09734180569648743
        ],
        [
            0.08545966446399689,
            0.059318020939826965,
            0.09102709591388702
        ],
        [
            0.1196466013789177,
            0.021057061851024628,
            0.02910788357257843
        ],
        [
            0.12302849441766739,
            0.02746705338358879,
            0.020503748208284378
        ],
        [
            0.12316710501909256,
            0.03865700587630272,
            0.030713893473148346
        ],
        [
            0.12455516308546066,
            0.049520403146743774,
            0.04079991951584816
        ],
        [
            0.12433420866727829,
            0.05957195162773132,
            0.05070751905441284
        ],
        [
            0.12271563708782196,
            0.05246796831488609,
            0.0609460286796093
        ],
        [
            0.12472599744796753,
            0.042319171130657196,
            0.02344973385334015
        ],
        [
            0.09094909578561783,
            0.052348650991916656,
            0.08590801060199738
        ],
        [
            0.09269706159830093,
            0.045805756002664566,
            0.09207416325807571
        ],
        [
            0.09595613926649094,
            0.0480659157037735,
            0.0875525027513504
        ],
        [
            0.09223831444978714,
            0.04472643882036209,
            0.025160539895296097
        ],
        [
            0.06194165349006653,
            0.05863833427429199,
            0.09839022159576416
        ],
        [
            0.09825216978788376,
            -0.017538554966449738,
            0.022938445210456848
        ],
        [
            0.10998962819576263,
            -0.011725425720214844,
            0.018752679228782654
        ],
        [
            0.10750782489776611,
            -0.00720510259270668,
            0.025938890874385834
        ],
        [
            0.09344698488712311,
            -0.013191115111112595,
            0.030396893620491028
        ],
        [
            0.06560222059488297,
            0.06457645446062088,
            0.08884283900260925
        ],
        [
            0.06199700012803078,
            0.060699932277202606,
            0.09244009852409363
        ],
        [
            0.10517358779907227,
            0.07232261449098587,
            0.05094026029109955
        ],
        [
            0.10547404736280441,
            0.0749131292104721,
            0.0565171018242836
        ],
        [
            0.1090109795331955,
            0.07697135210037231,
            0.0564764142036438
        ],
        [
            0.10870112478733063,
            0.07740118354558945,
            0.05006193369626999
        ],
        [
            0.12376776337623596,
            0.029917888343334198,
            0.015036415308713913
        ],
        [
            0.12480280548334122,
            0.07376129925251007,
            0.03434934467077255
        ],
        [
            0.12817220389842987,
            0.06782769411802292,
            0.04281120002269745
        ],
        [
            0.12274765968322754,
            0.017449818551540375,
            0.011918671429157257
        ],
        [
            0.12039639800786972,
            0.011530932039022446,
            0.0194668248295784
        ],
        [
            0.12127018719911575,
            0.00503375381231308,
            0.012168318033218384
        ],
        [
            0.11422629654407501,
            0.05181939899921417,
            0.07392754405736923
        ],
        [
            0.11631495505571365,
            0.018074553459882736,
            0.03666377440094948
        ],
        [
            0.11682069301605225,
            0.008463311940431595,
            0.025621064007282257
        ],
        [
            0.11768495291471481,
            0.0005478113889694214,
            0.017181940376758575
        ],
        [
            0.11923160403966904,
            -0.004900582134723663,
            0.01097668707370758
        ],
        [
            0.12287791073322296,
            0.000626489520072937,
            0.006060123443603516
        ],
        [
            0.07460334897041321,
            0.06369638442993164,
            0.10552710294723511
        ],
        [
            0.07631620019674301,
            0.07191936671733856,
            0.10314767807722092
        ],
        [
            0.12622736394405365,
            -0.0047914013266563416,
            -0.0005018636584281921
        ],
        [
            0.1213914304971695,
            -0.010581351816654205,
            0.005066879093647003
        ],
        [
            0.1115175187587738,
            0.0043638236820697784,
            0.032092392444610596
        ],
        [
            0.10332043468952179,
            -0.00022710859775543213,
            0.039296265691518784
        ],
        [
            0.11101464927196503,
            0.01394130289554596,
            0.04244278743863106
        ],
        [
            0.1032935082912445,
            0.010127775371074677,
            0.05051940307021141
        ],
        [
            0.11279895901679993,
            0.043098483234643936,
            0.08051510900259018
        ],
        [
            0.06556246429681778,
            0.08734457194805145,
            0.09808758646249771
        ],
        [
            0.07386152446269989,
            0.07925640046596527,
            0.0983516275882721
        ],
        [
            0.07293401658535004,
            0.07773620635271072,
            0.09265412390232086
        ],
        [
            0.06654266268014908,
            0.08678733557462692,
            0.09390129148960114
        ],
        [
            0.07770263403654099,
            0.07367062568664551,
            0.09625627100467682
        ],
        [
            0.07223676145076752,
            0.07682401686906815,
            0.10352062433958054
        ],
        [
            0.08967375755310059,
            0.005879905074834824,
            0.05697977542877197
        ],
        [
            0.08523739874362946,
            0.05636700987815857,
            0.08077452331781387
        ],
        [
            0.08540394902229309,
            -0.0051022544503211975,
            0.04416145384311676
        ],
        [
            0.073875792324543,
            0.007050711661577225,
            0.06529395282268524
        ],
        [
            0.06878981739282608,
            0.0005189999938011169,
            0.05459759384393692
        ],
        [
            0.0790477991104126,
            -0.015756774693727493,
            0.030792303383350372
        ],
        [
            0.06600537151098251,
            -0.008363492786884308,
            0.04082104191184044
        ],
        [
            0.08916857838630676,
            -0.023933790624141693,
            0.016829319298267365
        ],
        [
            0.08586340397596359,
            -0.019372373819351196,
            0.023955389857292175
        ],
        [
            0.0544721819460392,
            0.002676088362932205,
            0.04866248369216919
        ],
        [
            0.057191796600818634,
            0.07573270052671432,
            0.08980867266654968
        ],
        [
            0.06183420866727829,
            0.07905007153749466,
