{
    "pred_cam": [
        8.96528148651123,
        0.06563876569271088,
        -0.05849623680114746
    ],
    "pred_mano_params": {
        "global_orient": [
            [
                [
                    0.009259610436856747,
                    0.7440808415412903,
                    -0.6680254936218262
                ],
                [
                    -0.5303245782852173,
                    -0.5627090334892273,
                    -0.6341249942779541
                ],
                [
                    -0.8477441668510437,
                    0.3601420819759369,
                    0.3893938958644867
                ]
            ]
        ],
        "hand_pose": [
            [
                [
                    0.6820316314697266,
                    -0.717214047908783,
                    -0.14295756816864014
                ],
                [
                    0.7119347453117371,
                    0.6958537697792053,
                    -0.0945325642824173
                ],
                [
                    0.16727766394615173,
                    -0.03730226680636406,
                    0.9852039217948914
                ]
            ],
            [
                [
                    0.5939521789550781,
                    -0.7506952285766602,
                    0.2892707884311676
                ],
                [
                    0.796510636806488,
                    0.49817514419555664,
                    -0.3426256775856018
                ],
                [
                    0.11309991776943207,
                    0.4339105188846588,
                    0.8938289880752563
                ]
            ],
            [
                [
                    0.9289055466651917,
                    -0.36395058035850525,
                    0.06837001442909241
                ],
                [
                    0.3408970236778259,
                    0.9125257730484009,
                    0.22602209448814392
                ],
                [
                    -0.14465026557445526,
                    -0.18664604425430298,
                    0.9717199206352234
                ]
            ],
            [
                [
                    0.5697670578956604,
                    -0.821691632270813,
                    -0.013726724311709404
                ],
                [
                    0.8206166625022888,
                    0.567964494228363,
                    0.06328242272138596
                ],
                [
                    -0.04420234262943268,
                    -0.047320615500211716,
                    0.9979012608528137
                ]
            ],
            [
                [
                    0.9062349200248718,
                    -0.38657763600349426,
                    -0.1711607277393341
                ],
                [
                    0.4173767864704132,
                    0.882552444934845,
                    0.21655890345573425
                ],
                [
                    0.06734149158000946,
                    -0.2676917612552643,
                    0.9611483812332153
                ]
            ],
            [
                [
                    0.9372698068618774,
                    -0.3476758599281311,
                    0.025433959439396858
                ],
                [
                    0.348435640335083,
                    0.9365914463996887,
                    -0.0372702032327652
                ],
                [
                    -0.010863278992474079,
                    0.04379433020949364,
                    0.9989815354347229
                ]
            ],
            [
                [
                    0.7863417863845825,
                    -0.6057081818580627,
                    0.1215897798538208
                ],
                [
                    0.5980600118637085,
                    0.7956820726394653,
                    0.09599093347787857
                ],
                [
                    -0.1548893004655838,
                    -0.0027637025341391563,
                    0.9879279136657715
                ]
            ],
            [
                [
                    0.89896160364151,
                    -0.42442214488983154,
                    0.10832284390926361
                ],
                [
                    0.33926913142204285,
                    0.8310757875442505,
                    0.4406920373439789
                ],
                [
                    -0.27706393599510193,
                    -0.35941463708877563,
                    0.8910985589027405
                ]
            ],
            [
                [
                    0.9489940404891968,
                    -0.2951747477054596,
                    0.11082463711500168
                ],
                [
                    0.2121557891368866,
                    0.857833743095398,
                    0.4680933654308319
                ],
                [
                    -0.23323842883110046,
                    -0.42070576548576355,
                    0.8767021298408508
                ]
            ],
            [
                [
                    0.7191340327262878,
                    -0.6837278008460999,
                    0.12394535541534424
                ],
                [
                    0.6936568021774292,
                    0.7169061899185181,
                    -0.06989763677120209
                ],
                [
                    -0.0410662405192852,
                    0.13624131679534912,
                    0.9898240566253662
                ]
            ],
            [
                [
                    0.8524067401885986,
                    -0.5218181610107422,
                    -0.03329353407025337
                ],
                [
                    0.46653294563293457,
                    0.7302542328834534,
                    0.49907493591308594
                ],
                [
                    -0.23611362278461456,
                    -0.44094744324684143,
                    0.8659189939498901
                ]
            ],
            [
                [
                    0.8624376654624939,
                    -0.5050774216651917,
                    0.033137496560811996
                ],
                [
                    0.49716106057167053,
                    0.8575739860534668,
                    0.13190047442913055
                ],
                [
                    -0.09503781050443649,
                    -0.09728126227855682,
                    0.9907089471817017
                ]
            ],
            [
                [
                    0.9922703504562378,
                    -0.006111565046012402,
                    -0.12394403666257858
                ],
                [
                    -0.09972180426120758,
                    0.555184006690979,
                    -0.825727641582489
                ],
                [
                    0.07385823875665665,
                    0.8317050337791443,
                    0.5502831935882568
                ]
            ],
            [
                [
                    0.9812017679214478,
                    -0.11431939899921417,
                    -0.1554805040359497
                ],
                [
                    0.17824627459049225,
                    0.8456505537033081,
                    0.5030938982963562
                ],
                [
                    0.07396876811981201,
                    -0.5213504433631897,
                    0.8501307964324951
                ]
            ],
            [
                [
                    0.8090895414352417,
                    -0.43379706144332886,
                    -0.39647746086120605
                ],
                [
                    0.267743855714798,
                    0.872649610042572,
                    -0.40840673446655273
                ],
                [
                    0.5231514573097229,
                    0.22428318858146667,
                    0.8221981525421143
                ]
            ]
        ],
        "betas": [
            -0.10361963510513306,
            -0.08530190587043762,
            0.09783342480659485,
            -0.004635542631149292,
            0.0060599446296691895,
            0.0447397418320179,
            -0.030270367860794067,
            -0.04044005274772644,
            -0.012599453330039978,
            -0.032959699630737305
        ]
    },
    "pred_cam_t": [
        -0.06563876569271088,
        -0.05849623680114746,
        4.357085704803467
    ],
    "focal_length": [
        5000.0,
        5000.0
    ],
    "pred_keypoints_3d": [
        [
            0.09609464555978775,
            0.006430353038012981,
            0.006233572494238615
        ],
        [
            0.06683773547410965,
            0.011508329771459103,
            0.031205184757709503
        ],
        [
            0.04549817368388176,
            0.025151778012514114,
            0.04889152571558952
        ],
        [
            0.0350152924656868,
            0.040842700749635696,
            0.06844106316566467
        ],
        [
            0.029589446261525154,
            0.07223214209079742,
            0.08100800216197968
        ],
        [
            0.07749930769205093,
            0.043085481971502304,
            0.08745099604129791
        ],
        [
            0.06410132348537445,
            0.07046917825937271,
            0.10026261955499649
        ],
        [
            0.0514385923743248,
            0.08246513456106186,
            0.08645135164260864
        ],
        [
            0.038409337401390076,
            0.08987178653478622,
            0.06687139719724655
        ],
        [
            0.09637106955051422,
            0.05986209958791733,
            0.08501864969730377
        ],
        [
            0.0804726630449295,
            0.08687855303287506,
            0.09068507701158524
        ],
        [
            0.06573577970266342,
            0.10297124087810516,
            0.08233921229839325
        ],
        [
            0.04792781174182892,
            0.1177748367190361,
            0.07073041796684265
        ],
        [
            0.11035338044166565,
            0.06929650157690048,
            0.0640246644616127
        ],
        [
            0.09922787547111511,
            0.09358270466327667,
            0.07529520988464355
        ],
        [
            0.08198440819978714,
            0.10997453331947327,
            0.06800805032253265
        ],
        [
            0.061680179089307785,
            0.11982756853103638,
            0.05647219717502594
        ],
        [
            0.1171090304851532,
            0.07636083662509918,
            0.044339701533317566
        ],
        [
            0.11497598886489868,
            0.09692662954330444,
            0.04916176572442055
        ],
        [
            0.10301268100738525,
            0.11158779263496399,
            0.04703067988157272
        ],
        [
            0.08511266857385635,
            0.12012232840061188,
            0.043557412922382355
        ]
    ],
    "pred_vertices": [
        [
            0.07194960117340088,
            0.03253339231014252,
            0.048871371895074844
        ],
        [
            0.07153745740652084,
            0.028628883883357048,
            0.03906141594052315
        ],
        [
            0.06415291130542755,
            0.03198760747909546,
            0.04538968950510025
        ],
        [
            0.06487865746021271,
            0.03362118452787399,
            0.05513012036681175
        ],
        [
            0.05688853561878204,
            0.028101591393351555,
            0.025061048567295074
        ],
        [
            0.050126463174819946,
            0.018865829333662987,
            0.021442726254463196
        ],
        [
            0.04220200330018997,
            0.026821976527571678,
            0.03359869867563248
        ],
        [
            0.04853202402591705,
            0.034315548837184906,
            0.03456632047891617
        ],
        [
            0.06021824851632118,
            0.0337417796254158,
            0.0613110326230526
        ],
        [
            0.05819682031869888,
            0.034930385649204254,
            0.05079835653305054
        ],
        [
            0.059513919055461884,
            0.030255615711212158,
            0.06422896683216095
        ],
        [
            0.06562352180480957,
            0.026063576340675354,
            0.07574273645877838
        ],
        [
            0.06407152116298676,
            0.031699441373348236,
            0.07118050009012222
        ],
        [
            0.06977136433124542,
            0.02759673073887825,
            0.08319365233182907
        ],
        [
            0.07118263840675354,
            0.01641378179192543,
            0.07421992719173431
        ],
        [
            0.07863856106996536,
            0.024398060515522957,
            0.08584937453269958
        ],
        [
            0.09920673817396164,
            0.019133329391479492,
            0.06383507698774338
        ],
        [
            0.10865023732185364,
            0.02521783858537674,
            0.055750757455825806
        ],
        [
            0.10978806018829346,
            0.0361400842666626,
            0.06970833241939545
        ],
        [
            0.09947913885116577,
            0.029469413682818413,
            0.07625791430473328
        ],
        [
            0.1186394989490509,
            0.04353475570678711,
            0.05180623382329941
        ],
        [
            0.11394800245761871,
            0.04001964256167412,
            0.062335215508937836
        ],
        [
            0.11392609775066376,
            0.028556913137435913,
            0.04901969060301781
        ],
        [
            0.11806223541498184,
            0.032447464764118195,
            0.040317241102457047
        ],
        [
            0.08312888443470001,
            0.034770142287015915,
            0.03722552955150604
        ],
        [
            0.08289673179388046,
            0.0299150999635458,
            0.027610372751951218
        ],
        [
            0.07953644543886185,
            0.02802046202123165,
            0.032203856855630875
        ],
        [
            0.0793909803032875,
            0.03284809738397598,
            0.04105805978178978
        ],
        [
            0.05143070966005325,
            0.024749353528022766,
            0.06333320587873459
        ],
        [
            0.057409707456827164,
            0.01440797746181488,
            0.06231802701950073
        ],
        [
            0.059899069368839264,
            0.021472467109560966,
            0.06569362431764603
        ],
        [
            0.052363187074661255,
            0.030212832614779472,
            0.06226193159818649
        ],
        [
            0.08320312201976776,
            0.025781162083148956,
            -0.0015251561999320984
        ],
        [
            0.08629971742630005,
            0.014465659856796265,
            -0.008492790162563324
        ],
        [
            0.08283603936433792,
            0.010779522359371185,
            -0.005370296537876129
        ],
        [
            0.0811847671866417,
            0.021687719970941544,
            0.0006348341703414917
        ],
        [
            0.06520877033472061,
            0.006361078470945358,
            0.007310442626476288
        ],
        [
            0.07181097567081451,
            -0.0010552555322647095,
            0.0028923526406288147
        ],
        [
            0.07185961306095123,
            -0.014305908232927322,
            0.006046488881111145
        ],
        [
            0.06599024683237076,
            -0.009063921868801117,
            0.013075269758701324
        ],
        [
            0.057222481817007065,
            0.013139402493834496,
            0.014172568917274475
        ],
        [
            0.056100811809301376,
            -0.00045032426714897156,
            0.017839372158050537
        ],
        [
            0.04809604212641716,
            0.007901694625616074,
            0.02474355697631836
        ],
        [
            0.04045110195875168,
            0.01796388253569603,
            0.03670763596892357
        ],
        [
            0.09618297964334488,
            0.02067728340625763,
            -0.014037884771823883
        ],
        [
            0.09495637565851212,
            0.030095160007476807,
            -0.010069496929645538
        ],
        [
            0.05693705007433891,
            0.06488308310508728,
            0.08828352391719818
        ],
        [
            0.060743965208530426,
            0.06873077899217606,
            0.08519449084997177
        ],
        [
            0.0616501048207283,
            0.06554924696683884,
            0.08515425026416779
        ],
        [
            0.05799342691898346,
            0.06262229382991791,
            0.0883852019906044
        ],
        [
            0.11534538120031357,
            0.02431657537817955,
            -0.008172526955604553
        ],
        [
            0.12217608094215393,
            0.01885874569416046,
            -0.002941630780696869
        ],
        [
            0.12153651565313339,
            0.01573004573583603,
            -0.009539447724819183
        ],
        [
            0.11392175406217575,
            0.01944764330983162,
            -0.013828232884407043
        ],
        [
            0.11708274483680725,
            0.030736207962036133,
            -0.0006504282355308533
        ],
        [
            0.12225181609392166,
            0.02326139807701111,
            0.006233341991901398
        ],
        [
            0.05679367482662201,
            0.06809039413928986,
            0.1010112315416336
        ],
        [
            0.05440186709165573,
            0.06542152166366577,
            0.09703794121742249
        ],
        [
            0.05743854120373726,
            0.06230727583169937,
            0.09863521158695221
        ],
        [
            0.0611523799598217,
            0.06418532133102417,
            0.10203906148672104
        ],
        [
            0.06601175665855408,
            0.03512386977672577,
            0.06461961567401886
        ],
        [
            0.07158646732568741,
            0.03720611333847046,
            0.05731910467147827
        ],
        [
            0.06942039728164673,
            0.04367265850305557,
            0.07764413952827454
        ],
        [
            0.07150685787200928,
            0.04162275418639183,
            0.07031404972076416
        ],
        [
            0.06758244335651398,
            0.0365590937435627,
            0.0733754113316536
        ],
        [
            0.06700950860977173,
            0.03833998739719391,
            0.07979539036750793
        ],
        [
            0.08720336109399796,
            0.04941762983798981,
            0.0542544424533844
        ],
        [
            0.08650077134370804,
            0.04239954799413681,
            0.04489684849977493
        ],
        [
            0.08246360719203949,
            0.04031885415315628,
            0.04979492351412773
        ],
        [
            0.08151882886886597,
            0.04748636484146118,
            0.06051065772771835
        ],
        [
            0.09339847415685654,
            0.050029657781124115,
            0.03501508757472038
        ],
        [
            0.09389369189739227,
            0.056113772094249725,
            0.04521487280726433
        ],
        [
            0.09780310839414597,
            0.059774741530418396,
            0.038442473858594894
        ],
        [
            0.0959836095571518,
            0.055302694439888,
            0.03200741112232208
        ],
        [
            0.0935898944735527,
            0.06385968625545502,
            0.06418169289827347
        ],
        [
            0.09429685026407242,
            0.06688858568668365,
            0.06948153674602509
        ],
        [
            0.0950932726264,
            0.07005362957715988,
            0.06753335148096085
        ],
        [
            0.09543387591838837,
            0.06545604765415192,
            0.061464231461286545
        ],
        [
            0.12141923606395721,
            0.011739462614059448,
            -0.015452541410923004
        ],
        [
            0.11232201755046844,
            0.014098361134529114,
            -0.018589526414871216
        ],
        [
            0.12505170702934265,
            0.05360615998506546,
            0.03331930562853813
        ],
        [
            0.12222994863986969,
            0.05743194371461868,
            0.023044954985380173
        ],
        [
            0.12420839816331863,
            0.06726223975419998,
            0.030981678515672684
        ],
        [
            0.12707281112670898,
            0.060599520802497864,
            0.040294017642736435
        ],
        [
            0.1236034482717514,
            0.012199677526950836,
            0.0050493329763412476
        ],
        [
            0.1251768171787262,
            0.009624078869819641,
            -0.0022433623671531677
        ],
        [
            0.06154073029756546,
            0.0723235011100769,
            0.10229246318340302
        ],
        [
            0.06584687530994415,
            0.06801508367061615,
            0.10265643894672394
        ],
        [
            0.05437948554754257,
            -0.0032784417271614075,
            0.03148911893367767
        ],
        [
            0.04305974394083023,
            0.010172083973884583,
            0.04238351434469223
        ],
        [
            0.06531531363725662,
            -0.012095049023628235,
            0.023538433015346527
        ],
        [
            0.07404513657093048,
            -0.017202965915203094,
            0.018090859055519104
        ],
        [
            0.07880658656358719,
            -0.022244170308113098,
            0.01231076568365097
        ],
        [
            0.0755312368273735,
            0.047016650438308716,
            0.07027550786733627
        ],
        [
            0.07754229754209518,
            0.036803968250751495,
            0.05001584812998772
        ],
        [
            0.08607489615678787,
            0.03709118813276291,
            0.03367811441421509
        ],
        [
            0.10017431527376175,
            0.05759735405445099,
            0.01509765163064003
        ],
        [
            0.09870921075344086,
            0.051211386919021606,
            0.00668499618768692
        ],
        [
            0.09243258833885193,
            0.0485769547522068,
            0.014991868287324905
        ],
        [
            0.09553132206201553,
            0.05439949780702591,
            0.020885854959487915
        ],
        [
            0.11547829955816269,
            0.06309624016284943,
            0.01841791719198227
        ],
        [
            0.10785999149084091,
            0.06507912278175354,
            0.02024105191230774
        ],
        [
            0.10955861955881119,
            0.07069583237171173,
            0.02716755121946335
        ],
        [
            0.11718543618917465,
            0.07025658339262009,
            0.02604534476995468
        ],
        [
            0.04603803902864456,
            0.01964239962399006,
            0.06284729391336441
        ],
        [
            0.05403059720993042,
            0.008966151624917984,
            0.05845281109213829
        ],
        [
            0.1057903990149498,
            0.027866914868354797,
            -0.01139705628156662
        ],
        [
            0.10394798964262009,
            0.021274767816066742,
            -0.01521705836057663
        ],
        [
            0.10460591316223145,
            0.014107968658208847,
            -0.019871436059474945
        ],
        [
            0.08178500831127167,
            0.02732226997613907,
            0.013355746865272522
        ],
        [
            0.07967367023229599,
            0.018900427967309952,
            0.002062298357486725
        ],
        [
            0.07674320787191391,
            0.01719343662261963,
            0.004707448184490204
        ],
        [
            0.08097763359546661,
            0.025240635499358177,
            0.016026251018047333
        ],
        [
            0.07021799683570862,
            0.026967547833919525,
            0.02759668231010437
        ],
        [
            0.06588328629732132,
            0.021704889833927155,
            0.015948578715324402
        ],
        [
            0.06260643154382706,
            0.03285093605518341,
            0.03461811691522598
        ],
        [
            0.07818405330181122,
            0.004692733287811279,
            -0.00249297171831131
        ],
        [
            0.08325185626745224,
            0.0029507428407669067,
            -0.012167014181613922
        ],
        [
            0.07863982021808624,
            -0.0032856687903404236,
            -0.007671281695365906
        ],
        [
            0.09032939374446869,
            0.008272610604763031,
            -0.016540445387363434
        ],
        [
            0.097712941467762,
            0.012464459985494614,
            -0.019460543990135193
        ],
        [
            0.128464013338089,
            0.004806488752365112,
            -0.008510813117027283
        ],
        [
            0.07555322349071503,
            -0.008993551135063171,
            -0.0023113414645195007
        ],
        [
            0.04394892603158951,
            0.03672682121396065,
            0.042199015617370605
        ],
        [
            0.03990812227129936,
            0.038451723754405975,
            0.048986680805683136
        ],
        [
            0.04669314622879028,
            0.040116071701049805,
            0.05229318141937256
        ],
        [
            0.05042500048875809,
            0.03867214545607567,
            0.04700346291065216
        ],
        [
            0.07179520279169083,
            0.03254237771034241,
            0.09029986709356308
        ],
        [
            0.06708893179893494,
            0.03529100865125656,
            0.08488252758979797
        ],
        [
            0.0660296082496643,
            0.030986640602350235,
            0.07793667167425156
        ],
        [
            0.0866183191537857,
            0.03562711179256439,
            0.0037756115198135376
        ],
        [
            0.09629103541374207,
            0.038950365036726,
            -0.0038480088114738464
        ],
        [
            0.07321616262197495,
            0.04895869642496109,
            0.07763250917196274
        ],
        [
            0.06398789584636688,
            0.06096576899290085,
            0.10336312651634216
        ],
        [
            0.059569984674453735,
            0.05845458433032036,
            0.10002703964710236
        ],
        [
            0.0671258345246315,
            0.04392604902386665,
            0.09625925868749619
        ],
        [
            0.07245420664548874,
            0.04657185450196266,
            0.10015590488910675
        ],
        [
            0.07837775349617004,
            0.05508776009082794,
            0.08293239772319794
        ],
        [
            0.07310155779123306,
            0.05143425241112709,
            0.0797015130519867
        ],
        [
            0.07345589250326157,
            0.05304492264986038,
            0.08057564496994019
        ],
        [
            0.07755228132009506,
            0.05810896307229996,
            0.08238546550273895
        ],
        [
            0.09968211501836777,
            0.07218925654888153,
            0.05965455621480942
        ],
        [
            0.09956969320774078,
            0.06825968623161316,
            0.0542738139629364
        ],
        [
            0.09715979546308517,
            0.042241502553224564,
            0.08610082417726517
        ],
        [
            0.09035877138376236,
            0.0320768877863884,
            0.09277092665433884
        ],
        [
            0.08977288007736206,
            0.02367463707923889,
            0.0824822187423706
        ],
        [
            0.09120438247919083,
            0.052483849227428436,
            0.04867001995444298
        ],
        [
            0.09234301000833511,
            0.05922902747988701,
            0.05657430365681648
        ],
        [
            0.09475593268871307,
            0.061228714883327484,
            0.05378623306751251
        ],
        [
            0.07818468660116196,
            0.05069157853722572,
            0.07177573442459106
        ],
        [
            0.07777253538370132,
            0.053197722882032394,
            0.0778297632932663
        ],
        [
            0.08137761801481247,
            0.054333463311195374,
            0.07469789683818817
        ],
        [
            0.08173630386590958,
            0.05225914716720581,
            0.06808162480592728
        ],
        [
            0.12161669135093689,
            0.04750068485736847,
            0.014356445521116257
        ],
        [
            0.11389871686697006,
            0.054392389953136444,
            0.008805245161056519
        ],
        [
            0.05456795170903206,
            0.06399364769458771,
            0.09245949983596802
        ],
        [
            0.056345924735069275,
            0.06145137920975685,
            0.09341331571340561
        ],
        [
            0.0904119610786438,
            0.04550617188215256,
            0.039602842181921005
        ],
        [
            0.08878213167190552,
            0.015775786712765694,
            0.06931345164775848
        ],
        [
            0.08888425678014755,
            0.03984164446592331,
            0.029777437448501587
        ],
        [
            0.11870584636926651,
            0.0650470107793808,
            0.058060191571712494
        ],
        [
            0.11523891985416412,
            0.07199601083993912,
            0.05454248934984207
        ],
        [
            0.11290627717971802,
            0.07519663870334625,
            0.05867636948823929
        ],
        [
            0.1158638671040535,
            0.07217855006456375,
            0.06311444193124771
        ],
        [
            0.07229506969451904,
            0.06951659917831421,
            0.08661409467458725
        ],
        [
            0.06708414107561111,
            0.0675453394651413,
            0.08426233381032944
        ],
        [
            0.06656190752983093,
            0.06938919425010681,
            0.08428966999053955
        ],
        [
            0.07077290117740631,
            0.0725938007235527,
            0.08728335797786713
        ],
        [
            0.06904496252536774,
            0.04706408083438873,
            0.08010144531726837
        ],
        [
            0.06609853357076645,
            0.04229779541492462,
            0.0830300897359848
        ],
        [
            0.06494294106960297,
            0.04664861410856247,
            0.08439815044403076
        ],
        [
            0.06892543286085129,
            0.05050967261195183,
            0.08168473094701767
        ],
        [
            0.0664890855550766,
            0.039412274956703186,
            0.08851923048496246
        ],
        [
            0.06463446468114853,
            0.043828196823596954,
            0.0903104841709137
        ],
        [
            0.07530396431684494,
            0.07015351206064224,
            0.09231891483068466
        ],
        [
            0.07362674921751022,
            0.06818131357431412,
            0.09959739446640015
        ],
        [
            0.08269241452217102,
            0.05591150373220444,
            0.09556351602077484
        ],
        [
            0.08114869892597198,
            0.0600629597902298,
            0.08888338506221771
        ],
        [
            0.11864065378904343,
            0.021265815943479538,
            0.02993648126721382
        ],
        [
            0.12235194444656372,
            0.027631428092718124,
            0.021429140120744705
        ],
        [
            0.1220543310046196,
            0.03887586668133736,
            0.031550660729408264
        ],
        [
            0.12302813678979874,
            0.049772776663303375,
            0.04160625487565994
        ],
        [
            0.12240270525217056,
            0.05988860875368118,
            0.051477909088134766
        ],
        [
            0.12029864639043808,
            0.05286375433206558,
            0.06166393309831619
        ],
        [
            0.12389916181564331,
            0.04249867796897888,
            0.024333685636520386
        ],
        [
            0.08747822046279907,
            0.052668508142232895,
            0.08484058827161789
        ],
        [
            0.08897530287504196,
            0.04677864909172058,
            0.09130705893039703
        ],
        [
            0.09240005910396576,
            0.048688262701034546,
            0.08702420443296432
        ],
        [
            0.09136737883090973,
            0.04484690725803375,
            0.024741873145103455
        ],
        [
            0.057345401495695114,
            0.0579705610871315,
            0.0951668992638588
        ],
        [
            0.09768915176391602,
            -0.017454057931900024,
            0.023078255355358124
        ],
        [
            0.10950692743062973,
            -0.011617988348007202,
            0.019393712282180786
        ],
        [
            0.1067337617278099,
            -0.007055684924125671,
            0.026442885398864746
        ],
        [
            0.0926649272441864,
            -0.013098664581775665,
            0.030252881348133087
        ],
        [
            0.06108218431472778,
            0.06360914558172226,
            0.08537749201059341
        ],
        [
            0.05762442946434021,
            0.059656523168087006,
            0.0890975147485733
        ],
        [
            0.10345938801765442,
            0.07281126081943512,
            0.05096296966075897
        ],
        [
            0.10348837822675705,
            0.0754106342792511,
            0.05657878890633583
        ],
        [
            0.10708974301815033,
            0.07743978500366211,
            0.05676132068037987
        ],
        [
            0.10724638402462006,
            0.07797475904226303,
            0.050363797694444656
        ],
        [
            0.12330055236816406,
            0.030049510300159454,
            0.015980597585439682
        ],
        [
            0.12417186796665192,
            0.07388900965452194,
            0.035444967448711395
        ],
        [
            0.12692062556743622,
            0.068027563393116,
            0.04390926659107208
        ],
        [
            0.12244433164596558,
            0.017560839653015137,
            0.012907899916172028
        ],
        [
            0.11980517953634262,
            0.011680029332637787,
            0.020396385341882706
        ],
        [
            0.12099602073431015,
            0.0051390305161476135,
            0.01317894458770752
        ],
        [
            0.11134457588195801,
            0.05243440717458725,
            0.07436718046665192
        ],
        [
            0.11501467227935791,
            0.01832560822367668,
            0.037377435714006424
        ],
        [
            0.11598839610815048,
            0.008642353117465973,
            0.02642175182700157
        ],
        [
            0.11721689254045486,
            0.0006745308637619019,
            0.01807323843240738
        ],
        [
            0.11903174966573715,
            -0.004812248051166534,
            0.011965885758399963
        ],
        [
            0.12286390364170074,
            0.0006991252303123474,
            0.007163144648075104
        ],
        [
            0.06917941570281982,
            0.06459955126047134,
            0.1026192232966423
        ],
        [
            0.07068401575088501,
            0.07292812317609787,
            0.09982231259346008
        ],
        [
            0.12648555636405945,
            -0.004748031497001648,
            0.0007669031620025635
        ],
        [
            0.12144005298614502,
            -0.010522939264774323,
            0.006172843277454376
        ],
        [
            0.11043926328420639,
            0.0045644380152225494,
            0.03270401060581207
        ],
        [
            0.10204512625932693,
            -2.2746622562408447e-05,
            0.039547014981508255
        ],
        [
            0.10949528962373734,
            0.014210525900125504,
            0.042972054332494736
        ],
        [
            0.10150089859962463,
            0.01040913537144661,
            0.05074387043714523
        ],
        [
            0.10982868075370789,
            0.04387587308883667,
            0.08124944567680359
        ],
        [
            0.05909550562500954,
            0.0861855149269104,
            0.09146954864263535
        ],
        [
            0.0681893527507782,
            0.0793863832950592,
            0.09385865181684494
        ],
        [
            0.06807530671358109,
            0.07703643292188644,
            0.08831410109996796
        ],
        [
            0.0606960766017437,
            0.08513696491718292,
            0.08755826950073242
        ],
        [
            0.07254879921674728,
            0.07411470264196396,
            0.09274359047412872
        ],
        [
            0.06626462936401367,
            0.07737851142883301,
            0.09919518977403641
        ],
        [
            0.08772506564855576,
            0.0059813931584358215,
            0.05660988390445709
        ],
        [
            0.08202825486660004,
            0.05644015222787857,
            0.07951582223176956
        ],
        [
            0.08418630808591843,
            -0.00513039156794548,
            0.043536700308322906
        ],
        [
            0.07146132737398148,
            0.006554316729307175,
            0.06436590850353241
        ],
        [
            0.06704902648925781,
            -0.000138748437166214,
            0.05332886427640915
        ],
        [
            0.07855390757322311,
            -0.01588263362646103,
            0.029949955642223358
        ],
        [
            0.06517398357391357,
            -0.009003609418869019,
            0.039316050708293915
        ],
        [
            0.08891208469867706,
            -0.02395053207874298,
            0.01664406806230545
        ],
        [
            0.08543820679187775,
            -0.019398093223571777,
            0.02353401482105255
        ],
        [
            0.053014472126960754,
            0.001092325896024704,
            0.046717651188373566
        ],
        [
            0.053099364042282104,
            0.07236348092556,
            0.08412056416273117
        ],
        [
            0.05761972442269325,
            0.07601962983608246,
            0.08233688771724701
