{
    "pred_cam": [
        9.748845100402832,
        0.05357205867767334,
        -0.05109603703022003
    ],
    "pred_mano_params": {
        "global_orient": [
            [
                [
                    0.06776802241802216,
                    0.7606457471847534,
                    -0.6456203460693359
                ],
                [
                    -0.41882258653640747,
                    -0.5656408071517944,
                    -0.7103789448738098
                ],
                [
                    -0.905535876750946,
                    0.31854134798049927,
                    0.28024324774742126
                ]
            ]
        ],
        "hand_pose": [
            [
                [
                    0.7637578845024109,
                    -0.6273282766342163,
                    -0.15209545195102692
                ],
                [
                    0.621651828289032,
                    0.7782862186431885,
                    -0.08842756599187851
                ],
                [
                    0.17384693026542664,
                    -0.027013178914785385,
                    0.9844020009040833
                ]
            ],
            [
                [
                    0.37371665239334106,
                    -0.8767592906951904,
                    0.3027026951313019
                ],
                [
                    0.9180750250816345,
                    0.3031397759914398,
                    -0.2554299533367157
                ],
                [
                    0.13218939304351807,
                    0.3733622431755066,
                    0.9182192087173462
                ]
            ],
            [
                [
                    0.89583420753479,
                    -0.4362727701663971,
                    0.08454101532697678
                ],
                [
                    0.4128194749355316,
                    0.8874199390411377,
                    0.20509985089302063
                ],
                [
                    -0.16450285911560059,
                    -0.14883527159690857,
                    0.97508305311203
                ]
            ],
            [
                [
                    0.5689583420753479,
                    -0.8222965002059937,
                    0.010707334615290165
                ],
                [
                    0.8189486265182495,
                    0.5677316784858704,
                    0.0836888775229454
                ],
                [
                    -0.07489597797393799,
                    -0.03884674236178398,
                    0.9964342713356018
                ]
            ],
            [
                [
                    0.6877973079681396,
                    -0.6861261129379272,
                    -0.23699325323104858
                ],
                [
                    0.7237519025802612,
                    0.6732967495918274,
                    0.15117798745632172
                ],
                [
                    0.055839598178863525,
                    -0.27550411224365234,
                    0.9596767425537109
                ]
            ],
            [
                [
                    0.8749852180480957,
                    -0.48257145285606384,
                    0.03906026855111122
                ],
                [
                    0.4834941029548645,
                    0.8751490116119385,
                    -0.018643658608198166
                ],
                [
                    -0.025186659768223763,
                    0.035198334604501724,
                    0.9990628957748413
                ]
            ],
            [
                [
                    0.7615593671798706,
                    -0.646090030670166,
                    0.050940971821546555
                ],
                [
                    0.6435832381248474,
                    0.7631765007972717,
                    0.0579846017062664
                ],
                [
                    -0.0763402208685875,
                    -0.01137396227568388,
                    0.9970169067382812
                ]
            ],
            [
                [
                    0.8172023296356201,
                    -0.5676066279411316,
                    0.10001562535762787
                ],
                [
                    0.4415270686149597,
                    0.7280773520469666,
                    0.5243637561798096
                ],
                [
                    -0.370451420545578,
                    -0.3843516409397125,
                    0.8456001877784729
                ]
            ],
            [
                [
                    0.9216969013214111,
                    -0.3737735450267792,
                    0.10376977920532227
                ],
                [
                    0.28344833850860596,
                    0.8315701484680176,
                    0.47764843702316284
                ],
                [
                    -0.2648242115974426,
                    -0.4108337163925171,
                    0.8724011182785034
                ]
            ],
            [
                [
                    0.6612710952758789,
                    -0.7401630282402039,
                    0.12198075652122498
                ],
                [
                    0.7499231696128845,
                    0.6562479138374329,
                    -0.08339070528745651
                ],
                [
                    -0.01832689344882965,
                    0.14662005007266998,
                    0.9890231490135193
                ]
            ],
            [
                [
                    0.8334663510322571,
                    -0.5514717102050781,
                    -0.034825827926397324
                ],
                [
                    0.48922860622406006,
                    0.707158625125885,
                    0.5104724764823914
                ],
                [
                    -0.2568837106227875,
                    -0.44249939918518066,
                    0.8591886758804321
                ]
            ],
            [
                [
                    0.8375825881958008,
                    -0.5457189083099365,
                    0.02542291395366192
                ],
                [
                    0.5373472571372986,
                    0.8313427567481995,
                    0.14187031984329224
                ],
                [
                    -0.09855646640062332,
                    -0.10516717284917831,
                    0.989558756351471
                ]
            ],
            [
                [
                    0.9899792671203613,
                    0.010313148610293865,
                    -0.1408354490995407
                ],
                [
                    -0.11564360558986664,
                    0.6315662860870361,
                    -0.7666488885879517
                ],
                [
                    0.08104035258293152,
                    0.7752532958984375,
                    0.6264301538467407
                ]
            ],
            [
                [
                    0.9732597470283508,
                    -0.12550140917301178,
                    -0.19239269196987152
                ],
                [
                    0.20253708958625793,
                    0.8639876246452332,
                    0.4609817564487457
                ],
                [
                    0.10837103426456451,
                    -0.48762157559394836,
                    0.8663030862808228
                ]
            ],
            [
                [
                    0.8197037577629089,
                    -0.4014965295791626,
                    -0.40851709246635437
                ],
                [
                    0.23357802629470825,
                    0.8855189681053162,
                    -0.40161848068237305
                ],
                [
                    0.5229980945587158,
                    0.23378756642341614,
                    0.8196439743041992
                ]
            ]
        ],
        "betas": [
            -0.0942084789276123,
            -0.06697386503219604,
            0.028235644102096558,
            -0.001512378454208374,
            -0.014630913734436035,
            0.07092013955116272,
            -0.023430228233337402,
            -0.04659590125083923,
            -0.019895777106285095,
            -0.030743837356567383
        ]
    },
    "pred_cam_t": [
        -0.05357205867767334,
        -0.05109603703022003,
        4.006885051727295
    ],
    "focal_length": [
        5000.0,
        5000.0
    ],
    "pred_keypoints_3d": [
        [
            0.09609612077474594,
            0.006426140666007996,
            0.006235347129404545
        ],
        [
            0.06580303609371185,
            0.006909055635333061,
            0.030405882745981216
        ],
        [
            0.04346506670117378,
            0.015168113633990288,
            0.05007242038846016
        ],
        [
            0.03241617977619171,
            0.02779596671462059,
            0.07145661860704422
        ],
        [
            0.025601662695407867,
            0.056903280317783356,
            0.08839758485555649
        ],
        [
            0.07273097336292267,
            0.03165578842163086,
            0.09052018076181412
        ],
        [
            0.05989563837647438,
            0.05578773841261864,
            0.10919828712940216
        ],
        [
            0.047690074890851974,
            0.06689073145389557,
            0.0942397192120552
        ],
        [
            0.036778271198272705,
            0.07175111770629883,
            0.07271925359964371
        ],
        [
            0.09070999175310135,
            0.04950813204050064,
            0.09094051271677017
        ],
        [
            0.07248979806900024,
            0.07417559623718262,
            0.09958121180534363
        ],
        [
            0.05805763602256775,
            0.08593612164258957,
            0.08545979112386703
        ],
        [
            0.0429476797580719,
            0.09214399755001068,
            0.06564188748598099
        ],
        [
            0.1048397570848465,
            0.06214883178472519,
            0.07185600697994232
        ],
        [
            0.09126938879489899,
            0.08500555902719498,
            0.08345423638820648
        ],
        [
            0.07360253483057022,
            0.10030488669872284,
            0.07486684620380402
        ],
        [
            0.05413450673222542,
            0.10810896754264832,
            0.06067933142185211
        ],
        [
            0.11187612265348434,
            0.07191967219114304,
            0.05350831523537636
        ],
        [
            0.1092638298869133,
            0.09223153442144394,
            0.059043917804956436
        ],
        [
            0.09567433595657349,
            0.10479799658060074,
            0.054584845900535583
        ],
        [
            0.0776178389787674,
            0.1089060828089714,
            0.0477152019739151
        ]
    ],
    "pred_vertices": [
        [
            0.06913930177688599,
            0.025807254016399384,
            0.050652939826250076
        ],
        [
            0.06906551867723465,
            0.023263849318027496,
            0.04029535502195358
        ],
        [
            0.06111514940857887,
            0.025003118440508842,
            0.04692237079143524
        ],
        [
            0.06175358593463898,
            0.025590935721993446,
            0.05675540119409561
        ],
        [
            0.05398808792233467,
            0.022426825016736984,
            0.026397325098514557
        ],
        [
            0.0481092743575573,
            0.01302025094628334,
            0.02167927473783493
        ],
        [
            0.03954801335930824,
            0.01835707575082779,
            0.03501123934984207
        ],
        [
            0.04520898312330246,
            0.02630217745900154,
            0.03677847236394882
        ],
        [
            0.056950703263282776,
            0.024393538013100624,
            0.06281636655330658
        ],
        [
            0.0548580065369606,
            0.02646675892174244,
            0.05262870341539383
        ],
        [
            0.05671310052275658,
            0.020204009488224983,
            0.06535622477531433
        ],
        [
            0.0625472292304039,
            0.015414067544043064,
            0.07633662968873978
        ],
        [
            0.06062036380171776,
            0.021594401448965073,
            0.0724491998553276
        ],
        [
            0.06618034094572067,
            0.016373194754123688,
            0.08405081927776337
        ],
        [
            0.06885120272636414,
            0.006363280117511749,
            0.07380318641662598
        ],
        [
            0.07518541812896729,
            0.013302665203809738,
            0.08640141040086746
        ],
        [
            0.0965539887547493,
            0.011980706825852394,
            0.06496411561965942
        ],
        [
            0.10586299002170563,
            0.019472133368253708,
            0.05814414843916893
        ],
        [
            0.10592364519834518,
            0.028621528297662735,
            0.0734010636806488
        ],
        [
            0.09576941281557083,
            0.02064751833677292,
            0.07850529253482819
        ],
        [
            0.11499138176441193,
            0.038625262677669525,
            0.0570303313434124
        ],
        [
            0.11010101437568665,
            0.033600375056266785,
            0.06680189073085785
        ],
        [
            0.1111614853143692,
            0.023877523839473724,
            0.05212377384305
        ],
        [
            0.11538031697273254,
            0.029013440012931824,
            0.04417017102241516
        ],
        [
            0.08058512955904007,
            0.029968835413455963,
            0.03991075977683067
        ],
        [
            0.080953449010849,
            0.026468688622117043,
            0.02967286854982376
        ],
        [
            0.07749971747398376,
            0.024005429819226265,
            0.033731330186128616
        ],
        [
            0.07683233916759491,
            0.027468448504805565,
            0.04326966032385826
        ],
        [
            0.04958678409457207,
            0.013835502788424492,
            0.06407760083675385
        ],
        [
            0.055930912494659424,
            0.004477636888623238,
            0.06169948726892471
        ],
        [
            0.05779585614800453,
            0.011305103078484535,
            0.06583055853843689
        ],
        [
            0.05003669857978821,
            0.01944027468562126,
            0.06361078470945358
        ],
        [
            0.08250683546066284,
            0.02590544894337654,
            0.0004317834973335266
        ],
        [
            0.08642791211605072,
            0.015740621834993362,
            -0.00776122510433197
        ],
        [
            0.08304086327552795,
            0.011548575013875961,
            -0.005284592509269714
        ],
        [
            0.08062740415334702,
            0.021526381373405457,
            0.001941286027431488
        ],
        [
            0.06488849222660065,
            0.004340086132287979,
            0.006074897944927216
        ],
        [
            0.07235009223222733,
            -0.001797359436750412,
            0.0009975060820579529
        ],
        [
            0.073097363114357,
            -0.015402987599372864,
            0.002522975206375122
        ],
        [
            0.06675095856189728,
            -0.011660221964120865,
            0.010011576116085052
        ],
        [
            0.05590403079986572,
            0.009249882772564888,
            0.01357319951057434
        ],
        [
            0.05603046715259552,
            -0.004760431125760078,
            0.015598967671394348
        ],
        [
            0.04716695845127106,
            0.0015416089445352554,
            0.023741111159324646
        ],
        [
            0.03866183012723923,
            0.009087499231100082,
            0.037132628262043
        ],
        [
            0.09614544361829758,
            0.023063454777002335,
            -0.012085705995559692
        ],
        [
            0.09429088979959488,
            0.03181873634457588,
            -0.0070126354694366455
        ],
        [
            0.05383465066552162,
            0.05001254379749298,
            0.09611967951059341
        ],
        [
            0.05771186202764511,
            0.054243333637714386,
            0.09349527209997177
        ],
        [
            0.057920802384614944,
            0.052494511008262634,
            0.09350371360778809
        ],
        [
            0.05439242348074913,
            0.04887980595231056,
            0.09629713743925095
        ],
        [
            0.11483743041753769,
            0.026870716363191605,
            -0.0050142183899879456
        ],
        [
            0.12175221741199493,
            0.021153055131435394,
            -0.00022482872009277344
        ],
        [
            0.12151257693767548,
            0.018847163766622543,
            -0.00717732310295105
        ],
        [
            0.11387745290994644,
            0.02268584817647934,
            -0.011282764375209808
        ],
        [
            0.1159738227725029,
            0.032377053052186966,
            0.003298826515674591
        ],
        [
            0.1212756410241127,
            0.024368949234485626,
            0.00941399484872818
        ],
        [
            0.052542269229888916,
            0.05283365398645401,
            0.10887233912944794
        ],
        [
            0.05061287432909012,
            0.05017019063234329,
            0.10458766669034958
        ],
        [
            0.05342090502381325,
            0.0476217120885849,
            0.10629671812057495
        ],
        [
            0.05680342763662338,
            0.04954805225133896,
            0.11009959876537323
        ],
        [
            0.06250237673521042,
            0.026010505855083466,
            0.06642750650644302
        ],
        [
            0.06820978969335556,
            0.029310328885912895,
            0.05965191125869751
        ],
        [
            0.06466797739267349,
            0.03339105099439621,
            0.08090819418430328
        ],
        [
            0.06734797358512878,
            0.03209531679749489,
            0.0731177031993866
        ],
        [
            0.06353303790092468,
            0.02652362920343876,
            0.07538580894470215
        ],
        [
            0.06256067752838135,
            0.027584195137023926,
            0.08224888145923615
        ],
        [
            0.0832308679819107,
            0.04251353442668915,
            0.05879794433712959
        ],
        [
            0.08325113356113434,
            0.036691173911094666,
            0.048622701317071915
        ],
        [
            0.07916316390037537,
            0.03384219855070114,
            0.05304953083395958
        ],
        [
            0.07744153589010239,
            0.03954785689711571,
            0.06454067677259445
        ],
        [
            0.09007256478071213,
            0.04581243917346001,
            0.040038201957941055
        ],
        [
            0.08986179530620575,
            0.050587184727191925,
            0.050921935588121414
        ],
        [
            0.09380584955215454,
            0.055238090455532074,
            0.04481703042984009
        ],
        [
            0.0924605131149292,
            0.05153200030326843,
            0.037815313786268234
        ],
        [
            0.08845210075378418,
            0.05593748390674591,
            0.07063217461109161
        ],
        [
            0.08875935524702072,
            0.058450184762477875,
            0.07621562480926514
        ],
        [
            0.08939948678016663,
            0.06178925186395645,
            0.07433629035949707
        ],
        [
            0.09027712047100067,
            0.05785325914621353,
            0.06816226989030838
        ],
        [
            0.12182139605283737,
            0.015627894550561905,
            -0.013536438345909119
        ],
        [
            0.11273972690105438,
            0.01790958270430565,
            -0.01673544943332672
        ],
        [
            0.12152714282274246,
            0.05119774118065834,
            0.040154553949832916
        ],
        [
            0.11882618814706802,
            0.056082796305418015,
            0.03032054752111435
        ],
        [
            0.1200299859046936,
            0.06489162147045135,
            0.039432331919670105
        ],
        [
            0.1230168342590332,
            0.057364847511053085,
            0.048085764050483704
        ],
        [
            0.12324926257133484,
            0.013634808361530304,
            0.006919749081134796
        ],
        [
            0.12520405650138855,
            0.012076038867235184,
            -0.000560857355594635
        ],
        [
            0.0569930225610733,
            0.05729775130748749,
            0.11088796705007553
        ],
        [
            0.06123264133930206,
            0.053830429911613464,
            0.11159047484397888
        ],
        [
            0.05452793836593628,
            -0.00952930748462677,
            0.029033087193965912
        ],
        [
            0.042142387479543686,
            0.0010481104254722595,
            0.0417640395462513
        ],
        [
            0.0661495253443718,
            -0.016038620844483376,
            0.02007903903722763
        ],
        [
            0.07520471513271332,
            -0.019677944481372833,
            0.014193661510944366
        ],
        [
            0.08030319958925247,
            -0.023638367652893066,
            0.00796043872833252
        ],
        [
            0.07102466374635696,
            0.03767727315425873,
            0.07392805814743042
        ],
        [
            0.07444652169942856,
            0.030122647061944008,
            0.05260858312249184
        ],
        [
            0.08351490646600723,
            0.03282368928194046,
            0.036816105246543884
        ],
        [
            0.09709770977497101,
            0.05612734705209732,
            0.021533600986003876
        ],
        [
            0.09628094732761383,
            0.05079612135887146,
            0.012354284524917603
        ],
        [
            0.08987648785114288,
            0.04683980718255043,
            0.019991636276245117
        ],
        [
            0.09243990480899811,
            0.05200675129890442,
            0.026672057807445526
        ],
        [
            0.11194595694541931,
            0.061916839331388474,
            0.026139620691537857
        ],
        [
            0.1041773185133934,
            0.06325183063745499,
            0.02786153554916382
        ],
        [
            0.10532056540250778,
            0.06799298524856567,
            0.03543201461434364
        ],
        [
            0.11301092803478241,
            0.06808556616306305,
            0.03459189087152481
        ],
        [
            0.044685907661914825,
            0.008309049531817436,
            0.06316186487674713
        ],
        [
            0.05308397859334946,
            -0.0008319169282913208,
            0.05727657303214073
        ],
        [
            0.10524339973926544,
            0.030317507684230804,
            -0.008167371153831482
        ],
        [
            0.10389354079961777,
            0.024180743843317032,
            -0.01285802572965622
        ],
        [
            0.10508596152067184,
            0.017704471945762634,
            -0.018326126039028168
        ],
        [
            0.08044518530368805,
            0.025625551119446754,
            0.015183724462985992
        ],
        [
            0.07918107509613037,
            0.018550369888544083,
            0.002911783754825592
        ],
        [
            0.0761280357837677,
            0.016408102586865425,
            0.005138285458087921
        ],
        [
            0.07958385348320007,
            0.023307960480451584,
            0.01743074506521225
        ],
        [
            0.06765218079090118,
            0.02286761999130249,
            0.02860742062330246
        ],
        [
            0.06389600038528442,
            0.018509145826101303,
            0.016375653445720673
        ],
        [
            0.05927940458059311,
            0.026767529547214508,
            0.03647061437368393
        ],
        [
            0.07858250290155411,
            0.00494842603802681,
            -0.003405645489692688
        ],
        [
            0.0841030478477478,
            0.004679590463638306,
            -0.012970127165317535
        ],
        [
            0.07967426627874374,
            -0.0022846609354019165,
            -0.009488090872764587
        ],
        [
            0.0910400003194809,
            0.010830700397491455,
            -0.016343526542186737
        ],
        [
            0.09828508645296097,
            0.015697840601205826,
            -0.018413029611110687
        ],
        [
            0.1289651244878769,
            0.00824287161231041,
            -0.007234819233417511
        ],
        [
            0.07674355804920197,
            -0.008787915110588074,
            -0.004998311400413513
        ],
        [
            0.0405990406870842,
            0.027317997068166733,
            0.0446866974234581
        ],
        [
            0.03676178306341171,
            0.027900755405426025,
            0.05175384506583214
        ],
        [
            0.04347960650920868,
            0.02976464107632637,
            0.055046241730451584
        ],
        [
            0.0470246896147728,
            0.029303183779120445,
            0.04953187704086304
        ],
        [
            0.06779610365629196,
            0.02038678526878357,
            0.09203405678272247
        ],
        [
            0.06284759193658829,
            0.023786013945937157,
            0.08698199689388275
        ],
        [
            0.062255386263132095,
            0.02025531604886055,
            0.0791681632399559
        ],
        [
            0.08518479019403458,
            0.03515038639307022,
            0.007035046815872192
        ],
        [
            0.09490373730659485,
            0.03987431898713112,
            0.00029812753200531006
        ],
        [
            0.06821872293949127,
            0.03886125981807709,
            0.08183817565441132
        ],
        [
            0.05952901020646095,
            0.046254418790340424,
            0.11062805354595184
        ],
        [
            0.055186718702316284,
            0.04401645064353943,
            0.10696559399366379
        ],
        [
            0.0627201572060585,
            0.03096233867108822,
            0.10036613047122955
        ],
        [
            0.06806810200214386,
            0.032965075224637985,
            0.1045691967010498
        ],
        [
            0.07329060137271881,
            0.0443580187857151,
            0.08846388757228851
        ],
        [
            0.06805934011936188,
            0.0412413626909256,
            0.08486057817935944
        ],
        [
            0.06847865134477615,
            0.04273003712296486,
            0.08623189479112625
        ],
        [
            0.07258373498916626,
            0.04741915687918663,
            0.08883456885814667
        ],
        [
            0.09423157572746277,
            0.06494192034006119,
            0.0669625923037529
        ],
        [
            0.09453101456165314,
            0.06163652986288071,
            0.061537109315395355
        ],
        [
            0.09246248006820679,
            0.03184767812490463,
            0.08973165601491928
        ],
        [
            0.08608869463205338,
            0.020395640283823013,
            0.09450698643922806
        ],
        [
            0.08633998036384583,
            0.013664091005921364,
            0.0833972841501236
        ],
        [
            0.08725769817829132,
            0.04643222689628601,
            0.05379758030176163
        ],
        [
            0.08774012327194214,
            0.05217970907688141,
            0.06250843405723572
        ],
        [
            0.09012653678655624,
            0.054604850709438324,
            0.060075003653764725
        ],
        [
            0.07345657795667648,
            0.04124600812792778,
            0.07601027190685272
        ],
        [
            0.07266159355640411,
            0.04311094805598259,
            0.08257035911083221
        ],
        [
            0.07646170258522034,
            0.04458954930305481,
            0.07947450131177902
        ],
        [
            0.07713382691144943,
            0.04335324838757515,
            0.0726565271615982
        ],
        [
            0.11905233561992645,
            0.04731297492980957,
            0.020460527390241623
        ],
        [
            0.11116976290941238,
            0.05444033816456795,
            0.015479907393455505
        ],
        [
            0.051194462925195694,
            0.04887436330318451,
            0.10003514587879181
        ],
        [
            0.05253617465496063,
            0.0471671037375927,
            0.10104216635227203
        ],
        [
            0.0871710330247879,
            0.04061909765005112,
            0.04391106590628624
        ],
        [
            0.08636996150016785,
            0.0074544381350278854,
            0.06947638094425201
        ],
        [
            0.08631839603185654,
            0.03616073727607727,
            0.03340201824903488
        ],
        [
            0.11351408064365387,
            0.05925142765045166,
            0.06594272702932358
        ],
        [
            0.10981002449989319,
            0.06664957851171494,
            0.06302323937416077
        ],
        [
            0.10713746398687363,
            0.06905011832714081,
            0.06706921011209488
        ],
        [
            0.10991064459085464,
            0.06566286832094193,
            0.07133673131465912
        ],
        [
            0.06772003322839737,
            0.05753181874752045,
            0.09507748484611511
        ],
        [
            0.06246304512023926,
            0.05580868199467659,
            0.09250085800886154
        ],
        [
            0.0627688467502594,
            0.05662339925765991,
            0.09325169026851654
        ],
        [
            0.06679464876651764,
            0.059857599437236786,
            0.0965845137834549
        ],
        [
            0.06413046270608902,
            0.03675704821944237,
            0.08462797105312347
        ],
        [
            0.061418622732162476,
            0.031353987753391266,
            0.0866800993680954
        ],
        [
            0.060231417417526245,
            0.03561268374323845,
            0.08916165679693222
        ],
        [
            0.06405110657215118,
            0.03993995487689972,
            0.08703730255365372
        ],
        [
            0.062067911028862,
            0.027678702026605606,
            0.0918210968375206
        ],
        [
            0.060141969472169876,
            0.0318332202732563,
            0.09453308582305908
        ],
        [
            0.07077482342720032,
            0.05753495544195175,
            0.10090884566307068
        ],
        [
            0.06900624930858612,
            0.05466386675834656,
            0.10807374864816666
        ],
        [
            0.0780813917517662,
            0.043157532811164856,
            0.1013844758272171
        ],
        [
            0.07642363756895065,
            0.04822176694869995,
            0.09552892297506332
        ],
        [
            0.11692914366722107,
            0.019264306873083115,
            0.03250206261873245
        ],
        [
            0.12058448046445847,
            0.02680692821741104,
            0.025017011910676956
        ],
        [
            0.11932025104761124,
            0.03667336702346802,
            0.03644154593348503
        ],
        [
            0.1193871721625328,
            0.0462845154106617,
            0.04785425215959549
        ],
        [
            0.11790084838867188,
            0.05507434532046318,
            0.05899440497159958
        ],
        [
            0.11579952389001846,
            0.04678075760602951,
            0.06819307804107666
        ],
        [
            0.12123667448759079,
            0.041240837424993515,
            0.02981705591082573
        ],
        [
            0.0823969691991806,
            0.041898224502801895,
            0.08953213691711426
        ],
        [
            0.08425910770893097,
            0.03500624746084213,
            0.09536904096603394
        ],
        [
            0.08741771429777145,
            0.03795149177312851,
            0.09129060059785843
        ],
        [
            0.08870464563369751,
            0.041861362755298615,
            0.029134251177310944
        ],
        [
            0.05293305963277817,
            0.044243015348911285,
            0.10194750130176544
        ],
        [
            0.098441481590271,
            -0.019212067127227783,
            0.019965440034866333
        ],
        [
            0.10995522141456604,
            -0.01239372044801712,
            0.017553254961967468
        ],
        [
            0.10672806203365326,
            -0.008885405957698822,
            0.02499329298734665
        ],
        [
            0.09307023137807846,
            -0.016033392399549484,
            0.027410537004470825
        ],
        [
            0.05640964210033417,
            0.05162554606795311,
            0.0930139571428299
        ],
        [
            0.053163494914770126,
            0.046914517879486084,
            0.09619542211294174
        ],
        [
            0.09827210009098053,
            0.06678037345409393,
            0.058943748474121094
        ],
        [
            0.09795347601175308,
            0.06873255223035812,
            0.06450578570365906
        ],
        [
            0.10144027322530746,
            0.07102220505475998,
            0.06496800482273102
        ],
        [
            0.10181499272584915,
            0.07236607372760773,
            0.05904432386159897
        ],
        [
            0.12160725146532059,
            0.029926232993602753,
            0.019960008561611176
        ],
        [
            0.11950991302728653,
            0.07089754939079285,
            0.04452104866504669
        ],
        [
            0.12227973341941833,
            0.06434246152639389,
            0.05256253108382225
        ],
        [
            0.1215297132730484,
            0.017904072999954224,
            0.015325948596000671
        ],
        [
            0.11894604563713074,
            0.011019010096788406,
            0.021904684603214264
        ],
        [
            0.12072908133268356,
            0.005507603287696838,
            0.013982400298118591
        ],
        [
            0.10628613084554672,
            0.04437187686562538,
            0.08012279868125916
        ],
        [
            0.11320580542087555,
            0.0152486152946949,
            0.03935597836971283
        ],
        [
            0.11509417742490768,
            0.007077265530824661,
            0.02733685076236725
        ],
        [
            0.11703423410654068,
            0.0002985745668411255,
            0.018119916319847107
        ],
        [
            0.11933692544698715,
            -0.004277169704437256,
            0.01145365834236145
        ],
        [
            0.12303247302770615,
            0.0019561462104320526,
            0.007546000182628632
        ],
        [
            0.06462046504020691,
            0.05033222585916519,
            0.11061207205057144
        ],
        [
            0.06596224009990692,
            0.059355854988098145,
            0.10931432247161865
        ],
        [
            0.12716427445411682,
            -0.0024652406573295593,
            0.0006776228547096252
        ],
        [
            0.12224945425987244,
            -0.009096488356590271,
            0.0050960928201675415
        ],
        [
            0.10955752432346344,
            0.001992974430322647,
            0.03281630948185921
        ],
        [
            0.10131167620420456,
            -0.003776971250772476,
            0.03863929957151413
        ],
        [
            0.10773967951536179,
            0.0102120041847229,
            0.04414690285921097
        ],
        [
            0.09976246953010559,
            0.005104761570692062,
            0.0510142520070076
        ],
        [
            0.10513059049844742,
            0.034879084676504135,
            0.0857970342040062
        ],
        [
            0.054807379841804504,
            0.07109148800373077,
            0.09965354949235916
        ],
        [
            0.06386338919401169,
            0.06527086347341537,
            0.10298457741737366
        ],
        [
            0.06438405066728592,
            0.06301596760749817,
            0.09741082787513733
        ],
        [
            0.05681478977203369,
            0.07014337182044983,
            0.09589656442403793
        ],
        [
            0.06820645183324814,
            0.06106080487370491,
            0.1021680235862732
        ],
        [
            0.06166040152311325,
            0.06302572786808014,
            0.10819656401872635
        ],
        [
            0.08636295050382614,
            -0.0007119923830032349,
            0.05566822737455368
        ],
        [
            0.07690606266260147,
            0.046124447137117386,
            0.08456332236528397
        ],
        [
            0.08403924107551575,
            -0.010257910937070847,
            0.0412110798060894
        ],
        [
            0.07019559293985367,
            -0.0022184960544109344,
            0.06289415806531906
        ],
        [
            0.06662657111883163,
            -0.007822837680578232,
            0.051082924008369446
        ],
        [
            0.0794702023267746,
            -0.019579622894525528,
            0.02630603313446045
        ],
        [
            0.06574327498674393,
            -0.015023326501250267,
            0.03617589920759201
        ],
        [
            0.09030762314796448,
            -0.025307681411504745,
            0.012421131134033203
        ],
        [
            0.08648624271154404,
            -0.021846208721399307,
            0.01969992369413376
        ],
        [
            0.05288931354880333,
            -0.00728641077876091,
            0.04476117342710495
        ],
        [
            0.05022961646318436,
            0.05669241026043892,
            0.09176015108823776
        ],
        [
            0.05471402779221535,
            0.06074732169508934,
