{
    "pred_cam": [
        6.354145050048828,
        0.15544810891151428,
        -0.04248087853193283
    ],
    "pred_mano_params": {
        "global_orient": [
            [
                [
                    -0.6925078630447388,
                    -0.6735318303108215,
                    0.2584333121776581
                ],
                [
                    -0.5945924520492554,
                    0.3300270438194275,
                    -0.733172595500946
                ],
                [
                    0.40852510929107666,
                    -0.6613902449607849,
                    -0.6290232539176941
                ]
            ]
        ],
        "hand_pose": [
            [
                [
                    0.784402072429657,
                    -0.5555246472358704,
                    -0.2758728861808777
                ],
                [
                    0.543002724647522,
                    0.8300050497055054,
                    -0.12743481993675232
                ],
                [
                    0.2997690737247467,
                    -0.04983959719538689,
                    0.9527090787887573
                ]
            ],
            [
                [
                    0.9434009790420532,
                    -0.23882435262203217,
                    0.23012509942054749
                ],
                [
                    0.26782160997390747,
                    0.9578523635864258,
                    -0.10387684404850006
                ],
                [
                    -0.19561755657196045,
                    0.15962998569011688,
                    0.9676011800765991
                ]
            ],
            [
                [
                    0.754856288433075,
                    -0.6523446440696716,
                    0.06810566037893295
                ],
                [
                    0.641263484954834,
                    0.712226152420044,
                    -0.28550827503204346
                ],
                [
                    0.13774320483207703,
                    0.2591913938522339,
                    0.9559531807899475
                ]
            ],
            [
                [
                    0.7827319502830505,
                    -0.614937424659729,
                    -0.09582576900720596
                ],
                [
                    0.6201704740524292,
                    0.7835794687271118,
                    0.03730703145265579
                ],
                [
                    0.05214560776948929,
                    -0.08862972259521484,
                    0.994698703289032
                ]
            ],
            [
                [
                    0.8522914052009583,
                    -0.5181311964988708,
                    -0.0716896504163742
                ],
                [
                    0.513160228729248,
                    0.8017098307609558,
                    0.30647680163383484
                ],
                [
                    -0.10132090002298355,
                    -0.29799583554267883,
                    0.949174702167511
                ]
            ],
            [
                [
                    0.822719395160675,
                    -0.49536213278770447,
                    -0.2788351774215698
                ],
                [
                    0.5370381474494934,
                    0.8381230235099792,
                    0.09560242295265198
                ],
                [
                    0.1863403618335724,
                    -0.2283991128206253,
                    0.9555684328079224
                ]
            ],
            [
                [
                    0.5148230195045471,
                    -0.5623330473899841,
                    0.6471002697944641
                ],
                [
                    0.4563222825527191,
                    0.8187490105628967,
                    0.3484536409378052
                ],
                [
                    -0.7257598042488098,
                    0.11589433252811432,
                    0.6781159043312073
                ]
            ],
            [
                [
                    0.8671866655349731,
                    -0.37943586707115173,
                    -0.32251477241516113
                ],
                [
                    0.46312519907951355,
                    0.8525415062904358,
                    0.2422560304403305
                ],
                [
                    0.18303664028644562,
                    -0.3594458997249603,
                    0.9150389432907104
                ]
            ],
            [
                [
                    0.8574924468994141,
                    -0.5099647045135498,
                    -0.06813658773899078
                ],
                [
                    0.5135523676872253,
                    0.8403605222702026,
                    0.17337286472320557
                ],
                [
                    -0.031154751777648926,
                    -0.18365763127803802,
                    0.9824963808059692
                ]
            ],
            [
                [
                    0.784109890460968,
                    -0.6003358960151672,
                    0.15737977623939514
                ],
                [
                    0.6055974960327148,
                    0.7955779433250427,
                    0.017531266435980797
                ],
                [
                    -0.13573254644870758,
                    0.08156236261129379,
                    0.9873824715614319
                ]
            ],
            [
                [
                    0.887302041053772,
                    -0.44625428318977356,
                    -0.11641349643468857
                ],
                [
                    0.44807717204093933,
                    0.7743992209434509,
                    0.44669079780578613
                ],
                [
                    -0.10918717086315155,
                    -0.44851192831993103,
                    0.8870823383331299
                ]
            ],
            [
                [
                    0.8147827982902527,
                    -0.42793944478034973,
                    -0.3911481499671936
                ],
                [
                    0.5197360515594482,
                    0.8381030559539795,
                    0.16570353507995605
                ],
                [
                    0.25691139698028564,
                    -0.338306188583374,
                    0.905287504196167
                ]
            ],
            [
                [
                    0.9387800097465515,
                    -0.14848144352436066,
                    -0.3108784556388855
                ],
                [
                    -0.21189507842063904,
                    0.46265193819999695,
                    -0.8608447909355164
                ],
                [
                    0.27164798974990845,
                    0.8740174174308777,
                    0.4028659164905548
                ]
            ],
            [
                [
                    0.9479750990867615,
                    -0.2099330723285675,
                    -0.2393142729997635
                ],
                [
                    0.31674766540527344,
                    0.6972091794013977,
                    0.6430943608283997
                ],
                [
                    0.031845346093177795,
                    -0.6854396462440491,
                    0.7274327278137207
                ]
            ],
            [
                [
                    0.9620984196662903,
                    0.23739667236804962,
                    0.13419917225837708
                ],
                [
                    -0.2445930689573288,
                    0.968812108039856,
                    0.03971560671925545
                ],
                [
                    -0.12058543413877487,
                    -0.0710345059633255,
                    0.990158200263977
                ]
            ]
        ],
        "betas": [
            -0.00552387535572052,
            0.042021334171295166,
            -0.08743193745613098,
            0.024474114179611206,
            0.04914623498916626,
            -0.03182873874902725,
            0.053454428911209106,
            -0.019509434700012207,
            -0.01697826385498047,
            -0.056673288345336914
        ]
    },
    "pred_cam_t": [
        -0.15544810891151428,
        -0.04248087853193283,
        6.147562026977539
    ],
    "focal_length": [
        5000.0,
        5000.0
    ],
    "pred_keypoints_3d": [
        [
            0.09581019729375839,
            0.006388058885931969,
            0.006172488443553448
        ],
        [
            0.129675954580307,
            -0.003283003345131874,
            -0.00965570006519556
        ],
        [
            0.15963661670684814,
            0.003342204727232456,
            -0.012905973941087723
        ],
        [
            0.18207454681396484,
            0.01798934116959572,
            -0.017258472740650177
        ],
        [
            0.20959679782390594,
            0.0302270594984293,
            -0.037402477115392685
        ],
        [
            0.16581189632415771,
            0.04198592156171799,
            -0.03946796432137489
        ],
        [
            0.19344818592071533,
            0.05990567430853844,
            -0.03641452267765999
        ],
        [
            0.21406199038028717,
            0.06345115602016449,
            -0.028881346806883812
        ],
        [
            0.2299959361553192,
            0.0600266307592392,
            -0.009154468774795532
        ],
        [
            0.16156992316246033,
            0.0647275522351265,
            -0.02947981283068657
        ],
        [
            0.18916285037994385,
            0.07901878654956818,
            -0.023098275065422058
        ],
        [
            0.20818516612052917,
            0.07564126700162888,
            -0.010110623203217983
        ],
        [
            0.22122380137443542,
            0.06562680751085281,
            0.009917233139276505
        ],
        [
            0.1482377052307129,
            0.07326199859380722,
            -0.007886064238846302
        ],
        [
            0.17526665329933167,
            0.0833125039935112,
            -0.0068418472073972225
        ],
        [
            0.19529981911182404,
            0.08077575266361237,
            0.007582145277410746
        ],
        [
            0.2068336308002472,
            0.07419072091579437,
            0.029952414333820343
        ],
        [
            0.13904854655265808,
            0.07567259669303894,
            0.011777409352362156
        ],
        [
            0.159873366355896,
            0.07886806130409241,
            0.010423654690384865
        ],
        [
            0.17606927454471588,
            0.07888764142990112,
            0.020283306017518044
        ],
        [
            0.1866680085659027,
            0.07437565922737122,
            0.03484102338552475
        ]
    ],
    "pred_vertices": [
        [
            0.14511479437351227,
            0.01909169927239418,
            -0.012857677415013313
        ],
        [
            0.13753369450569153,
            0.01316436380147934,
            -0.0067231543362140656
        ],
        [
            0.14620599150657654,
            0.013901986181735992,
            -0.008753184229135513
        ],
        [
            0.15256661176681519,
            0.017588837072253227,
            -0.01646234467625618
        ],
        [
            0.14195573329925537,
            -0.00015917420387268066,
            0.006380688399076462
        ],
        [
            0.14207524061203003,
            -0.011815614998340607,
            0.004313506186008453
        ],
        [
            0.15760208666324615,
            -0.004897229373455048,
            0.00021975859999656677
        ],
        [
            0.15563443303108215,
            0.004012532532215118,
            0.003991466015577316
        ],
        [
            0.15794071555137634,
            0.017760124057531357,
            -0.020131215453147888
        ],
        [
            0.1540883481502533,
            0.014736713841557503,
            -0.010178908705711365
        ],
        [
            0.1576615273952484,
            0.018078258261084557,
            -0.022660179063677788
        ],
        [
            0.15761461853981018,
            0.021499361842870712,
            -0.03695249184966087
        ],
        [
            0.16008973121643066,
            0.0213396567851305,
            -0.03050842136144638
        ],
        [
            0.15968114137649536,
            0.026835549622774124,
            -0.04332471266388893
        ],
        [
            0.1480359435081482,
            0.019220156595110893,
            -0.041394464671611786
        ],
        [
            0.15286971628665924,
            0.03183221444487572,
            -0.04760964959859848
        ],
        [
            0.12659533321857452,
            0.03537571430206299,
            -0.03433981165289879
        ],
        [
            0.1200929656624794,
            0.043105967342853546,
            -0.025080140680074692
        ],
        [
            0.13167473673820496,
            0.05466700345277786,
            -0.03043103776872158
        ],
        [
            0.13775506615638733,
            0.04544536769390106,
            -0.03871434926986694
        ],
        [
            0.12222331762313843,
            0.05989231914281845,
            -0.012435593642294407
        ],
        [
            0.12789033353328705,
            0.05769498273730278,
            -0.022626720368862152
        ],
        [
            0.11550521850585938,
            0.046642936766147614,
            -0.01813274435698986
        ],
        [
            0.11113227903842926,
            0.0490817129611969,
            -0.00915695820003748
        ],
        [
            0.1345447599887848,
            0.024173349142074585,
            -0.0030502360314130783
        ],
        [
            0.1273442655801773,
            0.017591815441846848,
            0.002203863114118576
        ],
        [
            0.12992870807647705,
            0.015413396060466766,
            -0.0023661963641643524
        ],
        [
            0.1373923420906067,
            0.021613482385873795,
            -0.006978712975978851
        ],
        [
            0.16084948182106018,
            0.013419117778539658,
            -0.023387486115098
        ],
        [
            0.1512288898229599,
            0.007326655089855194,
            -0.030863648280501366
        ],
        [
            0.15403342247009277,
            0.014199597761034966,
            -0.029057752341032028
        ],
        [
            0.1620250642299652,
            0.016615096479654312,
            -0.018727488815784454
        ],
        [
            0.11211338639259338,
            0.005904089659452438,
            0.024018459022045135
        ],
        [
            0.1004515066742897,
            -0.0009142756462097168,
            0.023469185456633568
        ],
        [
            0.10205797106027603,
            -0.00460849329829216,
            0.019105076789855957
        ],
        [
            0.11206956207752228,
            0.0025118552148342133,
            0.020169036462903023
        ],
        [
            0.11804690957069397,
            -0.015991412103176117,
            0.007631290704011917
        ],
        [
            0.10697019845247269,
            -0.017121002078056335,
            0.006685927510261536
        ],
        [
            0.10084876418113708,
            -0.023595385253429413,
            -0.0031318292021751404
        ],
        [
            0.1117556244134903,
            -0.022321052849292755,
            -0.0055320896208286285
        ],
        [
            0.13054883480072021,
            -0.01451590284705162,
            0.006359364837408066
        ],
        [
            0.1264134645462036,
            -0.02204030379652977,
            -0.004112303256988525
        ],
        [
            0.14059017598628998,
            -0.018517162650823593,
            -0.004699166864156723
        ],
        [
            0.15697722136974335,
            -0.009789206087589264,
            -0.0076126232743263245
        ],
        [
            0.09488043934106827,
            0.008068934082984924,
            0.030739016830921173
        ],
        [
            0.10289931297302246,
            0.014126691967248917,
            0.032628439366817474
        ],
        [
            0.19975745677947998,
            0.0516175702214241,
            -0.03226865828037262
        ],
        [
            0.198588564991951,
            0.054945897310972214,
            -0.027616087347269058
        ],
        [
            0.19484291970729828,
            0.05263034999370575,
            -0.02849738299846649
        ],
        [
            0.1968039870262146,
            0.050167329609394073,
            -0.03338085860013962
        ],
        [
            0.08669254928827286,
            0.026070591062307358,
            0.026475537568330765
        ],
        [
            0.08125746250152588,
            0.029543567448854446,
            0.018697524443268776
        ],
        [
            0.07693932205438614,
            0.0250120609998703,
            0.02245269902050495
        ],
        [
            0.0823085606098175,
            0.020258121192455292,
            0.028560657054185867
        ],
        [
            0.09256279468536377,
            0.03366093337535858,
            0.02369294874370098
        ],
        [
            0.08782254904508591,
            0.03530187904834747,
            0.013540023937821388
        ],
        [
            0.20178864896297455,
            0.05918213725090027,
            -0.0426555834710598
        ],
        [
            0.20225946605205536,
            0.05448954179883003,
            -0.04047945886850357
        ],
        [
            0.1979476809501648,
            0.05408468842506409,
            -0.04267006739974022
        ],
        [
            0.1964610517024994,
            0.05873029679059982,
            -0.04391668736934662
        ],
        [
            0.1581864207983017,
            0.021776093170046806,
            -0.023898866027593613
        ],
        [
            0.15256322920322418,
            0.02422243170440197,
            -0.017320403829216957
        ],
        [
            0.1684129238128662,
            0.03327137231826782,
            -0.03091086819767952
        ],
        [
            0.16154032945632935,
            0.03093232586979866,
            -0.025677815079689026
        ],
        [
            0.1627303510904312,
            0.02622324414551258,
            -0.030714690685272217
        ],
        [
            0.16773691773414612,
            0.02925444394350052,
            -0.035486698150634766
        ],
        [
            0.14806106686592102,
            0.0415387824177742,
            -0.00930090807378292
        ],
        [
            0.14024245738983154,
            0.033731333911418915,
            -0.005411690101027489
        ],
        [
            0.1439201384782791,
            0.031222781166434288,
            -0.010310651734471321
        ],
        [
            0.15363174676895142,
            0.038405850529670715,
            -0.015143727883696556
        ],
        [
            0.1355728954076767,
            0.039874009788036346,
            0.00651436485350132
        ],
        [
            0.14333316683769226,
            0.04723487049341202,
            0.0014140959829092026
        ],
        [
            0.13974663615226746,
            0.049914076924324036,
            0.008775074034929276
        ],
        [
            0.13552679121494293,
            0.043833132833242416,
            0.01174011081457138
        ],
        [
            0.15683899819850922,
            0.05790925770998001,
            -0.009960658848285675
        ],
        [
            0.1609371453523636,
            0.0622587688267231,
            -0.013201282359659672
        ],
        [
            0.1605009287595749,
            0.06398925930261612,
            -0.010417932644486427
        ],
        [
            0.15505965054035187,
            0.05939586088061333,
            -0.007066530175507069
        ],
        [
            0.07205830514431,
            0.020599108189344406,
            0.025135375559329987
        ],
        [
            0.07816873490810394,
            0.014343596994876862,
            0.029643941670656204
        ],
        [
            0.11559534072875977,
            0.06494452059268951,
            0.007631250657141209
        ],
        [
            0.11483816802501678,
            0.06187012419104576,
            0.018401367589831352
        ],
        [
            0.12348131090402603,
            0.07271971553564072,
            0.016666479408740997
        ],
        [
            0.12168430536985397,
            0.07330738753080368,
            0.005270682275295258
        ],
        [
            0.07998517900705338,
            0.02932756394147873,
            0.008362874388694763
        ],
        [
            0.07420708239078522,
            0.02647913247346878,
            0.012861478142440319
        ],
        [
            0.20046520233154297,
            0.06495287269353867,
            -0.04123394563794136
        ],
        [
            0.19460569322109222,
            0.06385358422994614,
            -0.04157609865069389
        ],
        [
            0.13328617811203003,
            -0.019163869321346283,
            -0.017040809616446495
        ],
        [
            0.15407460927963257,
            -0.010863959789276123,
            -0.016755035147070885
        ],
        [
            0.11604660749435425,
            -0.020953569561243057,
            -0.016159221529960632
        ],
        [
            0.10377512127161026,
            -0.01980692520737648,
            -0.015005789697170258
        ],
        [
            0.09438896924257278,
            -0.021231207996606827,
            -0.013293344527482986
        ],
        [
            0.1620757281780243,
            0.03695008158683777,
            -0.023078158497810364
        ],
        [
            0.14514568448066711,
            0.025713574141263962,
            -0.01204470545053482
        ],
        [
            0.13241104781627655,
            0.02649763971567154,
            0.0009692441672086716
        ],
        [
            0.1264287680387497,
            0.04266215115785599,
            0.02667035162448883
        ],
        [
            0.12000354379415512,
            0.03501615300774574,
            0.030179856345057487
        ],
        [
            0.12646257877349854,
            0.03163198381662369,
            0.02229990065097809
        ],
        [
            0.13032874464988708,
            0.03927568718791008,
            0.020449450239539146
        ],
        [
            0.1205865740776062,
            0.058670829981565475,
            0.02579224854707718
        ],
        [
            0.12768884003162384,
            0.05465865507721901,
            0.025967324152588844
        ],
        [
            0.1327897161245346,
            0.06198285147547722,
            0.023212553933262825
        ],
        [
            0.12723186612129211,
            0.06758077442646027,
            0.023037832230329514
        ],
        [
            0.16292506456375122,
            0.007331378757953644,
            -0.02665560320019722
        ],
        [
            0.15010200440883636,
            0.0002712234854698181,
            -0.031202081590890884
        ],
        [
            0.09373316913843155,
            0.020186305046081543,
            0.03177650645375252
        ],
        [
            0.0894564762711525,
            0.013648711144924164,
            0.031465183943510056
        ],
        [
            0.08282078802585602,
            0.008339770138263702,
            0.03127757087349892
        ],
        [
            0.12039996683597565,
            0.010323792695999146,
            0.012617448344826698
        ],
        [
            0.11214287579059601,
            9.503215551376343e-06,
            0.017556097358465195
        ],
        [
            0.11435898393392563,
            -0.0025536976754665375,
            0.01460680365562439
        ],
        [
            0.12069404870271683,
            0.008980195969343185,
            0.009273294359445572
        ],
        [
            0.13208606839179993,
            0.007107358425855637,
            0.002019748091697693
        ],
        [
            0.12859858572483063,
            -0.00348455086350441,
            0.008910253643989563
        ],
        [
            0.14272727072238922,
            0.010337736457586288,
            0.0010837726294994354
        ],
        [
            0.10311495512723923,
            -0.010774664580821991,
            0.013722695410251617
        ],
        [
            0.09422402083873749,
            -0.011133305728435516,
            0.020341232419013977
        ],
        [
            0.09581422805786133,
            -0.016681142151355743,
            0.013560354709625244
        ],
        [
            0.0905747339129448,
            -0.004333607852458954,
            0.026378732174634933
        ],
        [
            0.08670630306005478,
            0.002508915960788727,
            0.030562683939933777
        ],
        [
            0.06638520956039429,
            0.023919586092233658,
            0.015136850997805595
        ],
        [
            0.09713151305913925,
            -0.02050485461950302,
            0.006311710923910141
        ],
        [
            0.1645456850528717,
            0.006491571664810181,
            -0.000216607004404068
        ],
        [
            0.1717926561832428,
            0.009251382201910019,
            -0.004340525716543198
        ],
        [
            0.16805806756019592,
            0.015199217945337296,
            -0.005163006484508514
        ],
        [
            0.16150885820388794,
            0.013228800147771835,
            -0.00238928385078907
        ],
        [
            0.16459622979164124,
            0.03366202116012573,
            -0.04742792993783951
        ],
        [
            0.1677432656288147,
            0.02980627305805683,
            -0.0413987934589386
        ],
        [
            0.16216900944709778,
            0.023937873542308807,
            -0.03714517131447792
        ],
        [
            0.11790667474269867,
            0.01602771505713463,
            0.024844398722052574
        ],
        [
            0.10993759334087372,
            0.022407475858926773,
            0.032269060611724854
        ],
        [
            0.16867518424987793,
            0.03933682665228844,
            -0.02837963029742241
        ],
        [
            0.19160455465316772,
            0.05779360979795456,
            -0.045322269201278687
        ],
        [
            0.19360212981700897,
            0.052532996982336044,
            -0.043910007923841476
        ],
        [
            0.1778382509946823,
            0.04218166321516037,
            -0.04675285518169403
        ],
        [
            0.17574173212051392,
            0.04848731309175491,
            -0.04876992478966713
        ],
        [
            0.17038114368915558,
            0.04958898574113846,
            -0.030249858275055885
        ],
        [
            0.17121289670467377,
            0.04256811738014221,
            -0.029079211875796318
        ],
        [
            0.17237339913845062,
            0.044957321137189865,
            -0.029197555035352707
        ],
        [
            0.1721819043159485,
            0.05149203911423683,
            -0.028286851942539215
        ],
        [
            0.1556229144334793,
            0.06567863374948502,
            -0.0026330938562750816
        ],
        [
            0.15081416070461273,
            0.061427533626556396,
            0.0003466149792075157
        ],
        [
            0.15079334378242493,
            0.054604243487119675,
            -0.03994147852063179
        ],
        [
            0.15216666460037231,
            0.04588468000292778,
            -0.05014438554644585
        ],
        [
            0.14362752437591553,
            0.03764819726347923,
            -0.04593036696314812
        ],
        [
            0.14459861814975739,
            0.044345542788505554,
            -0.003283591940999031
        ],
        [
            0.15135350823402405,
            0.05180218070745468,
            -0.006151927635073662
        ],
        [
            0.1495806872844696,
            0.05375393480062485,
            -0.0028948429971933365
        ],
        [
            0.16303011775016785,
            0.04167899489402771,
            -0.022568684071302414
        ],
        [
            0.1676417738199234,
            0.04514347016811371,
            -0.026489021256566048
        ],
        [
            0.16439692676067352,
            0.04732055962085724,
            -0.023289965465664864
        ],
        [
            0.15972691774368286,
            0.04400894045829773,
            -0.018812481313943863
        ],
        [
            0.10580917447805405,
            0.05212518200278282,
            0.020187320187687874
        ],
        [
            0.11253511905670166,
            0.04869509115815163,
            0.0291412603110075
        ],
        [
            0.20132920145988464,
            0.05157729238271713,
            -0.03686538338661194
        ],
        [
            0.19789910316467285,
            0.050770409405231476,
            -0.03865049034357071
        ],
        [
            0.13702404499053955,
            0.03660368174314499,
            0.0004189852625131607
        ],
        [
            0.13402089476585388,
            0.028149552643299103,
            -0.03970078006386757
        ],
        [
            0.13035476207733154,
            0.028857968747615814,
            0.005524167791008949
        ],
        [
            0.13736480474472046,
            0.07471532374620438,
            -0.005588363856077194
        ],
        [
            0.1418435424566269,
            0.07408671081066132,
            0.0007401001639664173
        ],
        [
            0.14782872796058655,
            0.07603304088115692,
            -0.0006376013625413179
        ],
        [
            0.14577074348926544,
            0.0783962607383728,
            -0.005936326924711466
        ],
        [
            0.18542172014713287,
            0.06029156595468521,
            -0.026697827503085136
        ],
        [
            0.1880626380443573,
            0.05529790371656418,
            -0.02562694624066353
        ],
        [
            0.1926364302635193,
            0.05768521875143051,
            -0.025476090610027313
        ],
        [
            0.1910260021686554,
            0.06322638690471649,
            -0.026597466319799423
        ],
        [
            0.17238177359104156,
            0.03737947344779968,
            -0.03165595605969429
        ],
        [
            0.17293138802051544,
            0.03339396417140961,
            -0.03656022995710373
        ],
        [
            0.17740942537784576,
            0.0375690832734108,
            -0.035637885332107544
        ],
        [
            0.1752142757177353,
            0.04126327112317085,
            -0.031466320157051086
        ],
        [
            0.17306695878505707,
            0.03448529541492462,
            -0.04263300076127052
        ],
        [
            0.17816266417503357,
            0.03814973309636116,
            -0.041874151676893234
        ],
        [
            0.18441513180732727,
            0.06465402245521545,
            -0.03143477812409401
        ],
        [
            0.18581025302410126,
            0.06583859026432037,
            -0.0387163944542408
        ],
        [
            0.17051687836647034,
            0.058404892683029175,
            -0.04085395857691765
        ],
        [
            0.1721986085176468,
            0.0574679933488369,
            -0.03301818668842316
        ],
        [
            0.09966648370027542,
            0.0394088514149189,
            -0.006791936233639717
        ],
        [
            0.0970781147480011,
            0.043024495244026184,
            0.003447198309004307
        ],
        [
            0.1083211898803711,
            0.05290789157152176,
            0.0012979963794350624
        ],
        [
            0.11846451461315155,
            0.06366880238056183,
            -0.0010584588162600994
        ],
        [
            0.12887953221797943,
            0.07268337905406952,
            -0.003615830559283495
        ],
        [
            0.13069961965084076,
            0.06973695755004883,
            -0.015279063954949379
        ],
        [
            0.10592198371887207,
            0.05406298488378525,
            0.009092625230550766
        ],
        [
            0.16387151181697845,
            0.05524076893925667,
            -0.03407609462738037
        ],
        [
            0.16045531630516052,
            0.05390729010105133,
            -0.04189147427678108
        ],
        [
            0.15833881497383118,
            0.05663773790001869,
            -0.03781340643763542
        ],
        [
            0.1293170154094696,
            0.031939271837472916,
            0.012264341115951538
        ],
        [
            0.19418682157993317,
            0.048825182020664215,
            -0.03996983915567398
        ],
        [
            0.08869145810604095,
            -0.0010834336280822754,
            -0.020972298458218575
        ],
        [
            0.08222931623458862,
            0.009742986410856247,
            -0.015461336821317673
        ],
        [
            0.08988935500383377,
            0.012799039483070374,
            -0.018620532006025314
        ],
        [
            0.09803327918052673,
            0.0002515651285648346,
            -0.02424812875688076
        ],
        [
            0.19107237458229065,
            0.049893856048583984,
            -0.028582964092493057
        ],
        [
            0.19350098073482513,
            0.04723088815808296,
            -0.03379111737012863
        ],
        [
            0.14940229058265686,
            0.06538259238004684,
            0.0055466704070568085
        ],
        [
            0.15374256670475006,
            0.06892377883195877,
            0.0017392132431268692
        ],
        [
            0.15272167325019836,
            0.07242132723331451,
            0.0022837426513433456
        ],
        [
            0.14976324141025543,
            0.07015354186296463,
            0.00823904201388359
        ],
        [
            0.09539169073104858,
            0.04335078224539757,
            0.009191008284687996
        ],
        [
            0.13203871250152588,
            0.07770881056785583,
            0.015856999903917313
        ],
        [
            0.1289556473493576,
            0.07827605307102203,
            0.005814059171825647
        ],
        [
            0.08736136555671692,
            0.03430306911468506,
            0.004909921437501907
        ],
        [
            0.08908393979072571,
            0.03140144422650337,
            -0.004289815202355385
        ],
        [
            0.08130116015672684,
            0.025961559265851974,
            -0.0020065810531377792
        ],
        [
            0.14173409342765808,
            0.06709812581539154,
            -0.02562774531543255
        ],
        [
            0.10370787233114243,
            0.03751344606280327,
            -0.014274600893259048
        ],
        [
            0.09257429838180542,
            0.028863314539194107,
            -0.01066064927726984
        ],
        [
            0.08343596756458282,
            0.022232182323932648,
            -0.00821782648563385
        ],
        [
            0.07634983956813812,
            0.01822938397526741,
            -0.0063138846307992935
        ],
        [
            0.07481732964515686,
            0.022642362862825394,
            0.0003897547721862793
        ],
        [
            0.18878677487373352,
            0.06286150962114334,
            -0.04272916167974472
        ],
        [
            0.19225162267684937,
            0.06830188632011414,
            -0.03732721507549286
        ],
        [
            0.0663655623793602,
            0.01989847421646118,
            0.0023997072130441666
        ],
        [
            0.06884215772151947,
            0.014649201184511185,
            -0.004868760704994202
        ],
        [
            0.09681079536676407,
            0.02450212836265564,
            -0.01764293573796749
        ],
        [
            0.10301036387681961,
            0.017961867153644562,
            -0.02525612898170948
        ],
        [
            0.1075531393289566,
            0.03296676278114319,
            -0.02071213722229004
        ],
        [
            0.11426419764757156,
            0.027517590671777725,
            -0.028610995039343834
        ],
        [
            0.14064544439315796,
            0.06259465962648392,
            -0.0354648157954216
        ],
        [
            0.2089804708957672,
            0.07125706970691681,
            -0.029397109523415565
        ],
        [
            0.19724050164222717,
            0.06982211023569107,
            -0.031187651678919792
        ],
        [
            0.19646954536437988,
            0.06603624671697617,
            -0.026791810989379883
        ],
        [
            0.20714296400547028,
            0.07001928985118866,
            -0.025441356003284454
        ],
        [
            0.190695121884346,
            0.06735408306121826,
            -0.030902594327926636
        ],
        [
            0.19828160107135773,
            0.06933377683162689,
            -0.03689106926321983
        ],
        [
            0.12376517057418823,
            0.017275461927056313,
            -0.03484237566590309
        ],
        [
            0.16804106533527374,
            0.051391974091529846,
            -0.02691204659640789
        ],
        [
            0.11462831497192383,
            0.0036018118262290955,
            -0.030200403183698654
        ],
        [
            0.13846538960933685,
            0.010295988991856575,
            -0.03906973451375961
        ],
        [
            0.1338251382112503,
            -0.000733349472284317,
            -0.03384789824485779
        ],
        [
            0.1069488525390625,
            -0.011659014970064163,
            -0.024568643420934677
        ],
        [
            0.1251605749130249,
            -0.012831896543502808,
            -0.0274870116263628
        ],
        [
            0.08817053586244583,
            -0.013440173119306564,
            -0.01856769248843193
        ],
        [
            0.09665336459875107,
            -0.01101887971162796,
            -0.02155664563179016
        ],
        [
            0.14315029978752136,
            -0.010137774050235748,
            -0.026660973206162453
        ],
        [
