{
    "pred_cam": [
        6.594155788421631,
        0.1444409340620041,
        -0.04820109158754349
    ],
    "pred_mano_params": {
        "global_orient": [
            [
                [
                    -0.4982917308807373,
                    -0.7984599471092224,
                    0.3378860652446747
                ],
                [
                    -0.7207554578781128,
                    0.16487911343574524,
                    -0.6732951402664185
                ],
                [
                    0.48188889026641846,
                    -0.5790306329727173,
                    -0.6576522588729858
                ]
            ]
        ],
        "hand_pose": [
            [
                [
                    0.7439495921134949,
                    -0.5909650921821594,
                    -0.31192854046821594
                ],
                [
                    0.5592772364616394,
                    0.8061162233352661,
                    -0.1933535635471344
                ],
                [
                    0.3657158613204956,
                    -0.03060925006866455,
                    0.9302231669425964
                ]
            ],
            [
                [
                    0.9258303046226501,
                    -0.2773384749889374,
                    0.25675198435783386
                ],
                [
                    0.31679481267929077,
                    0.9399498105049133,
                    -0.1270255148410797
                ],
                [
                    -0.20610488951206207,
                    0.19894178211688995,
                    0.9580934047698975
                ]
            ],
            [
                [
                    0.7173981070518494,
                    -0.68841153383255,
                    0.10690905898809433
                ],
                [
                    0.6806325316429138,
                    0.6598568558692932,
                    -0.318321168422699
                ],
                [
                    0.1485912948846817,
                    0.3011287748813629,
                    0.9419353604316711
                ]
            ],
            [
                [
                    0.7446501851081848,
                    -0.654219388961792,
                    -0.13226129114627838
                ],
                [
                    0.6578147411346436,
                    0.7528991103172302,
                    -0.020560037344694138
                ],
                [
                    0.11303018033504486,
                    -0.07169339060783386,
                    0.9910016059875488
                ]
            ],
            [
                [
                    0.8289371728897095,
                    -0.5515871644020081,
                    -0.09281565994024277
                ],
                [
                    0.5514228343963623,
                    0.7780487537384033,
                    0.3009534180164337
                ],
                [
                    -0.09378692507743835,
                    -0.3006521463394165,
                    0.94911128282547
                ]
            ],
            [
                [
                    0.8216040134429932,
                    -0.46738195419311523,
                    -0.32637542486190796
                ],
                [
                    0.5280950665473938,
                    0.8396317362785339,
                    0.127020463347435
                ],
                [
                    0.21466806530952454,
                    -0.27671778202056885,
                    0.9366669058799744
                ]
            ],
            [
                [
                    0.5823206901550293,
                    -0.5470476150512695,
                    0.6013663411140442
                ],
                [
                    0.48942965269088745,
                    0.8265549540519714,
                    0.27796679735183716
                ],
                [
                    -0.6491233706474304,
                    0.13246069848537445,
                    0.7490613460540771
                ]
            ],
            [
                [
                    0.8600172996520996,
                    -0.4004397392272949,
                    -0.31625649333000183
                ],
                [
                    0.4863296449184418,
                    0.8308529853820801,
                    0.27049362659454346
                ],
                [
                    0.15444625914096832,
                    -0.3864341080188751,
                    0.9092936515808105
                ]
            ],
            [
                [
                    0.8069157600402832,
                    -0.5844192504882812,
                    -0.08567999303340912
                ],
                [
                    0.5854131579399109,
                    0.7719772458076477,
                    0.24767418205738068
                ],
                [
                    -0.07860255986452103,
                    -0.2500104010105133,
                    0.9650473594665527
                ]
            ],
            [
                [
                    0.7783186435699463,
                    -0.6143556237220764,
                    0.1295657902956009
                ],
                [
                    0.622119665145874,
                    0.7824557423591614,
                    -0.0270236823707819
                ],
                [
                    -0.08477733284235,
                    0.10163846611976624,
                    0.9912025928497314
                ]
            ],
            [
                [
                    0.8402326703071594,
                    -0.5233244299888611,
                    -0.14191760122776031
                ],
                [
                    0.5260326266288757,
                    0.7232375741004944,
                    0.44745633006095886
                ],
                [
                    -0.1315246820449829,
                    -0.45062071084976196,
                    0.8829735517501831
                ]
            ],
            [
                [
                    0.7873520255088806,
                    -0.42399778962135315,
                    -0.44755181670188904
                ],
                [
                    0.5486767292022705,
                    0.8129549026489258,
                    0.19508489966392517
                ],
                [
                    0.28112390637397766,
                    -0.3991617262363434,
                    0.872719407081604
                ]
            ],
            [
                [
                    0.9366974830627441,
                    -0.2003660500049591,
                    -0.28714340925216675
                ],
                [
                    -0.19533972442150116,
                    0.3815568685531616,
                    -0.9034693837165833
                ],
                [
                    0.29058608412742615,
                    0.9023679494857788,
                    0.3182639181613922
                ]
            ],
            [
                [
                    0.9370673894882202,
                    -0.23351041972637177,
                    -0.25957173109054565
                ],
                [
                    0.3485482633113861,
                    0.6692044138908386,
                    0.6562618017196655
                ],
                [
                    0.02046254463493824,
                    -0.7054348587989807,
                    0.7084792852401733
                ]
            ],
            [
                [
                    0.9231178164482117,
                    0.32407185435295105,
                    0.2069563865661621
                ],
                [
                    -0.34047263860702515,
                    0.9390150308609009,
                    0.04826169088482857
                ],
                [
                    -0.17869488894939423,
                    -0.1150142177939415,
                    0.9771590828895569
                ]
            ]
        ],
        "betas": [
            -0.03872594237327576,
            0.02876114845275879,
            -0.07451105117797852,
            0.012999385595321655,
            0.07399550080299377,
            -0.012696076184511185,
            0.05376210808753967,
            -0.031041115522384644,
            -0.009139224886894226,
            -0.05293053388595581
        ]
    },
    "pred_cam_t": [
        -0.1444409340620041,
        -0.04820109158754349,
        5.923806190490723
    ],
    "focal_length": [
        5000.0,
        5000.0
    ],
    "pred_keypoints_3d": [
        [
            0.09596235305070877,
            0.006403202190995216,
            0.006187774240970612
        ],
        [
            0.12917380034923553,
            0.003863060846924782,
            -0.013477422297000885
        ],
        [
            0.15653802454471588,
            0.017622411251068115,
            -0.017464529722929
        ],
        [
            0.17461775243282318,
            0.03737261891365051,
            -0.022101568058133125
        ],
        [
            0.19690439105033875,
            0.05370483174920082,
            -0.0459943562746048
        ],
        [
            0.15120373666286469,
            0.05530407279729843,
            -0.04705081135034561
        ],
        [
            0.17389187216758728,
            0.07931952178478241,
            -0.04467358440160751
        ],
        [
            0.1935197412967682,
            0.08667927235364914,
            -0.03717603534460068
        ],
        [
            0.20897343754768372,
            0.08544212579727173,
            -0.016798216849565506
        ],
        [
            0.14330284297466278,
            0.07685436308383942,
            -0.03651933744549751
        ],
        [
            0.16719487309455872,
            0.09701510518789291,
            -0.030856266617774963
        ],
        [
            0.18652306497097015,
            0.09722425043582916,
            -0.017816951498389244
        ],
        [
            0.20075127482414246,
            0.08992673456668854,
            0.0027045756578445435
        ],
        [
            0.13092273473739624,
            0.08279797434806824,
            -0.013475611805915833
        ],
        [
            0.15473544597625732,
            0.0991649329662323,
            -0.014250611886382103
        ],
        [
            0.1750311404466629,
            0.0999494194984436,
            6.750039756298065e-05
        ],
        [
            0.1863713264465332,
            0.0943957269191742,
            0.02291429229080677
        ],
        [
            0.12369590252637863,
            0.08358460664749146,
            0.0071664173156023026
        ],
        [
            0.14239774644374847,
            0.09309077262878418,
            0.004449420142918825
        ],
        [
            0.15844690799713135,
            0.09752724319696426,
            0.013596469536423683
        ],
        [
            0.16925200819969177,
            0.09411247819662094,
            0.028218256309628487
        ]
    ],
    "pred_vertices": [
        [
            0.13899268209934235,
            0.029015131294727325,
            -0.01834564469754696
        ],
        [
            0.13332565128803253,
            0.021690327674150467,
            -0.011531330645084381
        ],
        [
            0.1410520225763321,
            0.024417199194431305,
            -0.013926137238740921
        ],
        [
            0.1460326910018921,
            0.029143529012799263,
            -0.02254880592226982
        ],
        [
            0.14086133241653442,
            0.010381031781435013,
            0.0022139959037303925
        ],
        [
            0.14365124702453613,
            -0.0010065734386444092,
            0.00025636330246925354
        ],
        [
            0.1569453924894333,
            0.009321186691522598,
            -0.00431099534034729
        ],
        [
            0.15299563109874725,
            0.01755620911717415,
            -0.00042558833956718445
        ],
        [
            0.1507016122341156,
            0.03049749694764614,
            -0.026282764971256256
        ],
        [
            0.1482258290052414,
            0.02701535075902939,
            -0.01553870365023613
        ],
        [
            0.15015913546085358,
            0.0308583602309227,
            -0.028035201132297516
        ],
        [
            0.14809414744377136,
            0.03375247120857239,
            -0.04319380968809128
        ],
        [
            0.15109661221504211,
            0.03418131545186043,
            -0.03724995627999306
        ],
        [
            0.1482786238193512,
            0.03921590745449066,
            -0.05008561164140701
        ],
        [
            0.13898548483848572,
            0.029385628178715706,
            -0.046636998653411865
        ],
        [
            0.1402081549167633,
            0.04258092865347862,
            -0.0537172295153141
        ],
        [
            0.1151716485619545,
            0.040571004152297974,
            -0.03757186606526375
        ],
        [
            0.10816121101379395,
            0.0469173826277256,
            -0.02755022794008255
        ],
        [
            0.11636035144329071,
            0.06064671277999878,
            -0.03420233726501465
        ],
        [
            0.12334360927343369,
            0.052776485681533813,
            -0.04320699721574783
        ],
        [
            0.10803554952144623,
            0.06401064246892929,
            -0.015126872807741165
        ],
        [
            0.1128934770822525,
            0.0629211813211441,
            -0.02596588432788849
        ],
        [
            0.1037067323923111,
            0.04953236132860184,
            -0.020077276974916458
        ],
        [
            0.09993894398212433,
            0.051147837191820145,
            -0.010613573715090752
        ],
        [
            0.1287628412246704,
            0.03190899267792702,
            -0.007361214607954025
        ],
        [
            0.12377554923295975,
            0.02398357167840004,
            -0.0014876686036586761
        ],
        [
            0.1261943280696869,
            0.02227010950446129,
            -0.006492439657449722
        ],
        [
            0.13164615631103516,
            0.029921311885118484,
            -0.011657491326332092
        ],
        [
            0.15482217073440552,
            0.02766038104891777,
            -0.027944421395659447
        ],
        [
            0.14601574838161469,
            0.019016899168491364,
            -0.03560034930706024
        ],
        [
            0.14718550443649292,
            0.026294831186532974,
            -0.03404615819454193
        ],
        [
            0.15533742308616638,
            0.030984748154878616,
            -0.023263074457645416
        ],
        [
            0.11394020915031433,
            0.009752526879310608,
            0.022099576890468597
        ],
        [
            0.10398980975151062,
            0.0005865916609764099,
            0.02283625677227974
        ],
        [
            0.1058407574892044,
            -0.002773106098175049,
            0.01826656609773636
        ],
        [
            0.11418521404266357,
            0.006326533854007721,
            0.018186397850513458
        ],
        [
            0.12229492515325546,
            -0.010539829730987549,
            0.00507098063826561
        ],
        [
            0.1118980348110199,
            -0.01419026404619217,
            0.005266863852739334
        ],
        [
            0.10633929073810577,
            -0.021993428468704224,
            -0.003732644021511078
        ],
        [
            0.11647217720746994,
            -0.01838602125644684,
            -0.007180478423833847
        ],
        [
            0.13349111378192902,
            -0.006239306181669235,
            0.002802763134241104
        ],
        [
            0.13062267005443573,
            -0.014745350927114487,
            -0.007097870111465454
        ],
        [
            0.1434207558631897,
            -0.008049655705690384,
            -0.008520778268575668
        ],
        [
            0.1573876589536667,
            0.004382975399494171,
            -0.012086782604455948
        ],
        [
            0.0974712073802948,
            0.008332930505275726,
            0.030756626278162003
        ],
        [
            0.10418830811977386,
            0.01600681245326996,
            0.03176901116967201
        ],
        [
            0.18182146549224854,
            0.07222525030374527,
            -0.04040619730949402
        ],
        [
            0.18008141219615936,
            0.07528893649578094,
            -0.03571110963821411
        ],
        [
            0.1770128458738327,
            0.07215530425310135,
            -0.03648488596081734
        ],
        [
            0.1793483942747116,
            0.070153146982193,
            -0.041452717036008835
        ],
        [
            0.0851631909608841,
            0.0241122767329216,
            0.0275508314371109
        ],
        [
            0.07825267314910889,
            0.026193007826805115,
            0.020445827394723892
        ],
        [
            0.0754564180970192,
            0.020906269550323486,
            0.024653974920511246
        ],
        [
            0.08238933980464935,
            0.01752692461013794,
            0.030095096677541733
        ],
        [
            0.08892244845628738,
            0.03274211287498474,
            0.024151746183633804
        ],
        [
            0.0828097015619278,
            0.033131953328847885,
            0.01459500566124916
        ],
        [
            0.18202835321426392,
            0.07997649908065796,
            -0.05086352676153183
        ],
        [
            0.18350589275360107,
            0.07549507915973663,
            -0.04868556186556816
        ],
        [
            0.1793263852596283,
            0.07418055087327957,
            -0.05078500136733055
        ],
        [
            0.17678505182266235,
            0.07835353165864944,
            -0.0519641749560833
        ],
        [
            0.1498745083808899,
            0.03426653891801834,
            -0.030678225681185722
        ],
        [
            0.14463821053504944,
            0.03555282950401306,
            -0.02358003333210945
        ],
        [
            0.15645723044872284,
            0.04742010682821274,
            -0.038776885718107224
        ],
        [
            0.15095432102680206,
            0.043844372034072876,
            -0.03291081637144089
        ],
        [
            0.15258167684078217,
            0.0394161194562912,
            -0.03804152458906174
        ],
        [
            0.15630002319812775,
            0.04332504794001579,
            -0.043239299207925797
        ],
        [
            0.13743053376674652,
            0.05168437212705612,
            -0.015005186200141907
        ],
        [
            0.13195881247520447,
            0.04244920611381531,
            -0.010278530418872833
        ],
        [
            0.1355302929878235,
            0.04067881405353546,
            -0.015594404190778732
        ],
        [
            0.14285756647586823,
            0.04968696087598801,
            -0.021468915045261383
        ],
        [
            0.12744548916816711,
            0.04770850017666817,
            0.0021535269916057587
        ],
        [
            0.13282693922519684,
            0.05648094415664673,
            -0.0037717483937740326
        ],
        [
            0.1296105980873108,
            0.058504343032836914,
            0.00397871807217598
        ],
        [
            0.1271497756242752,
            0.05168812721967697,
            0.007379602640867233
        ],
        [
            0.14229951798915863,
            0.06951655447483063,
            -0.01665176823735237
        ],
        [
            0.14476452767848969,
            0.07450472563505173,
            -0.020228186622262
        ],
        [
            0.14462360739707947,
            0.07644437998533249,
            -0.01718294806778431
        ],
        [
            0.14065423607826233,
            0.07072387635707855,
            -0.013495294377207756
        ],
        [
            0.07196381688117981,
            0.015596061944961548,
            0.027858158573508263
        ],
        [
            0.07975701987743378,
            0.010874614119529724,
            0.03161575645208359
        ],
        [
            0.102770134806633,
            0.0678534060716629,
            0.005693791434168816
        ],
        [
            0.10396011173725128,
            0.06492911279201508,
            0.016506623476743698
        ],
        [
            0.10965415835380554,
            0.07729504257440567,
            0.013886293396353722
        ],
        [
            0.10654003173112869,
            0.07723988592624664,
            0.0027164118364453316
        ],
        [
            0.07589320093393326,
            0.025506317615509033,
            0.01029750145971775
        ],
        [
            0.07139936834573746,
            0.021568655967712402,
            0.015420882031321526
        ],
        [
            0.17954903841018677,
            0.08534038066864014,
            -0.049394018948078156
        ],
        [
            0.17389634251594543,
            0.08291620761156082,
            -0.04954847693443298
        ],
        [
            0.13583794236183167,
            -0.010672792792320251,
            -0.020398825407028198
        ],
        [
            0.15449202060699463,
            0.002517610788345337,
            -0.021147752180695534
        ],
        [
            0.11941574513912201,
            -0.016379069536924362,
            -0.018182583153247833
        ],
        [
            0.10723403096199036,
            -0.01792816072702408,
            -0.015876788645982742
        ],
        [
            0.0984749123454094,
            -0.021282590925693512,
            -0.013166110962629318
        ],
        [
            0.1504286378622055,
            0.04985146224498749,
            -0.030382372438907623
        ],
        [
            0.13771869242191315,
            0.03551216050982475,
            -0.017500968649983406
        ],
        [
            0.12662950158119202,
            0.03381640464067459,
            -0.003080800175666809
        ],
        [
            0.12026944011449814,
            0.048875842243433,
            0.02327573113143444
        ],
        [
            0.11606166511774063,
            0.04006818309426308,
            0.027464477345347404
        ],
        [
            0.12216693162918091,
            0.037994369864463806,
            0.0188714861869812
        ],
        [
            0.12407702207565308,
            0.046280328184366226,
            0.01662246510386467
        ],
        [
            0.1110706552863121,
            0.06321944296360016,
            0.02317335084080696
        ],
        [
            0.11886698752641678,
            0.0608733668923378,
            0.022495226934552193
        ],
        [
            0.12193140387535095,
            0.0691257044672966,
            0.019201118499040604
        ],
        [
            0.11522671580314636,
            0.07328499108552933,
            0.0197499617934227
        ],
        [
            0.15825989842414856,
            0.022329717874526978,
            -0.03133505582809448
        ],
        [
            0.14668089151382446,
            0.011945370584726334,
            -0.03578142821788788
        ],
        [
            0.09387640655040741,
            0.019962504506111145,
            0.03199320659041405
        ],
        [
            0.09108646214008331,
            0.012646786868572235,
            0.032134439796209335
        ],
        [
            0.08574944734573364,
            0.006027452647686005,
            0.032673563808202744
        ],
        [
            0.1197412982583046,
            0.015583649277687073,
            0.009629420936107635
        ],
        [
            0.11447980999946594,
            0.0038306936621665955,
            0.01549357920885086
        ],
        [
            0.1167682558298111,
            0.0017533749341964722,
            0.012197408825159073
        ],
        [
            0.11988009512424469,
            0.014229610562324524,
            0.006085507571697235
        ],
        [
            0.12971113622188568,
            0.014866098761558533,
            -0.0022528842091560364
        ],
        [
            0.12933455407619476,
            0.00401010736823082,
            0.005104463547468185
        ],
        [
            0.13882938027381897,
            0.02054664120078087,
            -0.003366086632013321
        ],
        [
            0.1075625866651535,
            -0.008672364056110382,
            0.012707788497209549
        ],
        [
            0.09975029528141022,
            -0.010802581906318665,
            0.02036004140973091
        ],
        [
            0.10172112286090851,
            -0.0160130113363266,
            0.013387348502874374
        ],
        [
            0.09543648362159729,
            -0.004810944199562073,
            0.026829682290554047
        ],
        [
            0.09069228917360306,
            0.0011401399970054626,
            0.03147919476032257
        ],
        [
            0.06460414826869965,
            0.017433293163776398,
            0.018566055223345757
        ],
        [
            0.10303830355405807,
            -0.01961265504360199,
            0.006028130650520325
        ],
        [
            0.1610347479581833,
            0.021979615092277527,
            -0.004878854379057884
        ],
        [
            0.16738739609718323,
            0.026458270847797394,
            -0.009075915440917015
        ],
        [
            0.1622634083032608,
            0.031222451478242874,
            -0.009683240205049515
        ],
        [
            0.1563461422920227,
            0.02766409143805504,
            -0.0069360192865133286
        ],
        [
            0.15133047103881836,
            0.04688947647809982,
            -0.05465514585375786
        ],
        [
            0.15569646656513214,
            0.04382891207933426,
            -0.049001678824424744
        ],
        [
            0.15187431871891022,
            0.03699999675154686,
            -0.044254422187805176
        ],
        [
            0.11749182641506195,
            0.020929768681526184,
            0.02231285348534584
        ],
        [
            0.10921071469783783,
            0.02561195194721222,
            0.03064284846186638
        ],
        [
            0.15550047159194946,
            0.053391940891742706,
            -0.03622550144791603
        ],
        [
            0.17225097119808197,
            0.07647496461868286,
            -0.05337231978774071
        ],
        [
            0.17544451355934143,
            0.07177863270044327,
            -0.05202373117208481
        ],
        [
            0.16251832246780396,
            0.0581306591629982,
            -0.0545528270304203
        ],
        [
            0.15891943871974945,
            0.06379251927137375,
            -0.056481219828128815
        ],
        [
            0.15442350506782532,
            0.06374510377645493,
            -0.03790163993835449
        ],
        [
            0.15681210160255432,
            0.05707540735602379,
            -0.03680706024169922
        ],
        [
            0.15717913210391998,
            0.05965212360024452,
            -0.03680673614144325
        ],
        [
            0.15542881190776825,
            0.06598358601331711,
            -0.03584689646959305
        ],
        [
            0.14025089144706726,
            0.07724054157733917,
            -0.008973623625934124
        ],
        [
            0.1368696689605713,
            0.0720122754573822,
            -0.005668573081493378
        ],
        [
            0.13400353491306305,
            0.0644596517086029,
            -0.04590817168354988
        ],
        [
            0.1361525058746338,
            0.056143101304769516,
            -0.05635485425591469
        ],
        [
            0.1300538033246994,
            0.04628462716937065,
            -0.05109524726867676
        ],
        [
            0.13414256274700165,
            0.0538187213242054,
            -0.008606603369116783
        ],
        [
            0.13876861333847046,
            0.0624982975423336,
            -0.01220853254199028
        ],
        [
            0.1370050311088562,
            0.0641186460852623,
            -0.00875023566186428
        ],
        [
            0.1503845602273941,
            0.05467702075839043,
            -0.029936427250504494
        ],
        [
            0.15346026420593262,
            0.058885008096694946,
            -0.03425326943397522
        ],
        [
            0.1504935324192047,
            0.060476966202259064,
            -0.030745118856430054
        ],
        [
            0.14716608822345734,
            0.05637931078672409,
            -0.025781307369470596
        ],
        [
            0.09745361655950546,
            0.05354370176792145,
            0.019256068393588066
        ],
        [
            0.10574379563331604,
            0.0518222376704216,
            0.02736581861972809
        ],
        [
            0.1832793653011322,
            0.07246812433004379,
            -0.04504833742976189
        ],
        [
            0.18014027178287506,
            0.07095956802368164,
            -0.04677138477563858
        ],
        [
            0.12886840105056763,
            0.04469112679362297,
            -0.00409536249935627
        ],
        [
            0.12353300303220749,
            0.03500654548406601,
            -0.04375621676445007
        ],
        [
            0.12463632971048355,
            0.03577949479222298,
            0.0017072781920433044
        ],
        [
            0.12026790529489517,
            0.08195062726736069,
            -0.01009032130241394
        ],
        [
            0.12548057734966278,
            0.08266882598400116,
            -0.004262495320290327
        ],
        [
            0.13049598038196564,
            0.08578465133905411,
            -0.00623448146507144
        ],
        [
            0.1274697482585907,
            0.0874306857585907,
            -0.011320340447127819
        ],
        [
            0.16616962850093842,
            0.077548548579216,
            -0.03450867533683777
        ],
        [
            0.16995760798454285,
            0.07329913973808289,
            -0.03354281187057495
        ],
        [
            0.17380410432815552,
            0.07659034430980682,
            -0.03336837887763977
        ],
        [
            0.17097055912017822,
            0.08166052401065826,
            -0.034444112330675125
        ],
        [
            0.15904265642166138,
            0.052267830818891525,
            -0.039433833211660385
        ],
        [
            0.1602662205696106,
            0.04848209023475647,
            -0.044407572597265244
        ],
        [
            0.1635991781949997,
            0.05358397960662842,
            -0.043433673679828644
        ],
        [
            0.1607418954372406,
            0.05670102313160896,
            -0.03917013481259346
        ],
        [
            0.15978707373142242,
            0.04954734072089195,
            -0.05033673346042633
        ],
        [
            0.16395440697669983,
            0.05430018901824951,
            -0.04968561232089996
        ],
        [
            0.1640329360961914,
            0.08156485110521317,
            -0.039171602576971054
        ],
        [
            0.1649562120437622,
            0.08298057317733765,
            -0.046483371406793594
        ],
        [
            0.15173901617527008,
            0.07230614870786667,
            -0.048277609050273895
        ],
        [
            0.15380661189556122,
            0.07182058691978455,
            -0.04051189869642258
        ],
        [
            0.09114198386669159,
            0.03928185999393463,
            -0.006994374096393585
        ],
        [
            0.08900023996829987,
            0.042467258870601654,
            0.003520417958498001
        ],
        [
            0.09756109118461609,
            0.054480113089084625,
            0.0001514088362455368
        ],
        [
            0.10482741892337799,
            0.06708117574453354,
            -0.0033118361607193947
        ],
        [
            0.1127450093626976,
            0.07806268334388733,
            -0.0070432620123028755
        ],
        [
            0.11386284232139587,
            0.07541334629058838,
            -0.01897002011537552
        ],
        [
            0.09587117284536362,
            0.05524354800581932,
            0.008198918774724007
        ],
        [
            0.1473872810602188,
            0.06792225688695908,
            -0.04108307138085365
        ],
        [
            0.14327190816402435,
            0.06576447933912277,
            -0.04879772290587425
        ],
        [
            0.1414753943681717,
            0.06804658472537994,
            -0.04437749460339546
        ],
        [
            0.12373466044664383,
            0.03870667517185211,
            0.008554887026548386
        ],
        [
            0.1770147979259491,
            0.06832993030548096,
            -0.04813074693083763
        ],
        [
            0.08768017590045929,
            -0.0029656700789928436,
            -0.02011803723871708
        ],
        [
            0.0796056017279625,
            0.006353266537189484,
            -0.013813711702823639
        ],
        [
            0.08605434745550156,
            0.010915473103523254,
            -0.01782103069126606
        ],
        [
            0.09622855484485626,
            0.00025984272360801697,
            -0.024440797045826912
        ],
        [
            0.17409898340702057,
            0.06873913109302521,
            -0.036651454865932465
        ],
        [
            0.17690306901931763,
            0.06665702909231186,
            -0.04193270578980446
        ],
        [
            0.13513848185539246,
            0.07580834627151489,
            -0.00036519207060337067
        ],
        [
            0.13805383443832397,
            0.08013352006673813,
            -0.0044881608337163925
        ],
        [
            0.13623596727848053,
            0.08341147005558014,
            -0.0037895459681749344
        ],
        [
            0.1346447765827179,
            0.08082272857427597,
            0.0023018354550004005
        ],
        [
            0.08794468641281128,
            0.042535606771707535,
            0.009439187124371529
        ],
        [
            0.11627116054296494,
            0.08415985852479935,
            0.012072421610355377
        ],
        [
            0.11232969164848328,
            0.08382248133420944,
            0.00244058296084404
        ],
        [
            0.08160025626420975,
            0.03188534080982208,
            0.0060420408844947815
        ],
        [
            0.08286122232675552,
            0.02922944724559784,
            -0.0033328644931316376
        ],
        [
            0.07672904431819916,
            0.022282466292381287,
            -0.00019648484885692596
        ],
        [
            0.12409444153308868,
            0.07502881437540054,
            -0.030547862872481346
        ],
        [
            0.09463173151016235,
            0.0381496325135231,
            -0.014925841242074966
        ],
        [
            0.08608011901378632,
            0.027367249131202698,
            -0.01009569875895977
        ],
        [
            0.07890376448631287,
            0.018966257572174072,
            -0.006655426695942879
        ],
        [
            0.07309792190790176,
            0.013568304479122162,
            -0.0039617158472537994
        ],
        [
            0.07141075283288956,
            0.017696067690849304,
            0.0029139183461666107
        ],
        [
            0.16841189563274384,
            0.08071821182966232,
            -0.050635337829589844
        ],
        [
            0.1707506775856018,
            0.08680973947048187,
            -0.04519319534301758
        ],
        [
            0.06401009112596512,
            0.01324319839477539,
            0.0058660730719566345
        ],
        [
            0.06673108041286469,
            0.008489161729812622,
            -0.0016817264258861542
        ],
        [
            0.09033936262130737,
            0.023873139172792435,
            -0.017567435279488564
        ],
        [
            0.09704720228910446,
            0.018632829189300537,
            -0.025923723354935646
        ],
        [
            0.09863103926181793,
            0.03439135104417801,
            -0.021808944642543793
        ],
        [
            0.10550285875797272,
            0.030337180942296982,
            -0.030488042160868645
        ],
        [
            0.12291749566793442,
            0.07027046382427216,
            -0.0403301976621151
        ],
        [
            0.1870252788066864,
            0.09339141845703125,
            -0.03769830986857414
        ],
        [
            0.1756344735622406,
            0.08959819376468658,
            -0.03926709666848183
        ],
        [
            0.17574407160282135,
            0.08573997020721436,
            -0.034870997071266174
        ],
        [
            0.1854119747877121,
            0.09190043061971664,
            -0.03370797634124756
        ],
        [
            0.16962578892707825,
            0.08559790998697281,
            -0.03871891275048256
        ],
        [
            0.17662158608436584,
            0.08923868834972382,
            -0.04498479515314102
        ],
        [
            0.11653091758489609,
            0.02224162220954895,
            -0.03779338672757149
        ],
        [
            0.15277844667434692,
            0.06514398008584976,
            -0.034491218626499176
        ],
        [
            0.11128497123718262,
            0.006993871182203293,
            -0.03219660371541977
        ],
        [
            0.13209259510040283,
            0.018655478954315186,
            -0.0432819202542305
        ],
        [
            0.1307176649570465,
            0.006998617202043533,
            -0.037523053586483
        ],
        [
            0.10773298144340515,
            -0.009506747126579285,
            -0.025716451928019524
        ],
        [
            0.125694140791893,
            -0.00664043053984642,
            -0.030269406735897064
        ],
        [
            0.09013552963733673,
            -0.015115946531295776,
            -0.017709791660308838
        ],
        [
            0.09766192734241486,
            -0.011001363396644592,
            -0.02162669599056244
        ],
        [
            0.14292345941066742,
            0.00030239298939704895,
            -0.0306828785687685
        ],
        [
            0.18883053958415985,
            0.07704298198223114,
