{
    "pred_cam": [
        14.139522552490234,
        -0.09516728669404984,
        -0.008343011140823364
    ],
    "pred_mano_params": {
        "global_orient": [
            [
                [
                    -0.5602790713310242,
                    0.8204801678657532,
                    -0.11357662826776505
                ],
                [
                    0.04033253341913223,
                    -0.10993292927742004,
                    -0.9931203126907349
                ],
                [
                    -0.8273214101791382,
                    -0.5610052943229675,
                    0.028501074761152267
                ]
            ]
        ],
        "hand_pose": [
            [
                [
                    0.5524322986602783,
                    -0.74054354429245,
                    -0.3826405107975006
                ],
                [
                    0.8268033862113953,
                    0.5451305508613586,
                    0.13866811990737915
                ],
                [
                    0.10589922964572906,
                    -0.39297324419021606,
                    0.9134315848350525
                ]
            ],
            [
                [
                    0.982968270778656,
                    -0.17665618658065796,
                    0.050655532628297806
                ],
                [
                    0.18339060246944427,
                    0.925083577632904,
                    -0.33254820108413696
                ],
                [
                    0.011886094696819782,
                    0.3361740708351135,
                    0.9417248964309692
                ]
            ],
            [
                [
                    0.9562016725540161,
                    0.2741870880126953,
                    0.10246861726045609
                ],
                [
                    -0.2818209230899811,
                    0.9569696187973022,
                    0.06918105483055115
                ],
                [
                    -0.07909081131219864,
                    -0.0950288400053978,
                    0.9923276305198669
                ]
            ],
            [
                [
                    0.49767598509788513,
                    -0.8584703207015991,
                    -0.12388461083173752
                ],
                [
                    0.8495545983314514,
                    0.45366600155830383,
                    0.2691546082496643
                ],
                [
                    -0.17485900223255157,
                    -0.2391985058784485,
                    0.9550961256027222
                ]
            ],
            [
                [
                    0.9979596138000488,
                    -0.01882670260965824,
                    -0.06101062893867493
                ],
                [
                    0.03322478011250496,
                    0.9691011309623718,
                    0.24441592395305634
                ],
                [
                    0.05452391505241394,
                    -0.24594426155090332,
                    0.967749297618866
                ]
            ],
            [
                [
                    0.9668047428131104,
                    -0.019720859825611115,
                    0.25475412607192993
                ],
                [
                    0.013243602588772774,
                    0.9995445609092712,
                    0.027116039767861366
                ],
                [
                    -0.25517287850379944,
                    -0.022842058911919594,
                    0.9666255712509155
                ]
            ],
            [
                [
                    0.659663200378418,
                    -0.7446784377098083,
                    0.10148172825574875
                ],
                [
                    0.7316300868988037,
                    0.6671784520149231,
                    0.13996563851833344
                ],
                [
                    -0.1719358116388321,
                    -0.01808309368789196,
                    0.9849421977996826
                ]
            ],
            [
                [
                    0.9528442621231079,
                    -0.2497010976076126,
                    0.17244456708431244
                ],
                [
                    0.17106421291828156,
                    0.911344587802887,
                    0.37441685795783997
                ],
                [
                    -0.25064873695373535,
                    -0.32726186513900757,
                    0.9110843539237976
                ]
            ],
            [
                [
                    0.8627558350563049,
                    -0.29751789569854736,
                    0.40882202982902527
                ],
                [
                    0.1657334864139557,
                    0.9302878379821777,
                    0.3272566795349121
                ],
                [
                    -0.47768688201904297,
                    -0.21458709239959717,
                    0.851919949054718
                ]
            ],
            [
                [
                    0.5909240245819092,
                    -0.7937121987342834,
                    0.1443243771791458
                ],
                [
                    0.7965444922447205,
                    0.6023872494697571,
                    0.0514444038271904
                ],
                [
                    -0.12777119874954224,
                    0.0845610499382019,
                    0.9881921410560608
                ]
            ],
            [
                [
                    0.9932924509048462,
                    -0.06648831069469452,
                    0.09460120648145676
                ],
                [
                    0.015594074502587318,
                    0.8876975178718567,
                    0.4601629674434662
                ],
                [
                    -0.1145726814866066,
                    -0.45560118556022644,
                    0.8827800750732422
                ]
            ],
            [
                [
                    0.9444032311439514,
                    -0.10563547909259796,
                    0.311357706785202
                ],
                [
                    0.056280795484781265,
                    0.9849439263343811,
                    0.16345588862895966
                ],
                [
                    -0.3239366412162781,
                    -0.13684481382369995,
                    0.9361294507980347
                ]
            ],
            [
                [
                    0.8742249011993408,
                    0.1602604240179062,
                    -0.4583094120025635
                ],
                [
                    -0.4539332091808319,
                    0.6047097444534302,
                    -0.6544239521026611
                ],
                [
                    0.17226596176624298,
                    0.7801555395126343,
                    0.601399838924408
                ]
            ],
            [
                [
                    0.8804143071174622,
                    -0.3124327063560486,
                    -0.35673031210899353
                ],
                [
                    0.43279680609703064,
                    0.8368501663208008,
                    0.3352145552635193
                ],
                [
                    0.19379782676696777,
                    -0.44951942563056946,
                    0.8719947338104248
                ]
            ],
            [
                [
                    0.9821739196777344,
                    -0.18074913322925568,
                    0.05161522701382637
                ],
                [
                    0.18224498629570007,
                    0.8483587503433228,
                    -0.4970655143260956
                ],
                [
                    0.04605593532323837,
                    0.497611403465271,
                    0.8661764860153198
                ]
            ]
        ],
        "betas": [
            0.013383150100708008,
            -0.09693306684494019,
            0.04871806502342224,
            0.03914925456047058,
            0.08176520466804504,
            0.11444045603275299,
            0.07711564004421234,
            0.015468612313270569,
            -0.006414309144020081,
            0.004631936550140381
        ]
    },
    "pred_cam_t": [
        -0.09516728669404984,
        -0.008343011140823364,
        2.762646436691284
    ],
    "focal_length": [
        5000.0,
        5000.0
    ],
    "pred_keypoints_3d": [
        [
            0.09565159678459167,
            0.0063868979923427105,
            0.006201264448463917
        ],
        [
            0.09356219321489334,
            -0.01858231984078884,
            0.03546540066599846
        ],
        [
            0.10287617892026901,
            -0.030517691746354103,
            0.06217046082019806
        ],
        [
            0.11644195020198822,
            -0.02665126323699951,
            0.08523750305175781
        ],
        [
            0.12254741787910461,
            -0.019001372158527374,
            0.11916124820709229
        ],
        [
            0.13837219774723053,
            -0.017053373157978058,
            0.08260189741849899
        ],
        [
            0.13080409169197083,
            -0.012246701866388321,
            0.11432458460330963
        ],
        [
            0.1181890070438385,
            -0.009305868297815323,
            0.13231121003627777
        ],
        [
            0.11261778324842453,
            -0.007601701654493809,
            0.1568329930305481
        ],
        [
            0.14781515300273895,
            0.006120964419096708,
            0.08529020845890045
        ],
        [
            0.1347576081752777,
            0.008771218359470367,
            0.11404117196798325
        ],
        [
            0.12138918042182922,
            0.010738813318312168,
            0.1329624354839325
        ],
        [
            0.11265863478183746,
            0.008451294153928757,
            0.15738679468631744
        ],
        [
            0.14128443598747253,
            0.03001260571181774,
            0.07534604519605637
        ],
        [
            0.1344272643327713,
            0.03278687596321106,
            0.10321466624736786
        ],
        [
            0.12188486009836197,
            0.03544861450791359,
            0.12434901297092438
        ],
        [
            0.11372768878936768,
            0.03114650398492813,
            0.14785286784172058
        ],
        [
            0.13103842735290527,
            0.047595348209142685,
            0.06750200688838959
        ],
        [
            0.12752950191497803,
            0.05794870853424072,
            0.08553331345319748
        ],
        [
            0.11665934324264526,
            0.06176383048295975,
            0.1005418598651886
        ],
        [
            0.10513928532600403,
            0.0550910048186779,
            0.11365842819213867
        ]
    ],
    "pred_vertices": [
        [
            0.10840557515621185,
            -0.009457658976316452,
            0.05597993731498718
        ],
        [
            0.10154116153717041,
            -0.007756226696074009,
            0.047557421028614044
        ],
        [
            0.10405668616294861,
            -0.012796014547348022,
            0.05567684397101402
        ],
        [
            0.10952970385551453,
            -0.015673136338591576,
            0.06212524324655533
        ],
        [
            0.0851430669426918,
            -0.012634900398552418,
            0.051209934055805206
        ],
        [
            0.07844827324151993,
            -0.022321144118905067,
            0.04748058691620827
        ],
        [
            0.08706597983837128,
            -0.026843857020139694,
            0.06235051155090332
        ],
        [
            0.09080672264099121,
            -0.017215102910995483,
            0.06318552047014236
        ],
        [
            0.11297638714313507,
            -0.020837955176830292,
            0.06602539122104645
        ],
        [
            0.10621657967567444,
            -0.01677052304148674,
            0.06240063160657883
        ],
        [
            0.11693762987852097,
            -0.023805543780326843,
            0.06359414756298065
        ],
        [
            0.1266094446182251,
            -0.028998520225286484,
            0.0660720244050026
        ],
        [
            0.12075783312320709,
            -0.024616681039333344,
            0.06945274025201797
        ],
        [
            0.13353054225444794,
            -0.02927963249385357,
            0.07061370462179184
        ],
        [
            0.129745751619339,
            -0.03140563890337944,
            0.05586324259638786
        ],
        [
            0.14147377014160156,
            -0.027164585888385773,
            0.06595612317323685
        ],
        [
            0.13824447989463806,
            -0.009445867501199245,
            0.04308246076107025
        ],
        [
            0.13824613392353058,
            0.0035922995302826166,
            0.03963617980480194
        ],
        [
            0.14845484495162964,
            0.005278491415083408,
            0.054342225193977356
        ],
        [
            0.1467035412788391,
            -0.008001821115612984,
            0.05709785223007202
        ],
        [
            0.140847310423851,
            0.023443281650543213,
            0.04680491238832474
        ],
        [
            0.14552398025989532,
            0.013584128580987453,
            0.05164256691932678
        ],
        [
            0.13667261600494385,
            0.011896097101271152,
            0.036365725100040436
        ],
        [
            0.13285449147224426,
            0.020848684012889862,
            0.03298516944050789
        ],
        [
            0.10666405409574509,
            0.0035913235042244196,
            0.04816918447613716
        ],
        [
            0.0995521992444992,
            0.004696485586464405,
            0.03944208472967148
        ],
        [
            0.10052250325679779,
            -0.00042991340160369873,
            0.04106902703642845
        ],
        [
            0.10707519948482513,
            -0.0014734463766217232,
            0.04986974969506264
        ],
        [
            0.11665353178977966,
            -0.030186671763658524,
            0.0631333738565445
        ],
        [
            0.11613184213638306,
            -0.03550698980689049,
            0.053909748792648315
        ],
        [
            0.11922609061002731,
            -0.030111104249954224,
            0.05834859609603882
        ],
        [
            0.11567367613315582,
            -0.025191480293869972,
            0.06533289700746536
        ],
        [
            0.0796019434928894,
            0.015321861021220684,
            0.022123344242572784
        ],
        [
            0.07763974368572235,
            0.012807006016373634,
            0.00901101529598236
        ],
        [
            0.07774702459573746,
            0.006932435557246208,
            0.00947396457195282
        ],
        [
            0.07984618097543716,
            0.01046548318117857,
            0.021154947578907013
        ],
        [
            0.074322909116745,
            -0.013254535384476185,
            0.02253716066479683
        ],
        [
            0.07665932178497314,
            -0.011315027251839638,
            0.010736189782619476
        ],
        [
            0.08061989396810532,
            -0.021490419283509254,
            0.0022521764039993286
        ],
        [
            0.08138111233711243,
            -0.025251291692256927,
            0.012904077768325806
        ],
        [
            0.07489974051713943,
            -0.017659181728959084,
            0.03591417521238327
        ],
        [
            0.078245609998703,
            -0.028819981962442398,
            0.02752700075507164
        ],
        [
            0.0805463045835495,
            -0.032611675560474396,
            0.04238497093319893
        ],
        [
            0.08906371891498566,
            -0.035578787326812744,
            0.05942636728286743
        ],
        [
            0.0797521099448204,
            0.025172123685479164,
            0.006378866732120514
        ],
        [
            0.08099578320980072,
            0.02886088751256466,
            0.01581801474094391
        ],
        [
            0.12035995721817017,
            -0.019133441150188446,
            0.11579059064388275
        ],
        [
            0.11799121648073196,
            -0.013792229816317558,
            0.1152055561542511
        ],
        [
            0.11968083679676056,
            -0.015125937759876251,
            0.1093738004565239
        ],
        [
            0.12192042171955109,
            -0.02011604979634285,
            0.11126435548067093
        ],
        [
            0.09663859009742737,
            0.035979244858026505,
            0.00359189510345459
        ],
        [
            0.10549446940422058,
            0.03393799811601639,
            -0.0007734373211860657
        ],
        [
            0.10056982934474945,
            0.03452230244874954,
            -0.006139323115348816
        ],
        [
            0.09199841320514679,
            0.03452475741505623,
            -0.0022181496024131775
        ],
        [
            0.10270564258098602,
            0.037822987884283066,
            0.011321112513542175
        ],
        [
            0.11180675029754639,
            0.03271913528442383,
            0.007068201899528503
        ],
        [
            0.1321396380662918,
            -0.018269043415784836,
            0.12015219777822495
        ],
        [
            0.1281786859035492,
            -0.021349463611841202,
            0.11929561197757721
        ],
        [
            0.13117715716362,
            -0.02185267023742199,
            0.11497624218463898
        ],
        [
            0.135062113404274,
            -0.01815657503902912,
            0.11505977809429169
        ],
        [
            0.11585564911365509,
            -0.018518533557653427,
            0.06886303424835205
        ],
        [
            0.1135052740573883,
            -0.010575100779533386,
            0.06480730324983597
        ],
        [
            0.12616115808486938,
            -0.018394511193037033,
            0.08095294237136841
        ],
        [
            0.12223342806100845,
            -0.013801130466163158,
            0.07514896988868713
        ],
        [
            0.12275934964418411,
            -0.020934458822011948,
            0.07441640645265579
        ],
        [
            0.1271495372056961,
            -0.02363625168800354,
            0.07926340401172638
        ],
        [
            0.12042932957410812,
            0.007880977354943752,
            0.06595626473426819
        ],
        [
            0.11385248601436615,
            0.007068989332765341,
            0.05640407279133797
        ],
        [
            0.11482620239257812,
            0.00115559296682477,
            0.059040337800979614
        ],
        [
            0.12126524746417999,
            0.0004523948300629854,
            0.07022091746330261
        ],
        [
            0.11070200800895691,
            0.020633695647120476,
            0.053896646946668625
        ],
        [
            0.11784163862466812,
            0.02030467614531517,
            0.06326725333929062
        ],
        [
            0.11528664827346802,
            0.028066258877515793,
            0.06070733070373535
        ],
        [
            0.10979920625686646,
            0.0269928015768528,
            0.05504970997571945
        ],
        [
            0.1303989291191101,
            0.01644805632531643,
            0.07845570147037506
        ],
        [
            0.13352403044700623,
            0.015608898364007473,
            0.08279074728488922
        ],
        [
            0.13249897956848145,
            0.019182633608579636,
            0.08330334722995758
        ],
        [
            0.12957355380058289,
            0.01977572962641716,
            0.07729750871658325
        ],
        [
            0.0965576171875,
            0.03452559560537338,
            -0.01202450692653656
        ],
        [
            0.08792684227228165,
            0.03224736824631691,
            -0.007858581840991974
        ],
        [
            0.1309928447008133,
            0.04237440973520279,
            0.04181946814060211
        ],
        [
            0.12127664685249329,
            0.047840043902397156,
            0.04049895331263542
        ],
        [
            0.12763164937496185,
            0.051900677382946014,
            0.050891581922769547
        ],
        [
            0.1371765434741974,
            0.04504535347223282,
            0.04971802234649658
        ],
        [
            0.112796351313591,
            0.02670861966907978,
            -0.0022393837571144104
        ],
        [
            0.10881218314170837,
            0.029254011809825897,
            -0.00853046029806137
        ],
        [
            0.1337461769580841,
            -0.012296011671423912,
            0.12026502937078476
        ],
        [
            0.1360664665699005,
            -0.012247497215867043,
            0.11474822461605072
        ],
        [
            0.08902642875909805,
            -0.03802124783396721,
            0.0329507552087307
        ],
        [
            0.09478706121444702,
            -0.04113353043794632,
            0.054114967584609985
        ],
        [
            0.0889536589384079,
            -0.032462604343891144,
            0.01666145771741867
        ],
        [
            0.09088119864463806,
            -0.027613062411546707,
            0.005503125488758087
        ],
        [
            0.09052121639251709,
            -0.025433151051402092,
            -0.003796406090259552
        ],
        [
            0.12423400580883026,
            -0.008093150332570076,
            0.07732686400413513
        ],
        [
            0.11206479370594025,
            -0.004071913659572601,
            0.05844597890973091
        ],
        [
            0.10593011975288391,
            0.008411719463765621,
            0.04695344343781471
        ],
        [
            0.10026943683624268,
            0.03867387771606445,
            0.046296391636133194
        ],
        [
            0.09380146116018295,
            0.037436679005622864,
            0.03807632997632027
        ],
        [
            0.09576013684272766,
            0.028236549347639084,
            0.04310520738363266
        ],
        [
            0.10157350450754166,
            0.03120449185371399,
            0.04893939197063446
        ],
        [
            0.11269582808017731,
            0.049743589013814926,
            0.04521257430315018
        ],
        [
            0.1085432842373848,
            0.04578166455030441,
            0.05085579678416252
        ],
        [
            0.11415430158376694,
            0.047272469848394394,
            0.05742579698562622
        ],
        [
            0.11882808804512024,
            0.05202139914035797,
            0.053375244140625
        ],
        [
            0.11489816009998322,
            -0.0372500866651535,
            0.06357614696025848
        ],
        [
            0.11197899281978607,
            -0.04037755727767944,
            0.05084510147571564
        ],
        [
            0.08754320442676544,
            0.03426697850227356,
            0.008764103055000305
        ],
        [
            0.08409811556339264,
            0.030591849237680435,
            0.002804286777973175
        ],
        [
            0.08177091926336288,
            0.028387680649757385,
            -0.0050845518708229065
        ],
        [
            0.0885501578450203,
            0.008765337988734245,
            0.03118954598903656
        ],
        [
            0.07971082627773285,
            0.007056467235088348,
            0.020619980990886688
        ],
        [
            0.07914414256811142,
            0.002795950509607792,
            0.022317174822092056
        ],
        [
            0.0894295796751976,
            0.0056671202182769775,
            0.03119741752743721
        ],
        [
            0.09211059659719467,
            -0.0050863707438111305,
            0.04282970726490021
        ],
        [
            0.080231212079525,
            -0.006872675381600857,
            0.03753902018070221
        ],
        [
            0.09630201756954193,
            -0.00894251186400652,
            0.05366342514753342
        ],
        [
            0.07683870941400528,
            -0.0011744950897991657,
            0.008785143494606018
        ],
        [
            0.0738852471113205,
            0.005120012443512678,
            0.0001190081238746643
        ],
        [
            0.07447535544633865,
            -0.003753908909857273,
            -7.340312004089355e-05
        ],
        [
            0.07505214214324951,
            0.014745064079761505,
            -0.0013402551412582397
        ],
        [
            0.07753926515579224,
            0.023138513788580894,
            -0.0030363500118255615
        ],
        [
            0.10694260150194168,
            0.030835933983325958,
            -0.01673019677400589
        ],
        [
            0.07678783684968948,
            -0.011783013120293617,
            -0.00014412403106689453
        ],
        [
            0.09555909037590027,
            -0.020763933658599854,
            0.0699608251452446
        ],
        [
            0.10044749081134796,
            -0.022629499435424805,
            0.07526379078626633
        ],
        [
            0.1054985448718071,
            -0.018201783299446106,
            0.07202552258968353
        ],
        [
            0.10208311676979065,
            -0.01672387309372425,
            0.06734980642795563
        ],
        [
            0.13935372233390808,
            -0.027491789311170578,
            0.0779242068529129
        ],
        [
            0.13184286653995514,
            -0.02730548568069935,
            0.07931540906429291
        ],
        [
            0.1263677328824997,
            -0.02728487364947796,
            0.07255323976278305
        ],
        [
            0.08488035202026367,
            0.021419638767838478,
            0.03054036945104599
        ],
        [
            0.08560478687286377,
            0.0326777882874012,
            0.02487843483686447
        ],
        [
            0.12727327644824982,
            -0.01306157372891903,
            0.08290224522352219
        ],
        [
            0.1385589838027954,
            -0.017719417810440063,
            0.11060533672571182
        ],
        [
            0.13448095321655273,
            -0.022181859239935875,
            0.1101013645529747
        ],
        [
            0.13973772525787354,
            -0.02580723725259304,
            0.0920502245426178
        ],
        [
            0.1443815678358078,
            -0.02074286714196205,
            0.09352976083755493
        ],
        [
            0.13198092579841614,
            -0.008395533077418804,
            0.08731171488761902
        ],
        [
            0.12724027037620544,
            -0.013835283927619457,
            0.08523155003786087
        ],
        [
            0.12708978354930878,
            -0.012997355312108994,
            0.08673404157161713
        ],
        [
            0.12855766713619232,
            -0.007075644563883543,
            0.08944429457187653
        ],
        [
            0.12974034249782562,
            0.027042340487241745,
            0.07895556092262268
        ],
        [
            0.12685197591781616,
            0.02725164033472538,
            0.07379892468452454
        ],
        [
            0.150818333029747,
            -0.004929926712065935,
            0.07252778112888336
        ],
        [
            0.15227046608924866,
            -0.017660068348050117,
            0.07155841588973999
        ],
        [
            0.14573201537132263,
            -0.02006186544895172,
            0.05940879136323929
        ],
        [
            0.11884279549121857,
            0.014770402573049068,
            0.06357945501804352
        ],
        [
            0.12469282001256943,
            0.0162905752658844,
            0.07192833721637726
        ],
        [
            0.12410823255777359,
            0.020241951569914818,
            0.07085929811000824
        ],
        [
            0.1266087144613266,
            -0.004779030103236437,
            0.07953488826751709
        ],
        [
            0.12963533401489258,
            -0.007156107574701309,
            0.08413590490818024
        ],
        [
            0.13072527945041656,
            -0.0017416512127965689,
            0.08222147822380066
        ],
        [
            0.1264028400182724,
            0.00029405311215668917,
            0.0773911327123642
        ],
        [
            0.1152854710817337,
            0.044794488698244095,
            0.02917446568608284
        ],
        [
            0.10534507036209106,
            0.04739293456077576,
            0.034787580370903015
        ],
        [
            0.1239512711763382,
            -0.021764472126960754,
            0.11748752743005753
        ],
        [
            0.12633459270000458,
            -0.022536704316735268,
            0.11315672844648361
        ],
        [
            0.11239318549633026,
            0.013811136595904827,
            0.05425890535116196
        ],
        [
            0.1359364241361618,
            -0.01993655599653721,
            0.046932823956012726
        ],
        [
            0.10479922592639923,
            0.01364765502512455,
            0.04575956612825394
        ],
        [
            0.14263491332530975,
            0.03482088819146156,
            0.06593423336744308
        ],
        [
            0.13638198375701904,
            0.038881298154592514,
            0.07072440534830093
        ],
        [
            0.13671109080314636,
            0.03763793781399727,
            0.07590697705745697
        ],
        [
            0.142380028963089,
            0.03551790490746498,
            0.07496476918458939
        ],
        [
            0.12534548342227936,
            -0.004467900842428207,
            0.1042046844959259
        ],
        [
            0.12175647169351578,
            -0.0092160040512681,
            0.10421638190746307
        ],
        [
            0.11971239000558853,
            -0.008894070982933044,
            0.10875372588634491
        ],
        [
            0.12328116595745087,
            -0.004390225745737553,
            0.10923650860786438
        ],
        [
            0.12683692574501038,
            -0.019538389518857002,
            0.08422178775072098
        ],
        [
            0.12884721159934998,
            -0.02473415434360504,
            0.08386386185884476
        ],
        [
            0.12830445170402527,
            -0.024086546152830124,
            0.08833964914083481
        ],
        [
            0.12668095529079437,
            -0.01821492426097393,
            0.08769433200359344
        ],
        [
            0.13420306146144867,
            -0.027632083743810654,
            0.08447548002004623
        ],
        [
            0.13386638462543488,
            -0.026881150901317596,
            0.08986693620681763
        ],
        [
            0.13147510588169098,
            -0.002926609478890896,
            0.1056816428899765
        ],
        [
            0.13782209157943726,
            -0.006072191521525383,
            0.10812018066644669
        ],
        [
            0.14276520907878876,
            -0.00677404785528779,
            0.0928042083978653
        ],
        [
            0.13465096056461334,
            -0.004322732798755169,
            0.09295779466629028
        ],
        [
            0.12665538489818573,
            0.018482424318790436,
            0.019234076142311096
        ],
        [
            0.12246185541152954,
            0.02876039408147335,
            0.01794331520795822
        ],
        [
            0.1286918669939041,
            0.031470123678445816,
            0.0314754880964756
        ],
        [
            0.13590222597122192,
            0.03477795794606209,
            0.04425401613116264
        ],
        [
            0.14187775552272797,
            0.03665577247738838,
            0.05708304047584534
        ],
        [
            0.1484096646308899,
            0.026210501790046692,
            0.05809973180294037
        ],
        [
            0.12444863468408585,
            0.038262709975242615,
            0.029602814465761185
        ],
        [
            0.14265389740467072,
            -0.004192914813756943,
            0.08284161239862442
        ],
        [
            0.147243931889534,
            -0.0080573046579957,
            0.08171320706605911
        ],
        [
            0.14816439151763916,
            -0.004128327127546072,
            0.07938423752784729
        ],
        [
            0.1024189442396164,
            0.02070702239871025,
            0.04576569423079491
        ],
        [
            0.12975271046161652,
            -0.02345898747444153,
            0.10844365507364273
        ],
        [
            0.11078890413045883,
            -0.01610860414803028,
            -0.0035758092999458313
        ],
        [
            0.11572112143039703,
            -0.0037478897720575333,
            -0.006310522556304932
        ],
        [
            0.11854563653469086,
            -0.0055489307269454,
            0.00182352215051651
        ],
        [
            0.11209175735712051,
            -0.019379975274205208,
            0.005403019487857819
        ],
        [
            0.12147115170955658,
            -0.01608395390212536,
            0.10478420555591583
        ],
        [
            0.12412282824516296,
            -0.02158770151436329,
            0.10633593797683716
        ],
        [
            0.12621250748634338,
            0.03395882248878479,
            0.07376617938280106
        ],
        [
            0.12931613624095917,
            0.03290356695652008,
            0.07844391465187073
        ],
        [
            0.1310071498155594,
            0.03631121292710304,
            0.07865458726882935
        ],
        [
            0.12706074118614197,
            0.03978452458977699,
            0.07568572461605072
        ],
        [
            0.11898805946111679,
            0.03341222554445267,
            0.016520753502845764
        ],
        [
            0.12958736717700958,
            0.054084185510873795,
            0.0583169162273407
        ],
        [
            0.13848412036895752,
            0.0479876771569252,
            0.05754140019416809
        ],
        [
            0.11722908914089203,
            0.026007557287812233,
            0.006194397807121277
        ],
        [
            0.12138263881206512,
            0.017147544771432877,
            0.006836347281932831
        ],
        [
            0.11752194166183472,
            0.016801023855805397,
            -0.0021570995450019836
        ],
        [
            0.15092191100120544,
            0.01504820492118597,
            0.0679364949464798
        ],
        [
            0.1298639178276062,
            0.011038320139050484,
            0.02243877947330475
        ],
        [
            0.1234607994556427,
            0.010181061923503876,
            0.009327858686447144
        ],
        [
            0.11892567574977875,
            0.009430531412363052,
            -0.0013032704591751099
        ],
        [
            0.11617360264062881,
            0.009646660648286343,
            -0.009234175086021423
        ],
        [
            0.11479176580905914,
            0.01769379898905754,
            -0.009302660822868347
        ],
        [
            0.13913868367671967,
            -0.011510017327964306,
            0.10980908572673798
        ],
        [
            0.1344723105430603,
            -0.005858061835169792,
            0.11357197165489197
        ],
        [
            0.11312084645032883,
            0.019121136516332626,
            -0.01819043606519699
        ],
        [
            0.11411567777395248,
            0.009904876351356506,
            -0.01747966557741165
        ],
        [
            0.12459494173526764,
            0.001414069440215826,
            0.01195111870765686
        ],
        [
            0.12410666793584824,
            -0.009523694403469563,
            0.015482611954212189
        ],
        [
            0.1305083930492401,
            0.002601435873657465,
            0.024669773876667023
        ],
        [
            0.13100872933864594,
            -0.00802532210946083,
            0.0291275791823864
        ],
        [
            0.15628494322299957,
            0.005565978586673737,
            0.06590427458286285
        ],
        [
            0.12445339560508728,
            -0.002828525844961405,
            0.1285317987203598
        ],
        [
            0.1272599995136261,
            -0.002697803545743227,
            0.11789985746145248
        ],
        [
            0.12193470448255539,
            -0.003578389994800091,
            0.11590086668729782
        ],
        [
            0.1205449104309082,
            -0.0020055645145475864,
            0.12734189629554749
        ],
        [
            0.12881165742874146,
            -0.002996887546032667,
            0.11097781360149384
        ],
        [
            0.13203869760036469,
            -0.005937594920396805,
            0.11909960210323334
        ],
        [
            0.12665069103240967,
            -0.021322675049304962,
            0.033857982605695724
        ],
        [
            0.13448548316955566,
            -0.003222033614292741,
            0.08546926826238632
        ],
        [
            0.11542186141014099,
            -0.024896444752812386,
            0.020959943532943726
        ],
        [
            0.12343575805425644,
            -0.03369429334998131,
            0.04388999566435814
        ],
        [
            0.11299525201320648,
            -0.036251626908779144,
            0.03637559711933136
        ],
        [
            0.10256479680538177,
            -0.02940911427140236,
            0.009884364902973175
        ],
        [
            0.10129131376743317,
            -0.037351734936237335,
            0.0256059467792511
        ],
        [
            0.10083010047674179,
            -0.022571375593543053,
            -0.007666967809200287
        ],
        [
            0.1028401255607605,
            -0.024737395346164703,
            0.0008581206202507019
        ],
        [
            0.10191108286380768,
            -0.04218438267707825,
            0.04223857820034027
        ],
        [
            0.1156708225607872,
            -0.014985200949013233,
            0.12552492320537567
        ],
