{
    "pred_cam": [
        13.07091236114502,
        -0.0853414312005043,
        -0.028533808887004852
    ],
    "pred_mano_params": {
        "global_orient": [
            [
                [
                    -0.1618676483631134,
                    0.5095599889755249,
                    0.8450724482536316
                ],
                [
                    -0.4813723564147949,
                    0.7067941427230835,
                    -0.5183846950531006
                ],
                [
                    -0.8614403605461121,
                    -0.490704208612442,
                    0.13088098168373108
                ]
            ]
        ],
        "hand_pose": [
            [
                [
                    0.8496551513671875,
                    -0.35192131996154785,
                    -0.39273086190223694
                ],
                [
                    0.4262431263923645,
                    0.8968084454536438,
                    0.1185382530093193
                ],
                [
                    0.3104882538318634,
                    -0.26811546087265015,
                    0.9119819402694702
                ]
            ],
            [
                [
                    0.9836518168449402,
                    -0.17163199186325073,
                    0.05451216176152229
                ],
                [
                    0.17886817455291748,
                    0.9662603139877319,
                    -0.1853295862674713
                ],
                [
                    -0.020864443853497505,
                    0.1920502632856369,
                    0.9811632037162781
                ]
            ],
            [
                [
                    0.9921406507492065,
                    0.06886918842792511,
                    0.10447034239768982
                ],
                [
                    -0.0680636316537857,
                    0.9976174831390381,
                    -0.011260590516030788
                ],
                [
                    -0.1049969419836998,
                    0.004061457235366106,
                    0.9944643378257751
                ]
            ],
            [
                [
                    0.8024086952209473,
                    -0.5908165574073792,
                    -0.08411920815706253
                ],
                [
                    0.5940340757369995,
                    0.7772549390792847,
                    0.20736022293567657
                ],
                [
                    -0.057129789143800735,
                    -0.21635732054710388,
                    0.9746413230895996
                ]
            ],
            [
                [
                    0.9705635905265808,
                    -0.2078968733549118,
                    -0.12159440666437149
                ],
                [
                    0.2360735982656479,
                    0.9211872220039368,
                    0.3093274235725403
                ],
                [
                    0.04770299047231674,
                    -0.3289271593093872,
                    0.943149745464325
                ]
            ],
            [
                [
                    0.9597703218460083,
                    -0.11590231955051422,
                    0.25574883818626404
                ],
                [
                    0.11614080518484116,
                    0.9931309223175049,
                    0.014223531819880009
                ],
                [
                    -0.25564059615135193,
                    0.016051555052399635,
                    0.9666385650634766
                ]
            ],
            [
                [
                    0.962819516658783,
                    -0.25329872965812683,
                    0.0939067006111145
                ],
                [
                    0.25772979855537415,
                    0.965457022190094,
                    -0.03831622377038002
                ],
                [
                    -0.08095742762088776,
                    0.061094146221876144,
                    0.9948434829711914
                ]
            ],
            [
                [
                    0.9816524982452393,
                    -0.16517964005470276,
                    0.09525745362043381
                ],
                [
                    0.11637430638074875,
                    0.914739727973938,
                    0.3869214951992035
                ],
                [
                    -0.15104728937149048,
                    -0.36873695254325867,
                    0.9171792268753052
                ]
            ],
            [
                [
                    0.9378697872161865,
                    -0.17450957000255585,
                    0.29991111159324646
                ],
                [
                    0.02527756616473198,
                    0.8963932394981384,
                    0.4425382614135742
                ],
                [
                    -0.346065491437912,
                    -0.4074622094631195,
                    0.8451113104820251
                ]
            ],
            [
                [
                    0.8307634592056274,
                    -0.5511115193367004,
                    0.07815595716238022
                ],
                [
                    0.5527749061584473,
                    0.8333304524421692,
                    0.0004198785172775388
                ],
                [
                    -0.0653611421585083,
                    0.042853835970163345,
                    0.996941089630127
                ]
            ],
            [
                [
                    0.9745563864707947,
                    -0.22245368361473083,
                    0.027462759986519814
                ],
                [
                    0.17425161600112915,
                    0.8289920091629028,
                    0.5314211845397949
                ],
                [
                    -0.14098301529884338,
                    -0.5131145119667053,
                    0.8466623425483704
                ]
            ],
            [
                [
                    0.9214791059494019,
                    -0.2955179810523987,
                    0.2520819306373596
                ],
                [
                    0.26871249079704285,
                    0.9536187648773193,
                    0.1356644183397293
                ],
                [
                    -0.28048133850097656,
                    -0.05727437138557434,
                    0.9581491351127625
                ]
            ],
            [
                [
                    0.8198363780975342,
                    0.1718152016401291,
                    -0.546212375164032
                ],
                [
                    -0.5009610652923584,
                    0.6772266030311584,
                    -0.5388898849487305
                ],
                [
                    0.2773200273513794,
                    0.7154325842857361,
                    0.6412877440452576
                ]
            ],
            [
                [
                    0.8558360934257507,
                    -0.1427164226770401,
                    -0.49716854095458984
                ],
                [
                    0.3399709463119507,
                    0.8796064257621765,
                    0.33273452520370483
                ],
                [
                    0.3898259699344635,
                    -0.453789085149765,
                    0.801318347454071
                ]
            ],
            [
                [
                    0.991888165473938,
                    -0.12472476065158844,
                    0.024526305496692657
                ],
                [
                    0.12000690400600433,
                    0.855228066444397,
                    -0.5041659474372864
                ],
                [
                    0.041906386613845825,
                    0.5030195713043213,
                    0.863258421421051
                ]
            ]
        ],
        "betas": [
            -0.11744093894958496,
            -0.14292457699775696,
            -0.17860518395900726,
            -0.012612611055374146,
            -0.08549612760543823,
            -0.13371965289115906,
            0.08671662211418152,
            -0.048549264669418335,
            0.031202420592308044,
            -0.029650241136550903
        ]
    },
    "pred_cam_t": [
        -0.0853414312005043,
        -0.028533808887004852,
        2.9885060787200928
    ],
    "focal_length": [
        5000.0,
        5000.0
    ],
    "pred_keypoints_3d": [
        [
            0.09635284543037415,
            0.0064175063744187355,
            0.0062545789405703545
        ],
        [
            0.11409810185432434,
            -0.006411319598555565,
            0.03815862536430359
        ],
        [
            0.12640459835529327,
            0.000540207140147686,
            0.0657917931675911
        ],
        [
            0.12538699805736542,
            0.020782697945833206,
            0.08411125838756561
        ],
        [
            0.11793796718120575,
            0.039938610047101974,
            0.11347665637731552
        ],
        [
            0.12543664872646332,
            0.034745953977108,
            0.0878203958272934
        ],
        [
            0.11739294975996017,
            0.0469684973359108,
            0.11770519614219666
        ],
        [
            0.10856766998767853,
            0.04782732203602791,
            0.13828934729099274
        ],
        [
            0.10220986604690552,
            0.05192258208990097,
            0.16277995705604553
        ],
        [
            0.1080300360918045,
            0.05301222205162048,
            0.08855251222848892
        ],
        [
            0.09949935972690582,
            0.05448349565267563,
            0.11929646879434586
        ],
        [
            0.09025465697050095,
            0.047093018889427185,
            0.13958925008773804
        ],
        [
            0.08663690090179443,
            0.04069622606039047,
            0.16473963856697083
        ],
        [
            0.08491576462984085,
            0.05711216479539871,
            0.07551369071006775
        ],
        [
            0.07923050969839096,
            0.06099874526262283,
            0.10382847487926483
        ],
        [
            0.06999696791172028,
            0.05366211012005806,
            0.12595781683921814
        ],
        [
            0.06770114600658417,
            0.04367336630821228,
            0.1492893546819687
        ],
        [
            0.0657590851187706,
            0.055215612053871155,
            0.06509676575660706
        ],
        [
            0.05729598551988602,
            0.06681059300899506,
            0.0808786004781723
        ],
        [
            0.04952700808644295,
            0.06976842880249023,
            0.09815011918544769
        ],
        [
            0.04894227162003517,
            0.06824111193418503,
            0.1185586154460907
        ]
    ],
    "pred_vertices": [
        [
            0.10895773768424988,
            0.010858818888664246,
            0.05792843550443649
        ],
        [
            0.10523046553134918,
            0.005086377263069153,
            0.0487542524933815
        ],
        [
            0.10992343723773956,
            0.005871042609214783,
            0.0574609637260437
        ],
        [
            0.11405991017818451,
            0.009490381926298141,
            0.06463854759931564
        ],
        [
            0.10424983501434326,
            -0.011664211750030518,
            0.05339892953634262
        ],
        [
            0.11128938943147659,
            -0.021330486983060837,
            0.0507630780339241
        ],
        [
            0.11747533082962036,
            -0.012983739376068115,
            0.06612071394920349
        ],
        [
            0.10987717658281326,
            -0.006299927830696106,
            0.06610390543937683
        ],
        [
            0.1195639818906784,
            0.010952414944767952,
            0.06890170276165009
        ],
        [
            0.11381260305643082,
            0.006956946104764938,
            0.06472515314817429
        ],
        [
            0.12426665425300598,
            0.01384015940129757,
            0.06581248342990875
        ],
        [
            0.13273975253105164,
            0.019669951871037483,
            0.07059738785028458
        ],
        [
            0.12605732679367065,
            0.015912029892206192,
            0.07373452931642532
        ],
        [
            0.13550789654254913,
            0.025415346026420593,
            0.07626771181821823
        ],
        [
            0.13743917644023895,
            0.02147902175784111,
            0.06086435541510582
        ],
        [
            0.1371038556098938,
            0.03299935162067413,
            0.07110361754894257
        ],
        [
            0.12320219725370407,
            0.03797237202525139,
            0.04724709689617157
        ],
        [
            0.11196539551019669,
            0.04341889172792435,
            0.04245932027697563
        ],
        [
            0.11259754002094269,
            0.052475705742836,
            0.0571129135787487
        ],
        [
            0.12350071221590042,
            0.04538743942975998,
            0.06113872677087784
        ],
        [
            0.09418904781341553,
            0.053074344992637634,
            0.047200340777635574
        ],
        [
            0.10430513322353363,
            0.05346010997891426,
            0.05339043214917183
        ],
        [
            0.10428743809461594,
            0.045437343418598175,
            0.03817490488290787
        ],
        [
            0.09510474652051926,
            0.04560348764061928,
            0.03352852165699005
        ],
        [
            0.09791947901248932,
            0.014764919877052307,
            0.04880078136920929
        ],
        [
            0.09484256058931351,
            0.008651237934827805,
            0.03941043093800545
        ],
        [
            0.09930399060249329,
            0.007153689861297607,
            0.04153821989893913
        ],
        [
            0.10227547585964203,
            0.012929990887641907,
            0.051005762070417404
        ],
        [
            0.13042382895946503,
            0.013389229774475098,
            0.06386178731918335
        ],
        [
            0.13615597784519196,
            0.008667539805173874,
            0.057544026523828506
        ],
        [
            0.13174501061439514,
            0.013431673869490623,
            0.061177704483270645
        ],
        [
            0.125189870595932,
            0.014320090413093567,
            0.06567782163619995
        ],
        [
            0.07958883792161942,
            -0.004641275852918625,
            0.019721023738384247
        ],
        [
            0.0827583372592926,
            -0.007394392043352127,
            0.006820544600486755
        ],
        [
            0.08807197213172913,
            -0.009766299277544022,
            0.0080290287733078
        ],
        [
            0.0841418206691742,
            -0.006555378437042236,
            0.01936497539281845
        ],
        [
            0.10362087935209274,
            -0.022285301238298416,
            0.023866619914770126
        ],
        [
            0.1039937287569046,
            -0.01876048743724823,
            0.01168205589056015
        ],
        [
            0.11610911041498184,
            -0.019081253558397293,
            0.0047025009989738464
        ],
        [
            0.11870892345905304,
            -0.020180929452180862,
            0.015910640358924866
        ],
        [
            0.10665028542280197,
            -0.023662414401769638,
            0.03819724917411804
        ],
        [
            0.11925648152828217,
            -0.02459794282913208,
            0.031045150011777878
        ],
        [
            0.12230965495109558,
            -0.023050405085086823,
            0.046821657568216324
        ],
        [
            0.1265641301870346,
            -0.013856302946805954,
            0.06357528269290924
        ],
        [
            0.07272422313690186,
            -0.00029953569173812866,
            0.002889886498451233
        ],
        [
            0.06869865953922272,
            0.002387717366218567,
            0.011912316083908081
        ],
        [
            0.11818987876176834,
            0.03771432861685753,
            0.1249956488609314
        ],
        [
            0.11244005709886551,
            0.038047369569540024,
            0.12396757304668427
        ],
        [
            0.11421894282102585,
            0.036354295909404755,
            0.11903287470340729
        ],
        [
            0.1196974366903305,
            0.03653468191623688,
            0.12099431455135345
        ],
        [
            0.07041391730308533,
            0.0196906216442585,
            0.00015007704496383667
        ],
        [
            0.07649989426136017,
            0.027058590203523636,
            -0.0032796338200569153
        ],
        [
            0.07466534525156021,
            0.02287977561354637,
            -0.008996084332466125
        ],
        [
            0.07064877450466156,
            0.014961913228034973,
            -0.005777128040790558
        ],
        [
            0.07017946243286133,
            0.025823894888162613,
            0.008082069456577301
        ],
        [
            0.07915139198303223,
            0.03216255083680153,
            0.0050659626722335815
        ],
        [
            0.12325546145439148,
            0.04928329586982727,
            0.12494486570358276
        ],
        [
            0.12388600409030914,
            0.04437767341732979,
            0.126206174492836
        ],
        [
            0.12593702971935272,
            0.044584959745407104,
            0.12155834585428238
        ],
        [
            0.12479277700185776,
            0.04944286867976189,
            0.11959991604089737
        ],
        [
            0.11875345557928085,
            0.013782238587737083,
            0.07253190875053406
        ],
        [
            0.11125152558088303,
            0.014919256791472435,
            0.06749902665615082
        ],
        [
            0.12161163240671158,
            0.023196715861558914,
            0.08809567242860794
        ],
        [
            0.116615429520607,
            0.02120766043663025,
            0.07932200282812119
        ],
        [
            0.12335776537656784,
            0.018521489575505257,
            0.07961654663085938
        ],
        [
            0.1273617148399353,
            0.021875347942113876,
            0.08641989529132843
        ],
        [
            0.09748341888189316,
            0.028926976025104523,
            0.06733334064483643
        ],
        [
            0.09676526486873627,
            0.022707391530275345,
            0.057285796850919724
        ],
        [
            0.10216877609491348,
            0.02109263278543949,
            0.060602717101573944
        ],
        [
            0.10403656214475632,
            0.02656543254852295,
            0.07250966876745224
        ],
        [
            0.08344871550798416,
            0.02550291083753109,
            0.05316958203911781
        ],
        [
            0.08540721982717514,
            0.031699638813734055,
            0.06328107416629791
        ],
        [
            0.07756293565034866,
            0.032585956156253815,
            0.05993637442588806
        ],
        [
            0.07711748033761978,
            0.02728486806154251,
            0.05369735509157181
        ],
        [
            0.09214608371257782,
            0.04150423780083656,
            0.08028042316436768
        ],
        [
            0.09388694167137146,
            0.04495740681886673,
            0.08600164949893951
        ],
        [
            0.09062926471233368,
            0.04653416574001312,
            0.08566051721572876
        ],
        [
            0.08899182826280594,
            0.0426570288836956,
            0.07870762795209885
        ],
        [
            0.07385838776826859,
            0.019373681396245956,
            -0.015104323625564575
        ],
        [
            0.07187750935554504,
            0.010472211986780167,
            -0.011366762220859528
        ],
        [
            0.07397453486919403,
            0.05147199332714081,
            0.039856161922216415
        ],
        [
            0.06486625224351883,
            0.04526768997311592,
            0.03764279931783676
        ],
        [
            0.06242812052369118,
            0.051903899759054184,
            0.04774074628949165
        ],
        [
            0.07276755571365356,
            0.05684219300746918,
            0.047401659190654755
        ],
        [
            0.08626428991556168,
            0.030763154849410057,
            -0.003359958529472351
        ],
        [
            0.08313833177089691,
            0.02826923504471779,
            -0.010126002132892609
        ],
        [
            0.11899615079164505,
            0.05336456373333931,
            0.12312591075897217
        ],
        [
            0.12019573897123337,
            0.05297640711069107,
            0.11765936017036438
        ],
        [
            0.13128875195980072,
            -0.01744362711906433,
            0.037854425609111786
        ],
        [
            0.13395598530769348,
            -0.010992113500833511,
            0.0584610216319561
        ],
        [
            0.12796837091445923,
            -0.01595580205321312,
            0.021052539348602295
        ],
        [
            0.12552320957183838,
            -0.012226946651935577,
            0.00940634310245514
        ],
        [
            0.12450212985277176,
            -0.01154942438006401,
            -0.00011335313320159912
        ],
        [
            0.11201301217079163,
            0.02533986046910286,
            0.08140760660171509
        ],
        [
            0.10570652037858963,
            0.016356248408555984,
            0.060319285839796066
        ],
        [
            0.09346561133861542,
            0.016175217926502228,
            0.04703852906823158
        ],
        [
            0.06380382925271988,
            0.023442953824996948,
            0.0429876409471035
        ],
        [
            0.06336253136396408,
            0.017150264233350754,
            0.034233272075653076
        ],
        [
            0.0718303844332695,
            0.015185244381427765,
            0.040399134159088135
        ],
        [
            0.07074344158172607,
            0.021613292396068573,
            0.04648646339774132
        ],
        [
            0.059022206813097,
            0.03858908638358116,
            0.04177860915660858
        ],
        [
            0.06016165390610695,
            0.03356056660413742,
            0.04783612862229347
        ],
        [
            0.060056716203689575,
            0.03935892879962921,
            0.05560563877224922
        ],
        [
            0.05825427174568176,
            0.04460092633962631,
            0.05066055804491043
        ],
        [
            0.13644836843013763,
            0.010010622441768646,
            0.06521802395582199
        ],
        [
            0.13962452113628387,
            0.003519538789987564,
            0.05521973967552185
        ],
        [
            0.0674273818731308,
            0.010593391954898834,
            0.004763372242450714
        ],
        [
            0.07013238966464996,
            0.005978826433420181,
            -0.0009838566184043884
        ],
        [
            0.07244572788476944,
            0.0032005980610847473,
            -0.008652366697788239
        ],
        [
            0.08777999877929688,
            0.0003670714795589447,
            0.030114036053419113
        ],
        [
            0.08721461892127991,
            -0.008251048624515533,
            0.01927003264427185
        ],
        [
            0.09052103757858276,
            -0.010977312922477722,
            0.021549969911575317
        ],
        [
            0.09070611745119095,
            -0.0005049929022789001,
            0.030556570738554
        ],
        [
            0.09982454031705856,
            -0.0031177103519439697,
            0.043732110410928726
        ],
        [
            0.09802962839603424,
            -0.014938566833734512,
            0.03850251063704491
        ],
        [
            0.10420075803995132,
            0.00021467730402946472,
            0.05528800189495087
        ],
        [
            0.09511706978082657,
            -0.014123503118753433,
            0.00834599882364273
        ],
        [
            0.08943372964859009,
            -0.013811547309160233,
            -0.0013196691870689392
        ],
        [
            0.09770148992538452,
            -0.017033278942108154,
            -0.00035437941551208496
        ],
        [
            0.08145099133253098,
            -0.008683163672685623,
            -0.003849424421787262
        ],
        [
            0.07515022158622742,
            -0.0028705894947052,
            -0.006322391331195831
        ],
        [
            0.08207149058580399,
            0.027402352541685104,
            -0.018518581986427307
        ],
        [
            0.10590518265962601,
            -0.018356405198574066,
            0.0007559731602668762
        ],
        [
            0.1142444908618927,
            -0.0017762333154678345,
            0.07253989577293396
        ],
        [
            0.11725938320159912,
            0.0037922896444797516,
            0.07666901499032974
        ],
        [
            0.11470886319875717,
            0.00907525047659874,
            0.07247216254472733
        ],
        [
            0.11273886263370514,
            0.005037233233451843,
            0.06924489140510559
        ],
        [
            0.13653546571731567,
            0.03234536200761795,
            0.08379565179347992
        ],
        [
            0.13288602232933044,
            0.02537102997303009,
            0.08635590225458145
        ],
        [
            0.13073500990867615,
            0.0194656141102314,
            0.07821349799633026
        ],
        [
            0.07522167265415192,
            0.0026733987033367157,
            0.027758866548538208
        ],
        [
            0.06603169441223145,
            0.008052680641412735,
            0.020877085626125336
        ],
        [
            0.1169503778219223,
            0.027248665690422058,
            0.08986515551805496
        ],
        [
            0.12611530721187592,
            0.04969444498419762,
            0.11441623419523239
        ],
        [
            0.12769384682178497,
            0.04432229325175285,
            0.1164068952202797
        ],
        [
            0.13324196636676788,
            0.03878166526556015,
            0.09948358684778214
        ],
        [
            0.1314820796251297,
            0.045234933495521545,
            0.09806271642446518
        ],
        [
            0.1148136630654335,
            0.03666388988494873,
            0.09388135373592377
        ],
        [
            0.11709260195493698,
            0.02987687662243843,
            0.09378913044929504
        ],
        [
            0.11631748825311661,
            0.032024115324020386,
            0.09555407613515854
        ],
        [
            0.11218070983886719,
            0.03705610707402229,
            0.09628579765558243
        ],
        [
            0.08304571360349655,
            0.04716860502958298,
            0.08010921627283096
        ],
        [
            0.08151992410421371,
            0.043610237538814545,
            0.07441031187772751
        ],
        [
            0.12106822431087494,
            0.050492964684963226,
            0.0760594829916954
        ],
        [
            0.13322286307811737,
            0.04587383568286896,
            0.07531148940324783
        ],
        [
            0.13306042551994324,
            0.039594002068042755,
            0.06431297957897186
        ],
        [
            0.0908602848649025,
            0.030355876311659813,
            0.06413111835718155
        ],
        [
            0.09077107906341553,
            0.0362592414021492,
            0.07294037193059921
        ],
        [
            0.08702851086854935,
            0.037478260695934296,
            0.07153166085481644
        ],
        [
            0.10980791598558426,
            0.02915259823203087,
            0.08347615599632263
        ],
        [
            0.11263035982847214,
            0.031866490840911865,
            0.08973914384841919
        ],
        [
            0.10852009057998657,
            0.03439250588417053,
            0.08608676493167877
        ],
        [
            0.1054396703839302,
            0.031230563297867775,
            0.08024536073207855
        ],
        [
            0.06672100722789764,
            0.0393335334956646,
            0.02612576261162758
        ],
        [
            0.05952373147010803,
            0.03152626007795334,
            0.030770402401685715
        ],
        [
            0.12218370288610458,
            0.04007551074028015,
            0.12602829933166504
        ],
        [
            0.12403866648674011,
            0.039632413536310196,
            0.12176351994276047
        ],
        [
            0.09030922502279282,
            0.024231135845184326,
            0.05433352664113045
        ],
        [
            0.13094526529312134,
            0.03159834444522858,
            0.05171644315123558
        ],
        [
            0.08842230588197708,
            0.017361994832754135,
            0.04520387202501297
        ],
        [
            0.08258311450481415,
            0.06047055125236511,
            0.06445848196744919
        ],
        [
            0.07671523094177246,
            0.05786634609103203,
            0.06803776323795319
        ],
        [
            0.07762455195188522,
            0.058591216802597046,
            0.07436825335025787
        ],
        [
            0.08161131292581558,
            0.06267156451940536,
            0.07334253937005997
        ],
        [
            0.10800846666097641,
            0.04290112107992172,
            0.10998810082674026
        ],
        [
            0.10994257032871246,
            0.03797198832035065,
            0.11239459365606308
        ],
        [
            0.10892529785633087,
            0.03915887326002121,
            0.11698617786169052
        ],
        [
            0.10699474811553955,
            0.04428132250905037,
            0.11512794345617294
        ],
        [
            0.1220155656337738,
            0.026764050126075745,
            0.09399111568927765
        ],
        [
            0.12809006869792938,
            0.02575898915529251,
            0.0933397188782692
        ],
        [
            0.12626272439956665,
            0.02897297404706478,
            0.09912245720624924
        ],
        [
            0.12053532153367996,
            0.029973801225423813,
            0.09775462746620178
        ],
        [
            0.1330372542142868,
            0.030107928439974785,
            0.09345678985118866
        ],
        [
            0.13127796351909637,
            0.0328277125954628,
            0.0995636060833931
        ],
        [
            0.10997015237808228,
            0.04901904612779617,
            0.10877150297164917
        ],
        [
            0.115913525223732,
            0.05364161729812622,
            0.10950222611427307
        ],
        [
            0.11927268654108047,
            0.049958571791648865,
            0.09455367177724838
        ],
        [
            0.11320900171995163,
            0.04463823139667511,
            0.0967010036110878
        ],
        [
            0.09653627127408981,
            0.03941146284341812,
            0.019845180213451385
        ],
        [
            0.08569125831127167,
            0.039843544363975525,
            0.017101459205150604
        ],
        [
            0.08399754017591476,
            0.04599534720182419,
            0.030610814690589905
        ],
        [
            0.08230560272932053,
            0.052987076342105865,
            0.043073587119579315
        ],
        [
            0.08122523874044418,
            0.05844281241297722,
            0.055684179067611694
        ],
        [
            0.09317106008529663,
            0.06071753054857254,
            0.05815745145082474
        ],
        [
            0.07642021030187607,
            0.044954076409339905,
            0.027785245329141617
        ],
        [
            0.11626756191253662,
            0.045841287821531296,
            0.08801020681858063
        ],
        [
            0.12267075479030609,
            0.04815516620874405,
            0.08457177877426147
        ],
        [
            0.11880837380886078,
            0.05008448287844658,
            0.08336084336042404
        ],
        [
            0.08105706423521042,
            0.01812155172228813,
            0.044294483959674835
        ],
        [
            0.12617787718772888,
            0.03923114389181137,
            0.11688074469566345
        ],
        [
            0.12426667660474777,
            0.010911334306001663,
            0.0004244670271873474
        ],
        [
            0.1155024841427803,
            0.020673764869570732,
            -0.003412216901779175
        ],
        [
            0.11708657443523407,
            0.022345976904034615,
            0.004958830773830414
        ],
        [
            0.12642206251621246,
            0.010597292333841324,
            0.00969812273979187
        ],
        [
            0.11550388485193253,
            0.03467579931020737,
            0.1146770641207695
        ],
        [
            0.12160292267799377,
            0.034837737679481506,
            0.11652839928865433
        ],
        [
            0.07545313984155655,
            0.04668942466378212,
            0.07359658181667328
        ],
        [
            0.07798302918672562,
            0.04969952255487442,
            0.07840343564748764
        ],
        [
            0.07613664865493774,
            0.05318897217512131,
            0.07809175550937653
        ],
        [
            0.0712227076292038,
            0.051119692623615265,
            0.07438808679580688
        ],
        [
            0.080272376537323,
            0.038659073412418365,
            0.01489364355802536
        ],
        [
            0.06118497624993324,
            0.0560820996761322,
            0.05375043675303459
        ],
        [
            0.07012662291526794,
            0.060482192784547806,
            0.053236473351716995
        ],
        [
            0.08759747445583344,
            0.03434598445892334,
            0.005362063646316528
        ],
        [
            0.09722670167684555,
            0.034397922456264496,
            0.0073537081480026245
        ],
        [
            0.09716080129146576,
            0.03088187612593174,
            -0.0017261281609535217
        ],
        [
            0.10345618426799774,
            0.059355005621910095,
            0.06948798894882202
        ],
        [
            0.10413442552089691,
            0.03918595612049103,
            0.024105817079544067
        ],
        [
            0.10402125865221024,
            0.03331027925014496,
            0.010814294219017029
        ],
        [
            0.10428539663553238,
            0.02908780798316002,
            8.963793516159058e-05
        ],
        [
            0.10406925529241562,
            0.026811733841896057,
            -0.007913410663604736
        ],
        [
            0.09623269736766815,
            0.028910966590046883,
            -0.009029708802700043
        ],
        [
            0.12116896361112595,
            0.05292227119207382,
            0.11201892793178558
        ],
        [
            0.11398405581712723,
            0.05426090583205223,
            0.11553491652011871
        ],
        [
            0.09549880772829056,
            0.028146561235189438,
            -0.01803724467754364
        ],
        [
            0.10416003316640854,
            0.025251029059290886,
            -0.016145750880241394
        ],
        [
            0.112023264169693,
            0.03065669722855091,
            0.014552325010299683
        ],
        [
            0.12104811519384384,
            0.025579357519745827,
            0.01923520863056183
        ],
        [
            0.11169533431529999,
            0.036332227289676666,
            0.027335986495018005
        ],
        [
            0.12081283330917358,
            0.03227879852056503,
            0.032973065972328186
        ],
        [
            0.11418268084526062,
            0.05922074615955353,
            0.0682307779788971
        ],
        [
            0.10573239624500275,
            0.053646400570869446,
            0.13131974637508392
        ],
        [
            0.10762223601341248,
            0.051604703068733215,
            0.1206347867846489
        ],
        [
            0.10571745783090591,
            0.046174176037311554,
            0.12082181125879288
        ],
        [
            0.10306430608034134,
            0.05041119083762169,
            0.131276473402977
        ],
        [
            0.10868891328573227,
            0.050014134496450424,
            0.11441062390804291
        ],
        [
            0.1127706989645958,
            0.05444035306572914,
            0.1210092306137085
        ],
        [
            0.13018901646137238,
            0.02291450835764408,
            0.03853699192404747
        ],
        [
            0.11113283783197403,
            0.03828491270542145,
            0.09096258878707886
        ],
        [
            0.13051357865333557,
            0.011412959545850754,
            0.025632284581661224
        ],
        [
            0.13859553635120392,
            0.015171967446804047,
            0.04897726699709892
        ],
        [
            0.1378472000360489,
            0.004974376410245895,
            0.04155212640762329
        ],
        [
            0.13117943704128265,
            -0.00210021436214447,
            0.014641821384429932
        ],
        [
            0.13600783050060272,
            -0.006025899201631546,
            0.030809301882982254
        ],
        [
            0.12655633687973022,
            -0.0008441396057605743,
            -0.0035780519247055054
        ],
        [
            0.1281999796628952,
            3.507733345031738e-05,
            0.005231514573097229
        ],
        [
            0.13860200345516205,
            -0.006344445049762726,
            0.04717171937227249
        ],
        [
            0.111934132874012,
            0.0399029515683651,
            0.13445158302783966
        ],
        [
            0.1067870706319809,
            0.04093250632286072,
