{
    "pred_cam": [
        7.395992755889893,
        -0.09494782239198685,
        -0.04787837713956833
    ],
    "pred_mano_params": {
        "global_orient": [
            [
                [
                    -0.6822316646575928,
                    0.5504658818244934,
                    0.4811934530735016
                ],
                [
                    -0.4799487888813019,
                    0.1593094766139984,
                    -0.8627105355262756
                ],
                [
                    -0.5515514612197876,
                    -0.8195167779922485,
                    0.15550947189331055
                ]
            ]
        ],
        "hand_pose": [
            [
                [
                    0.18341131508350372,
                    -0.9232826828956604,
                    -0.3375043272972107
                ],
                [
                    0.9589191675186157,
                    0.24361929297447205,
                    -0.14533977210521698
                ],
                [
                    0.2164122760295868,
                    -0.29698240756988525,
                    0.9300360083580017
                ]
            ],
            [
                [
                    0.8369460105895996,
                    -0.5441527962684631,
                    0.0584726519882679
                ],
                [
                    0.5373893976211548,
                    0.796882688999176,
                    -0.27602657675743103
                ],
                [
                    0.10360478609800339,
                    0.2624419331550598,
                    0.9593697190284729
                ]
            ],
            [
                [
                    0.9652478098869324,
                    0.24916930496692657,
                    0.07881230860948563
                ],
                [
                    -0.2325367033481598,
                    0.9565134644508362,
                    -0.17609257996082306
                ],
                [
                    -0.11926190555095673,
                    0.1516462117433548,
                    0.9812135100364685
                ]
            ],
            [
                [
                    0.2687278985977173,
                    -0.9143051505088806,
                    -0.3030368685722351
                ],
                [
                    0.9562934041023254,
                    0.21559756994247437,
                    0.19753636419773102
                ],
                [
                    -0.11527451872825623,
                    -0.34287571907043457,
                    0.9322810769081116
                ]
            ],
            [
                [
                    0.8983436822891235,
                    -0.38349011540412903,
                    -0.21427546441555023
                ],
                [
                    0.4158646762371063,
                    0.8995691537857056,
                    0.13353635370731354
                ],
                [
                    0.14154571294784546,
                    -0.20907114446163177,
                    0.9676022529602051
                ]
            ],
            [
                [
                    0.9248887300491333,
                    -0.1259942352771759,
                    0.35875651240348816
                ],
                [
                    0.0818139985203743,
                    0.9873477816581726,
                    0.135833740234375
                ],
                [
                    -0.37133169174194336,
                    -0.09627979248762131,
                    0.9234949350357056
                ]
            ],
            [
                [
                    0.3240864872932434,
                    -0.9193522930145264,
                    0.2230679839849472
                ],
                [
                    0.7829476594924927,
                    0.39300620555877686,
                    0.48222312331199646
                ],
                [
                    -0.5310000777244568,
                    0.018368614837527275,
                    0.8471726775169373
                ]
            ],
            [
                [
                    0.9499548077583313,
                    -0.2838074564933777,
                    -0.1305341124534607
                ],
                [
                    0.3073968291282654,
                    0.9236497282981873,
                    0.22886323928833008
                ],
                [
                    0.05561470612883568,
                    -0.25753551721572876,
                    0.964667022228241
                ]
            ],
            [
                [
                    0.9468351602554321,
                    -0.1995203197002411,
                    0.2523784041404724
                ],
                [
                    0.02935565449297428,
                    0.8347750902175903,
                    0.5498079061508179
                ],
                [
                    -0.32037705183029175,
                    -0.5131686925888062,
                    0.7962514758110046
                ]
            ],
            [
                [
                    0.3365391790866852,
                    -0.930970311164856,
                    0.1415475308895111
                ],
                [
                    0.921082079410553,
                    0.3567010164260864,
                    0.15611600875854492
                ],
                [
                    -0.19582951068878174,
                    0.0778377428650856,
                    0.9775439500808716
                ]
            ],
            [
                [
                    0.9408875107765198,
                    -0.30929961800575256,
                    -0.13807407021522522
                ],
                [
                    0.33642250299453735,
                    0.8059512972831726,
                    0.4870959520339966
                ],
                [
                    -0.039377618581056595,
                    -0.5047537088394165,
                    0.8623648881912231
                ]
            ],
            [
                [
                    0.9003078937530518,
                    -0.2738403081893921,
                    0.3383151590824127
                ],
                [
                    0.15564551949501038,
                    0.9284395575523376,
                    0.3373046815395355
                ],
                [
                    -0.4064728021621704,
                    -0.2510208487510681,
                    0.8785035014152527
                ]
            ],
            [
                [
                    0.8008917570114136,
                    0.05879432335495949,
                    -0.5959157943725586
                ],
                [
                    -0.5568053722381592,
                    0.43926966190338135,
                    -0.7049893140792847
                ],
                [
                    0.22031836211681366,
                    0.8964292407035828,
                    0.3845444321632385
                ]
            ],
            [
                [
                    0.6812232136726379,
                    -0.5523045659065247,
                    -0.48051485419273376
                ],
                [
                    0.7184763550758362,
                    0.6303200125694275,
                    0.294089138507843
                ],
                [
                    0.1404513120651245,
                    -0.5455789566040039,
                    0.826206386089325
                ]
            ],
            [
                [
                    0.9632203578948975,
                    -0.15726758539676666,
                    0.21788400411605835
                ],
                [
                    0.26370975375175476,
                    0.7089784741401672,
                    -0.6540693044662476
                ],
                [
                    -0.051611144095659256,
                    0.6874710321426392,
                    0.7243754863739014
                ]
            ]
        ],
        "betas": [
            0.09587997198104858,
            -0.15757009387016296,
            0.041025906801223755,
            0.06508621573448181,
            -0.050939351320266724,
            0.04170990362763405,
            0.056606635451316833,
            0.06729505956172943,
            -0.07613158226013184,
            -0.13421079516410828
        ]
    },
    "pred_cam_t": [
        -0.09494782239198685,
        -0.04787837713956833,
        5.281576156616211
    ],
    "focal_length": [
        5000.0,
        5000.0
    ],
    "pred_keypoints_3d": [
        [
            0.09529072791337967,
            0.00634746765717864,
            0.006172752007842064
        ],
        [
            0.1155593991279602,
            -0.006781608331948519,
            0.03598155081272125
        ],
        [
            0.13551326096057892,
            0.001847993116825819,
            0.05758337303996086
        ],
        [
            0.1426677405834198,
            0.023587215691804886,
            0.07187771797180176
        ],
        [
            0.13885322213172913,
            0.042799610644578934,
            0.10136815905570984
        ],
        [
            0.1620437204837799,
            0.030032621696591377,
            0.06198182702064514
        ],
        [
            0.14941443502902985,
            0.03547913581132889,
            0.09175150841474533
        ],
        [
            0.13084402680397034,
            0.02998247556388378,
            0.102288156747818
        ],
        [
            0.11493547260761261,
            0.02578960731625557,
            0.12162575125694275
        ],
        [
            0.15709573030471802,
            0.05433455854654312,
            0.058935441076755524
        ],
        [
            0.14503365755081177,
            0.055397991091012955,
            0.08807090669870377
        ],
        [
            0.12795883417129517,
            0.04872841760516167,
            0.10219842940568924
        ],
        [
            0.11693013459444046,
            0.038068659603595734,
            0.1228618174791336
        ],
        [
            0.13593503832817078,
            0.06776838004589081,
            0.05028017610311508
        ],
        [
            0.1302487701177597,
            0.06870047748088837,
            0.07846129685640335
        ],
        [
            0.11311807483434677,
            0.06412751227617264,
            0.09560196846723557
        ],
        [
            0.10260545462369919,
            0.05278703570365906,
            0.11522778123617172
        ],
        [
            0.1160336434841156,
            0.07483596354722977,
            0.04536733776330948
        ],
        [
            0.11041642725467682,
            0.0770978331565857,
            0.06546885520219803
        ],
        [
            0.09885020554065704,
            0.07560791820287704,
            0.0802517980337143
        ],
        [
            0.08875619620084763,
            0.06467173248529434,
            0.0948031023144722
        ]
    ],
    "pred_vertices": [
        [
            0.12738654017448425,
            0.013645153492689133,
            0.04744305834174156
        ],
        [
            0.11879454553127289,
            0.009125972166657448,
            0.041159339249134064
        ],
        [
            0.12534892559051514,
            0.010008338838815689,
            0.04694738984107971
        ],
        [
            0.133223757147789,
            0.011354880407452583,
            0.05250269174575806
        ],
        [
            0.10912374407052994,
            0.0020630136132240295,
            0.05142319202423096
        ],
        [
            0.10888639092445374,
            -0.010137379169464111,
            0.05383846163749695
        ],
        [
            0.12185412645339966,
            -0.0024548396468162537,
            0.06475374102592468
        ],
        [
            0.11834210157394409,
            0.006846431642770767,
            0.060706548392772675
        ],
        [
            0.13908666372299194,
            0.010736776515841484,
            0.05474475771188736
        ],
        [
            0.13027970492839813,
            0.010855749249458313,
            0.0523456446826458
        ],
        [
            0.14156508445739746,
            0.010809428989887238,
            0.05157468095421791
        ],
        [
            0.154539555311203,
            0.010697663761675358,
            0.051552288234233856
        ],
        [
            0.1486968994140625,
            0.0119572589173913,
            0.05636908486485481
        ],
        [
            0.16187654435634613,
            0.014568651095032692,
            0.05369696766138077
        ],
        [
            0.15588419139385223,
            0.007315207272768021,
            0.041834935545921326
        ],
        [
            0.16618329286575317,
            0.018867969512939453,
            0.046665310859680176
        ],
        [
            0.1472914218902588,
            0.02507268451154232,
            0.02526315674185753
        ],
        [
            0.13903796672821045,
            0.03484803065657616,
            0.02096424624323845
        ],
        [
            0.15031380951404572,
            0.045856498181819916,
            0.030454497784376144
        ],
        [
            0.1571255922317505,
            0.034744031727313995,
            0.03486672788858414
        ],
        [
            0.13225409388542175,
            0.054987214505672455,
            0.024873510003089905
        ],
        [
            0.1426013857126236,
            0.050398774445056915,
            0.02845454216003418
        ],
        [
            0.1322779804468155,
            0.039963312447071075,
            0.01787453517317772
        ],
        [
            0.12345774471759796,
            0.04447951912879944,
            0.015416279435157776
        ],
        [
            0.11660484969615936,
            0.021306417882442474,
            0.040610313415527344
        ],
        [
            0.10812948644161224,
            0.015859000384807587,
            0.03509528189897537
        ],
        [
            0.11226377636194229,
            0.01222875714302063,
            0.03610989451408386
        ],
        [
            0.12025229632854462,
            0.017694780603051186,
            0.042215801775455475
        ],
        [
            0.14354436099529266,
            0.010188877582550049,
            0.05356128513813019
        ],
        [
            0.1462715119123459,
            -0.0005804784595966339,
            0.04619358852505684
        ],
        [
            0.14589567482471466,
            0.0060566626489162445,
            0.047550421208143234
        ],
        [
            0.1396283656358719,
            0.013476543128490448,
            0.05451628193259239
        ],
        [
            0.08201099187135696,
            0.01022132858633995,
            0.02601245418190956
        ],
        [
            0.0784095972776413,
            0.0034931227564811707,
            0.01490062102675438
        ],
        [
            0.08193273842334747,
            -0.0011498220264911652,
            0.01581978052854538
        ],
        [
            0.08465482294559479,
            0.0059501901268959045,
            0.02547808736562729
        ],
        [
            0.0937977135181427,
            -0.014892026782035828,
            0.03188779577612877
        ],
        [
            0.09155011177062988,
            -0.016174204647541046,
            0.01969456672668457
        ],
        [
            0.09809281677007675,
            -0.024813346564769745,
            0.011438976973295212
        ],
        [
            0.1035417839884758,
            -0.024131393060088158,
            0.022067874670028687
        ],
        [
            0.10034897923469543,
            -0.012876596301794052,
            0.044167958199977875
        ],
        [
            0.10717128962278366,
            -0.023245399817824364,
            0.0376887321472168
        ],
        [
            0.11573652923107147,
            -0.01908128708600998,
            0.05147970840334892
        ],
        [
            0.12875200808048248,
            -0.008800193667411804,
            0.06464000046253204
        ],
        [
            0.07237642258405685,
            0.01385563239455223,
            0.010587241500616074
        ],
        [
            0.07378079742193222,
            0.02022082358598709,
            0.018475208431482315
        ],
        [
            0.14414510130882263,
            0.02307507023215294,
            0.09073296189308167
        ],
        [
            0.1397779881954193,
            0.026212234050035477,
            0.08817204087972641
        ],
        [
            0.1425696462392807,
            0.025654261931777,
            0.0844174325466156
        ],
        [
            0.14661256968975067,
            0.022827941924333572,
            0.08756913989782333
        ],
        [
            0.07873345911502838,
            0.030285220593214035,
            0.0007123649120330811
        ],
        [
            0.08561147749423981,
            0.03173632174730301,
            -0.006405189633369446
        ],
        [
            0.08005250245332718,
            0.028233613818883896,
            -0.009553369134664536
        ],
        [
            0.07441633194684982,
            0.025099914520978928,
            -0.0027612894773483276
        ],
        [
            0.08445645868778229,
            0.03706330433487892,
            0.005309753119945526
        ],
        [
            0.09327849745750427,
            0.036118488758802414,
            -0.0014796778559684753
        ],
        [
            0.15090477466583252,
            0.03059612400829792,
            0.09826745837926865
        ],
        [
            0.1497800350189209,
            0.025754738599061966,
            0.09699076414108276
        ],
        [
            0.15380479395389557,
            0.0268673375248909,
            0.09378392994403839
        ],
        [
            0.15496037900447845,
            0.032162245362997055,
            0.09422765672206879
        ],
        [
            0.1416287124156952,
            0.013963466510176659,
            0.05741202086210251
        ],
        [
            0.1343456357717514,
            0.01793505623936653,
            0.05416981875896454
        ],
        [
            0.15273496508598328,
            0.02270451933145523,
            0.0638594850897789
        ],
        [
            0.1458081156015396,
            0.022673381492495537,
            0.06071975827217102
        ],
        [
            0.14995519816875458,
            0.017064619809389114,
            0.06036662310361862
        ],
        [
            0.15565243363380432,
            0.018325621262192726,
            0.06322701275348663
        ],
        [
            0.1296488493680954,
            0.03673321008682251,
            0.051292773336172104
        ],
        [
            0.12243697047233582,
            0.030147043988108635,
            0.04514750838279724
        ],
        [
            0.12723812460899353,
            0.02652800641953945,
            0.04766160994768143
        ],
        [
            0.13560670614242554,
            0.03231421858072281,
            0.055516116321086884
        ],
        [
            0.11169244349002838,
            0.03890611231327057,
            0.04275107383728027
        ],
        [
            0.11994316428899765,
            0.044763870537281036,
            0.04855324700474739
        ],
        [
            0.1128934919834137,
            0.04903385043144226,
            0.04626745358109474
        ],
        [
            0.1077127605676651,
            0.0439462885260582,
            0.04344108700752258
        ],
        [
            0.13615448772907257,
            0.051785558462142944,
            0.057865679264068604
        ],
        [
            0.14017462730407715,
            0.05296940356492996,
            0.05976489186286926
        ],
        [
            0.13653725385665894,
            0.055401511490345,
            0.06057245656847954
        ],
        [
            0.1330040991306305,
            0.053644757717847824,
            0.05690258741378784
        ],
        [
            0.07538941502571106,
            0.024542350322008133,
            -0.013463381677865982
        ],
        [
            0.07105835527181625,
            0.019584063440561295,
            -0.006219737231731415
        ],
        [
            0.11266438663005829,
            0.06453298032283783,
            0.02194361388683319
        ],
        [
            0.10158541798591614,
            0.06345432996749878,
            0.023613885045051575
        ],
        [
            0.10758034139871597,
            0.07324203848838806,
            0.03093957155942917
        ],
        [
            0.11882366240024567,
            0.07252633571624756,
            0.026838822290301323
        ],
        [
            0.094937264919281,
            0.029000427573919296,
            -0.009785160422325134
        ],
        [
            0.08877219259738922,
            0.027309756726026535,
            -0.014319155365228653
        ],
        [
            0.149164617061615,
            0.03657098114490509,
            0.09742234647274017
        ],
        [
            0.15281037986278534,
            0.037919607013463974,
            0.09332507848739624
        ],
        [
            0.12294775247573853,
            -0.023515446111559868,
            0.04080729931592941
        ],
        [
            0.13537558913230896,
            -0.012753784656524658,
            0.059190042316913605
        ],
        [
            0.1148025393486023,
            -0.025249337777495384,
            0.024168550968170166
        ],
        [
            0.1105424016714096,
            -0.023947831243276596,
            0.01181633397936821
        ],
        [
            0.10656638443470001,
            -0.024998178705573082,
            0.0025080740451812744
        ],
        [
            0.144943505525589,
            0.028996149078011513,
            0.06123759597539902
        ],
        [
            0.12787428498268127,
            0.02068045549094677,
            0.048481933772563934
        ],
        [
            0.11297912150621414,
            0.02462017722427845,
            0.03942503035068512
        ],
        [
            0.09143364429473877,
            0.046455107629299164,
            0.03788584843277931
        ],
        [
            0.08488155901432037,
            0.04000842571258545,
            0.03305971622467041
        ],
        [
            0.09292392432689667,
            0.03475850075483322,
            0.037813879549503326
        ],
        [
            0.09733705222606659,
            0.04165474697947502,
            0.04056236147880554
        ],
        [
            0.09491652250289917,
            0.06184198334813118,
            0.030898073688149452
        ],
        [
            0.09517699480056763,
            0.057773787528276443,
            0.037890203297138214
        ],
        [
            0.10033343732357025,
            0.06342106312513351,
            0.04123729467391968
        ],
        [
            0.10086776316165924,
            0.06922033429145813,
            0.035744957625865936
        ],
        [
            0.1476842612028122,
            0.005417659878730774,
            0.05656725540757179
        ],
        [
            0.14594390988349915,
            -0.007069507613778114,
            0.0467207245528698
        ],
        [
            0.07396788895130157,
            0.025874365121126175,
            0.009034901857376099
        ],
        [
            0.07177411019802094,
            0.019422240555286407,
            0.00517842173576355
        ],
        [
            0.06915035098791122,
            0.014191884547472,
            -0.0010223984718322754
        ],
        [
            0.09506091475486755,
            0.011454060673713684,
            0.031416598707437515
        ],
        [
            0.08629240095615387,
            0.002816464751958847,
            0.025372765958309174
        ],
        [
            0.08864162117242813,
            -0.0005555525422096252,
            0.027567189186811447
        ],
        [
            0.09750450402498245,
            0.008997049182653427,
            0.031197745352983475
        ],
        [
            0.10863815248012543,
            0.006069734692573547,
            0.03960540518164635
        ],
        [
            0.09889660030603409,
            -0.0021116286516189575,
            0.0410124808549881
        ],
        [
            0.11618461459875107,
            0.010385902598500252,
            0.04703744500875473
        ],
        [
            0.08557590842247009,
            -0.008440997451543808,
            0.016417302191257477
        ],
        [
            0.07751406729221344,
            -0.0071838125586509705,
            0.008794710040092468
        ],
        [
            0.08292128890752792,
            -0.014160312712192535,
            0.0092804916203022
        ],
        [
            0.07260691374540329,
            0.0008170902729034424,
            0.006144732236862183
        ],
        [
            0.06934651732444763,
            0.008390810340642929,
            0.002917475998401642
        ],
        [
            0.08428554981946945,
            0.02533828839659691,
            -0.021298646926879883
        ],
        [
            0.08916093409061432,
            -0.019569698721170425,
            0.009222958236932755
        ],
        [
            0.12523789703845978,
            0.008771687746047974,
            0.06622476875782013
        ],
        [
            0.12915931642055511,
            0.012298278510570526,
            0.06963804364204407
        ],
        [
            0.1287403702735901,
            0.015981663018465042,
            0.06327930837869644
        ],
        [
            0.12642963230609894,
            0.012872688472270966,
            0.059512797743082047
        ],
        [
            0.16648055613040924,
            0.020243322476744652,
            0.0593789704144001
        ],
        [
            0.16081710159778595,
            0.017373189330101013,
            0.06248403340578079
        ],
        [
            0.15558215975761414,
            0.013272915966808796,
            0.057800136506557465
        ],
        [
            0.08491338789463043,
            0.020249899476766586,
            0.03114502690732479
        ],
        [
            0.07764218747615814,
            0.028248947113752365,
            0.024653621017932892
        ],
        [
            0.15112502872943878,
            0.028170883655548096,
            0.06379762291908264
        ],
        [
            0.15859635174274445,
            0.03318260237574577,
            0.0896332859992981
        ],
        [
            0.1575753390789032,
            0.027144988998770714,
            0.08916271477937698
        ],
        [
            0.16560955345630646,
            0.02323017828166485,
            0.07151351124048233
        ],
        [
            0.16742593050003052,
            0.030171476304531097,
            0.07224828749895096
        ],
        [
            0.15203462541103363,
            0.03517468273639679,
            0.06443208456039429
        ],
        [
            0.15041989088058472,
            0.02777637541294098,
            0.06363741308450699
        ],
        [
            0.1492542028427124,
            0.028473109006881714,
            0.06406939774751663
        ],
        [
            0.14771775901317596,
            0.0349288135766983,
            0.06553670018911362
        ],
        [
            0.1286657750606537,
            0.05924423038959503,
            0.057102616876363754
        ],
        [
            0.1255863606929779,
            0.05715417116880417,
            0.05404987186193466
        ],
        [
            0.1627447009086609,
            0.04362759366631508,
            0.047693535685539246
        ],
        [
            0.1712038815021515,
            0.03367115557193756,
            0.04817258566617966
        ],
        [
            0.1640583723783493,
            0.024857664480805397,
            0.03822704404592514
        ],
        [
            0.12390992790460587,
            0.04086628556251526,
            0.049066685140132904
        ],
        [
            0.12986254692077637,
            0.047252312302589417,
            0.05427674576640129
        ],
        [
            0.12684237957000732,
            0.04977675899863243,
            0.05310280621051788
        ],
        [
            0.14541402459144592,
            0.03342403098940849,
            0.06199992075562477
        ],
        [
            0.15027715265750885,
            0.03448362648487091,
            0.0639021247625351
        ],
        [
            0.14758644998073578,
            0.038480378687381744,
            0.0629504844546318
        ],
        [
            0.14161333441734314,
            0.03668674826622009,
            0.060085587203502655
        ],
        [
            0.09530527144670486,
            0.05441047623753548,
            0.016034696251153946
        ],
        [
            0.08752487599849701,
            0.05308888852596283,
            0.02465670555830002
        ],
        [
            0.14753568172454834,
            0.022988762706518173,
            0.09406264126300812
        ],
        [
            0.15083177387714386,
            0.02333691716194153,
            0.09095261991024017
        ],
        [
            0.11694083362817764,
            0.03428401052951813,
            0.04312397912144661
        ],
        [
            0.1524619311094284,
            0.016356127336621284,
            0.030591458082199097
        ],
        [
            0.1088380515575409,
            0.028006916865706444,
            0.03829984366893768
        ],
        [
            0.13173606991767883,
            0.06982187926769257,
            0.041522588580846786
        ],
        [
            0.12516328692436218,
            0.07005748897790909,
            0.04772306606173515
        ],
        [
            0.12633472681045532,
            0.0703534334897995,
            0.05221410095691681
        ],
        [
            0.13182765245437622,
            0.07157159596681595,
            0.05008205771446228
        ],
        [
            0.1421552300453186,
            0.03731072321534157,
            0.0790988951921463
        ],
        [
            0.1413160264492035,
            0.031437069177627563,
            0.07951492071151733
        ],
        [
            0.13972294330596924,
            0.030947336927056313,
            0.08267951011657715
        ],
        [
            0.14009836316108704,
            0.03680264204740524,
            0.08308854699134827
        ],
        [
            0.15259070694446564,
            0.022337298840284348,
            0.06383761018514633
        ],
        [
            0.15690426528453827,
            0.018771186470985413,
            0.06513106822967529
        ],
        [
            0.15485239028930664,
            0.01918894238770008,
            0.06753358244895935
        ],
        [
            0.15093229711055756,
            0.02369506284594536,
            0.06585278362035751
        ],
        [
            0.1622242033481598,
            0.01837514527142048,
            0.06529645621776581
        ],
        [
            0.16091738641262054,
            0.019346771761775017,
            0.06944644451141357
        ],
        [
            0.14608418941497803,
            0.04193824902176857,
            0.08118526637554169
        ],
        [
            0.15223585069179535,
            0.04267833009362221,
            0.08534231781959534
        ],
        [
            0.15943732857704163,
            0.041909173130989075,
            0.06903201341629028
        ],
        [
            0.15140196681022644,
            0.040781550109386444,
            0.06854717433452606
        ],
        [
            0.11614492535591125,
            0.035380251705646515,
            0.005371939390897751
        ],
        [
            0.10677140951156616,
            0.041343819350004196,
            0.004828028380870819
        ],
        [
            0.11393336951732635,
            0.05077791213989258,
            0.014549005776643753
        ],
        [
            0.12149028480052948,
            0.06126305088400841,
            0.023301009088754654
        ],
        [
            0.1288965940475464,
            0.0696038007736206,
            0.03268851339817047
        ],
        [
            0.13983452320098877,
            0.06437265127897263,
            0.03244422376155853
        ],
        [
            0.10628040134906769,
            0.05371474102139473,
            0.013745907694101334
        ],
        [
            0.15831372141838074,
            0.04241696372628212,
            0.05943126603960991
        ],
        [
            0.16359935700893402,
            0.041499342769384384,
            0.05808065086603165
        ],
        [
            0.16176775097846985,
            0.04457257315516472,
            0.05523563176393509
        ],
        [
            0.10302376002073288,
            0.0326201468706131,
            0.03849518299102783
        ],
        [
            0.15434348583221436,
            0.02336088754236698,
            0.08704910427331924
        ],
        [
            0.11717727780342102,
            -0.00731499120593071,
            -0.0061618611216545105
        ],
        [
            0.113266721367836,
            0.004505489021539688,
            -0.01184544712305069
        ],
        [
            0.11860071867704391,
            0.00672445073723793,
            -0.005250200629234314
        ],
        [
            0.12241856008768082,
            -0.006911464035511017,
            0.002165958285331726
        ],
        [
            0.14408406615257263,
            0.025404255837202072,
            0.08141321688890457
        ],
        [
            0.14895270764827728,
            0.022000577300786972,
            0.08396285772323608
        ],
        [
            0.12080704420804977,
            0.061691079288721085,
            0.05382966995239258
        ],
        [
            0.12449315190315247,
            0.06336981058120728,
            0.05665353685617447
        ],
        [
            0.1232350692152977,
            0.06645821779966354,
            0.05593317374587059
        ],
        [
            0.1181773692369461,
            0.06644444167613983,
            0.05477021634578705
        ],
        [
            0.10107021033763885,
            0.04305008426308632,
            0.004367198795080185
        ],
        [
            0.10903868824243546,
            0.07711949944496155,
            0.039430465549230576
        ],
        [
            0.11993878334760666,
            0.07655312120914459,
            0.035343170166015625
        ],
        [
            0.10102953761816025,
            0.03304506838321686,
            -0.003648526966571808
        ],
        [
            0.10941369831562042,
            0.02806853875517845,
            -0.0038300231099128723
        ],
        [
            0.10421232879161835,
            0.023296039551496506,
            -0.010582461953163147
        ],
        [
            0.14994540810585022,
            0.058556076139211655,
            0.04153313487768173
        ],
        [
            0.1236276626586914,
            0.031800560653209686,
            0.007788650691509247
        ],
        [
            0.11557868123054504,
            0.024141889065504074,
            -0.0016959309577941895
        ],
        [
            0.10964556038379669,
            0.018258575350046158,
            -0.009654037654399872
        ],
        [
            0.1053321585059166,
            0.01481766626238823,
            -0.015940584242343903
        ],
        [
            0.09972386062145233,
            0.02064014971256256,
            -0.016204748302698135
        ],
        [
            0.15599425137043,
            0.03882664069533348,
            0.08818478882312775
        ],
        [
            0.14825958013534546,
            0.04228188097476959,
            0.09044675529003143
        ],
        [
            0.09530171751976013,
            0.01844516023993492,
            -0.02385302633047104
        ],
        [
            0.10145746916532516,
            0.011656004935503006,
            -0.022750787436962128
        ],
        [
            0.12204985320568085,
            0.01830737665295601,
            0.00107632577419281
        ],
        [
            0.12883314490318298,
            0.009999951347708702,
            0.005599223077297211
        ],
        [
            0.12944775819778442,
            0.025878671556711197,
            0.010312516242265701
        ],
        [
            0.13704295456409454,
            0.01862318255007267,
            0.015151597559452057
        ],
        [
            0.15948686003684998,
            0.05341227725148201,
            0.038440022617578506
        ],
        [
            0.133504718542099,
            0.038821928203105927,
            0.09982176870107651
        ],
        [
            0.13994592428207397,
            0.0408504381775856,
            0.09106507897377014
        ],
        [
            0.13726913928985596,
            0.03696490079164505,
            0.08769948780536652
        ],
        [
            0.13066090643405914,
            0.037572748959064484,
            0.09702873229980469
        ],
        [
            0.14305320382118225,
            0.04117820784449577,
            0.08577337116003036
        ],
        [
            0.14468029141426086,
            0.040924087166786194,
            0.09441450983285904
        ],
        [
            0.14243407547473907,
            0.006804168224334717,
            0.022632744163274765
        ],
        [
            0.15239176154136658,
            0.03975003957748413,
            0.06405959278345108
        ],
        [
            0.13235408067703247,
            -0.005495762452483177,
            0.016102377325296402
        ],
        [
            0.1493084579706192,
            -0.0010651405900716782,
            0.034262895584106445
        ],
        [
            0.140959233045578,
            -0.010407514870166779,
            0.03261104226112366
        ],
        [
            0.12192443013191223,
            -0.018576012924313545,
            0.011876385658979416
        ],
        [
            0.12975546717643738,
            -0.020383324474096298,
            0.02854849211871624
        ],
        [
            0.1120060384273529,
            -0.0186925008893013,
            -0.005452930927276611
        ],
        [
            0.11704655736684799,
            -0.017126720398664474,
            0.0022624731063842773
        ],
        [
            0.13813748955726624,
            -0.01668541319668293,
            0.044765811413526535
        ],
        [
            0.1344398856163025,
            0.02373191900551319,
            0.09600098431110382
        ],
        [
            0.13132405281066895,
            0.0278334841132164,
            0.09347094595432281
        ],
