{
    "pred_cam": [
        7.465051174163818,
        0.1417442262172699,
        -0.059002235531806946
    ],
    "pred_mano_params": {
        "global_orient": [
            [
                [
                    -0.3586917221546173,
                    -0.871044397354126,
                    0.3355920612812042
                ],
                [
                    -0.7634558081626892,
                    0.06689142435789108,
                    -0.6423868536949158
                ],
                [
                    0.5370991826057434,
                    -0.48662853240966797,
                    -0.6889972686767578
                ]
            ]
        ],
        "hand_pose": [
            [
                [
                    0.6903321743011475,
                    -0.6337029337882996,
                    -0.34908759593963623
                ],
                [
                    0.6167745590209961,
                    0.7676891684532166,
                    -0.17390352487564087
                ],
                [
                    0.3781939446926117,
                    -0.09525717049837112,
                    0.9208123683929443
                ]
            ],
            [
                [
                    0.9353094100952148,
                    -0.237225741147995,
                    0.26252663135528564
                ],
                [
                    0.2768345773220062,
                    0.9527000188827515,
                    -0.12540066242218018
                ],
                [
                    -0.2203608602285385,
                    0.1899648755788803,
                    0.9567415714263916
                ]
            ],
            [
                [
                    0.6913036704063416,
                    -0.706670880317688,
                    0.15071657299995422
                ],
                [
                    0.7069353461265564,
                    0.6183252334594727,
                    -0.3433896005153656
                ],
                [
                    0.14947161078453064,
                    0.3439333438873291,
                    0.9270211458206177
                ]
            ],
            [
                [
                    0.6992645859718323,
                    -0.6934260129928589,
                    -0.17375117540359497
                ],
                [
                    0.7033481597900391,
                    0.7108187079429626,
                    -0.006179646123200655
                ],
                [
                    0.12779070436954498,
                    -0.11788634955883026,
                    0.9847702980041504
                ]
            ],
            [
                [
                    0.8601766228675842,
                    -0.5050696134567261,
                    -0.07071656733751297
                ],
                [
                    0.4984058737754822,
                    0.8031138777732849,
                    0.3264961242675781
                ],
                [
                    -0.10810981690883636,
                    -0.3160898983478546,
                    0.942549467086792
                ]
            ],
            [
                [
                    0.795041561126709,
                    -0.5016974210739136,
                    -0.34089407324790955
                ],
                [
                    0.573023796081543,
                    0.8055217862129211,
                    0.15092524886131287
                ],
                [
                    0.19887879490852356,
                    -0.31533223390579224,
                    0.9279078841209412
                ]
            ],
            [
                [
                    0.533021092414856,
                    -0.6032791137695312,
                    0.5932477116584778
                ],
                [
                    0.5395760536193848,
                    0.7824416756629944,
                    0.31087401509284973
                ],
                [
                    -0.6517255306243896,
                    0.1543998420238495,
                    0.7425729036331177
                ]
            ],
            [
                [
                    0.8770461082458496,
                    -0.36109936237335205,
                    -0.3168553113937378
                ],
                [
                    0.4501718580722809,
                    0.8480339646339417,
                    0.2796134054660797
                ],
                [
                    0.16773584485054016,
                    -0.38787326216697693,
                    0.90632164478302
                ]
            ],
            [
                [
                    0.7616086602210999,
                    -0.6480228304862976,
                    -0.004308520350605249
                ],
                [
                    0.6304999589920044,
                    0.739445149898529,
                    0.23598864674568176
                ],
                [
                    -0.14974015951156616,
                    -0.18244752287864685,
                    0.9717462062835693
                ]
            ],
            [
                [
                    0.7329221367835999,
                    -0.6691493391990662,
                    0.12273682653903961
                ],
                [
                    0.6760069131851196,
                    0.7365986108779907,
                    -0.02090676687657833
                ],
                [
                    -0.07641802728176117,
                    0.0982939824461937,
                    0.9922190308570862
                ]
            ],
            [
                [
                    0.8517705798149109,
                    -0.506271243095398,
                    -0.13481949269771576
                ],
                [
                    0.5070034265518188,
                    0.7316638827323914,
                    0.4556484818458557
                ],
                [
                    -0.1320391595363617,
                    -0.45646196603775024,
                    0.879891037940979
                ]
            ],
            [
                [
                    0.759785532951355,
                    -0.43778347969055176,
                    -0.48069891333580017
                ],
                [
                    0.5882551074028015,
                    0.777759313583374,
                    0.2214640974998474
                ],
                [
                    0.27691471576690674,
                    -0.4510388672351837,
                    0.8484586477279663
                ]
            ],
            [
                [
                    0.9386960864067078,
                    -0.19858521223068237,
                    -0.2818041145801544
                ],
                [
                    -0.1827392578125,
                    0.4065200984477997,
                    -0.8951802253723145
                ],
                [
                    0.2923286259174347,
                    0.8917988538742065,
                    0.3453094959259033
                ]
            ],
            [
                [
                    0.9228068590164185,
                    -0.282169908285141,
                    -0.26231229305267334
                ],
                [
                    0.3852384090423584,
                    0.6681368947029114,
                    0.6365410685539246
                ],
                [
                    -0.004352202173322439,
                    -0.688457190990448,
                    0.7252640128135681
                ]
            ],
            [
                [
                    0.9034607410430908,
                    0.38456496596336365,
                    0.1893898993730545
                ],
                [
                    -0.40060609579086304,
                    0.9146720767021179,
                    0.053756702691316605
                ],
                [
                    -0.15255670249462128,
                    -0.12443779408931732,
                    0.9804293513298035
                ]
            ]
        ],
        "betas": [
            -0.03724020719528198,
            0.029285162687301636,
            -0.079694002866745,
            0.017964929342269897,
            0.07950198650360107,
            0.0048546455800533295,
            0.05172160267829895,
            -0.03311750292778015,
            -0.0035523325204849243,
            -0.04796415567398071
        ]
    },
    "pred_cam_t": [
        -0.1417442262172699,
        -0.059002235531806946,
        5.232717037200928
    ],
    "focal_length": [
        5000.0,
        5000.0
    ],
    "pred_keypoints_3d": [
        [
            0.09595869481563568,
            0.006403699982911348,
            0.0061893584206700325
        ],
        [
            0.12685081362724304,
            0.0072189574129879475,
            -0.017061609774827957
        ],
        [
            0.15209545195102692,
            0.0233792532235384,
            -0.024478808045387268
        ],
        [
            0.16819468140602112,
            0.04455076903104782,
            -0.030030591413378716
        ],
        [
            0.18522709608078003,
            0.06359408050775528,
            -0.056302838027477264
        ],
        [
            0.13918541371822357,
            0.0602341927587986,
            -0.05306723341345787
        ],
        [
            0.16015580296516418,
            0.08580039441585541,
            -0.0510612390935421
        ],
        [
            0.17979645729064941,
            0.09481029957532883,
            -0.045691486448049545
        ],
        [
            0.1974351406097412,
            0.09350311011075974,
            -0.027172893285751343
        ],
        [
            0.13015881180763245,
            0.08094590157270432,
            -0.041788384318351746
        ],
        [
            0.15277831256389618,
            0.10271688550710678,
            -0.03692645952105522
        ],
        [
            0.17350730299949646,
            0.10487144440412521,
            -0.02647368237376213
        ],
        [
            0.1906690001487732,
            0.09716247767210007,
            -0.008558262139558792
        ],
        [
            0.11982615292072296,
            0.08585188537836075,
            -0.017530418932437897
        ],
        [
            0.1423640102148056,
            0.10384771227836609,
            -0.019389310851693153
        ],
        [
            0.1635974645614624,
            0.10610280930995941,
            -0.006687048822641373
        ],
        [
            0.17624777555465698,
            0.09984476864337921,
            0.015280837193131447
        ],
        [
            0.11488880217075348,
            0.08616631478071213,
            0.0037824278697371483
        ],
        [
            0.1328110247850418,
            0.09674187004566193,
            -3.967899829149246e-06
        ],
        [
            0.14914588630199432,
            0.10254072397947311,
            0.007769338320940733
        ],
        [
            0.16104882955551147,
            0.09895717352628708,
            0.020731866359710693
        ]
    ],
    "pred_vertices": [
        [
            0.1332942694425583,
            0.033244188874959946,
            -0.023039044812321663
        ],
        [
            0.129368856549263,
            0.025449514389038086,
            -0.015538670122623444
        ],
        [
            0.136558398604393,
            0.028784796595573425,
            -0.018821973353624344
        ],
        [
            0.13984136283397675,
            0.03400886803865433,
            -0.028006872162222862
        ],
        [
            0.13973307609558105,
            0.014613430947065353,
            -0.0030171871185302734
        ],
        [
            0.14340737462043762,
            0.0035126879811286926,
            -0.005488179624080658
        ],
        [
            0.1550525575876236,
            0.014978703111410141,
            -0.011569324880838394
        ],
        [
            0.1506783366203308,
            0.022745929658412933,
            -0.006997663527727127
        ],
        [
            0.1439722329378128,
            0.035680752247571945,
            -0.03222619742155075
        ],
        [
            0.14320902526378632,
            0.03190373629331589,
            -0.02124958112835884
        ],
        [
            0.1433373987674713,
            0.03590787202119827,
            -0.033816173672676086
        ],
        [
            0.1390404850244522,
            0.03854319825768471,
            -0.04878576099872589
        ],
        [
            0.1425844132900238,
            0.039345234632492065,
            -0.043225906789302826
        ],
        [
            0.13773848116397858,
            0.04395553469657898,
            -0.05574639141559601
        ],
        [
            0.13007229566574097,
            0.03322801738977432,
            -0.05120575428009033
        ],
        [
            0.1289951652288437,
            0.046497032046318054,
            -0.058533910661935806
        ],
        [
            0.10626695305109024,
            0.04183926433324814,
            -0.039602603763341904
        ],
        [
            0.09975916147232056,
            0.047523383051157,
            -0.028887968510389328
        ],
        [
            0.10555745661258698,
            0.06209949776530266,
            -0.03655276075005531
        ],
        [
            0.11234055459499359,
            0.05488641560077667,
            -0.04623228684067726
        ],
        [
            0.09906695038080215,
            0.06483182311058044,
            -0.01664985716342926
        ],
        [
            0.10281272232532501,
            0.06408607959747314,
            -0.027968283742666245
        ],
        [
            0.09589824080467224,
            0.049755360931158066,
            -0.020969677716493607
        ],
        [
            0.09303884953260422,
            0.05110996961593628,
            -0.011151744052767754
        ],
        [
            0.12401982396841049,
            0.03516261652112007,
            -0.011028975248336792
        ],
        [
            0.12063569575548172,
            0.02686387300491333,
            -0.004574719816446304
        ],
        [
            0.12269926816225052,
            0.025382254272699356,
            -0.009761091321706772
        ],
        [
            0.1266288161277771,
            0.03345395252108574,
            -0.015592023730278015
        ],
        [
            0.14870066940784454,
            0.03333134576678276,
            -0.03421058505773544
        ],
        [
            0.13957513868808746,
            0.023816633969545364,
            -0.041066497564315796
        ],
        [
            0.14020568132400513,
            0.031146802008152008,
            -0.03952024132013321
        ],
        [
            0.14938484132289886,
            0.036562178283929825,
            -0.029506994411349297
        ],
        [
            0.1151120513677597,
            0.011981651186943054,
            0.019974883645772934
        ],
        [
            0.10638799518346786,
            0.0017872825264930725,
            0.021852806210517883
        ],
        [
            0.10808448493480682,
            -0.0014235377311706543,
            0.017120223492383957
        ],
        [
            0.11529551446437836,
            0.008548848330974579,
            0.01607590913772583
        ],
        [
            0.12370181828737259,
            -0.00766812264919281,
            0.002065397799015045
        ],
        [
            0.11384378373622894,
            -0.012332193553447723,
            0.0035165883600711823
        ],
        [
            0.10820397734642029,
            -0.020857665687799454,
            -0.004781588912010193
        ],
        [
            0.11736716330051422,
            -0.01626197248697281,
            -0.009452491998672485
        ],
        [
            0.1341455578804016,
            -0.0024532973766326904,
            -0.0015869773924350739
        ],
        [
            0.1309683918952942,
            -0.011280179023742676,
            -0.011141300201416016
        ],
        [
            0.14281640946865082,
            -0.0034958943724632263,
            -0.014323242008686066
        ],
        [
            0.15520645678043365,
            0.010223552584648132,
            -0.019457709044218063
        ],
        [
            0.09996268153190613,
            0.008895978331565857,
            0.03042110800743103
        ],
        [
            0.10585817694664001,
            0.017279982566833496,
            0.030647914856672287
        ],
        [
            0.16910222172737122,
            0.07944866269826889,
            -0.04824195057153702
        ],
        [
            0.1676659733057022,
            0.0821225643157959,
            -0.04323036968708038
        ],
        [
            0.16473598778247833,
            0.07867104560136795,
            -0.04386744275689125
        ],
        [
            0.1666540801525116,
            0.07716172933578491,
            -0.049182258546352386
        ],
        [
            0.08569221943616867,
            0.023171283304691315,
            0.02855823189020157
        ],
        [
            0.07785407453775406,
            0.024356849491596222,
            0.022263772785663605
        ],
        [
            0.0761449784040451,
            0.018861189484596252,
            0.02677834779024124
        ],
        [
            0.08396963030099869,
            0.01635902374982834,
            0.03142419084906578
        ],
        [
            0.08805391937494278,
            0.032114893198013306,
            0.02473044954240322
        ],
        [
            0.08092998713254929,
            0.03166648745536804,
            0.015914754942059517
        ],
        [
            0.16742996871471405,
            0.08768598735332489,
            -0.05820097401738167
        ],
        [
            0.16951832175254822,
            0.08324813097715378,
            -0.056455887854099274
        ],
        [
            0.16522561013698578,
            0.08164401352405548,
            -0.05816667154431343
        ],
        [
            0.16224698722362518,
            0.0856330469250679,
            -0.05876925587654114
        ],
        [
            0.14205694198608398,
            0.03941955417394638,
            -0.036572735756635666
        ],
        [
            0.13751062750816345,
            0.04026148468255997,
            -0.02893243543803692
        ],
        [
            0.14602574706077576,
            0.05275103077292442,
            -0.04552169516682625
        ],
        [
            0.1417248398065567,
            0.04900489002466202,
            -0.038982365280389786
        ],
        [
            0.1432403326034546,
            0.04470115900039673,
            -0.04427983611822128
        ],
        [
            0.14584340155124664,
            0.04876094311475754,
            -0.049898553639650345
        ],
        [
            0.12949928641319275,
            0.05561660975217819,
            -0.01967630535364151
        ],
        [
            0.1256624162197113,
            0.0459243543446064,
            -0.014334401115775108
        ],
        [
            0.1288050413131714,
            0.04447823017835617,
            -0.02000558376312256
        ],
        [
            0.13436487317085266,
            0.054119717329740524,
            -0.026698190718889236
        ],
        [
            0.12198126316070557,
            0.05084524676203728,
            -0.0014927182346582413
        ],
        [
            0.12563730776309967,
            0.060043781995773315,
            -0.00801759772002697
        ],
        [
            0.12306444346904755,
            0.061808932572603226,
            3.709271550178528e-05
        ],
        [
            0.12181096524000168,
            0.05484206601977348,
            0.0037190914154052734
        ],
        [
            0.13210345804691315,
            0.07365895807743073,
            -0.021952152252197266
        ],
        [
            0.13366630673408508,
            0.0784868374466896,
            -0.025686059147119522
        ],
        [
            0.13374949991703033,
            0.0805702656507492,
            -0.022448264062404633
        ],
        [
            0.13071896135807037,
            0.074729785323143,
            -0.018577037379145622
        ],
        [
            0.07364197075366974,
            0.013247951865196228,
            0.030376717448234558
        ],
        [
            0.08227972686290741,
            0.009478487074375153,
            0.03326200693845749
        ],
        [
            0.09565839171409607,
            0.06842450797557831,
            0.004663437604904175
        ],
        [
            0.09833375364542007,
            0.06574566662311554,
            0.015286670997738838
        ],
        [
            0.10224698483943939,
            0.07869447767734528,
            0.011932643130421638
        ],
        [
            0.09792773425579071,
            0.0782637894153595,
            0.0011169388890266418
        ],
        [
            0.07447955757379532,
            0.02324862778186798,
            0.012449715286493301
        ],
        [
            0.07104566693305969,
            0.01891990751028061,
            0.01805713027715683
        ],
        [
            0.16471631824970245,
            0.09274260699748993,
            -0.05617127940058708
        ],
        [
            0.1592971384525299,
            0.08976780623197556,
            -0.05575606971979141
        ],
        [
            0.13414205610752106,
            -0.006818614900112152,
            -0.025125525891780853
        ],
        [
            0.15144911408424377,
            0.0081787109375,
            -0.02815347909927368
        ],
        [
            0.11874914914369583,
            -0.01410483568906784,
            -0.020789973437786102
        ],
        [
            0.10721974074840546,
            -0.01690058782696724,
            -0.016989514231681824
        ],
        [
            0.09929859638214111,
            -0.021159786731004715,
            -0.013244949281215668
        ],
        [
            0.14078857004642487,
            0.054885223507881165,
            -0.036447979509830475
        ],
        [
            0.13134410977363586,
            0.03956502676010132,
            -0.02211802266538143
        ],
        [
            0.12216971814632416,
            0.036881424486637115,
            -0.006551310420036316
        ],
        [
            0.11708242446184158,
            0.051566801965236664,
            0.020293166860938072
        ],
        [
            0.1143963485956192,
            0.04243487864732742,
            0.024955453351140022
        ],
        [
            0.11971815675497055,
            0.04089247062802315,
            0.015744462609291077
        ],
        [
            0.12041422724723816,
            0.049287401139736176,
            0.013266989961266518
        ],
        [
            0.10628610849380493,
            0.06488233804702759,
            0.021145278587937355
        ],
        [
            0.1141875684261322,
            0.0633268803358078,
            0.019631849601864815
        ],
        [
            0.11582881212234497,
            0.07174263149499893,
            0.016009310260415077
        ],
        [
            0.10878598690032959,
            0.0752953290939331,
            0.017225416377186775
        ],
        [
            0.15224093198776245,
            0.02841828018426895,
            -0.03815283998847008
        ],
        [
            0.1409004032611847,
            0.016805700957775116,
            -0.04146749526262283
        ],
        [
            0.09525290876626968,
            0.02008090168237686,
            0.032010577619075775
        ],
        [
            0.09332789480686188,
            0.012503102421760559,
            0.032492745667696
        ],
        [
            0.08885766565799713,
            0.00533922016620636,
            0.03365953266620636
        ],
        [
            0.11881054192781448,
            0.018240876495838165,
            0.006944973021745682
        ],
        [
            0.11556142568588257,
            0.006062909960746765,
            0.013379447162151337
        ],
        [
            0.11768671125173569,
            0.004193052649497986,
            0.009854704141616821
        ],
        [
            0.11871398985385895,
            0.016879666596651077,
            0.0034413188695907593
        ],
        [
            0.12768997251987457,
            0.018279612064361572,
            -0.005898531526327133
        ],
        [
            0.12925216555595398,
            0.007459811866283417,
            0.0013407617807388306
        ],
        [
            0.13606353104114532,
            0.024617135524749756,
            -0.008115578442811966
        ],
        [
            0.10981375724077225,
            -0.007191114127635956,
            0.011418387293815613
        ],
        [
            0.10320348292589188,
            -0.010044857859611511,
            0.01992061361670494
        ],
        [
            0.1049482524394989,
            -0.015122950077056885,
            0.012785952538251877
        ],
        [
            0.098991259932518,
            -0.004458189010620117,
            0.02680845558643341
        ],
        [
            0.09415431320667267,
            0.0010081827640533447,
            0.03193601965904236
        ],
        [
            0.06514085829257965,
            0.014108486473560333,
            0.021961241960525513
        ],
        [
            0.105814129114151,
            -0.01867840439081192,
            0.0053266361355781555
        ],
        [
            0.15784397721290588,
            0.027846679091453552,
            -0.012208865955471992
        ],
        [
            0.16343636810779572,
            0.03292186185717583,
            -0.0168592669069767
        ],
        [
            0.15779519081115723,
            0.03716722130775452,
            -0.01679166965186596
        ],
        [
            0.1523158848285675,
            0.03304344043135643,
            -0.013555001467466354
        ],
        [
            0.13941320776939392,
            0.05194796994328499,
            -0.06051413342356682
        ],
        [
            0.1446150541305542,
            0.04921795055270195,
            -0.0554870069026947
        ],
        [
            0.1421523541212082,
            0.04215793311595917,
            -0.0503433533012867
        ],
        [
            0.11739988625049591,
            0.023480191826820374,
            0.01975221186876297
        ],
        [
            0.10962098836898804,
            0.027360811829566956,
            0.02893528714776039
        ],
        [
            0.14474941790103912,
            0.05844034627079964,
            -0.04277569428086281
        ],
        [
            0.1577213555574417,
            0.08340021222829819,
            -0.059794582426548004
        ],
        [
            0.1614151895046234,
            0.07892817258834839,
            -0.05910592898726463
        ],
        [
            0.14939633011817932,
            0.06402750313282013,
            -0.0612085796892643
        ],
        [
            0.14515885710716248,
            0.06947709619998932,
            -0.062416113913059235
        ],
        [
            0.14253604412078857,
            0.06835027784109116,
            -0.04383592680096626
        ],
        [
            0.14564651250839233,
            0.06178826466202736,
            -0.04322425276041031
        ],
        [
            0.1457817703485489,
            0.06423462182283401,
            -0.04299476742744446
        ],
        [
            0.14359989762306213,
            0.07034576684236526,
            -0.04145964980125427
        ],
        [
            0.13019084930419922,
            0.0810343474149704,
            -0.013813363388180733
        ],
        [
            0.12768349051475525,
            0.07565824687480927,
            -0.010372337885200977
        ],
        [
            0.12132386863231659,
            0.06764783710241318,
            -0.050083354115486145
        ],
        [
            0.12320181727409363,
            0.05970999598503113,
            -0.06066847965121269
        ],
        [
            0.11881467700004578,
            0.049066007137298584,
            -0.05484798550605774
        ],
        [
            0.12671245634555817,
            0.05747499316930771,
            -0.012960115447640419
        ],
        [
            0.12989437580108643,
            0.06651055812835693,
            -0.017094997689127922
        ],
        [
            0.1283513307571411,
            0.06795985996723175,
            -0.013459846377372742
        ],
        [
            0.14027254283428192,
            0.05964639410376549,
            -0.03597163408994675
        ],
        [
            0.14240142703056335,
            0.06378059089183807,
            -0.040532827377319336
        ],
        [
            0.13967463374137878,
            0.06539803743362427,
            -0.03681207075715065
        ],
        [
            0.13739129900932312,
            0.06113790348172188,
            -0.03148026764392853
        ],
        [
            0.09355641901493073,
            0.05370321124792099,
            0.018815724179148674
        ],
        [
            0.10284440219402313,
            0.053007662296295166,
            0.025959793478250504
        ],
        [
            0.16997678577899933,
            0.08003773540258408,
            -0.05300232023000717
        ],
        [
            0.16675084829330444,
            0.07830861955881119,
            -0.054491009563207626
        ],
        [
            0.12304028123617172,
            0.04790707305073738,
            -0.00785171240568161
        ],
        [
            0.11444446444511414,
            0.037160228937864304,
            -0.046663470566272736
        ],
        [
            0.12050920724868774,
            0.038686469197273254,
            -0.0015779249370098114
        ],
        [
            0.10990718752145767,
            0.08397790044546127,
            -0.013009462505578995
        ],
        [
            0.11575440317392349,
            0.08521115779876709,
            -0.007622835226356983
        ],
        [
            0.12017513811588287,
            0.08864623308181763,
            -0.009905349463224411
        ],
        [
            0.11654975265264511,
            0.08999277651309967,
            -0.014710997231304646
        ],
        [
            0.15362682938575745,
            0.08284161984920502,
            -0.040407732129096985
        ],
        [
            0.15783295035362244,
            0.07886619865894318,
            -0.04011974483728409
        ],
        [
            0.16154107451438904,
            0.08264093101024628,
            -0.040144070982933044
        ],
        [
            0.15818990767002106,
            0.08748842775821686,
            -0.04059179499745369
        ],
        [
            0.14802159368991852,
            0.05729813873767853,
            -0.04625508561730385
        ],
        [
            0.14908811450004578,
            0.05389769375324249,
            -0.051417574286460876
        ],
        [
            0.15201616287231445,
            0.059029895812273026,
            -0.05054350197315216
        ],
        [
            0.1493447721004486,
            0.06169688701629639,
            -0.04584328085184097
        ],
        [
            0.1478874832391739,
            0.055034104734659195,
            -0.05715485289692879
        ],
        [
            0.15164148807525635,
            0.060090307146310806,
            -0.05674247071146965
        ],
        [
            0.15069688856601715,
            0.0869198814034462,
            -0.04457663744688034
        ],
        [
            0.15069714188575745,
            0.08883076161146164,
            -0.051833219826221466
        ],
        [
            0.13813604414463043,
            0.07696650177240372,
            -0.05308163911104202
        ],
        [
            0.1410432904958725,
            0.07628462463617325,
            -0.045538146048784256
        ],
        [
            0.08607999980449677,
            0.03836664929986,
            -0.006503058597445488
        ],
        [
            0.08477000892162323,
            0.04146742448210716,
            0.004172910004854202
        ],
        [
            0.09148907661437988,
            0.05434766039252281,
            -0.00020200945436954498
        ],
        [
            0.09684103727340698,
            0.06773676723241806,
            -0.004555929452180862
        ],
        [
            0.10299897193908691,
            0.07953256368637085,
            -0.009288845583796501
        ],
        [
            0.10314621776342392,
            0.07684072107076645,
            -0.021247703582048416
        ],
        [
            0.09061023592948914,
            0.055048082023859024,
            0.00799303688108921
        ],
        [
            0.13479608297348022,
            0.07226696610450745,
            -0.04661998897790909
        ],
        [
            0.1301766335964203,
            0.06985850632190704,
            -0.05352511629462242
        ],
        [
            0.12863966822624207,
            0.07194263488054276,
            -0.049316734075546265
        ],
        [
            0.12004541605710983,
            0.04160400852560997,
            0.005317389965057373
        ],
        [
            0.16368044912815094,
            0.07541002333164215,
            -0.0556376613676548
        ],
        [
            0.08587212860584259,
            -0.004237435758113861,
            -0.018972989171743393
        ],
        [
            0.07759587466716766,
            0.004230163991451263,
            -0.011836692690849304
        ],
        [
            0.08300790190696716,
            0.009421274065971375,
            -0.016564439982175827
        ],
        [
            0.09344267845153809,
            -0.0001400485634803772,
            -0.024249888956546783
        ],
        [
            0.16196613013744354,
            0.07485493272542953,
            -0.043921053409576416
        ],
        [
            0.1643792986869812,
            0.07336843758821487,
            -0.0495823435485363
        ],
        [
            0.12618856132030487,
            0.07925064861774445,
            -0.004839308559894562
        ],
        [
            0.1282615065574646,
            0.0837210863828659,
            -0.009062220342457294
        ],
        [
            0.12624645233154297,
            0.08677100390195847,
            -0.008029189892113209
        ],
        [
            0.12556259334087372,
            0.08415019512176514,
            -0.0019661569967865944
        ],
        [
            0.08436992764472961,
            0.04151703417301178,
            0.010177230462431908
        ],
        [
            0.10814894735813141,
            0.08610144257545471,
            0.009446419775485992
        ],
        [
            0.10320989042520523,
            0.08534035086631775,
            0.00013151485472917557
        ],
        [
            0.07893431186676025,
            0.03015526384115219,
            0.007556349039077759
        ],
        [
            0.07943736016750336,
            0.027502454817295074,
            -0.001889316365122795
        ],
        [
            0.0745031088590622,
            0.01996571570634842,
            0.00194530189037323
        ],
        [
            0.11213598400354385,
            0.07724370062351227,
            -0.03373982384800911
        ],
        [
            0.08877857029438019,
            0.037495777010917664,
            -0.01477077603340149
        ],
        [
            0.08207229524850845,
            0.025898601859807968,
            -0.008962543681263924
        ],
        [
            0.07630337029695511,
            0.016806453466415405,
            -0.004701610654592514
        ],
        [
            0.07146843522787094,
            0.010840535163879395,
            -0.0013491250574588776
        ],
        [
            0.07010369002819061,
            0.014868661761283875,
            0.005651101469993591
        ],
        [
            0.1538621187210083,
            0.08713304996490479,
            -0.05641168728470802
        ],
        [
            0.1563284993171692,
            0.09312903881072998,
            -0.05092025175690651
        ],
        [
            0.06361309438943863,
            0.009672850370407104,
            0.009432870894670486
        ],
        [
            0.06599441915750504,
            0.005123235285282135,
            0.0016525685787200928
        ],
        [
            0.08583515137434006,
            0.02277442067861557,
            -0.01685081049799919
        ],
        [
            0.09208443760871887,
            0.018191076815128326,
            -0.02587955817580223
        ],
        [
            0.09238392114639282,
            0.0340852290391922,
            -0.02204381674528122
        ],
        [
            0.09864328801631927,
            0.030684489756822586,
            -0.031417716294527054
        ],
        [
            0.11028654873371124,
            0.07243160903453827,
            -0.04347531870007515
        ],
        [
            0.17274250090122223,
            0.10088999569416046,
            -0.045062389224767685
        ],
        [
            0.16159051656723022,
            0.09612531960010529,
            -0.045490290969610214
        ],
        [
            0.16255560517311096,
            0.09211117029190063,
            -0.041338540613651276
        ],
        [
            0.17173367738723755,
            0.09913090616464615,
            -0.04096786305308342
        ],
        [
            0.15604567527770996,
            0.0915011316537857,
            -0.044466450810432434
        ],
        [
            0.16195745766162872,
            0.09612390398979187,
            -0.051305823028087616
        ],
        [
            0.1095774844288826,
            0.023771271109580994,
            -0.03988044708967209
        ],
        [
            0.1411026567220688,
            0.07001081854104996,
            -0.040770769119262695
        ],
        [
            0.1066402941942215,
            0.008125808089971542,
            -0.03369026258587837
        ],
        [
            0.12475685775279999,
            0.021862518042325974,
            -0.04710554704070091
        ],
        [
            0.12524926662445068,
            0.010160405188798904,
            -0.04127616435289383
        ],
        [
            0.1056288331747055,
            -0.008586261421442032,
            -0.02686275914311409
        ],
        [
            0.12249410152435303,
            -0.0038765855133533478,
            -0.03356261923909187
        ],
        [
            0.08989360928535461,
            -0.016010507941246033,
            -0.01681717112660408
        ],
        [
            0.09638823568820953,
            -0.011140696704387665,
            -0.021598897874355316
        ],
        [
            0.13889166712760925,
            0.00484098494052887,
            -0.03617526963353157
        ],
        [
            0.17633917927742004,
