{
    "pred_cam": [
        3.882317066192627,
        0.012971185147762299,
        -0.0010436978191137314
    ],
    "pred_mano_params": {
        "global_orient": [
            [
                [
                    0.8638611435890198,
                    0.5034416913986206,
                    0.017042269930243492
                ],
                [
                    0.48091694712638855,
                    -0.8142001628875732,
                    -0.32526448369026184
                ],
                [
                    -0.14987584948539734,
                    0.289179265499115,
                    -0.9454694986343384
                ]
            ]
        ],
        "hand_pose": [
            [
                [
                    0.7441149950027466,
                    -0.6229003667831421,
                    -0.24142934381961823
                ],
                [
                    0.6420174837112427,
                    0.766689658164978,
                    0.0006774655194021761
                ],
                [
                    0.18467940390110016,
                    -0.1555059850215912,
                    0.9704182147979736
                ]
            ],
            [
                [
                    0.9728679060935974,
                    -0.19902394711971283,
                    -0.11797245591878891
                ],
                [
                    0.1508799046278,
                    0.9323285222053528,
                    -0.3286316692829132
                ],
                [
                    0.175394669175148,
                    0.30191555619239807,
                    0.9370611906051636
                ]
            ],
            [
                [
                    0.9792808890342712,
                    0.1553400754928589,
                    0.12991684675216675
                ],
                [
                    -0.15669173002243042,
                    0.9876475930213928,
                    0.0001844591024564579
                ],
                [
                    -0.12828339636325836,
                    -0.02053753100335598,
                    0.9915249347686768
                ]
            ],
            [
                [
                    0.7039364576339722,
                    -0.6643720269203186,
                    0.2511637210845947
                ],
                [
                    0.7021018862724304,
                    0.7043408155441284,
                    -0.10467562824487686
                ],
                [
                    -0.10736130177974701,
                    0.25002750754356384,
                    0.962268054485321
                ]
            ],
            [
                [
                    0.9806892275810242,
                    0.04989764094352722,
                    -0.18909989297389984
                ],
                [
                    0.008151852525770664,
                    0.9556354284286499,
                    0.2944393754005432
                ],
                [
                    0.19540239870548248,
                    -0.2902950644493103,
                    0.9367746114730835
                ]
            ],
            [
                [
                    0.9244327545166016,
                    -0.11730622500181198,
                    0.362854540348053
                ],
                [
                    0.12069837003946304,
                    0.9925988912582397,
                    0.013395299203693867
                ],
                [
                    -0.3617403507232666,
                    0.03141288086771965,
                    0.9317495822906494
                ]
            ],
            [
                [
                    0.6989988684654236,
                    -0.36618542671203613,
                    0.6142546534538269
                ],
                [
                    0.4421096444129944,
                    0.8964150547981262,
                    0.03128991276025772
                ],
                [
                    -0.5620850324630737,
                    0.2496962994337082,
                    0.7884871959686279
                ]
            ],
            [
                [
                    0.9861055016517639,
                    0.025427144020795822,
                    -0.1641630381345749
                ],
                [
                    -0.009876376949250698,
                    0.9954418540000916,
                    0.09485724568367004
                ],
                [
                    0.1658267080783844,
                    -0.09191790223121643,
                    0.9818618297576904
                ]
            ],
            [
                [
                    0.944141149520874,
                    -0.009733006358146667,
                    0.3293977379798889
                ],
                [
                    -0.10212525725364685,
                    0.9417124390602112,
                    0.3205435574054718
                ],
                [
                    -0.31331777572631836,
                    -0.33627814054489136,
                    0.8881154656410217
                ]
            ],
            [
                [
                    0.8062089085578918,
                    -0.49430423974990845,
                    0.3251008987426758
                ],
                [
                    0.5253565311431885,
                    0.8508329391479492,
                    -0.009156479500234127
                ],
                [
                    -0.2720804512500763,
                    0.1781759113073349,
                    0.9456350803375244
                ]
            ],
            [
                [
                    0.9725657105445862,
                    0.012861987575888634,
                    -0.2322724312543869
                ],
                [
                    0.05054480582475662,
                    0.9629331827163696,
                    0.26496201753616333
                ],
                [
                    0.22707076370716095,
                    -0.2694331705570221,
                    0.9358657002449036
                ]
            ],
            [
                [
                    0.7810344696044922,
                    -0.44380271434783936,
                    0.4393453896045685
                ],
                [
                    0.24959678947925568,
                    0.8667382001876831,
                    0.43181756138801575
                ],
                [
                    -0.5724391937255859,
                    -0.2276051640510559,
                    0.7877241373062134
                ]
            ],
            [
                [
                    0.9348992109298706,
                    -0.16720890998840332,
                    -0.3130568861961365
                ],
                [
                    -0.22331200540065765,
                    0.40844351053237915,
                    -0.8850455284118652
                ],
                [
                    0.27585357427597046,
                    0.8973377346992493,
                    0.34451374411582947
                ]
            ],
            [
                [
                    0.8125145435333252,
                    -0.5547443628311157,
                    0.17910552024841309
                ],
                [
                    0.3787795603275299,
                    0.7359590530395508,
                    0.561150848865509
                ],
                [
                    -0.44310957193374634,
                    -0.3881016969680786,
                    0.8081032633781433
                ]
            ],
            [
                [
                    0.9917526245117188,
                    0.07608605921268463,
                    -0.10313878953456879
                ],
                [
                    -0.12034091353416443,
                    0.8296931982040405,
                    -0.5450937747955322
                ],
                [
                    0.04409950226545334,
                    0.5530100464820862,
                    0.8320066928863525
                ]
            ]
        ],
        "betas": [
            0.10547025501728058,
            0.14668188989162445,
            -0.10705168545246124,
            0.016711682081222534,
            0.01355782151222229,
            -0.17514437437057495,
            -0.18576017022132874,
            0.03965400159358978,
            0.05069607496261597,
            0.008869856595993042
        ]
    },
    "pred_cam_t": [
        0.012971185147762299,
        -0.0010436978191137314,
        10.061646461486816
    ],
    "focal_length": [
        5000.0,
        5000.0
    ],
    "pred_keypoints_3d": [
        [
            0.09516400098800659,
            0.006354708690196276,
            0.006113924086093903
        ],
        [
            0.0670001283288002,
            -0.0008851117454469204,
            -0.01896951161324978
        ],
        [
            0.03647955507040024,
            -0.0012971977703273296,
            -0.02300865948200226
        ],
        [
            0.01065048761665821,
            0.005761666689068079,
            -0.02688313089311123
        ],
        [
            -0.022271068766713142,
            0.020059535279870033,
            -0.030119484290480614
        ],
        [
            0.01721830666065216,
            -0.03830461576581001,
            -0.001771809533238411
        ],
        [
            -0.015390101820230484,
            -0.03543544560670853,
            0.0014866972342133522
        ],
        [
            -0.03445518761873245,
            -0.02485501393675804,
            0.005395795684307814
        ],
        [
            -0.05889742448925972,
            -0.019234497100114822,
            0.008178317919373512
        ],
        [
            0.013133503496646881,
            -0.03665248677134514,
            0.0228663869202137
        ],
        [
            -0.01807594858109951,
            -0.03175363317131996,
            0.0222920048981905
        ],
        [
            -0.03977559506893158,
            -0.02419385313987732,
            0.025386245921254158
        ],
        [
            -0.064800925552845,
            -0.02101493999361992,
            0.020281929522752762
        ],
        [
            0.022640958428382874,
            -0.020844584330916405,
            0.04209113493561745
        ],
        [
            -0.005691664293408394,
            -0.023463832214474678,
            0.039198052138090134
        ],
        [
            -0.029346290975809097,
            -0.017991207540035248,
            0.04377029091119766
        ],
        [
            -0.05153962969779968,
            -0.014541544020175934,
            0.03382240608334541
        ],
        [
            0.030415765941143036,
            -0.004467462655156851,
            0.05397861823439598
        ],
        [
            0.009595416486263275,
            -0.007388557773083448,
            0.05495544523000717
        ],
        [
            -0.009099937975406647,
            -0.008273016661405563,
            0.057655103504657745
        ],
        [
            -0.02892504818737507,
            -0.011292556300759315,
            0.05292690917849541
        ]
    ],
    "pred_vertices": [
        [
            0.04495222866535187,
            -0.009166643023490906,
            -0.005817570723593235
        ],
        [
            0.054324761033058167,
            -0.0027493685483932495,
            -0.00634193979203701
        ],
        [
            0.04625216871500015,
            -0.0036864429712295532,
            -0.008902957662940025
        ],
        [
            0.03855830803513527,
            -0.011115513741970062,
            -0.010673567652702332
        ],
        [
            0.05556643381714821,
            0.014553423970937729,
            -0.014072203077375889
        ],
        [
            0.05934677645564079,
            0.01651725545525551,
            -0.02536751702427864
        ],
        [
            0.04306705296039581,
            0.013394337147474289,
            -0.025549981743097305
        ],
        [
            0.042498089373111725,
            0.01338883489370346,
            -0.015157276764512062
        ],
        [
            0.03315294161438942,
            -0.013716811314225197,
            -0.013383518904447556
        ],
        [
            0.03861460089683533,
            -0.004026208072900772,
            -0.010792012326419353
        ],
        [
            0.03139533847570419,
            -0.015524441376328468,
            -0.014182529412209988
        ],
        [
            0.031331274658441544,
            -0.03039252758026123,
            -0.0161226037889719
        ],
        [
            0.029743418097496033,
            -0.024195125326514244,
            -0.014811288565397263
        ],
        [
            0.02820867858827114,
            -0.0379522331058979,
            -0.014152133837342262
        ],
        [
            0.04059672728180885,
            -0.03509583696722984,
            -0.01643296517431736
        ],
        [
            0.03249237313866615,
            -0.04440680518746376,
            -0.008956322446465492
        ],
        [
            0.05602635443210602,
            -0.03648677095770836,
            0.00716922152787447
        ],
        [
            0.05946195125579834,
            -0.031052909791469574,
            0.019291386008262634
        ],
        [
            0.04456714168190956,
            -0.038153208792209625,
            0.023663321509957314
        ],
        [
            0.042026810348033905,
            -0.042334191501140594,
            0.010861678048968315
        ],
        [
            0.05176883935928345,
            -0.023937255144119263,
            0.03722858801484108
        ],
        [
            0.04719182103872299,
            -0.032117072492837906,
            0.030094489455223083
        ],
        [
            0.06253643333911896,
            -0.026249758899211884,
            0.02616046369075775
        ],
        [
            0.06581437587738037,
            -0.01919516548514366,
            0.03275217488408089
        ],
        [
            0.05293124169111252,
            -0.0028531737625598907,
            0.005515353754162788
        ],
        [
            0.06199883297085762,
            0.0031516961753368378,
            0.00394738744944334
        ],
        [
            0.060418061912059784,
            -0.00021686777472496033,
            -0.0004383176565170288
        ],
        [
            0.0512060672044754,
            -0.005410622805356979,
            0.0009512072429060936
        ],
        [
            0.027489781379699707,
            -0.0110138189047575,
            -0.021968862041831017
        ],
        [
            0.04016675800085068,
            -0.02039998769760132,
            -0.024102812632918358
        ],
        [
            0.03504714369773865,
            -0.020538464188575745,
            -0.0186909269541502
        ],
        [
            0.02585395611822605,
            -0.007843391969799995,
            -0.017767284065485
        ],
        [
            0.08034955710172653,
            0.025163710117340088,
            0.00642586313188076
        ],
        [
            0.09356576949357986,
            0.0253518745303154,
            0.004240864887833595
        ],
        [
            0.09336769580841064,
            0.022739823907613754,
            -0.0010066907852888107
        ],
        [
            0.08158475905656815,
            0.02271828055381775,
            0.0021654609590768814
        ],
        [
            0.08235599845647812,
            0.017894789576530457,
            -0.02013646997511387
        ],
        [
            0.09306540340185165,
            0.015999656170606613,
            -0.017862781882286072
        ],
        [
            0.10094702988862991,
            0.00815262645483017,
            -0.02484767697751522
        ],
        [
            0.09015137702226639,
            0.00699562206864357,
            -0.028093246743083
        ],
        [
            0.0704474076628685,
            0.017818287014961243,
            -0.02315501682460308
        ],
        [
            0.076543428003788,
            0.01006970927119255,
            -0.03197447955608368
        ],
        [
            0.06246751546859741,
            0.010061785578727722,
            -0.033825088292360306
        ],
        [
            0.04405292123556137,
            0.00846840813755989,
            -0.03317176178097725
        ],
        [
            0.09557179361581802,
            0.0284604262560606,
            0.01640448532998562
        ],
        [
            0.08603810518980026,
            0.029297184199094772,
            0.019571369513869286
        ],
        [
            -0.019263800233602524,
            -0.026744889095425606,
            -0.006413561291992664
        ],
        [
            -0.018315277993679047,
            -0.023625727742910385,
            -0.0014972910284996033
        ],
        [
            -0.012443745508790016,
            -0.024765310809016228,
            -0.0032577302772551775
        ],
        [
            -0.014362044632434845,
            -0.02794788032770157,
            -0.007586727850139141
        ],
        [
            0.09676803648471832,
            0.01773197203874588,
            0.03316638618707657
        ],
        [
            0.10053884238004684,
            0.008669057860970497,
            0.03536175936460495
        ],
        [
            0.10617178678512573,
            0.013043219223618507,
            0.034201934933662415
        ],
        [
            0.10290899127721786,
            0.02095123939216137,
            0.030393432825803757
        ],
        [
            0.08852890878915787,
            0.013483721762895584,
            0.036619096994400024
        ],
        [
            0.09233418107032776,
            0.0028966329991817474,
            0.036284103989601135
        ],
        [
            -0.02202477864921093,
            -0.03849245607852936,
            -0.003289187327027321
        ],
        [
            -0.022026069462299347,
            -0.03504159674048424,
            -0.007036727853119373
        ],
        [
            -0.017084170132875443,
            -0.03769249469041824,
            -0.007464582100510597
        ],
        [
            -0.016367970034480095,
            -0.041094377636909485,
            -0.003154532518237829
        ],
        [
            0.03171319141983986,
            -0.018507802858948708,
            -0.011549999937415123
        ],
        [
            0.036113061010837555,
            -0.013871466740965843,
            -0.005318343639373779
        ],
        [
            0.018580134958028793,
            -0.02727385237812996,
            -0.0075925118289887905
        ],
        [
            0.025353997945785522,
            -0.022517312318086624,
            -0.005292276851832867
        ],
        [
            0.026013635098934174,
            -0.02570151723921299,
            -0.011453427374362946
        ],
        [
            0.020648611709475517,
            -0.030475962907075882,
            -0.012221560813486576
        ],
        [
            0.03407224640250206,
            -0.012255452573299408,
            0.013995344750583172
        ],
        [
            0.044170279055833817,
            -0.007249800488352776,
            0.011135210283100605
        ],
        [
            0.04166397079825401,
            -0.010613624006509781,
            0.006037436425685883
        ],
        [
            0.03001798316836357,
            -0.016018081456422806,
            0.007402353920042515
        ],
        [
            0.0462789349257946,
            0.0014028418809175491,
            0.022080667316913605
        ],
        [
            0.036364369094371796,
            -0.004593202844262123,
            0.024152275174856186
        ],
        [
            0.03861731290817261,
            0.0010040458291769028,
            0.030214594677090645
        ],
        [
            0.044867850840091705,
            0.005043301731348038,
            0.02733416110277176
        ],
        [
            0.02002919465303421,
            -0.017205573618412018,
            0.026047728955745697
        ],
        [
            0.014445405453443527,
            -0.021595722064375877,
            0.02855490893125534
        ],
        [
            0.014964072965085506,
            -0.01925145462155342,
            0.029681405052542686
        ],
        [
            0.021207589656114578,
            -0.015002523548901081,
            0.028559740632772446
        ],
        [
            0.1122681125998497,
            0.016315441578626633,
            0.03293648734688759
        ],
        [
            0.10883631557226181,
            0.023280486464500427,
            0.02701224386692047
        ],
        [
            0.05622262507677078,
            -0.007707931101322174,
            0.050258345901966095
        ],
        [
            0.05783139169216156,
            0.003154221922159195,
            0.051692571491003036
        ],
        [
            0.04656825214624405,
            -0.000851484015583992,
            0.0578802265226841
        ],
        [
            0.047948144376277924,
            -0.011512680910527706,
            0.05463990196585655
        ],
        [
            0.10175646096467972,
            -0.0010757744312286377,
            0.032049085944890976
        ],
        [
            0.10816030949354172,
            0.0032644011080265045,
            0.03308967500925064
        ],
        [
            -0.02124839276075363,
            -0.03928598761558533,
            0.0028397119604051113
        ],
        [
            -0.015605280175805092,
            -0.04123714938759804,
            0.002862286288291216
        ],
        [
            0.06861289590597153,
            -0.0021605752408504486,
            -0.03638046979904175
        ],
        [
            0.04603297635912895,
            -0.0005758404731750488,
            -0.03695685416460037
        ],
        [
            0.08543514460325241,
            -0.002768952399492264,
            -0.03202901408076286
        ],
        [
            0.09658294916152954,
            -0.003652915358543396,
            -0.026700925081968307
        ],
        [
            0.1059979721903801,
            -0.0029290206730365753,
            -0.024258267134428024
        ],
        [
            0.02274584397673607,
            -0.021855797618627548,
            0.0006344113498926163
        ],
        [
            0.04250112175941467,
            -0.010394196957349777,
            0.0002275453880429268
        ],
        [
            0.054072555154561996,
            -7.504597306251526e-05,
            0.009652766399085522
        ],
        [
            0.05385854095220566,
            0.01809992454946041,
            0.03437673673033714
        ],
        [
            0.06269607692956924,
            0.02286161668598652,
            0.031016269698739052
        ],
        [
            0.05785960704088211,
            0.017423847690224648,
            0.023342255502939224
        ],
        [
            0.051437586545944214,
            0.013859815895557404,
            0.028078388422727585
        ],
        [
            0.053544919937849045,
            0.011696688830852509,
            0.04970788583159447
        ],
        [
            0.048204317688941956,
            0.013927225023508072,
            0.04408545047044754
        ],
        [
            0.04054085910320282,
            0.009628945961594582,
            0.04811854660511017
        ],
        [
            0.04430384933948517,
            0.007118331268429756,
            0.054572585970163345
        ],
        [
            0.028619660064578056,
            -0.0107747633010149,
            -0.029399417340755463
        ],
        [
            0.044433869421482086,
            -0.018426356837153435,
            -0.029813073575496674
        ],
        [
            0.09237727522850037,
            0.025430774316191673,
            0.02756744809448719
        ],
        [
            0.09863082319498062,
            0.02666003815829754,
            0.023279989138245583
        ],
        [
            0.10665851086378098,
            0.027337925508618355,
            0.020830053836107254
        ],
        [
            0.07109178602695465,
            0.014265816658735275,
            0.0035399533808231354
        ],
        [
            0.08240625262260437,
            0.021135281771421432,
            -0.0009588431566953659
        ],
        [
            0.0812145471572876,
            0.01950569823384285,
            -0.004947078414261341
        ],
        [
            0.07129434496164322,
            0.011591214686632156,
            0.0010650139302015305
        ],
        [
            0.061790965497493744,
            0.006544087082147598,
            -0.006500858813524246
        ],
        [
            0.068601094186306,
            0.01613374426960945,
            -0.012086842209100723
        ],
        [
            0.0512017086148262,
            0.006222736090421677,
            -0.006997385062277317
        ],
        [
            0.09452810883522034,
            0.019923895597457886,
            -0.00861317291855812
        ],
        [
            0.10297790169715881,
            0.02497764304280281,
            -0.0036605075001716614
        ],
        [
            0.1034230962395668,
            0.020696215331554413,
            -0.011368723586201668
        ],
        [
            0.10397817194461823,
            0.027894873172044754,
            0.005548415705561638
        ],
        [
            0.10512565076351166,
            0.029061026871204376,
            0.014233555644750595
        ],
        [
            0.11630750447511673,
            0.005191953852772713,
            0.03426065295934677
        ],
        [
            0.10349423438310623,
            0.015371773391962051,
            -0.01763649843633175
        ],
        [
            0.03380691632628441,
            0.011970777064561844,
            -0.01786627247929573
        ],
        [
            0.025982331484556198,
            0.012359632179141045,
            -0.021618669852614403
        ],
        [
            0.025019563734531403,
            0.007177580147981644,
            -0.015657730400562286
        ],
        [
            0.033213354647159576,
            0.0062246304005384445,
            -0.01152467355132103
        ],
        [
            0.02165311947464943,
            -0.04322349280118942,
            -0.011141103692352772
        ],
        [
            0.02041400596499443,
            -0.0361471064388752,
            -0.013707637786865234
        ],
        [
            0.027169300243258476,
            -0.03101375512778759,
            -0.015431990846991539
        ],
        [
            0.07143815606832504,
            0.023459410294890404,
            0.013532660901546478
        ],
        [
            0.07658014446496964,
            0.027304507791996002,
            0.02419310063123703
        ],
        [
            0.016000837087631226,
            -0.026503611356019974,
            -0.0018074954859912395
        ],
        [
            -0.011195577681064606,
            -0.04359361529350281,
            -0.0022465228103101254
        ],
        [
            -0.011348278261721134,
            -0.040468309074640274,
            -0.007393149193376303
        ],
        [
            0.007174176629632711,
            -0.0435909777879715,
            -0.00936252810060978
        ],
        [
            0.006216776557266712,
            -0.047123271971940994,
            -0.0035590645857155323
        ],
        [
            0.010505462996661663,
            -0.029924288392066956,
            0.005320849362760782
        ],
        [
            0.012480487115681171,
            -0.027450643479824066,
            -0.0010718076955527067
        ],
        [
            0.010493198409676552,
            -0.027794521301984787,
            7.716729305684566e-05
        ],
        [
            0.00772407092154026,
            -0.0283321812748909,
            0.006008838769048452
        ],
        [
            0.018659092485904694,
            -0.013091158121824265,
            0.03541240096092224
        ],
        [
            0.024265985935926437,
            -0.009379405528306961,
            0.03454630821943283
        ],
        [
            0.026629172265529633,
            -0.044017333537340164,
            0.01411502342671156
        ],
        [
            0.028200749307870865,
            -0.05101047828793526,
            0.0029990109615027905
        ],
        [
            0.03908712416887283,
            -0.045940645039081573,
            -0.00034375861287117004
        ],
        [
            0.03629164770245552,
            -0.007969172671437263,
            0.01964690163731575
        ],
        [
            0.027306217700242996,
            -0.012119140475988388,
            0.023040886968374252
        ],
        [
            0.0281868577003479,
            -0.009880496188998222,
            0.026460498571395874
        ],
        [
            0.020173553377389908,
            -0.022663842886686325,
            0.004590993747115135
        ],
        [
            0.01470286212861538,
            -0.02638036385178566,
            0.0044648302718997
        ],
        [
            0.01704830676317215,
            -0.02461748942732811,
            0.009214850142598152
        ],
        [
            0.022393284365534782,
            -0.020366139709949493,
            0.009069709107279778
        ],
        [
            0.06964617967605591,
            0.0064754486083984375,
            0.04684152454137802
        ],
        [
            0.064658023416996,
            0.016716601327061653,
            0.0448448620736599
        ],
        [
            -0.02081022411584854,
            -0.03081240877509117,
            -0.008254648186266422
        ],
        [
            -0.015857208520174026,
            -0.032848820090293884,
            -0.009093374945223331
        ],
        [
            0.04613792151212692,
            -0.00311245396733284,
            0.01670541614294052
        ],
        [
            0.051430974155664444,
            -0.038327254354953766,
            -0.003353552659973502
        ],
        [
            0.05512198805809021,
            0.0031776167452335358,
            0.013927874155342579
        ],
        [
            0.03239612281322479,
            -0.020743098109960556,
            0.0476544052362442
        ],
        [
            0.028381384909152985,
            -0.014664705842733383,
            0.04825600981712341
        ],
        [
            0.021767158061265945,
            -0.016320277005434036,
            0.04730406031012535
        ],
        [
            0.023155633360147476,
            -0.0221546683460474,
            0.04787149280309677
        ],
        [
            -0.006854001432657242,
            -0.027426104992628098,
            0.008016513660550117
        ],
        [
            -0.007357191294431686,
            -0.02488524094223976,
            0.0027302526868879795
        ],
        [
            -0.01151031069457531,
            -0.02368832565844059,
            0.0027813464403152466
        ],
        [
            -0.011224213987588882,
            -0.02633713185787201,
            0.007805926725268364
        ],
        [
            0.013752817176282406,
            -0.028568483889102936,
            -0.006711004301905632
        ],
        [
            0.014877588488161564,
            -0.03213948756456375,
            -0.01156502217054367
        ],
        [
            0.009442846290767193,
            -0.031837720423936844,
            -0.010194591246545315
        ],
        [
            0.009666206315159798,
            -0.028848957270383835,
            -0.004946574568748474
        ],
        [
            0.014434490352869034,
            -0.038209885358810425,
            -0.012598146684467793
        ],
        [
            0.008631289005279541,
            -0.03793191537261009,
            -0.011693377047777176
        ],
        [
            -0.00733573641628027,
            -0.033303722739219666,
            0.010732775554060936
        ],
        [
            -0.008814834989607334,
            -0.04046281427145004,
            0.00894870050251484
        ],
        [
            0.006387931760400534,
            -0.04237601161003113,
            0.009306087158620358
        ],
        [
            0.00508534349501133,
            -0.03421947732567787,
            0.009847041219472885
        ],
        [
            0.07984140515327454,
            -0.015615028329193592,
            0.02902665175497532
        ],
        [
            0.08099207282066345,
            -0.007560350000858307,
            0.03644435107707977
        ],
        [
            0.0670895203948021,
            -0.010965147987008095,
            0.04042457416653633
        ],
        [
            0.054036304354667664,
            -0.014937777072191238,
            0.04542331397533417
        ],
        [
            0.04111383855342865,
            -0.01859760470688343,
            0.04893697425723076
        ],
        [
            0.0404190756380558,
            -0.02843187004327774,
            0.041979026049375534
        ],
        [
            0.06890659779310226,
            -0.004421273246407509,
            0.044818274676799774
        ],
        [
            0.015136710368096828,
            -0.03488751873373985,
            0.012354285456240177
        ],
        [
            0.017873235046863556,
            -0.043372366577386856,
            0.009329477325081825
        ],
        [
            0.019667096436023712,
            -0.040279924869537354,
            0.01348942331969738
        ],
        [
            0.05500580370426178,
            0.008363455533981323,
            0.019248010590672493
        ],
        [
            -0.01023135706782341,
            -0.03591868653893471,
            -0.009527983143925667
        ],
        [
            0.1041911244392395,
            -0.01742536947131157,
            -0.007513475604355335
        ],
        [
            0.10643342137336731,
            -0.0165402889251709,
            0.0059954337775707245
        ],
        [
            0.09815996140241623,
            -0.019471606239676476,
            0.004944606218487024
        ],
        [
            0.09494682401418686,
            -0.019673533737659454,
            -0.010612481273710728
        ],
        [
            -0.00784815289080143,
            -0.02597922459244728,
            -0.004007669165730476
        ],
        [
            -0.008921781554818153,
            -0.029848918318748474,
            -0.008836309425532818
        ],
        [
            0.023988336324691772,
            -0.006457619369029999,
            0.040559932589530945
        ],
        [
            0.018876902759075165,
            -0.010763703845441341,
            0.04050793498754501
        ],
        [
            0.018237590789794922,
            -0.01184441801160574,
            0.043819230049848557
        ],
        [
            0.02175397425889969,
            -0.005991216748952866,
            0.04583780840039253
        ],
        [
            0.0824475884437561,
            -0.0025686491280794144,
            0.03918042406439781
        ],
        [
            0.038295578211545944,
            -0.003741677850484848,
            0.06006142497062683
        ],
        [
            0.040378689765930176,
            -0.012609947472810745,
            0.05748112127184868
        ],
        [
            0.09313356131315231,
            -0.004865042865276337,
            0.03269805759191513
        ],
        [
            0.09250034391880035,
            -0.01225486770272255,
            0.026492688804864883
        ],
        [
            0.10167568922042847,
            -0.009489404037594795,
            0.025174450129270554
        ],
        [
            0.030815619975328445,
            -0.036339737474918365,
            0.03272975608706474
        ],
        [
            0.07669901102781296,
            -0.02140815556049347,
            0.023453522473573685
        ],
        [
            0.09010422229766846,
            -0.016873251646757126,
            0.020918607711791992
        ],
        [
            0.10096372663974762,
            -0.01371384970843792,
            0.019078630954027176
        ],
        [
            0.1090085431933403,
            -0.011704908683896065,
            0.018617600202560425
        ],
        [
            0.10889620333909988,
            -0.007064487785100937,
            0.025271911174058914
        ],
        [
            -0.010353060439229012,
            -0.04298052564263344,
            0.0038955560885369778
        ],
        [
            -0.01427302323281765,
            -0.0381937138736248,
            0.00854527484625578
        ],
        [
            0.11769809573888779,
            -0.0053986962884664536,
            0.02635049819946289
        ],
        [
            0.11722870916128159,
            -0.01018635556101799,
            0.01846221834421158
        ],
        [
            0.08759647607803345,
            -0.021376371383666992,
            0.013214738108217716
        ],
        [
            0.08411246538162231,
            -0.0256369449198246,
            0.0028840042650699615
        ],
        [
            0.07466559112071991,
            -0.02550576999783516,
            0.016007089987397194
        ],
        [
            0.07028460502624512,
            -0.030268676578998566,
            0.0063615832477808
        ],
        [
            0.032960593700408936,
            -0.04402349144220352,
            0.025565586984157562
        ],
        [
            -0.02949737384915352,
            -0.029496435075998306,
            0.012073695659637451
        ],
        [
            -0.0188567116856575,
            -0.031240221112966537,
            0.011038484051823616
        ],
        [
            -0.017490575090050697,
            -0.025957414880394936,
            0.009239641949534416
        ],
        [
            -0.02854095585644245,
            -0.025485962629318237,
            0.012337730266153812
        ],
        [
            -0.012143213301897049,
            -0.031688984483480453,
            0.010165349580347538
        ],
        [
            -0.019869402050971985,
            -0.03643850237131119,
            0.008719401434063911
        ],
        [
            0.06481082737445831,
            -0.03162698447704315,
            -0.007821690291166306
        ],
        [
            0.012915843166410923,
            -0.027426518499851227,
            0.011031589470803738
        ],
        [
            0.07811078429222107,
            -0.024087052792310715,
            -0.01521802507340908
        ],
        [
            0.05253910645842552,
            -0.031436771154403687,
            -0.01999097317457199
        ],
        [
            0.0611153170466423,
            -0.023501060903072357,
            -0.026167772710323334
        ],
        [
            0.09058455377817154,
            -0.014842409640550613,
            -0.023942572996020317
        ],
        [
            0.0737309455871582,
            -0.014721838757395744,
            -0.0319574773311615
        ],
        [
