{
    "pred_cam": [
        4.448185443878174,
        0.0182026494294405,
        0.027364466339349747
    ],
    "pred_mano_params": {
        "global_orient": [
            [
                [
                    0.660888135433197,
                    0.7405607104301453,
                    -0.12164200842380524
                ],
                [
                    0.5601623058319092,
                    -0.5946314930915833,
                    -0.5767422914505005
                ],
                [
                    -0.4994448125362396,
                    0.3130228817462921,
                    -0.807819128036499
                ]
            ]
        ],
        "hand_pose": [
            [
                [
                    0.7208017706871033,
                    -0.6288818717002869,
                    -0.29146602749824524
                ],
                [
                    0.6582344174385071,
                    0.752804696559906,
                    0.00353828864172101
                ],
                [
                    0.21719184517860413,
                    -0.19440338015556335,
                    0.9565746784210205
                ]
            ],
            [
                [
                    0.9713286757469177,
                    -0.22386649250984192,
                    -0.08002813160419464
                ],
                [
                    0.1876923143863678,
                    0.9287022948265076,
                    -0.3198183476924896
                ],
                [
                    0.14591892063617706,
                    0.29562804102897644,
                    0.9440931677818298
                ]
            ],
            [
                [
                    0.9822710156440735,
                    0.11276271939277649,
                    0.14976055920124054
                ],
                [
                    -0.11035411804914474,
                    0.9935946464538574,
                    -0.024323951452970505
                ],
                [
                    -0.15154412388801575,
                    0.007366015575826168,
                    0.9884230494499207
                ]
            ],
            [
                [
                    0.6000630855560303,
                    -0.7921368479728699,
                    0.11155052483081818
                ],
                [
                    0.7987786531448364,
                    0.6008803844451904,
                    -0.02992374636232853
                ],
                [
                    -0.043324824422597885,
                    0.10706030577421188,
                    0.9933081269264221
                ]
            ],
            [
                [
                    0.986838161945343,
                    0.0341964066028595,
                    -0.15805396437644958
                ],
                [
                    0.011651229113340378,
                    0.9598096609115601,
                    0.2804097831249237
                ],
                [
                    0.1612907201051712,
                    -0.2785605788230896,
                    0.9467783570289612
                ]
            ],
            [
                [
                    0.9352861046791077,
                    -0.1721159815788269,
                    0.3092185854911804
                ],
                [
                    0.16248556971549988,
                    0.9850723743438721,
                    0.05684090778231621
                ],
                [
                    -0.31438592076301575,
                    -0.0029189649503678083,
                    0.9492908716201782
                ]
            ],
            [
                [
                    0.6007724404335022,
                    -0.5103744268417358,
                    0.6152969002723694
                ],
                [
                    0.5401719808578491,
                    0.8265538215637207,
                    0.15818628668785095
                ],
                [
                    -0.589310348033905,
                    0.23733219504356384,
                    0.7722607254981995
                ]
            ],
            [
                [
                    0.9709447622299194,
                    -0.135700985789299,
                    -0.1971076875925064
                ],
                [
                    0.16570134460926056,
                    0.9755118489265442,
                    0.14463680982589722
                ],
                [
                    0.17265351116657257,
                    -0.17309537529945374,
                    0.9696539640426636
                ]
            ],
            [
                [
                    0.9171385765075684,
                    -0.13107287883758545,
                    0.37639981508255005
                ],
                [
                    -0.02647998370230198,
                    0.9222543239593506,
                    0.3856757879257202
                ],
                [
                    -0.3976879417896271,
                    -0.36368516087532043,
                    0.8423641920089722
                ]
            ],
            [
                [
                    0.7190859317779541,
                    -0.6539238691329956,
                    0.23515744507312775
                ],
                [
                    0.6610203385353088,
                    0.7480559945106506,
                    0.05885928496718407
                ],
                [
                    -0.21440039575099945,
                    0.1131189614534378,
                    0.9701735377311707
                ]
            ],
            [
                [
                    0.9733189940452576,
                    -0.060539163649082184,
                    -0.22132587432861328
                ],
                [
                    0.1296577900648117,
                    0.9409200549125671,
                    0.3128230571746826
                ],
                [
                    0.1893119066953659,
                    -0.3331732451915741,
                    0.9236647486686707
                ]
            ],
            [
                [
                    0.7551828622817993,
                    -0.5306480526924133,
                    0.3848526179790497
                ],
                [
                    0.32353919744491577,
                    0.8123382329940796,
                    0.4852102994918823
                ],
                [
                    -0.5701063871383667,
                    -0.24190758168697357,
                    0.785149335861206
                ]
            ],
            [
                [
                    0.9459549188613892,
                    -0.04947040602564812,
                    -0.32050269842147827
                ],
                [
                    -0.2747141718864441,
                    0.4029695689678192,
                    -0.8730106949806213
                ],
                [
                    0.1723410189151764,
                    0.91387540102005,
                    0.36760082840919495
                ]
            ],
            [
                [
                    0.8415506482124329,
                    -0.5166500806808472,
                    0.15768688917160034
                ],
                [
                    0.37444332242012024,
                    0.7683432698249817,
                    0.5190768241882324
                ],
                [
                    -0.38933876156806946,
                    -0.3777846395969391,
                    0.8400559425354004
                ]
            ],
            [
                [
                    0.9818800687789917,
                    0.12619659304618835,
                    -0.1413719356060028
                ],
                [
                    -0.18073520064353943,
                    0.8479110598564148,
                    -0.49837902188301086
                ],
                [
                    0.056977104395627975,
                    0.5148992538452148,
                    0.8553551435470581
                ]
            ]
        ],
        "betas": [
            0.09016105532646179,
            0.0161283016204834,
            -0.1441478729248047,
            -0.009615033864974976,
            -0.08582955598831177,
            -0.16655436158180237,
            -0.1467142105102539,
            -0.05400952696800232,
            0.030708447098731995,
            0.05334058403968811
        ]
    },
    "pred_cam_t": [
        0.0182026494294405,
        0.027364466339349747,
        8.781670570373535
    ],
    "focal_length": [
        5000.0,
        5000.0
    ],
    "pred_keypoints_3d": [
        [
            0.0952526181936264,
            0.006354400888085365,
            0.006166759878396988
        ],
        [
            0.06478901207447052,
            -0.012535696849226952,
            -0.007365335710346699
        ],
        [
            0.03568711131811142,
            -0.02181367017328739,
            -0.0037816064432263374
        ],
        [
            0.008805040270090103,
            -0.023075198754668236,
            -0.0008105011656880379
        ],
        [
            -0.026996009051799774,
            -0.02212471142411232,
            0.004527342040091753
        ],
        [
            0.0310700461268425,
            -0.05147189646959305,
            0.03173761069774628
        ],
        [
            0.0004998315125703812,
            -0.05216069146990776,
            0.04400789365172386
        ],
        [
            -0.019168702885508537,
            -0.043475888669490814,
            0.04955888167023659
        ],
        [
            -0.04337601363658905,
            -0.03984043374657631,
            0.05596320331096649
        ],
        [
            0.03237795829772949,
            -0.043537385761737823,
            0.055406827479600906
        ],
        [
            0.0016787964850664139,
            -0.03891093283891678,
            0.061626579612493515
        ],
        [
            -0.019483761861920357,
            -0.03075454942882061,
            0.06678406894207001
        ],
        [
            -0.04517671465873718,
            -0.028022827580571175,
            0.06721961498260498
        ],
        [
            0.0418287068605423,
            -0.021479904651641846,
            0.0668644905090332
        ],
        [
            0.013737205415964127,
            -0.024680163711309433,
            0.07178418338298798
        ],
        [
            -0.008829966187477112,
            -0.01629183255136013,
            0.07769689708948135
        ],
        [
            -0.03186880797147751,
            -0.013875223696231842,
            0.06930247694253922
        ],
        [
            0.0478825643658638,
            -0.0013285446912050247,
            0.07187731564044952
        ],
        [
            0.027784524485468864,
            -0.005062666721642017,
            0.07706324756145477
        ],
        [
            0.00963364914059639,
            -0.0029310332611203194,
            0.08209584653377533
        ],
        [
            -0.010196173563599586,
            -0.003596317023038864,
            0.07818888872861862
        ]
    ],
    "pred_vertices": [
        [
            0.04913147911429405,
            -0.0208042673766613,
            0.012903118506073952
        ],
        [
            0.056082747876644135,
            -0.013648197054862976,
            0.008303867653012276
        ],
        [
            0.04805022478103638,
            -0.017622441053390503,
            0.008214045315980911
        ],
        [
            0.042494721710681915,
            -0.025703556835651398,
            0.010517621412873268
        ],
        [
            0.050573475658893585,
            4.533678293228149e-06,
            -0.002426696941256523
        ],
        [
            0.05127958953380585,
            2.475827932357788e-05,
            -0.014538569375872612
        ],
        [
            0.03697815537452698,
            -0.006919544190168381,
            -0.01000327430665493
        ],
        [
            0.038589540868997574,
            -0.004734810441732407,
            2.284720540046692e-05
        ],
        [
            0.0375712513923645,
            -0.030684595927596092,
            0.009905260056257248
        ],
        [
            0.04060117155313492,
            -0.020530682057142258,
            0.008508928120136261
        ],
        [
            0.03661330044269562,
            -0.033835627138614655,
            0.009597204625606537
        ],
        [
            0.039586182683706284,
            -0.046884968876838684,
            0.011698663234710693
        ],
        [
            0.03672843053936958,
            -0.04065994545817375,
            0.012244287878274918
        ],
        [
            0.03876206651329994,
            -0.053418662399053574,
            0.016583820804953575
        ],
        [
            0.04948893189430237,
            -0.049519699066877365,
            0.009697340428829193
        ],
        [
            0.04555555433034897,
            -0.05714166909456253,
            0.02179175242781639
        ],
        [
            0.06919676810503006,
            -0.04042407497763634,
            0.028502341359853745
        ],
        [
            0.07375281304121017,
            -0.031223926693201065,
            0.037568990141153336
        ],
        [
            0.062437109649181366,
            -0.039458613842725754,
            0.047906987369060516
        ],
        [
            0.0582461953163147,
            -0.04743682220578194,
            0.03752076253294945
        ],
        [
            0.0688210278749466,
            -0.020903330296278,
            0.055109452456235886
        ],
        [
            0.06484472006559372,
            -0.03146154806017876,
            0.051686614751815796
        ],
        [
            0.07701531052589417,
            -0.024183262139558792,
            0.04196339473128319
        ],
        [
            0.07987411320209503,
            -0.015082350000739098,
            0.04549752175807953
        ],
        [
            0.05764363706111908,
            -0.009786956012248993,
            0.019878122955560684
        ],
        [
            0.06432411074638367,
            -0.0029892511665821075,
            0.014410778880119324
        ],
        [
            0.06266237795352936,
            -0.007855433970689774,
            0.011551707983016968
        ],
        [
            0.05562596395611763,
            -0.013895191252231598,
            0.016683831810951233
        ],
        [
            0.030611218884587288,
            -0.033164218068122864,
            0.001414598897099495
        ],
        [
            0.04408040642738342,
            -0.03883151710033417,
            -0.0016122069209814072
        ],
        [
            0.0404900498688221,
            -0.038834311068058014,
            0.005085902288556099
        ],
        [
            0.029075495898723602,
            -0.02972925454378128,
            0.005452711135149002
        ],
        [
            0.07678577303886414,
            0.021601390093564987,
            0.006325885653495789
        ],
        [
            0.08872643113136292,
            0.023387573659420013,
            0.00043027475476264954
        ],
        [
            0.08796244114637375,
            0.01940208673477173,
            -0.003764130175113678
        ],
        [
            0.07757697999477386,
            0.018312152475118637,
            0.0026429519057273865
        ],
        [
            0.07407468557357788,
            0.0077077969908714294,
            -0.016888145357370377
        ],
        [
            0.08534365892410278,
            0.008361294865608215,
            -0.017620787024497986
        ],
        [
            0.09319952875375748,
            0.00019789114594459534,
            -0.024640103802084923
        ],
        [
            0.08258752524852753,
            -0.0036113858222961426,
            -0.024250661954283714
        ],
        [
            0.06191682070493698,
            0.004345424473285675,
            -0.015903139486908913
        ],
        [
            0.06800320744514465,
            -0.0041128359735012054,
            -0.024522891268134117
        ],
        [
            0.054328568279743195,
            -0.007287532091140747,
            -0.02233162522315979
        ],
        [
            0.037792325019836426,
            -0.012903649359941483,
            -0.01682213880121708
        ],
        [
            0.09263978898525238,
            0.030210137367248535,
            0.010401856154203415
        ],
        [
            0.08417391777038574,
            0.030291203409433365,
            0.015932969748973846
        ],
        [
            -0.0067311543971300125,
            -0.0471956841647625,
            0.03526730462908745
        ],
        [
            -0.005450136959552765,
            -0.042519330978393555,
            0.03859804570674896
        ],
        [
            -0.00014455057680606842,
            -0.04332605004310608,
            0.035712093114852905
        ],
        [
            -0.0022219493985176086,
            -0.04801659658551216,
            0.03318537771701813
        ],
        [
            0.10020378232002258,
            0.025174636393785477,
            0.02816147357225418
        ],
        [
            0.10641996562480927,
            0.017928622663021088,
            0.031216900795698166
        ],
        [
            0.11040029674768448,
            0.022657856345176697,
            0.02749393880367279
        ],
        [
            0.10457642376422882,
            0.028419561684131622,
            0.023034729063510895
        ],
        [
            0.09431293606758118,
            0.02082011103630066,
            0.03483252599835396
        ],
        [
            0.10032881796360016,
            0.01139763742685318,
            0.03583366423845291
        ],
        [
            -0.006259823217988014,
            -0.05745973810553551,
            0.042325541377067566
        ],
        [
            -0.007775953039526939,
            -0.05549050495028496,
            0.037881895899772644
        ],
        [
            -0.002648046240210533,
            -0.05743161216378212,
            0.03686755150556564
        ],
        [
            -0.00030427612364292145,
            -0.059037946164608,
            0.04157383739948273
        ],
        [
            0.03776790574193001,
            -0.03358890861272812,
            0.01360226608812809
        ],
        [
            0.042090512812137604,
            -0.026397302746772766,
            0.01715204305946827
        ],
        [
            0.028390109539031982,
            -0.04268026724457741,
            0.023189451545476913
        ],
        [
            0.03409862890839577,
            -0.036307282745838165,
            0.022387169301509857
        ],
        [
            0.0341351181268692,
            -0.04109576344490051,
            0.017148036509752274
        ],
        [
            0.030039779841899872,
            -0.046739283949136734,
            0.019123604521155357
        ],
        [
            0.04414866864681244,
            -0.019465791061520576,
            0.03544019162654877
        ],
        [
            0.051749348640441895,
            -0.013806642964482307,
            0.028703324496746063
        ],
        [
            0.049063608050346375,
            -0.018898820504546165,
            0.025455119088292122
        ],
        [
            0.03975846618413925,
            -0.025623954832553864,
            0.03136374056339264
        ],
        [
            0.054157182574272156,
            -0.0021633990108966827,
            0.036260657012462616
        ],
        [
            0.046810805797576904,
            -0.008945794776082039,
            0.042432934045791626
        ],
        [
            0.049054104834795,
            -0.0015534721314907074,
            0.046106625348329544
        ],
        [
            0.053188905119895935,
            0.00253237783908844,
            0.040688466280698776
        ],
        [
            0.035085033625364304,
            -0.023121120408177376,
            0.05135856568813324
        ],
        [
            0.03175652399659157,
            -0.026987304911017418,
            0.05549253523349762
        ],
        [
            0.03138647601008415,
            -0.024345912039279938,
            0.05632815137505531
        ],
        [
            0.03615344315767288,
            -0.020085446536540985,
            0.05287685617804527
        ],
        [
            0.11507894843816757,
            0.026386652141809464,
            0.02381012961268425
        ],
        [
            0.10884629189968109,
            0.030615661293268204,
            0.017654534429311752
        ],
        [
            0.07220280170440674,
            -0.0010037831962108612,
            0.06222696602344513
        ],
        [
            0.07149884104728699,
            0.00991862267255783,
            0.06037189066410065
        ],
        [
            0.06314677000045776,
            0.0058046188205480576,
            0.07049019634723663
        ],
        [
            0.06630046665668488,
            -0.005046183243393898,
            0.06988276541233063
        ],
        [
            0.10912951081991196,
            0.008044585585594177,
            0.030064906924962997
        ],
        [
            0.11434008926153183,
            0.013499509543180466,
            0.02816908434033394
        ],
        [
            -0.00404706783592701,
            -0.056032873690128326,
            0.04796353727579117
        ],
        [
            0.0017841886729001999,
            -0.05704177916049957,
            0.046894773840904236
        ],
        [
            0.06300744414329529,
            -0.01802845671772957,
            -0.0241409745067358
        ],
        [
            0.04156152531504631,
            -0.021837767213582993,
            -0.01942056603729725
        ],
        [
            0.07981014251708984,
            -0.014324650168418884,
            -0.024374978616833687
        ],
        [
            0.09163320809602737,
            -0.011904876679182053,
            -0.02235150709748268
        ],
        [
            0.10084128379821777,
            -0.009136170148849487,
            -0.022951506078243256
        ],
        [
            0.03284454718232155,
            -0.03438037633895874,
            0.028454124927520752
        ],
        [
            0.048491012305021286,
            -0.020282041281461716,
            0.019714325666427612
        ],
        [
            0.058975689113140106,
            -0.005761574953794479,
            0.02278522215783596
        ],
        [
            0.06012938171625137,
            0.01840212009847164,
            0.04164167493581772
        ],
        [
            0.06646278500556946,
            0.02348291501402855,
            0.03488226979970932
        ],
        [
            0.0614558681845665,
            0.01528945192694664,
            0.030351955443620682
        ],
        [
            0.05739322677254677,
            0.012178823351860046,
            0.03743593394756317
        ],
        [
            0.06498931348323822,
            0.016649840399622917,
            0.057672977447509766
        ],
        [
            0.05818113684654236,
            0.016252726316452026,
            0.05333072692155838
        ],
        [
            0.053119830787181854,
            0.012074977159500122,
            0.06018774211406708
        ],
        [
            0.058586541563272476,
            0.01207682304084301,
            0.0659501701593399
        ],
        [
            0.029907388612627983,
            -0.03421587869524956,
            -0.0060562752187252045
        ],
        [
            0.04631411284208298,
            -0.0373980775475502,
            -0.008568309247493744
        ],
        [
            0.09292663633823395,
            0.030054971575737,
            0.022428270429372787
        ],
        [
            0.0975421816110611,
            0.031031660735607147,
            0.016328327357769012
        ],
        [
            0.10442303121089935,
            0.03227487951517105,
            0.011595252901315689
        ],
        [
            0.07005351781845093,
            0.008994899690151215,
            0.008926883339881897
        ],
        [
            0.07800361514091492,
            0.01613060012459755,
            -7.148459553718567e-05
        ],
        [
            0.07628944516181946,
            0.013366878032684326,
            -0.002976279705762863
        ],
        [
            0.07027290016412735,
            0.005839258432388306,
            0.0072472356259822845
        ],
        [
            0.060345761477947235,
            -0.003793857991695404,
            0.004442565143108368
        ],
        [
            0.06303039193153381,
            0.005337953567504883,
            -0.004605740308761597
        ],
        [
            0.050238363444805145,
            -0.007232982665300369,
            0.0068570710718631744
        ],
        [
            0.0879637822508812,
            0.01485559344291687,
            -0.010450106114149094
        ],
        [
            0.09588544815778732,
            0.02235565334558487,
            -0.00952143594622612
        ],
        [
            0.09556907415390015,
            0.01618903875350952,
            -0.015778381377458572
        ],
        [
            0.09824620932340622,
            0.027921434491872787,
            -0.0019445158541202545
        ],
        [
            0.10103460401296616,
            0.031714845448732376,
            0.005509588867425919
        ],
        [
            0.12182371318340302,
            0.017003487795591354,
            0.026517421007156372
        ],
        [
            0.09550026059150696,
            0.009382843971252441,
            -0.020374055951833725
        ],
        [
            0.030337711796164513,
            -0.008961562067270279,
            0.00018362700939178467
        ],
        [
            0.02218422293663025,
            -0.011609774082899094,
            -0.0010086335241794586
        ],
        [
            0.024285534396767616,
            -0.015556368976831436,
            0.005534473806619644
        ],
        [
            0.0328928679227829,
            -0.013211142271757126,
            0.00721919909119606
        ],
        [
            0.0343434140086174,
            -0.05834349989891052,
            0.022923393175005913
        ],
        [
            0.030872512608766556,
            -0.052638571709394455,
            0.019175320863723755
        ],
        [
            0.035707101225852966,
            -0.047309067100286484,
            0.014197665266692638
        ],
        [
            0.07046159356832504,
            0.020495817065238953,
            0.015887361019849777
        ],
        [
            0.07685587555170059,
            0.028127826750278473,
            0.02348235994577408
        ],
        [
            0.027163038030266762,
            -0.040613893419504166,
            0.029010741040110588
        ],
        [
            0.005326438695192337,
            -0.06036745756864548,
            0.041498929262161255
        ],
        [
            0.0033056698739528656,
            -0.05914151668548584,
            0.03596518561244011
        ],
        [
            0.02098124846816063,
            -0.06015642359852791,
            0.029256129637360573
        ],
        [
            0.02230682037770748,
            -0.06174641102552414,
            0.03581082075834274
        ],
        [
            0.024721335619688034,
            -0.04252725839614868,
            0.03793264180421829
        ],
        [
            0.024401474744081497,
            -0.04174361750483513,
            0.030856585130095482
        ],
        [
            0.022995907813310623,
            -0.04194275662302971,
            0.03261934220790863
        ],
        [
            0.022024985402822495,
            -0.040897052735090256,
            0.0390409491956234
        ],
        [
            0.03478415310382843,
            -0.016271842643618584,
            0.05898795649409294
        ],
        [
            0.039112068712711334,
            -0.012494303286075592,
            0.05600311607122421
        ],
        [
            0.04483494535088539,
            -0.05090169981122017,
            0.045414991676807404
        ],
        [
            0.0456039160490036,
            -0.060320474207401276,
            0.03627333790063858
        ],
        [
            0.05405830591917038,
            -0.05477306991815567,
            0.02847011759877205
        ],
        [
            0.04649052023887634,
            -0.013414980843663216,
            0.03905020281672478
        ],
        [
            0.03989044204354286,
            -0.017937514930963516,
            0.04568089544773102
        ],
        [
            0.040976811200380325,
            -0.014695597812533379,
            0.04803136736154556
        ],
        [
            0.03154845908284187,
            -0.0344109982252121,
            0.033015619963407516
        ],
        [
            0.027386374771595,
            -0.038897108286619186,
            0.03512372821569443
        ],
        [
            0.030198082327842712,
            -0.03561146557331085,
            0.03851814568042755
        ],
        [
            0.03407304733991623,
            -0.030596796423196793,
            0.036063436418771744
        ],
        [
            0.08065326511859894,
            0.013826336711645126,
            0.0515630729496479
        ],
        [
            0.07303453236818314,
            0.021982695907354355,
            0.04870372638106346
        ],
        [
            -0.007753288373351097,
            -0.05180148035287857,
            0.035185396671295166
        ],
        [
            -0.0029142778366804123,
            -0.05329667776823044,
            0.03363443911075592
        ],
        [
            0.05386761575937271,
            -0.007977621629834175,
            0.0323510468006134
        ],
        [
            0.06314321607351303,
            -0.04619668424129486,
            0.020114880055189133
        ],
        [
            0.06014703959226608,
            -0.0012872591614723206,
            0.025707866996526718
        ],
        [
            0.051913291215896606,
            -0.017954351380467415,
            0.06929914653301239
        ],
        [
            0.046596184372901917,
            -0.012343743816018105,
            0.06914260238409042
        ],
        [
            0.04067576304078102,
            -0.014495239593088627,
            0.07010522484779358
        ],
        [
            0.04318041354417801,
            -0.019694145768880844,
            0.0719563439488411
        ],
        [
            0.008441423997282982,
            -0.04131606966257095,
            0.04507412388920784
        ],
        [
            0.006135774776339531,
            -0.040723759680986404,
            0.03969695046544075
        ],
        [
            0.0018788743764162064,
            -0.04019457846879959,
            0.04068261757493019
        ],
        [
            0.00385262630879879,
            -0.040985558182001114,
            0.04597197100520134
        ],
        [
            0.02444264106452465,
            -0.04436016455292702,
            0.025617480278015137
        ],
        [
            0.02514703758060932,
            -0.04904720187187195,
            0.02180415764451027
        ],
        [
            0.020307671278715134,
            -0.04910214990377426,
            0.02462516538798809
        ],
        [
            0.02117004059255123,
            -0.04461895674467087,
            0.028556425124406815
        ],
        [
            0.025896701961755753,
            -0.05510931834578514,
            0.0225866436958313
        ],
        [
            0.020532408729195595,
            -0.055396974086761475,
            0.025169644504785538
        ],
        [
            0.009873427450656891,
            -0.04597575217485428,
            0.0493297353386879
        ],
        [
            0.009558551013469696,
            -0.053416021168231964,
            0.050126247107982635
        ],
        [
            0.02464512176811695,
            -0.05316890403628349,
            0.046287085860967636
        ],
        [
            0.02180599234998226,
            -0.04552403464913368,
            0.044976286590099335
        ],
        [
            0.09135401248931885,
            -0.01030699908733368,
            0.03705086559057236
        ],
        [
            0.0922006145119667,
            -0.00037750229239463806,
            0.04173775389790535
        ],
        [
            0.08086869865655899,
            -0.004919875413179398,
            0.050374437123537064
        ],
        [
            0.07068000733852386,
            -0.009662170894443989,
            0.059992823749780655
        ],
        [
            0.06023518741130829,
            -0.014592442661523819,
            0.06801927834749222
        ],
        [
            0.06020437180995941,
            -0.026001928374171257,
            0.06413835287094116
        ],
        [
            0.08204108476638794,
            0.002830272540450096,
            0.05241240933537483
        ],
        [
            0.0316646508872509,
            -0.0447717048227787,
            0.04424444958567619
        ],
        [
            0.03545159101486206,
            -0.052964430302381516,
            0.043274324387311935
        ],
        [
            0.036994922906160355,
            -0.04879062622785568,
            0.04570512846112251
        ],
        [
            0.06000778079032898,
            0.005108993500471115,
            0.029467761516571045
        ],
        [
            0.002827029675245285,
            -0.05541841313242912,
            0.03240228816866875
        ],
        [
            0.10640864074230194,
            -0.01831255480647087,
            -0.0034378021955490112
        ],
        [
            0.11134184151887894,
            -0.013296529650688171,
            0.008272476494312286
        ],
        [
            0.10405561327934265,
            -0.01766667515039444,
            0.01037391647696495
        ],
        [
            0.0976247563958168,
            -0.022723540663719177,
            -0.003210127353668213
        ],
        [
            0.004248281940817833,
            -0.04399029538035393,
            0.03399648144841194
        ],
        [
            0.0028966031968593597,
            -0.04933134838938713,
            0.03096151538193226
        ],
        [
            0.0394420400261879,
            -0.007756104692816734,
            0.06074754521250725
        ],
        [
            0.03552641719579697,
            -0.0122014619410038,
            0.06290563941001892
        ],
        [
            0.035923220217227936,
            -0.011892001144587994,
            0.06633702665567398
        ],
        [
            0.03822394087910652,
            -0.00565791130065918,
            0.06590006500482559
        ],
        [
            0.09302639961242676,
            0.005355067551136017,
            0.04272492602467537
        ],
        [
            0.055625952780246735,
            0.002696378156542778,
            0.07521413266658783
        ],
        [
            0.0593390017747879,
            -0.006437813863158226,
            0.07460087537765503
        ],
        [
            0.1020849347114563,
            0.00319770909845829,
            0.0340607687830925
        ],
        [
            0.10185814648866653,
            -0.0056703705340623856,
            0.03021809831261635
        ],
        [
            0.1094982922077179,
            -0.0018699131906032562,
            0.02568458393216133
        ],
        [
            0.05087221413850784,
            -0.03741824999451637,
            0.05978971719741821
        ],
        [
            0.08853965997695923,
            -0.01789601892232895,
            0.0341491736471653
        ],
        [
            0.09945361316204071,
            -0.012031134217977524,
            0.026842163875699043
        ],
        [
            0.10847368091344833,
            -0.007748030126094818,
            0.021260764449834824
        ],
        [
            0.11543051898479462,
            -0.004626978188753128,
            0.01803789660334587
        ],
        [
            0.115706667304039,
            0.0016531571745872498,
            0.02313072979450226
        ],
        [
            0.007438737899065018,
            -0.05764458701014519,
            0.0466853491961956
        ],
        [
            0.003684094175696373,
            -0.052150242030620575,
            0.05091679468750954
        ],
        [
            0.12383895367383957,
            0.004980091005563736,
            0.021264567971229553
        ],
        [
            0.12275238335132599,
            -0.0018899738788604736,
            0.01521313562989235
        ],
        [
            0.09646743535995483,
            -0.01893085055053234,
            0.02151605673134327
        ],
        [
            0.09192745387554169,
            -0.026400016620755196,
            0.013854075223207474
        ],
        [
            0.08597191423177719,
            -0.024262024089694023,
            0.028817810118198395
        ],
        [
            0.08086954057216644,
            -0.03227285295724869,
            0.02218038961291313
        ],
        [
            0.05324339121580124,
            -0.046833258122205734,
            0.05480019748210907
        ],
        [
            -0.012134894728660583,
            -0.04485057666897774,
            0.05574912577867508
        ],
        [
            -0.0016755182296037674,
            -0.04547290503978729,
            0.052479472011327744
        ],
        [
            -0.0018792897462844849,
            -0.04099348932504654,
            0.04889227822422981
        ],
        [
            -0.011951221153140068,
            -0.04088297113776207,
            0.054571330547332764
        ],
        [
            0.004666363820433617,
            -0.045295972377061844,
            0.0499337837100029
        ],
        [
            -0.002040984109044075,
            -0.051235977560281754,
            0.05214522033929825
        ],
        [
            0.07307782024145126,
            -0.03863178566098213,
            0.010544097051024437
        ],
        [
            0.02754458785057068,
            -0.0386003814637661,
            0.041549794375896454
        ],
        [
            0.08210036158561707,
            -0.031029513105750084,
            -0.0019324533641338348
        ],
        [
            0.05909518152475357,
            -0.044676199555397034,
            0.001966482028365135
        ],
        [
            0.06380296498537064,
            -0.03706877678632736,
            -0.008023552596569061
        ],
        [
            0.08952464163303375,
            -0.022523492574691772,
            -0.015599392354488373
        ],
        [
            0.0721035823225975,
            -0.027640465646982193,
            -0.018729034811258316
        ],
        [
            0.10728755593299866,
            -0.01445876806974411,
            -0.015323061496019363
        ],
        [
            0.09919074177742004,
