{
    "pred_cam": [
        10.598367691040039,
        -0.08941998332738876,
        -0.06413495540618896
    ],
    "pred_mano_params": {
        "global_orient": [
            [
                [
                    -0.7304261326789856,
                    0.5584008693695068,
                    0.3932759761810303
                ],
                [
                    -0.5621159076690674,
                    -0.1644241362810135,
                    -0.8105493783950806
                ],
                [
                    -0.3879474699497223,
                    -0.813113272190094,
                    0.43398571014404297
                ]
            ]
        ],
        "hand_pose": [
            [
                [
                    0.31389370560646057,
                    -0.8435919284820557,
                    -0.4356871545314789
                ],
                [
                    0.891021192073822,
                    0.42022988200187683,
                    -0.17172077298164368
                ],
                [
                    0.32795101404190063,
                    -0.33430442214012146,
                    0.8835657835006714
                ]
            ],
            [
                [
                    0.8470945358276367,
                    -0.5092557668685913,
                    0.1519521325826645
                ],
                [
                    0.531394898891449,
                    0.8078418374061584,
                    -0.25497281551361084
                ],
                [
                    0.0070930905640125275,
                    0.29673266410827637,
                    0.954934298992157
                ]
            ],
            [
                [
                    0.948453426361084,
                    0.0865630954504013,
                    0.30486559867858887
                ],
                [
                    -0.0690065547823906,
                    0.995301365852356,
                    -0.06792128086090088
                ],
                [
                    -0.3093126118183136,
                    0.0433824397623539,
                    0.9499704241752625
                ]
            ],
            [
                [
                    0.36818498373031616,
                    -0.8294469714164734,
                    -0.420068621635437
                ],
                [
                    0.9248741865158081,
                    0.3729625642299652,
                    0.0742071196436882
                ],
                [
                    0.09511902183294296,
                    -0.4158325493335724,
                    0.9044532775878906
                ]
            ],
            [
                [
                    0.8255540132522583,
                    -0.5387872457504272,
                    -0.16783568263053894
                ],
                [
                    0.5616636276245117,
                    0.8133224844932556,
                    0.1517907679080963
                ],
                [
                    0.05472160130739212,
                    -0.21957869827747345,
                    0.9740588068962097
                ]
            ],
            [
                [
                    0.8749959468841553,
                    -0.3482290506362915,
                    0.3363310992717743
                ],
                [
                    0.31895679235458374,
                    0.9372766017913818,
                    0.1406383067369461
                ],
                [
                    -0.3642096221446991,
                    -0.015782855451107025,
                    0.9311832785606384
                ]
            ],
            [
                [
                    0.40725409984588623,
                    -0.906814694404602,
                    -0.10877169668674469
                ],
                [
                    0.9035361409187317,
                    0.3826450705528259,
                    0.19288676977157593
                ],
                [
                    -0.1332915872335434,
                    -0.17683306336402893,
                    0.9751736521720886
                ]
            ],
            [
                [
                    0.8468831777572632,
                    -0.5307191610336304,
                    0.033557288348674774
                ],
                [
                    0.46973446011543274,
                    0.7761638164520264,
                    0.4206177592277527
                ],
                [
                    -0.24927584826946259,
                    -0.34045109152793884,
                    0.9066171646118164
                ]
            ],
            [
                [
                    0.9566023945808411,
                    -0.23297974467277527,
                    0.17502093315124512
                ],
                [
                    0.07004263997077942,
                    0.7668603658676147,
                    0.6379806995391846
                ],
                [
                    -0.2828531563282013,
                    -0.5980349183082581,
                    0.7498989701271057
                ]
            ],
            [
                [
                    0.337772011756897,
                    -0.9379362463951111,
                    -0.07864931970834732
                ],
                [
                    0.9396044015884399,
                    0.3409159779548645,
                    -0.030330035835504532
                ],
                [
                    0.05526045337319374,
                    -0.06365460902452469,
                    0.9964408874511719
                ]
            ],
            [
                [
                    0.8686410784721375,
                    -0.4951702058315277,
                    -0.016404982656240463
                ],
                [
                    0.41165485978126526,
                    0.7029195427894592,
                    0.5800382494926453
                ],
                [
                    -0.27568626403808594,
                    -0.5105982422828674,
                    0.8144240379333496
                ]
            ],
            [
                [
                    0.8562042117118835,
                    -0.43655505776405334,
                    0.27628597617149353
                ],
                [
                    0.3417327105998993,
                    0.8796289563179016,
                    0.3308649957180023
                ],
                [
                    -0.3874698877334595,
                    -0.1888720542192459,
                    0.9023271799087524
                ]
            ],
            [
                [
                    0.7324408888816833,
                    -0.06750554591417313,
                    -0.6774757504463196
                ],
                [
                    -0.5270321369171143,
                    0.5737243294715881,
                    -0.626958966255188
                ],
                [
                    0.4310075342655182,
                    0.8162618279457092,
                    0.3846415579319
                ]
            ],
            [
                [
                    0.7561854124069214,
                    -0.5495209693908691,
                    -0.3552611470222473
                ],
                [
                    0.6520947217941284,
                    0.6779501438140869,
                    0.3393464684486389
                ],
                [
                    0.054371412843465805,
                    -0.48827269673347473,
                    0.8709957599639893
                ]
            ],
            [
                [
                    0.8878960013389587,
                    -0.31181439757347107,
                    0.33824893832206726
                ],
                [
                    0.44702765345573425,
                    0.7584434747695923,
                    -0.4742674231529236
                ],
                [
                    -0.10865931957960129,
                    0.5723068714141846,
                    0.8128085732460022
                ]
            ]
        ],
        "betas": [
            0.007506266236305237,
            -0.07068860530853271,
            0.0011734366416931152,
            0.0033912956714630127,
            -0.016703933477401733,
            -0.0299176387488842,
            0.0027628540992736816,
            0.11319895833730698,
            -0.03746210038661957,
            -0.09890612959861755
        ]
    },
    "pred_cam_t": [
        -0.08941998332738876,
        -0.06413495540618896,
        3.685708999633789
    ],
    "focal_length": [
        5000.0,
        5000.0
    ],
    "pred_keypoints_3d": [
        [
            0.0956767126917839,
            0.006382090039551258,
            0.006180374883115292
        ],
        [
            0.11480867117643356,
            0.0015605362132191658,
            0.039329998195171356
        ],
        [
            0.1354331374168396,
            0.018271353095769882,
            0.05501803383231163
        ],
        [
            0.14302682876586914,
            0.04299724102020264,
            0.06313204765319824
        ],
        [
            0.14222191274166107,
            0.0647919625043869,
            0.09066758304834366
        ],
        [
            0.1651877611875534,
            0.0400565043091774,
            0.053513843566179276
        ],
        [
            0.15638886392116547,
            0.06097334250807762,
            0.07739591598510742
        ],
        [
            0.13964267075061798,
            0.06328095495700836,
            0.09172441065311432
        ],
        [
            0.12706124782562256,
            0.06364671140909195,
            0.11331881582736969
        ],
        [
            0.16262835264205933,
            0.06258057802915573,
            0.04266098514199257
        ],
        [
            0.1510346382856369,
            0.08035789430141449,
            0.06622510403394699
        ],
        [
            0.1332390010356903,
            0.07973647117614746,
            0.08119133114814758
        ],
        [
            0.12048208713531494,
            0.07223187386989594,
            0.10200604051351547
        ],
        [
            0.1427030861377716,
            0.074607253074646,
            0.02954808622598648
        ],
        [
            0.13374324142932892,
            0.09054959565401077,
            0.05191098898649216
        ],
        [
            0.11539795249700546,
            0.08927125483751297,
            0.06854808330535889
        ],
        [
            0.10349465906620026,
            0.0797797292470932,
            0.08833718299865723
        ],
        [
            0.12343558669090271,
            0.0817011222243309,
            0.02215588092803955
        ],
        [
            0.11369998753070831,
            0.09584144502878189,
            0.034462954849004745
        ],
        [
            0.09872240573167801,
            0.09610812366008759,
            0.046071652323007584
        ],
        [
            0.08646390587091446,
            0.08692030608654022,
            0.06089934706687927
        ]
    ],
    "pred_vertices": [
        [
            0.12783461809158325,
            0.02391021139919758,
            0.0436360202729702
        ],
        [
            0.11767709255218506,
            0.01840323582291603,
            0.03902191296219826
        ],
        [
            0.1235571950674057,
            0.021211916580796242,
            0.04395410045981407
        ],
        [
            0.1328408271074295,
            0.023325791582465172,
            0.04905344545841217
        ],
        [
            0.10821352154016495,
            0.0144963338971138,
            0.051786359399557114
        ],
        [
            0.10870806127786636,
            0.003702513873577118,
            0.057765353471040726
        ],
        [
            0.1221393570303917,
            0.014906730502843857,
            0.06443336606025696
        ],
        [
            0.11790776997804642,
            0.022468047216534615,
            0.05797959864139557
        ],
        [
            0.13827049732208252,
            0.02368350885808468,
            0.05110833793878555
        ],
        [
            0.12862226366996765,
            0.024034954607486725,
            0.04844679683446884
        ],
        [
            0.1409372091293335,
            0.023446062579751015,
            0.04767071083188057
        ],
        [
            0.15466652810573578,
            0.020865801721811295,
            0.04859015345573425
        ],
        [
            0.14903965592384338,
            0.023653540760278702,
            0.05302073433995247
        ],
        [
            0.16285967826843262,
            0.023778840899467468,
            0.04996515065431595
        ],
        [
            0.1560051292181015,
            0.014511873945593834,
            0.04030025005340576
        ],
        [
            0.16750331223011017,
            0.02501681074500084,
            0.04190366715192795
        ],
        [
            0.14961186051368713,
            0.025117279961705208,
            0.019635062664747238
        ],
        [
            0.14235535264015198,
            0.033678360283374786,
            0.012268215417861938
        ],
        [
            0.15469452738761902,
            0.04587177187204361,
            0.018185049295425415
        ],
        [
            0.16034060716629028,
            0.0361444354057312,
            0.02601781114935875
        ],
        [
            0.13753698766231537,
            0.05449637398123741,
            0.009433574974536896
        ],
        [
            0.14747032523155212,
            0.05032595619559288,
            0.01465141586959362
        ],
        [
            0.13609513640403748,
            0.03817010670900345,
            0.00752534344792366
        ],
        [
            0.12770481407642365,
            0.04252253472805023,
            0.003493513911962509
        ],
        [
            0.1186259388923645,
            0.0295260027050972,
            0.0346393883228302
        ],
        [
            0.109302818775177,
            0.02342487871646881,
            0.030969277024269104
        ],
        [
            0.11246328055858612,
            0.019989702850580215,
            0.03321797773241997
        ],
        [
            0.12164755910634995,
            0.02637672796845436,
            0.03737891837954521
        ],
        [
            0.14335320889949799,
            0.024599026888608932,
            0.04875023663043976
        ],
        [
            0.14575868844985962,
            0.010827265679836273,
            0.0457058809697628
        ],
        [
            0.14544908702373505,
            0.01755223050713539,
            0.04510646313428879
        ],
        [
            0.1394253969192505,
            0.02815821021795273,
            0.048885177820920944
        ],
        [
            0.08292342722415924,
            0.017718475311994553,
            0.023418545722961426
        ],
        [
            0.07855995744466782,
            0.008172713220119476,
            0.014908570796251297
        ],
        [
            0.08162283897399902,
            0.003687378019094467,
            0.01741151511669159
        ],
        [
            0.08509678393602371,
            0.013149838894605637,
            0.02444441057741642
        ],
        [
            0.09259197115898132,
            -0.006375018507242203,
            0.03811785578727722
        ],
        [
            0.09004800021648407,
            -0.010600332170724869,
            0.02639811486005783
        ],
        [
            0.09574498981237411,
            -0.021810930222272873,
            0.02140238508582115
        ],
        [
            0.10168841481208801,
            -0.01847415789961815,
            0.03150550648570061
        ],
        [
            0.09940444678068161,
            -0.0016781054437160492,
            0.049741532653570175
        ],
        [
            0.10610262304544449,
            -0.013373728841543198,
            0.04628954082727432
        ],
        [
            0.11608043313026428,
            -0.00536688044667244,
            0.05767910182476044
        ],
        [
            0.1295246183872223,
            0.009083516895771027,
            0.06566455960273743
        ],
        [
            0.07357426732778549,
            0.017196252942085266,
            0.007289983332157135
        ],
        [
            0.0756741389632225,
            0.025592204183340073,
            0.0127930399030447
        ],
        [
            0.15003377199172974,
            0.05036530643701553,
            0.08265834301710129
        ],
        [
            0.14549249410629272,
            0.05267906188964844,
            0.07952974736690521
        ],
        [
            0.14759795367717743,
            0.050177231431007385,
            0.07617117464542389
        ],
        [
            0.15185968577861786,
            0.04846036434173584,
            0.07991648465394974
        ],
        [
            0.08155107498168945,
            0.02889101579785347,
            -0.007184114307165146
        ],
        [
            0.08854138851165771,
            0.02729758992791176,
            -0.014257099479436874
        ],
        [
            0.08261724561452866,
            0.023519504815340042,
            -0.01627843827009201
        ],
        [
            0.0767064318060875,
            0.02331407740712166,
            -0.008953236043453217
        ],
        [
            0.08798646181821823,
            0.03617853671312332,
            -0.004782024770975113
        ],
        [
            0.09667696803808212,
            0.03224588558077812,
            -0.010754317045211792
        ],
        [
            0.15863247215747833,
            0.05934104323387146,
            0.085312120616436
        ],
        [
            0.15689924359321594,
            0.054631706327199936,
            0.08640820533037186
        ],
        [
            0.1603303998708725,
            0.05363542586565018,
            0.08281588554382324
        ],
        [
            0.16193805634975433,
            0.05824991688132286,
            0.0806591659784317
        ],
        [
            0.1424863040447235,
            0.026033977046608925,
            0.053469665348529816
        ],
        [
            0.13586369156837463,
            0.029160652309656143,
            0.04902654141187668
        ],
        [
            0.15520143508911133,
            0.03461503982543945,
            0.05836686119437218
        ],
        [
            0.14812007546424866,
            0.03433701768517494,
            0.05431805178523064
        ],
        [
            0.1515839695930481,
            0.028623811900615692,
            0.05593133345246315
        ],
        [
            0.1577543318271637,
            0.030119119212031364,
            0.058923326432704926
        ],
        [
            0.13342508673667908,
            0.04619830101728439,
            0.04027479514479637
        ],
        [
            0.12551185488700867,
            0.03869984671473503,
            0.03631219267845154
        ],
        [
            0.12991347908973694,
            0.03563543036580086,
            0.039988599717617035
        ],
        [
            0.1389729082584381,
            0.04278020188212395,
            0.04589789733290672
        ],
        [
            0.11559534072875977,
            0.047278571873903275,
            0.030987899750471115
        ],
        [
            0.12447991967201233,
            0.05387582629919052,
            0.03488248959183693
        ],
        [
            0.11781252920627594,
            0.057883284986019135,
            0.03128040209412575
        ],
        [
            0.11211442947387695,
            0.05266691744327545,
            0.030024029314517975
        ],
        [
            0.14167223870754242,
            0.06160380691289902,
            0.04227837175130844
        ],
        [
            0.14599598944187164,
            0.06292862445116043,
            0.04423372820019722
        ],
        [
            0.14253577589988708,
            0.06700529158115387,
            0.04421723634004593
        ],
        [
            0.1388203352689743,
            0.06362488120794296,
            0.04072216525673866
        ],
        [
            0.07756546139717102,
            0.0192369744181633,
            -0.01893213391304016
        ],
        [
            0.07277598977088928,
            0.017325736582279205,
            -0.010555870831012726
        ],
        [
            0.11863216757774353,
            0.06433072686195374,
            0.0033259056508541107
        ],
        [
            0.10753597319126129,
            0.06494040787220001,
            0.0051653701812028885
        ],
        [
            0.1138891652226448,
            0.07547613233327866,
            0.009033167734742165
        ],
        [
            0.12512822449207306,
            0.07269293814897537,
            0.0055564455687999725
        ],
        [
            0.09757699072360992,
            0.02269136533141136,
            -0.01637013629078865
        ],
        [
            0.09121431410312653,
            0.020246755331754684,
            -0.020302195101976395
        ],
        [
            0.157181516289711,
            0.06451132893562317,
            0.08215224742889404
        ],
        [
            0.16014069318771362,
            0.06310048699378967,
            0.07737941294908524
        ],
        [
            0.12300728261470795,
            -0.012828461825847626,
            0.04852551594376564
        ],
        [
            0.13601264357566833,
            0.0037269555032253265,
            0.06125974282622337
        ],
        [
            0.1137942224740982,
            -0.01969972252845764,
            0.033881280571222305
        ],
        [
            0.10882198065519333,
            -0.02204739674925804,
            0.02173524722456932
        ],
        [
            0.10416702926158905,
            -0.025579936802387238,
            0.01319805532693863
        ],
        [
            0.14794044196605682,
            0.04040033742785454,
            0.052902691066265106
        ],
        [
            0.12980127334594727,
            0.03041369467973709,
            0.04261978343129158
        ],
        [
            0.11541816592216492,
            0.03259646147489548,
            0.03236567974090576
        ],
        [
            0.09603433310985565,
            0.05482389032840729,
            0.023590967059135437
        ],
        [
            0.08883695304393768,
            0.04779830947518349,
            0.020817361772060394
        ],
        [
            0.09635970741510391,
            0.04363911971449852,
            0.027182303369045258
        ],
        [
            0.101469486951828,
            0.05059732869267464,
            0.027771849185228348
        ],
        [
            0.1007818654179573,
            0.06649766862392426,
            0.012432126328349113
        ],
        [
            0.10079069435596466,
            0.06501152366399765,
            0.02031639777123928
        ],
        [
            0.10638857632875443,
            0.07067733258008957,
            0.022133102640509605
        ],
        [
            0.10709613561630249,
            0.07397884130477905,
            0.015021933242678642
        ],
        [
            0.14757949113845825,
            0.020747803151607513,
            0.05280062556266785
        ],
        [
            0.14541426301002502,
            0.004855148494243622,
            0.04799485206604004
        ],
        [
            0.07636967301368713,
            0.02788548171520233,
            0.0020131915807724
        ],
        [
            0.07350574433803558,
            0.02077839896082878,
            0.0003477632999420166
        ],
        [
            0.07034586369991302,
            0.014091022312641144,
            -0.003916826099157333
        ],
        [
            0.0959029421210289,
            0.0191788412630558,
            0.02870185486972332
        ],
        [
            0.08642284572124481,
            0.00984741747379303,
            0.02550535835325718
        ],
        [
            0.08838678896427155,
            0.006838768720626831,
            0.028987735509872437
        ],
        [
            0.09780468046665192,
            0.01637125015258789,
            0.029505155980587006
        ],
        [
            0.10675676167011261,
            0.01487000286579132,
            0.03919663652777672
        ],
        [
            0.09746325761079788,
            0.007574919611215591,
            0.043484143912792206
        ],
        [
            0.11428838968276978,
            0.021474339067935944,
            0.04447799175977707
        ],
        [
            0.08463423699140549,
            -0.0035261698067188263,
            0.020528335124254227
        ],
        [
            0.07655701041221619,
            -0.0038039125502109528,
            0.012519322335720062
        ],
        [
            0.08128125965595245,
            -0.01081303134560585,
            0.0154104083776474
        ],
        [
            0.07246363162994385,
            0.003400959074497223,
            0.007283490151166916
        ],
        [
            0.06996555626392365,
            0.009853631258010864,
            0.0016892068088054657
        ],
        [
            0.08647692948579788,
            0.016566328704357147,
            -0.026409931480884552
        ],
        [
            0.08699808269739151,
            -0.01656555011868477,
            0.01729743182659149
        ],
        [
            0.12493941932916641,
            0.02656392753124237,
            0.0618206188082695
        ],
        [
            0.12936314940452576,
            0.03103814646601677,
            0.06400422751903534
        ],
        [
            0.1287212371826172,
            0.03308720886707306,
            0.05676061660051346
        ],
        [
            0.1256311684846878,
            0.028870802372694016,
            0.053968556225299835
        ],
        [
            0.1687469184398651,
            0.030303601175546646,
            0.0538463369011879
        ],
        [
            0.16286303102970123,
            0.028877340257167816,
            0.05826173722743988
        ],
        [
            0.15658317506313324,
            0.02412928082048893,
            0.05449792370200157
        ],
        [
            0.08689796924591064,
            0.028570763766765594,
            0.025168312713503838
        ],
        [
            0.08039271086454391,
            0.03473852947354317,
            0.016277173534035683
        ],
        [
            0.15413548052310944,
            0.03995237126946449,
            0.056544482707977295
        ],
        [
            0.16503246128559113,
            0.05676586180925369,
            0.07622712105512619
        ],
        [
            0.16336123645305634,
            0.05146276205778122,
            0.07872451096773148
        ],
        [
            0.16928449273109436,
            0.03903757408261299,
            0.06517783552408218
        ],
        [
            0.17173920571804047,
            0.045196857303380966,
            0.062435053288936615
        ],
        [
            0.15618667006492615,
            0.0474369153380394,
            0.05464920029044151
        ],
        [
            0.1537192016839981,
            0.04044283181428909,
            0.05689748376607895
        ],
        [
            0.152787446975708,
            0.041796792298555374,
            0.05686512589454651
        ],
        [
            0.15199017524719238,
            0.0483458936214447,
            0.05515945330262184
        ],
        [
            0.13520491123199463,
            0.06957148015499115,
            0.03904072195291519
        ],
        [
            0.1319442093372345,
            0.06648806482553482,
            0.03667881339788437
        ],
        [
            0.1671728938817978,
            0.04788994416594505,
            0.035492606461048126
        ],
        [
            0.1743733137845993,
            0.037913575768470764,
            0.038748860359191895
        ],
        [
            0.1659969687461853,
            0.027775119990110397,
            0.03220761567354202
        ],
        [
            0.12808719277381897,
            0.049958065152168274,
            0.03666500747203827
        ],
        [
            0.13475538790225983,
            0.05705593153834343,
            0.03982405737042427
        ],
        [
            0.13201147317886353,
            0.059399522840976715,
            0.03786374628543854
        ],
        [
            0.148920476436615,
            0.044816430658102036,
            0.05220911651849747
        ],
        [
            0.15394409000873566,
            0.0459572896361351,
            0.05427508428692818
        ],
        [
            0.1517757922410965,
            0.049749743193387985,
            0.05174136161804199
        ],
        [
            0.14548718929290771,
            0.04778580367565155,
            0.04909421131014824
        ],
        [
            0.10051160305738449,
            0.054824307560920715,
            0.0003741364926099777
        ],
        [
            0.0926831066608429,
            0.05715417116880417,
            0.00877881795167923
        ],
        [
            0.15396104753017426,
            0.0511983186006546,
            0.08529035747051239
        ],
        [
            0.15662144124507904,
            0.04976622015237808,
            0.08228101581335068
        ],
        [
            0.12040451169013977,
            0.04251008853316307,
            0.03290736675262451
        ],
        [
            0.15378275513648987,
            0.018669383600354195,
            0.02723068557679653
        ],
        [
            0.1116204708814621,
            0.035842180252075195,
            0.030130771920084953
        ],
        [
            0.1386328786611557,
            0.07396480441093445,
            0.020273806527256966
        ],
        [
            0.13184066116809845,
            0.0775618925690651,
            0.026176802814006805
        ],
        [
            0.1333465725183487,
            0.07850167155265808,
            0.029232662171125412
        ],
        [
            0.1388978660106659,
            0.07849705219268799,
            0.02679331786930561
        ],
        [
            0.14788533747196198,
            0.05772200971841812,
            0.06595272570848465
        ],
        [
            0.14650553464889526,
            0.05295271798968315,
            0.06919695436954498
        ],
        [
            0.1449759155511856,
            0.054479192942380905,
            0.07238161563873291
        ],
        [
            0.14602762460708618,
            0.05980324000120163,
            0.07003146409988403
        ],
        [
            0.1554364413022995,
            0.03541373834013939,
            0.059403277933597565
        ],
        [
            0.1594848334789276,
            0.03200560435652733,
            0.061643026769161224
        ],
        [
            0.1579611599445343,
            0.03472152352333069,
            0.0640673115849495
        ],
        [
            0.1542760729789734,
            0.0383034311234951,
            0.06064373254776001
        ],
        [
            0.1649067997932434,
            0.031685467809438705,
            0.061648543924093246
        ],
        [
            0.16415587067604065,
            0.03519103676080704,
            0.06539739668369293
        ],
        [
            0.15247811377048492,
            0.062181781977415085,
            0.06530154496431351
        ],
        [
            0.1591627150774002,
            0.06384243816137314,
            0.068219393491745
        ],
        [
            0.16463357210159302,
            0.05487700179219246,
            0.05433768033981323
        ],
        [
            0.1564786583185196,
            0.05446349456906319,
            0.054765645414590836
        ],
        [
            0.11946102231740952,
            0.03146931529045105,
            -0.0033901259303092957
        ],
        [
            0.11069875955581665,
            0.037849441170692444,
            -0.006055943667888641
        ],
        [
            0.11875328421592712,
            0.04911085218191147,
            0.00047728046774864197
        ],
        [
            0.12720747292041779,
            0.06087537854909897,
            0.005790693685412407
        ],
        [
            0.13526436686515808,
            0.071077361702919,
            0.012398937717080116
        ],
        [
            0.14608071744441986,
            0.06513334810733795,
            0.013796640560030937
        ],
        [
            0.11139573156833649,
            0.05237182602286339,
            -0.0013980939984321594
        ],
        [
            0.16338053345680237,
            0.052112698554992676,
            0.048133090138435364
        ],
        [
            0.16819341480731964,
            0.049428898841142654,
            0.04541857913136482
        ],
        [
            0.16678227484226227,
            0.05205393210053444,
            0.042992278933525085
        ],
        [
            0.10626640170812607,
            0.04084041714668274,
            0.028732214123010635
        ],
        [
            0.15954071283340454,
            0.047662440687417984,
            0.07897251844406128
        ],
        [
            0.11626926064491272,
            -0.01270218938589096,
            -0.0005353763699531555
        ],
        [
            0.11334776878356934,
            -0.002987802028656006,
            -0.009846288710832596
        ],
        [
            0.11899983882904053,
            0.00070185586810112,
            -0.004164978861808777
        ],
        [
            0.1218196451663971,
            -0.010070718824863434,
            0.007302597165107727
        ],
        [
            0.14894501864910126,
            0.04819433391094208,
            0.0736548900604248
        ],
        [
            0.15369033813476562,
            0.0457955002784729,
            0.07725850492715836
        ],
        [
            0.12766361236572266,
            0.07120661437511444,
            0.03464677184820175
        ],
        [
            0.131393700838089,
            0.07335822284221649,
            0.03652796894311905
        ],
        [
            0.1299869865179062,
            0.07641010731458664,
            0.03391316905617714
        ],
        [
            0.12521395087242126,
            0.07654217630624771,
            0.03362211957573891
        ],
        [
            0.10516291856765747,
            0.039873912930488586,
            -0.007164936512708664
        ],
        [
            0.11541031301021576,
            0.08148730546236038,
            0.014138355851173401
        ],
        [
            0.12630945444107056,
            0.0795770138502121,
            0.011338651180267334
        ],
        [
            0.10410813987255096,
            0.027873452752828598,
            -0.01166360080242157
        ],
        [
            0.11196032166481018,
            0.02227730304002762,
            -0.010000046342611313
        ],
        [
            0.10624538362026215,
            0.01610572263598442,
            -0.015025153756141663
        ],
        [
            0.1557929366827011,
            0.06167234480381012,
            0.02476535364985466
        ],
        [
            0.1266002058982849,
            0.028102658689022064,
            0.0002802908420562744
        ],
        [
            0.11774076521396637,
            0.018619809299707413,
            -0.006519787013530731
        ],
        [
            0.11115927994251251,
            0.01108599454164505,
            -0.012354627251625061
        ],
        [
            0.10646530240774155,
            0.00624069944024086,
            -0.017343055456876755
        ],
        [
            0.10146983712911606,
            0.012229826301336288,
            -0.01965080201625824
        ],
        [
            0.16282984614372253,
            0.061290193349123,
            0.07234136760234833
        ],
        [
            0.1557411253452301,
            0.06652028858661652,
            0.0732109546661377
        ],
        [
            0.09675855934619904,
            0.008111968636512756,
            -0.02631497010588646
        ],
        [
            0.10222041606903076,
            0.0014395788311958313,
            -0.022899489849805832
        ],
        [
            0.12364305555820465,
            0.013344768434762955,
            -0.001803327351808548
        ],
        [
            0.1297089159488678,
            0.006389986723661423,
            0.005269981920719147
        ],
        [
            0.1318415105342865,
            0.022732481360435486,
            0.004762515425682068
        ],
        [
            0.13872456550598145,
            0.016770578920841217,
            0.011855248361825943
        ],
        [
            0.16464181244373322,
            0.05446045473217964,
            0.023414719849824905
        ],
        [
            0.1421489268541336,
            0.06976892799139023,
            0.0851854607462883
        ],
        [
            0.14734211564064026,
            0.0670349970459938,
            0.07554376125335693
        ],
        [
            0.14382074773311615,
            0.06247778981924057,
            0.07463409006595612
        ],
        [
            0.1387481689453125,
            0.06776413321495056,
            0.08371467143297195
        ],
        [
            0.14981578290462494,
            0.06439509987831116,
            0.07011404633522034
        ],
        [
            0.15267813205718994,
            0.06775079667568207,
            0.0779595673084259
        ],
        [
            0.14305223524570465,
            0.008047923445701599,
            0.022461026906967163
        ],
        [
            0.15700480341911316,
            0.05139042064547539,
            0.0535547100007534
        ],
        [
            0.1322437822818756,
            -0.004684720188379288,
            0.019917115569114685
        ],
        [
            0.14911608397960663,
            0.004916485399007797,
            0.03539927303791046
        ],
        [
            0.1405395269393921,
            -0.0037231743335723877,
            0.03651610016822815
        ],
        [
            0.12102092802524567,
            -0.01773713529109955,
            0.02009430155158043
        ],
        [
            0.12949782609939575,
            -0.01406903937458992,
            0.03595174476504326
        ],
        [
            0.10997074842453003,
            -0.02268274873495102,
            0.003701508045196533
        ],
        [
            0.11558862030506134,
            -0.019168071448802948,
            0.010582193732261658
        ],
        [
            0.1381641924381256,
            -0.004734039306640625,
            0.04910238832235336
        ],
        [
            0.1418331265449524,
            0.054396066814661026,
            0.0886634811758995
        ],
        [
            0.1384178251028061,
            0.05729791149497032,
            0.08502534031867981
        ],
        [
            0.11150234937667847,
