{
    "pred_cam": [
        8.2685546875,
        0.08412788808345795,
        0.019247591495513916
    ],
    "pred_mano_params": {
        "global_orient": [
            [
                [
                    0.14587077498435974,
                    0.8126249313354492,
                    0.5642362236976624
                ],
                [
                    -0.15889720618724823,
                    0.5821770429611206,
                    -0.7973842024803162
                ],
                [
                    -0.9764595627784729,
                    0.026659362018108368,
                    0.214046448469162
                ]
            ]
        ],
        "hand_pose": [
            [
                [
                    0.9190091490745544,
                    -0.28840434551239014,
                    -0.26878470182418823
                ],
                [
                    0.33368340134620667,
                    0.9321187734603882,
                    0.14074841141700745
                ],
                [
                    0.20994676649570465,
                    -0.21903805434703827,
                    0.9528614282608032
                ]
            ],
            [
                [
                    0.9981776475906372,
                    0.05788934975862503,
                    -0.017034489661455154
                ],
                [
                    -0.06009802594780922,
                    0.9791255593299866,
                    -0.19416821002960205
                ],
                [
                    0.00543863233178854,
                    0.19483810663223267,
                    0.9808202981948853
                ]
            ],
            [
                [
                    0.9922457933425903,
                    -0.03775057941675186,
                    0.11841932684183121
                ],
                [
                    0.04590025171637535,
                    0.9967056512832642,
                    -0.06686494499444962
                ],
                [
                    -0.11550503224134445,
                    0.0717819407582283,
                    0.9907097220420837
                ]
            ],
            [
                [
                    0.9724188446998596,
                    -0.10677381604909897,
                    0.207366481423378
                ],
                [
                    0.1793683022260666,
                    0.9106432199478149,
                    -0.3722310960292816
                ],
                [
                    -0.14909233152866364,
                    0.3991595208644867,
                    0.904678463935852
                ]
            ],
            [
                [
                    0.9721300005912781,
                    0.23291000723838806,
                    0.02676158957183361
                ],
                [
                    -0.22795690596103668,
                    0.9123951196670532,
                    0.33995696902275085
                ],
                [
                    0.054762233048677444,
                    -0.33658283948898315,
                    0.9400601387023926
                ]
            ],
            [
                [
                    0.8032987117767334,
                    -0.40106362104415894,
                    0.4402942955493927
                ],
                [
                    0.39429089426994324,
                    0.9121907949447632,
                    0.11154618859291077
                ],
                [
                    -0.44636955857276917,
                    0.0839991420507431,
                    0.8908973932266235
                ]
            ],
            [
                [
                    0.8840811848640442,
                    -0.17029568552970886,
                    0.43520089983940125
                ],
                [
                    0.2174641191959381,
                    0.9741877317428589,
                    -0.060560427606105804
                ],
                [
                    -0.41365423798561096,
                    0.14818091690540314,
                    0.8982942700386047
                ]
            ],
            [
                [
                    0.9805582761764526,
                    0.07376141846179962,
                    -0.18183736503124237
                ],
                [
                    -0.0978512242436409,
                    0.9870283603668213,
                    -0.12727975845336914
                ],
                [
                    0.17009030282497406,
                    0.1425982266664505,
                    0.9750564694404602
                ]
            ],
            [
                [
                    0.9490092992782593,
                    0.026381663978099823,
                    0.3141421973705292
                ],
                [
                    -0.1954498291015625,
                    0.8310977220535278,
                    0.5206494927406311
                ],
                [
                    -0.24734728038311005,
                    -0.555500328540802,
                    0.7938757538795471
                ]
            ],
            [
                [
                    0.9814230799674988,
                    -0.09567989408969879,
                    0.16629521548748016
                ],
                [
                    0.12949463725090027,
                    0.9699053168296814,
                    -0.20619109272956848
                ],
                [
                    -0.14156228303909302,
                    0.22389504313468933,
                    0.9642775058746338
                ]
            ],
            [
                [
                    0.9957529902458191,
                    0.08969911187887192,
                    -0.020737672224640846
                ],
                [
                    -0.07177729904651642,
                    0.8974332809448242,
                    0.4352717399597168
                ],
                [
                    0.05765417218208313,
                    -0.4319346249103546,
                    0.90006023645401
                ]
            ],
            [
                [
                    0.8607752919197083,
                    -0.3911817669868469,
                    0.32564178109169006
                ],
                [
                    0.28217554092407227,
                    0.8992238640785217,
                    0.3343251347541809
                ],
                [
                    -0.423606812953949,
                    -0.19589067995548248,
                    0.884411633014679
                ]
            ],
            [
                [
                    0.7071079015731812,
                    0.6787683963775635,
                    -0.19817118346691132
                ],
                [
                    -0.3830524981021881,
                    0.13213026523590088,
                    -0.9142277240753174
                ],
                [
                    -0.5943645238876343,
                    0.7223676443099976,
                    0.3534342646598816
                ]
            ],
            [
                [
                    0.8570161461830139,
                    -0.18806719779968262,
                    -0.47974374890327454
                ],
                [
                    0.36604446172714233,
                    0.8774744868278503,
                    0.3099193572998047
                ],
                [
                    0.3626772463321686,
                    -0.4412134289741516,
                    0.8208507895469666
                ]
            ],
            [
                [
                    0.9472606778144836,
                    -0.2791220545768738,
                    -0.1574423462152481
                ],
                [
                    0.07401295006275177,
                    0.6685639023780823,
                    -0.7399623394012451
                ],
                [
                    0.31180015206336975,
                    0.6892844438552856,
                    0.6539629697799683
                ]
            ]
        ],
        "betas": [
            -0.09720838069915771,
            0.028427332639694214,
            -0.10551175475120544,
            0.10513612627983093,
            0.08755379915237427,
            0.1592303216457367,
            0.10210263729095459,
            -0.02118799090385437,
            0.08855243027210236,
            0.07544030249118805
        ]
    },
    "pred_cam_t": [
        -0.08412788808345795,
        0.019247591495513916,
        4.724223613739014
    ],
    "focal_length": [
        5000.0,
        5000.0
    ],
    "pred_keypoints_3d": [
        [
            0.09621144831180573,
            0.006425074301660061,
            0.006219496019184589
        ],
        [
            0.09470153599977493,
            -0.019457876682281494,
            0.03500570356845856
        ],
        [
            0.09233026951551437,
            -0.041370414197444916,
            0.05665510147809982
        ],
        [
            0.0971159115433693,
            -0.04460638016462326,
            0.08323702216148376
        ],
        [
            0.09062895178794861,
            -0.033972084522247314,
            0.11619225889444351
        ],
        [
            0.09078998863697052,
            0.0009015463292598724,
            0.0972079262137413
        ],
        [
            0.07721733301877975,
            0.0065014902502298355,
            0.1270483136177063
        ],
        [
            0.06522180140018463,
            0.009546191431581974,
            0.14567629992961884
        ],
        [
            0.053878091275691986,
            0.01184854470193386,
            0.16852989792823792
        ],
        [
            0.07920631021261215,
            0.02340880036354065,
            0.09845777601003647
        ],
        [
            0.07315872609615326,
            0.027174577116966248,
            0.12950047850608826
        ],
        [
            0.07001444697380066,
            0.030675008893013,
            0.15240269899368286
        ],
        [
            0.06855969876050949,
            0.02095145359635353,
            0.17598262429237366
        ],
        [
            0.06591721624135971,
            0.03854382783174515,
            0.08061272650957108
        ],
        [
            0.060898639261722565,
            0.04313705489039421,
            0.10876699537038803
        ],
        [
            0.051086463034152985,
            0.04798450320959091,
            0.1310916244983673
        ],
        [
            0.046261996030807495,
            0.04296398162841797,
            0.15513059496879578
        ],
        [
            0.0535670667886734,
            0.046187225729227066,
            0.0641811415553093
        ],
        [
            0.04581623151898384,
            0.05107198283076286,
            0.08329297602176666
        ],
        [
            0.03992798551917076,
            0.05837016925215721,
            0.09986699372529984
        ],
        [
            0.036240868270397186,
            0.05949758365750313,
            0.12179990857839584
        ]
    ],
    "pred_vertices": [
        [
            0.08786884695291519,
            -0.010633139871060848,
            0.05808908864855766
        ],
        [
            0.09066879004240036,
            -0.01269838772714138,
            0.04930730164051056
        ],
        [
            0.09274263679981232,
            -0.019858641549944878,
            0.058619800955057144
        ],
        [
            0.09065470844507217,
            -0.01814897730946541,
            0.06543266773223877
        ],
        [
            0.07982848584651947,
            -0.020524121820926666,
            0.04633912816643715
        ],
        [
            0.07869569957256317,
            -0.028595905750989914,
            0.03803990036249161
        ],
        [
            0.07876762747764587,
            -0.03699854761362076,
            0.05193701758980751
        ],
        [
            0.07968150079250336,
            -0.028963569551706314,
            0.05713026225566864
        ],
        [
            0.09517422318458557,
            -0.02365703508257866,
            0.07127925753593445
        ],
        [
            0.09314842522144318,
            -0.025446761399507523,
            0.06520815193653107
        ],
        [
            0.10187608748674393,
            -0.026497498154640198,
            0.07019802927970886
        ],
        [
            0.10487902164459229,
            -0.019887985661625862,
            0.0786590725183487
        ],
        [
            0.09658874571323395,
            -0.018879933282732964,
            0.07852284610271454
        ],
        [
            0.10434107482433319,
            -0.013510319404304028,
            0.08664284646511078
        ],
        [
            0.11235488206148148,
            -0.01731412298977375,
            0.07130847871303558
        ],
        [
            0.10929226130247116,
            -0.005716144572943449,
            0.0851878672838211
        ],
        [
            0.1080925390124321,
            0.01379584800451994,
            0.06236911937594414
        ],
        [
            0.10147283971309662,
            0.024763615801930428,
            0.05648348480463028
        ],
        [
            0.09699641168117523,
            0.02798660844564438,
            0.0718400627374649
        ],
        [
            0.1033715009689331,
            0.016666539013385773,
            0.076807402074337
        ],
        [
            0.08578291535377502,
            0.03811909258365631,
            0.057517070323228836
        ],
        [
            0.09184229373931885,
            0.0331222340464592,
            0.06628629565238953
        ],
        [
            0.09718504548072815,
            0.030488979071378708,
            0.050895094871520996
        ],
        [
            0.09131364524364471,
            0.035121265798807144,
            0.04378926753997803
        ],
        [
            0.08067208528518677,
            0.0021757129579782486,
            0.0468413345515728
        ],
        [
            0.0819116160273552,
            0.0001238873228430748,
            0.0362241193652153
        ],
        [
            0.08644148707389832,
            -0.004340833984315395,
            0.040413230657577515
        ],
        [
            0.08396431803703308,
            -0.0024385014548897743,
            0.05002785474061966
        ],
        [
            0.10541379451751709,
            -0.03832554817199707,
            0.06465867161750793
        ],
        [
            0.10884440690279007,
            -0.03379414603114128,
            0.05946642532944679
        ],
        [
            0.10765921324491501,
            -0.029615627601742744,
            0.06566213071346283
        ],
        [
            0.10277658700942993,
            -0.03469810262322426,
            0.06750425696372986
        ],
        [
            0.07319628447294235,
            -0.0010838583111763,
            0.007974326610565186
        ],
        [
            0.08106505870819092,
            -0.001433834433555603,
            -0.0030627474188804626
        ],
        [
            0.08457475900650024,
            -0.005543883889913559,
            -0.0010425448417663574
        ],
        [
            0.07705464214086533,
            -0.0038277562707662582,
            0.008874021470546722
        ],
        [
            0.08684398233890533,
            -0.02078396826982498,
            0.014165833592414856
        ],
        [
            0.09405737370252609,
            -0.0181026142090559,
            0.004275478422641754
        ],
        [
            0.1074489876627922,
            -0.02191266603767872,
            0.0013536736369132996
        ],
        [
            0.10306017845869064,
            -0.025234289467334747,
            0.010850034654140472
        ],
        [
            0.08162419497966766,
            -0.023904886096715927,
            0.027252815663814545
        ],
        [
            0.0929488092660904,
            -0.030618388205766678,
            0.021225154399871826
        ],
        [
            0.08481259644031525,
            -0.03534082695841789,
            0.032170794904232025
        ],
        [
            0.08318758755922318,
            -0.04368363320827484,
            0.04698265343904495
        ],
        [
            0.07566197216510773,
            0.009509440511465073,
            -0.00721585750579834
        ],
        [
            0.06871805340051651,
            0.010943038389086723,
            0.00012236833572387695
        ],
        [
            0.07252275198698044,
            -0.0022600481752306223,
            0.13227473199367523
        ],
        [
            0.06800143420696259,
            0.0009103536140173674,
            0.1302955001592636
        ],
        [
            0.07062987983226776,
            -0.0008591029327362776,
            0.12500333786010742
        ],
        [
            0.0748281329870224,
            -0.003416792955249548,
            0.12805256247520447
        ],
        [
            0.07911565899848938,
            0.02907368540763855,
            -0.0029910430312156677
        ],
        [
            0.08754155039787292,
            0.034466132521629333,
            -0.0011191293597221375
        ],
        [
            0.0875399187207222,
            0.03280148655176163,
            -0.008256599307060242
        ],
        [
            0.08084496855735779,
            0.026261983439326286,
            -0.00980725884437561
        ],
        [
            0.07675283402204514,
            0.03262361139059067,
            0.006054572761058807
        ],
        [
            0.08727087825536728,
            0.0360039658844471,
            0.008931554853916168
        ],
        [
            0.08173997700214386,
            0.005517891608178616,
            0.1360616683959961
        ],
        [
            0.0799078419804573,
            0.0007147183641791344,
            0.13611602783203125
        ],
        [
            0.08315631747245789,
            0.0007101967930793762,
            0.13201913237571716
        ],
        [
            0.08461955934762955,
            0.005868979729712009,
            0.1312415599822998
        ],
        [
            0.08931881934404373,
            -0.01503670308738947,
            0.07430478185415268
        ],
        [
            0.08457974344491959,
            -0.00849014800041914,
            0.06772510707378387
        ],
        [
            0.08459596335887909,
            -0.008153754286468029,
            0.09209667891263962
        ],
        [
            0.08417952060699463,
            -0.0065343063324689865,
            0.08179983496665955
        ],
        [
            0.08971274644136429,
            -0.012281682342290878,
            0.08342021703720093
        ],
        [
            0.09041338413953781,
            -0.01158842258155346,
            0.09194110333919525
        ],
        [
            0.07444792985916138,
            0.010680011473596096,
            0.06762909889221191
        ],
        [
            0.0770685151219368,
            0.007889230735599995,
            0.05640638247132301
        ],
        [
            0.08011017739772797,
            0.0034320885315537453,
            0.060641735792160034
        ],
        [
            0.07729671895503998,
            0.00489139836281538,
            0.07350674271583557
        ],
        [
            0.06792962551116943,
            0.01615535095334053,
            0.049214549362659454
        ],
        [
            0.06635379791259766,
            0.018486177548766136,
            0.060931019484996796
        ],
        [
            0.06122009828686714,
            0.02290957048535347,
            0.05564294382929802
        ],
        [
            0.062562495470047,
            0.019862735643982887,
            0.048127975314855576
        ],
        [
            0.06596626341342926,
            0.02186964452266693,
            0.08257035911083221
        ],
        [
            0.0668092742562294,
            0.026158848777413368,
            0.09120399504899979
        ],
        [
            0.0651710107922554,
            0.02712613344192505,
            0.08899705111980438
        ],
        [
            0.06442738324403763,
            0.024064471945166588,
            0.08031567186117172
        ],
        [
            0.08871372789144516,
            0.031459201127290726,
            -0.015147946774959564
        ],
        [
            0.08331677317619324,
            0.023181162774562836,
            -0.01595006138086319
        ],
        [
            0.07126332819461823,
            0.04634992033243179,
            0.04416925460100174
        ],
        [
            0.0630347803235054,
            0.04482482001185417,
            0.036808449774980545
        ],
        [
            0.057804614305496216,
            0.0495731458067894,
            0.047502364963293076
        ],
        [
            0.06798011809587479,
            0.04974657669663429,
            0.05230382829904556
        ],
        [
            0.09694177657365799,
            0.03445781022310257,
            0.003565944731235504
        ],
        [
            0.09664563834667206,
            0.03501643240451813,
            -0.004303969442844391
        ],
        [
            0.08030340075492859,
            0.011408702470362186,
            0.13463370501995087
        ],
        [
            0.08254861831665039,
            0.011350906454026699,
            0.12950140237808228
        ],
        [
            0.0980508029460907,
            -0.035235561430454254,
            0.027981743216514587
        ],
        [
            0.09195773303508759,
            -0.04597349464893341,
            0.044228695333004
        ],
        [
            0.10681676119565964,
            -0.026306258514523506,
            0.01722060889005661
        ],
        [
            0.11341902613639832,
            -0.01989954710006714,
            0.009861938655376434
        ],
        [
            0.1185976043343544,
            -0.017216332256793976,
            0.0025638043880462646
        ],
        [
            0.07971520721912384,
            -0.0012191561982035637,
            0.08362807333469391
        ],
        [
            0.08284662663936615,
            -0.002631501294672489,
            0.06008823588490486
        ],
        [
            0.0775717943906784,
            0.005702802911400795,
            0.04408400505781174
        ],
        [
            0.05494100600481033,
            0.023762790486216545,
            0.03284353017807007
        ],
        [
            0.057177308946847916,
            0.020421896129846573,
            0.022872261703014374
        ],
        [
            0.06131739541888237,
            0.014110423624515533,
            0.030367352068424225
        ],
        [
            0.05901224538683891,
            0.018762852996587753,
            0.03759101778268814
        ],
        [
            0.05461641028523445,
            0.03974528983235359,
            0.035795796662569046
        ],
        [
            0.051743194460868835,
            0.033139705657958984,
            0.03948057442903519
        ],
        [
            0.04945378005504608,
            0.03682585060596466,
            0.04835987463593483
        ],
        [
            0.0512666329741478,
            0.04377482831478119,
            0.045695990324020386
        ],
        [
            0.10505659133195877,
            -0.045370858162641525,
            0.062171220779418945
        ],
        [
            0.10842912644147873,
            -0.03837566077709198,
            0.05382499471306801
        ],
        [
            0.0725765973329544,
            0.020686674863100052,
            -0.003379642963409424
        ],
        [
            0.07644785940647125,
            0.017082076519727707,
            -0.009111478924751282
        ],
        [
            0.08106379956007004,
            0.01567082107067108,
            -0.016085922718048096
        ],
        [
            0.0777166336774826,
            -0.0014921259135007858,
            0.02271236479282379
        ],
        [
            0.0795230120420456,
            -0.005741991102695465,
            0.00961710512638092
        ],
        [
            0.08114117383956909,
            -0.00848646741360426,
            0.012584462761878967
        ],
        [
            0.08095818758010864,
            -0.0027555879205465317,
            0.024965837597846985
        ],
        [
            0.08740383386611938,
            -0.01150533463805914,
            0.04308674857020378
        ],
        [
            0.08119942247867584,
            -0.014358440414071083,
            0.03215350955724716
        ],
        [
            0.08758169412612915,
            -0.01774079166352749,
            0.054600782692432404
        ],
        [
            0.08944115042686462,
            -0.011242327280342579,
            0.0001291707158088684
        ],
        [
            0.08894047141075134,
            -0.007575175724923611,
            -0.010304756462574005
        ],
        [
            0.09497102349996567,
            -0.013438443653285503,
            -0.00788801908493042
        ],
        [
            0.08421340584754944,
            0.0004963334649801254,
            -0.013283208012580872
        ],
        [
            0.08108662813901901,
            0.008622726425528526,
            -0.01540527492761612
        ],
        [
            0.09921076893806458,
            0.036681946367025375,
            -0.012311384081840515
        ],
        [
            0.10131639987230301,
            -0.017636263743042946,
            -0.004721477627754211
        ],
        [
            0.08184853196144104,
            -0.03442433103919029,
            0.06331931054592133
        ],
        [
            0.08478368073701859,
            -0.03773672133684158,
            0.06893520802259445
        ],
        [
            0.0899125337600708,
            -0.032390911132097244,
            0.06973636895418167
        ],
        [
            0.08805618435144424,
            -0.030026113614439964,
            0.06550869345664978
        ],
        [
            0.10291661322116852,
            -0.0070330360904335976,
            0.09612247347831726
        ],
        [
            0.09668144583702087,
            -0.011603540740907192,
            0.09491271525621414
        ],
        [
            0.09781729429960251,
            -0.015959499403834343,
            0.08494830876588821
        ],
        [
            0.06724722683429718,
            0.004858912900090218,
            0.01599651575088501
        ],
        [
            0.06353619694709778,
            0.01463056169450283,
            0.008965060114860535
        ],
        [
            0.08061473071575165,
            -0.0030820188112556934,
            0.09396062046289444
        ],
        [
            0.08741236478090286,
            0.0070022037252783775,
            0.12707072496414185
        ],
        [
            0.08642937242984772,
            0.0011851228773593903,
            0.12757658958435059
        ],
        [
            0.0952293798327446,
            -0.0013371724635362625,
            0.11158407479524612
        ],
        [
            0.09592382609844208,
            0.0053745293989777565,
            0.11222217977046967
        ],
        [
            0.07877767086029053,
            0.0051799644716084,
            0.10111542791128159
        ],
        [
            0.07990018278360367,
            -0.001705431379377842,
            0.09916216135025024
        ],
        [
            0.07914891839027405,
            -6.42391387373209e-05,
            0.1018025204539299
        ],
        [
            0.07659126818180084,
            0.0057019395753741264,
            0.10356619209051132
        ],
        [
            0.06048860400915146,
            0.03118167631328106,
            0.08183092623949051
        ],
        [
            0.059857189655303955,
            0.02871086820960045,
            0.07448355108499527
        ],
        [
            0.09474325180053711,
            0.018325258046388626,
            0.09043214470148087
        ],
        [
            0.10542241483926773,
            0.009780452586710453,
            0.0923176184296608
        ],
        [
            0.10942386090755463,
            0.005159070715308189,
            0.08057340979576111
        ],
        [
            0.07042822241783142,
            0.01512528583407402,
            0.06308338046073914
        ],
        [
            0.06738327443599701,
            0.018331900238990784,
            0.0729837566614151
        ],
        [
            0.0650339126586914,
            0.021143155172467232,
            0.07091312110424042
        ],
        [
            0.07761169970035553,
            0.0025540166534483433,
            0.08623602986335754
        ],
        [
            0.0775572657585144,
            0.0027940385043621063,
            0.09418928623199463
        ],
        [
            0.07567757368087769,
            0.007490452844649553,
            0.09018023312091827
        ],
        [
            0.07573115825653076,
            0.006721929647028446,
            0.08252972364425659
        ],
        [
            0.06857530772686005,
            0.04147227108478546,
            0.025401711463928223
        ],
        [
            0.05845709145069122,
            0.035676904022693634,
            0.02391090989112854
        ],
        [
            0.07670263200998306,
            -0.0022135903127491474,
            0.13456416130065918
        ],
        [
            0.0795677974820137,
            -0.00276943389326334,
            0.13045033812522888
        ],
        [
            0.07309357821941376,
            0.012288890779018402,
            0.052153538912534714
        ],
        [
            0.11175894737243652,
            0.0016249024774879217,
            0.06592859327793121
        ],
        [
            0.07419048994779587,
            0.009081882424652576,
            0.04110793396830559
        ],
        [
            0.0702243223786354,
            0.04498519003391266,
            0.07081800699234009
        ],
        [
            0.06352045387029648,
            0.04405064880847931,
            0.07103128731250763
        ],
        [
            0.06314853578805923,
            0.044033732265233994,
            0.07808563858270645
        ],
        [
            0.06861662119626999,
            0.04629983752965927,
            0.07908841967582703
        ],
        [
            0.07029929012060165,
            0.009330883622169495,
            0.11727204918861389
        ],
        [
            0.0697275847196579,
            0.0035594606306403875,
            0.11825893819332123
        ],
        [
            0.06757444888353348,
            0.004286508075892925,
            0.12283633649349213
        ],
        [
            0.06827379763126373,
            0.009959579445421696,
            0.1221228539943695
        ],
        [
            0.083579882979393,
            -0.006371175404638052,
            0.09935330599546432
        ],
        [
            0.08913886547088623,
            -0.009551308117806911,
            0.0999230220913887
        ],
        [
            0.0863179937005043,
            -0.007345219608396292,
            0.10611487925052643
        ],
        [
            0.08178885281085968,
            -0.003993947058916092,
            0.10395599156618118
        ],
        [
            0.09488295018672943,
            -0.007823442108929157,
            0.10305516421794891
        ],
        [
            0.09178541600704193,
            -0.00598702160641551,
            0.10907720774412155
        ],
        [
            0.07460906356573105,
            0.014279570430517197,
            0.11847682297229767
        ],
        [
            0.08142358064651489,
            0.015870025381445885,
            0.1217084676027298
        ],
        [
            0.08743496239185333,
            0.014889368787407875,
            0.10808048397302628
        ],
        [
            0.07961741834878922,
            0.011829420924186707,
            0.10696472972631454
        ],
        [
            0.09739699214696884,
            0.03269552066922188,
            0.030318066477775574
        ],
        [
            0.08925216645002365,
            0.03758333995938301,
            0.02438230812549591
        ],
        [
            0.08301205188035965,
            0.040189363062381744,
            0.03762544319033623
        ],
        [
            0.07735917717218399,
            0.04373243823647499,
            0.05014440417289734
        ],
        [
            0.07180614024400711,
            0.04561612755060196,
            0.06229885667562485
        ],
        [
            0.08144399523735046,
            0.04175257682800293,
            0.0685388445854187
        ],
        [
            0.07743630558252335,
            0.042684853076934814,
            0.03222735598683357
        ],
        [
            0.0831313505768776,
            0.014143583364784718,
            0.09843295067548752
        ],
        [
            0.09223764389753342,
            0.013700932264328003,
            0.09794767946004868
        ],
        [
            0.08938141167163849,
            0.01686277613043785,
            0.095377616584301
        ],
        [
            0.06829816102981567,
            0.012592500075697899,
            0.03802426904439926
        ],
        [
            0.08331026136875153,
            -0.0027539224829524755,
            0.12607498466968536
        ],
        [
            0.12385967373847961,
            0.002217974979430437,
            0.011930666863918304
        ],
        [
            0.12037941813468933,
            0.015004221349954605,
            0.009663626551628113
        ],
        [
            0.11841284483671188,
            0.013754955492913723,
            0.018112897872924805
        ],
        [
            0.12102503329515457,
            -0.001400377252139151,
            0.020047634840011597
        ],
        [
            0.07301956415176392,
            -0.0021691815927624702,
            0.12028368562459946
        ],
        [
            0.07793053239583969,
            -0.004749753978103399,
            0.12338026612997055
        ],
        [
            0.05601450800895691,
            0.03392907232046127,
            0.07270903885364532
        ],
        [
            0.05788512900471687,
            0.035721439868211746,
            0.07951435446739197
        ],
        [
            0.05805017054080963,
            0.039578959345817566,
            0.0800325945019722
        ],
        [
            0.053896065801382065,
            0.039351675659418106,
            0.07347968220710754
        ],
        [
            0.08522246032953262,
            0.03893399238586426,
            0.02017863094806671
        ],
        [
            0.05522030591964722,
            0.05222855880856514,
            0.054858580231666565
        ],
        [
            0.0641167089343071,
            0.05254548043012619,
            0.05824056640267372
        ],
        [
            0.09499851614236832,
            0.03499933332204819,
            0.012896478176116943
        ],
        [
            0.10254587233066559,
            0.031162284314632416,
            0.01794995367527008
        ],
        [
            0.10578197240829468,
            0.030358536168932915,
            0.008747510612010956
        ],
        [
            0.08579795062541962,
            0.03462885320186615,
            0.08197204023599625
        ],
        [
            0.1021062582731247,
            0.028700489550828934,
            0.036555346101522446
        ],
        [
            0.10673822462558746,
            0.026885952800512314,
            0.02287367731332779
        ],
        [
            0.1108277291059494,
            0.025706849992275238,
            0.012089848518371582
        ],
        [
            0.11364011466503143,
            0.025749415159225464,
            0.004180058836936951
        ],
        [
            0.10774880647659302,
            0.030746515840291977,
            0.0013185665011405945
        ],
        [
            0.08496054261922836,
            0.012469329871237278,
            0.12477852404117584
        ],
        [
            0.07839751988649368,
            0.015532510355114937,
            0.12666690349578857
        ],
        [
            0.11090150475502014,
            0.03257542848587036,
            -0.007103055715560913
        ],
        [
            0.11698585748672485,
            0.0263652466237545,
            -0.0036281198263168335
        ],
        [
            0.11152385175228119,
            0.02065468579530716,
            0.027866125106811523
        ],
        [
            0.11604990810155869,
            0.011174504645168781,
            0.032769933342933655
        ],
        [
            0.1066262423992157,
            0.02247873693704605,
            0.0408705472946167
        ],
        [
            0.11115721613168716,
            0.013701720163226128,
            0.047219038009643555
        ],
        [
            0.0942545086145401,
            0.029101792722940445,
            0.0831197202205658
        ],
        [
            0.06690425425767899,
            0.017016351222991943,
            0.14016172289848328
        ],
        [
            0.07054577767848969,
            0.01562353502959013,
            0.12972807884216309
        ],
        [
            0.06641785055398941,
            0.01179088931530714,
            0.12814834713935852
        ],
        [
            0.06321067363023758,
            0.0155284833163023,
            0.13872410356998444
        ],
        [
            0.07231003046035767,
            0.014347510412335396,
            0.12340164929628372
        ],
        [
            0.07610329985618591,
            0.015610792674124241,
            0.1317962110042572
        ],
        [
            0.1146608516573906,
            -0.0021159460302442312,
            0.05056687071919441
        ],
        [
            0.07547454535961151,
            0.01025606133043766,
            0.09702043235301971
        ],
        [
            0.1168024092912674,
            -0.008490712381899357,
            0.033982738852500916
        ],
        [
            0.11545443534851074,
            -0.019950130954384804,
            0.05735202878713608
        ],
        [
            0.11340676993131638,
            -0.025626055896282196,
            0.04484947770833969
        ],
        [
            0.11748594790697098,
            -0.015604324638843536,
            0.018823519349098206
        ],
        [
            0.11071129143238068,
            -0.027929456904530525,
            0.029163092374801636
        ],
        [
            0.12492622435092926,
            -0.00797002762556076,
            0.004696562886238098
        ],
        [
            0.12155670672655106,
            -0.009893756359815598,
            0.012341499328613281
        ],
        [
            0.10400106012821198,
            -0.03986893594264984,
            0.039960164576768875
        ],
        [
            0.06534145772457123,
            0.0015138713642954826,
            0.14071503281593323
