{
    "pred_cam": [
        8.145885467529297,
        0.08756637573242188,
        0.0029707401990890503
    ],
    "pred_mano_params": {
        "global_orient": [
            [
                [
                    0.02049177512526512,
                    0.9979897737503052,
                    0.05997014790773392
                ],
                [
                    0.11455491930246353,
                    0.05724400654435158,
                    -0.9917662143707275
                ],
                [
                    -0.9932055473327637,
                    0.02719292603433132,
                    -0.11315160244703293
                ]
            ]
        ],
        "hand_pose": [
            [
                [
                    0.6695197820663452,
                    -0.7419857978820801,
                    -0.03464532643556595
                ],
                [
                    0.7354423403739929,
                    0.6556256413459778,
                    0.17111264169216156
                ],
                [
                    -0.10424879193305969,
                    -0.14004294574260712,
                    0.9846421480178833
                ]
            ],
            [
                [
                    0.9475741386413574,
                    -0.25435781478881836,
                    -0.19340482354164124
                ],
                [
                    0.19895939528942108,
                    0.9432808756828308,
                    -0.26577484607696533
                ],
                [
                    0.2500370144844055,
                    0.21336165070533752,
                    0.9444354176521301
                ]
            ],
            [
                [
                    0.9049515128135681,
                    -0.4031839072704315,
                    0.1360347867012024
                ],
                [
                    0.4137674868106842,
                    0.9083887934684753,
                    -0.0602186918258667
                ],
                [
                    -0.09929326176643372,
                    0.11078177392482758,
                    0.9888721704483032
                ]
            ],
            [
                [
                    0.6560701727867126,
                    -0.5301295518875122,
                    0.5371542572975159
                ],
                [
                    0.6853383779525757,
                    0.7165488004684448,
                    -0.12988150119781494
                ],
                [
                    -0.3160431683063507,
                    0.45334377884864807,
                    0.8334243893623352
                ]
            ],
            [
                [
                    0.9577614068984985,
                    -0.13965435326099396,
                    -0.2513754665851593
                ],
                [
                    0.19587162137031555,
                    0.9568361043930054,
                    0.21470685303211212
                ],
                [
                    0.21054036915302277,
                    -0.2548753023147583,
                    0.9437749981880188
                ]
            ],
            [
                [
                    0.7751501798629761,
                    -0.5984816551208496,
                    0.20239026844501495
                ],
                [
                    0.5998901724815369,
                    0.7977256774902344,
                    0.06136295571923256
                ],
                [
                    -0.1981765478849411,
                    0.07384642958641052,
                    0.9773804545402527
                ]
            ],
            [
                [
                    0.7594912052154541,
                    -0.5148851275444031,
                    0.3975756764411926
                ],
                [
                    0.6277695894241333,
                    0.7403256297111511,
                    -0.24046467244625092
                ],
                [
                    -0.1705237776041031,
                    0.4322167634963989,
                    0.8855000138282776
                ]
            ],
            [
                [
                    0.9621222019195557,
                    -0.20574155449867249,
                    0.17886102199554443
                ],
                [
                    0.12156108021736145,
                    0.9110198020935059,
                    0.3940379321575165
                ],
                [
                    -0.2440159022808075,
                    -0.3573701083660126,
                    0.9015225172042847
                ]
            ],
            [
                [
                    0.7870150208473206,
                    -0.5178464651107788,
                    0.3353244364261627
                ],
                [
                    0.26218855381011963,
                    0.7727571129798889,
                    0.578016996383667
                ],
                [
                    -0.5584483742713928,
                    -0.36698976159095764,
                    0.7439448833465576
                ]
            ],
            [
                [
                    0.8138020634651184,
                    -0.44871968030929565,
                    0.3692922592163086
                ],
                [
                    0.5465713739395142,
                    0.8068878054618835,
                    -0.22403526306152344
                ],
                [
                    -0.19744837284088135,
                    0.384164959192276,
                    0.901904284954071
                ]
            ],
            [
                [
                    0.9136940836906433,
                    -0.35407790541648865,
                    -0.19947893917560577
                ],
                [
                    0.4056905210018158,
                    0.8237018585205078,
                    0.39614424109458923
                ],
                [
                    0.02404528297483921,
                    -0.44288143515586853,
                    0.8962575793266296
                ]
            ],
            [
                [
                    0.7111896872520447,
                    -0.6353225111961365,
                    0.3009561002254486
                ],
                [
                    0.5068333148956299,
                    0.7600425481796265,
                    0.4067620635032654
                ],
                [
                    -0.4871644973754883,
                    -0.13675041496753693,
                    0.8625370264053345
                ]
            ],
            [
                [
                    0.9313884377479553,
                    0.3614621162414551,
                    -0.0431353859603405
                ],
                [
                    -0.28253301978111267,
                    0.6430683135986328,
                    -0.7117851972579956
                ],
                [
                    -0.22954441606998444,
                    0.6751356720924377,
                    0.7010713815689087
                ]
            ],
            [
                [
                    0.8697537183761597,
                    -0.4133796989917755,
                    -0.26952874660491943
                ],
                [
                    0.4874783456325531,
                    0.8046634793281555,
                    0.33894187211990356
                ],
                [
                    0.07676824927330017,
                    -0.42618536949157715,
                    0.9013727307319641
                ]
            ],
            [
                [
                    0.9172564148902893,
                    -0.10428786277770996,
                    -0.38440170884132385
                ],
                [
                    -0.11962173134088516,
                    0.8484271764755249,
                    -0.5156180262565613
                ],
                [
                    0.37990954518318176,
                    0.5189367532730103,
                    0.7657501697540283
                ]
            ]
        ],
        "betas": [
            -0.09917885065078735,
            -0.010202735662460327,
            -0.040832579135894775,
            0.09464439749717712,
            0.17095835506916046,
            0.003022942692041397,
            0.11447271704673767,
            0.0002574026584625244,
            0.01826918125152588,
            0.02907392382621765
        ]
    },
    "pred_cam_t": [
        -0.08756637573242188,
        0.0029707401990890503,
        4.795365810394287
    ],
    "focal_length": [
        5000.0,
        5000.0
    ],
    "pred_keypoints_3d": [
        [
            0.09624078124761581,
            0.006438573356717825,
            0.006196906790137291
        ],
        [
            0.08176690340042114,
            -0.023043839260935783,
            0.02691231109201908
        ],
        [
            0.07193279266357422,
            -0.04755689203739166,
            0.04309208691120148
        ],
        [
            0.06144874170422554,
            -0.058338895440101624,
            0.06578391045331955
        ],
        [
            0.04704154282808304,
            -0.05859508737921715,
            0.09823846071958542
        ],
        [
            0.09041956812143326,
            -0.02466164343059063,
            0.09184709936380386
        ],
        [
            0.06902816146612167,
            -0.03375101834535599,
            0.11556213349103928
        ],
        [
            0.048683248460292816,
            -0.033073797821998596,
            0.12474142760038376
        ],
        [
            0.023387528955936432,
            -0.0331762470304966,
            0.126758873462677
        ],
        [
            0.09259407967329025,
            -0.0011868500150740147,
            0.10113153606653214
        ],
        [
            0.07306893169879913,
            -0.011063598096370697,
            0.1242227703332901
        ],
        [
            0.054667167365550995,
            -0.010507858358323574,
            0.1386265605688095
        ],
        [
            0.029511690139770508,
            -0.011319729499518871,
            0.14244963228702545
        ],
        [
            0.08903112262487411,
            0.02339079976081848,
            0.09077383577823639
        ],
        [
            0.07595127820968628,
            0.017892882227897644,
            0.11600641906261444
        ],
        [
            0.05486341565847397,
            0.022831181064248085,
            0.1282259076833725
        ],
        [
            0.031006615608930588,
            0.016498424112796783,
            0.12907180190086365
        ],
        [
            0.08224360644817352,
            0.040994953364133835,
            0.07956578582525253
        ],
        [
            0.0737045481801033,
            0.04657720774412155,
            0.09817484021186829
        ],
        [
            0.058790870010852814,
            0.048940714448690414,
            0.10981608182191849
        ],
        [
            0.0414215587079525,
            0.041422806680202484,
            0.11078959703445435
        ]
    ],
    "pred_vertices": [
        [
            0.07973362505435944,
            -0.01792971044778824,
            0.053711194545030594
        ],
        [
            0.07855348289012909,
            -0.016899513080716133,
            0.04413905367255211
        ],
        [
            0.07540535926818848,
            -0.026176096871495247,
            0.050142157822847366
        ],
        [
            0.07737116515636444,
            -0.026955902576446533,
            0.05850088596343994
        ],
        [
            0.06428511440753937,
            -0.023247890174388885,
            0.03226340562105179
        ],
        [
            0.06363142281770706,
            -0.03036820888519287,
            0.02193513512611389
        ],
        [
            0.059867482632398605,
            -0.0413660928606987,
            0.03432515263557434
        ],
        [
            0.06019432470202446,
            -0.033434245735406876,
            0.04102851822972298
        ],
        [
            0.07762853056192398,
            -0.034908801317214966,
            0.062277305871248245
        ],
        [
            0.07282793521881104,
            -0.033150263130664825,
            0.05447534844279289
        ],
        [
            0.08133286982774734,
            -0.039773982018232346,
            0.061307065188884735
        ],
        [
            0.09050611406564713,
            -0.03962648659944534,
            0.06962548196315765
        ],
        [
            0.08360765874385834,
            -0.03525598347187042,
            0.06983862072229385
        ],
        [
            0.0942978635430336,
            -0.037747953087091446,
            0.077459916472435
        ],
        [
            0.09964600950479507,
            -0.039218246936798096,
            0.06278282403945923
        ],
        [
            0.10319018363952637,
            -0.033857639878988266,
            0.07832112908363342
        ],
        [
            0.11166932433843613,
            -0.011156804859638214,
            0.059994954615831375
        ],
        [
            0.11153542995452881,
            0.002489678096026182,
            0.058033257722854614
        ],
        [
            0.11036910116672516,
            0.0025405327323824167,
            0.07517044246196747
        ],
        [
            0.10977040231227875,
            -0.011168908327817917,
            0.07587707787752151
        ],
        [
            0.10573739558458328,
            0.02094634436070919,
            0.06601032614707947
        ],
        [
            0.10841935127973557,
            0.010972277261316776,
            0.07195049524307251
        ],
        [
            0.11079148948192596,
            0.011051662266254425,
            0.05498652160167694
        ],
        [
            0.10813306272029877,
            0.020054304972290993,
            0.050562359392642975
        ],
        [
            0.08131364732980728,
            -0.0020811972208321095,
            0.04667436704039574
        ],
        [
            0.08058077096939087,
            -0.00036085397005081177,
            0.036168232560157776
        ],
        [
            0.08108668029308319,
            -0.006381819024682045,
            0.03872331604361534
        ],
        [
            0.08135145902633667,
            -0.007820282131433487,
            0.04832910746335983
        ],
        [
            0.07961320132017136,
            -0.05040596425533295,
            0.055111780762672424
        ],
        [
            0.08899913728237152,
            -0.047527335584163666,
            0.04965414106845856
        ],
        [
            0.0874212235212326,
            -0.04416931793093681,
            0.05698845162987709
        ],
        [
            0.07656188309192657,
            -0.046671126037836075,
            0.05779270827770233
        ],
        [
            0.07269535213708878,
            0.0112877506762743,
            0.010144814848899841
        ],
        [
            0.0789552703499794,
            0.010603968054056168,
            -0.0018572062253952026
        ],
        [
            0.07982566207647324,
            0.004812578205019236,
            -0.0016992241144180298
        ],
        [
            0.074383944272995,
            0.006842573639005423,
            0.009500540792942047
        ],
        [
            0.0743526965379715,
            -0.01642552763223648,
            0.00516132265329361
        ],
        [
            0.08193138241767883,
            -0.012785827741026878,
            -0.002552404999732971
        ],
        [
            0.09169671684503555,
            -0.021413858979940414,
            -0.008345402777194977
        ],
        [
            0.08747202903032303,
            -0.026243343949317932,
            -0.0002640634775161743
        ],
        [
            0.06787765026092529,
            -0.02283700741827488,
            0.01401808112859726
        ],
        [
            0.0773472785949707,
            -0.03174251317977905,
            0.007362395524978638
        ],
        [
            0.0703335553407669,
            -0.03816448897123337,
            0.016298025846481323
        ],
        [
            0.064658984541893,
            -0.04844142496585846,
            0.02998223900794983
        ],
        [
            0.0800909772515297,
            0.02348322421312332,
            -0.0019013658165931702
        ],
        [
            0.07511131465435028,
            0.025788016617298126,
            0.006702877581119537
        ],
        [
            0.05985391512513161,
            -0.03959476947784424,
            0.1104060634970665
        ],
        [
            0.05837442725896835,
            -0.033756040036678314,
            0.11007679998874664
        ],
        [
            0.06219823658466339,
            -0.033941034227609634,
            0.10604188591241837
        ],
        [
            0.06354136765003204,
            -0.039410531520843506,
            0.10726010054349899
        ],
        [
            0.0935003012418747,
            0.036211058497428894,
            0.006631620228290558
        ],
        [
            0.10354990512132645,
            0.0357665941119194,
            0.008257173001766205
        ],
        [
            0.10256104171276093,
            0.03670637309551239,
            0.0010428950190544128
        ],
        [
            0.09337321668863297,
            0.035240162163972855,
            -0.0008950680494308472
        ],
        [
            0.09355191886425018,
            0.037389080971479416,
            0.016584500670433044
        ],
        [
            0.1043037474155426,
            0.03392505645751953,
            0.0182478204369545
        ],
        [
            0.066554494202137,
            -0.041349731385707855,
            0.121116042137146
        ],
        [
            0.06394848972558975,
            -0.04370194301009178,
            0.11720900237560272
        ],
        [
            0.06939182430505753,
            -0.04320088028907776,
            0.11502447724342346
        ],
        [
            0.07251498848199844,
            -0.04012516885995865,
            0.1186375841498375
        ],
        [
            0.07966683059930801,
            -0.027983354404568672,
            0.06728378683328629
        ],
        [
            0.07919883728027344,
            -0.018774505704641342,
            0.06328388303518295
        ],
        [
            0.0810573548078537,
            -0.025630483403801918,
            0.0833950787782669
        ],
        [
            0.08088970929384232,
            -0.021884702146053314,
            0.0764860212802887
        ],
        [
            0.08266525715589523,
            -0.029102396219968796,
            0.07554079592227936
        ],
        [
            0.08378305286169052,
            -0.031165342777967453,
            0.0816371813416481
        ],
        [
            0.08128536492586136,
            0.0009132823906838894,
            0.06942103058099747
        ],
        [
            0.08171189576387405,
            0.0009474814869463444,
            0.05764877051115036
        ],
        [
            0.08194607496261597,
            -0.005361025221645832,
            0.060039129108190536
        ],
        [
            0.08075588196516037,
            -0.007045431062579155,
            0.0728854089975357
        ],
        [
            0.07826405018568039,
            0.014529095962643623,
            0.054725561290979385
        ],
        [
            0.07852152734994888,
            0.013434740714728832,
            0.06663451343774796
        ],
        [
            0.07653285562992096,
            0.021353209391236305,
            0.06372372806072235
        ],
        [
            0.07573667913675308,
            0.02059941738843918,
            0.05564522370696068
        ],
        [
            0.08056899160146713,
            0.009681925177574158,
            0.08760993182659149
        ],
        [
            0.08188721537590027,
            0.010374155826866627,
            0.09638991206884384
        ],
        [
            0.07985692471265793,
            0.012607907876372337,
            0.09399943053722382
        ],
        [
            0.07997450977563858,
            0.012847603298723698,
            0.08588153123855591
        ],
        [
            0.10272657871246338,
            0.037253666669130325,
            -0.006068691611289978
        ],
        [
            0.09374313801527023,
            0.033469803631305695,
            -0.0079876109957695
        ],
        [
            0.09781890362501144,
            0.039620693773031235,
            0.057980090379714966
        ],
        [
            0.08979278057813644,
            0.04483132064342499,
            0.05185917764902115
        ],
        [
            0.08941148221492767,
            0.04830331355333328,
            0.06478404998779297
        ],
        [
            0.09824947267770767,
            0.04172495752573013,
            0.06814273446798325
        ],
        [
            0.11159733682870865,
            0.029578566551208496,
            0.010954976081848145
        ],
        [
            0.11154261231422424,
            0.03269696980714798,
            0.00368364155292511
        ],
        [
            0.06792247295379639,
            -0.0357685387134552,
            0.12396878004074097
        ],
        [
            0.0731072872877121,
            -0.03444096818566322,
            0.1211327612400055
        ],
        [
            0.08360575139522552,
            -0.04081469774246216,
            0.014610841870307922
        ],
        [
            0.07353624701499939,
            -0.052233923226594925,
            0.029177002608776093
        ],
        [
            0.09255873411893845,
            -0.03200338035821915,
            0.005424976348876953
        ],
        [
            0.09932310879230499,
            -0.02603154629468918,
            -0.0006740018725395203
        ],
        [
            0.10371760278940201,
            -0.02324376069009304,
            -0.007730171084403992
        ],
        [
            0.08025029301643372,
            -0.015896962955594063,
            0.08013088256120682
        ],
        [
            0.08081944286823273,
            -0.011065397411584854,
            0.05770980939269066
        ],
        [
            0.08065098524093628,
            0.002984370104968548,
            0.04540064558386803
        ],
        [
            0.07114163786172867,
            0.03263255953788757,
            0.043679818511009216
        ],
        [
            0.07097538560628891,
            0.03200522065162659,
            0.032956600189208984
        ],
        [
            0.07122474163770676,
            0.022314250469207764,
            0.037589818239212036
        ],
        [
            0.07194432616233826,
            0.02493894286453724,
            0.046072110533714294
        ],
        [
            0.07998523861169815,
            0.04523284733295441,
            0.051017794758081436
        ],
        [
            0.07399999350309372,
            0.03995993360877037,
            0.05309944227337837
        ],
        [
            0.07487824559211731,
            0.04169110953807831,
            0.06270180642604828
        ],
        [
            0.08064854145050049,
            0.04754611477255821,
            0.06217237189412117
        ],
        [
            0.07919572293758392,
            -0.056789081543684006,
            0.050670381635427475
        ],
        [
            0.0886983573436737,
            -0.05084704980254173,
            0.042396191507577896
        ],
        [
            0.08347524702548981,
            0.03284916281700134,
            0.005256228148937225
        ],
        [
            0.08475089818239212,
            0.029813803732395172,
            -0.0018397867679595947
        ],
        [
            0.08782941102981567,
            0.028616346418857574,
            -0.009676553308963776
        ],
        [
            0.075986847281456,
            0.004359144251793623,
            0.023252099752426147
        ],
        [
            0.07534931600093842,
            0.0037440024316310883,
            0.009100191295146942
        ],
        [
            0.07496536523103714,
            -0.0005325563251972198,
            0.0103631392121315
        ],
        [
            0.0774080753326416,
            0.0013956986367702484,
            0.024457402527332306
        ],
        [
            0.07385960221290588,
            -0.013589952141046524,
            0.035389192402362823
        ],
        [
            0.06908808648586273,
            -0.012984754517674446,
            0.022481054067611694
        ],
        [
            0.06966911256313324,
            -0.02254251018166542,
            0.043453399091959
        ],
        [
            0.08105029910802841,
            -0.002899080514907837,
            -0.0032250136137008667
        ],
        [
            0.08229934424161911,
            0.004040820524096489,
            -0.01177256554365158
        ],
        [
            0.08444014936685562,
            -0.0045819710940122604,
            -0.012209080159664154
        ],
        [
            0.08248475939035416,
            0.013901183381676674,
            -0.011596299707889557
        ],
        [
            0.08411657810211182,
            0.022710520774126053,
            -0.010904774069786072
        ],
        [
            0.11447589844465256,
            0.035369567573070526,
            -0.003915421664714813
        ],
        [
            0.08785305172204971,
            -0.012251879088580608,
            -0.01151856780052185
        ],
        [
            0.05896448343992233,
            -0.040988389402627945,
            0.04657243937253952
        ],
        [
            0.05783659964799881,
            -0.046649932861328125,
            0.05185086280107498
        ],
        [
            0.06303398311138153,
            -0.04256571829319,
            0.055809225887060165
        ],
        [
            0.06471173465251923,
            -0.03741547465324402,
            0.05163951963186264
        ],
        [
            0.09530064463615417,
            -0.03595029562711716,
            0.0863732397556305
        ],
        [
            0.08816361427307129,
            -0.03542120382189751,
            0.08358407020568848
        ],
        [
            0.08728552609682083,
            -0.03605217486619949,
            0.07537796348333359
        ],
        [
            0.07101045548915863,
            0.016473863273859024,
            0.020454011857509613
        ],
        [
            0.07291585206985474,
            0.028547100722789764,
            0.017042353749275208
        ],
        [
            0.07994585484266281,
            -0.020540200173854828,
            0.08703429996967316
        ],
        [
            0.07773572206497192,
            -0.038150668144226074,
            0.11578478664159775
        ],
        [
            0.07515248656272888,
            -0.04188283905386925,
            0.11171179264783859
        ],
        [
            0.08868474513292313,
            -0.03726267069578171,
            0.09753891825675964
        ],
        [
            0.09126918017864227,
            -0.03346610814332962,
            0.10286477208137512
        ],
        [
            0.08021681755781174,
            -0.017171453684568405,
            0.09531324356794357
        ],
        [
            0.07865715026855469,
            -0.022079600021243095,
            0.09007151424884796
        ],
        [
            0.07775156944990158,
            -0.022565621882677078,
            0.09205157309770584
        ],
        [
            0.0767684206366539,
            -0.01852257549762726,
            0.09724266827106476
        ],
        [
            0.07887046784162521,
            0.020724603906273842,
            0.0893251821398735
        ],
        [
            0.07864067703485489,
            0.020905742421746254,
            0.08228379487991333
        ],
        [
            0.10328090190887451,
            -0.009988762438297272,
            0.09079459309577942
        ],
        [
            0.10774534940719604,
            -0.023274078965187073,
            0.09002667665481567
        ],
        [
            0.10937172174453735,
            -0.02431483007967472,
            0.07642822712659836
        ],
        [
            0.08017674088478088,
            0.007973717525601387,
            0.0670439824461937
        ],
        [
            0.07968507707118988,
            0.008923625573515892,
            0.07765679806470871
        ],
        [
            0.0791223794221878,
            0.013039611279964447,
            0.07677148282527924
        ],
        [
            0.08034681528806686,
            -0.012738417834043503,
            0.08380352705717087
        ],
        [
            0.08013888448476791,
            -0.01476948894560337,
            0.0902337059378624
        ],
        [
            0.0813429057598114,
            -0.00904450286179781,
            0.08861042559146881
        ],
        [
            0.0806945413351059,
            -0.007631894201040268,
            0.08192000538110733
        ],
        [
            0.0919751301407814,
            0.04269903153181076,
            0.038880735635757446
        ],
        [
            0.08032204210758209,
            0.04350049048662186,
            0.03781872242689133
        ],
        [
            0.06171766668558121,
            -0.04304220899939537,
            0.11319104582071304
        ],
        [
            0.0663725882768631,
            -0.04279925674200058,
            0.11050832271575928
        ],
        [
            0.08062520623207092,
            0.007867622189223766,
            0.055525217205286026
        ],
        [
            0.10901227593421936,
            -0.023166611790657043,
            0.06086058169603348
        ],
        [
            0.07954400777816772,
            0.008308885619044304,
            0.0440804660320282
        ],
        [
            0.09580210596323013,
            0.029551520943641663,
            0.08444907516241074
        ],
        [
            0.08840698003768921,
            0.032773230224847794,
            0.08599408715963364
        ],
        [
            0.08701685816049576,
            0.03035825863480568,
            0.09207505732774734
        ],
        [
            0.09272489696741104,
            0.027954112738370895,
            0.09330630302429199
        ],
        [
            0.06738174706697464,
            -0.022530877962708473,
            0.10865172743797302
        ],
        [
            0.06501025706529617,
            -0.02665407769382,
            0.10500676929950714
        ],
        [
            0.062077607959508896,
            -0.027900252491235733,
            0.10767582803964615
        ],
        [
            0.06428662687540054,
            -0.024016745388507843,
            0.11138128489255905
        ],
        [
            0.07982835918664932,
            -0.02710440754890442,
            0.08708643168210983
        ],
        [
            0.08267416805028915,
            -0.03231664001941681,
            0.08608276396989822
        ],
        [
            0.08002369850873947,
            -0.03339484706521034,
            0.08974981307983398
        ],
        [
            0.07791223376989365,
            -0.027656281366944313,
            0.09065024554729462
        ],
        [
            0.08755583316087723,
            -0.03598518669605255,
            0.0884983092546463
        ],
        [
            0.08467677235603333,
            -0.03708428516983986,
            0.09253552556037903
        ],
        [
            0.0717509463429451,
            -0.02201448567211628,
            0.11362536996603012
        ],
        [
            0.0765230655670166,
            -0.026228826493024826,
            0.11792204529047012
        ],
        [
            0.0876767560839653,
            -0.020404821261763573,
            0.10653917491436005
        ],
        [
            0.08011861890554428,
            -0.017968064174056053,
            0.10397537797689438
        ],
        [
            0.11161229759454727,
            0.019335437566041946,
            0.03583903610706329
        ],
        [
            0.10719667375087738,
            0.02928755059838295,
            0.03300569951534271
        ],
        [
            0.10376283526420593,
            0.030360236763954163,
            0.04759650677442551
        ],
        [
            0.10155344754457474,
            0.03222271427512169,
            0.06201520189642906
        ],
        [
            0.09872549027204514,
            0.03258198872208595,
            0.07606610655784607
        ],
        [
            0.10465224087238312,
            0.022321950644254684,
            0.07917271554470062
        ],
        [
            0.10026374459266663,
            0.036983922123909,
            0.0441116988658905
        ],
        [
            0.08906847983598709,
            -0.009234822355210781,
            0.0951189249753952
        ],
        [
            0.09599163383245468,
            -0.016088351607322693,
            0.09690651297569275
        ],
        [
            0.09649774432182312,
            -0.009647559374570847,
            0.09377869963645935
        ],
        [
            0.07637639343738556,
            0.015076888725161552,
            0.04316837340593338
        ],
        [
            0.07210353016853333,
            -0.04198981821537018,
            0.10720542073249817
        ],
        [
            0.11800453066825867,
            -0.012521952390670776,
            0.005554206669330597
        ],
        [
            0.1213788390159607,
            0.00033362116664648056,
            0.007288254797458649
        ],
        [
            0.1192900687456131,
            -0.0023971637710928917,
            0.01542450487613678
        ],
        [
            0.11448793858289719,
            -0.016698185354471207,
            0.013195805251598358
        ],
        [
            0.06550607085227966,
            -0.033139847218990326,
            0.10263772308826447
        ],
        [
            0.06801355630159378,
            -0.03904709219932556,
            0.10321919620037079
        ],
        [
            0.07793698459863663,
            0.02781987190246582,
            0.08298153430223465
        ],
        [
            0.07892417162656784,
            0.026332639157772064,
            0.08968441188335419
        ],
        [
            0.08073066174983978,
            0.029098261147737503,
            0.09199859946966171
        ],
        [
            0.07807531207799911,
            0.033705905079841614,
            0.08671434223651886
        ],
        [
            0.10440050810575485,
            0.03376147523522377,
            0.03011006861925125
        ],
        [
            0.08916320651769638,
            0.0485711432993412,
            0.0736464112997055
        ],
        [
            0.09626483917236328,
            0.043079134076833725,
            0.07635687291622162
        ],
        [
            0.11039693653583527,
            0.027974801138043404,
            0.020317018032073975
        ],
        [
            0.11484689265489578,
            0.019490975886583328,
            0.022694528102874756
        ],
        [
            0.11702284961938858,
            0.02019873447716236,
            0.01315673440694809
        ],
        [
            0.10370056331157684,
            0.009942349046468735,
            0.08873069286346436
        ],
        [
            0.11360947787761688,
            0.011762866750359535,
            0.03982935845851898
        ],
        [
            0.11625652015209198,
            0.0123771782964468,
            0.025470487773418427
        ],
        [
            0.11890958249568939,
            0.012877067551016808,
            0.014164403080940247
        ],
        [
            0.12122935056686401,
            0.014073160476982594,
            0.006157398223876953
        ],
        [
            0.11880823224782944,
            0.02193797565996647,
            0.005846112966537476
        ],
        [
            0.07768784463405609,
            -0.032106056809425354,
            0.11802981793880463
        ],
        [
            0.07150803506374359,
            -0.027950594201683998,
            0.12102249264717102
        ],
        [
            0.12233152985572815,
            0.02457314357161522,
            -0.0021987855434417725
        ],
        [
            0.12430187314748764,
            0.015427292324602604,
            -0.0016532540321350098
        ],
        [
            0.1171296164393425,
            0.0033884216099977493,
            0.02768530696630478
        ],
        [
            0.11652479320764542,
            -0.00786125659942627,
            0.02946905791759491
        ],
        [
            0.11426197737455368,
            0.0031213806942105293,
            0.04148445650935173
        ],
        [
            0.11380954086780548,
            -0.008056523278355598,
            0.04467117041349411
        ],
        [
            0.10917134582996368,
            0.0011465440038591623,
            0.08811617642641068
        ],
        [
            0.05473114550113678,
            -0.02655273862183094,
            0.12767264246940613
        ],
        [
            0.06376321613788605,
            -0.02496587112545967,
            0.12142004072666168
        ],
        [
            0.0609402060508728,
            -0.02441517449915409,
            0.11621741950511932
        ],
        [
            0.05310049280524254,
            -0.02447609230875969,
            0.12424717843532562
        ],
        [
            0.06781981885433197,
            -0.02378087304532528,
            0.11628367006778717
        ],
        [
            0.06666578352451324,
            -0.029056377708911896,
            0.12421724945306778
        ],
        [
            0.1096198782324791,
            -0.02285824716091156,
            0.044594768434762955
        ],
        [
            0.08173637837171555,
            -0.007947615347802639,
            0.09379892796278
        ],
        [
            0.10897990316152573,
            -0.024362141266465187,
            0.026809856295585632
        ],
        [
            0.10239477455615997,
            -0.039091337472200394,
            0.048498205840587616
        ],
        [
            0.09918136149644852,
            -0.04007793962955475,
            0.03481961786746979
        ],
        [
            0.10642389208078384,
            -0.02709008753299713,
            0.009427011013031006
        ],
        [
            0.09730614721775055,
            -0.0381305031478405,
            0.018310673534870148
        ],
        [
            0.11354955285787582,
            -0.019077658653259277,
            -0.004279635846614838
        ],
        [
            0.11082114279270172,
            -0.02179638296365738,
            0.0033519789576530457
        ],
        [
            0.08746960014104843,
            -0.04874822124838829,
            0.027916207909584045
        ],
        [
            0.05054030567407608,
            -0.03617166727781296,
