{
    "pred_cam": [
        14.689774513244629,
        0.07269357889890671,
        -0.005256950855255127
    ],
    "pred_mano_params": {
        "global_orient": [
            [
                [
                    -0.13175077736377716,
                    0.991276741027832,
                    0.0034880824387073517
                ],
                [
                    -0.057750772684812546,
                    -0.004162787459790707,
                    -0.9983224272727966
                ],
                [
                    -0.9895992875099182,
                    -0.13173112273216248,
                    0.057795450091362
                ]
            ]
        ],
        "hand_pose": [
            [
                [
                    0.6055031418800354,
                    -0.785585880279541,
                    -0.12736111879348755
                ],
                [
                    0.7934477925300598,
                    0.6083068251609802,
                    0.020083321258425713
                ],
                [
                    0.061697475612163544,
                    -0.11321491748094559,
                    0.9916530251502991
                ]
            ],
            [
                [
                    0.9845104217529297,
                    -0.15772214531898499,
                    0.07657018303871155
                ],
                [
                    0.1702711433172226,
                    0.9642378091812134,
                    -0.2031087875366211
                ],
                [
                    -0.04179711639881134,
                    0.21300040185451508,
                    0.9761577248573303
                ]
            ],
            [
                [
                    0.9283977150917053,
                    -0.3360995054244995,
                    0.15847651660442352
                ],
                [
                    0.3462494909763336,
                    0.9372607469558716,
                    -0.04066440835595131
                ],
                [
                    -0.13486653566360474,
                    0.09262515604496002,
                    0.9865249991416931
                ]
            ],
            [
                [
                    0.6242826581001282,
                    -0.6958945393562317,
                    0.35496747493743896
                ],
                [
                    0.7417594194412231,
                    0.6705897450447083,
                    0.010119597427546978
                ],
                [
                    -0.24507968127727509,
                    0.2569829821586609,
                    0.9348239302635193
                ]
            ],
            [
                [
                    0.9759529829025269,
                    -0.1881088763475418,
                    -0.11013992875814438
                ],
                [
                    0.2121477723121643,
                    0.9357783198356628,
                    0.28162437677383423
                ],
                [
                    0.050090521574020386,
                    -0.29821810126304626,
                    0.9531825184822083
                ]
            ],
            [
                [
                    0.7487977743148804,
                    -0.5980685949325562,
                    0.28568482398986816
                ],
                [
                    0.590290904045105,
                    0.7977764010429382,
                    0.12292046844959259
                ],
                [
                    -0.3014274835586548,
                    0.07659456878900528,
                    0.9504076242446899
                ]
            ],
            [
                [
                    0.6994200348854065,
                    -0.5449461340904236,
                    0.46243417263031006
                ],
                [
                    0.4904293119907379,
                    0.8365949988365173,
                    0.24410642683506012
                ],
                [
                    -0.5198949575424194,
                    0.05605833977460861,
                    0.852388858795166
                ]
            ],
            [
                [
                    0.9736112356185913,
                    -0.21513256430625916,
                    0.07615204155445099
                ],
                [
                    0.2048829197883606,
                    0.97095787525177,
                    0.12354689091444016
                ],
                [
                    -0.10051938146352768,
                    -0.10468439012765884,
                    0.9894124865531921
                ]
            ],
            [
                [
                    0.7932445406913757,
                    -0.4826907217502594,
                    0.3711777329444885
                ],
                [
                    0.15201763808727264,
                    0.7472714185714722,
                    0.6468972563743591
                ],
                [
                    -0.5896218419075012,
                    -0.45672208070755005,
                    0.666146457195282
                ]
            ],
            [
                [
                    0.710460901260376,
                    -0.6096086502075195,
                    0.3515998423099518
                ],
                [
                    0.6555373668670654,
                    0.7550020217895508,
                    -0.015580086968839169
                ],
                [
                    -0.2559608221054077,
                    0.24155588448047638,
                    0.9360206723213196
                ]
            ],
            [
                [
                    0.9688857197761536,
                    -0.24328535795211792,
                    -0.04552643746137619
                ],
                [
                    0.2343640774488449,
                    0.8426327109336853,
                    0.48481285572052
                ],
                [
                    -0.07958580553531647,
                    -0.480398029088974,
                    0.8734321594238281
                ]
            ],
            [
                [
                    0.7275350689888,
                    -0.6153262257575989,
                    0.303424209356308
                ],
                [
                    0.4816090762615204,
                    0.773032009601593,
                    0.41288521885871887
                ],
                [
                    -0.4886157512664795,
                    -0.1542566418647766,
                    0.858754575252533
                ]
            ],
            [
                [
                    0.9573020339012146,
                    0.2749071717262268,
                    0.0894368514418602
                ],
                [
                    -0.1009044423699379,
                    0.6076623797416687,
                    -0.7877593636512756
                ],
                [
                    -0.27090808749198914,
                    0.7450990080833435,
                    0.6094557642936707
                ]
            ],
            [
                [
                    0.7783882021903992,
                    -0.42396870255470276,
                    -0.4629928171634674
                ],
                [
                    0.5332942605018616,
                    0.8356708288192749,
                    0.131344735622406
                ],
                [
                    0.33122357726097107,
                    -0.34914860129356384,
                    0.8765763640403748
                ]
            ],
            [
                [
                    0.9584640264511108,
                    -0.030878348276019096,
                    -0.2835371196269989
                ],
                [
                    -0.10651299357414246,
                    0.8834459185600281,
                    -0.4562656283378601
                ],
                [
                    0.2645784318447113,
                    0.4675145745277405,
                    0.8434621691703796
                ]
            ]
        ],
        "betas": [
            -0.1614578366279602,
            0.00734710693359375,
            0.03540948033332825,
            0.06894025206565857,
            0.2608034312725067,
            0.16640222072601318,
            0.07450510561466217,
            -0.16937625408172607,
            -0.00799262523651123,
            -0.004704028367996216
        ]
    },
    "pred_cam_t": [
        -0.07269357889890671,
        -0.005256950855255127,
        2.659162759780884
    ],
    "focal_length": [
        5000.0,
        5000.0
    ],
    "pred_keypoints_3d": [
        [
            0.09652098268270493,
            0.0064771659672260284,
            0.0062356870621442795
        ],
        [
            0.08433171361684799,
            -0.018235187977552414,
            0.03382159769535065
        ],
        [
            0.07049594074487686,
            -0.03779297322034836,
            0.05341077595949173
        ],
        [
            0.06142681837081909,
            -0.035710662603378296,
            0.07900437712669373
        ],
        [
            0.05077704042196274,
            -0.024572281166911125,
            0.11121659725904465
        ],
        [
            0.10310523211956024,
            -0.009356103837490082,
            0.09627554565668106
        ],
        [
            0.08265627920627594,
            -0.007548626512289047,
            0.1224745437502861
        ],
        [
            0.06368263065814972,
            -0.00659299036487937,
            0.13426251709461212
        ],
        [
            0.03945521265268326,
            -0.008504658937454224,
            0.14146506786346436
        ],
        [
            0.107667475938797,
            0.015337560325860977,
            0.10084600746631622
        ],
        [
            0.08881767839193344,
            0.013979969546198845,
            0.12651461362838745
        ],
        [
            0.0692615658044815,
            0.015537235885858536,
            0.13926833868026733
        ],
        [
            0.04495871812105179,
            0.008715540170669556,
            0.14190493524074554
        ],
        [
            0.10344357043504715,
            0.03811392933130264,
            0.08691218495368958
        ],
        [
            0.08975433558225632,
            0.03655232861638069,
            0.11241869628429413
        ],
        [
            0.06881418824195862,
            0.0379636287689209,
            0.12578818202018738
        ],
        [
            0.047647614032030106,
            0.026076428592205048,
            0.13057078421115875
        ],
        [
            0.09551543742418289,
            0.0540337860584259,
            0.0738612487912178
        ],
        [
            0.08648516237735748,
            0.05686814337968826,
            0.09288322925567627
        ],
        [
            0.07379283010959625,
            0.056864358484745026,
            0.10713600367307663
        ],
        [
            0.05907297506928444,
            0.04464120417833328,
            0.1118096262216568
        ]
    ],
    "pred_vertices": [
        [
            0.08595388382673264,
            -0.008647206239402294,
            0.05993564799427986
        ],
        [
            0.08311676979064941,
            -0.009251064620912075,
            0.05073981732130051
        ],
        [
            0.0791061520576477,
            -0.01686893403530121,
            0.05797547847032547
        ],
        [
            0.08320239186286926,
            -0.016584672033786774,
            0.06635679304599762
        ],
        [
            0.06727713346481323,
            -0.014754943549633026,
            0.03904933109879494
        ],
        [
            0.06536407768726349,
            -0.02346559800207615,
            0.02977379411458969
        ],
        [
            0.06006496027112007,
            -0.031245600432157516,
            0.04328899458050728
        ],
        [
            0.061883796006441116,
            -0.021977894008159637,
            0.048250436782836914
        ],
        [
            0.08282360434532166,
            -0.02356944978237152,
            0.07063445448875427
        ],
        [
            0.07597169280052185,
            -0.022410664707422256,
            0.06263435631990433
        ],
        [
            0.08545932173728943,
            -0.02821929194033146,
            0.06889358907938004
        ],
        [
            0.09725568443536758,
            -0.02811408042907715,
            0.07725175470113754
        ],
        [
            0.09114787727594376,
            -0.023176664486527443,
            0.07768873125314713
        ],
        [
            0.10311996191740036,
            -0.025329146534204483,
            0.08438825607299805
        ],
        [
            0.10543026775121689,
            -0.029840268194675446,
            0.06937703490257263
        ],
        [
            0.11248386651277542,
            -0.022149499505758286,
            0.08348654210567474
        ],
        [
            0.1197449341416359,
            -0.003060795832425356,
            0.05989370867609978
        ],
        [
            0.11991456151008606,
            0.01025458425283432,
            0.055463965982198715
        ],
        [
            0.1217469871044159,
            0.013426323421299458,
            0.07261423766613007
        ],
        [
            0.12060089409351349,
            -0.00017719529569149017,
            0.07583253085613251
        ],
        [
            0.11648046970367432,
            0.030654026195406914,
            0.06115269288420677
        ],
        [
            0.11968454718589783,
            0.021449191495776176,
            0.06826761364936829
        ],
        [
            0.1190563440322876,
            0.018365085124969482,
            0.05108862370252609
        ],
        [
            0.11608662456274033,
            0.02677803672850132,
            0.045611944049596786
        ],
        [
            0.08767135441303253,
            0.0058771828189492226,
            0.04973030462861061
        ],
        [
            0.08546638488769531,
            0.005681080278009176,
            0.03951165825128555
        ],
        [
            0.08606541156768799,
            -1.3201963156461716e-05,
            0.04329181835055351
        ],
        [
            0.08764808624982834,
            0.00039981608279049397,
            0.05251690745353699
        ],
        [
            0.07998370379209518,
            -0.03807760030031204,
            0.06515799462795258
        ],
        [
            0.09053382277488708,
            -0.03929988294839859,
            0.05885348096489906
        ],
        [
            0.09031900018453598,
            -0.03420859947800636,
            0.06520634144544601
        ],
        [
            0.0780106633901596,
            -0.03310898318886757,
            0.06643970310688019
        ],
        [
            0.07379183173179626,
            0.013453500345349312,
            0.012845292687416077
        ],
        [
            0.07821918278932571,
            0.010321442037820816,
            0.0003107711672782898
        ],
        [
            0.07897767424583435,
            0.004552158527076244,
            0.0013535618782043457
        ],
        [
            0.0753946378827095,
            0.008775832131505013,
            0.012817472219467163
        ],
        [
            0.07499892264604568,
            -0.014172397553920746,
            0.011913605034351349
        ],
        [
            0.080995112657547,
            -0.013014309108257294,
            0.003069549798965454
        ],
        [
            0.0891583040356636,
            -0.02313850075006485,
            -0.002537280321121216
        ],
        [
            0.08624956011772156,
            -0.026027070358395576,
            0.006498858332633972
        ],
        [
            0.06961512565612793,
            -0.017971331253647804,
            0.02162613719701767
        ],
        [
            0.07735757529735565,
            -0.029019786044955254,
            0.015570349991321564
        ],
        [
            0.07053892314434052,
            -0.033260099589824677,
            0.025210723280906677
        ],
        [
            0.06295549869537354,
            -0.04018670693039894,
            0.040924184024333954
        ],
        [
            0.0798521637916565,
            0.022987505421042442,
            -0.0021440237760543823
        ],
        [
            0.07621871680021286,
            0.027073528617620468,
            0.006565935909748077
        ],
        [
            0.07323862612247467,
            -0.013823995366692543,
            0.11926378309726715
        ],
        [
            0.07148535549640656,
            -0.008208994753658772,
            0.11843176186084747
        ],
        [
            0.0749630406498909,
            -0.008938902989029884,
            0.11429491639137268
        ],
        [
            0.0763593316078186,
            -0.014320911839604378,
            0.11625568568706512
        ],
        [
            0.0949784591794014,
            0.03625122457742691,
            0.00182245671749115
        ],
        [
            0.10517774522304535,
            0.03536289185285568,
            0.0019723176956176758
        ],
        [
            0.10308082401752472,
            0.03511228784918785,
            -0.005097799003124237
        ],
        [
            0.09360674768686295,
            0.03400071710348129,
            -0.005335502326488495
        ],
        [
            0.0966973677277565,
            0.03917624056339264,
            0.011300839483737946
        ],
        [
            0.10746751725673676,
            0.03524266555905342,
            0.011944852769374847
        ],
        [
            0.08109155297279358,
            -0.014423571527004242,
            0.12943747639656067
        ],
        [
            0.07814351469278336,
            -0.017068900167942047,
            0.12607675790786743
        ],
        [
            0.08286360651254654,
            -0.017158079892396927,
            0.12370289862155914
        ],
        [
            0.08599201589822769,
            -0.013775820843875408,
            0.12629103660583496
        ],
        [
            0.08772648125886917,
            -0.016190074384212494,
            0.07465814799070358
        ],
        [
            0.0873478353023529,
            -0.007714537903666496,
            0.06923583149909973
        ],
        [
            0.09258698672056198,
            -0.011210444383323193,
            0.08936293423175812
        ],
        [
            0.09136031568050385,
            -0.008680100552737713,
            0.08223802596330643
        ],
        [
            0.09247717261314392,
            -0.01613602600991726,
            0.08239465951919556
        ],
        [
            0.09444316476583481,
            -0.017215978354215622,
            0.0884922444820404
        ],
        [
            0.09153712540864944,
            0.012731954455375671,
            0.07120180875062943
        ],
        [
            0.09001561999320984,
            0.010765030048787594,
            0.059698525816202164
        ],
        [
            0.09032875299453735,
            0.004894886631518602,
            0.06317006051540375
        ],
        [
            0.09122706949710846,
            0.005486213602125645,
            0.07607672363519669
        ],
        [
            0.08666013181209564,
            0.023885047063231468,
            0.054882269352674484
        ],
        [
            0.08891960233449936,
            0.024791929870843887,
            0.06655978411436081
        ],
        [
            0.08674494177103043,
            0.03216352313756943,
            0.06249779090285301
        ],
        [
            0.08452059328556061,
            0.030167175456881523,
            0.0550270676612854
        ],
        [
            0.09383456408977509,
            0.02406921423971653,
            0.08688925951719284
        ],
        [
            0.09580668807029724,
            0.025748055428266525,
            0.09409720450639725
        ],
        [
            0.09410513937473297,
            0.02750561572611332,
            0.09212126582860947
        ],
        [
            0.09324552863836288,
            0.026934096589684486,
            0.0847998559474945
        ],
        [
            0.10213040560483932,
            0.034451887011528015,
            -0.01217997819185257
        ],
        [
            0.09276465326547623,
            0.0310339517891407,
            -0.012032583355903625
        ],
        [
            0.10751906782388687,
            0.04815059155225754,
            0.051091257482767105
        ],
        [
            0.0988185927271843,
            0.05253707990050316,
            0.04515300318598747
        ],
        [
            0.09926798939704895,
            0.05774499103426933,
            0.05753275379538536
        ],
        [
            0.10898210853338242,
            0.05174770951271057,
            0.06074357405304909
        ],
        [
            0.11337095499038696,
            0.02917350083589554,
            0.004499033093452454
        ],
        [
            0.11226557195186615,
            0.030991356819868088,
            -0.0031560659408569336
        ],
        [
            0.08237166702747345,
            -0.008640451356768608,
            0.13140584528446198
        ],
        [
            0.08679032325744629,
            -0.007875590585172176,
            0.1274351179599762
        ],
        [
            0.0832594558596611,
            -0.03782530874013901,
            0.023433156311511993
        ],
        [
            0.07143089175224304,
            -0.0455913171172142,
            0.04094769060611725
        ],
        [
            0.0920565277338028,
            -0.031350817531347275,
            0.01222112774848938
        ],
        [
            0.09803255647420883,
            -0.027079887688159943,
            0.004556894302368164
        ],
        [
            0.10112050920724869,
            -0.025735940784215927,
            -0.0033313781023025513
        ],
        [
            0.09169255942106247,
            -0.0021256054751574993,
            0.08467960357666016
        ],
        [
            0.0885072723031044,
            -0.0011147798504680395,
            0.06217612326145172
        ],
        [
            0.08703340590000153,
            0.010734675452113152,
            0.04760575667023659
        ],
        [
            0.07840874046087265,
            0.04035405069589615,
            0.041907258331775665
        ],
        [
            0.07650767266750336,
            0.037976741790771484,
            0.031655699014663696
        ],
        [
            0.0770910233259201,
            0.029143905267119408,
            0.03787863999605179
        ],
        [
            0.0792875736951828,
            0.03309158980846405,
            0.04551849886775017
        ],
        [
            0.08880694210529327,
            0.053335387259721756,
            0.04552914947271347
        ],
        [
            0.08294335007667542,
            0.04884716495871544,
            0.04921003803610802
        ],
        [
            0.08484938740730286,
            0.051511235535144806,
            0.05789170786738396
        ],
        [
            0.09029575437307358,
            0.056850362569093704,
            0.05596587061882019
        ],
        [
            0.07785512506961823,
            -0.04518813639879227,
            0.06314343214035034
        ],
        [
            0.0891081839799881,
            -0.043993785977363586,
            0.05260508507490158
        ],
        [
            0.08466797322034836,
            0.03330590948462486,
            0.002633325755596161
        ],
        [
            0.084719717502594,
            0.029002981260418892,
            -0.003938764333724976
        ],
        [
            0.08646714687347412,
            0.026310084387660027,
            -0.011902637779712677
        ],
        [
            0.0791909322142601,
            0.008486686274409294,
            0.026646018028259277
        ],
        [
            0.07640781253576279,
            0.005573744885623455,
            0.012877270579338074
        ],
        [
            0.07652847468852997,
            0.0017003798857331276,
            0.014913834631443024
        ],
        [
            0.08101611584424973,
            0.005617539864033461,
            0.02832084894180298
        ],
        [
            0.07803703844547272,
            -0.006678348407149315,
            0.04162212833762169
        ],
        [
            0.0724397525191307,
            -0.007361872121691704,
            0.028938747942447662
        ],
        [
            0.07295830547809601,
            -0.013165460899472237,
            0.050186313688755035
        ],
        [
            0.0799914002418518,
            -0.0033738045021891594,
            0.0010166168212890625
        ],
        [
            0.07978148013353348,
            0.0019373372197151184,
            -0.008761480450630188
        ],
        [
            0.0816383957862854,
            -0.006799664348363876,
            -0.008003421127796173
        ],
        [
            0.08031140267848969,
            0.011726820841431618,
            -0.010349899530410767
        ],
        [
            0.08237143605947495,
            0.020464273169636726,
            -0.0114588662981987
        ],
        [
            0.11406119167804718,
            0.03217102214694023,
            -0.011515960097312927
        ],
        [
            0.08490405976772308,
            -0.014487024396657944,
            -0.006526127457618713
        ],
        [
            0.05968664586544037,
            -0.027294453233480453,
            0.05467645078897476
        ],
        [
            0.05870365351438522,
            -0.02965095080435276,
            0.06115805357694626
        ],
        [
            0.06490405648946762,
            -0.025920137763023376,
            0.06323076784610748
        ],
        [
            0.06640959531068802,
            -0.02408042922616005,
            0.05841587856411934
        ],
        [
            0.10557886958122253,
            -0.021982189267873764,
            0.09289634972810745
        ],
        [
            0.0983857810497284,
            -0.021363383159041405,
            0.09077730774879456
        ],
        [
            0.09623639285564423,
            -0.023346422240138054,
            0.08286302536725998
        ],
        [
            0.07389281690120697,
            0.020481431856751442,
            0.022230513393878937
        ],
        [
            0.07574386149644852,
            0.0317479744553566,
            0.016462750732898712
        ],
        [
            0.09247425198554993,
            -0.005253140814602375,
            0.09177714586257935
        ],
        [
            0.0907515287399292,
            -0.01321062445640564,
            0.12320884317159653
        ],
        [
            0.08741573989391327,
            -0.01721915416419506,
            0.12028107792139053
        ],
        [
            0.09968849271535873,
            -0.01938403584063053,
            0.1046547144651413
        ],
        [
            0.1034996286034584,
            -0.014922927133738995,
            0.10872466117143631
        ],
        [
            0.0945187509059906,
            0.0002252473495900631,
            0.09848571568727493
        ],
        [
            0.09163133800029755,
            -0.0052022067829966545,
            0.09447920322418213
        ],
        [
            0.09099102765321732,
            -0.004600041080266237,
            0.09624987840652466
        ],
        [
            0.09132938086986542,
            0.0008029842283576727,
            0.10025078803300858
        ],
        [
            0.09226369112730026,
            0.034766897559165955,
            0.08641821891069412
        ],
        [
            0.09138539433479309,
            0.034127552062273026,
            0.07989319413900375
        ],
        [
            0.11689435690641403,
            0.003927427344024181,
            0.09116453677415848
        ],
        [
            0.12022021412849426,
            -0.009851792827248573,
            0.09243341535329819
        ],
        [
            0.11927242577075958,
            -0.013388236984610558,
            0.07894884794950485
        ],
        [
            0.0903523787856102,
            0.019377760589122772,
            0.0677592009305954
        ],
        [
            0.0916113331913948,
            0.02204977720975876,
            0.07788486778736115
        ],
        [
            0.09112582355737686,
            0.02594754286110401,
            0.07628600299358368
        ],
        [
            0.0924709215760231,
            0.0016439848113805056,
            0.08760764449834824
        ],
        [
            0.09349703788757324,
            0.0008830074220895767,
            0.0937899723649025
        ],
        [
            0.09428362548351288,
            0.0057717193849384785,
            0.09146721661090851
        ],
        [
            0.09255482256412506,
            0.006379712373018265,
            0.08493242412805557
        ],
        [
            0.09900671988725662,
            0.048314567655324936,
            0.03245098143815994
        ],
        [
            0.08718885481357574,
            0.04960111528635025,
            0.03294315189123154
        ],
        [
            0.07548592239618301,
            -0.016936561092734337,
            0.12222090363502502
        ],
        [
            0.07943765819072723,
            -0.017290441319346428,
            0.11969432234764099
        ],
        [
            0.08887550979852676,
            0.01728726178407669,
            0.05652596428990364
        ],
        [
            0.11627722531557083,
            -0.01488631684333086,
            0.06350159645080566
        ],
        [
            0.08591807633638382,
            0.015851935371756554,
            0.045506078749895096
        ],
        [
            0.10899503529071808,
            0.04288226366043091,
            0.07856536656618118
        ],
        [
            0.10164196789264679,
            0.045727185904979706,
            0.07985993474721909
        ],
        [
            0.09992742538452148,
            0.044891003519296646,
            0.08634992688894272
        ],
        [
            0.10568522661924362,
            0.04330950230360031,
            0.08776531368494034
        ],
        [
            0.08196459710597992,
            0.0018819738179445267,
            0.11322986334562302
        ],
        [
            0.07861093431711197,
            -0.002457838039845228,
            0.1108366921544075
        ],
        [
            0.07531121373176575,
            -0.002584467176347971,
            0.11481241136789322
        ],
        [
            0.07825563848018646,
            0.001611621817573905,
            0.11771653592586517
        ],
        [
            0.09163758158683777,
            -0.01097039133310318,
            0.09274554997682571
        ],
        [
            0.09357087314128876,
            -0.016851231455802917,
            0.09290587902069092
        ],
        [
            0.0909881740808487,
            -0.015977418050169945,
            0.09662990272045135
        ],
        [
            0.0900418683886528,
            -0.009847261942923069,
            0.09617611020803452
        ],
        [
            0.09798538684844971,
            -0.020386168733239174,
            0.09562090039253235
        ],
        [
            0.09519358724355698,
            -0.019666556268930435,
            0.09997589886188507
        ],
        [
            0.08683881908655167,
            0.0027731931768357754,
            0.11767765134572983
        ],
        [
            0.0913657695055008,
            -0.0011196485720574856,
            0.12241610884666443
        ],
        [
            0.1026812270283699,
            -0.000774650601670146,
            0.10919111967086792
        ],
        [
            0.09544428437948227,
            0.0024324594996869564,
            0.10644126683473587
        ],
        [
            0.1170746386051178,
            0.02329246886074543,
            0.03070659190416336
        ],
        [
            0.11262867599725723,
            0.03297116607427597,
            0.026839889585971832
        ],
        [
            0.11171580851078033,
            0.03679540008306503,
            0.04156094044446945
        ],
        [
            0.11189769208431244,
            0.041352927684783936,
            0.05591178685426712
        ],
        [
            0.11134064942598343,
            0.044373348355293274,
            0.06973754614591599
        ],
        [
            0.11772000044584274,
            0.03456476330757141,
            0.07407739758491516
        ],
        [
            0.1078096330165863,
            0.04297665134072304,
            0.03746204078197479
        ],
        [
            0.10372275114059448,
            0.005728716962039471,
            0.09686090797185898
        ],
        [
            0.11037241667509079,
            -0.0002850691380444914,
            0.09902743250131607
        ],
        [
            0.11074449121952057,
            0.005014257971197367,
            0.09523876011371613
        ],
        [
            0.08285025507211685,
            0.022598573938012123,
            0.043862853199243546
        ],
        [
            0.08372770249843597,
            -0.017957083880901337,
            0.11630786210298538
        ],
        [
            0.11752808094024658,
            -0.013856043107807636,
            0.005709804594516754
        ],
        [
            0.12157487869262695,
            -0.0010266322642564774,
            0.004586316645145416
        ],
        [
            0.12068520486354828,
            -0.002261287998408079,
            0.013375334441661835
        ],
        [
            0.11515392363071442,
            -0.016595717519521713,
            0.014543071389198303
        ],
        [
            0.07792340964078903,
            -0.009386108256876469,
            0.1101270392537117
        ],
        [
            0.07955922931432724,
            -0.015361012890934944,
            0.1120433509349823
        ],
        [
            0.09022442996501923,
            0.040637996047735214,
            0.0792890340089798
        ],
        [
            0.09172055870294571,
            0.04031243547797203,
            0.08574111014604568
        ],
        [
            0.09341868758201599,
            0.04336392879486084,
            0.08709237724542618
        ],
        [
            0.09025859087705612,
            0.046093009412288666,
            0.08144057542085648
        ],
        [
            0.10950917750597,
            0.03712339699268341,
            0.023619137704372406
        ],
        [
            0.09758692234754562,
            0.05993315950036049,
            0.06612792611122131
        ],
        [
            0.10677503794431686,
            0.05479836463928223,
            0.06830424815416336
        ],
        [
            0.11362661421298981,
            0.02926466427743435,
            0.014142051339149475
        ],
        [
            0.1181195005774498,
            0.020968196913599968,
            0.017285816371440887
        ],
        [
            0.11877677589654922,
            0.019911089912056923,
            0.0074758753180503845
        ],
        [
            0.1175161600112915,
            0.02375376597046852,
            0.08537018299102783
        ],
        [
            0.1194026917219162,
            0.016315529122948647,
            0.03563561290502548
        ],
        [
            0.11971870064735413,
            0.014299137517809868,
            0.02103642374277115
        ],
        [
            0.12057194113731384,
            0.012696211226284504,
            0.009474791586399078
        ],
        [
            0.12160998582839966,
            0.012388824485242367,
            0.0010556653141975403
        ],
        [
            0.11942429095506668,
            0.020286545157432556,
            -0.0002653151750564575
        ],
        [
            0.09167872369289398,
            -0.0068542445078492165,
            0.12384257465600967
        ],
        [
            0.08607190102338791,
            -0.0012668229173868895,
            0.12667731940746307
        ],
        [
            0.121741883456707,
            0.02132895030081272,
            -0.009137183427810669
        ],
        [
            0.12343692779541016,
            0.012238873168826103,
            -0.007311820983886719
        ],
        [
            0.1206638514995575,
            0.005696477834135294,
            0.02464950829744339
        ],
        [
            0.11992738395929337,
            -0.005242501851171255,
            0.02862709015607834
        ],
        [
            0.1199750080704689,
            0.00790623389184475,
            0.038672760128974915
        ],
        [
            0.11959168314933777,
            -0.002663621213287115,
            0.04392469674348831
        ],
        [
            0.1229262575507164,
            0.014520317316055298,
            0.08592711389064789
        ],
        [
            0.06979118287563324,
            0.0005336406757123768,
            0.13552641868591309
        ],
        [
            0.07823118567466736,
            0.0018362943083047867,
            0.12773214280605316
        ],
        [
            0.07467878609895706,
            0.0016589266015216708,
            0.12303243577480316
        ],
        [
            0.06745947897434235,
            0.002059352584183216,
            0.13218268752098083
        ],
        [
            0.08236147463321686,
            0.002354911994189024,
            0.12209959328174591
        ],
        [
            0.08156923949718475,
            -0.002030821517109871,
            0.1306736171245575
        ],
        [
            0.11443408578634262,
            -0.01741294004023075,
            0.04740117862820625
        ],
        [
            0.09575357288122177,
            0.0070039983838796616,
            0.09598741680383682
        ],
        [
            0.11123832315206528,
            -0.021884284913539886,
            0.030345402657985687
        ],
        [
            0.10594884306192398,
            -0.03259894996881485,
            0.05508827418088913
        ],
        [
            0.1008710190653801,
            -0.03559265658259392,
            0.04220881685614586
        ],
        [
            0.10632284730672836,
            -0.02714221552014351,
            0.01378999650478363
        ],
        [
            0.0974835753440857,
            -0.035941097885370255,
            0.025620684027671814
        ],
        [
            0.11136825382709503,
            -0.021749284118413925,
            -0.0021041259169578552
        ],
        [
            0.10991550236940384,
            -0.02309245616197586,
            0.006275296211242676
        ],
        [
            0.08657626807689667,
            -0.04434073343873024,
            0.038174934685230255
        ],
        [
            0.0643787831068039,
            -0.0106249013915658,
            0.125120148062706
