{
    "pred_cam": [
        9.306107521057129,
        0.1302349716424942,
        -0.0662052184343338
    ],
    "pred_mano_params": {
        "global_orient": [
            [
                [
                    -0.03439782187342644,
                    -0.9922727346420288,
                    0.11921241879463196
                ],
                [
                    -0.8836227059364319,
                    -0.025534752756357193,
                    -0.4675029218196869
                ],
                [
                    0.466934472322464,
                    -0.12141987681388855,
                    -0.8759163618087769
                ]
            ]
        ],
        "hand_pose": [
            [
                [
                    0.6889450550079346,
                    -0.6268561482429504,
                    -0.3638765215873718
                ],
                [
                    0.6148350238800049,
                    0.7712856531143188,
                    -0.16460978984832764
                ],
                [
                    0.3838393986225128,
                    -0.11031690984964371,
                    0.9167865514755249
                ]
            ],
            [
                [
                    0.8790257573127747,
                    -0.3932945132255554,
                    0.2695052921772003
                ],
                [
                    0.4499799907207489,
                    0.8711932897567749,
                    -0.1963168829679489
                ],
                [
                    -0.15758082270622253,
                    0.29383957386016846,
                    0.9427760243415833
                ]
            ],
            [
                [
                    0.7580742835998535,
                    -0.6517257690429688,
                    0.024018390104174614
                ],
                [
                    0.6337831020355225,
                    0.7275208830833435,
                    -0.262739896774292
                ],
                [
                    0.15376047790050507,
                    0.2143988162279129,
                    0.9645676612854004
                ]
            ],
            [
                [
                    0.6751242876052856,
                    -0.7043086886405945,
                    -0.21944567561149597
                ],
                [
                    0.7210580110549927,
                    0.6928538680076599,
                    -0.0053735640831291676
                ],
                [
                    0.15582843124866486,
                    -0.15460523962974548,
                    0.9756098985671997
                ]
            ],
            [
                [
                    0.7931579947471619,
                    -0.5886775255203247,
                    -0.1560746282339096
                ],
                [
                    0.6073722243309021,
                    0.7457842826843262,
                    0.2736874520778656
                ],
                [
                    -0.04471563175320625,
                    -0.3118727505207062,
                    0.9490711688995361
                ]
            ],
            [
                [
                    0.829900324344635,
                    -0.5256378650665283,
                    -0.18700362741947174
                ],
                [
                    0.5462628602981567,
                    0.8337035179138184,
                    0.08084183186292648
                ],
                [
                    0.1134120523929596,
                    -0.16924381256103516,
                    0.979027271270752
                ]
            ],
            [
                [
                    0.5079707503318787,
                    -0.707082986831665,
                    0.4919343888759613
                ],
                [
                    0.5292909741401672,
                    0.7067896723747253,
                    0.46936067938804626
                ],
                [
                    -0.6795710921287537,
                    0.02195494994521141,
                    0.733281135559082
                ]
            ],
            [
                [
                    0.8562411069869995,
                    -0.4263553321361542,
                    -0.2916714549064636
                ],
                [
                    0.5047999620437622,
                    0.8104600310325623,
                    0.2972062826156616
                ],
                [
                    0.10967256128787994,
                    -0.401716023683548,
                    0.9091733694076538
                ]
            ],
            [
                [
                    0.8310908675193787,
                    -0.5359298586845398,
                    0.14855000376701355
                ],
                [
                    0.4940563440322876,
                    0.834128737449646,
                    0.24522951245307922
                ],
                [
                    -0.2553356885910034,
                    -0.13041594624519348,
                    0.9580163359642029
                ]
            ],
            [
                [
                    0.6397756338119507,
                    -0.7590941190719604,
                    0.12026351690292358
                ],
                [
                    0.7584168910980225,
                    0.6488940715789795,
                    0.061157774180173874
                ],
                [
                    -0.12446279078722,
                    0.05208262801170349,
                    0.990856409072876
                ]
            ],
            [
                [
                    0.8001720309257507,
                    -0.5690305829048157,
                    -0.18954935669898987
                ],
                [
                    0.5914269089698792,
                    0.6960680484771729,
                    0.4070669710636139
                ],
                [
                    -0.09969428181648254,
                    -0.4378281831741333,
                    0.8935142159461975
                ]
            ],
            [
                [
                    0.7869671583175659,
                    -0.5726931095123291,
                    -0.22957633435726166
                ],
                [
                    0.6113975048065186,
                    0.7738404273986816,
                    0.16542091965675354
                ],
                [
                    0.08292002975940704,
                    -0.27054324746131897,
                    0.9591301083564758
                ]
            ],
            [
                [
                    0.9363320469856262,
                    -0.20114131271839142,
                    -0.2877923846244812
                ],
                [
                    -0.19814378023147583,
                    0.3739655613899231,
                    -0.9060291647911072
                ],
                [
                    0.28986430168151855,
                    0.9053683876991272,
                    0.3103010356426239
                ]
            ],
            [
                [
                    0.9428278803825378,
                    -0.26166918873786926,
                    -0.20640966296195984
                ],
                [
                    0.3331074118614197,
                    0.7199201583862305,
                    0.608896017074585
                ],
                [
                    -0.010730823501944542,
                    -0.6428406834602356,
                    0.7659247517585754
                ]
            ],
            [
                [
                    0.8957975506782532,
                    0.313342422246933,
                    0.3152194917201996
                ],
                [
                    -0.3351096212863922,
                    0.9420452117919922,
                    0.015886008739471436
                ],
                [
                    -0.2919732630252838,
                    -0.11986371129751205,
                    0.9488858580589294
                ]
            ]
        ],
        "betas": [
            -0.0736413300037384,
            -0.015259146690368652,
            -0.043795645236968994,
            0.0226307213306427,
            0.04854598641395569,
            -0.010287191718816757,
            0.04353109002113342,
            -0.017405569553375244,
            -0.010011255741119385,
            -0.0263974666595459
        ]
    },
    "pred_cam_t": [
        -0.1302349716424942,
        -0.0662052184343338,
        4.197512149810791
    ],
    "focal_length": [
        5000.0,
        5000.0
    ],
    "pred_keypoints_3d": [
        [
            0.09608345478773117,
            0.00641800370067358,
            0.006204802542924881
        ],
        [
            0.11547887325286865,
            0.016074106097221375,
            -0.025913015007972717
        ],
        [
            0.13384336233139038,
            0.03788239508867264,
            -0.0379001647233963
        ],
        [
            0.1440773904323578,
            0.06215459108352661,
            -0.04468434676527977
        ],
        [
            0.15346592664718628,
            0.08306087553501129,
            -0.07330886274576187
        ],
        [
            0.10678161680698395,
            0.07506074756383896,
            -0.05267537385225296
        ],
        [
            0.12368558347225189,
            0.10356447100639343,
            -0.05303109064698219
        ],
        [
            0.14418821036815643,
            0.11205475777387619,
            -0.05095645412802696
        ],
        [
            0.16651523113250732,
            0.11013340204954147,
            -0.038592688739299774
        ],
        [
            0.10041382908821106,
            0.09204167872667313,
            -0.03504317253828049
        ],
        [
            0.12096041440963745,
            0.11625558882951736,
            -0.03304353356361389
        ],
        [
            0.14370283484458923,
            0.11763828247785568,
            -0.027905359864234924
        ],
        [
            0.1666158139705658,
            0.1087295264005661,
            -0.019874177873134613
        ],
        [
            0.09963157027959824,
            0.0915634036064148,
            -0.008186690509319305
        ],
        [
            0.12051637470722198,
            0.11077579855918884,
            -0.01397254690527916
        ],
        [
            0.14450141787528992,
            0.11007704585790634,
            -0.007366366684436798
        ],
        [
            0.1645452082157135,
            0.09842811524868011,
            0.003636535257101059
        ],
        [
            0.10319935530424118,
            0.08798761665821075,
            0.01314074732363224
        ],
        [
            0.11878255009651184,
            0.10038313269615173,
            0.005865408107638359
        ],
        [
            0.1374279111623764,
            0.10348828881978989,
            0.008126851171255112
        ],
        [
            0.1540195196866989,
            0.09696123003959656,
            0.010787994600832462
        ]
    ],
    "pred_vertices": [
        [
            0.1159704327583313,
            0.0434727780520916,
            -0.028492534533143044
        ],
        [
            0.11603887379169464,
            0.03409720957279205,
            -0.02182014100253582
        ],
        [
            0.12080436944961548,
            0.03926081582903862,
            -0.0266175027936697
        ],
        [
            0.11986438930034637,
            0.04616720974445343,
            -0.03519902005791664
        ],
        [
            0.1313624531030655,
            0.024104155600070953,
            -0.01567857339978218
        ],
        [
            0.13528525829315186,
            0.014255352318286896,
            -0.021287482231855392
        ],
        [
            0.1420566588640213,
            0.028335101902484894,
            -0.028442678973078728
        ],
        [
            0.13856464624404907,
            0.034575123339891434,
            -0.021385926753282547
        ],
        [
            0.12163489311933517,
            0.04928305745124817,
            -0.04020477458834648
        ],
        [
            0.12544269859790802,
            0.04406924918293953,
            -0.03050507977604866
        ],
        [
            0.12020653486251831,
            0.04971524700522423,
            -0.041659876704216
        ],
        [
            0.11063453555107117,
            0.05335599184036255,
            -0.053171075880527496
        ],
        [
            0.11592324078083038,
            0.05400300770998001,
            -0.04907546564936638
        ],
        [
            0.10623489320278168,
            0.059336867183446884,
            -0.05790456756949425
        ],
        [
            0.10220204293727875,
            0.04684683680534363,
            -0.05333048850297928
        ],
        [
            0.09686334431171417,
            0.06063087284564972,
            -0.05686023086309433
        ],
        [
            0.08382497727870941,
            0.049331311136484146,
            -0.03234713524580002
        ],
        [
            0.0812797099351883,
            0.05222178250551224,
            -0.01909305527806282
        ],
        [
            0.0818803682923317,
            0.06867223978042603,
            -0.025277458131313324
        ],
        [
            0.08530981093645096,
            0.06412027031183243,
            -0.037969015538692474
        ],
        [
            0.08312298357486725,
            0.06755222380161285,
            -0.0041810618713498116
        ],
        [
            0.08238638937473297,
            0.0690045952796936,
            -0.016045445576310158
        ],
        [
            0.08049476146697998,
            0.052617769688367844,
            -0.010018175467848778
        ],
        [
            0.08144115656614304,
            0.052068181335926056,
            0.0002576671540737152
        ],
        [
            0.11193012446165085,
            0.04199583828449249,
            -0.013774281367659569
        ],
        [
            0.11227583885192871,
            0.03236176446080208,
            -0.008352668955922127
        ],
        [
            0.11229245364665985,
            0.03197565674781799,
            -0.01418503001332283
        ],
        [
            0.11275400221347809,
            0.041426148265600204,
            -0.019243814051151276
        ],
        [
            0.12555235624313354,
            0.047985389828681946,
            -0.04460345208644867
        ],
        [
            0.11592181026935577,
            0.03799295052886009,
            -0.049349311739206314
        ],
        [
            0.11595558375120163,
            0.04514622315764427,
            -0.04684111103415489
        ],
        [
            0.1272406429052353,
            0.0508476085960865,
            -0.039878059178590775
        ],
        [
            0.118332639336586,
            0.01341278851032257,
            0.013152893632650375
        ],
        [
            0.1121833473443985,
            0.001607358455657959,
            0.01593012735247612
        ],
        [
            0.11231261491775513,
            -0.0005502626299858093,
            0.010350055992603302
        ],
        [
            0.11740664392709732,
            0.010641239583492279,
            0.008816022425889969
        ],
        [
            0.12168922275304794,
            -0.0015776380896568298,
            -0.010081052780151367
        ],
        [
            0.11373737454414368,
            -0.008195944130420685,
            -0.006301913410425186
        ],
        [
            0.10638412833213806,
            -0.016339503228664398,
            -0.013603195548057556
        ],
        [
            0.11255624145269394,
            -0.009487815201282501,
            -0.02012057602405548
        ],
        [
            0.12913237512111664,
            0.006093405187129974,
            -0.015869565308094025
        ],
        [
            0.1237921342253685,
            -0.0018250197172164917,
            -0.025278981775045395
        ],
        [
            0.13247565925121307,
            0.008418470621109009,
            -0.0305230300873518
        ],
        [
            0.140157550573349,
            0.02464209496974945,
            -0.03664562106132507
        ],
        [
            0.10871758311986923,
            0.006158076226711273,
            0.027469299733638763
        ],
        [
            0.11327540874481201,
            0.015388980507850647,
            0.027278222143650055
        ],
        [
            0.1337834596633911,
            0.09665264189243317,
            -0.054079197347164154
        ],
        [
            0.13394181430339813,
            0.09813626110553741,
            -0.048320598900318146
        ],
        [
            0.1314563751220703,
            0.09454437345266342,
            -0.048742931336164474
        ],
        [
            0.1316073089838028,
            0.09425457566976547,
            -0.054605547338724136
        ],
        [
            0.09321433305740356,
            0.017752043902873993,
            0.03367725387215614
        ],
        [
            0.08348429203033447,
            0.018362045288085938,
            0.030914966017007828
        ],
        [
            0.08426204323768616,
            0.012056201696395874,
            0.034554511308670044
        ],
        [
            0.09351110458374023,
            0.010383203625679016,
            0.035539813339710236
        ],
        [
            0.09285907447338104,
            0.027458004653453827,
            0.031157540157437325
        ],
        [
            0.08303222060203552,
            0.02695317566394806,
            0.02548477239906788
        ],
        [
            0.12828759849071503,
            0.10615477710962296,
            -0.06092780455946922
        ],
        [
            0.13117049634456635,
            0.10185152292251587,
            -0.06098056584596634
        ],
        [
            0.12672550976276398,
            0.09995079785585403,
            -0.06155044585466385
        ],
        [
            0.12318472564220428,
            0.103403739631176,
            -0.060321174561977386
        ],
        [
            0.118079274892807,
            0.05301866680383682,
            -0.042735084891319275
        ],
        [
            0.11679153889417648,
            0.05192812159657478,
            -0.0339607372879982
        ],
        [
            0.11682833731174469,
            0.06795281916856766,
            -0.04975498840212822
        ],
        [
            0.11579186469316483,
            0.06262281537055969,
            -0.04292025417089462
        ],
        [
            0.11563281714916229,
            0.059446562081575394,
            -0.04916758835315704
        ],
        [
            0.11540919542312622,
            0.06466604769229889,
            -0.05447337403893471
        ],
        [
            0.11120127886533737,
            0.06412363797426224,
            -0.019570698961615562
        ],
        [
            0.11088842153549194,
            0.05324903130531311,
            -0.015236657112836838
        ],
        [
            0.1117699146270752,
            0.05320745334029198,
            -0.02183668501675129
        ],
        [
            0.11316388845443726,
            0.06454159319400787,
            -0.028026573359966278
        ],
        [
            0.11182625591754913,
            0.05554020777344704,
            -0.0012079570442438126
        ],
        [
            0.11154177039861679,
            0.06604704260826111,
            -0.006649058312177658
        ],
        [
            0.11203698068857193,
            0.06608910113573074,
            0.0019825398921966553
        ],
        [
            0.11318166553974152,
            0.05863269045948982,
            0.004417968913912773
        ],
        [
            0.11062909662723541,
            0.08227276802062988,
            -0.01908164471387863
        ],
        [
            0.11016228795051575,
            0.08748741447925568,
            -0.022147303447127342
        ],
        [
            0.11118493229150772,
            0.08873915672302246,
            -0.01873636618256569
        ],
        [
            0.11047644168138504,
            0.0824984461069107,
            -0.015264908783137798
        ],
        [
            0.08398552983999252,
            0.005613580346107483,
            0.037610191851854324
        ],
        [
            0.09345835447311401,
            0.003098726272583008,
            0.03644733503460884
        ],
        [
            0.08781963586807251,
            0.06731278449296951,
            0.017308834940195084
        ],
        [
            0.09467454254627228,
            0.06348125636577606,
            0.025455379858613014
        ],
        [
            0.09596709161996841,
            0.07714592665433884,
            0.023479515686631203
        ],
        [
            0.0875803604722023,
            0.07790014892816544,
            0.015158560127019882
        ],
        [
            0.07678604125976562,
            0.018054865300655365,
            0.022904453799128532
        ],
        [
            0.07625488191843033,
            0.01241961121559143,
            0.028383562341332436
        ],
        [
            0.12595857679843903,
            0.11023545265197754,
            -0.05699314549565315
        ],
        [
            0.12097511440515518,
            0.10645871609449387,
            -0.05573779717087746
        ],
        [
            0.12095654755830765,
            0.004996158182621002,
            -0.03823884576559067
        ],
        [
            0.13376812636852264,
            0.02300363779067993,
            -0.043952733278274536
        ],
        [
            0.10934161394834518,
            -0.005545854568481445,
            -0.0305219367146492
        ],
        [
            0.10042788088321686,
            -0.010928891599178314,
            -0.02362605556845665
        ],
        [
            0.09500651061534882,
            -0.017042912542819977,
            -0.018281109631061554
        ],
        [
            0.11525338888168335,
            0.0678020715713501,
            -0.039100535213947296
        ],
        [
            0.11385862529277802,
            0.04917319864034653,
            -0.02565855346620083
        ],
        [
            0.11174474656581879,
            0.04271288588643074,
            -0.008671270683407784
        ],
        [
            0.11554683744907379,
            0.05226010084152222,
            0.020643780007958412
        ],
        [
            0.11595112830400467,
            0.04227113723754883,
            0.02406788431107998
        ],
        [
            0.11752738058567047,
            0.04302103444933891,
            0.013420570641756058
        ],
        [
            0.11621741205453873,
            0.05163714289665222,
            0.012563195079565048
        ],
        [
            0.10438249260187149,
            0.06313571333885193,
            0.02784842625260353
        ],
        [
            0.11124379187822342,
            0.06316511332988739,
            0.02339426428079605
        ],
        [
            0.11056230962276459,
            0.0717906504869461,
            0.021068867295980453
        ],
        [
            0.10429729521274567,
            0.07397603988647461,
            0.025323959067463875
        ],
        [
            0.1283491849899292,
            0.044146861881017685,
            -0.05010009929537773
        ],
        [
            0.11796611547470093,
            0.03142012655735016,
            -0.05128706619143486
        ],
        [
            0.10368745028972626,
            0.015998005867004395,
            0.03283905237913132
        ],
        [
            0.10298099368810654,
            0.008179426193237305,
            0.032439541071653366
        ],
        [
            0.10013721883296967,
            0.0001979544758796692,
            0.03365504741668701
        ],
        [
            0.11602085083723068,
            0.02200586348772049,
            0.0011239908635616302
        ],
        [
            0.11691011488437653,
            0.008640475571155548,
            0.005750611424446106
        ],
        [
            0.11774035543203354,
            0.007697872817516327,
            0.0014028586447238922
        ],
        [
            0.11473145335912704,
            0.021128617227077484,
            -0.002351030707359314
        ],
        [
            0.1188787966966629,
            0.02555587887763977,
            -0.013746429234743118
        ],
        [
            0.12446552515029907,
            0.014352403581142426,
            -0.009670961648225784
        ],
        [
            0.12477490305900574,
            0.03377748653292656,
            -0.01731105148792267
        ],
        [
            0.1124078556895256,
            -0.005044877529144287,
            0.0033633075654506683
        ],
        [
            0.1098780408501625,
            -0.010249100625514984,
            0.012920528650283813
        ],
        [
            0.10935215651988983,
            -0.013860099017620087,
            0.004749968647956848
        ],
        [
            0.10798275470733643,
            -0.006544157862663269,
            0.0218338742852211
        ],
        [
            0.1048516109585762,
            -0.0028192028403282166,
            0.02932668849825859
        ],
        [
            0.07287504523992538,
            0.006109327077865601,
            0.03308603912591934
        ],
        [
            0.10773421078920364,
            -0.016108721494674683,
            -0.003098968416452408
        ],
        [
            0.14237810671329498,
            0.04160192608833313,
            -0.027303485199809074
        ],
        [
            0.14511151611804962,
            0.04816984385251999,
            -0.032476164400577545
        ],
        [
            0.13919034600257874,
            0.05145634710788727,
            -0.030141059309244156
        ],
        [
            0.1359662413597107,
            0.04597176983952522,
            -0.025997048243880272
        ],
        [
            0.10500337928533554,
            0.06815347075462341,
            -0.061237066984176636
        ],
        [
            0.1120428591966629,
            0.06570105254650116,
            -0.05905364826321602
        ],
        [
            0.1125677227973938,
            0.057629965245723724,
            -0.05485786497592926
        ],
        [
            0.11898801475763321,
            0.025076083838939667,
            0.014431815594434738
        ],
        [
            0.11487217992544174,
            0.02615722268819809,
            0.026403270661830902
        ],
        [
            0.11609425395727158,
            0.0728297233581543,
            -0.04564865678548813
        ],
        [
            0.1187085211277008,
            0.10105141997337341,
            -0.060479722917079926
        ],
        [
            0.12289603799581528,
            0.09713564813137054,
            -0.06202632561326027
        ],
        [
            0.11250652372837067,
            0.08180152624845505,
            -0.06301720440387726
        ],
        [
            0.10755201429128647,
            0.08653724193572998,
            -0.06144856661558151
        ],
        [
            0.11249895393848419,
            0.082192562520504,
            -0.043814513832330704
        ],
        [
            0.11635640263557434,
            0.07627139985561371,
            -0.045725323259830475
        ],
        [
            0.1162477433681488,
            0.07853637635707855,
            -0.04501146450638771
        ],
        [
            0.1141132339835167,
            0.08382388949394226,
            -0.04149573668837547
        ],
        [
            0.11132270842790604,
            0.08724670857191086,
            -0.009463362395763397
        ],
        [
            0.11077842861413956,
            0.08152633160352707,
            -0.006513654254376888
        ],
        [
            0.09061641991138458,
            0.07873350381851196,
            -0.04216282069683075
        ],
        [
            0.0891798585653305,
            0.07279744744300842,
            -0.05402805283665657
        ],
        [
            0.0886126309633255,
            0.06077616661787033,
            -0.049363262951374054
        ],
        [
            0.11097655445337296,
            0.06446823477745056,
            -0.012063996866345406
        ],
        [
            0.11123242229223251,
            0.07436871528625488,
            -0.01519978977739811
        ],
        [
            0.11101029813289642,
            0.07493199408054352,
            -0.01104242168366909
        ],
        [
            0.1144164651632309,
            0.0722627192735672,
            -0.03753563389182091
        ],
        [
            0.11419669538736343,
            0.07728177309036255,
            -0.04168923944234848
        ],
        [
            0.11288560181856155,
            0.07787324488162994,
            -0.037010420113801956
        ],
        [
            0.11328893154859543,
            0.07257822155952454,
            -0.03210490942001343
        ],
        [
            0.09301918745040894,
            0.050401680171489716,
            0.028087005019187927
        ],
        [
            0.10439014434814453,
            0.050353094935417175,
            0.031191183254122734
        ],
        [
            0.13299347460269928,
            0.09818911552429199,
            -0.058624181896448135
        ],
        [
            0.12978923320770264,
            0.09629945456981659,
            -0.05933987349271774
        ],
        [
            0.11072108149528503,
            0.05377936363220215,
            -0.007985647767782211
        ],
        [
            0.08919120579957962,
            0.047206707298755646,
            -0.04271688312292099
        ],
        [
            0.11192759871482849,
            0.04347178712487221,
            -0.0031811073422431946
        ],
        [
            0.09276490658521652,
            0.08748841285705566,
            -0.0008308058604598045
        ],
        [
            0.10038064420223236,
            0.08859902620315552,
            0.0022127246484160423
        ],
        [
            0.10356142371892929,
            0.0926581621170044,
            -0.0005507473833858967
        ],
        [
            0.09837337583303452,
            0.09435860812664032,
            -0.0033119539730250835
        ],
        [
            0.12210000306367874,
            0.09684373438358307,
            -0.04123988747596741
        ],
        [
            0.1265372782945633,
            0.09370177239179611,
            -0.04331548511981964
        ],
        [
            0.1294262856245041,
            0.09718720614910126,
            -0.04340203106403351
        ],
        [
            0.12571626901626587,
            0.10145639628171921,
            -0.04162698984146118
        ],
        [
            0.11786123365163803,
            0.07281089574098587,
            -0.05027738958597183
        ],
        [
            0.1171988770365715,
            0.07048502564430237,
            -0.05605337396264076
        ],
        [
            0.11961179971694946,
            0.07577896863222122,
            -0.05524931102991104
        ],
        [
            0.11869802325963974,
            0.077155701816082,
            -0.049430496990680695
        ],
        [
            0.11370420455932617,
            0.07223828136920929,
            -0.06062591075897217
        ],
        [
            0.11671582609415054,
            0.07768966257572174,
            -0.06055987626314163
        ],
        [
            0.11744529753923416,
            0.10094533115625381,
            -0.043108150362968445
        ],
        [
            0.1147039458155632,
            0.10390350967645645,
            -0.04943763092160225
        ],
        [
            0.10390600562095642,
            0.09111587703227997,
            -0.04867447540163994
        ],
        [
            0.10947690904140472,
            0.0897529199719429,
            -0.0429566390812397
        ],
        [
            0.0783710926771164,
            0.037637848407030106,
            0.004460025578737259
        ],
        [
            0.08088086545467377,
            0.03891635686159134,
            0.015319263562560081
        ],
        [
            0.0837908387184143,
            0.053414613008499146,
            0.011485692113637924
        ],
        [
            0.08543017506599426,
            0.06825140118598938,
            0.008246758952736855
        ],
        [
            0.0879078358411789,
            0.081626296043396,
            0.004074789583683014
        ],
        [
            0.08365440368652344,
            0.08088010549545288,
            -0.007456617429852486
        ],
        [
            0.08604078739881516,
            0.052754051983356476,
            0.019458085298538208
        ],
        [
            0.10386452823877335,
            0.08517991751432419,
            -0.04293893650174141
        ],
        [
            0.0971909612417221,
            0.08297397196292877,
            -0.0479256846010685
        ],
        [
            0.09723633527755737,
            0.08422400057315826,
            -0.04326382651925087
        ],
        [
            0.11379500478506088,
            0.04525064304471016,
            0.003880329430103302
        ],
        [
            0.126598060131073,
            0.09360559284687042,
            -0.06036500632762909
        ],
        [
            0.07845725119113922,
            -0.002193346619606018,
            -0.015407972037792206
        ],
        [
            0.07256164401769638,
            0.0035410746932029724,
            -0.0042385198175907135
        ],
        [
            0.07513190805912018,
            0.010244488716125488,
            -0.009432315826416016
        ],
        [
            0.08297940343618393,
            0.0039016902446746826,
            -0.022096741944551468
        ],
        [
            0.12941011786460876,
            0.091191366314888,
            -0.04916344955563545
        ],
        [
            0.12963475286960602,
            0.09086256474256516,
            -0.05546410009264946
        ],
        [
            0.11142856627702713,
            0.08374180644750595,
            -0.0002618953585624695
        ],
        [
            0.11142882704734802,
            0.08881297707557678,
            -0.0038617728278040886
        ],
        [
            0.10992724448442459,
            0.09114420413970947,
            -0.001490230206400156
        ],
        [
            0.11177404969930649,
            0.08762694150209427,
            0.0035181427374482155
        ],
        [
            0.08280058950185776,
            0.038040533661842346,
            0.020979296416044235
        ],
        [
            0.1007586196064949,
            0.08538009226322174,
            0.021056190133094788
        ],
        [
            0.09205538034439087,
            0.08566914498806,
            0.01398448459804058
        ],
        [
            0.07820039987564087,
            0.026302143931388855,
            0.01822652295231819
        ],
        [
            0.07535949349403381,
            0.02514449506998062,
            0.00887441448867321
        ],
        [
            0.07317855954170227,
            0.016350671648979187,
            0.012625889852643013
        ],
        [
            0.08730187267065048,
            0.08422432839870453,
            -0.021993720903992653
        ],
        [
            0.07780665159225464,
            0.03844057396054268,
            -0.004240391775965691
        ],
        [
            0.07526550441980362,
            0.02506083995103836,
            0.0011457987129688263
        ],
        [
            0.07266292721033096,
            0.014539182186126709,
            0.00527346134185791
        ],
        [
            0.0701863244175911,
            0.007377944886684418,
            0.008861728012561798
        ],
        [
            0.07112793624401093,
            0.010067276656627655,
            0.016554268077015877
        ],
        [
            0.11603815853595734,
            0.1034013107419014,
            -0.05524542182683945
        ],
        [
            0.1198180764913559,
            0.10848580300807953,
            -0.04933471605181694
        ],
        [
            0.06721045821905136,
            0.0032945796847343445,
            0.02127155289053917
        ],
        [
            0.0669620931148529,
            0.0003985092043876648,
            0.012396637350320816
        ],
        [
            0.0760471373796463,
            0.023816607892513275,
            -0.008029546588659286
        ],
        [
            0.07890606671571732,
            0.021744921803474426,
            -0.019440626725554466
        ],
        [
            0.07872701436281204,
            0.036784593015909195,
            -0.01286342740058899
        ],
        [
            0.08129020035266876,
            0.03590856119990349,
            -0.024357471615076065
        ],
        [
            0.08233920484781265,
            0.08061632513999939,
            -0.03126094117760658
        ],
        [
            0.1372973620891571,
            0.11729633808135986,
            -0.047163963317871094
        ],
        [
            0.1267835944890976,
            0.11137007176876068,
            -0.04527691751718521
        ],
        [
            0.12925489246845245,
            0.10674621909856796,
            -0.04269548878073692
        ],
        [
            0.13762733340263367,
            0.11458256095647812,
            -0.043569792062044144
        ],
        [
            0.12204843759536743,
            0.10570993274450302,
            -0.04355687275528908
        ],
        [
            0.12505771219730377,
            0.11239421367645264,
            -0.050690487027168274
        ],
        [
            0.08896554261445999,
            0.03231250122189522,
            -0.037418387830257416
        ],
        [
            0.11221354454755783,
            0.08319982141256332,
            -0.04033635929226875
        ],
        [
            0.09058819711208344,
            0.0156567245721817,
            -0.0338037870824337
        ],
        [
            0.10036469995975494,
            0.034206975251436234,
            -0.04992859810590744
        ],
        [
            0.10454128682613373,
            0.022099778056144714,
            -0.04691624641418457
        ],
        [
            0.09430474042892456,
            -0.0017616897821426392,
            -0.030469533056020737
        ],
        [
            0.10677409917116165,
            0.006850183010101318,
            -0.041532136499881744
        ],
        [
            0.08437369763851166,
            -0.013233095407485962,
            -0.017209503799676895
        ],
        [
            0.08800528198480606,
            -0.006638333201408386,
            -0.02289879322052002
        ],
        [
            0.11973639577627182,
            0.018641997128725052,
            -0.04782760143280029
        ],
        [
            0.14176206290721893,
            0.10138243436813354,
