{
    "pred_cam": [
        9.360392570495605,
        0.12318411469459534,
        -0.06609267741441727
    ],
    "pred_mano_params": {
        "global_orient": [
            [
                [
                    -0.05323969945311546,
                    -0.9850472807884216,
                    0.1638518124818802
                ],
                [
                    -0.8701286911964417,
                    -0.034743402153253555,
                    -0.4915982782840729
                ],
                [
                    0.4899402856826782,
                    -0.16874471306800842,
                    -0.8552681803703308
                ]
            ]
        ],
        "hand_pose": [
            [
                [
                    0.6882463693618774,
                    -0.6149928569793701,
                    -0.38483867049217224
                ],
                [
                    0.6054321527481079,
                    0.7791568040847778,
                    -0.16237816214561462
                ],
                [
                    0.3997110426425934,
                    -0.12123750150203705,
                    0.9085882902145386
                ]
            ],
            [
                [
                    0.8861091732978821,
                    -0.37180590629577637,
                    0.27671462297439575
                ],
                [
                    0.42805710434913635,
                    0.8854334354400635,
                    -0.18103833496570587
                ],
                [
                    -0.1777012199163437,
                    0.2788693606853485,
                    0.9437448382377625
                ]
            ],
            [
                [
                    0.7582462430000305,
                    -0.6503958702087402,
                    0.04525323584675789
                ],
                [
                    0.635562002658844,
                    0.7219096422195435,
                    -0.27369222044944763
                ],
                [
                    0.14533953368663788,
                    0.23628732562065125,
                    0.9607521891593933
                ]
            ],
            [
                [
                    0.6628758311271667,
                    -0.7133994102478027,
                    -0.22728155553340912
                ],
                [
                    0.7335736155509949,
                    0.6795797944068909,
                    0.006407757289707661
                ],
                [
                    0.1498846709728241,
                    -0.17097529768943787,
                    0.9738079905509949
                ]
            ],
            [
                [
                    0.8085875511169434,
                    -0.5732130408287048,
                    -0.13271401822566986
                ],
                [
                    0.5851004719734192,
                    0.7595971822738647,
                    0.28402385115623474
                ],
                [
                    -0.061996981501579285,
                    -0.30730918049812317,
                    0.9495880603790283
                ]
            ],
            [
                [
                    0.8371066451072693,
                    -0.5114797949790955,
                    -0.1940125823020935
                ],
                [
                    0.5340002179145813,
                    0.8410084247589111,
                    0.08688236027956009
                ],
                [
                    0.1187276542186737,
                    -0.17633256316184998,
                    0.9771440625190735
                ]
            ],
            [
                [
                    0.5016195178031921,
                    -0.6943897008895874,
                    0.5159465074539185
                ],
                [
                    0.5291410088539124,
                    0.7181103825569153,
                    0.4520256817340851
                ],
                [
                    -0.6843885779380798,
                    0.04626352712512016,
                    0.7276482582092285
                ]
            ],
            [
                [
                    0.8442052602767944,
                    -0.44374415278434753,
                    -0.3006802499294281
                ],
                [
                    0.5246176719665527,
                    0.7990951538085938,
                    0.2936379611492157
                ],
                [
                    0.10997200757265091,
                    -0.4056328535079956,
                    0.9073963761329651
                ]
            ],
            [
                [
                    0.8234039545059204,
                    -0.5582000613212585,
                    0.10207168757915497
                ],
                [
                    0.5142074227333069,
                    0.8100428581237793,
                    0.2818177044391632
                ],
                [
                    -0.2399931252002716,
                    -0.17956379055976868,
                    0.9540231227874756
                ]
            ],
            [
                [
                    0.6507613062858582,
                    -0.750320315361023,
                    0.11631526798009872
                ],
                [
                    0.7493322491645813,
                    0.6593719124794006,
                    0.06107337772846222
                ],
                [
                    -0.1225196123123169,
                    0.04741458222270012,
                    0.9913329482078552
                ]
            ],
            [
                [
                    0.7913516759872437,
                    -0.5844584107398987,
                    -0.17936234176158905
                ],
                [
                    0.5997553467750549,
                    0.685272753238678,
                    0.4131522476673126
                ],
                [
                    -0.11855819076299667,
                    -0.43452224135398865,
                    0.8928238153457642
                ]
            ],
            [
                [
                    0.7881928086280823,
                    -0.5552542209625244,
                    -0.2654145658016205
                ],
                [
                    0.605139970779419,
                    0.777766227722168,
                    0.1699567288160324
                ],
                [
                    0.11206130683422089,
                    -0.2945716381072998,
                    0.9490362405776978
                ]
            ],
            [
                [
                    0.9344842433929443,
                    -0.2213551104068756,
                    -0.2788209319114685
                ],
                [
                    -0.18649445474147797,
                    0.36275142431259155,
                    -0.9130340814590454
                ],
                [
                    0.30324748158454895,
                    0.9052144885063171,
                    0.29770398139953613
                ]
            ],
            [
                [
                    0.9423529505729675,
                    -0.24902772903442383,
                    -0.22350823879241943
                ],
                [
                    0.3346134126186371,
                    0.7055790424346924,
                    0.6246535778045654
                ],
                [
                    0.002146635204553604,
                    -0.6634331345558167,
                    0.7482324838638306
                ]
            ],
            [
                [
                    0.895720362663269,
                    0.3388335108757019,
                    0.287883460521698
                ],
                [
                    -0.34810763597488403,
                    0.9372408986091614,
                    -0.02001344785094261
                ],
                [
                    -0.27659738063812256,
                    -0.0822879746556282,
                    0.9574562907218933
                ]
            ]
        ],
        "betas": [
            -0.05262407660484314,
            -0.010838180780410767,
            -0.05812722444534302,
            0.025301426649093628,
            0.07396426796913147,
            0.0067791081964969635,
            0.03746539354324341,
            -0.016597658395767212,
            -0.01943415403366089,
            -0.022808104753494263
        ]
    },
    "pred_cam_t": [
        -0.12318411469459534,
        -0.06609267741441727,
        4.173169136047363
    ],
    "focal_length": [
        5000.0,
        5000.0
    ],
    "pred_keypoints_3d": [
        [
            0.09600759297609329,
            0.006415148265659809,
            0.006199450232088566
        ],
        [
            0.11685942858457565,
            0.015264102257788181,
            -0.025180693715810776
        ],
        [
            0.13595536351203918,
            0.03691219165921211,
            -0.03619527816772461
        ],
        [
            0.1461034119129181,
            0.061247050762176514,
            -0.042797163128852844
        ],
        [
            0.15651364624500275,
            0.08282192796468735,
            -0.07061558216810226
        ],
        [
            0.10925771296024323,
            0.07336066663265228,
            -0.05399345979094505
        ],
        [
            0.12558214366436005,
            0.10218493640422821,
            -0.05387747660279274
        ],
        [
            0.1456967294216156,
            0.11146983504295349,
            -0.051547106355428696
        ],
        [
            0.16794529557228088,
            0.11042282730340958,
            -0.03894999623298645
        ],
        [
            0.10197222977876663,
            0.09077280014753342,
            -0.03720303624868393
        ],
        [
            0.12274537980556488,
            0.11471405625343323,
            -0.0347500778734684
        ],
        [
            0.1453578919172287,
            0.11638033390045166,
            -0.029222752898931503
        ],
        [
            0.16822537779808044,
            0.10816917568445206,
            -0.020335447043180466
        ],
        [
            0.09988436847925186,
            0.09105121344327927,
            -0.01045879628509283
        ],
        [
            0.1206388920545578,
            0.11045784503221512,
            -0.01588045060634613
        ],
        [
            0.1443691849708557,
            0.10986384004354477,
            -0.008485015481710434
        ],
        [
            0.16374948620796204,
            0.09871377050876617,
            0.004194175824522972
        ],
        [
            0.1024218425154686,
            0.08811350911855698,
            0.011077416129410267
        ],
        [
            0.1180805042386055,
            0.10046516358852386,
            0.003963359631597996
        ],
        [
            0.13647045195102692,
            0.10392586886882782,
            0.007369363680481911
        ],
        [
            0.1526266485452652,
            0.09729954600334167,
            0.012352444231510162
        ]
    ],
    "pred_vertices": [
        [
            0.11739340424537659,
            0.04256283864378929,
            -0.02849026955664158
        ],
        [
            0.11714021116495132,
            0.03335865959525108,
            -0.021534299477934837
        ],
        [
            0.12215754389762878,
            0.038390934467315674,
            -0.02601465955376625
        ],
        [
            0.12162508070468903,
            0.045077815651893616,
            -0.034958407282829285
        ],
        [
            0.13211917877197266,
            0.023523010313510895,
            -0.014059465378522873
        ],
        [
            0.13636775314807892,
            0.013619393110275269,
            -0.019216418266296387
        ],
        [
            0.14358305931091309,
            0.027623172849416733,
            -0.02616284415125847
        ],
        [
            0.1397465169429779,
            0.033962249755859375,
            -0.019454412162303925
        ],
        [
            0.12369056046009064,
            0.048048488795757294,
            -0.03978218883275986
        ],
        [
            0.1270371377468109,
            0.043107904493808746,
            -0.02962248958647251
        ],
        [
            0.12240462750196457,
            0.04844987392425537,
            -0.041075050830841064
        ],
        [
            0.11333294212818146,
            0.05175452679395676,
            -0.0534527450799942
        ],
        [
            0.1183660477399826,
            0.05250731110572815,
            -0.049213625490665436
        ],
        [
            0.10910075157880783,
            0.05757942795753479,
            -0.0586940236389637
        ],
        [
            0.1049714908003807,
            0.04522498697042465,
            -0.05385109782218933
        ],
        [
            0.09969983249902725,
            0.05884503573179245,
            -0.05813775584101677
        ],
        [
            0.08550459146499634,
            0.04810366407036781,
            -0.03407799080014229
        ],
        [
            0.08229497075080872,
            0.051329392939805984,
            -0.021067554131150246
        ],
        [
            0.08311203122138977,
            0.06760773062705994,
            -0.02768550254404545
        ],
        [
            0.08718012273311615,
            0.06272473931312561,
            -0.040043774992227554
        ],
        [
            0.08335724472999573,
            0.06704674661159515,
            -0.006563367322087288
        ],
        [
            0.08318377286195755,
            0.06816873699426651,
            -0.018467411398887634
        ],
        [
            0.08106861263513565,
            0.051970090717077255,
            -0.012075502425432205
        ],
        [
            0.08151698857545853,
            0.051720574498176575,
            -0.0017689522355794907
        ],
        [
            0.11262986063957214,
            0.041470132768154144,
            -0.014022212475538254
        ],
        [
            0.11273344606161118,
            0.03200123831629753,
            -0.008348189294338226
        ],
        [
            0.1130317747592926,
            0.031455956399440765,
            -0.01415347307920456
        ],
        [
            0.11372395604848862,
            0.040760744363069534,
            -0.019413713365793228
        ],
        [
            0.12788578867912292,
            0.046854984015226364,
            -0.04340803250670433
        ],
        [
            0.11857441812753677,
            0.03661607950925827,
            -0.0486784465610981
        ],
        [
            0.11844789981842041,
            0.04377901554107666,
            -0.046321555972099304
        ],
        [
            0.12933999300003052,
            0.04977402091026306,
            -0.03865237906575203
        ],
        [
            0.11782518774271011,
            0.013733096420764923,
            0.01397913321852684
        ],
        [
            0.11161763966083527,
            0.001996539533138275,
            0.016807280480861664
        ],
        [
            0.11202026903629303,
            -0.00032429397106170654,
            0.011313032358884811
        ],
        [
            0.1171182319521904,
            0.010827489197254181,
            0.009680185467004776
        ],
        [
            0.12228316813707352,
            -0.0019020512700080872,
            -0.008584119379520416
        ],
        [
            0.11424719542264938,
            -0.008437611162662506,
            -0.005017932504415512
        ],
        [
            0.10733106732368469,
            -0.016810379922389984,
            -0.012386199086904526
        ],
        [
            0.11378820240497589,
            -0.010107286274433136,
            -0.018786296248435974
        ],
        [
            0.12992337346076965,
            0.005573645234107971,
            -0.01409681886434555
        ],
        [
            0.12520046532154083,
            -0.002530314028263092,
            -0.02354723960161209
        ],
        [
            0.1341174840927124,
            0.007617533206939697,
            -0.02845516800880432
        ],
        [
            0.14208132028579712,
            0.02380504086613655,
            -0.0343833863735199
        ],
        [
            0.10758266597986221,
            0.006856910884380341,
            0.028007782995700836
        ],
        [
            0.11209653317928314,
            0.0160871222615242,
            0.027753476053476334
        ],
        [
            0.1358172446489334,
            0.09571923315525055,
            -0.054599203169345856
        ],
        [
            0.1357780545949936,
            0.09728109836578369,
            -0.04888727515935898
        ],
        [
            0.13335835933685303,
            0.09363135695457458,
            -0.04931565374135971
        ],
        [
            0.13369745016098022,
            0.09327800571918488,
            -0.055165234953165054
        ],
        [
            0.09177637100219727,
            0.01851193606853485,
            0.03310601785778999
        ],
        [
            0.08220130205154419,
            0.018979668617248535,
            0.029876137152314186
        ],
        [
            0.08282743394374847,
            0.012792594730854034,
            0.03373238071799278
        ],
        [
            0.09201306849718094,
            0.011212170124053955,
            0.035202521830797195
        ],
        [
            0.09150885790586472,
            0.02812466025352478,
            0.030282406136393547
        ],
        [
            0.08197936415672302,
            0.027398332953453064,
            0.024181321263313293
        ],
        [
            0.13032229244709015,
            0.10500161349773407,
            -0.061750877648591995
        ],
        [
            0.13329294323921204,
            0.10076627135276794,
            -0.06164252385497093
        ],
        [
            0.12893491983413696,
            0.09877657890319824,
            -0.06232798844575882
        ],
        [
            0.12533073127269745,
            0.10217414796352386,
            -0.06125481799244881
        ],
        [
            0.12017044425010681,
            0.051699258387088776,
            -0.0428512841463089
        ],
        [
            0.1184428483247757,
            0.05084940791130066,
            -0.03417135030031204
        ],
        [
            0.11921311169862747,
            0.06641644984483719,
            -0.050494879484176636
        ],
        [
            0.11784571409225464,
            0.06126178428530693,
            -0.04349047690629959
        ],
        [
            0.11801809072494507,
            0.057927206158638,
            -0.0496412068605423
        ],
        [
            0.11802080273628235,
            0.06303008645772934,
            -0.0551573783159256
        ],
        [
            0.11210638284683228,
            0.06339751929044724,
            -0.020465610548853874
        ],
        [
            0.11162008345127106,
            0.05265757814049721,
            -0.01584789901971817
        ],
        [
            0.1128273457288742,
            0.05243644490838051,
            -0.022383658215403557
        ],
        [
            0.11447252333164215,
            0.06358541548252106,
            -0.028814654797315598
        ],
        [
            0.11186947673559189,
            0.05535656213760376,
            -0.0018787067383527756
        ],
        [
            0.11181394010782242,
            0.06569594889879227,
            -0.007620818912982941
        ],
        [
            0.11188948899507523,
            0.06599997729063034,
            0.0010089129209518433
        ],
        [
            0.11293747276067734,
            0.05861910805106163,
            0.0037060920149087906
        ],
        [
            0.1114061251282692,
            0.08152975142002106,
            -0.020542673766613007
        ],
        [
            0.11109431087970734,
            0.08656776696443558,
            -0.023798955604434013
        ],
        [
            0.11194401234388351,
            0.08805970847606659,
            -0.020402666181325912
        ],
        [
            0.11108635365962982,
            0.08188922703266144,
            -0.016745924949645996
        ],
        [
            0.0824306309223175,
            0.0064453184604644775,
            0.03696325421333313
        ],
        [
            0.09194852411746979,
            0.0039622485637664795,
            0.03632524237036705
        ],
        [
            0.08698376268148422,
            0.06748099625110626,
            0.01508978009223938
        ],
        [
            0.09343413263559341,
            0.06395773589611053,
            0.02366792969405651
        ],
        [
            0.09467784315347672,
            0.07761012017726898,
            0.021358108147978783
        ],
        [
            0.08675993978977203,
            0.07800363004207611,
            0.012621860951185226
        ],
        [
            0.07590652257204056,
            0.018396452069282532,
            0.021581923589110374
        ],
        [
            0.07513594627380371,
            0.012922048568725586,
            0.027189720422029495
        ],
        [
            0.12781469523906708,
            0.10908643156290054,
            -0.05796682462096214
        ],
        [
            0.12293726950883865,
            0.10522936284542084,
            -0.05678098648786545
        ],
        [
            0.12308752536773682,
            0.0039825960993766785,
            -0.036757223308086395
        ],
        [
            0.13615188002586365,
            0.022013936191797256,
            -0.04197205603122711
        ],
        [
            0.1111041009426117,
            -0.006461925804615021,
            -0.029461462050676346
        ],
        [
            0.10187636315822601,
            -0.011715665459632874,
            -0.022864025086164474
        ],
        [
            0.09622298181056976,
            -0.017716839909553528,
            -0.017588190734386444
        ],
        [
            0.11710236221551895,
            0.06652204692363739,
            -0.03987396880984306
        ],
        [
            0.11511347442865372,
            0.048316534608602524,
            -0.02597174607217312
        ],
        [
            0.1121920645236969,
            0.04232694208621979,
            -0.008959619328379631
        ],
        [
            0.11453433334827423,
            0.05273471400141716,
            0.0201796256005764
        ],
        [
            0.11481275409460068,
            0.04285191372036934,
            0.023897791281342506
        ],
        [
            0.11689435690641403,
            0.04330441355705261,
            0.013338156044483185
        ],
        [
            0.1155933290719986,
            0.05188215523958206,
            0.012174418196082115
        ],
        [
            0.10299323499202728,
            0.0637526661157608,
            0.02652493305504322
        ],
        [
            0.11005805432796478,
            0.06370200961828232,
            0.022404851391911507
        ],
        [
            0.10941469669342041,
            0.07231117784976959,
            0.019823800772428513
        ],
        [
            0.10292009264230728,
            0.07457717508077621,
            0.023702992126345634
        ],
        [
            0.13095857203006744,
            0.04301106557250023,
            -0.04870640113949776
        ],
        [
            0.12076760083436966,
            0.030066240578889847,
            -0.05038448050618172
        ],
        [
            0.1022680401802063,
            0.016800187528133392,
            0.032819923013448715
        ],
        [
            0.10161548107862473,
            0.00898171216249466,
            0.032625939697027206
        ],
        [
            0.09876098483800888,
            0.001030847430229187,
            0.033951688557863235
        ],
        [
            0.11604141443967819,
            0.021943524479866028,
            0.0015817433595657349
        ],
        [
            0.1167702004313469,
            0.008731894195079803,
            0.006642334163188934
        ],
        [
            0.11777886003255844,
            0.0076658278703689575,
            0.002347741276025772
        ],
        [
            0.11490464955568314,
            0.020954802632331848,
            -0.0019545629620552063
        ],
        [
            0.11952470242977142,
            0.024981040507555008,
            -0.01306302472949028
        ],
        [
            0.12490031868219376,
            0.013929948210716248,
            -0.008443161845207214
        ],
        [
            0.1256285458803177,
            0.033107105642557144,
            -0.016269318759441376
        ],
        [
            0.11245788633823395,
            -0.005017317831516266,
            0.004473134875297546
        ],
        [
            0.10951589047908783,
            -0.009946539998054504,
            0.0140555240213871
        ],
        [
            0.1093931496143341,
            -0.01379440724849701,
            0.005987789481878281
        ],
        [
            0.1071847602725029,
            -0.005995914340019226,
            0.022743381559848785
        ],
        [
            0.10368896275758743,
            -0.002077758312225342,
            0.029957463964819908
        ],
        [
            0.07155729830265045,
            0.006734512746334076,
            0.031909577548503876
        ],
        [
            0.10816406458616257,
            -0.01627539098262787,
            -0.0018472447991371155
        ],
        [
            0.14387667179107666,
            0.04091796278953552,
            -0.025301912799477577
        ],
        [
            0.14681117236614227,
            0.04745937138795853,
            -0.030411580577492714
        ],
        [
            0.14081235229969025,
            0.050686679780483246,
            -0.028371799737215042
        ],
        [
            0.13745969533920288,
            0.04524235427379608,
            -0.02439960092306137
        ],
        [
            0.10790814459323883,
            0.06634055078029633,
            -0.06237464025616646
        ],
        [
            0.11485572159290314,
            0.06396879255771637,
            -0.05986913666129112
        ],
        [
            0.11526120454072952,
            0.05596151202917099,
            -0.05534687638282776
        ],
        [
            0.11837688833475113,
            0.025420717895030975,
            0.014945656061172485
        ],
        [
            0.11369460821151733,
            0.026820063591003418,
            0.026641355827450752
        ],
        [
            0.11825650185346603,
            0.07136263698339462,
            -0.046555642038583755
        ],
        [
            0.12094181030988693,
            0.09967769682407379,
            -0.061512790620326996
        ],
        [
            0.12524986267089844,
            0.09584850072860718,
            -0.06284937262535095
        ],
        [
            0.11526511609554291,
            0.08018339425325394,
            -0.06410018354654312
        ],
        [
            0.11016979068517685,
            0.08482562750577927,
            -0.0628018006682396
        ],
        [
            0.11444824188947678,
            0.08068199455738068,
            -0.04505095258355141
        ],
        [
            0.11847319453954697,
            0.07481817156076431,
            -0.04668121039867401
        ],
        [
            0.11828046292066574,
            0.07712476700544357,
            -0.04598437622189522
        ],
        [
            0.11590321362018585,
            0.08239197731018066,
            -0.04262470081448555
        ],
        [
            0.11162430793046951,
            0.08686302602291107,
            -0.011108992621302605
        ],
        [
            0.11097066104412079,
            0.08118987083435059,
            -0.007977016270160675
        ],
        [
            0.09257756173610687,
            0.07721418142318726,
            -0.044377345591783524
        ],
        [
            0.09175664931535721,
            0.07094448059797287,
            -0.056067466735839844
        ],
        [
            0.09109184890985489,
            0.05911910533905029,
            -0.05110231041908264
        ],
        [
            0.11151507496833801,
            0.0639566034078598,
            -0.01300111785531044
        ],
        [
            0.11187854409217834,
            0.07375987619161606,
            -0.016400933265686035
        ],
        [
            0.11145806312561035,
            0.07444621622562408,
            -0.012281996197998524
        ],
        [
            0.1161627322435379,
            0.07101000100374222,
            -0.03847447782754898
        ],
        [
            0.1161271408200264,
            0.07586410641670227,
            -0.04278501495718956
        ],
        [
            0.11454839259386063,
            0.07661891728639603,
            -0.03818085417151451
        ],
        [
            0.11475852131843567,
            0.07149217277765274,
            -0.03310515731573105
        ],
        [
            0.09173087030649185,
            0.05094340816140175,
            0.026568403467535973
        ],
        [
            0.10292118787765503,
            0.05105878412723541,
            0.030210020020604134
        ],
        [
            0.1351257562637329,
            0.09717605262994766,
            -0.059185001999139786
        ],
        [
            0.13198944926261902,
            0.09522565454244614,
            -0.059974078088998795
        ],
        [
            0.11110052466392517,
            0.05339457839727402,
            -0.008639737963676453
        ],
        [
            0.09141147136688232,
            0.045769356191158295,
            -0.04406261444091797
        ],
        [
            0.11210014671087265,
            0.0432424433529377,
            -0.0034934207797050476
        ],
        [
            0.09269139170646667,
            0.08713562041521072,
            -0.0033331383019685745
        ],
        [
            0.100101038813591,
            0.08841607719659805,
            2.58665531873703e-05
        ],
        [
            0.10339321196079254,
            0.0924244150519371,
            -0.002717541065067053
        ],
        [
            0.09832526743412018,
            0.09398446977138519,
            -0.005755623336881399
        ],
        [
            0.12365178763866425,
            0.09569325298070908,
            -0.04216955974698067
        ],
        [
            0.1282201111316681,
            0.09262612462043762,
            -0.04401525855064392
        ],
        [
            0.1310884803533554,
            0.09630396217107773,
            -0.044092871248722076
        ],
        [
            0.12723055481910706,
            0.10051232576370239,
            -0.04252690076828003
        ],
        [
            0.12022033333778381,
            0.07134020328521729,
            -0.05110941827297211
        ],
        [
            0.11982686817646027,
            0.06891649216413498,
            -0.05684452876448631
        ],
        [
            0.12212307751178741,
            0.07435525953769684,
            -0.0560164637863636
        ],
        [
            0.12093885242938995,
            0.07576173543930054,
            -0.05027524381875992
        ],
        [
            0.11650499701499939,
            0.07059537619352341,
            -0.06155090779066086
        ],
        [
            0.119427390396595,
            0.07617946714162827,
            -0.06143312528729439
        ],
        [
            0.11900104582309723,
            0.0996796190738678,
            -0.0442725345492363
        ],
        [
            0.11644192785024643,
            0.10252821445465088,
            -0.05071206018328667
        ],
        [
            0.1058766320347786,
            0.08943215757608414,
            -0.05030407756567001
        ],
        [
            0.11122425645589828,
            0.08821407705545425,
            -0.04434582591056824
        ],
        [
            0.07830621302127838,
            0.037422504276037216,
            0.002692403271794319
        ],
        [
            0.08028455823659897,
            0.039028264582157135,
            0.01359998993575573
        ],
        [
            0.08332017064094543,
            0.05340392515063286,
            0.00949770212173462
        ],
        [
            0.08504747599363327,
            0.06812424957752228,
            0.00591789186000824
        ],
        [
            0.08765017986297607,
            0.08138296008110046,
            0.0014903154224157333
        ],
        [
            0.08399141579866409,
            0.08025743812322617,
            -0.010179445147514343
        ],
        [
            0.08517792820930481,
            0.05299409478902817,
            0.017569970339536667
        ],
        [
            0.10579228401184082,
            0.08362772315740585,
            -0.044705748558044434
        ],
        [
            0.09932126104831696,
            0.0812743678689003,
            -0.04984626546502113
        ],
        [
            0.09922494739294052,
            0.08269096165895462,
            -0.04530778527259827
        ],
        [
            0.11361568421125412,
            0.045234620571136475,
            0.0035862457007169724
        ],
        [
            0.1289585828781128,
            0.09241056442260742,
            -0.061004888266325
        ],
        [
            0.07951200008392334,
            -0.0029176026582717896,
            -0.015950236469507217
        ],
        [
            0.07306946069002151,
            0.0030817165970802307,
            -0.0052466727793216705
        ],
        [
            0.07585525512695312,
            0.00964994728565216,
            -0.01051824539899826
        ],
        [
            0.08432413637638092,
            0.0030297264456748962,
            -0.022611796855926514
        ],
        [
            0.13136643171310425,
            0.09012012183666229,
            -0.04969378933310509
        ],
        [
            0.13186129927635193,
            0.08977063000202179,
            -0.05596727505326271
        ],
        [
            0.11128281056880951,
            0.08361274003982544,
            -0.0017612017691135406
        ],
        [
            0.11143413186073303,
            0.08858097344636917,
            -0.005552960559725761
        ],
        [
            0.10979924350976944,
            0.09096456319093704,
            -0.00333948852494359
        ],
        [
            0.11141567677259445,
            0.08764682710170746,
            0.0019118916243314743
        ],
        [
            0.08192914724349976,
            0.03833133727312088,
            0.019354993477463722
        ],
        [
            0.09943336248397827,
            0.08588370680809021,
            0.018814262002706528
        ],
        [
            0.09116973727941513,
            0.08579853922128677,
            0.01137222908437252
        ],
        [
            0.07751043885946274,
            0.026504963636398315,
            0.01673945225775242
        ],
        [
            0.07513077557086945,
            0.025059469044208527,
            0.007314806804060936
        ],
        [
            0.07281017303466797,
            0.016371004283428192,
            0.011214235797524452
        ],
        [
            0.08829865604639053,
            0.08326469361782074,
            -0.024584870785474777
        ],
        [
            0.07815834879875183,
            0.03796907886862755,
            -0.006032261997461319
        ],
        [
            0.0754050612449646,
            0.024752937257289886,
            -0.00039201974868774414
        ],
        [
            0.07265543192625046,
            0.0143471360206604,
            0.003915540874004364
        ],
        [
            0.07004762440919876,
            0.007276579737663269,
            0.007591713219881058
        ],
        [
            0.07060784101486206,
            0.010190233588218689,
            0.015226095914840698
        ],
        [
            0.11802347749471664,
            0.10202682763338089,
            -0.056418683379888535
        ],
        [
            0.12147219479084015,
            0.10730130225419998,
            -0.05050596594810486
        ],
        [
            0.06649312376976013,
            0.003535747528076172,
            0.01994897425174713
        ],
        [
            0.06668828427791595,
            0.00037866830825805664,
            0.011175017803907394
        ],
        [
            0.07664261013269424,
            0.023247361183166504,
            -0.00947081670165062
        ],
        [
            0.08006323873996735,
            0.02089007943868637,
            -0.020667700096964836
        ],
        [
            0.07950387895107269,
            0.036073412746191025,
            -0.014538021758198738
        ],
        [
            0.08262988924980164,
            0.03490200266242027,
            -0.025851266458630562
        ],
        [
            0.08377223461866379,
            0.07942436635494232,
            -0.03397686034440994
        ],
        [
            0.13859054446220398,
            0.11652477085590363,
            -0.04798376187682152
        ],
        [
            0.12818826735019684,
            0.11035262048244476,
            -0.04628109186887741
        ],
        [
            0.13071009516716003,
            0.1058448851108551,
            -0.043560802936553955
        ],
        [
            0.1389313042163849,
            0.1138940379023552,
            -0.044328320771455765
        ],
        [
            0.12354055792093277,
            0.10465674102306366,
            -0.04464873671531677
        ],
        [
            0.1266184002161026,
            0.11127173155546188,
            -0.05176834762096405
        ],
        [
            0.09098444879055023,
            0.031047023832798004,
            -0.03838999196887016
        ],
        [
            0.11399856209754944,
            0.08176600933074951,
            -0.041707593947649
        ],
        [
            0.09248816221952438,
            0.014545433223247528,
            -0.03426903486251831
        ],
        [
            0.10303850471973419,
            0.032710395753383636,
            -0.05021953955292702
        ],
        [
            0.10711932182312012,
            0.020753927528858185,
            -0.0467134565114975
        ],
        [
            0.09609101712703705,
            -0.002754800021648407,
            -0.03027045726776123
        ],
        [
            0.10911379009485245,
            0.005681358277797699,
            -0.04088261350989342
        ],
        [
            0.08554907888174057,
            -0.013954848051071167,
            -0.01713630184531212
        ],
        [
            0.08943169564008713,
            -0.007487982511520386,
            -0.022855710238218307
        ],
        [
            0.12239986658096313,
            0.017439186573028564,
            -0.04661405459046364
        ],
        [
            0.1436263620853424,
