{
    "pred_cam": [
        6.610393524169922,
        -0.12451548129320145,
        0.013657800853252411
    ],
    "pred_mano_params": {
        "global_orient": [
            [
                [
                    -0.7483786344528198,
                    -0.6213110685348511,
                    -0.2321677803993225
                ],
                [
                    0.2848883271217346,
                    0.01499304361641407,
                    -0.9584434032440186
                ],
                [
                    0.5989724397659302,
                    -0.7834205031394958,
                    0.1657838076353073
                ]
            ]
        ],
        "hand_pose": [
            [
                [
                    -0.15783153474330902,
                    -0.9000607132911682,
                    -0.4061771035194397
                ],
                [
                    0.968953013420105,
                    -0.061888180673122406,
                    -0.23937396705150604
                ],
                [
                    0.19031356275081635,
                    -0.4313473105430603,
                    0.8818844556808472
                ]
            ],
            [
                [
                    -0.035119906067848206,
                    -0.8926190733909607,
                    0.4494416415691376
                ],
                [
                    0.9940482974052429,
                    -0.07760578393936157,
                    -0.0764540433883667
                ],
                [
                    0.10312366485595703,
                    0.44408169388771057,
                    0.8900319337844849
                ]
            ],
            [
                [
                    0.8897613883018494,
                    -0.3432542085647583,
                    0.3008342385292053
                ],
                [
                    0.3193282186985016,
                    0.9390890598297119,
                    0.1270478516817093
                ],
                [
                    -0.32611986994743347,
                    -0.016977397724986076,
                    0.9451759457588196
                ]
            ],
            [
                [
                    -0.31557151675224304,
                    -0.8485162854194641,
                    -0.4247762858867645
                ],
                [
                    0.9455515742301941,
                    -0.31877443194389343,
                    -0.06569080799818039
                ],
                [
                    -0.0796680599451065,
                    -0.42237797379493713,
                    0.9029120206832886
                ]
            ],
            [
                [
                    0.4204047620296478,
                    -0.8750447630882263,
                    -0.23990942537784576
                ],
                [
                    0.9073333144187927,
                    0.4061582386493683,
                    0.10854359716176987
                ],
                [
                    0.0024606818333268166,
                    -0.2633100748062134,
                    0.964708149433136
                ]
            ],
            [
                [
                    0.9015976190567017,
                    -0.4109666645526886,
                    0.13501158356666565
                ],
                [
                    0.4153066873550415,
                    0.9096707701683044,
                    -0.0044084470719099045
                ],
                [
                    -0.1210043653845787,
                    0.060045864433050156,
                    0.9908341765403748
                ]
            ],
            [
                [
                    -0.07561472058296204,
                    -0.9926284551620483,
                    -0.09471635520458221
                ],
                [
                    0.7876249551773071,
                    -0.11770886182785034,
                    0.6048070788383484
                ],
                [
                    -0.6114976406097412,
                    -0.028868649154901505,
                    0.7907194495201111
                ]
            ],
            [
                [
                    0.5438624024391174,
                    -0.8012493848800659,
                    -0.24942556023597717
                ],
                [
                    0.679205596446991,
                    0.24573445320129395,
                    0.6915883421897888
                ],
                [
                    -0.49284228682518005,
                    -0.5455400943756104,
                    0.6778587698936462
                ]
            ],
            [
                [
                    0.8627938032150269,
                    -0.48731279373168945,
                    0.13458506762981415
                ],
                [
                    0.4258230924606323,
                    0.8439918756484985,
                    0.32611730694770813
                ],
                [
                    -0.2725098133087158,
                    -0.22406254708766937,
                    0.935699999332428
                ]
            ],
            [
                [
                    -0.22478458285331726,
                    -0.9741154909133911,
                    -0.023892493918538094
                ],
                [
                    0.9480122923851013,
                    -0.2242981195449829,
                    0.22574973106384277
                ],
                [
                    -0.22526536881923676,
                    0.028094684705138206,
                    0.9738922119140625
                ]
            ],
            [
                [
                    0.5305774807929993,
                    -0.8289063572883606,
                    -0.17720569670200348
                ],
                [
                    0.7351135611534119,
                    0.3458918333053589,
                    0.5830668807029724
                ],
                [
                    -0.4220138192176819,
                    -0.4396284520626068,
                    0.7928627133369446
                ]
            ],
            [
                [
                    0.8575009703636169,
                    -0.49481430649757385,
                    0.14089332520961761
                ],
                [
                    0.477571964263916,
                    0.8674091100692749,
                    0.13973718881607056
                ],
                [
                    -0.1913561075925827,
                    -0.052538078278303146,
                    0.9801135659217834
                ]
            ],
            [
                [
                    0.8646189570426941,
                    0.3951437175273895,
                    -0.3103151321411133
                ],
                [
                    -0.5022813081741333,
                    0.6648643612861633,
                    -0.5528732538223267
                ],
                [
                    -0.012146953493356705,
                    0.6338902115821838,
                    0.773327648639679
                ]
            ],
            [
                [
                    0.9541042447090149,
                    -0.27999988198280334,
                    0.10623157024383545
                ],
                [
                    0.10601140558719635,
                    0.6475385427474976,
                    0.7546226978302002
                ],
                [
                    -0.2800832688808441,
                    -0.7087270021438599,
                    0.6475024819374084
                ]
            ],
            [
                [
                    0.9914956092834473,
                    0.011443942785263062,
                    0.12963612377643585
                ],
                [
                    0.04601133614778519,
                    0.9009658098220825,
                    -0.4314434826374054
                ],
                [
                    -0.12173515558242798,
                    0.43373903632164,
                    0.8927770853042603
                ]
            ]
        ],
        "betas": [
            0.13020867109298706,
            0.0968513935804367,
            0.017528951168060303,
            0.17476823925971985,
            0.09792342782020569,
            -0.04320675879716873,
            0.06176315248012543,
            -0.052585452795028687,
            0.06634162366390228,
            -0.10322806239128113
        ]
    },
    "pred_cam_t": [
        -0.12451548129320145,
        0.013657800853252411,
        5.909255027770996
    ],
    "focal_length": [
        5000.0,
        5000.0
    ],
    "pred_keypoints_3d": [
        [
            0.09512334316968918,
            0.006331900134682655,
            0.006095714867115021
        ],
        [
            0.1167164295911789,
            -0.02535913698375225,
            0.008076914586126804
        ],
        [
            0.1318613588809967,
            -0.050398364663124084,
            -0.0010585123673081398
        ],
        [
            0.14116047322750092,
            -0.07359705865383148,
            -0.011167648248374462
        ],
        [
            0.15284745395183563,
            -0.10721083730459213,
            -0.01466895267367363
        ],
        [
            0.15929308533668518,
            -0.03847414255142212,
            -0.03897371515631676
        ],
        [
            0.18024587631225586,
            -0.032980021089315414,
            -0.014310665428638458
        ],
        [
            0.16084545850753784,
            -0.03394006937742233,
            -0.0038888324052095413
        ],
        [
            0.1379009485244751,
            -0.04079236835241318,
            -0.0002174442633986473
        ],
        [
            0.16729876399040222,
            -0.017329685389995575,
            -0.04974614456295967
        ],
        [
            0.17847365140914917,
            -0.011557267978787422,
            -0.020966127514839172
        ],
        [
            0.16043239831924438,
            -0.011525299400091171,
            -0.0066263750195503235
        ],
        [
            0.1385730803012848,
            -0.016709910705685616,
            0.005072331055998802
        ],
        [
            0.16453176736831665,
            0.008481292054057121,
            -0.04391518980264664
        ],
        [
            0.17835521697998047,
            0.00788166280835867,
            -0.018992479890584946
        ],
        [
            0.16132138669490814,
            0.0088009312748909,
            -0.0013776160776615143
        ],
        [
            0.14026682078838348,
            0.003963714465498924,
            0.010939372703433037
        ],
        [
            0.1624060571193695,
            0.027790376916527748,
            -0.03424300625920296
        ],
        [
            0.17336830496788025,
            0.02765217050909996,
            -0.016420161351561546
        ],
        [
            0.15964750945568085,
            0.028173599392175674,
            -0.0036250539124011993
        ],
        [
            0.1423671841621399,
            0.025027792900800705,
            0.0009644437814131379
        ]
    ],
    "pred_vertices": [
        [
            0.1379963755607605,
            -0.023572036996483803,
            -0.00846947357058525
        ],
        [
            0.1316504031419754,
            -0.02022944949567318,
            -0.0015506930649280548
        ],
        [
            0.13728591799736023,
            -0.02982224151492119,
            -0.0043471865355968475
        ],
        [
            0.1419868916273117,
            -0.03256282955408096,
            -0.00972670316696167
        ],
        [
            0.13526904582977295,
            -0.027976740151643753,
            0.014481794089078903
        ],
        [
            0.1289062649011612,
            -0.03351690620183945,
            0.022317789494991302
        ],
        [
            0.13815729320049286,
            -0.046000778675079346,
            0.01340053603053093
        ],
        [
            0.14354196190834045,
            -0.04082227498292923,
            0.007813576608896255
        ],
        [
            0.1439843624830246,
            -0.04138215631246567,
            -0.013334192335605621
        ],
        [
            0.14209258556365967,
            -0.038312725722789764,
            -0.00698886439204216
        ],
        [
            0.1402582824230194,
            -0.04740411788225174,
            -0.017188556492328644
        ],
        [
            0.1401521861553192,
            -0.04805903881788254,
            -0.026105185970664024
        ],
        [
            0.14556048810482025,
            -0.04358058422803879,
            -0.02068251557648182
        ],
        [
            0.14457695186138153,
            -0.0481482669711113,
            -0.032994594424963
        ],
        [
            0.12919007241725922,
            -0.04650402069091797,
            -0.0285828597843647
        ],
        [
            0.140703946352005,
            -0.04525796324014664,
            -0.04130690172314644
        ],
        [
            0.12349401414394379,
            -0.020632540807127953,
            -0.037733618170022964
        ],
        [
            0.1237616091966629,
            -0.007179376669228077,
            -0.03841294348239899
        ],
        [
            0.1383644938468933,
            -0.009999044239521027,
            -0.05044462904334068
        ],
        [
            0.13743767142295837,
            -0.023557495325803757,
            -0.04767362028360367
        ],
        [
            0.13665342330932617,
            0.010189651511609554,
            -0.043889064341783524
        ],
        [
            0.13826008141040802,
            -0.0011188499629497528,
            -0.04767833650112152
        ],
        [
            0.12301307171583176,
            0.0017790421843528748,
            -0.037175070494413376
        ],
        [
            0.12246087193489075,
            0.011526618152856827,
            -0.03394497185945511
        ],
        [
            0.13401374220848083,
            -0.00807740818709135,
            -0.006887439638376236
        ],
        [
            0.12691384553909302,
            -0.004250533878803253,
            0.0005333162844181061
        ],
        [
            0.12748855352401733,
            -0.009913677349686623,
            -0.00043105706572532654
        ],
        [
            0.13439983129501343,
            -0.013559484854340553,
            -0.007176566869020462
        ],
        [
            0.13131199777126312,
            -0.0555502325296402,
            -0.014619370922446251
        ],
        [
            0.1250113993883133,
            -0.05073093622922897,
            -0.014021461829543114
        ],
        [
            0.13177187740802765,
            -0.04960178583860397,
            -0.01834387704730034
        ],
        [
            0.1368735432624817,
            -0.05458545684814453,
            -0.015039853751659393
        ],
        [
            0.11395278573036194,
            0.011452268809080124,
            0.02065058797597885
        ],
        [
            0.10084138810634613,
            0.012628275901079178,
            0.02353954315185547
        ],
        [
            0.09982910007238388,
            0.006895042955875397,
            0.02377147227525711
        ],
        [
            0.1119537353515625,
            0.007138073444366455,
            0.020749621093273163
        ],
        [
            0.10758230090141296,
            -0.016230804845690727,
            0.027291767299175262
        ],
        [
            0.09656032174825668,
            -0.010761436074972153,
            0.025840498507022858
        ],
        [
            0.08501315116882324,
            -0.0184001661837101,
            0.0229802206158638
        ],
        [
            0.09403166174888611,
            -0.02472500503063202,
            0.021705664694309235
        ],
        [
            0.1190948560833931,
            -0.024725591763854027,
            0.026178263127803802
        ],
        [
            0.10708671063184738,
            -0.03185669332742691,
            0.024311572313308716
        ],
        [
            0.11926868557929993,
            -0.03907644748687744,
            0.02199406921863556
        ],
        [
            0.12922269105911255,
            -0.04912856966257095,
            0.01351134479045868
        ],
        [
            0.10136373341083527,
            0.025074055418372154,
            0.02070082724094391
        ],
        [
            0.11131240427494049,
            0.026069950312376022,
            0.01873726397752762
        ],
        [
            0.16559799015522003,
            -0.038605451583862305,
            -0.01970190927386284
        ],
        [
            0.16393442451953888,
            -0.03247968852519989,
            -0.018786923959851265
        ],
        [
            0.16475188732147217,
            -0.032793037593364716,
            -0.01718941703438759
        ],
        [
            0.16673950850963593,
            -0.03834734857082367,
            -0.018494583666324615
        ],
        [
            0.1003514900803566,
            0.03549991548061371,
            0.0033353567123413086
        ],
        [
            0.0950394794344902,
            0.03419855237007141,
            -0.005073882639408112
        ],
        [
            0.09035225212574005,
            0.03639459237456322,
            4.421919584274292e-05
        ],
        [
            0.09469600766897202,
            0.03584393858909607,
            0.008359868079423904
        ],
        [
            0.107777900993824,
            0.03503436595201492,
            -0.0033010579645633698
        ],
        [
            0.10181763023138046,
            0.030704624950885773,
            -0.011734023690223694
        ],
        [
            0.17734098434448242,
            -0.04041048884391785,
            -0.014008451253175735
        ],
        [
            0.17281997203826904,
            -0.04252450913190842,
            -0.01608137972652912
        ],
        [
            0.17540621757507324,
            -0.042099785059690475,
            -0.01817113719880581
        ],
        [
            0.17956940829753876,
            -0.03927453234791756,
            -0.017683856189250946
        ],
        [
            0.14708144962787628,
            -0.03610403090715408,
            -0.016009189188480377
        ],
        [
            0.14554692804813385,
            -0.026775551959872246,
            -0.013854589313268661
        ],
        [
            0.1565171480178833,
            -0.038689903914928436,
            -0.028278455138206482
        ],
        [
            0.1538340300321579,
            -0.0327921099960804,
            -0.023098547011613846
        ],
        [
            0.1513753980398178,
            -0.03960441052913666,
            -0.023332946002483368
        ],
        [
            0.15472809970378876,
            -0.043309286236763,
            -0.027781955897808075
        ],
        [
            0.15075093507766724,
            -0.009299678727984428,
            -0.02178235352039337
        ],
        [
            0.14204329252243042,
            -0.007233290001749992,
            -0.014669515192508698
        ],
        [
            0.14298906922340393,
            -0.013714568689465523,
            -0.015478992834687233
        ],
        [
            0.1528504639863968,
            -0.017619531601667404,
            -0.02237800695002079
        ],
        [
            0.14319275319576263,
            0.006650151684880257,
            -0.012148026376962662
        ],
        [
            0.15121780335903168,
            0.003499375656247139,
            -0.01977972313761711
        ],
        [
            0.15058764815330505,
            0.011781706474721432,
            -0.01746463030576706
        ],
        [
            0.14580775797367096,
            0.012514633126556873,
            -0.011644799262285233
        ],
        [
            0.16362811625003815,
            -0.005697604734450579,
            -0.033769719302654266
        ],
        [
            0.16381989419460297,
            -0.008501792326569557,
            -0.03876357525587082
        ],
        [
            0.16453835368156433,
            -0.003992890939116478,
            -0.035124633461236954
        ],
        [
            0.16321012377738953,
            -0.0019878405146300793,
            -0.03213690221309662
        ],
        [
            0.08496986329555511,
            0.03816188871860504,
            0.004343926906585693
        ],
        [
            0.08894267678260803,
            0.03533054143190384,
            0.012860756367444992
        ],
        [
            0.13710922002792358,
            0.03090807795524597,
            -0.035367146134376526
        ],
        [
            0.13697212934494019,
            0.03678029403090477,
            -0.02555641159415245
        ],
        [
            0.14868062734603882,
            0.037048716098070145,
            -0.03264966607093811
        ],
        [
            0.14592410624027252,
            0.030756335705518723,
            -0.04338621348142624
        ],
        [
            0.09127207100391388,
            0.027312353253364563,
            -0.011806152760982513
        ],
        [
            0.08615408092737198,
            0.03156282752752304,
            -0.0076814256608486176
        ],
        [
            0.18043243885040283,
            -0.03482158109545708,
            -0.012241726741194725
        ],
        [
            0.1822821944952011,
            -0.03387174382805824,
            -0.01650337688624859
        ],
        [
            0.10724852979183197,
            -0.04072496294975281,
            0.014593303203582764
        ],
        [
            0.12127628177404404,
            -0.05099593847990036,
            0.009369764477014542
        ],
        [
            0.0946723073720932,
            -0.031745851039886475,
            0.01468290388584137
        ],
        [
            0.08565518260002136,
            -0.024829957634210587,
            0.013042226433753967
        ],
        [
            0.07743889838457108,
            -0.020808769389986992,
            0.01375499740242958
        ],
        [
            0.1569569706916809,
            -0.02797072008252144,
            -0.025956837460398674
        ],
        [
            0.14132939279079437,
            -0.018557846546173096,
            -0.01244959607720375
        ],
        [
            0.13408969342708588,
            -0.0030498038977384567,
            -0.006310708820819855
        ],
        [
            0.1412091702222824,
            0.026748282834887505,
            -0.0026446282863616943
        ],
        [
            0.1337668001651764,
            0.028047235682606697,
            0.004207778722047806
        ],
        [
            0.13607197999954224,
            0.017597638070583344,
            0.00277874618768692
        ],
        [
            0.14176073670387268,
            0.018644295632839203,
            -0.003435734659433365
        ],
        [
            0.14209167659282684,
            0.03765127807855606,
            -0.016785770654678345
        ],
        [
            0.14620473980903625,
            0.03233231231570244,
            -0.011945940554141998
        ],
        [
            0.15144608914852142,
            0.031768981367349625,
            -0.017447281628847122
        ],
        [
            0.14986668527126312,
            0.03724711388349533,
            -0.023540714755654335
        ],
        [
            0.12628445029258728,
            -0.059213876724243164,
            -0.01043028011918068
        ],
        [
            0.12001745402812958,
            -0.052301086485385895,
            -0.008416213095188141
        ],
        [
            0.10549430549144745,
            0.0329006090760231,
            0.012193556874990463
        ],
        [
            0.09904114156961441,
            0.03109368309378624,
            0.016185645014047623
        ],
        [
            0.091018445789814,
            0.03117123618721962,
            0.01907842606306076
        ],
        [
            0.12086672335863113,
            0.0024838577955961227,
            0.011629641056060791
        ],
        [
            0.11079338192939758,
            0.004099998623132706,
            0.021076805889606476
        ],
        [
            0.11172841489315033,
            -0.0004884935915470123,
            0.021664950996637344
        ],
        [
            0.1205379068851471,
            -0.000512443482875824,
            0.01078033447265625
        ],
        [
            0.12944786250591278,
            -0.016574125736951828,
            0.007628262042999268
        ],
        [
            0.12429071217775345,
            -0.015492556616663933,
            0.019833795726299286
        ],
        [
            0.13779038190841675,
            -0.027035897597670555,
            0.0029052942991256714
        ],
        [
            0.09726814180612564,
            -0.0005743391811847687,
            0.025247544050216675
        ],
        [
            0.0905638188123703,
            0.007785528898239136,
            0.028269030153751373
        ],
        [
            0.08803800493478775,
            -0.000676620751619339,
            0.028268929570913315
        ],
        [
            0.09157094359397888,
            0.01736018806695938,
            0.026554036885499954
        ],
        [
            0.0919106975197792,
            0.025735367089509964,
            0.023530077189207077
        ],
        [
            0.0788496807217598,
            0.035359155386686325,
            -0.00549500435590744
        ],
        [
            0.08564157038927078,
            -0.00846291333436966,
            0.02642877772450447
        ],
        [
            0.1449035257101059,
            -0.050595078617334366,
            0.0032970979809761047
        ],
        [
            0.14485883712768555,
            -0.05925755575299263,
            0.0001238510012626648
        ],
        [
            0.14584210515022278,
            -0.05596145987510681,
            -0.006476059556007385
        ],
        [
            0.14549867808818817,
            -0.047699667513370514,
            -0.004099510610103607
        ],
        [
            0.1533319652080536,
            -0.04774215817451477,
            -0.03739260882139206
        ],
        [
            0.1541692316532135,
            -0.04728159308433533,
            -0.030985012650489807
        ],
        [
            0.14753524959087372,
            -0.04592978209257126,
            -0.0261702761054039
        ],
        [
            0.12318374216556549,
            0.014863405376672745,
            0.014645062386989594
        ],
        [
            0.1206546425819397,
            0.027169296517968178,
            0.013461288064718246
        ],
        [
            0.1580323874950409,
            -0.033881932497024536,
            -0.03013499453663826
        ],
        [
            0.1788710057735443,
            -0.04043474420905113,
            -0.021534543484449387
        ],
        [
            0.1748272329568863,
            -0.04426395520567894,
            -0.020176902413368225
        ],
        [
            0.16325925290584564,
            -0.04852960631251335,
            -0.03295374661684036
        ],
        [
            0.16841569542884827,
            -0.04431680217385292,
            -0.03633884713053703
        ],
        [
            0.15975530445575714,
            -0.029215509071946144,
            -0.03328777849674225
        ],
        [
            0.1549512892961502,
            -0.03377523645758629,
            -0.029208632186055183
        ],
        [
            0.15413065254688263,
            -0.03231664374470711,
            -0.0280592143535614
        ],
        [
            0.15803954005241394,
            -0.026402877643704414,
            -0.028883878141641617
        ],
        [
            0.16233181953430176,
            0.0048777456395328045,
            -0.03265620023012161
        ],
        [
            0.1616557091474533,
            0.005916539113968611,
            -0.029514485970139503
        ],
        [
            0.1539413034915924,
            -0.025025460869073868,
            -0.05149013549089432
        ],
        [
            0.15040022134780884,
            -0.03737408295273781,
            -0.05233386158943176
        ],
        [
            0.13591787219047546,
            -0.03637237846851349,
            -0.046217966824769974
        ],
        [
            0.1502283215522766,
            -0.001967255026102066,
            -0.02050483040511608
        ],
        [
            0.15797561407089233,
            -0.0031794714741408825,
            -0.026874084025621414
        ],
        [
            0.15778490900993347,
            0.0008959248661994934,
            -0.026260150596499443
        ],
        [
            0.15956267714500427,
            -0.025411328300833702,
            -0.02839793637394905
        ],
        [
            0.1611446738243103,
            -0.02876388654112816,
            -0.03256417438387871
        ],
        [
            0.16312213242053986,
            -0.02376074157655239,
            -0.032608356326818466
        ],
        [
            0.15923163294792175,
            -0.019962504506111145,
            -0.027770165354013443
        ],
        [
            0.12577806413173676,
            0.03680560737848282,
            -0.018011458218097687
        ],
        [
            0.13235168159008026,
            0.03814036399126053,
            -0.00824231281876564
        ],
        [
            0.1686878651380539,
            -0.042098358273506165,
            -0.018470628187060356
        ],
        [
            0.17058634757995605,
            -0.04193035140633583,
            -0.01841139793395996
        ],
        [
            0.14174385368824005,
            -0.00010042265057563782,
            -0.013486694544553757
        ],
        [
            0.12420328706502914,
            -0.03179704770445824,
            -0.034988883882761
        ],
        [
            0.13435648381710052,
            0.0023610778152942657,
            -0.005400743335485458
        ],
        [
            0.1587754487991333,
            0.01508316583931446,
            -0.04443114995956421
        ],
        [
            0.16307716071605682,
            0.017709268257021904,
            -0.03697056695818901
        ],
        [
            0.16391989588737488,
            0.016588252037763596,
            -0.03614164888858795
        ],
        [
            0.16417880356311798,
            0.014433013275265694,
            -0.04089497774839401
        ],
        [
            0.16609156131744385,
            -0.02348869852721691,
            -0.01897759735584259
        ],
        [
            0.16280826926231384,
            -0.02809992805123329,
            -0.016158919781446457
        ],
        [
            0.1654822677373886,
            -0.02647208794951439,
            -0.017025679349899292
        ],
        [
            0.16930446028709412,
            -0.022018926218152046,
            -0.016790535300970078
        ],
        [
            0.15322643518447876,
            -0.03933737426996231,
            -0.028332147747278214
        ],
        [
            0.15467265248298645,
            -0.04488322138786316,
            -0.029044823721051216
        ],
        [
            0.1539420783519745,
            -0.04399564862251282,
            -0.026252374053001404
        ],
        [
            0.15348230302333832,
            -0.037603240460157394,
            -0.026287533342838287
        ],
        [
            0.15560680627822876,
            -0.048453234136104584,
            -0.03215061128139496
        ],
        [
            0.15770043432712555,
            -0.04805305600166321,
            -0.029495161026716232
        ],
        [
            0.1722843050956726,
            -0.02246282249689102,
            -0.02118893712759018
        ],
        [
            0.17900939285755157,
            -0.0272955484688282,
            -0.02167486771941185
        ],
        [
            0.16898232698440552,
            -0.028786925598978996,
            -0.037094846367836
        ],
        [
            0.16483046114444733,
            -0.024212941527366638,
            -0.03199737146496773
        ],
        [
            0.10885833948850632,
            0.013152300380170345,
            -0.026455312967300415
        ],
        [
            0.1105753555893898,
            0.023575641214847565,
            -0.022920086979866028
        ],
        [
            0.1240365207195282,
            0.02244596555829048,
            -0.03068581409752369
        ],
        [
            0.13753768801689148,
            0.02211563102900982,
            -0.03984390199184418
        ],
        [
            0.1506090760231018,
            0.020012076944112778,
            -0.04700238257646561
        ],
        [
            0.14889469742774963,
            0.009191645309329033,
            -0.05207051709294319
        ],
        [
            0.12421198934316635,
            0.029830580577254295,
            -0.026716526597738266
        ],
        [
            0.16201068460941315,
            -0.026920199394226074,
            -0.04416605830192566
        ],
        [
            0.1619289070367813,
            -0.029661310836672783,
            -0.04640910029411316
        ],
        [
            0.16162869334220886,
            -0.026590516790747643,
            -0.04863463714718819
        ],
        [
            0.13626809418201447,
            0.009306605905294418,
            -0.003478996455669403
        ],
        [
            0.16948066651821136,
            -0.04480747506022453,
            -0.01801721751689911
        ],
        [
            0.07883435487747192,
            -0.013026494532823563,
            -0.007025759667158127
        ],
        [
            0.0792311280965805,
            -0.0008963979780673981,
            -0.012538682669401169
        ],
        [
            0.08639886230230331,
            -0.004883674904704094,
            -0.01566486246883869
        ],
        [
            0.08635810017585754,
            -0.018289754167199135,
            -0.008571818470954895
        ],
        [
            0.16195154190063477,
            -0.03553231060504913,
            -0.014585549011826515
        ],
        [
            0.16432437300682068,
            -0.04152948409318924,
            -0.015865087509155273
        ],
        [
            0.16295737028121948,
            0.012142196297645569,
            -0.02778000198304653
        ],
        [
            0.16339479386806488,
            0.010608700104057789,
            -0.031383756548166275
        ],
        [
            0.16223907470703125,
            0.014588325284421444,
            -0.031059227883815765
        ],
        [
            0.16443227231502533,
            0.01687615178525448,
            -0.028296083211898804
        ],
        [
            0.11064911633729935,
            0.028676951304078102,
            -0.0196552537381649
        ],
        [
            0.15884344279766083,
            0.03604046255350113,
            -0.031032338738441467
        ],
        [
            0.15661485493183136,
            0.02939492091536522,
            -0.04117397218942642
        ],
        [
            0.09891779720783234,
            0.024211978539824486,
            -0.01664554700255394
        ],
        [
            0.09696805477142334,
            0.015348045155405998,
            -0.020206639543175697
        ],
        [
            0.08847352117300034,
            0.017585864290595055,
            -0.01588333025574684
        ],
        [
            0.15478982031345367,
            -0.004434260539710522,
            -0.052225641906261444
        ],
        [
            0.10977979004383087,
            0.004970519803464413,
            -0.029239609837532043
        ],
        [
            0.09739673882722855,
            0.00789925828576088,
            -0.02195638418197632
        ],
        [
            0.08729065954685211,
            0.010236342437565327,
            -0.016821160912513733
        ],
        [
            0.07987980544567108,
            0.012666704133152962,
            -0.013783205300569534
        ],
        [
            0.08201459050178528,
            0.02044818177819252,
            -0.012895636260509491
        ],
        [
            0.18034221231937408,
            -0.033988356590270996,
            -0.021955648437142372
        ],
        [
            0.18137943744659424,
            -0.02621999941766262,
            -0.015139825642108917
        ],
        [
            0.07401832938194275,
            0.02423691749572754,
            -0.01088370755314827
        ],
        [
            0.07221939414739609,
            0.015173292718827724,
            -0.011390652507543564
        ],
        [
            0.09756352752447128,
            -0.001284116879105568,
            -0.022636257112026215
        ],
        [
            0.09795589745044708,
            -0.012340780347585678,
            -0.021722640842199326
        ],
        [
            0.1096496433019638,
            -0.0037862714380025864,
            -0.02946099452674389
        ],
        [
            0.11096979677677155,
            -0.015082277357578278,
            -0.029568394646048546
        ],
        [
            0.1503736972808838,
            -0.013301298022270203,
            -0.058224715292453766
        ],
        [
            0.16733834147453308,
            -0.026594800874590874,
            -0.002966601401567459
        ],
        [
            0.17392005026340485,
            -0.022696688771247864,
            -0.011122561991214752
        ],
        [
            0.16879519820213318,
            -0.022527992725372314,
            -0.014452248811721802
        ],
        [
            0.16418789327144623,
            -0.024879271164536476,
            -0.005459953099489212
        ],
        [
            0.17485201358795166,
            -0.02163815312087536,
            -0.016191767528653145
        ],
        [
            0.17876699566841125,
            -0.026936953887343407,
            -0.010582210496068
        ],
        [
            0.11175881326198578,
            -0.028686076402664185,
            -0.0246167853474617
        ],
        [
            0.1635962873697281,
            -0.02685074880719185,
            -0.037728458642959595
        ],
        [
            0.09892716258764267,
            -0.027372149750590324,
            -0.012302152812480927
        ],
        [
            0.11723595857620239,
            -0.04365930333733559,
            -0.021180303767323494
        ],
        [
            0.1093430295586586,
            -0.042661458253860474,
            -0.00985155999660492
        ],
        [
            0.0880960077047348,
            -0.027681197971105576,
            0.0013399608433246613
        ],
        [
            0.09959949553012848,
            -0.039085064083337784,
            0.002619680017232895
        ],
        [
            0.07380490005016327,
            -0.017650898545980453,
            0.003489319235086441
        ],
        [
            0.08110027015209198,
