{
    "pred_cam": [
        15.449739456176758,
        0.07316458225250244,
        -0.02338668331503868
    ],
    "pred_mano_params": {
        "global_orient": [
            [
                [
                    -0.08249032497406006,
                    0.9619842171669006,
                    -0.2603491246700287
                ],
                [
                    -0.12267068773508072,
                    -0.26905399560928345,
                    -0.9552810192108154
                ],
                [
                    -0.9890133142471313,
                    -0.04686419665813446,
                    0.1402016133069992
                ]
            ]
        ],
        "hand_pose": [
            [
                [
                    0.7302982807159424,
                    -0.6735321879386902,
                    -0.11409943550825119
                ],
                [
                    0.6829413175582886,
                    0.7237505912780762,
                    0.0988747850060463
                ],
                [
                    0.015984181314706802,
                    -0.15013131499290466,
                    0.9885367751121521
                ]
            ],
            [
                [
                    0.9542175531387329,
                    -0.29551711678504944,
                    0.04624347761273384
                ],
                [
                    0.29695236682891846,
                    0.9173831939697266,
                    -0.26500439643859863
                ],
                [
                    0.03589034825563431,
                    0.2666039764881134,
                    0.963137686252594
                ]
            ],
            [
                [
                    0.9415242075920105,
                    -0.314052939414978,
                    0.12207751721143723
                ],
                [
                    0.30542752146720886,
                    0.9484685659408569,
                    0.08438848704099655
                ],
                [
                    -0.1422891467809677,
                    -0.04216797277331352,
                    0.9889265298843384
                ]
            ],
            [
                [
                    0.6279059648513794,
                    -0.7143154144287109,
                    0.3090108036994934
                ],
                [
                    0.7306333184242249,
                    0.6778051257133484,
                    0.08219003677368164
                ],
                [
                    -0.2681587040424347,
                    0.1741659790277481,
                    0.9475005269050598
                ]
            ],
            [
                [
                    0.9562754034996033,
                    -0.2712355852127075,
                    -0.10940113663673401
                ],
                [
                    0.2912406027317047,
                    0.9173613786697388,
                    0.2713429629802704
                ],
                [
                    0.026762519031763077,
                    -0.2913406789302826,
                    0.956244945526123
                ]
            ],
            [
                [
                    0.8750901818275452,
                    -0.4485296607017517,
                    0.18176470696926117
                ],
                [
                    0.4509769380092621,
                    0.8920305967330933,
                    0.03002070263028145
                ],
                [
                    -0.17560485005378723,
                    0.055700868368148804,
                    0.9828837513923645
                ]
            ],
            [
                [
                    0.7202348709106445,
                    -0.6136772632598877,
                    0.3235149383544922
                ],
                [
                    0.5980864763259888,
                    0.7855719923973083,
                    0.1586478054523468
                ],
                [
                    -0.35150283575057983,
                    0.07922622561454773,
                    0.932828426361084
                ]
            ],
            [
                [
                    0.9314635396003723,
                    -0.27976852655410767,
                    0.23260535299777985
                ],
                [
                    0.21964874863624573,
                    0.9420675039291382,
                    0.25350221991539
                ],
                [
                    -0.29005181789398193,
                    -0.18503659963607788,
                    0.9389523267745972
                ]
            ],
            [
                [
                    0.9095358848571777,
                    -0.28754159808158875,
                    0.30010709166526794
                ],
                [
                    0.11434939503669739,
                    0.8673170804977417,
                    0.4844432473182678
                ],
                [
                    -0.3995856046676636,
                    -0.40630146861076355,
                    0.821736216545105
                ]
            ],
            [
                [
                    0.6970226168632507,
                    -0.6246713399887085,
                    0.3520585596561432
                ],
                [
                    0.6745761632919312,
                    0.7377265691757202,
                    -0.026581434532999992
                ],
                [
                    -0.2431182712316513,
                    0.25601816177368164,
                    0.9356005191802979
                ]
            ],
            [
                [
                    0.959466278553009,
                    -0.2779483199119568,
                    0.046574581414461136
                ],
                [
                    0.22146838903427124,
                    0.8458228707313538,
                    0.48531994223594666
                ],
                [
                    -0.17428769171237946,
                    -0.45533332228660583,
                    0.8730952739715576
                ]
            ],
            [
                [
                    0.8362329006195068,
                    -0.47701960802078247,
                    0.27049362659454346
                ],
                [
                    0.42038819193840027,
                    0.8743800520896912,
                    0.2423495352268219
                ],
                [
                    -0.35211971402168274,
                    -0.0889483392238617,
                    0.9317187666893005
                ]
            ],
            [
                [
                    0.9413263201713562,
                    0.3332788944244385,
                    -0.05319657176733017
                ],
                [
                    -0.24963322281837463,
                    0.5814813375473022,
                    -0.7743143439292908
                ],
                [
                    -0.22712981700897217,
                    0.7421621084213257,
                    0.6305611729621887
                ]
            ],
            [
                [
                    0.8485197424888611,
                    -0.419492244720459,
                    -0.3225531280040741
                ],
                [
                    0.5060379505157471,
                    0.8214938640594482,
                    0.26281824707984924
                ],
                [
                    0.15472519397735596,
                    -0.38623058795928955,
                    0.9093327522277832
                ]
            ],
            [
                [
                    0.9287051558494568,
                    -0.12219662219285965,
                    -0.3501068353652954
                ],
                [
                    -0.04142629727721214,
                    0.9040452241897583,
                    -0.4254246950149536
                ],
                [
                    0.3684978783130646,
                    0.4095976948738098,
                    0.8345292806625366
                ]
            ]
        ],
        "betas": [
            -0.1521986424922943,
            0.061801254749298096,
            0.08563899993896484,
            0.07020047307014465,
            0.19353711605072021,
            0.17867866158485413,
            0.09109596908092499,
            -0.20592740178108215,
            -0.03067098557949066,
            -0.08068576455116272
        ]
    },
    "pred_cam_t": [
        -0.07316458225250244,
        -0.02338668331503868,
        2.528359889984131
    ],
    "focal_length": [
        5000.0,
        5000.0
    ],
    "pred_keypoints_3d": [
        [
            0.0964440256357193,
            0.006459069438278675,
            0.006219889037311077
        ],
        [
            0.07655460387468338,
            -0.011398387141525745,
            0.034627702087163925
        ],
        [
            0.060387901961803436,
            -0.02484196051955223,
            0.0572948232293129
        ],
        [
            0.05114772170782089,
            -0.022092103958129883,
            0.08273560553789139
        ],
        [
            0.043139055371284485,
            -0.007694819942116737,
            0.11395041644573212
        ],
        [
            0.09323812276124954,
            -0.0013373391702771187,
            0.09748230129480362
        ],
        [
            0.0765400305390358,
            0.0062240371480584145,
            0.12519842386245728
        ],
        [
            0.05822494998574257,
            0.013308004476130009,
            0.1357511729001999
        ],
        [
            0.03467295318841934,
            0.018626980483531952,
            0.14246493577957153
        ],
        [
            0.10384244471788406,
            0.02173449844121933,
            0.10038258135318756
        ],
        [
            0.08365267515182495,
            0.027342677116394043,
            0.12434932589530945
        ],
        [
            0.06321845948696136,
            0.03405161574482918,
            0.1334066092967987
        ],
        [
            0.03796100616455078,
            0.0358784981071949,
            0.13725295662879944
        ],
        [
            0.10651633143424988,
            0.043338846415281296,
            0.08428097516298294
        ],
        [
            0.09094057977199554,
            0.04830443114042282,
            0.10819375514984131
        ],
        [
            0.06953123956918716,
            0.0546199232339859,
            0.11910010874271393
        ],
        [
            0.045489367097616196,
            0.051333338022232056,
            0.1249731108546257
        ],
        [
            0.10380163788795471,
            0.059344302862882614,
            0.06928705424070358
        ],
        [
            0.0948375016450882,
            0.07002633810043335,
            0.08523634076118469
        ],
        [
            0.07972794771194458,
            0.07483432441949844,
            0.09572583436965942
        ],
        [
            0.06138836592435837,
            0.07053574919700623,
            0.10212548077106476
        ]
    ],
    "pred_vertices": [
        [
            0.07976067811250687,
            0.00012124620843678713,
            0.059586141258478165
        ],
        [
            0.07781834900379181,
            -0.0006375797092914581,
            0.0501154325902462
        ],
        [
            0.0726671814918518,
            -0.0062373485416173935,
            0.05839554965496063
        ],
        [
            0.07533052563667297,
            -0.006175123155117035,
            0.06662571430206299
        ],
        [
            0.06114800646901131,
            -0.0031147971749305725,
            0.04050639271736145
        ],
        [
            0.05660712718963623,
            -0.011779338121414185,
            0.032332077622413635
        ],
        [
            0.05062711983919144,
            -0.016769541427493095,
            0.04714465141296387
        ],
        [
            0.05496995896100998,
            -0.008012788370251656,
            0.051308028399944305
        ],
        [
            0.07358256727457047,
            -0.012414149940013885,
            0.07208773493766785
        ],
        [
            0.0685848519206047,
            -0.010367972776293755,
            0.06417869031429291
        ],
        [
            0.07541723549365997,
            -0.01793770119547844,
            0.07188142091035843
        ],
        [
            0.08526614308357239,
            -0.019861439242959023,
            0.07978887856006622
        ],
        [
            0.08026477694511414,
            -0.013463416136801243,
            0.07926997542381287
        ],
        [
            0.09062883257865906,
            -0.01790349930524826,
            0.08682116866111755
        ],
        [
            0.09297243505716324,
            -0.0243440642952919,
            0.0726289302110672
        ],
        [
            0.10035426914691925,
            -0.017256908118724823,
            0.0860847756266594
        ],
        [
            0.11322800815105438,
            -0.003240366466343403,
            0.06214138865470886
        ],
        [
            0.11708123981952667,
            0.009100724942982197,
            0.05678601562976837
        ],
        [
            0.11865296214818954,
            0.013436256907880306,
            0.07372914254665375
        ],
        [
            0.11379566788673401,
            0.0009385216981172562,
            0.07777559012174606
        ],
        [
            0.11873121559619904,
            0.03022173047065735,
            0.06047304347157478
        ],
        [
            0.11900956928730011,
            0.021263141185045242,
            0.06859171390533447
        ],
        [
            0.11862775683403015,
            0.016719583421945572,
            0.051701098680496216
        ],
        [
            0.11828608810901642,
            0.025019563734531403,
            0.04530293494462967
        ],
        [
            0.08515527099370956,
            0.012587469071149826,
            0.0486266165971756
        ],
        [
            0.08358180522918701,
            0.011955058202147484,
            0.0380786657333374
        ],
        [
            0.08270399272441864,
            0.006731286644935608,
            0.04203067347407341
        ],
        [
            0.08370842039585114,
            0.007613866124302149,
            0.05168202146887779
        ],
        [
            0.06887722760438919,
            -0.027259279042482376,
            0.06909206509590149
        ],
        [
            0.07792919874191284,
            -0.03070170059800148,
            0.06267982721328735
        ],
        [
            0.0787920355796814,
            -0.025259532034397125,
            0.06872665137052536
        ],
        [
            0.06803342700004578,
            -0.021922506392002106,
            0.07043265551328659
        ],
        [
            0.07588408887386322,
            0.01965804398059845,
            0.010283559560775757
        ],
        [
            0.08012993633747101,
            0.01422485988587141,
            -0.0015297457575798035
        ],
        [
            0.07924060523509979,
            0.008594066835939884,
            4.097074270248413e-05
        ],
        [
            0.07612550258636475,
            0.014749464578926563,
            0.010716579854488373
        ],
        [
            0.06893564760684967,
            -0.007272048387676477,
            0.012218661606311798
        ],
        [
            0.07598892599344254,
            -0.008596307598054409,
            0.003478430211544037
        ],
        [
            0.08168680220842361,
            -0.020969361066818237,
            -0.0004948601126670837
        ],
        [
            0.07723885774612427,
            -0.021993685513734818,
            0.00874975323677063
        ],
        [
            0.062104664742946625,
            -0.008530745282769203,
            0.022793404757976532
        ],
        [
            0.06700649857521057,
            -0.021633578464388847,
            0.018101923167705536
        ],
        [
            0.059146810322999954,
            -0.022769521921873093,
            0.028721265494823456
        ],
        [
            0.051439784467220306,
            -0.026192817836999893,
            0.045123059302568436
        ],
        [
            0.08516966551542282,
            0.025743678212165833,
            -0.004880301654338837
        ],
        [
            0.08220033347606659,
            0.031523674726486206,
            0.0031245052814483643
        ],
        [
            0.06531165540218353,
            0.0022409213706851006,
            0.12177249789237976
        ],
        [
            0.06502117961645126,
            0.008096436969935894,
            0.12043004482984543
        ],
        [
            0.06787362694740295,
            0.006193227134644985,
            0.11642178893089294
        ],
        [
            0.06791891157627106,
            0.0008016740903258324,
            0.11872212588787079
        ],
        [
            0.10300319641828537,
            0.03512287884950638,
            -0.0007977709174156189
        ],
        [
            0.11261018365621567,
            0.03166394680738449,
            0.00029043108224868774
        ],
        [
            0.11092399805784225,
            0.031224064528942108,
            -0.0068816617131233215
        ],
        [
            0.10150159150362015,
            0.03256351128220558,
            -0.00783202052116394
        ],
        [
            0.10487667471170425,
            0.03846471384167671,
            0.008514463901519775
        ],
        [
            0.11420701444149017,
            0.0319831483066082,
            0.010394170880317688
        ],
        [
            0.07326509058475494,
            0.00047671888023614883,
            0.1317155361175537
        ],
        [
            0.06955019384622574,
            -0.0016182195395231247,
            0.1287304013967514
        ],
        [
            0.07395201921463013,
            -0.0030738087370991707,
            0.1261928230524063
        ],
        [
            0.07816477119922638,
            -0.00044417474418878555,
            0.1283368319272995
        ],
        [
            0.07850340008735657,
            -0.006147019099444151,
            0.07523886859416962
        ],
        [
            0.08038320392370224,
            0.001558016869239509,
            0.06905897706747055
        ],
        [
            0.0826505720615387,
            -0.00117639044765383,
            0.09052819758653641
        ],
        [
            0.08289805054664612,
            0.0009237997001037002,
            0.08254140615463257
        ],
        [
            0.08211157470941544,
            -0.006539515219628811,
            0.0834014043211937
        ],
        [
            0.08326217532157898,
            -0.0075841122306883335,
            0.09009525924921036
        ],
        [
            0.08934915065765381,
            0.020333778113126755,
            0.06979921460151672
        ],
        [
            0.08804240822792053,
            0.017678163945674896,
            0.05841132998466492
        ],
        [
            0.0866599753499031,
            0.012305506505072117,
            0.06233203783631325
        ],
        [
            0.08685806393623352,
            0.013944137841463089,
            0.07522164285182953
        ],
        [
            0.08855123072862625,
            0.030668629333376884,
            0.052235931158065796
        ],
        [
            0.09026370942592621,
            0.03214240446686745,
            0.06395039707422256
        ],
        [
            0.09036832302808762,
            0.0393812321126461,
            0.059107184410095215
        ],
        [
            0.08815021812915802,
            0.03727526217699051,
            0.05166905000805855
        ],
        [
            0.09345456957817078,
            0.0321892611682415,
            0.08453744649887085
        ],
        [
            0.09501251578330994,
            0.0338677354156971,
            0.09155400097370148
        ],
        [
            0.09415064007043839,
            0.03607869893312454,
            0.08936439454555511
        ],
        [
            0.09383131563663483,
            0.034938424825668335,
            0.08219767361879349
        ],
        [
            0.11024302989244461,
            0.030102135613560677,
            -0.013934530317783356
        ],
        [
            0.10030176490545273,
            0.02923673391342163,
            -0.014304690062999725
        ],
        [
            0.11532473564147949,
            0.048332855105400085,
            0.0481598824262619
        ],
        [
            0.10838629305362701,
            0.054135218262672424,
            0.0411783903837204
        ],
        [
            0.10959627479314804,
            0.060278866440057755,
            0.05280881002545357
        ],
        [
            0.11722864210605621,
            0.05242596194148064,
            0.05752056464552879
        ],
        [
            0.11875425279140472,
            0.023858556523919106,
            0.004015207290649414
        ],
        [
            0.11860310286283493,
            0.025102125480771065,
            -0.003826044499874115
        ],
        [
            0.07614843547344208,
            0.005913729779422283,
            0.13300670683383942
        ],
        [
            0.0805959403514862,
            0.005135245621204376,
            0.12893426418304443
        ],
        [
            0.07040141522884369,
            -0.030660538002848625,
            0.027234524488449097
        ],
        [
            0.05823936685919762,
            -0.03348621353507042,
            0.04521162062883377
        ],
        [
            0.08088146150112152,
            -0.028001174330711365,
            0.015485711395740509
        ],
        [
            0.0885341614484787,
            -0.026297524571418762,
            0.0076819732785224915
        ],
        [
            0.09266206622123718,
            -0.026655390858650208,
            -9.851902723312378e-05
        ],
        [
            0.08458340913057327,
            0.007428764831274748,
            0.08451957255601883
        ],
        [
            0.08350490033626556,
            0.006897632963955402,
            0.06161025911569595
        ],
        [
            0.08587458729743958,
            0.017196079716086388,
            0.04613536223769188
        ],
        [
            0.08568325638771057,
            0.04731645807623863,
            0.037286244332790375
        ],
        [
            0.08382904529571533,
            0.04448753222823143,
            0.027149401605129242
        ],
        [
            0.08170493692159653,
            0.03646253049373627,
            0.03411613404750824
        ],
        [
            0.08442001044750214,
            0.04046644642949104,
            0.041550472378730774
        ],
        [
            0.09891724586486816,
            0.05751079320907593,
            0.04063635692000389
        ],
        [
            0.09187977015972137,
            0.05504878982901573,
            0.044178713113069534
        ],
        [
            0.09394383430480957,
            0.057955965399742126,
            0.052615709602832794
        ],
        [
            0.10076393932104111,
            0.06151718646287918,
            0.05061236023902893
        ],
        [
            0.0652381107211113,
            -0.03381780907511711,
            0.06704537570476532
        ],
        [
            0.07538814842700958,
            -0.03531493991613388,
            0.05669849365949631
        ],
        [
            0.09223528206348419,
            0.03497687354683876,
            -0.0005943328142166138
        ],
        [
            0.09155071526765823,
            0.030129272490739822,
            -0.006754182279109955
        ],
        [
            0.09299471229314804,
            0.02627846971154213,
            -0.01430104672908783
        ],
        [
            0.07885636389255524,
            0.01493135653436184,
            0.02461426705121994
        ],
        [
            0.07614178955554962,
            0.011432606726884842,
            0.011064417660236359
        ],
        [
            0.07490825653076172,
            0.007898210547864437,
            0.013349682092666626
        ],
        [
            0.07969845086336136,
            0.011899275705218315,
            0.026433207094669342
        ],
        [
            0.07369939982891083,
            0.0021865759044885635,
            0.04092181473970413
        ],
        [
            0.06769201159477234,
            0.0016588978469371796,
            0.028496623039245605
        ],
        [
            0.06792524456977844,
            -0.0019653085619211197,
            0.050959013402462006
        ],
        [
            0.07799206674098969,
            0.0006914641708135605,
            0.00044086575508117676
        ],
        [
            0.07999087125062943,
            0.004822704941034317,
            -0.009702369570732117
        ],
        [
            0.07938691228628159,
            -0.0039633577689528465,
            -0.008059650659561157
        ],
        [
            0.08315923064947128,
            0.013942375779151917,
            -0.0120612233877182
        ],
        [
            0.0874985009431839,
            0.021715156733989716,
            -0.013711407780647278
        ],
        [
            0.12111125886440277,
            0.02491864562034607,
            -0.012078948318958282
        ],
        [
            0.08036696910858154,
            -0.012023582123219967,
            -0.005652114748954773
        ],
        [
            0.05192652717232704,
            -0.012380783446133137,
            0.05861908569931984
        ],
        [
            0.049932681024074554,
            -0.014937980100512505,
            0.06533987820148468
        ],
        [
            0.056959401816129684,
            -0.012555371038615704,
            0.06749758124351501
        ],
        [
            0.05942355841398239,
            -0.010435959324240685,
            0.06212146207690239
        ],
        [
            0.09356926381587982,
            -0.01463137473911047,
            0.09524483233690262
        ],
        [
            0.08643392473459244,
            -0.012440632097423077,
            0.09291786700487137
        ],
        [
            0.08430541306734085,
            -0.014433781616389751,
            0.0847381129860878
        ],
        [
            0.07726957648992538,
            0.02736811526119709,
            0.01902550458908081
        ],
        [
            0.08236434310674667,
            0.037165820598602295,
            0.012511275708675385
        ],
        [
            0.0838424563407898,
            0.0048215570859611034,
            0.09268750995397568
        ],
        [
            0.0828496515750885,
            -0.0012267515994608402,
            0.12528200447559357
        ],
        [
            0.07839514315128326,
            -0.0045386916026473045,
            0.12283332645893097
        ],
        [
            0.08884833008050919,
            -0.009901158511638641,
            0.10771182924509048
        ],
        [
            0.09378505498170853,
            -0.006139618344604969,
            0.11116574704647064
        ],
        [
            0.08733877539634705,
            0.009898864664137363,
            0.09970316290855408
        ],
        [
            0.08302304148674011,
            0.005090626422315836,
            0.09636702388525009
        ],
        [
            0.08271332085132599,
            0.005843919236212969,
            0.09844743460416794
        ],
        [
            0.08448990434408188,
            0.011274409480392933,
            0.10196287930011749
        ],
        [
            0.09484893828630447,
            0.04304451122879982,
            0.0829678475856781
        ],
        [
            0.09430627524852753,
            0.04186953231692314,
            0.07657826691865921
        ],
        [
            0.1104956641793251,
            0.0073762862011790276,
            0.09237765520811081
        ],
        [
            0.11009115725755692,
            -0.006598840467631817,
            0.09434489905834198
        ],
        [
            0.10905178636312485,
            -0.011021184735000134,
            0.08148480951786041
        ],
        [
            0.09013689309358597,
            0.02668551728129387,
            0.06572290509939194
        ],
        [
            0.09142889082431793,
            0.029952410608530045,
            0.07565609365701675
        ],
        [
            0.09209606796503067,
            0.03367508202791214,
            0.07369865477085114
        ],
        [
            0.08618591725826263,
            0.011130616068840027,
            0.0872204527258873
        ],
        [
            0.08639878779649734,
            0.010654309764504433,
            0.09402360022068024
        ],
        [
            0.08896591514348984,
            0.014890706166625023,
            0.09083344787359238
        ],
        [
            0.08785451948642731,
            0.015348134562373161,
            0.08408167213201523
        ],
        [
            0.10823015868663788,
            0.04877103120088577,
            0.028965070843696594
        ],
        [
            0.09712408483028412,
            0.053078792989254,
            0.02834910899400711
        ],
        [
            0.06681089103221893,
            -0.0010904902592301369,
            0.12495045363903046
        ],
        [
            0.07030805945396423,
            -0.002611389849334955,
            0.1222984567284584
        ],
        [
            0.08883734047412872,
            0.02391962520778179,
            0.05461566522717476
        ],
        [
            0.10684356838464737,
            -0.013298380188643932,
            0.06619015336036682
        ],
        [
            0.08626122772693634,
            0.022184882313013077,
            0.04354049265384674
        ],
        [
            0.11355683207511902,
            0.0457286611199379,
            0.07619567960500717
        ],
        [
            0.10699152946472168,
            0.050915855914354324,
            0.07678577303886414
        ],
        [
            0.10485924035310745,
            0.05103139206767082,
            0.08292730897665024
        ],
        [
            0.10990618169307709,
            0.047980017960071564,
            0.08493977785110474
        ],
        [
            0.07698724418878555,
            0.015031101182103157,
            0.11476486921310425
        ],
        [
            0.07257169485092163,
            0.011427098885178566,
            0.11297813802957535
        ],
        [
            0.06979243457317352,
            0.012244665995240211,
            0.1163703128695488
        ],
        [
            0.07382641732692719,
            0.0158164631575346,
            0.11875970661640167
        ],
        [
            0.08176863193511963,
            -0.0006619314081035554,
            0.0951484739780426
        ],
        [
            0.08249711245298386,
            -0.00682287011295557,
            0.09549055993556976
        ],
        [
            0.08049457520246506,
            -0.005239285994321108,
            0.09987355023622513
        ],
        [
            0.08075810223817825,
            0.0008984804735518992,
            0.0989292785525322
        ],
        [
            0.08638922870159149,
            -0.011082455515861511,
            0.09864293038845062
        ],
        [
            0.08409985899925232,
            -0.009516860358417034,
            0.10332347452640533
        ],
        [
            0.08226432651281357,
            0.015077931806445122,
            0.11875943094491959
        ],
        [
            0.08606749773025513,
            0.010467207059264183,
            0.12348350882530212
        ],
        [
            0.09595021605491638,
            0.007876192219555378,
            0.11044155061244965
        ],
        [
            0.08939884603023529,
            0.012332150712609291,
            0.10773903876543045
        ],
        [
            0.11922900378704071,
            0.01990281045436859,
            0.03086080402135849
        ],
        [
            0.11772840470075607,
            0.02997201681137085,
            0.025831349194049835
        ],
        [
            0.11697737872600555,
            0.03537405654788017,
            0.04005667567253113
        ],
        [
            0.1174624115228653,
            0.041160035878419876,
            0.05394167825579643
        ],
        [
            0.11679661273956299,
            0.04558945447206497,
            0.06745637953281403
        ],
        [
            0.12015519291162491,
            0.034965306520462036,
            0.07311947643756866
        ],
        [
            0.11505749821662903,
            0.0419069305062294,
            0.03512631729245186
        ],
        [
            0.09820535033941269,
            0.01262164767831564,
            0.09720736742019653
        ],
        [
            0.10316944122314453,
            0.005658955313265324,
            0.10015860199928284
        ],
        [
            0.1049022451043129,
            0.010339085012674332,
            0.09611894935369492
        ],
        [
            0.08519004285335541,
            0.029293548315763474,
            0.04108847677707672
        ],
        [
            0.07441812008619308,
            -0.004608273971825838,
            0.11915458738803864
        ],
        [
            0.1113189309835434,
            -0.018523970618844032,
            0.009141750633716583
        ],
        [
            0.11877614259719849,
            -0.007338005118072033,
            0.007333509624004364
        ],
        [
            0.11703521013259888,
            -0.007395985536277294,
            0.016053475439548492
        ],
        [
            0.10768192261457443,
            -0.019653014838695526,
            0.01785752922296524
        ],
        [
            0.07027993351221085,
            0.004760273732244968,
            0.11291121691465378
        ],
        [
            0.07070917636156082,
            -0.0013462966307997704,
            0.11500003188848495
        ],
        [
            0.09499979764223099,
            0.04845248535275459,
            0.07535743713378906
        ],
        [
            0.09587446600198746,
            0.048521969467401505,
            0.08185110986232758
        ],
        [
            0.09820754081010818,
            0.05132465064525604,
            0.08311519771814346
        ],
        [
            0.0963321402668953,
            0.05429330840706825,
            0.07705984264612198
        ],
        [
            0.11598232388496399,
            0.0344531312584877,
            0.022010132670402527
        ],
        [
            0.10840190201997757,
            0.06383395940065384,
            0.06057513877749443
        ],
        [
            0.11552044004201889,
            0.05683276057243347,
            0.06456342339515686
        ],
        [
            0.1184551864862442,
            0.024863746017217636,
            0.01360950618982315
        ],
        [
            0.12042888253927231,
            0.016039619222283363,
            0.017811544239521027
        ],
        [
            0.12138664722442627,
            0.013855736702680588,
            0.00821259617805481
        ],
        [
            0.1164061427116394,
            0.02584129199385643,
            0.08515118062496185
        ],
        [
            0.11935564875602722,
            0.013091213069856167,
            0.03654124587774277
        ],
        [
            0.11998604983091354,
            0.009587876498699188,
            0.022226378321647644
        ],
        [
            0.12109244614839554,
            0.006642213091254234,
            0.010958492755889893
        ],
        [
            0.12253262847661972,
            0.0052216872572898865,
            0.002718120813369751
        ],
        [
            0.12256932258605957,
            0.013258721679449081,
            0.0005525946617126465
        ],
        [
            0.08523258566856384,
            0.004765411838889122,
            0.12530890107154846
        ],
        [
            0.08124415576457977,
            0.01179419457912445,
            0.127608984708786
        ],
        [
            0.12557664513587952,
            0.012768914923071861,
            -0.008149780333042145
        ],
        [
            0.12473420798778534,
            0.003767607733607292,
            -0.00542672723531723
        ],
        [
            0.11842462420463562,
            0.0014353599399328232,
            0.02660226821899414
        ],
        [
            0.11458948254585266,
            -0.008521400392055511,
            0.031278401613235474
        ],
        [
            0.11750995367765427,
            0.005152838304638863,
            0.04029427096247673
        ],
        [
            0.11408860981464386,
            -0.004412056878209114,
            0.04627469182014465
        ],
        [
            0.11937756836414337,
            0.015649443492293358,
            0.0869351476430893
        ],
        [
            0.06621139496564865,
            0.018560025840997696,
            0.1363956779241562
        ],
        [
            0.07435192167758942,
            0.01691378653049469,
            0.12863263487815857
        ],
        [
            0.07074210792779922,
            0.01718943566083908,
            0.12398671358823776
        ],
        [
            0.0642462819814682,
            0.020187102258205414,
            0.1329096406698227
        ],
        [
            0.07820983231067657,
            0.01591050997376442,
            0.12286652624607086
        ],
        [
            0.07676782459020615,
            0.012623142451047897,
            0.13175302743911743
        ],
        [
            0.10525138676166534,
            -0.01690763048827648,
            0.050288911908864975
        ],
        [
            0.0904766321182251,
            0.015743758529424667,
            0.09556972235441208
        ],
        [
            0.10168401896953583,
            -0.02212851494550705,
            0.03345101326704025
        ],
        [
            0.09346294403076172,
            -0.028461867943406105,
            0.0587056465446949
        ],
        [
            0.08817610889673233,
            -0.03136032074689865,
            0.045883454382419586
        ],
        [
            0.09601374715566635,
            -0.027587715536355972,
            0.01732093095779419
        ],
        [
            0.08475638926029205,
            -0.032490380108356476,
            0.029389426112174988
        ],
        [
            0.10370965301990509,
            -0.025374380871653557,
            0.001584276556968689
        ],
        [
            0.10123500227928162,
            -0.02542707324028015,
            0.009853042662143707
        ],
        [
            0.07268749177455902,
            -0.03629903122782707,
            0.04228327423334122
        ],
        [
            0.05795097351074219,
            0.008029092103242874,
            0.1272544413805008
