{
    "pred_cam": [
        8.545110702514648,
        0.11841707676649094,
        -0.07324735820293427
    ],
    "pred_mano_params": {
        "global_orient": [
            [
                [
                    0.11888260394334793,
                    -0.9923512935638428,
                    -0.033252350986003876
                ],
                [
                    -0.921919584274292,
                    -0.09788559377193451,
                    -0.374810129404068
                ],
                [
                    0.3686884343624115,
                    0.07521440833806992,
                    -0.9265050292015076
                ]
            ]
        ],
        "hand_pose": [
            [
                [
                    0.7574635744094849,
                    -0.541397750377655,
                    -0.36488017439842224
                ],
                [
                    0.5137625336647034,
                    0.8391441702842712,
                    -0.17856378853321075
                ],
                [
                    0.4028611183166504,
                    -0.05220622196793556,
                    0.9137710332870483
                ]
            ],
            [
                [
                    0.8512515425682068,
                    -0.47369182109832764,
                    0.22580280900001526
                ],
                [
                    0.5190945863723755,
                    0.8231678605079651,
                    -0.23007725179195404
                ],
                [
                    -0.07688789069652557,
                    0.3130665719509125,
                    0.9466137886047363
                ]
            ],
            [
                [
                    0.8132711052894592,
                    -0.5799760818481445,
                    -0.04709424450993538
                ],
                [
                    0.5785287022590637,
                    0.8146078586578369,
                    -0.0414557047188282
                ],
                [
                    0.06240665167570114,
                    0.006469354964792728,
                    0.9980298280715942
                ]
            ],
            [
                [
                    0.6335954666137695,
                    -0.7441387176513672,
                    -0.21169409155845642
                ],
                [
                    0.760147213935852,
                    0.6496930122375488,
                    -0.008672131225466728
                ],
                [
                    0.1439894288778305,
                    -0.1554240584373474,
                    0.9772975444793701
                ]
            ],
            [
                [
                    0.7994363307952881,
                    -0.5726357102394104,
                    -0.18163111805915833
                ],
                [
                    0.6007501482963562,
                    0.7615764141082764,
                    0.24310606718063354
                ],
                [
                    -0.0008852356113493443,
                    -0.3034627437591553,
                    0.9528428316116333
                ]
            ],
            [
                [
                    0.8410897850990295,
                    -0.5406904816627502,
                    -0.014892861247062683
                ],
                [
                    0.5408955216407776,
                    0.8407677412033081,
                    0.023273058235645294
                ],
                [
                    -6.208333797985688e-05,
                    -0.027630213648080826,
                    0.9996182322502136
                ]
            ],
            [
                [
                    0.48987942934036255,
                    -0.7955338954925537,
                    0.35657262802124023
                ],
                [
                    0.5592410564422607,
                    0.6005302667617798,
                    0.5715005397796631
                ],
                [
                    -0.6687806248664856,
                    -0.08055630326271057,
                    0.7390826344490051
                ]
            ],
            [
                [
                    0.8853923678398132,
                    -0.40891680121421814,
                    -0.22105975449085236
                ],
                [
                    0.4604707658290863,
                    0.8366205096244812,
                    0.29670313000679016
                ],
                [
                    0.06361623853445053,
                    -0.36449024081230164,
                    0.9290316700935364
                ]
            ],
            [
                [
                    0.8699326515197754,
                    -0.44179341197013855,
                    0.21917052567005157
                ],
                [
                    0.39540669322013855,
                    0.8904175162315369,
                    0.22541090846061707
                ],
                [
                    -0.2947383522987366,
                    -0.10943081229925156,
                    0.9492913484573364
                ]
            ],
            [
                [
                    0.5689880847930908,
                    -0.8164088129997253,
                    0.0986369326710701
                ],
                [
                    0.8098018765449524,
                    0.57713383436203,
                    0.10553412139415741
                ],
                [
                    -0.14308570325374603,
                    0.01982872188091278,
                    0.9895116686820984
                ]
            ],
            [
                [
                    0.848160445690155,
                    -0.50150465965271,
                    -0.1706368774175644
                ],
                [
                    0.5249937772750854,
                    0.7527409195899963,
                    0.3971933424472809
                ],
                [
                    -0.0707489475607872,
                    -0.4264669716358185,
                    0.9017319083213806
                ]
            ],
            [
                [
                    0.8129176497459412,
                    -0.5813454985618591,
                    0.03467579931020737
                ],
                [
                    0.5683685541152954,
                    0.8049353957176208,
                    0.17040011286735535
                ],
                [
                    -0.12697310745716095,
                    -0.11881260573863983,
                    0.9847646951675415
                ]
            ],
            [
                [
                    0.9389257431030273,
                    -0.18866191804409027,
                    -0.28779348731040955
                ],
                [
                    -0.20131871104240417,
                    0.37711814045906067,
                    -0.9040202498435974
                ],
                [
                    0.27908632159233093,
                    0.9067461490631104,
                    0.3161047697067261
                ]
            ],
            [
                [
                    0.9475410580635071,
                    -0.26406821608543396,
                    -0.18009431660175323
                ],
                [
                    0.31886908411979675,
                    0.741985023021698,
                    0.5897294282913208
                ],
                [
                    -0.022101497277617455,
                    -0.6162193417549133,
                    0.7872644662857056
                ]
            ],
            [
                [
                    0.9159306883811951,
                    0.25849372148513794,
                    0.3070048987865448
                ],
                [
                    -0.2539740204811096,
                    0.9656272530555725,
                    -0.05532810091972351
                ],
                [
                    -0.31075426936149597,
                    -0.02729456126689911,
                    0.9500983357429504
                ]
            ]
        ],
        "betas": [
            -0.048888176679611206,
            -0.02481064200401306,
            -0.002872854471206665,
            0.01942703127861023,
            0.024796754121780396,
            -0.021096322685480118,
            0.06384335458278656,
            -0.02325761318206787,
            -0.015301093459129333,
            -0.0184037983417511
        ]
    },
    "pred_cam_t": [
        -0.11841707676649094,
        -0.07324735820293427,
        4.5713276863098145
    ],
    "focal_length": [
        5000.0,
        5000.0
    ],
    "pred_keypoints_3d": [
        [
            0.09593828022480011,
            0.006402486003935337,
            0.006197832524776459
        ],
        [
            0.10766341537237167,
            0.02048233337700367,
            -0.027872953563928604
        ],
        [
            0.12158679962158203,
            0.04459957778453827,
            -0.041199058294296265
        ],
        [
            0.12897750735282898,
            0.06990723311901093,
            -0.047711391001939774
        ],
        [
            0.1355517953634262,
            0.09399337321519852,
            -0.07438696175813675
        ],
        [
            0.0899294763803482,
            0.0806194394826889,
            -0.045968227088451385
        ],
        [
            0.10076762735843658,
            0.11186272650957108,
            -0.04674111306667328
        ],
        [
            0.12008890509605408,
            0.12284082919359207,
            -0.04580356553196907
        ],
        [
            0.14426475763320923,
            0.12380281835794449,
            -0.03865382820367813
        ],
        [
            0.08623413741588593,
            0.09534444659948349,
            -0.025771889835596085
        ],
        [
            0.10652142763137817,
            0.11980317533016205,
            -0.025348307564854622
        ],
        [
            0.12968461215496063,
            0.12172682583332062,
            -0.02342282235622406
        ],
        [
            0.15418803691864014,
            0.114191435277462,
            -0.022882919758558273
        ],
        [
            0.09100402146577835,
            0.09239981323480606,
            0.00047956034541130066
        ],
        [
            0.11099624633789062,
            0.11187358945608139,
            -0.007111653219908476
        ],
        [
            0.1358010172843933,
            0.1123243197798729,
            -0.005789570510387421
        ],
        [
            0.1589423418045044,
            0.10232465714216232,
            -0.006554119288921356
        ],
        [
            0.09907113760709763,
            0.08722300827503204,
            0.02016846090555191
        ],
        [
            0.11399559676647186,
            0.09990811347961426,
            0.012155566364526749
        ],
        [
            0.13270774483680725,
            0.10197115689516068,
            0.009626496583223343
        ],
        [
            0.14909453690052032,
            0.09592581540346146,
            0.0047140419483184814
        ]
    ],
    "pred_vertices": [
        [
            0.10587304085493088,
            0.04793188348412514,
            -0.02761128917336464
        ],
        [
            0.10791024565696716,
            0.038084957748651505,
            -0.02215159498155117
        ],
        [
            0.1112065315246582,
            0.04405254125595093,
            -0.027328338474035263
        ],
        [
            0.10809805244207382,
            0.05153981223702431,
            -0.03468167036771774
        ],
        [
            0.12470368295907974,
            0.02898227423429489,
            -0.02034551464021206
        ],
        [
            0.12799306213855743,
            0.019962549209594727,
            -0.02755017764866352
        ],
        [
            0.1321244239807129,
            0.03497014939785004,
            -0.034490711987018585
        ],
        [
            0.12971723079681396,
            0.040344104170799255,
            -0.026340682059526443
        ],
        [
            0.10851932317018509,
            0.05523218214511871,
            -0.03968002647161484
        ],
        [
            0.11454714834690094,
            0.049578409641981125,
            -0.03161456435918808
        ],
        [
            0.10669595748186111,
            0.055691711604595184,
            -0.04098145291209221
        ],
        [
            0.09493641555309296,
            0.05945479869842529,
            -0.04966306686401367
        ],
        [
            0.1009000912308693,
            0.06020248681306839,
            -0.04659793898463249
        ],
        [
            0.0893678069114685,
            0.06541035324335098,
            -0.052692197263240814
        ],
        [
            0.08710680156946182,
            0.052275508642196655,
            -0.048836104571819305
        ],
        [
            0.08041563630104065,
            0.06564028561115265,
            -0.049590736627578735
        ],
        [
            0.07332736253738403,
            0.051389098167419434,
            -0.02435438707470894
        ],
        [
            0.0733470767736435,
            0.05288952216506004,
            -0.010662075132131577
        ],
        [
            0.07153783738613129,
            0.06990587711334229,
            -0.015065383166074753
        ],
        [
            0.07268229126930237,
            0.066649429500103,
            -0.028568342328071594
        ],
        [
            0.07708928734064102,
            0.0671074241399765,
            0.005148220807313919
        ],
        [
            0.07389245927333832,
            0.06950584799051285,
            -0.0061378516256809235
        ],
        [
            0.07440738379955292,
            0.052425939589738846,
            -0.0016287639737129211
        ],
        [
            0.07745497673749924,
            0.05105854570865631,
            0.008136730641126633
        ],
        [
            0.10506587475538254,
            0.04481029883027077,
            -0.01260402612388134
        ],
        [
            0.10714660584926605,
            0.0348198264837265,
            -0.008404456079006195
        ],
        [
            0.10597574710845947,
            0.03496883437037468,
            -0.014129454270005226
        ],
        [
            0.10477413237094879,
            0.044805463403463364,
            -0.018153849989175797
        ],
        [
            0.11148040741682053,
            0.0544770322740078,
            -0.04537876695394516
        ],
        [
            0.10177639871835709,
            0.044256437569856644,
            -0.04882698878645897
        ],
        [
            0.10182632505893707,
            0.05119527876377106,
            -0.045697420835494995
        ],
        [
            0.1138155609369278,
            0.057140231132507324,
            -0.04083020240068436
        ],
        [
            0.11864722520112991,
            0.014588385820388794,
            0.009313691407442093
        ],
        [
            0.11394930630922318,
            0.002116173505783081,
            0.011978363618254662
        ],
        [
            0.11307264119386673,
            0.0004901587963104248,
            0.006294321268796921
        ],
        [
            0.11703120917081833,
            0.012158028781414032,
            0.004987195134162903
        ],
        [
            0.11811001598834991,
            0.002115704119205475,
            -0.015523653477430344
        ],
        [
            0.11153994500637054,
            -0.005471043288707733,
            -0.010986287146806717
        ],
        [
            0.10336552560329437,
            -0.013505876064300537,
            -0.017505235970020294
        ],
        [
            0.1076120138168335,
            -0.005619116127490997,
            -0.0243212953209877
        ],
        [
            0.12368445098400116,
            0.010905258357524872,
            -0.02184755727648735
        ],
        [
            0.11701259016990662,
            0.003371983766555786,
            -0.030748508870601654
        ],
        [
            0.12371774017810822,
            0.01465374231338501,
            -0.03653687238693237
        ],
        [
            0.12890736758708954,
            0.031744591891765594,
            -0.042468100786209106
        ],
        [
            0.11263227462768555,
            0.0052968040108680725,
            0.02437043935060501
        ],
        [
            0.11646951735019684,
            0.01484861969947815,
            0.024271197617053986
        ],
        [
            0.11181469261646271,
            0.10649135708808899,
            -0.05005120858550072
        ],
        [
            0.1126890778541565,
            0.10728050768375397,
            -0.04417369142174721
        ],
        [
            0.11082194745540619,
            0.10346871614456177,
            -0.044629473239183426
        ],
        [
            0.11009006947278976,
            0.10374622792005539,
            -0.050439611077308655
        ],
        [
            0.09802652895450592,
            0.014931723475456238,
            0.034715235233306885
        ],
        [
            0.08793699741363525,
            0.014964587986469269,
            0.033992402255535126
        ],
        [
            0.08983786404132843,
            0.008451104164123535,
            0.03671387583017349
        ],
        [
            0.09916906803846359,
            0.007480457425117493,
            0.03568287938833237
        ],
        [
            0.09652476012706757,
            0.02475542575120926,
            0.03338159620761871
        ],
        [
            0.0858302116394043,
            0.02393927425146103,
            0.029718969017267227
        ],
        [
            0.10368213802576065,
            0.11541232466697693,
            -0.054554738104343414
        ],
        [
            0.10723304748535156,
            0.11181527376174927,
            -0.055693984031677246
        ],
        [
            0.10319968312978745,
            0.1091110035777092,
            -0.055838000029325485
        ],
        [
            0.09922835975885391,
            0.1117047443985939,
            -0.05367964878678322
        ],
        [
            0.10439324378967285,
            0.05884624272584915,
            -0.04089727625250816
        ],
        [
            0.10502158105373383,
            0.05686590448021889,
            -0.032188232988119125
        ],
        [
            0.10096979886293411,
            0.07468722760677338,
            -0.045908790081739426
        ],
        [
            0.10159207880496979,
            0.06823623925447464,
            -0.039586141705513
        ],
        [
            0.10040470957756042,
            0.06565801799297333,
            -0.04600772261619568
        ],
        [
            0.09876393526792526,
            0.07159659266471863,
            -0.05062955245375633
        ],
        [
            0.10171989351511002,
            0.06717865914106369,
            -0.015769923105835915
        ],
        [
            0.10301822423934937,
            0.05600013956427574,
            -0.01263667456805706
        ],
        [
            0.10252942144870758,
            0.05662650242447853,
            -0.019237440079450607
        ],
        [
            0.10189238935709,
            0.06853211671113968,
            -0.02434597909450531
        ],
        [
            0.1066393107175827,
            0.05706000328063965,
            0.0010677818208932877
        ],
        [
            0.10453327000141144,
            0.06790188699960709,
            -0.003056327812373638
        ],
        [
            0.10676492750644684,
            0.06713671237230301,
            0.0052414871752262115
        ],
        [
            0.10890485346317291,
            0.05969279259443283,
            0.006601983681321144
        ],
        [
            0.10000333935022354,
            0.08496194332838058,
            -0.013263816013932228
        ],
        [
            0.09859908372163773,
            0.09017310291528702,
            -0.015549356117844582
        ],
        [
            0.10028432309627533,
            0.09097130596637726,
            -0.012430788949131966
        ],
        [
            0.10065730661153793,
            0.08474138379096985,
            -0.009556364268064499
        ],
        [
            0.0906044989824295,
            0.0017644688487052917,
            0.03906289115548134
        ],
        [
            0.09976939857006073,
            0.00016979128122329712,
            0.03580809384584427
        ],
        [
            0.08614815771579742,
            0.06523627042770386,
            0.02514866553246975
        ],
        [
            0.09474430233240128,
            0.0611143633723259,
            0.031212572008371353
        ],
        [
            0.0950922816991806,
            0.07476227730512619,
            0.030342627316713333
        ],
        [
            0.08491449058055878,
            0.07595696300268173,
            0.02416732907295227
        ],
        [
            0.07980034500360489,
            0.014822177588939667,
            0.027481047436594963
        ],
        [
            0.08075208961963654,
            0.008696839213371277,
            0.03231848031282425
        ],
        [
            0.10128019005060196,
            0.11844806373119354,
            -0.04972139373421669
        ],
        [
            0.09720136225223541,
            0.1139088124036789,
            -0.04846729710698128
        ],
        [
            0.11111578345298767,
            0.010950818657875061,
            -0.04208914190530777
        ],
        [
            0.12125587463378906,
            0.030173271894454956,
            -0.04851186275482178
        ],
        [
            0.10208072513341904,
            -0.0010795146226882935,
            -0.03336463123559952
        ],
        [
            0.09514279663562775,
            -0.007752858102321625,
            -0.025484945625066757
        ],
        [
            0.09133952856063843,
            -0.014733292162418365,
            -0.019882801920175552
        ],
        [
            0.10157549381256104,
            0.07301513850688934,
            -0.035212431102991104
        ],
        [
            0.10403776913881302,
            0.05314677581191063,
            -0.023799506947398186
        ],
        [
            0.10588832199573517,
            0.04504945129156113,
            -0.007529199123382568
        ],
        [
            0.1149272471666336,
            0.0521092414855957,
            0.021281076595187187
        ],
        [
            0.11667105555534363,
            0.04199077934026718,
            0.023492515087127686
        ],
        [
            0.11600242555141449,
            0.04381773620843887,
            0.01287782657891512
        ],
        [
            0.11398389935493469,
            0.05228598788380623,
            0.013207051903009415
        ],
        [
            0.10479844361543655,
            0.061262428760528564,
            0.03159176930785179
        ],
        [
            0.11059223860502243,
            0.062178559601306915,
            0.025939667597413063
        ],
        [
            0.10903848707675934,
            0.07051700353622437,
            0.024578608572483063
        ],
        [
            0.10373558104038239,
            0.0719083771109581,
            0.030143002048134804
        ],
        [
            0.11346762627363205,
            0.05122317746281624,
            -0.05158679559826851
        ],
        [
            0.1038086861371994,
            0.0380101278424263,
            -0.051698751747608185
        ],
        [
            0.10818538069725037,
            0.01415225863456726,
            0.031644001603126526
        ],
        [
            0.10791381448507309,
            0.0063754841685295105,
            0.030557895079255104
        ],
        [
            0.10589975863695145,
            -0.0018954724073410034,
            0.03146892040967941
        ],
        [
            0.11339590698480606,
            0.024012431502342224,
            -0.0010098125785589218
        ],
        [
            0.11605149507522583,
            0.01041373610496521,
            0.0019027069211006165
        ],
        [
            0.1160370409488678,
            0.009950876235961914,
            -0.0025810450315475464
        ],
        [
            0.11149147152900696,
            0.023366160690784454,
            -0.004217024892568588
        ],
        [
            0.11289571225643158,
            0.02920474112033844,
            -0.015761811286211014
        ],
        [
            0.11989802122116089,
            0.018196843564510345,
            -0.014030858874320984
        ],
        [
            0.11733287572860718,
            0.03817759081721306,
            -0.019681798294186592
        ],
        [
            0.11202504485845566,
            -0.0033267661929130554,
            -0.000992756336927414
        ],
        [
            0.11183537542819977,
            -0.009564533829689026,
            0.008248388767242432
        ],
        [
            0.10987832397222519,
            -0.012451313436031342,
            1.784414052963257e-05
        ],
        [
            0.11157626658678055,
            -0.006857134401798248,
            0.017693620175123215
        ],
        [
            0.10980994254350662,
            -0.004102274775505066,
            0.02599923498928547
        ],
        [
            0.07881373167037964,
            0.0017401054501533508,
            0.03689638525247574
        ],
        [
            0.10682950913906097,
            -0.014109775424003601,
            -0.007542576640844345
        ],
        [
            0.13171708583831787,
            0.04803948849439621,
            -0.032072581350803375
        ],
        [
            0.13295666873455048,
            0.0550885833799839,
            -0.03701658546924591
        ],
        [
            0.12731300294399261,
            0.05782563239336014,
            -0.03340684249997139
        ],
        [
            0.12535786628723145,
            0.05184474587440491,
            -0.029190823435783386
        ],
        [
            0.08664774894714355,
            0.07441870123147964,
            -0.05483681708574295
        ],
        [
            0.09429220110177994,
            0.07268373668193817,
            -0.054335817694664
        ],
        [
            0.09631587564945221,
            0.06407162547111511,
            -0.051172465085983276
        ],
        [
            0.11880358308553696,
            0.026085831224918365,
            0.01166851818561554
        ],
        [
            0.11714857071638107,
            0.025736995041370392,
            0.02426985651254654
        ],
        [
            0.10065200179815292,
            0.07920272648334503,
            -0.04122854396700859
        ],
        [
            0.0952208861708641,
            0.10868898779153824,
            -0.05341771990060806
        ],
        [
            0.09969478845596313,
            0.10573507845401764,
            -0.05609201267361641
        ],
        [
            0.09182722866535187,
            0.08956783264875412,
            -0.05653710663318634
        ],
        [
            0.0866108164191246,
            0.09318668395280838,
            -0.05363054201006889
        ],
        [
            0.09619365632534027,
            0.08808000385761261,
            -0.03773341700434685
        ],
        [
            0.10020672529935837,
            0.08322421461343765,
            -0.04095350205898285
        ],
        [
            0.09971587359905243,
            0.08558622002601624,
            -0.040014658123254776
        ],
        [
            0.09750407934188843,
            0.09010539948940277,
            -0.03565439581871033
        ],
        [
            0.1025112196803093,
            0.08850081264972687,
            -0.0036437599919736385
        ],
        [
            0.10285113751888275,
            0.08286220580339432,
            -0.0012727072462439537
        ],
        [
            0.07599186152219772,
            0.08189491182565689,
            -0.03221282735466957
        ],
        [
            0.07260558754205704,
            0.07651284337043762,
            -0.044109079986810684
        ],
        [
            0.07389595359563828,
            0.06448472291231155,
            -0.04059286415576935
        ],
        [
            0.10300294309854507,
            0.06680913269519806,
            -0.008382653817534447
        ],
        [
            0.101946622133255,
            0.07688561081886292,
            -0.010444769635796547
        ],
        [
            0.10253262519836426,
            0.07699917256832123,
            -0.006311919540166855
        ],
        [
            0.10073332488536835,
            0.07722344249486923,
            -0.03305714577436447
        ],
        [
            0.09922889620065689,
            0.08284483850002289,
            -0.036508671939373016
        ],
        [
            0.09885326772928238,
            0.08251594007015228,
            -0.03163184970617294
        ],
        [
            0.10063903033733368,
            0.07686987519264221,
            -0.027500344440340996
        ],
        [
            0.09450177848339081,
            0.04781287908554077,
            0.03279827907681465
        ],
        [
            0.106258824467659,
            0.04839232563972473,
            0.033562228083610535
        ],
        [
            0.11003414541482925,
            0.10835085064172745,
            -0.0541524775326252
        ],
        [
            0.10721271485090256,
            0.1058606505393982,
            -0.05457555502653122
        ],
        [
            0.10429707169532776,
            0.0558488629758358,
            -0.005494557321071625
        ],
        [
            0.07659046351909637,
            0.050607338547706604,
            -0.03574331849813461
        ],
        [
            0.10714561492204666,
            0.045321933925151825,
            -0.0021505169570446014
        ],
        [
            0.08633694052696228,
            0.08717599511146545,
            0.008547436445951462
        ],
        [
            0.09463369846343994,
            0.08836803585290909,
            0.010041891597211361
        ],
        [
            0.09702549129724503,
            0.09251255542039871,
            0.0072660259902477264
        ],
        [
            0.09135673195123672,
            0.09425630420446396,
            0.005837461445480585
        ],
        [
            0.10280919820070267,
            0.10385175049304962,
            -0.035500697791576385
        ],
        [
            0.10724479705095291,
            0.10178709030151367,
            -0.038664937019348145
        ],
        [
            0.10930614918470383,
            0.10516791045665741,
            -0.038766320794820786
        ],
        [
            0.10531884431838989,
            0.10844666510820389,
            -0.035867273807525635
        ],
        [
            0.10113358497619629,
            0.08045776188373566,
            -0.04605753719806671
        ],
        [
            0.09949345886707306,
            0.07838129252195358,
            -0.051838766783475876
        ],
        [
            0.10120102763175964,
            0.0843067541718483,
            -0.05091157183051109
        ],
        [
            0.10133270174264908,
            0.08503813296556473,
            -0.04494054615497589
        ],
        [
            0.09481824189424515,
            0.08010517805814743,
            -0.05542291700839996
        ],
        [
            0.09702452272176743,
            0.08609399944543839,
            -0.05534477159380913
        ],
        [
            0.09726124256849289,
            0.10709714889526367,
            -0.03606834635138512
        ],
        [
            0.09294839948415756,
            0.10994736850261688,
            -0.041515983641147614
        ],
        [
            0.08498864620923996,
            0.09602431952953339,
            -0.039995159953832626
        ],
        [
            0.09168070554733276,
            0.09515448659658432,
            -0.03563043475151062
        ],
        [
            0.07628469169139862,
            0.03606247156858444,
            0.011300790123641491
        ],
        [
            0.08085404336452484,
            0.03656456619501114,
            0.021522970870137215
        ],
        [
            0.08191540837287903,
            0.05159139260649681,
            0.01876332238316536
        ],
        [
            0.08188056945800781,
            0.06685760617256165,
            0.016847139224410057
        ],
        [
            0.0826515480875969,
            0.08075261116027832,
            0.013691207394003868
        ],
        [
            0.07606683671474457,
            0.08080374449491501,
            0.0032605864107608795
        ],
        [
            0.08578546345233917,
            0.05038357898592949,
            0.026021072641015053
        ],
        [
            0.088459812104702,
            0.08932648599147797,
            -0.03480076044797897
        ],
        [
            0.0804038941860199,
            0.08704360574483871,
            -0.0387694276869297
        ],
        [
            0.08209136873483658,
            0.08794408291578293,
            -0.03400719538331032
        ],
        [
            0.11028891056776047,
            0.046592600643634796,
            0.004546746611595154
        ],
        [
            0.10414282232522964,
            0.10283778607845306,
            -0.05543992295861244
        ],
        [
            0.0748412013053894,
            -0.0016521364450454712,
            -0.0122520811855793
        ],
        [
            0.07100779563188553,
            0.0025389790534973145,
            0.00037205591797828674
        ],
        [
            0.07203451544046402,
            0.009862758219242096,
            -0.004471078515052795
        ],
        [
            0.07749350368976593,
            0.00535140186548233,
            -0.01900065504014492
        ],
        [
            0.10936159640550613,
            0.10031702369451523,
            -0.04517221450805664
        ],
        [
            0.10842041671276093,
            0.10038471221923828,
            -0.0514344796538353
        ],
        [
            0.10484728217124939,
            0.08433739840984344,
            0.004815834574401379
        ],
        [
            0.10391223430633545,
            0.08947079628705978,
            0.0019343975000083447
        ],
        [
            0.10303565114736557,
            0.09128151834011078,
            0.004880890250205994
        ],
        [
            0.10599468648433685,
            0.08754565566778183,
            0.008798419497907162
        ],
        [
            0.0839373767375946,
            0.03534574806690216,
            0.026571020483970642
        ],
        [
            0.09966208785772324,
            0.0830082818865776,
            0.028165703639388084
        ],
        [
            0.08924837410449982,
            0.08389833569526672,
            0.022982720285654068
        ],
        [
            0.0796913132071495,
            0.023547440767288208,
            0.023527901619672775
        ],
        [
            0.07507941871881485,
            0.023007772862911224,
            0.014862332493066788
        ],
        [
            0.07427900284528732,
            0.013764843344688416,
            0.018012430518865585
        ],
        [
            0.07658586651086807,
            0.08555753529071808,
            -0.011307377368211746
        ],
        [
            0.07390525192022324,
            0.037590064108371735,
            0.003030182793736458
        ],
        [
            0.07341042160987854,
            0.023612990975379944,
            0.007353261113166809
        ],
        [
            0.07238735258579254,
            0.012589126825332642,
            0.010767767205834389
        ],
        [
            0.07114959508180618,
            0.004962421953678131,
            0.013991130515933037
        ],
        [
            0.07348056137561798,
            0.0070098042488098145,
            0.02157273143529892
        ],
        [
            0.09320525079965591,
            0.11009784042835236,
            -0.04757799580693245
        ],
        [
            0.09702109545469284,
            0.11504265666007996,
            -0.041634686291217804
        ],
        [
            0.07104820013046265,
            -0.00044921785593032837,
            0.026220466941595078
        ],
        [
            0.06916973739862442,
            -0.0025378242135047913,
            0.017327841371297836
        ],
        [
            0.07237023115158081,
            0.02326887845993042,
            -0.0018525533378124237
        ],
        [
            0.07294273376464844,
            0.02246587723493576,
            -0.013735886663198471
        ],
        [
            0.07314759492874146,
            0.03679458051919937,
            -0.005712216719985008
        ],
        [
            0.07334738224744797,
            0.037155766040086746,
            -0.017500577494502068
        ],
        [
            0.06998651474714279,
            0.08246565610170364,
            -0.019764956086874008
        ],
        [
            0.11295744776725769,
            0.12608878314495087,
            -0.04036422818899155
        ],
        [
            0.10418455302715302,
            0.1184488832950592,
            -0.038148388266563416
        ],
        [
            0.10774187743663788,
            0.1140502393245697,
            -0.036666568368673325
        ],
        [
            0.11445535719394684,
            0.12299177050590515,
            -0.03759313002228737
        ],
        [
            0.10073433816432953,
            0.11211379617452621,
            -0.036611512303352356
        ],
        [
            0.10133598744869232,
            0.11974553018808365,
            -0.04297328367829323
        ],
        [
            0.07837849110364914,
            0.0353691540658474,
            -0.032112348824739456
        ],
        [
            0.0971354991197586,
            0.08791028708219528,
            -0.034079283475875854
        ],
        [
            0.08175420761108398,
            0.018648885190486908,
            -0.03066009283065796
        ],
        [
            0.08678257465362549,
            0.03928038850426674,
            -0.04647354409098625
        ],
        [
            0.0922364816069603,
            0.02733144536614418,
            -0.04558190703392029
        ],
        [
            0.0871758684515953,
            0.0014040693640708923,
            -0.02996031939983368
        ],
        [
            0.09650416672229767,
            0.011911846697330475,
            -0.04229683429002762
        ],
        [
            0.08094613254070282,
            -0.011938624083995819,
            -0.0163470096886158
        ],
        [
            0.08290285617113113,
            -0.00460544228553772,
            -0.021888889372348785
        ],
        [
            0.10705587267875671,
            0.025132372975349426,
            -0.04987355321645737
        ],
        [
            0.11926957219839096,
