{
    "pred_cam": [
        11.023153305053711,
        0.07443161308765411,
        -0.01491457223892212
    ],
    "pred_mano_params": {
        "global_orient": [
            [
                [
                    -0.10115032643079758,
                    0.9750024676322937,
                    -0.19783540070056915
                ],
                [
                    0.024334387853741646,
                    -0.19637107849121094,
                    -0.9802277088165283
                ],
                [
                    -0.9945735335350037,
                    -0.10396453738212585,
                    -0.003863090183585882
                ]
            ]
        ],
        "hand_pose": [
            [
                [
                    0.588132381439209,
                    -0.7574495673179626,
                    -0.2834968864917755
                ],
                [
                    0.7590200901031494,
                    0.6379746198654175,
                    -0.12991081178188324
                ],
                [
                    0.2792647182941437,
                    -0.13877509534358978,
                    0.9501329660415649
                ]
            ],
            [
                [
                    0.7539045214653015,
                    -0.6382643580436707,
                    0.1557130217552185
                ],
                [
                    0.6464311480522156,
                    0.6783488988876343,
                    -0.3492414057254791
                ],
                [
                    0.11728058755397797,
                    0.3639524281024933,
                    0.9240042567253113
                ]
            ],
            [
                [
                    0.9445584416389465,
                    -0.29709574580192566,
                    0.1397978812456131
                ],
                [
                    0.2808007299900055,
                    0.9515866041183472,
                    0.12503506243228912
                ],
                [
                    -0.17017719149589539,
                    -0.07884757220745087,
                    0.9822538495063782
                ]
            ],
            [
                [
                    0.33217230439186096,
                    -0.9331558346748352,
                    -0.13741153478622437
                ],
                [
                    0.9425933957099915,
                    0.3231060802936554,
                    0.0843813568353653
                ],
                [
                    -0.03434242308139801,
                    -0.1575523316860199,
                    0.9869133830070496
                ]
            ],
            [
                [
                    0.9299964904785156,
                    -0.3354029953479767,
                    -0.15037031471729279
                ],
                [
                    0.35933536291122437,
                    0.9157061576843262,
                    0.1798895299434662
                ],
                [
                    0.07735954225063324,
                    -0.22133003175258636,
                    0.9721256494522095
                ]
            ],
            [
                [
                    0.9269505739212036,
                    -0.3649385869503021,
                    0.08707644790410995
                ],
                [
                    0.3652820289134979,
                    0.9308125972747803,
                    0.01252883579581976
                ],
                [
                    -0.08562410622835159,
                    0.020193854346871376,
                    0.9961227774620056
                ]
            ],
            [
                [
                    0.32101914286613464,
                    -0.9154465198516846,
                    -0.2427022010087967
                ],
                [
                    0.8820633888244629,
                    0.19569170475006104,
                    0.4285660684108734
                ],
                [
                    -0.34483450651168823,
                    -0.35165664553642273,
                    0.870302677154541
                ]
            ],
            [
                [
                    0.9196754693984985,
                    -0.3798847496509552,
                    0.09942097961902618
                ],
                [
                    0.38212114572525024,
                    0.9241045713424683,
                    -0.003763748798519373
                ],
                [
                    -0.09044559299945831,
                    0.04145228490233421,
                    0.9950383305549622
                ]
            ],
            [
                [
                    0.9914147257804871,
                    0.04231589287519455,
                    0.12371808290481567
                ],
                [
                    -0.11567561328411102,
                    0.724964439868927,
                    0.6790034174919128
                ],
                [
                    -0.06095860153436661,
                    -0.6874851584434509,
                    0.7236353158950806
                ]
            ],
            [
                [
                    0.3110027611255646,
                    -0.9430418014526367,
                    0.1181073933839798
                ],
                [
                    0.9383085370063782,
                    0.32443001866340637,
                    0.11967554688453674
                ],
                [
                    -0.15117664635181427,
                    0.07360175251960754,
                    0.9857627749443054
                ]
            ],
            [
                [
                    0.9424216747283936,
                    -0.33247843384742737,
                    -0.036047905683517456
                ],
                [
                    0.316867470741272,
                    0.8532677888870239,
                    0.41416066884994507
                ],
                [
                    -0.10694098472595215,
                    -0.40173640847206116,
                    0.909489631652832
                ]
            ],
            [
                [
                    0.9075666666030884,
                    -0.41508644819259644,
                    0.06345066428184509
                ],
                [
                    0.39323005080223083,
                    0.8931486010551453,
                    0.21830178797245026
                ],
                [
                    -0.14728498458862305,
                    -0.1731727123260498,
                    0.9738163352012634
                ]
            ],
            [
                [
                    0.979093074798584,
                    0.03980257734656334,
                    -0.1994805783033371
                ],
                [
                    -0.20185980200767517,
                    0.3110674321651459,
                    -0.9287031888961792
                ],
                [
                    0.025087127462029457,
                    0.9495540261268616,
                    0.31259849667549133
                ]
            ],
            [
                [
                    0.9400268793106079,
                    -0.31487664580345154,
                    -0.13115687668323517
                ],
                [
                    0.337279349565506,
                    0.8006452918052673,
                    0.49518662691116333
                ],
                [
                    -0.05091259628534317,
                    -0.5097252726554871,
                    0.8588294982910156
                ]
            ],
            [
                [
                    0.8072616457939148,
                    -0.20460736751556396,
                    -0.5535922646522522
                ],
                [
                    -0.10661045461893082,
                    0.8720012307167053,
                    -0.47775301337242126
                ],
                [
                    0.5804849863052368,
                    0.44469043612480164,
                    0.6821198463439941
                ]
            ]
        ],
        "betas": [
            -0.07628923654556274,
            -0.0012189149856567383,
            -0.05947062373161316,
            -0.0348876416683197,
            0.09141060709953308,
            0.03474682196974754,
            0.01638433337211609,
            -0.03018254041671753,
            0.05944763123989105,
            -0.057835787534713745
        ]
    },
    "pred_cam_t": [
        -0.07443161308765411,
        -0.01491457223892212,
        3.543677568435669
    ],
    "focal_length": [
        5000.0,
        5000.0
    ],
    "pred_keypoints_3d": [
        [
            0.0961107462644577,
            0.006414833012968302,
            0.00621893210336566
        ],
        [
            0.07828160375356674,
            -0.016527501866221428,
            0.03180735558271408
        ],
        [
            0.061789944767951965,
            -0.021230317652225494,
            0.057507194578647614
        ],
        [
            0.052095480263233185,
            -0.019491540268063545,
            0.08285804092884064
        ],
        [
            0.05210794508457184,
            -0.0006881430745124817,
            0.11244791001081467
        ],
        [
            0.09587988257408142,
            -0.0151185542345047,
            0.0947219654917717
        ],
        [
            0.07761284708976746,
            -0.003725576214492321,
            0.11995259672403336
        ],
        [
            0.05749327689409256,
            0.005864018574357033,
            0.11913717538118362
        ],
        [
            0.034419648349285126,
            0.012977240607142448,
            0.11299178749322891
        ],
        [
            0.10498316586017609,
            0.007660657167434692,
            0.100951187312603
        ],
        [
            0.07842600345611572,
            0.017838504165410995,
            0.11528242379426956
        ],
        [
            0.05632674694061279,
            0.025366997346282005,
            0.11423468589782715
        ],
        [
            0.031239941716194153,
            0.02962409518659115,
            0.10957993566989899
        ],
        [
            0.1059018075466156,
            0.03139880299568176,
            0.08838324248790741
        ],
        [
            0.08121829479932785,
            0.036944326013326645,
            0.10251060128211975
        ],
        [
            0.05718332529067993,
            0.04319903254508972,
            0.10075614601373672
        ],
        [
            0.032662902027368546,
            0.04460609331727028,
            0.09410715848207474
        ],
        [
            0.10193682461977005,
            0.04918322712182999,
            0.07615656405687332
        ],
        [
            0.08321184664964676,
            0.05808617174625397,
            0.08072787523269653
        ],
        [
            0.06460198760032654,
            0.06193876266479492,
            0.07931798696517944
        ],
        [
            0.041283540427684784,
            0.060432203114032745,
            0.07552288472652435
        ]
    ],
    "pred_vertices": [
        [
            0.08202439546585083,
            -0.007992243394255638,
            0.05774552747607231
        ],
        [
            0.08077850937843323,
            -0.006791966967284679,
            0.04749258980154991
        ],
        [
            0.07674655318260193,
            -0.010085361078381538,
            0.05533122271299362
        ],
        [
            0.07848476618528366,
            -0.013594884425401688,
            0.0640154629945755
        ],
        [
            0.06505869328975677,
            -0.00313616544008255,
            0.038956642150878906
        ],
        [
            0.05916569381952286,
            -0.010750293731689453,
            0.03153027594089508
        ],
        [
            0.0536503866314888,
            -0.01294093206524849,
            0.04700159281492233
        ],
        [
            0.05907973647117615,
            -0.00524970144033432,
            0.050783250480890274
        ],
        [
            0.07709572464227676,
            -0.018054509535431862,
            0.06949500739574432
        ],
        [
            0.0728500485420227,
            -0.012228213250637054,
            0.06187323480844498
        ],
        [
            0.078277587890625,
            -0.02112739160656929,
            0.07024604082107544
        ],
        [
            0.08811569958925247,
            -0.027935581281781197,
            0.07641015946865082
        ],
        [
            0.08336775004863739,
            -0.022618036717176437,
            0.07608350366353989
        ],
        [
            0.09362706542015076,
            -0.028454793617129326,
            0.08301950991153717
        ],
        [
            0.09521638602018356,
            -0.03141742944717407,
            0.0690983384847641
        ],
        [
            0.10318785905838013,
            -0.02764994092285633,
            0.0826636552810669
        ],
        [
            0.1147671714425087,
            -0.010405406355857849,
            0.059870172291994095
        ],
        [
            0.1179698035120964,
            0.0027732120361179113,
            0.056280821561813354
        ],
        [
            0.12041206657886505,
            0.004705275408923626,
            0.07438329607248306
        ],
        [
            0.11598503589630127,
            -0.008583097718656063,
            0.07623843848705292
        ],
        [
            0.11920166015625,
            0.02328817918896675,
            0.06400291621685028
        ],
        [
            0.11988233029842377,
            0.013160735368728638,
            0.07050953805446625
        ],
        [
            0.11889088153839111,
            0.01104833371937275,
            0.05248434096574783
        ],
        [
            0.11801734566688538,
            0.02011115476489067,
            0.04757457971572876
        ],
        [
            0.08600558340549469,
            0.005368834361433983,
            0.04888623207807541
        ],
        [
            0.08421188592910767,
            0.005932296626269817,
            0.03822702914476395
        ],
        [
            0.08415637910366058,
            4.0308572351932526e-05,
            0.040919166058301926
        ],
        [
            0.08503171056509018,
            -4.468322731554508e-05,
            0.051081493496894836
        ],
        [
            0.07004519551992416,
            -0.026395564898848534,
            0.06881742179393768
        ],
        [
            0.07922779023647308,
            -0.03248056024312973,
            0.060625553131103516
        ],
        [
            0.0808778777718544,
            -0.028003903105854988,
            0.06684796512126923
        ],
        [
            0.06982158869504929,
            -0.02119053527712822,
            0.07049344480037689
        ],
        [
            0.0753120481967926,
            0.017526203766465187,
            0.012452349066734314
        ],
        [
            0.07957010716199875,
            0.01430010236799717,
            -4.7244131565093994e-05
        ],
        [
            0.07903695106506348,
            0.008429549634456635,
            0.0005695372819900513
        ],
        [
            0.07582465559244156,
            0.01246525440365076,
            0.011909805238246918
        ],
        [
            0.06997479498386383,
            -0.008487937971949577,
            0.010420113801956177
        ],
        [
            0.07639290392398834,
            -0.009192955680191517,
            0.001403912901878357
        ],
        [
            0.0822010189294815,
            -0.020121291279792786,
            -0.003867819905281067
        ],
        [
            0.07730717211961746,
            -0.02211693488061428,
            0.005748279392719269
        ],
        [
            0.06422539055347443,
            -0.009355632588267326,
            0.021422289311885834
        ],
        [
            0.0675102174282074,
            -0.021843938156962395,
            0.016238518059253693
        ],
        [
            0.06010545790195465,
            -0.021450871601700783,
            0.028018228709697723
        ],
        [
            0.05345388501882553,
            -0.022063471376895905,
            0.04507274925708771
        ],
        [
            0.08383698016405106,
            0.026355627924203873,
            -0.0016874819993972778
        ],
        [
            0.08075149357318878,
            0.030606096610426903,
            0.007174201309680939
        ],
        [
            0.06773664057254791,
            -0.007381914183497429,
            0.11046670377254486
        ],
        [
            0.06862781196832657,
            -0.0015800455585122108,
            0.10866717994213104
        ],
        [
            0.07123813033103943,
            -0.00400878582149744,
            0.10625382512807846
        ],
        [
            0.07011903077363968,
            -0.009166519157588482,
            0.10865651071071625
        ],
        [
            0.1010768711566925,
            0.035807665437459946,
            0.0036040544509887695
        ],
        [
            0.11072169989347458,
            0.03279097378253937,
            0.004032216966152191
        ],
        [
            0.10897695273160934,
            0.03331536427140236,
            -0.0030772164463996887
        ],
        [
            0.0995991975069046,
            0.0342387929558754,
            -0.0037046223878860474
        ],
        [
            0.10302939265966415,
            0.037822674959897995,
            0.01325920969247818
        ],
        [
            0.1125245988368988,
            0.03171180561184883,
            0.01399240642786026
        ],
        [
            0.07199276238679886,
            -0.008841047994792461,
            0.12261791527271271
        ],
        [
            0.06906325370073318,
            -0.010875074192881584,
            0.11871054023504257
        ],
        [
            0.07366891205310822,
            -0.01288121659308672,
            0.11766398698091507
        ],
        [
            0.07764843851327896,
            -0.010596177540719509,
            0.12068833410739899
        ],
        [
            0.0813213437795639,
            -0.01618582382798195,
            0.07257706671953201
        ],
        [
            0.0825757309794426,
            -0.008382292464375496,
            0.06743307411670685
        ],
        [
            0.08534418791532516,
            -0.014766005799174309,
            0.08758917450904846
        ],
        [
            0.08532378822565079,
            -0.011274624615907669,
            0.0804976299405098
        ],
        [
            0.08496025204658508,
            -0.01847853884100914,
            0.0804290696978569
        ],
        [
            0.08601547032594681,
            -0.020651575177907944,
            0.0867241770029068
        ],
        [
            0.09028588980436325,
            0.009981564246118069,
            0.07072803378105164
        ],
        [
            0.08887212723493576,
            0.009057339280843735,
            0.05921143293380737
        ],
        [
            0.0878976508975029,
            0.003116485895588994,
            0.06229495629668236
        ],
        [
            0.08830207586288452,
            0.002749658189713955,
            0.07514496147632599
        ],
        [
            0.08843033015727997,
            0.02263900451362133,
            0.05498777702450752
        ],
        [
            0.09045050293207169,
            0.022327322512865067,
            0.0665515810251236
        ],
        [
            0.08999881893396378,
            0.029960084706544876,
            0.06260611861944199
        ],
        [
            0.08758364617824554,
            0.029060671105980873,
            0.05530334264039993
        ],
        [
            0.09418436884880066,
            0.018401773646473885,
            0.08609860390424728
        ],
        [
            0.0954834595322609,
            0.017951956018805504,
            0.09079435467720032
        ],
        [
            0.09379558265209198,
            0.021416066214442253,
            0.0897424966096878
        ],
        [
            0.09400437772274017,
            0.021607523784041405,
            0.08428889513015747
        ],
        [
            0.1082402914762497,
            0.03318273648619652,
            -0.01019410789012909
        ],
        [
            0.09847713261842728,
            0.03184259682893753,
            -0.01057974249124527
        ],
        [
            0.11438392847776413,
            0.0428294911980629,
            0.05430483818054199
        ],
        [
            0.1069084033370018,
            0.048321593552827835,
            0.047854114323854446
        ],
        [
            0.1068136915564537,
            0.05234474316239357,
            0.06004701554775238
        ],
        [
            0.11619318276643753,
            0.045682668685913086,
            0.06474129855632782
        ],
        [
            0.11716286092996597,
            0.024953342974185944,
            0.00640522688627243
        ],
        [
            0.11683739721775055,
            0.02731066383421421,
            -0.0011155903339385986
        ],
        [
            0.07528941333293915,
            -0.0036103632301092148,
            0.1243911162018776
        ],
        [
            0.08067771047353745,
            -0.005335065536201,
            0.12182442843914032
        ],
        [
            0.07019689679145813,
            -0.031251728534698486,
            0.025709323585033417
        ],
        [
            0.058862194418907166,
            -0.030556758865714073,
            0.04484465345740318
        ],
        [
            0.08060488849878311,
            -0.029450412839651108,
            0.012407153844833374
        ],
        [
            0.0887100100517273,
            -0.026781491935253143,
            0.003986857831478119
        ],
        [
            0.09322965145111084,
            -0.025521276518702507,
            -0.004168227314949036
        ],
        [
            0.08680810779333115,
            -0.005447965115308762,
            0.08313868939876556
        ],
        [
            0.08513671904802322,
            -0.0021404281724244356,
            0.06082422658801079
        ],
        [
            0.08634373545646667,
            0.010337883606553078,
            0.04714786633849144
        ],
        [
            0.08431512117385864,
            0.040927376598119736,
            0.04277637600898743
        ],
        [
            0.08236624300479889,
            0.039694756269454956,
            0.03265908360481262
        ],
        [
            0.0808066725730896,
            0.030680615454912186,
            0.038263022899627686
        ],
        [
            0.08347056806087494,
            0.03351413086056709,
            0.04594503343105316
        ],
        [
            0.097040094435215,
            0.05100541561841965,
            0.04745221138000488
        ],
        [
            0.09021550416946411,
            0.04760009050369263,
            0.05012066289782524
        ],
        [
            0.09164249151945114,
            0.04844597727060318,
            0.05757339298725128
        ],
        [
            0.09811223298311234,
            0.05281103402376175,
            0.05701131746172905
        ],
        [
            0.06549185514450073,
            -0.03196480870246887,
            0.06656883656978607
        ],
        [
            0.07590829581022263,
            -0.035950664430856705,
            0.05487235262989998
        ],
        [
            0.0904296413064003,
            0.03512280434370041,
            0.003895081579685211
        ],
        [
            0.08986811339855194,
            0.03127281740307808,
            -0.0029403194785118103
        ],
        [
            0.09137603640556335,
            0.028609968721866608,
            -0.01095724105834961
        ],
        [
            0.07900816202163696,
            0.010444000363349915,
            0.02537686377763748
        ],
        [
            0.07606306672096252,
            0.008950265124440193,
            0.011537760496139526
        ],
        [
            0.0752483680844307,
            0.004961763974279165,
            0.012994691729545593
        ],
        [
            0.0802915096282959,
            0.006879662629216909,
            0.026301607489585876
        ],
        [
            0.07753153890371323,
            -0.002273375168442726,
            0.038034744560718536
        ],
        [
            0.07056775689125061,
            -0.001325739547610283,
            0.026617303490638733
        ],
        [
            0.07278268039226532,
            -0.0031908098608255386,
            0.04802421107888222
        ],
        [
            0.07820303738117218,
            0.00041043804958462715,
            -0.0002694055438041687
        ],
        [
            0.0798366442322731,
            0.006225278601050377,
            -0.00953395664691925
        ],
        [
            0.07970988005399704,
            -0.0026619574055075645,
            -0.009173355996608734
        ],
        [
            0.08242680877447128,
            0.015669699758291245,
            -0.010503128170967102
        ],
        [
            0.08618628978729248,
            0.023775722831487656,
            -0.011016957461833954
        ],
        [
            0.11920791864395142,
            0.028450079262256622,
            -0.009302370250225067
        ],
        [
            0.08092902600765228,
            -0.010780752636492252,
            -0.007929794490337372
        ],
        [
            0.05579237639904022,
            -0.008474702015519142,
            0.05880428105592728
        ],
        [
            0.0525442510843277,
            -0.011162874288856983,
            0.06601986289024353
        ],
        [
            0.05979510396718979,
            -0.009780638851225376,
            0.06848547607660294
        ],
        [
            0.06331168115139008,
            -0.007578619755804539,
            0.06242692843079567
        ],
        [
            0.09592577815055847,
            -0.02675429917871952,
            0.09179791063070297
        ],
        [
            0.08901580423116684,
            -0.02500125765800476,
            0.08923781663179398
        ],
        [
            0.08740409463644028,
            -0.025389986112713814,
            0.08101215958595276
        ],
        [
            0.07650512456893921,
            0.02384025976061821,
            0.022226765751838684
        ],
        [
            0.08084827661514282,
            0.03466450423002243,
            0.017293617129325867
        ],
        [
            0.08664290606975555,
            -0.009038858115673065,
            0.08985325694084167
        ],
        [
            0.08238149434328079,
            -0.01226287242025137,
            0.11923426389694214
        ],
        [
            0.07817305624485016,
            -0.015355801209807396,
            0.11594995111227036
        ],
        [
            0.08942270278930664,
            -0.022404463961720467,
            0.10367279499769211
        ],
        [
            0.09432553499937057,
            -0.01904791034758091,
            0.10760456323623657
        ],
        [
            0.09063153713941574,
            -0.003777561243623495,
            0.09618192911148071
        ],
        [
            0.08631497621536255,
            -0.008028894662857056,
            0.09212101250886917
        ],
        [
            0.08631907403469086,
            -0.006702535320073366,
            0.09337061643600464
        ],
        [
            0.08856429159641266,
            -0.0012614219449460506,
            0.09671950340270996
        ],
        [
            0.0937768891453743,
            0.028993375599384308,
            0.0840463861823082
        ],
        [
            0.09359173476696014,
            0.028725897893309593,
            0.0793168917298317
        ],
        [
            0.11261648684740067,
            -0.005042388569563627,
            0.09177854657173157
        ],
        [
            0.11304853856563568,
            -0.01885264180600643,
            0.09201041609048843
        ],
        [
            0.11181610822677612,
            -0.02104157768189907,
            0.07852289080619812
        ],
        [
            0.09068833291530609,
            0.016795968636870384,
            0.06759420037269592
        ],
        [
            0.09207455813884735,
            0.018327532336115837,
            0.07763922959566116
        ],
        [
            0.09236930310726166,
            0.022158360108733177,
            0.07611498236656189
        ],
        [
            0.08825062960386276,
            -0.002153589390218258,
            0.08614205569028854
        ],
        [
            0.08909749984741211,
            -0.003627721918746829,
            0.09195074439048767
        ],
        [
            0.09078292548656464,
            0.0006624596426263452,
            0.09036741405725479
        ],
        [
            0.0894198790192604,
            0.0026635699905455112,
            0.08392439782619476
        ],
        [
            0.10664679855108261,
            0.045134615153074265,
            0.03499983996152878
        ],
        [
            0.09533453732728958,
            0.04868490248918533,
            0.03499671816825867
        ],
        [
            0.06771540641784668,
            -0.010502434335649014,
            0.11418242752552032
        ],
        [
            0.07106298953294754,
            -0.012471227906644344,
            0.11289727687835693
        ],
        [
            0.08919701725244522,
            0.015741070732474327,
            0.05636801943182945
        ],
        [
            0.10878801345825195,
            -0.020988667383790016,
            0.06308335810899734
        ],
        [
            0.08631899952888489,
            0.01561416033655405,
            0.04535955563187599
        ],
        [
            0.11121097952127457,
            0.035642772912979126,
            0.08108454942703247
        ],
        [
            0.1023564487695694,
            0.039781153202056885,
            0.08098315447568893
        ],
        [
            0.10051526129245758,
            0.0394405871629715,
            0.08456046879291534
        ],
        [
            0.10559125244617462,
            0.03720502182841301,
            0.08727134764194489
        ],
        [
            0.08059678971767426,
            0.0039022560231387615,
            0.10705442726612091
        ],
        [
            0.07605898380279541,
            0.0006278953514993191,
            0.10484127700328827
        ],
        [
            0.07388671487569809,
            0.0017151590436697006,
            0.1062786653637886
        ],
        [
            0.07763290405273438,
            0.005224855616688728,
            0.10942129045724869
        ],
        [
            0.08456098288297653,
            -0.01358285453170538,
            0.09086679667234421
        ],
        [
            0.08479514718055725,
            -0.01975693553686142,
            0.09145520627498627
        ],
        [
            0.08255060017108917,
            -0.01731201820075512,
            0.09484290331602097
        ],
        [
            0.08365893363952637,
            -0.011318376287817955,
            0.09375815838575363
        ],
        [
            0.08805815875530243,
            -0.023709958419203758,
            0.0945732593536377
        ],
        [
            0.0853397324681282,
            -0.021659797057509422,
            0.09876074641942978
        ],
        [
            0.08494223654270172,
            0.0038979905657470226,
            0.11185943335294724
        ],
        [
            0.08689142763614655,
            -0.000779327005147934,
            0.11751092225313187
        ],
        [
            0.09827054291963577,
            -0.005133732687681913,
            0.10662740468978882
        ],
        [
            0.09307413548231125,
            -0.0001897118054330349,
            0.10287199169397354
        ],
        [
            0.11865420639514923,
            0.017236270010471344,
            0.03230437636375427
        ],
        [
            0.11654369533061981,
            0.027722686529159546,
            0.02891422063112259
        ],
        [
            0.11610608547925949,
            0.03097003884613514,
            0.04405364394187927
        ],
        [
            0.11689762771129608,
            0.03485884517431259,
            0.05926651507616043
        ],
        [
            0.1162184551358223,
            0.037287548184394836,
            0.07366514205932617
        ],
        [
            0.12074562162160873,
            0.026307404041290283,
            0.07793829590082169
        ],
        [
            0.11382872611284256,
            0.03797959163784981,
            0.040118347853422165
        ],
        [
            0.09993987530469894,
            -0.002137388102710247,
            0.09649189561605453
        ],
        [
            0.10560819506645203,
            -0.007827335968613625,
            0.09867344796657562
        ],
        [
            0.10598822683095932,
            -0.0033054503146559,
            0.09643282741308212
        ],
        [
            0.08481346070766449,
            0.022856593132019043,
            0.04398779571056366
        ],
        [
            0.0748581513762474,
            -0.015227889642119408,
            0.11173883080482483
        ],
        [
            0.11190188676118851,
            -0.017967110499739647,
            0.005615532398223877
        ],
        [
            0.11874076724052429,
            -0.006019935943186283,
            0.005075171589851379
        ],
        [
            0.11722235381603241,
            -0.007508629932999611,
            0.013668946921825409
        ],
        [
            0.10824615508317947,
            -0.02084890939295292,
            0.014344975352287292
        ],
        [
            0.07281258702278137,
            -0.005719766952097416,
            0.10490406304597855
        ],
        [
            0.07237261533737183,
            -0.011796955019235611,
            0.10702238976955414
        ],
        [
            0.09265594929456711,
            0.0350048765540123,
            0.07820409536361694
        ],
        [
            0.09342007339000702,
            0.034791551530361176,
            0.08299616724252701
        ],
        [
            0.09458941221237183,
            0.03839496523141861,
            0.08306092023849487
        ],
        [
            0.09213928878307343,
            0.04042302817106247,
            0.07909828424453735
        ],
        [
            0.11458611488342285,
            0.03258899226784706,
            0.025854110717773438
        ],
        [
            0.10205864906311035,
            0.054811831563711166,
            0.0662691742181778
        ],
        [
            0.11110130697488785,
            0.048811618238687515,
            0.07180111110210419
        ],
        [
            0.11706904321908951,
            0.024523664265871048,
            0.016016468405723572
        ],
        [
            0.11957715451717377,
            0.015420546755194664,
            0.018779553472995758
        ],
        [
            0.12031299620866776,
            0.014718100428581238,
            0.008982360363006592
        ],
        [
            0.11649981141090393,
            0.015162864699959755,
            0.08739420771598816
        ],
        [
            0.1192270964384079,
            0.009743833914399147,
            0.036825940012931824
        ],
        [
            0.11958029121160507,
            0.008458347991108894,
            0.022150158882141113
        ],
        [
            0.12046761810779572,
            0.007309147156774998,
            0.010603904724121094
        ],
        [
            0.12179113179445267,
            0.007172762416303158,
            0.002297602593898773
        ],
        [
            0.12136879563331604,
            0.01529868133366108,
            0.0013668835163116455
        ],
        [
            0.08528158068656921,
            -0.006585185416042805,
            0.11937157809734344
        ],
        [
            0.08218260854482651,
            0.0015452969819307327,
            0.12034644186496735
        ],
        [
            0.12420465797185898,
            0.016221705824136734,
            -0.007306404411792755
        ],
        [
            0.12389048933982849,
            0.007006294094026089,
            -0.0059360116720199585
        ],
        [
            0.1185339018702507,
            -0.00024049263447523117,
            0.02525503933429718
        ],
        [
            0.1152041032910347,
            -0.011176446452736855,
            0.02869771420955658
        ],
        [
            0.11794759333133698,
            0.0013419813476502895,
            0.039319589734077454
        ],
        [
            0.11512179672718048,
            -0.009229211136698723,
            0.043929774314165115
        ],
        [
            0.1216057538986206,
            0.004978137090802193,
            0.0886564701795578
        ],
        [
            0.0652393251657486,
            0.01038091816008091,
            0.12277928739786148
        ],
        [
            0.07569759339094162,
            0.007545787841081619,
            0.11887791007757187
        ],
        [
            0.07391076534986496,
            0.007417464628815651,
            0.11321055889129639
        ],
        [
            0.06505203992128372,
            0.011694362387061119,
            0.11868584901094437
        ],
        [
            0.08076620101928711,
            0.0055143628269433975,
            0.11447032541036606
        ],
        [
            0.07671351730823517,
            0.003382689319550991,
            0.12289334833621979
        ],
        [
            0.10652554780244827,
            -0.02251143753528595,
            0.0471051000058651
        ],
        [
            0.09238860011100769,
            -0.00013941916404291987,
            0.09475959837436676
        ],
        [
            0.10215552151203156,
            -0.025952903553843498,
            0.030360452830791473
        ],
        [
            0.09479208290576935,
            -0.03358814865350723,
            0.055430278182029724
        ],
        [
            0.08865199983119965,
            -0.034971047192811966,
            0.04311191663146019
        ],
        [
            0.09586452692747116,
            -0.029470963403582573,
            0.0137491375207901
        ],
        [
            0.0841977670788765,
            -0.03511122241616249,
            0.02684299647808075
        ],
        [
            0.10433527827262878,
            -0.02389548160135746,
            -0.0026038214564323425
        ],
        [
            0.10164079070091248,
            -0.025584563612937927,
            0.005904994904994965
        ],
        [
            0.07232891768217087,
            -0.03651904687285423,
            0.041027337312698364
        ],
        [
            0.06021447107195854,
