{
    "pred_cam": [
        11.751065254211426,
        0.07085183262825012,
        -0.0165008045732975
    ],
    "pred_mano_params": {
        "global_orient": [
            [
                [
                    -0.10664758831262589,
                    0.9725773930549622,
                    -0.2066870480775833
                ],
                [
                    0.023868704214692116,
                    -0.2053084373474121,
                    -0.9784062504768372
                ],
                [
                    -0.9940103888511658,
                    -0.10927799344062805,
                    -0.001318511669524014
                ]
            ]
        ],
        "hand_pose": [
            [
                [
                    0.6233044266700745,
                    -0.7332573533058167,
                    -0.27170804142951965
                ],
                [
                    0.74698805809021,
                    0.6610914468765259,
                    -0.07047701627016068
                ],
                [
                    0.23130163550376892,
                    -0.15903401374816895,
                    0.9597957134246826
                ]
            ],
            [
                [
                    0.7441078424453735,
                    -0.6510245203971863,
                    0.14990176260471344
                ],
                [
                    0.657036542892456,
                    0.6725762486457825,
                    -0.3405056595802307
                ],
                [
                    0.12085719406604767,
                    0.35186389088630676,
                    0.9282161593437195
                ]
            ],
            [
                [
                    0.9506738781929016,
                    -0.2689322531223297,
                    0.1545788198709488
                ],
                [
                    0.2549503743648529,
                    0.961294412612915,
                    0.10446707904338837
                ],
                [
                    -0.17669032514095306,
                    -0.05990419164299965,
                    0.9824418425559998
                ]
            ],
            [
                [
                    0.26015785336494446,
                    -0.9515829086303711,
                    -0.16373112797737122
                ],
                [
                    0.9563910961151123,
                    0.23063331842422485,
                    0.17923259735107422
                ],
                [
                    -0.13279281556606293,
                    -0.20321977138519287,
                    0.9700865149497986
                ]
            ],
            [
                [
                    0.9618380665779114,
                    -0.23345471918582916,
                    -0.1427111178636551
                ],
                [
                    0.25771892070770264,
                    0.9481685757637024,
                    0.1858958750963211
                ],
                [
                    0.09191592782735825,
                    -0.21558107435703278,
                    0.9721503257751465
                ]
            ],
            [
                [
                    0.9387174844741821,
                    -0.3389577269554138,
                    0.06258698552846909
                ],
                [
                    0.3392680883407593,
                    0.9406710267066956,
                    0.005925869103521109
                ],
                [
                    -0.060882389545440674,
                    0.015671048313379288,
                    0.9980219006538391
                ]
            ],
            [
                [
                    0.3259449899196625,
                    -0.9314271211624146,
                    -0.1618742197751999
                ],
                [
                    0.879752516746521,
                    0.2361491322517395,
                    0.4126366376876831
                ],
                [
                    -0.34611454606056213,
                    -0.2769061326980591,
                    0.8963969945907593
                ]
            ],
            [
                [
                    0.9079107642173767,
                    -0.40842822194099426,
                    0.09425721317529678
                ],
                [
                    0.3932461142539978,
                    0.9078036546707153,
                    0.14577388763427734
                ],
                [
                    -0.14510521292686462,
                    -0.0952833965420723,
                    0.9848175048828125
                ]
            ],
            [
                [
                    0.9923053979873657,
                    -0.030932271853089333,
                    0.11988786607980728
                ],
                [
                    -0.056665610522031784,
                    0.7474707961082458,
                    0.661873459815979
                ],
                [
                    -0.11008594930171967,
                    -0.6635741591453552,
                    0.7399665117263794
                ]
            ],
            [
                [
                    0.14049109816551208,
                    -0.9817540049552917,
                    0.12814563512802124
                ],
                [
                    0.9670494794845581,
                    0.16382351517677307,
                    0.19487744569778442
                ],
                [
                    -0.21231500804424286,
                    0.09654463827610016,
                    0.9724204540252686
                ]
            ],
            [
                [
                    0.9748833179473877,
                    -0.22270946204662323,
                    0.0017138291150331497
                ],
                [
                    0.2007424533367157,
                    0.8820063471794128,
                    0.4263416826725006
                ],
                [
                    -0.0964619368314743,
                    -0.41528940200805664,
                    0.9045605063438416
                ]
            ],
            [
                [
                    0.9560309648513794,
                    -0.2884376347064972,
                    0.0529957078397274
                ],
                [
                    0.2751671373844147,
                    0.9447622895240784,
                    0.17806537449359894
                ],
                [
                    -0.10142909735441208,
                    -0.15565332770347595,
                    0.9825905561447144
                ]
            ],
            [
                [
                    0.9652348756790161,
                    0.08129435777664185,
                    -0.24842077493667603
                ],
                [
                    -0.2611292898654938,
                    0.3418678343296051,
                    -0.9027389883995056
                ],
                [
                    0.011539490893483162,
                    0.9362251162528992,
                    0.3512111008167267
                ]
            ],
            [
                [
                    0.9297550916671753,
                    -0.3515588343143463,
                    -0.10937049984931946
                ],
                [
                    0.3544541299343109,
                    0.7743408679962158,
                    0.524174153804779
                ],
                [
                    -0.09958796948194504,
                    -0.5261203646659851,
                    0.844558835029602
                ]
            ],
            [
                [
                    0.8129209876060486,
                    -0.216086745262146,
                    -0.5408012270927429
                ],
                [
                    -0.09776022285223007,
                    0.8648048639297485,
                    -0.4924992322921753
                ],
                [
                    0.5741100311279297,
                    0.4532318413257599,
                    0.6818933486938477
                ]
            ]
        ],
        "betas": [
            -0.11741739511489868,
            -0.0001557469367980957,
            -0.07798215746879578,
            -0.011321157217025757,
            0.038185566663742065,
            0.027382738888263702,
            0.030890583992004395,
            0.002760186791419983,
            0.0378880500793457,
            -0.1051725447177887
        ]
    },
    "pred_cam_t": [
        -0.07085183262825012,
        -0.0165008045732975,
        3.324166774749756
    ],
    "focal_length": [
        5000.0,
        5000.0
    ],
    "pred_keypoints_3d": [
        [
            0.09631290286779404,
            0.0064260344952344894,
            0.0062224892899394035
        ],
        [
            0.07835648953914642,
            -0.016356080770492554,
            0.032023441046476364
        ],
        [
            0.06351938098669052,
            -0.02244826778769493,
            0.05854295566678047
        ],
        [
            0.05416633188724518,
            -0.02218243107199669,
            0.08414716273546219
        ],
        [
            0.053011588752269745,
            -0.004095002077519894,
            0.11427012830972672
        ],
        [
            0.09642024338245392,
            -0.015012428164482117,
            0.09497078508138657
        ],
        [
            0.07877813279628754,
            -0.005066585727035999,
            0.12129852175712585
        ],
        [
            0.05824631080031395,
            0.0037176143378019333,
            0.12125760316848755
        ],
        [
            0.034471362829208374,
            0.00982125848531723,
            0.1166120171546936
        ],
        [
            0.10577589273452759,
            0.007737581618130207,
            0.10112188756465912
        ],
        [
            0.0773485004901886,
            0.015435067936778069,
            0.11336113512516022
        ],
        [
            0.05471612140536308,
            0.02135949581861496,
            0.11301174759864807
        ],
        [
            0.029174454510211945,
            0.024656187742948532,
            0.10963486135005951
        ],
        [
            0.10682361572980881,
            0.03150155395269394,
            0.08846206218004227
        ],
        [
            0.07979985326528549,
            0.03590800613164902,
            0.09819947183132172
        ],
        [
            0.05554408207535744,
            0.040971316397190094,
            0.09522031247615814
        ],
        [
            0.03041980415582657,
            0.043084003031253815,
            0.090266652405262
        ],
        [
            0.10296374559402466,
            0.04933434724807739,
            0.07617757469415665
        ],
        [
            0.08472078293561935,
            0.05863461643457413,
            0.08190412819385529
        ],
        [
            0.06605792045593262,
            0.06200291961431503,
            0.07976724207401276
        ],
        [
            0.04377424716949463,
            0.05892297998070717,
            0.07466870546340942
        ]
    ],
    "pred_vertices": [
        [
            0.0825539380311966,
            -0.007833273150026798,
            0.05784231796860695
        ],
        [
            0.0812293067574501,
            -0.0066451746970415115,
            0.04754737392067909
        ],
        [
            0.07756764441728592,
            -0.010340489447116852,
            0.05566933751106262
        ],
        [
            0.07919828593730927,
            -0.013619939796626568,
            0.06420916318893433
        ],
        [
            0.06516018509864807,
            -0.0035373084247112274,
            0.04020063206553459
        ],
        [
            0.05899757146835327,
            -0.011135276407003403,
            0.032944709062576294
        ],
        [
            0.05429809167981148,
            -0.013973059132695198,
            0.04888017475605011
        ],
        [
            0.05979721248149872,
            -0.006222765892744064,
            0.05257553979754448
        ],
        [
            0.07804600894451141,
            -0.018351875245571136,
            0.06986868381500244
        ],
        [
            0.07395600527524948,
            -0.012827200815081596,
            0.06248832121491432
        ],
        [
            0.07944687455892563,
            -0.021697349846363068,
            0.07080250233411789
        ],
        [
            0.08899100124835968,
            -0.028150523081421852,
            0.07657907158136368
        ],
        [
            0.08406353741884232,
            -0.022677868604660034,
            0.07633399963378906
        ],
        [
            0.09434591978788376,
            -0.028531746938824654,
            0.08312148600816727
        ],
        [
            0.09607015550136566,
            -0.0316191129386425,
            0.06914561986923218
        ],
        [
            0.10391941666603088,
            -0.02775106579065323,
            0.08262459933757782
        ],
        [
            0.11529816687107086,
            -0.01052100770175457,
            0.059937719255685806
        ],
        [
            0.11857321113348007,
            0.0026669453363865614,
            0.05638172850012779
        ],
        [
            0.12125441431999207,
            0.004688426852226257,
            0.07466740161180496
        ],
        [
            0.11666302382946014,
            -0.008621558547019958,
            0.07640393078327179
        ],
        [
            0.1201121062040329,
            0.023314842954277992,
            0.06423649191856384
        ],
        [
            0.12073303759098053,
            0.013178378343582153,
            0.07080031931400299
        ],
        [
            0.1195429116487503,
            0.010968517512083054,
            0.05255940929055214
        ],
        [
            0.11872738599777222,
            0.020039943978190422,
            0.04760386794805527
        ],
        [
            0.08644752204418182,
            0.0055837687104940414,
            0.048999954015016556
        ],
        [
            0.08455069363117218,
            0.006213146727532148,
            0.0382462814450264
        ],
        [
            0.08445709943771362,
            0.00034142425283789635,
            0.040858808904886246
        ],
        [
            0.08545659482479095,
            0.00017282459884881973,
            0.05116157606244087
        ],
        [
            0.07185696065425873,
            -0.02753409557044506,
            0.0695776492357254
        ],
        [
            0.08053489029407501,
            -0.032985616475343704,
            0.06101926788687706
        ],
        [
            0.08217792958021164,
            -0.028534919023513794,
            0.06726333498954773
        ],
        [
            0.07147355377674103,
            -0.022389722988009453,
            0.07142969965934753
        ],
        [
            0.07562073320150375,
            0.017796430736780167,
            0.012542925775051117
        ],
        [
            0.07976944744586945,
            0.014479384757578373,
            -1.8581748008728027e-05
        ],
        [
            0.0791570171713829,
            0.008609850890934467,
            0.0006348639726638794
        ],
        [
            0.07603992521762848,
            0.012751828879117966,
            0.012003347277641296
        ],
        [
            0.06955452263355255,
            -0.008304404094815254,
            0.010850563645362854
        ],
        [
            0.07614968717098236,
            -0.008985936641693115,
            0.0016307979822158813
        ],
        [
            0.0819275751709938,
            -0.02007269114255905,
            -0.003672786056995392
        ],
        [
            0.0770263671875,
            -0.022069472819566727,
            0.006097264587879181
        ],
        [
            0.06375828385353088,
            -0.009376339614391327,
            0.02229895442724228
        ],
        [
            0.06714917719364166,
            -0.02189226821064949,
            0.0169425830245018
        ],
        [
            0.06002490967512131,
            -0.021813107654452324,
            0.029270008206367493
        ],
        [
            0.0542927086353302,
            -0.023068750277161598,
            0.046686090528964996
        ],
        [
            0.08414356410503387,
            0.026525065302848816,
            -0.0017465651035308838
        ],
        [
            0.08116886019706726,
            0.030864117667078972,
            0.007166653871536255
        ],
        [
            0.0686953216791153,
            -0.009002587758004665,
            0.11206155270338058
        ],
        [
            0.06930629909038544,
            -0.0031261229887604713,
            0.11032753437757492
        ],
        [
            0.07189402729272842,
            -0.005333389155566692,
            0.10781949758529663
        ],
        [
            0.07105039060115814,
            -0.01059565320611,
            0.11014782637357712
        ],
        [
            0.10156314820051193,
            0.035860590636730194,
            0.0034686923027038574
        ],
        [
            0.11121071130037308,
            0.03274351730942726,
            0.0038650333881378174
        ],
        [
            0.1094239130616188,
            0.03325548768043518,
            -0.0032565444707870483
        ],
        [
            0.10002107918262482,
            0.0342627614736557,
            -0.003853030502796173
        ],
        [
            0.10360556840896606,
            0.03791297227144241,
            0.013128139078617096
        ],
        [
            0.11306948959827423,
            0.031673282384872437,
            0.013843372464179993
        ],
        [
            0.07340574264526367,
            -0.010470668785274029,
            0.12405562400817871
        ],
        [
            0.07042329013347626,
            -0.01256571151316166,
            0.12020447105169296
        ],
        [
            0.07505030184984207,
            -0.014350543729960918,
            0.11899463087320328
        ],
        [
            0.07905261218547821,
            -0.011953682638704777,
            0.12196570634841919
        ],
        [
            0.08186157047748566,
            -0.016069624572992325,
            0.07281902432441711
        ],
        [
            0.08307278156280518,
            -0.008184213191270828,
            0.06763128936290741
        ],
        [
            0.08581960946321487,
            -0.014583294279873371,
            0.08799219131469727
        ],
        [
            0.08583392947912216,
            -0.01106126606464386,
            0.08075844496488571
        ],
        [
            0.08543162792921066,
            -0.01830681413412094,
            0.08069517463445663
        ],
        [
            0.08654606342315674,
            -0.02052035741508007,
            0.08705617487430573
        ],
        [
            0.09093999862670898,
            0.010166903026401997,
            0.0708688497543335
        ],
        [
            0.0894247367978096,
            0.009247849695384502,
            0.05934853106737137
        ],
        [
            0.08842375874519348,
            0.0033140983432531357,
            0.06245396286249161
        ],
        [
            0.0889141783118248,
            0.0029450138099491596,
            0.07532954961061478
        ],
        [
            0.08910876512527466,
            0.0228648129850626,
            0.05506974458694458
        ],
        [
            0.09120620787143707,
            0.022544702515006065,
            0.0666382759809494
        ],
        [
            0.09084150195121765,
            0.03021935559809208,
            0.06267434358596802
        ],
        [
            0.08835795521736145,
            0.029323406517505646,
            0.05537505820393562
        ],
        [
            0.09508829563856125,
            0.018597163259983063,
            0.08611239492893219
        ],
        [
            0.09637430310249329,
            0.017872698605060577,
            0.0904429480433464
        ],
        [
            0.09511024504899979,
            0.02123478800058365,
            0.08873111009597778
        ],
        [
            0.09501289576292038,
            0.02175014466047287,
            0.08422283828258514
        ],
        [
            0.10863690078258514,
            0.03309069573879242,
            -0.010386817157268524
        ],
        [
            0.09882669895887375,
            0.031842295080423355,
            -0.010732308030128479
        ],
        [
            0.11549168825149536,
            0.0429045669734478,
            0.054297227412462234
        ],
        [
            0.10798023641109467,
            0.04853032901883125,
            0.04782947525382042
        ],
        [
            0.10825856029987335,
            0.052636876702308655,
            0.060166869312524796
        ],
        [
            0.11756756901741028,
            0.04575081542134285,
            0.06485334783792496
        ],
        [
            0.1176070123910904,
            0.024819955229759216,
            0.006245069205760956
        ],
        [
            0.11725933104753494,
            0.027162156999111176,
            -0.0012989640235900879
        ],
        [
            0.07656297832727432,
            -0.005130840465426445,
            0.1258264034986496
        ],
        [
            0.08191872388124466,
            -0.006560223177075386,
            0.12315813452005386
        ],
        [
            0.07023850083351135,
            -0.03142629191279411,
            0.026410050690174103
        ],
        [
            0.05984284728765488,
            -0.03140198066830635,
            0.04599972441792488
        ],
        [
            0.08035619556903839,
            -0.029384784400463104,
            0.012778416275978088
        ],
        [
            0.08843276649713516,
            -0.026717398315668106,
            0.004174001514911652
        ],
        [
            0.09295957535505295,
            -0.02555285021662712,
            -0.004062548279762268
        ],
        [
            0.08734292536973953,
            -0.005201151594519615,
            0.08338671922683716
        ],
        [
            0.08561139553785324,
            -0.001930320868268609,
            0.060984451323747635
        ],
        [
            0.08681485801935196,
            0.010544080287218094,
            0.04726113751530647
        ],
        [
            0.08512713015079498,
            0.04124759882688522,
            0.04284130036830902
        ],
        [
            0.08307405561208725,
            0.04002100229263306,
            0.0327039435505867
        ],
        [
            0.08144865930080414,
            0.03098778985440731,
            0.038350023329257965
        ],
        [
            0.08421309292316437,
            0.033813320100307465,
            0.04602732136845589
        ],
        [
            0.09812390804290771,
            0.05131653696298599,
            0.047484707087278366
        ],
        [
            0.09124696999788284,
            0.04793713614344597,
            0.05020784214138985
        ],
        [
            0.09289911389350891,
            0.04891131818294525,
            0.0577596016228199
        ],
        [
            0.09949010610580444,
            0.053246572613716125,
            0.05716477334499359
        ],
        [
            0.06749090552330017,
            -0.03326018899679184,
            0.0672903060913086
        ],
        [
            0.07713031768798828,
            -0.036487895995378494,
            0.05530388653278351
        ],
        [
            0.09087929874658585,
            0.03528652340173721,
            0.0038081109523773193
        ],
        [
            0.09023343026638031,
            0.03139278292655945,
            -0.0030438676476478577
        ],
        [
            0.0916723906993866,
            0.02865448221564293,
            -0.011066310107707977
        ],
        [
            0.07924018800258636,
            0.01077730767428875,
            0.025428541004657745
        ],
        [
            0.07618153095245361,
            0.009259561076760292,
            0.011635370552539825
        ],
        [
            0.07518547028303146,
            0.005310609471052885,
            0.013107948005199432
        ],
        [
            0.08040694147348404,
            0.007264128886163235,
            0.02629055827856064
        ],
        [
            0.0776229202747345,
            -0.002148471772670746,
            0.03835837543010712
        ],
        [
            0.07022605836391449,
            -0.001157781109213829,
            0.0271749347448349
        ],
        [
            0.07339245080947876,
            -0.003605000674724579,
            0.04886998236179352
        ],
        [
            0.07815098762512207,
            0.0006031221710145473,
            -0.0001591891050338745
        ],
        [
            0.07988496124744415,
            0.006345178931951523,
            -0.00948566198348999
        ],
        [
            0.07963938266038895,
            -0.002550654113292694,
            -0.009081348776817322
        ],
        [
            0.08258210122585297,
            0.015775831416249275,
            -0.010513707995414734
        ],
        [
            0.08642945438623428,
            0.02385610342025757,
            -0.011087499558925629
        ],
        [
            0.1195824146270752,
            0.0282419566065073,
            -0.009527474641799927
        ],
        [
            0.08077357709407806,
            -0.010698745027184486,
            -0.007802829146385193
        ],
        [
            0.05680747330188751,
            -0.010006779804825783,
            0.0606992281973362
        ],
        [
            0.05373484641313553,
            -0.013208478689193726,
            0.06787349283695221
        ],
        [
            0.0610429123044014,
            -0.011569172143936157,
            0.07012542337179184
        ],
        [
            0.06448206305503845,
            -0.008920175023376942,
            0.06396116316318512
        ],
        [
            0.09679042547941208,
            -0.0268186517059803,
            0.09189247339963913
        ],
        [
            0.08971811085939407,
            -0.025002501904964447,
            0.08949477970600128
        ],
        [
            0.08799074590206146,
            -0.025373874232172966,
            0.08122637867927551
        ],
        [
            0.07695263624191284,
            0.02414230816066265,
            0.022313974797725677
        ],
        [
            0.08137919008731842,
            0.03495584428310394,
            0.017311736941337585
        ],
        [
            0.0870465636253357,
            -0.00887303240597248,
            0.09031735360622406
        ],
        [
            0.08380551636219025,
            -0.01339283213019371,
            0.12024443596601486
        ],
        [
            0.0795874074101448,
            -0.016584672033786774,
            0.11702844500541687
        ],
        [
            0.09066120535135269,
            -0.022834695875644684,
            0.10417232662439346
        ],
        [
            0.09558302909135818,
            -0.019382726401090622,
            0.10800404101610184
        ],
        [
            0.09108055382966995,
            -0.003855006769299507,
            0.09679791331291199
        ],
        [
            0.086607426404953,
            -0.008143320679664612,
            0.09289366751909256
        ],
        [
            0.08656507730484009,
            -0.006962220184504986,
            0.0942835882306099
        ],
        [
            0.08873898535966873,
            -0.0015192137798294425,
            0.09767647087574005
        ],
        [
            0.09545472264289856,
            0.028889598324894905,
            0.0830695778131485
        ],
        [
            0.09483153373003006,
            0.028923120349645615,
            0.07932369410991669
        ],
        [
            0.11338577419519424,
            -0.0049047814682126045,
            0.09196288883686066
        ],
        [
            0.1137595847249031,
            -0.018851976841688156,
            0.0920032486319542
        ],
        [
            0.11248541623353958,
            -0.021172968670725822,
            0.07851480692625046
        ],
        [
            0.09138569235801697,
            0.016989516094326973,
            0.06770238280296326
        ],
        [
            0.09288284182548523,
            0.01851898431777954,
            0.07772111147642136
        ],
        [
            0.09321631491184235,
            0.022355984896421432,
            0.07617725431919098
        ],
        [
            0.08883263915777206,
            -0.001921834540553391,
            0.08636779338121414
        ],
        [
            0.0895724669098854,
            -0.003445323556661606,
            0.09232920408248901
        ],
        [
            0.09158771485090256,
            0.0008532339707016945,
            0.09054906666278839
        ],
        [
            0.09011451154947281,
            0.0028560247737914324,
            0.08410613238811493
        ],
        [
            0.10750790685415268,
            0.04526769742369652,
            0.034920744597911835
        ],
        [
            0.09618554264307022,
            0.04894566908478737,
            0.03496013581752777
        ],
        [
            0.06891361624002457,
            -0.012177890166640282,
            0.11572790890932083
        ],
        [
            0.07225757837295532,
            -0.013952668756246567,
            0.114299476146698
        ],
        [
            0.08979344367980957,
            0.015938017517328262,
            0.056474387645721436
        ],
        [
            0.10936582088470459,
            -0.02109363116323948,
            0.06305107474327087
        ],
        [
            0.08683715760707855,
            0.01582704484462738,
            0.045453157275915146
        ],
        [
            0.11198196560144424,
            0.03570188209414482,
            0.08138345181941986
        ],
        [
            0.10340283811092377,
            0.03996161371469498,
            0.08119218796491623
        ],
        [
            0.10135001689195633,
            0.03951261192560196,
            0.08397248387336731
        ],
        [
            0.10599490255117416,
            0.03726734220981598,
            0.08683565258979797
        ],
        [
            0.08094131946563721,
            0.0030294149182736874,
            0.10849623382091522
        ],
        [
            0.07645411044359207,
            -0.0003807228058576584,
            0.10636289417743683
        ],
        [
            0.07432509958744049,
            0.0005026292055845261,
            0.1078854650259018
        ],
        [
            0.07803653180599213,
            0.004116831347346306,
            0.11098068207502365
        ],
        [
            0.08499862253665924,
            -0.013734963722527027,
            0.09160978347063065
        ],
        [
            0.08543586730957031,
            -0.019888823851943016,
            0.0920390859246254
        ],
        [
            0.08325962722301483,
            -0.01778535172343254,
            0.09569145739078522
        ],
        [
            0.08409484475851059,
            -0.011713583022356033,
            0.09468236565589905
        ],
        [
            0.08896379172801971,
            -0.02393997646868229,
            0.09505580365657806
        ],
        [
            0.08637340366840363,
            -0.022137712687253952,
            0.09942832589149475
        ],
        [
            0.08545606583356857,
            0.0030852118507027626,
            0.11316684633493423
        ],
        [
            0.08779449760913849,
            -0.001638316549360752,
            0.11867104470729828
        ],
        [
            0.09898649156093597,
            -0.005308561958372593,
            0.10721427947282791
        ],
        [
            0.09345223009586334,
            -0.00047551211901009083,
            0.10373231023550034
        ],
        [
            0.11921146512031555,
            0.017122656106948853,
            0.032250843942165375
        ],
        [
            0.11716963350772858,
            0.027651220560073853,
            0.02882077544927597
        ],
        [
            0.11690427362918854,
            0.03094460815191269,
            0.04402169957756996
        ],
        [
            0.11794085055589676,
            0.03490826487541199,
            0.05936460196971893
        ],
        [
            0.11743219196796417,
            0.03731980547308922,
            0.07392436265945435
        ],
        [
            0.12169580161571503,
            0.02637496031820774,
            0.07843516767024994
        ],
        [
            0.11466281861066818,
            0.03800040856003761,
            0.0400458499789238
        ],
        [
            0.10119732469320297,
            -0.002206911100074649,
            0.0964931845664978
        ],
        [
            0.10641751438379288,
            -0.0076851313933730125,
            0.0989433154463768
        ],
        [
            0.10708887130022049,
            -0.0031218971125781536,
            0.09658896178007126
        ],
        [
            0.08541303128004074,
            0.023103289306163788,
            0.04406875744462013
        ],
        [
            0.07611950486898422,
            -0.016482265666127205,
            0.11291766166687012
        ],
        [
            0.11185653507709503,
            -0.01812540367245674,
            0.005598589777946472
        ],
        [
            0.11884186416864395,
            -0.0062474352307617664,
            0.0050173550844192505
        ],
        [
            0.11736732721328735,
            -0.007678237743675709,
            0.013625867664813995
        ],
        [
            0.1082172766327858,
            -0.020908594131469727,
            0.014324776828289032
        ],
        [
            0.07345418632030487,
            -0.0068707638420164585,
            0.1063845306634903
        ],
        [
            0.07333427667617798,
            -0.013032197952270508,
            0.10836271941661835
        ],
        [
            0.09392760694026947,
            0.03528197854757309,
            0.07820136845111847
        ],
        [
            0.0949544608592987,
            0.03474488854408264,
            0.08214927464723587
        ],
        [
            0.09584151953458786,
            0.038248732686042786,
            0.08180799335241318
        ],
        [
            0.09360355138778687,
            0.04063811153173447,
            0.0790286734700203
        ],
        [
            0.1152321994304657,
            0.03255419805645943,
            0.025733880698680878
        ],
        [
            0.10366050899028778,
            0.055223748087882996,
            0.06676454097032547
        ],
        [
            0.11261360347270966,
            0.048874370753765106,
            0.07212680578231812
        ],
        [
            0.11756650358438492,
            0.02441326528787613,
            0.01588618755340576
        ],
        [
            0.12000507116317749,
            0.015263261273503304,
            0.018678590655326843
        ],
        [
            0.12066808342933655,
            0.01452506985515356,
            0.00885619968175888
        ],
        [
            0.11713806539773941,
            0.015340728685259819,
            0.0876021534204483
        ],
        [
            0.11973385512828827,
            0.009619029238820076,
            0.03681667894124985
        ],
        [
            0.11994936317205429,
            0.00829292181879282,
            0.02208433300256729
        ],
        [
            0.12074883282184601,
            0.007099108770489693,
            0.010509997606277466
        ],
        [
            0.1220250278711319,
            0.006927229929715395,
            0.002183467149734497
        ],
        [
            0.1217041090130806,
            0.01507117785513401,
            0.0012229159474372864
        ],
        [
            0.08648568391799927,
            -0.007574070710688829,
            0.12045291066169739
        ],
        [
            0.08308729529380798,
            0.0004248926416039467,
            0.12174919992685318
        ],
        [
            0.12448515743017197,
            0.015936173498630524,
            -0.007492221891880035
        ],
        [
            0.1240815743803978,
            0.0067093828693032265,
            -0.006075769662857056
        ],
        [
            0.11883973330259323,
            -0.0003952982369810343,
            0.025224842131137848
        ],
        [
            0.1154327467083931,
            -0.011283369734883308,
            0.02865445613861084
        ],
        [
            0.11838294565677643,
            0.0012199198827147484,
            0.03933954983949661
        ],
        [
            0.1155051440000534,
            -0.00934014655649662,
            0.043950315564870834
        ],
        [
            0.12247784435749054,
            0.005152886733412743,
            0.08904452621936798
        ],
        [
            0.06593653559684753,
            0.008478422649204731,
            0.12469904124736786
        ],
        [
            0.0763615295290947,
            0.0061425697058439255,
            0.12045390903949738
        ],
        [
            0.07439181953668594,
            0.00602946151047945,
            0.11483773589134216
        ],
        [
            0.06552684307098389,
            0.009871686808764935,
            0.12065093219280243
        ],
        [
            0.08131979405879974,
            0.004446052946150303,
            0.11595634371042252
        ],
        [
            0.07766657322645187,
            0.001965378411114216,
            0.12438629567623138
        ],
        [
            0.10693138837814331,
            -0.022580403834581375,
            0.04703846201300621
        ],
        [
            0.09353949129581451,
            -0.00026605091989040375,
            0.09483827650547028
        ],
        [
            0.10233543813228607,
            -0.025937138125300407,
            0.03027161955833435
        ],
        [
            0.09557006508111954,
            -0.03375662490725517,
            0.05542754754424095
        ],
        [
            0.08925222605466843,
            -0.035122644156217575,
            0.04317466914653778
        ],
        [
            0.09575334936380386,
            -0.029433734714984894,
            0.013812921941280365
        ],
        [
            0.08438380807638168,
            -0.035166241228580475,
            0.02704703062772751
        ],
        [
            0.10416495054960251,
            -0.02402443252503872,
            -0.002575032413005829
        ],
        [
            0.10149336606264114,
            -0.025625236332416534,
            0.00594252347946167
        ],
        [
            0.0731586441397667,
            -0.03693663701415062,
            0.041527390480041504
        ],
        [
            0.060926403850317,
