{
    "pred_cam": [
        9.161182403564453,
        0.05036284029483795,
        -0.05711742118000984
    ],
    "pred_mano_params": {
        "global_orient": [
            [
                [
                    0.7043581604957581,
                    -0.5621857643127441,
                    -0.43338972330093384
                ],
                [
                    -0.708002507686615,
                    -0.6003513336181641,
                    -0.3719014823436737
                ],
                [
                    -0.05110837146639824,
                    0.5687928199768066,
                    -0.8208913207054138
                ]
            ]
        ],
        "hand_pose": [
            [
                [
                    0.9800249934196472,
                    -0.14544180035591125,
                    -0.1356377899646759
                ],
                [
                    0.12641331553459167,
                    0.9820911288261414,
                    -0.13970206677913666
                ],
                [
                    0.15352720022201538,
                    0.11976510286331177,
                    0.980859637260437
                ]
            ],
            [
                [
                    0.7092507481575012,
                    -0.7013839483261108,
                    0.07088010013103485
                ],
                [
                    0.6978819966316223,
                    0.6843668222427368,
                    -0.2111937701702118
                ],
                [
                    0.09961992502212524,
                    0.19925528764724731,
                    0.9748709201812744
                ]
            ],
            [
                [
                    0.6538762450218201,
                    -0.7541161179542542,
                    0.06127573177218437
                ],
                [
                    0.7484156489372253,
                    0.6565582752227783,
                    0.0938364788889885
                ],
                [
                    -0.11099468171596527,
                    -0.01549773570150137,
                    0.9937002062797546
                ]
            ],
            [
                [
                    0.8253271579742432,
                    -0.5375679731369019,
                    -0.17278841137886047
                ],
                [
                    0.5439243316650391,
                    0.839043915271759,
                    -0.012313536368310452
                ],
                [
                    0.15159642696380615,
                    -0.0838211178779602,
                    0.9848820567131042
                ]
            ],
            [
                [
                    0.28911730647087097,
                    -0.921755313873291,
                    -0.2584150731563568
                ],
                [
                    0.9564566016197205,
                    0.26685431599617004,
                    0.11823514848947525
                ],
                [
                    -0.040024690330028534,
                    -0.2813466191291809,
                    0.9587711691856384
                ]
            ],
            [
                [
                    0.48926812410354614,
                    -0.8576124906539917,
                    0.1584850698709488
                ],
                [
                    0.859213650226593,
                    0.5051577091217041,
                    0.08104050159454346
                ],
                [
                    -0.1495613008737564,
                    0.09652199596166611,
                    0.9840299487113953
                ]
            ],
            [
                [
                    0.35309404134750366,
                    -0.9174528121948242,
                    -0.18331626057624817
                ],
                [
                    0.6890227794647217,
                    0.12245140224695206,
                    0.7143200039863586
                ],
                [
                    -0.6329076290130615,
                    -0.3785313069820404,
                    0.6753827333450317
                ]
            ],
            [
                [
                    0.8135885000228882,
                    -0.5763805508613586,
                    -0.0765448659658432
                ],
                [
                    0.5654335021972656,
                    0.7536260485649109,
                    0.33516061305999756
                ],
                [
                    -0.13549385964870453,
                    -0.31596389412879944,
                    0.9390463829040527
                ]
            ],
            [
                [
                    0.9419478178024292,
                    -0.27824369072914124,
                    0.18792222440242767
                ],
                [
                    0.1689111292362213,
                    0.8764058351516724,
                    0.45097875595092773
                ],
                [
                    -0.290178120136261,
                    -0.3930562734603882,
                    0.872527003288269
                ]
            ],
            [
                [
                    0.5511457920074463,
                    -0.8319272994995117,
                    -0.06430638581514359
                ],
                [
                    0.8320109248161316,
                    0.5420888066291809,
                    0.1178876981139183
                ],
                [
                    -0.06321421265602112,
                    -0.11847693473100662,
                    0.9909425377845764
                ]
            ],
            [
                [
                    0.7748218774795532,
                    -0.622413158416748,
                    -0.11069327592849731
                ],
                [
                    0.594388484954834,
                    0.6576167345046997,
                    0.4628634750843048
                ],
                [
                    -0.21529853343963623,
                    -0.4244315028190613,
                    0.8794910311698914
                ]
            ],
            [
                [
                    0.6250247359275818,
                    -0.7733483910560608,
                    0.10619032382965088
                ],
                [
                    0.7050138711929321,
                    0.6176517009735107,
                    0.3485136926174164
                ],
                [
                    -0.3351111114025116,
                    -0.14296402037143707,
                    0.9312689304351807
                ]
            ],
            [
                [
                    0.9450256824493408,
                    -0.03486279025673866,
                    -0.32513245940208435
                ],
                [
                    -0.27602627873420715,
                    0.44803836941719055,
                    -0.8503358960151672
                ],
                [
                    0.1753169447183609,
                    0.8933342695236206,
                    0.4137847125530243
                ]
            ],
            [
                [
                    0.9477011561393738,
                    -0.3005530834197998,
                    -0.10737984627485275
                ],
                [
                    0.3095870614051819,
                    0.7839062213897705,
                    0.5381885766983032
                ],
                [
                    -0.07757848501205444,
                    -0.5432853102684021,
                    0.8359561562538147
                ]
            ],
            [
                [
                    0.988918662071228,
                    -0.06499430537223816,
                    0.13347522914409637
                ],
                [
                    0.09204433858394623,
                    0.9738404750823975,
                    -0.20775604248046875
                ],
                [
                    -0.11648062616586685,
                    0.21773946285247803,
                    0.9690313935279846
                ]
            ]
        ],
        "betas": [
            0.06185184419155121,
            0.02014368772506714,
            0.00813436508178711,
            0.03780201077461243,
            -0.02852526307106018,
            -0.04054997116327286,
            0.04879683256149292,
            -0.04146721959114075,
            -0.032521918416023254,
            0.0036752521991729736
        ]
    },
    "pred_cam_t": [
        -0.05036284029483795,
        -0.05711742118000984,
        4.263914585113525
    ],
    "focal_length": [
        5000.0,
        5000.0
    ],
    "pred_keypoints_3d": [
        [
            0.09538976103067398,
            0.006354521960020065,
            0.006156880408525467
        ],
        [
            0.07604777812957764,
            0.023106448352336884,
            -0.02254510670900345
        ],
        [
            0.06252261251211166,
            0.047620318830013275,
            -0.035155922174453735
        ],
        [
            0.05026097223162651,
            0.07125461846590042,
            -0.03980498015880585
        ],
        [
            0.03682268410921097,
            0.10027915984392166,
            -0.05521286651492119
        ],
        [
            0.0275118425488472,
            0.06403489410877228,
            -0.009220175445079803
        ],
        [
            0.005663510411977768,
            0.08842602372169495,
            -0.005893394351005554
        ],
        [
            0.010124798864126205,
            0.1097523421049118,
            -0.009738189168274403
        ],
        [
            0.029179761186242104,
            0.12240070104598999,
            -0.018663393333554268
        ],
        [
            0.031193800270557404,
            0.07533566653728485,
            0.012907355092465878
        ],
        [
            0.026141364127397537,
            0.10653190314769745,
            0.014039803296327591
        ],
        [
            0.044973842799663544,
            0.11350728571414948,
            0.002435191534459591
        ],
        [
            0.0601608008146286,
            0.10043545067310333,
            -0.01201418787240982
        ],
        [
            0.051750537008047104,
            0.07633811235427856,
            0.029898688197135925
        ],
        [
            0.054206524044275284,
            0.10340431332588196,
            0.02057914435863495
        ],
        [
            0.0711192786693573,
            0.11217576265335083,
            0.004861241206526756
        ],
        [
            0.08314559608697891,
            0.10417955368757248,
            -0.01507866382598877
        ],
        [
            0.07133091986179352,
            0.07688385248184204,
            0.03937177732586861
        ],
        [
            0.07920125871896744,
            0.09105125069618225,
            0.025996847078204155
        ],
        [
            0.0907091572880745,
            0.09084025770425797,
            0.011058853939175606
        ],
        [
            0.09765195101499557,
            0.08352899551391602,
            -0.006120950914919376
        ]
    ],
    "pred_vertices": [
        [
            0.06293535232543945,
            0.045153286308050156,
            -0.013418409042060375
        ],
        [
            0.07157261669635773,
            0.038354165852069855,
            -0.013338396325707436
        ],
        [
            0.06666066497564316,
            0.044625476002693176,
            -0.017994634807109833
        ],
        [
            0.057871006429195404,
            0.04887540638446808,
            -0.019360825419425964
        ],
        [
            0.0857149288058281,
            0.04047220200300217,
            -0.024686770513653755
        ],
        [
            0.08786043524742126,
            0.033952903002500534,
            -0.03454013168811798
        ],
        [
            0.07801683992147446,
            0.047153666615486145,
            -0.03845427930355072
        ],
        [
            0.0785611942410469,
            0.05129236355423927,
            -0.029283320531249046
        ],
        [
            0.052453864365816116,
            0.05160415917634964,
            -0.022810615599155426
        ],
        [
            0.06265044957399368,
            0.05048809573054314,
            -0.021905463188886642
        ],
        [
            0.04903493449091911,
            0.050372105091810226,
            -0.023198803886771202
        ],
        [
            0.0366257019340992,
            0.04752633348107338,
            -0.021772775799036026
        ],
        [
            0.042263779789209366,
            0.05188623070716858,
            -0.02225285954773426
        ],
        [
            0.029541639611124992,
            0.04989205300807953,
            -0.019170384854078293
        ],
        [
            0.035538479685783386,
            0.037222929298877716,
            -0.01894000545144081
        ],
        [
            0.02652665413916111,
            0.04505904018878937,
            -0.011863384395837784
        ],
        [
            0.04283832013607025,
            0.031215902417898178,
            0.007795720361173153
        ],
        [
            0.0504734143614769,
            0.03318392485380173,
            0.01896333135664463
        ],
        [
            0.039646897464990616,
            0.046314239501953125,
            0.021281886845827103
        ],
        [
            0.033760689198970795,
            0.04347196966409683,
            0.009059970267117023
        ],
        [
            0.05624201148748398,
            0.04793548583984375,
            0.033698033541440964
        ],
        [
            0.0464869886636734,
            0.04772678762674332,
            0.02705085650086403
        ],
        [
            0.05680104345083237,
            0.033744048327207565,
            0.025317465886473656
        ],
        [
            0.06525550782680511,
            0.0346035473048687,
            0.030974674969911575
        ],
        [
            0.07329490780830383,
            0.04290100187063217,
            -0.0020242640748620033
        ],
        [
            0.0816647931933403,
            0.03578079864382744,
            -0.0027716346085071564
        ],
        [
            0.07730551064014435,
            0.03509344160556793,
            -0.006568801589310169
        ],
        [
            0.06966786831617355,
            0.04247139021754265,
            -0.006207378581166267
        ],
        [
            0.04883231967687607,
            0.049846235662698746,
            -0.03070245124399662
        ],
        [
            0.04688234627246857,
            0.037030018866062164,
            -0.02978268265724182
        ],
        [
            0.04538535699248314,
            0.043302591890096664,
            -0.02553246170282364
        ],
        [
            0.051336947828531265,
            0.05400991439819336,
            -0.027798302471637726
        ],
        [
            0.1085747629404068,
            0.02531341463327408,
            -0.0011578109115362167
        ],
        [
            0.11251801252365112,
            0.012418076395988464,
            -0.00026265066117048264
        ],
        [
            0.1092340350151062,
            0.010408729314804077,
            -0.004727187566459179
        ],
        [
            0.10601657629013062,
            0.022325675934553146,
            -0.004344180226325989
        ],
        [
            0.09845821559429169,
            0.014045458287000656,
            -0.02424110472202301
        ],
        [
            0.10037900507450104,
            0.004077784717082977,
            -0.019174402579665184
        ],
        [
            0.09441079199314117,
            -0.00753369927406311,
            -0.022225169464945793
        ],
        [
            0.08948605507612228,
            0.001018039882183075,
            -0.027485627681016922
        ],
        [
            0.09366181492805481,
            0.02454914152622223,
            -0.02998124435544014
        ],
        [
            0.08745450526475906,
            0.013411104679107666,
            -0.03516262397170067
        ],
        [
            0.08247716724872589,
            0.025924209505319595,
            -0.04040921851992607
        ],
        [
            0.07319824397563934,
            0.04139736667275429,
            -0.043792497366666794
        ],
        [
            0.11783814430236816,
            0.014858521521091461,
            0.011091317050158978
        ],
        [
            0.1161736249923706,
            0.02492658793926239,
            0.011774834245443344
        ],
        [
            0.013204678893089294,
            0.09259714931249619,
            -0.01581612415611744
        ],
        [
            0.016497770324349403,
            0.09425901621580124,
            -0.010958878323435783
        ],
        [
            0.01766137033700943,
            0.0914112851023674,
            -0.011808112263679504
        ],
        [
            0.014104795642197132,
            0.09013539552688599,
            -0.016185685992240906
        ],
        [
            0.11051115393638611,
            0.01572633534669876,
            0.029915085062384605
        ],
        [
            0.10347015410661697,
            0.01045045256614685,
            0.03474416583776474
        ],
        [
            0.10918068885803223,
            0.0060358718037605286,
            0.03392023220658302
        ],
        [
            0.11506233364343643,
            0.010064706206321716,
            0.027842462062835693
        ],
        [
            0.10447995364665985,
            0.023179538547992706,
            0.0326416902244091
        ],
        [
            0.09560801088809967,
            0.016782253980636597,
            0.03522360324859619
        ],
        [
            0.0008487827144563198,
            0.09241897612810135,
            -0.012515162117779255
        ],
        [
            0.004295114427804947,
            0.0924767404794693,
            -0.016465645283460617
        ],
        [
            0.00405372679233551,
            0.08780733495950699,
            -0.01558726467192173
        ],
        [
            0.0012054769322276115,
            0.08671890199184418,
            -0.010907096788287163
        ],
        [
            0.04904494807124138,
            0.05312199145555496,
            -0.01986752822995186
        ],
        [
            0.05591137334704399,
            0.052239906042814255,
            -0.013855686411261559
        ],
        [
            0.036157216876745224,
            0.06670849770307541,
            -0.016445571556687355
        ],
        [
            0.04437998682260513,
            0.0603361539542675,
            -0.014370037242770195
        ],
        [
            0.04074644669890404,
            0.05731736123561859,
            -0.019631698727607727
        ],
        [
            0.03348515182733536,
            0.06193404272198677,
            -0.020207161083817482
        ],
        [
            0.05953161418437958,
            0.060020409524440765,
            0.003899899311363697
        ],
        [
            0.06711585074663162,
            0.05132228881120682,
            0.0023529473692178726
        ],
        [
            0.0624648779630661,
            0.0513397678732872,
            -0.00236077094450593
        ],
        [
            0.05377398803830147,
            0.061017248779535294,
            -0.0025025885552167892
        ],
        [
            0.0774635374546051,
            0.054526187479496,
            0.011403966695070267
        ],
        [
            0.06887682527303696,
            0.06237780675292015,
            0.01253071054816246
        ],
        [
            0.07581892609596252,
            0.06299908459186554,
            0.01747780665755272
        ],
        [
            0.08124479651451111,
            0.05804658308625221,
            0.015230625867843628
        ],
        [
            0.05232948809862137,
            0.074744313955307,
            0.01191217266023159
        ],
        [
            0.047204382717609406,
            0.07914632558822632,
            0.012850478291511536
        ],
        [
            0.049779199063777924,
            0.08014393597841263,
            0.014447404071688652
        ],
        [
            0.05491442605853081,
            0.07466023415327072,
            0.01427953690290451
        ],
        [
            0.11401601880788803,
            0.0008737072348594666,
            0.03336475044488907
        ],
        [
            0.11869996786117554,
            0.004201777279376984,
            0.025441545993089676
        ],
        [
            0.07522617280483246,
            0.051991675049066544,
            0.044005755335092545
        ],
        [
            0.08622990548610687,
            0.0527954138815403,
            0.04254622384905815
        ],
        [
            0.08080998063087463,
            0.06451353430747986,
            0.044744282960891724
        ],
        [
            0.06941457092761993,
            0.06068066880106926,
            0.046865060925483704
        ],
        [
            0.09426543116569519,
            0.0058440640568733215,
            0.033971335738897324
        ],
        [
            0.10047653317451477,
            0.0013352707028388977,
            0.03541729971766472
        ],
        [
            0.00022520776838064194,
            0.09298165142536163,
            -0.006192478816956282
        ],
        [
            0.001046965830028057,
            0.08747493475675583,
            -0.004598049446940422
        ],
        [
            0.07334944605827332,
            0.015212442725896835,
            -0.03849528729915619
        ],
        [
            0.06581493467092514,
            0.03491683304309845,
            -0.04451168328523636
        ],
        [
            0.07864157855510712,
            0.001347661018371582,
            -0.03000728040933609
        ],
        [
            0.08189715445041656,
            -0.007423214614391327,
            -0.022126005962491035
        ],
        [
            0.08573848009109497,
            -0.015062056481838226,
            -0.017887286841869354
        ],
        [
            0.04492326080799103,
            0.06505459547042847,
            -0.0093772504478693
        ],
        [
            0.06210646033287048,
            0.04894580692052841,
            -0.007778198923915625
        ],
        [
            0.0768473744392395,
            0.043751005083322525,
            0.0015569180250167847
        ],
        [
            0.09745658934116364,
            0.055279918015003204,
            0.021260879933834076
        ],
        [
            0.10424447059631348,
            0.04785292595624924,
            0.01912614330649376
        ],
        [
            0.09653514623641968,
            0.04867376387119293,
            0.011688649654388428
        ],
        [
            0.09181350469589233,
            0.05467814952135086,
            0.015497640706598759
        ],
        [
            0.09320980310440063,
            0.05799819156527519,
            0.03730953857302666
        ],
        [
            0.09332068264484406,
            0.06136249750852585,
            0.030034895986318588
        ],
        [
            0.08838707208633423,
            0.06682826578617096,
            0.03141148388385773
        ],
        [
            0.08758661150932312,
            0.06586410105228424,
            0.038984861224889755
        ],
        [
            0.048295147716999054,
            0.0471627339720726,
            -0.037546202540397644
        ],
        [
            0.049525968730449677,
            0.032386600971221924,
            -0.03476012870669365
        ],
        [
            0.11556284129619598,
            0.02026892453432083,
            0.02182779274880886
        ],
        [
            0.11807573586702347,
            0.013523019850254059,
            0.01880606636404991
        ],
        [
            0.12094786763191223,
            0.005514279007911682,
            0.01814047247171402
        ],
        [
            0.09499569237232208,
            0.030291661620140076,
            -0.0035232137888669968
        ],
        [
            0.10435538738965988,
            0.020317062735557556,
            -0.006718933116644621
        ],
        [
            0.10191694647073746,
            0.019941341131925583,
            -0.01038433238863945
        ],
        [
            0.09221385419368744,
            0.028802361339330673,
            -0.005169765092432499
        ],
        [
            0.08232241123914719,
            0.03463830053806305,
            -0.01391863264143467
        ],
        [
            0.09298811852931976,
            0.029390960931777954,
            -0.019562898203730583
        ],
        [
            0.07706311345100403,
            0.04400293529033661,
            -0.017512422055006027
        ],
        [
            0.10586735606193542,
            0.006442606449127197,
            -0.011009952053427696
        ],
        [
            0.11397354304790497,
            0.0013244152069091797,
            -0.005563601851463318
        ],
        [
            0.10893804579973221,
            -0.002442561089992523,
            -0.011807804927229881
        ],
        [
            0.11839862167835236,
            0.003811173141002655,
            0.0027875490486621857
        ],
        [
            0.12111454457044601,
            0.005505174398422241,
            0.01107882335782051
        ],
        [
            0.10501274466514587,
            -0.005385853350162506,
            0.03798380866646767
        ],
        [
            0.10300596058368683,
            -0.00577322393655777,
            -0.016536105424165726
        ],
        [
            0.07227924466133118,
            0.05747411400079727,
            -0.032957497984170914
        ],
        [
            0.06669910997152328,
            0.06273715198040009,
            -0.03618729114532471
        ],
        [
            0.063511922955513,
            0.062445685267448425,
            -0.029407037422060966
        ],
        [
            0.06793294847011566,
            0.05744160711765289,
            -0.02602124772965908
        ],
        [
            0.022081779316067696,
            0.05500213801860809,
            -0.016491977497935295
        ],
        [
            0.02762933447957039,
            0.0591873936355114,
            -0.02043754793703556
        ],
        [
            0.035381488502025604,
            0.05307162553071976,
            -0.022136980667710304
        ],
        [
            0.1052040085196495,
            0.035167451947927475,
            0.003994395025074482
        ],
        [
            0.11198683083057404,
            0.03447791188955307,
            0.014655381441116333
        ],
        [
            0.035879120230674744,
            0.07090704143047333,
            -0.010976921766996384
        ],
        [
            0.0020330529659986496,
            0.08173468708992004,
            -0.009836092591285706
        ],
        [
            0.004868302494287491,
            0.0827610194683075,
            -0.015200565569102764
        ],
        [
            0.013089467771351337,
            0.06783947348594666,
            -0.015324026346206665
        ],
        [
            0.009796803817152977,
            0.06672976911067963,
            -0.00943494588136673
        ],
        [
            0.02828115038573742,
            0.07538808137178421,
            -0.0031436998397111893
        ],
        [
            0.031074410304427147,
            0.07430464029312134,
            -0.008992579765617847
        ],
        [
            0.028447149321436882,
            0.07582835108041763,
            -0.007408167235553265
        ],
        [
            0.026304448023438454,
            0.0779961496591568,
            -0.0016615177737548947
        ],
        [
            0.05811750516295433,
            0.07885243743658066,
            0.01856461726129055
        ],
        [
            0.06238964945077896,
            0.0741100013256073,
            0.01842370815575123
        ],
        [
            0.02684611827135086,
            0.05778597295284271,
            0.009069647639989853
        ],
        [
            0.021000001579523087,
            0.04989154636859894,
            -0.000600963830947876
        ],
        [
            0.02857290394604206,
            0.04150405526161194,
            -0.0015493938699364662
        ],
        [
            0.06506989151239395,
            0.06057177856564522,
            0.008877124637365341
        ],
        [
            0.05878432095050812,
            0.06855073571205139,
            0.010753333568572998
        ],
        [
            0.06163227558135986,
            0.06893448531627655,
            0.013644044287502766
        ],
        [
            0.043591875582933426,
            0.06825068593025208,
            -0.005911529529839754
        ],
        [
            0.03647591546177864,
            0.07303886115550995,
            -0.005547092761844397
        ],
        [
            0.0408342070877552,
            0.07154931873083115,
            -0.0021835165098309517
        ],
        [
            0.04731518030166626,
            0.06744015961885452,
            -0.001784570049494505
        ],
        [
            0.09277375787496567,
            0.041558895260095596,
            0.04019227996468544
        ],
        [
            0.10075096786022186,
            0.0481344573199749,
            0.034558456391096115
        ],
        [
            0.008801559917628765,
            0.09227970242500305,
            -0.01768760196864605
        ],
        [
            0.009042764082551003,
            0.08885262161493301,
            -0.01762111857533455
        ],
        [
            0.07240910083055496,
            0.05208631977438927,
            0.007198857609182596
        ],
        [
            0.03836933150887489,
            0.03141816705465317,
            -0.0030591278336942196
        ],
        [
            0.08085443079471588,
            0.044838182628154755,
            0.0051528094336390495
        ],
        [
            0.056454598903656006,
            0.07003326714038849,
            0.03678176924586296
        ],
        [
            0.06287755072116852,
            0.07555099576711655,
            0.03284616395831108
        ],
        [
            0.0609896145761013,
            0.0794127807021141,
            0.03115975297987461
        ],
        [
            0.05563366413116455,
            0.077968530356884,
            0.03421246260404587
        ],
        [
            0.018225017935037613,
            0.08890189230442047,
            -0.00014426419511437416
        ],
        [
            0.019976899027824402,
            0.09029871225357056,
            -0.005480138584971428
        ],
        [
            0.018743101507425308,
            0.09224098920822144,
            -0.005675640422850847
        ],
        [
            0.01628401130437851,
            0.09195949137210846,
            -0.00021878071129322052
        ],
        [
            0.030331170186400414,
            0.07186494767665863,
            -0.014278387650847435
        ],
        [
            0.027667008340358734,
            0.06779445707798004,
            -0.01874113641679287
        ],
        [
            0.023952431976795197,
            0.0731477215886116,
            -0.016978364437818527
        ],
        [
            0.02673344314098358,
            0.07524661719799042,
            -0.0122047895565629
        ],
        [
            0.021699778735637665,
            0.06479562819004059,
            -0.01865631900727749
        ],
        [
            0.018469037488102913,
            0.06996290385723114,
            -0.01797323301434517
        ],
        [
            0.013159366324543953,
            0.08653396368026733,
            0.0031619351357221603
        ],
        [
            0.006202666088938713,
            0.08383484929800034,
            0.0017120148986577988
        ],
        [
            0.014436185359954834,
            0.07096888870000839,
            0.002871875651180744
        ],
        [
            0.020000599324703217,
            0.07634705305099487,
            0.00260273483581841
        ],
        [
            0.07290825992822647,
            0.0213911272585392,
            0.029587697237730026
        ],
        [
            0.08189268410205841,
            0.024581164121627808,
            0.035296905785799026
        ],
        [
            0.07435102760791779,
            0.03781536594033241,
            0.037130311131477356
        ],
        [
            0.06657484173774719,
            0.05087374523282051,
            0.04014375060796738
        ],
        [
            0.059428490698337555,
            0.06320560723543167,
            0.04121888056397438
        ],
        [
            0.04871048405766487,
            0.05898489058017731,
            0.03687945380806923
        ],
        [
            0.08182798326015472,
            0.03905126079916954,
            0.0403786301612854
        ],
        [
            0.027841702103614807,
            0.07123614847660065,
            0.003747489070519805
        ],
        [
            0.02144361101090908,
            0.06309230625629425,
            0.003414871171116829
        ],
        [
            0.02587703801691532,
            0.06602387875318527,
            0.0072624594904482365
        ],
        [
            0.08648277074098587,
            0.04776906967163086,
            0.009077707305550575
        ],
        [
            0.00940200500190258,
            0.08446288108825684,
            -0.017595363780856133
        ],
        [
            0.07396427541971207,
            -0.012296214699745178,
            0.0008262861520051956
        ],
        [
            0.07727762311697006,
            -0.010184310376644135,
            0.013913862407207489
        ],
        [
            0.0718405470252037,
            -0.003644198179244995,
            0.0117533253505826
        ],
        [
            0.06863199174404144,
            -0.0053851306438446045,
            -0.003702131099998951
        ],
        [
            0.018655136227607727,
            0.08955862373113632,
            -0.01229774858802557
        ],
        [
            0.015079745091497898,
            0.08714093267917633,
            -0.017022352665662766
        ],
        [
            0.06722843647003174,
            0.07629207521677017,
            0.021870823577046394
        ],
        [
            0.06260860711336136,
            0.08025739341974258,
            0.022030340507626534
        ],
        [
            0.06373617053031921,
            0.08119387179613113,
            0.0254722461104393
        ],
        [
            0.06970870494842529,
            0.0794157013297081,
            0.024777332320809364
        ],
        [
            0.08750664442777634,
            0.02534879744052887,
            0.03724424168467522
        ],
        [
            0.08128892630338669,
            0.07318160682916641,
            0.04191894084215164
        ],
        [
            0.06970653682947159,
            0.07003972679376602,
            0.0447017066180706
        ],
        [
            0.08800731599330902,
            0.013030380010604858,
            0.03354976698756218
        ],
        [
            0.07993610203266144,
            0.009843975305557251,
            0.029106196016073227
        ],
        [
            0.08532172441482544,
            0.0017113462090492249,
            0.029260728508234024
        ],
        [
            0.03814125061035156,
            0.06257142126560211,
            0.026429641991853714
        ],
        [
            0.0656837671995163,
            0.02111922949552536,
            0.024821553379297256
        ],
        [
            0.07401051372289658,
            0.009200505912303925,
            0.02431539073586464
        ],
        [
            0.08018616586923599,
            -0.0005342289805412292,
            0.02426958829164505
        ],
        [
            0.08461633324623108,
            -0.007532931864261627,
            0.025199614465236664
        ],
        [
            0.08990047872066498,
            -0.004289224743843079,
            0.030448000878095627
        ],
        [
            0.002940235659480095,
            0.0825391560792923,
            -0.003491769079118967
        ],
        [
            0.004274725914001465,
            0.08946448564529419,
            0.0013587031280621886
        ],
        [
            0.09436945617198944,
            -0.011691682040691376,
            0.03317658230662346
        ],
        [
            0.0886065885424614,
            -0.014784649014472961,
            0.02663152851164341
        ],
        [
            0.06787293404340744,
            0.008024252951145172,
            0.017554474994540215
        ],
        [
            0.06141895800828934,
            0.007015161216259003,
            0.007845698855817318
        ],
        [
            0.06021516025066376,
            0.019700001925230026,
            0.018164411187171936
        ],
        [
            0.053039345890283585,
            0.01955026015639305,
            0.00898812711238861
        ],
        [
            0.03084500879049301,
            0.05554024130105972,
            0.021955009549856186
        ],
        [
            0.007832440547645092,
            0.10724733769893646,
            -0.0008962326683104038
        ],
        [
            0.008377453312277794,
            0.0967082679271698,
            0.0019537725020200014
        ],
        [
            0.013885515742003918,
            0.0961456447839737,
            1.8395017832517624e-05
        ],
        [
            0.012052313424646854,
            0.10631434619426727,
            -0.000511538702994585
        ],
        [
            0.011239931918680668,
            0.09099427610635757,
            0.0025999988429248333
        ],
        [
            0.0033916723914444447,
            0.09513357281684875,
            -0.00015107658691704273
        ],
        [
            0.048187412321567535,
            0.01958443969488144,
            -0.005575967021286488
        ],
        [
            0.03468579053878784,
            0.07557658851146698,
            -0.0009312436450272799
        ],
        [
            0.058642320334911346,
            0.0071105025708675385,
            -0.011072621680796146
        ],
        [
            0.04246111214160919,
            0.025909479707479477,
            -0.02046150155365467
        ],
        [
            0.051906391978263855,
            0.018538448959589005,
            -0.026075243949890137
        ],
        [
            0.07012227922677994,
            -0.004368431866168976,
            -0.018425263464450836
        ],
        [
            0.06381208449602127,
            0.008136812597513199,
            -0.030123166739940643
        ],
        [
            0.07986950129270554,
            -0.017994500696659088,
            -0.008693568408489227
        ],
        [
            0.07473201304674149,
            -0.011097736656665802,
            -0.011804748326539993
        ],
        [
            0.059118445962667465,
            0.023343198001384735,
