{
    "pred_cam": [
        9.123930931091309,
        0.13416160643100739,
        0.009126048535108566
    ],
    "pred_mano_params": {
        "global_orient": [
            [
                [
                    -0.7205349802970886,
                    0.6514284610748291,
                    -0.2376348376274109
                ],
                [
                    0.18332254886627197,
                    -0.15155093371868134,
                    -0.9713007807731628
                ],
                [
                    -0.6687467098236084,
                    -0.7434200048446655,
                    -0.01022377796471119
                ]
            ]
        ],
        "hand_pose": [
            [
                [
                    0.9998546838760376,
                    0.008975807577371597,
                    -0.014495950192213058
                ],
                [
                    -0.008417941629886627,
                    0.9992384910583496,
                    0.038099080324172974
                ],
                [
                    0.014826882630586624,
                    -0.03797151520848274,
                    0.999168872833252
                ]
            ],
            [
                [
                    0.7719752192497253,
                    -0.6102246046066284,
                    0.17798945307731628
                ],
                [
                    0.6348199248313904,
                    0.754451334476471,
                    -0.16675391793251038
                ],
                [
                    -0.032527029514312744,
                    0.24172112345695496,
                    0.9698004722595215
                ]
            ],
            [
                [
                    0.9482006430625916,
                    -0.3151402771472931,
                    0.04002709314227104
                ],
                [
                    0.30844050645828247,
                    0.9434634447097778,
                    0.12141378968954086
                ],
                [
                    -0.07602646946907043,
                    -0.10277865082025528,
                    0.9917946457862854
                ]
            ],
            [
                [
                    0.9885439276695251,
                    -0.14734138548374176,
                    -0.03273165598511696
                ],
                [
                    0.148081436753273,
                    0.9887424111366272,
                    0.021457262337207794
                ],
                [
                    0.029201630502939224,
                    -0.026058396324515343,
                    0.9992338418960571
                ]
            ],
            [
                [
                    0.7821196913719177,
                    -0.6083731055259705,
                    -0.13479968905448914
                ],
                [
                    0.6150762438774109,
                    0.7190681099891663,
                    0.3234536647796631
                ],
                [
                    -0.0998503789305687,
                    -0.3358915448188782,
                    0.9365931749343872
                ]
            ],
            [
                [
                    0.9568749666213989,
                    -0.2903033196926117,
                    0.010691298171877861
                ],
                [
                    0.29049572348594666,
                    0.9564153552055359,
                    -0.029696909710764885
                ],
                [
                    -0.001604208955541253,
                    0.031522005796432495,
                    0.9995017647743225
                ]
            ],
            [
                [
                    0.928220272064209,
                    -0.1926112174987793,
                    0.31828922033309937
                ],
                [
                    0.21880905330181122,
                    0.9745689630508423,
                    -0.048352520912885666
                ],
                [
                    -0.3008815348148346,
                    0.11452635377645493,
                    0.9467597603797913
                ]
            ],
            [
                [
                    0.8847979307174683,
                    -0.45762357115745544,
                    0.08782590925693512
                ],
                [
                    0.3416687846183777,
                    0.7652968764305115,
                    0.5455118417739868
                ],
                [
                    -0.31685197353363037,
                    -0.45266035199165344,
                    0.8334887623786926
                ]
            ],
            [
                [
                    0.9246797561645508,
                    -0.35878604650497437,
                    0.12743574380874634
                ],
                [
                    0.3127765655517578,
                    0.9066556096076965,
                    0.283101350069046
                ],
                [
                    -0.2171131670475006,
                    -0.2219191938638687,
                    0.9505859613418579
                ]
            ],
            [
                [
                    0.9890733361244202,
                    -0.14346864819526672,
                    -0.03392103314399719
                ],
                [
                    0.1399463564157486,
                    0.9860630035400391,
                    -0.08997125178575516
                ],
                [
                    0.046356331557035446,
                    0.08424104750156403,
                    0.9953665137290955
                ]
            ],
            [
                [
                    0.7978879809379578,
                    -0.6026189923286438,
                    -0.015004653483629227
                ],
                [
                    0.5002042055130005,
                    0.6479858160018921,
                    0.5743780732154846
                ],
                [
                    -0.3364083468914032,
                    -0.46579474210739136,
                    0.8184526562690735
                ]
            ],
            [
                [
                    0.9153756499290466,
                    -0.40242546796798706,
                    -0.01188211515545845
                ],
                [
                    0.4026007056236267,
                    0.9150007963180542,
                    0.02619660273194313
                ],
                [
                    0.00032996400841511786,
                    -0.028763480484485626,
                    0.9995862245559692
                ]
            ],
            [
                [
                    0.9520713090896606,
                    0.08686129003763199,
                    0.29328349232673645
                ],
                [
                    0.18482354283332825,
                    0.6006303429603577,
                    -0.7778710722923279
                ],
                [
                    -0.2437218725681305,
                    0.794794499874115,
                    0.5557889342308044
                ]
            ],
            [
                [
                    0.9653412103652954,
                    -0.2452511489391327,
                    0.08926478773355484
                ],
                [
                    0.15913943946361542,
                    0.824203610420227,
                    0.5434731841087341
                ],
                [
                    -0.2068597674369812,
                    -0.5104315280914307,
                    0.8346668481826782
                ]
            ],
            [
                [
                    0.9588114023208618,
                    -0.2814766764640808,
                    -0.03809979930520058
                ],
                [
                    0.2636495530605316,
                    0.9318358898162842,
                    -0.24934092164039612
                ],
                [
                    0.10568639636039734,
                    0.2290259152650833,
                    0.9676660895347595
                ]
            ]
        ],
        "betas": [
            -0.047502607107162476,
            -0.012251943349838257,
            0.1043778657913208,
            0.0400443971157074,
            0.0347173810005188,
            0.008312646299600601,
            0.030136555433273315,
            -0.04302394390106201,
            -0.03415118157863617,
            0.036640554666519165
        ]
    },
    "pred_cam_t": [
        -0.13416160643100739,
        0.009126048535108566,
        4.281323432922363
    ],
    "focal_length": [
        5000.0,
        5000.0
    ],
    "pred_keypoints_3d": [
        [
            0.09583212435245514,
            0.0064081973396241665,
            0.0061911242082715034
        ],
        [
            0.09686315804719925,
            -0.020876673981547356,
            0.033642444759607315
        ],
        [
            0.08674607425928116,
            -0.03796852380037308,
            0.057216838002204895
        ],
        [
            0.0797194093465805,
            -0.05225663632154465,
            0.07915341854095459
        ],
        [
            0.06387346982955933,
            -0.06516356766223907,
            0.10739348828792572
        ],
        [
            0.15109965205192566,
            -0.029166391119360924,
            0.06892196089029312
        ],
        [
            0.17708948254585266,
            -0.03737027943134308,
            0.08754477649927139
        ],
        [
            0.17910413444042206,
            -0.038735244423151016,
            0.10960607975721359
        ],
        [
            0.1757153868675232,
            -0.03920701891183853,
            0.1343054324388504
        ],
        [
            0.16403129696846008,
            -0.007484799716621637,
            0.07078323513269424
        ],
        [
            0.18599413335323334,
            -0.00635174848139286,
            0.09369005262851715
        ],
        [
            0.18421854078769684,
            -0.0050730025395751,
            0.11687687784433365
        ],
        [
            0.17993205785751343,
            -0.004547629505395889,
            0.1423918604850769
        ],
        [
            0.15866537392139435,
            0.01802295632660389,
            0.06421034038066864
        ],
        [
            0.17949271202087402,
            0.019093943759799004,
            0.08416081219911575
        ],
        [
            0.17746199667453766,
            0.019156750291585922,
            0.10885696113109589
        ],
        [
            0.17083419859409332,
            0.017938990145921707,
            0.13337606191635132
        ],
        [
            0.14932562410831451,
            0.03743777424097061,
            0.06017535924911499
        ],
        [
            0.16319963335990906,
            0.04075366631150246,
            0.07576251775026321
        ],
        [
            0.16279982030391693,
            0.04064280167222023,
            0.09471485018730164
        ],
        [
            0.1563570648431778,
            0.036649055778980255,
            0.11191663146018982
        ]
    ],
    "pred_vertices": [
        [
            0.11581727862358093,
            -0.01732758991420269,
            0.05374979227781296
        ],
        [
            0.10751031339168549,
            -0.015092931687831879,
            0.04914996773004532
        ],
        [
            0.10485593974590302,
            -0.022163087502121925,
            0.05760449543595314
        ],
        [
            0.11451270431280136,
            -0.025197496637701988,
            0.06076836958527565
        ],
        [
            0.0856875479221344,
            -0.013340629637241364,
            0.047915972769260406
        ],
        [
            0.0779225081205368,
            -0.0184481143951416,
            0.040823794901371
        ],
        [
            0.07672494649887085,
            -0.02667485550045967,
            0.05351924151182175
        ],
        [
            0.08240184187889099,
            -0.021204188466072083,
            0.05887962505221367
        ],
        [
            0.11334557831287384,
            -0.0327003113925457,
            0.0656072199344635
        ],
        [
            0.10247871279716492,
            -0.02778211422264576,
            0.06430438905954361
        ],
        [
            0.11093911528587341,
            -0.03882250934839249,
            0.06499990820884705
        ],
        [
            0.12736475467681885,
            -0.04164322838187218,
            0.060418758541345596
        ],
        [
            0.12533770501613617,
            -0.03590967506170273,
            0.06412652879953384
        ],
        [
            0.13765960931777954,
            -0.041321031749248505,
            0.06075091287493706
        ],
        [
            0.1285867840051651,
            -0.04297091066837311,
            0.0491117499768734
        ],
        [
            0.14372548460960388,
            -0.0390443429350853,
            0.05338495224714279
        ],
        [
            0.14227136969566345,
            -0.018074631690979004,
            0.0313633531332016
        ],
        [
            0.1434125155210495,
            -0.00448651472106576,
            0.028322234749794006
        ],
        [
            0.15467704832553864,
            -0.005518030375242233,
            0.04008825495839119
        ],
        [
            0.15202398598194122,
            -0.018853330984711647,
            0.04257586970925331
        ],
        [
            0.14867401123046875,
            0.01391945593059063,
            0.03582524135708809
        ],
        [
            0.1529412716627121,
            0.003295957576483488,
            0.03866061568260193
        ],
        [
            0.14231052994728088,
            0.004223167896270752,
            0.026001103222370148
        ],
        [
            0.1390209197998047,
            0.01385091245174408,
            0.024204622954130173
        ],
        [
            0.11553139984607697,
            -0.0019348273053765297,
            0.0447622574865818
        ],
        [
            0.10780660808086395,
            0.00043539702892303467,
            0.038745153695344925
        ],
        [
            0.108894944190979,
            -0.0058580003678798676,
            0.04148907586932182
        ],
        [
            0.11560474336147308,
            -0.007719393819570541,
            0.04692903161048889
        ],
        [
            0.09800108522176743,
            -0.04744946211576462,
            0.06248156353831291
        ],
        [
            0.10697823017835617,
            -0.046273123472929,
            0.05071588605642319
        ],
        [
            0.11124876886606216,
            -0.04406024143099785,
            0.05763830617070198
        ],
        [
            0.09807486087083817,
            -0.043949469923973083,
            0.067057304084301
        ],
        [
            0.08511722087860107,
            0.01559504121541977,
            0.026037845760583878
        ],
        [
            0.0798572450876236,
            0.014565728604793549,
            0.01354137435555458
        ],
        [
            0.07952986657619476,
            0.008688433095812798,
            0.013506494462490082
        ],
        [
            0.08511365950107574,
            0.010837707668542862,
            0.02471458911895752
        ],
        [
            0.07885682582855225,
            -0.010140467435121536,
            0.021974802017211914
        ],
        [
            0.07768360525369644,
            -0.00878886878490448,
            0.012128002941608429
        ],
        [
            0.07736010104417801,
            -0.01865614950656891,
            0.00247839093208313
        ],
        [
            0.08016061037778854,
            -0.022373689338564873,
            0.01084938645362854
        ],
        [
            0.07920271903276443,
            -0.013828586786985397,
            0.03199439495801926
        ],
        [
            0.07864895462989807,
            -0.024376392364501953,
            0.02259257808327675
        ],
        [
            0.07744333148002625,
            -0.026900239288806915,
            0.032929640263319016
        ],
        [
            0.07641692459583282,
            -0.033525556325912476,
            0.04693574830889702
        ],
        [
            0.08298446238040924,
            0.026870399713516235,
            0.011311762034893036
        ],
        [
            0.08676634728908539,
            0.029498375952243805,
            0.020400915294885635
        ],
        [
            0.16717547178268433,
            -0.04071143642067909,
            0.09541763365268707
        ],
        [
            0.1680036038160324,
            -0.03500383347272873,
            0.0971771627664566
        ],
        [
            0.1659017950296402,
            -0.034539543092250824,
            0.09441748261451721
        ],
        [
            0.1655980348587036,
            -0.04020604118704796,
            0.09323898702859879
        ],
        [
            0.10010875016450882,
            0.03590807691216469,
            0.0053007230162620544
        ],
        [
            0.10749811679124832,
            0.03328461945056915,
            -0.0012021586298942566
        ],
        [
            0.10162003338336945,
            0.034955862909555435,
            -0.005187995731830597
        ],
        [
            0.09417732805013657,
            0.03557482361793518,
            0.0006570145487785339
        ],
        [
            0.10785259306430817,
            0.036221008747816086,
            0.011583194136619568
        ],
        [
            0.11514158546924591,
            0.03055013343691826,
            0.004877164959907532
        ],
        [
            0.17812347412109375,
            -0.04563995450735092,
            0.09079235792160034
        ],
        [
            0.1733759045600891,
            -0.04662008583545685,
            0.0926264151930809
        ],
        [
            0.17259882390499115,
            -0.046063825488090515,
            0.08833211660385132
        ],
        [
            0.17694304883480072,
            -0.044216856360435486,
            0.0857403427362442
        ],
        [
            0.12385979294776917,
            -0.028024964034557343,
            0.06336379796266556
        ],
        [
            0.12306468188762665,
            -0.01888599433004856,
            0.0594123937189579
        ],
        [
            0.14103583991527557,
            -0.02870582789182663,
            0.07413257658481598
        ],
        [
            0.13389092683792114,
            -0.023440662771463394,
            0.06705969572067261
        ],
        [
            0.13244032859802246,
            -0.030899040400981903,
            0.06667894124984741
        ],
        [
            0.13945764303207397,
            -0.03458389639854431,
            0.07103895395994186
        ],
        [
            0.13327151536941528,
            -0.0007056114263832569,
            0.059024132788181305
        ],
        [
            0.12462654709815979,
            0.00015556253492832184,
            0.05101395398378372
        ],
        [
            0.12535712122917175,
            -0.006232012994587421,
            0.05316106230020523
        ],
        [
            0.13408301770687103,
            -0.008602175861597061,
            0.06257307529449463
        ],
        [
            0.12286636233329773,
            0.01427578367292881,
            0.05032322183251381
        ],
        [
            0.13182170689105988,
            0.012251369655132294,
            0.05802733078598976
        ],
        [
            0.12985703349113464,
            0.02055235207080841,
            0.05689850449562073
        ],
        [
            0.12313959002494812,
            0.020620718598365784,
            0.052209481596946716
        ],
        [
            0.14783699810504913,
            0.0056336186826229095,
            0.0711076632142067
        ],
        [
            0.15542006492614746,
            0.00409307237714529,
            0.07505815476179123
        ],
        [
            0.15642140805721283,
            0.007549721281975508,
            0.07452837377786636
        ],
        [
            0.14798229932785034,
            0.009220633655786514,
            0.07001892477273941
        ],
        [
            0.0964570865035057,
            0.03599759191274643,
            -0.009935744106769562
        ],
        [
            0.08872197568416595,
            0.03431430459022522,
            -0.003991611301898956
        ],
        [
            0.14108498394489288,
            0.03400684520602226,
            0.035021934658288956
        ],
        [
            0.13266363739967346,
            0.04120075702667236,
            0.03677587956190109
        ],
        [
            0.1414211541414261,
            0.04357123747467995,
            0.0457075797021389
        ],
        [
            0.14779365062713623,
            0.03522193059325218,
            0.041405126452445984
        ],
        [
            0.11335241794586182,
            0.025390464812517166,
            -0.004878439009189606
        ],
        [
            0.10843680799007416,
            0.028994549065828323,
            -0.00985216349363327
        ],
        [
            0.1822887659072876,
            -0.04103828966617584,
            0.09017367660999298
        ],
        [
            0.18073296546936035,
            -0.0393601693212986,
            0.08517903834581375
        ],
        [
            0.08543378114700317,
            -0.03462086617946625,
            0.024147436022758484
        ],
        [
            0.08177933096885681,
            -0.040503717958927155,
            0.041926901787519455
        ],
        [
            0.08698484301567078,
            -0.029770201072096825,
            0.01097872108221054
        ],
        [
            0.08756590634584427,
            -0.025659751147031784,
            0.0019345954060554504
        ],
        [
            0.0850391611456871,
            -0.023243557661771774,
            -0.005639366805553436
        ],
        [
            0.13772878050804138,
            -0.017867708578705788,
            0.06965723633766174
        ],
        [
            0.12166139483451843,
            -0.011380217969417572,
            0.05342267453670502
        ],
        [
            0.11511789262294769,
            0.003266889601945877,
            0.04372547194361687
        ],
        [
            0.1134137436747551,
            0.03413722291588783,
            0.04663443565368652
        ],
        [
            0.10509009659290314,
            0.034403398633003235,
            0.03981916606426239
        ],
        [
            0.10699062049388885,
            0.024593878537416458,
            0.043661631643772125
        ],
        [
            0.11435693502426147,
            0.02634967491030693,
            0.04836443066596985
        ],
        [
            0.12617962062358856,
            0.04371509701013565,
            0.0436692088842392
        ],
        [
            0.12335430085659027,
            0.03975936770439148,
            0.0501045361161232
        ],
        [
            0.13109418749809265,
            0.04017465189099312,
            0.05618416517972946
        ],
        [
            0.13446079194545746,
            0.04459947720170021,
            0.050994597375392914
        ],
        [
            0.09294796735048294,
            -0.051257554441690445,
            0.05800524353981018
        ],
        [
            0.10141275823116302,
            -0.04761316254734993,
            0.04513053223490715
        ],
        [
            0.09223446249961853,
            0.03475932031869888,
            0.012355208396911621
        ],
        [
            0.08712472021579742,
            0.03207244351506233,
            0.007152684032917023
        ],
        [
            0.08286655694246292,
            0.030914561823010445,
            -0.0001081228256225586
        ],
        [
            0.09632253646850586,
            0.006923479959368706,
            0.03290223702788353
        ],
        [
            0.085169218480587,
            0.007571082562208176,
            0.02388826385140419
        ],
        [
            0.08572693914175034,
            0.003461139276623726,
            0.025043096393346786
        ],
        [
            0.09811559319496155,
            0.0034965500235557556,
            0.033083800226449966
        ],
        [
            0.09894576668739319,
            -0.009491413831710815,
            0.04467511922121048
        ],
        [
            0.08823265880346298,
            -0.006334997713565826,
            0.037163808941841125
        ],
        [
            0.09557487070560455,
            -0.015557382255792618,
            0.05459911376237869
        ],
        [
            0.07808786630630493,
            0.0009738001972436905,
            0.012065619230270386
        ],
        [
            0.07322661578655243,
            0.008209388703107834,
            0.00523173063993454
        ],
        [
            0.07270895689725876,
            -0.0006245356053113937,
            0.0041433051228523254
        ],
        [
            0.07530099153518677,
            0.01778823509812355,
            0.004207886755466461
        ],
        [
            0.07851532101631165,
            0.02599485032260418,
            0.0025310367345809937
        ],
        [
            0.10502412170171738,
            0.031573861837387085,
            -0.017215214669704437
        ],
        [
            0.07391545176506042,
            -0.00884980522096157,
            0.0027903765439987183
        ],
        [
            0.08104493468999863,
            -0.02843010053038597,
            0.06518292427062988
        ],
        [
            0.07886991649866104,
            -0.03519866615533829,
            0.06977896392345428
        ],
        [
            0.0862775668501854,
            -0.035039547830820084,
            0.07228044420480728
        ],
        [
            0.08908750116825104,
            -0.02874259278178215,
            0.06802953779697418
        ],
        [
            0.14785468578338623,
            -0.041435107588768005,
            0.06313423812389374
        ],
        [
            0.14272353053092957,
            -0.03967057541012764,
            0.06854578107595444
        ],
        [
            0.13280193507671356,
            -0.03839427977800369,
            0.06438972055912018
        ],
        [
            0.09279083460569382,
            0.02023584581911564,
            0.033377744257450104
        ],
        [
            0.09370999783277512,
            0.031893692910671234,
            0.028398752212524414
        ],
        [
            0.14559967815876007,
            -0.023884985595941544,
            0.07636629790067673
        ],
        [
            0.1757846474647522,
            -0.043266892433166504,
            0.08118586242198944
        ],
        [
            0.1710205078125,
            -0.04559212550520897,
            0.08407128602266312
        ],
        [
            0.16082730889320374,
            -0.042662616819143295,
            0.07143979519605637
        ],
        [
            0.16628460586071014,
            -0.04002247378230095,
            0.06835862994194031
        ],
        [
            0.1575745940208435,
            -0.02243228629231453,
            0.07772456109523773
        ],
        [
            0.15166209638118744,
            -0.02565583772957325,
            0.0788901150226593
        ],
        [
            0.1552150398492813,
            -0.026273971423506737,
            0.07982354611158371
        ],
        [
            0.16073176264762878,
            -0.022844411432743073,
            0.08017557114362717
        ],
        [
            0.15305715799331665,
            0.015886573120951653,
            0.07148999720811844
        ],
        [
            0.14594192802906036,
            0.017387280240654945,
            0.06800683587789536
        ],
        [
            0.16041310131549835,
            -0.01815386861562729,
            0.05587441846728325
        ],
        [
            0.15703149139881134,
            -0.030953416600823402,
            0.05257824808359146
        ],
        [
            0.14861123263835907,
            -0.030819473788142204,
            0.04582338407635689
        ],
        [
            0.13210400938987732,
            0.0065831635147333145,
            0.05760332569479942
        ],
        [
            0.13997387886047363,
            0.006683630868792534,
            0.06497375667095184
        ],
        [
            0.1399223655462265,
            0.010853957384824753,
            0.0644214004278183
        ],
        [
            0.14163361489772797,
            -0.015239639207720757,
            0.07147636264562607
        ],
        [
            0.14882352948188782,
            -0.01864238828420639,
            0.07648289948701859
        ],
        [
            0.14701908826828003,
            -0.013141851872205734,
            0.07332458347082138
        ],
        [
            0.14099499583244324,
            -0.01006894651800394,
            0.06873708963394165
        ],
        [
            0.12437920272350311,
            0.039874009788036346,
            0.026694338768720627
        ],
        [
            0.11660154163837433,
            0.04318835586309433,
            0.034719932824373245
        ],
        [
            0.16924795508384705,
            -0.04485179856419563,
            0.09408862143754959
        ],
        [
            0.16812920570373535,
            -0.04447697848081589,
            0.09103080630302429
        ],
        [
            0.12366534769535065,
            0.007261951453983784,
            0.049744248390197754
        ],
        [
            0.13842158019542694,
            -0.029259702190756798,
            0.03658724203705788
        ],
        [
            0.1144324243068695,
            0.008762422949075699,
            0.04312837868928909
        ],
        [
            0.1576710194349289,
            0.023470822721719742,
            0.053135551512241364
        ],
        [
            0.15561722218990326,
            0.027378933504223824,
            0.05851459875702858
        ],
        [
            0.15946166217327118,
            0.02523529715836048,
            0.06287121772766113
        ],
        [
            0.1633535623550415,
            0.02310352213680744,
            0.058937251567840576
        ],
        [
            0.17112894356250763,
            -0.025242814794182777,
            0.08904143422842026
        ],
        [
            0.16726358234882355,
            -0.02822531759738922,
            0.09203039109706879
        ],
        [
            0.16886277496814728,
            -0.02900788001716137,
            0.09423033148050308
        ],
        [
            0.17377614974975586,
            -0.02639448083937168,
            0.0920940712094307
        ],
        [
            0.14865976572036743,
            -0.030693799257278442,
            0.07782953232526779
        ],
        [
            0.14705270528793335,
            -0.03641384840011597,
            0.07498891651630402
        ],
        [
            0.15280012786388397,
            -0.036929901689291,
            0.07875587046146393
        ],
        [
            0.1537816822528839,
            -0.03122812882065773,
            0.08009964227676392
        ],
        [
            0.150991752743721,
            -0.040752336382865906,
            0.07134324312210083
        ],
        [
            0.1557054966688156,
            -0.04140168055891991,
            0.07506465911865234
        ],
        [
            0.17607036232948303,
            -0.025911971926689148,
            0.08487901091575623
        ],
        [
            0.1796175092458725,
            -0.03149833902716637,
            0.08112990856170654
        ],
        [
            0.17056261003017426,
            -0.027101537212729454,
            0.07009351253509521
        ],
        [
            0.16753964126110077,
            -0.023489398881793022,
            0.07651742547750473
        ],
        [
            0.13013365864753723,
            0.013548208400607109,
            0.012206025421619415
        ],
        [
            0.12714597582817078,
            0.024334624409675598,
            0.012662716209888458
        ],
        [
            0.13598144054412842,
            0.024941403418779373,
            0.024540923535823822
        ],
        [
            0.14506715536117554,
            0.025972941890358925,
            0.03531849384307861
        ],
        [
            0.1528230607509613,
            0.026049675419926643,
            0.04643956571817398
        ],
        [
            0.15735015273094177,
            0.014826396480202675,
            0.044746264815330505
        ],
        [
            0.13242238759994507,
            0.0322909951210022,
            0.024309508502483368
        ],
        [
            0.1615779995918274,
            -0.01785418391227722,
            0.06909113377332687
        ],
        [
            0.16289538145065308,
            -0.023820586502552032,
            0.06269417703151703
        ],
        [
            0.16312763094902039,
            -0.017766719684004784,
            0.06235690042376518
        ],
        [
            0.11304815858602524,
            0.016064871102571487,
            0.04420339688658714
        ],
        [
            0.16680438816547394,
            -0.044641073793172836,
            0.08724963665008545
        ],
        [
            0.10561952739953995,
            -0.01677330769598484,
            -0.008621372282505035
        ],
        [
            0.11121983826160431,
            -0.004903363063931465,
            -0.011513814330101013
        ],
        [
            0.11554741859436035,
            -0.007800600491464138,
            -0.0043650344014167786
        ],
        [
            0.10868793725967407,
            -0.020942039787769318,
            -0.0005050376057624817
        ],
        [
            0.16423797607421875,
            -0.03449516370892525,
            0.09264208376407623
        ],
        [
            0.1636248230934143,
            -0.040553100407123566,
            0.09083479642868042
        ],
        [
            0.14719095826148987,
            0.024204840883612633,
            0.06789667904376984
        ],
        [
            0.15339279174804688,
            0.02165338397026062,
            0.07013113796710968
        ],
        [
            0.15609511733055115,
            0.024306342005729675,
            0.0687895119190216
        ],
        [
            0.15080799162387848,
            0.02921787090599537,
            0.06815578043460846
        ],
        [
            0.12405837327241898,
            0.029440924525260925,
            0.012463510036468506
        ],
        [
            0.14746497571468353,
            0.044605083763599396,
            0.051271818578243256
        ],
        [
            0.1525714248418808,
            0.03769863396883011,
            0.04714219272136688
        ],
        [
            0.11936002969741821,
            0.023367229849100113,
            0.0022222399711608887
        ],
        [
            0.1223384216427803,
            0.014029711484909058,
            0.0012812167406082153
        ],
        [
            0.11666801571846008,
            0.014991764910519123,
            -0.006592601537704468
        ],
        [
            0.1628626585006714,
            0.0023349591065198183,
            0.052396200597286224
        ],
        [
            0.13294054567813873,
            0.005477181635797024,
            0.014065973460674286
        ],
        [
            0.12392987310886383,
            0.006612393539398909,
            0.0027734041213989258
        ],
        [
            0.11718601733446121,
            0.007394847925752401,
            -0.0065668001770973206
        ],
        [
            0.11285246908664703,
            0.008666319772601128,
            -0.013618804514408112
        ],
        [
            0.11258004605770111,
            0.016869056969881058,
            -0.012818552553653717
        ],
        [
            0.17881911993026733,
            -0.03764214366674423,
            0.08054579794406891
        ],
        [
            0.1825549155473709,
            -0.032641954720020294,
            0.0863078385591507
        ],
        [
            0.10917316377162933,
            0.01931774988770485,
            -0.020905867218971252
        ],
        [
            0.10907848179340363,
            0.009950208477675915,
            -0.021070115268230438
        ],
        [
            0.12442097067832947,
            -0.0025090649724006653,
            0.004521593451499939
        ],
        [
            0.1235378086566925,
            -0.013782479800283909,
            0.0076216235756874084
        ],
        [
            0.13295775651931763,
            -0.0032090097665786743,
            0.015575390309095383
        ],
        [
            0.13301721215248108,
            -0.014382615685462952,
            0.01942119374871254
        ],
        [
            0.16284207999706268,
            -0.007336750160902739,
            0.04832709580659866
        ],
        [
            0.1848684847354889,
            -0.032997503876686096,
            0.10444633662700653
        ],
        [
            0.18190959095954895,
            -0.029555698856711388,
            0.0942145586013794
        ],
        [
            0.1765872687101364,
            -0.02789313904941082,
            0.0960201695561409
        ],
        [
            0.1815544217824936,
            -0.03039720095694065,
            0.10549971461296082
        ],
        [
            0.1788526177406311,
            -0.027379006147384644,
            0.08919022232294083
        ],
        [
            0.1839684545993805,
            -0.0343138724565506,
            0.09153392910957336
        ],
        [
            0.12740153074264526,
            -0.0282280333340168,
            0.025511030107736588
        ],
        [
            0.15462802350521088,
            -0.015492807142436504,
            0.07626911252737045
        ],
        [
            0.11416119337081909,
            -0.028638646006584167,
            0.014290932565927505
        ],
        [
            0.12070927023887634,
            -0.04239168390631676,
            0.037490908056497574
        ],
        [
            0.10907243192195892,
            -0.04129491746425629,
            0.02999090403318405
        ],
        [
            0.09940756857395172,
            -0.02930421568453312,
            0.003957487642765045
        ],
        [
            0.09752867370843887,
            -0.03779812157154083,
            0.01815609633922577
        ],
        [
            0.09419983625411987,
            -0.021529436111450195,
            -0.010908462107181549
        ],
        [
            0.09817633032798767,
            -0.024430979043245316,
            -0.0037892982363700867
        ],
        [
            0.09316307306289673,
            -0.04353998601436615,
            0.03363851085305214
        ],
        [
            0.16995693743228912,
            -0.039517004042863846,
