{
    "pred_cam": [
        7.8942766189575195,
        -0.13018225133419037,
        -0.07641886174678802
    ],
    "pred_mano_params": {
        "global_orient": [
            [
                [
                    -0.2921482026576996,
                    -0.18824690580368042,
                    0.9376633167266846
                ],
                [
                    -0.8745837807655334,
                    -0.3441288471221924,
                    -0.34158235788345337
                ],
                [
                    0.38697877526283264,
                    -0.9198578596115112,
                    -0.06410106271505356
                ]
            ]
        ],
        "hand_pose": [
            [
                [
                    0.8591243624687195,
                    -0.4545721411705017,
                    -0.23509445786476135
                ],
                [
                    0.46494176983833313,
                    0.8852512836456299,
                    -0.012623586691915989
                ],
                [
                    0.21385598182678223,
                    -0.09846000373363495,
                    0.9718905091285706
                ]
            ],
            [
                [
                    0.9922068119049072,
                    0.08267523348331451,
                    0.09322283416986465
                ],
                [
                    -0.0625544860959053,
                    0.9775586128234863,
                    -0.20116202533245087
                ],
                [
                    -0.10776188969612122,
                    0.19376280903816223,
                    0.9751120209693909
                ]
            ],
            [
                [
                    0.873246431350708,
                    -0.47313356399536133,
                    0.11655594408512115
                ],
                [
                    0.4869175851345062,
                    0.8380613327026367,
                    -0.24609804153442383
                ],
                [
                    0.018756169825792313,
                    0.27165740728378296,
                    0.9622111320495605
                ]
            ],
            [
                [
                    0.8351517915725708,
                    -0.5138157606124878,
                    -0.19625213742256165
                ],
                [
                    0.5306724309921265,
                    0.8465398550033569,
                    0.04191824793815613
                ],
                [
                    0.14459697902202606,
                    -0.13915368914604187,
                    0.9796571135520935
                ]
            ],
            [
                [
                    0.951278567314148,
                    -0.30302757024765015,
                    -0.0569501630961895
                ],
                [
                    0.30176225304603577,
                    0.8770614862442017,
                    0.37376806139945984
                ],
                [
                    -0.06331323087215424,
                    -0.37274298071861267,
                    0.9257720708847046
                ]
            ],
            [
                [
                    0.8575658202171326,
                    -0.48355522751808167,
                    -0.17537105083465576
                ],
                [
                    0.5022942423820496,
                    0.8607065677642822,
                    0.08297371864318848
                ],
                [
                    0.11082064360380173,
                    -0.15924331545829773,
                    0.9809995293617249
                ]
            ],
            [
                [
                    0.47921618819236755,
                    -0.6567766666412354,
                    0.5822337865829468
                ],
                [
                    0.42829251289367676,
                    0.7540091276168823,
                    0.4980317950248718
                ],
                [
                    -0.7661053538322449,
                    0.010701481252908707,
                    0.6426259279251099
                ]
            ],
            [
                [
                    0.72746342420578,
                    -0.5987305641174316,
                    -0.33513978123664856
                ],
                [
                    0.6549882292747498,
                    0.4604405462741852,
                    0.5991535186767578
                ],
                [
                    -0.2044195830821991,
                    -0.6553748846054077,
                    0.7271150946617126
                ]
            ],
            [
                [
                    0.8533722758293152,
                    -0.5186267495155334,
                    -0.052744749933481216
                ],
                [
                    0.5169440507888794,
                    0.8288403749465942,
                    0.21399162709712982
                ],
                [
                    -0.06726481020450592,
                    -0.20988062024116516,
                    0.9754104018211365
                ]
            ],
            [
                [
                    0.7428612112998962,
                    -0.6688514947891235,
                    0.028194226324558258
                ],
                [
                    0.666851282119751,
                    0.7430300116539001,
                    0.056707851588726044
                ],
                [
                    -0.05887829139828682,
                    -0.02332470752298832,
                    0.9979926347732544
                ]
            ],
            [
                [
                    0.5626201033592224,
                    -0.8101276159286499,
                    -0.16477854549884796
                ],
                [
                    0.7308415174484253,
                    0.3942265510559082,
                    0.55718594789505
                ],
                [
                    -0.38643163442611694,
                    -0.43391096591949463,
                    0.8138746619224548
                ]
            ],
            [
                [
                    0.7914936542510986,
                    -0.5527781248092651,
                    -0.2607187330722809
                ],
                [
                    0.5866876244544983,
                    0.8067258596420288,
                    0.07064736634492874
                ],
                [
                    0.17127622663974762,
                    -0.20887738466262817,
                    0.9628264904022217
                ]
            ],
            [
                [
                    0.9253613948822021,
                    0.10320942848920822,
                    -0.36476564407348633
                ],
                [
                    -0.327520489692688,
                    0.7021821737289429,
                    -0.632194995880127
                ],
                [
                    0.19088345766067505,
                    0.7044771313667297,
                    0.683575451374054
                ]
            ],
            [
                [
                    0.8992515802383423,
                    -0.15969493985176086,
                    -0.40723973512649536
                ],
                [
                    0.38957616686820984,
                    0.715777575969696,
                    0.5795626044273376
                ],
                [
                    0.19893988966941833,
                    -0.6798234581947327,
                    0.7058774828910828
                ]
            ],
            [
                [
                    0.9608187079429626,
                    0.259197473526001,
                    -0.0982040986418724
                ],
                [
                    -0.2309340089559555,
                    0.9445279836654663,
                    0.23353011906147003
                ],
                [
                    0.15328696370124817,
                    -0.20170144736766815,
                    0.9673776626586914
                ]
            ]
        ],
        "betas": [
            -0.046840667724609375,
            -0.04637053608894348,
            -0.13136041164398193,
            0.017606228590011597,
            0.053005337715148926,
            -0.015968646854162216,
            0.030908852815628052,
            -0.021840274333953857,
            -0.012527957558631897,
            -0.013004720211029053
        ]
    },
    "pred_cam_t": [
        -0.13018225133419037,
        -0.07641886174678802,
        4.94820499420166
    ],
    "focal_length": [
        5000.0,
        5000.0
    ],
    "pred_keypoints_3d": [
        [
            0.0960255116224289,
            0.006414276082068682,
            0.0062116882763803005
        ],
        [
            0.13023877143859863,
            0.02407546155154705,
            0.009500374086201191
        ],
        [
            0.15184210240840912,
            0.045833148062229156,
            0.005590816959738731
        ],
        [
            0.1588018834590912,
            0.07024820148944855,
            -0.004183752462267876
        ],
        [
            0.16532428562641144,
            0.09399864077568054,
            -0.030342474579811096
        ],
        [
            0.1422087848186493,
            0.0784698948264122,
            -0.024538705125451088
        ],
        [
            0.1483982354402542,
            0.11104363948106766,
            -0.025235986337065697
        ],
        [
            0.15343597531318665,
            0.1326897293329239,
            -0.0232160072773695
        ],
        [
            0.15763770043849945,
            0.15497633814811707,
            -0.01102130115032196
        ],
        [
            0.1208558976650238,
            0.09112852066755295,
            -0.02893195115029812
        ],
        [
            0.1216956079006195,
            0.12258253246545792,
            -0.024256298318505287
        ],
        [
            0.12578214704990387,
            0.1413920670747757,
            -0.01100166141986847
        ],
        [
            0.1307181417942047,
            0.15531384944915771,
            0.010377004742622375
        ],
        [
            0.09568973630666733,
            0.08859868347644806,
            -0.02015518955886364
        ],
        [
            0.10235828906297684,
            0.11569590866565704,
            -0.012440448626875877
        ],
        [
            0.10920204222202301,
            0.1159522607922554,
            0.011507576331496239
        ],
        [
            0.11072729527950287,
            0.10572157055139542,
            0.03510525822639465
        ],
        [
            0.07754318416118622,
            0.08499359339475632,
            -0.008564364165067673
        ],
        [
            0.08935974538326263,
            0.10151191055774689,
            -0.00248626247048378
        ],
        [
            0.09428434818983078,
            0.10200148820877075,
            0.015915099531412125
        ],
        [
            0.09546542167663574,
            0.09436505287885666,
            0.03272944688796997
        ]
    ],
    "pred_vertices": [
        [
            0.1281769722700119,
            0.05001112446188927,
            0.0011826641857624054
        ],
        [
            0.12424081563949585,
            0.04150361567735672,
            0.007027331739664078
        ],
        [
            0.1323181539773941,
            0.047773465514183044,
            0.006390731781721115
        ],
        [
            0.13639076054096222,
            0.053988635540008545,
            0.0008531007915735245
        ],
        [
            0.1329142153263092,
            0.03703894466161728,
            0.023628901690244675
        ],
        [
            0.1405947208404541,
            0.02836412563920021,
            0.026621825993061066
        ],
        [
            0.15058773756027222,
            0.042880695313215256,
            0.021166596561670303
        ],
        [
            0.1427127569913864,
            0.04867832362651825,
            0.020591210573911667
        ],
        [
            0.14279532432556152,
            0.05696716904640198,
            -0.0016640909016132355
        ],
        [
            0.1389724612236023,
            0.05313944071531296,
            0.005763910710811615
        ],
        [
            0.14445260167121887,
            0.055154699832201004,
            -0.005432281643152237
        ],
        [
            0.1484067738056183,
            0.057308629155159,
            -0.01696041040122509
        ],
        [
            0.14633390307426453,
            0.06036750227212906,
            -0.010198602452874184
        ],
        [
            0.14969941973686218,
            0.06253987550735474,
            -0.023272031918168068
        ],
        [
            0.14606016874313354,
            0.04788503050804138,
            -0.022559624165296555
        ],
        [
            0.14489486813545227,
            0.06018410623073578,
            -0.031127972528338432
        ],
        [
            0.12029378116130829,
            0.044912777841091156,
            -0.03028292767703533
        ],
        [
            0.10697519779205322,
            0.04614349454641342,
            -0.028687424957752228
        ],
        [
            0.1100861132144928,
            0.061919551342725754,
            -0.03465345501899719
        ],
        [
            0.12355219572782516,
            0.05952008068561554,
            -0.03478895500302315
        ],
        [
            0.0911201685667038,
            0.06003884598612785,
            -0.026179872453212738
        ],
        [
            0.10163802653551102,
            0.06189284473657608,
            -0.03127634525299072
        ],
        [
            0.09828496724367142,
            0.04566606134176254,
            -0.026388507336378098
        ],
        [
            0.08912225067615509,
            0.044791486114263535,
            -0.021848905831575394
        ],
        [
            0.1132349744439125,
            0.046370625495910645,
            0.0031650401651859283
        ],
        [
            0.10953574627637863,
            0.037249304354190826,
            0.008573194965720177
        ],
        [
            0.11480500549077988,
            0.03760470077395439,
            0.007260896265506744
        ],
        [
            0.11853781342506409,
            0.046511199325323105,
            0.002315439283847809
        ],
        [
            0.14947150647640228,
            0.051444169133901596,
            -0.006782539188861847
        ],
        [
            0.15022316575050354,
            0.041184987872838974,
            -0.00998368114233017
        ],
        [
            0.14717034995555878,
            0.0484459288418293,
            -0.010349897667765617
        ],
        [
            0.14684702455997467,
            0.05553039163351059,
            -0.003630099818110466
        ],
        [
            0.09514809399843216,
            0.019902467727661133,
            0.026305248960852623
        ],
        [
            0.0927797481417656,
            0.006627403199672699,
            0.025295110419392586
        ],
        [
            0.09837815910577774,
            0.005086027085781097,
            0.024206317961215973
        ],
        [
            0.09922122955322266,
            0.01744643598794937,
            0.024995816871523857
        ],
        [
            0.12244752794504166,
            0.008444316685199738,
            0.02606474980711937
        ],
        [
            0.11581243574619293,
            -0.0004969015717506409,
            0.02201456017792225
        ],
        [
            0.12173321843147278,
            -0.010673172771930695,
            0.014739274978637695
        ],
        [
            0.12914182245731354,
            -0.00242721289396286,
            0.015162957832217216
        ],
        [
            0.1318908929824829,
            0.01850486546754837,
            0.027788564562797546
        ],
        [
            0.13833589851856232,
            0.008280560374259949,
            0.0204148069024086
        ],
        [
            0.14719000458717346,
            0.020687829703092575,
            0.02086220309138298
        ],
        [
            0.15560872852802277,
            0.03697356581687927,
            0.015782112255692482
        ],
        [
            0.08013368397951126,
            0.008941330015659332,
            0.02493562549352646
        ],
        [
            0.08009978383779526,
            0.019090235233306885,
            0.026163998991250992
        ],
        [
            0.15514321625232697,
            0.11450307816267014,
            -0.017538711428642273
        ],
        [
            0.14991170167922974,
            0.11663619428873062,
            -0.016188591718673706
        ],
        [
            0.14943790435791016,
            0.11081966757774353,
            -0.01545595470815897
        ],
        [
            0.15469062328338623,
            0.10994911193847656,
            -0.017543809488415718
        ],
        [
            0.0675751119852066,
            0.014257922768592834,
            0.009954659268260002
        ],
        [
            0.06701721251010895,
            0.011815369129180908,
            0.00017280317842960358
        ],
        [
            0.06495676934719086,
            0.005903109908103943,
            0.003961069509387016
        ],
        [
            0.06721064448356628,
            0.0073159560561180115,
            0.012997422367334366
        ],
        [
            0.06813214719295502,
            0.023430846631526947,
            0.0059754736721515656
        ],
        [
            0.0704612135887146,
            0.020100153982639313,
            -0.00458483025431633
        ],
        [
            0.15667612850666046,
            0.11531932651996613,
            -0.03012489527463913
        ],
        [
            0.15892018377780914,
            0.11454389989376068,
            -0.025539029389619827
        ],
        [
            0.157728910446167,
            0.109718456864357,
            -0.026977520436048508
        ],
        [
            0.1544456034898758,
            0.1101047471165657,
            -0.030977074056863785
        ],
        [
            0.14080294966697693,
            0.06041176617145538,
            -0.0050420258194208145
        ],
        [
            0.13202859461307526,
            0.058623529970645905,
            -0.002471309155225754
        ],
        [
            0.14410878717899323,
            0.07579579949378967,
            -0.012704219669103622
        ],
        [
            0.13815511763095856,
            0.06920554488897324,
            -0.009426834061741829
        ],
        [
            0.14460432529449463,
            0.06641948968172073,
            -0.010957445949316025
        ],
        [
            0.1486196219921112,
            0.07196009159088135,
            -0.014853853732347488
        ],
        [
            0.11469897627830505,
            0.0674530491232872,
            -0.005877293646335602
        ],
        [
            0.11244818568229675,
            0.05675173178315163,
            -0.0015712529420852661
        ],
        [
            0.11884605884552002,
            0.05744559317827225,
            -0.003032604232430458
        ],
        [
            0.12312658876180649,
            0.06909212470054626,
            -0.007201042026281357
        ],
        [
            0.09922294318675995,
            0.05828358232975006,
            0.0034610573202371597
        ],
        [
            0.10241129994392395,
            0.06850702315568924,
            -0.0016444120556116104
        ],
        [
            0.09449918568134308,
            0.06813539564609528,
            0.0017674118280410767
        ],
        [
            0.09386087954044342,
            0.06127294525504112,
            0.005739947780966759
        ],
        [
            0.11097747832536697,
            0.08478863537311554,
            -0.011296953074634075
        ],
        [
            0.11291055381298065,
            0.09049680083990097,
            -0.014724787324666977
        ],
        [
            0.10976838320493698,
            0.0916663110256195,
            -0.013567700982093811
        ],
        [
            0.10736636072397232,
            0.08461788296699524,
            -0.01043739914894104
        ],
        [
            0.06314176321029663,
            -0.0004415959119796753,
            0.006640631705522537
        ],
        [
            0.0676221251487732,
            0.00040605664253234863,
            0.015367565676569939
        ],
        [
            0.07255232334136963,
            0.06016261875629425,
            -0.01467707846313715
        ],
        [
            0.06768582761287689,
            0.05833686143159866,
            -0.004701722413301468
        ],
        [
            0.06754454970359802,
            0.07202531397342682,
            -0.008193202316761017
        ],
        [
            0.07261175662279129,
            0.07023170590400696,
            -0.018610652536153793
        ],
        [
            0.07246032357215881,
            0.00984981656074524,
            -0.008464397862553596
        ],
        [
            0.06816013157367706,
            0.004011504352092743,
            -0.005392434075474739
        ],
        [
            0.15143078565597534,
            0.11721638590097427,
            -0.032795242965221405
        ],
        [
            0.14892396330833435,
            0.11168741434812546,
            -0.03248075395822525
        ],
        [
            0.14723818004131317,
            0.012940563261508942,
            0.009169746190309525
        ],
        [
            0.15715467929840088,
            0.032220304012298584,
            0.008060351014137268
        ],
        [
            0.13620319962501526,
            0.00031520426273345947,
            0.006916046142578125
        ],
        [
            0.1274615228176117,
            -0.007361486554145813,
            0.0040909163653850555
        ],
        [
            0.1221320778131485,
            -0.014958292245864868,
            0.0033438019454479218
        ],
        [
            0.13348354399204254,
            0.07395585626363754,
            -0.00997893512248993
        ],
        [
            0.1237230896949768,
            0.05455765500664711,
            -0.0013177767395973206
        ],
        [
            0.10836639255285263,
            0.046636562794446945,
            0.004478046670556068
        ],
        [
            0.08057089149951935,
            0.05494178459048271,
            0.015285549685359001
        ],
        [
            0.07924447953701019,
            0.04542664811015129,
            0.019703255966305733
        ],
        [
            0.08952263742685318,
            0.04736746847629547,
            0.017163829877972603
        ],
        [
            0.0884125605225563,
            0.0551178976893425,
            0.013242138549685478
        ],
        [
            0.06851571053266525,
            0.06106788292527199,
            0.004775231704115868
        ],
        [
            0.07478433847427368,
            0.06366495788097382,
            0.009290609508752823
        ],
        [
            0.07519934326410294,
            0.07191255688667297,
            0.005382154136896133
        ],
        [
            0.0689554363489151,
            0.07166038453578949,
            0.0006862673908472061
        ],
        [
            0.15570329129695892,
            0.04786168783903122,
            -0.007699323818087578
        ],
        [
            0.15386416018009186,
            0.0351860448718071,
            -0.008170964196324348
        ],
        [
            0.07187193632125854,
            0.016117654740810394,
            0.019474225118756294
        ],
        [
            0.07338684797286987,
            0.00858362764120102,
            0.020984409376978874
        ],
        [
            0.07277733087539673,
            9.760260581970215e-05,
            0.02119225263595581
        ],
        [
            0.10369805991649628,
            0.028291307389736176,
            0.018261954188346863
        ],
        [
            0.10218076407909393,
            0.015757009387016296,
            0.024351783096790314
        ],
        [
            0.1068301647901535,
            0.015644945204257965,
            0.024428974837064743
        ],
        [
            0.10646207630634308,
            0.027607634663581848,
            0.016887370496988297
        ],
        [
            0.12121612578630447,
            0.03508809208869934,
            0.016101934015750885
        ],
        [
            0.12197822332382202,
            0.02569695934653282,
            0.025413937866687775
        ],
        [
            0.12940943241119385,
            0.04449069872498512,
            0.014853965491056442
        ],
        [
            0.10569887608289719,
            0.0014222636818885803,
            0.02343207225203514
        ],
        [
            0.09695124626159668,
            -0.004980497062206268,
            0.025801939889788628
        ],
        [
            0.10503196716308594,
            -0.008033163845539093,
            0.023603739216923714
        ],
        [
            0.08739541471004486,
            -0.0027634501457214355,
            0.026063749566674232
        ],
        [
            0.0787757933139801,
            -0.0008547380566596985,
            0.024777650833129883
        ],
        [
            0.06382060050964355,
            -0.0033481717109680176,
            -0.004946963861584663
        ],
        [
            0.11221682280302048,
            -0.010279633104801178,
            0.019909407943487167
        ],
        [
            0.1495324820280075,
            0.055191293358802795,
            0.016192341223359108
        ],
        [
            0.15397626161575317,
            0.060653120279312134,
            0.011287031695246696
        ],
        [
            0.14782018959522247,
            0.06170544773340225,
            0.008400946855545044
        ],
        [
            0.14402925968170166,
            0.05710158497095108,
            0.01154518686234951
        ],
        [
            0.1507635861635208,
            0.07055199146270752,
            -0.028347790241241455
        ],
        [
            0.15166465938091278,
            0.07140793651342392,
            -0.02037579007446766
        ],
        [
            0.1494828760623932,
            0.06347019970417023,
            -0.015718817710876465
        ],
        [
            0.09216171503067017,
            0.030921928584575653,
            0.023935573175549507
        ],
        [
            0.07954274117946625,
            0.029774807393550873,
            0.024172186851501465
        ],
        [
            0.13946309685707092,
            0.08047263324260712,
            -0.013464851304888725
        ],
        [
            0.1525523066520691,
            0.10583283007144928,
            -0.03276076167821884
        ],
        [
            0.1563541442155838,
            0.10491476207971573,
            -0.028450431302189827
        ],
        [
            0.15354043245315552,
            0.08643913269042969,
            -0.02899741753935814
        ],
        [
            0.14949385821819305,
            0.08847521245479584,
            -0.03410068154335022
        ],
        [
            0.13613560795783997,
            0.08872408419847488,
            -0.01981993019580841
        ],
        [
            0.140178844332695,
            0.0848359763622284,
            -0.015224861912429333
        ],
        [
            0.1399296075105667,
            0.08752290159463882,
            -0.016409767791628838
        ],
        [
            0.13564138114452362,
            0.09184905141592026,
            -0.018779126927256584
        ],
        [
            0.10163167119026184,
            0.08943209797143936,
            -0.00956388283520937
        ],
        [
            0.09961330890655518,
            0.08315012603998184,
            -0.006779849529266357
        ],
        [
            0.12657245993614197,
            0.07531573623418808,
            -0.03589910268783569
        ],
        [
            0.13784188032150269,
            0.06921178847551346,
            -0.03939124196767807
        ],
        [
            0.1351909339427948,
            0.05766073986887932,
            -0.03517238795757294
        ],
        [
            0.10756005346775055,
            0.06718810647726059,
            -0.0035790670663118362
        ],
        [
            0.10886070132255554,
            0.07692224532365799,
            -0.007235603407025337
        ],
        [
            0.1048315018415451,
            0.0770987719297409,
            -0.0061866603791713715
        ],
        [
            0.1310427039861679,
            0.07787643373012543,
            -0.011585365049540997
        ],
        [
            0.1343601495027542,
            0.08369088172912598,
            -0.014989697374403477
        ],
        [
            0.12912936508655548,
            0.08260009437799454,
            -0.01459568552672863
        ],
        [
            0.12557904422283173,
            0.07709275186061859,
            -0.010864054784178734
        ],
        [
            0.06705416738986969,
            0.04525764286518097,
            -0.0014994200319051743
        ],
        [
            0.06766337156295776,
            0.04876286908984184,
            0.009644322097301483
        ],
        [
            0.15842285752296448,
            0.11398828029632568,
            -0.020976709201931953
        ],
        [
            0.1576511412858963,
            0.10938200354576111,
            -0.021892230957746506
        ],
        [
            0.10551844537258148,
            0.0567161850631237,
            0.0006323028355836868
        ],
        [
            0.13141170144081116,
            0.0446237251162529,
            -0.028978202491998672
        ],
        [
            0.10316452383995056,
            0.04703858494758606,
            0.006287172436714172
        ],
        [
            0.087216317653656,
            0.0817762091755867,
            -0.022491514682769775
        ],
        [
            0.0866103246808052,
            0.08522387593984604,
            -0.01532767154276371
        ],
        [
            0.08949820697307587,
            0.09039413928985596,
            -0.014890579506754875
        ],
        [
            0.08982725441455841,
            0.09025952219963074,
            -0.020988842472434044
        ],
        [
            0.13797909021377563,
            0.10769650340080261,
            -0.019786017015576363
        ],
        [
            0.14226870238780975,
            0.1070370152592659,
            -0.015861816704273224
        ],
        [
            0.14336861670017242,
            0.11251912266016006,
            -0.01614033803343773
        ],
        [
            0.13944406807422638,
            0.11351735889911652,
            -0.0202484168112278
        ],
        [
            0.14524699747562408,
            0.081843800842762,
            -0.01473960466682911
        ],
        [
            0.15034858882427216,
            0.07872030138969421,
            -0.01684878021478653
        ],
        [
            0.1506170630455017,
            0.08524513989686966,
            -0.017447680234909058
        ],
        [
            0.14503028988838196,
            0.08679607510566711,
            -0.01607014425098896
        ],
        [
            0.15301965177059174,
            0.07857052981853485,
            -0.022711029276251793
        ],
        [
            0.153792142868042,
            0.08503443747758865,
            -0.02288096584379673
        ],
        [
            0.1371789127588272,
            0.10793842375278473,
            -0.02631385251879692
        ],
        [
            0.14089271426200867,
            0.10740151256322861,
            -0.03290446475148201
        ],
        [
            0.13666364550590515,
            0.09247202426195145,
            -0.03335931897163391
        ],
        [
            0.13464057445526123,
            0.09475674480199814,
            -0.02573322504758835
        ],
        [
            0.08676481246948242,
            0.029989518225193024,
            -0.019031060859560966
        ],
        [
            0.07720711827278137,
            0.0312986895442009,
            -0.013399617746472359
        ],
        [
            0.07917232811450958,
            0.04611577093601227,
            -0.016244109719991684
        ],
        [
            0.08011370897293091,
            0.060745082795619965,
            -0.020109355449676514
        ],
        [
            0.08232712745666504,
            0.07436943054199219,
            -0.023153407499194145
        ],
        [
            0.0918859913945198,
            0.0727986991405487,
            -0.03053530864417553
        ],
        [
            0.07254906743764877,
            0.045727092772722244,
            -0.011346475221216679
        ],
        [
            0.13053801655769348,
            0.08679836243391037,
            -0.028141111135482788
        ],
        [
            0.13356445729732513,
            0.08199845254421234,
            -0.034340959042310715
        ],
        [
            0.1284872591495514,
            0.08288045227527618,
            -0.033420171588659286
        ],
        [
            0.09685451537370682,
            0.04885920509696007,
            0.009883178398013115
        ],
        [
            0.15695980191230774,
            0.1042730063199997,
            -0.023318229243159294
        ],
        [
            0.11170267313718796,
            -0.006361804902553558,
            -0.014372976496815681
        ],
        [
            0.09883837401866913,
            -0.0034127384424209595,
            -0.01736357808113098
        ],
        [
            0.10321798175573349,
            0.004063211381435394,
            -0.01884492114186287
        ],
        [
            0.11780568957328796,
            0.0010373815894126892,
            -0.014611882157623768
        ],
        [
            0.1488315761089325,
            0.10522990673780441,
            -0.014956405386328697
        ],
        [
            0.1544927954673767,
            0.10440491139888763,
            -0.017510030418634415
        ],
        [
            0.09354591369628906,
            0.0849635899066925,
            -0.00469629094004631
        ],
        [
            0.09612219035625458,
            0.09019814431667328,
            -0.00790287647396326
        ],
        [
            0.092930868268013,
            0.09154840558767319,
            -0.00925867073237896
        ],
        [
            0.08949961513280869,
            0.08844161033630371,
            -0.004439961165189743
        ],
        [
            0.07268114387989044,
            0.030733183026313782,
            -0.009513232856988907
        ],
        [
            0.07021516561508179,
            0.0819903165102005,
            -0.00721854530274868
        ],
        [
            0.07373850792646408,
            0.07931895554065704,
            -0.017345020547509193
        ],
        [
            0.07583540678024292,
            0.018373362720012665,
            -0.011202122084796429
        ],
        [
            0.0838688313961029,
            0.016973502933979034,
            -0.016634942963719368
        ],
        [
            0.08121854066848755,
            0.007742494344711304,
            -0.01473352499306202
        ],
        [
            0.10588428378105164,
            0.07821713387966156,
            -0.03360159695148468
        ],
        [
            0.09454381465911865,
            0.031130097806453705,
            -0.02276712842285633
        ],
        [
            0.09103967994451523,
            0.017382286489009857,
            -0.019372334703803062
        ],
        [
            0.08819620311260223,
            0.0063640400767326355,
            -0.017227448523044586
        ],
        [
            0.08533373475074768,
            -0.0014368370175361633,
            -0.01609824411571026
        ],
        [
            0.0780135989189148,
            0.0008921027183532715,
            -0.01335990335792303
        ],
        [
            0.146428182721138,
            0.10695043951272964,
            -0.03390331193804741
        ],
        [
            0.14271371066570282,
            0.11321532726287842,
            -0.03193260729312897
        ],
        [
            0.07357294857501984,
            -0.0070885345339775085,
            -0.013255724683403969
        ],
        [
            0.08225144445896149,
            -0.009311340749263763,
            -0.015721112489700317
        ],
        [
            0.10002398490905762,
            0.017084121704101562,
            -0.021483039483428
        ],
        [
            0.11134116351604462,
            0.016563013195991516,
            -0.022348716855049133
        ],
        [
            0.10308651626110077,
            0.030443958938121796,
            -0.02446804568171501
        ],
        [
            0.11445207893848419,
            0.031073812395334244,
            -0.025956271216273308
        ],
        [
            0.11357253044843674,
            0.07319413870573044,
            -0.03953046351671219
        ],
        [
            0.1459975242614746,
            0.13125774264335632,
            -0.02852829545736313
        ],
        [
            0.14141987264156342,
            0.12030075490474701,
            -0.028178980574011803
        ],
        [
            0.141000896692276,
            0.11992108821868896,
            -0.022344112396240234
        ],
        [
            0.14380474388599396,
            0.13108590245246887,
            -0.024678293615579605
        ],
        [
            0.13901884853839874,
            0.1137179583311081,
            -0.026232432574033737
        ],
        [
            0.14523747563362122,
            0.11882929503917694,
            -0.03234109282493591
        ],
        [
            0.12870803475379944,
            0.030093517154455185,
            -0.02322843298316002
        ],
        [
            0.1313219964504242,
            0.08823327720165253,
            -0.018767738714814186
        ],
        [
            0.12811148166656494,
            0.014356374740600586,
            -0.015960777178406715
        ],
        [
            0.14393369853496552,
            0.03455186262726784,
            -0.019799351692199707
        ],
        [
            0.14451830089092255,
            0.02393336221575737,
            -0.01225266233086586
        ],
        [
            0.12938649952411652,
            -0.0008377358317375183,
            -0.0068784430623054504
        ],
        [
            0.1425839364528656,
            0.01029299944639206,
            -0.004181161522865295
        ],
        [
            0.11706645786762238,
            -0.014806486666202545,
            -0.006718136370182037
        ],
        [
            0.12190897017717361,
            -0.007341109216213226,
            -0.007650280371308327
        ],
        [
            0.1528339833021164,
            0.023705478757619858,
            -0.0015770941972732544
        ],
        [
