{
    "pred_cam": [
        6.79970645904541,
        0.04629155620932579,
        -0.05420549958944321
    ],
    "pred_mano_params": {
        "global_orient": [
            [
                [
                    0.7624019980430603,
                    -0.48963162302970886,
                    -0.4230886697769165
                ],
                [
                    -0.6445121169090271,
                    -0.6330178380012512,
                    -0.42882686853408813
                ],
                [
                    -0.057855501770973206,
                    0.5996242761611938,
                    -0.7981875538825989
                ]
            ]
        ],
        "hand_pose": [
            [
                [
                    0.8659586906433105,
                    -0.3755195736885071,
                    -0.33030378818511963
                ],
                [
                    0.36539486050605774,
                    0.9260110259056091,
                    -0.09481692314147949
                ],
                [
                    0.34147053956985474,
                    -0.03858376666903496,
                    0.9391002058982849
                ]
            ],
            [
                [
                    0.9560351967811584,
                    -0.29275748133659363,
                    0.017020341008901596
                ],
                [
                    0.2803565561771393,
                    0.8954325318336487,
                    -0.34583336114883423
                ],
                [
                    0.08600473403930664,
                    0.33540067076683044,
                    0.9381415247917175
                ]
            ],
            [
                [
                    0.9381772875785828,
                    -0.33206069469451904,
                    0.0977708250284195
                ],
                [
                    0.3244622051715851,
                    0.9419927000999451,
                    0.08587219566106796
                ],
                [
                    -0.1206142008304596,
                    -0.04884041100740433,
                    0.991497278213501
                ]
            ],
            [
                [
                    0.5614663362503052,
                    -0.8071998357772827,
                    -0.1821647733449936
                ],
                [
                    0.827460527420044,
                    0.5455271601676941,
                    0.13307586312294006
                ],
                [
                    -0.008042970672249794,
                    -0.2254517674446106,
                    0.9742211699485779
                ]
            ],
            [
                [
                    0.987851083278656,
                    -0.0011618160642683506,
                    -0.15539921820163727
                ],
                [
                    0.030012749135494232,
                    0.9825724959373474,
                    0.18344050645828247
                ],
                [
                    0.15247787535190582,
                    -0.18587584793567657,
                    0.9706701636314392
                ]
            ],
            [
                [
                    0.9157712459564209,
                    -0.19521665573120117,
                    0.35107484459877014
                ],
                [
                    0.1911730319261551,
                    0.9804535508155823,
                    0.0465146005153656
                ],
                [
                    -0.3532930314540863,
                    0.024519314989447594,
                    0.9351913332939148
                ]
            ],
            [
                [
                    0.5030030608177185,
                    -0.8140940070152283,
                    0.2902394235134125
                ],
                [
                    0.4707000255584717,
                    0.5396769642829895,
                    0.6979901790618896
                ],
                [
                    -0.7248651385307312,
                    -0.21447546780109406,
                    0.6546532511711121
                ]
            ],
            [
                [
                    0.9545620083808899,
                    -0.1312357485294342,
                    -0.2675603926181793
                ],
                [
                    0.15624459087848663,
                    0.9849172830581665,
                    0.07433383166790009
                ],
                [
                    0.2537696063518524,
                    -0.11276111006736755,
                    0.9606695175170898
                ]
            ],
            [
                [
                    0.9683423638343811,
                    0.05693153664469719,
                    0.24304720759391785
                ],
                [
                    -0.11989638209342957,
                    0.9600602388381958,
                    0.25280269980430603
                ],
                [
                    -0.21894749999046326,
                    -0.2739400267601013,
                    0.9364928603172302
                ]
            ],
            [
                [
                    0.5013558268547058,
                    -0.8528639674186707,
                    0.14582648873329163
                ],
                [
                    0.8209304809570312,
                    0.5221193432807922,
                    0.23122383654117584
                ],
                [
                    -0.2733413279056549,
                    0.003788007888942957,
                    0.9619095921516418
                ]
            ],
            [
                [
                    0.9876500964164734,
                    -0.004488071426749229,
                    -0.15661169588565826
                ],
                [
                    0.04752408340573311,
                    0.9610772132873535,
                    0.27216196060180664
                ],
                [
                    0.1492944359779358,
                    -0.2762435972690582,
                    0.9494212865829468
                ]
            ],
            [
                [
                    0.7999811768531799,
                    -0.3276907503604889,
                    0.5026418566703796
                ],
                [
                    0.16030064225196838,
                    0.9239723086357117,
                    0.34724459052085876
                ],
                [
                    -0.5782160758972168,
                    -0.19721530377864838,
                    0.7916895151138306
                ]
            ],
            [
                [
                    0.9286646842956543,
                    -0.25856813788414,
                    -0.26594075560569763
                ],
                [
                    -0.19217345118522644,
                    0.2778416574001312,
                    -0.9412084817886353
                ],
                [
                    0.31725597381591797,
                    0.9251737594604492,
                    0.20833180844783783
                ]
            ],
            [
                [
                    0.9266759157180786,
                    -0.37288111448287964,
                    -0.04723595827817917
                ],
                [
                    0.337480366230011,
                    0.7701272368431091,
                    0.541304886341095
                ],
                [
                    -0.16546469926834106,
                    -0.5175555348396301,
                    0.8394984006881714
                ]
            ],
            [
                [
                    0.9637654423713684,
                    0.12151547521352768,
                    0.23746614158153534
                ],
                [
                    -0.03657476231455803,
                    0.942004919052124,
                    -0.33359992504119873
                ],
                [
                    -0.2642318606376648,
                    0.31282681226730347,
                    0.9123162031173706
                ]
            ]
        ],
        "betas": [
            0.0018671303987503052,
            -0.039020925760269165,
            -0.007032930850982666,
            0.05725482106208801,
            0.02624264359474182,
            -0.04013384133577347,
            0.057363927364349365,
            -0.06227025389671326,
            -0.045719027519226074,
            -0.06622105836868286
        ]
    },
    "pred_cam_t": [
        -0.04629155620932579,
        -0.05420549958944321,
        5.7447333335876465
    ],
    "focal_length": [
        5000.0,
        5000.0
    ],
    "pred_keypoints_3d": [
        [
            0.09573535621166229,
            0.006388313602656126,
            0.006179738789796829
        ],
        [
            0.07405560463666916,
            0.020680299028754234,
            -0.022377699613571167
        ],
        [
            0.06431631743907928,
            0.04845458269119263,
            -0.03151200711727142
        ],
        [
            0.05735550448298454,
            0.07447472214698792,
            -0.03461187705397606
        ],
        [
            0.05059877783060074,
            0.10562731325626373,
            -0.05190371721982956
        ],
        [
            0.022342734038829803,
            0.0576908104121685,
            -0.008316023275256157
        ],
        [
            0.007082347758114338,
            0.08667144179344177,
            -0.004236267879605293
        ],
        [
            0.006872999481856823,
            0.1088549792766571,
            -0.004623218905180693
        ],
        [
            0.01148204319179058,
            0.13296212255954742,
            -0.009408313781023026
        ],
        [
            0.02567906677722931,
            0.06985241919755936,
            0.013482032343745232
        ],
        [
            0.026817910373210907,
            0.09996095299720764,
            0.0037017185240983963
        ],
        [
            0.03268866986036301,
            0.12136305868625641,
            -0.003244047984480858
        ],
        [
            0.03203372284770012,
            0.1430811882019043,
            -0.017052069306373596
        ],
        [
            0.04658527299761772,
            0.07308148592710495,
            0.02984118089079857
        ],
        [
            0.04401300475001335,
            0.09738108515739441,
            0.014542466029524803
        ],
        [
            0.050456129014492035,
            0.11902905255556107,
            0.00434638187289238
        ],
        [
            0.048470959067344666,
            0.13378220796585083,
            -0.015435490757226944
        ],
        [
            0.0663689598441124,
            0.0756118968129158,
            0.038679853081703186
        ],
        [
            0.06341981142759323,
            0.09226372838020325,
            0.02606288343667984
        ],
        [
            0.06636878103017807,
            0.107614666223526,
            0.015366185456514359
        ],
        [
            0.06460379809141159,
            0.12242211401462555,
            0.0008587408810853958
        ]
    ],
    "pred_vertices": [
        [
            0.05960699915885925,
            0.042019493877887726,
            -0.013004917651414871
        ],
        [
            0.06907641887664795,
            0.0353870615363121,
            -0.012711861170828342
        ],
        [
            0.06541743874549866,
            0.0415632389485836,
            -0.016083214432001114
        ],
        [
            0.05489302799105644,
            0.045421235263347626,
            -0.01830853521823883
        ],
        [
            0.08581927418708801,
            0.03736086189746857,
            -0.022015321999788284
        ],
        [
            0.08769561350345612,
            0.03145796060562134,
            -0.03243894875049591
        ],
        [
            0.0796690508723259,
            0.04579343646764755,
            -0.035003937780857086
        ],
        [
            0.08062975853681564,
            0.04892970621585846,
            -0.02529022842645645
        ],
        [
            0.05058643966913223,
            0.048343006521463394,
            -0.020850470289587975
        ],
        [
            0.06254471093416214,
            0.04771600663661957,
            -0.019050966948270798
        ],
        [
            0.0488399937748909,
            0.0484539233148098,
            -0.02050931565463543
        ],
        [
            0.03394349664449692,
            0.043487466871738434,
            -0.019994597882032394
        ],
        [
            0.03885679319500923,
            0.04741178825497627,
            -0.02086682617664337
        ],
        [
            0.025620371103286743,
            0.044485241174697876,
            -0.017485396936535835
        ],
        [
            0.033251866698265076,
            0.033580705523490906,
            -0.017229752615094185
        ],
        [
            0.02247130125761032,
            0.039879441261291504,
            -0.010014654137194157
        ],
        [
            0.04075954109430313,
            0.026958927512168884,
            0.009047561325132847
        ],
        [
            0.048683732748031616,
            0.02966415137052536,
            0.019953560084104538
        ],
        [
            0.03629196062684059,
            0.042086903005838394,
            0.022834105417132378
        ],
        [
            0.03021189570426941,
            0.03850273787975311,
            0.010791713371872902
        ],
        [
            0.053768955171108246,
            0.04521351680159569,
            0.03416791185736656
        ],
        [
            0.04355831816792488,
            0.04408455267548561,
            0.028131254017353058
        ],
        [
            0.05524984002113342,
            0.03089430183172226,
            0.026100236922502518
        ],
        [
            0.06389370560646057,
            0.03259596601128578,
            0.031394537538290024
        ],
        [
            0.07015211880207062,
            0.040753886103630066,
            -0.0021488023921847343
        ],
        [
            0.0788673460483551,
            0.03414876013994217,
            -0.003155008889734745
        ],
        [
            0.07434843480587006,
            0.032812077552080154,
            -0.006800235249102116
        ],
        [
            0.06642556935548782,
            0.039927609264850616,
            -0.006202816031873226
        ],
        [
            0.05092616379261017,
            0.05180850625038147,
            -0.027548648416996002
        ],
        [
            0.04648606479167938,
            0.03650478273630142,
            -0.02759164571762085
        ],
        [
            0.045072659850120544,
            0.04224385693669319,
            -0.0230712890625
        ],
        [
            0.05388028919696808,
            0.05517507344484329,
            -0.024178627878427505
        ],
        [
            0.10704752057790756,
            0.026207156479358673,
            -0.0021081455051898956
        ],
        [
            0.11214400827884674,
            0.013676445931196213,
            -0.0010135378688573837
        ],
        [
            0.10880258679389954,
            0.011194892227649689,
            -0.005312433000653982
        ],
        [
            0.10450896620750427,
            0.022781234234571457,
            -0.005241279490292072
        ],
        [
            0.09715642780065536,
            0.012892965227365494,
            -0.024104872718453407
        ],
        [
            0.09987463802099228,
            0.0035717561841011047,
            -0.01937161013484001
        ],
        [
            0.09494318068027496,
            -0.00815654918551445,
            -0.02199016883969307
        ],
        [
            0.08936117589473724,
            0.00013025104999542236,
            -0.0272816214710474
        ],
        [
            0.0924902856349945,
            0.022269155830144882,
            -0.02884570136666298
        ],
        [
            0.0866374671459198,
            0.012055117636919022,
            -0.034499265253543854
        ],
        [
            0.0819874256849289,
            0.024494268000125885,
            -0.038953233510255814
        ],
        [
            0.07434213161468506,
            0.04164225980639458,
            -0.041097916662693024
        ],
        [
            0.11763334274291992,
            0.01692451536655426,
            0.010110863484442234
        ],
        [
            0.11510860174894333,
            0.026871614158153534,
            0.010618024505674839
        ],
        [
            0.011934510432183743,
            0.09284339100122452,
            -0.013905923813581467
        ],
        [
            0.015554346144199371,
            0.09445777535438538,
            -0.00946147833019495
        ],
        [
            0.017346251755952835,
            0.08935367316007614,
            -0.010954129509627819
        ],
        [
            0.013187364675104618,
            0.08857854455709457,
            -0.014814038760960102
        ],
        [
            0.11080509424209595,
            0.017701931297779083,
            0.029203275218605995
        ],
        [
            0.10437824577093124,
            0.011959165334701538,
            0.034434255212545395
        ],
        [
            0.11044909060001373,
            0.008026644587516785,
            0.033511579036712646
        ],
        [
            0.11578214913606644,
            0.012375019490718842,
            0.02710326388478279
        ],
        [
            0.10421191155910492,
            0.024712741374969482,
            0.031936176121234894
        ],
        [
            0.0959826409816742,
            0.017608478665351868,
            0.03502720221877098
        ],
        [
            0.0005652075633406639,
            0.09006591141223907,
            -0.009118674322962761
        ],
        [
            0.003239201847463846,
            0.09109269827604294,
            -0.013412035070359707
        ],
        [
            0.0036247912794351578,
            0.08570592850446701,
            -0.013126520439982414
        ],
        [
            0.0018078861758112907,
            0.08398377895355225,
            -0.00829138420522213
        ],
        [
            0.04499664902687073,
            0.04871593415737152,
            -0.019061453640460968
        ],
        [
            0.05178392305970192,
            0.04838506132364273,
            -0.013446212746202946
        ],
        [
            0.031211795285344124,
            0.05969824641942978,
            -0.016378672793507576
        ],
        [
            0.039397936314344406,
            0.05501982569694519,
            -0.013840733096003532
        ],
        [
            0.03591310977935791,
            0.05158371105790138,
            -0.01882816106081009
        ],
        [
            0.028523102402687073,
            0.05510557070374489,
            -0.019569281488656998
        ],
        [
            0.05511187016963959,
            0.05675104632973671,
            0.003929442260414362
        ],
        [
            0.06340804696083069,
            0.04873674362897873,
            0.002296166494488716
        ],
        [
            0.058620650321245193,
            0.048237394541502,
            -0.0022622141987085342
        ],
        [
            0.049098461866378784,
            0.05701518431305885,
            -0.0022982144728302956
        ],
        [
            0.07370534539222717,
            0.05315650627017021,
            0.010921863839030266
        ],
        [
            0.06447352468967438,
            0.06029633432626724,
            0.012187168933451176
        ],
        [
            0.0714508444070816,
            0.06181762367486954,
            0.016934100538492203
        ],
        [
            0.07725518941879272,
            0.057166602462530136,
            0.014594171196222305
        ],
        [
            0.046931035816669464,
            0.07035142928361893,
            0.012208066880702972
        ],
        [
            0.04226765036582947,
            0.07325316220521927,
            0.012377401813864708
        ],
        [
            0.0447000190615654,
            0.07454580813646317,
            0.01401730626821518
        ],
        [
            0.0498010516166687,
            0.07083868980407715,
            0.01451291237026453
        ],
        [
            0.1156977042555809,
            0.0032634809613227844,
            0.03291885554790497
        ],
        [
            0.11982320249080658,
            0.006755530834197998,
            0.024721553549170494
        ],
        [
            0.07279668003320694,
            0.05102342739701271,
            0.04333706945180893
        ],
        [
            0.08372774720191956,
            0.05306212604045868,
            0.041733257472515106
        ],
        [
            0.0768466368317604,
            0.06437376141548157,
            0.04421977326273918
        ],
        [
            0.06630169600248337,
            0.05907004326581955,
            0.04609110951423645
        ],
        [
            0.09552638977766037,
            0.0065347254276275635,
            0.0340985544025898
        ],
        [
            0.10218551754951477,
            0.0026200413703918457,
            0.03543982282280922
        ],
        [
            0.0009448491036891937,
            0.09006387740373611,
            -0.00287041999399662
        ],
        [
            0.0030481433495879173,
            0.08404284715652466,
            -0.0023926780559122562
        ],
        [
            0.07235155999660492,
            0.014346439391374588,
            -0.03781109303236008
        ],
        [
            0.066165491938591,
            0.036002423614263535,
            -0.0425579696893692
        ],
        [
            0.07810091972351074,
            -5.231425166130066e-05,
            -0.029861100018024445
        ],
        [
            0.08212198317050934,
            -0.008808020502328873,
            -0.02185666374862194
        ],
        [
            0.08684419840574265,
            -0.016181182116270065,
            -0.017333827912807465
        ],
        [
            0.03979352116584778,
            0.059533022344112396,
            -0.009138887748122215
        ],
        [
            0.058334507048130035,
            0.04572852700948715,
            -0.007608667016029358
        ],
        [
            0.07375627011060715,
            0.041996728628873825,
            0.0013135764747858047
        ],
        [
            0.09388267993927002,
            0.05601469427347183,
            0.02008656971156597
        ],
        [
            0.10131756216287613,
            0.04902675375342369,
            0.017854012548923492
        ],
        [
            0.09328454732894897,
            0.048953454941511154,
            0.010689419694244862
        ],
        [
            0.08811056613922119,
            0.054729267954826355,
            0.01455450989305973
        ],
        [
            0.08990231156349182,
            0.05887193605303764,
            0.03622719272971153
        ],
        [
            0.0893382579088211,
            0.06222447007894516,
            0.028915364295244217
        ],
        [
            0.08355383574962616,
            0.06786105036735535,
            0.030792418867349625
        ],
        [
            0.083255335688591,
            0.06674332916736603,
            0.038289640098810196
        ],
        [
            0.05042610317468643,
            0.05007600411772728,
            -0.034668564796447754
        ],
        [
            0.04919245466589928,
            0.032354794442653656,
            -0.03279636800289154
        ],
        [
            0.11522779613733292,
            0.02245156094431877,
            0.02080428972840309
        ],
        [
            0.11823470890522003,
            0.015833139419555664,
            0.0178565364331007
        ],
        [
            0.12171407043933868,
            0.008038945496082306,
            0.017308026552200317
        ],
        [
            0.09258131682872772,
            0.02964731678366661,
            -0.004278549924492836
        ],
        [
            0.10279037058353424,
            0.020412463694810867,
            -0.00757225975394249
        ],
        [
            0.1000715047121048,
            0.019427645951509476,
            -0.011091532185673714
        ],
        [
            0.0895928144454956,
            0.027545351535081863,
            -0.005872474983334541
        ],
        [
            0.08049552887678146,
            0.03115277923643589,
            -0.012802927754819393
        ],
        [
            0.09121940284967422,
            0.026431139558553696,
            -0.018690647557377815
        ],
        [
            0.07721008360385895,
            0.040654443204402924,
            -0.014709987677633762
        ],
        [
            0.1054152101278305,
            0.006661802530288696,
            -0.011380377225577831
        ],
        [
            0.11428207159042358,
            0.002501845359802246,
            -0.006020370405167341
        ],
        [
            0.10931769013404846,
            -0.0018718689680099487,
            -0.012003840878605843
        ],
        [
            0.11879516392946243,
            0.005637086927890778,
            0.002100640907883644
        ],
        [
            0.12164531648159027,
            0.007830977439880371,
            0.010244248434901237
        ],
        [
            0.10737764835357666,
            -0.0036268234252929688,
            0.038024354726076126
        ],
        [
            0.10356206446886063,
            -0.005747415125370026,
            -0.01652458682656288
        ],
        [
            0.07566845417022705,
            0.05625198036432266,
            -0.02833382412791252
        ],
        [
            0.07143212854862213,
            0.06298676878213882,
            -0.031208081170916557
        ],
        [
            0.0678197368979454,
            0.06252805888652802,
            -0.024580564349889755
        ],
        [
            0.07106804847717285,
            0.056008391082286835,
            -0.02142329514026642
        ],
        [
            0.017623420804739,
            0.04930318146944046,
            -0.014605041593313217
        ],
        [
            0.022961631417274475,
            0.05270250141620636,
            -0.019261198118329048
        ],
        [
            0.031150655820965767,
            0.047430697828531265,
            -0.020783796906471252
        ],
        [
            0.10295660048723221,
            0.035948291420936584,
            0.002981686033308506
        ],
        [
            0.1101289838552475,
            0.03614160791039467,
            0.013425209559500217
        ],
        [
            0.03157607838511467,
            0.06392423808574677,
            -0.01130676083266735
        ],
        [
            0.0021106647327542305,
            0.07887192815542221,
            -0.006849545054137707
        ],
        [
            0.003945379517972469,
            0.08004827052354813,
            -0.012471592985093594
        ],
        [
            0.009816460311412811,
            0.06333646923303604,
            -0.013386582024395466
        ],
        [
            0.007286247797310352,
            0.06291663646697998,
            -0.007055751513689756
        ],
        [
            0.02606959082186222,
            0.06856417655944824,
            -0.0032538792584091425
        ],
        [
            0.028367385268211365,
            0.06720859557390213,
            -0.00952115561813116
        ],
        [
            0.026792297139763832,
            0.06896515190601349,
            -0.007719175890088081
        ],
        [
            0.025958869606256485,
            0.07158655673265457,
            -0.00179965584538877
        ],
        [
            0.05292548984289169,
            0.0749792605638504,
            0.018599417060613632
        ],
        [
            0.057349808514118195,
            0.07148703187704086,
            0.01890825293958187
        ],
        [
            0.022385645657777786,
            0.05219704657793045,
            0.010844805277884007
        ],
        [
            0.016072353348135948,
            0.04414746165275574,
            0.001828175038099289
        ],
        [
            0.024735737591981888,
            0.0362287238240242,
            0.00016380101442337036
        ],
        [
            0.060738399624824524,
            0.057982806116342545,
            0.008697576820850372
        ],
        [
            0.05381929874420166,
            0.065309077501297,
            0.010733427479863167
        ],
        [
            0.05674005299806595,
            0.06614075601100922,
            0.013556282967329025
        ],
        [
            0.03852880373597145,
            0.06267448514699936,
            -0.005740555003285408
        ],
        [
            0.03222310543060303,
            0.06634978204965591,
            -0.0058186473324894905
        ],
        [
            0.03565775603055954,
            0.06569381058216095,
            -0.0018007252365350723
        ],
        [
            0.04219028353691101,
            0.06270021200180054,
            -0.0014815819449722767
        ],
        [
            0.09118287265300751,
            0.04228566959500313,
            0.03936716914176941
        ],
        [
            0.09834955632686615,
            0.04946047440171242,
            0.03334188833832741
        ],
        [
            0.00744705181568861,
            0.09188109636306763,
            -0.015229185111820698
        ],
        [
            0.008101779036223888,
            0.08707045763731003,
            -0.015559355728328228
        ],
        [
            0.0687614232301712,
            0.05012258514761925,
            0.00693184370175004
        ],
        [
            0.035929471254348755,
            0.027133002877235413,
            -0.0018090344965457916
        ],
        [
            0.07777649909257889,
            0.04352794960141182,
            0.0047629233449697495
        ],
        [
            0.051851119846105576,
            0.06718109548091888,
            0.03691938892006874
        ],
        [
            0.05712655931711197,
            0.07255768775939941,
            0.03334147855639458
        ],
        [
            0.05485696345567703,
            0.07698255032300949,
            0.030646055936813354
        ],
        [
            0.04981352761387825,
            0.07536154240369797,
            0.033474549651145935
        ],
        [
            0.019655760377645493,
            0.08454595506191254,
            0.0003779265098273754
        ],
        [
            0.020642289891839027,
            0.08584090322256088,
            -0.005241253413259983
        ],
        [
            0.01952887885272503,
            0.0899127721786499,
            -0.005121181719005108
        ],
        [
            0.018024848774075508,
            0.08898905664682388,
            0.0003611683496274054
        ],
        [
            0.026877153664827347,
            0.06476226449012756,
            -0.01461365818977356
        ],
        [
            0.023490700870752335,
            0.06093517318367958,
            -0.018499836325645447
        ],
        [
            0.020834095776081085,
            0.06687021255493164,
            -0.01673009991645813
        ],
        [
            0.024451591074466705,
            0.06865998357534409,
            -0.012336327694356441
        ],
        [
            0.017604457214474678,
            0.05863867327570915,
            -0.017662517726421356
        ],
        [
            0.014955887570977211,
            0.06456869095563889,
            -0.016809143126010895
        ],
        [
            0.014975669793784618,
            0.08220453560352325,
            0.004119117744266987
        ],
        [
            0.007976827211678028,
            0.07959675788879395,
            0.0035932008177042007
        ],
        [
            0.01374612096697092,
            0.06633881479501724,
            0.004534030333161354
        ],
        [
            0.020161427557468414,
            0.07113748788833618,
            0.0032645268365740776
        ],
        [
            0.07266367226839066,
            0.020056184381246567,
            0.030036676675081253
        ],
        [
            0.08158321678638458,
            0.024186931550502777,
            0.035342250019311905
        ],
        [
            0.07296953350305557,
            0.03672944754362106,
            0.03707818314433098
        ],
        [
            0.0641610249876976,
            0.04902912676334381,
            0.04008502513170242
        ],
        [
            0.05588025599718094,
            0.0604906901717186,
            0.04123998433351517
        ],
        [
            0.045214176177978516,
            0.05569656565785408,
            0.03740307316184044
        ],
        [
            0.08046245574951172,
            0.03874124586582184,
            0.039972275495529175
        ],
        [
            0.02429022639989853,
            0.06425250321626663,
            0.0038410190027207136
        ],
        [
            0.01789410598576069,
            0.057525623589754105,
            0.005044098477810621
        ],
        [
            0.021880120038986206,
            0.059997569769620895,
            0.007807787042111158
        ],
        [
            0.08324967324733734,
            0.0470748096704483,
            0.008438244462013245
        ],
        [
            0.007953034713864326,
            0.08136969804763794,
            -0.0154044721275568
        ],
        [
            0.07548818737268448,
            -0.014050103724002838,
            0.001812751404941082
        ],
        [
            0.07920326292514801,
            -0.011454969644546509,
            0.014927670359611511
        ],
        [
            0.07312244176864624,
            -0.005428962409496307,
            0.012755622155964375
        ],
        [
            0.06928925216197968,
            -0.007499799132347107,
            -0.002905037719756365
        ],
        [
            0.018303321674466133,
            0.08512578159570694,
            -0.01172118354588747
        ],
        [
            0.013803321868181229,
            0.08351074159145355,
            -0.015776360407471657
        ],
        [
            0.06177562475204468,
            0.07448983192443848,
            0.02240736596286297
        ],
        [
            0.056934457272291183,
            0.07748687267303467,
            0.02198921889066696
        ],
        [
            0.057497113943099976,
            0.07883378863334656,
            0.024782266467809677
        ],
        [
            0.06349315494298935,
            0.07787270843982697,
            0.02521076425909996
        ],
        [
            0.08720418065786362,
            0.02549213171005249,
            0.03706319257616997
        ],
        [
            0.07475052773952484,
            0.07331183552742004,
            0.041694268584251404
        ],
        [
            0.0646488219499588,
            0.06772802770137787,
            0.04462385177612305
        ],
        [
            0.08863238245248795,
            0.013145066797733307,
            0.03370693698525429
        ],
        [
            0.08068722486495972,
            0.009137935936450958,
            0.02959827519953251
        ],
        [
            0.08678696304559708,
            0.0015037357807159424,
            0.029757512733340263
        ],
        [
            0.034112926572561264,
            0.05816200375556946,
            0.027432510629296303
        ],
        [
            0.06528618186712265,
            0.019040804356336594,
            0.02554386854171753
        ],
        [
            0.07465304434299469,
            0.00785655528306961,
            0.02501930668950081
        ],
        [
            0.08166468143463135,
            -0.0013268068432807922,
            0.024993550032377243
        ],
        [
            0.08673681318759918,
            -0.007887691259384155,
            0.025933919474482536
        ],
        [
            0.09191758930683136,
            -0.004047922790050507,
            0.030944649130105972
        ],
        [
            0.004210829734802246,
            0.07902483642101288,
            -0.0009352695196866989
        ],
        [
            0.006827378645539284,
            0.0853821188211441,
            0.0029834257438778877
        ],
        [
            0.09709884971380234,
            -0.010970927774906158,
            0.03371206670999527
        ],
        [
            0.0913710668683052,
            -0.014733858406543732,
            0.02742251567542553
        ],
        [
            0.06837689131498337,
            0.005968019366264343,
            0.01849217340350151
        ],
        [
            0.0615294873714447,
            0.004388432949781418,
            0.0088014155626297
        ],
        [
            0.05968579649925232,
            0.016987569630146027,
            0.0190880186855793
        ],
        [
            0.052136894315481186,
            0.0161193385720253,
            0.01007309090346098
        ],
        [
            0.026111222803592682,
            0.051137566566467285,
            0.02412319928407669
        ],
        [
            0.005894634872674942,
            0.1043996512889862,
            0.003638783935457468
        ],
        [
            0.009623438119888306,
            0.09359948337078094,
            0.004257723223417997
        ],
        [
            0.014732380397617817,
            0.09454776346683502,
            0.0016661393456161022
        ],
        [
            0.010111894458532333,
            0.1048688068985939,
            0.0033309480641037226
        ],
        [
            0.013438154943287373,
            0.08728338778018951,
            0.00360771338455379
        ],
        [
            0.004570568911731243,
            0.09145892411470413,
            0.002643770072609186
        ],
        [
            0.04671279340982437,
            0.016193509101867676,
            -0.004612043499946594
        ],
        [
            0.030277810990810394,
            0.06823603063821793,
            -0.0010905428789556026
        ],
        [
            0.057815149426460266,
            0.0047729723155498505,
            -0.010502882301807404
        ],
        [
            0.04081256315112114,
            0.023271635174751282,
            -0.019116319715976715
        ],
        [
            0.05061431974172592,
            0.01681937277317047,
            -0.025099901482462883
        ],
        [
            0.07005306333303452,
            -0.00612524151802063,
            -0.018184037879109383
        ],
        [
            0.06283057481050491,
            0.006952706724405289,
            -0.02978886105120182
        ],
        [
            0.08156431466341019,
            -0.01942390203475952,
            -0.007855856791138649
        ],
        [
            0.0755772516131401,
            -0.012823663651943207,
            -0.011175297200679779
        ],
        [
            0.058290425688028336,
            0.023667871952056885,
