{
    "pred_cam": [
        7.786685943603516,
        -0.12770703434944153,
        -0.08202675729990005
    ],
    "pred_mano_params": {
        "global_orient": [
            [
                [
                    -0.31020358204841614,
                    -0.17031744122505188,
                    0.9352890849113464
                ],
                [
                    -0.8932873010635376,
                    -0.28440988063812256,
                    -0.3480644226074219
                ],
                [
                    0.32528695464134216,
                    -0.9434526562690735,
                    -0.06391744315624237
                ]
            ]
        ],
        "hand_pose": [
            [
                [
                    0.8945582509040833,
                    -0.4273674190044403,
                    -0.13085299730300903
                ],
                [
                    0.43051308393478394,
                    0.9025722742080688,
                    -0.00466902693733573
                ],
                [
                    0.12009967863559723,
                    -0.052157212048769,
                    0.9913907051086426
                ]
            ],
            [
                [
                    0.9914795756340027,
                    0.03392830118536949,
                    0.12576548755168915
                ],
                [
                    -0.01150799822062254,
                    0.9845232367515564,
                    -0.17487581074237823
                ],
                [
                    -0.1297522932291031,
                    0.17193852365016937,
                    0.9765251278877258
                ]
            ],
            [
                [
                    0.8074172735214233,
                    -0.5722297430038452,
                    0.1436331570148468
                ],
                [
                    0.5895816087722778,
                    0.7736402750015259,
                    -0.23210828006267548
                ],
                [
                    0.02169887162744999,
                    0.27209171652793884,
                    0.9620266556739807
                ]
            ],
            [
                [
                    0.8741408586502075,
                    -0.46534401178359985,
                    -0.13904206454753876
                ],
                [
                    0.4776824116706848,
                    0.8754897713661194,
                    0.07305537909269333
                ],
                [
                    0.08773403614759445,
                    -0.13027864694595337,
                    0.9875880479812622
                ]
            ],
            [
                [
                    0.870981752872467,
                    -0.4800606966018677,
                    -0.10455892980098724
                ],
                [
                    0.4830661118030548,
                    0.7979066371917725,
                    0.3605443835258484
                ],
                [
                    -0.08965492993593216,
                    -0.36453643441200256,
                    0.9268631935119629
                ]
            ],
            [
                [
                    0.8042827248573303,
                    -0.5570706129074097,
                    -0.20688551664352417
                ],
                [
                    0.5815160870552063,
                    0.8094916939735413,
                    0.08100757002830505
                ],
                [
                    0.12234517931938171,
                    -0.18546023964881897,
                    0.9750056862831116
                ]
            ],
            [
                [
                    0.48412978649139404,
                    -0.6307147741317749,
                    0.6064794063568115
                ],
                [
                    0.361585408449173,
                    0.7753811478614807,
                    0.5177258849143982
                ],
                [
                    -0.7967900633811951,
                    -0.03135242685675621,
                    0.603442370891571
                ]
            ],
            [
                [
                    0.7438550591468811,
                    -0.5962872505187988,
                    -0.30186277627944946
                ],
                [
                    0.6512348055839539,
                    0.545141339302063,
                    0.5279338359832764
                ],
                [
                    -0.15024234354496002,
                    -0.5892899036407471,
                    0.7938291430473328
                ]
            ],
            [
                [
                    0.8959006667137146,
                    -0.4291917681694031,
                    -0.11470162123441696
                ],
                [
                    0.4442508816719055,
                    0.8644797801971436,
                    0.2351934313774109
                ],
                [
                    -0.0017858535284176469,
                    -0.2616662383079529,
                    0.9651568531990051
                ]
            ],
            [
                [
                    0.7730152606964111,
                    -0.6287553906440735,
                    0.08434455841779709
                ],
                [
                    0.6223108768463135,
                    0.7773864269256592,
                    0.0916488915681839
                ],
                [
                    -0.12319305539131165,
                    -0.01835746131837368,
                    0.9922128915786743
                ]
            ],
            [
                [
                    0.5722751617431641,
                    -0.796579897403717,
                    -0.19483762979507446
                ],
                [
                    0.7352608442306519,
                    0.39318719506263733,
                    0.5520828366279602
                ],
                [
                    -0.36317041516304016,
                    -0.4591997265815735,
                    0.810705304145813
                ]
            ],
            [
                [
                    0.7981205582618713,
                    -0.5265042185783386,
                    -0.29291096329689026
                ],
                [
                    0.5734858512878418,
                    0.8129123449325562,
                    0.10142693668603897
                ],
                [
                    0.18470925092697144,
                    -0.24893124401569366,
                    0.9507447481155396
                ]
            ],
            [
                [
                    0.9121802449226379,
                    0.0751161128282547,
                    -0.4028458595275879
                ],
                [
                    -0.35539692640304565,
                    0.6344197392463684,
                    -0.6864434480667114
                ],
                [
                    0.20401039719581604,
                    0.7693303227424622,
                    0.6054012179374695
                ]
            ],
            [
                [
                    0.8443177938461304,
                    -0.20428887009620667,
                    -0.4953719675540924
                ],
                [
                    0.47111454606056213,
                    0.7234730124473572,
                    0.5046166777610779
                ],
                [
                    0.2553006112575531,
                    -0.6594338417053223,
                    0.707084596157074
                ]
            ],
            [
                [
                    0.8334593176841736,
                    0.029687007889151573,
                    -0.5517827272415161
                ],
                [
                    -0.036632977426052094,
                    0.999327540397644,
                    -0.0015677536139264703
                ],
                [
                    0.5513651967048645,
                    0.021520109847187996,
                    0.8339864015579224
                ]
            ]
        ],
        "betas": [
            -0.07200974225997925,
            -0.08639580011367798,
            -0.1685463786125183,
            0.0025424063205718994,
            0.07182350754737854,
            -0.005105581134557724,
            0.0691683441400528,
            -0.05534669756889343,
            -0.03693760931491852,
            -0.04999050498008728
        ]
    },
    "pred_cam_t": [
        -0.12770703434944153,
        -0.08202675729990005,
        5.016575813293457
    ],
    "focal_length": [
        5000.0,
        5000.0
    ],
    "pred_keypoints_3d": [
        [
            0.09621447324752808,
            0.006426251959055662,
            0.006231733597815037
        ],
        [
            0.1305578500032425,
            0.023463234305381775,
            0.011372928507626057
        ],
        [
            0.1508864015340805,
            0.04675064980983734,
            0.009972491301596165
        ],
        [
            0.15411630272865295,
            0.0728548914194107,
            0.002860893029719591
        ],
        [
            0.14259172976016998,
            0.10416623204946518,
            -0.008109120652079582
        ],
        [
            0.14389030635356903,
            0.07983497530221939,
            -0.018979795277118683
        ],
        [
            0.15359961986541748,
            0.11161725223064423,
            -0.019148601219058037
        ],
        [
            0.16141876578330994,
            0.13226722180843353,
            -0.01564442738890648
        ],
        [
            0.1672063171863556,
            0.1513228863477707,
            0.0005874596536159515
        ],
        [
            0.1227707639336586,
            0.09301386028528214,
            -0.023068442940711975
        ],
        [
            0.12566781044006348,
            0.12439429759979248,
            -0.01845126785337925
        ],
        [
            0.13144075870513916,
            0.13980534672737122,
            -0.001800796017050743
        ],
        [
            0.13702747225761414,
            0.14634661376476288,
            0.022660858929157257
        ],
        [
            0.0973753035068512,
            0.09024666249752045,
            -0.01504573505371809
        ],
        [
            0.10605685412883759,
            0.11677581071853638,
            -0.0070825619623064995
        ],
        [
            0.11280656605958939,
            0.11642546951770782,
            0.016952496021986008
        ],
        [
            0.1133439689874649,
            0.10586883127689362,
            0.04059456288814545
        ],
        [
            0.07892235368490219,
            0.08614437282085419,
            -0.004091578535735607
        ],
        [
            0.09171520173549652,
            0.10187099874019623,
            0.0022307168692350388
        ],
        [
            0.09757126122713089,
            0.1031259074807167,
            0.02036103419959545
        ],
        [
            0.09911464899778366,
            0.09751248359680176,
            0.03868114948272705
        ]
    ],
    "pred_vertices": [
        [
            0.12887780368328094,
            0.049715589731931686,
            0.004442237317562103
        ],
        [
            0.12450659275054932,
            0.04067366570234299,
            0.009377416223287582
        ],
        [
            0.1320103108882904,
            0.0470145009458065,
            0.009226778522133827
        ],
        [
            0.13685306906700134,
            0.0535803847014904,
            0.0044730063527822495
        ],
        [
            0.13140586018562317,
            0.036110732704401016,
            0.02613026276230812
        ],
        [
            0.1394384801387787,
            0.02756226435303688,
            0.029318613931536674
        ],
        [
            0.1489500105381012,
            0.04303984344005585,
            0.025237001478672028
        ],
        [
            0.14041337370872498,
            0.04822738096117973,
            0.024357091635465622
        ],
        [
            0.14283068478107452,
            0.05659106746315956,
            0.0023592840880155563
        ],
        [
            0.13810665905475616,
            0.05242641642689705,
            0.00924268364906311
        ],
        [
            0.14391182363033295,
            0.05489901453256607,
            -0.001210460439324379
        ],
        [
            0.1492556631565094,
            0.05798513442277908,
            -0.012514077126979828
        ],
        [
            0.14715512096881866,
            0.060644496232271194,
            -0.005719596520066261
        ],
        [
            0.15103395283222198,
            0.06361864507198334,
            -0.018420353531837463
        ],
        [
            0.14727090299129486,
            0.04902617633342743,
            -0.018626121804118156
        ],
        [
            0.146480530500412,
            0.06170427054166794,
            -0.026460181921720505
        ],
        [
            0.12178714573383331,
            0.04685815051198006,
            -0.02722412347793579
        ],
        [
            0.10840155929327011,
            0.04817046970129013,
            -0.025859881192445755
        ],
        [
            0.11177169531583786,
            0.06417565792798996,
            -0.030661091208457947
        ],
        [
            0.12523305416107178,
            0.061639174818992615,
            -0.0306608434766531
        ],
        [
            0.09262202680110931,
            0.06205092370510101,
            -0.022824104875326157
        ],
        [
            0.10323784500360489,
            0.06407474726438522,
            -0.027557626366615295
        ],
        [
            0.09964150190353394,
            0.047661010175943375,
            -0.02380530722439289
        ],
        [
            0.09037113934755325,
            0.046614766120910645,
            -0.019528597593307495
        ],
        [
            0.11395405977964401,
            0.04628721624612808,
            0.006010554730892181
        ],
        [
            0.11010048538446426,
            0.03673102706670761,
            0.010677210986614227
        ],
        [
            0.11540806293487549,
            0.03691176325082779,
            0.009348809719085693
        ],
        [
            0.11928850412368774,
            0.04633425921201706,
            0.0052308253943920135
        ],
        [
            0.14828640222549438,
            0.052575547248125076,
            -0.0018983297049999237
        ],
        [
            0.15057674050331116,
            0.04208771139383316,
            -0.006037084385752678
        ],
        [
            0.14716506004333496,
            0.04886756092309952,
            -0.006221995688974857
        ],
        [
            0.14510227739810944,
            0.05586694926023483,
            0.0012856293469667435
        ],
        [
            0.0950201228260994,
            0.018602266907691956,
            0.02713306061923504
        ],
        [
            0.09253741055727005,
            0.0054299235343933105,
            0.025222765281796455
        ],
        [
            0.098152756690979,
            0.00388549268245697,
            0.024136584252119064
        ],
        [
            0.09913218021392822,
            0.01614592969417572,
            0.025740817189216614
        ],
        [
            0.12193804234266281,
            0.007215186953544617,
            0.027011768892407417
        ],
        [
            0.11559388786554337,
            -0.0016416236758232117,
            0.022122450172901154
        ],
        [
            0.12159605324268341,
            -0.011351123452186584,
            0.014398561790585518
        ],
        [
            0.1290910840034485,
            -0.0030158907175064087,
            0.01575566828250885
        ],
        [
            0.1310114711523056,
            0.017454970628023148,
            0.029618851840496063
        ],
        [
            0.13808239996433258,
            0.007690213620662689,
            0.02210770547389984
        ],
        [
            0.14689838886260986,
            0.020560458302497864,
            0.023678824305534363
        ],
        [
            0.15508782863616943,
            0.0381133146584034,
            0.01996910385787487
        ],
        [
            0.07991118729114532,
            0.007915869355201721,
            0.02476266771554947
        ],
        [
            0.07994808256626129,
            0.01799122244119644,
            0.026627443730831146
        ],
        [
            0.16034506261348724,
            0.1137327179312706,
            -0.011072538793087006
        ],
        [
            0.15538081526756287,
            0.1164526492357254,
            -0.009780105203390121
        ],
        [
            0.15427161753177643,
            0.1110449954867363,
            -0.00936700589954853
        ],
        [
            0.15940101444721222,
            0.10954184830188751,
            -0.011334570124745369
        ],
        [
            0.06774343550205231,
            0.014353156089782715,
            0.00985204428434372
        ],
        [
            0.0673842579126358,
            0.012547604739665985,
            -8.025392889976501e-05
        ],
        [
            0.06518736481666565,
            0.006416752934455872,
            0.0032890494912862778
        ],
        [
            0.06725823879241943,
            0.007215753197669983,
            0.012441189959645271
        ],
        [
            0.06844720989465714,
            0.023773647844791412,
            0.006468497216701508
        ],
        [
            0.07099902629852295,
            0.021087296307086945,
            -0.004238070920109749
        ],
        [
            0.16264064610004425,
            0.11515229940414429,
            -0.023607920855283737
        ],
        [
            0.16451728343963623,
            0.11380793899297714,
            -0.018960166722536087
        ],
        [
            0.16279610991477966,
            0.10935019701719284,
            -0.020696548745036125
        ],
        [
            0.15983055531978607,
            0.1103745773434639,
            -0.02475680038332939
        ],
        [
            0.14171001315116882,
            0.06048404797911644,
            -0.000725824385881424
        ],
        [
            0.13295617699623108,
            0.05865420773625374,
            0.001542307436466217
        ],
        [
            0.14527812600135803,
            0.07665402442216873,
            -0.007279213517904282
        ],
        [
            0.1393408179283142,
            0.06972210854291916,
            -0.004533063620328903
        ],
        [
            0.14571590721607208,
            0.06692644208669662,
            -0.006049829535186291
        ],
        [
            0.14981666207313538,
            0.07268664985895157,
            -0.009492459706962109
        ],
        [
            0.1158335730433464,
            0.06800036132335663,
            -0.0016428660601377487
        ],
        [
            0.1133623719215393,
            0.057035814970731735,
            0.0019365884363651276
        ],
        [
            0.11980992555618286,
            0.05773046240210533,
            0.0006626788526773453
        ],
        [
            0.12430975586175919,
            0.06963014602661133,
            -0.0026756729930639267
        ],
        [
            0.10003496706485748,
            0.05841345712542534,
            0.0067642610520124435
        ],
        [
            0.10345704108476639,
            0.06894098222255707,
            0.0023756083101034164
        ],
        [
            0.09547455608844757,
            0.06844931095838547,
            0.005597345530986786
        ],
        [
            0.09465841948986053,
            0.061327867209911346,
            0.009116636589169502
        ],
        [
            0.11234724521636963,
            0.08589508384466171,
            -0.0060067493468523026
        ],
        [
            0.11446911096572876,
            0.09204179048538208,
            -0.009189119562506676
        ],
        [
            0.111396923661232,
            0.09272470325231552,
            -0.008256115950644016
        ],
        [
            0.10871142894029617,
            0.08560508489608765,
            -0.005320695228874683
        ],
        [
            0.06324635446071625,
            -7.808208465576172e-05,
            0.005508111789822578
        ],
        [
            0.06754834204912186,
            0.0001501515507698059,
            0.014361908659338951
        ],
        [
            0.0738675594329834,
            0.061719004064798355,
            -0.011697758920490742
        ],
        [
            0.06873951107263565,
            0.05933946743607521,
            -0.0019646482542157173
        ],
        [
            0.06894691288471222,
            0.0732627883553505,
            -0.004468243569135666
        ],
        [
            0.07416562736034393,
            0.07200436294078827,
            -0.014854902401566505
        ],
        [
            0.07300523668527603,
            0.011073194444179535,
            -0.008705017156898975
        ],
        [
            0.06858353316783905,
            0.0050938427448272705,
            -0.006090167909860611
        ],
        [
            0.15782807767391205,
            0.11788307130336761,
            -0.026351813226938248
        ],
        [
            0.15462863445281982,
            0.11271852999925613,
            -0.02632909268140793
        ],
        [
            0.14786121249198914,
            0.013262219727039337,
            0.011683469638228416
        ],
        [
            0.15751227736473083,
            0.0337694026529789,
            0.012117993086576462
        ],
        [
            0.13670207560062408,
            0.0002790316939353943,
            0.008085086941719055
        ],
        [
            0.1278504878282547,
            -0.007368326187133789,
            0.0042685698717832565
        ],
        [
            0.12230949103832245,
            -0.01493825763463974,
            0.0027180127799510956
        ],
        [
            0.13469035923480988,
            0.07469668984413147,
            -0.004902881570160389
        ],
        [
            0.12461277842521667,
            0.054626889526844025,
            0.0022771451622247696
        ],
        [
            0.10903847217559814,
            0.04656309261918068,
            0.00724799744784832
        ],
        [
            0.08108852803707123,
            0.05455122888088226,
            0.017987875267863274
        ],
        [
            0.07954220473766327,
            0.044769369065761566,
            0.02178153581917286
        ],
        [
            0.0899021178483963,
            0.04674491658806801,
            0.01957595720887184
        ],
        [
            0.08897358179092407,
            0.05476262420415878,
            0.016113828867673874
        ],
        [
            0.0693938359618187,
            0.06147131696343422,
            0.007671860978007317
        ],
        [
            0.07557695358991623,
            0.06372630596160889,
            0.012457000091671944
        ],
        [
            0.07625545561313629,
            0.07225523889064789,
            0.009138142690062523
        ],
        [
            0.07016430050134659,
            0.07235151529312134,
            0.00437912717461586
        ],
        [
            0.15492330491542816,
            0.050121959298849106,
            -0.00272563099861145
        ],
        [
            0.15446385741233826,
            0.03651830181479454,
            -0.004339473322033882
        ],
        [
            0.07184085249900818,
            0.015548273921012878,
            0.0195834469050169
        ],
        [
            0.07324948906898499,
            0.007890559732913971,
            0.02065073512494564
        ],
        [
            0.07255969941616058,
            -0.0005947127938270569,
            0.020267244428396225
        ],
        [
            0.10392696410417557,
            0.0272735133767128,
            0.0197018850594759
        ],
        [
            0.10210885852575302,
            0.01443365216255188,
            0.0250350683927536
        ],
        [
            0.10671574622392654,
            0.014235928654670715,
            0.025181345641613007
        ],
        [
            0.10675020515918732,
            0.02650924026966095,
            0.01824774593114853
        ],
        [
            0.12078939378261566,
            0.03386199474334717,
            0.017786484211683273
        ],
        [
            0.12124746292829514,
            0.024347905069589615,
            0.026956994086503983
        ],
        [
            0.12809988856315613,
            0.04353376105427742,
            0.017270639538764954
        ],
        [
            0.10545454174280167,
            0.0002030208706855774,
            0.023290598765015602
        ],
        [
            0.0965748131275177,
            -0.0062517449259757996,
            0.025029204785823822
        ],
        [
            0.10467597097158432,
            -0.009236559271812439,
            0.022815562784671783
        ],
        [
            0.08703461289405823,
            -0.003939054906368256,
            0.02523867040872574
        ],
        [
            0.07846388220787048,
            -0.0018466338515281677,
            0.023913418874144554
        ],
        [
            0.0641515851020813,
            -0.0022383928298950195,
            -0.006225673481822014
        ],
        [
            0.11193065345287323,
            -0.011298306286334991,
            0.019196106120944023
        ],
        [
            0.14677636325359344,
            0.05518914386630058,
            0.021031182259321213
        ],
        [
            0.1505122184753418,
            0.06126461178064346,
            0.01720288395881653
        ],
        [
            0.144287571310997,
            0.06141739338636398,
            0.013983335345983505
        ],
        [
            0.14137817919254303,
            0.056506045162677765,
            0.016047466546297073
        ],
        [
            0.15248949825763702,
            0.07161212712526321,
            -0.023008476942777634
        ],
        [
            0.15305110812187195,
            0.07220979779958725,
            -0.014970691874623299
        ],
        [
            0.15062293410301208,
            0.0641445517539978,
            -0.010866624303162098
        ],
        [
            0.0921989381313324,
            0.02983085811138153,
            0.025389742106199265
        ],
        [
            0.07955290377140045,
            0.02882261574268341,
            0.025285791605710983
        ],
        [
            0.1408320665359497,
            0.08166814595460892,
            -0.00800787191838026
        ],
        [
            0.15759502351284027,
            0.10637471824884415,
            -0.0265609472990036
        ],
        [
            0.16102638840675354,
            0.1049010381102562,
            -0.022160477936267853
        ],
        [
            0.15632380545139313,
            0.08688529580831528,
            -0.023116547614336014
        ],
        [
            0.1527107059955597,
            0.08939172327518463,
            -0.028330940753221512
        ],
        [
            0.1384485512971878,
            0.09051747620105743,
            -0.01436038501560688
        ],
        [
            0.14208807051181793,
            0.08631214499473572,
            -0.009763077832758427
        ],
        [
            0.14236856997013092,
            0.08912867307662964,
            -0.01100492849946022
        ],
        [
            0.13868920505046844,
            0.09391503036022186,
            -0.013435324653983116
        ],
        [
            0.10314830392599106,
            0.09046215564012527,
            -0.004472210071980953
        ],
        [
            0.1008407324552536,
            0.08405399322509766,
            -0.0018904050812125206
        ],
        [
            0.1283804178237915,
            0.07747375965118408,
            -0.030794303864240646
        ],
        [
            0.13981014490127563,
            0.07127302885055542,
            -0.03433740884065628
        ],
        [
            0.1369129717350006,
            0.05961230769753456,
            -0.030883990228176117
        ],
        [
            0.10863802582025528,
            0.0676782876253128,
            0.00048099271953105927
        ],
        [
            0.11011222749948502,
            0.07766354084014893,
            -0.0025273114442825317
        ],
        [
            0.10605335235595703,
            0.07781430333852768,
            -0.001572195440530777
        ],
        [
            0.13236045837402344,
            0.07878489047288895,
            -0.006357193924486637
        ],
        [
            0.13588666915893555,
            0.08508072793483734,
            -0.0094991410151124
        ],
        [
            0.13056781888008118,
            0.08365654200315475,
            -0.009150939993560314
        ],
        [
            0.12692132592201233,
            0.07786837965250015,
            -0.005791445262730122
        ],
        [
            0.06781864166259766,
            0.04608004540205002,
            0.00035810284316539764
        ],
        [
            0.06822250783443451,
            0.048872578889131546,
            0.011707685887813568
        ],
        [
            0.16370658576488495,
            0.11302614212036133,
            -0.014429830946028233
        ],
        [
            0.16245178878307343,
            0.10881437361240387,
            -0.01561090350151062
        ],
        [
            0.10638310760259628,
            0.056947823613882065,
            0.0039812736213207245
        ],
        [
            0.13298264145851135,
            0.04630693793296814,
            -0.025656484067440033
        ],
        [
            0.10378260165452957,
            0.04691828042268753,
            0.008964542299509048
        ],
        [
            0.08878757059574127,
            0.08364339172840118,
            -0.01794583722949028
        ],
        [
            0.0881246030330658,
            0.08654779940843582,
            -0.010714267380535603
        ],
        [
            0.09129856526851654,
            0.09201478958129883,
            -0.01003306359052658
        ],
        [
            0.09167304635047913,
            0.09219016134738922,
            -0.016114216297864914
        ],
        [
            0.14281748235225677,
            0.10948716849088669,
            -0.01403182651847601
        ],
        [
            0.14678403735160828,
            0.10826732218265533,
            -0.009966691955924034
        ],
        [
            0.14852149784564972,
            0.11352472752332687,
            -0.010225443169474602
        ],
        [
            0.14496168494224548,
            0.11520042270421982,
            -0.014472473412752151
        ],
        [
            0.14689326286315918,
            0.08288194984197617,
            -0.009192966856062412
        ],
        [
            0.15188153088092804,
            0.0794282853603363,
            -0.011207368224859238
        ],
        [
            0.1527833640575409,
            0.0858318954706192,
            -0.011702150106430054
        ],
        [
            0.1473374366760254,
            0.0878853052854538,
            -0.010504256933927536
        ],
        [
            0.15486302971839905,
            0.07919130474328995,
            -0.01702542044222355
        ],
        [
            0.15618781745433807,
            0.08537167310714722,
            -0.017017649486660957
        ],
        [
            0.1422969102859497,
            0.11003819108009338,
            -0.020558811724185944
        ],
        [
            0.14618782699108124,
            0.10931171476840973,
            -0.027013391256332397
        ],
        [
            0.14036419987678528,
            0.09465548396110535,
            -0.027863752096891403
        ],
        [
            0.13833734393119812,
            0.09701424837112427,
            -0.02035639062523842
        ],
        [
            0.08779020607471466,
            0.031687162816524506,
            -0.017687151208519936
        ],
        [
            0.07810022681951523,
            0.03275637328624725,
            -0.012189577333629131
        ],
        [
            0.08030588179826736,
            0.04770836606621742,
            -0.014059589244425297
        ],
        [
            0.08150786906480789,
            0.0625324547290802,
            -0.016953429207205772
        ],
        [
            0.08390042930841446,
            0.07628007233142853,
            -0.019039336591959
        ],
        [
            0.09354793280363083,
            0.07500705868005753,
            -0.026334162801504135
        ],
        [
            0.07357296347618103,
            0.04709877446293831,
            -0.009328875690698624
        ],
        [
            0.1323775202035904,
            0.08840572834014893,
            -0.022760802879929543
        ],
        [
            0.13588912785053253,
            0.08410372585058212,
            -0.02901383861899376
        ],
        [
            0.13022436201572418,
            0.0846736878156662,
            -0.028163280338048935
        ],
        [
            0.09740845113992691,
            0.04859376698732376,
            0.012538280338048935
        ],
        [
            0.16135145723819733,
            0.10405825078487396,
            -0.016966823488473892
        ],
        [
            0.11232434213161469,
            -0.005168497562408447,
            -0.014756579883396626
        ],
        [
            0.09947289526462555,
            -0.001901872456073761,
            -0.017891431227326393
        ],
        [
            0.10396340489387512,
            0.005592726171016693,
            -0.018783599138259888
        ],
        [
            0.11862047016620636,
            0.0021683573722839355,
            -0.014300474897027016
        ],
        [
            0.1530480831861496,
            0.10573360323905945,
            -0.00885512214154005
        ],
        [
            0.15867581963539124,
            0.10431501269340515,
            -0.01123393326997757
        ],
        [
            0.09483335167169571,
            0.08584956079721451,
            0.0001851748675107956
        ],
        [
            0.09767154604196548,
            0.09133133292198181,
            -0.0028483523055911064
        ],
        [
            0.09473034739494324,
            0.09290578961372375,
            -0.004272750113159418
        ],
        [
            0.09096479415893555,
            0.08933431655168533,
            0.0004713553935289383
        ],
        [
            0.07346294820308685,
            0.03199970722198486,
            -0.008451057597994804
        ],
        [
            0.07178641855716705,
            0.08312864601612091,
            -0.0027637509629130363
        ],
        [
            0.07531106472015381,
            0.0809226781129837,
            -0.013019380159676075
        ],
        [
            0.0765330120921135,
            0.019722312688827515,
            -0.010835643857717514
        ],
        [
            0.08469022810459137,
            0.0185672789812088,
            -0.016175810247659683
        ],
        [
            0.08190551400184631,
            0.00925908237695694,
            -0.0148960892111063
        ],
        [
            0.10763393342494965,
            0.08039814233779907,
            -0.02885265462100506
        ],
        [
            0.09566087275743484,
            0.032966792583465576,
            -0.021185483783483505
        ],
        [
            0.09192605316638947,
            0.019064947962760925,
            -0.018738053739070892
        ],
        [
            0.0889241024851799,
            0.007960215210914612,
            -0.017351416870951653
        ],
        [
            0.08595830202102661,
            0.00013603270053863525,
            -0.016750866547226906
        ],
        [
            0.07860147207975388,
            0.0023724734783172607,
            -0.014018479734659195
        ],
        [
            0.15168677270412445,
            0.10825812816619873,
            -0.027876095846295357
        ],
        [
            0.14861443638801575,
            0.11502976715564728,
            -0.02598102204501629
        ],
        [
            0.07406792044639587,
            -0.005548819899559021,
            -0.014539547264575958
        ],
        [
            0.08278263360261917,
            -0.007711008191108704,
            -0.016958817839622498
        ],
        [
            0.1009443998336792,
            0.01879352331161499,
            -0.020684748888015747
        ],
        [
            0.11240290105342865,
            0.018185704946517944,
            -0.02126516029238701
        ],
        [
            0.10422991216182709,
            0.03228376433253288,
            -0.02274404652416706
        ],
        [
            0.115698903799057,
            0.03285782411694527,
            -0.023918019607663155
        ],
        [
            0.115380197763443,
            0.0755808874964714,
            -0.03467240184545517
        ],
        [
            0.15403585135936737,
            0.13223138451576233,
            -0.021228333935141563
        ],
        [
            0.1480470597743988,
            0.12196507304906845,
            -0.021948382258415222
        ],
        [
            0.14731529355049133,
            0.12124288827180862,
            -0.016163310036063194
        ],
        [
            0.15161576867103577,
            0.1320192962884903,
            -0.017473511397838593
        ],
        [
            0.1447870284318924,
            0.11573213338851929,
            -0.020446162670850754
        ],
        [
            0.15185970067977905,
            0.12027039378881454,
            -0.026026729494333267
        ],
        [
            0.1300942450761795,
            0.03152581676840782,
            -0.020842980593442917
        ],
        [
            0.1329568475484848,
            0.0895247831940651,
            -0.013207200914621353
        ],
        [
            0.1293407380580902,
            0.015469446778297424,
            -0.014436633326113224
        ],
        [
            0.14523623883724213,
            0.03572947904467583,
            -0.016636846587061882
        ],
        [
            0.14570361375808716,
            0.024954188615083694,
            -0.009499023668467999
        ],
        [
            0.13029299676418304,
            -0.0001775696873664856,
            -0.006110392510890961
        ],
        [
            0.1436687707901001,
            0.011017248034477234,
            -0.0020685233175754547
        ],
        [
            0.11745287477970123,
            -0.014129206538200378,
            -0.0075014857575297356
        ],
        [
            0.12252499908208847,
            -0.006626918911933899,
            -0.007719843648374081
        ],
        [
            0.15391597151756287,
            0.024941354990005493,
            0.0017363578081130981
        ],
        [
