{
    "pred_cam": [
        4.808518886566162,
        -0.02102280966937542,
        0.04700333625078201
    ],
    "pred_mano_params": {
        "global_orient": [
            [
                [
                    0.8698833584785461,
                    0.27932026982307434,
                    0.40655025839805603
                ],
                [
                    0.4224494397640228,
                    0.003605295205488801,
                    -0.9063792824745178
                ],
                [
                    -0.25463590025901794,
                    0.9601911902427673,
                    -0.11486250162124634
                ]
            ]
        ],
        "hand_pose": [
            [
                [
                    0.8622623682022095,
                    -0.45558473467826843,
                    -0.2212374061346054
                ],
                [
                    0.4572589099407196,
                    0.8881068825721741,
                    -0.04669535532593727
                ],
                [
                    0.21775615215301514,
                    -0.06089912727475166,
                    0.9741013050079346
                ]
            ],
            [
                [
                    0.9624600410461426,
                    -0.2665939927101135,
                    0.05097299814224243
                ],
                [
                    0.2702207565307617,
                    0.9234893918037415,
                    -0.2723013758659363
                ],
                [
                    0.02552087791264057,
                    0.2758531868457794,
                    0.9608608484268188
                ]
            ],
            [
                [
                    0.9971626996994019,
                    -0.07263777405023575,
                    0.01975729875266552
                ],
                [
                    0.07197032868862152,
                    0.9968730807304382,
                    0.03262288123369217
                ],
                [
                    -0.02206517569720745,
                    -0.031108377501368523,
                    0.9992724061012268
                ]
            ],
            [
                [
                    0.6142893433570862,
                    -0.7859922647476196,
                    -0.0697481632232666
                ],
                [
                    0.7886829376220703,
                    0.6143831610679626,
                    0.022638902068138123
                ],
                [
                    0.025058100000023842,
                    -0.06891601532697678,
                    0.9973077178001404
                ]
            ],
            [
                [
                    0.9957456588745117,
                    0.0374755822122097,
                    -0.0841788575053215
                ],
                [
                    -0.016154691576957703,
                    0.9704094529151917,
                    0.2409244030714035
                ],
                [
                    0.09071674197912216,
                    -0.23853956162929535,
                    0.9668864011764526
                ]
            ],
            [
                [
                    0.9959578514099121,
                    -0.003865606617182493,
                    0.08973810821771622
                ],
                [
                    0.008987808600068092,
                    0.9983481764793396,
                    -0.05674590542912483
                ],
                [
                    -0.08937052637338638,
                    0.05732308700680733,
                    0.9943474531173706
                ]
            ],
            [
                [
                    0.7899686098098755,
                    -0.4267108738422394,
                    0.4403037428855896
                ],
                [
                    0.4229079484939575,
                    0.8991459012031555,
                    0.11262974143028259
                ],
                [
                    -0.443957656621933,
                    0.09723401814699173,
                    0.8907564878463745
                ]
            ],
            [
                [
                    0.9763659238815308,
                    -0.10529224574565887,
                    -0.18874116241931915
                ],
                [
                    0.1659957468509674,
                    0.9245862364768982,
                    0.3429078459739685
                ],
                [
                    0.13840194046497345,
                    -0.3661337196826935,
                    0.9202125668525696
                ]
            ],
            [
                [
                    0.9933710098266602,
                    0.07380750775337219,
                    0.08812729269266129
                ],
                [
                    -0.10143335908651352,
                    0.9235170483589172,
                    0.369902104139328
                ],
                [
                    -0.05408550053834915,
                    -0.3763890862464905,
                    0.9248815774917603
                ]
            ],
            [
                [
                    0.7259165644645691,
                    -0.6703359484672546,
                    0.15393154323101044
                ],
                [
                    0.6817256808280945,
                    0.730908989906311,
                    -0.03197137638926506
                ],
                [
                    -0.09107838571071625,
                    0.12814763188362122,
                    0.987564206123352
                ]
            ],
            [
                [
                    0.9933152198791504,
                    -0.07265713065862656,
                    -0.08969862759113312
                ],
                [
                    0.09697043895721436,
                    0.946775496006012,
                    0.30694106221199036
                ],
                [
                    0.06262300163507462,
                    -0.31358733773231506,
                    0.9474921226501465
                ]
            ],
            [
                [
                    0.957169771194458,
                    -0.17621102929115295,
                    0.2297295182943344
                ],
                [
                    0.13587349653244019,
                    0.97404944896698,
                    0.18101386725902557
                ],
                [
                    -0.25566455721855164,
                    -0.14204685389995575,
                    0.956273078918457
                ]
            ],
            [
                [
                    0.9990553259849548,
                    -0.043445002287626266,
                    0.0009112203842960298
                ],
                [
                    0.024640139192342758,
                    0.5490999221801758,
                    -0.8353932499885559
                ],
                [
                    0.03579329699277878,
                    0.8346266746520996,
                    0.5496516823768616
                ]
            ],
            [
                [
                    0.9646350741386414,
                    -0.2518532872200012,
                    0.07777629792690277
                ],
                [
                    0.17654970288276672,
                    0.8364389538764954,
                    0.5188450217247009
                ],
                [
                    -0.19572791457176208,
                    -0.48676466941833496,
                    0.8513229489326477
                ]
            ],
            [
                [
                    0.9828078150749207,
                    -0.15583790838718414,
                    0.09901163727045059
                ],
                [
                    0.1815640926361084,
                    0.9131009578704834,
                    -0.3650769293308258
                ],
                [
                    -0.03351478651165962,
                    0.37677744030952454,
                    0.9256973266601562
                ]
            ]
        ],
        "betas": [
            0.08442956209182739,
            -0.01880168914794922,
            -0.04041790962219238,
            -0.051064759492874146,
            -0.11286425590515137,
            0.01820382848381996,
            -0.03838849067687988,
            -0.011168941855430603,
            -0.05597403645515442,
            0.01358845829963684
        ]
    },
    "pred_cam_t": [
        -0.02102280966937542,
        0.04700333625078201,
        8.123602867126465
    ],
    "focal_length": [
        5000.0,
        5000.0
    ],
    "pred_keypoints_3d": [
        [
            0.09527355432510376,
            0.006345856934785843,
            0.006184686906635761
        ],
        [
            0.08052004128694534,
            -0.027048002928495407,
            -0.005485891364514828
        ],
        [
            0.06324928998947144,
            -0.0471058189868927,
            -0.020923711359500885
        ],
        [
            0.04586608707904816,
            -0.06341797113418579,
            -0.03361864015460014
        ],
        [
            0.028406618162989616,
            -0.08092531561851501,
            -0.05887798219919205
        ],
        [
            0.02594762295484543,
            -0.04929822310805321,
            0.021183297038078308
        ],
        [
            -0.0057988278567790985,
            -0.05750235915184021,
            0.018597252666950226
        ],
        [
            -0.02498832531273365,
            -0.05909242853522301,
            0.0076987650245428085
        ],
        [
            -0.04715576395392418,
            -0.06137215346097946,
            -0.004150275141000748
        ],
        [
            0.011521629989147186,
            -0.030419383198022842,
            0.029123026877641678
        ],
        [
            -0.015274498611688614,
            -0.03317874297499657,
            0.012455509975552559
        ],
        [
            -0.0334613174200058,
            -0.032885532826185226,
            -0.001975252293050289
        ],
        [
            -0.05659209564328194,
            -0.035514652729034424,
            -0.013828031718730927
        ],
        [
            0.012571334838867188,
            -0.004002930596470833,
            0.026106785982847214
        ],
        [
            -0.01295652985572815,
            -0.011647263541817665,
            0.015238551422953606
        ],
        [
            -0.0328933447599411,
            -0.011220574378967285,
            0.0005921609699726105
        ],
        [
            -0.05261562764644623,
            -0.017172060906887054,
            -0.014054730534553528
        ],
        [
            0.015448585152626038,
            0.016319597139954567,
            0.019063681364059448
        ],
        [
            -0.004806984215974808,
            0.011534696444869041,
            0.0161708015948534
        ],
        [
            -0.02150554209947586,
            0.010553414933383465,
            0.00745055079460144
        ],
        [
            -0.04033499211072922,
            0.006616571918129921,
            -0.0023915208876132965
        ]
    ],
    "pred_vertices": [
        [
            0.05359335243701935,
            -0.02949541248381138,
            0.00023298710584640503
        ],
        [
            0.061526037752628326,
            -0.024302257224917412,
            -0.003921922296285629
        ],
        [
            0.05642114579677582,
            -0.031886935234069824,
            -0.00860825926065445
        ],
        [
            0.05011869966983795,
            -0.03780847042798996,
            -0.003041474148631096
        ],
        [
            0.07119594514369965,
            -0.022239893674850464,
            -0.022304635494947433
        ],
        [
            0.08154512941837311,
            -0.02665356919169426,
            -0.025792734697461128
        ],
        [
            0.07048329710960388,
            -0.036878105252981186,
            -0.03032621182501316
        ],
        [
            0.06278913468122482,
            -0.0314006470143795,
            -0.027784839272499084
        ],
        [
            0.047374285757541656,
            -0.04508671909570694,
            -0.004695037379860878
        ],
        [
            0.05190419405698776,
            -0.03819797560572624,
            -0.012541702017188072
        ],
        [
            0.048549894243478775,
            -0.04949644207954407,
            -0.0044540101662278175
        ],
        [
            0.0466209314763546,
            -0.05461598187685013,
            0.009600184857845306
        ],
        [
            0.04413170740008354,
            -0.050325337797403336,
            0.004873638041317463
        ],
        [
            0.04172457754611969,
            -0.05646897107362747,
            0.017050042748451233
        ],
        [
            0.05520259588956833,
            -0.05334999039769173,
            0.016463011503219604
        ],
        [
            0.04309893772006035,
            -0.053591322153806686,
            0.02617528662085533
        ],
        [
            0.056833088397979736,
            -0.027699818834662437,
            0.033516839146614075
        ],
        [
            0.054943688213825226,
            -0.01419706828892231,
            0.03491650149226189
        ],
        [
            0.03892126679420471,
            -0.019513225182890892,
            0.03928489238023758
        ],
        [
            0.04226589947938919,
            -0.032621219754219055,
            0.03653340041637421
        ],
        [
            0.0404592826962471,
            0.0007854914292693138,
            0.034515202045440674
        ],
        [
            0.038793906569480896,
            -0.010567877441644669,
            0.037424344569444656
        ],
        [
            0.0549703910946846,
            -0.005243677645921707,
            0.03446607664227486
        ],
        [
            0.05550919473171234,
            0.0046262070536613464,
            0.03195013105869293
        ],
        [
            0.05673205852508545,
            -0.013588985428214073,
            0.002716340124607086
        ],
        [
            0.06534364074468613,
            -0.00872206874191761,
            -0.0007168147712945938
        ],
        [
            0.064759261906147,
            -0.014788666740059853,
            -0.00043882429599761963
        ],
        [
            0.05667439103126526,
            -0.01928638480603695,
            0.002307390794157982
        ],
        [
            0.05507610738277435,
            -0.056300897151231766,
            -0.01212569884955883
        ],
        [
            0.06323425471782684,
            -0.05435894802212715,
            -0.0009201564826071262
        ],
        [
            0.055157825350761414,
            -0.05326627939939499,
            -0.00034044496715068817
        ],
        [
            0.05069078505039215,
            -0.05330464988946915,
            -0.014158875681459904
        ],
        [
            0.08289557695388794,
            0.010595448315143585,
            -0.013940677046775818
        ],
        [
            0.09582358598709106,
            0.013528695330023766,
            -0.011490723118185997
        ],
        [
            0.09773208945989609,
            0.008007194846868515,
            -0.011390041559934616
        ],
        [
            0.0855075940489769,
            0.006503414362668991,
            -0.013016177341341972
        ],
        [
            0.09661693871021271,
            -0.01275169849395752,
            -0.016477201133966446
        ],
        [
            0.10469428449869156,
            -0.00836707279086113,
            -0.011641217395663261
        ],
        [
            0.11471670866012573,
            -0.015143141150474548,
            -0.005828037858009338
        ],
        [
            0.1072077751159668,
            -0.021680720150470734,
            -0.00830746814608574
        ],
        [
            0.08856738358736038,
            -0.019648637622594833,
            -0.021425513550639153
        ],
        [
            0.09838717430830002,
            -0.027587715536355972,
            -0.01608729176223278
        ],
        [
            0.08942536264657974,
            -0.033840663731098175,
            -0.02180415205657482
        ],
        [
            0.07671397924423218,
            -0.04304682835936546,
            -0.027268894016742706
        ],
        [
            0.09254492819309235,
            0.025506453588604927,
            -0.008668692782521248
        ],
        [
            0.08258575946092606,
            0.025146551430225372,
            -0.010585110634565353
        ],
        [
            -0.006007328629493713,
            -0.061108123511075974,
            0.006940716877579689
        ],
        [
            -0.007871545851230621,
            -0.05557698756456375,
            0.006476571783423424
        ],
        [
            -0.002563735470175743,
            -0.054931413382291794,
            0.007261182181537151
        ],
        [
            -0.0017998237162828445,
            -0.060566097497940063,
            0.007860825397074223
        ],
        [
            0.08559242635965347,
            0.03409772738814354,
            0.008023997768759727
        ],
        [
            0.0874614492058754,
            0.03270701318979263,
            0.01778976246714592
        ],
        [
            0.09332031011581421,
            0.03589138761162758,
            0.014963137917220592
        ],
        [
            0.09255912154912949,
            0.0355716273188591,
            0.005642717704176903
        ],
        [
            0.07637578994035721,
            0.03200314939022064,
            0.011070458218455315
        ],
        [
            0.07929990440607071,
            0.027794135734438896,
            0.021068576723337173
        ],
        [
            -0.009207496419548988,
            -0.0657905638217926,
            0.018165599554777145
        ],
        [
            -0.007586408406496048,
            -0.06684572249650955,
            0.013462385162711143
        ],
        [
            -0.003184666857123375,
            -0.0662824958562851,
            0.016087451949715614
        ],
        [
            -0.0042639076709747314,
            -0.06433452665805817,
            0.02090201899409294
        ],
        [
            0.04427842050790787,
            -0.04322030395269394,
            0.002620479092001915
        ],
        [
            0.04565751552581787,
            -0.03390541672706604,
            0.0028649624437093735
        ],
        [
            0.029319528490304947,
            -0.048205241560935974,
            0.009434087201952934
        ],
        [
            0.035528361797332764,
            -0.04158717766404152,
            0.007911681197583675
        ],
        [
            0.038587428629398346,
            -0.04808579012751579,
            0.007857441902160645
        ],
        [
            0.03330334648489952,
            -0.05292956531047821,
            0.01060777623206377
        ],
        [
            0.035699184983968735,
            -0.0180189348757267,
            0.009645329788327217
        ],
        [
            0.04632137715816498,
            -0.014274448156356812,
            0.0066987089812755585
        ],
        [
            0.04600617289543152,
            -0.020891603082418442,
            0.0067292470484972
        ],
        [
            0.03469008579850197,
            -0.026523517444729805,
            0.009060644544661045
        ],
        [
            0.04397585242986679,
            -0.0005620326846837997,
            0.004462596029043198
        ],
        [
            0.0337834358215332,
            -0.00535313505679369,
            0.00795493833720684
        ],
        [
            0.03354382514953613,
            0.003026297315955162,
            0.006342098116874695
        ],
        [
            0.04066262021660805,
            0.004919731989502907,
            0.0031967759132385254
        ],
        [
            0.018207965418696404,
            -0.01626483164727688,
            0.01506354846060276
        ],
        [
            0.013163726776838303,
            -0.018658777698874474,
            0.017426390200853348
        ],
        [
            0.01154184527695179,
            -0.01568577066063881,
            0.016135234385728836
        ],
        [
            0.017962832003831863,
            -0.012608407996594906,
            0.014606301672756672
        ],
        [
            0.09957961738109589,
            0.03861646354198456,
            0.013182382099330425
        ],
        [
            0.0995255783200264,
            0.03612080216407776,
            0.0037395358085632324
        ],
        [
            0.04007948189973831,
            0.0208879541605711,
            0.02689407765865326
        ],
        [
            0.04163990914821625,
            0.027828553691506386,
            0.01834757626056671
        ],
        [
            0.028823446482419968,
            0.02675359696149826,
            0.021007683128118515
        ],
        [
            0.0305938757956028,
            0.019563058391213417,
            0.029681913554668427
        ],
        [
            0.08938691765069962,
            0.0256977379322052,
            0.025121746584773064
        ],
        [
            0.09497344493865967,
            0.030894260853528976,
            0.023473532870411873
        ],
        [
            -0.011513728648424149,
            -0.061239611357450485,
            0.021632928401231766
        ],
        [
            -0.006254922598600388,
            -0.05944270268082619,
            0.023738471791148186
        ],
        [
            0.09463254362344742,
            -0.03916972875595093,
            -0.009865408763289452
        ],
        [
            0.07984834909439087,
            -0.04880109429359436,
            -0.01972079649567604
        ],
        [
            0.10495821386575699,
            -0.030325278639793396,
            -0.00238100066781044
        ],
        [
            0.11134731769561768,
            -0.0231953002512455,
            0.0030552204698324203
        ],
        [
            0.1182292103767395,
            -0.018091611564159393,
            0.005277490243315697
        ],
        [
            0.03056267648935318,
            -0.037365593016147614,
            0.0092258146032691
        ],
        [
            0.04917285963892937,
            -0.025268904864788055,
            0.004109911620616913
        ],
        [
            0.05627761036157608,
            -0.008482631295919418,
            0.002426212653517723
        ],
        [
            0.046501681208610535,
            0.020094091072678566,
            -0.0028348565101623535
        ],
        [
            0.05616356432437897,
            0.02291436493396759,
            -0.006134873256087303
        ],
        [
            0.05485210567712784,
            0.01238640584051609,
            -0.005902303382754326
        ],
        [
            0.04679981246590614,
            0.01214088685810566,
            -0.0024360232055187225
        ],
        [
            0.039202600717544556,
            0.028927547857165337,
            0.008944759145379066
        ],
        [
            0.03698359802365303,
            0.02369794063270092,
            0.0033066123723983765
        ],
        [
            0.02825058624148369,
            0.021910671144723892,
            0.006505187600851059
        ],
        [
            0.02875596657395363,
            0.02710726298391819,
            0.012088797986507416
        ],
        [
            0.06121011823415756,
            -0.06006496399641037,
            -0.01453361101448536
        ],
        [
            0.07055598497390747,
            -0.05498896539211273,
            -0.00322329206392169
        ],
        [
            0.08456957340240479,
            0.031841691583395004,
            -0.002181749790906906
        ],
        [
            0.09218228608369827,
            0.031180914491415024,
            -0.0034184642136096954
        ],
        [
            0.10052818804979324,
            0.03240039572119713,
            -0.002945372834801674
        ],
        [
            0.07445940375328064,
            -0.00019372627139091492,
            -0.007853968068957329
        ],
        [
            0.08729878813028336,
            0.003649134188890457,
            -0.012481790035963058
        ],
        [
            0.0875987783074379,
            -0.0005638599395751953,
            -0.012675635516643524
        ],
        [
            0.07484051585197449,
            -0.0033520832657814026,
            -0.006338536739349365
        ],
        [
            0.06871464848518372,
            -0.01728513464331627,
            -0.009873757138848305
        ],
        [
            0.07932043075561523,
            -0.013139143586158752,
            -0.01667914353311062
        ],
        [
            0.06159596145153046,
            -0.024416014552116394,
            -0.015549669042229652
        ],
        [
            0.10189563035964966,
            0.0011316537857055664,
            -0.011500820517539978
        ],
        [
            0.10770076513290405,
            0.010338600724935532,
            -0.012044766917824745
        ],
        [
            0.11124364286661148,
            0.002284187823534012,
            -0.011307509616017342
        ],
        [
            0.10477381199598312,
            0.019494080916047096,
            -0.010487405583262444
        ],
        [
            0.10212002694606781,
            0.027433963492512703,
            -0.007608255371451378
        ],
        [
            0.10193601250648499,
            0.03563448414206505,
            0.024455871433019638
        ],
        [
            0.11383384466171265,
            -0.005280904471874237,
            -0.009083563461899757
        ],
        [
            0.05779960751533508,
            -0.039055999368429184,
            -0.030361346900463104
        ],
        [
            0.05431715399026871,
            -0.04614337533712387,
            -0.033021628856658936
        ],
        [
            0.04932205379009247,
            -0.04546258598566055,
            -0.02714889869093895
        ],
        [
            0.05221768468618393,
            -0.03876297175884247,
            -0.024001410230994225
        ],
        [
            0.033931832760572433,
            -0.0585644394159317,
            0.022319680079817772
        ],
        [
            0.033680982887744904,
            -0.05732935667037964,
            0.014767552725970745
        ],
        [
            0.041394345462322235,
            -0.05413895100355148,
            0.010515356436371803
        ],
        [
            0.07170772552490234,
            0.012309052050113678,
            -0.011863909661769867
        ],
        [
            0.071906678378582,
            0.024612778797745705,
            -0.009324882179498672
        ],
        [
            0.02437060885131359,
            -0.044124115258455276,
            0.010898415930569172
        ],
        [
            -1.514144241809845e-05,
            -0.06300320476293564,
            0.023804545402526855
        ],
        [
            0.0015789307653903961,
            -0.06539710611104965,
            0.01865066960453987
        ],
        [
            0.018964320421218872,
            -0.061855610460042953,
            0.0221025962382555
        ],
        [
            0.016378751024603844,
            -0.059455614537000656,
            0.02791433222591877
        ],
        [
            0.016128862276673317,
            -0.042524486780166626,
            0.017124084755778313
        ],
        [
            0.02002200111746788,
            -0.045321062207221985,
            0.012257013469934464
        ],
        [
            0.01744983345270157,
            -0.04541144520044327,
            0.0133198918774724
        ],
        [
            0.012844443321228027,
            -0.04206688702106476,
            0.016441913321614265
        ],
        [
            0.013015850447118282,
            -0.006672075483947992,
            0.0147633021697402
        ],
        [
            0.018634960055351257,
            -0.0040474263951182365,
            0.01323599275201559
        ],
        [
            0.0269315168261528,
            -0.036582183092832565,
            0.03590939939022064
        ],
        [
            0.033746786415576935,
            -0.04818100109696388,
            0.03699054569005966
        ],
        [
            0.04473582282662392,
            -0.04460100829601288,
            0.03348422795534134
        ],
        [
            0.035471610724925995,
            -0.010634012520313263,
            0.008876975625753403
        ],
        [
            0.02577030286192894,
            -0.013197916559875011,
            0.011574246920645237
        ],
        [
            0.02520531229674816,
            -0.009089075028896332,
            0.01133844442665577
        ],
        [
            0.02650829404592514,
            -0.03556806221604347,
            0.011024263687431812
        ],
        [
            0.020952856168150902,
            -0.03966598957777023,
            0.013248655013740063
        ],
        [
            0.021882908418774605,
            -0.03443467989563942,
            0.014117772690951824
        ],
        [
            0.026888404041528702,
            -0.030120987445116043,
            0.011585633270442486
        ],
        [
            0.0544934943318367,
            0.029966654255986214,
            0.01662416383624077
        ],
        [
            0.05153762176632881,
            0.031624048948287964,
            0.0055742766708135605
        ],
        [
            -0.006177866831421852,
            -0.06514962762594223,
            0.00940963439643383
        ],
        [
            -0.0019365772604942322,
            -0.06470663845539093,
            0.011240662075579166
        ],
        [
            0.0459013395011425,
            -0.007131364196538925,
            0.005986053496599197
        ],
        [
            0.05749361589550972,
            -0.03902111202478409,
            0.02897597849369049
        ],
        [
            0.055604998022317886,
            -0.0030885636806488037,
            0.00173112191259861
        ],
        [
            0.018948838114738464,
            0.003771289251744747,
            0.030875468626618385
        ],
        [
            0.015344308689236641,
            0.00608398113399744,
            0.024712607264518738
        ],
        [
            0.010362322442233562,
            0.0028435206040740013,
            0.02342623844742775
        ],
        [
            0.010559212416410446,
            0.0007406962104141712,
            0.028904031962156296
        ],
        [
            -0.0016499925404787064,
            -0.045350100845098495,
            0.01529871765524149
        ],
        [
            -0.00041891448199748993,
            -0.04831092059612274,
            0.010487563908100128
        ],
        [
            -0.004545973613858223,
            -0.04941549897193909,
            0.009303580969572067
        ],
        [
            -0.006331648677587509,
            -0.04682644456624985,
            0.014094971120357513
        ],
        [
            0.023325171321630478,
            -0.04991497844457626,
            0.01078544557094574
        ],
        [
            0.026669509708881378,
            -0.05521378666162491,
            0.011788010597229004
        ],
        [
            0.020414680242538452,
            -0.055856332182884216,
            0.0118043702095747
        ],
        [
            0.01852916181087494,
            -0.0502115897834301,
            0.011765189468860626
        ],
        [
            0.026728061959147453,
            -0.05927696079015732,
            0.016675379127264023
        ],
        [
            0.020653756335377693,
            -0.060353104025125504,
            0.016240812838077545
        ],
        [
            -0.0025911275297403336,
            -0.04630017280578613,
            0.02158007025718689
        ],
        [
            -0.002551104873418808,
            -0.05174454301595688,
            0.02666494995355606
        ],
        [
            0.011527923867106438,
            -0.046959150582551956,
            0.030084874480962753
        ],
        [
            0.009636478498578072,
            -0.04304041340947151,
            0.02326902002096176
        ],
        [
            0.07004009932279587,
            0.008392160758376122,
            0.030855562537908554
        ],
        [
            0.06834918260574341,
            0.018735472112894058,
            0.02731156162917614
        ],
        [
            0.053864359855651855,
            0.015312496572732925,
            0.028413942083716393
        ],
        [
            0.039659131318330765,
            0.012646278366446495,
            0.030678588896989822
        ],
        [
            0.026328671723604202,
            0.008933051489293575,
            0.032012999057769775
        ],
        [
            0.027622872963547707,
            -0.001863347366452217,
            0.03777318447828293
        ],
        [
            0.05402400717139244,
            0.022697577252984047,
            0.02506456896662712
        ],
        [
            0.017975198104977608,
            -0.038456737995147705,
            0.024809719994664192
        ],
        [
            0.02140631712973118,
            -0.04341871291399002,
            0.03216018155217171
        ],
        [
            0.020511910319328308,
            -0.03816144913434982,
            0.03085322305560112
        ],
        [
            0.05352417007088661,
            0.003662528470158577,
            -0.0005296003073453903
        ],
        [
            0.0028314348310232162,
            -0.06442184001207352,
            0.013698963448405266
        ],
        [
            0.10791383683681488,
            -0.01268046349287033,
            0.023779530078172684
        ],
        [
            0.1039947122335434,
            -0.0009775310754776,
            0.02911069057881832
        ],
        [
            0.09682150185108185,
            -0.006040465086698532,
            0.029074274003505707
        ],
        [
            0.10094128549098969,
            -0.01926005259156227,
            0.022206807509064674
        ],
        [
            0.0017471257597208023,
            -0.05430678650736809,
            0.008050489239394665
        ],
        [
            0.003057483583688736,
            -0.060372427105903625,
            0.00892552174627781
        ],
        [
            0.016035601496696472,
            0.002169503830373287,
            0.013147085905075073
        ],
        [
            0.011459475383162498,
            -0.0011935736984014511,
            0.015064619481563568
        ],
        [
            0.009523071348667145,
            0.0012836367823183537,
            0.01713489554822445
        ],
        [
            0.011876430362462997,
            0.006100972183048725,
            0.014320937916636467
        ],
        [
            0.0687766969203949,
            0.023921696469187737,
            0.02453731745481491
        ],
        [
            0.020433833822607994,
            0.02494497038424015,
            0.021808475255966187
        ],
        [
            0.02248915284872055,
            0.019134381785988808,
            0.029484925791621208
        ],
        [
            0.08108779788017273,
            0.021330535411834717,
            0.026455290615558624
        ],
        [
            0.08277375996112823,
            0.012496216222643852,
            0.03014674037694931
        ],
        [
            0.09179190546274185,
            0.016031568869948387,
            0.029541250318288803
        ],
        [
            0.022585727274417877,
            -0.01631663367152214,
            0.037658967077732086
        ],
        [
            0.06926664710044861,
            1.5633180737495422e-05,
            0.03279612213373184
        ],
        [
            0.0827556699514389,
            0.004962790757417679,
            0.03122609481215477
        ],
        [
            0.09353654086589813,
            0.00883379578590393,
            0.03053082525730133
        ],
        [
            0.10109950602054596,
            0.01229778677225113,
            0.030624235048890114
        ],
        [
            0.0983990877866745,
            0.019839908927679062,
            0.029340405017137527
        ],
        [
            -0.0017187763005495071,
            -0.057530373334884644,
            0.026291100308299065
        ],
        [
            -0.008074505254626274,
            -0.05304031819105148,
            0.024222826585173607
        ],
        [
            0.1059662476181984,
            0.02464226819574833,
            0.030696114525198936
        ],
        [
            0.10869207233190536,
            0.015845000743865967,
            0.03139544650912285
        ],
        [
            0.08359949290752411,
            -0.004184640944004059,
            0.03133595734834671
        ],
        [
            0.08470166474580765,
            -0.01563658006489277,
            0.029853839427232742
        ],
        [
            0.07045295089483261,
            -0.008582895621657372,
            0.032697323709726334
        ],
        [
            0.07043817639350891,
            -0.02017293870449066,
            0.0316273458302021
        ],
        [
            0.026915445923805237,
            -0.024985484778881073,
            0.042798444628715515
        ],
        [
            -0.024150008335709572,
            -0.05378102511167526,
            0.015456433407962322
        ],
        [
            -0.014054128900170326,
            -0.05021429806947708,
            0.01874706894159317
        ],
        [
            -0.012321360409259796,
            -0.04848809912800789,
            0.013551069423556328
        ],
        [
            -0.023345226421952248,
            -0.05117454752326012,
            0.01224946416914463
        ],
        [
            -0.0076653845608234406,
            -0.04790930077433586,
            0.019740143790841103
        ],
        [
            -0.013358255848288536,
            -0.054853469133377075,
            0.022076474502682686
        ],
        [
            0.07196669280529022,
            -0.03420499712228775,
            0.025166429579257965
        ],
        [
            0.017366765066981316,
            -0.03695955127477646,
            0.016600625589489937
        ],
        [
            0.08797401189804077,
            -0.030990153551101685,
            0.01966726966202259
        ],
        [
            0.06826774030923843,
            -0.04948483780026436,
            0.01541827991604805
        ],
        [
            0.07982545346021652,
            -0.04642009735107422,
            0.008974345400929451
        ],
        [
            0.10418625921010971,
            -0.028348524123430252,
            0.012206334620714188
        ],
        [
            0.09464545547962189,
            -0.040540680289268494,
            0.004070969298481941
        ],
        [
            0.11708234995603561,
            -0.015635445713996887,
