{
    "pred_cam": [
        7.082715034484863,
        0.14432601630687714,
        0.014901302754878998
    ],
    "pred_mano_params": {
        "global_orient": [
            [
                [
                    -0.8666574954986572,
                    0.37837857007980347,
                    -0.32516831159591675
                ],
                [
                    0.31681740283966064,
                    -0.08608482778072357,
                    -0.9445719718933105
                ],
                [
                    -0.3853978216648102,
                    -0.9216393828392029,
                    -0.045270852744579315
                ]
            ]
        ],
        "hand_pose": [
            [
                [
                    0.9865301251411438,
                    -0.15987975895404816,
                    -0.03459468483924866
                ],
                [
                    0.16144384443759918,
                    0.985690176486969,
                    0.04848417267203331
                ],
                [
                    0.02634800411760807,
                    -0.05341619625687599,
                    0.998224675655365
                ]
            ],
            [
                [
                    0.40051648020744324,
                    -0.8827958106994629,
                    0.24547527730464935
                ],
                [
                    0.9162891507148743,
                    0.3856135606765747,
                    -0.10824230313301086
                ],
                [
                    0.0008972475188784301,
                    0.26827913522720337,
                    0.9633408188819885
                ]
            ],
            [
                [
                    0.8739773035049438,
                    -0.46812838315963745,
                    0.1304582804441452
                ],
                [
                    0.47133082151412964,
                    0.8819280862808228,
                    0.0070760720409452915
                ],
                [
                    -0.11836733669042587,
                    0.05530468374490738,
                    0.9914284944534302
                ]
            ],
            [
                [
                    0.8339533805847168,
                    -0.5430120825767517,
                    -0.09828349947929382
                ],
                [
                    0.5517945885658264,
                    0.8227117657661438,
                    0.13663126528263092
                ],
                [
                    0.006666563451290131,
                    -0.16817642748355865,
                    0.9857344031333923
                ]
            ],
            [
                [
                    0.5994452834129333,
                    -0.770948052406311,
                    -0.21518474817276
                ],
                [
                    0.7988341450691223,
                    0.5593436360359192,
                    0.22135643661022186
                ],
                [
                    -0.050292082130908966,
                    -0.3045880198478699,
                    0.9511555433273315
                ]
            ],
            [
                [
                    0.979519248008728,
                    -0.20113766193389893,
                    -0.009257202968001366
                ],
                [
                    0.20040403306484222,
                    0.9783363938331604,
                    -0.051923979073762894
                ],
                [
                    0.019500525668263435,
                    0.049005355685949326,
                    0.9986081123352051
                ]
            ],
            [
                [
                    0.8000831007957458,
                    -0.2673194408416748,
                    0.5370357036590576
                ],
                [
                    0.24610331654548645,
                    0.9626870155334473,
                    0.11254715919494629
                ],
                [
                    -0.5470833778381348,
                    0.04211920499801636,
                    0.8360177874565125
                ]
            ],
            [
                [
                    0.7421841621398926,
                    -0.6478834748268127,
                    -0.1714922934770584
                ],
                [
                    0.5917242169380188,
                    0.5133203864097595,
                    0.6215823292732239
                ],
                [
                    -0.3146824240684509,
                    -0.5628047585487366,
                    0.7643465995788574
                ]
            ],
            [
                [
                    0.9331676959991455,
                    -0.3578440845012665,
                    -0.03384598717093468
                ],
                [
                    0.35223156213760376,
                    0.8916221857070923,
                    0.2845042943954468
                ],
                [
                    -0.07163037359714508,
                    -0.27741187810897827,
                    0.9580770134925842
                ]
            ],
            [
                [
                    0.9084495902061462,
                    -0.4175160825252533,
                    0.019992012530565262
                ],
                [
                    0.41798630356788635,
                    0.9076901078224182,
                    -0.03723056614398956
                ],
                [
                    -0.0026021935045719147,
                    0.04217848181724548,
                    0.9991067051887512
                ]
            ],
            [
                [
                    0.6348642110824585,
                    -0.7507210969924927,
                    -0.18266186118125916
                ],
                [
                    0.6925691366195679,
                    0.4481528103351593,
                    0.5652496218681335
                ],
                [
                    -0.34248438477516174,
                    -0.4853626787662506,
                    0.8044424057006836
                ]
            ],
            [
                [
                    0.9377732276916504,
                    -0.33166688680648804,
                    -0.10285212844610214
                ],
                [
                    0.3334950804710388,
                    0.9427516460418701,
                    0.0006138849421404302
                ],
                [
                    0.09676040709018707,
                    -0.034876350313425064,
                    0.9946965575218201
                ]
            ],
            [
                [
                    0.9662975072860718,
                    0.10175196826457977,
                    0.23646490275859833
                ],
                [
                    0.145578071475029,
                    0.5415882468223572,
                    -0.8279427289962769
                ],
                [
                    -0.21231141686439514,
                    0.8344631195068359,
                    0.5085225105285645
                ]
            ],
            [
                [
                    0.814355194568634,
                    -0.3702249228954315,
                    -0.4469441771507263
                ],
                [
                    0.504082977771759,
                    0.8328610062599182,
                    0.22856707870960236
                ],
                [
                    0.2876211404800415,
                    -0.41143175959587097,
                    0.8648687601089478
                ]
            ],
            [
                [
                    0.8424609899520874,
                    -0.5285740494728088,
                    -0.10425417125225067
                ],
                [
                    0.4069739282131195,
                    0.7511617541313171,
                    -0.5197386741638184
                ],
                [
                    0.35303211212158203,
                    0.39543086290359497,
                    0.8479403257369995
                ]
            ]
        ],
        "betas": [
            -0.09849882125854492,
            -0.13213661313056946,
            0.04764553904533386,
            -0.004698961973190308,
            0.08744552731513977,
            0.0022187642753124237,
            0.0658775269985199,
            -0.08066445589065552,
            -0.028763890266418457,
            -0.04252821207046509
        ]
    },
    "pred_cam_t": [
        -0.14432601630687714,
        0.014901302754878998,
        5.5151872634887695
    ],
    "focal_length": [
        5000.0,
        5000.0
    ],
    "pred_keypoints_3d": [
        [
            0.09618671238422394,
            0.006432756781578064,
            0.0062380703166127205
        ],
        [
            0.10274772346019745,
            -0.024461323395371437,
            0.028732355684041977
        ],
        [
            0.10036683082580566,
            -0.04289522022008896,
            0.053416360169649124
        ],
        [
            0.11271751672029495,
            -0.04690477252006531,
            0.07730728387832642
        ],
        [
            0.11926999688148499,
            -0.033784642815589905,
            0.10827183723449707
        ],
        [
            0.16418781876564026,
            -0.040742695331573486,
            0.04425819218158722
        ],
        [
            0.1919950246810913,
            -0.05221281573176384,
            0.05812827870249748
        ],
        [
            0.18730133771896362,
            -0.05207587033510208,
            0.07990726083517075
        ],
        [
            0.173017680644989,
            -0.04904870316386223,
            0.10016700625419617
        ],
        [
            0.17921169102191925,
            -0.020349446684122086,
            0.04446280375123024
        ],
        [
            0.1979227066040039,
            -0.021661609411239624,
            0.07019069790840149
        ],
        [
            0.1877577006816864,
            -0.020314350724220276,
            0.09120701253414154
        ],
        [
            0.17649894952774048,
            -0.018865540623664856,
            0.11469359695911407
        ],
        [
            0.17473450303077698,
            0.0060942694544792175,
            0.04279228299856186
        ],
        [
            0.19593386352062225,
            0.0030414890497922897,
            0.06235745549201965
        ],
        [
            0.18784593045711517,
            0.0026783524081110954,
            0.08590775728225708
        ],
        [
            0.17660687863826752,
            0.003939124755561352,
            0.10906849801540375
        ],
        [
            0.16659003496170044,
            0.026430465281009674,
            0.044128768146038055
        ],
        [
            0.1825861930847168,
            0.021448595449328423,
            0.057195164263248444
        ],
        [
            0.17890512943267822,
            0.019169725477695465,
            0.07576464116573334
        ],
        [
            0.16860368847846985,
            0.017390552908182144,
            0.09201924502849579
        ]
    ],
    "pred_vertices": [
        [
            0.12734141945838928,
            -0.024816101416945457,
            0.04195940122008324
        ],
        [
            0.11837916076183319,
            -0.021419279277324677,
            0.04007195681333542
        ],
        [
            0.11811590194702148,
            -0.028955984860658646,
            0.047752320766448975
        ],
        [
            0.12760376930236816,
            -0.03326139599084854,
            0.04781557247042656
        ],
        [
            0.09785941988229752,
            -0.017686720937490463,
            0.0455767959356308
        ],
        [
            0.0870203971862793,
            -0.022407270967960358,
            0.041268836706876755
        ],
        [
            0.09004667401313782,
            -0.031575050204992294,
            0.053978800773620605
        ],
        [
            0.09793849289417267,
            -0.025186821818351746,
            0.05594991147518158
        ],
        [
            0.12746894359588623,
            -0.040190380066633224,
            0.050984326750040054
        ],
        [
            0.11744257807731628,
            -0.0342247299849987,
            0.05342637002468109
        ],
        [
            0.12511217594146729,
            -0.043586160987615585,
            0.04902053624391556
        ],
        [
            0.13844269514083862,
            -0.04942041262984276,
            0.041390351951122284
        ],
        [
            0.13794676959514618,
            -0.04457160457968712,
            0.04628809541463852
        ],
        [
            0.14813748002052307,
            -0.05063357576727867,
            0.0390453077852726
        ],
        [
            0.1358073353767395,
            -0.04964994266629219,
            0.030475439503788948
        ],
        [
            0.15218490362167358,
            -0.04798842966556549,
            0.030474936589598656
        ],
        [
            0.14580543339252472,
            -0.024094678461551666,
            0.012765888124704361
        ],
        [
            0.1473507285118103,
            -0.01030067726969719,
            0.011115405708551407
        ],
        [
            0.1624256670475006,
            -0.013628540560603142,
            0.018349669873714447
        ],
        [
            0.1590365767478943,
            -0.027038533240556717,
            0.020079676061868668
        ],
        [
            0.15709495544433594,
            0.006665349006652832,
            0.018462982028722763
        ],
        [
            0.16101676225662231,
            -0.00456981360912323,
            0.018598981201648712
        ],
        [
            0.14647895097732544,
            -0.0012574242427945137,
            0.010255932807922363
        ],
        [
            0.1437799334526062,
            0.008734201081097126,
            0.01067841425538063
        ],
        [
            0.12575164437294006,
            -0.00836467370390892,
            0.035513680428266525
        ],
        [
            0.11674259603023529,
            -0.004789106547832489,
            0.032383114099502563
        ],
        [
            0.11798082292079926,
            -0.011500278487801552,
            0.033691924065351486
        ],
        [
            0.12590953707695007,
            -0.014406906440854073,
            0.03680099546909332
        ],
        [
            0.11463498324155807,
            -0.04906715825200081,
            0.05284566432237625
        ],
        [
            0.11596984416246414,
            -0.051221542060375214,
            0.038849491626024246
        ],
        [
            0.12258515506982803,
            -0.04869182035326958,
            0.04282724857330322
        ],
        [
            0.11622560769319534,
            -0.04464031010866165,
            0.055424489080905914
        ],
        [
            0.09284558892250061,
            0.013448448851704597,
            0.029352465644478798
        ],
        [
            0.08399049937725067,
            0.014437604695558548,
            0.019050298258662224
        ],
        [
            0.08310727775096893,
            0.008608074858784676,
            0.018418822437524796
        ],
        [
            0.09194953739643097,
            0.008869009092450142,
            0.027524827048182487
        ],
        [
            0.08297700434923172,
            -0.011319231241941452,
            0.0247074905782938
        ],
        [
            0.0791153684258461,
            -0.008489426225423813,
            0.01583465188741684
        ],
        [
            0.07493017613887787,
            -0.016896530985832214,
            0.005695141851902008
        ],
        [
            0.07955516129732132,
            -0.022138241678476334,
            0.012405410408973694
        ],
        [
            0.08602683991193771,
            -0.016448091715574265,
            0.03350474685430527
        ],
        [
            0.08119075745344162,
            -0.026084478944540024,
            0.02388472855091095
        ],
        [
            0.08282795548439026,
            -0.031056419014930725,
            0.0342777855694294
        ],
        [
            0.08678145706653595,
            -0.039638176560401917,
            0.05000918731093407
        ],
        [
            0.0874568372964859,
            0.026788193732500076,
            0.017396725714206696
        ],
        [
            0.0940760001540184,
            0.027942612767219543,
            0.025119809433817863
        ],
        [
            0.17879770696163177,
            -0.053561363369226456,
            0.06420721113681793
        ],
        [
            0.18016338348388672,
            -0.04775888845324516,
            0.06598727405071259
        ],
        [
            0.17936700582504272,
            -0.04754471406340599,
            0.0649186372756958
        ],
        [
            0.1784122884273529,
            -0.05319701135158539,
            0.06344898045063019
        ],
        [
            0.10288430750370026,
            0.035551488399505615,
            0.007414732128381729
        ],
        [
            0.10769783705472946,
            0.03339759632945061,
            -0.0012936517596244812
        ],
        [
            0.1010470986366272,
            0.03592918440699577,
            -0.0030661486089229584
        ],
        [
            0.09577737748622894,
            0.03616449981927872,
            0.004814766347408295
        ],
        [
            0.1122266873717308,
            0.034621600061655045,
            0.01095801591873169
        ],
        [
            0.11655297875404358,
            0.0294459518045187,
            0.001764599233865738
        ],
        [
            0.18975572288036346,
            -0.059869103133678436,
            0.06156440079212189
        ],
        [
            0.18459773063659668,
            -0.060206424444913864,
            0.06267018616199493
        ],
        [
            0.1849222481250763,
            -0.05970172956585884,
            0.05886504799127579
        ],
        [
            0.18971873819828033,
            -0.05834110453724861,
            0.05654510483145714
        ],
        [
            0.1368841677904129,
            -0.03708241134881973,
            0.04732190817594528
        ],
        [
            0.1357658952474594,
            -0.027568269520998,
            0.0450199618935585
        ],
        [
            0.1553991287946701,
            -0.03997031971812248,
            0.05206340551376343
        ],
        [
            0.14780011773109436,
            -0.0337420217692852,
            0.04826078563928604
        ],
        [
            0.14557886123657227,
            -0.04088672995567322,
            0.04740212857723236
        ],
        [
            0.15267114341259003,
            -0.04531998559832573,
            0.04896549507975578
        ],
        [
            0.14708462357521057,
            -0.010125566273927689,
            0.04353974387049675
        ],
        [
            0.13653860986232758,
            -0.007656588219106197,
            0.038813114166259766
        ],
        [
            0.1372414082288742,
            -0.014330939389765263,
            0.03991115093231201
        ],
        [
            0.14812417328357697,
            -0.018481213599443436,
            0.045747388154268265
        ],
        [
            0.13606339693069458,
            0.006539828144013882,
            0.04025205224752426
        ],
        [
            0.1466997265815735,
            0.0029342519119381905,
            0.04442461207509041
        ],
        [
            0.1452859491109848,
            0.011441070586442947,
            0.04482664167881012
        ],
        [
            0.13750417530536652,
            0.01255252119153738,
            0.0426352322101593
        ],
        [
            0.16442792117595673,
            -0.0064413840882480145,
            0.0505901537835598
        ],
        [
            0.17094776034355164,
            -0.008910964243113995,
            0.05247320607304573
        ],
        [
            0.17260313034057617,
            -0.005508865229785442,
            0.05311771109700203
        ],
        [
            0.16452981531620026,
            -0.00274234963580966,
            0.05031252279877663
        ],
        [
            0.09480142593383789,
            0.03789930045604706,
            -0.005868352949619293
        ],
        [
            0.0890621542930603,
            0.035849928855895996,
            0.0019342638552188873
        ],
        [
            0.15148137509822845,
            0.027300186455249786,
            0.022369379177689552
        ],
        [
            0.14447210729122162,
            0.034666143357753754,
            0.02734893187880516
        ],
        [
            0.1563912034034729,
            0.03511748090386391,
            0.03363597393035889
        ],
        [
            0.16053320467472076,
            0.02712957002222538,
            0.02642737329006195
        ],
        [
            0.11137224733829498,
            0.025733206421136856,
            -0.007431991398334503
        ],
        [
            0.10553619265556335,
            0.030261937528848648,
            -0.010217662900686264
        ],
        [
            0.19477516412734985,
            -0.05579835921525955,
            0.061268627643585205
        ],
        [
            0.1946098804473877,
            -0.05414120852947235,
            0.0562310516834259
        ],
        [
            0.08674953877925873,
            -0.037785742431879044,
            0.023038223385810852
        ],
        [
            0.0896841436624527,
            -0.04675551503896713,
            0.0435873419046402
        ],
        [
            0.08502164483070374,
            -0.030173812061548233,
            0.009858064353466034
        ],
        [
            0.08352845907211304,
            -0.02452794834971428,
            0.001332022249698639
        ],
        [
            0.07929155230522156,
            -0.02075134590268135,
            -0.004928674548864365
        ],
        [
            0.15258847177028656,
            -0.02875569835305214,
            0.05004921555519104
        ],
        [
            0.13330328464508057,
            -0.019248440861701965,
            0.04069041088223457
        ],
        [
            0.12558159232139587,
            -0.003014681860804558,
            0.03526562452316284
        ],
        [
            0.12796162068843842,
            0.027328714728355408,
            0.04193958267569542
        ],
        [
            0.11800959706306458,
            0.029040029272437096,
            0.03820725902915001
        ],
        [
            0.11996497213840485,
            0.018632203340530396,
            0.040136244148015976
        ],
        [
            0.12857168912887573,
            0.01928364485502243,
            0.042424291372299194
        ],
        [
            0.14048877358436584,
            0.03654126822948456,
            0.036110181361436844
        ],
        [
            0.13914230465888977,
            0.03188212215900421,
            0.04260479286313057
        ],
        [
            0.14838655292987823,
            0.03102307766675949,
            0.04588611423969269
        ],
        [
            0.15099619328975677,
            0.035861581563949585,
            0.04062628746032715
        ],
        [
            0.10917031764984131,
            -0.05431463569402695,
            0.05301860719919205
        ],
        [
            0.10883719474077225,
            -0.053093619644641876,
            0.03636026382446289
        ],
        [
            0.09736919403076172,
            0.03394564241170883,
            0.016419358551502228
        ],
        [
            0.09064368903636932,
            0.03228321298956871,
            0.012770447880029678
        ],
        [
            0.08432751893997192,
            0.032324545085430145,
            0.007035054266452789
        ],
        [
            0.10467987507581711,
            0.003146560862660408,
            0.031211871653795242
        ],
        [
            0.09139826148748398,
            0.005702340975403786,
            0.02630641497671604
        ],
        [
            0.09180734306573868,
            0.0014113448560237885,
            0.02668498270213604
        ],
        [
            0.10602553933858871,
            -0.0004529375582933426,
            0.030273618176579475
        ],
        [
            0.1095770001411438,
            -0.014646880328655243,
            0.03891813009977341
        ],
        [
            0.09715151786804199,
            -0.010046318173408508,
            0.03593815118074417
        ],
        [
            0.10952174663543701,
            -0.02092994749546051,
            0.04821135476231575
        ],
        [
            0.08052531629800797,
            0.0012259110808372498,
            0.016620907932519913
        ],
        [
            0.07460847496986389,
            0.009650489315390587,
            0.012485440820455551
        ],
        [
            0.07293631881475449,
            0.0010690540075302124,
            0.010617170482873917
        ],
        [
            0.07720223069190979,
            0.019166545942425728,
            0.011958237737417221
        ],
        [
            0.0805143490433693,
            0.027350373566150665,
            0.010324735194444656
        ],
        [
            0.10034338384866714,
            0.03402659296989441,
            -0.015870995819568634
        ],
        [
            0.07285447418689728,
            -0.006960317492485046,
            0.008058059960603714
        ],
        [
            0.09896241128444672,
            -0.031152289360761642,
            0.061896443367004395
        ],
        [
            0.10123925656080246,
            -0.03510434553027153,
            0.06675265729427338
        ],
        [
            0.10809597373008728,
            -0.03368627652525902,
            0.0638379380106926
        ],
        [
            0.10692723095417023,
            -0.03109635040163994,
            0.05961371213197708
        ],
        [
            0.15835988521575928,
            -0.05178067088127136,
            0.03866177052259445
        ],
        [
            0.15473343431949615,
            -0.050239503383636475,
            0.04530898109078407
        ],
        [
            0.14472270011901855,
            -0.047869835048913956,
            0.04423943907022476
        ],
        [
            0.1028703972697258,
            0.016580352559685707,
            0.03442075103521347
        ],
        [
            0.10340035706758499,
            0.028790859505534172,
            0.030756700783967972
        ],
        [
            0.16060352325439453,
            -0.03568682447075844,
            0.05358545109629631
        ],
        [
            0.18840515613555908,
            -0.0574040524661541,
            0.05226173624396324
        ],
        [
            0.18338607251644135,
            -0.059417758136987686,
            0.05521000921726227
        ],
        [
            0.17202690243721008,
            -0.05487896502017975,
            0.04466651752591133
        ],
        [
            0.17732936143875122,
            -0.05244497209787369,
            0.040948331356048584
        ],
        [
            0.17212332785129547,
            -0.03493182733654976,
            0.05238150432705879
        ],
        [
            0.166327103972435,
            -0.0378950759768486,
            0.05465947091579437
        ],
        [
            0.16948209702968597,
            -0.03862845152616501,
            0.05479014664888382
        ],
        [
            0.17524828016757965,
            -0.03545830026268959,
            0.054384373128414154
        ],
        [
            0.16973356902599335,
            0.0033374279737472534,
            0.05203726515173912
        ],
        [
            0.1626162827014923,
            0.005699561443179846,
            0.05000815540552139
        ],
        [
            0.17129798233509064,
            -0.028693627566099167,
            0.030148494988679886
        ],
        [
            0.1661364883184433,
            -0.041036207228899,
            0.026555268093943596
        ],
        [
            0.15540878474712372,
            -0.03932444378733635,
            0.02268233895301819
        ],
        [
            0.14627984166145325,
            -0.0026427824050188065,
            0.04334370046854019
        ],
        [
            0.155880868434906,
            -0.004049583338201046,
            0.047680195420980453
        ],
        [
            0.1560019701719284,
            0.00015015434473752975,
            0.0476578027009964
        ],
        [
            0.1569674164056778,
            -0.02660231664776802,
            0.0508856326341629
        ],
        [
            0.1642952859401703,
            -0.030808785930275917,
            0.05332350358366966
        ],
        [
            0.1625509262084961,
            -0.025158386677503586,
            0.05098555237054825
        ],
        [
            0.15625722706317902,
            -0.021186113357543945,
            0.049123115837574005
        ],
        [
            0.1331232637166977,
            0.035246364772319794,
            0.020371394231915474
        ],
        [
            0.1284141093492508,
            0.03781887888908386,
            0.03071863017976284
        ],
        [
            0.1805199831724167,
            -0.057988326996564865,
            0.06335371732711792
        ],
        [
            0.18053360283374786,
            -0.0577753484249115,
            0.06138879060745239
        ],
        [
            0.13595257699489594,
            -0.0003896942362189293,
            0.03868915140628815
        ],
        [
            0.14251378178596497,
            -0.03570536896586418,
            0.01750323176383972
        ],
        [
            0.12530390918254852,
            0.0025708582252264023,
            0.03553001210093498
        ],
        [
            0.17189331352710724,
            0.013121575117111206,
            0.03363833576440811
        ],
        [
            0.17121931910514832,
            0.01606898382306099,
            0.040050625801086426
        ],
        [
            0.17541073262691498,
            0.013367803767323494,
            0.0439470112323761
        ],
        [
            0.1784709393978119,
            0.011452686041593552,
            0.03927954286336899
        ],
        [
            0.18588759005069733,
            -0.03882928192615509,
            0.06129888817667961
        ],
        [
            0.18192173540592194,
            -0.04182405769824982,
            0.06451928615570068
        ],
        [
            0.18288534879684448,
            -0.0422246977686882,
            0.06476952135562897
        ],
        [
            0.1882278025150299,
            -0.03984561935067177,
            0.06301630288362503
        ],
        [
            0.16269755363464355,
            -0.04256236180663109,
            0.05390103533864021
        ],
        [
            0.1601414531469345,
            -0.04786070063710213,
            0.05102507397532463
        ],
        [
            0.1658484786748886,
            -0.04899219051003456,
            0.05362419784069061
        ],
        [
            0.16758635640144348,
            -0.04345782846212387,
            0.05509407818317413
        ],
        [
            0.16275553405284882,
            -0.05211205780506134,
            0.0463009811937809
        ],
        [
            0.1676533967256546,
            -0.05339821055531502,
            0.049119070172309875
        ],
        [
            0.19077473878860474,
            -0.03967829793691635,
            0.05687505379319191
        ],
        [
            0.19388139247894287,
            -0.04578080400824547,
            0.052952732890844345
        ],
        [
            0.18318353593349457,
            -0.039695464074611664,
            0.04285503923892975
        ],
        [
            0.1814449280500412,
            -0.036125797778367996,
            0.04963855817914009
        ],
        [
            0.1314452886581421,
            0.010622437112033367,
            0.0021275579929351807
        ],
        [
            0.12980887293815613,
            0.021457871422171593,
            0.00468716025352478
        ],
        [
            0.14211201667785645,
            0.019894028082489967,
            0.013153117150068283
        ],
        [
            0.15466877818107605,
            0.01892515830695629,
            0.020500611513853073
        ],
        [
            0.1659480631351471,
            0.017044316977262497,
            0.028248196467757225
        ],
        [
            0.1688559651374817,
            0.0057638525031507015,
            0.024119986221194267
        ],
        [
            0.1393456906080246,
            0.027470406144857407,
            0.014852870255708694
        ],
        [
            0.17422516644001007,
            -0.02996693179011345,
            0.043700527399778366
        ],
        [
            0.1748199760913849,
            -0.035310156643390656,
            0.036343708634376526
        ],
        [
            0.17500413954257965,
            -0.02933601103723049,
            0.0370519757270813
        ],
        [
            0.12503108382225037,
            0.009748833253979683,
            0.03779662773013115
        ],
        [
            0.17941434681415558,
            -0.058241523802280426,
            0.05889246240258217
        ],
        [
            0.09871834516525269,
            -0.015037016943097115,
            -0.013358432799577713
        ],
        [
            0.10442297160625458,
            -0.0031864196062088013,
            -0.016499143093824387
        ],
        [
            0.11038744449615479,
            -0.007263757288455963,
            -0.011413220316171646
        ],
        [
            0.10355114191770554,
            -0.020500320941209793,
            -0.007030792534351349
        ],
        [
            0.17840570211410522,
            -0.04811430722475052,
            0.06529410183429718
        ],
        [
            0.1769859790802002,
            -0.05398601293563843,
            0.06295456737279892
        ],
        [
            0.16426140069961548,
            0.012284461408853531,
            0.05069766193628311
        ],
        [
            0.17033788561820984,
            0.009139662608504295,
            0.05161002278327942
        ],
        [
            0.17297260463237762,
            0.011751680634915829,
            0.050127897411584854
        ],
        [
            0.16827607154846191,
            0.016560373827815056,
            0.05108653008937836
        ],
        [
            0.1273231953382492,
            0.026771171018481255,
            0.005999390035867691
        ],
        [
            0.16422227025032043,
            0.0343647226691246,
            0.03867581859230995
        ],
        [
            0.16709931194782257,
            0.02808382362127304,
            0.0316045843064785
        ],
        [
            0.11905533820390701,
            0.02239343151450157,
            -0.0028161853551864624
        ],
        [
            0.1206788718700409,
            0.013083243742585182,
            -0.005680657923221588
        ],
        [
            0.11295832693576813,
            0.015452403575181961,
            -0.011217653751373291
        ],
        [
            0.1745164841413498,
            -0.007967149838805199,
            0.028747469186782837
        ],
        [
            0.13388730585575104,
            0.0022168047726154327,
            0.0020911172032356262
        ],
        [
            0.12193703651428223,
            0.005449181422591209,
            -0.005622882395982742
        ],
        [
            0.11275874823331833,
            0.007909063249826431,
            -0.012254234403371811
        ],
        [
            0.1066121831536293,
            0.010402800515294075,
            -0.01740942895412445
        ],
        [
            0.10738399624824524,
            0.018410418182611465,
            -0.015629295259714127
        ],
        [
            0.19221718609333038,
            -0.052046190947294235,
            0.05182456597685814
        ],
        [
            0.19718989729881287,
            -0.04735012724995613,
            0.05788891017436981
        ],
        [
            0.1019853726029396,
            0.022147540003061295,
            -0.021982215344905853
        ],
        [
            0.10094206035137177,
            0.012913458049297333,
            -0.02317161113023758
        ],
        [
            0.12206044793128967,
            -0.003820449113845825,
            -0.005200639367103577
        ],
        [
            0.12094482779502869,
            -0.0153827965259552,
            -0.003225523978471756
        ],
        [
            0.1335039585828781,
            -0.0065796393901109695,
            0.0024996548891067505
        ],
        [
            0.13357724249362946,
            -0.018201015889644623,
            0.004831500351428986
        ],
        [
            0.1738477200269699,
            -0.01720079965889454,
            0.023260105401277542
        ],
        [
            0.19484111666679382,
            -0.04719351977109909,
            0.07642055302858353
        ],
        [
            0.19529500603675842,
            -0.04375734552741051,
            0.06567780673503876
        ],
        [
            0.18984511494636536,
            -0.04142992943525314,
            0.06631701439619064
        ],
        [
            0.19187010824680328,
            -0.043971095234155655,
            0.07641289383172989
        ],
        [
            0.19337289035320282,
            -0.0413467101752758,
            0.06062890216708183
        ],
        [
            0.19725674390792847,
            -0.04889962822198868,
            0.06330837309360504
        ],
        [
            0.1285221129655838,
            -0.032473161816596985,
            0.010774213820695877
        ],
        [
            0.1692425161600113,
            -0.0282010305672884,
            0.051833540201187134
        ],
        [
            0.11228294670581818,
            -0.030625326558947563,
            0.004488784819841385
        ],
        [
            0.12434524297714233,
            -0.04756566882133484,
            0.022462118417024612
        ],
        [
            0.11090882867574692,
            -0.04524427279829979,
            0.019761838018894196
        ],
        [
            0.09495909512042999,
            -0.02913389913737774,
            -0.0006693042814731598
        ],
        [
            0.09648843854665756,
            -0.03980822116136551,
            0.012942422181367874
        ],
        [
            0.0866805762052536,
            -0.018784133717417717,
            -0.01256430521607399
        ],
        [
            0.09218428283929825,
            -0.022962098941206932,
            -0.0072922855615615845
        ],
        [
            0.09684635698795319,
            -0.04869622737169266,
            0.029662396758794785
        ],
        [
            0.17887985706329346,
