{
    "pred_cam": [
        7.004220008850098,
        -0.158462792634964,
        -0.06923210620880127
    ],
    "pred_mano_params": {
        "global_orient": [
            [
                [
                    -0.4988226890563965,
                    -0.6848569512367249,
                    0.5311749577522278
                ],
                [
                    -0.8353947997093201,
                    0.2166842818260193,
                    -0.5051369667053223
                ],
                [
                    0.23084931075572968,
                    -0.6957145929336548,
                    -0.6802129745483398
                ]
            ]
        ],
        "hand_pose": [
            [
                [
                    0.8962149620056152,
                    -0.40850403904914856,
                    -0.17298345267772675
                ],
                [
                    0.4037264585494995,
                    0.9126662015914917,
                    -0.06360232084989548
                ],
                [
                    0.1838579624891281,
                    -0.012836655601859093,
                    0.9828689694404602
                ]
            ],
            [
                [
                    0.9901995062828064,
                    0.07811896502971649,
                    0.11576902866363525
                ],
                [
                    -0.06364865601062775,
                    0.9902625679969788,
                    -0.12381037324666977
                ],
                [
                    -0.12431365996599197,
                    0.11522840708494186,
                    0.9855296611785889
                ]
            ],
            [
                [
                    0.8360764384269714,
                    -0.5374711751937866,
                    0.11000420898199081
                ],
                [
                    0.5118076801300049,
                    0.6919395327568054,
                    -0.5091880559921265
                ],
                [
                    0.19755762815475464,
                    0.48202118277549744,
                    0.8535962104797363
                ]
            ],
            [
                [
                    0.868604302406311,
                    -0.4281141757965088,
                    -0.24948883056640625
                ],
                [
                    0.43842369318008423,
                    0.8986324071884155,
                    -0.01563415676355362
                ],
                [
                    0.23089195787906647,
                    -0.0958019271492958,
                    0.9682513475418091
                ]
            ],
            [
                [
                    0.8624120950698853,
                    -0.49303069710731506,
                    -0.1147436574101448
                ],
                [
                    0.5017450451850891,
                    0.8025311827659607,
                    0.3227933943271637
                ],
                [
                    -0.06706168502569199,
                    -0.3359529972076416,
                    0.9394882917404175
                ]
            ],
            [
                [
                    0.8202489614486694,
                    -0.45858892798423767,
                    -0.3418886363506317
                ],
                [
                    0.5301364064216614,
                    0.8339412212371826,
                    0.15328861773014069
                ],
                [
                    0.2148185521364212,
                    -0.30698245763778687,
                    0.9271541237831116
                ]
            ],
            [
                [
                    0.525579035282135,
                    -0.4530846178531647,
                    0.7200562953948975
                ],
                [
                    0.4967162311077118,
                    0.8505680561065674,
                    0.172647163271904
                ],
                [
                    -0.6906806230545044,
                    0.2669239044189453,
                    0.6720952391624451
                ]
            ],
            [
                [
                    0.8740392923355103,
                    -0.2917378842830658,
                    -0.3885157108306885
                ],
                [
                    0.44786974787712097,
                    0.7937607765197754,
                    0.4115295708179474
                ],
                [
                    0.1883297562599182,
                    -0.5336974263191223,
                    0.8244386911392212
                ]
            ],
            [
                [
                    0.8827948570251465,
                    -0.4647994041442871,
                    -0.06807974725961685
                ],
                [
                    0.46790918707847595,
                    0.8828835487365723,
                    0.03971954435110092
                ],
                [
                    0.0416448712348938,
                    -0.06691934913396835,
                    0.9968889355659485
                ]
            ],
            [
                [
                    0.8025912046432495,
                    -0.5863409042358398,
                    0.10977961122989655
                ],
                [
                    0.5952668190002441,
                    0.7991804480552673,
                    -0.08347394317388535
                ],
                [
                    -0.0387895368039608,
                    0.13234363496303558,
                    0.9904444813728333
                ]
            ],
            [
                [
                    0.9025285840034485,
                    -0.395641565322876,
                    -0.17002926766872406
                ],
                [
                    0.4274829924106598,
                    0.7754915952682495,
                    0.4646192491054535
                ],
                [
                    -0.051966410130262375,
                    -0.4920167326927185,
                    0.8690333962440491
                ]
            ],
            [
                [
                    0.8387745022773743,
                    -0.34269487857818604,
                    -0.4231046736240387
                ],
                [
                    0.4246198534965515,
                    0.8981224894523621,
                    0.11434124410152435
                ],
                [
                    0.3408156931400299,
                    -0.27556517720222473,
                    0.8988373279571533
                ]
            ],
            [
                [
                    0.9428675770759583,
                    0.21540682017803192,
                    -0.2541663348674774
                ],
                [
                    -0.33232852816581726,
                    0.6621761918067932,
                    -0.6716251373291016
                ],
                [
                    0.02363024838268757,
                    0.7177203893661499,
                    0.6959303021430969
                ]
            ],
            [
                [
                    0.9339274168014526,
                    -0.02428407222032547,
                    -0.35663682222366333
                ],
                [
                    0.24972869455814362,
                    0.7581693530082703,
                    0.6023409962654114
                ],
                [
                    0.25576382875442505,
                    -0.6516052484512329,
                    0.7141395807266235
                ]
            ],
            [
                [
                    0.9805779457092285,
                    0.13811251521110535,
                    -0.13925448060035706
                ],
                [
                    -0.06919826567173004,
                    0.9079781770706177,
                    0.41326403617858887
                ],
                [
                    0.1835169792175293,
                    -0.39560145139694214,
                    0.899900496006012
                ]
            ]
        ],
        "betas": [
            -0.0556986927986145,
            -0.025652378797531128,
            -0.1276206076145172,
            0.023168474435806274,
            0.050723493099212646,
            0.043706320226192474,
            0.13206055760383606,
            -0.08593803644180298,
            0.006809547543525696,
            -0.028009384870529175
        ]
    },
    "pred_cam_t": [
        -0.158462792634964,
        -0.06923210620880127,
        5.576994895935059
    ],
    "focal_length": [
        5000.0,
        5000.0
    ],
    "pred_keypoints_3d": [
        [
            0.09609705954790115,
            0.006403270643204451,
            0.0062188031151890755
        ],
        [
            0.1325153112411499,
            0.010179899632930756,
            -0.0061332108452916145
        ],
        [
            0.159600168466568,
            0.02027999237179756,
            -0.016953391954302788
        ],
        [
            0.1736079454421997,
            0.040887750685214996,
            -0.027845825999975204
        ],
        [
            0.17910440266132355,
            0.06654029339551926,
            -0.05148906260728836
        ],
        [
            0.15481846034526825,
            0.06878788769245148,
            -0.0246666818857193
        ],
        [
            0.1751125156879425,
            0.09497974067926407,
            -0.022500554099678993
        ],
        [
            0.19057269394397736,
            0.11084955930709839,
            -0.01981949247419834
        ],
        [
            0.20764927566051483,
            0.12462152540683746,
            -0.005518868565559387
        ],
        [
            0.14271661639213562,
            0.08723605424165726,
            -0.012381008826196194
        ],
        [
            0.15734685957431793,
            0.11328089237213135,
            -0.0014509456232190132
        ],
        [
            0.17391841113567352,
            0.1194615513086319,
            0.013809232972562313
        ],
        [
            0.1884830892086029,
            0.11549343913793564,
            0.03511206805706024
        ],
        [
            0.1255415678024292,
            0.08762020617723465,
            0.00819870363920927
        ],
        [
            0.14601899683475494,
            0.10684128105640411,
            0.015316853299736977
        ],
        [
            0.16240714490413666,
            0.11081194132566452,
            0.03362758457660675
        ],
        [
            0.17092923820018768,
            0.10926733911037445,
            0.05843757092952728
        ],
        [
            0.11441153287887573,
            0.08380734175443649,
            0.02663695067167282
        ],
        [
            0.13246917724609375,
            0.09482823312282562,
            0.02751975692808628
        ],
        [
            0.1457923948764801,
            0.09962659329175949,
            0.040219634771347046
        ],
        [
            0.15586185455322266,
            0.0996786504983902,
            0.05558529123663902
        ]
    ],
    "pred_vertices": [
        [
            0.1408107727766037,
            0.03624030575156212,
            -0.0050341058522462845
        ],
        [
            0.13622990250587463,
            0.02777419611811638,
            -0.0010722950100898743
        ],
        [
            0.14592613279819489,
            0.0306115560233593,
            -0.005203403532505035
        ],
        [
            0.14935141801834106,
            0.03724168613553047,
            -0.009427933022379875
        ],
        [
            0.14684239029884338,
            0.013980280607938766,
            0.006443798542022705
        ],
        [
            0.14882610738277435,
            0.002730734646320343,
            0.003458034247159958
        ],
        [
            0.16201359033584595,
            0.012627322226762772,
            -0.003527354449033737
        ],
        [
            0.15953382849693298,
            0.020842134952545166,
            0.0005547255277633667
        ],
        [
            0.15518169105052948,
            0.038784194737672806,
            -0.015011794865131378
        ],
        [
            0.1538553386926651,
            0.033040739595890045,
            -0.008652515709400177
        ],
        [
            0.15418915450572968,
            0.037812814116477966,
            -0.02048078179359436
        ],
        [
            0.15309980511665344,
            0.04465426877140999,
            -0.02941824682056904
        ],
        [
            0.15558071434497833,
            0.04500674456357956,
            -0.0217805877327919
        ],
        [
            0.15385638177394867,
            0.05212995782494545,
            -0.032866932451725006
        ],
        [
            0.14421582221984863,
            0.039984650909900665,
            -0.034667063504457474
        ],
        [
            0.1457091122865677,
            0.05521412566304207,
            -0.036730073392391205
        ],
        [
            0.11911366879940033,
            0.04952705651521683,
            -0.025610195472836494
        ],
        [
            0.11000177264213562,
            0.05344146862626076,
            -0.016317103058099747
        ],
        [
            0.11784955859184265,
            0.06831531226634979,
            -0.018368635326623917
        ],
        [
            0.1270277053117752,
            0.06284799426794052,
            -0.026956984773278236
        ],
        [
            0.1056872308254242,
            0.06761276721954346,
            -0.0014176126569509506
        ],
        [
            0.11262383311986923,
            0.06893966346979141,
            -0.010930942371487617
        ],
        [
            0.10395076870918274,
            0.05424987152218819,
            -0.009646647609770298
        ],
        [
            0.09829657524824142,
            0.0536905974149704,
            -0.0010653535136952996
        ],
        [
            0.1278592199087143,
            0.036391351372003555,
            0.004665588028728962
        ],
        [
            0.1227373406291008,
            0.02734209969639778,
            0.008357745595276356
        ],
        [
            0.12665653228759766,
            0.027035627514123917,
            0.004074370488524437
        ],
        [
            0.13180112838745117,
            0.035503946244716644,
            0.0008196309208869934
        ],
        [
            0.15513627231121063,
            0.030817154794931412,
            -0.02619844116270542
        ],
        [
            0.1492326706647873,
            0.02535400167107582,
            -0.02970295213162899
        ],
        [
            0.15065595507621765,
            0.03296097740530968,
            -0.02719862200319767
        ],
        [
            0.15672576427459717,
            0.03440101817250252,
            -0.02184562012553215
        ],
        [
            0.11019580066204071,
            0.007913753390312195,
            0.025880414992570877
        ],
        [
            0.10145220160484314,
            -0.0019807443022727966,
            0.022871332243084908
        ],
        [
            0.10455760359764099,
            -0.004178464412689209,
            0.018388843163847923
        ],
        [
            0.11157075315713882,
            0.005552597343921661,
            0.02185101993381977
        ],
        [
            0.1249123364686966,
            -0.008260831236839294,
            0.007378183305263519
        ],
        [
            0.1141069307923317,
            -0.012238465249538422,
            0.005368117243051529
        ],
        [
            0.11076745390892029,
            -0.018910646438598633,
            -0.006443861871957779
        ],
        [
            0.12040497362613678,
            -0.01433822512626648,
            -0.00783945806324482
        ],
        [
            0.13757005333900452,
            -0.0031511932611465454,
            0.00640445202589035
        ],
        [
            0.13443711400032043,
            -0.010621689260005951,
            -0.005464859306812286
        ],
        [
            0.14729532599449158,
            -0.003847673535346985,
            -0.005946014076471329
        ],
        [
            0.159988671541214,
            0.007536284625530243,
            -0.01127854734659195
        ],
        [
            0.09269199520349503,
            0.003516778349876404,
            0.03054618090391159
        ],
        [
            0.0981321930885315,
            0.011346869170665741,
            0.034244537353515625
        ],
        [
            0.18490469455718994,
            0.09264101833105087,
            -0.019699735566973686
        ],
        [
            0.18243734538555145,
            0.09550895541906357,
            -0.015270487405359745
        ],
        [
            0.1797463297843933,
            0.0908074900507927,
            -0.015674151480197906
        ],
        [
            0.18239277601242065,
            0.08923324942588806,
            -0.020483506843447685
        ],
        [
            0.07952114939689636,
            0.018711410462856293,
            0.027700956910848618
        ],
        [
            0.0739104151725769,
            0.0216669961810112,
            0.019802968949079514
        ],
        [
            0.0709831565618515,
            0.015453167259693146,
            0.022342246025800705
        ],
        [
            0.07708638906478882,
            0.011553503572940826,
            0.02840186469256878
        ],
        [
            0.08283767104148865,
            0.028119973838329315,
            0.02677791565656662
        ],
        [
            0.07867972552776337,
            0.029949143528938293,
            0.016370821744203568
        ],
        [
            0.18171918392181396,
            0.09868104010820389,
            -0.030647940933704376
        ],
        [
            0.18479762971401215,
            0.09518763422966003,
            -0.028291428461670876
        ],
        [
            0.18088549375534058,
            0.09229273349046707,
            -0.02985275909304619
        ],
        [
            0.17713871598243713,
            0.09553948044776917,
            -0.031158490106463432
        ],
        [
            0.15310461819171906,
            0.04436712712049484,
            -0.014131845906376839
        ],
        [
            0.14629580080509186,
            0.04413137957453728,
            -0.007359586656093597
        ],
        [
            0.15979981422424316,
            0.06065822020173073,
            -0.01706942543387413
        ],
        [
            0.15330299735069275,
            0.054779309779405594,
            -0.013136382214725018
        ],
        [
            0.1564311981201172,
            0.05138640105724335,
            -0.01882082410156727
        ],
        [
            0.16065388917922974,
            0.057029638439416885,
            -0.02242356352508068
        ],
        [
            0.13568435609340668,
            0.05793541669845581,
            0.002633499912917614
        ],
        [
            0.13041886687278748,
            0.04752558842301369,
            0.00436305720359087
        ],
        [
            0.13512971997261047,
            0.047085028141736984,
            -0.00030290335416793823
        ],
        [
            0.14246216416358948,
            0.05766739323735237,
            -0.0027993014082312584
        ],
        [
            0.12300127744674683,
            0.049945179373025894,
            0.01629384607076645
        ],
        [
            0.12849150598049164,
            0.060117270797491074,
            0.013329708948731422
        ],
        [
            0.12359566986560822,
            0.06039433181285858,
            0.02045351266860962
        ],
        [
            0.12125766277313232,
            0.05281822755932808,
            0.021963290870189667
        ],
        [
            0.13922789692878723,
            0.07610703259706497,
            0.005331606138497591
        ],
        [
            0.14194801449775696,
            0.08223558217287064,
            0.0029898169450461864
        ],
        [
            0.14030878245830536,
            0.08345796167850494,
            0.006446436978876591
        ],
        [
            0.13652826845645905,
            0.07667573541402817,
            0.008166639134287834
        ],
        [
            0.06756112724542618,
            0.009377926588058472,
            0.023751970380544662
        ],
        [
            0.07497413456439972,
            0.004566878080368042,
            0.028138790279626846
        ],
        [
            0.09595845639705658,
            0.06714872270822525,
            0.018071211874485016
        ],
        [
            0.09528927505016327,
            0.062366705387830734,
            0.028275679796934128
        ],
        [
            0.09967927634716034,
            0.07584390044212341,
            0.028844060376286507
        ],
        [
            0.0989900603890419,
            0.07737858593463898,
            0.017469514161348343
        ],
        [
            0.07362628728151321,
            0.022838756442070007,
            0.009435994550585747
        ],
        [
            0.06872014701366425,
            0.01764450967311859,
            0.012745393440127373
        ],
        [
            0.17764440178871155,
            0.10322529822587967,
            -0.029558531939983368
        ],
        [
            0.1731756180524826,
            0.0993828997015953,
            -0.02894933521747589
        ],
        [
            0.13887564837932587,
            -0.005139455199241638,
            -0.01739461161196232
        ],
        [
            0.1555451899766922,
            0.006192464381456375,
            -0.019364772364497185
        ],
        [
            0.12360279262065887,
            -0.01039169728755951,
            -0.016947103664278984
        ],
        [
            0.11227142810821533,
            -0.012653663754463196,
            -0.016753390431404114
        ],
        [
            0.10435450077056885,
            -0.017006538808345795,
            -0.016637597233057022
        ],
        [
            0.15175893902778625,
            0.06041193753480911,
            -0.009510817937552929
        ],
        [
            0.1382494568824768,
            0.042501457035541534,
            -0.00267619825899601
        ],
        [
            0.12473122775554657,
            0.03725869208574295,
            0.008614424616098404
        ],
        [
            0.11178462207317352,
            0.04643326997756958,
            0.03527849540114403
        ],
        [
            0.10785400867462158,
            0.03664252907037735,
            0.03686044365167618
        ],
        [
            0.11568604409694672,
            0.036741893738508224,
            0.029485497623682022
        ],
        [
            0.11707419157028198,
            0.045470837503671646,
            0.029216375201940536
        ],
        [
            0.10112965852022171,
            0.05996691435575485,
            0.035812124609947205
        ],
        [
            0.10918587446212769,
            0.058383382856845856,
            0.03636747598648071
        ],
        [
            0.1117088571190834,
            0.06773456931114197,
            0.035282034426927567
        ],
        [
            0.10446786880493164,
            0.07127457112073898,
            0.03503396362066269
        ],
        [
            0.15740413963794708,
            0.02521587908267975,
            -0.030372556298971176
        ],
        [
            0.14936856925487518,
            0.01804191619157791,
            -0.03105848655104637
        ],
        [
            0.08762210607528687,
            0.014392666518688202,
            0.033045895397663116
        ],
        [
            0.08571063727140427,
            0.006991490721702576,
            0.031307242810726166
        ],
        [
            0.0811651200056076,
            4.407018423080444e-05,
            0.029534252360463142
        ],
        [
            0.11765605211257935,
            0.016821816563606262,
            0.016892019659280777
        ],
        [
            0.1127183586359024,
            0.0038249120116233826,
            0.01921066828072071
        ],
        [
            0.11617563664913177,
            0.0027164220809936523,
            0.01658768765628338
        ],
        [
            0.11889621615409851,
            0.0164870023727417,
            0.013942115008831024
        ],
        [
            0.13412372767925262,
            0.019724465906620026,
            0.006053537130355835
        ],
        [
            0.1330205798149109,
            0.007350645959377289,
            0.011273887008428574
        ],
        [
            0.14535307884216309,
            0.02512509748339653,
            0.002171725034713745
        ],
        [
            0.10800261795520782,
            -0.008702471852302551,
            0.012645917013287544
        ],
        [
            0.09918162226676941,
            -0.012943677604198456,
            0.0177139975130558
        ],
        [
            0.10299567878246307,
            -0.016564927995204926,
            0.010555269196629524
        ],
        [
            0.09301100671291351,
            -0.008669495582580566,
            0.024047328159213066
        ],
        [
            0.08677737414836884,
            -0.00412566214799881,
            0.028557874262332916
        ],
        [
            0.06195022165775299,
            0.012491129338741302,
            0.013616571202874184
        ],
        [
            0.10591038316488266,
            -0.018557101488113403,
            0.002964083105325699
        ],
        [
            0.16610589623451233,
            0.025242839008569717,
            -0.005866777151823044
        ],
        [
            0.17027191817760468,
            0.029467877000570297,
            -0.012071758508682251
        ],
        [
            0.16539493203163147,
            0.034346166998147964,
            -0.011501559987664223
        ],
        [
            0.16170862317085266,
            0.031190134584903717,
            -0.006981726735830307
        ],
        [
            0.1564088612794876,
            0.06113668158650398,
            -0.03504013270139694
        ],
        [
            0.16065621376037598,
            0.058130644261837006,
            -0.028837168589234352
        ],
        [
            0.1570703685283661,
            0.0496143214404583,
            -0.026449495926499367
        ],
        [
            0.112367182970047,
            0.019011832773685455,
            0.028769467025995255
        ],
        [
            0.10215851664543152,
            0.021345987915992737,
            0.03591759875416756
        ],
        [
            0.1581258624792099,
            0.06642885506153107,
            -0.013914067298173904
        ],
        [
            0.17307211458683014,
            0.09303909540176392,
            -0.032153964042663574
        ],
        [
            0.1771642416715622,
            0.08918213844299316,
            -0.030950291082262993
        ],
        [
            0.16585439443588257,
            0.07428254932165146,
            -0.03315867483615875
        ],
        [
            0.16166679561138153,
            0.07944309711456299,
            -0.03476116061210632
        ],
        [
            0.15707409381866455,
            0.07772229611873627,
            -0.015383485704660416
        ],
        [
            0.16004984080791473,
            0.07114332914352417,
            -0.014818581752479076
        ],
        [
            0.16075070202350616,
            0.07419835776090622,
            -0.015226118266582489
        ],
        [
            0.15862922370433807,
            0.08025730401277542,
            -0.014024140313267708
        ],
        [
            0.1342189460992813,
            0.08233227580785751,
            0.013507422059774399
        ],
        [
            0.13104261457920074,
            0.07620427012443542,
            0.015074905939400196
        ],
        [
            0.13674607872962952,
            0.07575909048318863,
            -0.025386327877640724
        ],
        [
            0.14109134674072266,
            0.06900110840797424,
            -0.03630245476961136
        ],
        [
            0.13515645265579224,
            0.058046773076057434,
            -0.034638915210962296
        ],
        [
            0.13100597262382507,
            0.05853196233510971,
            0.008481279015541077
        ],
        [
            0.13534711301326752,
            0.06810945272445679,
            0.007569581735879183
        ],
        [
            0.13273181021213531,
            0.06892415136098862,
            0.010797359980642796
        ],
        [
            0.15116271376609802,
            0.06517910957336426,
            -0.008340011350810528
        ],
        [
            0.15516558289527893,
            0.07122953236103058,
            -0.011444504372775555
        ],
        [
            0.15089422464370728,
            0.0711439847946167,
            -0.008343925699591637
        ],
        [
            0.1468544751405716,
            0.065506711602211,
            -0.004871758632361889
        ],
        [
            0.08979780972003937,
            0.05008269473910332,
            0.027542922645807266
        ],
        [
            0.09651786088943481,
            0.04742462933063507,
            0.03673664480447769
        ],
        [
            0.18586131930351257,
            0.09276211261749268,
            -0.0244354996830225
        ],
        [
            0.1826620250940323,
            0.08974099159240723,
            -0.025761716067790985
        ],
        [
            0.12595272064208984,
            0.048304907977581024,
            0.010058870539069176
        ],
        [
            0.12831458449363708,
            0.045253656804561615,
            -0.03131968900561333
        ],
        [
            0.12160827964544296,
            0.038106560707092285,
            0.013123765587806702
        ],
        [
            0.11445517838001251,
            0.08529311418533325,
            0.008891843259334564
        ],
        [
            0.11812275648117065,
            0.08534728735685349,
            0.015615285374224186
        ],
        [
            0.12298092246055603,
            0.08924594521522522,
            0.015232296660542488
        ],
        [
            0.12084510922431946,
            0.0915391594171524,
            0.009896630421280861
        ],
        [
            0.16789741814136505,
            0.09365510195493698,
            -0.013184959068894386
        ],
        [
            0.17239628732204437,
            0.09003507345914841,
            -0.012422556057572365
        ],
        [
            0.17567311227321625,
            0.0945768803358078,
            -0.012564525939524174
        ],
        [
            0.1715649515390396,
            0.09855480492115021,
            -0.013543804176151752
        ],
        [
            0.16274195909500122,
            0.06681989133358002,
            -0.01786142960190773
        ],
        [
            0.16441254317760468,
            0.06345760077238083,
            -0.02314150705933571
        ],
        [
            0.1675325632095337,
            0.0693284124135971,
            -0.02234014682471752
        ],
        [
            0.16447970271110535,
            0.07182586193084717,
            -0.017873138189315796
        ],
        [
            0.1641579568386078,
            0.06509105861186981,
            -0.029458200559020042
        ],
        [
            0.16779938340187073,
            0.07041562348604202,
            -0.028561558574438095
        ],
        [
            0.16483210027217865,
            0.09697658568620682,
            -0.018022529780864716
        ],
        [
            0.1648070514202118,
            0.09825629740953445,
            -0.02553108148276806
        ],
        [
            0.15398317575454712,
            0.08657362312078476,
            -0.02634872868657112
        ],
        [
            0.15654347836971283,
            0.08596044778823853,
            -0.018650198355317116
        ],
        [
            0.09032731503248215,
            0.04078605771064758,
            -0.0015475853579118848
        ],
        [
            0.08584871888160706,
            0.04168391227722168,
            0.008684796281158924
        ],
        [
            0.09352731704711914,
            0.054674506187438965,
            0.00937701016664505
        ],
        [
            0.09983102977275848,
            0.06818795204162598,
            0.009750818833708763
        ],
        [
            0.10699386894702911,
            0.08031369745731354,
            0.00963645800948143
        ],
        [
            0.11086733639240265,
            0.07982435822486877,
            -0.001905522309243679
        ],
        [
            0.0902220755815506,
            0.05375504493713379,
            0.016874223947525024
        ],
        [
            0.14853164553642273,
            0.08141188323497772,
            -0.018807338550686836
        ],
        [
            0.14607764780521393,
            0.07894791662693024,
            -0.026996074244379997
        ],
        [
            0.14285160601139069,
            0.08083530515432358,
            -0.02269298955798149
        ],
        [
            0.11908700317144394,
            0.03956666961312294,
            0.020023953169584274
        ],
        [
            0.17939890921115875,
            0.08617933839559555,
            -0.027154967188835144
        ],
        [
            0.09352681040763855,
            0.0016668066382408142,
            -0.02211683616042137
        ],
        [
            0.08387765288352966,
            0.00911761075258255,
            -0.016321273520588875
        ],
        [
            0.09031172841787338,
            0.014835290610790253,
            -0.017942305654287338
        ],
        [
            0.1017218679189682,
            0.0061495304107666016,
            -0.02372714877128601
        ],
        [
            0.176933154463768,
            0.0859852284193039,
            -0.01558876782655716
        ],
        [
            0.17987768352031708,
            0.08457206189632416,
            -0.02100609987974167
        ],
        [
            0.1277080625295639,
            0.078880175948143,
            0.020439952611923218
        ],
        [
            0.13074365258216858,
            0.08411798626184464,
            0.017755970358848572
        ],
        [
            0.1283675730228424,
            0.08704032003879547,
            0.018528390675783157
        ],
        [
            0.12590092420578003,
            0.08342569321393967,
            0.023620935156941414
        ],
        [
            0.08364921808242798,
            0.04052438959479332,
            0.014155333861708641
        ],
        [
            0.10578163713216782,
            0.0838208794593811,
            0.028704959899187088
        ],
        [
            0.10390108823776245,
            0.08450884371995926,
            0.018940512090921402
        ],
        [
            0.07929568737745285,
            0.030328422784805298,
            0.007670777849853039
        ],
        [
            0.08262914419174194,
            0.029665671288967133,
            -0.0015623026993125677
        ],
        [
            0.07682182639837265,
            0.02180778980255127,
            -0.0010500602656975389
        ],
        [
            0.12301710247993469,
            0.08226847648620605,
            -0.010956431739032269
        ],
        [
            0.09535925090312958,
            0.04150157421827316,
            -0.0086459219455719
        ],
        [
            0.08726286143064499,
            0.029414955526590347,
            -0.007719051092863083
        ],
        [
            0.08052940666675568,
            0.02000787854194641,
            -0.007416312117129564
        ],
        [
            0.07497114688158035,
            0.013760998845100403,
            -0.006966176442801952
        ],
        [
            0.07156488299369812,
            0.01631946861743927,
            2.8296373784542084e-05
        ],
        [
            0.16845673322677612,
            0.09657571464776993,
            -0.02950567938387394
        ],
        [
            0.16932539641857147,
            0.10245028883218765,
            -0.024836022406816483
        ],
        [
            0.06426071375608444,
            0.010858424007892609,
            0.000530146760866046
        ],
        [
            0.06887572258710861,
            0.007887683808803558,
            -0.0069991727359592915
        ],
        [
            0.09318341314792633,
            0.02778869867324829,
            -0.014619947411119938
        ],
        [
            0.10136476904153824,
            0.02461855858564377,
            -0.02192801795899868
        ],
        [
            0.10094316303730011,
            0.03946975618600845,
            -0.015059893019497395
        ],
        [
            0.10948996245861053,
            0.037587545812129974,
            -0.02261492609977722
        ],
        [
            0.1241454929113388,
            0.07873182743787766,
            -0.02109462209045887
        ],
        [
            0.18213748931884766,
            0.11458826810121536,
            -0.020282695069909096
        ],
        [
            0.17299896478652954,
            0.10680942982435226,
            -0.019695580005645752
        ],
        [
            0.1747637391090393,
            0.10401135683059692,
            -0.014784915372729301
        ],
        [
            0.18156816065311432,
            0.11347506195306778,
            -0.015856411308050156
        ],
        [
            0.16896626353263855,
            0.10151807963848114,
            -0.018104594200849533
        ],
        [
            0.17371344566345215,
            0.10631288588047028,
            -0.025518430396914482
        ],
        [
            0.1212577223777771,
            0.03112877905368805,
            -0.029134156182408333
        ],
        [
            0.15368585288524628,
            0.07784218341112137,
            -0.011439332738518715
        ],
        [
            0.11574684083461761,
            0.014583911746740341,
            -0.02708999253809452
        ],
        [
            0.1369042843580246,
            0.027920056134462357,
            -0.03445664048194885
        ],
        [
            0.13477924466133118,
            0.015063691884279251,
            -0.03121946193277836
        ],
        [
            0.11257778108119965,
            -0.002744123339653015,
            -0.024455614387989044
        ],
        [
            0.12916907668113708,
            0.0005540177226066589,
            -0.02660345658659935
        ],
        [
            0.0965733528137207,
            -0.01056080311536789,
            -0.021568886935710907
        ],
        [
            0.10348401218652725,
            -0.005365453660488129,
            -0.022867199033498764
        ],
        [
            0.14467433094978333,
            0.005804680287837982,
            -0.026790758594870567
        ],
        [
            0.19053570926189423,
