{
    "pred_cam": [
        8.691717147827148,
        0.13667218387126923,
        -0.04921878129243851
    ],
    "pred_mano_params": {
        "global_orient": [
            [
                [
                    -0.1552489697933197,
                    -0.9381799101829529,
                    0.3093804121017456
                ],
                [
                    -0.6306491494178772,
                    -0.14693346619606018,
                    -0.7620316743850708
                ],
                [
                    0.7603811621665955,
                    -0.3134151101112366,
                    -0.5688510537147522
                ]
            ]
        ],
        "hand_pose": [
            [
                [
                    0.36782076954841614,
                    -0.8680199384689331,
                    -0.33354052901268005
                ],
                [
                    0.8799383044242859,
                    0.4408845603466034,
                    -0.1770011931657791
                ],
                [
                    0.30069345235824585,
                    -0.22839036583900452,
                    0.9259704947471619
                ]
            ],
            [
                [
                    0.964771032333374,
                    -0.13967910408973694,
                    0.22294996678829193
                ],
                [
                    0.18966710567474365,
                    0.9565454125404358,
                    -0.22146645188331604
                ],
                [
                    -0.1823275089263916,
                    0.2559506595134735,
                    0.9493398070335388
                ]
            ],
            [
                [
                    0.775098979473114,
                    -0.6224348545074463,
                    0.10861141234636307
                ],
                [
                    0.6104204058647156,
                    0.69329833984375,
                    -0.38304615020751953
                ],
                [
                    0.16312116384506226,
                    0.36319729685783386,
                    0.9173218011856079
                ]
            ],
            [
                [
                    0.32050636410713196,
                    -0.928505539894104,
                    -0.18749156594276428
                ],
                [
                    0.947236955165863,
                    0.3150438964366913,
                    0.05907180532813072
                ],
                [
                    0.0042195734567940235,
                    -0.19653183221817017,
                    0.9804883003234863
                ]
            ],
            [
                [
                    0.9623199105262756,
                    -0.27189868688583374,
                    0.0033948435448110104
                ],
                [
                    0.2598973214626312,
                    0.9233718514442444,
                    0.28255578875541687
                ],
                [
                    -0.07996124774217606,
                    -0.27102673053741455,
                    0.9592448472976685
                ]
            ],
            [
                [
                    0.7063508629798889,
                    -0.5027323961257935,
                    -0.4983257055282593
                ],
                [
                    0.638494074344635,
                    0.7564297318458557,
                    0.14191339910030365
                ],
                [
                    0.30560389161109924,
                    -0.41841864585876465,
                    0.8552964329719543
                ]
            ],
            [
                [
                    0.3052414357662201,
                    -0.8462836742401123,
                    0.4366137981414795
                ],
                [
                    0.6840194463729858,
                    0.5138416886329651,
                    0.517768383026123
                ],
                [
                    -0.6625293493270874,
                    0.14060796797275543,
                    0.7357202172279358
                ]
            ],
            [
                [
                    0.8555837273597717,
                    -0.46330881118774414,
                    -0.23091460764408112
                ],
                [
                    0.5159171223640442,
                    0.7997817397117615,
                    0.3068855404853821
                ],
                [
                    0.04249852895736694,
                    -0.3816990256309509,
                    0.9233092069625854
                ]
            ],
            [
                [
                    0.7345770597457886,
                    -0.6771771907806396,
                    -0.04274941235780716
                ],
                [
                    0.6675757169723511,
                    0.7100143432617188,
                    0.224103182554245
                ],
                [
                    -0.12140487879514694,
                    -0.1931595355272293,
                    0.9736272692680359
                ]
            ],
            [
                [
                    0.3746999502182007,
                    -0.917173445224762,
                    0.1356203854084015
                ],
                [
                    0.9180343151092529,
                    0.387484073638916,
                    0.08407794684171677
                ],
                [
                    -0.12966479361057281,
                    0.09300016611814499,
                    0.9871869087219238
                ]
            ],
            [
                [
                    0.879960298538208,
                    -0.4701229929924011,
                    -0.06822197139263153
                ],
                [
                    0.4405229389667511,
                    0.7538026571273804,
                    0.4875665009021759
                ],
                [
                    -0.1777903139591217,
                    -0.45909249782562256,
                    0.8704163432121277
                ]
            ],
            [
                [
                    0.6858935952186584,
                    -0.4021875262260437,
                    -0.6064611077308655
                ],
                [
                    0.6277636289596558,
                    0.7485284209251404,
                    0.2135837823152542
                ],
                [
                    0.3680526316165924,
                    -0.527209997177124,
                    0.7658895254135132
                ]
            ],
            [
                [
                    0.9393745064735413,
                    -0.18778738379478455,
                    -0.28689995408058167
                ],
                [
                    -0.16309356689453125,
                    0.49130362272262573,
                    -0.8555824160575867
                ],
                [
                    0.301622599363327,
                    0.85050368309021,
                    0.4308911859989166
                ]
            ],
            [
                [
                    0.8988310694694519,
                    -0.37287431955337524,
                    -0.23036400973796844
                ],
                [
                    0.4320879876613617,
                    0.6656962633132935,
                    0.6083983182907104
                ],
                [
                    -0.07350361347198486,
                    -0.6463847756385803,
                    0.7594630122184753
                ]
            ],
            [
                [
                    0.8738141059875488,
                    0.4322136640548706,
                    0.22280094027519226
                ],
                [
                    -0.4306674897670746,
                    0.9006385803222656,
                    -0.05810102820396423
                ],
                [
                    -0.22577516734600067,
                    -0.04518361762166023,
                    0.9731310606002808
                ]
            ]
        ],
        "betas": [
            0.010531574487686157,
            -0.06696262955665588,
            -0.08680179715156555,
            -0.01154288649559021,
            0.044144630432128906,
            0.013548966497182846,
            0.05911749601364136,
            -0.023777633905410767,
            -0.026829183101654053,
            -0.016454428434371948
        ]
    },
    "pred_cam_t": [
        -0.13667218387126923,
        -0.04921878129243851,
        4.494221210479736
    ],
    "focal_length": [
        5000.0,
        5000.0
    ],
    "pred_keypoints_3d": [
        [
            0.09574805945158005,
            0.006386155262589455,
            0.006204455625265837
        ],
        [
            0.12195061892271042,
            0.004216786473989487,
            -0.021923964843153954
        ],
        [
            0.14302144944667816,
            0.018912553787231445,
            -0.03887224569916725
        ],
        [
            0.15747380256652832,
            0.03821644186973572,
            -0.051266834139823914
        ],
        [
            0.17148105800151825,
            0.04984124377369881,
            -0.08333635330200195
        ],
        [
            0.12068431824445724,
            0.04704364389181137,
            -0.0708766058087349
        ],
        [
            0.14624258875846863,
            0.06797800958156586,
            -0.06969619542360306
        ],
        [
            0.16674450039863586,
            0.07525955140590668,
            -0.06511136889457703
        ],
        [
            0.1856248527765274,
            0.07698749005794525,
            -0.04767078533768654
        ],
        [
            0.11081507056951523,
            0.06891018897294998,
            -0.06337970495223999
        ],
        [
            0.13810892403125763,
            0.08448129892349243,
            -0.05891278758645058
        ],
        [
            0.15978294610977173,
            0.08730842918157578,
            -0.05082663893699646
        ],
        [
            0.17481055855751038,
            0.08141715824604034,
            -0.030352886766195297
        ],
        [
            0.10392549633979797,
            0.0788431167602539,
            -0.03959936648607254
        ],
        [
            0.1296812742948532,
            0.09184598922729492,
            -0.04097825288772583
        ],
        [
            0.15093016624450684,
            0.09162566065788269,
            -0.028143856674432755
        ],
        [
            0.1588798612356186,
            0.08623665571212769,
            -0.0036497972905635834
        ],
        [
            0.10241921991109848,
            0.08413626998662949,
            -0.018529020249843597
        ],
        [
            0.1216885894536972,
            0.09196115285158157,
            -0.022231321781873703
        ],
        [
            0.13833016157150269,
            0.09454843401908875,
            -0.013488979078829288
        ],
        [
            0.14706170558929443,
            0.09042422473430634,
            0.001650436781346798
        ]
    ],
    "pred_vertices": [
        [
            0.12372061610221863,
            0.028406629338860512,
            -0.03481115400791168
        ],
        [
            0.12259267270565033,
            0.02255762368440628,
            -0.024967655539512634
        ],
        [
            0.1289217621088028,
            0.025219380855560303,
            -0.030463941395282745
        ],
        [
            0.1293446272611618,
            0.02840539626777172,
            -0.0410214439034462
        ],
        [
            0.1368674337863922,
            0.014739025384187698,
            -0.01350129023194313
        ],
        [
            0.1410728394985199,
            0.0035203322768211365,
            -0.014449246227741241
        ],
        [
            0.14990505576133728,
            0.013566035777330399,
            -0.02557508274912834
        ],
        [
            0.14575636386871338,
            0.02192608267068863,
            -0.021629028022289276
        ],
        [
            0.13263557851314545,
            0.02908889204263687,
            -0.04635338485240936
        ],
        [
            0.13465557992458344,
            0.027796300128102303,
            -0.03500208631157875
        ],
        [
            0.1320301741361618,
            0.02873104065656662,
            -0.04792078584432602
        ],
        [
            0.12429864704608917,
            0.027426069602370262,
            -0.06183871626853943
        ],
        [
            0.12847569584846497,
            0.02985142357647419,
            -0.057303667068481445
        ],
        [
            0.12091674655675888,
            0.03079083003103733,
            -0.06947369128465652
        ],
        [
            0.11568288505077362,
            0.021005626767873764,
            -0.06127099692821503
        ],
        [
            0.1115715429186821,
            0.032184287905693054,
            -0.07164045423269272
        ],
        [
            0.09325643628835678,
            0.029972337186336517,
            -0.04771791398525238
        ],
        [
            0.08791129291057587,
            0.037482403218746185,
            -0.03771158680319786
        ],
        [
            0.0898783877491951,
            0.050756990909576416,
            -0.05012058466672897
        ],
        [
            0.09605162590742111,
            0.04189622402191162,
            -0.05872943252325058
        ],
        [
            0.08636204153299332,
            0.05781207233667374,
            -0.030532240867614746
        ],
        [
            0.08846478909254074,
            0.054500989615917206,
            -0.04182271659374237
        ],
        [
            0.08512376248836517,
            0.041291773319244385,
            -0.029993603006005287
        ],
        [
            0.08367770165205002,
            0.044863179326057434,
            -0.0204734168946743
        ],
        [
            0.11622097343206406,
            0.03235402703285217,
            -0.022187218070030212
        ],
        [
            0.11521080881357193,
            0.025841321796178818,
            -0.013360660523176193
        ],
        [
            0.11670181155204773,
            0.02343149110674858,
            -0.01818743348121643
        ],
        [
            0.1182980015873909,
            0.02987775206565857,
            -0.026549186557531357
        ],
        [
            0.1380128413438797,
            0.026449844241142273,
            -0.04921641945838928
        ],
        [
            0.12822426855564117,
            0.015178736299276352,
            -0.05156942456960678
        ],
        [
            0.1284080147743225,
            0.02271212637424469,
            -0.05173131078481674
        ],
        [
            0.13931475579738617,
            0.030563395470380783,
            -0.045503925532102585
        ],
        [
            0.11578076332807541,
            0.017199892550706863,
            0.014335229992866516
        ],
        [
            0.10902727395296097,
            0.007037438452243805,
            0.020156212151050568
        ],
        [
            0.11039214581251144,
            0.002904348075389862,
            0.01610919088125229
        ],
        [
            0.1158195361495018,
            0.012949079275131226,
            0.011434294283390045
        ],
        [
            0.12418093532323837,
            -0.005812693387269974,
            7.096678018569946e-05
        ],
        [
            0.11531586199998856,
            -0.01054748147726059,
            0.004589445888996124
        ],
        [
            0.10961321741342545,
            -0.021441489458084106,
            -0.00026657432317733765
        ],
        [
            0.11698802560567856,
            -0.017534397542476654,
            -0.007733337581157684
        ],
        [
            0.13340486586093903,
            -0.0013772398233413696,
            -0.006983272731304169
        ],
        [
            0.12932971119880676,
            -0.012400232255458832,
            -0.013471446931362152
        ],
        [
            0.13927572965621948,
            -0.00530831515789032,
            -0.021349262446165085
        ],
        [
            0.14899300038814545,
            0.007289774715900421,
            -0.03220706805586815
        ],
        [
            0.10313261300325394,
            0.015399925410747528,
            0.02784944325685501
        ],
        [
            0.1077202633023262,
            0.02410241588950157,
            0.02497931569814682
        ],
        [
            0.15443696081638336,
            0.06082462891936302,
            -0.06607750058174133
        ],
        [
            0.15340350568294525,
            0.06419410556554794,
            -0.06144656613469124
        ],
        [
            0.14951877295970917,
            0.060565631836652756,
            -0.06172613799571991
        ],
        [
            0.15125198662281036,
            0.058404844254255295,
            -0.06683571636676788
        ],
        [
            0.08691740036010742,
            0.027209430932998657,
            0.025397971272468567
        ],
        [
            0.07817131280899048,
            0.025946348905563354,
            0.020627640187740326
        ],
        [
            0.07797463238239288,
            0.02165082097053528,
            0.02652565762400627
        ],
        [
            0.08665972203016281,
            0.02120966464281082,
            0.03004111349582672
        ],
        [
            0.08726805448532104,
            0.03509917110204697,
            0.019244998693466187
        ],
        [
            0.07910648733377457,
            0.03167225793004036,
            0.012317348271608353
        ],
        [
            0.15331122279167175,
            0.06787402927875519,
            -0.07669781893491745
        ],
        [
            0.15497228503227234,
            0.06349119544029236,
            -0.07455825805664062
        ],
        [
            0.15019214153289795,
            0.062058232724666595,
            -0.07608732581138611
        ],
        [
            0.14757005870342255,
            0.06623814254999161,
            -0.07702092826366425
        ],
        [
            0.128983274102211,
            0.03158833086490631,
            -0.05085543543100357
        ],
        [
            0.1257079392671585,
            0.033955611288547516,
            -0.04293124005198479
        ],
        [
            0.12821567058563232,
            0.04126502573490143,
            -0.06276869773864746
        ],
        [
            0.12663589417934418,
            0.040052175521850586,
            -0.05533518269658089
        ],
        [
            0.12766732275485992,
            0.03474249690771103,
            -0.059617120772600174
        ],
        [
            0.12833839654922485,
            0.03679170832037926,
            -0.06586837023496628
        ],
        [
            0.1171204149723053,
            0.05016331374645233,
            -0.03624279052019119
        ],
        [
            0.11568781733512878,
            0.04192696139216423,
            -0.028193756937980652
        ],
        [
            0.1180562898516655,
            0.03941290080547333,
            -0.033813223242759705
        ],
        [
            0.12093493342399597,
            0.04738292098045349,
            -0.04345351457595825
        ],
        [
            0.11339355260133743,
            0.049537308514118195,
            -0.016463730484247208
        ],
        [
            0.1144752949476242,
            0.056938670575618744,
            -0.025484740734100342
        ],
        [
            0.11287251114845276,
            0.06032954156398773,
            -0.017724715173244476
        ],
        [
            0.11342237889766693,
            0.05462047457695007,
            -0.012394599616527557
        ],
        [
            0.11620704084634781,
            0.06667571514844894,
            -0.04306635633111
        ],
        [
            0.1161801740527153,
            0.0692460909485817,
            -0.04716434329748154
        ],
        [
            0.11732865869998932,
            0.07164369523525238,
            -0.04372938349843025
        ],
        [
            0.11556821316480637,
            0.0681123360991478,
            -0.03962939977645874
        ],
        [
            0.07688888162374496,
            0.01692379266023636,
            0.031741101294755936
        ],
        [
            0.08626942336559296,
            0.014894425868988037,
            0.033734485507011414
        ],
        [
            0.08563439548015594,
            0.06630045175552368,
            -0.01014220342040062
        ],
        [
            0.09032201766967773,
            0.06624515354633331,
            0.00018026307225227356
        ],
        [
            0.09190807491540909,
            0.07823683321475983,
            -0.007020596414804459
        ],
        [
            0.08559111505746841,
            0.07548312842845917,
            -0.01685558259487152
        ],
        [
            0.07356008887290955,
            0.02203971892595291,
            0.012242164462804794
        ],
        [
            0.07168309390544891,
            0.018965944647789,
            0.019217275083065033
        ],
        [
            0.15116436779499054,
            0.0733937993645668,
            -0.07520031183958054
        ],
        [
            0.1451459378004074,
            0.07088615745306015,
            -0.07444290816783905
        ],
        [
            0.12900663912296295,
            -0.011332452297210693,
            -0.028759457170963287
        ],
        [
            0.1437419056892395,
            0.0032919906079769135,
            -0.03917607292532921
        ],
        [
            0.11590004712343216,
            -0.018199704587459564,
            -0.0193646140396595
        ],
        [
            0.10594815015792847,
            -0.02081049233675003,
            -0.012609846889972687
        ],
        [
            0.09961798787117004,
            -0.024699389934539795,
            -0.006436295807361603
        ],
        [
            0.12506382167339325,
            0.04608388617634773,
            -0.05413635075092316
        ],
        [
            0.12090586870908737,
            0.03445408120751381,
            -0.03512438014149666
        ],
        [
            0.1148749366402626,
            0.03494876250624657,
            -0.018017739057540894
        ],
        [
            0.11181603372097015,
            0.05533839017152786,
            0.004997760057449341
        ],
        [
            0.11133686453104019,
            0.047627899795770645,
            0.012053415179252625
        ],
        [
            0.1153499037027359,
            0.04423486813902855,
            0.0026601888239383698
        ],
        [
            0.11436427384614944,
            0.0516449436545372,
            -0.001770012080669403
        ],
        [
            0.0991741344332695,
            0.06744943559169769,
            0.004607308655977249
        ],
        [
            0.10691973567008972,
            0.06606461107730865,
            0.002221904695034027
        ],
        [
            0.10658610612154007,
            0.07285084575414658,
            -0.0032431520521640778
        ],
        [
            0.09938523173332214,
            0.07640516757965088,
            -0.0019852593541145325
        ],
        [
            0.14105163514614105,
            0.02089155837893486,
            -0.0528099425137043
        ],
        [
            0.13006925582885742,
            0.00827500969171524,
            -0.050802137702703476
        ],
        [
            0.09720257669687271,
            0.02608867734670639,
            0.027612846344709396
        ],
        [
            0.09648623317480087,
            0.01873064786195755,
            0.030219856649637222
        ],
        [
            0.09332256019115448,
            0.011695727705955505,
            0.03387121111154556
        ],
        [
            0.11646542698144913,
            0.02031611278653145,
            -6.871670484542847e-05
        ],
        [
            0.11601466685533524,
            0.009911630302667618,
            0.009444169700145721
        ],
        [
            0.11786221712827682,
            0.007398199290037155,
            0.0061721354722976685
        ],
        [
            0.11609890311956406,
            0.018190640956163406,
            -0.00295141339302063
        ],
        [
            0.12403667718172073,
            0.017665613442659378,
            -0.013852544128894806
        ],
        [
            0.1280609667301178,
            0.008881825953722,
            -0.005068562924861908
        ],
        [
            0.13128244876861572,
            0.023328682407736778,
            -0.019458390772342682
        ],
        [
            0.11199501901865005,
            -0.003929927945137024,
            0.01173119992017746
        ],
        [
            0.10732194036245346,
            -0.005129866302013397,
            0.021730296313762665
        ],
        [
            0.10859200358390808,
            -0.011661943048238754,
            0.015808194875717163
        ],
        [
            0.10350631177425385,
            0.0015747696161270142,
            0.027750428766012192
        ],
        [
            0.0988355427980423,
            0.007636561989784241,
            0.032260894775390625
        ],
        [
            0.0671878308057785,
            0.01477474719285965,
            0.025160159915685654
        ],
        [
            0.1086990013718605,
            -0.016917824745178223,
            0.009367913007736206
        ],
        [
            0.1513642817735672,
            0.02582889422774315,
            -0.029215507209300995
        ],
        [
            0.15584973990917206,
            0.029802151024341583,
            -0.035729359835386276
        ],
        [
            0.14995703101158142,
            0.03383587300777435,
            -0.035407185554504395
        ],
        [
            0.1451047956943512,
            0.03041987493634224,
            -0.03023233264684677
        ],
        [
            0.12147089093923569,
            0.03737771138548851,
            -0.0753813087940216
        ],
        [
            0.12686222791671753,
            0.03581754490733147,
            -0.07080039381980896
        ],
        [
            0.12617604434490204,
            0.030712347477674484,
            -0.0645526796579361
        ],
        [
            0.11631758511066437,
            0.028377655893564224,
            0.010985706001520157
        ],
        [
            0.1096089705824852,
            0.03372807055711746,
            0.020281314849853516
        ],
        [
            0.12668558955192566,
            0.046749547123909,
            -0.06089647114276886
        ],
        [
            0.142438143491745,
            0.0647205263376236,
            -0.07809503376483917
        ],
        [
            0.14552295207977295,
            0.05980825424194336,
            -0.07703393697738647
        ],
        [
            0.13081878423690796,
            0.046182285994291306,
            -0.07808980345726013
        ],
        [
            0.127380833029747,
            0.05218658968806267,
            -0.07979309558868408
        ],
        [
            0.1241966187953949,
            0.05448996275663376,
            -0.062003228813409805
        ],
        [
            0.12715086340904236,
            0.047750718891620636,
            -0.060699254274368286
        ],
        [
            0.12755705416202545,
            0.04931773990392685,
            -0.060112114995718
        ],
        [
            0.12621665000915527,
            0.05584735423326492,
            -0.05904810130596161
        ],
        [
            0.1149899810552597,
            0.07392650097608566,
            -0.03499409928917885
        ],
        [
            0.11374019831418991,
            0.0704989805817604,
            -0.03145340085029602
        ],
        [
            0.10293889045715332,
            0.05424466356635094,
            -0.06682385504245758
        ],
        [
            0.10439082980155945,
            0.04487604275345802,
            -0.07591474801301956
        ],
        [
            0.10162277519702911,
            0.03453851118683815,
            -0.0670585036277771
        ],
        [
            0.11517318338155746,
            0.05337052419781685,
            -0.029784448444843292
        ],
        [
            0.11617329716682434,
            0.06112132593989372,
            -0.03640446439385414
        ],
        [
            0.11506445705890656,
            0.06314882636070251,
            -0.032964032143354416
        ],
        [
            0.12406817823648453,
            0.05057551711797714,
            -0.05451235920190811
        ],
        [
            0.1244700476527214,
            0.05260029807686806,
            -0.059642255306243896
        ],
        [
            0.12256934493780136,
            0.055662259459495544,
            -0.05640704557299614
        ],
        [
            0.12204807996749878,
            0.053024809807538986,
            -0.050104446709156036
        ],
        [
            0.0882519781589508,
            0.05502733588218689,
            0.007426995784044266
        ],
        [
            0.09854909777641296,
            0.05697748437523842,
            0.012648548930883408
        ],
        [
            0.15520240366458893,
            0.060721397399902344,
            -0.0708274319767952
        ],
        [
            0.15133684873580933,
            0.058990444988012314,
            -0.07218378782272339
        ],
        [
            0.11387228220701218,
            0.04521694406867027,
            -0.022015750408172607
        ],
        [
            0.10059072822332382,
            0.024485379457473755,
            -0.05493304878473282
        ],
        [
            0.11379027366638184,
            0.03778400272130966,
            -0.013419102877378464
        ],
        [
            0.09608684480190277,
            0.07772936671972275,
            -0.03331954777240753
        ],
        [
            0.10306514799594879,
            0.08026104420423508,
            -0.028676467016339302
        ],
        [
            0.1068296730518341,
            0.0823855847120285,
            -0.030884286388754845
        ],
        [
            0.10308507084846497,
            0.08265166729688644,
            -0.03556803986430168
        ],
        [
            0.13863728940486908,
            0.066555455327034,
            -0.05890410766005516
        ],
        [
            0.14224201440811157,
            0.061923734843730927,
            -0.05836526304483414
        ],
        [
            0.14693602919578552,
            0.06518324464559555,
            -0.05832529067993164
        ],
        [
            0.14418096840381622,
            0.07027749717235565,
            -0.059118807315826416
        ],
        [
            0.12910009920597076,
            0.04268065467476845,
            -0.06306867301464081
        ],
        [
            0.13020728528499603,
            0.039135515689849854,
            -0.06771966069936752
        ],
        [
            0.13303695619106293,
            0.04218023642897606,
            -0.06691130995750427
        ],
        [
            0.13076931238174438,
            0.04583042860031128,
            -0.06253428757190704
        ],
        [
            0.12890301644802094,
            0.038802117109298706,
            -0.07301148772239685
        ],
        [
            0.1326177716255188,
            0.04247632995247841,
            -0.0731896385550499
        ],
        [
            0.136307954788208,
            0.07059227675199509,
            -0.06342396140098572
        ],
        [
            0.13642722368240356,
            0.07174618542194366,
            -0.07077120989561081
        ],
        [
            0.12165459245443344,
            0.0618438646197319,
            -0.07119809836149216
        ],
        [
            0.12461846321821213,
            0.06173805519938469,
            -0.06354678422212601
        ],
        [
            0.07958817481994629,
            0.03295277804136276,
            -0.011578474193811417
        ],
        [
            0.07953034341335297,
            0.038535237312316895,
            -0.0019164793193340302
        ],
        [
            0.08332309871912003,
            0.05065813288092613,
            -0.010549072176218033
        ],
        [
            0.08564016222953796,
            0.06344810873270035,
            -0.019250361248850822
        ],
        [
            0.08907852321863174,
            0.07444349676370621,
            -0.028206773102283478
        ],
        [
            0.08796339482069016,
            0.06910359114408493,
            -0.03910066559910774
        ],
        [
            0.08359730243682861,
            0.05332094803452492,
            -0.0026941485702991486
        ],
        [
            0.11585737019777298,
            0.05813329294323921,
            -0.06498333811759949
        ],
        [
            0.11218944936990738,
            0.05598592385649681,
            -0.07095223665237427
        ],
        [
            0.11024823039770126,
            0.057874806225299835,
            -0.0673937201499939
        ],
        [
            0.11398431658744812,
            0.042283859103918076,
            -0.007462363690137863
        ],
        [
            0.14727388322353363,
            0.056347545236349106,
            -0.07340596616268158
        ],
        [
            0.08336517959833145,
            -0.011142659932374954,
            -0.013224095106124878
        ],
        [
            0.07536503672599792,
            -0.002035774290561676,
            -0.006888352334499359
        ],
        [
            0.07911720871925354,
            0.0023072361946105957,
            -0.013602614402770996
        ],
        [
            0.08919396996498108,
            -0.007777545601129532,
            -0.02061774581670761
        ],
        [
            0.14562098681926727,
            0.057006463408470154,
            -0.06181304529309273
        ],
        [
            0.14776024222373962,
            0.05473798140883446,
            -0.06725610047578812
        ],
        [
            0.11311893910169601,
            0.07487675547599792,
            -0.026415761560201645
        ],
        [
            0.11405631899833679,
            0.07759276777505875,
            -0.030588626861572266
        ],
        [
            0.11242400854825974,
            0.08035632222890854,
            -0.029074776917696
        ],
        [
            0.11282554268836975,
            0.07984194904565811,
            -0.023940104991197586
        ],
        [
            0.08003389090299606,
            0.040093954652547836,
            0.0038597844541072845
        ],
        [
            0.0981525108218193,
            0.08506567031145096,
            -0.011283492669463158
        ],
        [
            0.09142931550741196,
            0.08217079937458038,
            -0.020318161696195602
        ],
        [
            0.07612988352775574,
            0.027884799987077713,
            0.0051185861229896545
        ],
        [
            0.07549427449703217,
            0.022982042282819748,
            -0.003317691385746002
        ],
        [
            0.07239976525306702,
            0.016219474375247955,
            0.0030504129827022552
        ],
        [
            0.09554330259561539,
            0.06664090603590012,
            -0.051874082535505295
        ],
        [
            0.08102759718894958,
            0.03027394786477089,
            -0.01971997693181038
        ],
        [
            0.07713973522186279,
            0.01991751790046692,
            -0.010144166648387909
        ],
        [
            0.0735219269990921,
            0.011699102818965912,
            -0.002844247967004776
        ],
        [
            0.07019228488206863,
            0.0063409507274627686,
            0.0026597343385219574
        ],
        [
            0.0694197341799736,
            0.011832408607006073,
            0.008599895983934402
        ],
        [
            0.13920199871063232,
            0.06915322691202164,
            -0.07504811882972717
        ],
        [
            0.14277057349681854,
            0.0749921202659607,
            -0.06993647664785385
        ],
        [
            0.06438993662595749,
            0.007182396948337555,
            0.014621347188949585
        ],
        [
            0.0661221444606781,
            0.0010760501027107239,
            0.007873140275478363
        ],
        [
            0.0799589455127716,
            0.015290345996618271,
            -0.01758895441889763
        ],
        [
            0.08512414246797562,
            0.009266428649425507,
            -0.026214297860860825
        ],
        [
            0.08382651209831238,
            0.02550138160586357,
            -0.02648230269551277
        ],
        [
            0.0888262689113617,
            0.02047799900174141,
            -0.035744935274124146
        ],
        [
            0.0922117531299591,
            0.06023193895816803,
            -0.060608018189668655
        ],
        [
            0.160487562417984,
            0.082090362906456,
            -0.06553545594215393
        ],
        [
            0.14882045984268188,
            0.07825406640768051,
            -0.06508232653141022
        ],
        [
            0.14946678280830383,
            0.07473121583461761,
            -0.06051300838589668
        ],
        [
            0.15934675931930542,
            0.08105330169200897,
            -0.061281803995370865
        ],
        [
            0.14247334003448486,
            0.07407797127962112,
            -0.06334926933050156
        ],
        [
            0.14897188544273376,
            0.07756243646144867,
            -0.07080131024122238
        ],
        [
            0.09884689748287201,
            0.012850947678089142,
            -0.04418877512216568
        ],
        [
            0.12224389612674713,
            0.0577540285885334,
            -0.060562171041965485
        ],
        [
            0.09903424978256226,
            -0.0008854828774929047,
            -0.03402997553348541
        ],
        [
            0.11261539161205292,
            0.010602764785289764,
            -0.053671546280384064
        ],
        [
            0.11544465273618698,
            0.000750076025724411,
            -0.045582760125398636
        ],
        [
            0.10139425098896027,
            -0.015388794243335724,
            -0.02362113818526268
        ],
        [
            0.11573588848114014,
            -0.011167369782924652,
            -0.03464049473404884
        ],
        [
            0.08922937512397766,
            -0.021517232060432434,
            -0.009179092943668365
        ],
        [
            0.09393059462308884,
            -0.017403241246938705,
            -0.016138724982738495
        ],
        [
            0.13010890781879425,
            -0.0022862888872623444,
            -0.04294968396425247
        ],
        [
            0.16230995953083038,
