{
    "pred_cam": [
        6.624383926391602,
        -0.15505562722682953,
        -0.06066045165061951
    ],
    "pred_mano_params": {
        "global_orient": [
            [
                [
                    -0.3631763160228729,
                    -0.8960299491882324,
                    0.25540822744369507
                ],
                [
                    -0.8033466935157776,
                    0.1622878462076187,
                    -0.5729718208312988
                ],
                [
                    0.4719502031803131,
                    -0.41327112913131714,
                    -0.7787618041038513
                ]
            ]
        ],
        "hand_pose": [
            [
                [
                    0.8248042464256287,
                    -0.3932071328163147,
                    -0.40630781650543213
                ],
                [
                    0.370321661233902,
                    0.9186970591545105,
                    -0.13732284307479858
                ],
                [
                    0.4272701144218445,
                    -0.037200115621089935,
                    0.9033583402633667
                ]
            ],
            [
                [
                    0.9518618583679199,
                    -0.2547774016857147,
                    0.17043305933475494
                ],
                [
                    0.2830626964569092,
                    0.9439513683319092,
                    -0.16979752480983734
                ],
                [
                    -0.11761996150016785,
                    0.20986704528331757,
                    0.9706292748451233
                ]
            ],
            [
                [
                    0.7306133508682251,
                    -0.6809684038162231,
                    0.049861617386341095
                ],
                [
                    0.6515999436378479,
                    0.6735557913780212,
                    -0.34891277551651
                ],
                [
                    0.20401400327682495,
                    0.2874101400375366,
                    0.9358278512954712
                ]
            ],
            [
                [
                    0.7877657413482666,
                    -0.5631905794143677,
                    -0.24948258697986603
                ],
                [
                    0.5537512302398682,
                    0.8248939514160156,
                    -0.11362019181251526
                ],
                [
                    0.2697865068912506,
                    -0.04864520579576492,
                    0.9616906642913818
                ]
            ],
            [
                [
                    0.9332711696624756,
                    -0.3418678939342499,
                    -0.11014173179864883
                ],
                [
                    0.35916388034820557,
                    0.8904089331626892,
                    0.2795945703983307
                ],
                [
                    0.0024867746978998184,
                    -0.30049648880958557,
                    0.9537795782089233
                ]
            ],
            [
                [
                    0.8647826313972473,
                    -0.4463498890399933,
                    -0.230049729347229
                ],
                [
                    0.476387083530426,
                    0.8741077780723572,
                    0.0948200672864914
                ],
                [
                    0.15876536071300507,
                    -0.19159145653247833,
                    0.9685485363006592
                ]
            ],
            [
                [
                    0.5932067632675171,
                    -0.5727439522743225,
                    0.5657473802566528
                ],
                [
                    0.5718915462493896,
                    0.7944087982177734,
                    0.20458415150642395
                ],
                [
                    -0.5666090846061707,
                    0.20218545198440552,
                    0.7987961173057556
                ]
            ],
            [
                [
                    0.9268608689308167,
                    -0.18766197562217712,
                    -0.32513371109962463
                ],
                [
                    0.24411797523498535,
                    0.9592570066452026,
                    0.14224103093147278
                ],
                [
                    0.2851935029029846,
                    -0.21120862662792206,
                    0.934909462928772
                ]
            ],
            [
                [
                    0.8740798830986023,
                    -0.48244959115982056,
                    0.05680467188358307
                ],
                [
                    0.46368613839149475,
                    0.8634637594223022,
                    0.19855837523937225
                ],
                [
                    -0.144843190908432,
                    -0.147216334939003,
                    0.9784414768218994
                ]
            ],
            [
                [
                    0.7909032702445984,
                    -0.6068453192710876,
                    0.0788068100810051
                ],
                [
                    0.6118636131286621,
                    0.7821696400642395,
                    -0.11761678010225296
                ],
                [
                    0.009734922088682652,
                    0.14124253392219543,
                    0.9899271130561829
                ]
            ],
            [
                [
                    0.9469136595726013,
                    -0.2739922106266022,
                    -0.16817502677440643
                ],
                [
                    0.31772223114967346,
                    0.8773989081382751,
                    0.3594769239425659
                ],
                [
                    0.04906271770596504,
                    -0.39382654428482056,
                    0.9178744554519653
                ]
            ],
            [
                [
                    0.8213733434677124,
                    -0.43427756428718567,
                    -0.36979568004608154
                ],
                [
                    0.5249004364013672,
                    0.8292050361633301,
                    0.1920901983976364
                ],
                [
                    0.22321593761444092,
                    -0.3518836796283722,
                    0.9090393781661987
                ]
            ],
            [
                [
                    0.99887615442276,
                    -0.02190692164003849,
                    0.04203033074736595
                ],
                [
                    0.046998511999845505,
                    0.34307512640953064,
                    -0.9381314516067505
                ],
                [
                    0.006132001522928476,
                    0.9390524625778198,
                    0.34371915459632874
                ]
            ],
            [
                [
                    0.9365203976631165,
                    -0.18954913318157196,
                    -0.29495880007743835
                ],
                [
                    0.3271145522594452,
                    0.7751685380935669,
                    0.5404718518257141
                ],
                [
                    0.12619681656360626,
                    -0.6026481986045837,
                    0.7879654169082642
                ]
            ],
            [
                [
                    0.812856137752533,
                    0.43796470761299133,
                    -0.3839944899082184
                ],
                [
                    -0.4157530963420868,
                    0.8979868292808533,
                    0.14411437511444092
                ],
                [
                    0.40793904662132263,
                    0.04250263795256615,
                    0.9120193123817444
                ]
            ]
        ],
        "betas": [
            -0.10979706048965454,
            0.013950109481811523,
            -0.022656500339508057,
            0.03156599402427673,
            0.0411587655544281,
            -0.025171291083097458,
            0.038159340620040894,
            -0.04926535487174988,
            0.013014987111091614,
            -0.034599900245666504
        ]
    },
    "pred_cam_t": [
        -0.15505562722682953,
        -0.06066045165061951,
        5.896774768829346
    ],
    "focal_length": [
        5000.0,
        5000.0
    ],
    "pred_keypoints_3d": [
        [
            0.09622027724981308,
            0.006427733227610588,
            0.006207491736859083
        ],
        [
            0.12569934129714966,
            0.00845493096858263,
            -0.018992476165294647
        ],
        [
            0.1553966999053955,
            0.01463240385055542,
            -0.025298643857240677
        ],
        [
            0.1762934774160385,
            0.031071685254573822,
            -0.031205037608742714
        ],
        [
            0.18841834366321564,
            0.058769285678863525,
            -0.05112894997000694
        ],
        [
            0.13842393457889557,
            0.06487637758255005,
            -0.04971812292933464
        ],
        [
            0.1539423018693924,
            0.09419223666191101,
            -0.05056503787636757
        ],
        [
            0.17116039991378784,
            0.10774533450603485,
            -0.046363405883312225
        ],
        [
            0.18971750140190125,
            0.11261072009801865,
            -0.02914700284600258
        ],
        [
            0.13123907148838043,
            0.08463258296251297,
            -0.0355127677321434
        ],
        [
            0.15010522305965424,
            0.10966529697179794,
            -0.02985236793756485
        ],
        [
            0.16902731359004974,
            0.1188560277223587,
            -0.019655264914035797
        ],
        [
            0.18919473886489868,
            0.12100493162870407,
            -0.0032749250531196594
        ],
        [
            0.12274169921875,
            0.08720362186431885,
            -0.010050641372799873
        ],
        [
            0.14381900429725647,
            0.10706770420074463,
            -0.011264557018876076
        ],
        [
            0.16375745832920074,
            0.11685200035572052,
            2.5451183319091797e-05
        ],
        [
            0.18069016933441162,
            0.11850666254758835,
            0.019785091280937195
        ],
        [
            0.119214728474617,
            0.08527565002441406,
            0.011561444029211998
        ],
        [
            0.1364736407995224,
            0.0973183810710907,
            0.008746184408664703
        ],
        [
            0.15168805420398712,
            0.10751207917928696,
            0.01403065212070942
        ],
        [
            0.1677432656288147,
            0.11025810241699219,
            0.022737838327884674
        ]
    ],
    "pred_vertices": [
        [
            0.1346905529499054,
            0.03457498177886009,
            -0.02350531704723835
        ],
        [
            0.13170702755451202,
            0.0267975851893425,
            -0.017657969146966934
        ],
        [
            0.14037767052650452,
            0.028270762413740158,
            -0.021450843662023544
        ],
        [
            0.14206093549728394,
            0.034749533981084824,
            -0.02935200370848179
        ],
        [
            0.13938985764980316,
            0.012756779789924622,
            -0.004949524998664856
        ],
        [
            0.14017605781555176,
            0.0009217895567417145,
            -0.006962735205888748
        ],
        [
            0.15421278774738312,
            0.007559563964605331,
            -0.011882897466421127
        ],
        [
            0.1520431488752365,
            0.016436539590358734,
            -0.00818302109837532
        ],
        [
            0.14709600806236267,
            0.03514011204242706,
            -0.03413408249616623
        ],
        [
            0.14773988723754883,
            0.029356326907873154,
            -0.023823339492082596
        ],
        [
            0.14724978804588318,
            0.03338022902607918,
            -0.03638042137026787
        ],
        [
            0.14039334654808044,
            0.04011407494544983,
            -0.04927948862314224
        ],
        [
            0.14361193776130676,
            0.04119681566953659,
            -0.04365803301334381
        ],
        [
            0.13775674998760223,
            0.047562550753355026,
            -0.05478178337216377
        ],
        [
            0.13072602450847626,
            0.03527998924255371,
            -0.051353804767131805
        ],
        [
            0.12866747379302979,
            0.05052500218153,
            -0.05621209740638733
        ],
        [
            0.10565853863954544,
            0.04625514894723892,
            -0.0361359640955925
        ],
        [
            0.0999194085597992,
            0.051157645881175995,
            -0.024268021807074547
        ],
        [
            0.10615140944719315,
            0.0658726617693901,
            -0.030529607087373734
        ],
        [
            0.11200451105833054,
            0.05939248576760292,
            -0.041478730738162994
        ],
        [
            0.1009892076253891,
            0.06678158789873123,
            -0.01003610622137785
        ],
        [
            0.1039816364645958,
            0.06715275347232819,
            -0.021636512130498886
        ],
        [
            0.09665991365909576,
            0.05267063155770302,
            -0.015852365642786026
        ],
        [
            0.09451030194759369,
            0.053003691136837006,
            -0.005717175081372261
        ],
        [
            0.12491600960493088,
            0.035817861557006836,
            -0.009763836860656738
        ],
        [
            0.12169312685728073,
            0.027410708367824554,
            -0.004397589713335037
        ],
        [
            0.12403389811515808,
            0.02685057744383812,
            -0.010595183819532394
        ],
        [
            0.12756012380123138,
            0.03456507623195648,
            -0.015027567744255066
        ],
        [
            0.1542530208826065,
            0.025010503828525543,
            -0.036777738481760025
        ],
        [
            0.14169809222221375,
            0.020562544465065002,
            -0.043016232550144196
        ],
        [
            0.14351746439933777,
            0.028322618454694748,
            -0.041871577501297
        ],
        [
            0.15524089336395264,
            0.028654087334871292,
            -0.03246867656707764
        ],
        [
            0.11660651117563248,
            0.009532995522022247,
            0.019212715327739716
        ],
        [
            0.10744485259056091,
            -0.00048344582319259644,
            0.020516101270914078
        ],
        [
            0.10860384255647659,
            -0.0031156837940216064,
            0.015297040343284607
        ],
        [
            0.11623883992433548,
            0.006846725940704346,
            0.014835815876722336
        ],
        [
            0.12100234627723694,
            -0.0073104798793792725,
            -0.001147836446762085
        ],
        [
            0.11199837177991867,
            -0.012322492897510529,
            0.0002763494849205017
        ],
        [
            0.10548654198646545,
            -0.020111054182052612,
            -0.008468467742204666
        ],
        [
            0.11376672238111496,
            -0.015572570264339447,
            -0.012836255133152008
        ],
        [
            0.13071362674236298,
            -0.002523757517337799,
            -0.004227966070175171
        ],
        [
            0.1264035701751709,
            -0.011562973260879517,
            -0.01386101171374321
        ],
        [
            0.13808514177799225,
            -0.00669831782579422,
            -0.015211112797260284
        ],
        [
            0.153466135263443,
            0.001859903335571289,
            -0.019213542342185974
        ],
        [
            0.10195747017860413,
            0.005892492830753326,
            0.030332963913679123
        ],
        [
            0.10831551998853683,
            0.013936750590801239,
            0.03113052062690258
        ],
        [
            0.16459183394908905,
            0.09011145681142807,
            -0.04912016913294792
        ],
        [
            0.1630682498216629,
            0.09219631552696228,
            -0.04376998543739319
        ],
        [
            0.16100114583969116,
            0.08806266635656357,
            -0.044343896210193634
        ],
        [
            0.16259127855300903,
            0.08712553232908249,
            -0.049899354577064514
        ],
        [
            0.08828507363796234,
            0.020983479917049408,
            0.03114466555416584
        ],
        [
            0.08007974922657013,
            0.023271732032299042,
            0.02554958313703537
        ],
        [
            0.07838799059391022,
            0.017359592020511627,
            0.029538722708821297
        ],
        [
            0.08639577031135559,
            0.013955213129520416,
            0.03333284705877304
        ],
        [
            0.090879425406456,
            0.030219048261642456,
            0.028193557634949684
        ],
        [
            0.08312937617301941,
            0.031137816607952118,
            0.01984846033155918
        ],
        [
            0.15960267186164856,
            0.0978870540857315,
            -0.058245252817869186
        ],
        [
            0.16300486028194427,
            0.09410061687231064,
            -0.057096004486083984
        ],
        [
            0.15896567702293396,
            0.09135863184928894,
            -0.05840611830353737
        ],
        [
            0.15484553575515747,
            0.09452962875366211,
            -0.05847165361046791
        ],
        [
            0.1426420509815216,
            0.041477080434560776,
            -0.03654233366250992
        ],
        [
            0.138046994805336,
            0.0420864000916481,
            -0.028231162577867508
        ],
        [
            0.14629971981048584,
            0.057291705161333084,
            -0.044054869562387466
        ],
        [
            0.14174136519432068,
            0.05196036398410797,
            -0.03724835067987442
        ],
        [
            0.14314529299736023,
            0.0480346754193306,
            -0.04333801940083504
        ],
        [
            0.14554037153720856,
            0.05351115018129349,
            -0.04901011288166046
        ],
        [
            0.13078150153160095,
            0.05689873546361923,
            -0.01627928391098976
        ],
        [
            0.1267644315958023,
            0.04678277671337128,
            -0.011778373271226883
        ],
        [
            0.1295572817325592,
            0.04585215449333191,
            -0.0178949236869812
        ],
        [
            0.13513542711734772,
            0.05601043626666069,
            -0.02379627153277397
        ],
        [
            0.12418617308139801,
            0.05038326978683472,
            0.0018188506364822388
        ],
        [
            0.12792673707008362,
            0.06015261262655258,
            -0.0038891304284334183
        ],
        [
            0.1259973794221878,
            0.06111515685915947,
            0.004513481631875038
        ],
        [
            0.12457231432199478,
            0.05378500744700432,
            0.007474074140191078
        ],
        [
            0.13440373539924622,
            0.07510413974523544,
            -0.016768842935562134
        ],
        [
            0.13566359877586365,
            0.08074959367513657,
            -0.020242054015398026
        ],
        [
            0.1359783113002777,
            0.08264244347810745,
            -0.016516897827386856
        ],
        [
            0.13316741585731506,
            0.07600434124469757,
            -0.013143311254680157
        ],
        [
            0.0758364349603653,
            0.01147594302892685,
            0.03264901041984558
        ],
        [
            0.08447149395942688,
            0.00698147714138031,
            0.0344870500266552
        ],
        [
            0.09916532039642334,
            0.06808872520923615,
            0.011787675321102142
        ],
        [
            0.10244080424308777,
            0.06417398154735565,
            0.021893290802836418
        ],
        [
            0.10655353963375092,
            0.07717610895633698,
            0.019771456718444824
        ],
        [
            0.10165920853614807,
            0.0780196264386177,
            0.0092760119587183
        ],
        [
            0.07598534226417542,
            0.023485101759433746,
            0.015871653333306313
        ],
        [
            0.07269702851772308,
            0.018690980970859528,
            0.02120387740433216
        ],
        [
            0.15586134791374207,
            0.10199983417987823,
            -0.05557475984096527
        ],
        [
            0.1512869894504547,
            0.09778079390525818,
            -0.05488523840904236
        ],
        [
            0.1293460577726364,
            -0.008564390242099762,
            -0.02626606449484825
        ],
        [
            0.14957232773303986,
            0.0004575103521347046,
            -0.028305090963840485
        ],
        [
            0.11401082575321198,
            -0.01305745542049408,
            -0.022978276014328003
        ],
        [
            0.10337788611650467,
            -0.015029661357402802,
            -0.019579138606786728
        ],
        [
            0.09608262777328491,
            -0.019083552062511444,
            -0.016227759420871735
        ],
        [
            0.1413387507200241,
            0.057706281542778015,
            -0.033887412399053574
        ],
        [
            0.13197976350784302,
            0.041038960218429565,
            -0.020931167528033257
        ],
        [
            0.12330669909715652,
            0.037054602056741714,
            -0.004852578043937683
        ],
        [
            0.1207563579082489,
            0.0487871915102005,
            0.023941917344927788
        ],
        [
            0.11786448210477829,
            0.0392485149204731,
            0.027740491554141045
        ],
        [
            0.12249989062547684,
            0.03856058791279793,
            0.01802222803235054
        ],
        [
            0.12350849062204361,
            0.04719793424010277,
            0.016454802826046944
        ],
        [
            0.11073662340641022,
            0.06235446035861969,
            0.027065221220254898
        ],
        [
            0.11847555637359619,
            0.060711003839969635,
            0.024812107905745506
        ],
        [
            0.12029746919870377,
            0.06951384246349335,
            0.02201756089925766
        ],
        [
            0.11339690536260605,
            0.0730547159910202,
            0.02417375147342682
        ],
        [
            0.15698248147964478,
            0.018660034984350204,
            -0.03969843313097954
        ],
        [
            0.1415887176990509,
            0.01290525496006012,
            -0.04293810948729515
        ],
        [
            0.09792312979698181,
            0.017058171331882477,
            0.03355073556303978
        ],
        [
            0.09563499689102173,
            0.009553201496601105,
            0.03328389301896095
        ],
        [
            0.09085676819086075,
            0.002496562898159027,
            0.03392826393246651
        ],
        [
            0.11979717761278152,
            0.017781607806682587,
            0.006359942257404327
        ],
        [
            0.11602217704057693,
            0.004999220371246338,
            0.011774580925703049
        ],
        [
            0.11748309433460236,
            0.004039302468299866,
            0.007778842002153397
        ],
        [
            0.11944075673818588,
            0.01752246916294098,
            0.0023421794176101685
        ],
        [
            0.12913493812084198,
            0.020070824772119522,
            -0.008822057396173477
        ],
        [
            0.12805791199207306,
            0.008923809975385666,
            -0.0015682205557823181
        ],
        [
            0.13921621441841125,
            0.02323489636182785,
            -0.010754715651273727
        ],
        [
            0.10937117040157318,
            -0.008068367838859558,
            0.008864197880029678
        ],
        [
            0.10351723432540894,
            -0.011905111372470856,
            0.017474140971899033
        ],
        [
            0.10443192720413208,
            -0.016190655529499054,
            0.00967591255903244
        ],
        [
            0.10004730522632599,
            -0.006947733461856842,
            0.02526748552918434
        ],
        [
            0.0958147794008255,
            -0.0018622949719429016,
            0.03132597357034683
        ],
        [
            0.06682386249303818,
            0.01372702419757843,
            0.02495599538087845
        ],
        [
            0.10449355840682983,
            -0.018935680389404297,
            0.0017822012305259705
        ],
        [
            0.16021320223808289,
            0.019105855375528336,
            -0.012779280543327332
        ],
        [
            0.16714835166931152,
            0.022214233875274658,
            -0.017301736399531364
        ],
        [
            0.1627483367919922,
            0.027796652168035507,
            -0.018574127927422523
        ],
        [
            0.15658937394618988,
            0.025650102645158768,
            -0.015349365770816803
        ],
        [
            0.1379806101322174,
            0.05719798058271408,
            -0.05898453667759895
        ],
        [
            0.14377109706401825,
            0.054436095058918,
            -0.05475066974759102
        ],
        [
            0.14213590323925018,
            0.045554399490356445,
            -0.04991642013192177
        ],
        [
            0.11949026584625244,
            0.020846612751483917,
            0.020162006840109825
        ],
        [
            0.11249211430549622,
            0.024003200232982635,
            0.03031754121184349
        ],
        [
            0.14539965987205505,
            0.0629393607378006,
            -0.04067222401499748
        ],
        [
            0.1506759077310562,
            0.09161963313817978,
            -0.059006620198488235
        ],
        [
            0.15537485480308533,
            0.0880197063088417,
            -0.05915600806474686
        ],
        [
            0.14571885764598846,
            0.07228713482618332,
            -0.060054197907447815
        ],
        [
            0.14055600762367249,
            0.0768955871462822,
            -0.060174912214279175
        ],
        [
            0.14246489107608795,
            0.07372243702411652,
            -0.041048698127269745
        ],
        [
            0.1459701955318451,
            0.06764063239097595,
            -0.04151952639222145
        ],
        [
            0.145676389336586,
            0.0706629753112793,
            -0.04140351340174675
        ],
        [
            0.14291372895240784,
            0.07625832408666611,
            -0.03916195034980774
        ],
        [
            0.13294784724712372,
            0.08220969885587692,
            -0.007624178193509579
        ],
        [
            0.13063602149486542,
            0.07619608938694,
            -0.00467486958950758
        ],
        [
            0.12120600044727325,
            0.0720524787902832,
            -0.04461614787578583
        ],
        [
            0.12176781892776489,
            0.06443367898464203,
            -0.055783193558454514
        ],
        [
            0.11833818256855011,
            0.05370490998029709,
            -0.0511627234518528
        ],
        [
            0.12854044139385223,
            0.05810437351465225,
            -0.009175442159175873
        ],
        [
            0.13199588656425476,
            0.06746666133403778,
            -0.012504784390330315
        ],
        [
            0.13074107468128204,
            0.068611279129982,
            -0.008611857891082764
        ],
        [
            0.1410481035709381,
            0.06250361353158951,
            -0.03291253000497818
        ],
        [
            0.14323589205741882,
            0.06771441549062729,
            -0.03749341890215874
        ],
        [
            0.14065556228160858,
            0.06849783658981323,
            -0.033159367740154266
        ],
        [
            0.13827957212924957,
            0.06350342184305191,
            -0.028040319681167603
        ],
        [
            0.09720572829246521,
            0.05207386612892151,
            0.024376600980758667
        ],
        [
            0.10692409425973892,
            0.05016617849469185,
            0.030755609273910522
        ],
        [
            0.16470977663993835,
            0.09104132652282715,
            -0.053904734551906586
        ],
        [
            0.16175170242786407,
            0.0883542001247406,
            -0.05512339994311333
        ],
        [
            0.12466657161712646,
            0.04813837632536888,
            -0.004914982244372368
        ],
        [
            0.11391790956258774,
            0.04131900519132614,
            -0.04451558366417885
        ],
        [
            0.12205372750759125,
            0.0383419394493103,
            0.0004452373832464218
        ],
        [
            0.11269561201334,
            0.08494105190038681,
            -0.005212572403252125
        ],
        [
            0.11888337880373001,
            0.0855521410703659,
            -5.897320806980133e-05
        ],
        [
            0.12276970595121384,
            0.08934536576271057,
            -0.002561087254434824
        ],
        [
            0.11873023211956024,
            0.09120441973209381,
            -0.007032329682260752
        ],
        [
            0.15002384781837463,
            0.09002012014389038,
            -0.039117857813835144
        ],
        [
            0.15494319796562195,
            0.087021104991436,
            -0.03976144641637802
        ],
        [
            0.15751512348651886,
            0.0910942330956459,
            -0.03997581824660301
        ],
        [
            0.15309551358222961,
            0.09496776759624481,
            -0.03960280120372772
        ],
        [
            0.14814327657222748,
            0.0637834221124649,
            -0.04537000134587288
        ],
        [
            0.14841105043888092,
            0.06059914454817772,
            -0.05099484324455261
        ],
        [
            0.15091712772846222,
            0.0671105906367302,
            -0.05043267458677292
        ],
        [
            0.14888745546340942,
            0.06898954510688782,
            -0.04512042924761772
        ],
        [
            0.14612503349781036,
            0.062411438673734665,
            -0.056584134697914124
        ],
        [
            0.1493009775876999,
            0.06852757185697556,
            -0.05636676773428917
        ],
        [
            0.1455990970134735,
            0.09337317943572998,
            -0.04258343204855919
        ],
        [
            0.14394035935401917,
            0.09528627246618271,
            -0.049710437655448914
        ],
        [
            0.1342775821685791,
            0.08250401169061661,
            -0.0493253618478775
        ],
        [
            0.1386178582906723,
            0.08180132508277893,
            -0.042460210621356964
        ],
        [
            0.08715749531984329,
            0.04017063230276108,
            -0.0020767319947481155
        ],
        [
            0.08671292662620544,
            0.04207296296954155,
            0.008998412638902664
        ],
        [
            0.09385283291339874,
            0.05501367151737213,
            0.005659244954586029
        ],
        [
            0.09966627508401871,
            0.0683937668800354,
            0.0024952609091997147
        ],
        [
            0.10621333867311478,
            0.08021962642669678,
            -0.0013103121891617775
        ],
        [
            0.10542971640825272,
            0.07879750430583954,
            -0.013544611632823944
        ],
        [
            0.09358039498329163,
            0.05479656159877777,
            0.013949962332844734
        ],
        [
            0.13512948155403137,
            0.07751022279262543,
            -0.04220151528716087
        ],
        [
            0.128637433052063,
            0.0745730847120285,
            -0.04897241294384003
        ],
        [
            0.12867994606494904,
            0.07697413861751556,
            -0.04431179538369179
        ],
        [
            0.1222025603055954,
            0.0404638946056366,
            0.007684862241148949
        ],
        [
            0.15874655544757843,
            0.08498796820640564,
            -0.056253861635923386
        ],
        [
            0.08371922373771667,
            -0.0008288025856018066,
            -0.019250791519880295
        ],
        [
            0.07647789269685745,
            0.007236294448375702,
            -0.010728657245635986
        ],
        [
            0.08186112344264984,
            0.012680977582931519,
            -0.01519082486629486
        ],
        [
            0.09109053015708923,
            0.003346547484397888,
            -0.024405360221862793
        ],
        [
            0.15910732746124268,
            0.08397658914327621,
            -0.04443202167749405
        ],
        [
            0.16077972948551178,
            0.08304502069950104,
            -0.050503332167863846
        ],
        [
            0.12945441901683807,
            0.07929626107215881,
            0.0012933826074004173
        ],
        [
            0.13114529848098755,
            0.08438423275947571,
            -0.0025559384375810623
        ],
        [
            0.1290438175201416,
            0.08744894713163376,
            -0.0010727220214903355
        ],
        [
            0.12888184189796448,
            0.0840020701289177,
            0.00481160543859005
        ],
        [
            0.08672700077295303,
            0.0414297990500927,
            0.015013013035058975
        ],
        [
            0.1118728369474411,
            0.08465190976858139,
            0.01757502742111683
        ],
        [
            0.1067405566573143,
            0.08506889641284943,
            0.008627142757177353
        ],
        [
            0.0804867297410965,
            0.030712492763996124,
            0.011480890214443207
        ],
        [
            0.08023358136415482,
            0.029151275753974915,
            0.0017347242683172226
        ],
        [
            0.07513654232025146,
            0.021452464163303375,
            0.005025604739785194
        ],
        [
            0.11353647708892822,
            0.08035435527563095,
            -0.026752164587378502
        ],
        [
            0.0892820954322815,
            0.040135808289051056,
            -0.010597195476293564
        ],
        [
            0.08234265446662903,
            0.028242330998182297,
            -0.005676534026861191
        ],
        [
            0.07634862512350082,
            0.01898110657930374,
            -0.00208873488008976
        ],
        [
            0.07140146195888519,
            0.012899190187454224,
            0.0008945055305957794
        ],
        [
            0.07070228457450867,
            0.016171671450138092,
            0.008429571986198425
        ],
        [
            0.14664432406425476,
            0.09434420615434647,
            -0.05487307533621788
        ],
        [
            0.14846749603748322,
            0.10018426924943924,
            -0.04934881255030632
        ],
        [
            0.06421326845884323,
            0.010867588222026825,
            0.012055512517690659
        ],
        [
            0.06583919376134872,
            0.00713811069726944,
            0.003611050546169281
        ],
        [
            0.08540934324264526,
            0.025880586355924606,
            -0.014161506667733192
        ],
        [
            0.0908932164311409,
            0.021966416388750076,
            -0.024096399545669556
        ],
        [
            0.09224224835634232,
            0.037412554025650024,
            -0.018497325479984283
        ],
        [
            0.09782677888870239,
            0.03473029285669327,
            -0.028693418949842453
        ],
        [
            0.11099271476268768,
            0.07617359608411789,
            -0.03655102849006653
        ],
        [
            0.1628197431564331,
            0.11184117197990417,
            -0.044797468930482864
        ],
        [
            0.15346989035606384,
            0.10425298660993576,
            -0.04439869150519371
        ],
        [
            0.1558775007724762,
            0.10047827661037445,
            -0.04059170186519623
        ],
        [
            0.1627265363931656,
            0.10966048389673233,
            -0.04076246917247772
        ],
        [
            0.14952269196510315,
            0.09838903695344925,
            -0.04291769489645958
        ],
        [
            0.15309050679206848,
            0.10453738272190094,
            -0.05014914646744728
        ],
        [
            0.10848566144704819,
            0.0275048166513443,
            -0.038800813257694244
        ],
        [
            0.14211583137512207,
            0.07440376281738281,
            -0.03691968694329262
        ],
        [
            0.10452474653720856,
            0.011236891150474548,
            -0.03372017294168472
        ],
        [
            0.12453936785459518,
            0.023427866399288177,
            -0.04764630272984505
        ],
        [
            0.12379611283540726,
            0.010778788477182388,
            -0.042145736515522
        ],
        [
            0.10188938677310944,
            -0.0059905871748924255,
            -0.0281178280711174
        ],
        [
            0.11871946603059769,
            -0.0034584179520606995,
            -0.0346258245408535
        ],
        [
            0.08709819614887238,
            -0.013033263385295868,
            -0.018671974539756775
        ],
        [
            0.09322609007358551,
            -0.008125513792037964,
            -0.02306663990020752
        ],
        [
            0.13682560622692108,
            0.000977989286184311,
            -0.03696037083864212
        ],
        [
            0.17070558667182922,
            0.09694911539554596,
