{
    "pred_cam": [
        4.7800374031066895,
        -0.0783180519938469,
        0.014292865991592407
    ],
    "pred_mano_params": {
        "global_orient": [
            [
                [
                    0.9168887734413147,
                    -0.3233698308467865,
                    0.23398084938526154
                ],
                [
                    0.2966645359992981,
                    0.1599302589893341,
                    -0.941494882106781
                ],
                [
                    0.26703041791915894,
                    0.9326598048210144,
                    0.24257062375545502
                ]
            ]
        ],
        "hand_pose": [
            [
                [
                    0.8980174660682678,
                    -0.4308423101902008,
                    -0.08910416811704636
                ],
                [
                    0.43034201860427856,
                    0.9022988080978394,
                    -0.025743167847394943
                ],
                [
                    0.09148982167243958,
                    -0.015227452851831913,
                    0.9956896305084229
                ]
            ],
            [
                [
                    0.5799059271812439,
                    -0.7813836932182312,
                    0.23054002225399017
                ],
                [
                    0.8146520256996155,
                    0.5586668848991394,
                    -0.1556708961725235
                ],
                [
                    -0.007156380917876959,
                    0.2780843675136566,
                    0.9605300426483154
                ]
            ],
            [
                [
                    0.791154146194458,
                    -0.6050208806991577,
                    0.08958115428686142
                ],
                [
                    0.5968602895736694,
                    0.7957190275192261,
                    0.10290303081274033
                ],
                [
                    -0.13353991508483887,
                    -0.02794473245739937,
                    0.9906493425369263
                ]
            ],
            [
                [
                    0.7679449319839478,
                    -0.6393706202507019,
                    -0.038285139948129654
                ],
                [
                    0.6376957893371582,
                    0.7575939893722534,
                    0.139267235994339
                ],
                [
                    -0.060038790106773376,
                    -0.13136383891105652,
                    0.9895144104957581
                ]
            ],
            [
                [
                    0.591950535774231,
                    -0.7861846685409546,
                    -0.17750544846057892
                ],
                [
                    0.8037835359573364,
                    0.5596194863319397,
                    0.20188623666763306
                ],
                [
                    -0.05938437953591347,
                    -0.26218265295028687,
                    0.9631893634796143
                ]
            ],
            [
                [
                    0.8698346614837646,
                    -0.4882447123527527,
                    0.07074496150016785
                ],
                [
                    0.48921746015548706,
                    0.87215256690979,
                    0.0040375483222305775
                ],
                [
                    -0.06367170810699463,
                    0.031097663566470146,
                    0.9974863529205322
                ]
            ],
            [
                [
                    0.9035782217979431,
                    -0.27095845341682434,
                    0.3318552076816559
                ],
                [
                    0.2295169234275818,
                    0.9602161049842834,
                    0.15908189117908478
                ],
                [
                    -0.3617572784423828,
                    -0.06757654249668121,
                    0.9298198819160461
                ]
            ],
            [
                [
                    0.8459020853042603,
                    -0.532791018486023,
                    -0.024154195562005043
                ],
                [
                    0.4859088361263275,
                    0.7512155771255493,
                    0.4467301666736603
                ],
                [
                    -0.21986879408359528,
                    -0.38962671160697937,
                    0.8943426609039307
                ]
            ],
            [
                [
                    0.9611048102378845,
                    -0.2722032070159912,
                    0.046721383929252625
                ],
                [
                    0.22975222766399384,
                    0.8818822503089905,
                    0.41170090436935425
                ],
                [
                    -0.15326908230781555,
                    -0.38495340943336487,
                    0.9101205468177795
                ]
            ],
            [
                [
                    0.8676374554634094,
                    -0.4953066110610962,
                    0.04331883788108826
                ],
                [
                    0.4943007528781891,
                    0.8686935901641846,
                    0.03222178295254707
                ],
                [
                    -0.05359045788645744,
                    -0.006544292438775301,
                    0.998541533946991
                ]
            ],
            [
                [
                    0.7054737210273743,
                    -0.7006178498268127,
                    -0.10696417838335037
                ],
                [
                    0.6514360308647156,
                    0.5815612077713013,
                    0.48725518584251404
                ],
                [
                    -0.27917349338531494,
                    -0.41342610120773315,
                    0.8666839003562927
                ]
            ],
            [
                [
                    0.7854508757591248,
                    -0.6185722351074219,
                    0.020863542333245277
                ],
                [
                    0.5952759981155396,
                    0.7642398476600647,
                    0.248161181807518
                ],
                [
                    -0.16945037245750427,
                    -0.18249885737895966,
                    0.9684940576553345
                ]
            ],
            [
                [
                    0.8122295141220093,
                    0.24984274804592133,
                    -0.5271259546279907
                ],
                [
                    -0.5591741800308228,
                    0.5908533930778503,
                    -0.5815637707710266
                ],
                [
                    0.1661546677350998,
                    0.7671185731887817,
                    0.6196141839027405
                ]
            ],
            [
                [
                    0.8616239428520203,
                    -0.5048335194587708,
                    -0.05241403356194496
                ],
                [
                    0.49055618047714233,
                    0.8018304109573364,
                    0.3412075638771057
                ],
                [
                    -0.13022586703300476,
                    -0.31970465183258057,
                    0.9385254979133606
                ]
            ],
            [
                [
                    0.868603527545929,
                    -0.48625147342681885,
                    -0.09532788395881653
                ],
                [
                    0.3732732832431793,
                    0.768632173538208,
                    -0.5194916725158691
                ],
                [
                    0.3258756697177887,
                    0.4156489670276642,
                    0.8491412997245789
                ]
            ]
        ],
        "betas": [
            0.02097173035144806,
            -0.13413310050964355,
            0.024785518646240234,
            -0.011412471532821655,
            0.020038187503814697,
            -0.040990330278873444,
            0.07673180103302002,
            -0.06893375515937805,
            0.03463117778301239,
            -0.0647430419921875
        ]
    },
    "pred_cam_t": [
        -0.0783180519938469,
        0.014292865991592407,
        8.17200756072998
    ],
    "focal_length": [
        5000.0,
        5000.0
    ],
    "pred_keypoints_3d": [
        [
            0.09562833607196808,
            0.00636774767190218,
            0.006207797676324844
        ],
        [
            0.08465944230556488,
            -0.027491938322782516,
            -0.008376343175768852
        ],
        [
            0.06237102299928665,
            -0.047540053725242615,
            -0.015101523138582706
        ],
        [
            0.04083268344402313,
            -0.056964240968227386,
            -0.02851749211549759
        ],
        [
            0.02353687584400177,
            -0.05858936160802841,
            -0.058102674782276154
        ],
        [
            0.021459132432937622,
            -0.03987465798854828,
            -0.017176322638988495
        ],
        [
            -0.003980232402682304,
            -0.050044771283864975,
            -0.035504668951034546
        ],
        [
            0.0005727261304855347,
            -0.053294211626052856,
            -0.0569593608379364
        ],
        [
            0.017594490200281143,
            -0.05302029103040695,
            -0.07482245564460754
        ],
        [
            0.008585251867771149,
            -0.01869383454322815,
            -0.02129456028342247
        ],
        [
            -0.008918046951293945,
            -0.025558074936270714,
            -0.046798139810562134
        ],
        [
            0.002195904962718487,
            -0.02932184375822544,
            -0.06689267605543137
        ],
        [
            0.02075308933854103,
            -0.034737907350063324,
            -0.08360880613327026
        ],
        [
            0.015686869621276855,
            0.006620305590331554,
            -0.025772899389266968
        ],
        [
            -0.004850288853049278,
            0.0002618292346596718,
            -0.04500764608383179
        ],
        [
            0.0009369654580950737,
            -0.006002253852784634,
            -0.06826949119567871
        ],
        [
            0.016892554238438606,
            -0.015444174408912659,
            -0.0851774662733078
        ],
        [
            0.025595851242542267,
            0.025038082152605057,
            -0.03189939633011818
        ],
        [
            0.008254852145910263,
            0.023418162018060684,
            -0.04387608915567398
        ],
        [
            0.004483790136873722,
            0.017476174980401993,
            -0.06147529557347298
        ],
        [
            0.006937654223293066,
            0.0077579449862241745,
            -0.07882432639598846
        ]
    ],
    "pred_vertices": [
        [
            0.059855468571186066,
            -0.02523062936961651,
            -0.01723518595099449
        ],
        [
            0.06992997229099274,
            -0.02104942314326763,
            -0.015440292656421661
        ],
        [
            0.06363172084093094,
            -0.028478307649493217,
            -0.01726534217596054
        ],
        [
            0.056266311556100845,
            -0.033070143312215805,
            -0.0185251347720623
        ],
        [
            0.08008590340614319,
            -0.028941653668880463,
            -0.02610102854669094
        ],
        [
            0.08915853500366211,
            -0.03742183372378349,
            -0.024400539696216583
        ],
        [
            0.07410096377134323,
            -0.04624803364276886,
            -0.027171222493052483
        ],
        [
            0.06898080557584763,
            -0.03682497888803482,
            -0.028537360951304436
        ],
        [
            0.05159943178296089,
            -0.03911857306957245,
            -0.017064448446035385
        ],
        [
            0.05814168602228165,
            -0.03440934047102928,
            -0.018896328285336494
        ],
        [
            0.04924945533275604,
            -0.041380710899829865,
            -0.01177816279232502
        ],
        [
            0.042312104254961014,
            -0.04578612372279167,
            -0.007086281664669514
        ],
        [
            0.044364336878061295,
            -0.04335901141166687,
            -0.01470322348177433
        ],
        [
            0.03490729629993439,
            -0.047176752239465714,
            -0.006804008036851883
        ],
        [
            0.04613453149795532,
            -0.044089995324611664,
            0.0028724316507577896
        ],
        [
            0.031830795109272,
            -0.042733218520879745,
            0.000623960979282856
        ],
        [
            0.04340261220932007,
            -0.018406325951218605,
            0.009250150993466377
        ],
        [
            0.04317203164100647,
            -0.005144646391272545,
            0.007393354550004005
        ],
        [
            0.027198325842618942,
            -0.008236754685640335,
            0.0018591955304145813
        ],
        [
            0.029109323397278786,
            -0.021631143987178802,
            0.0033305808901786804
        ],
        [
            0.0346384197473526,
            0.010623753070831299,
            -0.0030963681638240814
        ],
        [
            0.029570724815130234,
            0.00024157017469406128,
            -0.0005401093512773514
        ],
        [
            0.044978171586990356,
            0.0035816170275211334,
            0.0061317142099142075
        ],
        [
            0.0486108660697937,
            0.012779273092746735,
            0.003379417583346367
        ],
        [
            0.06348051130771637,
            -0.010569208301603794,
            -0.017240621149539948
        ],
        [
            0.07414886355400085,
            -0.006829733029007912,
            -0.015421629883348942
        ],
        [
            0.07343430817127228,
            -0.012020993046462536,
            -0.014253199100494385
        ],
        [
            0.0630955621600151,
            -0.015807559713721275,
            -0.01647230237722397
        ],
        [
            0.05072702094912529,
            -0.04879552498459816,
            -0.009549077600240707
        ],
        [
            0.05761539936065674,
            -0.04844367876648903,
            -0.0014658337458968163
        ],
        [
            0.051496461033821106,
            -0.0451427660882473,
            -0.00468103913590312
        ],
        [
            0.04903264716267586,
            -0.045260388404130936,
            -0.013274398632347584
        ],
        [
            0.09815807640552521,
            0.007781893014907837,
            -0.01785498671233654
        ],
        [
            0.1075960323214531,
            0.010029630735516548,
            -0.008503375574946404
        ],
        [
            0.1081409603357315,
            0.004404690116643906,
            -0.006868155673146248
        ],
        [
            0.09930012375116348,
            0.0036412402987480164,
            -0.01549830287694931
        ],
        [
            0.1063927635550499,
            -0.01983720064163208,
            -0.012583419680595398
        ],
        [
            0.11115545779466629,
            -0.013232337310910225,
            -0.002874123863875866
        ],
        [
            0.11437025666236877,
            -0.0193178728222847,
            0.009274190291762352
        ],
        [
            0.1081569492816925,
            -0.026747945696115494,
            0.002965490333735943
        ],
        [
            0.09838062524795532,
            -0.029023509472608566,
            -0.020419001579284668
        ],
        [
            0.10252000391483307,
            -0.03584125638008118,
            -0.008431847207248211
        ],
        [
            0.09228688478469849,
            -0.044743143022060394,
            -0.015927044674754143
        ],
        [
            0.07613950967788696,
            -0.05339695140719414,
            -0.02129976451396942
        ],
        [
            0.1054690033197403,
            0.022628726437687874,
            -0.00945882685482502
        ],
        [
            0.09850750118494034,
            0.02275906130671501,
            -0.016856558620929718
        ],
        [
            0.008434122428297997,
            -0.05356281250715256,
            -0.04058350622653961
        ],
        [
            0.007876171730458736,
            -0.048020970076322556,
            -0.04307993873953819
        ],
        [
            0.009326805360615253,
            -0.04757656902074814,
            -0.041106581687927246
        ],
        [
            0.009352575987577438,
            -0.05306010693311691,
            -0.03905832767486572
        ],
        [
            0.09173490852117538,
            0.03486087918281555,
            -0.0010909251868724823
        ],
        [
            0.08734612166881561,
            0.0351959690451622,
            0.007996100932359695
        ],
        [
            0.09426725655794144,
            0.037305086851119995,
            0.008854251354932785
        ],
        [
            0.09898432344198227,
            0.03525886684656143,
            0.0009683147072792053
        ],
        [
            0.0821840688586235,
            0.034149542450904846,
            -0.003888232633471489
        ],
        [
            0.07803019881248474,
            0.0316738598048687,
            0.006310127675533295
        ],
        [
            -0.0031930110417306423,
            -0.058352354913949966,
            -0.0379691906273365
        ],
        [
            0.0018860120326280594,
            -0.059340327978134155,
            -0.03865090385079384
        ],
        [
            0.0016864584758877754,
            -0.058282285928726196,
            -0.034520529210567474
        ],
        [
            -0.0029751434922218323,
            -0.056181900203228,
            -0.03290147706866264
        ],
        [
            0.04776911437511444,
            -0.03783241659402847,
            -0.0194809902459383
        ],
        [
            0.05075202137231827,
            -0.029210709035396576,
            -0.020691778510808945
        ],
        [
            0.03093034215271473,
            -0.04099263250827789,
            -0.024886753410100937
        ],
        [
            0.03813114017248154,
            -0.03538360446691513,
            -0.0227348692715168
        ],
        [
            0.039453763514757156,
            -0.04167918115854263,
            -0.019658658653497696
        ],
        [
            0.03284671902656555,
            -0.045609429478645325,
            -0.02064363844692707
        ],
        [
            0.041379913687705994,
            -0.012105545029044151,
            -0.02395794168114662
        ],
        [
            0.052324485033750534,
            -0.009847337380051613,
            -0.020372698083519936
        ],
        [
            0.051017262041568756,
            -0.01621202379465103,
            -0.019721487537026405
        ],
        [
            0.03942233324050903,
            -0.02049105241894722,
            -0.024156570434570312
        ],
        [
            0.054069407284259796,
            0.0034164302051067352,
            -0.024956803768873215
        ],
        [
            0.042961619794368744,
            0.00018010474741458893,
            -0.027769697830080986
        ],
        [
            0.04516264796257019,
            0.00807986967265606,
            -0.030123164877295494
        ],
        [
            0.05308730527758598,
            0.008810733444988728,
            -0.028549807146191597
        ],
        [
            0.024178531020879745,
            -0.008070587180554867,
            -0.030703488737344742
        ],
        [
            0.017622116953134537,
            -0.010048978962004185,
            -0.03179582208395004
        ],
        [
            0.016556402668356895,
            -0.007215515244752169,
            -0.03309380263090134
        ],
        [
            0.024578608572483063,
            -0.004604887682944536,
            -0.03127609193325043
        ],
        [
            0.10080085694789886,
            0.03912964463233948,
            0.010861694812774658
        ],
        [
            0.10575872659683228,
            0.03485073894262314,
            0.003543008118867874
        ],
        [
            0.04231589660048485,
            0.028731955215334892,
            -0.011796079576015472
        ],
        [
            0.049626123160123825,
            0.03380660340189934,
            -0.01853499747812748
        ],
        [
            0.03828195482492447,
            0.03397133946418762,
            -0.024451378732919693
        ],
        [
            0.03354012593626976,
            0.02857518382370472,
            -0.015506984665989876
        ],
        [
            0.08340661227703094,
            0.029536062851548195,
            0.0157611183822155
        ],
        [
            0.08977875858545303,
            0.03387529030442238,
            0.017192292958498
        ],
        [
            -0.007579752244055271,
            -0.0538199320435524,
            -0.038558367639780045
        ],
        [
            -0.007036253809928894,
            -0.051464106887578964,
            -0.03356557339429855
        ],
        [
            0.09225881844758987,
            -0.045311495661735535,
            -0.0024022541474550962
        ],
        [
            0.07595784217119217,
            -0.05614373832941055,
            -0.012008159421384335
        ],
        [
            0.10109560191631317,
            -0.03413277119398117,
            0.006968784146010876
        ],
        [
            0.10525155067443848,
            -0.025430165231227875,
            0.014744827523827553
        ],
        [
            0.11049258708953857,
            -0.020062385126948357,
            0.020884975790977478
        ],
        [
            0.03396221622824669,
            -0.030661841854453087,
            -0.025470847263932228
        ],
        [
            0.05450879782438278,
            -0.021011196076869965,
            -0.019062642008066177
        ],
        [
            0.06391629576683044,
            -0.005703079514205456,
            -0.01841610297560692
        ],
        [
            0.06399915367364883,
            0.022072162479162216,
            -0.03155976161360741
        ],
        [
            0.07419014722108841,
            0.023481100797653198,
            -0.028730483725667
        ],
        [
            0.07112051546573639,
            0.013316630385816097,
            -0.028167927637696266
        ],
        [
            0.06256379932165146,
            0.014353474602103233,
            -0.030175630003213882
        ],
        [
            0.05318576097488403,
            0.03326231241226196,
            -0.02763020247220993
        ],
        [
            0.05354398488998413,
            0.02732931450009346,
            -0.03288206458091736
        ],
        [
            0.04442828893661499,
            0.026487860828638077,
            -0.03564492613077164
        ],
        [
            0.043059516698122025,
            0.03246672451496124,
            -0.03164934739470482
        ],
        [
            0.054081983864307404,
            -0.05545596405863762,
            -0.008542872965335846
        ],
        [
            0.063929483294487,
            -0.051862385123968124,
            -8.358247578144073e-05
        ],
        [
            0.09642922133207321,
            0.030777448788285255,
            -0.009661104530096054
        ],
        [
            0.10315548628568649,
            0.02925836481153965,
            -0.006069200113415718
        ],
        [
            0.10975849628448486,
            0.02985134720802307,
            -0.000803086906671524
        ],
        [
            0.08696581423282623,
            -0.0008946824818849564,
            -0.01727929152548313
        ],
        [
            0.10028312355279922,
            0.0006443485617637634,
            -0.01418028399348259
        ],
        [
            0.10049915313720703,
            -0.004037508741021156,
            -0.014607546851038933
        ],
        [
            0.08689521998167038,
            -0.0037171542644500732,
            -0.015923598781228065
        ],
        [
            0.07930286973714828,
            -0.017825301736593246,
            -0.018818220123648643
        ],
        [
            0.09185390919446945,
            -0.018867792561650276,
            -0.022005842998623848
        ],
        [
            0.06956043839454651,
            -0.0250391885638237,
            -0.021787390112876892
        ],
        [
            0.11055966466665268,
            -0.002976279705762863,
            -0.00437677837908268
        ],
        [
            0.11681829392910004,
            0.005821503698825836,
            -0.001562720164656639
        ],
        [
            0.1178593710064888,
            -0.002316519618034363,
            0.0017936807125806808
        ],
        [
            0.11519458889961243,
            0.015366904437541962,
            -0.0029629655182361603
        ],
        [
            0.11282359808683395,
            0.023941300809383392,
            -0.0030417684465646744
        ],
        [
            0.09563247114419937,
            0.038154833018779755,
            0.02160865068435669
        ],
        [
            0.11731473356485367,
            -0.009604822844266891,
            0.005796371027827263
        ],
        [
            0.06212645024061203,
            -0.04268451780080795,
            -0.02909865975379944
        ],
        [
            0.056653235107660294,
            -0.04750299081206322,
            -0.030419427901506424
        ],
        [
            0.05254312977194786,
            -0.04218938574194908,
            -0.02607664093375206
        ],
        [
            0.057404108345508575,
            -0.037145696580410004,
            -0.02424660325050354
        ],
        [
            0.025918269529938698,
            -0.0486176535487175,
            -0.008625770919024944
        ],
        [
            0.030093885958194733,
            -0.04892657324671745,
            -0.015711704269051552
        ],
        [
            0.03878715634346008,
            -0.04666466265916824,
            -0.013575447723269463
        ],
        [
            0.08813045918941498,
            0.010766164399683475,
            -0.022921815514564514
        ],
        [
            0.08902395516633987,
            0.023328270763158798,
            -0.022078940644860268
        ],
        [
            0.026476196944713593,
            -0.03651423752307892,
            -0.027207056060433388
        ],
        [
            -0.0019152574241161346,
            -0.05474866181612015,
            -0.028441380709409714
        ],
        [
            0.003128601238131523,
            -0.05747545510530472,
            -0.03040788322687149
        ],
        [
            0.014236463233828545,
            -0.052841924130916595,
            -0.01835206151008606
        ],
        [
            0.008685044012963772,
            -0.049658358097076416,
            -0.015660280361771584
        ],
        [
            0.01589997671544552,
            -0.03412269428372383,
            -0.027016304433345795
        ],
        [
            0.021731309592723846,
            -0.03769828751683235,
            -0.02849029004573822
        ],
        [
            0.019068406894803047,
            -0.03787434846162796,
            -0.028974220156669617
        ],
        [
            0.013635743409395218,
            -0.03421330824494362,
            -0.02966035157442093
        ],
        [
            0.020414143800735474,
            0.0011447628494352102,
            -0.03417149931192398
        ],
        [
            0.027362965047359467,
            0.003317954484373331,
            -0.03292360156774521
        ],
        [
            0.016070377081632614,
            -0.024449262768030167,
            -0.005979236215353012
        ],
        [
            0.019169464707374573,
            -0.03616803139448166,
            0.0004922710359096527
        ],
        [
            0.03089102730154991,
            -0.033250100910663605,
            0.005075886845588684
        ],
        [
            0.04290446639060974,
            -0.004969972185790539,
            -0.025473272427916527
        ],
        [
            0.033014241605997086,
            -0.0062038348987698555,
            -0.02891416661441326
        ],
        [
            0.03332224115729332,
            -0.002183118835091591,
            -0.02983618900179863
        ],
        [
            0.02987894043326378,
            -0.028277602046728134,
            -0.02665283903479576
        ],
        [
            0.022958658635616302,
            -0.03157178685069084,
            -0.027869172394275665
        ],
        [
            0.02452285774052143,
            -0.026287071406841278,
            -0.027066010981798172
        ],
        [
            0.030977413058280945,
            -0.022913794964551926,
            -0.026458831503987312
        ],
        [
            0.061106763780117035,
            0.034843116998672485,
            -0.012292716652154922
        ],
        [
            0.06532485038042068,
            0.03456626832485199,
            -0.023046303540468216
        ],
        [
            0.006187474355101585,
            -0.05761932581663132,
            -0.039317309856414795
        ],
        [
            0.006480686832219362,
            -0.05707210674881935,
            -0.03672058880329132
        ],
        [
            0.053607068955898285,
            -0.0029054656624794006,
            -0.021903378888964653
        ],
        [
            0.04490838944911957,
            -0.029518449679017067,
            0.008782852441072464
        ],
        [
            0.06463953107595444,
            -0.0004936102777719498,
            -0.01995074190199375
        ],
        [
            0.01985730230808258,
            0.015066012740135193,
            -0.018847906962037086
        ],
        [
            0.020538590848445892,
            0.016416357830166817,
            -0.02584371715784073
        ],
        [
            0.015991704538464546,
            0.013296772725880146,
            -0.029135579243302345
        ],
        [
            0.012951578013598919,
            0.012842439115047455,
            -0.02427295222878456
        ],
        [
            0.0036616427823901176,
            -0.03780990093946457,
            -0.03831872344017029
        ],
        [
            0.00773745309561491,
            -0.041324321180582047,
            -0.040601946413517
        ],
        [
            0.006456826347857714,
            -0.04205567389726639,
            -0.04194728285074234
        ],
        [
            0.0012775454670190811,
            -0.03912565857172012,
            -0.04097917303442955
        ],
        [
            0.02495250478386879,
            -0.04244736209511757,
            -0.02705337293446064
        ],
        [
            0.026612073183059692,
            -0.04751277714967728,
            -0.023466946557164192
        ],
        [
            0.021830083802342415,
            -0.04829258471727371,
            -0.02677803300321102
        ],
        [
            0.020656589418649673,
            -0.04278922080993652,
            -0.028796810656785965
        ],
        [
            0.023491449654102325,
            -0.050735339522361755,
            -0.018567347899079323
        ],
        [
            0.019201813265681267,
            -0.052097637206315994,
            -0.022233162075281143
        ],
        [
            -0.0017390092834830284,
            -0.0378359779715538,
            -0.03467564284801483
        ],
        [
            -0.005781602114439011,
            -0.04303102195262909,
            -0.030751224607229233
        ],
        [
            0.0041679199784994125,
            -0.036784831434488297,
            -0.019241970032453537
        ],
        [
            0.006881479173898697,
            -0.03396821767091751,
            -0.026026880368590355
        ],
        [
            0.061534568667411804,
            0.015096550807356834,
            0.010707015171647072
        ],
        [
            0.06402089446783066,
            0.02478928491473198,
            0.00578390434384346
        ],
        [
            0.05120617523789406,
            0.022762443870306015,
            -0.0015558060258626938
        ],
        [
            0.03832399845123291,
            0.021560825407505035,
            -0.007959332317113876
        ],
        [
            0.026628008112311363,
            0.019265346229076385,
            -0.01467282697558403
        ],
        [
            0.022342674434185028,
            0.009904577396810055,
            -0.007869428023695946
        ],
        [
            0.05457024276256561,
            0.029337376356124878,
            -0.004963630810379982
        ],
        [
            0.013629850931465626,
            -0.028106005862355232,
            -0.01916670612990856
        ],
        [
            0.011970564723014832,
            -0.03207417577505112,
            -0.011509484611451626
        ],
        [
            0.01278761588037014,
            -0.026229174807667732,
            -0.012756033800542355
        ],
        [
            0.06542108207941055,
            0.005865184590220451,
            -0.023719433695077896
        ],
        [
            0.007649685256183147,
            -0.0570453405380249,
            -0.033483799546957016
        ],
        [
            0.09257742762565613,
            -0.009912902489304543,
            0.029642540961503983
        ],
        [
            0.08811140805482864,
            0.002920921891927719,
            0.03054465353488922
        ],
        [
            0.08160315454006195,
            -0.0014269296079874039,
            0.026753094047307968
        ],
        [
            0.08711506426334381,
            -0.01601913571357727,
            0.024796826764941216
        ],
        [
            0.010668070986866951,
            -0.04775924235582352,
            -0.04027201980352402
        ],
        [
            0.011107349768280983,
            -0.05348299816250801,
            -0.03743802756071091
        ],
        [
            0.026346495375037193,
            0.009563974104821682,
            -0.03509417548775673
        ],
        [
            0.02032349817454815,
            0.006869920529425144,
            -0.03526325523853302
        ],
        [
            0.018068743869662285,
            0.009996756911277771,
            -0.034631650894880295
        ],
        [
            0.02295987494289875,
            0.01401091180741787,
            -0.036528680473566055
        ],
        [
            0.06688354164361954,
            0.02934410236775875,
            0.0032705217599868774
        ],
        [
            0.031044231727719307,
            0.03363121673464775,
            -0.02884785830974579
        ],
        [
            0.027397021651268005,
            0.029418030753731728,
            -0.020452262833714485
        ],
        [
            0.07520480453968048,
            0.026160042732954025,
            0.012374384328722954
        ],
        [
            0.07289048284292221,
            0.01799893006682396,
            0.017259614542126656
        ],
        [
            0.08110041916370392,
            0.020637035369873047,
            0.021750416606664658
        ],
        [
            0.015123533084988594,
            -0.0037494227290153503,
            -0.00911717675626278
        ],
        [
            0.05831366032361984,
            0.007299058139324188,
            0.012704914435744286
        ],
        [
            0.07091391831636429,
            0.010787609964609146,
            0.018930109217762947
        ],
        [
            0.08063653111457825,
            0.013596959412097931,
            0.02439487911760807
        ],
        [
            0.08726197481155396,
            0.016430148854851723,
            0.02858634851872921
        ],
        [
            0.08717408776283264,
            0.02382051572203636,
            0.02511519007384777
        ],
        [
            -0.005020610988140106,
            -0.04912007972598076,
            -0.02901008166372776
        ],
        [
            -0.008659575134515762,
            -0.04483893886208534,
            -0.036010272800922394
        ],
        [
            0.09327135235071182,
            0.02819717675447464,
            0.030205028131604195
        ],
        [
            0.09346973150968552,
            0.019460292533040047,
            0.033361874520778656
        ],
        [
            0.06989267468452454,
            0.0017983261495828629,
            0.020541569218039513
        ],
        [
            0.07015698403120041,
            -0.009584583342075348,
            0.021248459815979004
        ],
        [
            0.057819679379463196,
            -0.0012344233691692352,
            0.014252576977014542
        ],
        [
            0.056657835841178894,
            -0.012631567195057869,
            0.014793194830417633
        ],
        [
            0.014910210855305195,
            -0.011584007181227207,
            -0.0017444249242544174
        ],
        [
            -0.006420536432415247,
            -0.04730590805411339,
            -0.054423555731773376
        ],
        [
            -0.006596507038921118,
            -0.04273600876331329,
            -0.04412275552749634
        ],
        [
            -0.0009820903651416302,
            -0.04106190428137779,
            -0.04467886686325073
        ],
        [
            -0.003149045165628195,
            -0.04446285218000412,
            -0.05449046567082405
        ],
        [
            -0.0041976431384682655,
            -0.039795614778995514,
            -0.03894147276878357
        ],
        [
            -0.009098237380385399,
            -0.04722901061177254,
            -0.041362226009368896
        ],
        [
            0.059802062809467316,
            -0.026790501549839973,
            0.01339687965810299
        ],
        [
            0.018281344324350357,
            -0.028385523706674576,
            -0.027176452800631523
        ],
        [
            0.07673701643943787,
            -0.02629753202199936,
            0.0172894224524498
        ],
        [
            0.058231763541698456,
            -0.04207678139209747,
            0.00886740442365408
        ],
        [
            0.07141692191362381,
            -0.04240985959768295,
            0.008944151923060417
        ],
        [
            0.09383117407560349,
            -0.0276352372020483,
            0.01908804476261139
        ],
        [
            0.08712150901556015,
            -0.040732163935899734,
