{
    "pred_cam": [
        7.70489501953125,
        -0.14899973571300507,
        -0.06087297201156616
    ],
    "pred_mano_params": {
        "global_orient": [
            [
                [
                    -0.2668847441673279,
                    -0.9321610331535339,
                    0.2446390837430954
                ],
                [
                    -0.8059365749359131,
                    0.07668809592723846,
                    -0.5870137810707092
                ],
                [
                    0.5284305214881897,
                    -0.3538286089897156,
                    -0.7717295289039612
                ]
            ]
        ],
        "hand_pose": [
            [
                [
                    0.7838937640190125,
                    -0.47761210799217224,
                    -0.39673325419425964
                ],
                [
                    0.4729342460632324,
                    0.8733100891113281,
                    -0.11688770353794098
                ],
                [
                    0.40229812264442444,
                    -0.09600121527910233,
                    0.91046142578125
                ]
            ],
            [
                [
                    0.955532968044281,
                    -0.21401338279247284,
                    0.20286712050437927
                ],
                [
                    0.24866588413715363,
                    0.9545627236366272,
                    -0.1642417162656784
                ],
                [
                    -0.15849946439266205,
                    0.20738449692726135,
                    0.9653339982032776
                ]
            ],
            [
                [
                    0.7729431390762329,
                    -0.6270513534545898,
                    0.09677556902170181
                ],
                [
                    0.612136960029602,
                    0.6968871355056763,
                    -0.3736797571182251
                ],
                [
                    0.1668747365474701,
                    0.3480731248855591,
                    0.922495424747467
                ]
            ],
            [
                [
                    0.7885333299636841,
                    -0.5724055171012878,
                    -0.2248711735010147
                ],
                [
                    0.5699335932731628,
                    0.8175386190414429,
                    -0.08250029385089874
                ],
                [
                    0.23106448352336884,
                    -0.06310740858316422,
                    0.9708895683288574
                ]
            ],
            [
                [
                    0.9229075312614441,
                    -0.3741052746772766,
                    -0.09103280305862427
                ],
                [
                    0.38317424058914185,
                    0.8693040609359741,
                    0.31223058700561523
                ],
                [
                    -0.03767190873622894,
                    -0.3230414092540741,
                    0.9456347823143005
                ]
            ],
            [
                [
                    0.8530357480049133,
                    -0.4821537435054779,
                    -0.19964420795440674
                ],
                [
                    0.507396399974823,
                    0.8557327389717102,
                    0.10134317725896835
                ],
                [
                    0.12197908014059067,
                    -0.18774810433387756,
                    0.9746136665344238
                ]
            ],
            [
                [
                    0.5503878593444824,
                    -0.569395899772644,
                    0.610623836517334
                ],
                [
                    0.5713265538215637,
                    0.7901694774627686,
                    0.22185176610946655
                ],
                [
                    -0.6088177561759949,
                    0.2267611026763916,
                    0.7602106928825378
                ]
            ],
            [
                [
                    0.9273676872253418,
                    -0.19014446437358856,
                    -0.3222332298755646
                ],
                [
                    0.2704254984855652,
                    0.9358258843421936,
                    0.2260528802871704
                ],
                [
                    0.2585715055465698,
                    -0.2967742085456848,
                    0.9192745685577393
                ]
            ],
            [
                [
                    0.8336509466171265,
                    -0.5214059948921204,
                    0.18210412561893463
                ],
                [
                    0.5082457065582275,
                    0.8532965779304504,
                    0.11649610102176666
                ],
                [
                    -0.2161305695772171,
                    -0.004563455935567617,
                    0.9763538837432861
                ]
            ],
            [
                [
                    0.7689679265022278,
                    -0.6294252276420593,
                    0.11185875535011292
                ],
                [
                    0.6384560465812683,
                    0.765041172504425,
                    -0.08417727798223495
                ],
                [
                    -0.0325932651758194,
                    0.13614651560783386,
                    0.9901524782180786
                ]
            ],
            [
                [
                    0.9433972239494324,
                    -0.29157325625419617,
                    -0.15807197988033295
                ],
                [
                    0.3304896652698517,
                    0.8665088415145874,
                    0.37408414483070374
                ],
                [
                    0.027897851541638374,
                    -0.4051510989665985,
                    0.9138239622116089
                ]
            ],
            [
                [
                    0.8146423101425171,
                    -0.4768106937408447,
                    -0.3301658630371094
                ],
                [
                    0.5520167946815491,
                    0.8120646476745605,
                    0.18928396701812744
                ],
                [
                    0.17786343395709991,
                    -0.3364558219909668,
                    0.9247497320175171
                ]
            ],
            [
                [
                    0.999588668346405,
                    0.028283754363656044,
                    0.0047425380907952785
                ],
                [
                    -0.008452659472823143,
                    0.44858238101005554,
                    -0.893701434135437
                ],
                [
                    -0.027404656633734703,
                    0.8932937979698181,
                    0.4486369490623474
                ]
            ],
            [
                [
                    0.9305723309516907,
                    -0.18037809431552887,
                    -0.31858882308006287
                ],
                [
                    0.33438581228256226,
                    0.7730783820152283,
                    0.5390138626098633
                ],
                [
                    0.14906784892082214,
                    -0.6081229448318481,
                    0.779721200466156
                ]
            ],
            [
                [
                    0.8252009153366089,
                    0.520285964012146,
                    -0.21987728774547577
                ],
                [
                    -0.4722974896430969,
                    0.8490857481956482,
                    0.2366187423467636
                ],
                [
                    0.3098040819168091,
                    -0.09141049534082413,
                    0.9463961124420166
                ]
            ]
        ],
        "betas": [
            -0.07289829850196838,
            0.00070151686668396,
            -0.05481424927711487,
            0.03025105595588684,
            0.0503707230091095,
            0.010518115013837814,
            0.06159566342830658,
            -0.0430525541305542,
            0.016085878014564514,
            -0.013386577367782593
        ]
    },
    "pred_cam_t": [
        -0.14899973571300507,
        -0.06087297201156616,
        5.069828987121582
    ],
    "focal_length": [
        5000.0,
        5000.0
    ],
    "pred_keypoints_3d": [
        [
            0.09608344733715057,
            0.00641377130523324,
            0.006206676829606295
        ],
        [
            0.12340900301933289,
            0.009499572217464447,
            -0.02105989307165146
        ],
        [
            0.15086106956005096,
            0.016624419018626213,
            -0.033346984535455704
        ],
        [
            0.16882245242595673,
            0.034076496958732605,
            -0.043949902057647705
        ],
        [
            0.1741199642419815,
            0.05696819722652435,
            -0.07172270864248276
        ],
        [
            0.1296532154083252,
            0.06517759710550308,
            -0.05476241186261177
        ],
        [
            0.1458929032087326,
            0.09403328597545624,
            -0.05655762553215027
        ],
        [
            0.16366930305957794,
            0.10735589265823364,
            -0.054642125964164734
        ],
        [
            0.18480399250984192,
            0.11327451467514038,
            -0.04105515778064728
        ],
        [
            0.12199529260396957,
            0.08491633832454681,
            -0.04090767726302147
        ],
        [
            0.14017470180988312,
            0.11090222001075745,
            -0.03833874315023422
        ],
        [
            0.16017360985279083,
            0.12044057250022888,
            -0.03095477819442749
        ],
        [
            0.1827007234096527,
            0.12217643857002258,
            -0.01814444735646248
        ],
        [
            0.11511076986789703,
            0.0879741832613945,
            -0.015106242150068283
        ],
        [
            0.13552194833755493,
            0.10813863575458527,
            -0.018979346379637718
        ],
        [
            0.15634065866470337,
            0.11830422282218933,
            -0.009912571869790554
        ],
        [
            0.17555633187294006,
            0.11980868130922318,
            0.007441600784659386
        ],
        [
            0.11322267353534698,
            0.0867641344666481,
            0.006697830278426409
        ],
        [
            0.12966611981391907,
            0.09904120862483978,
            0.0014034369960427284
        ],
        [
            0.14538393914699554,
            0.10907339304685593,
            0.0052062817849218845
        ],
        [
            0.16185149550437927,
            0.11097639799118042,
            0.011244973167777061
        ]
    ],
    "pred_vertices": [
        [
            0.12990877032279968,
            0.03585420548915863,
            -0.02731976844370365
        ],
        [
            0.1281779408454895,
            0.028130535036325455,
            -0.02094050496816635
        ],
        [
            0.13646674156188965,
            0.029857605695724487,
            -0.02633095532655716
        ],
        [
            0.1367684155702591,
            0.03620201721787453,
            -0.03406389802694321
        ],
        [
            0.13894012570381165,
            0.014837801456451416,
            -0.010035879909992218
        ],
        [
            0.1402318775653839,
            0.0030349045991897583,
            -0.011717230081558228
        ],
        [
            0.15280982851982117,
            0.010267052799463272,
            -0.019600648432970047
        ],
        [
            0.15071240067481995,
            0.019111689180135727,
            -0.0159233957529068
        ],
        [
            0.14127296209335327,
            0.03657672554254532,
            -0.03985895961523056
        ],
        [
            0.14345045387744904,
            0.031168339774012566,
            -0.030146759003400803
        ],
        [
            0.14097844064235687,
            0.034547287970781326,
            -0.04263250157237053
        ],
        [
            0.1328168511390686,
            0.040491729974746704,
            -0.05419851467013359
        ],
        [
            0.1366298943758011,
            0.042097944766283035,
            -0.048682235181331635
        ],
        [
            0.12945842742919922,
            0.04759901389479637,
            -0.05941912904381752
        ],
        [
            0.12321603298187256,
            0.03491707146167755,
            -0.055182505398988724
        ],
        [
            0.12008766084909439,
            0.0500020869076252,
            -0.060290589928627014
        ],
        [
            0.09938610345125198,
            0.044856056571006775,
            -0.038106657564640045
        ],
        [
            0.0942482054233551,
            0.04982601851224899,
            -0.02611740492284298
        ],
        [
            0.09883388131856918,
            0.06470710039138794,
            -0.03338860347867012
        ],
        [
            0.10433261096477509,
            0.05824761837720871,
            -0.04445492848753929
        ],
        [
            0.09507545828819275,
            0.06614811718463898,
            -0.01270351279526949
        ],
        [
            0.09721554070711136,
            0.06620686501264572,
            -0.024447176605463028
        ],
        [
            0.09149005264043808,
            0.0514577180147171,
            -0.017592445015907288
        ],
        [
            0.09003406763076782,
            0.05208342522382736,
            -0.007384296506643295
        ],
        [
            0.12116233259439468,
            0.03704250603914261,
            -0.012906868010759354
        ],
        [
            0.11897678673267365,
            0.028706129640340805,
            -0.006843317300081253
        ],
        [
            0.12093908339738846,
            0.028054874390363693,
            -0.013006549328565598
        ],
        [
            0.1234835535287857,
            0.0357607863843441,
            -0.018235772848129272
        ],
        [
            0.1472378820180893,
            0.026439398527145386,
            -0.04458332806825638
        ],
        [
            0.13519777357578278,
            0.021092768758535385,
            -0.04824544116854668
        ],
        [
            0.1367391049861908,
            0.029008835554122925,
            -0.04750286787748337
        ],
        [
            0.14879831671714783,
            0.030336793512105942,
            -0.040603555738925934
        ],
        [
            0.11694913357496262,
            0.01161494106054306,
            0.017515819519758224
        ],
        [
            0.10875310003757477,
            0.0010353848338127136,
            0.019879676401615143
        ],
        [
            0.10976967215538025,
            -0.0017295405268669128,
            0.014746055006980896
        ],
        [
            0.11651477962732315,
            0.008740901947021484,
            0.013386748731136322
        ],
        [
            0.12165617942810059,
            -0.005977645516395569,
            -0.0024372898042201996
        ],
        [
            0.11287623643875122,
            -0.01130858063697815,
            -6.6086649894714355e-06
        ],
        [
            0.10623727738857269,
            -0.01998039335012436,
            -0.008019261062145233
        ],
        [
            0.11371186375617981,
            -0.015149779617786407,
            -0.013344205915927887
        ],
        [
            0.1311950832605362,
            -0.0009104199707508087,
            -0.007028672844171524
        ],
        [
            0.12613311409950256,
            -0.010537661612033844,
            -0.015904948115348816
        ],
        [
            0.13735590875148773,
            -0.0050066374242305756,
            -0.019394919276237488
        ],
        [
            0.1510402113199234,
            0.00423252210021019,
            -0.026482559740543365
        ],
        [
            0.103499636054039,
            0.007396429777145386,
            0.029787428677082062
        ],
        [
            0.1092243418097496,
            0.015903010964393616,
            0.02977258339524269
        ],
        [
            0.15647703409194946,
            0.08982758224010468,
            -0.05603300780057907
        ],
        [
            0.15555188059806824,
            0.09208526462316513,
            -0.05067071318626404
        ],
        [
            0.1532249003648758,
            0.08791367709636688,
            -0.05092485994100571
        ],
        [
            0.1542888581752777,
            0.0868709459900856,
            -0.05656682327389717
        ],
        [
            0.08883941173553467,
            0.02142123132944107,
            0.03097112476825714
        ],
        [
            0.08014242351055145,
            0.022837072610855103,
            0.02592841535806656
        ],
        [
            0.0791914314031601,
            0.017012543976306915,
            0.030260026454925537
        ],
        [
            0.08765950053930283,
            0.014389477670192719,
            0.03357502073049545
        ],
        [
            0.09049228578805923,
            0.03066863864660263,
            0.027478810399770737
        ],
        [
            0.0821688175201416,
            0.030631981790065765,
            0.01972336135804653
        ],
        [
            0.15082821249961853,
            0.09744516760110855,
            -0.06486760079860687
        ],
        [
            0.15421724319458008,
            0.0936158150434494,
            -0.06391242891550064
        ],
        [
            0.15003307163715363,
            0.0909932479262352,
            -0.06477569043636322
        ],
        [
            0.14607173204421997,
            0.09423632174730301,
            -0.06452266871929169
        ],
        [
            0.13633017241954803,
            0.042699940502643585,
            -0.041263334453105927
        ],
        [
            0.13239288330078125,
            0.04338933899998665,
            -0.0325356163084507
        ],
        [
            0.13820846378803253,
            0.05796369910240173,
            -0.04929555580019951
        ],
        [
            0.13467341661453247,
            0.053065523505210876,
            -0.042105816304683685
        ],
        [
            0.13582533597946167,
            0.04895491153001785,
            -0.048158977180719376
        ],
        [
            0.1373750865459442,
            0.05404922366142273,
            -0.05401752144098282
        ],
        [
            0.12495139241218567,
            0.05814827233552933,
            -0.020664505660533905
        ],
        [
            0.1220446527004242,
            0.04799281805753708,
            -0.01550854928791523
        ],
        [
            0.1244569718837738,
            0.04699917510151863,
            -0.021740883588790894
        ],
        [
            0.12881344556808472,
            0.057244330644607544,
            -0.028413226827979088
        ],
        [
            0.12013546377420425,
            0.051998067647218704,
            -0.0019478891044855118
        ],
        [
            0.12271810322999954,
            0.06173171103000641,
            -0.008275400847196579
        ],
        [
            0.12127964943647385,
            0.06293036788702011,
            0.0001762527972459793
        ],
        [
            0.12064158171415329,
            0.0556618794798851,
            0.003509337082505226
        ],
        [
            0.1271136850118637,
            0.07647859305143356,
            -0.022079505026340485
        ],
        [
            0.12782588601112366,
            0.08198902010917664,
            -0.025827080011367798
        ],
        [
            0.12815476953983307,
            0.0838022455573082,
            -0.0222614835947752
        ],
        [
            0.12604060769081116,
            0.07738175243139267,
            -0.01843886822462082
        ],
        [
            0.0773250013589859,
            0.011111199855804443,
            0.033781006932258606
        ],
        [
            0.08636634051799774,
            0.007363557815551758,
            0.03515371307730675
        ],
        [
            0.09459232538938522,
            0.06833119690418243,
            0.009063957259058952
        ],
        [
            0.09880874305963516,
            0.06511623412370682,
            0.019039273262023926
        ],
        [
            0.10169997811317444,
            0.07841062545776367,
            0.016037536785006523
        ],
        [
            0.09605717658996582,
            0.078407421708107,
            0.005912108346819878
        ],
        [
            0.07540412992238998,
            0.022305220365524292,
            0.016611937433481216
        ],
        [
            0.07287620007991791,
            0.017533212900161743,
            0.02234921231865883
        ],
        [
            0.14750045537948608,
            0.10172899812459946,
            -0.06199699640274048
        ],
        [
            0.14296483993530273,
            0.09760051220655441,
            -0.0607159286737442
        ],
        [
            0.12720948457717896,
            -0.007810287177562714,
            -0.028918415307998657
        ],
        [
            0.14583086967468262,
            0.00222628191113472,
            -0.03460421785712242
        ],
        [
            0.11279929429292679,
            -0.012993507087230682,
            -0.023512735962867737
        ],
        [
            0.10279849171638489,
            -0.015526369214057922,
            -0.019001610577106476
        ],
        [
            0.096217080950737,
            -0.020001120865345,
            -0.014961924403905869
        ],
        [
            0.13403454422950745,
            0.05886419117450714,
            -0.038951121270656586
        ],
        [
            0.12698520720005035,
            0.04225168749690056,
            -0.024742966517806053
        ],
        [
            0.11982360482215881,
            0.038371771574020386,
            -0.007983580231666565
        ],
        [
            0.11835519224405289,
            0.051157936453819275,
            0.02034056931734085
        ],
        [
            0.116493359208107,
            0.04163224622607231,
            0.02469915896654129
        ],
        [
            0.12047527730464935,
            0.040841322392225266,
            0.014728590846061707
        ],
        [
            0.12069831043481827,
            0.04943517968058586,
            0.012762535363435745
        ],
        [
            0.10753479599952698,
            0.0641273558139801,
            0.023642154410481453
        ],
        [
            0.11519967764616013,
            0.06292498111724854,
            0.020909171551465988
        ],
        [
            0.11607276648283005,
            0.07175762206315994,
            0.01766723394393921
        ],
        [
            0.10908567905426025,
            0.07496374845504761,
            0.02012694999575615
        ],
        [
            0.14967620372772217,
            0.02014888823032379,
            -0.04785822704434395
        ],
        [
            0.13549593091011047,
            0.013426296412944794,
            -0.04804845526814461
        ],
        [
            0.09886123239994049,
            0.01833895593881607,
            0.03281678259372711
        ],
        [
            0.09715355932712555,
            0.010694429278373718,
            0.033031295984983444
        ],
        [
            0.09301348030567169,
            0.003356464207172394,
            0.034319259226322174
        ],
        [
            0.11864075064659119,
            0.019490495324134827,
            0.004401121288537979
        ],
        [
            0.11628438532352448,
            0.006757274270057678,
            0.01052229106426239
        ],
        [
            0.11767782270908356,
            0.005692735314369202,
            0.006589941680431366
        ],
        [
            0.11812503635883331,
            0.019031550735235214,
            0.0006366148591041565
        ],
        [
            0.12752017378807068,
            0.02152777463197708,
            -0.01175922155380249
        ],
        [
            0.12804052233695984,
            0.010535478591918945,
            -0.004096943885087967
        ],
        [
            0.13725078105926514,
            0.025121964514255524,
            -0.01599014550447464
        ],
        [
            0.11052682250738144,
            -0.006895795464515686,
            0.008561298251152039
        ],
        [
            0.10557295382022858,
            -0.010746315121650696,
            0.01763027161359787
        ],
        [
            0.10627562552690506,
            -0.015302985906600952,
            0.010002311319112778
        ],
        [
            0.10227349400520325,
            -0.005723424255847931,
            0.025423184037208557
        ],
        [
            0.09809479862451553,
            -0.0007201284170150757,
            0.031556516885757446
        ],
        [
            0.06767445802688599,
            0.012328244745731354,
            0.026710068807005882
        ],
        [
            0.10594896972179413,
            -0.018386192619800568,
            0.0022447556257247925
        ],
        [
            0.15780729055404663,
            0.02201918512582779,
            -0.022198159247636795
        ],
        [
            0.16336962580680847,
            0.025374993681907654,
            -0.028205154463648796
        ],
        [
            0.15853358805179596,
            0.030550096184015274,
            -0.028694860637187958
        ],
        [
            0.15339648723602295,
            0.0281485915184021,
            -0.024179141968488693
        ],
        [
            0.12903909385204315,
            0.05700964480638504,
            -0.06359951198101044
        ],
        [
            0.13521748781204224,
            0.05461309850215912,
            -0.059657931327819824
        ],
        [
            0.13442617654800415,
            0.046103816479444504,
            -0.0547051839530468
        ],
        [
            0.11901240795850754,
            0.02310645580291748,
            0.017784811556339264
        ],
        [
            0.11253651231527328,
            0.02618410438299179,
            0.028257980942726135
        ],
        [
            0.13726624846458435,
            0.0635652169585228,
            -0.04603993892669678
        ],
        [
            0.14182829856872559,
            0.0914093479514122,
            -0.0646953135728836
        ],
        [
            0.14640212059020996,
            0.08773451298475266,
            -0.0651441365480423
        ],
        [
            0.13655346632003784,
            0.07180723547935486,
            -0.0653044730424881
        ],
        [
            0.13144445419311523,
            0.07649087905883789,
            -0.06511248648166656
        ],
        [
            0.13415689766407013,
            0.0739169642329216,
            -0.04638601467013359
        ],
        [
            0.13783669471740723,
            0.06774765253067017,
            -0.04692034423351288
        ],
        [
            0.13765573501586914,
            0.07055028527975082,
            -0.046754200011491776
        ],
        [
            0.13511042296886444,
            0.07619962841272354,
            -0.04437844455242157
        ],
        [
            0.12581413984298706,
            0.0835978090763092,
            -0.013177424669265747
        ],
        [
            0.12409167736768723,
            0.07776425778865814,
            -0.009829862043261528
        ],
        [
            0.11234504729509354,
            0.07143674790859222,
            -0.04865862801671028
        ],
        [
            0.11266982555389404,
            0.06375234574079514,
            -0.059638671576976776
        ],
        [
            0.11010260879993439,
            0.05264934524893761,
            -0.05450538173317909
        ],
        [
            0.12312079966068268,
            0.05950123444199562,
            -0.013492878526449203
        ],
        [
            0.12559673190116882,
            0.06891126185655594,
            -0.01741015538573265
        ],
        [
            0.12453218549489975,
            0.07011772692203522,
            -0.01349589042365551
        ],
        [
            0.13348810374736786,
            0.06363940238952637,
            -0.0381203293800354
        ],
        [
            0.13505923748016357,
            0.068484827876091,
            -0.042931921780109406
        ],
        [
            0.13267168402671814,
            0.06956558674573898,
            -0.03853815793991089
        ],
        [
            0.1310676634311676,
            0.0647168904542923,
            -0.0331280454993248
        ],
        [
            0.09479022026062012,
            0.05273575708270073,
            0.022356685250997543
        ],
        [
            0.10501912981271744,
            0.05182923376560211,
            0.028062304481863976
        ],
        [
            0.15614758431911469,
            0.09061059355735779,
            -0.06082217022776604
        ],
        [
            0.15300352871418,
            0.08802181482315063,
            -0.061697740107774734
        ],
        [
            0.12033110857009888,
            0.04949764534831047,
            -0.008586732670664787
        ],
        [
            0.10704167932271957,
            0.04015377163887024,
            -0.046918515115976334
        ],
        [
            0.11883416771888733,
            0.039798494428396225,
            -0.0026817061007022858
        ],
        [
            0.10574565827846527,
            0.08534219861030579,
            -0.009461423382163048
        ],
        [
            0.1121826097369194,
            0.08653460443019867,
            -0.004826676100492477
        ],
        [
            0.11586489528417587,
            0.09040731936693192,
            -0.007669670507311821
        ],
        [
            0.11147807538509369,
            0.09182749688625336,
            -0.011905709281563759
        ],
        [
            0.14262400567531586,
            0.08998262882232666,
            -0.044900454580783844
        ],
        [
            0.1474180668592453,
            0.08687320351600647,
            -0.04586345702409744
        ],
        [
            0.15020497143268585,
            0.09108967334032059,
            -0.04634730517864227
        ],
        [
            0.14592193067073822,
            0.09506896883249283,
            -0.04571424797177315
        ],
        [
            0.13983877003192902,
            0.06379096210002899,
            -0.05077923461794853
        ],
        [
            0.13987307250499725,
            0.06058388948440552,
            -0.05627891421318054
        ],
        [
            0.14234596490859985,
            0.06676773726940155,
            -0.0559975691139698
        ],
        [
            0.14064574241638184,
            0.0687638595700264,
            -0.05060545355081558
        ],
        [
            0.13724148273468018,
            0.06209078058600426,
            -0.061719994992017746
        ],
        [
            0.1403382271528244,
            0.06808020174503326,
            -0.06182464584708214
        ],
        [
            0.13804656267166138,
            0.09340382367372513,
            -0.04806703329086304
        ],
        [
            0.13590474426746368,
            0.09528212994337082,
            -0.05504269897937775
        ],
        [
            0.12593083083629608,
            0.08235082775354385,
            -0.05397374927997589
        ],
        [
            0.13073889911174774,
            0.08176271617412567,
            -0.04738536849617958
        ],
        [
            0.08397793769836426,
            0.038923896849155426,
            -0.0027115363627672195
        ],
        [
            0.0841517224907875,
            0.04128163680434227,
            0.008252225816249847
        ],
        [
            0.09000524878501892,
            0.05455197021365166,
            0.0038904063403606415
        ],
        [
            0.09447742253541946,
            0.06823539733886719,
            -0.00023099221289157867
        ],
        [
            0.09973108768463135,
            0.08041050285100937,
            -0.004999333061277866
        ],
        [
            0.09829660505056381,
            0.078366219997406,
            -0.01700473576784134
        ],
        [
            0.09029076993465424,
            0.05469898879528046,
            0.012157188728451729
        ],
        [
            0.12595988810062408,
            0.07758396118879318,
            -0.04743269085884094
        ],
        [
            0.11974944174289703,
            0.07431071996688843,
            -0.05335473269224167
        ],
        [
            0.11936508864164352,
            0.07664280384778976,
            -0.049059756100177765
        ],
        [
            0.11931192129850388,
            0.04224436730146408,
            0.004413202404975891
        ],
        [
            0.14993998408317566,
            0.08468310534954071,
            -0.062491919845342636
        ],
        [
            0.08239442110061646,
            -0.0028813257813453674,
            -0.017765462398529053
        ],
        [
            0.07527908682823181,
            0.004983715713024139,
            -0.009156536310911179
        ],
        [
            0.07986544072628021,
            0.010615415871143341,
            -0.014197606593370438
        ],
        [
            0.08889032900333405,
            0.0016151145100593567,
            -0.023556407541036606
        ],
        [
            0.15115147829055786,
            0.08371291309595108,
            -0.05076447129249573
        ],
        [
            0.15237075090408325,
            0.08275014162063599,
            -0.05690588429570198
        ],
        [
            0.12315090745687485,
            0.08103353530168533,
            -0.00391438789665699
        ],
        [
            0.12434525042772293,
            0.08592585474252701,
            -0.00808628648519516
        ],
        [
            0.12228622287511826,
            0.08888538926839828,
            -0.006615110673010349
        ],
        [
            0.12258508056402206,
            0.08583629131317139,
            -0.0006081284955143929
        ],
        [
            0.08461256325244904,
            0.04092150554060936,
            0.014247382059693336
        ],
        [
            0.10647749900817871,
            0.08619154989719391,
            0.012936431914567947
        ],
        [
            0.10065515339374542,
            0.08574722707271576,
            0.004464251920580864
        ],
        [
            0.07901307940483093,
            0.029631629586219788,
            0.011628489941358566
        ],
        [
            0.07820586860179901,
            0.027621924877166748,
            0.0020237788558006287
        ],
        [
            0.07397259771823883,
            0.01972837746143341,
            0.005984429270029068
        ],
        [
            0.10532896965742111,
            0.07980384677648544,
            -0.03069613315165043
        ],
        [
            0.08548931777477264,
            0.03866918012499809,
            -0.011331191286444664
        ],
        [
            0.07984371483325958,
            0.026548519730567932,
            -0.0054550692439079285
        ],
        [
            0.0748608261346817,
            0.017049148678779602,
            -0.0010700933635234833
        ],
        [
            0.07063783705234528,
            0.010755553841590881,
            0.0025133639574050903
        ],
        [
            0.07022030651569366,
            0.014291569590568542,
            0.009913291782140732
        ],
        [
            0.13818837702274323,
            0.09424163401126862,
            -0.060319580137729645
        ],
        [
            0.14060939848423004,
            0.10018390417098999,
            -0.0551014170050621
        ],
        [
            0.06441961228847504,
            0.008695945143699646,
            0.014210566878318787
        ],
        [
            0.0657370537519455,
            0.004721187055110931,
            0.005860716104507446
        ],
        [
            0.08247721195220947,
            0.0240468792617321,
            -0.014003576710820198
        ],
        [
            0.08739427477121353,
            0.0201253704726696,
            -0.024038294330239296
        ],
        [
            0.08807733654975891,
            0.03583164140582085,
            -0.019268689677119255
        ],
        [
            0.09303975105285645,
            0.03312509506940842,
            -0.029666705057024956
        ],
        [
            0.10240352153778076,
            0.07510131597518921,
            -0.04010709375143051
        ],
        [
            0.15566673874855042,
            0.11165225505828857,
            -0.05242312327027321
        ],
        [
            0.14617110788822174,
            0.10425993800163269,
            -0.050739970058202744
        ],
        [
            0.14889635145664215,
            0.10057903826236725,
            -0.04708744212985039
        ],
        [
            0.15599894523620605,
            0.10971260070800781,
            -0.048302263021469116
        ],
        [
            0.142156720161438,
            0.09851047396659851,
            -0.04879753664135933
        ],
        [
            0.1452343463897705,
            0.1043979823589325,
            -0.05646601319313049
        ],
        [
            0.10303124785423279,
            0.026252832263708115,
            -0.04019723832607269
        ],
        [
            0.13347746431827545,
            0.07519528269767761,
            -0.04260135814547539
        ],
        [
            0.10054629296064377,
            0.010024838149547577,
            -0.03410734236240387
        ],
        [
            0.1180565133690834,
            0.02280373126268387,
            -0.05049297958612442
        ],
        [
            0.11857358366250992,
            0.010395091027021408,
            -0.044556260108947754
        ],
        [
            0.09971243143081665,
            -0.006983563303947449,
            -0.02770284190773964
        ],
        [
            0.115275539457798,
            -0.003670278936624527,
            -0.03602098673582077
        ],
        [
            0.08667239546775818,
            -0.014746643602848053,
            -0.016947399824857712
        ],
        [
            0.0919354259967804,
            -0.00957394391298294,
            -0.02193024754524231
        ],
        [
            0.13220974802970886,
            0.0016049519181251526,
            -0.04100026935338974
        ],
        [
            0.16336072981357574,
