{
    "pred_cam": [
        4.438993453979492,
        -0.0854136049747467,
        0.0231422558426857
    ],
    "pred_mano_params": {
        "global_orient": [
            [
                [
                    0.9147707223892212,
                    -0.30061665177345276,
                    0.26985955238342285
                ],
                [
                    0.3196428716182709,
                    0.1301351636648178,
                    -0.9385591745376587
                ],
                [
                    0.24702827632427216,
                    0.9448251128196716,
                    0.21513380110263824
                ]
            ]
        ],
        "hand_pose": [
            [
                [
                    0.9296269416809082,
                    -0.35818183422088623,
                    -0.08659885078668594
                ],
                [
                    0.3556416630744934,
                    0.933600127696991,
                    -0.04370100423693657
                ],
                [
                    0.09650160372257233,
                    0.00982747133821249,
                    0.9952841997146606
                ]
            ],
            [
                [
                    0.5491078495979309,
                    -0.8054689168930054,
                    0.2229360193014145
                ],
                [
                    0.8357269167900085,
                    0.5312418341636658,
                    -0.1390778124332428
                ],
                [
                    -0.00641010282561183,
                    0.26268234848976135,
                    0.9648610949516296
                ]
            ],
            [
                [
                    0.774610698223114,
                    -0.6284165382385254,
                    0.07121040672063828
                ],
                [
                    0.6224714517593384,
                    0.7774659395217896,
                    0.08986683189868927
                ],
                [
                    -0.1118374690413475,
                    -0.025285370647907257,
                    0.9934048056602478
                ]
            ],
            [
                [
                    0.788313627243042,
                    -0.6150590777397156,
                    -0.0162497628480196
                ],
                [
                    0.6117693185806274,
                    0.7807355523109436,
                    0.1272413432598114
                ],
                [
                    -0.06557416915893555,
                    -0.1102471873164177,
                    0.9917387366294861
                ]
            ],
            [
                [
                    0.5858218669891357,
                    -0.7937592267990112,
                    -0.1635819971561432
                ],
                [
                    0.808236300945282,
                    0.5573298335075378,
                    0.1900988668203354
                ],
                [
                    -0.05972359701991081,
                    -0.24357695877552032,
                    0.9680410027503967
                ]
            ],
            [
                [
                    0.8768094778060913,
                    -0.47723913192749023,
                    0.0587199330329895
                ],
                [
                    0.4776196777820587,
                    0.8785275816917419,
                    0.008283273316919804
                ],
                [
                    -0.05554019287228584,
                    0.020782941952347755,
                    0.9982401132583618
                ]
            ],
            [
                [
                    0.8782580494880676,
                    -0.3228168785572052,
                    0.35277774930000305
                ],
                [
                    0.26556140184402466,
                    0.9427832961082458,
                    0.20158566534519196
                ],
                [
                    -0.3976682424545288,
                    -0.08336006850004196,
                    0.9137347340583801
                ]
            ],
            [
                [
                    0.869188129901886,
                    -0.49202996492385864,
                    -0.04917784407734871
                ],
                [
                    0.47665971517562866,
                    0.8072476983070374,
                    0.3480612337589264
                ],
                [
                    -0.1315578669309616,
                    -0.3259718120098114,
                    0.9361810088157654
                ]
            ],
            [
                [
                    0.9751092195510864,
                    -0.2210003137588501,
                    0.01791468821465969
                ],
                [
                    0.1934032291173935,
                    0.8872855305671692,
                    0.41871178150177
                ],
                [
                    -0.10843086987733841,
                    -0.4048249423503876,
                    0.9079424738883972
                ]
            ],
            [
                [
                    0.8741483688354492,
                    -0.48303407430648804,
                    0.050425030291080475
                ],
                [
                    0.48105666041374207,
                    0.8754448294639587,
                    0.046698834747076035
                ],
                [
                    -0.06670146435499191,
                    -0.01656441204249859,
                    0.9976354241371155
                ]
            ],
            [
                [
                    0.7366387844085693,
                    -0.6675167083740234,
                    -0.10855685919523239
                ],
                [
                    0.6303902864456177,
                    0.6196175813674927,
                    0.46763449907302856
                ],
                [
                    -0.24489012360572815,
                    -0.41291099786758423,
                    0.8772304058074951
                ]
            ],
            [
                [
                    0.7823242545127869,
                    -0.6228435635566711,
                    -0.005884096492081881
                ],
                [
                    0.6055912375450134,
                    0.7583767175674438,
                    0.2410890907049179
                ],
                [
                    -0.1456984430551529,
                    -0.19217319786548615,
                    0.9704850912094116
                ]
            ],
            [
                [
                    0.8310414552688599,
                    0.18385301530361176,
                    -0.5249459743499756
                ],
                [
                    -0.5254648923873901,
                    0.568952739238739,
                    -0.6325973272323608
                ],
                [
                    0.1823645681142807,
                    0.8015552163124084,
                    0.5694316029548645
                ]
            ],
            [
                [
                    0.9001046419143677,
                    -0.4313497543334961,
                    -0.06123046204447746
                ],
                [
                    0.42378556728363037,
                    0.8342457413673401,
                    0.35276028513908386
                ],
                [
                    -0.10108178108930588,
                    -0.3434697091579437,
                    0.9337082505226135
                ]
            ],
            [
                [
                    0.867725133895874,
                    -0.4832156002521515,
                    -0.11642896384000778
                ],
                [
                    0.3652525246143341,
                    0.7787771224975586,
                    -0.5099969506263733
                ],
                [
                    0.3371106684207916,
                    0.40001124143600464,
                    0.852260172367096
                ]
            ]
        ],
        "betas": [
            0.04150362312793732,
            -0.14898774027824402,
            0.0037550032138824463,
            -0.039287716150283813,
            0.010217010974884033,
            -0.04995649307966232,
            0.09449470043182373,
            -0.10060831904411316,
            0.02999754250049591,
            -0.07989391684532166
        ]
    },
    "pred_cam_t": [
        -0.0854136049747467,
        0.0231422558426857,
        8.79985523223877
    ],
    "focal_length": [
        5000.0,
        5000.0
    ],
    "pred_keypoints_3d": [
        [
            0.09556285291910172,
            0.006355898454785347,
            0.0062120165675878525
        ],
        [
            0.08522133529186249,
            -0.027448100969195366,
            -0.00876837968826294
        ],
        [
            0.06319969892501831,
            -0.04695694148540497,
            -0.01747928559780121
        ],
        [
            0.040971994400024414,
            -0.05583993345499039,
            -0.030084557831287384
        ],
        [
            0.021145373582839966,
            -0.05535788834095001,
            -0.05803576111793518
        ],
        [
            0.02226979285478592,
            -0.04161253571510315,
            -0.01602300815284252
        ],
        [
            -0.004822250455617905,
            -0.052037909626960754,
            -0.03162141516804695
        ],
        [
            -0.001813253154978156,
            -0.054539162665605545,
            -0.05343588814139366
        ],
        [
            0.014135278761386871,
            -0.052611008286476135,
            -0.07218016684055328
        ],
        [
            0.008636236190795898,
            -0.020809823647141457,
            -0.01930222474038601
        ],
        [
            -0.010262962430715561,
            -0.027988016605377197,
            -0.04368121922016144
        ],
        [
            -0.000311889685690403,
            -0.030837301164865494,
            -0.06451399624347687
        ],
        [
            0.017158430069684982,
            -0.034721240401268005,
            -0.08279189467430115
        ],
        [
            0.01480790227651596,
            0.004755845293402672,
            -0.023427026346325874
        ],
        [
            -0.006264910101890564,
            -0.0021994058042764664,
            -0.04185011237859726
        ],
        [
            -0.002372528426349163,
            -0.007779632695019245,
            -0.06567317247390747
        ],
        [
            0.012580830603837967,
            -0.01583455130457878,
            -0.08420205116271973
        ],
        [
            0.02395327389240265,
            0.023568356409668922,
            -0.029427776113152504
        ],
        [
            0.0070453304797410965,
            0.020796634256839752,
            -0.041782163083553314
        ],
        [
            0.0023726560175418854,
            0.01598917879164219,
            -0.0594974048435688
        ],
        [
            0.003433074103668332,
            0.00815698504447937,
            -0.07835201919078827
        ]
    ],
    "pred_vertices": [
        [
            0.060103900730609894,
            -0.025771239772439003,
            -0.016917087137699127
        ],
        [
            0.07013607770204544,
            -0.02118639647960663,
            -0.015239552594721317
        ],
        [
            0.06402890384197235,
            -0.028354927897453308,
            -0.017520248889923096
        ],
        [
            0.056717757135629654,
            -0.03349234163761139,
            -0.01850374974310398
        ],
        [
            0.08034452795982361,
            -0.02737445943057537,
            -0.02679227851331234
        ],
        [
            0.08963533490896225,
            -0.035524070262908936,
            -0.02581447921693325
        ],
        [
            0.07481859624385834,
            -0.04426657408475876,
            -0.029143407940864563
        ],
        [
            0.06939297914505005,
            -0.035134028643369675,
            -0.029759839177131653
        ],
        [
            0.05222904682159424,
            -0.039487872272729874,
            -0.01737079955637455
        ],
        [
            0.05858109891414642,
            -0.03414003551006317,
            -0.019557897001504898
        ],
        [
            0.05005341395735741,
            -0.04181066155433655,
            -0.012307487428188324
        ],
        [
            0.04345633089542389,
            -0.04696984589099884,
            -0.007206645794212818
        ],
        [
            0.04523787274956703,
            -0.04430234059691429,
            -0.014635223895311356
        ],
        [
            0.036173440515995026,
            -0.048693571239709854,
            -0.006578789092600346
        ],
        [
            0.047498639672994614,
            -0.045526519417762756,
            0.0026211319491267204
        ],
        [
            0.03331897407770157,
            -0.04450530186295509,
            0.0010490929707884789
        ],
        [
            0.04430907964706421,
            -0.02008243463933468,
            0.010124307125806808
        ],
        [
            0.04364096745848656,
            -0.006786970421671867,
            0.008605875074863434
        ],
        [
            0.027720464393496513,
            -0.010247040539979935,
            0.0034539755433797836
        ],
        [
            0.030104871839284897,
            -0.02358953468501568,
            0.004545960575342178
        ],
        [
            0.03429848700761795,
            0.008891979232430458,
            -0.0012708082795143127
        ],
        [
            0.029691219329833984,
            -0.0016706623136997223,
            0.0011948756873607635
        ],
        [
            0.04512352868914604,
            0.001994119957089424,
            0.00748826190829277
        ],
        [
            0.04836796969175339,
            0.01133368257433176,
            0.004834942519664764
        ],
        [
            0.0633041188120842,
            -0.01107807271182537,
            -0.01660965383052826
        ],
        [
            0.07388553023338318,
            -0.007096158340573311,
            -0.014934690669178963
        ],
        [
            0.07335603982210159,
            -0.012331617996096611,
            -0.013780400156974792
        ],
        [
            0.06308567523956299,
            -0.016346098855137825,
            -0.01593460701406002
        ],
        [
            0.051834966987371445,
            -0.04889882728457451,
            -0.01091087982058525
        ],
        [
            0.058987196534872055,
            -0.04908519983291626,
            -0.0027681016363203526
        ],
        [
            0.052670303732156754,
            -0.045847196131944656,
            -0.005519558675587177
        ],
        [
            0.04986173287034035,
            -0.045188117772340775,
            -0.014335905201733112
        ],
        [
            0.09736479818820953,
            0.008344937115907669,
            -0.017814064398407936
        ],
        [
            0.10697754472494125,
            0.010692134499549866,
            -0.00868914369493723
        ],
        [
            0.10774052888154984,
            0.005064072087407112,
            -0.007160191424190998
        ],
        [
            0.09871584922075272,
            0.004188228398561478,
            -0.01552923209965229
        ],
        [
            0.10664013773202896,
            -0.01860780641436577,
            -0.01332252286374569
        ],
        [
            0.1114366427063942,
            -0.012444654479622841,
            -0.003588365390896797
        ],
        [
            0.11511362344026566,
            -0.01870715245604515,
            0.008180176839232445
        ],
        [
            0.10898412764072418,
            -0.026049192994832993,
            0.0017337063327431679
        ],
        [
            0.0987250953912735,
            -0.027389517053961754,
            -0.021386411041021347
        ],
        [
            0.10329698771238327,
            -0.03463670611381531,
            -0.009944353252649307
        ],
        [
            0.09316369891166687,
            -0.04318535327911377,
            -0.01792627014219761
        ],
        [
            0.07720764726400375,
            -0.05156834051012993,
            -0.02376406639814377
        ],
        [
            0.10444432497024536,
            0.02321440540254116,
            -0.009326418861746788
        ],
        [
            0.09727521240711212,
            0.02328043431043625,
            -0.016514096409082413
        ],
        [
            0.0072073317132890224,
            -0.05513397604227066,
            -0.037777092307806015
        ],
        [
            0.006330132018774748,
            -0.04953201115131378,
            -0.04002431035041809
        ],
        [
            0.00780742010101676,
            -0.04914650321006775,
            -0.03836070001125336
        ],
        [
            0.00815071351826191,
            -0.05467578396201134,
            -0.03648011386394501
        ],
        [
            0.09059488028287888,
            0.03480769693851471,
            -0.00033258460462093353
        ],
        [
            0.08646627515554428,
            0.034806832671165466,
            0.008856706321239471
        ],
        [
            0.09333500266075134,
            0.037102654576301575,
            0.009567072615027428
        ],
        [
            0.09787949919700623,
            0.03537779301404953,
            0.0015337150543928146
        ],
        [
            0.08099668473005295,
            0.033874161541461945,
            -0.0028692465275526047
        ],
        [
            0.07722678780555725,
            0.0310539361089468,
            0.007360115647315979
        ],
        [
            -0.004063083324581385,
            -0.06028056517243385,
            -0.03448827564716339
        ],
        [
            0.0009660788346081972,
            -0.06111704930663109,
            -0.03558570146560669
        ],
        [
            0.0010248403996229172,
            -0.06019941344857216,
            -0.031496502459049225
        ],
        [
            -0.0035562366247177124,
            -0.05827362462878227,
            -0.029425356537103653
        ],
        [
            0.04836248978972435,
            -0.03864780068397522,
            -0.019184041768312454
        ],
        [
            0.05106095224618912,
            -0.029979325830936432,
            -0.020176690071821213
        ],
        [
            0.03117550164461136,
            -0.04239749535918236,
            -0.02420286275446415
        ],
        [
            0.03858109191060066,
            -0.03652362897992134,
            -0.02203788235783577
        ],
        [
            0.040167003870010376,
            -0.0428389273583889,
            -0.019230948761105537
        ],
        [
            0.03344099968671799,
            -0.04703927040100098,
            -0.020116042345762253
        ],
        [
            0.04109223186969757,
            -0.013157933950424194,
            -0.022760437801480293
        ],
        [
            0.05205872282385826,
            -0.010628161020576954,
            -0.019425855949521065
        ],
        [
            0.05096743628382683,
            -0.01703973300755024,
            -0.018880769610404968
        ],
        [
            0.039384614676237106,
            -0.02158239111304283,
            -0.0230958703905344
        ],
        [
            0.05326118692755699,
            0.0027510374784469604,
            -0.02375839464366436
        ],
        [
            0.042189449071884155,
            -0.000774068757891655,
            -0.026327570900321007
        ],
        [
            0.044094525277614594,
            0.007224368862807751,
            -0.028546692803502083
        ],
        [
            0.052021339535713196,
            0.008173543959856033,
            -0.027196547016501427
        ],
        [
            0.023532364517450333,
            -0.009515445679426193,
            -0.028966251760721207
        ],
        [
            0.01683482713997364,
            -0.011638250201940536,
            -0.029874669387936592
        ],
        [
            0.01578441448509693,
            -0.008893469348549843,
            -0.030924871563911438
        ],
        [
            0.023843511939048767,
            -0.006057689897716045,
            -0.029423829168081284
        ],
        [
            0.09985019266605377,
            0.03908631578087807,
            0.011440224945545197
        ],
        [
            0.10471802949905396,
            0.03512626513838768,
            0.003920696675777435
        ],
        [
            0.04106607288122177,
            0.027404308319091797,
            -0.009761182591319084
        ],
        [
            0.048035815358161926,
            0.03281744569540024,
            -0.01653551124036312
        ],
        [
            0.03644949197769165,
            0.032733697444200516,
            -0.022143661975860596
        ],
        [
            0.03211461380124092,
            0.027052585035562515,
            -0.013218067586421967
        ],
        [
            0.08293838798999786,
            0.028874237090349197,
            0.016577357426285744
        ],
        [
            0.08920609951019287,
            0.03336447477340698,
            0.01791970431804657
        ],
        [
            -0.008598319254815578,
            -0.055847298353910446,
            -0.03456246480345726
        ],
        [
            -0.007840847596526146,
            -0.053659748286008835,
            -0.029595421627163887
        ],
        [
            0.09342167526483536,
            -0.04469413682818413,
            -0.004284104332327843
        ],
        [
            0.0772949606180191,
            -0.054996516555547714,
            -0.014612458646297455
        ],
        [
            0.10221974551677704,
            -0.033881135284900665,
            0.005667293444275856
        ],
        [
            0.10631774365901947,
            -0.025336580350995064,
            0.013727199286222458
        ],
        [
            0.11154694110155106,
            -0.01991957426071167,
            0.01985100843012333
        ],
        [
            0.03414814919233322,
            -0.03190409392118454,
            -0.02456691674888134
        ],
        [
            0.05461174622178078,
            -0.021730225533246994,
            -0.018428174778819084
        ],
        [
            0.06356044113636017,
            -0.006172671914100647,
            -0.017703142017126083
        ],
        [
            0.06241988018155098,
            0.02181817591190338,
            -0.030208934098482132
        ],
        [
            0.07262212038040161,
            0.02348698303103447,
            -0.027653533965349197
        ],
        [
            0.0698915347456932,
            0.013230571523308754,
            -0.027225352823734283
        ],
        [
            0.061264246702194214,
            0.014038557186722755,
            -0.028958866372704506
        ],
        [
            0.05136806517839432,
            0.032569076865911484,
            -0.025712523609399796
        ],
        [
            0.051795899868011475,
            0.02677168883383274,
            -0.0310878474265337
        ],
        [
            0.0427142009139061,
            0.02570006623864174,
            -0.033577777445316315
        ],
        [
            0.041169703006744385,
            0.03154011815786362,
            -0.02943798154592514
        ],
        [
            0.05539613589644432,
            -0.05542765185236931,
            -0.01057975459843874
        ],
        [
            0.06537221372127533,
            -0.052274636924266815,
            -0.0018530967645347118
        ],
        [
            0.09516134113073349,
            0.03106622025370598,
            -0.009104426950216293
        ],
        [
            0.10203007608652115,
            0.029684070497751236,
            -0.005737736821174622
        ],
        [
            0.10873781144618988,
            0.030367393046617508,
            -0.0006311740726232529
        ],
        [
            0.08647378534078598,
            -0.0007143411785364151,
            -0.016985539346933365
        ],
        [
            0.09983918070793152,
            0.0012037064880132675,
            -0.014243831858038902
        ],
        [
            0.10020221024751663,
            -0.003383984789252281,
            -0.0146747762337327
        ],
        [
            0.0865342915058136,
            -0.003568200394511223,
            -0.01557084172964096
        ],
        [
            0.0794292539358139,
            -0.017260299995541573,
            -0.018613487482070923
        ],
        [
            0.09191498160362244,
            -0.017656676471233368,
            -0.022187046706676483
        ],
        [
            0.0698792114853859,
            -0.02415488101541996,
            -0.022073686122894287
        ],
        [
            0.11044834554195404,
            -0.002256873995065689,
            -0.004842761904001236
        ],
        [
            0.11648738384246826,
            0.006637655198574066,
            -0.002067362889647484
        ],
        [
            0.1178622916340828,
            -0.0015125684440135956,
            0.0010889358818531036
        ],
        [
            0.11454061418771744,
            0.01613699458539486,
            -0.003230709582567215
        ],
        [
            0.11191319674253464,
            0.024616148322820663,
            -0.0030778199434280396
        ],
        [
            0.0950283333659172,
            0.03772760182619095,
            0.022270891815423965
        ],
        [
            0.11765981465578079,
            -0.008883796632289886,
            0.0049064550548791885
        ],
        [
            0.06246816739439964,
            -0.04090546444058418,
            -0.030660448595881462
        ],
        [
            0.056785717606544495,
            -0.04573868215084076,
            -0.03198083117604256
        ],
        [
            0.052691854536533356,
            -0.04091912508010864,
            -0.02718491666018963
        ],
        [
            0.0576314702630043,
            -0.036014508455991745,
            -0.02539290301501751
        ],
        [
            0.027154739946126938,
            -0.0504329651594162,
            -0.007841674610972404
        ],
        [
            0.03095167502760887,
            -0.0505036786198616,
            -0.01513177901506424
        ],
        [
            0.03982432186603546,
            -0.04792618006467819,
            -0.013362551108002663
        ],
        [
            0.08710823208093643,
            0.01111330185085535,
            -0.022537991404533386
        ],
        [
            0.0876329317688942,
            0.023661687970161438,
            -0.0214481670409441
        ],
        [
            0.026393700391054153,
            -0.03801051154732704,
            -0.026182737201452255
        ],
        [
            -0.002108430489897728,
            -0.05692660063505173,
            -0.025067942216992378
        ],
        [
            0.002803805284202099,
            -0.059468865394592285,
            -0.02757260389626026
        ],
        [
            0.014740578830242157,
            -0.05478975549340248,
            -0.016620660200715065
        ],
        [
            0.009430671110749245,
            -0.05182066559791565,
            -0.013349965214729309
        ],
        [
            0.015571766532957554,
            -0.035922326147556305,
            -0.02514047920703888
        ],
        [
            0.021238867193460464,
            -0.03929884731769562,
            -0.0271000973880291
        ],
        [
            0.01836455427110195,
            -0.03956085070967674,
            -0.027296841144561768
        ],
        [
            0.012828796170651913,
            -0.03605196997523308,
            -0.027384541928768158
        ],
        [
            0.019428130239248276,
            -0.0004711383953690529,
            -0.03204008564352989
        ],
        [
            0.026395216584205627,
            0.001932098064571619,
            -0.031009968370199203
        ],
        [
            0.01694689504802227,
            -0.026608765125274658,
            -0.004321243613958359
        ],
        [
            0.020820477977395058,
            -0.03831562399864197,
            0.0017586909234523773
        ],
        [
            0.03225819766521454,
            -0.035156115889549255,
            0.005822362378239632
        ],
        [
            0.04235382005572319,
            -0.0059606339782476425,
            -0.024154897779226303
        ],
        [
            0.03240599483251572,
            -0.007434853818267584,
            -0.027354996651411057
        ],
        [
            0.03257672116160393,
            -0.0034000761806964874,
            -0.02818087860941887
        ],
        [
            0.02992933616042137,
            -0.02962910570204258,
            -0.025545382872223854
        ],
        [
            0.022826505824923515,
            -0.03312753513455391,
            -0.02654670923948288
        ],
        [
            0.024509375914931297,
            -0.0277678482234478,
            -0.025717290118336678
        ],
        [
            0.030933428555727005,
            -0.02422085590660572,
            -0.02521604299545288
        ],
        [
            0.059675656259059906,
            0.034082863479852676,
            -0.010635524988174438
        ],
        [
            0.0635843500494957,
            0.034154877066612244,
            -0.021474292501807213
        ],
        [
            0.005157202947884798,
            -0.05927596986293793,
            -0.036503326147794724
        ],
        [
            0.005587305407971144,
            -0.05881994217634201,
            -0.03405177593231201
        ],
        [
            0.05307960510253906,
            -0.0036339005455374718,
            -0.020837347954511642
        ],
        [
            0.04606098681688309,
            -0.031196221709251404,
            0.009240193292498589
        ],
        [
            0.06407888978719711,
            -0.0009163003414869308,
            -0.01914280652999878
        ],
        [
            0.0189847182482481,
            0.013194109313189983,
            -0.01652797870337963
        ],
        [
            0.019561978057026863,
            0.014585601165890694,
            -0.023609742522239685
        ],
        [
            0.014909854158759117,
            0.011400612071156502,
            -0.026748882606625557
        ],
        [
            0.011992961168289185,
            0.01084362342953682,
            -0.02175431326031685
        ],
        [
            0.0021596821025013924,
            -0.039621688425540924,
            -0.03498130664229393
        ],
        [
            0.006060808897018433,
            -0.04296990483999252,
            -0.037732578814029694
        ],
        [
            0.004743359517306089,
            -0.043682727962732315,
            -0.03876100108027458
        ],
        [
            -0.00039228470996022224,
            -0.04089858755469322,
            -0.03727954626083374
        ],
        [
            0.024632900953292847,
            -0.043998751789331436,
            -0.02599773369729519
        ],
        [
            0.026718106120824814,
            -0.049089785665273666,
            -0.02259928733110428
        ],
        [
            0.02146132104098797,
            -0.04990270733833313,
            -0.025552822276949883
        ],
        [
            0.020026929676532745,
            -0.044423144310712814,
            -0.027339957654476166
        ],
        [
            0.023934626951813698,
            -0.052457261830568314,
            -0.017559006810188293
        ],
        [
            0.01930939592421055,
            -0.05384440720081329,
            -0.020902980118989944
        ],
        [
            -0.0028894245624542236,
            -0.039856377989053726,
            -0.03085176646709442
        ],
        [
            -0.006470208987593651,
            -0.04524767026305199,
            -0.02672087401151657
        ],
        [
            0.0043978700414299965,
            -0.03903622180223465,
            -0.01621258445084095
        ],
        [
            0.0064532458782196045,
            -0.0360480435192585,
            -0.023090535774827003
        ],
        [
            0.06141252815723419,
            0.013889830559492111,
            0.011830698698759079
        ],
        [
            0.06344298273324966,
            0.023749064654111862,
            0.007068680599331856
        ],
        [
            0.050485026091337204,
            0.021479086950421333,
            6.396695971488953e-05
        ],
        [
            0.037441134452819824,
            0.020019877701997757,
            -0.005989592522382736
        ],
        [
            0.025624863803386688,
            0.017516739666461945,
            -0.012402530759572983
        ],
        [
            0.02193428762257099,
            0.007916811853647232,
            -0.005697291344404221
        ],
        [
            0.053533151745796204,
            0.028219299390912056,
            -0.0032782182097434998
        ],
        [
            0.01393323577940464,
            -0.030054450035095215,
            -0.017399046570062637
        ],
        [
            0.012811302207410336,
            -0.03426516801118851,
            -0.009442462585866451
        ],
        [
            0.013396325521171093,
            -0.02833348885178566,
            -0.01094173826277256
        ],
        [
            0.06455785781145096,
            0.005531305447220802,
            -0.022785469889640808
        ],
        [
            0.007007742300629616,
            -0.05883747711777687,
            -0.031050439924001694
        ],
        [
            0.09362330287694931,
            -0.010546308010816574,
            0.029318522661924362
        ],
        [
            0.08883707225322723,
            0.0021530017256736755,
            0.030628839507699013
        ],
        [
            0.08237845450639725,
            -0.0023059919476509094,
            0.026929648593068123
        ],
        [
            0.08819428086280823,
            -0.016774846240878105,
            0.024496443569660187
        ],
        [
            0.009142953902482986,
            -0.04933325573801994,
            -0.03786662220954895
        ],
        [
            0.009984050877392292,
            -0.05509955435991287,
            -0.03521479666233063
        ],
        [
            0.0252361036837101,
            0.008127960376441479,
            -0.03307177498936653
        ],
        [
            0.019196413457393646,
            0.005230975802987814,
            -0.03309966251254082
        ],
        [
            0.016885507851839066,
            0.008233124390244484,
            -0.03237878531217575
        ],
        [
            0.021811246871948242,
            0.012423976324498653,
            -0.03442846238613129
        ],
        [
            0.0660766139626503,
            0.028445815667510033,
            0.0045925527811050415
        ],
        [
            0.02918432280421257,
            0.03210685774683952,
            -0.026620864868164062
        ],
        [
            0.025831934064626694,
            0.027663275599479675,
            -0.01815057173371315
        ],
        [
            0.07475718855857849,
            0.025326162576675415,
            0.013356775045394897
        ],
        [
            0.07284088432788849,
            0.017007682472467422,
            0.018118081614375114
        ],
        [
            0.08108505606651306,
            0.019795900210738182,
            0.022418778389692307
        ],
        [
            0.015134215354919434,
            -0.005923080258071423,
            -0.006970470771193504
        ],
        [
            0.05850161239504814,
            0.0059783849865198135,
            0.013751562684774399
        ],
        [
            0.07113688439130783,
            0.009724456816911697,
            0.01968621462583542
        ],
        [
            0.08090238273143768,
            0.012710440903902054,
            0.024928271770477295
        ],
        [
            0.08754494786262512,
            0.015646465122699738,
            0.02898016758263111
        ],
        [
            0.08714497089385986,
            0.023081470280885696,
            0.02566642314195633
        ],
        [
            -0.005412478931248188,
            -0.05137146636843681,
            -0.025200732052326202
        ],
        [
            -0.009796272963285446,
            -0.04699956253170967,
            -0.031715698540210724
        ],
        [
            0.09322255849838257,
            0.02753104828298092,
            0.03068235144019127
        ],
        [
            0.09376981854438782,
            0.01875861920416355,
            0.03364090621471405
        ],
        [
            0.07043889909982681,
            0.0006976258009672165,
            0.02112598530948162
        ],
        [
            0.07102476060390472,
            -0.01074579730629921,
            0.021565724164247513
        ],
        [
            0.058312445878982544,
            -0.0025691278278827667,
            0.015128012746572495
        ],
        [
            0.05749588459730148,
            -0.014030827209353447,
            0.015436876565217972
        ],
        [
            0.015536164864897728,
            -0.013898340053856373,
            0.00015150941908359528
        ],
        [
            -0.00868758000433445,
            -0.048767849802970886,
            -0.05022290349006653
        ],
        [
            -0.008290919475257397,
            -0.04457971453666687,
            -0.039839740842580795
        ],
        [
            -0.0027790856547653675,
            -0.04275018721818924,
            -0.040725961327552795
        ],
        [
            -0.00549379363656044,
            -0.04584085941314697,
            -0.05038096755743027
        ],
        [
            -0.005653001368045807,
            -0.04175751656293869,
            -0.0348399318754673
        ],
        [
            -0.010484859347343445,
            -0.049203310161828995,
            -0.03706271946430206
        ],
        [
            0.0608949288725853,
            -0.02817634865641594,
            0.013510160148143768
        ],
        [
            0.018220555037260056,
            -0.02999844402074814,
            -0.02561159059405327
        ],
        [
            0.07781859487295151,
            -0.02734345756471157,
            0.0169382207095623
        ],
        [
            0.05960952490568161,
            -0.04337485134601593,
            0.008239450864493847
        ],
        [
            0.0727119892835617,
            -0.04328771308064461,
            0.007858207449316978
        ],
        [
            0.09505129605531693,
            -0.028137976303696632,
            0.018230969086289406
        ],
        [
            0.08838143944740295,
            -0.0411260649561882,
            0.008445370942354202
        ],
