{
    "pred_cam": [
        6.305905818939209,
        0.14704236388206482,
        -0.04443301633000374
    ],
    "pred_mano_params": {
        "global_orient": [
            [
                [
                    -0.39651593565940857,
                    -0.8482881188392639,
                    0.3509733974933624
                ],
                [
                    -0.5536530017852783,
                    -0.0839921310544014,
                    -0.8285008072853088
                ],
                [
                    0.7322864532470703,
                    -0.5228312611579895,
                    -0.43635305762290955
                ]
            ]
        ],
        "hand_pose": [
            [
                [
                    0.5258535146713257,
                    -0.7837486863136292,
                    -0.3304784893989563
                ],
                [
                    0.7963294982910156,
                    0.5901696085929871,
                    -0.13251081109046936
                ],
                [
                    0.298893541097641,
                    -0.19348850846290588,
                    0.9344649910926819
                ]
            ],
            [
                [
                    0.9509767889976501,
                    -0.18580855429172516,
                    0.2472212314605713
                ],
                [
                    0.2367299497127533,
                    0.9517439603805542,
                    -0.19530101120471954
                ],
                [
                    -0.1990026980638504,
                    0.24425140023231506,
                    0.9490728378295898
                ]
            ],
            [
                [
                    0.770948588848114,
                    -0.6308133006095886,
                    0.08782346546649933
                ],
                [
                    0.6306402087211609,
                    0.736800491809845,
                    -0.24375799298286438
                ],
                [
                    0.08905738592147827,
                    0.2433098703622818,
                    0.9658515453338623
                ]
            ],
            [
                [
                    0.4430607557296753,
                    -0.8775960206985474,
                    -0.18309126794338226
                ],
                [
                    0.8964781761169434,
                    0.43483594059944153,
                    0.0851154625415802
                ],
                [
                    0.004917685873806477,
                    -0.20184862613677979,
                    0.9794043898582458
                ]
            ],
            [
                [
                    0.9635603427886963,
                    -0.26625165343284607,
                    0.025721022859215736
                ],
                [
                    0.24301722645759583,
                    0.9115245938301086,
                    0.3317612111568451
                ],
                [
                    -0.11177733540534973,
                    -0.3134212791919708,
                    0.9430127143859863
                ]
            ],
            [
                [
                    0.7871401906013489,
                    -0.546092689037323,
                    -0.2866935133934021
                ],
                [
                    0.5844524502754211,
                    0.8089120388031006,
                    0.06384889036417007
                ],
                [
                    0.19704242050647736,
                    -0.21781674027442932,
                    0.9558923840522766
                ]
            ],
            [
                [
                    0.3955475986003876,
                    -0.7690478563308716,
                    0.5021031498908997
                ],
                [
                    0.5770803689956665,
                    0.6334019303321838,
                    0.5155388116836548
                ],
                [
                    -0.7145071029663086,
                    0.08583371341228485,
                    0.6943430304527283
                ]
            ],
            [
                [
                    0.9252249598503113,
                    -0.341964989900589,
                    -0.1643737554550171
                ],
                [
                    0.3692478537559509,
                    0.911175549030304,
                    0.18279805779457092
                ],
                [
                    0.08726281672716141,
                    -0.2298239767551422,
                    0.9693121910095215
                ]
            ],
            [
                [
                    0.8563714027404785,
                    -0.5125279426574707,
                    -0.06279434263706207
                ],
                [
                    0.5083540081977844,
                    0.8155036568641663,
                    0.2766406536102295
                ],
                [
                    -0.09057703614234924,
                    -0.2688288986682892,
                    0.9589196443557739
                ]
            ],
            [
                [
                    0.48606112599372864,
                    -0.8579114675521851,
                    0.16653074324131012
                ],
                [
                    0.8549704551696777,
                    0.5062775015830994,
                    0.11273223906755447
                ],
                [
                    -0.18102505803108215,
                    0.08758411556482315,
                    0.9795708060264587
                ]
            ],
            [
                [
                    0.9253540635108948,
                    -0.37815988063812256,
                    -0.026738794520497322
                ],
                [
                    0.3387472629547119,
                    0.7931214570999146,
                    0.5061705112457275
                ],
                [
                    -0.17020627856254578,
                    -0.477444589138031,
                    0.8620187640190125
                ]
            ],
            [
                [
                    0.7525107264518738,
                    -0.4870541989803314,
                    -0.4432896673679352
                ],
                [
                    0.6019181609153748,
                    0.7817808985710144,
                    0.1628284752368927
                ],
                [
                    0.26724910736083984,
                    -0.38935428857803345,
                    0.8814652562141418
                ]
            ],
            [
                [
                    0.9807271957397461,
                    -0.18453922867774963,
                    -0.0641830638051033
                ],
                [
                    0.00843279343098402,
                    0.3681735694408417,
                    -0.9297187924385071
                ],
                [
                    0.195200115442276,
                    0.9112592339515686,
                    0.36263400316238403
                ]
            ],
            [
                [
                    0.8955315351486206,
                    -0.3770862817764282,
                    -0.23628191649913788
                ],
                [
                    0.43827784061431885,
                    0.6554743647575378,
                    0.6150332093238831
                ],
                [
                    -0.07704384624958038,
                    -0.6543387770652771,
                    0.752266526222229
                ]
            ],
            [
                [
                    0.8853509426116943,
                    0.4646005630493164,
                    0.017317108809947968
                ],
                [
                    -0.46446889638900757,
                    0.8822260499000549,
                    0.0771079808473587
                ],
                [
                    0.02054680697619915,
                    -0.076310895383358,
                    0.9968721866607666
                ]
            ]
        ],
        "betas": [
            0.00344906747341156,
            -0.03716185688972473,
            -0.09315288066864014,
            0.019138425588607788,
            0.03365930914878845,
            -0.009738456457853317,
            0.018809229135513306,
            -0.02763858437538147,
            -0.029175028204917908,
            -0.0394403338432312
        ]
    },
    "pred_cam_t": [
        -0.14704236388206482,
        -0.04443301633000374,
        6.194589614868164
    ],
    "focal_length": [
        5000.0,
        5000.0
    ],
    "pred_keypoints_3d": [
        [
            0.09576921910047531,
            0.006392459385097027,
            0.006193545646965504
        ],
        [
            0.12752874195575714,
            -0.0003163069486618042,
            -0.01460371445864439
        ],
        [
            0.15635153651237488,
            0.008581634610891342,
            -0.02093808725476265
        ],
        [
            0.17823579907417297,
            0.023583009839057922,
            -0.026622893288731575
        ],
        [
            0.2017107754945755,
            0.03588002175092697,
            -0.051959648728370667
        ],
        [
            0.14238056540489197,
            0.03856740519404411,
            -0.06464824825525284
        ],
        [
            0.16810470819473267,
            0.05932000279426575,
            -0.06385001540184021
        ],
        [
            0.18833030760288239,
            0.06613751500844955,
            -0.057606667280197144
        ],
        [
            0.2053939700126648,
            0.06737349182367325,
            -0.0386718288064003
        ],
        [
            0.13340723514556885,
            0.06176165118813515,
            -0.06090083345770836
        ],
        [
            0.16044701635837555,
            0.07703213393688202,
            -0.05439294874668121
        ],
        [
            0.1813403069972992,
            0.07971719652414322,
            -0.04444408044219017
        ],
        [
            0.197906032204628,
            0.07516081631183624,
            -0.0250663161277771
        ],
        [
            0.1222226470708847,
            0.07407503575086594,
            -0.04001039266586304
        ],
        [
            0.14897975325584412,
            0.08490339666604996,
            -0.03975994139909744
        ],
        [
            0.17000599205493927,
            0.08576241880655289,
            -0.026583237573504448
        ],
        [
            0.18104638159275055,
            0.08242515474557877,
            -0.0032292716205120087
        ],
        [
            0.11638277769088745,
            0.08109001070261002,
            -0.02023092284798622
        ],
        [
            0.1365559995174408,
            0.08678855001926422,
            -0.022858694195747375
        ],
        [
            0.15412983298301697,
            0.09020501375198364,
            -0.01655312441289425
        ],
        [
            0.16719046235084534,
            0.08885085582733154,
            -0.0029441434890031815
        ]
    ],
    "pred_vertices": [
        [
            0.13578124344348907,
            0.0224409569054842,
            -0.028291918337345123
        ],
        [
            0.13195180892944336,
            0.017636608332395554,
            -0.019296519458293915
        ],
        [
            0.140302374958992,
            0.018718717619776726,
            -0.022070806473493576
        ],
        [
            0.1432773470878601,
            0.021174708381295204,
            -0.03258161246776581
        ],
        [
            0.1393006294965744,
            0.009439853951334953,
            -0.0014750510454177856
        ],
        [
            0.14161992073059082,
            -0.0022670887410640717,
            0.00021015852689743042
        ],
        [
            0.15558183193206787,
            0.004581112414598465,
            -0.005976736545562744
        ],
        [
            0.1518021821975708,
            0.013841865584254265,
            -0.004731766879558563
        ],
        [
            0.1485373079776764,
            0.020679131150245667,
            -0.0360560417175293
        ],
        [
            0.147630512714386,
            0.019846195355057716,
            -0.023778293281793594
        ],
        [
            0.14929307997226715,
            0.01971025951206684,
            -0.036521077156066895
        ],
        [
            0.14389486610889435,
            0.018674207851290703,
            -0.053130246698856354
        ],
        [
            0.14642129838466644,
            0.021334923803806305,
            -0.04825768619775772
        ],
        [
            0.1418578326702118,
            0.0220346637070179,
            -0.06195014715194702
        ],
        [
            0.13484588265419006,
            0.013116220012307167,
            -0.05433022230863571
        ],
        [
            0.13336218893527985,
            0.024002891033887863,
            -0.06624862551689148
        ],
        [
            0.10885068774223328,
            0.025751009583473206,
            -0.04789728671312332
        ],
        [
            0.10187053680419922,
            0.03452914208173752,
            -0.039843857288360596
        ],
        [
            0.10809573531150818,
            0.04641827940940857,
            -0.05189581215381622
        ],
        [
            0.11528827995061874,
            0.03636748343706131,
            -0.05832965299487114
        ],
        [
            0.10086554288864136,
            0.055260367691516876,
            -0.034140218049287796
        ],
        [
            0.10513237863779068,
            0.050928421318531036,
            -0.04441118240356445
        ],
        [
            0.09774715453386307,
            0.039155930280685425,
            -0.033233799040317535
        ],
        [
            0.09449303150177002,
            0.043555475771427155,
            -0.024543920531868935
        ],
        [
            0.12515214085578918,
            0.028138913214206696,
            -0.017856426537036896
        ],
        [
            0.12149465829133987,
            0.022550512105226517,
            -0.009598620235919952
        ],
        [
            0.12418258935213089,
            0.019733555614948273,
            -0.014307849109172821
        ],
        [
            0.1281900256872177,
            0.025146901607513428,
            -0.021642744541168213
        ],
        [
            0.1571456342935562,
            0.01545722410082817,
            -0.03326622024178505
        ],
        [
            0.14527541399002075,
            0.006119050085544586,
            -0.03964710980653763
        ],
        [
            0.14651332795619965,
            0.013619489967823029,
            -0.040548570454120636
        ],
        [
            0.1574845165014267,
            0.019823182374238968,
            -0.029712194576859474
        ],
        [
            0.11436031758785248,
            0.015932634472846985,
            0.018327876925468445
        ],
        [
            0.10536769032478333,
            0.006890587508678436,
            0.02289624884724617
        ],
        [
            0.10714869946241379,
            0.0023740045726299286,
            0.019470714032649994
        ],
        [
            0.11455170065164566,
            0.011554975062608719,
            0.015592023730278015
        ],
        [
            0.12189376354217529,
            -0.008187945932149887,
            0.007587544620037079
        ],
        [
            0.11265179514884949,
            -0.01219092682003975,
            0.010123930871486664
        ],
        [
            0.10735109448432922,
            -0.023006845265626907,
            0.004867024719715118
        ],
        [
            0.11629506200551987,
            -0.020275745540857315,
            -0.0004856586456298828
        ],
        [
            0.1319647878408432,
            -0.005109909921884537,
            0.0037110596895217896
        ],
        [
            0.12924771010875702,
            -0.01662352681159973,
            -0.002449028193950653
        ],
        [
            0.1411534547805786,
            -0.011819902807474136,
            -0.0057440996170043945
        ],
        [
            0.1564195454120636,
            -0.002513401210308075,
            -0.011688191443681717
        ],
        [
            0.09875086694955826,
            0.016336534172296524,
            0.028480134904384613
        ],
        [
            0.10479718446731567,
            0.02432747185230255,
            0.02635173872113228
        ],
        [
            0.1753978729248047,
            0.052318722009658813,
            -0.05833914875984192
        ],
        [
            0.1740478277206421,
            0.05626522749662399,
            -0.05427514761686325
        ],
        [
            0.1701759248971939,
            0.05299657583236694,
            -0.05454055964946747
        ],
        [
            0.1723649650812149,
            0.05007897689938545,
            -0.05906987562775612
        ],
        [
            0.08491531014442444,
            0.029345300048589706,
            0.021557055413722992
        ],
        [
            0.07744016498327255,
            0.02852439507842064,
            0.014870662242174149
        ],
        [
            0.07540534436702728,
            0.02474053204059601,
            0.02076779305934906
        ],
        [
            0.08292442560195923,
            0.02378353849053383,
            0.02631174772977829
        ],
        [
            0.08758191764354706,
            0.036644063889980316,
            0.015258245170116425
        ],
        [
            0.08092845976352692,
            0.03346380218863487,
            0.0067346468567848206
        ],
        [
            0.1759059578180313,
            0.05799945071339607,
            -0.06984303146600723
        ],
        [
            0.1770676225423813,
            0.053874772042036057,
            -0.06698213517665863
        ],
        [
            0.1725950390100479,
            0.05247698724269867,
            -0.06882835924625397
        ],
        [
            0.17034673690795898,
            0.05657009780406952,
            -0.07063264399766922
        ],
        [
            0.1448996365070343,
            0.023786595091223717,
            -0.04234541952610016
        ],
        [
            0.1397210955619812,
            0.027184875681996346,
            -0.035724736750125885
        ],
        [
            0.14778229594230652,
            0.03308956325054169,
            -0.054640550166368484
        ],
        [
            0.14395727217197418,
            0.03226636350154877,
            -0.04773873835802078
        ],
        [
            0.14565713703632355,
            0.026477031409740448,
            -0.0513075515627861
        ],
        [
            0.14799079298973083,
            0.028183389455080032,
            -0.05748255178332329
        ],
        [
            0.13116660714149475,
            0.044662732630968094,
            -0.032080333679914474
        ],
        [
            0.1269780993461609,
            0.03722042962908745,
            -0.024183474481105804
        ],
        [
            0.1303883045911789,
            0.03407188504934311,
            -0.02897552028298378
        ],
        [
            0.13626229763031006,
            0.041006751358509064,
            -0.03801606595516205
        ],
        [
            0.1228434145450592,
            0.04588992893695831,
            -0.013758573681116104
        ],
        [
            0.1268382966518402,
            0.05246599391102791,
            -0.022635411471128464
        ],
        [
            0.1238892525434494,
            0.05658786743879318,
            -0.01567518338561058
        ],
        [
            0.1224810779094696,
            0.05125899985432625,
            -0.010077383369207382
        ],
        [
            0.1337777078151703,
            0.06067966669797897,
            -0.03970775008201599
        ],
        [
            0.13538284599781036,
            0.0631045550107956,
            -0.04397600516676903
        ],
        [
            0.13561034202575684,
            0.06562656164169312,
            -0.040969397872686386
        ],
        [
            0.13241036236286163,
            0.06251691281795502,
            -0.03669840097427368
        ],
        [
            0.07262352108955383,
            0.020554691553115845,
            0.025805257260799408
        ],
        [
            0.08100518584251404,
            0.01783756911754608,
            0.030121177434921265
        ],
        [
            0.09652071446180344,
            0.0652264878153801,
            -0.01506386324763298
        ],
        [
            0.09863275289535522,
            0.06564699113368988,
            -0.003981083631515503
        ],
        [
            0.10332056134939194,
            0.07675360143184662,
            -0.011052802205085754
        ],
        [
            0.09922344237565994,
            0.07363372296094894,
            -0.02174176089465618
        ],
        [
            0.074525386095047,
            0.024417951703071594,
            0.005812373012304306
        ],
        [
            0.07074562460184097,
            0.02208545431494713,
            0.012285258620977402
        ],
        [
            0.17390652000904083,
            0.06371965259313583,
            -0.06928657740354538
        ],
        [
            0.16787172853946686,
            0.061617642641067505,
            -0.06900658458471298
        ],
        [
            0.13369998335838318,
            -0.01763875037431717,
            -0.015982739627361298
        ],
        [
            0.1538028120994568,
            -0.006676774471998215,
            -0.020083505660295486
        ],
        [
            0.11792606860399246,
            -0.022027745842933655,
            -0.011418595910072327
        ],
        [
            0.10672874003648758,
            -0.023118682205677032,
            -0.007827050983905792
        ],
        [
            0.09893137216567993,
            -0.025862667709589005,
            -0.003398098051548004
        ],
        [
            0.14279550313949585,
            0.03855999559164047,
            -0.04721057415008545
        ],
        [
            0.13309812545776367,
            0.028765205293893814,
            -0.029370199888944626
        ],
        [
            0.12305613607168198,
            0.031146768480539322,
            -0.014180485159158707
        ],
        [
            0.11694164574146271,
            0.053426846861839294,
            0.006371013820171356
        ],
        [
            0.1139398068189621,
            0.04633817449212074,
            0.013503096997737885
        ],
        [
            0.11964686959981918,
            0.04191260039806366,
            0.005540143698453903
        ],
        [
            0.12056663632392883,
            0.04902677983045578,
            0.0006124414503574371
        ],
        [
            0.10628966987133026,
            0.0664447546005249,
            0.0023575909435749054
        ],
        [
            0.11416447907686234,
            0.06427992135286331,
            0.001941181719303131
        ],
        [
            0.11607528477907181,
            0.07068406045436859,
            -0.0038394220173358917
        ],
        [
            0.10926540940999985,
            0.07478160411119461,
            -0.004399873316287994
        ],
        [
            0.16048598289489746,
            0.009027421474456787,
            -0.03467590734362602
        ],
        [
            0.14578723907470703,
            -0.0009715370833873749,
            -0.03745003789663315
        ],
        [
            0.09421589970588684,
            0.02746305614709854,
            0.026251550763845444
        ],
        [
            0.09211961925029755,
            0.020433928817510605,
            0.028991885483264923
        ],
        [
            0.08744949102401733,
            0.014022208750247955,
            0.03212852030992508
        ],
        [
            0.11871844530105591,
            0.018040847033262253,
            0.003883097320795059
        ],
        [
            0.11475513130426407,
            0.008464779704809189,
            0.013689849525690079
        ],
        [
            0.11673225462436676,
            0.005781874060630798,
            0.010777197778224945
        ],
        [
            0.1187664344906807,
            0.015948403626680374,
            0.0006102100014686584
        ],
        [
            0.12879319489002228,
            0.014026064425706863,
            -0.008169904351234436
        ],
        [
            0.12808746099472046,
            0.0060289837419986725,
            0.0022196918725967407
        ],
        [
            0.13827545940876007,
            0.01766776479780674,
            -0.010008338838815689
        ],
        [
            0.10880783200263977,
            -0.004823066294193268,
            0.015876375138759613
        ],
        [
            0.1020299643278122,
            -0.004926543682813644,
            0.02464718371629715
        ],
        [
            0.10390105098485947,
            -0.011978276073932648,
            0.019540563225746155
        ],
        [
            0.09765313565731049,
            0.002551153302192688,
            0.029210075736045837
        ],
        [
            0.0927242785692215,
            0.009357735514640808,
            0.032117534428834915
        ],
        [
            0.0645684078335762,
            0.01879611611366272,
            0.017180554568767548
        ],
        [
            0.10493071377277374,
            -0.017714429646730423,
            0.013621687889099121
        ],
        [
            0.1608271449804306,
            0.01566166616976261,
            -0.009122010320425034
        ],
        [
            0.16861745715141296,
            0.01784224808216095,
            -0.013011572882533073
        ],
        [
            0.16397957503795624,
            0.0226421020925045,
            -0.015646779909729958
        ],
        [
            0.15657994151115417,
            0.020878806710243225,
            -0.013181496411561966
        ],
        [
            0.14346154034137726,
            0.02826566807925701,
            -0.0685262382030487
        ],
        [
            0.14760524034500122,
            0.02685030922293663,
            -0.06270847469568253
        ],
        [
            0.14543230831623077,
            0.022022776305675507,
            -0.05609187111258507
        ],
        [
            0.11687471717596054,
            0.02670912817120552,
            0.014666199684143066
        ],
        [
            0.1087854877114296,
            0.03333791717886925,
            0.021761655807495117
        ],
        [
            0.14663207530975342,
            0.03904852643609047,
            -0.05359837785363197
        ],
        [
            0.16546940803527832,
            0.05505068600177765,
            -0.07205262780189514
        ],
        [
            0.16819004714488983,
            0.05029688775539398,
            -0.06995566934347153
        ],
        [
            0.1535062938928604,
            0.037317369133234024,
            -0.07097368687391281
        ],
        [
            0.1505328267812729,
            0.0430479533970356,
            -0.07384712994098663
        ],
        [
            0.14537887275218964,
            0.04736360162496567,
            -0.05657406896352768
        ],
        [
            0.14770790934562683,
            0.040800344198942184,
            -0.0540807843208313
        ],
        [
            0.14820297062397003,
            0.04266635328531265,
            -0.054007306694984436
        ],
        [
            0.1470223218202591,
            0.04926512390375137,
            -0.054005108773708344
        ],
        [
            0.1317276954650879,
            0.06889265775680542,
            -0.033087171614170074
        ],
        [
            0.12904874980449677,
            0.06579037010669708,
            -0.029286623001098633
        ],
        [
            0.1247679814696312,
            0.04738301411271095,
            -0.0652688667178154
        ],
        [
            0.12730011343955994,
            0.03688211739063263,
            -0.07303281128406525
        ],
        [
            0.12254323810338974,
            0.027796708047389984,
            -0.06445186585187912
        ],
        [
            0.12811890244483948,
            0.0485231839120388,
            -0.026451008394360542
        ],
        [
            0.13150759041309357,
            0.0556534007191658,
            -0.03302988037467003
        ],
        [
            0.1298375427722931,
            0.05806674063205719,
            -0.03007674589753151
        ],
        [
            0.14239294826984406,
            0.04312712326645851,
            -0.04813319444656372
        ],
        [
            0.14461398124694824,
            0.04503978043794632,
            -0.05324263870716095
        ],
        [
            0.14186349511146545,
            0.04817851260304451,
            -0.050679225474596024
        ],
        [
            0.1395197957754135,
            0.04603307321667671,
            -0.04453204944729805
        ],
        [
            0.09357644617557526,
            0.055340833961963654,
            0.003045111894607544
        ],
        [
            0.10250581800937653,
            0.05678127333521843,
            0.010506656020879745
        ],
        [
            0.17670898139476776,
            0.051593489944934845,
            -0.06291822344064713
        ],
        [
            0.17313355207443237,
            0.04993244633078575,
            -0.06440728902816772
        ],
        [
            0.12412962317466736,
            0.04112716764211655,
            -0.018801692873239517
        ],
        [
            0.11778880655765533,
            0.0189179927110672,
            -0.0527033656835556
        ],
        [
            0.1212155818939209,
            0.034410133957862854,
            -0.010108184069395065
        ],
        [
            0.11277566105127335,
            0.07407212257385254,
            -0.03560708835721016
        ],
        [
            0.11859145760536194,
            0.07622769474983215,
            -0.029945068061351776
        ],
        [
            0.12348733842372894,
            0.07815875858068466,
            -0.03177648410201073
        ],
        [
            0.12070540338754654,
            0.07841290533542633,
            -0.037111543118953705
        ],
        [
            0.15947914123535156,
            0.05962645262479782,
            -0.05386023223400116
        ],
        [
            0.16280525922775269,
            0.055097926408052444,
            -0.05224142596125603
        ],
        [
            0.16743753850460052,
            0.05811408907175064,
            -0.052141450345516205
        ],
        [
            0.16506195068359375,
            0.06314508616924286,
            -0.05397442728281021
        ],
        [
            0.14965078234672546,
            0.03542136028409004,
            -0.05559135973453522
        ],
        [
            0.1509728580713272,
            0.031066708266735077,
            -0.05956248193979263
        ],
        [
            0.15415099263191223,
            0.03472080081701279,
            -0.0591997355222702
        ],
        [
            0.1515335589647293,
            0.03889418765902519,
            -0.05562391132116318
        ],
        [
            0.15052109956741333,
            0.030386649072170258,
            -0.0652235820889473
        ],
        [
            0.1545437127351761,
            0.03424576297402382,
            -0.06548348069190979
        ],
        [
            0.15784698724746704,
            0.06304740160703659,
            -0.05912063643336296
        ],
        [
            0.15890583395957947,
            0.06317224353551865,
            -0.06649181246757507
        ],
        [
            0.14418071508407593,
            0.05372564494609833,
            -0.067367322742939
        ],
        [
            0.14616113901138306,
            0.054478853940963745,
            -0.059464626014232635
        ],
        [
            0.08715304732322693,
            0.032836269587278366,
            -0.016350898891687393
        ],
        [
            0.08544240891933441,
            0.0391179658472538,
            -0.007296513766050339
        ],
        [
            0.09248588979244232,
            0.050078995525836945,
            -0.015310928225517273
        ],
        [
            0.0982123464345932,
            0.061746157705783844,
            -0.023676596581935883
        ],
        [
            0.10478761047124863,
            0.07158204913139343,
            -0.03185366094112396
        ],
        [
            0.10550714284181595,
            0.06557346880435944,
            -0.04244992882013321
        ],
        [
            0.09123660624027252,
            0.053288061171770096,
            -0.007787197828292847
        ],
        [
            0.1376703828573227,
            0.050866179168224335,
            -0.06125728785991669
        ],
        [
            0.13459134101867676,
            0.048107244074344635,
            -0.06773689389228821
        ],
        [
            0.1323045790195465,
            0.05066939443349838,
            -0.06462051719427109
        ],
        [
            0.12048660963773727,
            0.03932207077741623,
            -0.004512768238782883
        ],
        [
            0.1693674921989441,
            0.04734524339437485,
            -0.06566798686981201
        ],
        [
            0.08651560544967651,
            -0.01143113523721695,
            -0.014744248241186142
        ],
        [
            0.07824703305959702,
            -0.001152176409959793,
            -0.011021371930837631
        ],
        [
            0.08395306766033173,
            0.002285964787006378,
            -0.016859058290719986
        ],
        [
            0.0943412110209465,
            -0.00922524556517601,
            -0.020640067756175995
        ],
        [
            0.1664016842842102,
            0.04969443380832672,
            -0.05455286055803299
        ],
        [
            0.1690545380115509,
            0.046617936342954636,
            -0.05933763459324837
        ],
        [
            0.1277826428413391,
            0.07061934471130371,
            -0.02490398846566677
        ],
        [
            0.13023750483989716,
            0.07299802452325821,
            -0.029292937368154526
        ],
        [
            0.1287350207567215,
            0.07601598650217056,
            -0.028761092573404312
        ],
        [
            0.12755632400512695,
            0.07565679401159286,
            -0.023130405694246292
        ],
        [
            0.08475388586521149,
            0.041052769869565964,
            -0.0016595497727394104
        ],
        [
            0.1107679083943367,
            0.08261165022850037,
            -0.01425594836473465
        ],
        [
            0.10579733550548553,
            0.07954829931259155,
            -0.02408638969063759
        ],
        [
            0.07931888103485107,
            0.02942473441362381,
            -0.0007704831659793854
        ],
        [
            0.08016911149024963,
            0.023966535925865173,
            -0.008840173482894897
        ],
        [
            0.07494151592254639,
            0.018037989735603333,
            -0.003077372908592224
        ],
        [
            0.11533962935209274,
            0.06156410276889801,
            -0.05318083241581917
        ],
        [
            0.09019295871257782,
            0.029412612318992615,
            -0.023740224540233612
        ],
        [
            0.08305831253528595,
            0.02023988589644432,
            -0.014886517077684402
        ],
        [
            0.0769476592540741,
            0.012984808534383774,
            -0.008269157260656357
        ],
        [
            0.07184834033250809,
            0.008397255092859268,
            -0.0034778378903865814
        ],
        [
            0.07028420269489288,
            0.014388784766197205,
            0.0018035471439361572
        ],
        [
            0.16207779943943024,
            0.059951234608888626,
            -0.07005500793457031
        ],
        [
            0.16517436504364014,
            0.06641170382499695,
            -0.06539106369018555
        ],
        [
            0.0635291114449501,
            0.01069444790482521,
            0.006669268012046814
        ],
        [
            0.0661383643746376,
            0.003948472440242767,
            0.0008615180850028992
        ],
        [
            0.08707296848297119,
            0.014802198857069016,
            -0.02117946371436119
        ],
        [
            0.09361208230257034,
            0.007663898169994354,
            -0.028024151921272278
        ],
        [
            0.09400184452533722,
            0.023890845477581024,
            -0.029382899403572083
        ],
        [
            0.1006203219294548,
            0.01771792396903038,
            -0.03690996766090393
        ],
        [
            0.11356942355632782,
            0.05465182662010193,
            -0.061865899711847305
        ],
        [
            0.18242193758487701,
            0.07311484217643738,
            -0.05941120162606239
        ],
        [
            0.1707218587398529,
            0.06993218511343002,
            -0.06009283661842346
        ],
        [
            0.1706308126449585,
            0.06695163249969482,
            -0.055106766521930695
        ],
        [
            0.1808772087097168,
            0.07247615605592728,
            -0.055253900587558746
        ],
        [
            0.16405296325683594,
            0.0664122924208641,
            -0.058840762823820114
        ],
        [
            0.17146089673042297,
            0.06851091980934143,
            -0.06564539670944214
        ],
        [
            0.11224516481161118,
            0.00837796926498413,
            -0.042153507471084595
        ],
        [
            0.14311738312244415,
            0.05028391629457474,
            -0.05517752841114998
        ],
        [
            0.10838812589645386,
            -0.004505254328250885,
            -0.03144049271941185
        ],
        [
            0.12886252999305725,
            0.0036530792713165283,
            -0.04702804982662201
        ],
        [
            0.12820090353488922,
            -0.005808256566524506,
            -0.037528637796640396
        ],
        [
            0.10595664381980896,
            -0.018274515867233276,
            -0.01974165067076683
        ],
        [
            0.12341992557048798,
            -0.01671331748366356,
            -0.026000533252954483
        ],
        [
            0.09006942808628082,
            -0.021967880427837372,
            -0.008813031017780304
        ],
        [
            0.09667131304740906,
            -0.018893171101808548,
            -0.014532983303070068
        ],
        [
            0.14150792360305786,
            -0.01069822907447815,
            -0.029042664915323257
        ],
        [
