{
    "pred_cam": [
        7.737216949462891,
        -0.12706398963928223,
        -0.0705406665802002
    ],
    "pred_mano_params": {
        "global_orient": [
            [
                [
                    0.08835913240909576,
                    -0.9927870035171509,
                    0.08103399723768234
                ],
                [
                    -0.7665083408355713,
                    -0.11972213536500931,
                    -0.6309766173362732
                ],
                [
                    0.6361269950866699,
                    -0.006360683590173721,
                    -0.7715581059455872
                ]
            ]
        ],
        "hand_pose": [
            [
                [
                    0.8844887614250183,
                    -0.366473913192749,
                    -0.2887500524520874
                ],
                [
                    0.35840895771980286,
                    0.9299238324165344,
                    -0.08236929774284363
                ],
                [
                    0.2987017333507538,
                    -0.030635887756943703,
                    0.9538547396659851
                ]
            ],
            [
                [
                    0.9611077904701233,
                    -0.2620624601840973,
                    0.08715011924505234
                ],
                [
                    0.27488890290260315,
                    0.9381598234176636,
                    -0.21045728027820587
                ],
                [
                    -0.026607781648635864,
                    0.2262287139892578,
                    0.9737107753753662
                ]
            ],
            [
                [
                    0.8621248006820679,
                    -0.506567120552063,
                    0.011427436023950577
                ],
                [
                    0.5012098550796509,
                    0.8492636680603027,
                    -0.16595123708248138
                ],
                [
                    0.07436053454875946,
                    0.14879822731018066,
                    0.9860677123069763
                ]
            ],
            [
                [
                    0.8855344653129578,
                    -0.4297163784503937,
                    -0.17655757069587708
                ],
                [
                    0.4047258794307709,
                    0.9001631140708923,
                    -0.16094526648521423
                ],
                [
                    0.22809141874313354,
                    0.07106515765190125,
                    0.971042811870575
                ]
            ],
            [
                [
                    0.8578362464904785,
                    -0.4787134826183319,
                    -0.1869501769542694
                ],
                [
                    0.5131992101669312,
                    0.8172400593757629,
                    0.2621932625770569
                ],
                [
                    0.027267709374427795,
                    -0.3208615779876709,
                    0.9467335343360901
                ]
            ],
            [
                [
                    0.8395521640777588,
                    -0.5372974872589111,
                    0.08039577305316925
                ],
                [
                    0.5366968512535095,
                    0.8432146310806274,
                    0.03074943833053112
                ],
                [
                    -0.08431249856948853,
                    0.017332401126623154,
                    0.996288537979126
                ]
            ],
            [
                [
                    0.8773404955863953,
                    -0.36733534932136536,
                    0.30876901745796204
                ],
                [
                    0.41264525055885315,
                    0.9059556126594543,
                    -0.09470153599977493
                ],
                [
                    -0.2449437826871872,
                    0.21049757301807404,
                    0.9464107155799866
                ]
            ],
            [
                [
                    0.9210501909255981,
                    -0.34030312299728394,
                    -0.1893683671951294
                ],
                [
                    0.38908886909484863,
                    0.824856698513031,
                    0.41014787554740906
                ],
                [
                    0.016627158969640732,
                    -0.45144787430763245,
                    0.8921425938606262
                ]
            ],
            [
                [
                    0.7898468971252441,
                    -0.5174864530563354,
                    0.32916492223739624
                ],
                [
                    0.4530392289161682,
                    0.8540633320808411,
                    0.2555999457836151
                ],
                [
                    -0.4133971631526947,
                    -0.05276023969054222,
                    0.9090209603309631
                ]
            ],
            [
                [
                    0.9205666780471802,
                    -0.39027273654937744,
                    -0.015623765997588634
                ],
                [
                    0.3810322880744934,
                    0.9061253070831299,
                    -0.18371552228927612
                ],
                [
                    0.08585624396800995,
                    0.1631692498922348,
                    0.9828552603721619
                ]
            ],
            [
                [
                    0.8486172556877136,
                    -0.500413715839386,
                    -0.17156599462032318
                ],
                [
                    0.5279894471168518,
                    0.7810944318771362,
                    0.33334460854530334
                ],
                [
                    -0.032800961285829544,
                    -0.37346702814102173,
                    0.9270634055137634
                ]
            ],
            [
                [
                    0.8042158484458923,
                    -0.5854856967926025,
                    0.10219299048185349
                ],
                [
                    0.5640540719032288,
                    0.8060570359230042,
                    0.1792066991329193
                ],
                [
                    -0.1872963309288025,
                    -0.08647848665714264,
                    0.9784893989562988
                ]
            ],
            [
                [
                    0.996206521987915,
                    0.054713327437639236,
                    -0.0676678791642189
                ],
                [
                    -0.08675538003444672,
                    0.6850571632385254,
                    -0.7233049869537354
                ],
                [
                    0.006781945005059242,
                    0.7264317274093628,
                    0.6872050762176514
                ]
            ],
            [
                [
                    0.8767452836036682,
                    -0.3267149031162262,
                    -0.35295188426971436
                ],
                [
                    0.45542091131210327,
                    0.7998923063278198,
                    0.3908504843711853
                ],
                [
                    0.15462681651115417,
                    -0.5034180283546448,
                    0.8500946164131165
                ]
            ],
            [
                [
                    0.9693331122398376,
                    0.2430925965309143,
                    -0.036046627908945084
                ],
                [
                    -0.24553754925727844,
                    0.9519097805023193,
                    -0.1832459419965744
                ],
                [
                    -0.010232602246105671,
                    0.1864771544933319,
                    0.9824060201644897
                ]
            ]
        ],
        "betas": [
            -0.03065401315689087,
            -0.046677857637405396,
            0.01364213228225708,
            0.035216063261032104,
            0.0070243775844573975,
            0.04299356788396835,
            0.056491702795028687,
            -0.06615033745765686,
            0.000567898154258728,
            -0.0407140851020813
        ]
    },
    "pred_cam_t": [
        -0.12706398963928223,
        -0.0705406665802002,
        5.048649787902832
    ],
    "focal_length": [
        5000.0,
        5000.0
    ],
    "pred_keypoints_3d": [
        [
            0.09584638476371765,
            0.00639356579631567,
            0.006205860059708357
        ],
        [
            0.11125010251998901,
            0.010390532203018665,
            -0.028987299650907516
        ],
        [
            0.12548516690731049,
            0.01773412711918354,
            -0.055294591933488846
        ],
        [
            0.1358669102191925,
            0.03673200681805611,
            -0.07162438333034515
        ],
        [
            0.1450468897819519,
            0.05831256881356239,
            -0.09930184483528137
        ],
        [
            0.09489555656909943,
            0.061638906598091125,
            -0.0658772736787796
        ],
        [
            0.09964292496442795,
            0.0913345217704773,
            -0.0795740932226181
        ],
        [
            0.11197855323553085,
            0.10896943509578705,
            -0.08508460223674774
        ],
        [
            0.1322731077671051,
            0.12436176836490631,
            -0.08381983637809753
        ],
        [
            0.08865974098443985,
            0.08144097030162811,
            -0.05151107907295227
        ],
        [
            0.09521694481372833,
            0.11150289326906204,
            -0.05931869521737099
        ],
        [
            0.11273233592510223,
            0.1268206387758255,
            -0.05832986533641815
        ],
        [
            0.13692133128643036,
            0.13500970602035522,
            -0.05785009264945984
        ],
        [
            0.09036201983690262,
            0.08655715733766556,
            -0.02525705099105835
        ],
        [
            0.09534008055925369,
            0.1125541627407074,
            -0.03683451935648918
        ],
        [
            0.11403442174196243,
            0.12880322337150574,
            -0.03552033007144928
        ],
        [
            0.1382027119398117,
            0.13534866273403168,
            -0.0353722982108593
        ],
        [
            0.0961206927895546,
            0.08777303993701935,
            -0.004192568827420473
        ],
        [
            0.09960702806711197,
            0.10771345347166061,
            -0.010257996618747711
        ],
        [
            0.112220898270607,
            0.12187033146619797,
            -0.010226747952401638
        ],
        [
            0.12871719896793365,
            0.12631756067276,
            -0.013773350976407528
        ]
    ],
    "pred_vertices": [
        [
            0.11011369526386261,
            0.03648684546351433,
            -0.038273103535175323
        ],
        [
            0.11293210089206696,
            0.02932633087038994,
            -0.031113453209400177
        ],
        [
            0.11783642321825027,
            0.030887961387634277,
            -0.0404486246407032
        ],
        [
            0.11382927745580673,
            0.0367870032787323,
            -0.047370441257953644
        ],
        [
            0.12909257411956787,
            0.0159897580742836,
            -0.028359245508909225
        ],
        [
            0.13053464889526367,
            0.003908377140760422,
            -0.03064880520105362
        ],
        [
            0.13587245345115662,
            0.011559396982192993,
            -0.04490441828966141
        ],
        [
            0.13496404886245728,
            0.020533453673124313,
            -0.04003371670842171
        ],
        [
            0.1151849776506424,
            0.03663884103298187,
            -0.054938554763793945
        ],
        [
            0.12168444693088531,
            0.03204546868801117,
            -0.047625582665205
        ],
        [
            0.11322634667158127,
            0.03403504937887192,
            -0.057615503668785095
        ],
        [
            0.1013949066400528,
            0.03798314929008484,
            -0.06477991491556168
        ],
        [
            0.10711921006441116,
            0.040749385952949524,
            -0.06123414635658264
        ],
        [
            0.09579651057720184,
            0.04376114904880524,
            -0.0687188133597374
        ],
        [
            0.09295637905597687,
            0.031093351542949677,
            -0.06175961345434189
        ],
        [
            0.08652396500110626,
            0.04440844804048538,
            -0.06594876945018768
        ],
        [
            0.07653675973415375,
            0.03896164894104004,
            -0.03815198317170143
        ],
        [
            0.07510505616664886,
            0.04435248300433159,
            -0.025692982599139214
        ],
        [
            0.0744234025478363,
            0.058367326855659485,
            -0.03486347943544388
        ],
        [
            0.07671423256397247,
            0.05177672952413559,
            -0.04660569876432419
        ],
        [
            0.07771124690771103,
            0.061444249004125595,
            -0.01445908285677433
        ],
        [
            0.07559968531131744,
            0.06063433736562729,
            -0.02610885351896286
        ],
        [
            0.07512884587049484,
            0.04651174694299698,
            -0.016898155212402344
        ],
        [
            0.07715217769145966,
            0.04806983843445778,
            -0.006918240338563919
        ],
        [
            0.10668456554412842,
            0.0379779078066349,
            -0.02214832603931427
        ],
        [
            0.10853803902864456,
            0.030348386615514755,
            -0.014866501092910767
        ],
        [
            0.10877665132284164,
            0.02941151335835457,
            -0.020797643810510635
        ],
        [
            0.10733377188444138,
            0.036523107439279556,
            -0.027608294039964676
        ],
        [
            0.11732468008995056,
            0.02705042064189911,
            -0.06266278028488159
        ],
        [
            0.1068454161286354,
            0.019858434796333313,
            -0.06042712554335594
        ],
        [
            0.10782730579376221,
            0.027855925261974335,
            -0.06024486571550369
        ],
        [
            0.12020293623209,
            0.030994419008493423,
            -0.05970801040530205
        ],
        [
            0.11787311732769012,
            0.016218893229961395,
            0.00901620090007782
        ],
        [
            0.11316749453544617,
            0.0048718079924583435,
            0.014717750251293182
        ],
        [
            0.11296331137418747,
            0.0017006248235702515,
            0.009748231619596481
        ],
        [
            0.11676833778619766,
            0.012865915894508362,
            0.0055852048099040985
        ],
        [
            0.11944463104009628,
            -0.0040792301297187805,
            -0.01120026409626007
        ],
        [
            0.1127314567565918,
            -0.00924912840127945,
            -0.0046852752566337585
        ],
        [
            0.10516475886106491,
            -0.019823245704174042,
            -0.009287931025028229
        ],
        [
            0.10881136357784271,
            -0.015104733407497406,
            -0.017632514238357544
        ],
        [
            0.12577638030052185,
            0.0002717822790145874,
            -0.020744577050209045
        ],
        [
            0.11813714355230331,
            -0.010334275662899017,
            -0.02612622082233429
        ],
        [
            0.12482306361198425,
            -0.0046868696808815,
            -0.0363137423992157
        ],
        [
            0.1316213607788086,
            0.0052404701709747314,
            -0.050506021827459335
        ],
        [
            0.11047599464654922,
            0.011477313935756683,
            0.02543731778860092
        ],
        [
            0.11405494809150696,
            0.02067730575799942,
            0.022893521934747696
        ],
        [
            0.11082980036735535,
            0.09012393653392792,
            -0.08269452303647995
        ],
        [
            0.11110565066337585,
            0.09308034926652908,
            -0.07757926732301712
        ],
        [
            0.11019371449947357,
            0.08845426142215729,
            -0.076341912150383
        ],
        [
            0.10964663326740265,
            0.08648710697889328,
            -0.08175132423639297
        ],
        [
            0.09469912946224213,
            0.022967353463172913,
            0.03094036877155304
        ],
        [
            0.08469939976930618,
            0.022351771593093872,
            0.029276080429553986
        ],
        [
            0.08644817024469376,
            0.01706206053495407,
            0.034001681953668594
        ],
        [
            0.09587373584508896,
            0.016254857182502747,
            0.03421282023191452
        ],
        [
            0.09328991174697876,
            0.031794771552085876,
            0.026480991393327713
        ],
        [
            0.08297820389270782,
            0.029486767947673798,
            0.02228669449687004
        ],
        [
            0.10034321248531342,
            0.09376801550388336,
            -0.08907288312911987
        ],
        [
            0.10490577667951584,
            0.09134800732135773,
            -0.08930592238903046
        ],
        [
            0.10178333520889282,
            0.08743694424629211,
            -0.08810413628816605
        ],
        [
            0.09711352735757828,
            0.08945043385028839,
            -0.08669590204954147
        ],
        [
            0.10972815006971359,
            0.042341768741607666,
            -0.05424688756465912
        ],
        [
            0.10913532227277756,
            0.04355234280228615,
            -0.044723689556121826
        ],
        [
            0.10605616867542267,
            0.057315438985824585,
            -0.06355072557926178
        ],
        [
            0.1062455028295517,
            0.05229842662811279,
            -0.05513887107372284
        ],
        [
            0.10597683489322662,
            0.04767438769340515,
            -0.06086269021034241
        ],
        [
            0.10438073426485062,
            0.052393849939107895,
            -0.06731797754764557
        ],
        [
            0.10356417298316956,
            0.05833253264427185,
            -0.03215397894382477
        ],
        [
            0.10453010350465775,
            0.048511043190956116,
            -0.025702333077788353
        ],
        [
            0.10483047366142273,
            0.0471603199839592,
            -0.03221311792731285
        ],
        [
            0.10466747730970383,
            0.05710529908537865,
            -0.04065641760826111
        ],
        [
            0.10654321312904358,
            0.05388769507408142,
            -0.012683035805821419
        ],
        [
            0.10505114495754242,
            0.0631505697965622,
            -0.020115310326218605
        ],
        [
            0.10637131333351135,
            0.06527632474899292,
            -0.011886732652783394
        ],
        [
            0.10814748704433441,
            0.05829542502760887,
            -0.008037488907575607
        ],
        [
            0.10146493464708328,
            0.07716105878353119,
            -0.03545713424682617
        ],
        [
            0.09886083751916885,
            0.0829329863190651,
            -0.039658322930336
        ],
        [
            0.0995112955570221,
            0.08567854017019272,
            -0.036925751715898514
        ],
        [
            0.10136605054140091,
            0.07853805273771286,
            -0.03191240131855011
        ],
        [
            0.0870838314294815,
            0.011448241770267487,
            0.038289837539196014
        ],
        [
            0.09658810496330261,
            0.009398765861988068,
            0.03655296564102173
        ],
        [
            0.08434310555458069,
            0.06599472463130951,
            0.005607569590210915
        ],
        [
            0.09230267256498337,
            0.06517527997493744,
            0.013461984694004059
        ],
        [
            0.0916149690747261,
            0.07742451876401901,
            0.009404810145497322
        ],
        [
            0.08328215777873993,
            0.0749535858631134,
            0.00202304869890213
        ],
        [
            0.07728692889213562,
            0.019905701279640198,
            0.022314265370368958
        ],
        [
            0.07783816754817963,
            0.015569806098937988,
            0.028853386640548706
        ],
        [
            0.09690443426370621,
            0.09740709513425827,
            -0.08542534708976746
        ],
        [
            0.09441112726926804,
            0.09270459413528442,
            -0.08239924907684326
        ],
        [
            0.11204668134450912,
            -0.008444100618362427,
            -0.039264511317014694
        ],
        [
            0.12332563102245331,
            0.0026604384183883667,
            -0.05475012585520744
        ],
        [
            0.10326321423053741,
            -0.014112316071987152,
            -0.0269346684217453
        ],
        [
            0.09693286567926407,
            -0.01725553721189499,
            -0.018375396728515625
        ],
        [
            0.0935421735048294,
            -0.022183693945407867,
            -0.011899463832378387
        ],
        [
            0.10569144040346146,
            0.0584714449942112,
            -0.05238232761621475
        ],
        [
            0.10705266892910004,
            0.0425528958439827,
            -0.03549880534410477
        ],
        [
            0.10681189596652985,
            0.03965727612376213,
            -0.017290126532316208
        ],
        [
            0.11263720691204071,
            0.05549179017543793,
            0.0086374431848526
        ],
        [
            0.11417129635810852,
            0.04632122814655304,
            0.013981565833091736
        ],
        [
            0.11453001201152802,
            0.04500925540924072,
            0.0033890604972839355
        ],
        [
            0.11245887726545334,
            0.053295958787202835,
            0.000923939049243927
        ],
        [
            0.10192392021417618,
            0.06646409630775452,
            0.01462411880493164
        ],
        [
            0.10805143415927887,
            0.06656725704669952,
            0.00936034880578518
        ],
        [
            0.10630743205547333,
            0.07522113621234894,
            0.005256278440356255
        ],
        [
            0.10047316551208496,
            0.07656477391719818,
            0.010244395583868027
        ],
        [
            0.11824116855859756,
            0.020999543368816376,
            -0.06708643585443497
        ],
        [
            0.1077059879899025,
            0.012222088873386383,
            -0.06053367257118225
        ],
        [
            0.10511922836303711,
            0.021772265434265137,
            0.02925388142466545
        ],
        [
            0.10510780662298203,
            0.014082483947277069,
            0.030510544776916504
        ],
        [
            0.10318225622177124,
            0.006439767777919769,
            0.033644743263721466
        ],
        [
            0.11388203501701355,
            0.022631321102380753,
            -0.00385492667555809
        ],
        [
            0.11616740375757217,
            0.010528415441513062,
            0.0032005757093429565
        ],
        [
            0.11674612760543823,
            0.009034603834152222,
            -0.0008574612438678741
        ],
        [
            0.11270749568939209,
            0.021662328392267227,
            -0.006822705268859863
        ],
        [
            0.11813342571258545,
            0.022889625281095505,
            -0.02272944152355194
        ],
        [
            0.12311559915542603,
            0.012174583971500397,
            -0.016114402562379837
        ],
        [
            0.12393003702163696,
            0.026383962482213974,
            -0.032480474561452866
        ],
        [
            0.11270834505558014,
            -0.004059873521327972,
            0.004029285162687302
        ],
        [
            0.11183272302150726,
            -0.007399365305900574,
            0.014456897974014282
        ],
        [
            0.11080115288496017,
            -0.012733027338981628,
            0.007377944886684418
        ],
        [
            0.11044130474328995,
            -0.002053499221801758,
            0.02259628102183342
        ],
        [
            0.10770084708929062,
            0.002930000424385071,
            0.02950640767812729
        ],
        [
            0.07555881142616272,
            0.010203041136264801,
            0.035067856311798096
        ],
        [
            0.10835828632116318,
            -0.01681479811668396,
            0.00043363869190216064
        ],
        [
            0.13749556243419647,
            0.02349129691720009,
            -0.04889053851366043
        ],
        [
            0.13888788223266602,
            0.027136530727148056,
            -0.05597323924303055
        ],
        [
            0.13383914530277252,
            0.031900085508823395,
            -0.0537513867020607
        ],
        [
            0.13185381889343262,
            0.029171984642744064,
            -0.04786836728453636
        ],
        [
            0.09224145114421844,
            0.05192889645695686,
            -0.07324674725532532
        ],
        [
            0.10000868886709213,
            0.05155600607395172,
            -0.07179220020771027
        ],
        [
            0.10263487696647644,
            0.04372227564454079,
            -0.06624633073806763
        ],
        [
            0.1176009327173233,
            0.027784224599599838,
            0.007836833596229553
        ],
        [
            0.11459873616695404,
            0.031048133969306946,
            0.01970071718096733
        ],
        [
            0.10505744069814682,
            0.06339501589536667,
            -0.06081453338265419
        ],
        [
            0.094056636095047,
            0.0857577919960022,
            -0.08470144122838974
        ],
        [
            0.0991106703877449,
            0.08325508236885071,
            -0.08648564666509628
        ],
        [
            0.09455650299787521,
            0.06689441949129105,
            -0.07982596755027771
        ],
        [
            0.08883760869503021,
            0.07032649964094162,
            -0.078252874314785
        ],
        [
            0.09943936765193939,
            0.07321131229400635,
            -0.06164823845028877
        ],
        [
            0.10395016521215439,
            0.06790655851364136,
            -0.06294874101877213
        ],
        [
            0.10296283662319183,
            0.07073365151882172,
            -0.06354702264070511
        ],
        [
            0.10006073862314224,
            0.07620294392108917,
            -0.06135602667927742
        ],
        [
            0.10028879344463348,
            0.08588205277919769,
            -0.02763492241501808
        ],
        [
            0.10216130316257477,
            0.07995365560054779,
            -0.023341014981269836
        ],
        [
            0.08019496500492096,
            0.06540548801422119,
            -0.05433822423219681
        ],
        [
            0.07819663733243942,
            0.056151434779167175,
            -0.06379435956478119
        ],
        [
            0.07925159484148026,
            0.04620863497257233,
            -0.057172439992427826
        ],
        [
            0.10407508164644241,
            0.06030295044183731,
            -0.02493656799197197
        ],
        [
            0.10327454656362534,
            0.06961171329021454,
            -0.030060846358537674
        ],
        [
            0.10335284471511841,
            0.07126397639513016,
            -0.02617865987122059
        ],
        [
            0.10448259115219116,
            0.06324375420808792,
            -0.051791660487651825
        ],
        [
            0.10313139855861664,
            0.06821967661380768,
            -0.05745278671383858
        ],
        [
            0.1023934856057167,
            0.06895817816257477,
            -0.052260033786296844
        ],
        [
            0.10370398312807083,
            0.06431109458208084,
            -0.04633167386054993
        ],
        [
            0.0916421115398407,
            0.05314789339900017,
            0.018770407885313034
        ],
        [
            0.10303720086812973,
            0.05474119633436203,
            0.020488228648900986
        ],
        [
            0.10865061730146408,
            0.08977144956588745,
            -0.08697351813316345
        ],
        [
            0.10644446313381195,
            0.08607517182826996,
            -0.08607086539268494
        ],
        [
            0.1049860492348671,
            0.0506104975938797,
            -0.01875883899629116
        ],
        [
            0.08093732595443726,
            0.03468429297208786,
            -0.04839593917131424
        ],
        [
            0.10736972838640213,
            0.041557468473911285,
            -0.012120343744754791
        ],
        [
            0.08386289328336716,
            0.08243773877620697,
            -0.0162588469684124
        ],
        [
            0.0899868831038475,
            0.08638767153024673,
            -0.01428922638297081
        ],
        [
            0.09038379043340683,
            0.09021750092506409,
            -0.018769897520542145
        ],
        [
            0.08469539880752563,
            0.08947370201349258,
            -0.020873945206403732
        ],
        [
            0.10224348306655884,
            0.08995881676673889,
            -0.06710080057382584
        ],
        [
            0.10704214870929718,
            0.08782702684402466,
            -0.06950182467699051
        ],
        [
            0.10809648036956787,
            0.09174243360757828,
            -0.07140263170003891
        ],
        [
            0.10335317999124527,
            0.09452041238546371,
            -0.0695195123553276
        ],
        [
            0.10524315387010574,
            0.06356929987668991,
            -0.0667182207107544
        ],
        [
            0.10401972383260727,
            0.05913513898849487,
            -0.07127898931503296
        ],
        [
            0.10452603548765182,
            0.06568481028079987,
            -0.07315074652433395
        ],
        [
            0.1045493483543396,
            0.06861751526594162,
            -0.06796158850193024
        ],
        [
            0.09912598878145218,
            0.058889660984277725,
            -0.0754757672548294
        ],
        [
            0.10022681951522827,
            0.06501566618680954,
            -0.07773931324481964
        ],
        [
            0.09602629393339157,
            0.09125787764787674,
            -0.06851276755332947
        ],
        [
            0.09105203300714493,
            0.09065596759319305,
            -0.07413822412490845
        ],
        [
            0.08665211498737335,
            0.07766290009021759,
            -0.06696149706840515
        ],
        [
            0.09350571036338806,
            0.079726442694664,
            -0.06315841525793076
        ],
        [
            0.07555440813302994,
            0.035001240670681,
            0.0002941302955150604
        ],
        [
            0.07895534485578537,
            0.03869064524769783,
            0.01029684767127037
        ],
        [
            0.08051393181085587,
            0.05180611088871956,
            0.003422711044549942
        ],
        [
            0.08099929988384247,
            0.06476028263568878,
            -0.0027334243059158325
        ],
        [
            0.08245734870433807,
            0.07661120593547821,
            -0.009672479704022408
        ],
        [
            0.07713403552770615,
            0.07298974692821503,
            -0.02017662487924099
        ],
        [
            0.08355345577001572,
            0.053022656589746475,
            0.010904373601078987
        ],
        [
            0.09108715504407883,
            0.07460547238588333,
            -0.05881359428167343
        ],
        [
            0.08417709916830063,
            0.06883950531482697,
            -0.062042683362960815
        ],
        [
            0.08483989536762238,
            0.07173985242843628,
            -0.05766768008470535
        ],
        [
            0.10970999300479889,
            0.04491923376917839,
            -0.005863815546035767
        ],
        [
            0.10402434319257736,
            0.08181772381067276,
            -0.0850352868437767
        ],
        [
            0.076828233897686,
            -0.007858648896217346,
            -0.01043783500790596
        ],
        [
            0.07176560163497925,
            -0.00025545060634613037,
            -0.0005350001156330109
        ],
        [
            0.07319026440382004,
            0.005374297499656677,
            -0.007153075188398361
        ],
        [
            0.07972139120101929,
            -0.0030395910143852234,
            -0.018236856907606125
        ],
        [
            0.10951774567365646,
            0.08434821665287018,
            -0.07492293417453766
        ],
        [
            0.10868515074253082,
            0.08199109882116318,
            -0.08074099570512772
        ],
        [
            0.10185790061950684,
            0.08405192196369171,
            -0.017695747315883636
        ],
        [
            0.09946157783269882,
            0.0882546603679657,
            -0.022333219647407532
        ],
        [
            0.09683629125356674,
            0.09073018282651901,
            -0.02029157616198063
        ],
        [
            0.10022307187318802,
            0.08936016261577606,
            -0.01439944189041853
        ],
        [
            0.08147214353084564,
            0.03914741054177284,
            0.015691887587308884
        ],
        [
            0.09104388952255249,
            0.08497640490531921,
            0.005938880145549774
        ],
        [
            0.08400073647499084,
            0.08274010568857193,
            -0.00010264478623867035
        ],
        [
            0.07752059400081635,
            0.026989877223968506,
            0.015954796224832535
        ],
        [
            0.07391352206468582,
            0.0237063467502594,
            0.0074158161878585815
        ],
        [
            0.07284541428089142,
            0.01583726704120636,
            0.013082697987556458
        ],
        [
            0.07786749303340912,
            0.07466237992048264,
            -0.03578208386898041
        ],
        [
            0.07406801730394363,
            0.03394574671983719,
            -0.008235868066549301
        ],
        [
            0.07312259078025818,
            0.021990343928337097,
            -5.416944622993469e-05
        ],
        [
            0.0718071460723877,
            0.012482024729251862,
            0.0063600316643714905
        ],
        [
            0.07033198326826096,
            0.006102800369262695,
            0.011576738208532333
        ],
        [
            0.071787528693676,
            0.010417498648166656,
            0.01840813085436821
        ],
        [
            0.09150367230176926,
            0.0887368768453598,
            -0.07970231026411057
        ],
        [
            0.0937233567237854,
            0.09585724771022797,
            -0.07656242698431015
        ],
        [
            0.06900046765804291,
            0.0045638903975486755,
            0.0248110294342041
        ],
        [
            0.06814209371805191,
            -0.00016323477029800415,
            0.016810104250907898
        ],
        [
            0.07314968854188919,
            0.018909193575382233,
            -0.0087771937251091
        ],
        [
            0.074836365878582,
            0.014723353087902069,
            -0.019366219639778137
        ],
        [
            0.07430458813905716,
            0.030632805079221725,
            -0.01634085923433304
        ],
        [
            0.07575894892215729,
            0.027570970356464386,
            -0.027463145554065704
        ],
        [
            0.07369116693735123,
            0.06790635734796524,
            -0.04291116073727608
        ],
        [
            0.10417042672634125,
            0.11096537113189697,
            -0.08030585944652557
        ],
        [
            0.09905624389648438,
            0.10191921144723892,
            -0.07491906732320786
        ],
        [
            0.10388071835041046,
            0.0999174565076828,
            -0.07231514900922775
        ],
        [
            0.1066986545920372,
            0.11000274121761322,
            -0.07679705321788788
        ],
        [
            0.09789512306451797,
            0.09609901905059814,
            -0.0711856484413147
        ],
        [
            0.09615354984998703,
            0.10064063966274261,
            -0.07968521118164062
        ],
        [
            0.08193866908550262,
            0.021394796669483185,
            -0.03988570719957352
        ],
        [
            0.10020384937524796,
            0.07460452616214752,
            -0.05674608051776886
        ],
        [
            0.0844254195690155,
            0.005955144762992859,
            -0.03230283409357071
        ],
        [
            0.09144533425569534,
            0.01909228414297104,
            -0.05492022633552551
        ],
        [
            0.09571188688278198,
            0.007612630724906921,
            -0.04920852929353714
        ],
        [
            0.08890648931264877,
            -0.010144241154193878,
            -0.025526579469442368
        ],
        [
            0.09810971468687057,
            -0.005724895745515823,
            -0.039704516530036926
        ],
        [
            0.08319646120071411,
            -0.018738776445388794,
            -0.010533496737480164
        ],
        [
            0.08501080423593521,
            -0.013378635048866272,
            -0.01729040965437889
        ],
        [
            0.10897766798734665,
            0.0006952062249183655,
            -0.05275571718811989
        ],
        [
            0.11575890332460403,
            0.09958519041538239,
