{
    "pred_cam": [
        9.516866683959961,
        -0.14088258147239685,
        -0.06559395790100098
    ],
    "pred_mano_params": {
        "global_orient": [
            [
                [
                    0.01599505916237831,
                    -0.9947383999824524,
                    0.10119137167930603
                ],
                [
                    -0.686469316482544,
                    -0.08450835943222046,
                    -0.722231388092041
                ],
                [
                    0.7269827723503113,
                    -0.057912636548280716,
                    -0.6842091083526611
                ]
            ]
        ],
        "hand_pose": [
            [
                [
                    0.8246670365333557,
                    -0.42860373854637146,
                    -0.36908429861068726
                ],
                [
                    0.4161072373390198,
                    0.9017069935798645,
                    -0.11738528311252594
                ],
                [
                    0.3831176459789276,
                    -0.05677488073706627,
                    0.9219531416893005
                ]
            ],
            [
                [
                    0.9495108127593994,
                    -0.3047400116920471,
                    0.07458432763814926
                ],
                [
                    0.31371963024139404,
                    0.9199354648590088,
                    -0.2351568341255188
                ],
                [
                    0.003048925893381238,
                    0.24668249487876892,
                    0.9690915942192078
                ]
            ],
            [
                [
                    0.8686196804046631,
                    -0.4942152202129364,
                    -0.03537259250879288
                ],
                [
                    0.4782671630382538,
                    0.8549590706825256,
                    -0.20076240599155426
                ],
                [
                    0.12946194410324097,
                    0.15746861696243286,
                    0.9790011644363403
                ]
            ],
            [
                [
                    0.8142967224121094,
                    -0.5167718529701233,
                    -0.264325350522995
                ],
                [
                    0.48273512721061707,
                    0.8557910919189453,
                    -0.18597960472106934
                ],
                [
                    0.3223162889480591,
                    0.023843422532081604,
                    0.946331799030304
                ]
            ],
            [
                [
                    0.8679913878440857,
                    -0.46448349952697754,
                    -0.17563043534755707
                ],
                [
                    0.4958667755126953,
                    0.8296636939048767,
                    0.2564648985862732
                ],
                [
                    0.02659050188958645,
                    -0.3096986413002014,
                    0.9504628777503967
                ]
            ],
            [
                [
                    0.8665145635604858,
                    -0.4989373981952667,
                    -0.01463206484913826
                ],
                [
                    0.49915021657943726,
                    0.8662146925926208,
                    0.02282840758562088
                ],
                [
                    0.0012845650780946016,
                    -0.027084743604063988,
                    0.9996323585510254
                ]
            ],
            [
                [
                    0.8025511503219604,
                    -0.5364416241645813,
                    0.2610403001308441
                ],
                [
                    0.5704910159111023,
                    0.8180721998214722,
                    -0.07278682291507721
                ],
                [
                    -0.17450392246246338,
                    0.20733630657196045,
                    0.9625799059867859
                ]
            ],
            [
                [
                    0.9182968139648438,
                    -0.33976587653160095,
                    -0.20319952070713043
                ],
                [
                    0.3935931324958801,
                    0.8387693166732788,
                    0.37623193860054016
                ],
                [
                    0.04260675236582756,
                    -0.4254705607891083,
                    0.9039686918258667
                ]
            ],
            [
                [
                    0.7556238174438477,
                    -0.5483335852622986,
                    0.3582775294780731
                ],
                [
                    0.4979669153690338,
                    0.8362452983856201,
                    0.2296144962310791
                ],
                [
                    -0.42551323771476746,
                    0.004908124916255474,
                    0.904938817024231
                ]
            ],
            [
                [
                    0.8514481782913208,
                    -0.518964409828186,
                    -0.07557764649391174
                ],
                [
                    0.49435698986053467,
                    0.8423370122909546,
                    -0.2146613448858261
                ],
                [
                    0.17506344616413116,
                    0.1454106718301773,
                    0.9737600088119507
                ]
            ],
            [
                [
                    0.8585859537124634,
                    -0.48892584443092346,
                    -0.15421296656131744
                ],
                [
                    0.5093668699264526,
                    0.7794575691223145,
                    0.3646796643733978
                ],
                [
                    -0.05809885263442993,
                    -0.39165985584259033,
                    0.91827392578125
                ]
            ],
            [
                [
                    0.7941142916679382,
                    -0.6031587719917297,
                    -0.07471355050802231
                ],
                [
                    0.6073459982872009,
                    0.782960057258606,
                    0.13455231487751007
                ],
                [
                    -0.02265867218375206,
                    -0.15222688019275665,
                    0.9880858063697815
                ]
            ],
            [
                [
                    0.9994522333145142,
                    0.009199154563248158,
                    -0.03179086744785309
                ],
                [
                    -0.029876189306378365,
                    0.6640260815620422,
                    -0.7471122741699219
                ],
                [
                    0.014237170107662678,
                    0.7476527690887451,
                    0.6639372110366821
                ]
            ],
            [
                [
                    0.8295089602470398,
                    -0.3259948790073395,
                    -0.45347777009010315
                ],
                [
                    0.4908474087715149,
                    0.8128880262374878,
                    0.31349945068359375
                ],
                [
                    0.2664273977279663,
                    -0.4826390743255615,
                    0.8343116641044617
                ]
            ],
            [
                [
                    0.9475844502449036,
                    0.2997182309627533,
                    -0.11069174855947495
                ],
                [
                    -0.30969586968421936,
                    0.946796715259552,
                    -0.08754658699035645
                ],
                [
                    0.07856328040361404,
                    0.11723855137825012,
                    0.9899913668632507
                ]
            ]
        ],
        "betas": [
            -0.08327856659889221,
            -0.03019621968269348,
            0.013497471809387207,
            0.057552844285964966,
            -0.0032070279121398926,
            0.02942759357392788,
            0.03047230839729309,
            -0.035283565521240234,
            0.02769067883491516,
            -0.06612887978553772
        ]
    },
    "pred_cam_t": [
        -0.14088258147239685,
        -0.06559395790100098,
        4.104554653167725
    ],
    "focal_length": [
        5000.0,
        5000.0
    ],
    "pred_keypoints_3d": [
        [
            0.09606962651014328,
            0.006413001101464033,
            0.00620993971824646
        ],
        [
            0.11385388672351837,
            0.005567226093262434,
            -0.028218287974596024
        ],
        [
            0.13168269395828247,
            0.009248383343219757,
            -0.0531981959939003
        ],
        [
            0.1440870314836502,
            0.028446834534406662,
            -0.06791462004184723
        ],
        [
            0.15248070657253265,
            0.051918335258960724,
            -0.09436848014593124
        ],
        [
            0.10193106532096863,
            0.05262725055217743,
            -0.07205194979906082
        ],
        [
            0.11060941219329834,
            0.08155526220798492,
            -0.08560463786125183
        ],
        [
            0.12540939450263977,
            0.09783562272787094,
            -0.08898387104272842
        ],
        [
            0.14596211910247803,
            0.1122770607471466,
            -0.08375266939401627
        ],
        [
            0.09566080570220947,
            0.07428478449583054,
            -0.060523852705955505
        ],
        [
            0.1061248779296875,
            0.10351251810789108,
            -0.06742072105407715
        ],
        [
            0.12465448677539825,
            0.11740072816610336,
            -0.06458204239606857
        ],
        [
            0.1486406922340393,
            0.1251787543296814,
            -0.05940724536776543
        ],
        [
            0.09596308320760727,
            0.08249710500240326,
            -0.03490472584962845
        ],
        [
            0.10575684905052185,
            0.10748396813869476,
            -0.045774634927511215
        ],
        [
            0.12602293491363525,
            0.12147276103496552,
            -0.04236705228686333
        ],
        [
            0.1499267965555191,
            0.125491201877594,
            -0.03486150503158569
        ],
        [
            0.10047836601734161,
            0.08606541156768799,
            -0.013726254925131798
        ],
        [
            0.10808658599853516,
            0.10502460598945618,
            -0.019375331699848175
        ],
        [
            0.12204527109861374,
            0.1176920086145401,
            -0.01686769351363182
        ],
        [
            0.13918590545654297,
            0.11947627365589142,
            -0.01656976155936718
        ]
    ],
    "pred_vertices": [
        [
            0.1145973652601242,
            0.03054092824459076,
            -0.04062756150960922
        ],
        [
            0.11673534661531448,
            0.0241868756711483,
            -0.03241007775068283
        ],
        [
            0.12264034897089005,
            0.024323346093297005,
            -0.0411376915872097
        ],
        [
            0.11911115050315857,
            0.029561853036284447,
            -0.049308937042951584
        ],
        [
            0.13179807364940643,
            0.010186683386564255,
            -0.02597535401582718
        ],
        [
            0.13271604478359222,
            -0.002264171838760376,
            -0.02690654993057251
        ],
        [
            0.14016512036323547,
            0.003548353910446167,
            -0.041048016399145126
        ],
        [
            0.13919904828071594,
            0.013033818453550339,
            -0.03691587597131729
        ],
        [
            0.1211589127779007,
            0.028355088084936142,
            -0.05632484704256058
        ],
        [
            0.12721796333789825,
            0.02431446686387062,
            -0.04766249284148216
        ],
        [
            0.11936245113611221,
            0.025393858551979065,
            -0.05820908024907112
        ],
        [
            0.10789027065038681,
            0.029080936685204506,
            -0.06752472370862961
        ],
        [
            0.1133655235171318,
            0.03205040842294693,
            -0.06398231536149979
        ],
        [
            0.10254929959774017,
            0.03461933135986328,
            -0.07279273867607117
        ],
        [
            0.09893974661827087,
            0.022897638380527496,
            -0.06445948779582977
        ],
        [
            0.09302391856908798,
            0.03599688410758972,
            -0.07096792757511139
        ],
        [
            0.08083610236644745,
            0.034160662442445755,
            -0.04320497810840607
        ],
        [
            0.07880322635173798,
            0.041093919426202774,
            -0.03149708732962608
        ],
        [
            0.07913433015346527,
            0.054117944091558456,
            -0.04248477518558502
        ],
        [
            0.08196288347244263,
            0.04598594456911087,
            -0.05320899933576584
        ],
        [
            0.08125756680965424,
            0.05958578363060951,
            -0.022252613678574562
        ],
        [
            0.0798972025513649,
            0.05738934874534607,
            -0.0339384600520134
        ],
        [
            0.0783691555261612,
            0.04433108866214752,
            -0.02298770844936371
        ],
        [
            0.07980760931968689,
            0.04704657569527626,
            -0.013110652565956116
        ],
        [
            0.11001598834991455,
            0.03405645862221718,
            -0.024984586983919144
        ],
        [
            0.11109659075737,
            0.02732265368103981,
            -0.016778569668531418
        ],
        [
            0.11171608418226242,
            0.025684021413326263,
            -0.022613849490880966
        ],
        [
            0.11100149154663086,
            0.031937602907419205,
            -0.030238017439842224
        ],
        [
            0.1242959126830101,
            0.01842561736702919,
            -0.06157561391592026
        ],
        [
            0.1128600463271141,
            0.011378675699234009,
            -0.06049039214849472
        ],
        [
            0.11405207216739655,
            0.019237913191318512,
            -0.06083933636546135
        ],
        [
            0.1268739104270935,
            0.02233992889523506,
            -0.058388032019138336
        ],
        [
            0.11834956705570221,
            0.015788592398166656,
            0.009344678372144699
        ],
        [
            0.11279329657554626,
            0.005338706076145172,
            0.016041308641433716
        ],
        [
            0.11274958401918411,
            0.0015849173069000244,
            0.011445678770542145
        ],
        [
            0.11728103458881378,
            0.012069214135408401,
            0.006225761026144028
        ],
        [
            0.11995221674442291,
            -0.006960924714803696,
            -0.008126430213451385
        ],
        [
            0.11280103772878647,
            -0.01108601689338684,
            -0.0016419440507888794
        ],
        [
            0.10517445206642151,
            -0.02190116047859192,
            -0.005479820072650909
        ],
        [
            0.10948190838098526,
            -0.018369607627391815,
            -0.01403210312128067
        ],
        [
            0.12702138721942902,
            -0.0041964054107666016,
            -0.01736130565404892
        ],
        [
            0.11944076418876648,
            -0.01512197032570839,
            -0.022236093878746033
        ],
        [
            0.12722225487232208,
            -0.01123252883553505,
            -0.032417986541986465
        ],
        [
            0.13646546006202698,
            -0.002979584038257599,
            -0.046881165355443954
        ],
        [
            0.10969241708517075,
            0.013308115303516388,
            0.025739215314388275
        ],
        [
            0.11383748799562454,
            0.022050105035305023,
            0.022367894649505615
        ],
        [
            0.12223878502845764,
            0.07913283258676529,
            -0.08701811730861664
        ],
        [
            0.12204796820878983,
            0.0821346864104271,
            -0.08186063915491104
        ],
        [
            0.12065991759300232,
            0.07756437361240387,
            -0.08077652752399445
        ],
        [
            0.12067161500453949,
            0.07554589956998825,
            -0.08624309301376343
        ],
        [
            0.09402374923229218,
            0.0259675532579422,
            0.028783023357391357
        ],
        [
            0.0840989351272583,
            0.02548649162054062,
            0.026507798582315445
        ],
        [
            0.08532591909170151,
            0.02072964608669281,
            0.03194598853588104
        ],
        [
            0.09471460431814194,
            0.019635260105133057,
            0.0329056940972805
        ],
        [
            0.09324385970830917,
            0.03426850959658623,
            0.02322191745042801
        ],
        [
            0.08310852944850922,
            0.03179999440908432,
            0.01859963685274124
        ],
        [
            0.11301207542419434,
            0.08355492353439331,
            -0.09473836421966553
        ],
        [
            0.11736948788166046,
            0.08076024800539017,
            -0.0943785011768341
        ],
        [
            0.11373923718929291,
            0.07704334706068039,
            -0.09358547627925873
        ],
        [
            0.10902710258960724,
            0.07944126427173615,
            -0.09277638047933578
        ],
        [
            0.11544083803892136,
            0.03440110385417938,
            -0.05716557428240776
        ],
        [
            0.11417503654956818,
            0.03677947819232941,
            -0.047924868762493134
        ],
        [
            0.11273332685232162,
            0.047908682376146317,
            -0.06834035366773605
        ],
        [
            0.11215374618768692,
            0.044207122176885605,
            -0.05950826779007912
        ],
        [
            0.11211518943309784,
            0.038951240479946136,
            -0.06469234824180603
        ],
        [
            0.11116594076156616,
            0.04283435270190239,
            -0.07170317322015762
        ],
        [
            0.10828930139541626,
            0.05311885476112366,
            -0.03751483932137489
        ],
        [
            0.10847032070159912,
            0.04413135349750519,
            -0.029879704117774963
        ],
        [
            0.10913963615894318,
            0.042000338435173035,
            -0.03619260713458061
        ],
        [
            0.10987948626279831,
            0.05082341283559799,
            -0.04575226083397865
        ],
        [
            0.10987723618745804,
            0.05095568299293518,
            -0.017414245754480362
        ],
        [
            0.1091836467385292,
            0.059277184307575226,
            -0.02598651498556137
        ],
        [
            0.11005105078220367,
            0.06229444593191147,
            -0.0179386455565691
        ],
        [
            0.11135829985141754,
            0.05582490935921669,
            -0.013196922838687897
        ],
        [
            0.10719989985227585,
            0.07110237330198288,
            -0.04317883774638176
        ],
        [
            0.10542254894971848,
            0.07604045420885086,
            -0.04793017357587814
        ],
        [
            0.10650953650474548,
            0.07968501001596451,
            -0.04530679062008858
        ],
        [
            0.10707555711269379,
            0.07297804206609726,
            -0.03975842148065567
        ],
        [
            0.08546425402164459,
            0.015630029141902924,
            0.03690681606531143
        ],
        [
            0.09500590711832047,
            0.013062886893749237,
            0.0360899493098259
        ],
        [
            0.08675511181354523,
            0.06634636223316193,
            -0.0022115185856819153
        ],
        [
            0.09420474618673325,
            0.0660293698310852,
            0.006228882819414139
        ],
        [
            0.09412965923547745,
            0.07781383395195007,
            0.0006950590759515762
        ],
        [
            0.086025170981884,
            0.07506319880485535,
            -0.007045956328511238
        ],
        [
            0.07701906561851501,
            0.02245943248271942,
            0.01935996115207672
        ],
        [
            0.07697314023971558,
            0.018915720283985138,
            0.02640700340270996
        ],
        [
            0.10938788950443268,
            0.08749458193778992,
            -0.09154298901557922
        ],
        [
            0.1060231477022171,
            0.08298889547586441,
            -0.08885636925697327
        ],
        [
            0.11463513225317001,
            -0.01465313509106636,
            -0.03621971234679222
        ],
        [
            0.12847742438316345,
            -0.005548883229494095,
            -0.05189042165875435
        ],
        [
            0.10456208884716034,
            -0.018377266824245453,
            -0.023915722966194153
        ],
        [
            0.09756901115179062,
            -0.020201053470373154,
            -0.015459589660167694
        ],
        [
            0.09363405406475067,
            -0.024151217192411423,
            -0.008635982871055603
        ],
        [
            0.1116277426481247,
            0.050558339804410934,
            -0.0575079619884491
        ],
        [
            0.11142800003290176,
            0.03696731477975845,
            -0.03878472372889519
        ],
        [
            0.10989579558372498,
            0.036289364099502563,
            -0.02032342180609703
        ],
        [
            0.1146935224533081,
            0.05495399609208107,
            0.004008833318948746
        ],
        [
            0.11554514616727829,
            0.04647299274802208,
            0.010486718267202377
        ],
        [
            0.11654354631900787,
            0.043855197727680206,
            0.00014305859804153442
        ],
        [
            0.11494259536266327,
            0.05182254686951637,
            -0.00341758131980896
        ],
        [
            0.1038622260093689,
            0.0670291930437088,
            0.007948629558086395
        ],
        [
            0.11037775129079819,
            0.06616626679897308,
            0.0031783170998096466
        ],
        [
            0.10914823412895203,
            0.07409262657165527,
            -0.0018907710909843445
        ],
        [
            0.10292543470859528,
            0.0764814168214798,
            0.0024069659411907196
        ],
        [
            0.12559100985527039,
            0.012336045503616333,
            -0.06569700688123703
        ],
        [
            0.11343561112880707,
            0.003820914775133133,
            -0.05994964763522148
        ],
        [
            0.10451820492744446,
            0.024223215878009796,
            0.02796134352684021
        ],
        [
            0.104106605052948,
            0.016711868345737457,
            0.030119050294160843
        ],
        [
            0.10166825354099274,
            0.0095304474234581,
            0.03398759663105011
        ],
        [
            0.11537870764732361,
            0.02077094465494156,
            -0.004551511257886887
        ],
        [
            0.11667171120643616,
            0.009475961327552795,
            0.004063248634338379
        ],
        [
            0.11733420938253403,
            0.007494285702705383,
            0.00023970752954483032
        ],
        [
            0.11427466571331024,
            0.01951458305120468,
            -0.007514309138059616
        ],
        [
            0.12083802372217178,
            0.018485724925994873,
            -0.022726446390151978
        ],
        [
            0.12462138384580612,
            0.008413054049015045,
            -0.014471210539340973
        ],
        [
            0.12778963148593903,
            0.020389268174767494,
            -0.03174835443496704
        ],
        [
            0.11253977566957474,
            -0.004835091531276703,
            0.006395764648914337
        ],
        [
            0.11095085740089417,
            -0.006874635815620422,
            0.017123475670814514
        ],
        [
            0.11012406647205353,
            -0.013002485036849976,
            0.010631412267684937
        ],
        [
            0.10927125066518784,
            -0.0005193650722503662,
            0.024492304772138596
        ],
        [
            0.10629624128341675,
            0.005372680723667145,
            0.030585773289203644
        ],
        [
            0.07409754395484924,
            0.014386706054210663,
            0.033058177679777145
        ],
        [
            0.10795153677463531,
            -0.017823785543441772,
            0.004040583968162537
        ],
        [
            0.14293590188026428,
            0.015084881335496902,
            -0.04534691944718361
        ],
        [
            0.14507722854614258,
            0.018645524978637695,
            -0.05199233442544937
        ],
        [
            0.13991966843605042,
            0.02343830093741417,
            -0.05046602338552475
        ],
        [
            0.13741189241409302,
            0.02085612155497074,
            -0.04536190256476402
        ],
        [
            0.09971186518669128,
            0.04259300231933594,
            -0.07850734889507294
        ],
        [
            0.10725171118974686,
            0.04184023290872574,
            -0.07637685537338257
        ],
        [
            0.10911007225513458,
            0.034564755856990814,
            -0.06977404654026031
        ],
        [
            0.11863178014755249,
            0.027167070657014847,
            0.006800174713134766
        ],
        [
            0.1150156781077385,
            0.03196136653423309,
            0.017993144690990448
        ],
        [
            0.1118558943271637,
            0.054121214896440506,
            -0.06617017835378647
        ],
        [
            0.10535019636154175,
            0.07598277181386948,
            -0.09112433344125748
        ],
        [
            0.11042097210884094,
            0.07299843430519104,
            -0.0922640711069107
        ],
        [
            0.10381745547056198,
            0.057086434215307236,
            -0.08576270937919617
        ],
        [
            0.09818074852228165,
            0.061011165380477905,
            -0.08496135473251343
        ],
        [
            0.10699199885129929,
            0.06402789801359177,
            -0.06780215352773666
        ],
        [
            0.11126428842544556,
            0.05826466903090477,
            -0.0682244747877121
        ],
        [
            0.11055052280426025,
            0.06102078780531883,
            -0.06870433688163757
        ],
        [
            0.10775350034236908,
            0.06677202880382538,
            -0.06694049388170242
        ],
        [
            0.1066022589802742,
            0.08084028959274292,
            -0.03605018928647041
        ],
        [
            0.10742946714162827,
            0.07520614564418793,
            -0.03132041171193123
        ],
        [
            0.08659134060144424,
            0.058469176292419434,
            -0.062327612191438675
        ],
        [
            0.0847257450222969,
            0.048409998416900635,
            -0.0708870142698288
        ],
        [
            0.08505523949861526,
            0.0390373133122921,
            -0.06298978626728058
        ],
        [
            0.10840919613838196,
            0.055921509861946106,
            -0.030529135838150978
        ],
        [
            0.10829553008079529,
            0.06448885053396225,
            -0.036779750138521194
        ],
        [
            0.10821127891540527,
            0.06656002998352051,
            -0.03308882564306259
        ],
        [
            0.11061926931142807,
            0.055375948548316956,
            -0.057510752230882645
        ],
        [
            0.10993777960538864,
            0.05939708650112152,
            -0.06353630125522614
        ],
        [
            0.10890552401542664,
            0.061058782041072845,
            -0.058839350938797
        ],
        [
            0.10957909375429153,
            0.057269297540187836,
            -0.05230535566806793
        ],
        [
            0.09283733367919922,
            0.05470144376158714,
            0.012908224016427994
        ],
        [
            0.10423914343118668,
            0.05605703964829445,
            0.015219870954751968
        ],
        [
            0.12062935531139374,
            0.07890725135803223,
            -0.09156464040279388
        ],
        [
            0.11801106482744217,
            0.07531507313251495,
            -0.09096454083919525
        ],
        [
            0.10857279598712921,
            0.04702770709991455,
            -0.02318534255027771
        ],
        [
            0.0858730673789978,
            0.02852777950465679,
            -0.0526503324508667
        ],
        [
            0.11021649837493896,
            0.03877682238817215,
            -0.015366721898317337
        ],
        [
            0.08882074058055878,
            0.07990485429763794,
            -0.026156628504395485
        ],
        [
            0.09566282480955124,
            0.08387703448534012,
            -0.023969106376171112
        ],
        [
            0.09654303640127182,
            0.08685711771249771,
            -0.02840108424425125
        ],
        [
            0.09089396148920059,
            0.08628234267234802,
            -0.031112492084503174
        ],
        [
            0.11167958378791809,
            0.08004040271043777,
            -0.07261291891336441
        ],
        [
            0.11657983809709549,
            0.07746398448944092,
            -0.0744207352399826
        ],
        [
            0.11822660267353058,
            0.08109231293201447,
            -0.076125867664814
        ],
        [
            0.11351095139980316,
            0.08429203927516937,
            -0.07484069466590881
        ],
        [
            0.112703837454319,
            0.053667016327381134,
            -0.0716037005186081
        ],
        [
            0.111680768430233,
            0.049095701426267624,
            -0.07602281868457794
        ],
        [
            0.11290917545557022,
            0.05544870346784592,
            -0.07794279605150223
        ],
        [
            0.11253196746110916,
            0.05861584469676018,
            -0.07284882664680481
        ],
        [
            0.107278011739254,
            0.048894915729761124,
            -0.08056726306676865
        ],
        [
            0.10908571630716324,
            0.05489460378885269,
            -0.08296369761228561
        ],
        [
            0.10578292608261108,
            0.08179677277803421,
            -0.07478243112564087
        ],
        [
            0.10151010751724243,
            0.08144110441207886,
            -0.08100739866495132
        ],
        [
            0.09515581279993057,
            0.06900233775377274,
            -0.0741155743598938
        ],
        [
            0.10166122764348984,
            0.07072611898183823,
            -0.06951013207435608
        ],
        [
            0.07725357264280319,
            0.03491199389100075,
            -0.004452299326658249
        ],
        [
            0.08017507940530777,
            0.03967723250389099,
            0.005288645625114441
        ],
        [
            0.08263836055994034,
            0.051923297345638275,
            -0.0030245929956436157
        ],
        [
            0.08393582701683044,
            0.0642208606004715,
            -0.010722775012254715
        ],
        [
            0.08621728420257568,
            0.0751827284693718,
            -0.019082538783550262
        ],
        [
            0.08142583072185516,
            0.07051384449005127,
            -0.029550284147262573
        ],
        [
            0.08525626361370087,
            0.053926434367895126,
            0.004510607570409775
        ],
        [
            0.0988035574555397,
            0.06669840216636658,
            -0.06673531234264374
        ],
        [
            0.09150383621454239,
            0.06087953597307205,
            -0.06967770308256149
        ],
        [
            0.09231889247894287,
            0.06441639363765717,
            -0.0660400465130806
        ],
        [
            0.11229745298624039,
            0.04279567673802376,
            -0.009375430643558502
        ],
        [
            0.11499901860952377,
            0.07121185958385468,
            -0.09020064026117325
        ],
        [
            0.07748950272798538,
            -0.009125936776399612,
            -0.010017633438110352
        ],
        [
            0.07213778793811798,
            -0.0001889541745185852,
            -0.0013660043478012085
        ],
        [
            0.07420618832111359,
            0.004564452916383743,
            -0.008529715240001678
        ],
        [
            0.08108697086572647,
            -0.005359526723623276,
            -0.018197815865278244
        ],
        [
            0.11942003667354584,
            0.07365728169679642,
            -0.07950624078512192
        ],
        [
            0.11911483108997345,
            0.07114982604980469,
            -0.08535397797822952
        ],
        [
            0.10713232308626175,
            0.07985402643680573,
            -0.02607426606118679
        ],
        [
            0.10563274472951889,
            0.08377178013324738,
            -0.031032167375087738
        ],
        [
            0.10307029634714127,
            0.0866912305355072,
            -0.029173608869314194
        ],
        [
            0.10600346326828003,
            0.08568082749843597,
            -0.02321513555943966
        ],
        [
            0.08237940818071365,
            0.04069967567920685,
            0.010789204388856888
        ],
        [
            0.09465096890926361,
            0.08488856256008148,
            -0.003671148791909218
        ],
        [
            0.08772945404052734,
            0.08258911222219467,
            -0.010288752615451813
        ],
        [
            0.07794420421123505,
            0.028736934065818787,
            0.01221230998635292
        ],
        [
            0.07474662363529205,
            0.024557650089263916,
            0.003865554928779602
        ],
        [
            0.07300218939781189,
            0.017442181706428528,
            0.010356247425079346
        ],
        [
            0.08363835513591766,
            0.07010102272033691,
            -0.045120444148778915
        ],
        [
            0.07628828287124634,
            0.03287037834525108,
            -0.012920226901769638
        ],
        [
            0.07436984032392502,
            0.021965913474559784,
            -0.0034191757440567017
        ],
        [
            0.07226474583148956,
            0.013319715857505798,
            0.003995709121227264
        ],
        [
            0.07018387317657471,
            0.007660210132598877,
            0.009832445532083511
        ],
        [
            0.07136093080043793,
            0.01273646205663681,
            0.016211241483688354
        ],
        [
            0.10246651619672775,
            0.0792963057756424,
            -0.08649849891662598
        ],
        [
            0.10494581609964371,
            0.0863242968916893,
            -0.08309940993785858
        ],
        [
            0.0679488480091095,
            0.007768698036670685,
            0.023074466735124588
        ],
        [
            0.06740608811378479,
            0.002133607864379883,
            0.015618324279785156
        ],
        [
            0.07481199502944946,
            0.017839990556240082,
            -0.011732924729585648
        ],
        [
            0.07700205594301224,
            0.012355990707874298,
            -0.021718624979257584
        ],
        [
            0.07690563797950745,
            0.028564728796482086,
            -0.02058684080839157
        ],
        [
            0.07894382625818253,
            0.024124596267938614,
            -0.031218424439430237
        ],
        [
            0.07923638820648193,
            0.06281313300132751,
            -0.051892317831516266
        ],
        [
            0.11711438745260239,
            0.10062943398952484,
            -0.08547978103160858
        ],
        [
            0.11053787171840668,
            0.09204947203397751,
            -0.0808257907629013
        ],
        [
            0.11476977914571762,
            0.08964558690786362,
            -0.07757896184921265
        ],
        [
            0.11894980072975159,
            0.09944659471511841,
            -0.08160164207220078
        ],
        [
            0.10844940692186356,
            0.08630931377410889,
            -0.07718778401613235
        ],
        [
            0.10820449143648148,
            0.09094366431236267,
            -0.08591974526643753
        ],
        [
            0.08583088219165802,
            0.016286861151456833,
            -0.042545005679130554
        ],
        [
            0.1076301708817482,
            0.06619930267333984,
            -0.06396465748548508
        ],
        [
            0.08718040585517883,
            0.0017643123865127563,
            -0.033072348684072495
        ],
        [
            0.09658001363277435,
            0.011812783777713776,
            -0.05649271607398987
        ],
        [
            0.09999237209558487,
            0.0009478963911533356,
            -0.04925861954689026
        ],
        [
            0.09041814506053925,
            -0.013664007186889648,
            -0.0240749754011631
        ],
        [
            0.10093456506729126,
            -0.011295836418867111,
            -0.03810667246580124
        ],
        [
            0.0834035873413086,
            -0.020186584442853928,
            -0.008389003574848175
        ],
        [
            0.08583676815032959,
            -0.015737369656562805,
            -0.015669718384742737
        ],
        [
            0.11357267946004868,
            -0.006832510232925415,
            -0.05110336095094681
        ],
        [
            0.12784072756767273,
