{
    "pred_cam": [
        6.524083137512207,
        0.1525914967060089,
        -0.044731125235557556
    ],
    "pred_mano_params": {
        "global_orient": [
            [
                [
                    -0.5953859686851501,
                    -0.7218521237373352,
                    0.3527677059173584
                ],
                [
                    -0.5160620808601379,
                    0.007069077808409929,
                    -0.8565219640731812
                ],
                [
                    0.615788459777832,
                    -0.6920112371444702,
                    -0.3767293393611908
                ]
            ]
        ],
        "hand_pose": [
            [
                [
                    0.746653139591217,
                    -0.5795648694038391,
                    -0.32651740312576294
                ],
                [
                    0.5766123533248901,
                    0.808631420135498,
                    -0.11676230281591415
                ],
                [
                    0.3317035436630249,
                    -0.10109301656484604,
                    0.9379514455795288
                ]
            ],
            [
                [
                    0.9645241498947144,
                    -0.16377387940883636,
                    0.20705381035804749
                ],
                [
                    0.19406583905220032,
                    0.9715815782546997,
                    -0.13552755117416382
                ],
                [
                    -0.17897379398345947,
                    0.17090167105197906,
                    0.9688968062400818
                ]
            ],
            [
                [
                    0.7793827056884766,
                    -0.6195899248123169,
                    0.09311812371015549
                ],
                [
                    0.6239481568336487,
                    0.7540032267570496,
                    -0.2053481787443161
                ],
                [
                    0.057020291686058044,
                    0.2181456983089447,
                    0.9742490649223328
                ]
            ],
            [
                [
                    0.7084704637527466,
                    -0.6949779987335205,
                    -0.12278079986572266
                ],
                [
                    0.7020132541656494,
                    0.7118383646011353,
                    0.02153102122247219
                ],
                [
                    0.07243649661540985,
                    -0.10144782811403275,
                    0.9922002553939819
                ]
            ],
            [
                [
                    0.9271253347396851,
                    -0.3747476041316986,
                    -0.0016760113649070263
                ],
                [
                    0.3537081778049469,
                    0.8735788464546204,
                    0.334291011095047
                ],
                [
                    -0.12381061911582947,
                    -0.31052249670028687,
                    0.9424684047698975
                ]
            ],
            [
                [
                    0.7625654339790344,
                    -0.6040053367614746,
                    -0.2316710650920868
                ],
                [
                    0.6312201619148254,
                    0.7731157541275024,
                    0.0620734803378582
                ],
                [
                    0.1416158378124237,
                    -0.19357053935527802,
                    0.970811665058136
                ]
            ],
            [
                [
                    0.5447907447814941,
                    -0.6598023176193237,
                    0.5175556540489197
                ],
                [
                    0.5473181009292603,
                    0.7473732233047485,
                    0.3766644299030304
                ],
                [
                    -0.635331392288208,
                    0.07806426286697388,
                    0.7682837843894958
                ]
            ],
            [
                [
                    0.8925554156303406,
                    -0.4050866961479187,
                    -0.198115274310112
                ],
                [
                    0.44917142391204834,
                    0.8375082612037659,
                    0.3111670911312103
                ],
                [
                    0.039873551577329636,
                    -0.36672157049179077,
                    0.9294759035110474
                ]
            ],
            [
                [
                    0.8346484303474426,
                    -0.5504207611083984,
                    -0.0199750829488039
                ],
                [
                    0.5387438535690308,
                    0.8083260655403137,
                    0.23741118609905243
                ],
                [
                    -0.11452965438365936,
                    -0.2089163362979889,
                    0.9712038636207581
                ]
            ],
            [
                [
                    0.717622697353363,
                    -0.6880893707275391,
                    0.10747426003217697
                ],
                [
                    0.6909839510917664,
                    0.7227447032928467,
                    0.01346514094620943
                ],
                [
                    -0.0869416669011116,
                    0.06460009515285492,
                    0.9941167235374451
                ]
            ],
            [
                [
                    0.9066653251647949,
                    -0.4209537208080292,
                    -0.02749616838991642
                ],
                [
                    0.3803270161151886,
                    0.7874826192855835,
                    0.4849975109100342
                ],
                [
                    -0.18250873684883118,
                    -0.45018792152404785,
                    0.8740832805633545
                ]
            ],
            [
                [
                    0.7687737345695496,
                    -0.5356059074401855,
                    -0.34944677352905273
                ],
                [
                    0.6110217571258545,
                    0.7764651775360107,
                    0.1541241556406021
                ],
                [
                    0.1887834221124649,
                    -0.33200621604919434,
                    0.9241929054260254
                ]
            ],
            [
                [
                    0.9676573276519775,
                    -0.09326410293579102,
                    -0.2343948781490326
                ],
                [
                    -0.14972364902496338,
                    0.5354791283607483,
                    -0.8311707973480225
                ],
                [
                    0.2030319720506668,
                    0.839383065700531,
                    0.5041964650154114
                ]
            ],
            [
                [
                    0.9124162197113037,
                    -0.29167723655700684,
                    -0.2870904207229614
                ],
                [
                    0.40859904885292053,
                    0.6891664862632751,
                    0.5984114408493042
                ],
                [
                    0.023310068994760513,
                    -0.6633052825927734,
                    0.7479857206344604
                ]
            ],
            [
                [
                    0.9348403215408325,
                    0.3544900715351105,
                    0.020259041339159012
                ],
                [
                    -0.3544524312019348,
                    0.9350576400756836,
                    -0.005543230567127466
                ],
                [
                    -0.02090839110314846,
                    -0.001998829422518611,
                    0.999779462814331
                ]
            ]
        ],
        "betas": [
            -0.04179650545120239,
            0.011585056781768799,
            -0.10336446762084961,
            0.01698663830757141,
            0.06811270117759705,
            -0.016135800629854202,
            0.04666227102279663,
            -0.03922572731971741,
            -0.023354172706604004,
            -0.03869333863258362
        ]
    },
    "pred_cam_t": [
        -0.1525914967060089,
        -0.044731125235557556,
        5.987431526184082
    ],
    "focal_length": [
        5000.0,
        5000.0
    ],
    "pred_keypoints_3d": [
        [
            0.09599469602108002,
            0.006408741697669029,
            0.006194506771862507
        ],
        [
            0.13074825704097748,
            -0.0033617280423641205,
            -0.007676494307816029
        ],
        [
            0.1603381633758545,
            0.0018571061082184315,
            -0.014890171587467194
        ],
        [
            0.1823970079421997,
            0.01568564958870411,
            -0.02272937260568142
        ],
        [
            0.2077527791261673,
            0.027001429349184036,
            -0.0464918315410614
        ],
        [
            0.15972626209259033,
            0.03425602987408638,
            -0.0524645671248436
        ],
        [
            0.1843802034854889,
            0.05627249926328659,
            -0.054941024631261826
        ],
        [
            0.20394007861614227,
            0.06592720001935959,
            -0.050377171486616135
        ],
        [
            0.22180846333503723,
            0.07076165080070496,
            -0.032811276614665985
        ],
        [
            0.15240280330181122,
            0.0582851842045784,
            -0.049994975328445435
        ],
        [
            0.17806532979011536,
            0.07673013210296631,
            -0.04661237820982933
        ],
        [
            0.19808094203472137,
            0.08115804195404053,
            -0.03546340763568878
        ],
        [
            0.2131013423204422,
            0.07773247361183167,
            -0.014776013791561127
        ],
        [
            0.13823436200618744,
            0.0715426653623581,
            -0.031495533883571625
        ],
        [
            0.16377626359462738,
            0.085103839635849,
            -0.03176465258002281
        ],
        [
            0.18416863679885864,
            0.08824741095304489,
            -0.017872313037514687
        ],
        [
            0.1959371715784073,
            0.08584237098693848,
            0.005062524229288101
        ],
        [
            0.1290426403284073,
            0.07897143810987473,
            -0.013101021759212017
        ],
        [
            0.14900825917720795,
            0.08597579598426819,
            -0.013612495735287666
        ],
        [
            0.16461826860904694,
            0.08897088468074799,
            -0.003172479569911957
        ],
        [
            0.17407475411891937,
            0.08622345328330994,
            0.01242843084037304
        ]
    ],
    "pred_vertices": [
        [
            0.14335912466049194,
            0.01858932338654995,
            -0.018730949610471725
        ],
        [
            0.13730737566947937,
            0.014062941074371338,
            -0.010555405169725418
        ],
        [
            0.14640189707279205,
            0.014169689267873764,
            -0.013189062476158142
        ],
        [
            0.15133965015411377,
            0.016525298357009888,
            -0.022091485559940338
        ],
        [
            0.14357540011405945,
            0.004135832190513611,
            0.005702212452888489
        ],
        [
            0.14445461332798004,
            -0.007775340229272842,
            0.007121510803699493
        ],
        [
            0.1595754325389862,
            -0.0022153127938508987,
            0.00032268092036247253
        ],
        [
            0.15697923302650452,
            0.0073748063296079636,
            0.0016112811863422394
        ],
        [
            0.15697504580020905,
            0.015409985557198524,
            -0.02581477165222168
        ],
        [
            0.15423274040222168,
            0.01444188691675663,
            -0.01511852815747261
        ],
        [
            0.1569383144378662,
            0.014161549508571625,
            -0.027988390997052193
        ],
        [
            0.15531352162361145,
            0.014003172516822815,
            -0.043015897274017334
        ],
        [
            0.15773501992225647,
            0.016441043466329575,
            -0.03703467547893524
        ],
        [
            0.15612304210662842,
            0.017664268612861633,
            -0.05103432387113571
        ],
        [
            0.14580364525318146,
            0.009355807676911354,
            -0.04601232707500458
        ],
        [
            0.1485300213098526,
            0.020258089527487755,
            -0.0563608780503273
        ],
        [
            0.1218743622303009,
            0.024616727605462074,
            -0.04328801855444908
        ],
        [
            0.11445419490337372,
            0.03400807082653046,
            -0.03660067915916443
        ],
        [
            0.12424597144126892,
            0.04479845613241196,
            -0.0462137907743454
        ],
        [
            0.1314747929573059,
            0.03420281782746315,
            -0.05140412226319313
        ],
        [
            0.11430816352367401,
            0.05427426099777222,
            -0.03024897351861
        ],
        [
            0.12016656994819641,
            0.04964514076709747,
            -0.03954342007637024
        ],
        [
            0.10948320478200912,
            0.03898242115974426,
            -0.030879806727170944
        ],
        [
            0.10490234196186066,
            0.043616652488708496,
            -0.022901790216565132
        ],
        [
            0.13179439306259155,
            0.025251956656575203,
            -0.010460961610078812
        ],
        [
            0.1257423460483551,
            0.020005885511636734,
            -0.0029626265168190002
        ],
        [
            0.1288520246744156,
            0.016978520900011063,
            -0.0067244283854961395
        ],
        [
            0.13507673144340515,
            0.021998632699251175,
            -0.013521436601877213
        ],
        [
            0.1613914668560028,
            0.008964024484157562,
            -0.027178432792425156
        ],
        [
            0.15126512944698334,
            0.0008716657757759094,
            -0.03243430703878403
        ],
        [
            0.15355917811393738,
            0.008258499205112457,
            -0.03277748078107834
        ],
        [
            0.16235482692718506,
            0.013298513367772102,
            -0.023544425144791603
        ],
        [
            0.1124601811170578,
            0.013910941779613495,
            0.022311512380838394
        ],
        [
            0.10188291221857071,
            0.005778569728136063,
            0.024633586406707764
        ],
        [
            0.10394465178251266,
            0.0011288374662399292,
            0.021579425781965256
        ],
        [
            0.11283725500106812,
            0.009565755724906921,
            0.01972188428044319
        ],
        [
            0.12092266976833344,
            -0.01147148385643959,
            0.013126928359270096
        ],
        [
            0.11017951369285583,
            -0.013984419405460358,
            0.01338057592511177
        ],
        [
            0.10483155399560928,
            -0.024196315556764603,
            0.006491400301456451
        ],
        [
            0.11510662734508514,
            -0.02259376458823681,
            0.002956576645374298
        ],
        [
            0.13321495056152344,
            -0.009769193828105927,
            0.01066003367304802
        ],
        [
            0.12944267690181732,
            -0.02070164866745472,
            0.00322679802775383
        ],
        [
            0.1431160718202591,
            -0.0170693751424551,
            0.0005111508071422577
        ],
        [
            0.15922053158283234,
            -0.009238824248313904,
            -0.005758240818977356
        ],
        [
            0.09515724331140518,
            0.015835590660572052,
            0.028992652893066406
        ],
        [
            0.10225595533847809,
            0.023192737251520157,
            0.028397634625434875
        ],
        [
            0.192311629652977,
            0.050991445779800415,
            -0.049127768725156784
        ],
        [
            0.19056038558483124,
            0.055277951061725616,
            -0.04557308554649353
        ],
        [
            0.18700405955314636,
            0.051946934312582016,
            -0.045508597046136856
        ],
        [
            0.18944084644317627,
            0.048579804599285126,
            -0.04958479851484299
        ],
        [
            0.08439885824918747,
            0.03027823567390442,
            0.019688419997692108
        ],
        [
            0.07842398434877396,
            0.03029964491724968,
            0.011525306850671768
        ],
        [
            0.07483582198619843,
            0.026688087731599808,
            0.01677801087498665
        ],
        [
            0.08091443032026291,
            0.024911247193813324,
            0.02376522123813629
        ],
        [
            0.08907510340213776,
            0.03730269894003868,
            0.014302194118499756
        ],
        [
            0.08403681963682175,
            0.03491320461034775,
            0.004427701234817505
        ],
        [
            0.19254909455776215,
            0.0553298145532608,
            -0.061330679804086685
        ],
        [
            0.194011852145195,
            0.051664263010025024,
            -0.057955577969551086
        ],
        [
            0.18975603580474854,
            0.0497492216527462,
            -0.05962560325860977
        ],
        [
            0.1873370110988617,
            0.05349212512373924,
            -0.06204969808459282
        ],
        [
            0.15563422441482544,
            0.019066860899329185,
            -0.03083886206150055
        ],
        [
            0.14963006973266602,
            0.022955026477575302,
            -0.025046706199645996
        ],
        [
            0.1635841578245163,
            0.028890278190374374,
            -0.04179295897483826
        ],
        [
            0.15725579857826233,
            0.027716726064682007,
            -0.035666100680828094
        ],
        [
            0.1591346114873886,
            0.021745041012763977,
            -0.03904806077480316
        ],
        [
            0.16351012885570526,
            0.023667309433221817,
            -0.04485263675451279
        ],
        [
            0.14253881573677063,
            0.04126619175076485,
            -0.02271355502307415
        ],
        [
            0.13597610592842102,
            0.03417396545410156,
            -0.016081325709819794
        ],
        [
            0.13996070623397827,
            0.03072275035083294,
            -0.020131289958953857
        ],
        [
            0.14843779802322388,
            0.03715667128562927,
            -0.027573367580771446
        ],
        [
            0.13059987127780914,
            0.04318962246179581,
            -0.006468672305345535
        ],
        [
            0.1371375024318695,
            0.04945564270019531,
            -0.014112569391727448
        ],
        [
            0.1332741677761078,
            0.05385799705982208,
            -0.0077791884541511536
        ],
        [
            0.13005021214485168,
            0.04857940971851349,
            -0.0027726106345653534
        ],
        [
            0.1487368792295456,
            0.05740298703312874,
            -0.029093416407704353
        ],
        [
            0.15196792781352997,
            0.06074577569961548,
            -0.03349027410149574
        ],
        [
            0.15165024995803833,
            0.06338384002447128,
            -0.031140519306063652
        ],
        [
            0.14688268303871155,
            0.059475794434547424,
            -0.02665708400309086
        ],
        [
            0.07065805792808533,
            0.022770557552576065,
            0.021009914577007294
        ],
        [
            0.07766757160425186,
            0.019162617623806,
            0.02691918984055519
        ],
        [
            0.10721088945865631,
            0.06459090113639832,
            -0.012307746335864067
        ],
        [
            0.10705825686454773,
            0.06496144086122513,
            -0.001054638996720314
        ],
        [
            0.11399736255407333,
            0.07559216022491455,
            -0.006501203402876854
        ],
        [
            0.11198858916759491,
            0.07252828776836395,
            -0.01761525496840477
        ],
        [
            0.0770687460899353,
            0.026586204767227173,
            0.001880895346403122
        ],
        [
            0.07180236279964447,
            0.024600975215435028,
            0.007384311407804489
        ],
        [
            0.19009584188461304,
            0.060929905623197556,
            -0.061543721705675125
        ],
        [
            0.1845124363899231,
            0.05863763764500618,
            -0.06114963814616203
        ],
        [
            0.13544927537441254,
            -0.02168937399983406,
            -0.010452564805746078
        ],
        [
            0.15612360835075378,
            -0.012920239940285683,
            -0.014062251895666122
        ],
        [
            0.1186179369688034,
            -0.02422551065683365,
            -0.007777057588100433
        ],
        [
            0.10669191181659698,
            -0.0240595992654562,
            -0.00612577423453331
        ],
        [
            0.0979001522064209,
            -0.026049232110381126,
            -0.003408823162317276
        ],
        [
            0.15688681602478027,
            0.03422243148088455,
            -0.035135164856910706
        ],
        [
            0.1420389711856842,
            0.025150926783680916,
            -0.02008432149887085
        ],
        [
            0.12934233248233795,
            0.028431981801986694,
            -0.007274199277162552
        ],
        [
            0.12139640748500824,
            0.05112282931804657,
            0.012281600385904312
        ],
        [
            0.11618024110794067,
            0.044256143271923065,
            0.018417589366436005
        ],
        [
            0.12297093868255615,
            0.039372071623802185,
            0.011661302298307419
        ],
        [
            0.12567830085754395,
            0.04644220322370529,
            0.007245797663927078
        ],
        [
            0.11329082399606705,
            0.0650627538561821,
            0.006677884608507156
        ],
        [
            0.12088382244110107,
            0.062260113656520844,
            0.007734045386314392
        ],
        [
            0.12479642778635025,
            0.06869922578334808,
            0.0025954321026802063
        ],
        [
            0.11849599331617355,
            0.07319992780685425,
            0.000996910035610199
        ],
        [
            0.16384519636631012,
            0.002268165349960327,
            -0.028878243640065193
        ],
        [
            0.15066024661064148,
            -0.00625566765666008,
            -0.03071967512369156
        ],
        [
            0.0922880470752716,
            0.027399901300668716,
            0.026186872273683548
        ],
        [
            0.088983915746212,
            0.020594526082277298,
            0.028221458196640015
        ],
        [
            0.0831616073846817,
            0.014671824872493744,
            0.030117809772491455
        ],
        [
            0.11994318664073944,
            0.015680663287639618,
            0.009614091366529465
        ],
        [
            0.11320941150188446,
            0.006464745849370956,
            0.01801445707678795
        ],
        [
            0.11571448296308517,
            0.0034767910838127136,
            0.015879031270742416
        ],
        [
            0.12046970427036285,
            0.013571567833423615,
            0.006850831210613251
        ],
        [
            0.1330374926328659,
            0.010324342176318169,
            -7.420778274536133e-06
        ],
        [
            0.13040263950824738,
            0.0019372962415218353,
            0.009884241968393326
        ],
        [
            0.143733948469162,
            0.012884220108389854,
            -0.0024623870849609375
        ],
        [
            0.10573668777942657,
            -0.006227701902389526,
            0.018362775444984436
        ],
        [
            0.0971517339348793,
            -0.005648460239171982,
            0.025324873626232147
        ],
        [
            0.09940090030431747,
            -0.012848392128944397,
            0.020562026649713516
        ],
        [
            0.09262539446353912,
            0.0022152550518512726,
            0.029076609760522842
        ],
        [
            0.08784835040569305,
            0.009482529014348984,
            0.031077373772859573
        ],
        [
            0.06443530321121216,
            0.021912146359682083,
            0.01080537959933281
        ],
        [
            0.10108692944049835,
            -0.018635861575603485,
            0.014787200838327408
        ],
        [
            0.16588251292705536,
            0.008541382849216461,
            -0.003364093601703644
        ],
        [
            0.17307202517986298,
            0.010281123220920563,
            -0.008068094030022621
        ],
        [
            0.1688462793827057,
            0.015544213354587555,
            -0.01031700149178505
        ],
        [
            0.16221162676811218,
            0.014241943135857582,
            -0.007151313126087189
        ],
        [
            0.15981532633304596,
            0.023785103112459183,
            -0.05734612047672272
        ],
        [
            0.16348348557949066,
            0.022344373166561127,
            -0.050623901188373566
        ],
        [
            0.1590079665184021,
            0.017294712364673615,
            -0.044377073645591736
        ],
        [
            0.11676229536533356,
            0.024423200637102127,
            0.019536573439836502
        ],
        [
            0.10803559422492981,
            0.031780727207660675,
            0.02501055598258972
        ],
        [
            0.16296491026878357,
            0.035323526710271835,
            -0.04116552695631981
        ],
        [
            0.18266355991363525,
            0.05148031562566757,
            -0.06300641596317291
        ],
        [
            0.18558147549629211,
            0.047216176986694336,
            -0.06030876189470291
        ],
        [
            0.17153571546077728,
            0.03410036861896515,
            -0.05973028764128685
        ],
        [
            0.16849595308303833,
            0.03925054147839546,
            -0.06328064203262329
        ],
        [
            0.16300730407238007,
            0.04454489424824715,
            -0.0457313247025013
        ],
        [
            0.1648935079574585,
            0.038303401321172714,
            -0.04269043356180191
        ],
        [
            0.1656034141778946,
            0.040683019906282425,
            -0.043394893407821655
        ],
        [
            0.1643710732460022,
            0.04713641107082367,
            -0.04423375427722931
        ],
        [
            0.14653468132019043,
            0.06671030074357986,
            -0.024045823141932487
        ],
        [
            0.1424308866262436,
            0.06308777630329132,
            -0.020042020827531815
        ],
        [
            0.14313621819019318,
            0.044106677174568176,
            -0.05614875257015228
        ],
        [
            0.1455797702074051,
            0.03295128419995308,
            -0.06320208311080933
        ],
        [
            0.1384000927209854,
            0.025192156434059143,
            -0.056125178933143616
        ],
        [
            0.13876520097255707,
            0.04539596661925316,
            -0.017711486667394638
        ],
        [
            0.14431144297122955,
            0.052311889827251434,
            -0.02321408875286579
        ],
        [
            0.14231331646442413,
            0.05493764951825142,
            -0.020643038675189018
        ],
        [
            0.15714779496192932,
            0.038930125534534454,
            -0.03615640103816986
        ],
        [
            0.16112089157104492,
            0.04128817096352577,
            -0.041061852127313614
        ],
        [
            0.15765173733234406,
            0.04416019096970558,
            -0.03869044780731201
        ],
        [
            0.15360376238822937,
            0.041991956532001495,
            -0.033172234892845154
        ],
        [
            0.09950116276741028,
            0.05526603385806084,
            0.0042883530259132385
        ],
        [
            0.10677365958690643,
            0.0558001883327961,
            0.013481605798006058
        ],
        [
            0.19376704096794128,
            0.04985640197992325,
            -0.053607791662216187
        ],
        [
            0.1903550922870636,
            0.04779746010899544,
            -0.054853279143571854
        ],
        [
            0.13243646919727325,
            0.03833793103694916,
            -0.011287815868854523
        ],
        [
            0.13025927543640137,
            0.01697952300310135,
            -0.046503446996212006
        ],
        [
            0.12701143324375153,
            0.03185078874230385,
            -0.003589194267988205
        ],
        [
            0.1274590790271759,
            0.07222927361726761,
            -0.029169421643018723
        ],
        [
            0.13227342069149017,
            0.07431454956531525,
            -0.02290739119052887
        ],
        [
            0.13757841289043427,
            0.0762467309832573,
            -0.02475655823945999
        ],
        [
            0.135319322347641,
            0.07659049332141876,
            -0.03049641102552414
        ],
        [
            0.1761329621076584,
            0.0580630749464035,
            -0.04553956165909767
        ],
        [
            0.1796080619096756,
            0.054004766047000885,
            -0.04327820613980293
        ],
        [
            0.1838940978050232,
            0.0572044812142849,
            -0.04388081654906273
        ],
        [
            0.1812363713979721,
            0.061796002089977264,
            -0.046383075416088104
        ],
        [
            0.1668432503938675,
            0.03283311054110527,
            -0.043767619878053665
        ],
        [
            0.16799397766590118,
            0.02779730036854744,
            -0.04735852777957916
        ],
        [
            0.17178626358509064,
            0.032627400010824203,
            -0.047778304666280746
        ],
        [
            0.16901752352714539,
            0.0369657464325428,
            -0.044672999531030655
        ],
        [
            0.16796070337295532,
            0.027128588408231735,
            -0.053448375314474106
        ],
        [
            0.17245881259441376,
            0.03162823244929314,
            -0.0539654977619648
        ],
        [
            0.17438900470733643,
            0.06066626310348511,
            -0.05127871781587601
        ],
        [
            0.17550991475582123,
            0.059941425919532776,
            -0.058679696172475815
        ],
        [
            0.16170372068881989,
            0.05006924271583557,
            -0.05820534750819206
        ],
        [
            0.1634841114282608,
            0.051567137241363525,
            -0.05039467662572861
        ],
        [
            0.09494639933109283,
            0.03375742956995964,
            -0.01686488650739193
        ],
        [
            0.09198401868343353,
            0.040129002183675766,
            -0.00816107913851738
        ],
        [
            0.10168169438838959,
            0.05023325979709625,
            -0.014046963304281235
        ],
        [
            0.11017932742834091,
            0.060980990529060364,
            -0.020387882366776466
        ],
        [
            0.11924619972705841,
            0.06999245285987854,
            -0.026381464675068855
        ],
        [
            0.12134446203708649,
            0.06383232027292252,
            -0.03676881641149521
        ],
        [
            0.09922641515731812,
            0.05351785942912102,
            -0.006870510056614876
        ],
        [
            0.15608882904052734,
            0.04796401038765907,
            -0.05086376145482063
        ],
        [
            0.15268951654434204,
            0.04410150647163391,
            -0.05789025127887726
        ],
        [
            0.1506282091140747,
            0.047492481768131256,
            -0.054794568568468094
        ],
        [
            0.12562936544418335,
            0.036784734576940536,
            0.0018851608037948608
        ],
        [
            0.18677708506584167,
            0.04489881917834282,
            -0.05557183548808098
        ],
        [
            0.08950566500425339,
            -0.01027233898639679,
            -0.016697581857442856
        ],
        [
            0.0817578136920929,
            0.000800400972366333,
            -0.014565881341695786
        ],
        [
            0.08885529637336731,
            0.0036827661097049713,
            -0.0189829058945179
        ],
        [
            0.09840163588523865,
            -0.008805222809314728,
            -0.020769502967596054
        ],
        [
            0.18346759676933289,
            0.04851263761520386,
            -0.04478105157613754
        ],
        [
            0.1863691359758377,
            0.04497489333152771,
            -0.049170974642038345
        ],
        [
            0.14055153727531433,
            0.06821813434362411,
            -0.016176557168364525
        ],
        [
            0.14425276219844818,
            0.07086126506328583,
            -0.020724914968013763
        ],
        [
            0.1426895260810852,
            0.07426458597183228,
            -0.020973965525627136
        ],
        [
            0.14028550684452057,
            0.07364565879106522,
            -0.01483423262834549
        ],
        [
            0.09032955765724182,
            0.04207862913608551,
            -0.002719208598136902
        ],
        [
            0.12159067392349243,
            0.08116442710161209,
            -0.00868191011250019
        ],
        [
            0.11865934729576111,
            0.0783415287733078,
            -0.01872941106557846
        ],
        [
            0.08362870663404465,
            0.031115520745515823,
            -0.003409605473279953
        ],
        [
            0.0856388732790947,
            0.0256364643573761,
            -0.011300969868898392
        ],
        [
            0.07873216271400452,
            0.02023734524846077,
            -0.006940439343452454
        ],
        [
            0.1326981782913208,
            0.05934259295463562,
            -0.04611693695187569
        ],
        [
            0.0991363674402237,
            0.03008360043168068,
            -0.023583069443702698
        ],
        [
            0.08937954157590866,
            0.021654054522514343,
            -0.016735296696424484
        ],
        [
            0.08129677176475525,
            0.015011366456747055,
            -0.01176673173904419
        ],
        [
            0.07486759126186371,
            0.010932963341474533,
            -0.008260905742645264
        ],
        [
            0.07280419766902924,
            0.01704389974474907,
            -0.003234338015317917
        ],
        [
            0.17896494269371033,
            0.056501079350709915,
            -0.06178494170308113
        ],
        [
            0.18138764798641205,
            0.06360948085784912,
            -0.058210790157318115
        ],
        [
            0.06483282148838043,
            0.014014679938554764,
            2.7023255825042725e-05
        ],
        [
            0.06794502586126328,
            0.00705723837018013,
            -0.005321037024259567
        ],
        [
            0.09409589320421219,
            0.015864524990320206,
            -0.02221846766769886
        ],
        [
            0.1009906530380249,
            0.008140169084072113,
            -0.027683136984705925
        ],
        [
            0.10350921750068665,
            0.02423279359936714,
            -0.028462834656238556
        ],
        [
            0.11081133782863617,
            0.01746802031993866,
            -0.03459327295422554
        ],
        [
            0.13210314512252808,
            0.05195601284503937,
            -0.05423550307750702
        ],
        [
            0.19729278981685638,
            0.07203929126262665,
            -0.05273794010281563
        ],
        [
            0.1861383467912674,
            0.06785117089748383,
            -0.053112927824258804
        ],
        [
            0.18623308837413788,
            0.06550918519496918,
            -0.0477452427148819
        ],
        [
            0.1959490031003952,
            0.07170361280441284,
            -0.048467472195625305
        ],
        [
            0.18009307980537415,
            0.06433926522731781,
            -0.05168333277106285
        ],
        [
            0.1871459037065506,
            0.06589876115322113,
            -0.058511558920145035
        ],
        [
            0.12152804434299469,
            0.007022302597761154,
            -0.037783607840538025
        ],
        [
            0.1605953574180603,
            0.04709469899535179,
            -0.043271034955978394
        ],
        [
            0.11412476003170013,
            -0.005447756499052048,
            -0.028478648513555527
        ],
        [
            0.13725018501281738,
            0.00047891028225421906,
            -0.04048790782690048
        ],
        [
            0.13383212685585022,
            -0.00894041545689106,
            -0.03182895481586456
        ],
        [
            0.10839834809303284,
            -0.018985074013471603,
            -0.017978046089410782
        ],
        [
            0.12636253237724304,
            -0.019294116646051407,
            -0.021601602435112
        ],
        [
            0.09068503975868225,
            -0.02118806540966034,
            -0.010468609631061554
        ],
        [
            0.09849567711353302,
            -0.018738936632871628,
            -0.014619771391153336
        ],
        [
            0.14443977177143097,
            -0.015447475016117096,
            -0.02302093431353569
        ],
        [
