{
    "pred_cam": [
        5.736970901489258,
        -0.03731290251016617,
        -0.05937761068344116
    ],
    "pred_mano_params": {
        "global_orient": [
            [
                [
                    0.8242937922477722,
                    0.18552397191524506,
                    -0.5349025130271912
                ],
                [
                    -0.44921860098838806,
                    -0.3607192039489746,
                    -0.8173642754554749
                ],
                [
                    -0.34459030628204346,
                    0.9140363931655884,
                    -0.21399778127670288
                ]
            ]
        ],
        "hand_pose": [
            [
                [
                    0.8046656847000122,
                    -0.4739110767841339,
                    -0.35766109824180603
                ],
                [
                    0.47680631279945374,
                    0.8747559785842896,
                    -0.0863579660654068
                ],
                [
                    0.3537921905517578,
                    -0.10104577988386154,
                    0.9298499226570129
                ]
            ],
            [
                [
                    0.9081988334655762,
                    -0.4185327887535095,
                    -0.002281615510582924
                ],
                [
                    0.40104639530181885,
                    0.8717877268791199,
                    -0.28133243322372437
                ],
                [
                    0.11973593384027481,
                    0.2545907497406006,
                    0.9596076607704163
                ]
            ],
            [
                [
                    0.8760423064231873,
                    -0.46176016330718994,
                    0.139023095369339
                ],
                [
                    0.478008896112442,
                    0.869577944278717,
                    -0.12386167794466019
                ],
                [
                    -0.06369703263044357,
                    0.1749623566865921,
                    0.9825125336647034
                ]
            ],
            [
                [
                    0.5294979810714722,
                    -0.8268283605575562,
                    -0.18970195949077606
                ],
                [
                    0.8324315547943115,
                    0.5494938492774963,
                    -0.07151319086551666
                ],
                [
                    0.16336917877197266,
                    -0.12004783004522324,
                    0.9792339205741882
                ]
            ],
            [
                [
                    0.9523669481277466,
                    -0.26934319734573364,
                    -0.1430085152387619
                ],
                [
                    0.2919366955757141,
                    0.9407994151115417,
                    0.172247976064682
                ],
                [
                    0.08814851194620132,
                    -0.20579271018505096,
                    0.9746174216270447
                ]
            ],
            [
                [
                    0.907060980796814,
                    -0.4114318788051605,
                    0.08924267441034317
                ],
                [
                    0.4114091992378235,
                    0.9112420678138733,
                    0.019505871459841728
                ],
                [
                    -0.0893470048904419,
                    0.019022243097424507,
                    0.9958189725875854
                ]
            ],
            [
                [
                    0.7196198105812073,
                    -0.629997730255127,
                    0.2919764518737793
                ],
                [
                    0.648521363735199,
                    0.7600588202476501,
                    0.041601188480854034
                ],
                [
                    -0.24812792241573334,
                    0.15941590070724487,
                    0.9555203914642334
                ]
            ],
            [
                [
                    0.9606635570526123,
                    -0.2687213122844696,
                    -0.07010272145271301
                ],
                [
                    0.26876387000083923,
                    0.8360224962234497,
                    0.4783642292022705
                ],
                [
                    -0.06993918865919113,
                    -0.4783881604671478,
                    0.8753589391708374
                ]
            ],
            [
                [
                    0.9915468096733093,
                    -0.12814584374427795,
                    0.020337384194135666
                ],
                [
                    0.11266470700502396,
                    0.92808598279953,
                    0.3549129068851471
                ],
                [
                    -0.06435544043779373,
                    -0.349621444940567,
                    0.9346781969070435
                ]
            ],
            [
                [
                    0.6050682067871094,
                    -0.7922800779342651,
                    0.0786445215344429
                ],
                [
                    0.7961729168891907,
                    0.601965606212616,
                    -0.061205774545669556
                ],
                [
                    0.0011508087627589703,
                    0.09964828938245773,
                    0.9950222373008728
                ]
            ],
            [
                [
                    0.9432568550109863,
                    -0.3003196716308594,
                    -0.14168457686901093
                ],
                [
                    0.33151867985725403,
                    0.8761239647865295,
                    0.3500030040740967
                ],
                [
                    0.01902046613395214,
                    -0.37711384892463684,
                    0.925971508026123
                ]
            ],
            [
                [
                    0.9105286002159119,
                    -0.39571237564086914,
                    0.11978892236948013
                ],
                [
                    0.3736194372177124,
                    0.9115973114967346,
                    0.17146119475364685
                ],
                [
                    -0.17704856395721436,
                    -0.11136484891176224,
                    0.9778812527656555
                ]
            ],
            [
                [
                    0.9513178467750549,
                    0.2764473855495453,
                    0.13627593219280243
                ],
                [
                    -0.17157961428165436,
                    0.8423163294792175,
                    -0.5109439492225647
                ],
                [
                    -0.25603654980659485,
                    0.46268799901008606,
                    0.8487433195114136
                ]
            ],
            [
                [
                    0.715077817440033,
                    -0.5144872069358826,
                    -0.4732510447502136
                ],
                [
                    0.6119635105133057,
                    0.7879518866539001,
                    0.06806182861328125
                ],
                [
                    0.3378821611404419,
                    -0.33828189969062805,
                    0.8782943487167358
                ]
            ],
            [
                [
                    0.7410300374031067,
                    -0.6145907044410706,
                    -0.2704676389694214
                ],
                [
                    0.1901748925447464,
                    0.5784019231796265,
                    -0.7932747006416321
                ],
                [
                    0.6439782381057739,
                    0.5364042520523071,
                    0.545492947101593
                ]
            ]
        ],
        "betas": [
            0.048568010330200195,
            -0.10399115085601807,
            -0.057722121477127075,
            -0.028346747159957886,
            0.04676008224487305,
            0.0077158547937870026,
            0.08152836561203003,
            -0.1197340190410614,
            0.01825837790966034,
            0.0005759298801422119
        ]
    },
    "pred_cam_t": [
        -0.03731290251016617,
        -0.05937761068344116,
        6.808906555175781
    ],
    "focal_length": [
        5000.0,
        5000.0
    ],
    "pred_keypoints_3d": [
        [
            0.09555739909410477,
            0.00636418629437685,
            0.006212936714291573
        ],
        [
            0.05919685959815979,
            0.0016970587894320488,
            -0.005112510174512863
        ],
        [
            0.0315822958946228,
            -0.009317616932094097,
            -0.012608963996171951
        ],
        [
            0.008460868149995804,
            0.0033677006140351295,
            -0.01862400583922863
        ],
        [
            0.004939699545502663,
            0.033445511013269424,
            -0.03373893350362778
        ],
        [
            0.01117173582315445,
            0.03097279742360115,
            0.027353286743164062
        ],
        [
            -0.009693166241049767,
            0.05653531104326248,
            0.028270477429032326
        ],
        [
            -0.016470707952976227,
            0.07459008693695068,
            0.01726911962032318
        ],
        [
            -0.018650198355317116,
            0.09042592346668243,
            -0.0023116134107112885
        ],
        [
            0.019225575029850006,
            0.05215199291706085,
            0.038120560348033905
        ],
        [
            0.006430605426430702,
            0.07739787548780441,
            0.023876629769802094
        ],
        [
            0.004207688383758068,
            0.09296539425849915,
            0.006715305149555206
        ],
        [
            0.00247406680136919,
            0.10487954318523407,
            -0.01602155715227127
        ],
        [
            0.04174479469656944,
            0.06621894240379333,
            0.03643278777599335
        ],
        [
            0.02461159974336624,
            0.08635205775499344,
            0.02496710792183876
        ],
        [
            0.021670125424861908,
            0.10286593437194824,
            0.006737019866704941
        ],
        [
            0.01810396835207939,
            0.11413639783859253,
            -0.01559007540345192
        ],
        [
            0.06004557013511658,
            0.07603760808706284,
            0.0300533939152956
        ],
        [
            0.04885493963956833,
            0.09361151605844498,
            0.026715030893683434
        ],
        [
            0.04325570911169052,
            0.10691900551319122,
            0.014451473951339722
        ],
        [
            0.03712654858827591,
            0.11814103275537491,
            -0.0016688313335180283
        ]
    ],
    "pred_vertices": [
        [
            0.041612446308135986,
            0.020635254681110382,
            0.003832237794995308
        ],
        [
            0.04885092377662659,
            0.016900643706321716,
            -0.001778431236743927
        ],
        [
            0.038235124200582504,
            0.013009999878704548,
            -0.005301948636770248
        ],
        [
            0.03200635686516762,
            0.016992777585983276,
            0.0009599104523658752
        ],
        [
            0.05359252914786339,
            0.006424047518521547,
            -0.020504118874669075
        ],
        [
            0.05752814561128616,
            -0.0053720623254776,
            -0.02414073795080185
        ],
        [
            0.04045761004090309,
            -0.007316501811146736,
            -0.025856580585241318
        ],
        [
            0.04037702456116676,
            0.003109135664999485,
            -0.023552950471639633
        ],
        [
            0.02496391534805298,
            0.01216122880578041,
            0.0004552416503429413
        ],
        [
            0.030973561108112335,
            0.009825099259614944,
            -0.00766390934586525
        ],
        [
            0.024676401168107986,
            0.006315669044852257,
            0.002385759726166725
        ],
        [
            0.018708612769842148,
            0.0083469795063138,
            0.014858108013868332
        ],
        [
            0.0198728758841753,
            0.01431641448289156,
            0.00973433256149292
        ],
        [
            0.013988140970468521,
            0.012416835874319077,
            0.022035151720046997
        ],
        [
            0.02568836137652397,
            0.0016304217278957367,
            0.020946180447936058
        ],
        [
            0.017769845202565193,
            0.012211911380290985,
            0.031110510230064392
        ],
        [
            0.04699515923857689,
            0.01566256210207939,
            0.03684532269835472
        ],
        [
            0.056914180517196655,
            0.024488920345902443,
            0.038993123918771744
        ],
        [
            0.043567363172769547,
            0.03423125296831131,
            0.04528457671403885
        ],
        [
            0.03460676223039627,
            0.024551765993237495,
            0.04148455336689949
        ],
        [
            0.061224184930324554,
            0.04486820846796036,
            0.04162635654211044
        ],
        [
            0.050867773592472076,
            0.039539724588394165,
            0.04404566064476967
        ],
        [
            0.06438139081001282,
            0.029468808323144913,
            0.03905356302857399
        ],
        [
            0.07285677641630173,
            0.03485136479139328,
            0.03700705245137215
        ],
        [
            0.05740388482809067,
            0.027656126767396927,
            0.006728390231728554
        ],
        [
            0.06600399315357208,
            0.024125678464770317,
            0.002174537628889084
        ],
        [
            0.06010933220386505,
            0.021295420825481415,
            0.0017893537878990173
        ],
        [
            0.052439991384744644,
            0.02454533614218235,
            0.0059423428028821945
        ],
        [
            0.022908708080649376,
            -0.003971949219703674,
            -0.002670036628842354
        ],
        [
            0.02914227545261383,
            -0.008433215320110321,
            0.005095633678138256
        ],
        [
            0.025905286893248558,
            -0.0011640731245279312,
            0.0061415815725922585
        ],
        [
            0.023494653403759003,
            0.0007757376879453659,
            -0.004654533229768276
        ],
        [
            0.091607466340065,
            0.021746300160884857,
            -0.011956837028265
        ],
        [
            0.1011991798877716,
            0.012334819883108139,
            -0.011161599308252335
        ],
        [
            0.0975654348731041,
            0.007815677672624588,
            -0.011628944426774979
        ],
        [
            0.0895346850156784,
            0.017532754689455032,
            -0.011701956391334534
        ],
        [
            0.07870809733867645,
            -0.0038726404309272766,
            -0.01811835542321205
        ],
        [
            0.08769264072179794,
            -0.00682433694601059,
            -0.013577204197645187
        ],
        [
            0.08837909996509552,
            -0.020334534347057343,
            -0.00888248160481453
        ],
        [
            0.07901762425899506,
            -0.018778877332806587,
            -0.009874630719423294
        ],
        [
            0.06816400587558746,
            -0.003565484657883644,
            -0.021868636831641197
        ],
        [
            0.069087915122509,
            -0.016789337620139122,
            -0.016470078378915787
        ],
        [
            0.05778513848781586,
            -0.01660001650452614,
            -0.019775351509451866
        ],
        [
            0.03933689743280411,
            -0.016603119671344757,
            -0.02285604178905487
        ],
        [
            0.10954396426677704,
            0.021282587200403214,
            -0.007354725152254105
        ],
        [
            0.10373795032501221,
            0.02953803539276123,
            -0.007902082055807114
        ],
        [
            -0.012257799506187439,
            0.056095562875270844,
            0.016123507171869278
        ],
        [
            -0.007554332725703716,
            0.059759631752967834,
            0.016365323215723038
        ],
        [
            -0.005547504872083664,
            0.055322326719760895,
            0.016403350979089737
        ],
        [
            -0.010545494966208935,
            0.05244719982147217,
            0.01661282777786255
        ],
        [
            0.11346239596605301,
            0.029504921287298203,
            0.01062413863837719
        ],
        [
            0.11362956464290619,
            0.02586957812309265,
            0.020003531128168106
        ],
        [
            0.11944015324115753,
            0.023173373192548752,
            0.01654309593141079
        ],
        [
            0.11844128370285034,
            0.024881012737751007,
            0.0073701366782188416
        ],
        [
            0.1067727580666542,
            0.035579901188611984,
            0.014828862622380257
        ],
        [
            0.1051555722951889,
            0.029475685209035873,
            0.024131687358021736
        ],
        [
            -0.01875307969748974,
            0.05725574120879173,
            0.026940686628222466
        ],
        [
            -0.018830828368663788,
            0.055501557886600494,
            0.02206813171505928
        ],
        [
            -0.016784008592367172,
            0.051202818751335144,
            0.02465861290693283
        ],
        [
            -0.015560479834675789,
            0.05263449251651764,
            0.029806502163410187
        ],
        [
            0.025405598804354668,
            0.020033851265907288,
            0.007098844274878502
        ],
        [
            0.03408178687095642,
            0.025027703493833542,
            0.007356259971857071
        ],
        [
            0.01347323041409254,
            0.03005889058113098,
            0.015184934251010418
        ],
        [
            0.022409677505493164,
            0.028827369213104248,
            0.013331156224012375
        ],
        [
            0.01850571297109127,
            0.022291459143161774,
            0.012682086788117886
        ],
        [
            0.011557375080883503,
            0.02401149831712246,
            0.01575581170618534
        ],
        [
            0.042372629046440125,
            0.04167082533240318,
            0.016268035396933556
        ],
        [
            0.05125828832387924,
            0.03534892201423645,
            0.012102209031581879
        ],
        [
            0.045519690960645676,
            0.03193613886833191,
            0.011780286207795143
        ],
        [
            0.03467787057161331,
            0.03789879381656647,
            0.015349460765719414
        ],
        [
            0.06139954552054405,
            0.04515964537858963,
            0.010986901819705963
        ],
        [
            0.05189011991024017,
            0.050444044172763824,
            0.01558694988489151
        ],
        [
            0.05875758081674576,
            0.0554390475153923,
            0.014489183202385902
        ],
        [
            0.06412401050329208,
            0.051078855991363525,
            0.010448681190609932
        ],
        [
            0.03429911285638809,
            0.05597728490829468,
            0.024034284055233
        ],
        [
            0.029973911121487617,
            0.05807029455900192,
            0.026829835027456284
        ],
        [
            0.03166384994983673,
            0.06193150207400322,
            0.02546989731490612
        ],
        [
            0.037279099225997925,
            0.058356598019599915,
            0.023768484592437744
        ],
        [
            0.12512615323066711,
            0.019766580313444138,
            0.014081714674830437
        ],
        [
            0.12268003076314926,
            0.019696753472089767,
            0.00459202378988266
        ],
        [
            0.0778489038348198,
            0.057415977120399475,
            0.0352303721010685
        ],
        [
            0.0843232125043869,
            0.060994312167167664,
            0.026802824810147285
        ],
        [
            0.07656466960906982,
            0.07056830823421478,
            0.03149646520614624
        ],
        [
            0.07147678732872009,
            0.06423014402389526,
            0.039810243993997574
        ],
        [
            0.1090727373957634,
            0.0194389671087265,
            0.026689477264881134
        ],
        [
            0.11644940078258514,
            0.01791318878531456,
            0.02453478053212166
        ],
        [
            -0.015497129410505295,
            0.06076612323522568,
            0.031033549457788467
        ],
        [
            -0.01186312548816204,
            0.05618192255496979,
            0.033179040998220444
        ],
        [
            0.05906513333320618,
            -0.022087031975388527,
            -0.008522635325789452
        ],
        [
            0.038672201335430145,
            -0.02139269933104515,
            -0.014812532812356949
        ],
        [
            0.0724487155675888,
            -0.021892931312322617,
            -0.003372451290488243
        ],
        [
            0.08142843097448349,
            -0.02268948033452034,
            0.0005118101835250854
        ],
        [
            0.08896166831254959,
            -0.026005098596215248,
            0.001568712294101715
        ],
        [
            0.02331354469060898,
            0.03511551022529602,
            0.015448394231498241
        ],
        [
            0.04342599958181381,
            0.02709173783659935,
            0.008504634723067284
        ],
        [
            0.061475761234760284,
            0.030893852934241295,
            0.0068496223539114
        ],
        [
            0.07985034584999084,
            0.055474258959293365,
            0.004465896636247635
        ],
        [
            0.08740726858377457,
            0.049525342881679535,
            2.8539448976516724e-05
        ],
        [
            0.0779009759426117,
            0.04473678022623062,
            -0.00011698529124259949
        ],
        [
            0.07336629182100296,
            0.050779789686203,
            0.004394117742776871
        ],
        [
            0.08363174647092819,
            0.06479945778846741,
            0.01780812256038189
        ],
        [
            0.07789486646652222,
            0.06445230543613434,
            0.012145470827817917
        ],
        [
            0.07194558531045914,
            0.07005297392606735,
            0.01651156134903431
        ],
        [
            0.07673539221286774,
            0.07186664640903473,
            0.022512611001729965
        ],
        [
            0.0211862251162529,
            -0.011129982769489288,
            -0.004426376894116402
        ],
        [
            0.03217945247888565,
            -0.01521218940615654,
            0.002680671401321888
        ],
        [
            0.11069358885288239,
            0.030482783913612366,
            0.000490386039018631
        ],
        [
            0.1142895296216011,
            0.024008870124816895,
            -0.0018118545413017273
        ],
        [
            0.11991780996322632,
            0.017741944640874863,
            -0.0023620016872882843
        ],
        [
            0.07789663970470428,
            0.022557929158210754,
            -0.005741678178310394
        ],
        [
            0.08801177889108658,
            0.014701135456562042,
            -0.011734668165445328
        ],
        [
            0.08427025377750397,
            0.012269161641597748,
            -0.01267799362540245
        ],
        [
            0.07516240328550339,
            0.020735055208206177,
            -0.004982922226190567
        ],
        [
            0.05709075927734375,
            0.015520754270255566,
            -0.009481064975261688
        ],
        [
            0.06728991121053696,
            0.009521786123514175,
            -0.01704542711377144
        ],
        [
            0.04512270167469978,
            0.012598911300301552,
            -0.013174869120121002
        ],
        [
            0.09407569468021393,
            0.0008048266172409058,
            -0.012808255851268768
        ],
        [
            0.10503700375556946,
            0.0009601302444934845,
            -0.013547107577323914
        ],
        [
            0.10033248364925385,
            -0.006523445248603821,
            -0.013701217249035835
        ],
        [
            0.11115734279155731,
            0.008196324110031128,
            -0.011102568358182907
        ],
        [
            0.11647199094295502,
            0.01434088870882988,
            -0.007450886070728302
        ],
        [
            0.12429735064506531,
            0.014674808830022812,
            0.024844950065016747
        ],
        [
            0.09563674032688141,
            -0.013305269181728363,
            -0.011964835226535797
        ],
        [
            0.032237615436315536,
            0.00035124924033880234,
            -0.02417752332985401
        ],
        [
            0.02624029666185379,
            0.0007331538945436478,
            -0.024237873032689095
        ],
        [
            0.02722199819982052,
            0.005149804055690765,
            -0.018046623095870018
        ],
        [
            0.03179270401597023,
            0.004882206209003925,
            -0.017085464671254158
        ],
        [
            0.007677529938519001,
            0.01866675168275833,
            0.02762945368885994
        ],
        [
            0.008165559731423855,
            0.020558802410960197,
            0.019906651228666306
        ],
        [
            0.015183968469500542,
            0.015296618454158306,
            0.015177002176642418
        ],
        [
            0.0869416743516922,
            0.03159293532371521,
            -0.008292898535728455
        ],
        [
            0.09742926061153412,
            0.03789045661687851,
            -0.00520363450050354
        ],
        [
            0.014542972669005394,
            0.03610244765877724,
            0.017387323081493378
        ],
        [
            -0.012511104345321655,
            0.04868645966053009,
            0.0323021337389946
        ],
        [
            -0.013994796201586723,
            0.04656696319580078,
            0.026825465261936188
        ],
        [
            -0.003000247525051236,
            0.031801749020814896,
            0.02839689701795578
        ],
        [
            -0.0019336903933435678,
            0.03451128676533699,
            0.03462579846382141
        ],
        [
            0.012492883019149303,
            0.043264154344797134,
            0.02463124878704548
        ],
        [
            0.011943550780415535,
            0.039072245359420776,
            0.01915201172232628
        ],
        [
            0.011078578419983387,
            0.04119490459561348,
            0.020594559609889984
        ],
        [
            0.012243188917636871,
            0.046409010887145996,
            0.024425413459539413
        ],
        [
            0.040038757026195526,
            0.06563105434179306,
            0.024550339207053185
        ],
        [
            0.04481428861618042,
            0.06251140683889389,
            0.02278801053762436
        ],
        [
            0.022553659975528717,
            0.03517675772309303,
            0.0424257293343544
        ],
        [
            0.01676298677921295,
            0.023007601499557495,
            0.04246130585670471
        ],
        [
            0.026388071477413177,
            0.015711072832345963,
            0.03811394423246384
        ],
        [
            0.04841596633195877,
            0.04602396488189697,
            0.015968075022101402
        ],
        [
            0.041000112891197205,
            0.05218028277158737,
            0.019815512001514435
        ],
        [
            0.04414225369691849,
            0.05491180345416069,
            0.019892921671271324
        ],
        [
            0.022693276405334473,
            0.039227716624736786,
            0.017830226570367813
        ],
        [
            0.016554314643144608,
            0.041065625846385956,
            0.020371079444885254
        ],
        [
            0.021050944924354553,
            0.04331119358539581,
            0.02153509482741356
        ],
        [
            0.027435217052698135,
            0.04200377315282822,
            0.018672242760658264
        ],
        [
            0.09316777437925339,
            0.051809173077344894,
            0.02330723963677883
        ],
        [
            0.0925203338265419,
            0.05658344179391861,
            0.012804480269551277
        ],
        [
            -0.01638726517558098,
            0.054842449724674225,
            0.018175844103097916
        ],
        [
            -0.014660345390439034,
            0.05085045471787453,
            0.019736304879188538
        ],
        [
            0.05700366944074631,
            0.039740853011608124,
            0.011886216700077057
        ],
        [
            0.038522832095623016,
            0.008763177320361137,
            0.03228581324219704
        ],
        [
            0.06563028693199158,
            0.034531693905591965,
            0.006581919267773628
        ],
        [
            0.051490046083927155,
            0.06489435583353043,
            0.04068302363157272
        ],
        [
            0.051385730504989624,
            0.07059171050786972,
            0.03453562781214714
        ],
        [
            0.04675136134028435,
            0.07258864492177963,
            0.033540595322847366
        ],
        [
            0.044912442564964294,
            0.07052270323038101,
            0.038838595151901245
        ],
        [
            0.0033047227188944817,
            0.05800358206033707,
            0.02469833381474018
        ],
        [
            0.0011144326999783516,
            0.056093376129865646,
            0.019629690796136856
        ],
        [
            -0.0012395242229104042,
            0.05904444307088852,
            0.018999110907316208
        ],
        [
            0.0003709224984049797,
            0.06142963096499443,
            0.024052906781435013
        ],
        [
            0.009341261349618435,
            0.03428051248192787,
            0.017072470858693123
        ],
        [
            0.006264446768909693,
            0.02873225510120392,
            0.017503559589385986
        ],
        [
            0.0029504098929464817,
            0.03421732038259506,
            0.018206365406513214
        ],
        [
            0.0072184293530881405,
            0.0383613146841526,
            0.018660103902220726
        ],
        [
            0.002935990924015641,
            0.026250261813402176,
            0.02226382866501808
        ],
        [
            -0.0009105273638851941,
            0.03158099204301834,
            0.02245917171239853
        ],
        [
            0.001996127888560295,
            0.0580366849899292,
            0.031015878543257713
        ],
        [
            -0.003154211677610874,
            0.05550549924373627,
            0.03580206632614136
        ],
        [
            0.007440418470650911,
            0.044078581035137177,
            0.03794807195663452
        ],
        [
            0.010232079774141312,
            0.04819146543741226,
            0.03161116689443588
        ],
        [
            0.08403947949409485,
            0.025055475533008575,
            0.03408386558294296
        ],
        [
            0.09168194979429245,
            0.03267043083906174,
            0.03136337548494339
        ],
        [
            0.08081550896167755,
            0.04261966422200203,
            0.03434557840228081
        ],
        [
            0.07066119462251663,
            0.05264003202319145,
            0.038612499833106995
        ],
        [
            0.05990573391318321,
            0.061500146985054016,
            0.04178473353385925
        ],
        [
            0.051701560616493225,
            0.053659964352846146,
            0.046622134745121
        ],
        [
            0.08701765537261963,
            0.04703091084957123,
            0.03137711435556412
        ],
        [
            0.0157349593937397,
            0.04328928142786026,
            0.032058585435152054
        ],
        [
            0.01420296635478735,
            0.036734890192747116,
            0.0389816053211689
        ],
        [
            0.01721564680337906,
            0.04059113934636116,
            0.03768141567707062
        ],
        [
            0.07005688548088074,
            0.04028230160474777,
            0.004959128797054291
        ],
        [
            -0.0124483872205019,
            0.046214595437049866,
            0.021745432168245316
        ],
        [
            0.08801070600748062,
            -0.016657378524541855,
            0.021191444247961044
        ],
        [
            0.09520098567008972,
            -0.00784248486161232,
            0.027491876855492592
        ],
        [
            0.0870857760310173,
            -0.004612065851688385,
            0.02818557620048523
        ],
        [
            0.07919128984212875,
            -0.014042157679796219,
            0.02045959234237671
        ],
        [
            -0.0035404833033680916,
            0.051945630460977554,
            0.016680151224136353
        ],
        [
            -0.008554144762456417,
            0.04808319732546806,
            0.01715162768959999
        ],
        [
            0.04873957484960556,
            0.06814353913068771,
            0.02318749576807022
        ],
        [
            0.043883420526981354,
            0.06992317736148834,
            0.02516595460474491
        ],
        [
            0.045346930623054504,
            0.07285460084676743,
            0.027418123558163643
        ],
        [
            0.05014067515730858,
            0.07413004338741302,
            0.024746092036366463
        ],
        [
            0.09620071947574615,
            0.035574350506067276,
            0.02883666753768921
        ],
        [
            0.07060828804969788,
            0.07642722129821777,
            0.033076781779527664
        ],
        [
            0.0662258118391037,
            0.07089536637067795,
            0.04036960005760193
        ],
        [
            0.10087192058563232,
            0.02369515597820282,
            0.028905317187309265
        ],
        [
            0.09452088922262192,
            0.016907233744859695,
            0.031869273632764816
        ],
        [
            0.10246148705482483,
            0.011505451053380966,
            0.030240433290600777
        ],
        [
            0.03694019466638565,
            0.04974690452218056,
            0.045852310955524445
        ],
        [
            0.07668469846248627,
            0.020798202604055405,
            0.03569909185171127
        ],
        [
            0.0882551372051239,
            0.012610923498868942,
            0.03259940445423126
        ],
        [
            0.09745784103870392,
            0.005941011011600494,
            0.030696554109454155
        ],
        [
            0.10457110404968262,
            0.001617666333913803,
            0.029934078454971313
        ],
        [
            0.10930368304252625,
            0.00819263607263565,
            0.029349297285079956
        ],
        [
            -0.00821575429290533,
            0.052354857325553894,
            0.03517161309719086
        ],
        [
            -0.0065747397020459175,
            0.060312483459711075,
            0.033964987844228745
        ],
        [
            0.11755072325468063,
            0.004445888102054596,
            0.03000037372112274
        ],
        [
            0.11176399141550064,
            -0.002763696014881134,
            0.029936041682958603
        ],
        [
            0.08114153891801834,
            0.00686722993850708,
            0.032207950949668884
        ],
        [
            0.0727386623620987,
            0.00010775402188301086,
            0.030135273933410645
        ],
        [
            0.07019580900669098,
            0.01511034369468689,
            0.035026293247938156
        ],
        [
            0.06076238304376602,
            0.008931685239076614,
            0.033470336347818375
        ],
        [
            0.03225148469209671,
            0.040682822465896606,
            0.0500890389084816
        ],
        [
            -0.01220516487956047,
            0.07599398493766785,
            0.0253760889172554
        ],
        [
            -0.005865803919732571,
            0.06728851050138474,
            0.029397208243608475
        ],
        [
            -0.0030726827681064606,
            0.06624361127614975,
            0.02439332753419876
        ],
        [
            -0.008663354441523552,
            0.07594938576221466,
            0.022891085594892502
        ],
        [
            -0.0013341400772333145,
            0.06200399994850159,
            0.02963865175843239
        ],
        [
            -0.01027274876832962,
            0.06496578454971313,
            0.03207828849554062
        ],
        [
            0.05101544409990311,
            0.00032369233667850494,
            0.02693396992981434
        ],
        [
            0.01650289073586464,
            0.045369554311037064,
            0.02419096976518631
        ],
        [
            0.06345672905445099,
            -0.009754262864589691,
            0.01984236389398575
        ],
        [
            0.03701990097761154,
            -0.006872009485960007,
            0.01875288598239422
        ],
        [
            0.0462653785943985,
            -0.013853941112756729,
            0.011321905069053173
        ],
        [
            0.07451489567756653,
            -0.02037239633500576,
            0.010966718196868896
        ],
        [
            0.059819966554641724,
            -0.02084309607744217,
            0.005080064758658409
        ],
        [
            0.09059515595436096,
            -0.024951055645942688,
            0.012172477319836617
        ],
        [
            0.08284048736095428,
            -0.021691787987947464,
            0.012655179016292095
        ],
        [
            0.04417812079191208,
