{
    "pred_cam": [
        7.573396682739258,
        0.143096923828125,
        -0.05241205170750618
    ],
    "pred_mano_params": {
        "global_orient": [
            [
                [
                    -0.42811042070388794,
                    -0.7559114694595337,
                    0.49529731273651123
                ],
                [
                    -0.6222657561302185,
                    -0.15088152885437012,
                    -0.7681277394294739
                ],
                [
                    0.6553677320480347,
                    -0.6370500326156616,
                    -0.40578389167785645
                ]
            ]
        ],
        "hand_pose": [
            [
                [
                    0.7109647989273071,
                    -0.617927610874176,
                    -0.335700124502182
                ],
                [
                    0.6164525151252747,
                    0.7773540019989014,
                    -0.12532766163349152
                ],
                [
                    0.33840128779411316,
                    -0.11783964931964874,
                    0.9335943460464478
                ]
            ],
            [
                [
                    0.9526147246360779,
                    -0.2030377984046936,
                    0.22649681568145752
                ],
                [
                    0.24239493906497955,
                    0.9565572738647461,
                    -0.16199669241905212
                ],
                [
                    -0.183765709400177,
                    0.20922212302684784,
                    0.9604458808898926
                ]
            ],
            [
                [
                    0.7101675868034363,
                    -0.6963381767272949,
                    0.10380351543426514
                ],
                [
                    0.6985297203063965,
                    0.6785172820091248,
                    -0.22731101512908936
                ],
                [
                    0.0878528356552124,
                    0.2339387685060501,
                    0.9682738780975342
                ]
            ],
            [
                [
                    0.6466870903968811,
                    -0.7513493299484253,
                    -0.1314152032136917
                ],
                [
                    0.7600531578063965,
                    0.6492496132850647,
                    0.028179975226521492
                ],
                [
                    0.06414826959371567,
                    -0.1181061640381813,
                    0.9909267425537109
                ]
            ],
            [
                [
                    0.9215377569198608,
                    -0.3881247043609619,
                    -0.011285076849162579
                ],
                [
                    0.3693991005420685,
                    0.8673813939094543,
                    0.3334573209285736
                ],
                [
                    -0.11963455379009247,
                    -0.3114622235298157,
                    0.9426976442337036
                ]
            ],
            [
                [
                    0.7467835545539856,
                    -0.5674324035644531,
                    -0.3468933403491974
                ],
                [
                    0.6308800578117371,
                    0.7694783806800842,
                    0.09946534037590027
                ],
                [
                    0.21048708260059357,
                    -0.2931271493434906,
                    0.9326155781745911
                ]
            ],
            [
                [
                    0.5031415224075317,
                    -0.7083391547203064,
                    0.4950801730155945
                ],
                [
                    0.605207622051239,
                    0.6977458596229553,
                    0.3832421898841858
                ],
                [
                    -0.6169055104255676,
                    0.10680124163627625,
                    0.7797571420669556
                ]
            ],
            [
                [
                    0.825877845287323,
                    -0.5190462470054626,
                    -0.22026532888412476
                ],
                [
                    0.5618310570716858,
                    0.7245116829872131,
                    0.399285227060318
                ],
                [
                    -0.04766271635890007,
                    -0.45351269841194153,
                    0.8899744153022766
                ]
            ],
            [
                [
                    0.7477232813835144,
                    -0.664005696773529,
                    0.0025238841772079468
                ],
                [
                    0.64939284324646,
                    0.7320505976676941,
                    0.20589017868041992
                ],
                [
                    -0.13855986297130585,
                    -0.15230987966060638,
                    0.9785718321800232
                ]
            ],
            [
                [
                    0.6724721193313599,
                    -0.7338800430297852,
                    0.09592292457818985
                ],
                [
                    0.7371374368667603,
                    0.6757393479347229,
                    0.002161378040909767
                ],
                [
                    -0.06640509516000748,
                    0.06925491243600845,
                    0.9953863024711609
                ]
            ],
            [
                [
                    0.8430799245834351,
                    -0.5349544286727905,
                    -0.05513488128781319
                ],
                [
                    0.4856058359146118,
                    0.7132093906402588,
                    0.5054892301559448
                ],
                [
                    -0.2310909926891327,
                    -0.4529417157173157,
                    0.8610695004463196
                ]
            ],
            [
                [
                    0.7289386987686157,
                    -0.5036787390708923,
                    -0.46363362669944763
                ],
                [
                    0.6249090433120728,
                    0.7661084532737732,
                    0.15022192895412445
                ],
                [
                    0.27952998876571655,
                    -0.3992314338684082,
                    0.8731995224952698
                ]
            ],
            [
                [
                    0.9595881104469299,
                    -0.1649143099784851,
                    -0.22802181541919708
                ],
                [
                    -0.12280979007482529,
                    0.4836387634277344,
                    -0.8666090965270996
                ],
                [
                    0.25319644808769226,
                    0.8595910668373108,
                    0.4438409209251404
                ]
            ],
            [
                [
                    0.8966749310493469,
                    -0.2983394265174866,
                    -0.32705873250961304
                ],
                [
                    0.4401521384716034,
                    0.6798140406608582,
                    0.5866165161132812
                ],
                [
                    0.047328222543001175,
                    -0.6699600219726562,
                    0.740886926651001
                ]
            ],
            [
                [
                    0.9006797671318054,
                    0.4265735447406769,
                    0.08252857625484467
                ],
                [
                    -0.43040788173675537,
                    0.9019433856010437,
                    0.03531445562839508
                ],
                [
                    -0.05937189981341362,
                    -0.06732796877622604,
                    0.9959627985954285
                ]
            ]
        ],
        "betas": [
            0.006298676133155823,
            -0.005188107490539551,
            -0.07749196887016296,
            -0.004158705472946167,
            0.03998410701751709,
            -0.02457602694630623,
            0.0424676239490509,
            -0.03161773085594177,
            -0.01696603000164032,
            -0.0429825484752655
        ]
    },
    "pred_cam_t": [
        -0.143096923828125,
        -0.05241205170750618,
        5.157857418060303
    ],
    "focal_length": [
        5000.0,
        5000.0
    ],
    "pred_keypoints_3d": [
        [
            0.09574742615222931,
            0.0063840411603450775,
            0.006186403334140778
        ],
        [
            0.13055604696273804,
            0.00393524207174778,
            -0.010202668607234955
        ],
        [
            0.15748503804206848,
            0.01702161319553852,
            -0.017476413398981094
        ],
        [
            0.17425131797790527,
            0.03709141165018082,
            -0.024677535519003868
        ],
        [
            0.1937660276889801,
            0.0537668839097023,
            -0.050798363983631134
        ],
        [
            0.147657111287117,
            0.046174306422472,
            -0.05665536969900131
        ],
        [
            0.16739802062511444,
            0.07257040590047836,
            -0.05914207547903061
        ],
        [
            0.18510018289089203,
            0.08501524478197098,
            -0.0540754571557045
        ],
        [
            0.2002156376838684,
            0.09076161682605743,
            -0.034472912549972534
        ],
        [
            0.13573940098285675,
            0.06812494993209839,
            -0.053572315722703934
        ],
        [
            0.15793099999427795,
            0.09045587480068207,
            -0.04964400827884674
        ],
        [
            0.17696774005889893,
            0.09750647097826004,
            -0.03823503479361534
        ],
        [
            0.19081507623195648,
            0.09604944288730621,
            -0.01643173024058342
        ],
        [
            0.1205517053604126,
            0.0783214122056961,
            -0.03408363461494446
        ],
        [
            0.14278101921081543,
            0.09672515094280243,
            -0.03425533324480057
        ],
        [
            0.16156679391860962,
            0.10092071443796158,
            -0.018591035157442093
        ],
        [
            0.16939640045166016,
            0.09841872751712799,
            0.0060902126133441925
        ],
        [
            0.11137926578521729,
            0.08385200798511505,
            -0.015085263177752495
        ],
        [
            0.12946723401546478,
            0.09474199265241623,
            -0.015517571941018105
        ],
        [
            0.14298249781131744,
            0.09841512888669968,
            -0.0027310606092214584
        ],
        [
            0.14860552549362183,
            0.09450174123048782,
            0.0136516522616148
        ]
    ],
    "pred_vertices": [
        [
            0.13736486434936523,
            0.027922242879867554,
            -0.02188345044851303
        ],
        [
            0.132772296667099,
            0.022259864956140518,
            -0.013262901455163956
        ],
        [
            0.14105388522148132,
            0.024579593911767006,
            -0.01592767983675003
        ],
        [
            0.14514115452766418,
            0.02771002985537052,
            -0.02552042528986931
        ],
        [
            0.14129602909088135,
            0.014285784214735031,
            0.003174521028995514
        ],
        [
            0.14515669643878937,
            0.0029645413160324097,
            0.0042641423642635345
        ],
        [
            0.1581214964389801,
            0.012367792427539825,
            -0.00256212055683136
        ],
        [
            0.15311220288276672,
            0.02089473232626915,
            -0.0008129104971885681
        ],
        [
            0.15034745633602142,
            0.028038490563631058,
            -0.029121309518814087
        ],
        [
            0.14825278520584106,
            0.026792407035827637,
            -0.017822597175836563
        ],
        [
            0.15022988617420197,
            0.027199476957321167,
            -0.030639169737696648
        ],
        [
            0.1481507420539856,
            0.02617631107568741,
            -0.04642753303050995
        ],
        [
            0.15036633610725403,
            0.028874609619379044,
            -0.040836796164512634
        ],
        [
            0.14771421253681183,
            0.029598508030176163,
            -0.054805487394332886
        ],
        [
            0.1398787498474121,
            0.01966187357902527,
            -0.048880115151405334
        ],
        [
            0.13950668275356293,
            0.030548058450222015,
            -0.05968432128429413
        ],
        [
            0.11357715725898743,
            0.02909890189766884,
            -0.04483850672841072
        ],
        [
            0.10484933853149414,
            0.03674600273370743,
            -0.03760600835084915
        ],
        [
            0.11141549050807953,
            0.04932202771306038,
            -0.04797086492180824
        ],
        [
            0.12029343843460083,
            0.0404260978102684,
            -0.05366826057434082
        ],
        [
            0.10095126926898956,
            0.05664166435599327,
            -0.031282246112823486
        ],
        [
            0.10696114599704742,
            0.05324486643075943,
            -0.040975771844387054
        ],
        [
            0.09940655529499054,
            0.04062385857105255,
            -0.03152419254183769
        ],
        [
            0.09456905722618103,
            0.044279832392930984,
            -0.023235183209180832
        ],
        [
            0.12543798983097076,
            0.03202221170067787,
            -0.012911856174468994
        ],
        [
            0.12119916826486588,
            0.025673452764749527,
            -0.005097534507513046
        ],
        [
            0.12450020760297775,
            0.02327660471200943,
            -0.009110778570175171
        ],
        [
            0.1290625035762787,
            0.02950129844248295,
            -0.016211025416851044
        ],
        [
            0.15597599744796753,
            0.024411439895629883,
            -0.02933291345834732
        ],
        [
            0.1479581892490387,
            0.013355053961277008,
            -0.035099565982818604
        ],
        [
            0.14825035631656647,
            0.020915886387228966,
            -0.03533846139907837
        ],
        [
            0.15579593181610107,
            0.028625480830669403,
            -0.02549646981060505
        ],
        [
            0.11138228327035904,
            0.01728537306189537,
            0.021039996296167374
        ],
        [
            0.10292898118495941,
            0.007188186049461365,
            0.024076849222183228
        ],
        [
            0.10566940903663635,
            0.003026731312274933,
            0.02084905281662941
        ],
        [
            0.11245913058519363,
            0.013044346123933792,
            0.018380064517259598
        ],
        [
            0.12403358519077301,
            -0.005819831043481827,
            0.01110929250717163
        ],
        [
            0.11429650336503983,
            -0.010554622858762741,
            0.01210455596446991
        ],
        [
            0.1107889711856842,
            -0.02159113436937332,
            0.005655817687511444
        ],
        [
            0.12027566134929657,
            -0.017838217318058014,
            0.0014677494764328003
        ],
        [
            0.1351192742586136,
            -0.001541782170534134,
            0.008062217384576797
        ],
        [
            0.1337287873029709,
            -0.012863103300333023,
            0.0008165538311004639
        ],
        [
            0.1460065245628357,
            -0.006177064031362534,
            -0.002477496862411499
        ],
        [
            0.15962162613868713,
            0.0058183930814266205,
            -0.008887860924005508
        ],
        [
            0.09462590515613556,
            0.0156465545296669,
            0.028956018388271332
        ],
        [
            0.0999678373336792,
            0.024294234812259674,
            0.027883417904376984
        ],
        [
            0.1761324256658554,
            0.06837601214647293,
            -0.05331027880311012
        ],
        [
            0.1737295389175415,
            0.07220849394798279,
            -0.049624357372522354
        ],
        [
            0.17098915576934814,
            0.06826487928628922,
            -0.049568310379981995
        ],
        [
            0.17386691272258759,
            0.065516896545887,
            -0.05379559099674225
        ],
        [
            0.08049031347036362,
            0.027402296662330627,
            0.02056540921330452
        ],
        [
            0.07408668845891953,
            0.026093102991580963,
            0.012890171259641647
        ],
        [
            0.07172392308712006,
            0.021878227591514587,
            0.018356911838054657
        ],
        [
            0.07851118594408035,
            0.021482132375240326,
            0.0248522087931633
        ],
        [
            0.08319006115198135,
            0.035168759524822235,
            0.014884382486343384
        ],
        [
            0.07807643711566925,
            0.0316876582801342,
            0.0054432787001132965
        ],
        [
            0.1754692643880844,
            0.07299718260765076,
            -0.06535125523805618
        ],
        [
            0.17757269740104675,
            0.06955580413341522,
            -0.062107402831315994
        ],
        [
            0.17367830872535706,
            0.06696944683790207,
            -0.06376615911722183
        ],
        [
            0.1705426573753357,
            0.0702289342880249,
            -0.0659804493188858
        ],
        [
            0.1483062207698822,
            0.0308679211884737,
            -0.03476106375455856
        ],
        [
            0.14214782416820526,
            0.03338362276554108,
            -0.028662798926234245
        ],
        [
            0.15315724909305573,
            0.04166334867477417,
            -0.04627063125371933
        ],
        [
            0.14779958128929138,
            0.03945533186197281,
            -0.0397954061627388
        ],
        [
            0.15056940913200378,
            0.03402569144964218,
            -0.043289147317409515
        ],
        [
            0.1539718359708786,
            0.03662674129009247,
            -0.049318648874759674
        ],
        [
            0.1316547840833664,
            0.049748871475458145,
            -0.025785639882087708
        ],
        [
            0.1272338181734085,
            0.041542187333106995,
            -0.01875222474336624
        ],
        [
            0.13152535259723663,
            0.03895917534828186,
            -0.02308691293001175
        ],
        [
            0.13788844645023346,
            0.04691081494092941,
            -0.0310618057847023
        ],
        [
            0.12081146985292435,
            0.049322545528411865,
            -0.008769433945417404
        ],
        [
            0.12530551850795746,
            0.056703004986047745,
            -0.016812453046441078
        ],
        [
            0.12104233354330063,
            0.060255881398916245,
            -0.010226957499980927
        ],
        [
            0.11940030753612518,
            0.05449788644909859,
            -0.00503123551607132
        ],
        [
            0.1337885558605194,
            0.0666256695985794,
            -0.032518502324819565
        ],
        [
            0.13586626946926117,
            0.07031144946813583,
            -0.03690490499138832
        ],
        [
            0.1353883594274521,
            0.07303221523761749,
            -0.03433777391910553
        ],
        [
            0.1318076103925705,
            0.0682850331068039,
            -0.029886052012443542
        ],
        [
            0.06878110766410828,
            0.017227977514266968,
            0.02285236492753029
        ],
        [
            0.07677372545003891,
            0.015226781368255615,
            0.0281963050365448
        ],
        [
            0.09304904192686081,
            0.06545212864875793,
            -0.012871984392404556
        ],
        [
            0.09364312887191772,
            0.06583328545093536,
            -0.001648038625717163
        ],
        [
            0.0976848155260086,
            0.0776926577091217,
            -0.007628383114933968
        ],
        [
            0.09556818008422852,
            0.07425789535045624,
            -0.018653305247426033
        ],
        [
            0.07285767793655396,
            0.02208145707845688,
            0.0033954307436943054
        ],
        [
            0.0685361921787262,
            0.01910601556301117,
            0.009236034005880356
        ],
        [
            0.1720876544713974,
            0.07806703448295593,
            -0.06535205990076065
        ],
        [
            0.16686813533306122,
            0.07468786090612411,
            -0.0648367777466774
        ],
        [
            0.13928890228271484,
            -0.01236703246831894,
            -0.013174556195735931
        ],
        [
            0.15735092759132385,
            0.0016643144190311432,
            -0.01722339540719986
        ],
        [
            0.12350606918334961,
            -0.01877499744296074,
            -0.009579837322235107
        ],
        [
            0.11184875667095184,
            -0.021200645714998245,
            -0.007122740149497986
        ],
        [
            0.10377921909093857,
            -0.024949900805950165,
            -0.00374763086438179
        ],
        [
            0.14610910415649414,
            0.04567039757966995,
            -0.03922326862812042
        ],
        [
            0.13469119369983673,
            0.033967096358537674,
            -0.023210562765598297
        ],
        [
            0.1226278766989708,
            0.03466029837727547,
            -0.009540807455778122
        ],
        [
            0.11151484400033951,
            0.0553492046892643,
            0.010564889758825302
        ],
        [
            0.10834760218858719,
            0.04764071851968765,
            0.017020870000123978
        ],
        [
            0.11549171060323715,
            0.04419854283332825,
            0.009786441922187805
        ],
        [
            0.11630616337060928,
            0.05161042511463165,
            0.005228400230407715
        ],
        [
            0.10023388266563416,
            0.06727604568004608,
            0.005596719682216644
        ],
        [
            0.10828523337841034,
            0.06607852876186371,
            0.0061071328818798065
        ],
        [
            0.11025740206241608,
            0.07310151308774948,
            0.0007466301321983337
        ],
        [
            0.10304504632949829,
            0.07627101242542267,
            -0.0004529021680355072
        ],
        [
            0.16016018390655518,
            0.018884193152189255,
            -0.0314256027340889
        ],
        [
            0.14931993186473846,
            0.006450582295656204,
            -0.033574990928173065
        ],
        [
            0.08923351764678955,
            0.026304941624403,
            0.02643360197544098
        ],
        [
            0.08758042752742767,
            0.018999002873897552,
            0.02866523712873459
        ],
        [
            0.08327601104974747,
            0.012027189135551453,
            0.030957601964473724
        ],
        [
            0.11735460162162781,
            0.02033330127596855,
            0.007784232497215271
        ],
        [
            0.11333156377077103,
            0.01002781093120575,
            0.016600877046585083
        ],
        [
            0.1161775067448616,
            0.00755498930811882,
            0.014207832515239716
        ],
        [
            0.11806956678628922,
            0.018271859735250473,
            0.004902444779872894
        ],
        [
            0.12974585592746735,
            0.017644546926021576,
            -0.0024396926164627075
        ],
        [
            0.12972337007522583,
            0.009007912129163742,
            0.007425762712955475
        ],
        [
            0.1389518529176712,
            0.02280472405254841,
            -0.004768040031194687
        ],
        [
            0.10870130360126495,
            -0.003841489553451538,
            0.017433300614356995
        ],
        [
            0.10072910040616989,
            -0.0049493759870529175,
            0.02503591775894165
        ],
        [
            0.10406707227230072,
            -0.011557549238204956,
            0.020081643015146255
        ],
        [
            0.09497594833374023,
            0.0018250271677970886,
            0.029150359332561493
        ],
        [
            0.08897987008094788,
            0.007947608828544617,
            0.03154165670275688
        ],
        [
            0.062171757221221924,
            0.014986678957939148,
            0.013156741857528687
        ],
        [
            0.1065136194229126,
            -0.016900982707738876,
            0.014197975397109985
        ],
        [
            0.161256805062294,
            0.02456296980381012,
            -0.005722381174564362
        ],
        [
            0.16747087240219116,
            0.028561215847730637,
            -0.010299816727638245
        ],
        [
            0.16188935935497284,
            0.03240308165550232,
            -0.01214575208723545
        ],
        [
            0.15606263279914856,
            0.029056088998913765,
            -0.009156089276075363
        ],
        [
            0.14966583251953125,
            0.03615230694413185,
            -0.06133853644132614
        ],
        [
            0.15387842059135437,
            0.03539254143834114,
            -0.05494671314954758
        ],
        [
            0.15098373591899872,
            0.029767736792564392,
            -0.048446640372276306
        ],
        [
            0.11317271739244461,
            0.028411701321601868,
            0.018018677830696106
        ],
        [
            0.10353845357894897,
            0.03384203836321831,
            0.024127092212438583
        ],
        [
            0.1512477546930313,
            0.047738172113895416,
            -0.045498546212911606
        ],
        [
            0.16629481315612793,
            0.06747949123382568,
            -0.06701589375734329
        ],
        [
            0.1700475513935089,
            0.06376785039901733,
            -0.0645301416516304
        ],
        [
            0.15890254080295563,
            0.04823334887623787,
            -0.06406691670417786
        ],
        [
            0.15477530658245087,
            0.052776068449020386,
            -0.06735122203826904
        ],
        [
            0.14905746281147003,
            0.056590985506772995,
            -0.049674294888973236
        ],
        [
            0.1523357629776001,
            0.05083315446972847,
            -0.046859193593263626
        ],
        [
            0.15246309340000153,
            0.05321568250656128,
            -0.04741401597857475
        ],
        [
            0.149919331073761,
            0.0593077577650547,
            -0.04799896478652954
        ],
        [
            0.1301434189081192,
            0.07526631653308868,
            -0.02696528658270836
        ],
        [
            0.12717832624912262,
            0.070907823741436,
            -0.022972678765654564
        ],
        [
            0.12926681339740753,
            0.05246417969465256,
            -0.05918113887310028
        ],
        [
            0.13349825143814087,
            0.04215501248836517,
            -0.0664636641740799
        ],
        [
            0.12862339615821838,
            0.03311990201473236,
            -0.05885672569274902
        ],
        [
            0.1274842768907547,
            0.05304550379514694,
            -0.020522532984614372
        ],
        [
            0.1310252845287323,
            0.06086411699652672,
            -0.026367371901869774
        ],
        [
            0.12872903048992157,
            0.06302477419376373,
            -0.023646531626582146
        ],
        [
            0.14530949294567108,
            0.050284285098314285,
            -0.04020440950989723
        ],
        [
            0.14825256168842316,
            0.05320966616272926,
            -0.04524644464254379
        ],
        [
            0.14452147483825684,
            0.055435661226511,
            -0.04271777346730232
        ],
        [
            0.14148347079753876,
            0.05261228606104851,
            -0.036973096430301666
        ],
        [
            0.08879294991493225,
            0.05479748547077179,
            0.004229608923196793
        ],
        [
            0.09641322493553162,
            0.05691409111022949,
            0.012829925864934921
        ],
        [
            0.17770174145698547,
            0.06761878728866577,
            -0.05782225355505943
        ],
        [
            0.17476105690002441,
            0.06505333632230759,
            -0.05909460037946701
        ],
        [
            0.12326988577842712,
            0.0449209064245224,
            -0.01371268555521965
        ],
        [
            0.1231846809387207,
            0.023494457826018333,
            -0.04863426461815834
        ],
        [
            0.11991958320140839,
            0.03755148500204086,
            -0.005692321807146072
        ],
        [
            0.11025139689445496,
            0.07692912220954895,
            -0.031061392277479172
        ],
        [
            0.11502940207719803,
            0.08011224120855331,
            -0.024981636554002762
        ],
        [
            0.11953931301832199,
            0.08290606737136841,
            -0.026911383494734764
        ],
        [
            0.11701525002717972,
            0.08270248025655746,
            -0.03253844007849693
        ],
        [
            0.15924781560897827,
            0.07222060859203339,
            -0.04922197386622429
        ],
        [
            0.16351036727428436,
            0.06885399669408798,
            -0.04721793532371521
        ],
        [
            0.16704042255878448,
            0.07278192043304443,
            -0.047692425549030304
        ],
        [
            0.16354064643383026,
            0.07687849551439285,
            -0.04998352751135826
        ],
        [
            0.15529227256774902,
            0.04589635506272316,
            -0.04811907187104225
        ],
        [
            0.1572798639535904,
            0.04132557660341263,
            -0.05184977501630783
        ],
        [
            0.15993502736091614,
            0.04662078619003296,
            -0.05219109728932381
        ],
        [
            0.15649347007274628,
            0.05026739463210106,
            -0.04888911172747612
        ],
        [
            0.15707121789455414,
            0.040705692023038864,
            -0.05783843249082565
        ],
        [
            0.16051821410655975,
            0.045884229242801666,
            -0.05841361731290817
        ],
        [
            0.1568540632724762,
            0.07460048794746399,
            -0.05476653575897217
        ],
        [
            0.15787720680236816,
            0.07427716255187988,
            -0.06216130033135414
        ],
        [
            0.14619410037994385,
            0.061971161514520645,
            -0.06170535087585449
        ],
        [
            0.1479131430387497,
            0.06362904608249664,
            -0.05394554138183594
        ],
        [
            0.08738455176353455,
            0.03261952102184296,
            -0.01652688719332218
        ],
        [
            0.08379454910755157,
            0.03831377997994423,
            -0.007630892097949982
        ],
        [
            0.09066896140575409,
            0.05016642063856125,
            -0.014179904013872147
        ],
        [
            0.09619680047035217,
            0.06244264543056488,
            -0.021154452115297318
        ],
        [
            0.10270987451076508,
            0.07314535975456238,
            -0.027887534350156784
        ],
        [
            0.10539320856332779,
            0.06744411587715149,
            -0.03835899010300636
        ],
        [
            0.08808651566505432,
            0.05293460562825203,
            -0.006853196769952774
        ],
        [
            0.14143207669258118,
            0.05857609957456589,
            -0.05435015261173248
        ],
        [
            0.13853810727596283,
            0.054390016943216324,
            -0.06131833791732788
        ],
        [
            0.13610386848449707,
            0.05715008080005646,
            -0.05805610120296478
        ],
        [
            0.11793017387390137,
            0.04213141277432442,
            -0.0001286715269088745
        ],
        [
            0.17183005809783936,
            0.06161968782544136,
            -0.059949856251478195
        ],
        [
            0.09131911396980286,
            -0.011460628360509872,
            -0.016245387494564056
        ],
        [
            0.08157199621200562,
            -0.002259824424982071,
            -0.013449132442474365
        ],
        [
            0.08757549524307251,
            0.0019842498004436493,
            -0.018347207456827164
        ],
        [
            0.09946791082620621,
            -0.008204218000173569,
            -0.02098507434129715
        ],
        [
            0.16830365359783173,
            0.0642756000161171,
            -0.04903561249375343
        ],
        [
            0.17163434624671936,
            0.06146349757909775,
            -0.05357350409030914
        ],
        [
            0.1245357021689415,
            0.07556751370429993,
            -0.018914809450507164
        ],
        [
            0.12727530300617218,
            0.07886884361505508,
            -0.023465832695364952
        ],
        [
            0.12499435991048813,
            0.08188863098621368,
            -0.023459715768694878
        ],
        [
            0.12327250838279724,
            0.08093706518411636,
            -0.017390497028827667
        ],
        [
            0.0821649357676506,
            0.03992970287799835,
            -0.002098511904478073
        ],
        [
            0.10397324711084366,
            0.08475515991449356,
            -0.010204194113612175
        ],
        [
            0.10108274221420288,
            0.08135282248258591,
            -0.02017849311232567
        ],
        [
            0.07791106402873993,
            0.027815096080303192,
            -0.0023231469094753265
        ],
        [
            0.08042794466018677,
            0.02281041443347931,
            -0.010345760732889175
        ],
        [
            0.07514817267656326,
            0.016147170215845108,
            -0.005531672388315201
        ],
        [
            0.1167907863855362,
            0.06529885530471802,
            -0.04833966866135597
        ],
        [
            0.09172757714986801,
            0.029840532690286636,
            -0.023530183359980583
        ],
        [
            0.08449400961399078,
            0.019651368260383606,
            -0.016038544476032257
        ],
        [
            0.07837535440921783,
            0.011540055274963379,
            -0.010539356619119644
        ],
        [
            0.07321572303771973,
            0.006255358457565308,
            -0.006616529077291489
        ],
        [
            0.07031441479921341,
            0.011832818388938904,
            -0.0014289990067481995
        ],
        [
            0.16178405284881592,
            0.07161308825016022,
            -0.06548042595386505
        ],
        [
            0.1630215048789978,
            0.07897274941205978,
            -0.06167088821530342
        ],
        [
            0.06342262029647827,
            0.00725293904542923,
            0.0023754723370075226
        ],
        [
            0.06750290840864182,
            0.001060090959072113,
            -0.0032065175473690033
        ],
        [
            0.08988876640796661,
            0.01492903009057045,
            -0.021855778992176056
        ],
        [
            0.09787847101688385,
            0.008787482976913452,
            -0.027897324413061142
        ],
        [
            0.09683442115783691,
            0.024998240172863007,
            -0.028727436438202858
        ],
        [
            0.10493580996990204,
            0.019866175949573517,
            -0.03541543334722519
        ],
        [
            0.1170731708407402,
            0.058024778962135315,
            -0.05664381384849548
        ],
        [
            0.17758607864379883,
            0.09006262570619583,
            -0.0563092976808548
        ],
        [
            0.16721436381340027,
            0.08406344801187515,
            -0.05676746368408203
        ],
        [
            0.16774298250675201,
            0.08160631358623505,
            -0.051506154239177704
        ],
        [
            0.17616264522075653,
            0.08937875926494598,
            -0.05209128558635712
        ],
        [
            0.16182208061218262,
            0.07930398732423782,
            -0.05513017997145653
        ],
        [
            0.1684461086988449,
            0.08241074532270432,
            -0.06216077134013176
        ],
        [
            0.11748874187469482,
            0.01204952597618103,
            -0.039408810436725616
        ],
        [
            0.14638376235961914,
            0.05864836275577545,
            -0.047253452241420746
        ],
        [
            0.11373169720172882,
            -0.0015761703252792358,
            -0.029795940965414047
        ],
        [
            0.13406400382518768,
            0.009317625313997269,
            -0.04291451722383499
        ],
        [
            0.13354209065437317,
            -0.0004437081515789032,
            -0.03421435505151749
        ],
        [
            0.1117819994688034,
            -0.015943806618452072,
            -0.019041649997234344
        ],
        [
            0.12931281328201294,
            -0.012142475694417953,
            -0.023767948150634766
        ],
        [
            0.09521760046482086,
            -0.021795231848955154,
            -0.010197106748819351
        ],
        [
            0.1021251529455185,
            -0.017806269228458405,
            -0.014934763312339783
        ],
        [
            0.14613638818264008,
            -0.0038798488676548004,
            -0.025935377925634384
        ],
        [
            0.18207788467407227,
