{
    "pred_cam": [
        7.496039390563965,
        0.13370616734027863,
        -0.0596889853477478
    ],
    "pred_mano_params": {
        "global_orient": [
            [
                [
                    -0.3789409399032593,
                    -0.7276350855827332,
                    0.571796178817749
                ],
                [
                    -0.6804785132408142,
                    -0.1996597945690155,
                    -0.7050424814224243
                ],
                [
                    0.627178430557251,
                    -0.6562644839286804,
                    -0.4194807708263397
                ]
            ]
        ],
        "hand_pose": [
            [
                [
                    0.717899739742279,
                    -0.6201649904251099,
                    -0.3162519931793213
                ],
                [
                    0.6176056861877441,
                    0.777010977268219,
                    -0.12172586470842361
                ],
                [
                    0.32122138142585754,
                    -0.10793205350637436,
                    0.9408333897590637
                ]
            ],
            [
                [
                    0.9498191475868225,
                    -0.21475811302661896,
                    0.22742579877376556
                ],
                [
                    0.25038397312164307,
                    0.95778489112854,
                    -0.14126555621623993
                ],
                [
                    -0.18748706579208374,
                    0.19112052023410797,
                    0.9634944200515747
                ]
            ],
            [
                [
                    0.706155002117157,
                    -0.6968203186988831,
                    0.1256442368030548
                ],
                [
                    0.6996423006057739,
                    0.6594130992889404,
                    -0.2750905454158783
                ],
                [
                    0.10883720219135284,
                    0.2821626365184784,
                    0.9531728029251099
                ]
            ],
            [
                [
                    0.6624693870544434,
                    -0.7380356788635254,
                    -0.12820912897586823
                ],
                [
                    0.7458770871162415,
                    0.6657280921936035,
                    0.021758561953902245
                ],
                [
                    0.06929382681846619,
                    -0.11004263162612915,
                    0.9915083646774292
                ]
            ],
            [
                [
                    0.9053846597671509,
                    -0.42341697216033936,
                    -0.031570177525281906
                ],
                [
                    0.40874233841896057,
                    0.8490483164787292,
                    0.3347336947917938
                ],
                [
                    -0.11492730677127838,
                    -0.31596681475639343,
                    0.9417837858200073
                ]
            ],
            [
                [
                    0.742500364780426,
                    -0.5611726641654968,
                    -0.3657572567462921
                ],
                [
                    0.6359176635742188,
                    0.7621088624000549,
                    0.12165029346942902
                ],
                [
                    0.21048001945018768,
                    -0.3229169249534607,
                    0.9227256774902344
                ]
            ],
            [
                [
                    0.5328983664512634,
                    -0.6614658832550049,
                    0.527714192867279
                ],
                [
                    0.5825371146202087,
                    0.7391102313995361,
                    0.33818137645721436
                ],
                [
                    -0.6137343645095825,
                    0.1271967887878418,
                    0.7791990637779236
                ]
            ],
            [
                [
                    0.8226097822189331,
                    -0.5051034688949585,
                    -0.2611200213432312
                ],
                [
                    0.5680167078971863,
                    0.7090734839439392,
                    0.4178179204463959
                ],
                [
                    -0.02588798478245735,
                    -0.4920216500759125,
                    0.8701979517936707
                ]
            ],
            [
                [
                    0.7465683817863464,
                    -0.6647076606750488,
                    0.0282741691917181
                ],
                [
                    0.6471359133720398,
                    0.7353848814964294,
                    0.20105762779712677
                ],
                [
                    -0.15443693101406097,
                    -0.13180603086948395,
                    0.9791712760925293
                ]
            ],
            [
                [
                    0.6897706985473633,
                    -0.7173539400100708,
                    0.09808008372783661
                ],
                [
                    0.7211412191390991,
                    0.6927722096443176,
                    -0.0046818931587040424
                ],
                [
                    -0.06458859145641327,
                    0.07395903021097183,
                    0.9951674342155457
                ]
            ],
            [
                [
                    0.8295547366142273,
                    -0.5518991947174072,
                    -0.08512470126152039
                ],
                [
                    0.5128712058067322,
                    0.6926750540733337,
                    0.5071136355400085
                ],
                [
                    -0.2209118753671646,
                    -0.4643365442752838,
                    0.8576650619506836
                ]
            ],
            [
                [
                    0.727390468120575,
                    -0.49796831607818604,
                    -0.4721554219722748
                ],
                [
                    0.6247946619987488,
                    0.7651314735412598,
                    0.15558113157749176
                ],
                [
                    0.28378647565841675,
                    -0.40816840529441833,
                    0.8676772713661194
                ]
            ],
            [
                [
                    0.9599459171295166,
                    -0.15493662655353546,
                    -0.23344944417476654
                ],
                [
                    -0.13030384480953217,
                    0.49074071645736694,
                    -0.8615071177482605
                ],
                [
                    0.24804216623306274,
                    0.8574194312095642,
                    0.4508956968784332
                ]
            ],
            [
                [
                    0.898189902305603,
                    -0.2929202616214752,
                    -0.3277997076511383
                ],
                [
                    0.43713366985321045,
                    0.6741134524345398,
                    0.5953865647315979
                ],
                [
                    0.04657340422272682,
                    -0.6780624985694885,
                    0.7335271835327148
                ]
            ],
            [
                [
                    0.8926633596420288,
                    0.4451676309108734,
                    0.07055435329675674
                ],
                [
                    -0.44892510771751404,
                    0.8921116590499878,
                    0.05102052539587021
                ],
                [
                    -0.0402296707034111,
                    -0.07721776515245438,
                    0.996202290058136
                ]
            ]
        ],
        "betas": [
            -0.026622265577316284,
            0.011019676923751831,
            -0.079623281955719,
            0.01784488558769226,
            0.06075543165206909,
            -0.0206318162381649,
            0.04322555661201477,
            -0.019769102334976196,
            -0.036257535219192505,
            -0.05560934543609619
        ]
    },
    "pred_cam_t": [
        -0.13370616734027863,
        -0.0596889853477478,
        5.211085319519043
    ],
    "focal_length": [
        5000.0,
        5000.0
    ],
    "pred_keypoints_3d": [
        [
            0.09591194242238998,
            0.006402173079550266,
            0.006185565143823624
        ],
        [
            0.1311640441417694,
            0.007736586965620518,
            -0.009622050449252129
        ],
        [
            0.15693983435630798,
            0.023357689380645752,
            -0.016349654644727707
        ],
        [
            0.17192935943603516,
            0.04497548192739487,
            -0.023135719820857048
        ],
        [
            0.18904174864292145,
            0.06393232941627502,
            -0.04947148263454437
        ],
        [
            0.14503660798072815,
            0.052968766540288925,
            -0.05449576675891876
        ],
        [
            0.16273625195026398,
            0.08089225739240646,
            -0.05612383410334587
        ],
        [
            0.17943961918354034,
            0.0944225862622261,
            -0.05037564039230347
        ],
        [
            0.19359752535820007,
            0.10079478472471237,
            -0.030136864632368088
        ],
        [
            0.13101640343666077,
            0.07363296300172806,
            -0.050948284566402435
        ],
        [
            0.15069086849689484,
            0.09814918041229248,
            -0.046444907784461975
        ],
        [
            0.1685861051082611,
            0.10635147988796234,
            -0.03396586328744888
        ],
        [
            0.18151946365833282,
            0.10490448027849197,
            -0.011567503213882446
        ],
        [
            0.11457542330026627,
            0.08173847943544388,
            -0.031410474330186844
        ],
        [
            0.1347743421792984,
            0.10240164399147034,
            -0.03118416853249073
        ],
        [
            0.15252137184143066,
            0.10793117433786392,
            -0.014697162434458733
        ],
        [
            0.15965703129768372,
            0.10526219755411148,
            0.010216094553470612
        ],
        [
            0.10459551960229874,
            0.08577419817447662,
            -0.01239076443016529
        ],
        [
            0.12123948335647583,
            0.09877865016460419,
            -0.01329414825886488
        ],
        [
            0.13401444256305695,
            0.10433769226074219,
            -0.00038900226354599
        ],
        [
            0.1403876096010208,
            0.10101146250963211,
            0.015750598162412643
        ]
    ],
    "pred_vertices": [
        [
            0.13590207695960999,
            0.03268013894557953,
            -0.020448386669158936
        ],
        [
            0.1317337155342102,
            0.026325657963752747,
            -0.012086171656847
        ],
        [
            0.1398623287677765,
            0.029472211375832558,
            -0.014630455523729324
        ],
        [
            0.14376376569271088,
            0.03328957408666611,
            -0.023997589945793152
        ],
        [
            0.14087271690368652,
            0.01866193488240242,
            0.004162196069955826
        ],
        [
            0.14573442935943604,
            0.007695827633142471,
            0.005000468343496323
        ],
        [
            0.1579146683216095,
            0.018436647951602936,
            -0.0014946870505809784
        ],
        [
            0.1521739363670349,
            0.026456166058778763,
            0.00041279569268226624
        ],
        [
            0.14902286231517792,
            0.03419661149382591,
            -0.027570661157369614
        ],
        [
            0.14690525829792023,
            0.032373715192079544,
            -0.016418609768152237
        ],
        [
            0.14902903139591217,
            0.03335750102996826,
            -0.029211152344942093
        ],
        [
            0.14723578095436096,
            0.03267667070031166,
            -0.044962454587221146
        ],
        [
            0.14912882447242737,
            0.03543572872877121,
            -0.039197277277708054
        ],
        [
            0.14660833775997162,
            0.03633663058280945,
            -0.0531897209584713
        ],
        [
            0.13959509134292603,
            0.02547546662390232,
            -0.04777172952890396
        ],
        [
            0.13840822875499725,
            0.03664955869317055,
            -0.05820566415786743
        ],
        [
            0.11242997646331787,
            0.03235157951712608,
            -0.043885551393032074
        ],
        [
            0.10288575291633606,
            0.0389336496591568,
            -0.03656533733010292
        ],
        [
            0.1084473729133606,
            0.05239110440015793,
            -0.04638690873980522
        ],
        [
            0.11823168396949768,
            0.04455062747001648,
            -0.052216775715351105
        ],
        [
            0.09703285247087479,
            0.05814218521118164,
            -0.029630262404680252
        ],
        [
            0.10349994152784348,
            0.05565286800265312,
            -0.03934739530086517
        ],
        [
            0.09697699546813965,
            0.04209233075380325,
            -0.030454151332378387
        ],
        [
            0.09166237711906433,
            0.04500652477145195,
            -0.022126147523522377
        ],
        [
            0.12346043437719345,
            0.035364434123039246,
            -0.011554118245840073
        ],
        [
            0.11968651413917542,
            0.028373897075653076,
            -0.004003401845693588
        ],
        [
            0.12328725308179855,
            0.02642705664038658,
            -0.00801834836602211
        ],
        [
            0.12737327814102173,
            0.033296406269073486,
            -0.014861077070236206
        ],
        [
            0.15487775206565857,
            0.030929256230592728,
            -0.028066560626029968
        ],
        [
            0.14798523485660553,
            0.019426163285970688,
            -0.034136176109313965
        ],
        [
            0.14763517677783966,
            0.027020247653126717,
            -0.03414741903543472
        ],
        [
            0.15433001518249512,
            0.035035036504268646,
            -0.024118050932884216
        ],
        [
            0.1102350652217865,
            0.018243174999952316,
            0.021718140691518784
        ],
        [
            0.10271069407463074,
            0.0072844624519348145,
            0.024286460131406784
        ],
        [
            0.10589209944009781,
            0.0035015270113945007,
            0.020976558327674866
        ],
        [
            0.11176013946533203,
            0.014208391308784485,
            0.01894797384738922
        ],
        [
            0.12525711953639984,
            -0.003287471830844879,
            0.011307209730148315
        ],
        [
            0.11593043059110641,
            -0.008943196386098862,
            0.011968012899160385
        ],
        [
            0.11356587707996368,
            -0.02007746323943138,
            0.00509074330329895
        ],
        [
            0.12274859845638275,
            -0.015326961874961853,
            0.0011860467493534088
        ],
        [
            0.13603255152702332,
            0.0021261684596538544,
            0.008557669818401337
        ],
        [
            0.13575680553913116,
            -0.009095706045627594,
            0.0009285397827625275
        ],
        [
            0.14746329188346863,
            -0.0011670663952827454,
            -0.0019973069429397583
        ],
        [
            0.15997768938541412,
            0.012181121855974197,
            -0.007995396852493286
        ],
        [
            0.09354493021965027,
            0.014784567058086395,
            0.029270410537719727
        ],
        [
            0.09807474911212921,
            0.023943759500980377,
            0.02857208624482155
        ],
        [
            0.17166563868522644,
            0.07717370986938477,
            -0.05031018704175949
        ],
        [
            0.1689058542251587,
            0.0807032585144043,
            -0.04654445871710777
        ],
        [
            0.16650976240634918,
            0.07666720449924469,
            -0.046670928597450256
        ],
        [
            0.16964656114578247,
            0.07424721866846085,
            -0.050941865891218185
        ],
        [
            0.07847483456134796,
            0.025467686355113983,
            0.020953748375177383
        ],
        [
            0.07232785224914551,
            0.02381695806980133,
            0.01309686154127121
        ],
        [
            0.07027719914913177,
            0.019213423132896423,
            0.018395129591226578
        ],
        [
            0.07698406279087067,
            0.019239723682403564,
            0.025022141635417938
        ],
        [
            0.08053791522979736,
            0.03364800289273262,
            0.015569739043712616
        ],
        [
            0.07591117173433304,
            0.03000800311565399,
            0.005889218300580978
        ],
        [
            0.17095239460468292,
            0.08220797777175903,
            -0.06224671006202698
        ],
        [
            0.1732228696346283,
            0.0787942111492157,
            -0.059055838733911514
        ],
        [
            0.16955560445785522,
            0.07602768391370773,
            -0.06090686470270157
        ],
        [
            0.1662648469209671,
            0.07916280627250671,
            -0.06309914588928223
        ],
        [
            0.14677584171295166,
            0.03705915808677673,
            -0.03304777294397354
        ],
        [
            0.14027419686317444,
            0.03879924118518829,
            -0.026967275887727737
        ],
        [
            0.15071743726730347,
            0.04869324713945389,
            -0.04410257190465927
        ],
        [
            0.14551392197608948,
            0.045744888484478,
            -0.03781682997941971
        ],
        [
            0.14885134994983673,
            0.0407039150595665,
            -0.04142075777053833
        ],
        [
            0.15207163989543915,
            0.04380624741315842,
            -0.04728005826473236
        ],
        [
            0.12820985913276672,
            0.054035019129514694,
            -0.023782016709446907
        ],
        [
            0.12445580959320068,
            0.04521121829748154,
            -0.01707533374428749
        ],
        [
            0.12905429303646088,
            0.043183378875255585,
            -0.02141229808330536
        ],
        [
            0.13478220999240875,
            0.051961347460746765,
            -0.02903444692492485
        ],
        [
            0.1171518862247467,
            0.05204726383090019,
            -0.006955582648515701
        ],
        [
            0.12107916176319122,
            0.0600958913564682,
            -0.014695251360535622
        ],
        [
            0.11640069633722305,
            0.06305097043514252,
            -0.0080689936876297
        ],
        [
            0.11519720405340195,
            0.056967854499816895,
            -0.003081429749727249
        ],
        [
            0.12887340784072876,
            0.07131338119506836,
            -0.029959924519062042
        ],
        [
            0.13066743314266205,
            0.07539830356836319,
            -0.03424743935465813
        ],
        [
            0.12986281514167786,
            0.07798606902360916,
            -0.03164583072066307
        ],
        [
            0.12667809426784515,
            0.07271790504455566,
            -0.027326136827468872
        ],
        [
            0.06770651787519455,
            0.014154493808746338,
            0.02269759401679039
        ],
        [
            0.07578730583190918,
            0.01273103803396225,
            0.02814711257815361
        ],
        [
            0.08805554360151291,
            0.06556956470012665,
            -0.011066311970353127
        ],
        [
            0.08841803669929504,
            0.06571860611438751,
            0.00021072477102279663
        ],
        [
            0.09137719869613647,
            0.07810819149017334,
            -0.005365403369069099
        ],
        [
            0.08983735740184784,
            0.0747118592262268,
            -0.01647762954235077
        ],
        [
            0.07162484526634216,
            0.020013295114040375,
            0.003423411399126053
        ],
        [
            0.06749798357486725,
            0.016451723873615265,
            0.009099926799535751
        ],
        [
            0.1672271192073822,
            0.0870441421866417,
            -0.06216786056756973
        ],
        [
            0.1622699648141861,
            0.08335764706134796,
            -0.06189645454287529
        ],
        [
            0.14141887426376343,
            -0.007656577974557877,
            -0.01298418641090393
        ],
        [
            0.15813587605953217,
            0.008054632693529129,
            -0.01645791530609131
        ],
        [
            0.1262189745903015,
            -0.015604384243488312,
            -0.009839598089456558
        ],
        [
            0.11477546393871307,
            -0.019179299473762512,
            -0.007665906101465225
        ],
        [
            0.10703204572200775,
            -0.023774955421686172,
            -0.004564482718706131
        ],
        [
            0.14322036504745483,
            0.051788829267024994,
            -0.0370820090174675
        ],
        [
            0.1326906532049179,
            0.03850797563791275,
            -0.02162640169262886
        ],
        [
            0.12034929543733597,
            0.03761540353298187,
            -0.008153844624757767
        ],
        [
            0.10700439661741257,
            0.05657803639769554,
            0.012420624494552612
        ],
        [
            0.10444696992635727,
            0.0483676977455616,
            0.018589280545711517
        ],
        [
            0.11201521754264832,
            0.04584456607699394,
            0.011371590197086334
        ],
        [
            0.11221630126237869,
            0.05346927419304848,
            0.007050011307001114
        ],
        [
            0.09473250806331635,
            0.0675756186246872,
            0.00761677511036396
        ],
        [
            0.1028759628534317,
            0.06715215742588043,
            0.008218709379434586
        ],
        [
            0.10427279025316238,
            0.07462291419506073,
            0.003054548054933548
        ],
        [
            0.09677822142839432,
            0.07706908881664276,
            0.001848684623837471
        ],
        [
            0.1595134735107422,
            0.025815047323703766,
            -0.030276622623205185
        ],
        [
            0.14993254840373993,
            0.012592997401952744,
            -0.03278401494026184
        ],
        [
            0.08720574527978897,
            0.024994932115077972,
            0.026969823986291885
        ],
        [
            0.08620607852935791,
            0.017480574548244476,
            0.028942126780748367
        ],
        [
            0.08253517001867294,
            0.010053656995296478,
            0.0309368297457695
        ],
        [
            0.11614178866147995,
            0.022278405725955963,
            0.008663222193717957
        ],
        [
            0.1129491776227951,
            0.011346079409122467,
            0.0170905701816082
        ],
        [
            0.11607474088668823,
            0.009226631373167038,
            0.014680985361337662
        ],
        [
            0.11709999293088913,
            0.020383130759000778,
            0.005739111453294754
        ],
        [
            0.1290319263935089,
            0.021112661808729172,
            -0.001456286758184433
        ],
        [
            0.12967053055763245,
            0.012183833867311478,
            0.008174337446689606
        ],
        [
            0.13783714175224304,
            0.02717643603682518,
            -0.003598235547542572
        ],
        [
            0.10962443053722382,
            -0.0029481202363967896,
            0.017405252903699875
        ],
        [
            0.10164536535739899,
            -0.005050152540206909,
            0.0248260498046875
        ],
        [
            0.10568250715732574,
            -0.011164434254169464,
            0.019725579768419266
        ],
        [
            0.09519930183887482,
            0.001032225787639618,
            0.029044799506664276
        ],
        [
            0.08859650790691376,
            0.006496407091617584,
            0.03150777891278267
        ],
        [
            0.061476800590753555,
            0.011618681252002716,
            0.012783046811819077
        ],
        [
            0.10872417688369751,
            -0.0160718634724617,
            0.0137128084897995
        ],
        [
            0.16003984212875366,
            0.03094727173447609,
            -0.004415549337863922
        ],
        [
            0.16592906415462494,
            0.03558020293712616,
            -0.008931651711463928
        ],
        [
            0.1600397229194641,
            0.038975656032562256,
            -0.01068558357656002
        ],
        [
            0.15450336039066315,
            0.03506674990057945,
            -0.007761571556329727
        ],
        [
            0.14806059002876282,
            0.043211355805397034,
            -0.05945178121328354
        ],
        [
            0.15220698714256287,
            0.04269469901919365,
            -0.05296668782830238
        ],
        [
            0.14975662529468536,
            0.036635011434555054,
            -0.04673700034618378
        ],
        [
            0.1110285222530365,
            0.029610145837068558,
            0.019075889140367508
        ],
        [
            0.10081199556589127,
            0.03392143175005913,
            0.025179609656333923
        ],
        [
            0.14824996888637543,
            0.05458398535847664,
            -0.043207257986068726
        ],
        [
            0.16225141286849976,
            0.07604878395795822,
            -0.06419607251882553
        ],
        [
            0.16621455550193787,
            0.07254334539175034,
            -0.0617276169359684
        ],
        [
            0.15627063810825348,
            0.056063342839479446,
            -0.06168399006128311
        ],
        [
            0.1518503725528717,
            0.06034965440630913,
            -0.06497368961572647
        ],
        [
            0.14544475078582764,
            0.06338555365800858,
            -0.04724666476249695
        ],
        [
            0.14914283156394958,
            0.05782320350408554,
            -0.04450356587767601
        ],
        [
            0.14913104474544525,
            0.06021534651517868,
            -0.04502759873867035
        ],
        [
            0.1461307257413864,
            0.06611564010381699,
            -0.045554645359516144
        ],
        [
            0.12427868694067001,
            0.07949765771627426,
            -0.024327371269464493
        ],
        [
            0.12167507410049438,
            0.07472725957632065,
            -0.020437344908714294
        ],
        [
            0.1261635422706604,
            0.0575893372297287,
            -0.0571778379380703
        ],
        [
            0.13148736953735352,
            0.0479055792093277,
            -0.06472939252853394
        ],
        [
            0.12730777263641357,
            0.038192711770534515,
            -0.05749525502324104
        ],
        [
            0.12365557998418808,
            0.05676502361893654,
            -0.01848488114774227
        ],
        [
            0.12655013799667358,
            0.0650906041264534,
            -0.024028372019529343
        ],
        [
            0.12400654703378677,
            0.06696056574583054,
            -0.021283606067299843
        ],
        [
            0.14201200008392334,
            0.0563524030148983,
            -0.037944238632917404
        ],
        [
            0.14477664232254028,
            0.0597701221704483,
            -0.04286033287644386
        ],
        [
            0.14080263674259186,
            0.06149565801024437,
            -0.04031485319137573
        ],
        [
            0.13793207705020905,
            0.05818236246705055,
            -0.0347076952457428
        ],
        [
            0.08449433743953705,
            0.05407574400305748,
            0.005633465945720673
        ],
        [
            0.09175741672515869,
            0.05663514509797096,
            0.014469798654317856
        ],
        [
            0.17339034378528595,
            0.07670167088508606,
            -0.05482633784413338
        ],
        [
            0.17068246006965637,
            0.07402487099170685,
            -0.05625408887863159
        ],
        [
            0.12010027468204498,
            0.048044804483652115,
            -0.01199634000658989
        ],
        [
            0.12259475886821747,
            0.027768991887569427,
            -0.04767061769962311
        ],
        [
            0.11730761080980301,
            0.04011889547109604,
            -0.0042602382600307465
        ],
        [
            0.10430928319692612,
            0.07926704734563828,
            -0.02867557853460312
        ],
        [
            0.10858353227376938,
            0.08276557177305222,
            -0.02255190722644329
        ],
        [
            0.11289393156766891,
            0.08607369661331177,
            -0.02435118705034256
        ],
        [
            0.11047586053609848,
            0.0857611671090126,
            -0.02999900095164776
        ],
        [
            0.1545177847146988,
            0.07977742701768875,
            -0.04637354239821434
        ],
        [
            0.15897522866725922,
            0.07667961716651917,
            -0.044346731156110764
        ],
        [
            0.16219820082187653,
            0.0808517262339592,
            -0.04476016014814377
        ],
        [
            0.15845641493797302,
            0.0847812071442604,
            -0.047021426260471344
        ],
        [
            0.1525244116783142,
            0.05315402150154114,
            -0.045810308307409286
        ],
        [
            0.15498073399066925,
            0.048835545778274536,
            -0.04960646852850914
        ],
        [
            0.15720443427562714,
            0.05430446192622185,
            -0.04979205131530762
        ],
        [
            0.15341371297836304,
            0.05761023610830307,
            -0.046481020748615265
        ],
        [
            0.15495601296424866,
            0.048304107040166855,
            -0.05563957989215851
        ],
        [
            0.15796808898448944,
            0.053729258477687836,
            -0.056031547486782074
        ],
        [
            0.15206097066402435,
            0.08214424550533295,
            -0.05192442983388901
        ],
        [
            0.15325218439102173,
            0.0821285992860794,
            -0.0593285895884037
        ],
        [
            0.1424664556980133,
            0.06875403225421906,
            -0.05929695814847946
        ],
        [
            0.14391180872917175,
            0.07039276510477066,
            -0.051475074142217636
        ],
        [
            0.08546880632638931,
            0.03251270949840546,
            -0.01592065580189228
        ],
        [
            0.08121442794799805,
            0.03756353259086609,
            -0.006893813610076904
        ],
        [
            0.0870799869298935,
            0.050209932029247284,
            -0.012931350618600845
        ],
        [
            0.09157387912273407,
            0.06313765048980713,
            -0.019385771825909615
        ],
        [
            0.0971783846616745,
            0.07460428029298782,
            -0.025631163269281387
        ],
        [
            0.10056586563587189,
            0.06952496618032455,
            -0.03626328706741333
        ],
        [
            0.08413858711719513,
            0.05249515920877457,
            -0.005548050627112389
        ],
        [
            0.13764584064483643,
            0.06478093564510345,
            -0.052000194787979126
        ],
        [
            0.13533927500247955,
            0.06048903986811638,
            -0.05914461985230446
        ],
        [
            0.1324835866689682,
            0.06291260570287704,
            -0.05582290515303612
        ],
        [
            0.11480358988046646,
            0.044325314462184906,
            0.0014171190559864044
        ],
        [
            0.16807302832603455,
            0.07039377093315125,
            -0.057126425206661224
        ],
        [
            0.09353865683078766,
            -0.011084146797657013,
            -0.016915198415517807
        ],
        [
            0.08290385454893112,
            -0.0029067322611808777,
            -0.014030806720256805
        ],
        [
            0.08857513964176178,
            0.002042517066001892,
            -0.018696989864110947
        ],
        [
            0.10143433511257172,
            -0.006924208253622055,
            -0.021397188305854797
        ],
        [
            0.16414248943328857,
            0.07250799983739853,
            -0.04617026820778847
        ],
        [
            0.16776667535305023,
            0.07005377858877182,
            -0.05073174461722374
        ],
        [
            0.1184818223118782,
            0.07906472682952881,
            -0.016351351514458656
        ],
        [
            0.1209782212972641,
            0.08272428065538406,
            -0.02082248404622078
        ],
        [
            0.11840735375881195,
            0.08552072942256927,
            -0.020844724029302597
        ],
        [
            0.11663646996021271,
            0.08431240171194077,
            -0.014836853370070457
        ],
        [
            0.07935680449008942,
            0.03884079307317734,
            -0.001321893185377121
        ],
        [
            0.09680294990539551,
            0.08584287762641907,
            -0.007973156869411469
        ],
        [
            0.0944564938545227,
            0.08236455917358398,
            -0.01786714605987072
        ],
        [
            0.07622858881950378,
            0.02638380602002144,
            -0.0020280219614505768
        ],
        [
            0.07934631407260895,
            0.021887004375457764,
            -0.010171886533498764
        ],
        [
            0.07461974024772644,
            0.014597021043300629,
            -0.005662392824888229
        ],
        [
            0.11227509379386902,
            0.06882491707801819,
            -0.0461706668138504
        ],
        [
            0.09018734097480774,
            0.030376844108104706,
            -0.02294173091650009
        ],
        [
            0.08380033820867538,
            0.019299019128084183,
            -0.015897439792752266
        ],
        [
            0.07836370170116425,
            0.010461434721946716,
            -0.010759618133306503
        ],
        [
            0.07364605367183685,
            0.004585973918437958,
            -0.007087673991918564
        ],
        [
            0.07012739777565002,
            0.009711958467960358,
            -0.0017819665372371674
        ],
        [
            0.1574181169271469,
            0.0798531100153923,
            -0.06265661865472794
        ],
        [
            0.15804554522037506,
            0.0872495174407959,
            -0.05868459492921829
        ],
        [
            0.06362343579530716,
            0.004375666379928589,
            0.0017617568373680115
        ],
        [
            0.06837502121925354,
            -0.0012391284108161926,
            -0.003941889852285385
        ],
        [
            0.08972582221031189,
            0.015281297266483307,
            -0.021770678460597992
        ],
        [
            0.0983734130859375,
            0.010094255208969116,
            -0.027844814583659172
        ],
        [
            0.09583766013383865,
            0.026190072298049927,
            -0.028200987726449966
        ],
        [
            0.10451032221317291,
            0.0220458023250103,
            -0.03489731624722481
        ],
        [
            0.11341215670108795,
            0.0618288516998291,
            -0.05463859811425209
        ],
        [
            0.17163588106632233,
            0.09902606904506683,
            -0.052583247423172
        ],
        [
            0.16167697310447693,
            0.09235718101263046,
            -0.05348373204469681
        ],
        [
            0.16227559745311737,
            0.08975110203027725,
            -0.04827996715903282
        ],
        [
            0.17014512419700623,
            0.09813512116670609,
            -0.04839720204472542
        ],
        [
            0.15667377412319183,
            0.08726131170988083,
            -0.05214467644691467
        ],
        [
            0.16317853331565857,
            0.09099962562322617,
            -0.05891918018460274
        ],
        [
            0.11782130599021912,
            0.015517842024564743,
            -0.03889205679297447
        ],
        [
            0.1424613893032074,
            0.06509947776794434,
            -0.044752806425094604
        ],
        [
            0.11516831070184708,
            0.001273173838853836,
            -0.029740821570158005
        ],
        [
            0.1346341222524643,
            0.014406904578208923,
            -0.04222514480352402
        ],
        [
            0.1348685622215271,
            0.004335425794124603,
            -0.033818863332271576
        ],
        [
            0.11439540982246399,
            -0.01357504352927208,
            -0.019441768527030945
        ],
        [
            0.1315775364637375,
            -0.008037455379962921,
            -0.02375943586230278
        ],
        [
            0.09829825907945633,
            -0.02121996134519577,
            -0.011101558804512024
        ],
        [
            0.10488178580999374,
            -0.016449980437755585,
            -0.015579935163259506
        ],
        [
            0.14757835865020752,
            0.0017772987484931946,
            -0.02544058859348297
        ],
        [
            0.17698004841804504,
