{
    "pred_cam": [
        8.953161239624023,
        0.1471899300813675,
        0.03194032609462738
    ],
    "pred_mano_params": {
        "global_orient": [
            [
                [
                    -0.858965277671814,
                    0.25571244955062866,
                    -0.4436100721359253
                ],
                [
                    0.4662087857723236,
                    0.03233623504638672,
                    -0.88408362865448
                ],
                [
                    -0.21172645688056946,
                    -0.9662119746208191,
                    -0.1469910889863968
                ]
            ]
        ],
        "hand_pose": [
            [
                [
                    0.9862461686134338,
                    -0.16524414718151093,
                    0.00359258521348238
                ],
                [
                    0.1647888720035553,
                    0.9847439527511597,
                    0.055892255157232285
                ],
                [
                    -0.012773645110428333,
                    -0.05453149974346161,
                    0.9984303712844849
                ]
            ],
            [
                [
                    0.6974501609802246,
                    -0.692435622215271,
                    0.18465161323547363
                ],
                [
                    0.7165011167526245,
                    0.6787253022193909,
                    -0.16111525893211365
                ],
                [
                    -0.013765770010650158,
                    0.24467293918132782,
                    0.9695079326629639
                ]
            ],
            [
                [
                    0.8667011260986328,
                    -0.4937916696071625,
                    0.07070393115282059
                ],
                [
                    0.4947391748428345,
                    0.86902916431427,
                    0.004644695669412613
                ],
                [
                    -0.06373728811740875,
                    0.03095443733036518,
                    0.9974866509437561
                ]
            ],
            [
                [
                    0.8503698706626892,
                    -0.52415531873703,
                    -0.04617859795689583
                ],
                [
                    0.5253829956054688,
                    0.8409513235092163,
                    0.12951292097568512
                ],
                [
                    -0.029050927609205246,
                    -0.1343953162431717,
                    0.9905019402503967
                ]
            ],
            [
                [
                    0.5605236887931824,
                    -0.800194501876831,
                    -0.2133118212223053
                ],
                [
                    0.8273159861564636,
                    0.5295953154563904,
                    0.18728888034820557
                ],
                [
                    -0.03689860180020332,
                    -0.2814561128616333,
                    0.9588644504547119
                ]
            ],
            [
                [
                    0.9467284679412842,
                    -0.3138502538204193,
                    -0.07213310897350311
                ],
                [
                    0.31076133251190186,
                    0.9491212368011475,
                    -0.050952617079019547
                ],
                [
                    0.08445456624031067,
                    0.0258221123367548,
                    0.9960926175117493
                ]
            ],
            [
                [
                    0.8431845903396606,
                    -0.2683987021446228,
                    0.4658345878124237
                ],
                [
                    0.3011355400085449,
                    0.9535714387893677,
                    0.004345971625298262
                ],
                [
                    -0.4453730285167694,
                    0.13661488890647888,
                    0.8848611116409302
                ]
            ],
            [
                [
                    0.6970516443252563,
                    -0.6976986527442932,
                    -0.16533496975898743
                ],
                [
                    0.6176916360855103,
                    0.4672130346298218,
                    0.6325891613960266
                ],
                [
                    -0.36410993337631226,
                    -0.5430733561515808,
                    0.7566342353820801
                ]
            ],
            [
                [
                    0.9035578370094299,
                    -0.4248555600643158,
                    -0.05550816282629967
                ],
                [
                    0.4233076572418213,
                    0.8651137948036194,
                    0.2690514028072357
                ],
                [
                    -0.0662870779633522,
                    -0.26660048961639404,
                    0.9615249633789062
                ]
            ],
            [
                [
                    0.8252526521682739,
                    -0.5605961084365845,
                    0.06848330050706863
                ],
                [
                    0.5636696219444275,
                    0.8251201510429382,
                    -0.038121771067380905
                ],
                [
                    -0.03513603284955025,
                    0.0700620487332344,
                    0.996923565864563
                ]
            ],
            [
                [
                    0.6457580327987671,
                    -0.7452392578125,
                    -0.16617761552333832
                ],
                [
                    0.6873337626457214,
                    0.47258976101875305,
                    0.5515716075897217
                ],
                [
                    -0.332518994808197,
                    -0.4704012870788574,
                    0.8174067735671997
                ]
            ],
            [
                [
                    0.9242702126502991,
                    -0.3528996407985687,
                    -0.1455555260181427
                ],
                [
                    0.3514244854450226,
                    0.9355007410049438,
                    -0.03659523278474808
                ],
                [
                    0.1490817368030548,
                    -0.017327895388007164,
                    0.9886730313301086
                ]
            ],
            [
                [
                    0.9393654465675354,
                    0.15911735594272614,
                    0.3037666380405426
                ],
                [
                    0.13588516414165497,
                    0.6405927538871765,
                    -0.755761981010437
                ],
                [
                    -0.31484556198120117,
                    0.7512140870094299,
                    0.5801290273666382
                ]
            ],
            [
                [
                    0.8814490437507629,
                    -0.2938237488269806,
                    -0.3697502911090851
                ],
                [
                    0.4003300368785858,
                    0.8802098035812378,
                    0.2548854351043701
                ],
                [
                    0.25056642293930054,
                    -0.3726906478404999,
                    0.8934865593910217
                ]
            ],
            [
                [
                    0.6540049314498901,
                    -0.7563468813896179,
                    -0.014730297029018402
                ],
                [
                    0.5657411813735962,
                    0.5019314885139465,
                    -0.6542184352874756
                ],
                [
                    0.5022096633911133,
                    0.4195284843444824,
                    0.7561622858047485
                ]
            ]
        ],
        "betas": [
            -0.045639753341674805,
            -0.1175084114074707,
            0.020134955644607544,
            -0.030004769563674927,
            0.06428912281990051,
            0.0006719380617141724,
            0.044505536556243896,
            -0.04033958911895752,
            -0.01344667375087738,
            -0.024811744689941406
        ]
    },
    "pred_cam_t": [
        -0.1471899300813675,
        0.03194032609462738,
        4.3629841804504395
    ],
    "focal_length": [
        5000.0,
        5000.0
    ],
    "pred_keypoints_3d": [
        [
            0.09593718498945236,
            0.006408425979316235,
            0.006225652061402798
        ],
        [
            0.10117453336715698,
            -0.028235290199518204,
            0.022509358823299408
        ],
        [
            0.09644760191440582,
            -0.05230559781193733,
            0.04117557406425476
        ],
        [
            0.10760167241096497,
            -0.06721984595060349,
            0.06091605871915817
        ],
        [
            0.11375626921653748,
            -0.057098910212516785,
            0.09224367141723633
        ],
        [
            0.16125737130641937,
            -0.053175654262304306,
            0.02693198248744011
        ],
        [
            0.1881306916475296,
            -0.07072878628969193,
            0.03485479950904846
        ],
        [
            0.19282478094100952,
            -0.07761082053184509,
            0.055478066205978394
        ],
        [
            0.18907226622104645,
            -0.0798506811261177,
            0.08015503734350204
        ],
        [
            0.17857342958450317,
            -0.034863684326410294,
            0.02828146144747734
        ],
        [
            0.2001744508743286,
            -0.04379906505346298,
            0.04983586445450783
        ],
        [
            0.19272291660308838,
            -0.04430236294865608,
            0.07195629924535751
        ],
        [
            0.1819707453250885,
            -0.04268266260623932,
            0.09553829580545425
        ],
        [
            0.17725923657417297,
            -0.008289589546620846,
            0.03133765235543251
        ],
        [
            0.19686879217624664,
            -0.016947388648986816,
            0.050794124603271484
        ],
        [
            0.18856750428676605,
            -0.01821146346628666,
            0.07419180870056152
        ],
        [
            0.17737643420696259,
            -0.01598423719406128,
            0.09730756282806396
        ],
        [
            0.17194873094558716,
            0.01220421027392149,
            0.036847639828920364
        ],
        [
            0.18959085643291473,
            0.005642259959131479,
            0.0466013066470623
        ],
        [
            0.1879708617925644,
            0.0030757407657802105,
            0.06538306921720505
        ],
        [
            0.1788942813873291,
            0.0027597276493906975,
            0.0820823684334755
        ]
    ],
    "pred_vertices": [
        [
            0.12654589116573334,
            -0.03380179405212402,
            0.032060518860816956
        ],
        [
            0.1178523525595665,
            -0.029650110751390457,
            0.032276395708322525
        ],
        [
            0.11685644090175629,
            -0.0392628014087677,
            0.038354385644197464
        ],
        [
            0.12609641253948212,
            -0.04355868697166443,
            0.03632114827632904
        ],
        [
            0.09830086678266525,
            -0.025685209780931473,
            0.04073628410696983
        ],
        [
            0.08682528138160706,
            -0.027363233268260956,
            0.03661689907312393
        ],
        [
            0.0888032615184784,
            -0.03989935666322708,
            0.04575449600815773
        ],
        [
            0.09765669703483582,
            -0.03619058057665825,
            0.04864579811692238
        ],
        [
            0.12507851421833038,
            -0.05167795717716217,
            0.03807346522808075
        ],
        [
            0.1158166378736496,
            -0.04618315026164055,
            0.04279308021068573
        ],
        [
            0.12164778262376785,
            -0.05540475621819496,
            0.03529897704720497
        ],
        [
            0.13372309505939484,
            -0.05943787842988968,
            0.02557576820254326
        ],
        [
            0.13469508290290833,
            -0.05528208613395691,
            0.03151296451687813
        ],
        [
            0.14316870272159576,
            -0.06062944233417511,
            0.022098630666732788
        ],
        [
            0.12990592420101166,
            -0.05710592865943909,
            0.015078375115990639
        ],
        [
            0.14656542241573334,
            -0.05684438347816467,
            0.013624116778373718
        ],
        [
            0.14156723022460938,
            -0.029622897505760193,
            0.001216767355799675
        ],
        [
            0.14465555548667908,
            -0.016058875247836113,
            0.0015671588480472565
        ],
        [
            0.15991009771823883,
            -0.022116035223007202,
            0.006089355796575546
        ],
        [
            0.15502256155014038,
            -0.03512977808713913,
            0.006163002923130989
        ],
        [
            0.15736894309520721,
            -0.0018022824078798294,
            0.009997185319662094
        ],
        [
            0.1597880870103836,
            -0.013206888921558857,
            0.007914088666439056
        ],
        [
            0.14482878148555756,
            -0.007026193663477898,
            0.0022463202476501465
        ],
        [
            0.14346906542778015,
            0.0029274746775627136,
            0.004558227956295013
        ],
        [
            0.12652719020843506,
            -0.016110539436340332,
            0.028507903218269348
        ],
        [
            0.11785817891359329,
            -0.011140845715999603,
            0.027360476553440094
        ],
        [
            0.11838570237159729,
            -0.018201187252998352,
            0.02762957476079464
        ],
        [
            0.12605294585227966,
            -0.022323820739984512,
            0.028859173879027367
        ],
        [
            0.10920129716396332,
            -0.06106649711728096,
            0.03715575486421585
        ],
        [
            0.1100948303937912,
            -0.05853820592164993,
            0.024286115542054176
        ],
        [
            0.11750166118144989,
            -0.05830588936805725,
            0.028088297694921494
        ],
        [
            0.11195007711648941,
            -0.05828476324677467,
            0.0408550389111042
        ],
        [
            0.0962752029299736,
            0.009678982198238373,
            0.030258236452937126
        ],
        [
            0.0864952951669693,
            0.013321097940206528,
            0.021587304770946503
        ],
        [
            0.08484180271625519,
            0.00784265249967575,
            0.02023627981543541
        ],
        [
            0.09468445181846619,
            0.00565420463681221,
            0.02796577289700508
        ],
        [
            0.08296159654855728,
            -0.012696027755737305,
            0.023234888911247253
        ],
        [
            0.07861785590648651,
            -0.007874827831983566,
            0.015595026314258575
        ],
        [
            0.07215048372745514,
            -0.013927459716796875,
            0.004771202802658081
        ],
        [
            0.07683481276035309,
            -0.020553965121507645,
            0.009568516165018082
        ],
        [
            0.0860312432050705,
            -0.019702617079019547,
            0.030452456325292587
        ],
        [
            0.07908670604228973,
            -0.02637738734483719,
            0.01962803304195404
        ],
        [
            0.0808369591832161,
            -0.033035095781087875,
            0.02806927263736725
        ],
        [
            0.08382770419120789,
            -0.04539627581834793,
            0.039618492126464844
        ],
        [
            0.09122862666845322,
            0.025307415053248405,
            0.021412739530205727
        ],
        [
            0.09877290576696396,
            0.02441222406923771,
            0.028194911777973175
        ],
        [
            0.17888958752155304,
            -0.07374028116464615,
            0.04399394616484642
        ],
        [
            0.18142588436603546,
            -0.06888928264379501,
            0.04658985882997513
        ],
        [
            0.1791296899318695,
            -0.06762026250362396,
            0.04499050974845886
        ],
        [
            0.17728623747825623,
            -0.07261718809604645,
            0.04268748313188553
        ],
        [
            0.10628858953714371,
            0.03391431272029877,
            0.010956184938549995
        ],
        [
            0.1097368374466896,
            0.032799094915390015,
            0.001485668122768402
        ],
        [
            0.10331698507070541,
            0.0362749844789505,
            0.0010428428649902344
        ],
        [
            0.09908884018659592,
            0.0357121080160141,
            0.009477805346250534
        ],
        [
            0.11574938148260117,
            0.03138674050569534,
            0.013014590367674828
        ],
        [
            0.11828724294900894,
            0.027474816888570786,
            0.0026725642383098602
        ],
        [
            0.18742838501930237,
            -0.0795602947473526,
            0.036336325109004974
        ],
        [
            0.18292038142681122,
            -0.0799575001001358,
            0.0389128141105175
        ],
        [
            0.18165266513824463,
            -0.07817953079938889,
            0.03507760539650917
        ],
        [
            0.18575894832611084,
            -0.07657565921545029,
            0.031960245221853256
        ],
        [
            0.13497193157672882,
            -0.04764074832201004,
            0.03401162847876549
        ],
        [
            0.13494586944580078,
            -0.03765378147363663,
            0.03346273675560951
        ],
        [
            0.1536165028810501,
            -0.05279948189854622,
            0.0358235128223896
        ],
        [
            0.1464659571647644,
            -0.04533401504158974,
            0.034111980348825455
        ],
        [
            0.14321349561214447,
            -0.051995180547237396,
            0.032415274530649185
        ],
        [
            0.14983303844928741,
            -0.05722329765558243,
            0.032310597598552704
        ],
        [
            0.14817431569099426,
            -0.021380020305514336,
            0.03322656825184822
        ],
        [
            0.137580007314682,
            -0.017075136303901672,
            0.03037910908460617
        ],
        [
            0.137559175491333,
            -0.023872191086411476,
            0.030332352966070175
        ],
        [
            0.14841309189796448,
            -0.03002767264842987,
            0.03395618498325348
        ],
        [
            0.13905462622642517,
            -0.0033980216830968857,
            0.03404255211353302
        ],
        [
            0.1495235115289688,
            -0.008734799921512604,
            0.03616005927324295
        ],
        [
            0.14927305281162262,
            -0.00033789873123168945,
            0.038047149777412415
        ],
        [
            0.1415027678012848,
            0.0019184164702892303,
            0.03710763901472092
        ],
        [
            0.16644462943077087,
            -0.020656947046518326,
            0.03839283436536789
        ],
        [
            0.17283748090267181,
            -0.02398570254445076,
            0.03914972394704819
        ],
        [
            0.17401865124702454,
            -0.020736506208777428,
            0.04019073396921158
        ],
        [
            0.16677485406398773,
            -0.016979612410068512,
            0.038553424179553986
        ],
        [
            0.09709900617599487,
            0.03932763636112213,
            -0.000538114458322525
        ],
        [
            0.09211932122707367,
            0.03659873828291893,
            0.007533702999353409
        ],
        [
            0.15470197796821594,
            0.01830519177019596,
            0.017698301002383232
        ],
        [
            0.1493092030286789,
            0.025369014590978622,
            0.024675242602825165
        ],
        [
            0.1618122160434723,
            0.023660629987716675,
            0.02897566929459572
        ],
        [
            0.16415953636169434,
            0.01654849201440811,
            0.02020813152194023
        ],
        [
            0.11165773123502731,
            0.025972973555326462,
            -0.006168875843286514
        ],
        [
            0.1061706691980362,
            0.031489647924900055,
            -0.007406171411275864
        ],
        [
            0.1924874186515808,
            -0.07587383687496185,
            0.035659365355968475
        ],
        [
            0.19054070115089417,
            -0.07260625809431076,
            0.03152564540505409
        ],
        [
            0.08278042078018188,
            -0.037495117634534836,
            0.015296200290322304
        ],
        [
            0.0850432738661766,
            -0.05072401463985443,
            0.03132055699825287
        ],
        [
            0.08103802800178528,
            -0.027946271002292633,
            0.0048453062772750854
        ],
        [
            0.07927660644054413,
            -0.02112014964222908,
            -0.0019715726375579834
        ],
        [
            0.0747055932879448,
            -0.016195405274629593,
            -0.006741423159837723
        ],
        [
            0.15205919742584229,
            -0.04123636335134506,
            0.03598596900701523
        ],
        [
            0.13314038515090942,
            -0.028454098850488663,
            0.030861662700772285
        ],
        [
            0.12699562311172485,
            -0.010803451761603355,
            0.02909776382148266
        ],
        [
            0.13390251994132996,
            0.017433634027838707,
            0.039967041462659836
        ],
        [
            0.12389958649873734,
            0.02075646072626114,
            0.03791654482483864
        ],
        [
            0.12474790215492249,
            0.010083289816975594,
            0.03792080655694008
        ],
        [
            0.13354913890361786,
            0.00944565050303936,
            0.03910963237285614
        ],
        [
            0.1466776579618454,
            0.026135122403502464,
            0.03403843194246292
        ],
        [
            0.14555951952934265,
            0.02061479538679123,
            0.03983515501022339
        ],
        [
            0.15502548217773438,
            0.01836169697344303,
            0.04160032048821449
        ],
        [
            0.15749739110469818,
            0.023769473657011986,
            0.03674690052866936
        ],
        [
            0.10251204669475555,
            -0.06464342027902603,
            0.03617332875728607
        ],
        [
            0.10255375504493713,
            -0.058367252349853516,
            0.02206524647772312
        ],
        [
            0.10172434151172638,
            0.031405847519636154,
            0.02022264339029789
        ],
        [
            0.09449470788240433,
            0.031116127967834473,
            0.01732335239648819
        ],
        [
            0.08762659877538681,
            0.03279317915439606,
            0.012619167566299438
        ],
        [
            0.10693693906068802,
            -0.0018820613622665405,
            0.029093660414218903
        ],
        [
            0.09367375820875168,
            0.002853967249393463,
            0.026452548801898956
        ],
        [
            0.09365300089120865,
            -0.001471593976020813,
            0.026263656094670296
        ],
        [
            0.10780350863933563,
            -0.005397830158472061,
            0.02766706608235836
        ],
        [
            0.10998542606830597,
            -0.022178545594215393,
            0.033840034157037735
        ],
        [
            0.0981907770037651,
            -0.015380900353193283,
            0.03303302079439163
        ],
        [
            0.10929813981056213,
            -0.031290967017412186,
            0.04152587056159973
        ],
        [
            0.08121496438980103,
            0.0012480095028877258,
            0.01776389591395855
        ],
        [
            0.07589396089315414,
            0.010746624320745468,
            0.015792176127433777
        ],
        [
            0.07295294106006622,
            0.0028759390115737915,
            0.012881159782409668
        ],
        [
            0.07957431674003601,
            0.019857075065374374,
            0.016368553042411804
        ],
        [
            0.08364644646644592,
            0.027790848165750504,
            0.01558772288262844
        ],
        [
            0.10087113827466965,
            0.03666757047176361,
            -0.011643633246421814
        ],
        [
            0.07158254832029343,
            -0.004505891352891922,
            0.009077746421098709
        ],
        [
            0.09807400405406952,
            -0.043777115643024445,
            0.052312638610601425
        ],
        [
            0.09934892505407333,
            -0.049667004495859146,
            0.055266741663217545
        ],
        [
            0.10655850172042847,
            -0.0491938441991806,
            0.05243776738643646
        ],
        [
            0.10598360002040863,
            -0.04484730586409569,
            0.04965947940945625
        ],
        [
            0.1531374603509903,
            -0.06250070035457611,
            0.02032843977212906
        ],
        [
            0.1506512612104416,
            -0.061711009591817856,
            0.027620632201433182
        ],
        [
            0.14090676605701447,
            -0.05841273069381714,
            0.02820788510143757
        ],
        [
            0.10705598443746567,
            0.010825194418430328,
            0.03431905061006546
        ],
        [
            0.10866932570934296,
            0.02329433150589466,
            0.03257175162434578
        ],
        [
            0.15948742628097534,
            -0.049500931054353714,
            0.03726587072014809
        ],
        [
            0.18372762203216553,
            -0.07416718453168869,
            0.02821711078286171
        ],
        [
            0.17920425534248352,
            -0.07627922296524048,
            0.03164854645729065
        ],
        [
            0.1668747514486313,
            -0.06797987967729568,
            0.02376439794898033
        ],
        [
            0.1719147264957428,
            -0.0655323714017868,
            0.019840242341160774
        ],
        [
            0.17072735726833344,
            -0.05002825707197189,
            0.03470013290643692
        ],
        [
            0.16490505635738373,
            -0.05264529585838318,
            0.03719138726592064
        ],
        [
            0.1679876297712326,
            -0.05397039279341698,
            0.03677930682897568
        ],
        [
            0.17404693365097046,
            -0.05166134238243103,
            0.03619247302412987
        ],
        [
            0.17218437790870667,
            -0.011566788889467716,
            0.040676698088645935
        ],
        [
            0.1658991575241089,
            -0.008401922881603241,
            0.039632659405469894
        ],
        [
            0.16802047193050385,
            -0.03970255330204964,
            0.014128472656011581
        ],
        [
            0.16097292304039001,
            -0.05060700327157974,
            0.009356563910841942
        ],
        [
            0.15010178089141846,
            -0.04723743349313736,
            0.007112288847565651
        ],
        [
            0.1482924073934555,
            -0.01395372487604618,
            0.034284558147192
        ],
        [
            0.15803351998329163,
            -0.017040692269802094,
            0.03701148182153702
        ],
        [
            0.15865176916122437,
            -0.01293837558478117,
            0.037595588713884354
        ],
        [
            0.1567348688840866,
            -0.03974796086549759,
            0.03654249384999275
        ],
        [
            0.16372309625148773,
            -0.045093435794115067,
            0.03727254644036293
        ],
        [
            0.16239383816719055,
            -0.038883402943611145,
            0.03613009303808212
        ],
        [
            0.15646067261695862,
            -0.0340791754424572,
            0.03575744852423668
        ],
        [
            0.13741165399551392,
            0.028238564729690552,
            0.019514339044690132
        ],
        [
            0.13432563841342926,
            0.02949817292392254,
            0.030618764460086823
        ],
        [
            0.17963890731334686,
            -0.07778991013765335,
            0.041495583951473236
        ],
        [
            0.17827525734901428,
            -0.07657581567764282,
            0.03906387463212013
        ],
        [
            0.1378994882106781,
            -0.009889956563711166,
            0.03146142140030861
        ],
        [
            0.1373203843832016,
            -0.041410334408283234,
            0.004236532375216484
        ],
        [
            0.12745046615600586,
            -0.005358336493372917,
            0.030244048684835434
        ],
        [
            0.1746896356344223,
            0.0001844288781285286,
            0.02403249219059944
        ],
        [
            0.17522990703582764,
            0.002174733206629753,
            0.030946500599384308
        ],
        [
            0.17895008623600006,
            -0.0014540175907313824,
            0.034287404268980026
        ],
        [
            0.18129730224609375,
            -0.0032150275073945522,
            0.02927466854453087
        ],
        [
            0.18531157076358795,
            -0.0584038682281971,
            0.04087664932012558
        ],
        [
            0.18154627084732056,
            -0.06139252334833145,
            0.04407098889350891
        ],
        [
            0.18322503566741943,
            -0.0628737136721611,
            0.04522236809134483
        ],
        [
            0.18817508220672607,
            -0.0607200488448143,
            0.042608171701431274
        ],
        [
            0.16057953238487244,
            -0.05658138915896416,
            0.03616395592689514
        ],
        [
            0.15698574483394623,
            -0.06089342013001442,
            0.03286048024892807
        ],
        [
            0.16277925670146942,
            -0.0633108988404274,
            0.03434022143483162
        ],
        [
            0.1654750406742096,
            -0.05847031623125076,
            0.03648191690444946
        ],
        [
            0.15834082663059235,
            -0.06452790647745132,
            0.027195589616894722
        ],
        [
            0.16336016356945038,
            -0.06694287061691284,
            0.028973188251256943
        ],
        [
            0.1890326738357544,
            -0.05878865346312523,
            0.03555210679769516
        ],
        [
            0.1903287023305893,
            -0.06375519186258316,
            0.029922597110271454
        ],
        [
            0.179634228348732,
            -0.05450325459241867,
            0.023040277883410454
        ],
        [
            0.1793675720691681,
            -0.05234763026237488,
            0.030619649216532707
        ],
        [
            0.13058461248874664,
            0.007506709545850754,
            -0.0018442198634147644
        ],
        [
            0.13062326610088348,
            0.017815042287111282,
            0.0025366879999637604
        ],
        [
            0.1434854418039322,
            0.013574691489338875,
            0.008924074470996857
        ],
        [
            0.15663841366767883,
            0.010086357593536377,
            0.014195315539836884
        ],
        [
            0.1686449944972992,
            0.0056779645383358,
            0.019849998876452446
        ],
        [
            0.16982954740524292,
            -0.004984262399375439,
            0.01375296525657177
        ],
        [
            0.14191307127475739,
            0.02097407914698124,
            0.012088863179087639
        ],
        [
            0.1722443550825119,
            -0.043527889996767044,
            0.026662463322281837
        ],
        [
            0.1713271588087082,
            -0.04772922396659851,
            0.01865394040942192
        ],
        [
            0.17226310074329376,
            -0.04184325039386749,
            0.02013355866074562
        ],
        [
            0.12834131717681885,
            0.0012956298887729645,
            0.033588722348213196
        ],
        [
            0.17610026895999908,
            -0.07551278918981552,
            0.036035459488630295
        ],
        [
            0.0934588834643364,
            -0.011328238993883133,
            -0.016559474170207977
        ],
        [
            0.10013028234243393,
            4.615262150764465e-05,
            -0.018492545932531357
        ],
        [
            0.10610165446996689,
            -0.005410827696323395,
            -0.014978569000959396
        ],
        [
            0.09834492206573486,
            -0.018088575452566147,
            -0.011988859623670578
        ],
        [
            0.17732740938663483,
            -0.06699083745479584,
            0.04412638768553734
        ],
        [
            0.1748620569705963,
            -0.07207392156124115,
            0.04119725152850151
        ],
        [
            0.16857224702835083,
            -0.002216462977230549,
            0.04112699255347252
        ],
        [
            0.17372724413871765,
            -0.006002586334943771,
            0.041188232600688934
        ],
        [
            0.1765938401222229,
            -0.003541117999702692,
            0.04009036719799042
        ],
        [
            0.17335958778858185,
            0.0015417514368891716,
            0.04188103228807449
        ],
        [
            0.12900519371032715,
            0.0230282973498106,
            0.0049538202583789825
        ],
        [
            0.17004074156284332,
            0.021459223702549934,
            0.03209800645709038
        ],
        [
            0.17141197621822357,
            0.01589730940759182,
            0.024185635149478912
        ],
        [
            0.11932006478309631,
            0.021124524995684624,
            -0.003211863338947296
        ],
        [
            0.11942197382450104,
            0.012358162552118301,
            -0.007655557245016098
        ],
        [
            0.11148633807897568,
            0.016418257728219032,
            -0.011654041707515717
        ],
        [
            0.1737613081932068,
            -0.019703950732946396,
            0.01565241999924183
        ],
        [
            0.1319320797920227,
            -0.0009443387389183044,
            -0.003502819687128067
        ],
        [
            0.11970993876457214,
            0.004770345985889435,
            -0.008939642459154129
        ],
        [
            0.11022648960351944,
            0.009262662380933762,
            -0.013788223266601562
        ],
        [
            0.1038934588432312,
            0.013211697340011597,
            -0.01761242374777794
        ],
        [
            0.10585593432188034,
            0.020640043541789055,
            -0.014750368893146515
        ],
        [
            0.18789826333522797,
            -0.06925995647907257,
            0.02812837064266205
        ],
        [
            0.19414395093917847,
            -0.06686405837535858,
            0.033697664737701416
        ],
        [
            0.1002606749534607,
            0.025936365127563477,
            -0.019645746797323227
        ],
        [
            0.09793874621391296,
            0.01723802462220192,
            -0.022081170231103897
        ],
        [
            0.11871066689491272,
            -0.004363365471363068,
            -0.00994652509689331
        ],
        [
            0.11645607650279999,
            -0.015736445784568787,
            -0.009740319103002548
        ],
        [
            0.13050657510757446,
            -0.009540684521198273,
            -0.004403375089168549
        ],
        [
            0.12940217554569244,
            -0.021242136135697365,
            -0.003965901210904121
        ],
        [
            0.1711689680814743,
            -0.027642078697681427,
            0.008893083781003952
        ],
        [
            0.19918109476566315,
            -0.07232165336608887,
            0.05079108849167824
        ],
        [
            0.19578193128108978,
            -0.06592810899019241,
            0.04197993874549866
        ],
        [
            0.1913338005542755,
            -0.063644178211689,
            0.045066721737384796
        ],
        [
            0.1969098448753357,
            -0.0691157653927803,
            0.052695754915475845
        ],
        [
            0.19227616488933563,
            -0.061859093606472015,
            0.03850691020488739
        ],
        [
            0.1961064636707306,
            -0.07019783556461334,
            0.03806525841355324
        ],
        [
            0.12329046428203583,
            -0.035485975444316864,
            -1.374073326587677e-05
        ],
        [
            0.1686715930700302,
            -0.04261736571788788,
            0.0355491116642952
        ],
        [
            0.10698044300079346,
            -0.030576948076486588,
            -0.0038277022540569305
        ],
        [
            0.11806832253932953,
            -0.05199650302529335,
            0.008865363895893097
        ],
        [
            0.1049795150756836,
            -0.0473707914352417,
            0.00814630277454853
        ],
        [
            0.08975517749786377,
            -0.02621505782008171,
            -0.006356753408908844
        ],
        [
            0.09113087505102158,
            -0.038861650973558426,
            0.004222465679049492
        ],
        [
            0.08127085864543915,
            -0.013803958892822266,
            -0.014799961820244789
        ],
        [
            0.08688923716545105,
            -0.01913733035326004,
            -0.011177035048604012
        ],
        [
            0.09112517535686493,
            -0.05044127628207207,
            0.017628263682127
        ],
        [
            0.18288981914520264,
