{
    "pred_cam": [
        16.911144256591797,
        -0.09059303253889084,
        -0.04828904569149017
    ],
    "pred_mano_params": {
        "global_orient": [
            [
                [
                    -0.26852959394454956,
                    0.29329946637153625,
                    0.9175330996513367
                ],
                [
                    -0.9051140546798706,
                    0.24913032352924347,
                    -0.34453216195106506
                ],
                [
                    -0.32963651418685913,
                    -0.9229893684387207,
                    0.1985705941915512
                ]
            ]
        ],
        "hand_pose": [
            [
                [
                    0.13505232334136963,
                    -0.8645647764205933,
                    -0.4840337336063385
                ],
                [
                    0.9095863699913025,
                    0.3019148111343384,
                    -0.2854822278022766
                ],
                [
                    0.3929547369480133,
                    -0.4017154276371002,
                    0.8271706104278564
                ]
            ],
            [
                [
                    0.7904970049858093,
                    -0.5848730802536011,
                    0.1817636787891388
                ],
                [
                    0.6116812825202942,
                    0.7388985753059387,
                    -0.2826216220855713
                ],
                [
                    0.030992859974503517,
                    0.3345929682254791,
                    0.9418530464172363
                ]
            ],
            [
                [
                    0.9882669448852539,
                    0.06676460802555084,
                    0.13737168908119202
                ],
                [
                    -0.06708128750324249,
                    0.9977447390556335,
                    -0.00232827034778893
                ],
                [
                    -0.13721734285354614,
                    -0.006914115510880947,
                    0.9905167818069458
                ]
            ],
            [
                [
                    0.03392463177442551,
                    -0.8785343170166016,
                    -0.4764730930328369
                ],
                [
                    0.9971851706504822,
                    0.06165006756782532,
                    -0.04267315939068794
                ],
                [
                    0.06686446070671082,
                    -0.4736842215061188,
                    0.8781528472900391
                ]
            ],
            [
                [
                    0.8273769617080688,
                    -0.5186153054237366,
                    -0.2156049907207489
                ],
                [
                    0.5541252493858337,
                    0.816369354724884,
                    0.16274619102478027
                ],
                [
                    0.0916106328368187,
                    -0.25412464141845703,
                    0.9628230333328247
                ]
            ],
            [
                [
                    0.979822039604187,
                    -0.021994376555085182,
                    0.19865790009498596
                ],
                [
                    0.02648419700562954,
                    0.9994497299194336,
                    -0.019971709698438644
                ],
                [
                    -0.19810931384563446,
                    0.02483002096414566,
                    0.9798653721809387
                ]
            ],
            [
                [
                    0.4751584231853485,
                    -0.879844069480896,
                    -0.009946521371603012
                ],
                [
                    0.8606754541397095,
                    0.4623969495296478,
                    0.2131357192993164
                ],
                [
                    -0.1829269528388977,
                    -0.10983394831418991,
                    0.9769719839096069
                ]
            ],
            [
                [
                    0.8748089671134949,
                    -0.48263832926750183,
                    -0.042065251618623734
                ],
                [
                    0.43933984637260437,
                    0.7537307143211365,
                    0.4887438714504242
                ],
                [
                    -0.20418064296245575,
                    -0.44603848457336426,
                    0.8714126348495483
                ]
            ],
            [
                [
                    0.9614896774291992,
                    -0.2552609145641327,
                    0.10187964886426926
                ],
                [
                    0.14434532821178436,
                    0.7844420075416565,
                    0.6031709909439087
                ],
                [
                    -0.23388464748859406,
                    -0.5652368068695068,
                    0.7910786271095276
                ]
            ],
            [
                [
                    0.17478108406066895,
                    -0.984480082988739,
                    -0.015828123316168785
                ],
                [
                    0.9844421744346619,
                    0.17443493008613586,
                    0.021116653457283974
                ],
                [
                    -0.01802794821560383,
                    -0.019272668287158012,
                    0.9996516704559326
                ]
            ],
            [
                [
                    0.885532796382904,
                    -0.45581987500190735,
                    -0.08977741748094559
                ],
                [
                    0.42856305837631226,
                    0.7268872261047363,
                    0.5366271734237671
                ],
                [
                    -0.17934726178646088,
                    -0.5136762261390686,
                    0.8390300273895264
                ]
            ],
            [
                [
                    0.9164661169052124,
                    -0.333773136138916,
                    0.2206478863954544
                ],
                [
                    0.29741838574409485,
                    0.937175989151001,
                    0.1823280304670334
                ],
                [
                    -0.267642080783844,
                    -0.10147269815206528,
                    0.9581602811813354
                ]
            ],
            [
                [
                    0.9341565370559692,
                    0.03013845905661583,
                    -0.3555886149406433
                ],
                [
                    -0.3064801096916199,
                    0.5782085657119751,
                    -0.7561381459236145
                ],
                [
                    0.1828155219554901,
                    0.8153322339057922,
                    0.5493741631507874
                ]
            ],
            [
                [
                    0.7031984925270081,
                    -0.5141821503639221,
                    -0.4910484552383423
                ],
                [
                    0.6580431461334229,
                    0.7322099208831787,
                    0.17563574016094208
                ],
                [
                    0.2692417800426483,
                    -0.4466378390789032,
                    0.8532429933547974
                ]
            ],
            [
                [
                    0.9183440208435059,
                    -0.356708824634552,
                    0.17147313058376312
                ],
                [
                    0.39045748114585876,
                    0.7457078695297241,
                    -0.5398727655410767
                ],
                [
                    0.06470853835344315,
                    0.5627419352531433,
                    0.8240960240364075
                ]
            ]
        ],
        "betas": [
            0.06299178302288055,
            -0.10099563002586365,
            -0.020350515842437744,
            -0.08631923794746399,
            0.024060457944869995,
            0.02182604745030403,
            0.04547080397605896,
            -0.021966785192489624,
            0.010362327098846436,
            -0.05480852723121643
        ]
    },
    "pred_cam_t": [
        -0.09059303253889084,
        -0.04828904569149017,
        2.3098673820495605
    ],
    "focal_length": [
        5000.0,
        5000.0
    ],
    "pred_keypoints_3d": [
        [
            0.0954606831073761,
            0.006353036500513554,
            0.006206274963915348
        ],
        [
            0.120960533618927,
            0.01539783738553524,
            0.03338874503970146
        ],
        [
            0.13397625088691711,
            0.033257465809583664,
            0.054614048451185226
        ],
        [
            0.12619298696517944,
            0.055019453167915344,
            0.0686170682311058
        ],
        [
            0.11037316173315048,
            0.06726576387882233,
            0.09713417291641235
        ],
        [
            0.13632327318191528,
            0.07744131982326508,
            0.04401221498847008
        ],
        [
            0.11863674223423004,
            0.08263397961854935,
            0.07130520790815353
        ],
        [
            0.10845420509576797,
            0.06865333020687103,
            0.08513840287923813
        ],
        [
            0.09924228489398956,
            0.05561843514442444,
            0.10451576113700867
        ],
        [
            0.11725829541683197,
            0.0925799012184143,
            0.0380416177213192
        ],
        [
            0.10107488185167313,
            0.08767914772033691,
            0.06484028697013855
        ],
        [
            0.09253482520580292,
            0.06964956223964691,
            0.07678122073411942
        ],
        [
            0.08471833914518356,
            0.05360935255885124,
            0.0956970751285553
        ],
        [
            0.09183628857135773,
            0.08838334679603577,
            0.03145930543541908
        ],
        [
            0.08140376210212708,
            0.08935791254043579,
            0.058321334421634674
        ],
        [
            0.0712515339255333,
            0.0735083669424057,
            0.07440456748008728
        ],
        [
            0.06809525191783905,
            0.05586151406168938,
            0.09204468131065369
        ],
        [
            0.07151614129543304,
            0.08090686053037643,
            0.029432885348796844
        ],
        [
            0.060252249240875244,
            0.08700811862945557,
            0.04618556797504425
        ],
        [
            0.052169643342494965,
            0.07860159128904343,
            0.06108012795448303
        ],
        [
            0.051707588136196136,
            0.06413305550813675,
            0.07624812424182892
        ]
    ],
    "pred_vertices": [
        [
            0.11830789595842361,
            0.04149258881807327,
            0.04036318138241768
        ],
        [
            0.11391802132129669,
            0.03175491467118263,
            0.03764207661151886
        ],
        [
            0.11914841830730438,
            0.036225974559783936,
            0.04408593475818634
        ],
        [
            0.1246328204870224,
            0.044014643877744675,
            0.04585793614387512
        ],
        [
            0.11243448406457901,
            0.017531372606754303,
            0.049824513494968414
        ],
        [
            0.12012206017971039,
            0.00762726366519928,
            0.051690541207790375
        ],
        [
            0.12652930617332458,
            0.020932532846927643,
            0.06166262924671173
        ],
        [
            0.11763165146112442,
            0.026123296469449997,
            0.05842433124780655
        ],
        [
            0.13002197444438934,
            0.04666480794548988,
            0.04830474779009819
        ],
        [
            0.1231340616941452,
            0.039647456258535385,
            0.04932153970003128
        ],
        [
            0.13231593370437622,
            0.04649469256401062,
            0.04549888148903847
        ],
        [
            0.14209115505218506,
            0.055491477251052856,
            0.04104503616690636
        ],
        [
            0.13679780066013336,
            0.054276563227176666,
            0.045998040586709976
        ],
        [
            0.1454276293516159,
            0.06369074434041977,
            0.04004659876227379
        ],
        [
            0.1447027623653412,
            0.05152835696935654,
            0.031345777213573456
        ],
        [
            0.14572888612747192,
            0.06801174581050873,
            0.0314163863658905
        ],
        [
            0.12586815655231476,
            0.056212060153484344,
            0.012073367834091187
        ],
        [
            0.11313679069280624,
            0.057692091912031174,
            0.0077588558197021484
        ],
        [
            0.11581268906593323,
            0.07538235932588577,
            0.013144614174962044
        ],
        [
            0.1282343864440918,
            0.07183700799942017,
            0.01799079217016697
        ],
        [
            0.09563607722520828,
            0.07021378725767136,
            0.009654847905039787
        ],
        [
            0.10683195292949677,
            0.07377618551254272,
            0.011978060007095337
        ],
        [
            0.1045154333114624,
            0.05686626210808754,
            0.005228608846664429
        ],
        [
            0.09462957084178925,
            0.05452430248260498,
            0.0038126520812511444
        ],
        [
            0.1048271656036377,
            0.03898758068680763,
            0.03322060406208038
        ],
        [
            0.10111212730407715,
            0.028942354023456573,
            0.030413150787353516
        ],
        [
            0.10652507841587067,
            0.029424384236335754,
            0.031756434589624405
        ],
        [
            0.10996325314044952,
            0.03902408108115196,
            0.03500351309776306
        ],
        [
            0.1351059228181839,
            0.04513104632496834,
            0.04917985945940018
        ],
        [
            0.14292968809604645,
            0.03887473791837692,
            0.040354371070861816
        ],
        [
            0.1386285126209259,
            0.04451562836766243,
            0.041295140981674194
        ],
        [
            0.13003472983837128,
            0.045449111610651016,
            0.050312433391809464
        ],
        [
            0.08367171138525009,
            0.006380453705787659,
            0.027284711599349976
        ],
        [
            0.0844123438000679,
            -0.003615438938140869,
            0.018307626247406006
        ],
        [
            0.09009658545255661,
            -0.004877306520938873,
            0.019202152267098427
        ],
        [
            0.08833557367324829,
            0.004665285348892212,
            0.026801204308867455
        ],
        [
            0.10917697101831436,
            -0.005493961274623871,
            0.03295904025435448
        ],
        [
            0.10727166384458542,
            -0.010056935250759125,
            0.02253303863108158
        ],
        [
            0.11733341217041016,
            -0.014985516667366028,
            0.014832679182291031
        ],
        [
            0.1219513863325119,
            -0.009229257702827454,
            0.023148640990257263
        ],
        [
            0.11414723098278046,
            0.0007328242063522339,
            0.04352046921849251
        ],
        [
            0.12545226514339447,
            -0.004352480173110962,
            0.036785051226615906
        ],
        [
            0.1309189349412918,
            0.004384852945804596,
            0.04829404130578041
        ],
        [
            0.13595540821552277,
            0.02006356045603752,
            0.06080779433250427
        ],
        [
            0.07303580641746521,
            -0.0002026185393333435,
            0.013611819595098495
        ],
        [
            0.07065287977457047,
            0.007406458258628845,
            0.019956672564148903
        ],
        [
            0.12339892983436584,
            0.06984786689281464,
            0.07377418875694275
        ],
        [
            0.11822384595870972,
            0.06829877942800522,
            0.07117001712322235
        ],
        [
            0.1209048256278038,
            0.06856325268745422,
            0.0676548108458519
        ],
        [
            0.1255556046962738,
            0.07022209465503693,
            0.07088498026132584
        ],
        [
            0.06742986291646957,
            0.013763479888439178,
            0.00021381303668022156
        ],
        [
            0.07158589363098145,
            0.017210528254508972,
            -0.008228383958339691
        ],
        [
            0.06920817494392395,
            0.010470375418663025,
            -0.00965479388833046
        ],
        [
            0.06704326719045639,
            0.006403543055057526,
            -0.0015004724264144897
        ],
        [
            0.06803248077630997,
            0.023466967046260834,
            0.0025247372686862946
        ],
        [
            0.07516346126794815,
            0.026291541755199432,
            -0.005612902343273163
        ],
        [
            0.12277881801128387,
            0.08182956278324127,
            0.07816057652235031
        ],
        [
            0.12528638541698456,
            0.0773191973567009,
            0.07829736173152924
        ],
        [
            0.12772038578987122,
            0.07961860299110413,
            0.07456233352422714
        ],
        [
            0.12507140636444092,
            0.08408898115158081,
            0.07328780740499496
        ],
        [
            0.1299448013305664,
            0.05208826810121536,
            0.04711436852812767
        ],
        [
            0.1215655729174614,
            0.05015122890472412,
            0.04411200061440468
        ],
        [
            0.13440674543380737,
            0.06671062111854553,
            0.04939229413866997
        ],
        [
            0.12814196944236755,
            0.06189854443073273,
            0.04722008481621742
        ],
        [
            0.13494841754436493,
            0.060009878128767014,
            0.047410670667886734
        ],
        [
            0.13909879326820374,
            0.0651836171746254,
            0.049124810844659805
        ],
        [
            0.10613803565502167,
            0.06098199635744095,
            0.038559440523386
        ],
        [
            0.10422258079051971,
            0.050164852291345596,
            0.035002365708351135
        ],
        [
            0.1103772222995758,
            0.05085742846131325,
            0.03720789775252342
        ],
        [
            0.11379093676805496,
            0.062073320150375366,
            0.04226887971162796
        ],
        [
            0.09020443260669708,
            0.050036121159791946,
            0.03335979953408241
        ],
        [
            0.09337951987981796,
            0.060823701322078705,
            0.036512769758701324
        ],
        [
            0.08506294339895248,
            0.059447165578603745,
            0.03506362438201904
        ],
        [
            0.08400370180606842,
            0.05175779014825821,
            0.034095462411642075
        ],
        [
            0.10301695764064789,
            0.07813385128974915,
            0.041166212409734726
        ],
        [
            0.10644133388996124,
            0.08151877671480179,
            0.041161149740219116
        ],
        [
            0.10066992044448853,
            0.08142728358507156,
            0.04311972111463547
        ],
        [
            0.09904592484235764,
            0.07746470719575882,
            0.04070444032549858
        ],
        [
            0.06759665906429291,
            0.003954172134399414,
            -0.011979393661022186
        ],
        [
            0.0676148533821106,
            -0.0006378442049026489,
            -0.0033452361822128296
        ],
        [
            0.07416657358407974,
            0.06480147689580917,
            0.009241398423910141
        ],
        [
            0.0662248507142067,
            0.05790025368332863,
            0.013290047645568848
        ],
        [
            0.06510864943265915,
            0.07013918459415436,
            0.01753023825585842
        ],
        [
            0.0741569995880127,
            0.07547581940889359,
            0.011476622894406319
        ],
        [
            0.08042693138122559,
            0.0197606161236763,
            -0.01284872367978096
        ],
        [
            0.07638373970985413,
            0.013720013201236725,
            -0.015782997012138367
        ],
        [
            0.11753233522176743,
            0.0845169872045517,
            0.07602320611476898
        ],
        [
            0.11983208358287811,
            0.08631942421197891,
            0.07103779911994934
        ],
        [
            0.138243168592453,
            0.0048842653632164,
            0.0370040163397789
        ],
        [
            0.14313752949237823,
            0.021269377321004868,
            0.054573483765125275
        ],
        [
            0.13155034184455872,
            -0.003254130482673645,
            0.02256188355386257
        ],
        [
            0.12656265497207642,
            -0.007038243114948273,
            0.012035135179758072
        ],
        [
            0.12350659817457199,
            -0.012245208024978638,
            0.004716087132692337
        ],
        [
            0.12377684563398361,
            0.06623838096857071,
            0.046734344214200974
        ],
        [
            0.11451055854558945,
            0.04705866798758507,
            0.03905200585722923
        ],
        [
            0.09987197071313858,
            0.0390000119805336,
            0.03212809935212135
        ],
        [
            0.06941060721874237,
            0.04270755872130394,
            0.03146969899535179
        ],
        [
            0.06803711503744125,
            0.03267735242843628,
            0.028984341770410538
        ],
        [
            0.07778020948171616,
            0.03455007076263428,
            0.03286367654800415
        ],
        [
            0.07711875438690186,
            0.0431547611951828,
            0.03366370499134064
        ],
        [
            0.06235320121049881,
            0.05462316423654556,
            0.02185961604118347
        ],
        [
            0.06541270017623901,
            0.053543396294116974,
            0.029210289940238
        ],
        [
            0.06618191301822662,
            0.061682410538196564,
            0.03083757311105728
        ],
        [
            0.0627000480890274,
            0.06456747651100159,
            0.024410584941506386
        ],
        [
            0.1414344161748886,
            0.04367264732718468,
            0.05207568034529686
        ],
        [
            0.14666114747524261,
            0.03312349691987038,
            0.041041795164346695
        ],
        [
            0.06680779904127121,
            0.009573355317115784,
            0.009887099266052246
        ],
        [
            0.06883906573057175,
            0.002401113510131836,
            0.007599696516990662
        ],
        [
            0.06968656182289124,
            -0.004647590219974518,
            0.0029234588146209717
        ],
        [
            0.0933796763420105,
            0.016836397349834442,
            0.029751073569059372
        ],
        [
            0.09155875444412231,
            0.0033323317766189575,
            0.026679061353206635
        ],
        [
            0.09562280029058456,
            0.0027954503893852234,
            0.02853359282016754
        ],
        [
            0.096710205078125,
            0.016806751489639282,
            0.02940957248210907
        ],
        [
            0.10790736973285675,
            0.021992981433868408,
            0.038312941789627075
        ],
        [
            0.10574034601449966,
            0.009164787828922272,
            0.04045475274324417
        ],
        [
            0.11216610670089722,
            0.028993312269449234,
            0.04590823873877525
        ],
        [
            0.09752946346998215,
            -0.008195683360099792,
            0.01992616429924965
        ],
        [
            0.08994724601507187,
            -0.013864338397979736,
            0.014284651726484299
        ],
        [
            0.09854213893413544,
            -0.01598864048719406,
            0.014733824878931046
        ],
        [
            0.08101652562618256,
            -0.011194445192813873,
            0.01136678084731102
        ],
        [
            0.0736055076122284,
            -0.00804043561220169,
            0.0076454803347587585
        ],
        [
            0.07369894534349442,
            0.007881782948970795,
            -0.02139841392636299
        ],
        [
            0.1068192794919014,
            -0.01654018461704254,
            0.01421072706580162
        ],
        [
            0.12187919020652771,
            0.03171256557106972,
            0.06327316910028458
        ],
        [
            0.12284325063228607,
            0.036961495876312256,
            0.06603620946407318
        ],
        [
            0.12002085149288177,
            0.03982854261994362,
            0.0597897469997406
        ],
        [
            0.1198941096663475,
            0.036129146814346313,
            0.056733157485723495
        ],
        [
            0.1454731673002243,
            0.07266107946634293,
            0.04332401230931282
        ],
        [
            0.14340004324913025,
            0.06763847917318344,
            0.04792659357190132
        ],
        [
            0.14152446389198303,
            0.0598297193646431,
            0.0451049767434597
        ],
        [
            0.08008615672588348,
            0.01703370362520218,
            0.03016110137104988
        ],
        [
            0.06911388039588928,
            0.017334342002868652,
            0.023981809616088867
        ],
        [
            0.12985509634017944,
            0.06968284398317337,
            0.048364486545324326
        ],
        [
            0.12756448984146118,
            0.08594033122062683,
            0.06877653300762177
        ],
        [
            0.13078175485134125,
            0.08094219863414764,
            0.07026804983615875
        ],
        [
            0.14174063503742218,
            0.07826027274131775,
            0.05482897534966469
        ],
        [
            0.1384790986776352,
            0.08445794135332108,
            0.053063541650772095
        ],
        [
            0.12559281289577484,
            0.07555223256349564,
            0.046534765511751175
        ],
        [
            0.12921565771102905,
            0.06883374601602554,
            0.04787912592291832
        ],
        [
            0.12738743424415588,
            0.06871343404054642,
            0.047796908766031265
        ],
        [
            0.12180069833993912,
            0.07265620678663254,
            0.04710032790899277
        ],
        [
            0.09220127761363983,
            0.07885418832302094,
            0.04007146507501602
        ],
        [
            0.09113791584968567,
            0.07521966099739075,
            0.03856329619884491
        ],
        [
            0.1278921514749527,
            0.08492803573608398,
            0.028083855286240578
        ],
        [
            0.14037367701530457,
            0.08253025263547897,
            0.028242696076631546
        ],
        [
            0.13989335298538208,
            0.06930362433195114,
            0.022033771499991417
        ],
        [
            0.09894829988479614,
            0.060271285474300385,
            0.03680437430739403
        ],
        [
            0.10005749762058258,
            0.06998428702354431,
            0.039715494960546494
        ],
        [
            0.09604795277118683,
            0.06989786773920059,
            0.03879948705434799
        ],
        [
            0.12143529951572418,
            0.0700843557715416,
            0.04662620276212692
        ],
        [
            0.12516553699970245,
            0.07399075478315353,
            0.047263916581869125
        ],
        [
            0.12019350379705429,
            0.07573986053466797,
            0.046499259769916534
        ],
        [
            0.11610276997089386,
            0.07007014751434326,
            0.044941700994968414
        ],
        [
            0.06643170863389969,
            0.04564544931054115,
            0.00831950269639492
        ],
        [
            0.06161726266145706,
            0.042220622301101685,
            0.018329208716750145
        ],
        [
            0.12574118375778198,
            0.073016457259655,
            0.0765056237578392
        ],
        [
            0.1280732899904251,
            0.0743638128042221,
            0.07337048649787903
        ],
        [
            0.09721483290195465,
            0.0496516227722168,
            0.03340207040309906
        ],
        [
            0.13557292520999908,
            0.054130084812641144,
            0.018099049106240273
        ],
        [
            0.0944562554359436,
            0.03887730464339256,
            0.031274884939193726
        ],
        [
            0.08697870373725891,
            0.08545893430709839,
            0.023466089740395546
        ],
        [
            0.08145349472761154,
            0.08378510922193527,
            0.03077705018222332
        ],
        [
            0.08252522349357605,
            0.08476044237613678,
            0.033620111644268036
        ],
        [
            0.0858619287610054,
            0.08829446882009506,
            0.03070443496108055
        ],
        [
            0.11390048265457153,
            0.07475630193948746,
            0.059254925698041916
        ],
        [
            0.1170010045170784,
            0.07027354091405869,
            0.061704427003860474
        ],
        [
            0.11545122414827347,
            0.06980043649673462,
            0.06477723270654678
        ],
        [
            0.11181969195604324,
            0.07430246472358704,
            0.0634407252073288
        ],
        [
            0.13435232639312744,
            0.06649932265281677,
            0.049483731389045715
        ],
        [
            0.13981758058071136,
            0.06713784486055374,
            0.05108388513326645
        ],
        [
            0.13710728287696838,
            0.06710122525691986,
            0.05352912098169327
        ],
        [
            0.1314932107925415,
            0.06709010154008865,
            0.050899799913167953
        ],
        [
            0.1435411423444748,
            0.0705186054110527,
            0.05060415714979172
        ],
        [
            0.14109496772289276,
            0.07186239957809448,
            0.05461347475647926
        ],
        [
            0.11351783573627472,
            0.08116093277931213,
            0.05927667394280434
        ],
        [
            0.117176853120327,
            0.08689304441213608,
            0.06235890090465546
        ],
        [
            0.12532047927379608,
            0.08636949956417084,
            0.04689217731356621
        ],
        [
            0.12018228322267532,
            0.08009712398052216,
            0.04744517803192139
        ],
        [
            0.0939607322216034,
            0.0407787561416626,
            -0.0031169094145298004
        ],
        [
            0.08288083225488663,
            0.03973856568336487,
            -0.0028492212295532227
        ],
        [
            0.0832056999206543,
            0.05348201468586922,
            0.0038351528346538544
        ],
        [
            0.08318712562322617,
            0.06800670921802521,
            0.009272251278162003
        ],
        [
            0.08427903056144714,
            0.0811643972992897,
            0.015708502382040024
        ],
        [
            0.0962136834859848,
            0.0841004028916359,
            0.014165889471769333
        ],
        [
            0.07533382624387741,
            0.051023758947849274,
            0.004056870937347412
        ],
        [
            0.1260758936405182,
            0.08441037684679031,
            0.04105392098426819
        ],
        [
            0.12996700406074524,
            0.08619339764118195,
            0.03751474246382713
        ],
        [
            0.12710289657115936,
            0.08729769289493561,
            0.036578353494405746
        ],
        [
            0.08705423027276993,
            0.03903353214263916,
            0.03188487887382507
        ],
        [
            0.13106948137283325,
            0.07556099444627762,
            0.0699915960431099
        ],
        [
            0.12044168263673782,
            0.00570196658372879,
            -0.007955610752105713
        ],
        [
            0.10982182621955872,
            0.011097423732280731,
            -0.014381308108568192
        ],
        [
            0.11298645287752151,
            0.01759462058544159,
            -0.00939531996846199
        ],
        [
            0.1247282475233078,
            0.011240415275096893,
            -0.001215573400259018
        ],
        [
            0.12277306616306305,
            0.06852995604276657,
            0.06526772677898407
        ],
        [
            0.12827140092849731,
            0.0701562762260437,
            0.06817501038312912
        ],
        [
            0.0844712108373642,
            0.07602062821388245,
            0.03834143280982971
        ],
        [
            0.08638022094964981,
            0.07943084090948105,
            0.039306677877902985
        ],
        [
            0.08275973796844482,
            0.08056195080280304,
            0.03776010498404503
        ],
        [
            0.0792001336812973,
            0.07856862246990204,
            0.038713689893484116
        ],
        [
            0.07731811702251434,
            0.03759435564279556,
            -0.0024869516491889954
        ],
        [
            0.063875712454319,
            0.07597354054450989,
            0.02318340167403221
        ],
        [
            0.07228308916091919,
            0.08148381859064102,
            0.017853612080216408
        ],
        [
            0.08304222673177719,
            0.027946941554546356,
            -0.008705578744411469
        ],
        [
            0.09269340336322784,
            0.028973229229450226,
            -0.009648468345403671
        ],
        [
            0.09119483828544617,
            0.020581603050231934,
            -0.014435559511184692
        ],
        [
            0.10818956792354584,
            0.08762236684560776,
            0.02239246666431427
        ],
        [
            0.10220260173082352,
            0.04301278665661812,
            -0.001645512878894806
        ],
        [
            0.10009023547172546,
            0.03008715808391571,
            -0.008128020912408829
        ],
        [
            0.09863625466823578,
            0.02011898159980774,
            -0.013777464628219604
        ],
        [
            0.09703081101179123,
            0.013383135199546814,
            -0.01848072186112404
        ],
        [
            0.08900865912437439,
            0.014515340328216553,
            -0.018592335283756256
        ],
        [
            0.12220575660467148,
            0.08759422600269318,
            0.06582894921302795
        ],
        [
            0.11365435272455215,
            0.0856599360704422,
            0.06767666339874268
        ],
        [
            0.08647987246513367,
            0.008375614881515503,
            -0.024836406111717224
        ],
        [
            0.09555481374263763,
            0.007009983062744141,
            -0.023842323571443558
        ],
        [
            0.10893037915229797,
            0.030069872736930847,
            -0.005726631730794907
        ],
        [
            0.11955589056015015,
            0.028952427208423615,
            -0.0013980045914649963
        ],
        [
            0.11056434363126755,
            0.04249940812587738,
            0.0006553046405315399
        ],
        [
            0.12122947722673416,
            0.042667265981435776,
            0.005125325173139572
        ],
        [
            0.11881626397371292,
            0.0887812152504921,
            0.018147258087992668
        ],
        [
            0.10420633852481842,
            0.07583586871623993,
            0.08027508109807968
        ],
        [
            0.1080852821469307,
            0.07941767573356628,
            0.07022036612033844
        ],
        [
            0.10909964889287949,
            0.0739496573805809,
            0.06836805492639542
        ],
        [
            0.10344161093235016,
            0.07221942394971848,
            0.07818761467933655
        ],
        [
            0.11086369305849075,
            0.08009208738803864,
            0.06431388854980469
        ],
        [
            0.11138150095939636,
            0.0836501345038414,
            0.07265019416809082
        ],
        [
            0.13310033082962036,
            0.03891054913401604,
            0.013399101793766022
        ],
        [
            0.12381051480770111,
            0.07989079505205154,
            0.046673841774463654
        ],
        [
            0.13232143223285675,
            0.02187671884894371,
            0.010137856006622314
        ],
        [
            0.14424341917037964,
            0.03926969692111015,
            0.025907594710588455
        ],
        [
            0.14323708415031433,
            0.02623281255364418,
            0.026327555999159813
        ],
        [
            0.13203953206539154,
            0.0041450634598731995,
            0.009070932865142822
        ],
        [
            0.14043743908405304,
            0.010527051985263824,
            0.023993561044335365
        ],
        [
            0.12337689101696014,
            -0.006026893854141235,
            -0.004624713212251663
        ],
        [
            0.1268075406551361,
            7.148087024688721e-05,
            0.00115116685628891
        ],
        [
            0.14622823894023895,
            0.020050987601280212,
            0.03960540145635605
        ],
        [
            0.11611954122781754,
            0.06535455584526062,
            0.08006085455417633
        ],
        [
            0.11119041591882706,
            0.06517931073904037,
            0.07704568654298782
        ],
        [
