{
    "pred_cam": [
        16.772951126098633,
        -0.09222972393035889,
        -0.04968006908893585
    ],
    "pred_mano_params": {
        "global_orient": [
            [
                [
                    -0.16000518202781677,
                    0.08288324624300003,
                    0.9836304187774658
                ],
                [
                    -0.9739871025085449,
                    0.1487245261669159,
                    -0.1709684431552887
                ],
                [
                    -0.16046036779880524,
                    -0.9853991270065308,
                    0.05693051591515541
                ]
            ]
        ],
        "hand_pose": [
            [
                [
                    0.04254576563835144,
                    -0.8983651995658875,
                    -0.43718406558036804
                ],
                [
                    0.9339765906333923,
                    0.19115369021892548,
                    -0.30190718173980713
                ],
                [
                    0.35479217767715454,
                    -0.3954748213291168,
                    0.8471848368644714
                ]
            ],
            [
                [
                    0.7654738426208496,
                    -0.6050286293029785,
                    0.2190665751695633
                ],
                [
                    0.643054723739624,
                    0.7070999145507812,
                    -0.29409247636795044
                ],
                [
                    0.023032408207654953,
                    0.36599186062812805,
                    0.9303330183029175
                ]
            ],
            [
                [
                    0.998786985874176,
                    0.03870311379432678,
                    0.030440447852015495
                ],
                [
                    -0.039010368287563324,
                    0.9991930723190308,
                    0.00956466980278492
                ],
                [
                    -0.030045699328184128,
                    -0.010740560479462147,
                    0.9994908571243286
                ]
            ],
            [
                [
                    -0.12117020785808563,
                    -0.8931807279586792,
                    -0.43306586146354675
                ],
                [
                    0.9922483563423157,
                    -0.09686451405286789,
                    -0.07784819602966309
                ],
                [
                    0.027583768591284752,
                    -0.43914180994033813,
                    0.8979942202568054
                ]
            ],
            [
                [
                    0.8370828032493591,
                    -0.5068785548210144,
                    -0.2058313637971878
                ],
                [
                    0.5408100485801697,
                    0.8234747052192688,
                    0.1715046763420105
                ],
                [
                    0.08256489038467407,
                    -0.25487926602363586,
                    0.9634415507316589
                ]
            ],
            [
                [
                    0.9987211227416992,
                    0.015099303796887398,
                    0.048249129205942154
                ],
                [
                    -0.013905723579227924,
                    0.9995912313461304,
                    -0.024979183450341225
                ],
                [
                    -0.04860657826066017,
                    0.024276304990053177,
                    0.9985228180885315
                ]
            ],
            [
                [
                    0.35574036836624146,
                    -0.9011781811714172,
                    0.24764223396778107
                ],
                [
                    0.8343319892883301,
                    0.42562413215637207,
                    0.35033437609672546
                ],
                [
                    -0.4211162030696869,
                    0.08198776841163635,
                    0.9032934904098511
                ]
            ],
            [
                [
                    0.7794739603996277,
                    -0.6031839847564697,
                    -0.16908378899097443
                ],
                [
                    0.5775511264801025,
                    0.5874449014663696,
                    0.5668714046478271
                ],
                [
                    -0.24260035157203674,
                    -0.5395160913467407,
                    0.8062676191329956
                ]
            ],
            [
                [
                    0.9398529529571533,
                    -0.34142231941223145,
                    -0.010353432036936283
                ],
                [
                    0.2910511791706085,
                    0.7845922112464905,
                    0.5474525094032288
                ],
                [
                    -0.17878928780555725,
                    -0.5175382494926453,
                    0.8367726802825928
                ]
            ],
            [
                [
                    0.08941937983036041,
                    -0.9951115846633911,
                    0.04191725701093674
                ],
                [
                    0.9938942193984985,
                    0.09188320487737656,
                    0.061087485402822495
                ],
                [
                    -0.0646403580904007,
                    0.03619891777634621,
                    0.9972518086433411
                ]
            ],
            [
                [
                    0.8687872886657715,
                    -0.47697097063064575,
                    -0.1330689787864685
                ],
                [
                    0.4644193947315216,
                    0.6915931701660156,
                    0.5531849265098572
                ],
                [
                    -0.17182357609272003,
                    -0.5423998236656189,
                    0.822361946105957
                ]
            ],
            [
                [
                    0.9255080223083496,
                    -0.3752499222755432,
                    0.05120990052819252
                ],
                [
                    0.36304596066474915,
                    0.9175441861152649,
                    0.16220436990261078
                ],
                [
                    -0.10785453021526337,
                    -0.13152988255023956,
                    0.9854274988174438
                ]
            ],
            [
                [
                    0.965255856513977,
                    0.13289785385131836,
                    -0.2249872088432312
                ],
                [
                    -0.25687217712402344,
                    0.6405355334281921,
                    -0.7236925363540649
                ],
                [
                    0.04793510213494301,
                    0.7563414573669434,
                    0.6524184346199036
                ]
            ],
            [
                [
                    0.7099502682685852,
                    -0.4668978750705719,
                    -0.5272353291511536
                ],
                [
                    0.5911073684692383,
                    0.8020254373550415,
                    0.08571671694517136
                ],
                [
                    0.38283514976501465,
                    -0.3725072741508484,
                    0.845384955406189
                ]
            ],
            [
                [
                    0.8685652613639832,
                    -0.47265681624412537,
                    0.1489628404378891
                ],
                [
                    0.46480652689933777,
                    0.6727028489112854,
                    -0.575695812702179
                ],
                [
                    0.17189878225326538,
                    0.5692683458328247,
                    0.80398029088974
                ]
            ]
        ],
        "betas": [
            0.08250159025192261,
            -0.14041996002197266,
            -0.002781808376312256,
            -0.11659517884254456,
            0.039569973945617676,
            0.025953374803066254,
            0.05584871768951416,
            -0.10205307602882385,
            0.0006901770830154419,
            -0.02033776044845581
        ]
    },
    "pred_cam_t": [
        -0.09222972393035889,
        -0.04968006908893585,
        2.3288984298706055
    ],
    "focal_length": [
        5000.0,
        5000.0
    ],
    "pred_keypoints_3d": [
        [
            0.09537120163440704,
            0.006347713526338339,
            0.006220683921128511
        ],
        [
            0.12315379083156586,
            0.022977478802204132,
            0.026627786457538605
        ],
        [
            0.14077605307102203,
            0.042146503925323486,
            0.04263118654489517
        ],
        [
            0.13444526493549347,
            0.06534311175346375,
            0.054881416261196136
        ],
        [
            0.12016747146844864,
            0.07745832949876785,
            0.08372676372528076
        ],
        [
            0.1290896236896515,
            0.08743271976709366,
            0.02657870575785637
        ],
        [
            0.11643166095018387,
            0.09065478295087814,
            0.056793540716171265
        ],
        [
            0.11217533051967621,
            0.07513607293367386,
            0.07199636846780777
        ],
        [
            0.107324980199337,
            0.06015554443001747,
            0.09168480336666107
        ],
        [
            0.10698629170656204,
            0.0985335037112236,
            0.022654980421066284
        ],
        [
            0.09717609733343124,
            0.09075284749269485,
            0.051749326288700104
        ],
        [
            0.09401664137840271,
            0.07162784785032272,
            0.0645887702703476
        ],
        [
            0.0886884555220604,
            0.05396036431193352,
            0.08315840363502502
        ],
        [
            0.0819656178355217,
            0.08972925692796707,
            0.021677665412425995
        ],
        [
            0.07734674215316772,
            0.09082113206386566,
            0.0500902384519577
        ],
        [
            0.07269063591957092,
            0.07385466992855072,
            0.0674877017736435
        ],
        [
            0.07219952344894409,
            0.05388876423239708,
            0.08314061164855957
        ],
        [
            0.06323764473199844,
            0.07913628965616226,
            0.024558881297707558
        ],
        [
            0.05914682149887085,
            0.08609358966350555,
            0.04402994364500046
        ],
        [
            0.05561994016170502,
            0.07475297152996063,
            0.05874176323413849
        ],
        [
            0.057460252195596695,
            0.05676988512277603,
            0.06804858148097992
        ]
    ],
    "pred_vertices": [
        [
            0.11783432960510254,
            0.04936870560050011,
            0.031254421919584274
        ],
        [
            0.11521230638027191,
            0.039264366030693054,
            0.031048379838466644
        ],
        [
            0.12201638519763947,
            0.0449029803276062,
            0.03616536781191826
        ],
        [
            0.12519918382167816,
            0.05346914008259773,
            0.03532097861170769
        ],
        [
            0.11929157376289368,
            0.025534547865390778,
            0.04422558844089508
        ],
        [
            0.12802894413471222,
            0.01622437685728073,
            0.04467276111245155
        ],
        [
            0.13568274676799774,
            0.030155327171087265,
            0.05174628272652626
        ],
        [
            0.12608018517494202,
            0.03474221006035805,
            0.0505514070391655
        ],
        [
            0.13136862218379974,
            0.05684377998113632,
            0.03632944077253342
        ],
        [
            0.12718455493450165,
            0.04900987073779106,
            0.04001236706972122
        ],
        [
            0.1341816633939743,
            0.05598187446594238,
            0.03271004557609558
        ],
        [
            0.13954071700572968,
            0.06596875190734863,
            0.025391338393092155
        ],
        [
            0.13502416014671326,
            0.06498785316944122,
            0.03142087534070015
        ],
        [
            0.14038118720054626,
            0.07452642172574997,
            0.02276078425347805
        ],
        [
            0.14085188508033752,
            0.060853175818920135,
            0.01572950929403305
        ],
        [
            0.13829855620861053,
            0.07764932513237,
            0.01375801395624876
        ],
        [
            0.11714117228984833,
            0.06043364480137825,
            8.202530443668365e-05
        ],
        [
            0.10381737351417542,
            0.05936524644494057,
            -0.0017960164695978165
        ],
        [
            0.10425503551959991,
            0.07798652350902557,
            0.0008088294416666031
        ],
        [
            0.11774629354476929,
            0.07706795632839203,
            0.0035369712859392166
        ],
        [
            0.084978848695755,
            0.06950432807207108,
            0.0019046738743782043
        ],
        [
            0.09564147144556046,
            0.07491585612297058,
            0.0015933085232973099
        ],
        [
            0.09516982734203339,
            0.05691978707909584,
            -0.002485133707523346
        ],
        [
            0.08573753386735916,
            0.05298370122909546,
            -0.0016558896750211716
        ],
        [
            0.10346648842096329,
            0.04369370639324188,
            0.026878872886300087
        ],
        [
            0.10106630623340607,
            0.03316119313240051,
            0.026152845472097397
        ],
        [
            0.10656849294900894,
            0.03496702387928963,
            0.02657882310450077
        ],
        [
            0.10882149636745453,
            0.04487749934196472,
            0.027710366994142532
        ],
        [
            0.13968051970005035,
            0.053782932460308075,
            0.03524290770292282
        ],
        [
            0.1445995718240738,
            0.0481288880109787,
            0.02610141411423683
        ],
        [
            0.13986791670322418,
            0.053747281432151794,
            0.027382081374526024
        ],
        [
            0.1349514126777649,
            0.05407746136188507,
            0.03740536421537399
        ],
        [
            0.08757515996694565,
            0.007815457880496979,
            0.029048509895801544
        ],
        [
            0.08851096779108047,
            -0.003184013068675995,
            0.021362759172916412
        ],
        [
            0.09436065703630447,
            -0.003414370119571686,
            0.021265003830194473
        ],
        [
            0.09222801774740219,
            0.006870545446872711,
            0.027850763872265816
        ],
        [
            0.11528139561414719,
            0.000674024224281311,
            0.030415350571274757
        ],
        [
            0.11227846890687943,
            -0.005457036197185516,
            0.021441560238599777
        ],
        [
            0.12164150923490524,
            -0.010125227272510529,
            0.01245124265551567
        ],
        [
            0.12654678523540497,
            -0.002886369824409485,
            0.018504053354263306
        ],
        [
            0.12126101553440094,
            0.008424662053585052,
            0.03879392892122269
        ],
        [
            0.13160012662410736,
            0.0036345869302749634,
            0.030120890587568283
        ],
        [
            0.13800211250782013,
            0.013210535049438477,
            0.03898591175675392
        ],
        [
            0.14467856287956238,
            0.02941589429974556,
            0.048621416091918945
        ],
        [
            0.07609038054943085,
            -0.002240486443042755,
            0.018608450889587402
        ],
        [
            0.07353177666664124,
            0.005767308175563812,
            0.024331577122211456
        ],
        [
            0.12370054423809052,
            0.07867354154586792,
            0.05761963129043579
        ],
        [
            0.11839339882135391,
            0.07626062631607056,
            0.05621783062815666
        ],
        [
            0.12023038417100906,
            0.07681292295455933,
            0.052352823317050934
        ],
        [
            0.1251032054424286,
            0.07929419726133347,
            0.054481275379657745
        ],
        [
            0.06590818613767624,
            0.008537061512470245,
            0.005002662539482117
        ],
        [
            0.06789085268974304,
            0.011252932250499725,
            -0.004413807764649391
        ],
        [
            0.06651667505502701,
            0.004107266664505005,
            -0.004542127251625061
        ],
        [
            0.06652989983558655,
            0.0010384470224380493,
            0.004283975809812546
        ],
        [
            0.06515945494174957,
            0.018452569842338562,
            0.0059633925557136536
        ],
        [
            0.07019833475351334,
            0.021045997738838196,
            -0.0036439821124076843
        ],
        [
            0.12216240167617798,
            0.09051338583230972,
            0.0622478723526001
        ],
        [
            0.12531255185604095,
            0.08645177632570267,
            0.06173815578222275
        ],
        [
            0.1264580637216568,
            0.08898671716451645,
            0.057633645832538605
        ],
        [
            0.12295397371053696,
            0.092903733253479,
            0.05697312206029892
        ],
        [
            0.12842200696468353,
            0.06218559294939041,
            0.03406701609492302
        ],
        [
            0.11982235312461853,
            0.05868225917220116,
            0.03296529874205589
        ],
        [
            0.12992428243160248,
            0.0774281919002533,
            0.03299963101744652
        ],
        [
            0.1244659349322319,
            0.07153993099927902,
            0.033127907663583755
        ],
        [
            0.1315193772315979,
            0.07071121782064438,
            0.03221224620938301
        ],
        [
            0.13475747406482697,
            0.07652853429317474,
            0.03226472809910774
        ],
        [
            0.10178393870592117,
            0.06608626246452332,
            0.02912008762359619
        ],
        [
            0.10120522975921631,
            0.05471942573785782,
            0.027348259463906288
        ],
        [
            0.107449971139431,
            0.056648723781108856,
            0.028233656659722328
        ],
        [
            0.10964448004961014,
            0.06882498413324356,
            0.031110340729355812
        ],
        [
            0.08734311163425446,
            0.05229775980114937,
            0.028458433225750923
        ],
        [
            0.08908138424158096,
            0.06374587118625641,
            0.02958257496356964
        ],
        [
            0.08096665889024734,
            0.06095694378018379,
            0.02987132966518402
        ],
        [
            0.08113673329353333,
            0.053165774792432785,
            0.03013257309794426
        ],
        [
            0.09613841772079468,
            0.08293317258358002,
            0.030034659430384636
        ],
        [
            0.09874973446130753,
            0.08677750080823898,
            0.028179626911878586
        ],
        [
            0.0935443714261055,
            0.0854080468416214,
            0.031503722071647644
        ],
        [
            0.09233792871236801,
            0.0813925489783287,
            0.030481524765491486
        ],
        [
            0.06567595899105072,
            -0.0028365105390548706,
            -0.005724379792809486
        ],
        [
            0.0679900273680687,
            -0.006022617220878601,
            0.0032012593001127243
        ],
        [
            0.06481051445007324,
            0.061199091374874115,
            0.006026905030012131
        ],
        [
            0.058866627514362335,
            0.05378874018788338,
            0.012239172123372555
        ],
        [
            0.05631953477859497,
            0.06704255938529968,
            0.01483963429927826
        ],
        [
            0.06338673830032349,
            0.07253236323595047,
            0.006606411188840866
        ],
        [
            0.07520222663879395,
            0.014363519847393036,
            -0.010918265208601952
        ],
        [
            0.07184319943189621,
            0.007426820695400238,
            -0.012274155393242836
        ],
        [
            0.11621688306331635,
            0.09228524565696716,
            0.06135115772485733
        ],
        [
            0.1171245127916336,
            0.09420119971036911,
            0.05590599775314331
        ],
        [
            0.14244191348552704,
            0.013406515121459961,
            0.02644786238670349
        ],
        [
            0.14998993277549744,
            0.030622392892837524,
            0.040708642452955246
        ],
        [
            0.13425298035144806,
            0.003768548369407654,
            0.015067648142576218
        ],
        [
            0.12835174798965454,
            -0.0016783326864242554,
            0.0066991448402404785
        ],
        [
            0.125253364443779,
            -0.008102789521217346,
            0.0010987240821123123
        ],
        [
            0.11931250244379044,
            0.07509617507457733,
            0.03290693089365959
        ],
        [
            0.11251509189605713,
            0.05387137085199356,
            0.02973640151321888
        ],
        [
            0.09844430536031723,
            0.042771968990564346,
            0.026737451553344727
        ],
        [
            0.06804578006267548,
            0.041804634034633636,
            0.03141145408153534
        ],
        [
            0.06805756688117981,
            0.031426429748535156,
            0.030509067699313164
        ],
        [
            0.07791174948215485,
            0.03525690734386444,
            0.03220722824335098
        ],
        [
            0.07587169110774994,
            0.043691787868738174,
            0.03206011652946472
        ],
        [
            0.05719512328505516,
            0.051260899752378464,
            0.021663237363100052
        ],
        [
            0.06172138825058937,
            0.051615867763757706,
            0.02844860963523388
        ],
        [
            0.061036624014377594,
            0.06014270335435867,
            0.028600456193089485
        ],
        [
            0.055971674621105194,
            0.061973586678504944,
            0.022521287202835083
        ],
        [
            0.1465945988893509,
            0.0527464933693409,
            0.03679731860756874
        ],
        [
            0.14897319674491882,
            0.042552605271339417,
            0.02631337195634842
        ],
        [
            0.06769897043704987,
            0.00580257922410965,
            0.015028014779090881
        ],
        [
            0.07053358852863312,
            -0.001231275498867035,
            0.013261830434203148
        ],
        [
            0.07175825536251068,
            -0.00868796557188034,
            0.00936579704284668
        ],
        [
            0.09544669091701508,
            0.020111873745918274,
            0.028364606201648712
        ],
        [
            0.09547048062086105,
            0.006132066249847412,
            0.027237195521593094
        ],
        [
            0.09973995387554169,
            0.006632111966609955,
            0.028270592913031578
        ],
        [
            0.09853710979223251,
            0.020817801356315613,
            0.027472278103232384
        ],
        [
            0.11122405529022217,
            0.029146715998649597,
            0.034073323011398315
        ],
        [
            0.11116448789834976,
            0.016093194484710693,
            0.037216126918792725
        ],
        [
            0.11725112050771713,
            0.036953069269657135,
            0.04021280258893967
        ],
        [
            0.10216314345598221,
            -0.005422055721282959,
            0.02084590494632721
        ],
        [
            0.09493584930896759,
            -0.012980520725250244,
            0.0176082830876112
        ],
        [
            0.10368574410676956,
            -0.01373201608657837,
            0.016576938331127167
        ],
        [
            0.08531889319419861,
            -0.012129902839660645,
            0.016185065731406212
        ],
        [
            0.07695583999156952,
            -0.010701894760131836,
            0.013615325093269348
        ],
        [
            0.0692671462893486,
            0.000520564615726471,
            -0.016541143879294395
        ],
        [
            0.11171019077301025,
            -0.013150610029697418,
            0.014403720386326313
        ],
        [
            0.13078449666500092,
            0.040757618844509125,
            0.053441643714904785
        ],
        [
            0.1318698525428772,
            0.0463140644133091,
            0.05481025576591492
        ],
        [
            0.12766149640083313,
            0.04852806776762009,
            0.04911374673247337
        ],
        [
            0.12722590565681458,
            0.0447293259203434,
            0.04730462282896042
        ],
        [
            0.13903135061264038,
            0.0837080106139183,
            0.025032782927155495
        ],
        [
            0.13849660754203796,
            0.07922858744859695,
            0.030205484479665756
        ],
        [
            0.13790276646614075,
            0.07102583348751068,
            0.028839660808444023
        ],
        [
            0.08276119828224182,
            0.01809106022119522,
            0.03126850724220276
        ],
        [
            0.07096285372972488,
            0.01583249121904373,
            0.027324151247739792
        ],
        [
            0.12482830882072449,
            0.0794784277677536,
            0.03240037336945534
        ],
        [
            0.12417706847190857,
            0.09503646939992905,
            0.0522327721118927
        ],
        [
            0.12838079035282135,
            0.09067776054143906,
            0.053003229200839996
        ],
        [
            0.13652923703193665,
            0.08914410322904587,
            0.03589984402060509
        ],
        [
            0.13201475143432617,
            0.09470478445291519,
            0.03472241014242172
        ],
        [
            0.11946441978216171,
            0.0838409885764122,
            0.030675485730171204
        ],
        [
            0.12436618655920029,
            0.07795055210590363,
            0.031695619225502014
        ],
        [
            0.1226845383644104,
            0.07730141282081604,
            0.03194727748632431
        ],
        [
            0.11647496372461319,
            0.08029074966907501,
            0.03227031230926514
        ],
        [
            0.08517876267433167,
            0.08129826188087463,
            0.030639411881566048
        ],
        [
            0.08464466780424118,
            0.0777105912566185,
            0.030187834054231644
        ],
        [
            0.11683134734630585,
            0.09126101434230804,
            0.012155087664723396
        ],
        [
            0.12949267029762268,
            0.09089916944503784,
            0.01024734415113926
        ],
        [
            0.13047391176223755,
            0.07682941854000092,
            0.005472095683217049
        ],
        [
            0.0946330726146698,
            0.06407207995653152,
            0.0288843996822834
        ],
        [
            0.09451425075531006,
            0.07415194809436798,
            0.03031241148710251
        ],
        [
            0.09048397094011307,
            0.0733005702495575,
            0.030193829908967018
        ],
        [
            0.11635468155145645,
            0.07845495641231537,
            0.03281346336007118
        ],
        [
            0.11935409158468246,
            0.08289171010255814,
            0.03190048411488533
        ],
        [
            0.11414087563753128,
            0.08376887440681458,
            0.032262980937957764
        ],
        [
            0.1109415739774704,
            0.07735400646924973,
            0.03229846432805061
        ],
        [
            0.0605812594294548,
            0.040843233466148376,
            0.00910956971347332
        ],
        [
            0.05826796591281891,
            0.03828434646129608,
            0.020165810361504555
        ],
        [
            0.126048743724823,
            0.08223222941160202,
            0.059810515493154526
        ],
        [
            0.1273818463087082,
            0.0838441550731659,
            0.056384626775979996
        ],
        [
            0.09422135353088379,
            0.05295713245868683,
            0.027198994532227516
        ],
        [
            0.12820671498775482,
            0.06059271842241287,
            0.0042838603258132935
        ],
        [
            0.09306149184703827,
            0.04172268509864807,
            0.02696339227259159
        ],
        [
            0.07645846903324127,
            0.08521595597267151,
            0.01533945370465517
        ],
        [
            0.07278924435377121,
            0.08362732082605362,
            0.023504287004470825
        ],
        [
            0.07390831410884857,
            0.08484653383493423,
            0.02613305300474167
        ],
        [
            0.07615279406309128,
            0.08843345940113068,
            0.022478345781564713
        ],
        [
            0.11085870116949081,
            0.08151622116565704,
            0.04570489376783371
        ],
        [
            0.11508913338184357,
            0.07767293602228165,
            0.047509726136922836
        ],
        [
            0.11418557167053223,
            0.07705661654472351,
            0.050705090165138245
        ],
        [
            0.10966552048921585,
            0.08088108152151108,
            0.050204843282699585
        ],
        [
            0.13003243505954742,
            0.07653692364692688,
            0.03240165859460831
        ],
        [
            0.13550733029842377,
            0.07826248556375504,
            0.03315360099077225
        ],
        [
            0.1334880292415619,
            0.07738015800714493,
            0.03571196645498276
        ],
        [
            0.1275271475315094,
            0.0764126107096672,
            0.034212566912174225
        ],
        [
            0.138624370098114,
            0.08183234184980392,
            0.03186903893947601
        ],
        [
            0.1368580311536789,
            0.08269380033016205,
            0.03591727465391159
        ],
        [
            0.10944005846977234,
            0.08775807172060013,
            0.045797042548656464
        ],
        [
            0.11270017176866531,
            0.09406355768442154,
            0.0480915904045105
        ],
        [
            0.11769396811723709,
            0.09425568580627441,
            0.031223978847265244
        ],
        [
            0.11375206708908081,
            0.08737122267484665,
            0.032840546220541
        ],
        [
            0.08631467819213867,
            0.038367703557014465,
            -0.006596628576517105
        ],
        [
            0.07579296827316284,
            0.03575872629880905,
            -0.004069291055202484
        ],
        [
            0.07483012974262238,
            0.05032235383987427,
            0.0006541609764099121
        ],
        [
            0.0731407105922699,
            0.06560136377811432,
            0.004047887399792671
        ],
        [
            0.07309765368700027,
            0.0798422321677208,
            0.008291158825159073
        ],
        [
            0.08400405198335648,
            0.08393336832523346,
            0.004603458568453789
        ],
        [
            0.06761538237333298,
            0.046791788190603256,
            0.0026722345501184464
        ],
        [
            0.11739656329154968,
            0.09180533140897751,
            0.024458182975649834
        ],
        [
            0.12031806260347366,
            0.09402862936258316,
            0.020990613847970963
        ],
        [
            0.11727073043584824,
            0.09444529563188553,
            0.020189624279737473
        ],
        [
            0.0859609991312027,
            0.040863972157239914,
            0.028973616659641266
        ],
        [
            0.12948717176914215,
            0.08540734648704529,
            0.052738066762685776
        ],
        [
            0.11703895032405853,
            0.0072207823395729065,
            -0.01247357577085495
        ],
        [
            0.10484977811574936,
            0.010040149092674255,
            -0.01720174215734005
        ],
        [
            0.10760284960269928,
            0.017589613795280457,
            -0.013734174892306328
        ],
        [
            0.12125393748283386,
            0.014185674488544464,
            -0.007520325481891632
        ],
        [
            0.12167087197303772,
            0.07699186354875565,
            0.04987268149852753
        ],
        [
            0.1272861361503601,
            0.07957683503627777,
            0.05156639590859413
        ],
        [
            0.07795949280261993,
            0.07740244269371033,
            0.0312146358191967
        ],
        [
            0.07935402542352676,
            0.08094166219234467,
            0.031126931309700012
        ],
        [
            0.07554934173822403,
            0.08110380917787552,
            0.030281370505690575
        ],
        [
            0.07257739454507828,
            0.07916898280382156,
            0.032180190086364746
        ],
        [
            0.07082334905862808,
            0.03289996087551117,
            -0.0023892540484666824
        ],
        [
            0.05568605661392212,
            0.07432517409324646,
            0.02093556895852089
        ],
        [
            0.06237497925758362,
            0.07946344465017319,
            0.013140421360731125
        ],
        [
            0.07701575011014938,
            0.023368820548057556,
            -0.008366251364350319
        ],
        [
            0.08602138608694077,
            0.025658920407295227,
            -0.011289168149232864
        ],
        [
            0.08520284295082092,
            0.016526073217391968,
            -0.014664322137832642
        ],
        [
            0.09640229493379593,
            0.09013622999191284,
            0.009997710585594177
        ],
        [
            0.09415453672409058,
            0.0419805683195591,
            -0.007053125649690628
        ],
        [
            0.09324093908071518,
            0.028072625398635864,
            -0.011404825374484062
        ],
        [
            0.09259384870529175,
            0.01728232204914093,
            -0.015445033088326454
        ],
        [
            0.09140060096979141,
            0.00976068526506424,
            -0.018909962847828865
        ],
        [
            0.08342431485652924,
            0.009653106331825256,
            -0.017554685473442078
        ],
        [
            0.11816561222076416,
            0.09568244963884354,
            0.05042422190308571
        ],
        [
            0.11050093173980713,
            0.09250003844499588,
            0.05397751182317734
        ],
        [
            0.08095341175794601,
            0.0023864656686782837,
            -0.02243408001959324
        ],
        [
            0.09014447778463364,
            0.0025394409894943237,
            -0.023089362308382988
        ],
        [
            0.10220623761415482,
            0.02972257137298584,
            -0.01081399992108345
        ],
        [
            0.11331216990947723,
            0.030809924006462097,
            -0.008602529764175415
        ],
        [
            0.10273037105798721,
            0.043060190975666046,
            -0.006404034793376923
        ],
        [
            0.11377117782831192,
            0.04545510187745094,
            -0.004174977540969849
        ],
        [
            0.10575135052204132,
            0.09239175915718079,
            0.0037966277450323105
        ],
        [
            0.10578553378582001,
            0.08156019449234009,
            0.06854742765426636
        ],
        [
            0.10661996155977249,
            0.08559625595808029,
            0.057792067527770996
        ],
        [
            0.1080869510769844,
            0.08032678067684174,
            0.055647335946559906
        ],
        [
            0.10519186407327652,
            0.07790505886077881,
            0.06642646342515945
        ],
        [
            0.10798469930887222,
            0.08645087480545044,
            0.051282964646816254
        ],
        [
            0.1096506267786026,
            0.09036582708358765,
            0.05946020781993866
        ],
        [
            0.12742650508880615,
            0.0445493683218956,
            0.0018910914659500122
        ],
        [
            0.11690524965524673,
            0.08810311555862427,
            0.030517661944031715
        ],
        [
            0.1286945641040802,
            0.02710682898759842,
            0.0006140917539596558
        ],
        [
            0.14131547510623932,
            0.047640979290008545,
            0.011771252378821373
        ],
        [
            0.1422354131937027,
            0.03442561998963356,
            0.013562481850385666
        ],
        [
            0.13101297616958618,
            0.00947621464729309,
            0.0013538356870412827
        ],
        [
            0.14098919928073883,
            0.018180549144744873,
            0.013117379508912563
        ],
        [
            0.12247493863105774,
            -0.003359265625476837,
            -0.008527001366019249
        ],
        [
            0.1255507469177246,
            0.003844648599624634,
            -0.004499062895774841
        ],
        [
            0.14929182827472687,
            0.028984952718019485,
            0.025925427675247192
        ],
        [
            0.1188369169831276,
            0.07314955443143845,
            0.065019391477108
        ],
        [
            0.11343540251255035,
