{
    "pred_cam": [
        7.194058418273926,
        0.10035531967878342,
        -0.07659304141998291
    ],
    "pred_mano_params": {
        "global_orient": [
            [
                [
                    0.22304944694042206,
                    -0.8897823095321655,
                    0.3981662392616272
                ],
                [
                    -0.9212777018547058,
                    -0.3259057104587555,
                    -0.2122095376253128
                ],
                [
                    0.31858494877815247,
                    -0.31948843598365784,
                    -0.8924297094345093
                ]
            ]
        ],
        "hand_pose": [
            [
                [
                    0.7355570793151855,
                    -0.6275238990783691,
                    -0.2552833557128906
                ],
                [
                    0.6078189015388489,
                    0.7777086496353149,
                    -0.16039155423641205
                ],
                [
                    0.2991856038570404,
                    -0.03718891367316246,
                    0.95346999168396
                ]
            ],
            [
                [
                    0.8999853730201721,
                    -0.3679673969745636,
                    0.23372270166873932
                ],
                [
                    0.4119705259799957,
                    0.8932241201400757,
                    -0.1800859123468399
                ],
                [
                    -0.14250101149082184,
                    0.2583615779876709,
                    0.9554803371429443
                ]
            ],
            [
                [
                    0.7986257076263428,
                    -0.5994731783866882,
                    -0.05318693816661835
                ],
                [
                    0.5776815414428711,
                    0.7883660197257996,
                    -0.2115727812051773
                ],
                [
                    0.16876298189163208,
                    0.13824236392974854,
                    0.975913941860199
                ]
            ],
            [
                [
                    0.6602296829223633,
                    -0.7306191325187683,
                    -0.17404703795909882
                ],
                [
                    0.7461012601852417,
                    0.6646089553833008,
                    0.04034632816910744
                ],
                [
                    0.08619541674852371,
                    -0.15649455785751343,
                    0.9839103817939758
                ]
            ],
            [
                [
                    0.7562427520751953,
                    -0.6344695687294006,
                    -0.1598285436630249
                ],
                [
                    0.6509592533111572,
                    0.7049773931503296,
                    0.28152933716773987
                ],
                [
                    -0.0659463033080101,
                    -0.316946417093277,
                    0.9461479187011719
                ]
            ],
            [
                [
                    0.8559954166412354,
                    -0.4793238937854767,
                    -0.19370222091674805
                ],
                [
                    0.4995182454586029,
                    0.863394558429718,
                    0.07093201577663422
                ],
                [
                    0.13324204087257385,
                    -0.15747526288032532,
                    0.978492796421051
                ]
            ],
            [
                [
                    0.41516268253326416,
                    -0.8147437572479248,
                    0.4047623574733734
                ],
                [
                    0.5311306715011597,
                    0.5782899260520935,
                    0.6192584037780762
                ],
                [
                    -0.7386069297790527,
                    -0.04211125150322914,
                    0.6728197932243347
                ]
            ],
            [
                [
                    0.8343577980995178,
                    -0.5127403736114502,
                    -0.2023472934961319
                ],
                [
                    0.5493544340133667,
                    0.8036795258522034,
                    0.22871164977550507
                ],
                [
                    0.045352667570114136,
                    -0.3019877076148987,
                    0.9522324800491333
                ]
            ],
            [
                [
                    0.9251104593276978,
                    -0.379338800907135,
                    0.016510434448719025
                ],
                [
                    0.3550221920013428,
                    0.8795912861824036,
                    0.31666770577430725
                ],
                [
                    -0.13464678823947906,
                    -0.28709107637405396,
                    0.9483928084373474
                ]
            ],
            [
                [
                    0.641046941280365,
                    -0.7539587616920471,
                    0.14354442059993744
                ],
                [
                    0.7418370842933655,
                    0.6566385626792908,
                    0.1360274851322174
                ],
                [
                    -0.19681592285633087,
                    0.01928657852113247,
                    0.9802507162094116
                ]
            ],
            [
                [
                    0.7843955755233765,
                    -0.5847836136817932,
                    -0.20676499605178833
                ],
                [
                    0.6117837429046631,
                    0.6744980216026306,
                    0.4132470190525055
                ],
                [
                    -0.10219750553369522,
                    -0.4506445527076721,
                    0.8868343830108643
                ]
            ],
            [
                [
                    0.8262016177177429,
                    -0.5170153975486755,
                    -0.22379928827285767
                ],
                [
                    0.5522266626358032,
                    0.8218463659286499,
                    0.14005102217197418
                ],
                [
                    0.11152011156082153,
                    -0.2392982840538025,
                    0.9645204544067383
                ]
            ],
            [
                [
                    0.9659560322761536,
                    -0.19275377690792084,
                    -0.17255432903766632
                ],
                [
                    -0.11768770217895508,
                    0.2665805518627167,
                    -0.9566004276275635
                ],
                [
                    0.23038800060749054,
                    0.9443414211273193,
                    0.23482033610343933
                ]
            ],
            [
                [
                    0.9640726447105408,
                    -0.2090267390012741,
                    -0.1639258712530136
                ],
                [
                    0.2646697759628296,
                    0.70319002866745,
                    0.6599043011665344
                ],
                [
                    -0.02266661264002323,
                    -0.6795819401741028,
                    0.733249306678772
                ]
            ],
            [
                [
                    0.9326229095458984,
                    0.3313548266887665,
                    0.14289326965808868
                ],
                [
                    -0.35055017471313477,
                    0.9258822798728943,
                    0.14091308414936066
                ],
                [
                    -0.08561012893915176,
                    -0.18151003122329712,
                    0.9796555042266846
                ]
            ]
        ],
        "betas": [
            -0.052408814430236816,
            -0.05736395716667175,
            -0.03887137770652771,
            0.039693206548690796,
            0.031034111976623535,
            -0.03523337095975876,
            0.05304941534996033,
            -0.04550012946128845,
            -0.011325106024742126,
            -0.03976753354072571
        ]
    },
    "pred_cam_t": [
        -0.10035531967878342,
        -0.07659304141998291,
        5.42982816696167
    ],
    "focal_length": [
        5000.0,
        5000.0
    ],
    "pred_keypoints_3d": [
        [
            0.09599179774522781,
            0.00640901131555438,
            0.006205007433891296
        ],
        [
            0.11478744447231293,
            0.02823609486222267,
            -0.019613217562437057
        ],
        [
            0.1283034235239029,
            0.0558931827545166,
            -0.022268712520599365
        ],
        [
            0.13240692019462585,
            0.08264966309070587,
            -0.024733226746320724
        ],
        [
            0.13489961624145508,
            0.11126453429460526,
            -0.04712792485952377
        ],
        [
            0.08915110677480698,
            0.0851653665304184,
            -0.03873804956674576
        ],
        [
            0.09523701667785645,
            0.11748264729976654,
            -0.03493177145719528
        ],
        [
            0.11027842015028,
            0.13263599574565887,
            -0.028608573600649834
        ],
        [
            0.1289450079202652,
            0.13946522772312164,
            -0.012465503066778183
        ],
        [
            0.07477707415819168,
            0.09511017054319382,
            -0.020523184910416603
        ],
        [
            0.08657513558864594,
            0.12351451814174652,
            -0.012536399066448212
        ],
        [
            0.10753127932548523,
            0.1291726678609848,
            -0.00396625604480505
        ],
        [
            0.1308194249868393,
            0.12583890557289124,
            0.006904066540300846
        ],
        [
            0.07056255638599396,
            0.08893707394599915,
            0.005228811874985695
        ],
        [
            0.08436784148216248,
            0.11435464024543762,
            0.004616729915142059
        ],
        [
            0.10674303025007248,
            0.1194174513220787,
            0.014217155054211617
        ],
        [
            0.12863413989543915,
            0.11420748382806778,
            0.026690781116485596
        ],
        [
            0.0722123235464096,
            0.082463838160038,
            0.026055464521050453
        ],
        [
            0.08609981834888458,
            0.09829775989055634,
            0.023761969059705734
        ],
        [
            0.1037542000412941,
            0.1033850610256195,
            0.028694715350866318
        ],
        [
            0.12217747420072556,
            0.10070820897817612,
            0.034194476902484894
        ]
    ],
    "pred_vertices": [
        [
            0.1059846431016922,
            0.054475087672472,
            -0.018404360860586166
        ],
        [
            0.10828134417533875,
            0.04475593566894531,
            -0.013622215017676353
        ],
        [
            0.11191112548112869,
            0.051950644701719284,
            -0.016206754371523857
        ],
        [
            0.10978704690933228,
            0.05968044698238373,
            -0.023698043078184128
        ],
        [
            0.12405981123447418,
            0.03830456733703613,
            -0.003915425390005112
        ],
        [
            0.1320294588804245,
            0.03119448572397232,
            -0.009142767637968063
        ],
        [
            0.13575659692287445,
            0.04732203483581543,
            -0.011886056512594223
        ],
        [
            0.1291152685880661,
            0.05116895213723183,
            -0.005719192326068878
        ],
        [
            0.11151079088449478,
            0.06422163546085358,
            -0.02756720595061779
        ],
        [
            0.11553618311882019,
            0.05859515815973282,
            -0.01785648614168167
        ],
        [
            0.11107026040554047,
            0.06449714303016663,
            -0.029086627066135406
        ],
        [
            0.10180976986885071,
            0.06687157601118088,
            -0.041725270450115204
        ],
        [
            0.105390764772892,
            0.06831244379281998,
            -0.036603037267923355
        ],
        [
            0.09580082446336746,
            0.07167291641235352,
            -0.04624365642666817
        ],
        [
            0.09655728936195374,
            0.05812497064471245,
            -0.044487643986940384
        ],
        [
            0.08656269311904907,
            0.06955099105834961,
            -0.04695846140384674
        ],
        [
            0.07461967319250107,
            0.04985600337386131,
            -0.02739262953400612
        ],
        [
            0.06929678469896317,
            0.048917852342128754,
            -0.01461794599890709
        ],
        [
            0.06468677520751953,
            0.06554001569747925,
            -0.018072746694087982
        ],
        [
            0.07133977860212326,
            0.06507821381092072,
            -0.030359556898474693
        ],
        [
            0.06328623741865158,
            0.060689862817525864,
            0.0024193748831748962
        ],
        [
            0.06375276297330856,
            0.06413762271404266,
            -0.00898593571037054
        ],
        [
            0.06717098504304886,
            0.04718274250626564,
            -0.005934889428317547
        ],
        [
            0.06680795550346375,
            0.04491659998893738,
            0.004110945388674736
        ],
        [
            0.1005474179983139,
            0.04853016883134842,
            -0.004898643121123314
        ],
        [
            0.10353453457355499,
            0.03881312534213066,
            -0.0011705197393894196
        ],
        [
            0.1044384092092514,
            0.03988593816757202,
            -0.007193932309746742
        ],
        [
            0.10230502486228943,
            0.04950648173689842,
            -0.010251322761178017
        ],
        [
            0.11882229894399643,
            0.06439550220966339,
            -0.030567968264222145
        ],
        [
            0.11294107139110565,
            0.05328081548213959,
            -0.03848055750131607
        ],
        [
            0.10991480946540833,
            0.05971764400601387,
            -0.03545696288347244
        ],
        [
            0.1183524876832962,
            0.06693139672279358,
            -0.02541179768741131
        ],
        [
            0.11303474009037018,
            0.018738724291324615,
            0.018388589844107628
        ],
        [
            0.1112203598022461,
            0.005256451666355133,
            0.018138594925403595
        ],
        [
            0.11283315718173981,
            0.004452891647815704,
            0.012434855103492737
        ],
        [
            0.1136896014213562,
            0.01679573953151703,
            0.013545732945203781
        ],
        [
            0.12379733473062515,
            0.010684400796890259,
            -0.005199890583753586
        ],
        [
            0.11893534660339355,
            0.0012224912643432617,
            -0.004387624561786652
        ],
        [
            0.11627572774887085,
            -0.007194213569164276,
            -0.01403961330652237
        ],
        [
            0.12034306675195694,
            0.002404548227787018,
            -0.01779029704630375
        ],
        [
            0.12814906239509583,
            0.02106131613254547,
            -0.007460497319698334
        ],
        [
            0.12830376625061035,
            0.013924486935138702,
            -0.018641233444213867
        ],
        [
            0.13361363112926483,
            0.02646230161190033,
            -0.019107649102807045
        ],
        [
            0.1370968222618103,
            0.04447312280535698,
            -0.020492851734161377
        ],
        [
            0.10481445491313934,
            0.005951359868049622,
            0.029270503669977188
        ],
        [
            0.10573256760835648,
            0.01599675416946411,
            0.0313415564596653
        ],
        [
            0.10703598707914352,
            0.11498195677995682,
            -0.034471310675144196
        ],
        [
            0.10571091622114182,
            0.11571654677391052,
            -0.028753768652677536
        ],
        [
            0.1046423614025116,
            0.11154165863990784,
            -0.029768340289592743
        ],
        [
            0.10585576295852661,
            0.11197981238365173,
            -0.03546633571386337
        ],
        [
            0.08548526465892792,
            0.010273218154907227,
            0.03385133296251297
        ],
        [
            0.07669688761234283,
            0.008212946355342865,
            0.029304835945367813
        ],
        [
            0.07917706668376923,
            0.0019151419401168823,
            0.032068103551864624
        ],
        [
            0.08815651386976242,
            0.003196991980075836,
            0.03463657200336456
        ],
        [
            0.08197933435440063,
            0.019608572125434875,
            0.032771531492471695
        ],
        [
            0.07392171025276184,
            0.017088033258914948,
            0.025218233466148376
        ],
        [
            0.09964463114738464,
            0.12268663942813873,
            -0.04172259196639061
        ],
        [
            0.10386385768651962,
            0.1197141706943512,
            -0.041451022028923035
        ],
        [
            0.10054508596658707,
            0.11645741015672684,
            -0.04294988140463829
        ],
        [
            0.095875583589077,
            0.11839129030704498,
            -0.04230104014277458
        ],
        [
            0.1064729392528534,
            0.06672648340463638,
            -0.030169082805514336
        ],
        [
            0.10431542247533798,
            0.06345313787460327,
            -0.022087737917900085
        ],
        [
            0.1004062294960022,
            0.08140231668949127,
            -0.03453545644879341
        ],
        [
            0.10062569379806519,
            0.07472909986972809,
            -0.02924739196896553
        ],
        [
            0.10256250202655792,
            0.0730128288269043,
            -0.035735294222831726
        ],
        [
            0.10109513252973557,
            0.0787070095539093,
            -0.03996343910694122
        ],
        [
            0.09266618639230728,
            0.06978317350149155,
            -0.00739887822419405
        ],
        [
            0.09570728242397308,
            0.05878368765115738,
            -0.004824083298444748
        ],
        [
            0.09745486080646515,
            0.060413822531700134,
            -0.01107038650661707
        ],
        [
            0.09547813981771469,
            0.0725555270910263,
            -0.015124746598303318
        ],
        [
            0.09382230043411255,
            0.05830096825957298,
            0.009249497205018997
        ],
        [
            0.090495266020298,
            0.06896340101957321,
            0.005424456670880318
        ],
        [
            0.08976022899150848,
            0.06730777025222778,
            0.013857327401638031
        ],
        [
            0.0931873619556427,
            0.06039505451917648,
            0.015401549637317657
        ],
        [
            0.08548498153686523,
            0.086202472448349,
            -0.004366708919405937
        ],
        [
            0.083639957010746,
            0.09148269891738892,
            -0.0066924430429935455
        ],
        [
            0.08363071084022522,
            0.09209733456373215,
            -0.0034012740943580866
        ],
        [
            0.08481628447771072,
            0.08550269901752472,
            -0.0007524937391281128
        ],
        [
            0.08080676198005676,
            -0.004738733172416687,
            0.03403482213616371
        ],
        [
            0.09059032052755356,
            -0.0037211254239082336,
            0.034441202878952026
        ],
        [
            0.06467631459236145,
            0.05769508332014084,
            0.02413994073867798
        ],
        [
            0.07129257917404175,
            0.054576508700847626,
            0.032732248306274414
        ],
        [
            0.06816727668046951,
            0.06811890006065369,
            0.03299693763256073
        ],
        [
            0.060970865190029144,
            0.06799677014350891,
            0.02350572869181633
        ],
        [
            0.0717528909444809,
            0.007383719086647034,
            0.02017585188150406
        ],
        [
            0.07253265380859375,
            0.0008990541100502014,
            0.024547703564167023
        ],
        [
            0.09537923336029053,
            0.12521401047706604,
            -0.03812135383486748
        ],
        [
            0.09198853373527527,
            0.12003689259290695,
            -0.03810863196849823
        ],
        [
            0.12611284852027893,
            0.021468885242938995,
            -0.030210498720407486
        ],
        [
            0.13352414965629578,
            0.04254560172557831,
            -0.02950659953057766
        ],
        [
            0.1177046149969101,
            0.006857924163341522,
            -0.0276348814368248
        ],
        [
            0.11035352200269699,
            -0.0021947920322418213,
            -0.024039795622229576
        ],
        [
            0.10674935579299927,
            -0.010570667684078217,
            -0.021017905324697495
        ],
        [
            0.09765475988388062,
            0.07858838140964508,
            -0.024818338453769684
        ],
        [
            0.1014007180929184,
            0.0582229308784008,
            -0.015001434832811356
        ],
        [
            0.0994061678647995,
            0.04804055392742157,
            0.00016734004020690918
        ],
        [
            0.09540379047393799,
            0.05196968466043472,
            0.0306820347905159
        ],
        [
            0.0989023968577385,
            0.042264778167009354,
            0.03266534209251404
        ],
        [
            0.10157716274261475,
            0.04565056413412094,
            0.022767163813114166
        ],
        [
            0.0973791778087616,
            0.05328666791319847,
            0.022898636758327484
        ],
        [
            0.08012133091688156,
            0.05684255063533783,
            0.03694162517786026
        ],
        [
            0.08710508048534393,
            0.05990666523575783,
            0.03403317183256149
        ],
        [
            0.0838978961110115,
            0.06780733168125153,
            0.03280789032578468
        ],
        [
            0.07671818882226944,
            0.06718620657920837,
            0.03596299886703491
        ],
        [
            0.12401482462882996,
            0.06225118041038513,
            -0.03521646931767464
        ],
        [
            0.11755634844303131,
            0.047949980944395065,
            -0.0403030700981617
        ],
        [
            0.0958857387304306,
            0.012269504368305206,
            0.03488745540380478
        ],
        [
            0.09810777008533478,
            0.004911363124847412,
            0.033226463943719864
        ],
        [
            0.09816500544548035,
            -0.0036370083689689636,
            0.0326688215136528
        ],
        [
            0.10928275436162949,
            0.02850307524204254,
            0.007315341383218765
        ],
        [
            0.11425414681434631,
            0.01544392853975296,
            0.01014639064669609
        ],
        [
            0.11567595601081848,
            0.015794552862644196,
            0.005918638780713081
        ],
        [
            0.1086876317858696,
            0.028140924870967865,
            0.003354821354150772
        ],
        [
            0.11183556169271469,
            0.036062512546777725,
            -0.006267085671424866
        ],
        [
            0.11981201171875,
            0.026378251612186432,
            -0.002166338264942169
        ],
        [
            0.11550525575876236,
            0.04593799635767937,
            -0.006529089063405991
        ],
        [
            0.11537233740091324,
            0.0017700940370559692,
            0.005050718784332275
        ],
        [
            0.11373020708560944,
            -0.0058234333992004395,
            0.013033242896199226
        ],
        [
            0.11562268435955048,
            -0.0076464638113975525,
            0.004499219357967377
        ],
        [
            0.1094454675912857,
            -0.004855528473854065,
            0.021822288632392883
        ],
        [
            0.10419303178787231,
            -0.003980472683906555,
            0.028981542214751244
        ],
        [
            0.07101789861917496,
            -0.006971403956413269,
            0.027505913749337196
        ],
        [
            0.11602455377578735,
            -0.00864408165216446,
            -0.0037278011441230774
        ],
        [
            0.13203321397304535,
            0.059946440160274506,
            -0.009636273607611656
        ],
        [
            0.13420440256595612,
            0.06785481423139572,
            -0.013470528647303581
        ],
        [
            0.1272418051958084,
            0.06917543709278107,
            -0.012716802768409252
        ],
        [
            0.12462152540683746,
            0.06240898370742798,
            -0.009918145835399628
        ],
        [
            0.0917370542883873,
            0.07966150343418121,
            -0.048567239195108414
        ],
        [
            0.09852253645658493,
            0.0793626680970192,
            -0.04508759453892708
        ],
        [
            0.10151982307434082,
            0.07155013829469681,
            -0.04219833016395569
        ],
        [
            0.10927008092403412,
            0.029423385858535767,
            0.021456371992826462
        ],
        [
            0.10342109203338623,
            0.026617959141731262,
            0.032384149730205536
        ],
        [
            0.09732487797737122,
            0.08508355915546417,
            -0.030086908489465714
        ],
        [
            0.09264955669641495,
            0.11451809108257294,
            -0.043331436812877655
        ],
        [
            0.09810157865285873,
            0.11243166029453278,
            -0.04417760297656059
        ],
        [
            0.09389816224575043,
            0.09455928206443787,
            -0.047635648399591446
        ],
        [
            0.08744911104440689,
            0.09720392525196075,
            -0.046897195279598236
        ],
        [
            0.09040052443742752,
            0.09253302216529846,
            -0.028365688398480415
        ],
        [
            0.09629964828491211,
            0.08870051056146622,
            -0.0299251489341259
        ],
        [
            0.09533006697893143,
            0.09083999693393707,
            -0.029360054060816765
        ],
        [
            0.09101391583681107,
            0.09475300461053848,
            -0.02615220658481121
        ],
        [
            0.0833543911576271,
            0.08896428346633911,
            0.005433549638837576
        ],
        [
            0.0844881683588028,
            0.08285976201295853,
            0.00764077715575695
        ],
        [
            0.07138600945472717,
            0.08113779127597809,
            -0.031229376792907715
        ],
        [
            0.0741313248872757,
            0.07749595493078232,
            -0.04409561678767204
        ],
        [
            0.07754858583211899,
            0.06547795236110687,
            -0.04131869971752167
        ],
        [
            0.09130315482616425,
            0.06847191601991653,
            -0.0001395726576447487
        ],
        [
            0.08839371055364609,
            0.07830114662647247,
            -0.0016962606459856033
        ],
        [
            0.08743385225534439,
            0.07784239202737808,
            0.002341838553547859
        ],
        [
            0.09504860639572144,
            0.08212611824274063,
            -0.02286871150135994
        ],
        [
            0.0934373289346695,
            0.08781030029058456,
            -0.026148904114961624
        ],
        [
            0.09152083843946457,
            0.08655533194541931,
            -0.021910997107625008
        ],
        [
            0.09322122484445572,
            0.0808245986700058,
            -0.017892973497509956
        ],
        [
            0.0741639956831932,
            0.041436567902565,
            0.03312508761882782
        ],
        [
            0.08426862955093384,
            0.044445838779211044,
            0.038380686193704605
        ],
        [
            0.10647722333669662,
            0.11667896062135696,
            -0.03897082060575485
        ],
        [
            0.10425473749637604,
            0.11381148546934128,
            -0.04034390673041344
        ],
        [
            0.09436805546283722,
            0.05772259458899498,
            0.002223028801381588
        ],
        [
            0.08216435462236404,
            0.05190885066986084,
            -0.03678275644779205
        ],
        [
            0.0985519289970398,
            0.04766538366675377,
            0.005635662004351616
        ],
        [
            0.06491082906723022,
            0.08152710646390915,
            0.010605975985527039
        ],
        [
            0.07157175987958908,
            0.084208644926548,
            0.015157526358962059
        ],
        [
            0.07346460223197937,
            0.08969186246395111,
            0.013553720898926258
        ],
        [
            0.06825277954339981,
            0.09018152952194214,
            0.010211372748017311
        ],
        [
            0.09396179765462875,
            0.10973747074604034,
            -0.02402721531689167
        ],
        [
            0.09947178512811661,
            0.10843894630670547,
            -0.02529735304415226
        ],
        [
            0.10094833374023438,
            0.11277338117361069,
            -0.0248416680842638
        ],
        [
            0.09575626254081726,
            0.11529963463544846,
            -0.02363744005560875
        ],
        [
            0.09963671118021011,
            0.0865090936422348,
            -0.034310080111026764
        ],
        [
            0.10084276646375656,
            0.08488739281892776,
            -0.04033144190907478
        ],
        [
            0.10112407803535461,
            0.09045343101024628,
            -0.03880786523222923
        ],
        [
            0.09880238026380539,
            0.09081502258777618,
            -0.03325258567929268
        ],
        [
            0.09788419306278229,
            0.08596868067979813,
            -0.04552336037158966
        ],
        [
            0.09877297282218933,
            0.09183872491121292,
            -0.04455263540148735
        ],
        [
            0.08858906477689743,
            0.11224108189344406,
            -0.026633869856595993
        ],
        [
            0.08607472479343414,
            0.11475065350532532,
            -0.03323094919323921
        ],
        [
            0.08043220639228821,
            0.09897242486476898,
            -0.034942712634801865
        ],
        [
            0.08503884077072144,
            0.09897278249263763,
            -0.028368519619107246
        ],
        [
            0.06865160167217255,
            0.029729008674621582,
            0.005477805621922016
        ],
        [
            0.06899799406528473,
            0.029508277773857117,
            0.01667359098792076
        ],
        [
            0.06688731163740158,
            0.04465145990252495,
            0.01563122868537903
        ],
        [
            0.06343085318803787,
            0.05964677035808563,
            0.014978899620473385
        ],
        [
            0.06150491535663605,
            0.07369689643383026,
            0.013399990275502205
        ],
        [
            0.059417612850666046,
            0.0737953931093216,
            0.0013721938012167811
        ],
        [
            0.06809777021408081,
            0.04313700273633003,
            0.02370370551943779
        ],
        [
            0.08143473416566849,
            0.09126323461532593,
            -0.028482861816883087
        ],
        [
            0.07681436836719513,
            0.08860541135072708,
            -0.035407453775405884
        ],
        [
            0.07571963965892792,
            0.08832698315382004,
            -0.030177684500813484
        ],
        [
            0.09865854680538177,
            0.04845116287469864,
            0.01310504600405693
        ],
        [
            0.10244344174861908,
            0.11012779176235199,
            -0.04194885119795799
        ],
        [
            0.08580578863620758,
            -0.002821989357471466,
            -0.019497141242027283
        ],
        [
            0.07674577832221985,
            -0.0017734691500663757,
            -0.009038744494318962
        ],
        [
            0.07744676619768143,
            0.006300024688243866,
            -0.012563399970531464
        ],
        [
            0.08881937712430954,
            0.005634836852550507,
            -0.024161219596862793
        ],
        [
            0.1039632260799408,
            0.10758383572101593,
            -0.030507033690810204
        ],
        [
            0.10536636412143707,
            0.10802585631608963,
            -0.03666560724377632
        ],
        [
            0.08379629254341125,
            0.08371324837207794,
            0.014097033999860287
        ],
        [
            0.08245916664600372,
            0.08934952318668365,
            0.011188339442014694
        ],
        [
            0.08010370284318924,
            0.09055289626121521,
            0.013445093296468258
        ],
        [
            0.08260761201381683,
            0.0864391177892685,
            0.018378321081399918
        ],
        [
            0.07028572261333466,
            0.0281672403216362,
            0.022414300590753555
        ],
        [
            0.07122882455587387,
            0.07772301882505417,
            0.03320268169045448
        ],
        [
            0.06337790936231613,
            0.07696031033992767,
            0.024450432509183884
        ],
        [
            0.07072336226701736,
            0.016404420137405396,
            0.017129089683294296
        ],
        [
            0.06980323046445847,
            0.0163247212767601,
            0.007345633581280708
        ],
        [
            0.0704464539885521,
            0.006745733320713043,
            0.009265946224331856
        ],
        [
            0.06354888528585434,
            0.08095583319664001,
            -0.011506697162985802
        ],
        [
            0.069050133228302,
            0.0320550799369812,
            -0.002924693748354912
        ],
        [
            0.07080326974391937,
            0.017800964415073395,
            -0.00015448033809661865
        ],
        [
            0.07161661237478256,
            0.006418466567993164,
            0.0017930716276168823
        ],
        [
            0.07140429317951202,
            -0.0017147809267044067,
            0.003722146153450012
        ],
        [
            0.07027409970760345,
            -0.0005071312189102173,
            0.011740624904632568
        ],
        [
            0.08846761286258698,
            0.115352101624012,
            -0.038646988570690155
        ],
        [
            0.08915679156780243,
            0.12076862901449203,
            -0.031996697187423706
        ],
        [
            0.06842696666717529,
            -0.008974529802799225,
            0.014528880827128887
        ],
        [
            0.0704374685883522,
            -0.00989716500043869,
            0.005470385774970055
        ],
        [
            0.07321725785732269,
            0.01879212260246277,
            -0.009052610024809837
        ],
        [
            0.07825976610183716,
            0.02020983397960663,
            -0.019860055297613144
        ],
        [
            0.07166232913732529,
            0.03259509801864624,
            -0.011324022896587849
        ],
        [
            0.07598164677619934,
            0.03501482307910919,
            -0.022097349166870117
        ],
        [
            0.061533015221357346,
            0.07800354063510895,
            -0.02199513465166092
        ],
        [
            0.10138244926929474,
            0.13442976772785187,
            -0.02593293972313404
        ],
        [
            0.09385018795728683,
            0.12507282197475433,
            -0.026480471715331078
        ],
        [
            0.0973779484629631,
            0.1213519275188446,
            -0.02369937300682068
        ],
        [
            0.10227932035923004,
            0.1315845549106598,
            -0.022571559995412827
        ],
        [
            0.09120730310678482,
            0.11825162917375565,
            -0.02605367638170719
        ],
        [
            0.09275011718273163,
            0.12612026929855347,
            -0.03203413262963295
        ],
        [
            0.0866069495677948,
            0.037032924592494965,
            -0.03380116447806358
        ],
        [
            0.08936534076929092,
            0.09175143390893936,
            -0.024527402594685555
        ],
        [
            0.09365879744291306,
            0.021418176591396332,
            -0.03227357938885689
        ],
        [
            0.09904907643795013,
            0.0450969822704792,
            -0.04318737983703613
        ],
        [
            0.10686629265546799,
            0.034475889056921005,
            -0.04079404100775719
        ],
        [
            0.10270290076732635,
            0.005672648549079895,
            -0.030546197667717934
        ],
        [
            0.11330494284629822,
            0.019714154303073883,
            -0.036941878497600555
        ],
        [
            0.09547625482082367,
            -0.010696440935134888,
            -0.021639931946992874
        ],
        [
            0.09733332693576813,
            -0.002320796251296997,
            -0.025383517146110535
        ],
        [
            0.12282328307628632,
            0.03562021628022194,
            -0.037829991430044174
        ],
        [
            0.11199002712965012,
            0.12197355180978775,
