{
    "pred_cam": [
        7.582494735717773,
        0.14544330537319183,
        0.0278443843126297
    ],
    "pred_mano_params": {
        "global_orient": [
            [
                [
                    -0.8466696739196777,
                    0.3623645007610321,
                    -0.3896695375442505
                ],
                [
                    0.42994728684425354,
                    0.03439648076891899,
                    -0.9021984934806824
                ],
                [
                    -0.31352150440216064,
                    -0.9314015507698059,
                    -0.18492008745670319
                ]
            ]
        ],
        "hand_pose": [
            [
                [
                    0.9965956807136536,
                    -0.0778241828083992,
                    0.02721003256738186
                ],
                [
                    0.07777635753154755,
                    0.9969668984413147,
                    0.002813271014019847
                ],
                [
                    -0.02734644152224064,
                    -0.0006873967358842492,
                    0.9996258020401001
                ]
            ],
            [
                [
                    0.6909624338150024,
                    -0.7105117440223694,
                    0.13320668041706085
                ],
                [
                    0.7225698828697205,
                    0.6733405590057373,
                    -0.1565416008234024
                ],
                [
                    0.021531181409955025,
                    0.20441551506519318,
                    0.9786474704742432
                ]
            ],
            [
                [
                    0.8499831557273865,
                    -0.5236198306083679,
                    0.05788765475153923
                ],
                [
                    0.525637686252594,
                    0.8502824902534485,
                    -0.026921140030026436
                ],
                [
                    -0.03512441739439964,
                    0.05331044644117355,
                    0.997960090637207
                ]
            ],
            [
                [
                    0.8486878871917725,
                    -0.5281956195831299,
                    -0.027174822986125946
                ],
                [
                    0.5281062722206116,
                    0.8435006737709045,
                    0.09803219139575958
                ],
                [
                    -0.028858179226517677,
                    -0.0975499078631401,
                    0.9948122501373291
                ]
            ],
            [
                [
                    0.6303589940071106,
                    -0.7471219301223755,
                    -0.21084681153297424
                ],
                [
                    0.7761513590812683,
                    0.6011626720428467,
                    0.19024333357810974
                ],
                [
                    -0.015381738543510437,
                    -0.28357064723968506,
                    0.9588279724121094
                ]
            ],
            [
                [
                    0.9593147039413452,
                    -0.27581027150154114,
                    -0.060365136712789536
                ],
                [
                    0.2725503742694855,
                    0.960451602935791,
                    -0.056999947875738144
                ],
                [
                    0.07369896024465561,
                    0.0382283478975296,
                    0.996547520160675
                ]
            ],
            [
                [
                    0.8594961166381836,
                    -0.3062559962272644,
                    0.40923553705215454
                ],
                [
                    0.3445076048374176,
                    0.938544511795044,
                    -0.02118096500635147
                ],
                [
                    -0.37759900093078613,
                    0.15918968617916107,
                    0.9121828675270081
                ]
            ],
            [
                [
                    0.72728431224823,
                    -0.6689154505729675,
                    -0.15365450084209442
                ],
                [
                    0.6037874817848206,
                    0.5171212553977966,
                    0.6066517233848572
                ],
                [
                    -0.3263406753540039,
                    -0.5339829325675964,
                    0.7799769639968872
                ]
            ],
            [
                [
                    0.9199315905570984,
                    -0.38896697759628296,
                    -0.049299295991659164
                ],
                [
                    0.3837173283100128,
                    0.8673388957977295,
                    0.31699252128601074
                ],
                [
                    -0.08054044097661972,
                    -0.3105284571647644,
                    0.9471458196640015
                ]
            ],
            [
                [
                    0.8320773243904114,
                    -0.5546172857284546,
                    -0.00685633672401309
                ],
                [
                    0.5528897047042847,
                    0.8303454518318176,
                    -0.06956556439399719
                ],
                [
                    0.04427539184689522,
                    0.0540931262075901,
                    0.997553825378418
                ]
            ],
            [
                [
                    0.6835357546806335,
                    -0.7090270519256592,
                    -0.1733766347169876
                ],
                [
                    0.6736058592796326,
                    0.521264374256134,
                    0.5239642262458801
                ],
                [
                    -0.28112974762916565,
                    -0.4749358296394348,
                    0.8339076042175293
                ]
            ],
            [
                [
                    0.920985758304596,
                    -0.37814202904701233,
                    -0.09377552568912506
                ],
                [
                    0.37957480549812317,
                    0.9251569509506226,
                    -0.0027484644670039415
                ],
                [
                    0.08779639005661011,
                    -0.033063530921936035,
                    0.995589554309845
                ]
            ],
            [
                [
                    0.9479551911354065,
                    0.14761367440223694,
                    0.2821193337440491
                ],
                [
                    0.14617253839969635,
                    0.5854014158248901,
                    -0.797457754611969
                ],
                [
                    -0.28286871314048767,
                    0.7971921563148499,
                    0.5333572626113892
                ]
            ],
            [
                [
                    0.8906228542327881,
                    -0.2717190980911255,
                    -0.3646363615989685
                ],
                [
                    0.3814920485019684,
                    0.8828587532043457,
                    0.2739056944847107
                ],
                [
                    0.24749697744846344,
                    -0.3830525279045105,
                    0.8899528384208679
                ]
            ],
            [
                [
                    0.6604217290878296,
                    -0.7427794933319092,
                    -0.11009889841079712
                ],
                [
                    0.4857780337333679,
                    0.5344379544258118,
                    -0.6916616559028625
                ],
                [
                    0.572593092918396,
                    0.4033047556877136,
                    0.713780403137207
                ]
            ]
        ],
        "betas": [
            -0.05605688691139221,
            -0.08505237102508545,
            0.02392980456352234,
            -0.036344438791275024,
            0.034147828817367554,
            -0.02427978441119194,
            0.030879229307174683,
            -0.06348398327827454,
            -0.012838557362556458,
            -0.02022114396095276
        ]
    },
    "pred_cam_t": [
        -0.14544330537319183,
        0.0278443843126297,
        5.151668548583984
    ],
    "focal_length": [
        5000.0,
        5000.0
    ],
    "pred_keypoints_3d": [
        [
            0.09595801681280136,
            0.006408210378140211,
            0.006222945638000965
        ],
        [
            0.1006275862455368,
            -0.027869820594787598,
            0.023491181433200836
        ],
        [
            0.09552353620529175,
            -0.0507756732404232,
            0.04351043701171875
        ],
        [
            0.105748251080513,
            -0.06434490531682968,
            0.0646909698843956
        ],
        [
            0.11274967342615128,
            -0.051577597856521606,
            0.09486737102270126
        ],
        [
            0.16075962781906128,
            -0.05040954053401947,
            0.03494398295879364
        ],
        [
            0.18790778517723083,
            -0.06733239442110062,
            0.043333493173122406
        ],
        [
            0.19263209402561188,
            -0.07316567003726959,
            0.06427712738513947
        ],
        [
            0.1882326453924179,
            -0.0737742930650711,
            0.08899711817502975
        ],
        [
            0.17711186408996582,
            -0.031387656927108765,
            0.038001205772161484
        ],
        [
            0.19654755294322968,
            -0.039339277893304825,
            0.06189897656440735
        ],
        [
            0.18879413604736328,
            -0.039605628699064255,
            0.08392578363418579
        ],
        [
            0.17858067154884338,
            -0.03830192610621452,
            0.10781417787075043
        ],
        [
            0.17441633343696594,
            -0.0048197065480053425,
            0.04057103022933006
        ],
        [
            0.192914679646492,
            -0.0103453965857625,
            0.06214786320924759
        ],
        [
            0.18398436903953552,
            -0.01052191760390997,
            0.08536270260810852
        ],
        [
            0.17107701301574707,
            -0.009013112634420395,
            0.10751061141490936
        ],
        [
            0.16771537065505981,
            0.015509160235524178,
            0.045199185609817505
        ],
        [
            0.1844431459903717,
            0.011250286363065243,
            0.05751378834247589
        ],
        [
            0.18181158602237701,
            0.009931727312505245,
            0.07631208747625351
        ],
        [
            0.1715899407863617,
            0.00944451242685318,
            0.09270717948675156
        ]
    ],
    "pred_vertices": [
        [
            0.12504014372825623,
            -0.03222876414656639,
            0.035885535180568695
        ],
        [
            0.11633926630020142,
            -0.028278544545173645,
            0.03491717949509621
        ],
        [
            0.1153276115655899,
            -0.03744108974933624,
            0.04122896119952202
        ],
        [
            0.12463045120239258,
            -0.04175863415002823,
            0.04031229391694069
        ],
        [
            0.0963413268327713,
            -0.024359673261642456,
            0.04154057428240776
        ],
        [
            0.08536334335803986,
            -0.02669025957584381,
            0.03655949980020523
        ],
        [
            0.08711672574281693,
            -0.038481902331113815,
            0.04661429673433304
        ],
        [
            0.09554389119148254,
            -0.034300751984119415,
            0.050014298409223557
        ],
        [
            0.12391504645347595,
            -0.04965035617351532,
            0.042274653911590576
        ],
        [
            0.11427481472492218,
            -0.04405473917722702,
            0.0459461435675621
        ],
        [
            0.12107832729816437,
            -0.05340433865785599,
            0.03947123885154724
        ],
        [
            0.13393959403038025,
            -0.057510774582624435,
            0.030964625999331474
        ],
        [
            0.13408797979354858,
            -0.053292956203222275,
            0.03678462281823158
        ],
        [
            0.1436077356338501,
            -0.058509379625320435,
            0.028492871671915054
        ],
        [
            0.13112950325012207,
            -0.05555848777294159,
            0.020134184509515762
        ],
        [
            0.14759033918380737,
            -0.05467063561081886,
            0.02035876363515854
        ],
        [
            0.14317356050014496,
            -0.027891898527741432,
            0.006867758929729462
        ],
        [
            0.14571496844291687,
            -0.014165174216032028,
            0.007358144968748093
        ],
        [
            0.1605585515499115,
            -0.019600890576839447,
            0.013674678280949593
        ],
        [
            0.1561281681060791,
            -0.032801758497953415,
            0.013374656438827515
        ],
        [
            0.1567809134721756,
            0.0006565358489751816,
            0.01701289787888527
        ],
        [
            0.15988318622112274,
            -0.010684394277632236,
            0.015366528183221817
        ],
        [
            0.14546281099319458,
            -0.005114015191793442,
            0.007942698895931244
        ],
        [
            0.14346624910831451,
            0.004809563979506493,
            0.009959518909454346
        ],
        [
            0.12466415762901306,
            -0.014684753492474556,
            0.0321185477077961
        ],
        [
            0.11597499251365662,
            -0.010090461000800133,
            0.029871180653572083
        ],
        [
            0.11676005274057388,
            -0.01710173860192299,
            0.03018011525273323
        ],
        [
            0.12439600378274918,
            -0.020905310288071632,
            0.03246337175369263
        ],
        [
            0.10883697867393494,
            -0.059303708374500275,
            0.04078727960586548
        ],
        [
            0.1107112243771553,
            -0.057338930666446686,
            0.027679668739438057
        ],
        [
            0.11771489679813385,
            -0.05670655518770218,
            0.03208456188440323
        ],
        [
            0.11119107902050018,
            -0.0562409944832325,
            0.044540032744407654
        ],
        [
            0.09342508763074875,
            0.009917059913277626,
            0.030116166919469833
        ],
        [
            0.08456059545278549,
            0.013101082295179367,
            0.020325152203440666
        ],
        [
            0.08327221870422363,
            0.007545355707406998,
            0.01885761320590973
        ],
        [
            0.09223718196153641,
            0.0057968758046627045,
            0.027673490345478058
        ],
        [
            0.0819898247718811,
            -0.012898866087198257,
            0.022027313709259033
        ],
        [
            0.07817333936691284,
            -0.008475352078676224,
            0.013796597719192505
        ],
        [
            0.07323122024536133,
            -0.014886979013681412,
            0.00249674916267395
        ],
        [
            0.077599436044693,
            -0.0212467759847641,
            0.008098278194665909
        ],
        [
            0.08478337526321411,
            -0.01949065923690796,
            0.029877081513404846
        ],
        [
            0.0791265144944191,
            -0.026743117719888687,
            0.018704790621995926
        ],
        [
            0.08034908771514893,
            -0.03292187675833702,
            0.027842160314321518
        ],
        [
            0.08289557695388794,
            -0.04446076229214668,
            0.04040113836526871
        ],
        [
            0.08884058147668839,
            0.025261828675866127,
            0.02051735296845436
        ],
        [
            0.09559301286935806,
            0.0247341338545084,
            0.02813815139234066
        ],
        [
            0.17875255644321442,
            -0.07068552076816559,
            0.052358631044626236
        ],
        [
            0.18096281588077545,
            -0.06556497514247894,
            0.054787181317806244
        ],
        [
            0.17869676649570465,
            -0.06452784687280655,
            0.053157053887844086
        ],
        [
            0.17712068557739258,
            -0.06967505067586899,
            0.05098295211791992
        ],
        [
            0.10465107858181,
            0.03437579423189163,
            0.01170702651143074
        ],
        [
            0.10919691622257233,
            0.03329826146364212,
            0.0026883557438850403
        ],
        [
            0.10274272412061691,
            0.03650858253240585,
            0.0014778636395931244
        ],
        [
            0.09760737419128418,
            0.03586982190608978,
            0.009395524859428406
        ],
        [
            0.11390438675880432,
            0.0322437509894371,
            0.014859195798635483
        ],
        [
            0.1177557110786438,
            0.028330333530902863,
            0.004904389381408691
        ],
        [
            0.1878524124622345,
            -0.07627909630537033,
            0.04520690441131592
        ],
        [
            0.1832820028066635,
            -0.07686055451631546,
            0.04767683148384094
        ],
        [
            0.18201206624507904,
            -0.07525543123483658,
            0.04369169473648071
        ],
        [
            0.1862073391675949,
            -0.07355213910341263,
            0.04056062176823616
        ],
        [
            0.13372142612934113,
            -0.04572122544050217,
            0.039059292525053024
        ],
        [
            0.1333228051662445,
            -0.03581099212169647,
            0.03830175846815109
        ],
        [
            0.15262380242347717,
            -0.05033143237233162,
            0.04311390221118927
        ],
        [
            0.14500883221626282,
            -0.04308992624282837,
            0.040408797562122345
        ],
        [
            0.14225198328495026,
            -0.049878429621458054,
            0.038544222712516785
        ],
        [
            0.14925594627857208,
            -0.05494430661201477,
            0.039311300963163376
        ],
        [
            0.14583434164524078,
            -0.019070453941822052,
            0.039333295077085495
        ],
        [
            0.1354667693376541,
            -0.015203077346086502,
            0.035255204886198044
        ],
        [
            0.1357155293226242,
            -0.022001909092068672,
            0.03528013080358505
        ],
        [
            0.1463262438774109,
            -0.027707280591130257,
            0.040203191339969635
        ],
        [
            0.13597916066646576,
            -0.0014366526156663895,
            0.03889557346701622
        ],
        [
            0.14634117484092712,
            -0.006343645043671131,
            0.04224727302789688
        ],
        [
            0.14554521441459656,
            0.0020595910027623177,
            0.043997835367918015
        ],
        [
            0.13785549998283386,
            0.004003006964921951,
            0.04215581715106964
        ],
        [
            0.16347119212150574,
            -0.017568234354257584,
            0.046513814479112625
        ],
        [
            0.17004483938217163,
            -0.020507145673036575,
            0.04797609895467758
        ],
        [
            0.17112775146961212,
            -0.017256278544664383,
            0.04930916056036949
        ],
        [
            0.16363614797592163,
            -0.013956068083643913,
            0.04671676456928253
        ],
        [
            0.09663897007703781,
            0.039297182112932205,
            -0.0008384473621845245
        ],
        [
            0.09088065475225449,
            0.03645789250731468,
            0.006659533828496933
        ],
        [
            0.15248475968837738,
            0.02074749581515789,
            0.0241045244038105
        ],
        [
            0.14607630670070648,
            0.02764572948217392,
            0.030346812680363655
        ],
        [
            0.1580006331205368,
            0.02653636783361435,
            0.0359608493745327
        ],
        [
            0.16162660717964172,
            0.019413581117987633,
            0.027648717164993286
        ],
        [
            0.1122429147362709,
            0.026476241648197174,
            -0.004622004926204681
        ],
        [
            0.10672595351934433,
            0.03175370395183563,
            -0.006540432572364807
        ],
        [
            0.1927536129951477,
            -0.07232726365327835,
            0.04446302354335785
        ],
        [
            0.1909284144639969,
            -0.06937816739082336,
            0.0400744192302227
        ],
        [
            0.0835404023528099,
            -0.03785747289657593,
            0.015352295711636543
        ],
        [
            0.08494777977466583,
            -0.05015988275408745,
            0.0324552059173584
        ],
        [
            0.08246202021837234,
            -0.028703507035970688,
            0.004108957946300507
        ],
        [
            0.08125680685043335,
            -0.02202736586332321,
            -0.0032230131328105927
        ],
        [
            0.07716261595487595,
            -0.01726311817765236,
            -0.008645664900541306
        ],
        [
            0.15027357637882233,
            -0.038772016763687134,
            0.042868323624134064
        ],
        [
            0.1314493864774704,
            -0.026737911626696587,
            0.03536608815193176
        ],
        [
            0.12485828995704651,
            -0.009355712682008743,
            0.032708048820495605
        ],
        [
            0.12938213348388672,
            0.01924828812479973,
            0.0439397357404232
        ],
        [
            0.11955583840608597,
            0.022158557549118996,
            0.04071768745779991
        ],
        [
            0.12081076204776764,
            0.011520402505993843,
            0.04096831753849983
        ],
        [
            0.12943679094314575,
            0.01123775728046894,
            0.04315808787941933
        ],
        [
            0.14238378405570984,
            0.028405500575900078,
            0.039353568106889725
        ],
        [
            0.14083564281463623,
            0.02288992330431938,
            0.04506712779402733
        ],
        [
            0.15007221698760986,
            0.021045930683612823,
            0.04789351299405098
        ],
        [
            0.15284404158592224,
            0.026540033519268036,
            0.043225228786468506
        ],
        [
            0.10237811505794525,
            -0.06315158307552338,
            0.03952557593584061
        ],
        [
            0.10341714322566986,
            -0.057539090514183044,
            0.02485930547118187
        ],
        [
            0.09916647523641586,
            0.031771786510944366,
            0.020438892766833305
        ],
        [
            0.09233154356479645,
            0.031163081526756287,
            0.01673932746052742
        ],
        [
            0.0859851986169815,
            0.03251807391643524,
            0.011251769959926605
        ],
        [
            0.10456378757953644,
            -0.0012628324329853058,
            0.03022490255534649
        ],
        [
            0.09149829298257828,
            0.0029339902102947235,
            0.026050599291920662
        ],
        [
            0.0916825458407402,
            -0.0013741999864578247,
            0.02585701271891594
        ],
        [
            0.10572027415037155,
            -0.004764989018440247,
            0.02884485572576523
        ],
        [
            0.10824532061815262,
            -0.02096053957939148,
            0.03532655909657478
        ],
        [
            0.0963723361492157,
            -0.014707494527101517,
            0.03331060707569122
        ],
        [
            0.10740509629249573,
            -0.029423780739307404,
            0.043380267918109894
        ],
        [
            0.08019274473190308,
            0.0007764287292957306,
            0.016057146713137627
        ],
        [
            0.07479232549667358,
            0.010050877928733826,
            0.013371532782912254
        ],
        [
            0.07250314205884933,
            0.0020359456539154053,
            0.01026030071079731
        ],
        [
            0.07803536206483841,
            0.019305752590298653,
            0.014240588992834091
        ],
        [
            0.08188275992870331,
            0.027380269020795822,
            0.013816939666867256
        ],
        [
            0.10175401717424393,
            0.036675043404102325,
            -0.011413570493459702
        ],
        [
            0.07184319943189621,
            -0.005437348037958145,
            0.0064733922481536865
        ],
        [
            0.09604077786207199,
            -0.04161510244011879,
            0.05416072905063629
        ],
        [
            0.09730452299118042,
            -0.04737863689661026,
            0.05764026939868927
        ],
        [
            0.10469748079776764,
            -0.04676862061023712,
            0.0553220696747303
        ],
        [
            0.10416051745414734,
            -0.04252128675580025,
            0.05222240462899208
        ],
        [
            0.15366755425930023,
            -0.060186684131622314,
            0.02767031267285347
        ],
        [
            0.15064844489097595,
            -0.059429068118333817,
            0.034749653190374374
        ],
        [
            0.14066347479820251,
            -0.05635681748390198,
            0.034253768622875214
        ],
        [
            0.10362961143255234,
            0.01152973622083664,
            0.035363588482141495
        ],
        [
            0.10495594888925552,
            0.024052146822214127,
            0.03363347426056862
        ],
        [
            0.15833449363708496,
            -0.04680560529232025,
            0.044948965311050415
        ],
        [
            0.18403996527194977,
            -0.07117903232574463,
            0.03668062388896942
        ],
        [
            0.1794673502445221,
            -0.07339590787887573,
            0.04007188603281975
        ],
        [
            0.16722290217876434,
            -0.06534332782030106,
            0.03177410364151001
        ],
        [
            0.17229782044887543,
            -0.06283795088529587,
            0.027942944318056107
        ],
        [
            0.16990309953689575,
            -0.046994149684906006,
            0.043003469705581665
        ],
        [
            0.16420692205429077,
            -0.049782268702983856,
            0.045097362250089645
        ],
        [
            0.1675160974264145,
            -0.05109211429953575,
            0.04472803324460983
        ],
        [
            0.17353224754333496,
            -0.048676613718271255,
            0.04427124559879303
        ],
        [
            0.16863632202148438,
            -0.008252149447798729,
            0.04935111105442047
        ],
        [
            0.16223692893981934,
            -0.005467245355248451,
            0.04755061864852905
        ],
        [
            0.16829894483089447,
            -0.03683366999030113,
            0.022764014080166817
        ],
        [
            0.1618715226650238,
            -0.048025283962488174,
            0.017404289916157722
        ],
        [
            0.15148481726646423,
            -0.04502168297767639,
            0.01405523531138897
        ],
        [
            0.14553925395011902,
            -0.011628259904682636,
            0.04030650109052658
        ],
        [
            0.15503908693790436,
            -0.0143178915604949,
            0.04416347295045853
        ],
        [
            0.15542584657669067,
            -0.010201230645179749,
            0.044769223779439926
        ],
        [
            0.15482357144355774,
            -0.03710503876209259,
            0.04387904703617096
        ],
        [
            0.16224518418312073,
            -0.04220247268676758,
            0.04527276009321213
        ],
        [
            0.16040170192718506,
            -0.03598402068018913,
            0.04404257610440254
        ],
        [
            0.15429624915122986,
            -0.0314314179122448,
            0.0429520383477211
        ],
        [
            0.13477042317390442,
            0.030000075697898865,
            0.023826340213418007
        ],
        [
            0.1304055154323578,
            0.031245699152350426,
            0.03450712934136391
        ],
        [
            0.17981132864952087,
            -0.0747833177447319,
            0.05006889998912811
        ],
        [
            0.17839403450489044,
            -0.0736980140209198,
            0.04753175005316734
        ],
        [
            0.13538029789924622,
            -0.00799519568681717,
            0.03627578541636467
        ],
        [
            0.13902385532855988,
            -0.03982168808579445,
            0.009676167741417885
        ],
        [
            0.12496692687273026,
            -0.0038877204060554504,
            0.033839985728263855
        ],
        [
            0.17222358286380768,
            0.003470686264336109,
            0.032819341868162155
        ],
        [
            0.17194555699825287,
            0.005636055953800678,
            0.03987755998969078
        ],
        [
            0.17534784972667694,
            0.0023556952364742756,
            0.043327447026968
        ],
        [
            0.17832833528518677,
            0.0006802170537412167,
            0.038545042276382446
        ],
        [
            0.1848280131816864,
            -0.05511481687426567,
            0.04912624508142471
        ],
        [
            0.18105989694595337,
            -0.058156684041023254,
            0.052284158766269684
        ],
        [
            0.18261614441871643,
            -0.05960014835000038,
            0.05332033336162567
        ],
        [
            0.1875530332326889,
            -0.057261157780885696,
            0.05079323798418045
        ],
        [
            0.1600700169801712,
            -0.053873028606176376,
            0.0438806489109993
        ],
        [
            0.1567450910806656,
            -0.058371175080537796,
            0.04041454568505287
        ],
        [
            0.16265492141246796,
            -0.06059736758470535,
            0.04217587783932686
        ],
        [
            0.16514082252979279,
            -0.055663611739873886,
            0.044360361993312836
        ],
        [
            0.15854714810848236,
            -0.062040627002716064,
            0.03487010672688484
        ],
        [
            0.16350917518138885,
            -0.06431127339601517,
            0.03687991201877594
        ],
        [
            0.1887088268995285,
            -0.055482666939496994,
            0.043870970606803894
        ],
        [
            0.1903475821018219,
            -0.060507066547870636,
            0.038337331265211105
        ],
        [
            0.17960184812545776,
            -0.05157915875315666,
            0.031284455209970474
        ],
        [
            0.17901310324668884,
            -0.049346666783094406,
            0.03877861425280571
        ],
        [
            0.13124307990074158,
            0.008816586807370186,
            0.0020683780312538147
        ],
        [
            0.13038936257362366,
            0.019161976873874664,
            0.0062894076108932495
        ],
        [
            0.14257581532001495,
            0.015492113307118416,
            0.014163531363010406
        ],
        [
            0.1551109254360199,
            0.012564949691295624,
            0.020953789353370667
        ],
        [
            0.16649125516414642,
            0.008639426901936531,
            0.028020042926073074
        ],
        [
            0.16880843043327332,
            -0.0020255381241440773,
            0.02219969965517521
        ],
        [
            0.14036673307418823,
            0.02285386435687542,
            0.01704242080450058
        ],
        [
            0.17133113741874695,
            -0.040326379239559174,
            0.03579677641391754
        ],
        [
            0.17134630680084229,
            -0.04484913498163223,
            0.027204416692256927
        ],
        [
            0.17191806435585022,
            -0.03875744342803955,
            0.029325030744075775
        ],
        [
            0.12521323561668396,
            0.002831215038895607,
            0.037183262407779694
        ],
        [
            0.17618899047374725,
            -0.07260525226593018,
            0.04436071217060089
        ],
        [
            0.09674951434135437,
            -0.011740528047084808,
            -0.016452305018901825
        ],
        [
            0.10318775475025177,
            -5.98318874835968e-05,
            -0.01781328022480011
        ],
        [
            0.10890316218137741,
            -0.005251210182905197,
            -0.013561517000198364
        ],
        [
            0.10127637535333633,
            -0.018324069678783417,
            -0.011221561580896378
        ],
        [
            0.1769818812608719,
            -0.06386742740869522,
            0.05235016345977783
        ],
        [
            0.17470423877239227,
            -0.06909884512424469,
            0.0494287870824337
        ],
        [
            0.16443513333797455,
            0.0009193671867251396,
            0.04919514060020447
        ],
        [
            0.1697196513414383,
            -0.0025334185920655727,
            0.04980870336294174
        ],
        [
            0.17250223457813263,
            0.00024696439504623413,
            0.04890616610646248
        ],
        [
            0.16888801753520966,
            0.00511572603136301,
            0.05041775479912758
        ],
        [
            0.12830275297164917,
            0.024333268404006958,
            0.008448414504528046
        ],
        [
            0.16581441462039948,
            0.024854592978954315,
            0.039851680397987366
        ],
        [
            0.1684136688709259,
            0.019124435260891914,
            0.03237795829772949
        ],
        [
            0.11969898641109467,
            0.02196676842868328,
            -0.0007513798773288727
        ],
        [
            0.12064060568809509,
            0.013163868337869644,
            -0.005036018788814545
        ],
        [
            0.113069087266922,
            0.016864903271198273,
            -0.009967993944883347
        ],
        [
            0.1732630431652069,
            -0.016598813235759735,
            0.024768894538283348
        ],
        [
            0.1330864429473877,
            0.00040020793676376343,
            0.0006889030337333679
        ],
        [
            0.12135505676269531,
            0.005571255460381508,
            -0.006170250475406647
        ],
        [
            0.11232591420412064,
            0.00963326171040535,
            -0.01212775707244873
        ],
        [
            0.10633442550897598,
            0.013283412903547287,
            -0.016706418246030807
        ],
        [
            0.10767532140016556,
            0.020822279155254364,
            -0.013738591223955154
        ],
        [
            0.18813695013523102,
            -0.06615409255027771,
            0.03658165782690048
        ],
        [
            0.19414646923542023,
            -0.06340201199054718,
            0.04224805161356926
        ],
        [
            0.10247758775949478,
            0.025837060064077377,
            -0.019296586513519287
        ],
        [
            0.10078581422567368,
            0.017020847648382187,
            -0.021863799542188644
        ],
        [
            0.12082286179065704,
            -0.0036209970712661743,
            -0.007154691964387894
        ],
        [
            0.11895334720611572,
            -0.015146605670452118,
            -0.007024455815553665
        ],
        [
            0.13210153579711914,
            -0.008272958919405937,
            -0.0002527013421058655
        ],
        [
            0.13138072192668915,
            -0.02004310116171837,
            0.00023324787616729736
        ],
        [
            0.17165179550647736,
            -0.024702712893486023,
            0.01784958876669407
        ],
        [
            0.19879330694675446,
            -0.0676836371421814,
            0.05958358943462372
        ],
        [
            0.19533024728298187,
            -0.061991605907678604,
            0.050471752882003784
        ],
        [
            0.19066379964351654,
            -0.05980284512042999,
            0.05330812558531761
        ],
        [
            0.19629058241844177,
            -0.06449177861213684,
            0.06124307960271835
        ],
        [
            0.19183744490146637,
            -0.0583205483853817,
            0.04686034470796585
        ],
        [
            0.19602516293525696,
            -0.06638392060995102,
            0.046793460845947266
        ],
        [
            0.12534016370773315,
            -0.03458385169506073,
            0.0038157589733600616
        ],
        [
            0.16689667105674744,
            -0.03936336934566498,
            0.04416181519627571
        ],
        [
            0.10931089520454407,
            -0.030491642653942108,
            -0.001807384192943573
        ],
        [
            0.11983654648065567,
            -0.05108458548784256,
            0.012677054852247238
        ],
        [
            0.10669401288032532,
            -0.04707302898168564,
            0.010562647134065628
        ],
        [
            0.0922599509358406,
            -0.026861179620027542,
            -0.006251126527786255
        ],
        [
            0.09292058646678925,
            -0.039289217442274094,
            0.005022037774324417
        ],
        [
            0.08452771604061127,
            -0.014697320759296417,
            -0.01599525287747383
        ],
        [
            0.0898173451423645,
            -0.01984386146068573,
            -0.01162140816450119
        ],
        [
            0.0921078771352768,
            -0.05032675340771675,
            0.019142700359225273
        ],
        [
