{
    "pred_cam": [
        8.704133033752441,
        0.151722714304924,
        0.028737403452396393
    ],
    "pred_mano_params": {
        "global_orient": [
            [
                [
                    -0.8463854789733887,
                    0.3571946918964386,
                    -0.39502355456352234
                ],
                [
                    0.4341379702091217,
                    0.033128153532743454,
                    -0.9002370238304138
                ],
                [
                    -0.30847349762916565,
                    -0.933442234992981,
                    -0.18311096727848053
                ]
            ]
        ],
        "hand_pose": [
            [
                [
                    0.9958431124687195,
                    -0.05946812778711319,
                    0.06899286806583405
                ],
                [
                    0.05986990034580231,
                    0.9981991052627563,
                    -0.003768519265577197
                ],
                [
                    -0.06864450871944427,
                    0.007883450016379356,
                    0.9976100325584412
                ]
            ],
            [
                [
                    0.7025485038757324,
                    -0.6975265741348267,
                    0.14100466668605804
                ],
                [
                    0.7112026810646057,
                    0.6812871694564819,
                    -0.17331640422344208
                ],
                [
                    0.02482813410460949,
                    0.22204606235027313,
                    0.9747200608253479
                ]
            ],
            [
                [
                    0.855246901512146,
                    -0.5165234804153442,
                    0.04190715774893761
                ],
                [
                    0.5177260041236877,
                    0.8551647067070007,
                    -0.025553233921527863
                ],
                [
                    -0.022638680413365364,
                    0.043550752103328705,
                    0.9987946152687073
                ]
            ],
            [
                [
                    0.8628506064414978,
                    -0.5054508447647095,
                    -0.0028714046347886324
                ],
                [
                    0.5023053288459778,
                    0.8568196296691895,
                    0.11640258133411407
                ],
                [
                    -0.05637551099061966,
                    -0.10188036412000656,
                    0.9931979775428772
                ]
            ],
            [
                [
                    0.5968940258026123,
                    -0.7707188725471497,
                    -0.2229572832584381
                ],
                [
                    0.8023200035095215,
                    0.5734902024269104,
                    0.16550391912460327
                ],
                [
                    0.0003068288788199425,
                    -0.2776713967323303,
                    0.9606760144233704
                ]
            ],
            [
                [
                    0.9537758827209473,
                    -0.29259511828422546,
                    -0.06855475157499313
                ],
                [
                    0.28871771693229675,
                    0.9554604291915894,
                    -0.0611349418759346
                ],
                [
                    0.08338913321495056,
                    0.03851605951786041,
                    0.9957724809646606
                ]
            ],
            [
                [
                    0.862787127494812,
                    -0.33614107966423035,
                    0.37763404846191406
                ],
                [
                    0.36921441555023193,
                    0.929198682308197,
                    -0.016448868438601494
                ],
                [
                    -0.3453679084777832,
                    0.15361982583999634,
                    0.9258087873458862
                ]
            ],
            [
                [
                    0.749803364276886,
                    -0.6537097096443176,
                    -0.10226720571517944
                ],
                [
                    0.5853943824768066,
                    0.583365261554718,
                    0.5630261301994324
                ],
                [
                    -0.30839651823043823,
                    -0.48202550411224365,
                    0.8200872540473938
                ]
            ],
            [
                [
                    0.9277669787406921,
                    -0.36817580461502075,
                    -0.06078627333045006
                ],
                [
                    0.369409441947937,
                    0.883137583732605,
                    0.28914475440979004
                ],
                [
                    -0.052773453295230865,
                    -0.29071399569511414,
                    0.9553534984588623
                ]
            ],
            [
                [
                    0.8205254673957825,
                    -0.5709466934204102,
                    0.027530046179890633
                ],
                [
                    0.571503221988678,
                    0.8184891939163208,
                    -0.05881712958216667
                ],
                [
                    0.011048397980630398,
                    0.06399445980787277,
                    0.9978891015052795
                ]
            ],
            [
                [
                    0.7190220355987549,
                    -0.6777322292327881,
                    -0.15390361845493317
                ],
                [
                    0.6365585923194885,
                    0.5533455014228821,
                    0.53721684217453
                ],
                [
                    -0.2789272964000702,
                    -0.4842394292354584,
                    0.8292838931083679
                ]
            ],
            [
                [
                    0.9328417181968689,
                    -0.3337542712688446,
                    -0.13569986820220947
                ],
                [
                    0.3303276002407074,
                    0.9426600337028503,
                    -0.04770403727889061
                ],
                [
                    0.1438402682542801,
                    -0.00032510142773389816,
                    0.9896008372306824
                ]
            ],
            [
                [
                    0.9323201179504395,
                    0.1854470819234848,
                    0.3104652762413025
                ],
                [
                    0.12816575169563293,
                    0.6333409547805786,
                    -0.763185977935791
                ],
                [
                    -0.3381609618663788,
                    0.7513245940208435,
                    0.5667085647583008
                ]
            ],
            [
                [
                    0.8538432717323303,
                    -0.274959921836853,
                    -0.4419827163219452
                ],
                [
                    0.3946225345134735,
                    0.8956453204154968,
                    0.20516465604305267
                ],
                [
                    0.33944767713546753,
                    -0.3495948016643524,
                    0.8732461333274841
                ]
            ],
            [
                [
                    0.6354037523269653,
                    -0.7698119282722473,
                    -0.06042855978012085
                ],
                [
                    0.5217286348342896,
                    0.48569056391716003,
                    -0.7013585567474365
                ],
                [
                    0.5692638158798218,
                    0.41411855816841125,
                    0.7102425694465637
                ]
            ]
        ],
        "betas": [
            -0.08509951829910278,
            -0.07968199253082275,
            0.01388561725616455,
            -0.03665545582771301,
            0.04261833429336548,
            -0.025079194456338882,
            0.033619970083236694,
            -0.02357107400894165,
            -0.005383148789405823,
            -0.014875352382659912
        ]
    },
    "pred_cam_t": [
        -0.151722714304924,
        0.028737403452396393,
        4.4878106117248535
    ],
    "focal_length": [
        5000.0,
        5000.0
    ],
    "pred_keypoints_3d": [
        [
            0.09609498083591461,
            0.0064198533073067665,
            0.006226918660104275
        ],
        [
            0.10072161257266998,
            -0.027951672673225403,
            0.023474466055631638
        ],
        [
            0.09444470703601837,
            -0.052070699632167816,
            0.041749559342861176
        ],
        [
            0.10615087300539017,
            -0.06586016714572906,
            0.06205093115568161
        ],
        [
            0.112758569419384,
            -0.052590519189834595,
            0.09207145869731903
        ],
        [
            0.16088993847370148,
            -0.05081871896982193,
            0.03458697721362114
        ],
        [
            0.1875283122062683,
            -0.06904703378677368,
            0.04198653623461723
        ],
        [
            0.19290345907211304,
            -0.07551590353250504,
            0.06261824071407318
        ],
        [
            0.18999962508678436,
            -0.07622525095939636,
            0.08761321008205414
        ],
        [
            0.17736026644706726,
            -0.031837496906518936,
            0.03756268322467804
        ],
        [
            0.19727809727191925,
            -0.04089052975177765,
            0.060720108449459076
        ],
        [
            0.18938282132148743,
            -0.04107458516955376,
            0.0827329009771347
        ],
        [
            0.1787104457616806,
            -0.039297960698604584,
            0.10640779137611389
        ],
        [
            0.1747957170009613,
            -0.005209033377468586,
            0.04015301913022995
        ],
        [
            0.19271191954612732,
            -0.011670500040054321,
            0.062027446925640106
        ],
        [
            0.18440546095371246,
            -0.012387487106025219,
            0.08550192415714264
        ],
        [
            0.1735076904296875,
            -0.010109628550708294,
            0.10881558060646057
        ],
        [
            0.16820475459098816,
            0.015186813659965992,
            0.04483373835682869
        ],
        [
            0.1848333477973938,
            0.011628485284745693,
            0.057561613619327545
        ],
        [
            0.18322014808654785,
            0.010453381575644016,
            0.07651881128549576
        ],
        [
            0.17449524998664856,
            0.01050114817917347,
            0.09388592094182968
        ]
    ],
    "pred_vertices": [
        [
            0.12511052191257477,
            -0.03266299515962601,
            0.03568499535322189
        ],
        [
            0.1163368746638298,
            -0.028911691159009933,
            0.03487669304013252
        ],
        [
            0.1149803102016449,
            -0.038602959364652634,
            0.0408666729927063
        ],
        [
            0.12449449300765991,
            -0.04248146712779999,
            0.03994737192988396
        ],
        [
            0.09609420597553253,
            -0.025347601622343063,
            0.041271086782217026
        ],
        [
            0.08505967259407043,
            -0.02726152539253235,
            0.036055758595466614
        ],
        [
            0.08638819307088852,
            -0.03970132768154144,
            0.04548119008541107
        ],
        [
            0.09489017724990845,
            -0.03578778728842735,
            0.04909807816147804
        ],
        [
            0.12350557744503021,
            -0.05061185359954834,
            0.041503529995679855
        ],
        [
            0.11364052444696426,
            -0.045489341020584106,
            0.04514690116047859
        ],
        [
            0.12041190266609192,
            -0.05432110279798508,
            0.03799215331673622
        ],
        [
            0.1336018592119217,
            -0.05811294913291931,
            0.030134286731481552
        ],
        [
            0.13391974568367004,
            -0.05389481782913208,
            0.03624296188354492
        ],
        [
            0.143405944108963,
            -0.0589965283870697,
            0.02794281765818596
        ],
        [
            0.1307508796453476,
            -0.055962029844522476,
            0.019253678619861603
        ],
        [
            0.14736156165599823,
            -0.05508008599281311,
            0.019771287217736244
        ],
        [
            0.1432114690542221,
            -0.028161168098449707,
            0.0065321363508701324
        ],
        [
            0.14585210382938385,
            -0.014434482902288437,
            0.007047101855278015
        ],
        [
            0.16070517897605896,
            -0.019935203716158867,
            0.013279728591442108
        ],
        [
            0.1561727523803711,
            -0.03313690423965454,
            0.012995099648833275
        ],
        [
            0.15710988640785217,
            0.00037451833486557007,
            0.016634777188301086
        ],
        [
            0.16012221574783325,
            -0.010998577810823917,
            0.014977695420384407
        ],
        [
            0.1456533670425415,
            -0.005369849503040314,
            0.007634304463863373
        ],
        [
            0.14371860027313232,
            0.004579110071063042,
            0.009660989046096802
        ],
        [
            0.12491016089916229,
            -0.014858147129416466,
            0.03197046369314194
        ],
        [
            0.11624827980995178,
            -0.010214455425739288,
            0.02983769401907921
        ],
        [
            0.11697851121425629,
            -0.017345920205116272,
            0.030218686908483505
        ],
        [
            0.12459242343902588,
            -0.021141665056347847,
            0.032331425696611404
        ],
        [
            0.10807105898857117,
            -0.06021885573863983,
            0.038408972322940826
        ],
        [
            0.10993099957704544,
            -0.057957082986831665,
            0.026093987748026848
        ],
        [
            0.11696439981460571,
            -0.05743775516748428,
            0.030471261590719223
        ],
        [
            0.11044248938560486,
            -0.05724354088306427,
            0.04218793287873268
        ],
        [
            0.09374380111694336,
            0.009947258979082108,
            0.03015761822462082
        ],
        [
            0.08480891585350037,
            0.013173799961805344,
            0.020425811409950256
        ],
        [
            0.08349662274122238,
            0.0076155029237270355,
            0.018989121541380882
        ],
        [
            0.09255814552307129,
            0.005838584154844284,
            0.027763081714510918
        ],
        [
            0.08208967745304108,
            -0.012952934950590134,
            0.022130388766527176
        ],
        [
            0.07835079729557037,
            -0.008366495370864868,
            0.013959286734461784
        ],
        [
            0.07323328405618668,
            -0.014755696058273315,
            0.0025435686111450195
        ],
        [
            0.07759343832731247,
            -0.02113967388868332,
            0.007916901260614395
        ],
        [
            0.08470019698143005,
            -0.019725888967514038,
            0.029769986867904663
        ],
        [
            0.07896028459072113,
            -0.026708781719207764,
            0.01829560473561287
        ],
        [
            0.07993785291910172,
            -0.03316313773393631,
            0.02704990841448307
        ],
        [
            0.08205299079418182,
            -0.04546000808477402,
            0.039056673645973206
        ],
        [
            0.0891394391655922,
            0.025346852838993073,
            0.020587997511029243
        ],
        [
            0.09595265984535217,
            0.024784144014120102,
            0.02816793881356716
        ],
        [
            0.17858131229877472,
            -0.07210663706064224,
            0.051373984664678574
        ],
        [
            0.1811540573835373,
            -0.06714656949043274,
            0.053802549839019775
        ],
        [
            0.1787722110748291,
            -0.0659695565700531,
            0.05222444236278534
        ],
        [
            0.17687827348709106,
            -0.07098310440778732,
            0.05003725737333298
        ],
        [
            0.1049681305885315,
            0.03439266234636307,
            0.011660996824502945
        ],
        [
            0.10946347564458847,
            0.033297255635261536,
            0.0026015788316726685
        ],
        [
            0.1030045822262764,
            0.036544039845466614,
            0.001427285373210907
        ],
        [
            0.09790517389774323,
            0.03592189401388168,
            0.009391315281391144
        ],
        [
            0.11424526572227478,
            0.03221524506807327,
            0.014758698642253876
        ],
        [
            0.1180257499217987,
            0.02827637456357479,
            0.0047663114964962006
        ],
        [
            0.18704991042613983,
            -0.07796741276979446,
            0.043642185628414154
        ],
        [
            0.18257305026054382,
            -0.07839077711105347,
            0.046325549483299255
        ],
        [
            0.18117904663085938,
            -0.0766167938709259,
            0.042421795427799225
        ],
        [
            0.18528412282466888,
            -0.07502014935016632,
            0.03913040831685066
        ],
        [
            0.13374295830726624,
            -0.046188510954380035,
            0.03875816613435745
        ],
        [
            0.13346533477306366,
            -0.03615391254425049,
            0.03807786852121353
        ],
        [
            0.15291093289852142,
            -0.05067871883511543,
            0.04284429922699928
        ],
        [
            0.14520122110843658,
            -0.04341178387403488,
            0.04015663266181946
        ],
        [
            0.1423596739768982,
            -0.050230350345373154,
            0.03829307109117508
        ],
        [
            0.14938956499099731,
            -0.05527811497449875,
            0.03904874250292778
        ],
        [
            0.14612489938735962,
            -0.019339945167303085,
            0.03904986009001732
        ],
        [
            0.13573944568634033,
            -0.015415957197546959,
            0.035029638558626175
        ],
        [
            0.13595446944236755,
            -0.02224114164710045,
            0.035062044858932495
        ],
        [
            0.14658483862876892,
            -0.027999814599752426,
            0.03992382436990738
        ],
        [
            0.13632696866989136,
            -0.001627642661333084,
            0.038670483976602554
        ],
        [
            0.14669710397720337,
            -0.00659285020083189,
            0.041955675929784775
        ],
        [
            0.1459353268146515,
            0.0018215812742710114,
            0.043717265129089355
        ],
        [
            0.13824379444122314,
            0.003805609419941902,
            0.041928980499506
        ],
        [
            0.1638093739748001,
            -0.01789630763232708,
            0.046191614121198654
        ],
        [
            0.1704353541135788,
            -0.020944824442267418,
            0.04770774394273758
        ],
        [
            0.17125092446804047,
            -0.017638126388192177,
            0.048854269087314606
        ],
        [
            0.16393528878688812,
            -0.014260918833315372,
            0.046314939856529236
        ],
        [
            0.09688334167003632,
            0.03936123102903366,
            -0.0008494891226291656
        ],
        [
            0.09114805608987808,
            0.036543820053339005,
            0.006703674793243408
        ],
        [
            0.15290044248104095,
            0.020514318719506264,
            0.023770218715071678
        ],
        [
            0.14652207493782043,
            0.02742709591984749,
            0.030057059600949287
        ],
        [
            0.15840892493724823,
            0.02626517415046692,
            0.035596348345279694
        ],
        [
            0.16207285225391388,
            0.01913778856396675,
            0.027257826179265976
        ],
        [
            0.11243800073862076,
            0.0264508705586195,
            -0.004739653319120407
        ],
        [
            0.10692370682954788,
            0.0317675843834877,
            -0.006627731025218964
        ],
        [
            0.19209685921669006,
            -0.07422152161598206,
            0.04275262728333473
        ],
        [
            0.19010977447032928,
            -0.0710209310054779,
            0.038521092385053635
        ],
        [
            0.08320160955190659,
            -0.03767396882176399,
            0.014530336484313011
        ],
        [
            0.08413904905319214,
            -0.05082446709275246,
            0.030910421162843704
        ],
        [
            0.08244198560714722,
            -0.028341542929410934,
            0.00378568097949028
        ],
        [
            0.08124719560146332,
            -0.021708622574806213,
            -0.0033181942999362946
        ],
        [
            0.07707582414150238,
            -0.017041031271219254,
            -0.008634798228740692
        ],
        [
            0.15056584775447845,
            -0.039089612662792206,
            0.04260770604014397
        ],
        [
            0.13164551556110382,
            -0.02700326405465603,
            0.035174258053302765
        ],
        [
            0.1251296103000641,
            -0.009508920833468437,
            0.032548099756240845
        ],
        [
            0.12984195351600647,
            0.019107887521386147,
            0.04378096014261246
        ],
        [
            0.12000823765993118,
            0.022070081904530525,
            0.04061755910515785
        ],
        [
            0.12121780961751938,
            0.011419225484132767,
            0.040859729051589966
        ],
        [
            0.12985366582870483,
            0.011088453233242035,
            0.04299703240394592
        ],
        [
            0.14285337924957275,
            0.028209295123815536,
            0.03911064565181732
        ],
        [
            0.14130187034606934,
            0.02269952930510044,
            0.044836536049842834
        ],
        [
            0.15048328042030334,
            0.020795749500393867,
            0.04759354889392853
        ],
        [
            0.15325501561164856,
            0.026290591806173325,
            0.04291045665740967
        ],
        [
            0.10168382525444031,
            -0.06412335485219955,
            0.037111591547727585
        ],
        [
            0.10265578329563141,
            -0.058078013360500336,
            0.023227699100971222
        ],
        [
            0.09951291978359222,
            0.031817417591810226,
            0.02044246718287468
        ],
        [
            0.09263880550861359,
            0.031240716576576233,
            0.016782933846116066
        ],
        [
            0.08625148236751556,
            0.03261546790599823,
            0.011342614889144897
        ],
        [
            0.1048973873257637,
            -0.0012961812317371368,
            0.03030215948820114
        ],
        [
            0.09182992577552795,
            0.0029787980020046234,
            0.026189692318439484
        ],
        [
            0.09201035648584366,
            -0.0013683028519153595,
            0.026081878691911697
        ],
        [
            0.10606151074171066,
            -0.004828058183193207,
            0.029015766456723213
        ],
        [
            0.1082809641957283,
            -0.021691791713237762,
            0.035548288375139236
        ],
        [
            0.09646622836589813,
            -0.015125203877687454,
            0.03352338448166847
        ],
        [
            0.1070602536201477,
            -0.03082454204559326,
            0.0431603342294693
        ],
        [
            0.0803854689002037,
            0.0008610375225543976,
            0.01624571532011032
        ],
        [
            0.07495862990617752,
            0.010159526020288467,
            0.013567019253969193
        ],
        [
            0.07260734587907791,
            0.002146795392036438,
            0.01047305017709732
        ],
        [
            0.07825709134340286,
            0.01941620372235775,
            0.014399465173482895
        ],
        [
            0.0821351557970047,
            0.027493419125676155,
            0.013940034434199333
        ],
        [
            0.10191910713911057,
            0.03671665117144585,
            -0.011473599821329117
        ],
        [
            0.07189759612083435,
            -0.0053278543055057526,
            0.006644435226917267
        ],
        [
            0.09522715955972672,
            -0.04316684976220131,
            0.05270517244935036
        ],
        [
            0.09681738913059235,
            -0.04881244897842407,
            0.05564408376812935
        ],
        [
            0.10408832132816315,
            -0.047995880246162415,
            0.053166113793849945
        ],
        [
            0.10324083268642426,
            -0.044065818190574646,
            0.05060575157403946
        ],
        [
            0.15343575179576874,
            -0.06063225492835045,
            0.027160590514540672
        ],
        [
            0.15059174597263336,
            -0.05983544513583183,
            0.034377485513687134
        ],
        [
            0.14058779180049896,
            -0.05681562423706055,
            0.03385581448674202
        ],
        [
            0.10399147868156433,
            0.011512082070112228,
            0.03534292057156563
        ],
        [
            0.10535825043916702,
            0.024040462449193,
            0.03361443802714348
        ],
        [
            0.15872825682163239,
            -0.047263555228710175,
            0.04461658000946045
        ],
        [
            0.18320630490779877,
            -0.07254216074943542,
            0.03535405173897743
        ],
        [
            0.178679421544075,
            -0.07463326305150986,
            0.038870468735694885
        ],
        [
            0.16674216091632843,
            -0.06603457778692245,
            0.030928051099181175
        ],
        [
            0.17180973291397095,
            -0.06365267932415009,
            0.027018951252102852
        ],
        [
            0.17030967772006989,
            -0.04780158773064613,
            0.04244755953550339
        ],
        [
            0.16460172832012177,
            -0.05049201473593712,
            0.044615790247917175
        ],
        [
            0.16788648068904877,
            -0.05200411006808281,
            0.04415911063551903
        ],
        [
            0.17398083209991455,
            -0.04983580484986305,
            0.04360570013523102
        ],
        [
            0.16884088516235352,
            -0.008553951978683472,
            0.04893726482987404
        ],
        [
            0.16257315874099731,
            -0.005725014954805374,
            0.04715009406208992
        ],
        [
            0.16840149462223053,
            -0.03720075637102127,
            0.0223203357309103
        ],
        [
            0.16178220510482788,
            -0.04840437322854996,
            0.016971249133348465
        ],
        [
            0.15137827396392822,
            -0.045381560921669006,
            0.013565253466367722
        ],
        [
            0.14586681127548218,
            -0.011882822029292583,
            0.04001704230904579
        ],
        [
            0.15537983179092407,
            -0.014614681713283062,
            0.04382234811782837
        ],
        [
            0.15577635169029236,
            -0.010487731546163559,
            0.04441540688276291
        ],
        [
            0.15514181554317474,
            -0.037459712475538254,
            0.04358385503292084
        ],
        [
            0.162674680352211,
            -0.04269739240407944,
            0.04490894079208374
        ],
        [
            0.16070394217967987,
            -0.03635481745004654,
            0.04369613155722618
        ],
        [
            0.1545679271221161,
            -0.031767018139362335,
            0.042636364698410034
        ],
        [
            0.13519544899463654,
            0.029861127957701683,
            0.023602044209837914
        ],
        [
            0.13087527453899384,
            0.031131941825151443,
            0.034331779927015305
        ],
        [
            0.17932498455047607,
            -0.07620108872652054,
            0.048942551016807556
        ],
        [
            0.17781491577625275,
            -0.07497870922088623,
            0.046455007046461105
        ],
        [
            0.1356874406337738,
            -0.008193014189600945,
            0.03605107590556145
        ],
        [
            0.13893014192581177,
            -0.04007181525230408,
            0.009198494255542755
        ],
        [
            0.12526696920394897,
            -0.004029717296361923,
            0.03368073329329491
        ],
        [
            0.17264439165592194,
            0.0030931904911994934,
            0.032461587339639664
        ],
        [
            0.17234741151332855,
            0.0052744727581739426,
            0.03963259607553482
        ],
        [
            0.1757689267396927,
            0.0019056536257266998,
            0.04311741888523102
        ],
        [
            0.17874778807163239,
            0.00016737403348088264,
            0.03832489624619484
        ],
        [
            0.18512028455734253,
            -0.05679268389940262,
            0.04806819558143616
        ],
        [
            0.18133802711963654,
            -0.05975127965211868,
            0.05128873139619827
        ],
        [
            0.18290141224861145,
            -0.061218615621328354,
            0.05234217643737793
        ],
        [
            0.18782642483711243,
            -0.0590403750538826,
            0.04965434968471527
        ],
        [
            0.16031163930892944,
            -0.05444364994764328,
            0.043420419096946716
        ],
        [
            0.15679968893527985,
            -0.05882703885436058,
            0.03998095542192459
        ],
        [
            0.1626121550798416,
            -0.061289168894290924,
            0.04153740033507347
        ],
        [
            0.16532683372497559,
            -0.056481972336769104,
            0.04375619441270828
        ],
        [
            0.15835389494895935,
            -0.06252963095903397,
            0.03432001918554306
        ],
        [
            0.1631908118724823,
            -0.06496386229991913,
            0.03614634647965431
        ],
        [
            0.18878531455993652,
            -0.05719767138361931,
            0.04267429932951927
        ],
        [
            0.18998132646083832,
            -0.06215936690568924,
            0.036975543946027756
        ],
        [
            0.17961421608924866,
            -0.05274780094623566,
            0.030412375926971436
        ],
        [
            0.17929255962371826,
            -0.05065960809588432,
            0.0379628911614418
        ],
        [
            0.131436288356781,
            0.008664270862936974,
            0.0018363222479820251
        ],
        [
            0.13065150380134583,
            0.01902773417532444,
            0.006070423871278763
        ],
        [
            0.14289535582065582,
            0.015286333858966827,
            0.013882912695407867
        ],
        [
            0.15549957752227783,
            0.012299975380301476,
            0.02060725726187229
        ],
        [
            0.16692855954170227,
            0.008302254602313042,
            0.027618631720542908
        ],
        [
            0.16920603811740875,
            -0.002360757440328598,
            0.021753381937742233
        ],
        [
            0.14073169231414795,
            0.02267581783235073,
            0.01677488535642624
        ],
        [
            0.17158068716526031,
            -0.04077441617846489,
            0.03513604402542114
        ],
        [
            0.17146554589271545,
            -0.04542604833841324,
            0.026628289371728897
        ],
        [
            0.17208567261695862,
            -0.0390959195792675,
            0.02867482602596283
        ],
        [
            0.12556248903274536,
            0.002697627991437912,
            0.03703064098954201
        ],
        [
            0.17560328543186188,
            -0.07381007820367813,
            0.0432635098695755
        ],
        [
            0.09665162861347198,
            -0.01165442168712616,
            -0.016503937542438507
        ],
        [
            0.10313738137483597,
            -6.325915455818176e-05,
            -0.017874039709568024
        ],
        [
            0.1088847890496254,
            -0.005282681435346603,
            -0.013669338077306747
        ],
        [
            0.10122242569923401,
            -0.018183104693889618,
            -0.011334910988807678
        ],
        [
            0.17702333629131317,
            -0.06529386341571808,
            0.0513649508357048
        ],
        [
            0.1744387149810791,
            -0.07035471498966217,
            0.04843176528811455
        ],
        [
            0.16479885578155518,
            0.0006335433572530746,
            0.048829760402441025
        ],
        [
            0.1700366735458374,
            -0.002862844616174698,
            0.04950065165758133
        ],
        [
            0.17287985980510712,
            -0.00014534592628479004,
            0.04869098216295242
        ],
        [
            0.16925658285617828,
            0.004820222966372967,
            0.05014543980360031
        ],
        [
            0.12859664857387543,
            0.024219069629907608,
            0.008246645331382751
        ],
        [
            0.16609840095043182,
            0.02463812194764614,
            0.039478302001953125
        ],
        [
            0.16882844269275665,
            0.018816305324435234,
            0.03197633475065231
        ],
        [
            0.11991030722856522,
            0.02189413458108902,
            -0.0009117200970649719
        ],
        [
            0.12078391015529633,
            0.013073617592453957,
            -0.005206268280744553
        ],
        [
            0.11317985504865646,
            0.016817808151245117,
            -0.010091811418533325
        ],
        [
            0.17346027493476868,
            -0.01695866882801056,
            0.024325989186763763
        ],
        [
            0.13323551416397095,
            0.0002190917730331421,
            0.0004460848867893219
        ],
        [
            0.12145604938268661,
            0.005460985004901886,
            -0.006346605718135834
        ],
        [
            0.11238471418619156,
            0.00957741029560566,
            -0.012248121201992035
        ],
        [
            0.10636632889509201,
            0.0132699403911829,
            -0.0167880617082119
        ],
        [
            0.1077737957239151,
            0.02081230655312538,
            -0.01383988931775093
        ],
        [
            0.18745802342891693,
            -0.06766724586486816,
            0.03519771993160248
        ],
        [
            0.1937124878168106,
            -0.06524892151355743,
            0.040674395859241486
        ],
        [
            0.10253743082284927,
            0.02586367353796959,
            -0.01936928555369377
        ],
        [
            0.10078195482492447,
            0.017045550048351288,
            -0.021920453757047653
        ],
        [
            0.12087537348270416,
            -0.0037385523319244385,
            -0.007332552224397659
        ],
        [
            0.11895911395549774,
            -0.015201207250356674,
            -0.007221423089504242
        ],
        [
            0.1321951448917389,
            -0.008460715413093567,
            -0.0004863068461418152
        ],
        [
            0.13141223788261414,
            -0.02022029459476471,
            -1.6372650861740112e-05
        ],
        [
            0.1717323213815689,
            -0.025029800832271576,
            0.017404651269316673
        ],
        [
            0.19914740324020386,
            -0.07028375566005707,
            0.05769792199134827
        ],
        [
            0.19546523690223694,
            -0.06416825950145721,
            0.04886878281831741
        ],
        [
            0.1910514533519745,
            -0.06182084232568741,
            0.0519820973277092
        ],
        [
            0.19688507914543152,
            -0.06699669361114502,
            0.05952443927526474
        ],
        [
            0.1918807029724121,
            -0.06018921732902527,
            0.04550003260374069
        ],
        [
            0.19576093554496765,
            -0.0684952586889267,
            0.04505519941449165
        ],
        [
            0.12524667382240295,
            -0.03466632962226868,
            0.0034116022288799286
        ],
        [
            0.16725051403045654,
            -0.03983161970973015,
            0.04366990551352501
        ],
        [
            0.10923970490694046,
            -0.030293256044387817,
            -0.002143505960702896
        ],
        [
            0.11940758675336838,
            -0.051281675696372986,
            0.011780720204114914
        ],
        [
            0.10631360113620758,
            -0.047055523842573166,
            0.009714178740978241
        ],
        [
            0.09225601702928543,
            -0.026467319577932358,
            -0.006498292088508606
        ],
        [
            0.09274052083492279,
            -0.03892114385962486,
            0.004337236285209656
        ],
        [
            0.08440639823675156,
            -0.014521688222885132,
            -0.016004957258701324
        ],
        [
            0.08975876867771149,
            -0.019587509334087372,
            -0.011717870831489563
        ],
        [
            0.09146590530872345,
            -0.050452012568712234,
            0.017794139683246613
