{
    "pred_cam": [
        7.4822211265563965,
        0.1432986706495285,
        0.02536534145474434
    ],
    "pred_mano_params": {
        "global_orient": [
            [
                [
                    -0.8598681688308716,
                    0.311538428068161,
                    -0.40443867444992065
                ],
                [
                    0.4186244308948517,
                    -0.023154815658926964,
                    -0.9078642725944519
                ],
                [
                    -0.2921992838382721,
                    -0.9499514102935791,
                    -0.11050751060247421
                ]
            ]
        ],
        "hand_pose": [
            [
                [
                    0.9989564418792725,
                    -0.04548152908682823,
                    0.0041747018694877625
                ],
                [
                    0.04513047635555267,
                    0.9970073103904724,
                    0.0627671629190445
                ],
                [
                    -0.007016954477876425,
                    -0.06251326203346252,
                    0.9980194568634033
                ]
            ],
            [
                [
                    0.6404011845588684,
                    -0.7493467330932617,
                    0.16842131316661835
                ],
                [
                    0.7680391073226929,
                    0.6243860721588135,
                    -0.1423303484916687
                ],
                [
                    0.0014948648167774081,
                    0.22050268948078156,
                    0.9753851890563965
                ]
            ],
            [
                [
                    0.8500491380691528,
                    -0.5186563730239868,
                    0.09171723574399948
                ],
                [
                    0.5182749032974243,
                    0.8546946048736572,
                    0.029805127531290054
                ],
                [
                    -0.0938488319516182,
                    0.022198913618922234,
                    0.9953389763832092
                ]
            ],
            [
                [
                    0.8513790965080261,
                    -0.5131829977035522,
                    -0.10861258208751678
                ],
                [
                    0.5235887765884399,
                    0.8439355492591858,
                    0.11673769354820251
                ],
                [
                    0.03175419569015503,
                    -0.15625637769699097,
                    0.9872059226036072
                ]
            ],
            [
                [
                    0.5555573105812073,
                    -0.8034151792526245,
                    -0.21419624984264374
                ],
                [
                    0.8294563889503479,
                    0.517547607421875,
                    0.21011072397232056
                ],
                [
                    -0.05794939026236534,
                    -0.29439499974250793,
                    0.9539252519607544
                ]
            ],
            [
                [
                    0.9600555300712585,
                    -0.2791699767112732,
                    -0.018905868753790855
                ],
                [
                    0.2776292860507965,
                    0.9588164687156677,
                    -0.059941548854112625
                ],
                [
                    0.034861139953136444,
                    0.052298396825790405,
                    0.9980227947235107
                ]
            ],
            [
                [
                    0.8787338137626648,
                    -0.23971959948539734,
                    0.41274866461753845
                ],
                [
                    0.27846357226371765,
                    0.9597939252853394,
                    -0.035406265407800674
                ],
                [
                    -0.38766610622406006,
                    0.14604812860488892,
                    0.9101565480232239
                ]
            ],
            [
                [
                    0.7085925340652466,
                    -0.6897872090339661,
                    -0.14862793684005737
                ],
                [
                    0.5968385934829712,
                    0.4735468626022339,
                    0.6477168202400208
                ],
                [
                    -0.37640446424484253,
                    -0.5476741790771484,
                    0.7472434043884277
                ]
            ],
            [
                [
                    0.9071512222290039,
                    -0.42074328660964966,
                    -0.007204746827483177
                ],
                [
                    0.40657559037208557,
                    0.8719331622123718,
                    0.27281656861305237
                ],
                [
                    -0.10850364714860916,
                    -0.2504151165485382,
                    0.9620391726493835
                ]
            ],
            [
                [
                    0.8546532988548279,
                    -0.5191977024078369,
                    -0.0011956369271501899
                ],
                [
                    0.5184476971626282,
                    0.8535380363464355,
                    -0.0518149770796299
                ],
                [
                    0.0279227402061224,
                    0.04366396740078926,
                    0.9986559152603149
                ]
            ],
            [
                [
                    0.6308642625808716,
                    -0.7568897604942322,
                    -0.17067000269889832
                ],
                [
                    0.6972800493240356,
                    0.456581711769104,
                    0.552570104598999
                ],
                [
                    -0.3403097689151764,
                    -0.4676015377044678,
                    0.815805196762085
                ]
            ],
            [
                [
                    0.9303837418556213,
                    -0.3619116544723511,
                    -0.05836106836795807
                ],
                [
                    0.3612960875034332,
                    0.9322113394737244,
                    -0.021145077422261238
                ],
                [
                    0.0620574988424778,
                    -0.0014125937595963478,
                    0.998071551322937
                ]
            ],
            [
                [
                    0.9482053518295288,
                    0.10972554236650467,
                    0.2981051504611969
                ],
                [
                    0.18029069900512695,
                    0.5867584943771362,
                    -0.7894361615180969
                ],
                [
                    -0.261537104845047,
                    0.8022933602333069,
                    0.5365850329399109
                ]
            ],
            [
                [
                    0.9243524074554443,
                    -0.3108264207839966,
                    -0.22126811742782593
                ],
                [
                    0.37480947375297546,
                    0.8481998443603516,
                    0.3742658197879791
                ],
                [
                    0.07134786993265152,
                    -0.42888689041137695,
                    0.9005362391471863
                ]
            ],
            [
                [
                    0.7509064078330994,
                    -0.6521071195602417,
                    -0.10438384860754013
                ],
                [
                    0.49865058064460754,
                    0.6634868383407593,
                    -0.5577929615974426
                ],
                [
                    0.43299800157546997,
                    0.3667992055416107,
                    0.8233901262283325
                ]
            ]
        ],
        "betas": [
            -0.000740543007850647,
            -0.06476837396621704,
            0.053896963596343994,
            0.011672884225845337,
            0.06342524290084839,
            -0.004839543253183365,
            0.02663668990135193,
            -0.059563010931015015,
            -0.007587522268295288,
            0.006374061107635498
        ]
    },
    "pred_cam_t": [
        -0.1432986706495285,
        0.02536534145474434,
        5.220709323883057
    ],
    "focal_length": [
        5000.0,
        5000.0
    ],
    "pred_keypoints_3d": [
        [
            0.09568113833665848,
            0.006391828879714012,
            0.006196656264364719
        ],
        [
            0.10105952620506287,
            -0.02679828740656376,
            0.025097385048866272
        ],
        [
            0.09662728011608124,
            -0.04793406277894974,
            0.046997327357530594
        ],
        [
            0.10289214551448822,
            -0.06137209013104439,
            0.06965108215808868
        ],
        [
            0.10557959973812103,
            -0.05466723442077637,
            0.10256348550319672
        ],
        [
            0.16143670678138733,
            -0.04911113530397415,
            0.03462233394384384
        ],
        [
            0.18957871198654175,
            -0.0648905485868454,
            0.04146395996212959
        ],
        [
            0.194187730550766,
            -0.07035549730062485,
            0.062464579939842224
        ],
        [
            0.1889600157737732,
            -0.07181445509195328,
            0.08675244450569153
        ],
        [
            0.17798572778701782,
            -0.030129292979836464,
            0.03566325828433037
        ],
        [
            0.19904597103595734,
            -0.03486904874444008,
            0.058888521045446396
        ],
        [
            0.19018808007240295,
            -0.03444286808371544,
            0.08040749281644821
        ],
        [
            0.1785517781972885,
            -0.03359955921769142,
            0.10349670052528381
        ],
        [
            0.17559298872947693,
            -0.003512956202030182,
            0.0368039570748806
        ],
        [
            0.19573304057121277,
            -0.008584685623645782,
            0.05678847059607506
        ],
        [
            0.18697422742843628,
            -0.008928073570132256,
            0.07994885742664337
        ],
        [
            0.1748541295528412,
            -0.008404884487390518,
            0.10240674018859863
        ],
        [
            0.16929927468299866,
            0.017049815505743027,
            0.04056238383054733
        ],
        [
            0.18722814321517944,
            0.013018627651035786,
            0.050978854298591614
        ],
        [
            0.18559449911117554,
            0.011517859995365143,
            0.06980329751968384
        ],
        [
            0.17648951709270477,
            0.010507306084036827,
            0.08623352646827698
        ]
    ],
    "pred_vertices": [
        [
            0.12599976360797882,
            -0.030554119497537613,
            0.03657945618033409
        ],
        [
            0.11723873764276505,
            -0.02649107202887535,
            0.03592110797762871
        ],
        [
            0.11635515093803406,
            -0.035017576068639755,
            0.04295887053012848
        ],
        [
            0.12570931017398834,
            -0.03968355059623718,
            0.04170500114560127
        ],
        [
            0.09725154936313629,
            -0.0218912772834301,
            0.043056294322013855
        ],
        [
            0.08625982701778412,
            -0.024549607187509537,
            0.038636066019535065
        ],
        [
            0.08811052143573761,
            -0.03546413779258728,
            0.04941554367542267
        ],
        [
            0.09654368460178375,
            -0.031159203499555588,
            0.05246080458164215
        ],
        [
            0.1249464675784111,
            -0.047416530549526215,
            0.04457066208124161
        ],
        [
            0.11540362238883972,
            -0.041285328567028046,
            0.04838269203901291
        ],
        [
            0.1218574270606041,
            -0.05154728144407272,
            0.04307537525892258
        ],
        [
            0.1344638466835022,
            -0.05614014342427254,
            0.033171147108078
        ],
        [
            0.13489079475402832,
            -0.05159243568778038,
            0.03844238072633743
        ],
        [
            0.1440291553735733,
            -0.05733953416347504,
            0.029833415523171425
        ],
        [
            0.13126756250858307,
            -0.05481618270277977,
            0.02238924242556095
        ],
        [
            0.1476021558046341,
            -0.05396069586277008,
            0.0213431678712368
        ],
        [
            0.14253808557987213,
            -0.028147464618086815,
            0.006359025835990906
        ],
        [
            0.14513692259788513,
            -0.014471814036369324,
            0.005866549909114838
        ],
        [
            0.1602054387331009,
            -0.019662506878376007,
            0.011666521430015564
        ],
        [
            0.15573440492153168,
            -0.03278641030192375,
            0.012413498014211655
        ],
        [
            0.15667641162872314,
            0.0007456652820110321,
            0.014036066830158234
        ],
        [
            0.15963037312030792,
            -0.010668054223060608,
            0.012868838384747505
        ],
        [
            0.14495733380317688,
            -0.005428032949566841,
            0.0059262774884700775
        ],
        [
            0.14313174784183502,
            0.004591170698404312,
            0.007463764399290085
        ],
        [
            0.1255454570055008,
            -0.013394506648182869,
            0.03169858828186989
        ],
        [
            0.11681607365608215,
            -0.008872466161847115,
            0.029674377292394638
        ],
        [
            0.11758390069007874,
            -0.015796270221471786,
            0.03042483888566494
        ],
        [
            0.12527452409267426,
            -0.01953859068453312,
            0.032460447400808334
        ],
        [
            0.10900907218456268,
            -0.057399336248636246,
            0.04574140906333923
        ],
        [
            0.11136871576309204,
            -0.05595119297504425,
            0.03151894360780716
        ],
        [
            0.11839297413825989,
            -0.0552280992269516,
            0.035949986428022385
        ],
        [
            0.11139264702796936,
            -0.05427057296037674,
            0.049533016979694366
        ],
        [
            0.09448090195655823,
            0.011259695515036583,
            0.029912488535046577
        ],
        [
            0.08514200896024704,
            0.013965427875518799,
            0.02048083022236824
        ],
        [
            0.08373483270406723,
            0.008366968482732773,
            0.019402774050831795
        ],
        [
            0.09313111752271652,
            0.007025770843029022,
            0.027781173586845398
        ],
        [
            0.08251868188381195,
            -0.011824451386928558,
            0.023571189492940903
        ],
        [
            0.0782957598567009,
            -0.00786212831735611,
            0.015448683872818947
        ],
        [
            0.07274045050144196,
            -0.014824002981185913,
            0.004892874509096146
        ],
        [
            0.07742663472890854,
            -0.020887035876512527,
            0.010569291189312935
        ],
        [
            0.08553192019462585,
            -0.017910029739141464,
            0.03152090683579445
        ],
        [
            0.0795217901468277,
            -0.025769248604774475,
            0.021234197542071342
        ],
        [
            0.08113688230514526,
            -0.03123347833752632,
            0.030467338860034943
        ],
        [
            0.08380827307701111,
            -0.04159877449274063,
            0.04348668456077576
        ],
        [
            0.08951975405216217,
            0.026022430509328842,
            0.019727535545825958
        ],
        [
            0.0966370552778244,
            0.025849705561995506,
            0.02697009965777397
        ],
        [
            0.18031105399131775,
            -0.06812833994626999,
            0.0507318340241909
        ],
        [
            0.18248316645622253,
            -0.06296646595001221,
            0.053116656839847565
        ],
        [
            0.18040265142917633,
            -0.0620284229516983,
            0.051700033247470856
        ],
        [
            0.1788337081670761,
            -0.06721551716327667,
            0.049596674740314484
        ],
        [
            0.10482604801654816,
            0.03445202484726906,
            0.009588602930307388
        ],
        [
            0.10884532332420349,
            0.03283323347568512,
            0.0004308633506298065
        ],
        [
            0.10238253325223923,
            0.03603833541274071,
            -0.000604189932346344
        ],
        [
            0.09770406782627106,
            0.035902105271816254,
            0.007593929767608643
        ],
        [
            0.11418233066797256,
            0.03238580375909805,
            0.012348495423793793
        ],
        [
            0.11745315045118332,
            0.027910791337490082,
            0.0024603791534900665
        ],
        [
            0.18934868276119232,
            -0.07364028692245483,
            0.04346602410078049
        ],
        [
            0.18484148383140564,
            -0.07425636798143387,
            0.046021271497011185
        ],
        [
            0.1835700124502182,
            -0.0727597177028656,
            0.04221319407224655
        ],
        [
            0.18762819468975067,
            -0.07101191580295563,
            0.03897380083799362
        ],
        [
            0.1347145140171051,
            -0.04393060505390167,
            0.040043026208877563
        ],
        [
            0.1343548446893692,
            -0.034120410680770874,
            0.03866250813007355
        ],
        [
            0.1537735015153885,
            -0.04883379116654396,
            0.04313553869724274
        ],
        [
            0.14605994522571564,
            -0.0414220355451107,
            0.04052154719829559
        ],
        [
            0.14318381249904633,
            -0.04830995947122574,
            0.0392129048705101
        ],
        [
            0.1502547711133957,
            -0.053545162081718445,
            0.03973359242081642
        ],
        [
            0.1469743549823761,
            -0.01753685250878334,
            0.037985704839229584
        ],
        [
            0.13645580410957336,
            -0.013833306729793549,
            0.03426062688231468
        ],
        [
            0.13666746020317078,
            -0.0205942802131176,
            0.03467503935098648
        ],
        [
            0.14745965600013733,
            -0.02609005570411682,
            0.03932628035545349
        ],
        [
            0.13725444674491882,
            7.265061140060425e-05,
            0.03705768659710884
        ],
        [
            0.14772507548332214,
            -0.004706649109721184,
            0.040128450840711594
        ],
        [
            0.14709703624248505,
            0.0037618689239025116,
            0.041439034044742584
        ],
        [
            0.13934069871902466,
            0.005660041235387325,
            0.03988240659236908
        ],
        [
            0.1648518443107605,
            -0.0159143079072237,
            0.04405081272125244
        ],
        [
            0.17123034596443176,
            -0.01896156370639801,
            0.04527239501476288
        ],
        [
            0.1727752685546875,
            -0.015573030337691307,
            0.04628166928887367
        ],
        [
            0.16517752408981323,
            -0.01221101451665163,
            0.044049784541130066
        ],
        [
            0.09619653224945068,
            0.03875952214002609,
            -0.002728041261434555
        ],
        [
            0.09085580706596375,
            0.03641122579574585,
            0.00521257147192955
        ],
        [
            0.15289054811000824,
            0.02112302929162979,
            0.020185431465506554
        ],
        [
            0.14694839715957642,
            0.028422843664884567,
            0.026351172477006912
        ],
        [
            0.15901371836662292,
            0.02752182073891163,
            0.03143847733736038
        ],
        [
            0.1620238721370697,
            0.019916996359825134,
            0.023383546620607376
        ],
        [
            0.11143599450588226,
            0.025601830333471298,
            -0.006623256951570511
        ],
        [
            0.10587701201438904,
            0.030811123549938202,
            -0.00853673368692398
        ],
        [
            0.19416558742523193,
            -0.06963103264570236,
            0.04260104149580002
        ],
        [
            0.19228920340538025,
            -0.06680002063512802,
            0.03829772025346756
        ],
        [
            0.08390583097934723,
            -0.03709619119763374,
            0.018302254378795624
        ],
        [
            0.08568094670772552,
            -0.04787931218743324,
            0.03596881777048111
        ],
        [
            0.0821453407406807,
            -0.028705760836601257,
            0.006697915494441986
        ],
        [
            0.08047507703304291,
            -0.02242511510848999,
            -0.0008411891758441925
        ],
        [
            0.0760512575507164,
            -0.017896141856908798,
            -0.006250862032175064
        ],
        [
            0.15143199265003204,
            -0.03707413747906685,
            0.04246160015463829
        ],
        [
            0.13240213692188263,
            -0.025253253057599068,
            0.03528584912419319
        ],
        [
            0.12579619884490967,
            -0.008065596222877502,
            0.03195136785507202
        ],
        [
            0.1310853809118271,
            0.021011415868997574,
            0.041218362748622894
        ],
        [
            0.12114126980304718,
            0.023809446021914482,
            0.03835398331284523
        ],
        [
            0.122342050075531,
            0.013225900009274483,
            0.039151810109615326
        ],
        [
            0.13105544447898865,
            0.012997956946492195,
            0.04089275002479553
        ],
        [
            0.14378967881202698,
            0.029723376035690308,
            0.03548029437661171
        ],
        [
            0.14256896078586578,
            0.024580176919698715,
            0.041569486260414124
        ],
        [
            0.1519639641046524,
            0.02278699167072773,
            0.044056784361600876
        ],
        [
            0.1543935090303421,
            0.02796143852174282,
            0.03896472603082657
        ],
        [
            0.10230349004268646,
            -0.06093638390302658,
            0.04429565370082855
        ],
        [
            0.1039358526468277,
            -0.05610870197415352,
            0.028754958882927895
        ],
        [
            0.09983319789171219,
            0.0323839895427227,
            0.018708093091845512
        ],
        [
            0.09283344447612762,
            0.0316481813788414,
            0.015440845862030983
        ],
        [
            0.08620714396238327,
            0.03279115632176399,
            0.010271277278661728
        ],
        [
            0.10551147907972336,
            3.0159950256347656e-05,
            0.030070791020989418
        ],
        [
            0.09228632599115372,
            0.004086010158061981,
            0.02636394463479519
        ],
        [
            0.09244640916585922,
            -0.00022863224148750305,
            0.02636396512389183
        ],
        [
            0.10658088326454163,
            -0.003546830266714096,
            0.028848785907030106
        ],
        [
            0.10907134413719177,
            -0.019049637019634247,
            0.036177705973386765
        ],
        [
            0.09721502661705017,
            -0.012978412210941315,
            0.03418060019612312
        ],
        [
            0.1083320677280426,
            -0.026734083890914917,
            0.04491860419511795
        ],
        [
            0.08047192543745041,
            0.0014844425022602081,
            0.017137369140982628
        ],
        [
            0.07500100135803223,
            0.010643914341926575,
            0.014266852289438248
        ],
        [
            0.07249629497528076,
            0.002503570169210434,
            0.011735884472727776
        ],
        [
            0.07834293693304062,
            0.019879309460520744,
            0.014440743252635002
        ],
        [
            0.08222220093011856,
            0.027855951339006424,
            0.013340732082724571
        ],
        [
            0.10069473087787628,
            0.03549607843160629,
            -0.013390447944402695
        ],
        [
            0.07158823311328888,
            -0.005151722580194473,
            0.008419202640652657
        ],
        [
            0.09671450406312943,
            -0.03848668560385704,
            0.05743963643908501
        ],
        [
            0.09695248305797577,
            -0.04441158473491669,
            0.06165594980120659
        ],
        [
            0.10455846786499023,
            -0.04440256208181381,
            0.059834904968738556
        ],
        [
            0.10498610883951187,
            -0.03964359313249588,
            0.055833153426647186
        ],
        [
            0.15416093170642853,
            -0.059055596590042114,
            0.028188556432724
        ],
        [
            0.15147367119789124,
            -0.058146070688962936,
            0.03530343621969223
        ],
        [
            0.14135286211967468,
            -0.05492584779858589,
            0.035508912056684494
        ],
        [
            0.10493148118257523,
            0.013072680681943893,
            0.03449774533510208
        ],
        [
            0.106241874396801,
            0.025410816073417664,
            0.03197389841079712
        ],
        [
            0.1595298945903778,
            -0.04524194821715355,
            0.04453451186418533
        ],
        [
            0.1853782832622528,
            -0.06886203587055206,
            0.03519605100154877
        ],
        [
            0.18099386990070343,
            -0.07115593552589417,
            0.03879114240407944
        ],
        [
            0.1683444082736969,
            -0.06380318105220795,
            0.031081605702638626
        ],
        [
            0.1731274276971817,
            -0.06116003543138504,
            0.02699357457458973
        ],
        [
            0.17103099822998047,
            -0.045402441173791885,
            0.0420074388384819
        ],
        [
            0.16541780531406403,
            -0.04826228320598602,
            0.04445699602365494
        ],
        [
            0.16873158514499664,
            -0.04948847368359566,
            0.043948106467723846
        ],
        [
            0.17462342977523804,
            -0.04684507101774216,
            0.043166015297174454
        ],
        [
            0.17050929367542267,
            -0.006512421648949385,
            0.045982636511325836
        ],
        [
            0.16397586464881897,
            -0.0036624809727072716,
            0.04448626562952995
        ],
        [
            0.16837066411972046,
            -0.036363016813993454,
            0.021305488422513008
        ],
        [
            0.1615636944770813,
            -0.047491077333688736,
            0.01706625148653984
        ],
        [
            0.15114274621009827,
            -0.04478627070784569,
            0.014235196635127068
        ],
        [
            0.14678221940994263,
            -0.010068684816360474,
            0.03854169696569443
        ],
        [
            0.15643075108528137,
            -0.012619315646588802,
            0.042023759335279465
        ],
        [
            0.1569000482559204,
            -0.008476085029542446,
            0.042373672127723694
        ],
        [
            0.15603236854076385,
            -0.03538685292005539,
            0.04312077909708023
        ],
        [
            0.1634397655725479,
            -0.04057823866605759,
            0.04445870220661163
        ],
        [
            0.16165636479854584,
            -0.03437738120555878,
            0.04287644103169441
        ],
        [
            0.15552517771720886,
            -0.029730452224612236,
            0.041848454624414444
        ],
        [
            0.1353902518749237,
            0.030473550781607628,
            0.020296288654208183
        ],
        [
            0.1316383332014084,
            0.032370056957006454,
            0.03109792061150074
        ],
        [
            0.1813814342021942,
            -0.07222314178943634,
            0.04845413938164711
        ],
        [
            0.18006667494773865,
            -0.0712500587105751,
            0.04615561664104462
        ],
        [
            0.136471226811409,
            -0.006597192957997322,
            0.03486182168126106
        ],
        [
            0.13858765363693237,
            -0.039813440293073654,
            0.010232189670205116
        ],
        [
            0.12599937617778778,
            -0.0025602560490369797,
            0.0327473022043705
        ],
        [
            0.17297694087028503,
            0.004365532658994198,
            0.028709834441542625
        ],
        [
            0.17323851585388184,
            0.006894894875586033,
            0.035398684442043304
        ],
        [
            0.1768745481967926,
            0.003730710130184889,
            0.03891737014055252
        ],
        [
            0.17947618663311005,
            0.0018339483067393303,
            0.03410603106021881
        ],
        [
            0.18622763454914093,
            -0.052649881690740585,
            0.04747825860977173
        ],
        [
            0.18271991610527039,
            -0.05579780787229538,
            0.05081638693809509
        ],
        [
            0.1842038482427597,
            -0.05701669305562973,
            0.0516890250146389
        ],
        [
            0.18902179598808289,
            -0.054601605981588364,
            0.048998259007930756
        ],
        [
            0.16135358810424805,
            -0.05248333141207695,
            0.0434863343834877
        ],
        [
            0.15795336663722992,
            -0.05705844983458519,
            0.040281686931848526
        ],
        [
            0.16410215198993683,
            -0.059165019541978836,
            0.041658639907836914
        ],
        [
            0.16650649905204773,
            -0.054146792739629745,
            0.04370259493589401
        ],
        [
            0.1596105545759201,
            -0.060741592198610306,
            0.03469188138842583
        ],
        [
            0.16485244035720825,
            -0.0628528818488121,
            0.03634527325630188
        ],
        [
            0.18990451097488403,
            -0.05293191969394684,
            0.04208414629101753
        ],
        [
            0.19147394597530365,
            -0.05800499767065048,
            0.036556050181388855
        ],
        [
            0.18019555509090424,
            -0.04961699992418289,
            0.029890427365899086
        ],
        [
            0.17984968423843384,
            -0.047302670776844025,
            0.03740211948752403
        ],
        [
            0.13058818876743317,
            0.008230963721871376,
            3.4011900424957275e-05
        ],
        [
            0.1300322711467743,
            0.018770752474665642,
            0.0036887191236019135
        ],
        [
            0.1425372213125229,
            0.015465009957551956,
            0.011081360280513763
        ],
        [
            0.15528130531311035,
            0.012821614742279053,
            0.017360534518957138
        ],
        [
            0.16690270602703094,
            0.009264674969017506,
            0.02406400814652443
        ],
        [
            0.1688237190246582,
            -0.0016924161463975906,
            0.0187367033213377
        ],
        [
            0.14054304361343384,
            0.022961469367146492,
            0.013644058257341385
        ],
        [
            0.1724519580602646,
            -0.03928401321172714,
            0.03425811603665352
        ],
        [
            0.1716897040605545,
            -0.04372559115290642,
            0.026057235896587372
        ],
        [
            0.17266055941581726,
            -0.03799690306186676,
            0.02772190421819687
        ],
        [
            0.12647156417369843,
            0.004317929968237877,
            0.03566426783800125
        ],
        [
            0.177919402718544,
            -0.07044115662574768,
            0.04322236776351929
        ],
        [
            0.09513188898563385,
            -0.013007771223783493,
            -0.015387680381536484
        ],
        [
            0.10150886327028275,
            -0.0014820806682109833,
            -0.0177466943860054
        ],
        [
            0.10741408914327621,
            -0.0064984336495399475,
            -0.013520445674657822
        ],
        [
            0.09994614869356155,
            -0.01936374604701996,
            -0.010060872882604599
        ],
        [
            0.1788579821586609,
            -0.061671823263168335,
            0.051108893007040024
        ],
        [
            0.17659588158130646,
            -0.06694380193948746,
            0.04831333085894585
        ],
        [
            0.16637647151947021,
            0.002760734409093857,
            0.04559413716197014
        ],
        [
            0.1716862916946411,
            -0.0007832180708646774,
            0.046026475727558136
        ],
        [
            0.17442454397678375,
            0.0018643531948328018,
            0.04477394372224808
        ],
        [
            0.17097459733486176,
            0.006889828480780125,
            0.046183981001377106
        ],
        [
            0.12810131907463074,
            0.024042988196015358,
            0.005658116191625595
        ],
        [
            0.16705329716205597,
            0.026056360453367233,
            0.034808557480573654
        ],
        [
            0.16902773082256317,
            0.01997978240251541,
            0.027595728635787964
        ],
        [
            0.11903689801692963,
            0.021259360015392303,
            -0.0029122084379196167
        ],
        [
            0.11968567967414856,
            0.012246757745742798,
            -0.0067206695675849915
        ],
        [
            0.11191313713788986,
            0.015732746571302414,
            -0.011448986828327179
        ],
        [
            0.17340457439422607,
            -0.016102198511362076,
            0.021769138053059578
        ],
        [
            0.13229376077651978,
            -0.0002458076924085617,
            -0.0009495839476585388
        ],
        [
            0.12028555572032928,
            0.004615472629666328,
            -0.007452826946973801
        ],
        [
            0.11099664121866226,
            0.00841686874628067,
            -0.013133741915225983
        ],
        [
            0.10480556637048721,
            0.011854425072669983,
            -0.017588231712579727
        ],
        [
            0.10635405778884888,
            0.019520670175552368,
            -0.015133056789636612
        ],
        [
            0.1893249899148941,
            -0.06373050063848495,
            0.034900128841400146
        ],
        [
            0.19549797475337982,
            -0.06073097884654999,
            0.04031985253095627
        ],
        [
            0.10090779513120651,
            0.024258732795715332,
            -0.02066843956708908
        ],
        [
            0.09901446104049683,
            0.015344653278589249,
            -0.0226314477622509
        ],
        [
            0.11963239312171936,
            -0.004604138433933258,
            -0.007860925048589706
        ],
        [
            0.11775857210159302,
            -0.01608363166451454,
            -0.0069663748145103455
        ],
        [
            0.13120907545089722,
            -0.008936161175370216,
            -0.0013231076300144196
        ],
        [
            0.13047896325588226,
            -0.020624374970793724,
            -0.00010307878255844116
        ],
        [
            0.1714262217283249,
            -0.024587087333202362,
            0.015423797070980072
        ],
        [
            0.20019757747650146,
            -0.06475258618593216,
            0.05767863988876343
        ],
        [
            0.19672445952892303,
            -0.05917809158563614,
            0.048581019043922424
        ],
        [
            0.192056804895401,
            -0.05706294625997543,
            0.051473215222358704
        ],
        [
            0.19764181971549988,
            -0.061662569642066956,
            0.05939215421676636
        ],
        [
            0.19320373237133026,
            -0.0556265190243721,
            0.04497472941875458
        ],
        [
            0.197408065199852,
            -0.06358854472637177,
            0.04486836865544319
        ],
        [
            0.12471190094947815,
            -0.034864600747823715,
            0.004748497158288956
        ],
        [
            0.16829271614551544,
            -0.038025133311748505,
            0.04286998137831688
        ],
        [
            0.1085263043642044,
            -0.03106209821999073,
            -0.0003405474126338959
        ],
        [
            0.11983480304479599,
            -0.050712693482637405,
            0.015162257477641106
        ],
        [
            0.10666777193546295,
            -0.046769723296165466,
            0.013274678960442543
        ],
        [
            0.09132510423660278,
            -0.027581922709941864,
            -0.004174370318651199
        ],
        [
            0.09267484396696091,
            -0.039323531091213226,
            0.0077660828828811646
        ],
        [
            0.08297310024499893,
            -0.015820037573575974,
            -0.014098979532718658
        ],
        [
            0.08850672841072083,
            -0.02080516889691353,
            -0.009755954146385193
        ],
        [
            0.09262116253376007,
            -0.04921210557222366,
            0.022636741399765015
        ],
