{
    "pred_cam": [
        7.209714412689209,
        0.08387518674135208,
        -0.07561513781547546
    ],
    "pred_mano_params": {
        "global_orient": [
            [
                [
                    0.43436965346336365,
                    -0.8871407508850098,
                    0.15589861571788788
                ],
                [
                    -0.8971760272979736,
                    -0.44149404764175415,
                    -0.012580718845129013
                ],
                [
                    0.07998917251825333,
                    -0.13440380990505219,
                    -0.9876930117607117
                ]
            ]
        ],
        "hand_pose": [
            [
                [
                    0.785433292388916,
                    -0.5808467864990234,
                    -0.21380263566970825
                ],
                [
                    0.5713692307472229,
                    0.8132392168045044,
                    -0.11035886406898499
                ],
                [
                    0.23797430098056793,
                    -0.03548073023557663,
                    0.9706231355667114
                ]
            ],
            [
                [
                    0.8330228328704834,
                    -0.5103197693824768,
                    0.21365107595920563
                ],
                [
                    0.5483773350715637,
                    0.8127297163009644,
                    -0.19685707986354828
                ],
                [
                    -0.07318053394556046,
                    0.2811478078365326,
                    0.9568701982498169
                ]
            ],
            [
                [
                    0.8439062237739563,
                    -0.5232345461845398,
                    -0.11852383613586426
                ],
                [
                    0.5222086906433105,
                    0.8517797589302063,
                    -0.042062900960445404
                ],
                [
                    0.12296497821807861,
                    -0.026397036388516426,
                    0.9920598268508911
                ]
            ],
            [
                [
                    0.49008601903915405,
                    -0.8544122576713562,
                    -0.17261402308940887
                ],
                [
                    0.8711662888526917,
                    0.4733418822288513,
                    0.13044856488704681
                ],
                [
                    -0.029751375317573547,
                    -0.21430650353431702,
                    0.9763134121894836
                ]
            ],
            [
                [
                    0.8754202127456665,
                    -0.446527361869812,
                    -0.18507520854473114
                ],
                [
                    0.4820072054862976,
                    0.8350936770439148,
                    0.2651180326938629
                ],
                [
                    0.036172714084386826,
                    -0.321297287940979,
                    0.9462872743606567
                ]
            ],
            [
                [
                    0.9107192158699036,
                    -0.4111301898956299,
                    -0.03952714055776596
                ],
                [
                    0.412098228931427,
                    0.9109136462211609,
                    0.020282385870814323
                ],
                [
                    0.027667110785841942,
                    -0.03476062789559364,
                    0.9990125894546509
                ]
            ],
            [
                [
                    0.34726518392562866,
                    -0.8671970963478088,
                    0.3568980395793915
                ],
                [
                    0.5667043924331665,
                    0.497292697429657,
                    0.6569217443466187
                ],
                [
                    -0.7471633553504944,
                    -0.025870339944958687,
                    0.6641368269920349
                ]
            ],
            [
                [
                    0.8798540830612183,
                    -0.41532987356185913,
                    -0.2309933304786682
                ],
                [
                    0.4740854799747467,
                    0.8009734749794006,
                    0.3656288981437683
                ],
                [
                    0.0331629179418087,
                    -0.4312106668949127,
                    0.9016416668891907
                ]
            ],
            [
                [
                    0.910061776638031,
                    -0.3412865996360779,
                    0.235182985663414
                ],
                [
                    0.2950417399406433,
                    0.9319580793380737,
                    0.21072359383106232
                ],
                [
                    -0.29109784960746765,
                    -0.12238267809152603,
                    0.9488332271575928
                ]
            ],
            [
                [
                    0.3833300769329071,
                    -0.9088453054428101,
                    0.16449415683746338
                ],
                [
                    0.8708431720733643,
                    0.4149879813194275,
                    0.2634713053703308
                ],
                [
                    -0.3077177405357361,
                    0.04225213825702667,
                    0.9505390524864197
                ]
            ],
            [
                [
                    0.9102451801300049,
                    -0.3848777711391449,
                    -0.15271779894828796
                ],
                [
                    0.4117569327354431,
                    0.8024216890335083,
                    0.43194398283958435
                ],
                [
                    -0.04370156303048134,
                    -0.456057608127594,
                    0.8888765573501587
                ]
            ],
            [
                [
                    0.927324116230011,
                    -0.36803966760635376,
                    0.067947156727314
                ],
                [
                    0.35301855206489563,
                    0.920450747013092,
                    0.16777463257312775
                ],
                [
                    -0.12428972870111465,
                    -0.13159485161304474,
                    0.9834809899330139
                ]
            ],
            [
                [
                    0.9645115733146667,
                    -0.15585178136825562,
                    -0.21313752233982086
                ],
                [
                    -0.16439726948738098,
                    0.27720025181770325,
                    -0.9466432332992554
                ],
                [
                    0.2066178172826767,
                    0.9480876326560974,
                    0.24174124002456665
                ]
            ],
            [
                [
                    0.9612234234809875,
                    -0.2575012743473053,
                    -0.09870573878288269
                ],
                [
                    0.2573908567428589,
                    0.7092359066009521,
                    0.6563035845756531
                ],
                [
                    -0.09899334609508514,
                    -0.6562601923942566,
                    0.7480126619338989
                ]
            ],
            [
                [
                    0.9475876092910767,
                    0.2756493389606476,
                    0.16154047846794128
                ],
                [
                    -0.2798742651939392,
                    0.9600300788879395,
                    0.0035513672046363354
                ],
                [
                    -0.1541047990322113,
                    -0.04857625067234039,
                    0.9868597388267517
                ]
            ]
        ],
        "betas": [
            -0.10256344079971313,
            -0.048554927110672,
            -0.030493944883346558,
            0.018566936254501343,
            0.023976117372512817,
            -0.0380103662610054,
            0.05251839756965637,
            -0.025967657566070557,
            -0.026666805148124695,
            -0.009138613939285278
        ]
    },
    "pred_cam_t": [
        -0.08387518674135208,
        -0.07561513781547546,
        5.418036937713623
    ],
    "focal_length": [
        5000.0,
        5000.0
    ],
    "pred_keypoints_3d": [
        [
            0.09620149433612823,
            0.006428733933717012,
            0.006217999383807182
        ],
        [
            0.10361539572477341,
            0.03472265973687172,
            -0.019266335293650627
        ],
        [
            0.110405333340168,
            0.0648803636431694,
            -0.021182775497436523
        ],
        [
            0.11068939417600632,
            0.09211187064647675,
            -0.02104092203080654
        ],
        [
            0.10890048742294312,
            0.12463422864675522,
            -0.03764430433511734
        ],
        [
            0.06558956205844879,
            0.08796095103025436,
            -0.020667484030127525
        ],
        [
            0.06624644994735718,
            0.12065915763378143,
            -0.015141487121582031
        ],
        [
            0.08173009753227234,
            0.13594281673431396,
            -0.010185851715505123
        ],
        [
            0.10349433124065399,
            0.14332856237888336,
            0.0006600581109523773
        ],
        [
            0.055646639317274094,
            0.09251756221055984,
            0.002175631932914257
        ],
        [
            0.07203454524278641,
            0.11887237429618835,
            0.009397218003869057
        ],
        [
            0.09373253583908081,
            0.12664903700351715,
            0.013410689309239388
        ],
        [
            0.11938203126192093,
            0.12977111339569092,
            0.01573653519153595
        ],
        [
            0.05983257293701172,
            0.08224833011627197,
            0.026696622371673584
        ],
        [
            0.07693059742450714,
            0.10563461482524872,
            0.0250546894967556
        ],
        [
            0.10080702602863312,
            0.11218580603599548,
            0.02800852432847023
        ],
        [
            0.12615180015563965,
            0.11518164724111557,
            0.027086704969406128
        ],
        [
            0.06825214624404907,
            0.07345286011695862,
            0.04495271295309067
        ],
        [
            0.08028608560562134,
            0.09071698784828186,
            0.04209539294242859
        ],
        [
            0.09853318333625793,
            0.09625633805990219,
            0.042406417429447174
        ],
        [
            0.11642294377088547,
            0.09630431234836578,
            0.03746291995048523
        ]
    ],
    "pred_vertices": [
        [
            0.09164369106292725,
            0.05839994177222252,
            -0.011216565035283566
        ],
        [
            0.09655077755451202,
            0.04872355982661247,
            -0.009057008661329746
        ],
        [
            0.09782293438911438,
            0.05691599100828171,
            -0.011425908654928207
        ],
        [
            0.0927945077419281,
            0.06493356823921204,
            -0.016454286873340607
        ],
        [
            0.11496251821517944,
            0.045021310448646545,
            -0.00512545183300972
        ],
        [
            0.12227770686149597,
            0.040314462035894394,
            -0.01332124788314104
        ],
        [
            0.12210343033075333,
            0.05707127973437309,
            -0.014461319893598557
        ],
        [
            0.1167851984500885,
            0.058797437697649,
            -0.006254103034734726
        ],
        [
            0.0923849493265152,
            0.07032643258571625,
            -0.02001296356320381
        ],
        [
            0.09948845207691193,
            0.06446146965026855,
            -0.012974769808351994
        ],
        [
            0.0912705585360527,
            0.07098157703876495,
            -0.02164565771818161
        ],
        [
            0.07898959517478943,
            0.07285448163747787,
            -0.030461881309747696
        ],
        [
            0.08373870700597763,
            0.07428132742643356,
            -0.02608548477292061
        ],
        [
            0.07149326801300049,
            0.07689885795116425,
            -0.032156284898519516
        ],
        [
            0.07450001686811447,
            0.06364705413579941,
            -0.03327764570713043
        ],
        [
            0.06286242604255676,
            0.07310465723276138,
            -0.030815409496426582
        ],
        [
            0.059905312955379486,
            0.04931287467479706,
            -0.012534065172076225
        ],
        [
            0.05856504663825035,
            0.04576992988586426,
            0.0008771427674219012
        ],
        [
            0.05036717653274536,
            0.06185395270586014,
            0.001872756751254201
        ],
        [
            0.053552623838186264,
            0.06406644731760025,
            -0.01170255709439516
        ],
        [
            0.05557384714484215,
            0.05412457510828972,
            0.020974956452846527
        ],
        [
            0.05232658237218857,
            0.05913519859313965,
            0.01055331900715828
        ],
        [
            0.0592520646750927,
            0.042531292885541916,
            0.00941459834575653
        ],
        [
            0.062064822763204575,
            0.038899015635252,
            0.018693042919039726
        ],
        [
            0.09129342436790466,
            0.04985123127698898,
            0.002101574558764696
        ],
        [
            0.09664669632911682,
            0.04040667414665222,
            0.0031514358706772327
        ],
        [
            0.09563577175140381,
            0.04235263913869858,
            -0.0026601022109389305
        ],
        [
            0.09129039943218231,
            0.05181015655398369,
            -0.0033033820800483227
        ],
        [
            0.09816758334636688,
            0.07263056933879852,
            -0.025620389729738235
        ],
        [
            0.09209979325532913,
            0.06143105775117874,
            -0.032936811447143555
        ],
        [
            0.08909349888563156,
            0.06685159355401993,
            -0.028252707794308662
        ],
        [
            0.09870870411396027,
            0.07452613115310669,
            -0.02020234800875187
        ],
        [
            0.11408445239067078,
            0.020051129162311554,
            0.015723850578069687
        ],
        [
            0.11423110216856003,
            0.006585247814655304,
            0.013500211760401726
        ],
        [
            0.11429446190595627,
            0.006881333887577057,
            0.0075210826471447945
        ],
        [
            0.1136426255106926,
            0.018931381404399872,
            0.010614192113280296
        ],
        [
            0.11904679238796234,
            0.017622441053390503,
            -0.01087829377502203
        ],
        [
            0.11592397093772888,
            0.007229536771774292,
            -0.010586814023554325
        ],
        [
            0.11182346940040588,
            -0.00021535158157348633,
            -0.020661305636167526
        ],
        [
            0.11325518786907196,
            0.010487310588359833,
            -0.023531531915068626
        ],
        [
            0.12090087682008743,
            0.029210016131401062,
            -0.012332477606832981
        ],
        [
            0.11889403313398361,
            0.023547105491161346,
            -0.02431231550872326
        ],
        [
            0.12169976532459259,
            0.03708834946155548,
            -0.024004096165299416
        ],
        [
            0.12154071033000946,
            0.05542094260454178,
            -0.023471146821975708
        ],
        [
            0.11117810010910034,
            0.004544086754322052,
            0.025862254202365875
        ],
        [
            0.11119772493839264,
            0.014248892664909363,
            0.029446031898260117
        ],
        [
            0.07856058329343796,
            0.1192869022488594,
            -0.018345778807997704
        ],
        [
            0.07893707603216171,
            0.11899685859680176,
            -0.012354337610304356
        ],
        [
            0.07825818657875061,
            0.11516539007425308,
            -0.013502794317901134
        ],
        [
            0.07773226499557495,
            0.11641990393400192,
            -0.01922628842294216
        ],
        [
            0.09346212446689606,
            0.004501670598983765,
            0.03595428541302681
        ],
        [
            0.08412256836891174,
            0.0014500170946121216,
            0.03348122164607048
        ],
        [
            0.08815953880548477,
            -0.00460776686668396,
            0.03432768955826759
        ],
        [
            0.09723993390798569,
            -0.0020102038979530334,
            0.03472015634179115
        ],
        [
            0.08845819532871246,
            0.013082161545753479,
            0.037558574229478836
        ],
        [
            0.07903733849525452,
            0.010138817131519318,
            0.031928036361932755
        ],
        [
            0.0684266984462738,
            0.12651367485523224,
            -0.021845128387212753
        ],
        [
            0.07290833443403244,
            0.12431265413761139,
            -0.02328825742006302
        ],
        [
            0.0698193609714508,
            0.12078782171010971,
            -0.024289393797516823
        ],
        [
            0.06514348834753036,
            0.1217939555644989,
            -0.022146979346871376
        ],
        [
            0.08697104454040527,
            0.07206989079713821,
            -0.020358659327030182
        ],
        [
            0.08776479959487915,
            0.0673886239528656,
            -0.012615695595741272
        ],
        [
            0.07797309756278992,
            0.08603599667549133,
            -0.02015773393213749
        ],
        [
            0.08065002411603928,
            0.07867064327001572,
            -0.01640290394425392
        ],
        [
            0.0808856189250946,
            0.07822765409946442,
            -0.023417428135871887
        ],
        [
            0.07742641866207123,
            0.0841139629483223,
            -0.026059020310640335
        ],
        [
            0.0799645259976387,
            0.06934495270252228,
            0.005550510250031948
        ],
        [
            0.08520551025867462,
            0.05891183763742447,
            0.0052572074346244335
        ],
        [
            0.08485911786556244,
            0.06166926026344299,
            -0.0008558458648622036
        ],
        [
            0.08006050437688828,
            0.07362768054008484,
            -0.002038070000708103
        ],
        [
            0.08747604489326477,
            0.05616726353764534,
            0.01906033791601658
        ],
        [
            0.08163899928331375,
            0.06634896248579025,
            0.018175551667809486
        ],
        [
            0.08356799930334091,
            0.06342032551765442,
            0.026106126606464386
        ],
        [
            0.08830733597278595,
            0.057235538959503174,
            0.025465000420808792
        ],
        [
            0.07152416557073593,
            0.08315294981002808,
            0.013209978118538857
        ],
        [
            0.0688328668475151,
            0.08753005415201187,
            0.012183552607893944
        ],
        [
            0.06995758414268494,
            0.08688316494226456,
            0.01528942957520485
        ],
        [
            0.07212331891059875,
            0.08170750737190247,
            0.01663495972752571
        ],
        [
            0.09122952818870544,
            -0.011062100529670715,
            0.03457258269190788
        ],
        [
            0.1005067229270935,
            -0.008281446993350983,
            0.03265774995088577
        ],
        [
            0.06363580375909805,
            0.04826003685593605,
            0.04080471396446228
        ],
        [
            0.07292520254850388,
            0.04516836628317833,
            0.04668350890278816
        ],
        [
            0.06801639497280121,
            0.05780104920268059,
            0.05009184032678604
        ],
        [
            0.05815797299146652,
            0.057862233370542526,
            0.042978398501873016
        ],
        [
            0.0769600048661232,
            0.0009448379278182983,
            0.02589842863380909
        ],
        [
            0.07986370474100113,
            -0.005832374095916748,
            0.02867496758699417
        ],
        [
            0.06502510607242584,
            0.12771663069725037,
            -0.016780011355876923
        ],
        [
            0.062258753925561905,
            0.12238417565822601,
            -0.016833016648888588
        ],
        [
            0.11224788427352905,
            0.03189332038164139,
            -0.03348810598254204
        ],
        [
            0.11592772603034973,
            0.05375340208411217,
            -0.03153005987405777
        ],
        [
            0.1073242723941803,
            0.015627436339855194,
            -0.031365182250738144
        ],
        [
            0.10267997533082962,
            0.004874438047409058,
            -0.027698496356606483
        ],
        [
            0.10127793252468109,
            -0.004406288266181946,
            -0.025470241904258728
        ],
        [
            0.07859010994434357,
            0.08129063248634338,
            -0.01067258045077324
        ],
        [
            0.08780157566070557,
            0.06080164015293121,
            -0.006023692432790995
        ],
        [
            0.09171681106090546,
            0.04849262535572052,
            0.0071351174265146255
        ],
        [
            0.09592963755130768,
            0.04740539565682411,
            0.03798402100801468
        ],
        [
            0.10123172402381897,
            0.038377076387405396,
            0.037234023213386536
        ],
        [
            0.10052353888750076,
            0.04352292791008949,
            0.027698436751961708
        ],
        [
            0.09546010941267014,
            0.05012338608503342,
            0.030271630734205246
        ],
        [
            0.08226992189884186,
            0.04840676859021187,
            0.048830702900886536
        ],
        [
            0.08774296939373016,
            0.053038790822029114,
            0.044771719723939896
        ],
        [
            0.08320501446723938,
            0.0601264089345932,
            0.04583049193024635
        ],
        [
            0.07721080631017685,
            0.05789530277252197,
            0.05059341341257095
        ],
        [
            0.1022508293390274,
            0.07183624804019928,
            -0.03169511258602142
        ],
        [
            0.09681296348571777,
            0.057222142815589905,
            -0.03668680042028427
        ],
        [
            0.10336363315582275,
            0.008271753787994385,
            0.03465977683663368
        ],
        [
            0.10606493800878525,
            0.0017306879162788391,
            0.031156469136476517
        ],
        [
            0.10720174014568329,
            -0.006528891623020172,
            0.02904568612575531
        ],
        [
            0.1060471311211586,
            0.030336305499076843,
            0.007931187748908997
        ],
        [
            0.1134490817785263,
            0.01818171888589859,
            0.0070095062255859375
        ],
        [
            0.11364525556564331,
            0.019385121762752533,
            0.0027100383304059505
        ],
        [
            0.10447028279304504,
            0.030368495732545853,
            0.004270114004611969
        ],
        [
            0.10332639515399933,
            0.04023488983511925,
            -0.0044645946472883224
        ],
        [
            0.11370525509119034,
            0.03195468708872795,
            -0.004191068932414055
        ],
        [
            0.10475938767194748,
            0.05087868496775627,
            -0.004220450296998024
        ],
        [
            0.11506316065788269,
            0.005760766565799713,
            -0.0006225164979696274
        ],
        [
            0.11679752916097641,
            -0.0030617713928222656,
            0.005989097058773041
        ],
        [
            0.11646748334169388,
            -0.0033202245831489563,
            -0.002943694591522217
        ],
        [
            0.11505074799060822,
            -0.004117712378501892,
            0.015622069127857685
        ],
        [
            0.11194493621587753,
            -0.005228951573371887,
            0.023932166397571564
        ],
        [
            0.08039764314889908,
            -0.014200136065483093,
            0.030450811609625816
        ],
        [
            0.11467199772596359,
            -0.0031013041734695435,
            -0.011060986667871475
        ],
        [
            0.11703772842884064,
            0.06826882064342499,
            -0.009493935853242874
        ],
        [
            0.11710110306739807,
            0.07676298916339874,
            -0.012654491700232029
        ],
        [
            0.11029454320669174,
            0.07683535665273666,
            -0.010058728978037834
        ],
        [
            0.1093793511390686,
            0.06928407400846481,
            -0.007526828907430172
        ],
        [
            0.065731480717659,
            0.08407318592071533,
            -0.031918615102767944
        ],
        [
            0.07329398393630981,
            0.08480006456375122,
            -0.03030806966125965
        ],
        [
            0.0781601071357727,
            0.07741061598062515,
            -0.029714513570070267
        ],
        [
            0.10982097685337067,
            0.029351353645324707,
            0.021539675071835518
        ],
        [
            0.10774853825569153,
            0.024027392268180847,
            0.0329664908349514
        ],
        [
            0.07582561671733856,
            0.08859948068857193,
            -0.014492184855043888
        ],
        [
            0.062362685799598694,
            0.1175127848982811,
            -0.02285631000995636
        ],
        [
            0.06766454875469208,
            0.11651354283094406,
            -0.025464143604040146
        ],
        [
            0.06541360169649124,
            0.09887243062257767,
            -0.02958422154188156
        ],
        [
            0.05910704284906387,
            0.10009904205799103,
            -0.026749715209007263
        ],
        [
            0.06851698458194733,
            0.09432266652584076,
            -0.010067671537399292
        ],
        [
            0.07419412583112717,
            0.09227240085601807,
            -0.013776306062936783
        ],
        [
            0.07301503419876099,
            0.09419730305671692,
            -0.012856516987085342
        ],
        [
            0.06921032071113586,
            0.09685905277729034,
            -0.008086112327873707
        ],
        [
            0.07249423861503601,
            0.08246704190969467,
            0.02328261360526085
        ],
        [
            0.07446680217981339,
            0.0778336152434349,
            0.024251095950603485
        ],
        [
            0.05111783370375633,
            0.07983819395303726,
            -0.009528525173664093
        ],
        [
            0.050710245966911316,
            0.0781703069806099,
            -0.023358771577477455
        ],
        [
            0.05643182247877121,
            0.06681826710700989,
            -0.023834848776459694
        ],
        [
            0.0809057205915451,
            0.06680835783481598,
            0.01257924921810627
        ],
        [
            0.07623561471700668,
            0.07591124624013901,
            0.0135879497975111
        ],
        [
            0.07655622065067291,
            0.07468680292367935,
            0.01758149266242981
        ],
        [
            0.07616587728261948,
            0.08393928408622742,
            -0.007534190081059933
        ],
        [
            0.07289612293243408,
            0.08983980119228363,
            -0.009244429878890514
        ],
        [
            0.0722837746143341,
            0.08718426525592804,
            -0.004981636069715023
        ],
        [
            0.07593255490064621,
            0.08155203610658646,
            -0.002621731488034129
        ],
        [
            0.0778048038482666,
            0.03284686803817749,
            0.043924666941165924
        ],
        [
            0.08852115273475647,
            0.03695486858487129,
            0.046875324100255966
        ],
        [
            0.07649805396795273,
            0.12145747244358063,
            -0.022156866267323494
        ],
        [
            0.07455841451883316,
            0.11851760745048523,
            -0.023200202733278275
        ],
        [
            0.08608728647232056,
            0.05666380003094673,
            0.01211998425424099
        ],
        [
            0.06409700214862823,
            0.05385126546025276,
            -0.023128287866711617
        ],
        [
            0.09252109378576279,
            0.04724107310175896,
            0.012492788024246693
        ],
        [
            0.057272717356681824,
            0.07378774881362915,
            0.0319402813911438
        ],
        [
            0.06478627771139145,
            0.07664202153682709,
            0.03499354049563408
        ],
        [
            0.06654667109251022,
            0.08159513771533966,
            0.033895839005708694
        ],
        [
            0.060858774930238724,
            0.08225123584270477,
            0.032151829451322556
        ],
        [
            0.07004112005233765,
            0.11152353137731552,
            -0.005192122422158718
        ],
        [
            0.07509998977184296,
            0.11143208295106888,
            -0.008129734545946121
        ],
        [
            0.07598310708999634,
            0.1151847317814827,
            -0.007629827596247196
        ],
        [
            0.0710597038269043,
            0.11663012206554413,
            -0.004607853014022112
        ],
        [
            0.0763368234038353,
            0.09119585901498795,
            -0.019212165847420692
        ],
        [
            0.07592594623565674,
            0.09032363444566727,
            -0.02552962489426136
        ],
        [
            0.07561786472797394,
            0.09571859240531921,
            -0.023616304621100426
        ],
        [
            0.07508577406406403,
            0.09518332779407501,
            -0.01759207248687744
        ],
        [
            0.07129291445016861,
            0.0912427231669426,
            -0.029673881828784943
        ],
        [
            0.07139871269464493,
            0.09698367118835449,
            -0.02832288295030594
        ],
        [
            0.0638011246919632,
            0.11319100856781006,
            -0.005818028002977371
        ],
        [
            0.059137504547834396,
            0.11581294983625412,
            -0.011144217103719711
        ],
        [
            0.0558343268930912,
            0.09951482713222504,
            -0.013045220635831356
        ],
        [
            0.062102094292640686,
            0.09988604485988617,
            -0.008057279512286186
        ],
        [
            0.06652800738811493,
            0.02416657656431198,
            0.016760511323809624
        ],
        [
            0.07006549090147018,
            0.02250000834465027,
            0.027304623275995255
        ],
        [
            0.06543023884296417,
            0.03707370534539223,
            0.02962435409426689
        ],
        [
            0.05950413644313812,
            0.05133969709277153,
            0.03269965574145317
        ],
        [
            0.05498180165886879,
            0.06509631127119064,
            0.0341908223927021
        ],
        [
            0.049478620290756226,
            0.06678813695907593,
            0.023361291736364365
        ],
        [
            0.06912145763635635,
            0.034695446491241455,
            0.03677034005522728
        ],
        [
            0.06055918335914612,
            0.09013837575912476,
            -0.007903270423412323
        ],
        [
            0.05401822552084923,
            0.08857729285955429,
            -0.013740935362875462
        ],
        [
            0.05504153296351433,
            0.08712037652730942,
            -0.008404551073908806
        ],
        [
            0.09462998807430267,
            0.04701927304267883,
            0.01972840167582035
        ],
        [
            0.07280045747756958,
            0.1148691475391388,
            -0.024799667298793793
        ],
        [
            0.08059784770011902,
            -0.0010372176766395569,
            -0.01731492578983307
        ],
        [
            0.07476899027824402,
            -0.0031107887625694275,
            -0.0048697940073907375
        ],
        [
            0.07326019555330276,
            0.005364231765270233,
            -0.0069308714009821415
        ],
        [
            0.08094997704029083,
            0.00837048888206482,
            -0.020976273342967033
        ],
        [
            0.07797583192586899,
            0.11192981898784637,
            -0.014501038938760757
        ],
        [
            0.07741431891918182,
            0.1129554733633995,
            -0.020783577114343643
        ],
        [
            0.0758233368396759,
            0.0776594951748848,
            0.03069566749036312
        ],
        [
            0.0736268013715744,
            0.08220723271369934,
            0.029070422053337097
        ],
        [
            0.07266571372747421,
            0.08244457095861435,
            0.031910836696624756
        ],
        [
            0.07585109770298004,
            0.07926563918590546,
            0.03543673828244209
        ],
        [
            0.07312729954719543,
            0.02065368741750717,
            0.03222274407744408
        ],
        [
            0.07006476074457169,
            0.06774332374334335,
            0.05115930736064911
        ],
        [
            0.05988798663020134,
            0.0670677125453949,
            0.04463531821966171
        ],
        [
            0.07380393147468567,
            0.00997266173362732,
            0.0249027069658041
        ],
        [
            0.07017108798027039,
            0.01104118674993515,
            0.01580130308866501
        ],
        [
            0.0727294459939003,
            0.0015526488423347473,
            0.015721682459115982
        ],
        [
            0.04947001114487648,
            0.07593473792076111,
            0.011341458186507225
        ],
        [
            0.06418780982494354,
            0.027650177478790283,
            0.009062102995812893
        ],
        [
            0.06877602636814117,
            0.01368105411529541,
            0.008662417531013489
        ],
        [
            0.07177697867155075,
            0.002462252974510193,
            0.008239625953137875
        ],
        [
            0.0733037143945694,
            -0.005774684250354767,
            0.0086598452180624
        ],
        [
            0.07430125027894974,
            -0.00589742511510849,
            0.016804402694106102
        ],
        [
            0.059655800461769104,
            0.11723752319812775,
            -0.017076577991247177
        ],
        [
            0.06146107241511345,
            0.12195908278226852,
            -0.009911743924021721
        ],
        [
            0.07456136494874954,
            -0.014886818826198578,
            0.018395762890577316
        ],
        [
            0.07405947893857956,
            -0.014180473983287811,
            0.009089209139347076
        ],
        [
            0.0683942437171936,
            0.01629067212343216,
            -0.0002508009783923626
        ],
        [
            0.06995013356208801,
            0.020023323595523834,
            -0.011575483717024326
        ],
        [
            0.0642276406288147,
            0.029790081083774567,
            0.00047173385974019766
        ],
        [
            0.06494275480508804,
            0.03436434641480446,
            -0.010478110052645206
        ],
        [
            0.04428458213806152,
            0.07439901679754257,
            0.0013726158067584038
        ],
        [
            0.07368935644626617,
            0.13584227859973907,
            -0.00493925204500556
        ],
        [
            0.06735770404338837,
            0.12596136331558228,
            -0.0051349252462387085
        ],
        [
            0.0719512403011322,
            0.12243429571390152,
            -0.004186732694506645
        ],
        [
            0.0759594738483429,
            0.1327250599861145,
            -0.0027523692697286606
        ],
        [
            0.06564424186944962,
            0.11906631290912628,
            -0.005131827667355537
        ],
        [
            0.0644364207983017,
            0.12749850749969482,
            -0.00986979715526104
        ],
        [
            0.07140736281871796,
            0.03975231572985649,
            -0.024060362949967384
        ],
        [
            0.06884206831455231,
            0.09153186529874802,
            -0.006211144383996725
        ],
        [
            0.08091829717159271,
            0.02562512457370758,
            -0.027134085074067116
        ],
        [
            0.07913610339164734,
            0.0511937253177166,
            -0.034959591925144196
        ],
        [
            0.08886097371578217,
            0.041961636394262314,
            -0.03648450970649719
        ],
        [
            0.09238757193088531,
            0.011862702667713165,
            -0.030548950657248497
        ],
        [
            0.09847074747085571,
            0.02836386114358902,
            -0.036940742284059525
        ],
        [
            0.09035012125968933,
            -0.006595999002456665,
            -0.02322632446885109
        ],
        [
            0.08987868577241898,
            0.0024055466055870056,
            -0.025712845847010612
        ],
        [
            0.10452863574028015,
            0.04582195729017258,
            -0.037681106477975845
        ],
        [
            0.0839977040886879,
