{
    "pred_cam": [
        7.528582572937012,
        0.14224229753017426,
        0.020947281271219254
    ],
    "pred_mano_params": {
        "global_orient": [
            [
                [
                    -0.8851425051689148,
                    0.2431401014328003,
                    -0.3967437148094177
                ],
                [
                    0.3974190652370453,
                    -0.04847392067313194,
                    -0.9163560271263123
                ],
                [
                    -0.24203459918498993,
                    -0.9687792658805847,
                    -0.05372218042612076
                ]
            ]
        ],
        "hand_pose": [
            [
                [
                    0.9963272213935852,
                    -0.08415224403142929,
                    0.015827838331460953
                ],
                [
                    0.08189399540424347,
                    0.9904507994651794,
                    0.11090822517871857
                ],
                [
                    -0.025009870529174805,
                    -0.10920467227697372,
                    0.9937046766281128
                ]
            ],
            [
                [
                    0.5281050801277161,
                    -0.8258242607116699,
                    0.19778577983379364
                ],
                [
                    0.849007785320282,
                    0.5087996125221252,
                    -0.1425088495016098
                ],
                [
                    0.01705395057797432,
                    0.24318130314350128,
                    0.9698308706283569
                ]
            ],
            [
                [
                    0.8465698957443237,
                    -0.5167490243911743,
                    0.12763167917728424
                ],
                [
                    0.5150457620620728,
                    0.8557836413383484,
                    0.04860175400972366
                ],
                [
                    -0.13434001803398132,
                    0.02459137700498104,
                    0.9906300902366638
                ]
            ],
            [
                [
                    0.8153101205825806,
                    -0.5586839318275452,
                    -0.15212382376194
                ],
                [
                    0.5767479538917542,
                    0.8068504333496094,
                    0.12788337469100952
                ],
                [
                    0.05129478871822357,
                    -0.19200171530246735,
                    0.9800531268119812
                ]
            ],
            [
                [
                    0.4840500056743622,
                    -0.8480510711669922,
                    -0.21565021574497223
                ],
                [
                    0.871131956577301,
                    0.4437580406665802,
                    0.21025674045085907
                ],
                [
                    -0.08261192589998245,
                    -0.2896345555782318,
                    0.9535654783248901
                ]
            ],
            [
                [
                    0.9579848647117615,
                    -0.2866825461387634,
                    0.008842061273753643
                ],
                [
                    0.28675776720046997,
                    0.9566896557807922,
                    -0.05014966055750847
                ],
                [
                    0.00591792119666934,
                    0.05057814344763756,
                    0.9987026453018188
                ]
            ],
            [
                [
                    0.870661199092865,
                    -0.29015424847602844,
                    0.39718949794769287
                ],
                [
                    0.31735512614250183,
                    0.9483022689819336,
                    -0.00290767103433609
                ],
                [
                    -0.3758120536804199,
                    0.12858174741268158,
                    0.9177319407463074
                ]
            ],
            [
                [
                    0.6722730398178101,
                    -0.7243273854255676,
                    -0.15296684205532074
                ],
                [
                    0.5976256728172302,
                    0.4090476334095001,
                    0.689582109451294
                ],
                [
                    -0.436912477016449,
                    -0.555004358291626,
                    0.7078683376312256
                ]
            ],
            [
                [
                    0.9013704657554626,
                    -0.43304765224456787,
                    0.0009335064678452909
                ],
                [
                    0.4207139015197754,
                    0.8762049078941345,
                    0.23508451879024506
                ],
                [
                    -0.10262076556682587,
                    -0.21150551736354828,
                    0.9719743728637695
                ]
            ],
            [
                [
                    0.8262183666229248,
                    -0.5614472031593323,
                    -0.04626390337944031
                ],
                [
                    0.5593287944793701,
                    0.8273445963859558,
                    -0.051500096917152405
                ],
                [
                    0.06719077378511429,
                    0.016673587262630463,
                    0.9976009130477905
                ]
            ],
            [
                [
                    0.5714544653892517,
                    -0.8047907948493958,
                    -0.16047295928001404
                ],
                [
                    0.7153874039649963,
                    0.3927392065525055,
                    0.5779072046279907
                ],
                [
                    -0.40207037329673767,
                    -0.4450480341911316,
                    0.8001697659492493
                ]
            ],
            [
                [
                    0.9410513043403625,
                    -0.3335183262825012,
                    -0.056461308151483536
                ],
                [
                    0.33191490173339844,
                    0.9426220059394836,
                    -0.036002788692712784
                ],
                [
                    0.06522926688194275,
                    0.015140125527977943,
                    0.9977553486824036
                ]
            ],
            [
                [
                    0.9309901595115662,
                    0.169672891497612,
                    0.32321587204933167
                ],
                [
                    0.13960158824920654,
                    0.6526281833648682,
                    -0.7447066307067871
                ],
                [
                    -0.3372962772846222,
                    0.7384359240531921,
                    0.5839037895202637
                ]
            ],
            [
                [
                    0.8660385608673096,
                    -0.36517608165740967,
                    -0.3415020704269409
                ],
                [
                    0.4598296284675598,
                    0.8499222993850708,
                    0.2572719156742096
                ],
                [
                    0.1963006556034088,
                    -0.3798401653766632,
                    0.9039842486381531
                ]
            ],
            [
                [
                    0.6531505584716797,
                    -0.750907838344574,
                    -0.09763113409280777
                ],
                [
                    0.5547366738319397,
                    0.5622574090957642,
                    -0.6132975816726685
                ],
                [
                    0.5154237747192383,
                    0.34641605615615845,
                    0.7837948799133301
                ]
            ]
        ],
        "betas": [
            -0.03936046361923218,
            -0.05663019418716431,
            0.06740278005599976,
            -0.0003304779529571533,
            0.07785210013389587,
            -0.0035713128745555878,
            0.050968706607818604,
            -0.0748271644115448,
            0.029410645365715027,
            -0.004978179931640625
        ]
    },
    "pred_cam_t": [
        -0.14224229753017426,
        0.020947281271219254,
        5.188559532165527
    ],
    "focal_length": [
        5000.0,
        5000.0
    ],
    "pred_keypoints_3d": [
        [
            0.09585480391979218,
            0.006400133483111858,
            0.006207633763551712
        ],
        [
            0.10310457646846771,
            -0.02617538347840309,
            0.025702347978949547
        ],
        [
            0.09914399683475494,
            -0.048747990280389786,
            0.04627826809883118
        ],
        [
            0.10935649275779724,
            -0.06058798357844353,
            0.0684245377779007
        ],
        [
            0.11426926404237747,
            -0.04780307412147522,
            0.09887697547674179
        ],
        [
            0.16448548436164856,
            -0.04741184413433075,
            0.03152856230735779
        ],
        [
            0.19294270873069763,
            -0.06293421983718872,
            0.03790115937590599
        ],
        [
            0.19532206654548645,
            -0.06697365641593933,
            0.05961707606911659
        ],
        [
            0.18715399503707886,
            -0.06731652468442917,
            0.08305160701274872
        ],
        [
            0.18080392479896545,
            -0.028124261647462845,
            0.03078417293727398
        ],
        [
            0.20225007832050323,
            -0.030676033347845078,
            0.0540660135447979
        ],
        [
            0.19169645011425018,
            -0.029676834121346474,
            0.07482513785362244
        ],
        [
            0.1780158281326294,
            -0.029055068269371986,
            0.09676840901374817
        ],
        [
            0.17806977033615112,
            -0.0014401627704501152,
            0.031285062432289124
        ],
        [
            0.19903579354286194,
            -0.004125346429646015,
            0.050959907472133636
        ],
        [
            0.18913684785366058,
            -0.004455926828086376,
            0.07369542121887207
        ],
        [
            0.17661094665527344,
            -0.00406801700592041,
            0.09600472450256348
        ],
        [
            0.1717028021812439,
            0.019201137125492096,
            0.034903500229120255
        ],
        [
            0.18998666107654572,
            0.01619569957256317,
            0.04514431580901146
        ],
        [
            0.18726594746112823,
            0.015082480385899544,
            0.06390409916639328
        ],
        [
            0.17750141024589539,
            0.014313708990812302,
            0.07973693311214447
        ]
    ],
    "pred_vertices": [
        [
            0.12878362834453583,
            -0.029564309865236282,
            0.03539665788412094
        ],
        [
            0.11984677612781525,
            -0.02594853565096855,
            0.035397302359342575
        ],
        [
            0.11918483674526215,
            -0.03504521772265434,
            0.04230916127562523
        ],
        [
            0.1287643015384674,
            -0.03896814212203026,
            0.04057983681559563
        ],
        [
            0.09992977231740952,
            -0.022129971534013748,
            0.04344061762094498
        ],
        [
            0.08846299350261688,
            -0.024782031774520874,
            0.0395132340490818
        ],
        [
            0.0907617136836052,
            -0.03633274883031845,
            0.049855124205350876
        ],
        [
            0.09952230006456375,
            -0.0317843072116375,
            0.052341558039188385
        ],
        [
            0.1279912143945694,
            -0.046956874430179596,
            0.04314196854829788
        ],
        [
            0.11831864714622498,
            -0.04152340069413185,
            0.047334346920251846
        ],
        [
            0.12459582090377808,
            -0.051094260066747665,
            0.041062742471694946
        ],
        [
            0.13707800209522247,
            -0.05537032708525658,
            0.031343936920166016
        ],
        [
            0.13792696595191956,
            -0.050609830766916275,
            0.036801278591156006
        ],
        [
            0.1466558873653412,
            -0.05632718652486801,
            0.02774110436439514
        ],
        [
            0.13311442732810974,
            -0.0542326346039772,
            0.020685890689492226
        ],
        [
            0.149692103266716,
            -0.053086839616298676,
            0.01890777051448822
        ],
        [
            0.14329339563846588,
            -0.027580127120018005,
            0.003907646983861923
        ],
        [
            0.14567525684833527,
            -0.013868914917111397,
            0.0028803907334804535
        ],
        [
            0.16138790547847748,
            -0.018716011196374893,
            0.007689701393246651
        ],
        [
            0.15711921453475952,
            -0.03189529478549957,
            0.009142253547906876
        ],
        [
            0.15766699612140656,
            0.0018254686146974564,
            0.00970497913658619
        ],
        [
            0.1607382893562317,
            -0.009645557031035423,
            0.008673375472426414
        ],
        [
            0.14536193013191223,
            -0.004785425961017609,
            0.002683620899915695
        ],
        [
            0.14348892867565155,
            0.005293693393468857,
            0.004052344709634781
        ],
        [
            0.12784865498542786,
            -0.012211304157972336,
            0.03012668900191784
        ],
        [
            0.11894577741622925,
            -0.007849389687180519,
            0.028687063604593277
        ],
        [
            0.1198514923453331,
            -0.01486966758966446,
            0.029660314321517944
        ],
        [
            0.12770342826843262,
            -0.018414277583360672,
            0.031092658638954163
        ],
        [
            0.11213571578264236,
            -0.05720790848135948,
            0.044059909880161285
        ],
        [
            0.11338313668966293,
            -0.05592501908540726,
            0.030402932316064835
        ],
        [
            0.12069277465343475,
            -0.054937127977609634,
            0.034248530864715576
        ],
        [
            0.11463672667741776,
            -0.053874582052230835,
            0.047451503574848175
        ],
        [
            0.09628389775753021,
            0.012019626796245575,
            0.029881319031119347
        ],
        [
            0.0862259715795517,
            0.014281582087278366,
            0.02104988694190979
        ],
        [
            0.08485771715641022,
            0.008616145700216293,
            0.020270975306630135
        ],
        [
            0.094902902841568,
            0.00770530104637146,
            0.02802780643105507
        ],
        [
            0.08410726487636566,
            -0.011671781539916992,
            0.02516520395874977
        ],
        [
            0.0794563740491867,
            -0.007804930210113525,
            0.017226358875632286
        ],
        [
            0.07316943258047104,
            -0.01518649235367775,
            0.00710284523665905
        ],
        [
            0.07827179878950119,
            -0.021052617579698563,
            0.012364303693175316
        ],
        [
            0.0874692052602768,
            -0.017776306718587875,
            0.0328206829726696
        ],
        [
            0.08083714544773102,
            -0.02579340711236,
            0.022751331329345703
        ],
        [
            0.08277902007102966,
            -0.03156987950205803,
            0.03156403452157974
        ],
        [
            0.08596539497375488,
            -0.04272553324699402,
            0.0444030687212944
        ],
        [
            0.09034211188554764,
            0.02641865611076355,
            0.01961028017103672
        ],
        [
            0.09797848761081696,
            0.026591770350933075,
            0.02633526176214218
        ],
        [
            0.18243153393268585,
            -0.06532282382249832,
            0.04698488116264343
        ],
        [
            0.18460489809513092,
            -0.06001605466008186,
            0.049253206700086594
        ],
        [
            0.18297931551933289,
            -0.059348613023757935,
            0.04808032885193825
        ],
        [
            0.18135355412960052,
            -0.0645964965224266,
            0.04608268290758133
        ],
        [
            0.10478631407022476,
            0.034792035818099976,
            0.008091578260064125
        ],
        [
            0.10817678272724152,
            0.03292509913444519,
            -0.0013059340417385101
        ],
        [
            0.1015826165676117,
            0.03600553795695305,
            -0.001959230750799179
        ],
        [
            0.09749367088079453,
            0.03606868535280228,
            0.006584567949175835
        ],
        [
            0.11438152939081192,
            0.032957129180431366,
            0.010210994631052017
        ],
        [
            0.11701374500989914,
            0.0281912200152874,
            0.0002324022352695465
        ],
        [
            0.19176600873470306,
            -0.07126022130250931,
            0.04039613902568817
        ],
        [
            0.1871005743741989,
            -0.07171058654785156,
            0.04278503730893135
        ],
        [
            0.18617889285087585,
            -0.07041160017251968,
            0.039008863270282745
        ],
        [
            0.19036290049552917,
            -0.06879092752933502,
            0.035775624215602875
        ],
        [
            0.13792434334754944,
            -0.04270976036787033,
            0.038520462810993195
        ],
        [
            0.13741667568683624,
            -0.03277016431093216,
            0.037001676857471466
        ],
        [
            0.1571740061044693,
            -0.04698222875595093,
            0.0405094288289547
        ],
        [
            0.1493813842535019,
            -0.039749085903167725,
            0.0382314994931221
        ],
        [
            0.14646200835704803,
            -0.046795666217803955,
            0.03725244104862213
        ],
        [
            0.153531014919281,
            -0.05185028538107872,
            0.037412915378808975
        ],
        [
            0.14977794885635376,
            -0.015842296183109283,
            0.03492319956421852
        ],
        [
            0.13894477486610413,
            -0.012399358674883842,
            0.03187968209385872
        ],
        [
            0.13928604125976562,
            -0.019177785143256187,
            0.032485298812389374
        ],
        [
            0.15048488974571228,
            -0.024368902668356895,
            0.03649676963686943
        ],
        [
            0.13971439003944397,
            0.0016472060233354568,
            0.034173477441072464
        ],
        [
            0.15046843886375427,
            -0.00289850402623415,
            0.036597706377506256
        ],
        [
            0.14977911114692688,
            0.0056234244257211685,
            0.03768458962440491
        ],
        [
            0.14190256595611572,
            0.0073632048442959785,
            0.03667590022087097
        ],
        [
            0.16790243983268738,
            -0.013847111724317074,
            0.03958224877715111
        ],
        [
            0.17411212623119354,
            -0.016780007630586624,
            0.04051943123340607
        ],
        [
            0.17595529556274414,
            -0.013241375796496868,
            0.04155806452035904
        ],
        [
            0.16819632053375244,
            -0.010132001712918282,
            0.03951583802700043
        ],
        [
            0.09520017355680466,
            0.03857112303376198,
            -0.003705635666847229
        ],
        [
            0.09046830236911774,
            0.03640364110469818,
            0.004696432501077652
        ],
        [
            0.15393704175949097,
            0.022461630403995514,
            0.015521906316280365
        ],
        [
            0.14825379848480225,
            0.029869144782423973,
            0.02188148908317089
        ],
        [
            0.1606876105070114,
            0.029301144182682037,
            0.026155706495046616
        ],
        [
            0.16338947415351868,
            0.02146786078810692,
            0.018063127994537354
        ],
        [
            0.11038579791784286,
            0.025486784055829048,
            -0.008328050374984741
        ],
        [
            0.1046004667878151,
            0.030562568455934525,
            -0.009984757751226425
        ],
        [
            0.19674120843410492,
            -0.06731632351875305,
            0.039489004760980606
        ],
        [
            0.19521737098693848,
            -0.0646895244717598,
            0.03499356657266617
        ],
        [
            0.08500194549560547,
            -0.0371125265955925,
            0.01936127245426178
        ],
        [
            0.08754931390285492,
            -0.048843108117580414,
            0.03670873865485191
        ],
        [
            0.08284308761358261,
            -0.028595667332410812,
            0.008213816210627556
        ],
        [
            0.08062931150197983,
            -0.02258666232228279,
            0.0008946843445301056
        ],
        [
            0.07571051269769669,
            -0.018425464630126953,
            -0.004216581583023071
        ],
        [
            0.15478771924972534,
            -0.03521896153688431,
            0.039680711925029755
        ],
        [
            0.13511839509010315,
            -0.023940984159708023,
            0.03354215249419212
        ],
        [
            0.12803538143634796,
            -0.006843166425824165,
            0.030192622914910316
        ],
        [
            0.13350702822208405,
            0.0226763729006052,
            0.03817150741815567
        ],
        [
            0.12333226203918457,
            0.0252440944314003,
            0.03596549481153488
        ],
        [
            0.12475225329399109,
            0.014681230299174786,
            0.03700055927038193
        ],
        [
            0.1335783302783966,
            0.01462947390973568,
            0.03809931501746178
        ],
        [
            0.14568009972572327,
            0.03141464293003082,
            0.0312025286257267
        ],
        [
            0.14493466913700104,
            0.02643936313688755,
            0.037537600845098495
        ],
        [
            0.15443283319473267,
            0.02484973333775997,
            0.039369408041238785
        ],
        [
            0.15649326145648956,
            0.029913615435361862,
            0.033967241644859314
        ],
        [
            0.1055830717086792,
            -0.061219923198223114,
            0.04332683980464935
        ],
        [
            0.105770543217659,
            -0.05637315660715103,
            0.028132285922765732
        ],
        [
            0.10047752410173416,
            0.032935529947280884,
            0.017641689628362656
        ],
        [
            0.09325508028268814,
            0.03198551759123802,
            0.014913614839315414
        ],
        [
            0.08624307811260223,
            0.03285718336701393,
            0.010200122371315956
        ],
        [
            0.10757286101579666,
            0.0009536892175674438,
            0.02970091439783573
        ],
        [
            0.0940498635172844,
            0.004716377705335617,
            0.026821620762348175
        ],
        [
            0.0942935049533844,
            0.00037276744842529297,
            0.02705512009561062
        ],
        [
            0.10864806920289993,
            -0.00265556201338768,
            0.0286331195384264
        ],
        [
            0.11163002997636795,
            -0.018768668174743652,
            0.03634108975529671
        ],
        [
            0.09951520711183548,
            -0.012639034539461136,
            0.0349549762904644
        ],
        [
            0.11122249811887741,
            -0.02714533358812332,
            0.0447692796587944
        ],
        [
            0.08157430589199066,
            0.001622028648853302,
            0.018499555066227913
        ],
        [
            0.07570426911115646,
            0.010605484247207642,
            0.01571149379014969
        ],
        [
            0.07314738631248474,
            0.0023396462202072144,
            0.013617444783449173
        ],
        [
            0.07890437543392181,
            0.0199184138327837,
            0.01534440740942955
        ],
        [
            0.08256743848323822,
            0.027939334511756897,
            0.013705417513847351
        ],
        [
            0.09898398071527481,
            0.035024628043174744,
            -0.014588147401809692
        ],
        [
            0.07212439179420471,
            -0.005445733666419983,
            0.010549895465373993
        ],
        [
            0.09991341829299927,
            -0.03902575373649597,
            0.056899942457675934
        ],
        [
            0.10102012008428574,
            -0.04441065341234207,
            0.06073058396577835
        ],
        [
            0.10832367092370987,
            -0.043936312198638916,
            0.057975348085165024
        ],
        [
            0.10799096524715424,
            -0.03991046920418739,
            0.05435638129711151
        ],
        [
            0.15681330859661102,
            -0.057705264538526535,
            0.02561231330037117
        ],
        [
            0.15449698269367218,
            -0.056635431945323944,
            0.03294052556157112
        ],
        [
            0.1443781703710556,
            -0.05371766537427902,
            0.03367723897099495
        ],
        [
            0.1070232167840004,
            0.014130190014839172,
            0.03363487124443054
        ],
        [
            0.10794983059167862,
            0.02643965743482113,
            0.030642477795481682
        ],
        [
            0.1629093587398529,
            -0.043295618146657944,
            0.04156392067670822
        ],
        [
            0.18823516368865967,
            -0.06688982248306274,
            0.03195338696241379
        ],
        [
            0.18377959728240967,
            -0.06913089752197266,
            0.03559218719601631
        ],
        [
            0.17118029296398163,
            -0.06209343299269676,
            0.028028441593050957
        ],
        [
            0.17591199278831482,
            -0.05942201614379883,
            0.023811277002096176
        ],
        [
            0.1742352545261383,
            -0.04343158006668091,
            0.03864522650837898
        ],
        [
            0.16865502297878265,
            -0.04638378322124481,
            0.0413888581097126
        ],
        [
            0.17183126509189606,
            -0.047579675912857056,
            0.0408499501645565
        ],
        [
            0.17770500481128693,
            -0.04481974244117737,
            0.03989643231034279
        ],
        [
            0.17346832156181335,
            -0.004237130284309387,
            0.04107744246721268
        ],
        [
            0.1668165922164917,
            -0.0016148202121257782,
            0.039772968739271164
        ],
        [
            0.17049908638000488,
            -0.035004109144210815,
            0.017344150692224503
        ],
        [
            0.16363151371479034,
            -0.046338606625795364,
            0.013804061338305473
        ],
        [
            0.1527005136013031,
            -0.04401236027479172,
            0.011441897600889206
        ],
        [
            0.14950627088546753,
            -0.008340639993548393,
            0.035252880305051804
        ],
        [
            0.15940839052200317,
            -0.01066611148416996,
            0.03808343783020973
        ],
        [
            0.15982338786125183,
            -0.0065011437982320786,
            0.03827661648392677
        ],
        [
            0.15938112139701843,
            -0.03344113379716873,
            0.0399886891245842
        ],
        [
            0.16680967807769775,
            -0.03856886923313141,
            0.0411541685461998
        ],
        [
            0.16495367884635925,
            -0.03239409625530243,
            0.03928578272461891
        ],
        [
            0.15875238180160522,
            -0.027824759483337402,
            0.038541197776794434
        ],
        [
            0.13622254133224487,
            0.03159219026565552,
            0.01662718504667282
        ],
        [
            0.13318917155265808,
            0.033763498067855835,
            0.027645878493785858
        ],
        [
            0.18354563415050507,
            -0.0695423036813736,
            0.04495144635438919
        ],
        [
            0.18260930478572845,
            -0.06877762824296951,
            0.04283098131418228
        ],
        [
            0.13888712227344513,
            -0.0051217470318078995,
            0.03224579989910126
        ],
        [
            0.13966476917266846,
            -0.039225269109010696,
            0.008163228631019592
        ],
        [
            0.12820640206336975,
            -0.001291867345571518,
            0.030803190544247627
        ],
        [
            0.174817755818367,
            0.006153213791549206,
            0.023192686960101128
        ],
        [
            0.17542386054992676,
            0.008930590935051441,
            0.029964786022901535
        ],
        [
            0.17910043895244598,
            0.0060762991197407246,
            0.03333083540201187
        ],
        [
            0.18151365220546722,
            0.004075894132256508,
            0.028430674225091934
        ],
        [
            0.18917733430862427,
            -0.05025755614042282,
            0.044051624834537506
        ],
        [
            0.1856662929058075,
            -0.05346199497580528,
            0.04747766628861427
        ],
        [
            0.1868051290512085,
            -0.05429932847619057,
            0.047969572246074677
        ],
        [
            0.1917484998703003,
            -0.05190542712807655,
            0.04535050690174103
        ],
        [
            0.164579838514328,
            -0.0506647489964962,
            0.04060602933168411
        ],
        [
            0.16112621128559113,
            -0.05530073866248131,
            0.03759337216615677
        ],
        [
            0.1671656370162964,
            -0.05737359821796417,
            0.03874753415584564
        ],
        [
            0.1696021556854248,
            -0.05228147283196449,
            0.04071136564016342
        ],
        [
            0.16255582869052887,
            -0.059081945568323135,
            0.03191012516617775
        ],
        [
            0.16778862476348877,
            -0.06111428141593933,
            0.03338279947638512
        ],
        [
            0.192916601896286,
            -0.05060014873743057,
            0.03863903135061264
        ],
        [
            0.19453758001327515,
            -0.05592448264360428,
            0.033218156546354294
        ],
        [
            0.18306559324264526,
            -0.047658082097768784,
            0.026502788066864014
        ],
        [
            0.1828557550907135,
            -0.045199669897556305,
            0.03401157259941101
        ],
        [
            0.130314439535141,
            0.008543699979782104,
            -0.0025565586984157562
        ],
        [
            0.12985530495643616,
            0.019229767844080925,
            0.0008009523153305054
        ],
        [
            0.14298264682292938,
            0.01631803624331951,
            0.007361654192209244
        ],
        [
            0.15629622340202332,
            0.014037549495697021,
            0.012768302112817764
        ],
        [
            0.16847477853298187,
            0.010821396484971046,
            0.018692566081881523
        ],
        [
            0.17027460038661957,
            -0.00032761506736278534,
            0.013567155227065086
        ],
        [
            0.14103630185127258,
            0.023905431851744652,
            0.009842060506343842
        ],
        [
            0.17529794573783875,
            -0.03746224567294121,
            0.030345354229211807
        ],
        [
            0.174311563372612,
            -0.04205537587404251,
            0.022462964057922363
        ],
        [
            0.17520608007907867,
            -0.0363970510661602,
            0.02375941164791584
        ],
        [
            0.12877239286899567,
            0.005701810121536255,
            0.03347459435462952
        ],
        [
            0.18072542548179626,
            -0.06836655735969543,
            0.04007091373205185
        ],
        [
            0.09405944496393204,
            -0.013589758425951004,
            -0.014785654842853546
        ],
        [
            0.10009725391864777,
            -0.0021329596638679504,
            -0.017917752265930176
        ],
        [
            0.10639365017414093,
            -0.006917029619216919,
            -0.013982560485601425
        ],
        [
            0.09936588257551193,
            -0.019601933658123016,
            -0.009682971984148026
        ],
        [
            0.1818116307258606,
            -0.05946865677833557,
            0.0479123480618
        ],
        [
            0.17947104573249817,
            -0.06476792693138123,
            0.04512558504939079
        ],
        [
            0.16909338533878326,
            0.004913930781185627,
            0.0405757836997509
        ],
        [
            0.17443203926086426,
            0.0015543289482593536,
            0.04087527468800545
        ],
        [
            0.1769695281982422,
            0.004357324447482824,
            0.03936940059065819
        ],
        [
            0.17356762290000916,
            0.009204772301018238,
            0.040847048163414
        ],
        [
            0.1279749870300293,
            0.02456715516746044,
            0.0027530044317245483
        ],
        [
            0.16891007125377655,
            0.028103912249207497,
            0.029259394854307175
        ],
        [
            0.17065918445587158,
            0.021746650338172913,
            0.02197350189089775
        ],
        [
            0.11832723021507263,
            0.021360859274864197,
            -0.005047488957643509
        ],
        [
            0.11884329468011856,
            0.012208253145217896,
            -0.008619450032711029
        ],
        [
            0.11066986620426178,
            0.015442680567502975,
            -0.012877769768238068
        ],
        [
            0.1752295196056366,
            -0.014604589901864529,
            0.016846589744091034
        ],
        [
            0.13208892941474915,
            3.182701766490936e-05,
            -0.0034107938408851624
        ],
        [
            0.1195128858089447,
            0.004537278786301613,
            -0.009165730327367783
        ],
        [
            0.10975094884634018,
            0.008034240454435349,
            -0.01427995041012764
        ],
        [
            0.10318605601787567,
            0.01125895231962204,
            -0.01837790012359619
        ],
        [
            0.10479118674993515,
            0.019043147563934326,
            -0.016272343695163727
        ],
        [
            0.19225262105464935,
            -0.06174921244382858,
            0.03156984969973564
        ],
        [
            0.198526069521904,
            -0.058491300791502,
            0.0370100699365139
        ],
        [
            0.09886837750673294,
            0.023540403693914413,
            -0.021543044596910477
        ],
        [
            0.09698232263326645,
            0.014522159472107887,
            -0.02309798076748848
        ],
        [
            0.1189865916967392,
            -0.004714449867606163,
            -0.009266514331102371
        ],
        [
            0.11734970659017563,
            -0.016119342297315598,
            -0.007939230650663376
        ],
        [
            0.13111045956611633,
            -0.008706482127308846,
            -0.003438953310251236
        ],
        [
            0.13063573837280273,
            -0.020364588126540184,
            -0.0018533915281295776
        ],
        [
            0.17312760651111603,
            -0.023391827940940857,
            0.010766716673970222
        ],
        [
            0.20181946456432343,
            -0.06168701499700546,
            0.05496321991086006
        ],
        [
            0.19925250113010406,
            -0.0564909353852272,
            0.045378316193819046
        ],
        [
            0.1944114863872528,
            -0.05418463796377182,
            0.04789597541093826
        ],
        [
            0.19920532405376434,
            -0.058477409183979034,
            0.056347426027059555
        ],
        [
            0.19604873657226562,
            -0.05309409275650978,
            0.04151346534490585
        ],
        [
            0.20007559657096863,
            -0.06110038608312607,
            0.04181407764554024
        ],
        [
            0.12530966103076935,
            -0.03447198122739792,
            0.0035406984388828278
        ],
        [
            0.17154036462306976,
            -0.0360431931912899,
            0.03910623863339424
        ],
        [
            0.10873347520828247,
            -0.030770201236009598,
            -0.0005241222679615021
        ],
        [
            0.12103703618049622,
            -0.05034397542476654,
            0.014098068699240685
        ],
        [
            0.10769156366586685,
            -0.04648708552122116,
            0.01301478035748005
        ],
        [
            0.0913291797041893,
            -0.02752004563808441,
            -0.0032134242355823517
        ],
        [
            0.09341613203287125,
            -0.03902161493897438,
            0.00842093676328659
        ],
        [
            0.08203314244747162,
            -0.01651591807603836,
            -0.012587681412696838
        ],
        [
            0.08798457682132721,
            -0.02115442231297493,
            -0.008586116135120392
        ],
        [
            0.09392803907394409,
            -0.049507610499858856,
            0.022891629487276077
        ],
        [
