{
    "pred_cam": [
        13.587141990661621,
        -0.10906479507684708,
        -0.04648803919553757
    ],
    "pred_mano_params": {
        "global_orient": [
            [
                [
                    -0.6662311553955078,
                    -0.37654030323028564,
                    0.6437028646469116
                ],
                [
                    -0.7329729199409485,
                    0.17156273126602173,
                    -0.6582680940628052
                ],
                [
                    0.13742905855178833,
                    -0.9103754758834839,
                    -0.39029428362846375
                ]
            ]
        ],
        "hand_pose": [
            [
                [
                    0.12290237843990326,
                    -0.9870579242706299,
                    -0.10301301628351212
                ],
                [
                    0.9273977875709534,
                    0.15118345618247986,
                    -0.3421652019023895
                ],
                [
                    0.3533107340335846,
                    -0.05348112806677818,
                    0.9339761137962341
                ]
            ],
            [
                [
                    0.2013535052537918,
                    -0.942982017993927,
                    0.26503145694732666
                ],
                [
                    0.9738742113113403,
                    0.16372087597846985,
                    -0.15736716985702515
                ],
                [
                    0.1050032526254654,
                    0.2897937595844269,
                    0.9513116478919983
                ]
            ],
            [
                [
                    0.968197762966156,
                    -0.1317744106054306,
                    0.2126704752445221
                ],
                [
                    0.1596435159444809,
                    0.9798998832702637,
                    -0.11962518841028214
                ],
                [
                    -0.19263222813606262,
                    0.1497722864151001,
                    0.9697738289833069
                ]
            ],
            [
                [
                    0.13846492767333984,
                    -0.9789918661117554,
                    -0.14967435598373413
                ],
                [
                    0.9847521781921387,
                    0.12002795934677124,
                    0.1259220391511917
                ],
                [
                    -0.1053115501999855,
                    -0.16482795774936676,
                    0.9806840419769287
                ]
            ],
            [
                [
                    0.28588029742240906,
                    -0.8900148272514343,
                    -0.35517051815986633
                ],
                [
                    0.9557409882545471,
                    0.29170462489128113,
                    0.03830859065055847
                ],
                [
                    0.06950967758893967,
                    -0.35040271282196045,
                    0.9340162873268127
                ]
            ],
            [
                [
                    0.994196891784668,
                    -0.015152890235185623,
                    0.10650280117988586
                ],
                [
                    0.012780886143445969,
                    0.9996556639671326,
                    0.0229189470410347
                ],
                [
                    -0.10681340098381042,
                    -0.02142474427819252,
                    0.9940482378005981
                ]
            ],
            [
                [
                    0.32840484380722046,
                    -0.9309129118919373,
                    0.1598479300737381
                ],
                [
                    0.7746646404266357,
                    0.36228349804878235,
                    0.5183101296424866
                ],
                [
                    -0.5404118895530701,
                    -0.04638700187206268,
                    0.8401209712028503
                ]
            ],
            [
                [
                    0.6799367070198059,
                    -0.6987897753715515,
                    -0.2222135365009308
                ],
                [
                    0.7186462879180908,
                    0.574819028377533,
                    0.39131879806518555
                ],
                [
                    -0.14571699500083923,
                    -0.4257650077342987,
                    0.8930231928825378
                ]
            ],
            [
                [
                    0.9297201633453369,
                    -0.3484992980957031,
                    0.11903231590986252
                ],
                [
                    0.17512676119804382,
                    0.7027270793914795,
                    0.6895689964294434
                ],
                [
                    -0.3239614963531494,
                    -0.6202604174613953,
                    0.7143710851669312
                ]
            ],
            [
                [
                    0.14836303889751434,
                    -0.9795418381690979,
                    0.13596436381340027
                ],
                [
                    0.9506142735481262,
                    0.1791607141494751,
                    0.25344428420066833
                ],
                [
                    -0.27261871099472046,
                    0.09164790064096451,
                    0.9577472805976868
                ]
            ],
            [
                [
                    0.650918185710907,
                    -0.6602950692176819,
                    -0.3745875656604767
                ],
                [
                    0.75583815574646,
                    0.5176643133163452,
                    0.40091440081596375
                ],
                [
                    -0.0708112120628357,
                    -0.5440900325775146,
                    0.8360333442687988
                ]
            ],
            [
                [
                    0.8531804084777832,
                    -0.5082918405532837,
                    0.11714330315589905
                ],
                [
                    0.42612817883491516,
                    0.8087116479873657,
                    0.4054630398750305
                ],
                [
                    -0.3008286952972412,
                    -0.29601508378982544,
                    0.9065744280815125
                ]
            ],
            [
                [
                    0.9675902724266052,
                    0.08407414704561234,
                    -0.23811882734298706
                ],
                [
                    -0.252380907535553,
                    0.3538450598716736,
                    -0.9006094932556152
                ],
                [
                    0.008539194241166115,
                    0.9315176606178284,
                    0.36359575390815735
                ]
            ],
            [
                [
                    0.8019941449165344,
                    -0.39326515793800354,
                    -0.44960859417915344
                ],
                [
                    0.5373978018760681,
                    0.8036443591117859,
                    0.2556547224521637
                ],
                [
                    0.2607853412628174,
                    -0.44665226340293884,
                    0.8558579087257385
                ]
            ],
            [
                [
                    0.9727170467376709,
                    -0.22081851959228516,
                    0.07113859802484512
                ],
                [
                    0.12976941466331482,
                    0.26371118426322937,
                    -0.9558327794075012
                ],
                [
                    0.1923055499792099,
                    0.9389864802360535,
                    0.28517186641693115
                ]
            ]
        ],
        "betas": [
            0.06585416197776794,
            -0.10767257213592529,
            0.020798325538635254,
            -0.028721123933792114,
            0.14138129353523254,
            -0.006432447582483292,
            0.027117937803268433,
            0.02306385338306427,
            0.008949965238571167,
            -0.04036527872085571
        ]
    },
    "pred_cam_t": [
        -0.10906479507684708,
        -0.04648803919553757,
        2.8749606609344482
    ],
    "focal_length": [
        5000.0,
        5000.0
    ],
    "pred_keypoints_3d": [
        [
            0.09545015543699265,
            0.006371496245265007,
            0.006184631958603859
        ],
        [
            0.13381148874759674,
            0.004381981678307056,
            0.006788916885852814
        ],
        [
            0.1620837152004242,
            0.013566624373197556,
            0.014362472109496593
        ],
        [
            0.17559058964252472,
            0.03610563278198242,
            0.020642779767513275
        ],
        [
            0.1701296865940094,
            0.0618513748049736,
            0.043972618877887726
        ],
        [
            0.16913968324661255,
            0.056321196258068085,
            -0.00912642851471901
        ],
        [
            0.17976361513137817,
            0.06345165520906448,
            0.021188534796237946
        ],
        [
            0.16587549448013306,
            0.04862246662378311,
            0.029972901567816734
        ],
        [
            0.15261374413967133,
            0.028665434569120407,
            0.03707475960254669
        ],
        [
            0.15673388540744781,
            0.07750307023525238,
            -0.0040695518255233765
        ],
        [
            0.17036625742912292,
            0.07766012102365494,
            0.02447631023824215
        ],
        [
            0.15797993540763855,
            0.06065160781145096,
            0.03432180732488632
        ],
        [
            0.14834173023700714,
            0.04141717404127121,
            0.048949114978313446
        ],
        [
            0.13419349491596222,
            0.08299370110034943,
            0.008905746042728424
        ],
        [
            0.15123935043811798,
            0.08130187541246414,
            0.03201330453157425
        ],
        [
            0.14282570779323578,
            0.06635991483926773,
            0.04980213940143585
        ],
        [
            0.13591642677783966,
            0.044355325400829315,
            0.05943535268306732
        ],
        [
            0.11726528406143188,
            0.08339095115661621,
            0.02253926731646061
        ],
        [
            0.128895565867424,
            0.08651673048734665,
            0.03985978662967682
        ],
        [
            0.1269659399986267,
            0.0761038288474083,
            0.055548928678035736
        ],
        [
            0.12436526268720627,
            0.056656450033187866,
            0.06280741840600967
        ]
    ],
    "pred_vertices": [
        [
            0.1453089565038681,
            0.029071446508169174,
            0.0074121057987213135
        ],
        [
            0.1381159871816635,
            0.022003669291734695,
            0.009495658800005913
        ],
        [
            0.1473504900932312,
            0.024036789312958717,
            0.010114230215549469
        ],
        [
            0.15432612597942352,
            0.02882576547563076,
            0.006627999246120453
        ],
        [
            0.1379450261592865,
            0.011875402182340622,
            0.02419457398355007
        ],
        [
            0.1401064544916153,
            -0.00034464895725250244,
            0.024818623438477516
        ],
        [
            0.1549375355243683,
            0.007717657834291458,
            0.026597734540700912
        ],
        [
            0.14973704516887665,
            0.016652174293994904,
            0.026580121368169785
        ],
        [
            0.16072304546833038,
            0.029184143990278244,
            0.004468291997909546
        ],
        [
            0.15455132722854614,
            0.025627493858337402,
            0.011303260922431946
        ],
        [
            0.1609513759613037,
            0.027897339314222336,
            0.0010576965287327766
        ],
        [
            0.16626325249671936,
            0.03279033303260803,
            -0.010187514126300812
        ],
        [
            0.1652839332818985,
            0.03390979394316673,
            -0.0030555957928299904
        ],
        [
            0.1694481074810028,
            0.039359137415885925,
            -0.014687325805425644
        ],
        [
            0.16026213765144348,
            0.028173651546239853,
            -0.017673643305897713
        ],
        [
            0.16522641479969025,
            0.043547794222831726,
            -0.022173484787344933
        ],
        [
            0.13422425091266632,
            0.0415860153734684,
            -0.020558614283800125
        ],
        [
            0.1229991614818573,
            0.04790585860610008,
            -0.015576649457216263
        ],
        [
            0.1335374116897583,
            0.0631527528166771,
            -0.017336079850792885
        ],
        [
            0.14434553682804108,
            0.0551084503531456,
            -0.021314505487680435
        ],
        [
            0.11629670858383179,
            0.06611515581607819,
            -0.0054425401613116264
        ],
        [
            0.12628380954265594,
            0.06507323682308197,
            -0.011939667165279388
        ],
        [
            0.11529266834259033,
            0.05038965493440628,
            -0.011532589793205261
        ],
        [
            0.10710319876670837,
            0.0518995001912117,
            -0.005521420389413834
        ],
        [
            0.1300038993358612,
            0.03217021003365517,
            0.012210856191813946
        ],
        [
            0.12298998236656189,
            0.02425878494977951,
            0.01443986315280199
        ],
        [
            0.12814339995384216,
            0.022675860673189163,
            0.011081142351031303
        ],
        [
            0.1349409520626068,
            0.030190367251634598,
            0.009851433336734772
        ],
        [
            0.1657893806695938,
            0.02324824035167694,
            0.003868503961712122
        ],
        [
            0.16182106733322144,
            0.015438109636306763,
            -0.005644363351166248
        ],
        [
            0.16178375482559204,
            0.022789103910326958,
            -0.004759498406201601
        ],
        [
            0.16314511001110077,
            0.02660677209496498,
            0.00684735644608736
        ],
        [
            0.10233409702777863,
            0.009628541767597198,
            0.029151737689971924
        ],
        [
            0.09369999170303345,
            0.0004611089825630188,
            0.024399377405643463
        ],
        [
            0.09767007827758789,
            -0.0027541592717170715,
            0.021508648991584778
        ],
        [
            0.10459728538990021,
            0.006454870104789734,
            0.025971442461013794
        ],
        [
            0.11841002106666565,
            -0.009327523410320282,
            0.01911921799182892
        ],
        [
            0.10945749282836914,
            -0.013542838394641876,
            0.013790251687169075
        ],
        [
            0.10938677936792374,
            -0.021597780287265778,
            0.002951851114630699
        ],
        [
            0.11948045343160629,
            -0.0179453045129776,
            0.005262983962893486
        ],
        [
            0.12952539324760437,
            -0.004425864666700363,
            0.022646524012088776
        ],
        [
            0.13139761984348297,
            -0.014306306838989258,
            0.012822272256016731
        ],
        [
            0.14382439851760864,
            -0.008694812655448914,
            0.01799880713224411
        ],
        [
            0.16005393862724304,
            0.0015905313193798065,
            0.021791907027363777
        ],
        [
            0.08393026143312454,
            0.007952101528644562,
            0.02777951955795288
        ],
        [
            0.08897055685520172,
            0.015574708580970764,
            0.03229796141386032
        ],
        [
            0.17404256761074066,
            0.05032116919755936,
            0.014379547908902168
        ],
        [
            0.16865631937980652,
            0.053399406373500824,
            0.015230314806103706
        ],
        [
            0.16905994713306427,
            0.053400374948978424,
            0.01489497534930706
        ],
        [
            0.17437972128391266,
            0.05083911120891571,
            0.013951489701867104
        ],
        [
            0.07494622468948364,
            0.023619219660758972,
            0.018819887191057205
        ],
        [
            0.07281549274921417,
            0.025727614760398865,
            0.00926829781383276
        ],
        [
            0.06829022616147995,
            0.020363949239253998,
            0.011259260587394238
        ],
        [
            0.07136082649230957,
            0.01697385311126709,
            0.019434556365013123
        ],
        [
            0.07973170280456543,
            0.03235669434070587,
            0.01797686517238617
        ],
        [
            0.07962550222873688,
            0.03280547261238098,
            0.00681584095582366
        ],
        [
            0.18299175798892975,
            0.0560082346200943,
            0.021802570670843124
        ],
        [
            0.18152691423892975,
            0.05170337110757828,
            0.01895332708954811
        ],
        [
            0.1832418143749237,
            0.05430757999420166,
            0.016455501317977905
        ],
        [
            0.1842990666627884,
            0.05939566716551781,
            0.018138550221920013
        ],
        [
            0.16040168702602386,
            0.03454676270484924,
            0.0026837633922696114
        ],
        [
            0.15201663970947266,
            0.035978540778160095,
            0.006443469785153866
        ],
        [
            0.16669203341007233,
            0.04754333570599556,
            -0.0013086316175758839
        ],
        [
            0.16143205761909485,
            0.04465804994106293,
            0.0019643791019916534
        ],
        [
            0.16541893780231476,
            0.04033752903342247,
            -0.00190828088670969
        ],
        [
            0.16964395344257355,
            0.04354850947856903,
            -0.004131538327783346
        ],
        [
            0.14068710803985596,
            0.051995813846588135,
            0.010493258014321327
        ],
        [
            0.1338643580675125,
            0.042767368257045746,
            0.011567061766982079
        ],
        [
            0.13974882662296295,
            0.0410863421857357,
            0.008897015824913979
        ],
        [
            0.14864088594913483,
            0.050117991864681244,
            0.00787084735929966
        ],
        [
            0.12341094017028809,
            0.047700185328722,
            0.019679177552461624
        ],
        [
            0.13073033094406128,
            0.05645589902997017,
            0.017426298931241035
        ],
        [
            0.12378060817718506,
            0.05814284086227417,
            0.0221612099558115
        ],
        [
            0.12028244137763977,
            0.05145706236362457,
            0.023920252919197083
        ],
        [
            0.1447937935590744,
            0.06948047131299973,
            0.011224273592233658
        ],
        [
            0.14727476239204407,
            0.0726679340004921,
            0.009249440394341946
        ],
        [
            0.14516937732696533,
            0.07283002138137817,
            0.012493740767240524
        ],
        [
            0.14172817766666412,
            0.06994155049324036,
            0.013241052627563477
        ],
        [
            0.06371287256479263,
            0.014964595437049866,
            0.012075010687112808
        ],
        [
            0.06841358542442322,
            0.010267078876495361,
            0.0192616768181324
        ],
        [
            0.10024365782737732,
            0.06911639869213104,
            0.00956373754888773
        ],
        [
            0.09565051645040512,
            0.06516437232494354,
            0.019145909696817398
        ],
        [
            0.1019386500120163,
            0.07722139358520508,
            0.020388249307870865
        ],
        [
            0.10520058870315552,
            0.07934600114822388,
            0.008758137002587318
        ],
        [
            0.07616743445396423,
            0.02516757696866989,
            -0.00045044906437397003
        ],
        [
            0.06969927996397018,
            0.02111530303955078,
            0.0014011990278959274
        ],
        [
            0.1810828149318695,
            0.06187289208173752,
            0.02431221306324005
        ],
        [
            0.18229685723781586,
            0.06510361284017563,
            0.02073313109576702
        ],
        [
            0.14265960454940796,
            -0.012125056236982346,
            0.004622157663106918
        ],
        [
            0.1621616631746292,
            -0.0012207478284835815,
            0.012654852122068405
        ],
        [
            0.12691208720207214,
            -0.016342326998710632,
            -0.0018396861851215363
        ],
        [
            0.11579114943742752,
            -0.01757783442735672,
            -0.006419009529054165
        ],
        [
            0.10739597678184509,
            -0.020923122763633728,
            -0.009051751345396042
        ],
        [
            0.15926191210746765,
            0.05065687745809555,
            0.003589340951293707
        ],
        [
            0.14284275472164154,
            0.035914745181798935,
            0.00819659698754549
        ],
        [
            0.1258450448513031,
            0.03403857350349426,
            0.0147920036688447
        ],
        [
            0.10613974928855896,
            0.048443570733070374,
            0.033648476004600525
        ],
        [
            0.1006726324558258,
            0.039732739329338074,
            0.03498435020446777
        ],
        [
            0.11039876937866211,
            0.03775258734822273,
            0.03094513528048992
        ],
        [
            0.11294656991958618,
            0.0459505170583725,
            0.030057894065976143
        ],
        [
            0.09806695580482483,
            0.06289969384670258,
            0.028607506304979324
        ],
        [
            0.10485582798719406,
            0.06018899381160736,
            0.03217769414186478
        ],
        [
            0.10868418216705322,
            0.0673726499080658,
            0.031001852825284004
        ],
        [
            0.10304854065179825,
            0.07220228016376495,
            0.02800494059920311
        ],
        [
            0.1709507703781128,
            0.01818770542740822,
            0.004359204787760973
        ],
        [
            0.16230392456054688,
            0.008433088660240173,
            -0.0048557911068201065
        ],
        [
            0.08005551248788834,
            0.0194779634475708,
            0.027100149542093277
        ],
        [
            0.07773052901029587,
            0.012172318994998932,
            0.02566513419151306
        ],
        [
            0.07297041267156601,
            0.0054980069398880005,
            0.023283451795578003
        ],
        [
            0.11368892341852188,
            0.015934564173221588,
            0.021742157638072968
        ],
        [
            0.10622221231460571,
            0.004193417727947235,
            0.02388884499669075
        ],
        [
            0.10990775376558304,
            0.002525143325328827,
            0.02233831025660038
        ],
        [
            0.11581673473119736,
            0.01491660624742508,
            0.018771706148982048
        ],
        [
            0.13072563707828522,
            0.016710877418518066,
            0.015273286029696465
        ],
        [
            0.12555953860282898,
            0.006500124931335449,
            0.02206745184957981
        ],
        [
            0.14048819243907928,
            0.02137196809053421,
            0.017461972311139107
        ],
        [
            0.10199646651744843,
            -0.008399859070777893,
            0.017780695110559464
        ],
        [
            0.0915500745177269,
            -0.010904103517532349,
            0.020040374249219894
        ],
        [
            0.09688416868448257,
            -0.015940673649311066,
            0.015123602002859116
        ],
        [
            0.08441895991563797,
            -0.005074076354503632,
            0.023290378972887993
        ],
        [
            0.07785569876432419,
            0.000699557363986969,
            0.02482709288597107
        ],
        [
            0.0623227059841156,
            0.01690639555454254,
            0.00040866341441869736
        ],
        [
            0.10179684311151505,
            -0.019383125007152557,
            0.00944733340293169
        ],
        [
            0.15739797055721283,
            0.019594192504882812,
            0.026640284806489944
        ],
        [
            0.1624109148979187,
            0.02374373748898506,
            0.02645675465464592
        ],
        [
            0.15868206322193146,
            0.02778158336877823,
            0.021345052868127823
        ],
        [
            0.15493950247764587,
            0.024537213146686554,
            0.02067960985004902
        ],
        [
            0.17385530471801758,
            0.0465310774743557,
            -0.014005906879901886
        ],
        [
            0.17285916209220886,
            0.04337069392204285,
            -0.008133215829730034
        ],
        [
            0.16867361962795258,
            0.037483781576156616,
            -0.007733799982815981
        ],
        [
            0.10503830015659332,
            0.020716749131679535,
            0.03130141645669937
        ],
        [
            0.09359019994735718,
            0.02521960437297821,
            0.034041039645671844
        ],
        [
            0.1639108955860138,
            0.05291194096207619,
            0.00014079175889492035
        ],
        [
            0.18460063636302948,
            0.06026626005768776,
            0.01343463733792305
        ],
        [
            0.18392033874988556,
            0.054305993020534515,
            0.012609543278813362
        ],
        [
            0.1786407232284546,
            0.04993467405438423,
            -0.0043027084320783615
        ],
        [
            0.17998677492141724,
            0.05712408572435379,
            -0.004888072609901428
        ],
        [
            0.16225577890872955,
            0.060701094567775726,
            7.154233753681183e-05
        ],
        [
            0.16193461418151855,
            0.05337248742580414,
            0.0003412982914596796
        ],
        [
            0.16093754768371582,
            0.054053228348493576,
            0.0011757296742871404
        ],
        [
            0.16017138957977295,
            0.060656964778900146,
            0.0031233783811330795
        ],
        [
            0.1370670348405838,
            0.07347141951322556,
            0.016902389004826546
        ],
        [
            0.134330153465271,
            0.07072100788354874,
            0.017681177705526352
        ],
        [
            0.15499697625637054,
            0.06706209480762482,
            -0.016770601272583008
        ],
        [
            0.16402770578861237,
            0.05960962921380997,
            -0.0243733711540699
        ],
        [
            0.15483897924423218,
            0.04786673188209534,
            -0.025555960834026337
        ],
        [
            0.13449132442474365,
            0.053969353437423706,
            0.014108819887042046
        ],
        [
            0.13994751870632172,
            0.06252138316631317,
            0.013403581455349922
        ],
        [
            0.1365870237350464,
            0.06385238468647003,
            0.0153649365529418
        ],
        [
            0.15879203379154205,
            0.05515666306018829,
            0.004214959684759378
        ],
        [
            0.16203616559505463,
            0.05871842801570892,
            0.0014081127010285854
        ],
        [
            0.1590956747531891,
            0.0606122650206089,
            0.003910998813807964
        ],
        [
            0.15422071516513824,
            0.05664805322885513,
            0.006568858399987221
        ],
        [
            0.08891530334949493,
            0.053590353578329086,
            0.018256433308124542
        ],
        [
            0.0917111411690712,
            0.05155685171484947,
            0.029412351548671722
        ],
        [
            0.1784927248954773,
            0.049701593816280365,
            0.01597684994339943
        ],
        [
            0.17959542572498322,
            0.0510392002761364,
            0.014741135761141777
        ],
        [
            0.12796439230442047,
            0.04485107213258743,
            0.0151515519246459
        ],
        [
            0.14490044116973877,
            0.0353437215089798,
            -0.022066090255975723
        ],
        [
            0.12162475287914276,
            0.03590285778045654,
            0.01782779023051262
        ],
        [
            0.12483272701501846,
            0.08270751684904099,
            0.007438989821821451
        ],
        [
            0.12592963874340057,
            0.08203018456697464,
            0.016453342512249947
        ],
        [
            0.12933020293712616,
            0.08252062648534775,
            0.018407847732305527
        ],
        [
            0.130625382065773,
            0.08481218665838242,
            0.013334173709154129
        ],
        [
            0.16401423513889313,
            0.0635542944073677,
            0.01547827199101448
        ],
        [
            0.16417060792446136,
            0.05737081915140152,
            0.01599002256989479
        ],
        [
            0.16545046865940094,
            0.058584313839673996,
            0.01613803580403328
        ],
        [
            0.1653156578540802,
            0.06443874537944794,
            0.01800857111811638
        ],
        [
            0.16439183056354523,
            0.04808548465371132,
            -0.001049649901688099
        ],
        [
            0.16950124502182007,
            0.044950298964977264,
            -0.003258263226598501
        ],
        [
            0.168153777718544,
            0.045227158814668655,
            2.3904256522655487e-05
        ],
        [
            0.16371338069438934,
            0.04942834749817848,
            0.00136856222525239
        ],
        [
            0.17323842644691467,
            0.04490901902318001,
            -0.006629857234656811
        ],
        [
            0.17396344244480133,
            0.04570290073752403,
            -0.0027029525954276323
        ],
        [
            0.16808125376701355,
            0.06879651546478271,
            0.015527123585343361
        ],
        [
            0.17602074146270752,
            0.06977184861898422,
            0.015924567356705666
        ],
        [
            0.17036645114421844,
            0.06836488097906113,
            -0.0016743900487199426
        ],
        [
            0.16422098875045776,
            0.06714548170566559,
            0.0027942832093685865
        ],
        [
            0.09789559245109558,
            0.03954479098320007,
            -0.007023865357041359
        ],
        [
            0.0904843658208847,
            0.04253537207841873,
            0.0007388144731521606
        ],
        [
            0.09927406907081604,
            0.05510259047150612,
            0.002243299502879381
        ],
        [
            0.10724747180938721,
            0.06876925379037857,
            0.002942929044365883
        ],
        [
            0.11625196039676666,
            0.0805293470621109,
            0.0039084600284695625
        ],
        [
            0.12386177480220795,
            0.07863232493400574,
            -0.005523908883333206
        ],
        [
            0.0934860110282898,
            0.05563369393348694,
            0.008167760446667671
        ],
        [
            0.16037411987781525,
            0.06623715907335281,
            -0.005641511175781488
        ],
        [
            0.1647418737411499,
            0.06696593761444092,
            -0.01161252148449421
        ],
        [
            0.1593829244375229,
            0.06825120747089386,
            -0.010712126269936562
        ],
        [
            0.11718741059303284,
            0.038663871586322784,
            0.0231533944606781
        ],
        [
            0.18010415136814117,
            0.050018418580293655,
            0.012778774835169315
        ],
        [
            0.101952463388443,
            -0.0025586895644664764,
            -0.020338349044322968
        ],
        [
            0.09197956323623657,
            0.006633952260017395,
            -0.019157789647579193
        ],
        [
            0.09946203231811523,
            0.011295422911643982,
            -0.019089778885245323
        ],
        [
            0.11117846518754959,
            0.0005802735686302185,
            -0.01935724914073944
        ],
        [
            0.168100506067276,
            0.05115055292844772,
            0.01560687180608511
        ],
        [
            0.17393764853477478,
            0.04841700568795204,
            0.013786468654870987
        ],
        [
            0.13027305901050568,
            0.0735192745923996,
            0.02206193096935749
        ],
        [
            0.13338817656040192,
            0.07606108486652374,
            0.020703362300992012
        ],
        [
            0.1311364322900772,
            0.07800939679145813,
            0.021838998422026634
        ],
        [
            0.12821783125400543,
            0.07732786983251572,
            0.02531544119119644
        ],
        [
            0.08644983917474747,
            0.042505692690610886,
            0.005162079818546772
        ],
        [
            0.10821586847305298,
            0.08250350505113602,
            0.02552604116499424
        ],
        [
            0.11129114031791687,
            0.08472546190023422,
            0.014065206050872803
        ],
        [
            0.0831444188952446,
            0.03168407082557678,
            -0.000978835392743349
        ],
        [
            0.08913794159889221,
            0.029231078922748566,
            -0.008266367018222809
        ],
        [
            0.08239126205444336,
            0.0221601240336895,
            -0.008898790925741196
        ],
        [
            0.13841988146305084,
            0.07699748873710632,
            -0.008510241284966469
        ],
        [
            0.1050061285495758,
            0.03858210891485214,
            -0.011896277777850628
        ],
        [
            0.0953906998038292,
            0.02755393087863922,
            -0.012337873689830303
        ],
        [
            0.0876147523522377,
            0.01903030276298523,
            -0.013255830854177475
        ],
        [
            0.08132228255271912,
            0.0135483518242836,
            -0.014118916355073452
        ],
        [
            0.07628442347049713,
            0.017483606934547424,
            -0.009133285842835903
        ],
        [
            0.18143339455127716,
            0.06594540923833847,
            0.014879407361149788
        ],
        [
            0.17628972232341766,
            0.06946638226509094,
            0.022372908890247345
        ],
        [
            0.0684932991862297,
            0.012966446578502655,
            -0.010625666007399559
        ],
        [
            0.07477865368127823,
            0.008394449949264526,
            -0.015632441267371178
        ],
        [
            0.1029043048620224,
            0.024248331785202026,
            -0.01648179441690445
        ],
        [
            0.11279613524675369,
            0.019025225192308426,
            -0.020098619163036346
        ],
        [
            0.11200805753469467,
            0.03496818616986275,
            -0.01567917689681053
        ],
        [
            0.12234184145927429,
            0.030983898788690567,
            -0.019544798880815506
        ],
        [
            0.14313115179538727,
            0.07413909584283829,
            -0.018562423065304756
        ],
        [
            0.16584981977939606,
            0.05806468427181244,
            0.0320170633494854
        ],
        [
            0.1685907393693924,
            0.06604324281215668,
            0.024708595126867294
        ],
        [
            0.16513629257678986,
            0.06318019330501556,
            0.020708175376057625
        ],
        [
            0.16240495443344116,
            0.0576266273856163,
            0.029395736753940582
        ],
        [
            0.1688656359910965,
            0.06843128055334091,
            0.02017369493842125
        ],
        [
            0.17462989687919617,
            0.06609800457954407,
            0.025914231315255165
        ],
        [
            0.13553328812122345,
            0.02218339592218399,
            -0.02029714547097683
        ],
        [
            0.16096217930316925,
            0.06351989507675171,
            0.0011889291927218437
        ],
        [
            0.12768274545669556,
            0.006600465625524521,
            -0.01801973581314087
        ],
        [
            0.15248030424118042,
            0.016847755759954453,
            -0.017895013093948364
        ],
        [
            0.14769503474235535,
            0.005075119435787201,
            -0.013148514553904533
        ],
        [
            0.12093260884284973,
            -0.009511604905128479,
            -0.014251217246055603
        ],
        [
            0.13857920467853546,
            -0.008039519190788269,
            -0.008760977536439896
        ],
        [
            0.10279098898172379,
            -0.014682471752166748,
            -0.01723424904048443
        ],
        [
            0.11079833656549454,
            -0.010651804506778717,
            -0.016343317925930023
        ],
        [
            0.1555887758731842,
            -0.003172416239976883,
            -0.0013052849099040031
        ],
        [
            0.1677989661693573,
            0.04670121520757675,
            0.0196385458111763
