{
    "pred_cam": [
        9.418111801147461,
        -0.053370244801044464,
        -0.0076332688331604
    ],
    "pred_mano_params": {
        "global_orient": [
            [
                [
                    -0.9770578145980835,
                    -0.1926390826702118,
                    0.09081968665122986
                ],
                [
                    0.07115992903709412,
                    -0.6972153782844543,
                    -0.7133210897445679
                ],
                [
                    0.2007344365119934,
                    -0.6904932260513306,
                    0.6949279308319092
                ]
            ]
        ],
        "hand_pose": [
            [
                [
                    0.7950313687324524,
                    -0.4133235514163971,
                    -0.4439467191696167
                ],
                [
                    0.4845373034477234,
                    0.873046338558197,
                    0.05489792674779892
                ],
                [
                    0.36489543318748474,
                    -0.25875431299209595,
                    0.894369900226593
                ]
            ],
            [
                [
                    0.851567804813385,
                    -0.5118030905723572,
                    0.11353372037410736
                ],
                [
                    0.5226951241493225,
                    0.8455393314361572,
                    -0.10887154191732407
                ],
                [
                    -0.040276430547237396,
                    0.15205501019954681,
                    0.9875510334968567
                ]
            ],
            [
                [
                    0.9741061329841614,
                    -0.15547160804271698,
                    0.16415177285671234
                ],
                [
                    0.16758470237255096,
                    0.9838657379150391,
                    -0.06263807415962219
                ],
                [
                    -0.1517648696899414,
                    0.08852547407150269,
                    0.9844443202018738
                ]
            ],
            [
                [
                    0.7704534530639648,
                    -0.6147161722183228,
                    -0.168895423412323
                ],
                [
                    0.6353130340576172,
                    0.7622857093811035,
                    0.12368454039096832
                ],
                [
                    0.05271568149328232,
                    -0.20259462296962738,
                    0.9778428673744202
                ]
            ],
            [
                [
                    0.9720882177352905,
                    -0.20662079751491547,
                    -0.11114142090082169
                ],
                [
                    0.22666031122207642,
                    0.9493807554244995,
                    0.21748855710029602
                ],
                [
                    0.0605778694152832,
                    -0.23660939931869507,
                    0.9697145819664001
                ]
            ],
            [
                [
                    0.9409011602401733,
                    -0.28129416704177856,
                    0.18862280249595642
                ],
                [
                    0.2731254994869232,
                    0.9595339894294739,
                    0.0685344710946083
                ],
                [
                    -0.20026832818984985,
                    -0.012966464273631573,
                    0.9796552658081055
                ]
            ],
            [
                [
                    0.7913985252380371,
                    -0.44403037428855896,
                    0.4201492667198181
                ],
                [
                    0.35392171144485474,
                    0.893211841583252,
                    0.2773301303386688
                ],
                [
                    -0.49842530488967896,
                    -0.07077869772911072,
                    0.8640385270118713
                ]
            ],
            [
                [
                    0.9602725505828857,
                    -0.2301926612854004,
                    -0.15775945782661438
                ],
                [
                    0.23550401628017426,
                    0.971748411655426,
                    0.015584980137646198
                ],
                [
                    0.14971494674682617,
                    -0.05211880803108215,
                    0.9873546361923218
                ]
            ],
            [
                [
                    0.989341676235199,
                    -0.09761674702167511,
                    0.10804608464241028
                ],
                [
                    0.023835545405745506,
                    0.8405698537826538,
                    0.5411784648895264
                ],
                [
                    -0.14364838600158691,
                    -0.5328351259231567,
                    0.8339375257492065
                ]
            ],
            [
                [
                    0.8476287126541138,
                    -0.4950277507305145,
                    0.1909794807434082
                ],
                [
                    0.502167820930481,
                    0.864679753780365,
                    0.012507053092122078
                ],
                [
                    -0.17132742702960968,
                    0.08530241996049881,
                    0.9815143942832947
                ]
            ],
            [
                [
                    0.9520150423049927,
                    -0.23515981435775757,
                    -0.1958755999803543
                ],
                [
                    0.2850453853607178,
                    0.9143101572990417,
                    0.28772568702697754
                ],
                [
                    0.11142951995134354,
                    -0.3297525942325592,
                    0.9374682307243347
                ]
            ],
            [
                [
                    0.8664931058883667,
                    -0.42979496717453003,
                    0.2539014518260956
                ],
                [
                    0.35120055079460144,
                    0.8863279819488525,
                    0.30179595947265625
                ],
                [
                    -0.3547503650188446,
                    -0.17233379185199738,
                    0.9189413189888
                ]
            ],
            [
                [
                    0.6887809038162231,
                    0.2413260042667389,
                    -0.6836245656013489
                ],
                [
                    -0.6867665648460388,
                    0.5192646384239197,
                    -0.5086411833763123
                ],
                [
                    0.23223373293876648,
                    0.8198328614234924,
                    0.5233942270278931
                ]
            ],
            [
                [
                    0.9595459699630737,
                    -0.2809016704559326,
                    0.01912478357553482
                ],
                [
                    0.2159646898508072,
                    0.7779012322425842,
                    0.5901092290878296
                ],
                [
                    -0.1806398630142212,
                    -0.5621066689491272,
                    0.8070968389511108
                ]
            ],
            [
                [
                    0.9440757632255554,
                    -0.31615692377090454,
                    0.09362585842609406
                ],
                [
                    0.2776489555835724,
                    0.6090803146362305,
                    -0.7429214715957642
                ],
                [
                    0.17785412073135376,
                    0.7273691892623901,
                    0.6627985835075378
                ]
            ]
        ],
        "betas": [
            0.1326281726360321,
            -0.06493809819221497,
            -0.11649325489997864,
            -0.03566071391105652,
            0.1333504319190979,
            -0.06849247962236404,
            0.033891499042510986,
            0.08293630182743073,
            0.11852431297302246,
            0.02467930316925049
        ]
    },
    "pred_cam_t": [
        -0.053370244801044464,
        -0.0076332688331604,
        4.1475934982299805
    ],
    "focal_length": [
        5000.0,
        5000.0
    ],
    "pred_keypoints_3d": [
        [
            0.0951860249042511,
            0.006334617733955383,
            0.006164196413010359
        ],
        [
            0.12386992573738098,
            -0.0029626088216900826,
            0.02961883507668972
        ],
        [
            0.15297909080982208,
            -0.012376921251416206,
            0.028160322457551956
        ],
        [
            0.17840182781219482,
            -0.020321521908044815,
            0.02378799207508564
        ],
        [
            0.21144980192184448,
            -0.008964043110609055,
            0.02337462455034256
        ],
        [
            0.18357670307159424,
            -0.010820895433425903,
            0.006358992774039507
        ],
        [
            0.21279281377792358,
            0.00350082665681839,
            0.0014196899719536304
        ],
        [
            0.22562767565250397,
            0.018648605793714523,
            0.011259574443101883
        ],
        [
            0.24014514684677124,
            0.03341500461101532,
            0.025622723624110222
        ],
        [
            0.18703803420066833,
            0.0031175289768725634,
            -0.013993097469210625
        ],
        [
            0.21358643472194672,
            0.019945265725255013,
            -0.010827969759702682
        ],
        [
            0.2280658483505249,
            0.03608386963605881,
            -0.0025136759504675865
        ],
        [
            0.24513618648052216,
            0.049921128898859024,
            0.010956227779388428
        ],
        [
            0.17290186882019043,
            0.02211359515786171,
            -0.025788564234972
        ],
        [
            0.20055876672267914,
            0.02890593186020851,
            -0.02236494980752468
        ],
        [
            0.21734149754047394,
            0.04594001546502113,
            -0.016245119273662567
        ],
        [
            0.23285356163978577,
            0.05824265629053116,
            -0.0011715330183506012
        ],
        [
            0.16004818677902222,
            0.03884172439575195,
            -0.030520133674144745
        ],
        [
            0.17993266880512238,
            0.045751649886369705,
            -0.02945009618997574
        ],
        [
            0.19547855854034424,
            0.05609467253088951,
            -0.026375673711299896
        ],
        [
            0.2117675244808197,
            0.06633803248405457,
            -0.016290314495563507
        ]
    ],
    "pred_vertices": [
        [
            0.14570975303649902,
            0.0020190197974443436,
            0.017351973801851273
        ],
        [
            0.1345125287771225,
            0.004152866080403328,
            0.019065536558628082
        ],
        [
            0.1433131992816925,
            0.0004024747759103775,
            0.01955355517566204
        ],
        [
            0.15199525654315948,
            -0.00197482667863369,
            0.02045169658958912
        ],
        [
            0.1379016637802124,
            0.010246913880109787,
            0.031706392765045166
        ],
        [
            0.1346684992313385,
            0.006602037698030472,
            0.04230828210711479
        ],
        [
            0.15141934156417847,
            0.0005421452224254608,
            0.03796200454235077
        ],
        [
            0.15234678983688354,
            0.004848431795835495,
            0.029068028554320335
        ],
        [
            0.15775740146636963,
            -0.0075724199414253235,
            0.020141692832112312
        ],
        [
            0.15174716711044312,
            -0.0027529262006282806,
            0.019659308716654778
        ],
        [
            0.1583494395017624,
            -0.014266584068536758,
            0.016860481351614
        ],
        [
            0.1638554185628891,
            -0.020469339564442635,
            0.016514047980308533
        ],
        [
            0.16469842195510864,
            -0.01250650268048048,
            0.019575636833906174
        ],
        [
            0.17098112404346466,
            -0.022094685584306717,
            0.013795755803585052
        ],
        [
            0.15579615533351898,
            -0.026612579822540283,
            0.013671131804585457
        ],
        [
            0.16867679357528687,
            -0.025618068873882294,
            0.005947198253124952
        ],
        [
            0.14593391120433807,
            -0.016802024096250534,
            -0.007184605114161968
        ],
        [
            0.14161409437656403,
            -0.007720445282757282,
            -0.015903426334261894
        ],
        [
            0.15804064273834229,
            -0.00712968036532402,
            -0.020502354949712753
        ],
        [
            0.1612941473722458,
            -0.015756644308567047,
            -0.010626420378684998
        ],
        [
            0.1465948522090912,
            0.008616448380053043,
            -0.027482807636260986
        ],
        [
            0.1536732017993927,
            -2.3776665329933167e-06,
            -0.023994240909814835
        ],
        [
            0.13719114661216736,
            -0.001539791002869606,
            -0.020406898111104965
        ],
        [
            0.1317494958639145,
            0.006376858800649643,
            -0.02367646060883999
        ],
        [
            0.13759613037109375,
            0.011104119941592216,
            0.009516991674900055
        ],
        [
            0.1264767348766327,
            0.013135131448507309,
            0.012373920530080795
        ],
        [
            0.12815910577774048,
            0.009040260687470436,
            0.015189279802143574
        ],
        [
            0.1394471377134323,
            0.007370978128165007,
            0.012652832083404064
        ],
        [
            0.15742669999599457,
            -0.02196144312620163,
            0.01958267204463482
        ],
        [
            0.14937222003936768,
            -0.024265078827738762,
            0.02303869090974331
        ],
        [
            0.1542416214942932,
            -0.021400321274995804,
            0.018189774826169014
        ],
        [
            0.16004471480846405,
            -0.01777857169508934,
            0.017214130610227585
        ],
        [
            0.10260885208845139,
            0.026542671024799347,
            0.016494322568178177
        ],
        [
            0.09021710604429245,
            0.021693021059036255,
            0.01638355851173401
        ],
        [
            0.09134383499622345,
            0.01729465089738369,
            0.020013270899653435
        ],
        [
            0.10233116149902344,
            0.02253691665828228,
            0.019211389124393463
        ],
        [
            0.10612024366855621,
            0.008558051660656929,
            0.03857436776161194
        ],
        [
            0.09481525421142578,
            0.0047767311334609985,
            0.032753489911556244
        ],
        [
            0.08959326893091202,
            -0.00800502672791481,
            0.033713020384311676
        ],
        [
            0.10091409087181091,
            -0.00762630719691515,
            0.03807978332042694
        ],
        [
            0.1207805648446083,
            0.008941637352108955,
            0.04238542914390564
        ],
        [
            0.11518799513578415,
            -0.0037033818662166595,
            0.045144177973270416
        ],
        [
            0.1312498301267624,
            -0.0031310729682445526,
            0.04642937332391739
        ],
        [
            0.14830219745635986,
            -0.007242197170853615,
            0.04175309091806412
        ],
        [
            0.08726100623607635,
            0.029385875910520554,
            0.006742561236023903
        ],
        [
            0.09593488276004791,
            0.034359388053417206,
            0.0058266278356313705
        ],
        [
            0.21357151865959167,
            0.004572853446006775,
            0.013733775354921818
        ],
        [
            0.2110014259815216,
            0.009664395824074745,
            0.012352335266768932
        ],
        [
            0.20776991546154022,
            0.007393567822873592,
            0.012108499184250832
        ],
        [
            0.2109987586736679,
            0.0026744697242975235,
            0.013424194417893887
        ],
        [
            0.0899762213230133,
            0.0279082003980875,
            -0.01295790821313858
        ],
        [
            0.08956430107355118,
            0.02034575678408146,
            -0.019448891282081604
        ],
        [
            0.08275224268436432,
            0.02175395004451275,
            -0.01741306111216545
        ],
        [
            0.08308727294206619,
            0.027452442795038223,
            -0.010043803602457047
        ],
        [
            0.09917175024747849,
            0.028462443500757217,
            -0.01662178337574005
        ],
        [
            0.09922809898853302,
            0.018460821360349655,
            -0.021506115794181824
        ],
        [
            0.22127418220043182,
            0.0008331798017024994,
            0.0043569812551140785
        ],
        [
            0.21995824575424194,
            0.00030206702649593353,
            0.009257543832063675
        ],
        [
            0.21713781356811523,
            -0.002884291112422943,
            0.007205927278846502
        ],
        [
            0.21758511662483215,
            -0.002283797599375248,
            0.0019287436734884977
        ],
        [
            0.16187302768230438,
            -0.004860948771238327,
            0.020216286182403564
        ],
        [
            0.15664422512054443,
            0.001510842703282833,
            0.016666512936353683
        ],
        [
            0.17969860136508942,
            -0.005277793854475021,
            0.016573920845985413
        ],
        [
            0.17047038674354553,
            -0.0020062029361724854,
            0.015062784776091576
        ],
        [
            0.1707722693681717,
            -0.008203341625630856,
            0.01883053593337536
        ],
        [
            0.1786399781703949,
            -0.010942372493445873,
            0.018423784524202347
        ],
        [
            0.1589602679014206,
            0.012920903041958809,
            0.0009500710293650627
        ],
        [
            0.14772307872772217,
            0.012662334367632866,
            0.004005075432360172
        ],
        [
            0.151034414768219,
            0.008312948979437351,
            0.007482757791876793
        ],
        [
            0.16401992738246918,
            0.008001675829291344,
            0.005823864601552486
        ],
        [
            0.14285694062709808,
            0.024197805672883987,
            -0.002299005165696144
        ],
        [
            0.15427082777023315,
            0.023204272612929344,
            -0.005114344879984856
        ],
        [
            0.1502477526664734,
            0.029887940734624863,
            -0.008354383520781994
        ],
        [
            0.1429637372493744,
            0.030054252594709396,
            -0.005060886964201927
        ],
        [
            0.17377743124961853,
            0.01831713318824768,
            -0.008602065965533257
        ],
        [
            0.18000882863998413,
            0.017088022083044052,
            -0.010085610672831535
        ],
        [
            0.17981910705566406,
            0.019911056384444237,
            -0.012187090702354908
        ],
        [
            0.17219720780849457,
            0.021050384268164635,
            -0.010672355070710182
        ],
        [
            0.07588452100753784,
            0.022041771560907364,
            -0.01584653928875923
        ],
        [
            0.07669065147638321,
            0.026044432073831558,
            -0.007005371153354645
        ],
        [
            0.13689923286437988,
            0.026899944990873337,
            -0.03238861262798309
        ],
        [
            0.1316588819026947,
            0.035907816141843796,
            -0.028989410027861595
        ],
        [
            0.14344584941864014,
            0.03931344673037529,
            -0.03320348262786865
        ],
        [
            0.14586129784584045,
            0.028583524748682976,
            -0.03596309944987297
        ],
        [
            0.09173902124166489,
            0.010436401702463627,
            -0.020917369052767754
        ],
        [
            0.0842285230755806,
            0.012605788186192513,
            -0.020982062444090843
        ],
        [
            0.2204405516386032,
            0.004431256093084812,
            -0.0005568007472902536
        ],
        [
            0.21651026606559753,
            0.0015912288799881935,
            -0.0027793576009571552
        ],
        [
            0.12442886829376221,
            -0.014871448278427124,
            0.04288878291845322
        ],
        [
            0.14421570301055908,
            -0.01571403443813324,
            0.04118368774652481
        ],
        [
            0.1083764061331749,
            -0.01578429341316223,
            0.037719808518886566
        ],
        [
            0.09754260629415512,
            -0.016862912103533745,
            0.030839495360851288
        ],
        [
            0.08812154829502106,
            -0.018254786729812622,
            0.027334045618772507
        ],
        [
            0.1729683130979538,
            0.0021691997535526752,
            0.01085613016039133
        ],
        [
            0.14974048733711243,
            0.005404619965702295,
            0.012471919879317284
        ],
        [
            0.13585737347602844,
            0.014922288246452808,
            0.006837046705186367
        ],
        [
            0.13008609414100647,
            0.041396450251340866,
            -0.0069603100419044495
        ],
        [
            0.12019379436969757,
            0.0411786213517189,
            -0.0033887866884469986
        ],
        [
            0.12649360299110413,
            0.0345468670129776,
            0.0017432738095521927
        ],
        [
            0.1337614804506302,
            0.03569028154015541,
            -0.0029322635382413864
        ],
        [
            0.1326814591884613,
            0.043318696320056915,
            -0.02267618291079998
        ],
        [
            0.136826753616333,
            0.044178422540426254,
            -0.016031257808208466
        ],
        [
            0.1453927457332611,
            0.04473073035478592,
            -0.019414983689785004
        ],
        [
            0.14277392625808716,
            0.04479237645864487,
            -0.026321854442358017
        ],
        [
            0.1566842794418335,
            -0.025498125702142715,
            0.02590768411755562
        ],
        [
            0.1456763744354248,
            -0.02571948431432247,
            0.028648903593420982
        ],
        [
            0.0913897454738617,
            0.033006466925144196,
            -0.00392070971429348
        ],
        [
            0.08505215495824814,
            0.0301850326359272,
            -0.0005858615040779114
        ],
        [
            0.07729534059762955,
            0.027209166437387466,
            0.0005639232695102692
        ],
        [
            0.11468981951475143,
            0.019728662446141243,
            0.016314037144184113
        ],
        [
            0.10220738500356674,
            0.01997273415327072,
            0.021495401859283447
        ],
        [
            0.10424049198627472,
            0.017789438366889954,
            0.02531241811811924
        ],
        [
            0.11514725536108017,
            0.017062842845916748,
            0.01796671934425831
        ],
        [
            0.12783317267894745,
            0.010116195306181908,
            0.023189647123217583
        ],
        [
            0.12111780792474747,
            0.014445234090089798,
            0.03278093785047531
        ],
        [
            0.1405101865530014,
            0.006623938679695129,
            0.02117740735411644
        ],
        [
            0.09143554419279099,
            0.011514043435454369,
            0.025694560259580612
        ],
        [
            0.08155728131532669,
            0.01498674601316452,
            0.021700959652662277
        ],
        [
            0.08262012898921967,
            0.007834786549210548,
            0.02665230818092823
        ],
        [
            0.07962921261787415,
            0.0213431715965271,
            0.014657785184681416
        ],
        [
            0.07811322808265686,
            0.02604391612112522,
            0.00736030749976635
        ],
        [
            0.07589124888181686,
            0.01226846408098936,
            -0.02252303808927536
        ],
        [
            0.08437255769968033,
            0.0004707165062427521,
            0.029812835156917572
        ],
        [
            0.1602410227060318,
            -0.0008014589548110962,
            0.028136033564805984
        ],
        [
            0.16672949492931366,
            -0.005824573338031769,
            0.02793092653155327
        ],
        [
            0.16519246995449066,
            -0.006720462813973427,
            0.020436037331819534
        ],
        [
            0.15895958244800568,
            -0.002402001991868019,
            0.020188506692647934
        ],
        [
            0.18055808544158936,
            -0.021912910044193268,
            0.009838612750172615
        ],
        [
            0.18033649027347565,
            -0.016788966953754425,
            0.016245387494564056
        ],
        [
            0.1705862432718277,
            -0.016025500372052193,
            0.018834304064512253
        ],
        [
            0.11163286119699478,
            0.031009383499622345,
            0.010875694453716278
        ],
        [
            0.10557018965482712,
            0.03762105107307434,
            0.002343820407986641
        ],
        [
            0.18165677785873413,
            -0.0011269799433648586,
            0.012277602218091488
        ],
        [
            0.2131742686033249,
            -0.005298363044857979,
            0.0004861084744334221
        ],
        [
            0.2129436731338501,
            -0.005938396789133549,
            0.006415082607418299
        ],
        [
            0.19687440991401672,
            -0.015286887995898724,
            0.007939428091049194
        ],
        [
            0.19743284583091736,
            -0.01490747556090355,
            0.0011338181793689728
        ],
        [
            0.18748632073402405,
            0.00061423284932971,
            0.004125945270061493
        ],
        [
            0.18558470904827118,
            -0.000550558790564537,
            0.010914245620369911
        ],
        [
            0.1873796135187149,
            0.0004386098589748144,
            0.009246248751878738
        ],
        [
            0.18871469795703888,
            0.0038141554687172174,
            0.0038087405264377594
        ],
        [
            0.1742645651102066,
            0.026453273370862007,
            -0.015622792765498161
        ],
        [
            0.16744832694530487,
            0.027476809918880463,
            -0.013962611556053162
        ],
        [
            0.17661738395690918,
            -0.01145169511437416,
            -0.012034284882247448
        ],
        [
            0.17641094326972961,
            -0.02251187525689602,
            -0.005627869628369808
        ],
        [
            0.1637134999036789,
            -0.02366911992430687,
            -0.0025197970680892467
        ],
        [
            0.15545275807380676,
            0.018381454050540924,
            -0.0025715501978993416
        ],
        [
            0.1653209775686264,
            0.019192298874258995,
            -0.005821365863084793
        ],
        [
            0.16378295421600342,
            0.022323595359921455,
            -0.008038287982344627
        ],
        [
            0.1756543517112732,
            0.004073631018400192,
            0.007380127906799316
        ],
        [
            0.18232719600200653,
            0.00219561904668808,
            0.007015158887952566
        ],
        [
            0.17952266335487366,
            0.005035917274653912,
            0.002981441095471382
        ],
        [
            0.1727454513311386,
            0.007408772129565477,
            0.003781186416745186
        ],
        [
            0.11939362436532974,
            0.03297079727053642,
            -0.025608770549297333
        ],
        [
            0.12053041160106659,
            0.04192592203617096,
            -0.018512537702918053
        ],
        [
            0.21699431538581848,
            0.0014288555830717087,
            0.012656761333346367
        ],
        [
            0.2144460529088974,
            -0.001119835302233696,
            0.01157013513147831
        ],
        [
            0.14451032876968384,
            0.01804831624031067,
            0.0005283746868371964
        ],
        [
            0.14910313487052917,
            -0.022714784368872643,
            0.0014163755113258958
        ],
        [
            0.1338292807340622,
            0.01924508437514305,
            0.004247949458658695
        ],
        [
            0.1633709967136383,
            0.02194942720234394,
            -0.03204125910997391
        ],
        [
            0.16500747203826904,
            0.028545409440994263,
            -0.029083216562867165
        ],
        [
            0.17166243493556976,
            0.028593052178621292,
            -0.02828533761203289
        ],
        [
            0.17233771085739136,
            0.02383248880505562,
            -0.03176119923591614
        ],
        [
            0.20169401168823242,
            0.010805447585880756,
            0.0019221691181883216
        ],
        [
            0.20231546461582184,
            0.010165252722799778,
            0.00756369112059474
        ],
        [
            0.20585834980010986,
            0.011591334827244282,
            0.007895069196820259
        ],
        [
            0.2062293291091919,
            0.01289274264127016,
            0.002190475817769766
        ],
        [
            0.185785174369812,
            -0.004610069096088409,
            0.014985604211688042
        ],
        [
            0.18612492084503174,
            -0.01031523011624813,
            0.01703644171357155
        ],
        [
            0.19174882769584656,
            -0.007413243409246206,
            0.015337986871600151
        ],
        [
            0.1895982027053833,
            -0.00258643482811749,
            0.012732799164950848
        ],
        [
            0.1884232610464096,
            -0.015509622171521187,
            0.014109419658780098
        ],
        [
            0.1944599598646164,
            -0.012567452155053616,
            0.012990394607186317
        ],
        [
            0.2036755084991455,
            0.008484793826937675,
            -0.0037540430203080177
        ],
        [
            0.20801900327205658,
            0.003096364438533783,
            -0.006550773978233337
        ],
        [
            0.1930302381515503,
            -0.0048387194983661175,
            -0.006960876751691103
        ],
        [
            0.19171114265918732,
            0.002088587498292327,
            -0.0029578409157693386
        ],
        [
            0.11730761080980301,
            0.0034701256081461906,
            -0.021042224019765854
        ],
        [
            0.11348731070756912,
            0.013252184726297855,
            -0.024347709491848946
        ],
        [
            0.1277608573436737,
            0.01638478972017765,
            -0.027115626260638237
        ],
        [
            0.14141719043254852,
            0.019250229001045227,
            -0.031047185882925987
        ],
        [
            0.15464180707931519,
            0.021796705201268196,
            -0.033416710793972015
        ],
        [
            0.158723384141922,
            0.010474852286279202,
            -0.031843651086091995
        ],
        [
            0.12382204830646515,
            0.023248203098773956,
            -0.028478261083364487
        ],
        [
            0.18588992953300476,
            -0.0033091283403337,
            -0.005345555488020182
        ],
        [
            0.1840822845697403,
            -0.010638076812028885,
            -0.007257466204464436
        ],
        [
            0.18325479328632355,
            -0.007517023012042046,
            -0.009897692129015923
        ],
        [
            0.13221187889575958,
            0.02600708231329918,
            0.0018266811966896057
        ],
        [
            0.21085606515407562,
            -0.003938715904951096,
            0.011067966930568218
        ],
        [
            0.09448986500501633,
            -0.0220303013920784,
            0.006358381826430559
        ],
        [
            0.09241974353790283,
            -0.015887074172496796,
            -0.005593273788690567
        ],
        [
            0.1010664775967598,
            -0.01627022959291935,
            -0.0046389056369662285
        ],
        [
            0.10350648313760757,
            -0.022402644157409668,
            0.009669134393334389
        ],
        [
            0.20460417866706848,
            0.005994531325995922,
            0.012402776628732681
        ],
        [
            0.20762774348258972,
            0.0006437133997678757,
            0.014058129861950874
        ],
        [
            0.16660702228546143,
            0.03272134065628052,
            -0.017664294689893723
        ],
        [
            0.17289911210536957,
            0.030704116448760033,
            -0.01913890428841114
        ],
        [
            0.17357181012630463,
            0.03167060390114784,
            -0.02263752557337284
        ],
        [
            0.16821089386940002,
            0.03625313937664032,
            -0.021522995084524155
        ],
        [
            0.11041851341724396,
            0.0181845985352993,
            -0.02490060403943062
        ],
        [
            0.15154756605625153,
            0.042005304247140884,
            -0.03427163138985634
        ],
        [
            0.15289470553398132,
            0.03229203075170517,
            -0.03730772063136101
        ],
        [
            0.1011388972401619,
            0.010158529505133629,
            -0.02177303656935692
        ],
        [
            0.10422638058662415,
            0.0013176165521144867,
            -0.019398724660277367
        ],
        [
            0.0946444422006607,
            0.0003029787912964821,
            -0.018443627282977104
        ],
        [
            0.17013651132583618,
            0.002739477902650833,
            -0.025517240166664124
        ],
        [
            0.12219701707363129,
            -0.0030058519914746284,
            -0.018213966861367226
        ],
        [
            0.10801907628774643,
            -0.004410969093441963,
            -0.016169115900993347
        ],
        [
            0.09672761708498001,
            -0.0058746058493852615,
            -0.014882881194353104
        ],
        [
            0.0884663537144661,
            -0.00674180593341589,
            -0.01483972929418087
        ],
        [
            0.08702262490987778,
            0.00022788532078266144,
            -0.01862557977437973
        ],
        [
            0.21135103702545166,
            -0.0013243230059742928,
            -0.004172209650278091
        ],
        [
            0.21348126232624054,
            0.006994882598519325,
            -0.0056406171061098576
        ],
        [
            0.07815234363079071,
            -0.0005590980872511864,
            -0.020360395312309265
        ],
        [
            0.08018048852682114,
            -0.00804190058261156,
            -0.015418224036693573
        ],
        [
            0.11180886626243591,
            -0.010962115600705147,
            -0.01103802677243948
        ],
        [
            0.11586955934762955,
            -0.018048211932182312,
            -0.0031014475971460342
        ],
        [
            0.1253814846277237,
            -0.009173805825412273,
            -0.013145359233021736
        ],
        [
            0.13064628839492798,
            -0.01627754420042038,
            -0.005984909366816282
        ],
        [
            0.17064186930656433,
            -0.007825668901205063,
            -0.02351994439959526
        ],
        [
            0.22253745794296265,
            0.019950900226831436,
            0.0025680121034383774
        ],
        [
            0.21393360197544098,
            0.014314106665551662,
            -0.0015720203518867493
        ],
        [
            0.2105962336063385,
            0.015470691956579685,
            0.0029976582154631615
        ],
        [
            0.2196216732263565,
            0.021970724686980247,
            0.004891112446784973
        ],
        [
            0.20883530378341675,
            0.011418525129556656,
            -0.0029411555733531713
        ],
        [
            0.21733246743679047,
            0.009887641295790672,
            -0.0031848461367189884
        ],
        [
            0.13418647646903992,
            -0.02294795587658882,
            0.006235506385564804
        ],
        [
            0.18558332324028015,
            0.003163822926580906,
            0.0012388578616082668
        ],
        [
            0.11905784159898758,
            -0.023566171526908875,
            0.014172281138598919
        ],
        [
            0.14289140701293945,
            -0.028304174542427063,
            0.016978353261947632
        ],
        [
            0.13306382298469543,
            -0.026593593880534172,
            0.024858443066477776
        ],
        [
            0.10571383684873581,
            -0.023221628740429878,
            0.02425810694694519
        ],
        [
            0.12054639309644699,
            -0.023881223052740097,
            0.03289477154612541
        ],
        [
            0.08784343302249908,
            -0.022914815694093704,
            0.01677051931619644
        ],
        [
            0.09680511057376862,
            -0.02278641238808632,
            0.018856201320886612
        ],
