{
    "pred_cam": [
        8.610824584960938,
        -0.051931560039520264,
        -0.06447160989046097
    ],
    "pred_mano_params": {
        "global_orient": [
            [
                [
                    0.7517779469490051,
                    -0.09169608354568481,
                    -0.6530097126960754
                ],
                [
                    -0.6377131938934326,
                    -0.3530712127685547,
                    -0.6845893263816833
                ],
                [
                    -0.16778476536273956,
                    0.9310921430587769,
                    -0.32390695810317993
                ]
            ]
        ],
        "hand_pose": [
            [
                [
                    0.9952068328857422,
                    -0.005048792343586683,
                    -0.09766148775815964
                ],
                [
                    -0.011739636771380901,
                    0.9852761626243591,
                    -0.1705668419599533
                ],
                [
                    0.09708469361066818,
                    0.17089581489562988,
                    0.9804943203926086
                ]
            ],
            [
                [
                    0.7956452965736389,
                    -0.6057498455047607,
                    0.003956435713917017
                ],
                [
                    0.5932779908180237,
                    0.7779112458229065,
                    -0.20706366002559662
                ],
                [
                    0.1223510354757309,
                    0.16709651052951813,
                    0.9783194661140442
                ]
            ],
            [
                [
                    0.886852502822876,
                    -0.4546745717525482,
                    0.08224150538444519
                ],
                [
                    0.44697457551956177,
                    0.8893121480941772,
                    0.0966310203075409
                ],
                [
                    -0.11707404255867004,
                    -0.0489376001060009,
                    0.9919166564941406
                ]
            ],
            [
                [
                    0.8402920961380005,
                    -0.5267544388771057,
                    -0.12821432948112488
                ],
                [
                    0.5111752152442932,
                    0.8486063480377197,
                    -0.13626132905483246
                ],
                [
                    0.1805797517299652,
                    0.04895933344960213,
                    0.9823409914970398
                ]
            ],
            [
                [
                    0.6779054403305054,
                    -0.6884642839431763,
                    -0.25780048966407776
                ],
                [
                    0.7162488102912903,
                    0.6975401043891907,
                    0.020626066252589226
                ],
                [
                    0.1656259000301361,
                    -0.19863180816173553,
                    0.9659779667854309
                ]
            ],
            [
                [
                    0.8658496141433716,
                    -0.49585777521133423,
                    0.06655395030975342
                ],
                [
                    0.4986160397529602,
                    0.8661776781082153,
                    -0.033440228551626205
                ],
                [
                    -0.041065946221351624,
                    0.062139078974723816,
                    0.9972222447395325
                ]
            ],
            [
                [
                    0.4985142648220062,
                    -0.820853054523468,
                    -0.27871814370155334
                ],
                [
                    0.8628641366958618,
                    0.43893957138061523,
                    0.25059428811073303
                ],
                [
                    -0.08336065709590912,
                    -0.36542072892189026,
                    0.9271023273468018
                ]
            ],
            [
                [
                    0.9255658984184265,
                    -0.3650892674922943,
                    -0.1001877710223198
                ],
                [
                    0.3655325472354889,
                    0.9306846857070923,
                    -0.014558336697518826
                ],
                [
                    0.09855832159519196,
                    -0.023147188127040863,
                    0.9948620200157166
                ]
            ],
            [
                [
                    0.990311861038208,
                    0.13576893508434296,
                    0.029139701277017593
                ],
                [
                    -0.13160572946071625,
                    0.8507299423217773,
                    0.5088599920272827
                ],
                [
                    0.04429735615849495,
                    -0.5077650547027588,
                    0.8603559136390686
                ]
            ],
            [
                [
                    0.6476256251335144,
                    -0.7536435723304749,
                    -0.1122603565454483
                ],
                [
                    0.7367768287658691,
                    0.6569523215293884,
                    -0.15991726517677307
                ],
                [
                    0.1942703276872635,
                    0.020855683833360672,
                    0.9807262420654297
                ]
            ],
            [
                [
                    0.9266677498817444,
                    -0.3427506983280182,
                    -0.15430119633674622
                ],
                [
                    0.37444454431533813,
                    0.87762051820755,
                    0.29928845167160034
                ],
                [
                    0.03283654525876045,
                    -0.3351181745529175,
                    0.9416037797927856
                ]
            ],
            [
                [
                    0.9135594367980957,
                    -0.40250927209854126,
                    0.05827031284570694
                ],
                [
                    0.39223504066467285,
                    0.9098436832427979,
                    0.13541129231452942
                ],
                [
                    -0.1075211688876152,
                    -0.10085061192512512,
                    0.9890745282173157
                ]
            ],
            [
                [
                    0.8212438225746155,
                    0.05128861218690872,
                    -0.5682675242424011
                ],
                [
                    -0.45093727111816406,
                    0.6685590147972107,
                    -0.5913411974906921
                ],
                [
                    0.34959134459495544,
                    0.7418883442878723,
                    0.5721778869628906
                ]
            ],
            [
                [
                    0.949444055557251,
                    -0.2681707739830017,
                    -0.16321919858455658
                ],
                [
                    0.31370729207992554,
                    0.7905831933021545,
                    0.525895357131958
                ],
                [
                    -0.011991399340331554,
                    -0.5505112409591675,
                    0.8347416520118713
                ]
            ],
            [
                [
                    0.9476444125175476,
                    -0.24882900714874268,
                    0.20013567805290222
                ],
                [
                    0.3103588819503784,
                    0.8651870489120483,
                    -0.39386382699012756
                ],
                [
                    -0.07515006512403488,
                    0.4353567063808441,
                    0.89711594581604
                ]
            ]
        ],
        "betas": [
            0.04132242500782013,
            -0.08023178577423096,
            -0.05242413282394409,
            -0.1595534384250641,
            -0.0888282060623169,
            0.005906570702791214,
            0.0039719343185424805,
            0.013209059834480286,
            -0.02131420373916626,
            0.020231008529663086
        ]
    },
    "pred_cam_t": [
        -0.051931560039520264,
        -0.06447160989046097,
        4.536441326141357
    ],
    "focal_length": [
        5000.0,
        5000.0
    ],
    "pred_keypoints_3d": [
        [
            0.09550215303897858,
            0.006353434175252914,
            0.006223233416676521
        ],
        [
            0.0621284581720829,
            0.00955783948302269,
            -0.012397503480315208
        ],
        [
            0.035675786435604095,
            0.0249941423535347,
            -0.01404191181063652
        ],
        [
            0.016576386988162994,
            0.043824829161167145,
            -0.01049746572971344
        ],
        [
            -0.007858647964894772,
            0.0666431337594986,
            -0.021599262952804565
        ],
        [
            0.016599096357822418,
            0.05007673427462578,
            0.009484943002462387
        ],
        [
            -0.00820206105709076,
            0.06971654295921326,
            0.018768310546875
        ],
        [
            -0.014752472750842571,
            0.08962786942720413,
            0.011501796543598175
        ],
        [
            -0.016702786087989807,
            0.1089436262845993,
            -0.004046626389026642
        ],
        [
            0.026879698038101196,
            0.06939464807510376,
            0.02175634168088436
        ],
        [
            0.015361320227384567,
            0.0986635684967041,
            0.01709950715303421
        ],
        [
            0.02310001850128174,
            0.1141006201505661,
            0.001435237005352974
        ],
        [
            0.03426312282681465,
            0.12383001297712326,
            -0.019406165927648544
        ],
        [
            0.05191502347588539,
            0.07799005508422852,
            0.024825552478432655
        ],
        [
            0.0459064319729805,
            0.10413932055234909,
            0.014026548713445663
        ],
        [
            0.05336020886898041,
            0.12139678001403809,
            -0.0022143125534057617
        ],
        [
            0.06076835095882416,
            0.13445863127708435,
            -0.02266211435198784
        ],
        [
            0.07293325662612915,
            0.08313700556755066,
            0.022481409832835197
        ],
        [
            0.07743129879236221,
            0.09965250641107559,
            0.010118721053004265
        ],
        [
            0.08531036227941513,
            0.10978788137435913,
            -0.003814980387687683
        ],
        [
            0.09384610503911972,
            0.12112163752317429,
            -0.02209996059536934
        ]
    ],
    "pred_vertices": [
        [
            0.05101366341114044,
            0.032563626766204834,
            -0.005121635273098946
        ],
        [
            0.060775503516197205,
            0.026762792840600014,
            -0.00791875272989273
        ],
        [
            0.052261099219322205,
            0.03027954511344433,
            -0.009484600275754929
        ],
        [
            0.043329138308763504,
            0.03334204852581024,
            -0.007686784490942955
        ],
        [
            0.06080273911356926,
            0.02423015795648098,
            -0.025150366127490997
        ],
        [
            0.058032792061567307,
            0.01441749557852745,
            -0.031266678124666214
        ],
        [
            0.04316839948296547,
            0.02445889264345169,
            -0.028569482266902924
        ],
        [
            0.04813719540834427,
            0.032040491700172424,
            -0.024172235280275345
        ],
        [
            0.03638327121734619,
            0.03400779142975807,
            -0.006912749260663986
        ],
        [
            0.04466652125120163,
            0.03373947739601135,
            -0.01043158769607544
        ],
        [
            0.033832669258117676,
            0.03211968392133713,
            -0.0025296080857515335
        ],
        [
            0.024545414373278618,
            0.0299555454403162,
            0.003153556026518345
        ],
        [
            0.02760915644466877,
            0.034203656017780304,
            -0.0026295818388462067
        ],
        [
            0.018495213240385056,
            0.03305993974208832,
            0.006552994716912508
        ],
        [
            0.027514340355992317,
            0.02156922034919262,
            0.00935710035264492
        ],
        [
            0.02062029018998146,
            0.03126514330506325,
            0.015210478566586971
        ],
        [
            0.045601826161146164,
            0.027350950986146927,
            0.026010677218437195
        ],
        [
            0.0563485324382782,
            0.03391889110207558,
            0.030222982168197632
        ],
        [
            0.04498954862356186,
            0.046258728951215744,
            0.03303862363100052
        ],
        [
            0.03539108484983444,
            0.03862037509679794,
            0.027391474694013596
        ],
        [
            0.0644262507557869,
            0.05296260118484497,
            0.03389362990856171
        ],
        [
            0.053052693605422974,
            0.05001487582921982,
            0.033675529062747955
        ],
        [
            0.0644511952996254,
            0.03715767711400986,
            0.03190305456519127
        ],
        [
            0.07406748831272125,
            0.040463559329509735,
            0.03181729093194008
        ],
        [
            0.06447481364011765,
            0.035510074347257614,
            -0.000852460041642189
        ],
        [
            0.07357574254274368,
            0.02908887341618538,
            -0.003731111064553261
        ],
        [
            0.06919720768928528,
            0.02679004892706871,
            -0.004748839884996414
        ],
        [
            0.0600750595331192,
            0.03329918161034584,
            -0.0022633876651525497
        ],
        [
            0.029772959649562836,
            0.027974581345915794,
            -0.0021900497376918793
        ],
        [
            0.03188237547874451,
            0.017061445862054825,
            -0.0011946987360715866
        ],
        [
            0.03175286948680878,
            0.0244195144623518,
            0.0006396099925041199
        ],
        [
            0.03185687214136124,
            0.03308321163058281,
            -0.003342892974615097
        ],
        [
            0.09909570217132568,
            0.02139461040496826,
            -0.012239867821335793
        ],
        [
            0.10589587688446045,
            0.01015385240316391,
            -0.009343402460217476
        ],
        [
            0.10155031830072403,
            0.006423480808734894,
            -0.010758619755506516
        ],
        [
            0.09625950455665588,
            0.01732315495610237,
            -0.012781808152794838
        ],
        [
            0.08096256852149963,
            0.0010320097208023071,
            -0.023902801796793938
        ],
        [
            0.08848736435174942,
            -0.005489859730005264,
            -0.01645822264254093
        ],
        [
            0.08472634851932526,
            -0.017694786190986633,
            -0.011692270636558533
        ],
        [
            0.07528864592313766,
            -0.012513529509305954,
            -0.016068868339061737
        ],
        [
            0.06958813965320587,
            0.007784206420183182,
            -0.02965490333735943
        ],
        [
            0.06515004485845566,
            -0.0047303661704063416,
            -0.025158042088150978
        ],
        [
            0.05279397591948509,
            0.004490971565246582,
            -0.02873164229094982
        ],
        [
            0.038485508412122726,
            0.01668587327003479,
            -0.026412442326545715
        ],
        [
            0.115047886967659,
            0.017098531126976013,
            -0.003788607195019722
        ],
        [
            0.1115148738026619,
            0.026476219296455383,
            -0.005574710667133331
        ],
        [
            -0.009261430241167545,
            0.07250805199146271,
            0.006331094540655613
        ],
        [
            -0.004844890907406807,
            0.07619745284318924,
            0.008042175322771072
        ],
        [
            -0.0028801867738366127,
            0.07309842854738235,
            0.007346333470195532
        ],
        [
            -0.007425159215927124,
            0.06989365816116333,
            0.005970401223748922
        ],
        [
            0.11687985062599182,
            0.024942345917224884,
            0.01461072452366352
        ],
        [
            0.1142539381980896,
            0.02173997461795807,
            0.0237340796738863
        ],
        [
            0.11985413730144501,
            0.017625048756599426,
            0.02159656211733818
        ],
        [
            0.12120823562145233,
            0.019152745604515076,
            0.012477009557187557
        ],
        [
            0.11106137931346893,
            0.032555218786001205,
            0.017368802800774574
        ],
        [
            0.10618672519922256,
            0.027349021285772324,
            0.026001593098044395
        ],
        [
            -0.016993459314107895,
            0.07037971168756485,
            0.016215713694691658
        ],
        [
            -0.016415603458881378,
            0.07008211314678192,
            0.0110509367659688
        ],
        [
            -0.014414545148611069,
            0.0658412054181099,
            0.012461623176932335
        ],
        [
            -0.014080535620450974,
            0.06564626842737198,
            0.01804649457335472
        ],
        [
            0.03378083184361458,
            0.036731068044900894,
            -0.005551532842218876
        ],
        [
            0.04232263192534447,
            0.038649752736091614,
            -0.004376539960503578
        ],
        [
            0.019743449985980988,
            0.05060110241174698,
            -0.0012527015060186386
        ],
        [
            0.029800206422805786,
            0.045548222959041595,
            -0.0018913019448518753
        ],
        [
            0.02522393874824047,
            0.04055541008710861,
            -0.003124839626252651
        ],
        [
            0.017135582864284515,
            0.04446874558925629,
            -0.0014283433556556702
        ],
        [
            0.050917401909828186,
            0.05311227962374687,
            0.0052056824788451195
        ],
        [
            0.05883166193962097,
            0.044766440987586975,
            0.0030430080369114876
        ],
        [
            0.052854590117931366,
            0.042690202593803406,
            0.0015927590429782867
        ],
        [
            0.04288443177938461,
            0.051212433725595474,
            0.002651412971317768
        ],
        [
            0.07095998525619507,
            0.05185486376285553,
            0.004052463918924332
        ],
        [
            0.06216023862361908,
            0.05927719920873642,
            0.006595560349524021
        ],
        [
            0.07009577751159668,
            0.06228772550821304,
            0.0068670716136693954
        ],
        [
            0.07501980662345886,
            0.056860409677028656,
            0.004039660096168518
        ],
        [
            0.04476999491453171,
            0.06985229253768921,
            0.01074247807264328
        ],
        [
            0.03991331532597542,
            0.07436447590589523,
            0.013341144658625126
        ],
        [
            0.042926326394081116,
            0.07716520130634308,
            0.012562783434987068
        ],
        [
            0.047998785972595215,
            0.07110455632209778,
            0.011266262270510197
        ],
        [
            0.12496791034936905,
            0.012882262468338013,
            0.02036544308066368
        ],
        [
            0.12463483959436417,
            0.013010144233703613,
            0.01061139814555645
        ],
        [
            0.08440516889095306,
            0.06137657165527344,
            0.031131451949477196
        ],
        [
            0.09281875193119049,
            0.062457308173179626,
            0.02410617657005787
        ],
        [
            0.0869722068309784,
            0.07325331121683121,
            0.02550109475851059
        ],
        [
            0.0791310966014862,
            0.06975680589675903,
            0.03362412005662918
        ],
        [
            0.1070835292339325,
            0.016780920326709747,
            0.02917390689253807
        ],
        [
            0.1141686886548996,
            0.013510540127754211,
            0.028653360903263092
        ],
        [
            -0.014452001079916954,
            0.07266872376203537,
            0.021560506895184517
        ],
        [
            -0.011365488171577454,
            0.06824816018342972,
            0.023123562335968018
        ],
        [
            0.05113309249281883,
            -0.004769686609506607,
            -0.01831989549100399
        ],
        [
            0.03575512766838074,
            0.010072235018014908,
            -0.020237289369106293
        ],
        [
            0.0644412562251091,
            -0.013492830097675323,
            -0.011904062703251839
        ],
        [
            0.07389821112155914,
            -0.01803109422326088,
            -0.005058604292571545
        ],
        [
            0.08131909370422363,
            -0.02320515364408493,
            -0.001381928101181984
        ],
        [
            0.031162474304437637,
            0.05200972035527229,
            0.0002651344984769821
        ],
        [
            0.05097509175539017,
            0.03829721361398697,
            -0.0017268545925617218
        ],
        [
            0.06872084736824036,
            0.03788980096578598,
            5.5301934480667114e-06
        ],
        [
            0.09222160279750824,
            0.05730307474732399,
            0.001499975100159645
        ],
        [
            0.09891381859779358,
            0.04980859160423279,
            -0.0012175831943750381
        ],
        [
            0.0888463705778122,
            0.04733295366168022,
            -0.003397298976778984
        ],
        [
            0.08500559628009796,
            0.05424950644373894,
            4.8434361815452576e-05
        ],
        [
            0.09510362893342972,
            0.0657438337802887,
            0.014974254183471203
        ],
        [
            0.09097975492477417,
            0.06629753112792969,
            0.008297424763441086
        ],
        [
            0.08583462983369827,
            0.07206431031227112,
            0.010224932804703712
        ],
        [
            0.08930782973766327,
            0.07332098484039307,
            0.01678130030632019
        ],
        [
            0.025590550154447556,
            0.022678006440401077,
            -0.004861732944846153
        ],
        [
            0.031868331134319305,
            0.010968506336212158,
            -0.0044700987637043
        ],
        [
            0.11659058183431625,
            0.026142828166484833,
            0.004149191081523895
        ],
        [
            0.11900486052036285,
            0.01890432834625244,
            0.0026351530104875565
        ],
        [
            0.1230175569653511,
            0.011459752917289734,
            0.0032156966626644135
        ],
        [
            0.08568858355283737,
            0.024415843188762665,
            -0.009522471576929092
        ],
        [
            0.09428508579730988,
            0.01447068527340889,
            -0.013556335121393204
        ],
        [
            0.09060244262218475,
            0.012497931718826294,
            -0.015946321189403534
        ],
        [
            0.08337496221065521,
            0.02227500081062317,
            -0.00970536656677723
        ],
        [
            0.06918063759803772,
            0.023472843691706657,
            -0.01473679393529892
        ],
        [
            0.0748356506228447,
            0.016552142798900604,
            -0.02385978400707245
        ],
        [
            0.058887284249067307,
            0.030250178650021553,
            -0.015215061604976654
        ],
        [
            0.09668882191181183,
            0.00016516074538230896,
            -0.013176525011658669
        ],
        [
            0.1074000746011734,
            -0.001962125301361084,
            -0.010876752436161041
        ],
        [
            0.10115040093660355,
            -0.008100669831037521,
            -0.012246419675648212
        ],
        [
            0.11434553563594818,
            0.0037737488746643066,
            -0.007148636505007744
        ],
        [
            0.12004050612449646,
            0.008711598813533783,
            -0.0024965479969978333
        ],
        [
            0.12080494314432144,
            0.008528418838977814,
            0.03057965822517872
        ],
        [
            0.09467881917953491,
            -0.013298191130161285,
            -0.011958039365708828
        ],
        [
            0.039390385150909424,
            0.03560313954949379,
            -0.022378796711564064
        ],
        [
            0.03216737136244774,
            0.038430485874414444,
            -0.020393425598740578
        ],
        [
            0.03530339151620865,
            0.04077182710170746,
            -0.013985438272356987
        ],
        [
            0.041656218469142914,
            0.038107600063085556,
            -0.015011517331004143
        ],
        [
            0.011448737233877182,
            0.03830021619796753,
            0.010083958506584167
        ],
        [
            0.012981136329472065,
            0.041293539106845856,
            0.002592729404568672
        ],
        [
            0.020956367254257202,
            0.03523565083742142,
            -0.0003555659204721451
        ],
        [
            0.0961100161075592,
            0.032250333577394485,
            -0.009521674364805222
        ],
        [
            0.10686130821704865,
            0.036129314452409744,
            -0.004256140440702438
        ],
        [
            0.02074865624308586,
            0.05652865022420883,
            0.002207026816904545
        ],
        [
            -0.011017534881830215,
            0.06152522191405296,
            0.01923825591802597
        ],
        [
            -0.01159204263240099,
            0.06136294826865196,
            0.013208119198679924
        ],
        [
            0.0001295886468142271,
            0.04902977496385574,
            0.011971110478043556
        ],
        [
            0.0004383698105812073,
            0.04946384206414223,
            0.01866292767226696
        ],
        [
            0.01641947589814663,
            0.0627017617225647,
            0.011396943591535091
        ],
        [
            0.016223223879933357,
            0.05992022529244423,
            0.005842036101967096
        ],
        [
            0.01393156684935093,
            0.061571262776851654,
            0.008363929577171803
        ],
        [
            0.013957630842924118,
            0.06519806385040283,
            0.013634071685373783
        ],
        [
            0.05214747041463852,
            0.07786368578672409,
            0.012664420530200005
        ],
        [
            0.05627325922250748,
            0.07279672473669052,
            0.011386968195438385
        ],
        [
            0.025769274681806564,
            0.05133162438869476,
            0.026017576456069946
        ],
        [
            0.018941592425107956,
            0.03973744064569473,
            0.023876957595348358
        ],
        [
            0.027513451874256134,
            0.03231443464756012,
            0.022910989820957184
        ],
        [
            0.05774252116680145,
            0.05589323863387108,
            0.0062190210446715355
        ],
        [
            0.05124843865633011,
            0.06382051110267639,
            0.008304192684590816
        ],
        [
            0.054814718663692474,
            0.06559860706329346,
            0.009048293344676495
        ],
        [
            0.03075995296239853,
            0.056235432624816895,
            0.002729710191488266
        ],
        [
            0.023342125117778778,
            0.060499466955661774,
            0.005511576309800148
        ],
        [
            0.02937271259725094,
            0.060578249394893646,
            0.006072678603231907
        ],
        [
            0.0360904224216938,
            0.05714741721749306,
            0.004391686990857124
        ],
        [
            0.10001428425312042,
            0.05170149356126785,
            0.022898070514202118
        ],
        [
            0.10274837911128998,
            0.05596497654914856,
            0.012484485283493996
        ],
        [
            -0.01349023636430502,
            0.07063042372465134,
            0.007460452150553465
        ],
        [
            -0.011707539670169353,
            0.06721097230911255,
            0.007854199036955833
        ],
        [
            0.06534330546855927,
            0.04767834395170212,
            0.004017524421215057
        ],
        [
            0.037684373557567596,
            0.022942587733268738,
            0.02042681723833084
        ],
        [
            0.07346068322658539,
            0.040502555668354034,
            0.0005552098155021667
        ],
        [
            0.060374267399311066,
            0.07426654547452927,
            0.03047087788581848
        ],
        [
            0.06338857114315033,
            0.07943709194660187,
            0.022773412987589836
        ],
        [
            0.05959164723753929,
            0.08222857862710953,
            0.02284265123307705
        ],
        [
            0.056301891803741455,
            0.08090848475694656,
            0.028407176956534386
        ],
        [
            0.004154679365456104,
            0.07436943799257278,
            0.01710464060306549
        ],
        [
            0.0027078473940491676,
            0.074250228703022,
            0.011567636393010616
        ],
        [
            0.000614524818956852,
            0.07601922750473022,
            0.011594557203352451
        ],
        [
            0.0013769632205367088,
            0.07686838507652283,
            0.0173833966255188
        ],
        [
            0.013908157125115395,
            0.0556645430624485,
            0.0026091565378010273
        ],
        [
            0.010877151042222977,
            0.04993315786123276,
            0.0014227041974663734
        ],
        [
            0.006724032107740641,
            0.055027250200510025,
            0.0037122610956430435
        ],
        [
            0.010510350577533245,
            0.05906154587864876,
            0.005581041797995567
        ],
        [
            0.006776371039450169,
            0.04645956680178642,
            0.005486905109137297
        ],
        [
            0.0027006249874830246,
            0.05091976001858711,
            0.006516297347843647
        ],
        [
            0.0023501841351389885,
            0.07220903038978577,
            0.02293015643954277
        ],
        [
            -0.0029535461217164993,
            0.06783824414014816,
            0.026040740311145782
        ],
        [
            0.008415784686803818,
            0.05824749916791916,
            0.025148753076791763
        ],
        [
            0.011055142618715763,
            0.06398436427116394,
            0.020746294409036636
        ],
        [
            0.08308311551809311,
            0.02826673537492752,
            0.0312642827630043
        ],
        [
            0.09261682629585266,
            0.03382878378033638,
            0.03029416874051094
        ],
        [
            0.08391143381595612,
            0.046169914305210114,
            0.030986977741122246
        ],
        [
            0.07566472887992859,
            0.0584835447371006,
            0.03283797949552536
        ],
        [
            0.06702711433172226,
            0.06965289264917374,
            0.03323309123516083
        ],
        [
            0.05656761676073074,
            0.06370286643505096,
            0.03669165074825287
        ],
        [
            0.0914161279797554,
            0.04890325292944908,
            0.029464539140462875
        ],
        [
            0.021129105240106583,
            0.061932723969221115,
            0.016986597329378128
        ],
        [
            0.017249511554837227,
            0.053033411502838135,
            0.022982243448495865
        ],
        [
            0.02208256535232067,
            0.058154135942459106,
            0.02222651243209839
        ],
        [
            0.0793076604604721,
            0.045008327811956406,
            -9.151361882686615e-05
        ],
        [
            -0.009517749771475792,
            0.06296610087156296,
            0.008515294641256332
        ],
        [
            0.07923641800880432,
            -0.013800844550132751,
            0.018624339252710342
        ],
        [
            0.08735167980194092,
            -0.006557494401931763,
            0.026718588545918465
        ],
        [
            0.08021970093250275,
            -0.0016572102904319763,
            0.025668423622846603
        ],
        [
            0.07113136351108551,
            -0.009490877389907837,
            0.015664735808968544
        ],
        [
            -0.001143881119787693,
            0.07106254249811172,
            0.006873905658721924
        ],
        [
            -0.005508651956915855,
            0.06666308641433716,
            0.005392434541136026
        ],
        [
            0.061395060271024704,
            0.07670388370752335,
            0.011914164759218693
        ],
        [
            0.05713312327861786,
            0.08051691949367523,
            0.013784424401819706
        ],
        [
            0.059549421072006226,
            0.08295512944459915,
            0.016572818160057068
        ],
        [
            0.0647340640425682,
            0.08171001076698303,
            0.012738711200654507
        ],
        [
            0.09808854758739471,
            0.035537298768758774,
            0.028825517743825912
        ],
        [
            0.08439145982265472,
            0.07961970567703247,
            0.02311573550105095
        ],
        [
            0.07659308612346649,
            0.07737179100513458,
            0.031149284914135933
        ],
        [
            0.09981009364128113,
            0.022890575230121613,
            0.029671603813767433
        ],
        [
            0.09163109958171844,
            0.01785462722182274,
            0.031203972175717354
        ],
        [
            0.0982566624879837,
            0.010711528360843658,
            0.031183842569589615
        ],
        [
            0.041743479669094086,
            0.06307992339134216,
            0.03275845944881439
        ],
        [
            0.07480064779520035,
            0.02583485096693039,
            0.03123089298605919
        ],
        [
            0.08455394208431244,
            0.015121396631002426,
            0.030548838898539543
        ],
        [
            0.092140793800354,
            0.006472602486610413,
            0.030512183904647827
        ],
        [
            0.09803584218025208,
            0.0006153956055641174,
            0.031215179711580276
        ],
        [
            0.1041608601808548,
            0.0058825090527534485,
            0.03172579035162926
        ],
        [
            -0.007602142170071602,
            0.06444660574197769,
            0.0238011684268713
        ],
        [
            -0.006529601290822029,
            0.07250279188156128,
            0.02578294463455677
        ],
        [
            0.11100500077009201,
            0.00033588707447052,
            0.03402777016162872
        ],
        [
            0.1038680151104927,
            -0.005330860614776611,
            0.03264671564102173
        ],
        [
            0.07656027376651764,
            0.011119890958070755,
            0.028596796095371246
        ],
        [
            0.06719911843538284,
            0.006061196327209473,
            0.0245180856436491
        ],
        [
            0.06751866638660431,
            0.02169707417488098,
            0.029136959463357925
        ],
        [
            0.05748399347066879,
            0.017612643539905548,
            0.025543471798300743
        ],
        [
            0.03528307005763054,
            0.05452544987201691,
            0.03491012752056122
        ],
        [
            -0.010969690978527069,
            0.08887305855751038,
            0.020046653226017952
        ],
        [
            -0.005135463550686836,
            0.08011820912361145,
            0.02270754799246788
        ],
        [
            -0.0017565367743372917,
            0.08045060932636261,
            0.017964571714401245
        ],
        [
            -0.00745475385338068,
            0.08952416479587555,
            0.017690490931272507
        ],
        [
            -0.0009477902203798294,
            0.07573646306991577,
            0.022689810022711754
        ],
        [
            -0.00957694835960865,
            0.07695601135492325,
            0.024265706539154053
        ],
        [
            0.04768674820661545,
            0.011605143547058105,
            0.01732165366411209
        ],
        [
            0.023963114246726036,
            0.06462156772613525,
            0.009020951576530933
        ],
        [
            0.056960977613925934,
            -0.0014688894152641296,
            0.011761855334043503
        ],
        [
            0.03524128720164299,
            0.010877560824155807,
            0.008601502515375614
        ],
        [
            0.0417090468108654,
            0.002364620566368103,
            0.001969454810023308
        ],
        [
            0.06515839695930481,
            -0.014320418238639832,
            0.003539280965924263
        ],
        [
            0.05099080502986908,
            -0.008102383464574814,
            -0.004567228257656097
        ],
        [
            0.08135955035686493,
            -0.022508487105369568,
            0.009917977266013622
        ],
        [
            0.07383248209953308,
            -0.01762472093105316,
            0.008023500442504883
        ],
        [
