{
    "pred_cam": [
        8.19443130493164,
        0.051145218312740326,
        -0.06506389379501343
    ],
    "pred_mano_params": {
        "global_orient": [
            [
                [
                    0.837978184223175,
                    -0.5238558053970337,
                    -0.15286488831043243
                ],
                [
                    -0.5439888834953308,
                    -0.8240908980369568,
                    -0.15795639157295227
                ],
                [
                    -0.04322819784283638,
                    0.21552079916000366,
                    -0.9755419492721558
                ]
            ]
        ],
        "hand_pose": [
            [
                [
                    0.8913939595222473,
                    -0.4076955318450928,
                    -0.19799301028251648
                ],
                [
                    0.3981415927410126,
                    0.9131176471710205,
                    -0.08774570375680923
                ],
                [
                    0.21656447649002075,
                    -0.0006132719572633505,
                    0.9762681126594543
                ]
            ],
            [
                [
                    0.7393743395805359,
                    -0.6532319188117981,
                    0.16313661634922028
                ],
                [
                    0.6717071533203125,
                    0.6990237832069397,
                    -0.24530649185180664
                ],
                [
                    0.046205662190914154,
                    0.2909533977508545,
                    0.9556207656860352
                ]
            ],
            [
                [
                    0.744174599647522,
                    -0.6662872433662415,
                    0.047597646713256836
                ],
                [
                    0.6561010479927063,
                    0.742458164691925,
                    0.13523074984550476
                ],
                [
                    -0.125441774725914,
                    -0.0694064125418663,
                    0.9896702766418457
                ]
            ],
            [
                [
                    0.6671050190925598,
                    -0.7293388843536377,
                    -0.1517755389213562
                ],
                [
                    0.7441429495811462,
                    0.6619547605514526,
                    0.08981738984584808
                ],
                [
                    0.03496123477816582,
                    -0.1728603094816208,
                    0.9843257665634155
                ]
            ],
            [
                [
                    0.6437227725982666,
                    -0.7285224199295044,
                    -0.23425640165805817
                ],
                [
                    0.7652549147605896,
                    0.6137839555740356,
                    0.19404658675193787
                ],
                [
                    0.002415547613054514,
                    -0.3041780889034271,
                    0.9526121020317078
                ]
            ],
            [
                [
                    0.629634439945221,
                    -0.7285189628601074,
                    0.269852876663208
                ],
                [
                    0.7391039133071899,
                    0.6687238812446594,
                    0.08083195239305496
                ],
                [
                    -0.23934465646743774,
                    0.148554727435112,
                    0.9595027565956116
                ]
            ],
            [
                [
                    0.43154293298721313,
                    -0.9000471830368042,
                    0.060710277408361435
                ],
                [
                    0.535129725933075,
                    0.30959418416023254,
                    0.7859946489334106
                ],
                [
                    -0.726227879524231,
                    -0.30670255422592163,
                    0.6152451634407043
                ]
            ],
            [
                [
                    0.8510361909866333,
                    -0.5150630474090576,
                    -0.10221292078495026
                ],
                [
                    0.521786630153656,
                    0.8076242208480835,
                    0.2747395932674408
                ],
                [
                    -0.05895856022834778,
                    -0.287146657705307,
                    0.9560704827308655
                ]
            ],
            [
                [
                    0.9527664184570312,
                    -0.24175922572612762,
                    0.18381692469120026
                ],
                [
                    0.15546105802059174,
                    0.9081736207008362,
                    0.3886546194553375
                ],
                [
                    -0.26089856028556824,
                    -0.34172067046165466,
                    0.902861475944519
                ]
            ],
            [
                [
                    0.6237273812294006,
                    -0.7776759266853333,
                    0.07863980531692505
                ],
                [
                    0.7419324517250061,
                    0.6206960678100586,
                    0.25352057814598083
                ],
                [
                    -0.2459682822227478,
                    -0.0997823178768158,
                    0.9641281962394714
                ]
            ],
            [
                [
                    0.7980437874794006,
                    -0.5772154331207275,
                    -0.17305655777454376
                ],
                [
                    0.591813325881958,
                    0.6966506838798523,
                    0.4055057764053345
                ],
                [
                    -0.11350420862436295,
                    -0.4260284900665283,
                    0.8975615501403809
                ]
            ],
            [
                [
                    0.6099191904067993,
                    -0.7391234040260315,
                    0.28582367300987244
                ],
                [
                    0.6140492558479309,
                    0.6687876582145691,
                    0.4191259443759918
                ],
                [
                    -0.5009410977363586,
                    -0.08012314885854721,
                    0.8617646098136902
                ]
            ],
            [
                [
                    0.9389716386795044,
                    -0.1762007772922516,
                    -0.2954413592815399
                ],
                [
                    -0.22699889540672302,
                    0.32792946696281433,
                    -0.9170244336128235
                ],
                [
                    0.2584643065929413,
                    0.9281247854232788,
                    0.2679190933704376
                ]
            ],
            [
                [
                    0.9491307735443115,
                    -0.3148767650127411,
                    -0.001851997571066022
                ],
                [
                    0.24874885380268097,
                    0.7461696863174438,
                    0.6175393462181091
                ],
                [
                    -0.19306689500808716,
                    -0.5865862965583801,
                    0.7865378260612488
                ]
            ],
            [
                [
                    0.9848630428314209,
                    0.14833326637744904,
                    0.08967727422714233
                ],
                [
                    -0.1277768611907959,
                    0.9708827137947083,
                    -0.20263217389583588
                ],
                [
                    -0.11712320894002914,
                    0.18810626864433289,
                    0.9751400351524353
                ]
            ]
        ],
        "betas": [
            -0.014955893158912659,
            0.011973947286605835,
            0.023964375257492065,
            0.0876258909702301,
            0.01984381675720215,
            -0.04868257790803909,
            0.03932717442512512,
            -0.061241596937179565,
            -0.035522282123565674,
            -0.018761247396469116
        ]
    },
    "pred_cam_t": [
        -0.051145218312740326,
        -0.06506389379501343,
        4.766956806182861
    ],
    "focal_length": [
        5000.0,
        5000.0
    ],
    "pred_keypoints_3d": [
        [
            0.0957522839307785,
            0.006395152769982815,
            0.006168609485030174
        ],
        [
            0.07977751642465591,
            0.028287339955568314,
            -0.02140648104250431
        ],
        [
            0.06688402593135834,
            0.055924348533153534,
            -0.026041347533464432
        ],
        [
            0.0539432018995285,
            0.0797204077243805,
            -0.02734733186662197
        ],
        [
            0.037004996091127396,
            0.10964502394199371,
            -0.03854071721434593
        ],
        [
            0.02137848734855652,
            0.05544506758451462,
            -0.011339809745550156
        ],
        [
            0.0009707771241664886,
            0.08106887340545654,
            -0.007256842218339443
        ],
        [
            0.006457047536969185,
            0.10256446897983551,
            -0.006649552378803492
        ],
        [
            0.025538768619298935,
            0.11803063005208969,
            -0.008562189526855946
        ],
        [
            0.017616182565689087,
            0.05970928072929382,
            0.01324934046715498
        ],
        [
            0.012583956122398376,
            0.09086596220731735,
            0.01606781966984272
        ],
        [
            0.02932550199329853,
            0.10633830726146698,
            0.011478867381811142
        ],
        [
            0.048853799700737,
            0.10878470540046692,
            -0.0038274750113487244
        ],
        [
            0.033348798751831055,
            0.05840108171105385,
            0.034925151616334915
        ],
        [
            0.027554577216506004,
            0.08608295768499374,
            0.029452074319124222
        ],
        [
            0.042937472462654114,
            0.10382028669118881,
            0.02156437747180462
        ],
        [
            0.05759965628385544,
            0.10660996288061142,
            0.0022116824984550476
        ],
        [
            0.04988314211368561,
            0.058913055807352066,
            0.04920240491628647
        ],
        [
            0.05220087990164757,
            0.07817457616329193,
            0.04091496020555496
        ],
        [
            0.06396759301424026,
            0.08844943344593048,
            0.030208012089133263
        ],
        [
            0.07566400617361069,
            0.09282469749450684,
            0.014708898961544037
        ]
    ],
    "pred_vertices": [
        [
            0.060451947152614594,
            0.04436308518052101,
            -0.010365345515310764
        ],
        [
            0.07032041251659393,
            0.038796067237854004,
            -0.009599214419722557
        ],
        [
            0.06608324497938156,
            0.04559287801384926,
            -0.01235770434141159
        ],
        [
            0.05640658736228943,
            0.04909912869334221,
            -0.01573886349797249
        ],
        [
            0.08734307438135147,
            0.04578865319490433,
            -0.013366211205720901
        ],
        [
            0.0928393229842186,
            0.0436130166053772,
            -0.023789413273334503
        ],
        [
            0.082720547914505,
            0.05695559084415436,
            -0.024928711354732513
        ],
        [
            0.08035232126712799,
            0.05748901516199112,
            -0.015162487514317036
        ],
        [
            0.051903218030929565,
            0.0524965338408947,
            -0.018884165212512016
        ],
        [
            0.06250692903995514,
            0.05229155346751213,
            -0.014521779492497444
        ],
        [
            0.04950335621833801,
            0.05217493325471878,
            -0.0198103915899992
        ],
        [
            0.036829084157943726,
            0.04624805226922035,
            -0.023975079879164696
        ],
        [
            0.0413392037153244,
            0.050790414214134216,
            -0.02192164957523346
        ],
        [
            0.028522830456495285,
            0.045972637832164764,
            -0.023283028975129128
        ],
        [
            0.03713148087263107,
            0.0357176810503006,
            -0.024581460282206535
        ],
        [
            0.02440563216805458,
            0.038898009806871414,
            -0.018742673099040985
        ],
        [
            0.03931164741516113,
            0.02159256488084793,
            -3.385916352272034e-05
        ],
        [
            0.043897759169340134,
            0.020971126854419708,
            0.012976543977856636
        ],
        [
            0.02973877266049385,
            0.03096536174416542,
            0.01595418155193329
        ],
        [
            0.027198873460292816,
            0.0313321053981781,
            0.0021828797180205584
        ],
        [
            0.043183133006095886,
            0.03109365701675415,
            0.032231248915195465
        ],
        [
            0.035100486129522324,
            0.03145669028162956,
            0.02347933128476143
        ],
        [
            0.04853545129299164,
            0.02043427899479866,
            0.020786814391613007
        ],
        [
            0.055270060896873474,
            0.020733531564474106,
            0.028568793088197708
        ],
        [
            0.06828474253416061,
            0.040158968418836594,
            0.0022191335447132587
        ],
        [
            0.07791811972856522,
            0.03482945263385773,
            0.0017317142337560654
        ],
        [
            0.07465864717960358,
            0.034584324806928635,
            -0.0032415525056421757
        ],
        [
            0.06579457223415375,
            0.04052465781569481,
            -0.0027821767143905163
        ],
        [
            0.05215542018413544,
            0.05603020638227463,
            -0.026036664843559265
        ],
        [
            0.051431916654109955,
            0.04202468320727348,
            -0.030234362930059433
        ],
        [
            0.047768350690603256,
            0.04623551666736603,
            -0.024981167167425156
        ],
        [
            0.05321443825960159,
            0.059065788984298706,
            -0.02131856419146061
        ],
        [
            0.10579870641231537,
            0.028539195656776428,
            0.007942905649542809
        ],
        [
            0.11222760379314423,
            0.016652371734380722,
            0.0064403461292386055
        ],
        [
            0.11045202612876892,
            0.015618421137332916,
            0.0008401907980442047
        ],
        [
            0.10464668273925781,
            0.02627069503068924,
            0.0033769155852496624
        ],
        [
            0.10359042882919312,
            0.023230232298374176,
            -0.01892991177737713
        ],
        [
            0.10643767565488815,
            0.012780338525772095,
            -0.016750670969486237
        ],
        [
            0.10399066656827927,
            0.0022036880254745483,
            -0.02419673278927803
        ],
        [
            0.09867490828037262,
            0.011464167386293411,
            -0.027967805042862892
        ],
        [
            0.0984906554222107,
            0.03384380787611008,
            -0.02180122211575508
        ],
        [
            0.09594523906707764,
            0.02520831674337387,
            -0.03164160996675491
        ],
        [
            0.09045732021331787,
            0.0381278395652771,
            -0.03320866450667381
        ],
        [
            0.08025553077459335,
            0.05336660146713257,
            -0.032985005527734756
        ],
        [
            0.11429685354232788,
            0.01621154695749283,
            0.019105663523077965
        ],
        [
            0.11034798622131348,
            0.0252753384411335,
            0.021967513486742973
        ],
        [
            0.011142688803374767,
            0.0862770676612854,
            -0.014281260780990124
        ],
        [
            0.013172414153814316,
            0.08716121315956116,
            -0.008588358759880066
        ],
        [
            0.014599984511733055,
            0.08404362201690674,
            -0.009667185135185719
        ],
        [
            0.012091794982552528,
            0.08368660509586334,
            -0.014915470033884048
        ],
        [
            0.10302206873893738,
            0.010070737451314926,
            0.03487479314208031
        ],
        [
            0.09640572965145111,
            0.0025318264961242676,
            0.03605099022388458
        ],
        [
            0.10301628708839417,
            -0.0005233883857727051,
            0.03566789627075195
        ],
        [
            0.10906937718391418,
            0.006047967821359634,
            0.0326823852956295
        ],
        [
            0.0950310155749321,
            0.01535908505320549,
            0.037751633673906326
        ],
        [
            0.08738569915294647,
            0.00718168169260025,
            0.036037735641002655
        ],
        [
            -0.0017058027442544699,
            0.08570317924022675,
            -0.014186128973960876
        ],
        [
            0.0026043772231787443,
            0.08631985634565353,
            -0.01709609478712082
        ],
        [
            0.002215879037976265,
            0.08156716823577881,
            -0.01712450385093689
        ],
        [
            -0.0014634989202022552,
            0.07981176674365997,
            -0.013529716059565544
        ],
        [
            0.046857595443725586,
            0.051853880286216736,
            -0.017883701249957085
        ],
        [
            0.05218730494379997,
            0.05006272345781326,
            -0.010874832049012184
        ],
        [
            0.031772464513778687,
            0.06053284555673599,
            -0.015303660184144974
        ],
        [
            0.03948776796460152,
            0.05576713755726814,
            -0.012454075738787651
        ],
        [
            0.03786790743470192,
            0.05394354462623596,
            -0.01901969313621521
        ],
        [
            0.030753623694181442,
            0.05702175945043564,
            -0.020527193322777748
        ],
        [
            0.05005725473165512,
            0.052279792726039886,
            0.00856615137308836
        ],
        [
            0.059578072279691696,
            0.04576712101697922,
            0.006877347826957703
        ],
        [
            0.056137003004550934,
            0.0465608611702919,
            0.0012377321254462004
        ],
        [
            0.045733608305454254,
            0.05431065335869789,
            0.001310586929321289
        ],
        [
            0.06679420918226242,
            0.04753832519054413,
            0.018952634185552597
        ],
        [
            0.056587159633636475,
            0.05326979607343674,
            0.019769791513681412
        ],
        [
            0.061994779855012894,
            0.053418662399053574,
            0.02644553780555725
        ],
        [
            0.06877952814102173,
            0.05024200677871704,
            0.02449907921254635
        ],
        [
            0.03821156919002533,
            0.06215604767203331,
            0.018056567758321762
        ],
        [
            0.03274999186396599,
            0.06491012126207352,
            0.018141180276870728
        ],
        [
            0.03391127288341522,
            0.06573458015918732,
            0.02047046460211277
        ],
        [
            0.04026216268539429,
            0.06195451319217682,
            0.02099986933171749
        ],
        [
            0.10889375954866409,
            -0.004503197968006134,
            0.035099197179079056
        ],
        [
            0.11435379087924957,
            0.0018008798360824585,
            0.029880234971642494
        ],
        [
            0.05822807550430298,
            0.03460339084267616,
            0.04786161333322525
        ],
        [
            0.06886595487594604,
            0.037528831511735916,
            0.04988234490156174
        ],
        [
            0.060367025434970856,
            0.04719780758023262,
            0.05358821153640747
        ],
        [
            0.0502062663435936,
            0.04106917977333069,
            0.05113250017166138
        ],
        [
            0.08875741809606552,
            -0.002956174314022064,
            0.03161464259028435
        ],
        [
            0.0953802838921547,
            -0.006729423999786377,
            0.03345191106200218
        ],
        [
            -0.0037455910351127386,
            0.08534282445907593,
            -0.008198481984436512
        ],
        [
            -0.0028477218002080917,
            0.07945432513952255,
            -0.0074910796247422695
        ],
        [
            0.08285662531852722,
            0.026916544884443283,
            -0.03788501396775246
        ],
        [
            0.07419520616531372,
            0.04727748781442642,
            -0.03814610838890076
        ],
        [
            0.08862940967082977,
            0.011322833597660065,
            -0.033366609364748
        ],
        [
            0.09182016551494598,
            0.0007000342011451721,
            -0.027708549052476883
        ],
        [
            0.09626863896846771,
            -0.007442951202392578,
            -0.02465863712131977
        ],
        [
            0.03805699944496155,
            0.05851404741406441,
            -0.006524047814309597
        ],
        [
            0.057499103248119354,
            0.0459846630692482,
            -0.004515038337558508
        ],
        [
            0.07073432207107544,
            0.040360283106565475,
            0.006754888221621513
        ],
        [
            0.08360381424427032,
            0.04821456968784332,
            0.033786386251449585
        ],
        [
            0.09223943948745728,
            0.042859241366386414,
            0.03166342154145241
        ],
        [
            0.08628228306770325,
            0.04480642452836037,
            0.02286144345998764
        ],
        [
            0.07958456873893738,
            0.048594992607831955,
            0.02672370709478855
        ],
        [
            0.07543692737817764,
            0.045147791504859924,
            0.048319507390260696
        ],
        [
            0.07631240785121918,
            0.050666339695453644,
            0.04248439520597458
        ],
        [
            0.06985586881637573,
            0.05482647195458412,
            0.04405192658305168
        ],
        [
            0.06773757934570312,
            0.05141372233629227,
            0.05055387318134308
        ],
        [
            0.05402379110455513,
            0.055907800793647766,
            -0.03315628319978714
        ],
        [
            0.056172020733356476,
            0.039798803627491,
            -0.03531299903988838
        ],
        [
            0.10860433429479599,
            0.017639365047216415,
            0.0299215167760849
        ],
        [
            0.11314814537763596,
            0.01258198544383049,
            0.026002807542681694
        ],
        [
            0.1177816167473793,
            0.005633395165205002,
            0.02403651364147663
        ],
        [
            0.09203736484050751,
            0.03179505467414856,
            0.0031405272893607616
        ],
        [
            0.10394151508808136,
            0.024781957268714905,
            9.51867550611496e-05
        ],
        [
            0.10238237679004669,
            0.025007572025060654,
            -0.0041168611496686935
        ],
        [
            0.08992423117160797,
            0.030274560675024986,
            0.000299328938126564
        ],
        [
            0.08174291998147964,
            0.03609877824783325,
            -0.0078266691416502
        ],
        [
            0.09427641332149506,
            0.03442546725273132,
            -0.011522349901497364
        ],
        [
            0.07672129571437836,
            0.04563802480697632,
            -0.008337685838341713
        ],
        [
            0.10937296599149704,
            0.01326269656419754,
            -0.007008272223174572
        ],
        [
            0.11714965105056763,
            0.007975995540618896,
            -0.0010227244347333908
        ],
        [
            0.11447504162788391,
            0.005620419979095459,
            -0.009204193018376827
        ],
        [
            0.11904583126306534,
            0.008406087756156921,
            0.008603358641266823
        ],
        [
            0.1194574385881424,
            0.00783504918217659,
            0.017500566318631172
        ],
        [
            0.10064559429883957,
            -0.013180240988731384,
            0.03529450297355652
        ],
        [
            0.11058822274208069,
            0.0031582675874233246,
            -0.016117718070745468
        ],
        [
            0.07443124055862427,
            0.06461705267429352,
            -0.018181461840867996
        ],
        [
            0.06928557902574539,
            0.07112671434879303,
            -0.021378859877586365
        ],
        [
            0.06434217095375061,
            0.0684976726770401,
            -0.016360001638531685
        ],
        [
            0.06841579079627991,
            0.0620502233505249,
            -0.01324235275387764
        ],
        [
            0.01991899311542511,
            0.04909353330731392,
            -0.021482456475496292
        ],
        [
            0.025763409212231636,
            0.054239753633737564,
            -0.02285761944949627
        ],
        [
            0.03424455597996712,
            0.05031633377075195,
            -0.02366042509675026
        ],
        [
            0.09925562143325806,
            0.035741232335567474,
            0.014470182359218597
        ],
        [
            0.1035887748003006,
            0.03276486322283745,
            0.026049446314573288
        ],
        [
            0.030018817633390427,
            0.06300211697816849,
            -0.009308436885476112
        ],
        [
            -0.0012303711846470833,
            0.07480749487876892,
            -0.013286668807268143
        ],
        [
            0.002681521698832512,
            0.07664249837398529,
            -0.01760728470981121
        ],
        [
            0.010577764362096786,
            0.061359722167253494,
            -0.019680216908454895
        ],
        [
            0.006012782454490662,
            0.059242602437734604,
            -0.014879135414958
        ],
        [
            0.0214865542948246,
            0.06493742763996124,
            -0.002733515575528145
        ],
        [
            0.025852970778942108,
            0.06551948934793472,
            -0.008077570237219334
        ],
        [
            0.023602083325386047,
            0.06659465283155441,
            -0.006831066682934761
        ],
        [
            0.020351381972432137,
            0.06755529344081879,
            -0.0011532381176948547
        ],
        [
            0.04100792482495308,
            0.06519970297813416,
            0.026587869971990585
        ],
        [
            0.046618666499853134,
            0.06159069761633873,
            0.0269923135638237
        ],
        [
            0.01757330447435379,
            0.04391153156757355,
            0.0043419478461146355
        ],
        [
            0.014825301244854927,
            0.03898407518863678,
            -0.008223671466112137
        ],
        [
            0.024718699976801872,
            0.03229990601539612,
            -0.009811603464186192
        ],
        [
            0.05414902791380882,
            0.0521114356815815,
            0.01484798826277256
        ],
        [
            0.045966144651174545,
            0.05800129100680351,
            0.017043394967913628
        ],
        [
            0.04799515753984451,
            0.05796041339635849,
            0.02064770646393299
        ],
        [
            0.035509780049324036,
            0.0603058896958828,
            -0.002825608476996422
        ],
        [
            0.02872377634048462,
            0.06366845220327377,
            -0.00342738488689065
        ],
        [
            0.03140319883823395,
            0.06181079521775246,
            0.0008115086238831282
        ],
        [
            0.03807628154754639,
            0.05905664712190628,
            0.001923536416143179
        ],
        [
            0.07813797891139984,
            0.028601836413145065,
            0.046462517231702805
        ],
        [
            0.08551334589719772,
            0.03778744116425514,
            0.04514706879854202
        ],
        [
            0.007307135500013828,
            0.08627139031887054,
            -0.017214786261320114
        ],
        [
            0.007475004997104406,
            0.08280028402805328,
            -0.017685187980532646
        ],
        [
            0.06342001259326935,
            0.045776452869176865,
            0.013016433455049992
        ],
        [
            0.03724523261189461,
            0.02494051679968834,
            -0.011301749385893345
        ],
        [
            0.07355373352766037,
            0.040868278592824936,
            0.011476530693471432
        ],
        [
            0.03779004514217377,
            0.05099989473819733,
            0.04118240997195244
        ],
        [
            0.04310112074017525,
            0.05804695188999176,
            0.040715694427490234
        ],
        [
            0.040418826043605804,
            0.0628327801823616,
            0.03911475092172623
        ],
        [
            0.03515887260437012,
            0.05967080593109131,
            0.04018811881542206
        ],
        [
            0.012548204511404037,
            0.07893712818622589,
            0.0009682273957878351
        ],
        [
            0.015450404956936836,
            0.08125991374254227,
            -0.0035571809858083725
        ],
        [
            0.01436857134103775,
            0.0837782621383667,
            -0.0033756080083549023
        ],
        [
            0.01068847719579935,
            0.0826134979724884,
            0.001208326779305935
        ],
        [
            0.026546429842710495,
            0.06446518748998642,
            -0.013858189806342125
        ],
        [
            0.02516009472310543,
            0.06174766272306442,
            -0.0195716992020607
        ],
        [
            0.021524980664253235,
            0.06644218415021896,
            -0.01771913841366768
        ],
        [
            0.023114772513508797,
            0.06728091835975647,
            -0.011975038796663284
        ],
        [
            0.019760344177484512,
            0.058796219527721405,
            -0.021636586636304855
        ],
        [
            0.016423672437667847,
            0.0637473538517952,
            -0.020584242418408394
        ],
        [
            0.006858225911855698,
            0.07628583908081055,
            0.0025450834073126316
        ],
        [
            0.0004291050136089325,
            0.07433796674013138,
            -0.000982789322733879
        ],
        [
            0.007728489115834236,
            0.06037363409996033,
            -0.0009553809650242329
        ],
        [
            0.013315930962562561,
            0.06550648808479309,
            0.001356245018541813
        ],
        [
            0.0658208429813385,
            0.009867735207080841,
            0.025848280638456345
        ],
        [
            0.0725003331899643,
            0.012452792376279831,
            0.034436069428920746
        ],
        [
            0.06196758523583412,
            0.023206233978271484,
            0.03758977726101875
        ],
        [
            0.051046498119831085,
            0.0333818644285202,
            0.04174747318029404
        ],
        [
            0.041354939341545105,
            0.04350978881120682,
            0.044104818254709244
        ],
        [
            0.03298185393214226,
            0.03932967036962509,
            0.0361638069152832
        ],
        [
            0.06817718595266342,
            0.024521421641111374,
            0.0429513044655323
        ],
        [
            0.01880752108991146,
            0.058118607848882675,
            0.0024204144719988108
        ],
        [
            0.013484293594956398,
            0.05115557461977005,
            -0.0008522325661033392
        ],
        [
            0.01641627587378025,
            0.052236784249544144,
            0.0040360102429986
        ],
        [
            0.07743542641401291,
            0.0432627871632576,
            0.017439670860767365
        ],
        [
            0.007593786809593439,
            0.07857814431190491,
            -0.018641650676727295
        ],
        [
            0.080345019698143,
            -0.012576483190059662,
            -0.009722206741571426
        ],
        [
            0.08031678199768066,
            -0.014312952756881714,
            0.004026338458061218
        ],
        [
            0.07413498312234879,
            -0.008257061243057251,
            0.002243923721835017
        ],
        [
            0.07464174181222916,
            -0.005250770598649979,
            -0.01366288773715496
        ],
        [
            0.015581528656184673,
            0.08195030689239502,
            -0.010585535317659378
        ],
        [
            0.013065814040601254,
            0.08077896386384964,
            -0.016344431787729263
        ],
        [
            0.049827128648757935,
            0.06350073218345642,
            0.03213931620121002
        ],
        [
            0.04404245689511299,
            0.06660689413547516,
            0.03146199882030487
        ],
        [
            0.0436294786632061,
            0.06690928339958191,
            0.034711677581071854
        ],
        [
            0.050496965646743774,
            0.06602669507265091,
            0.03612302988767624
        ],
        [
            0.07730797678232193,
            0.013422872871160507,
            0.03796669840812683
        ],
        [
            0.05889452248811722,
            0.056760773062705994,
            0.053232792764902115
        ],
        [
            0.04843136668205261,
            0.05035538226366043,
            0.051737308502197266
        ],
        [
            0.08127886056900024,
            0.003018796443939209,
            0.03141988441348076
        ],
        [
            0.07522078603506088,
            0.00019966810941696167,
            0.024236483499407768
        ],
        [
            0.08212810009717941,
            -0.006711319088935852,
            0.02369232475757599
        ],
        [
            0.023994887247681618,
            0.04428260400891304,
            0.024758337065577507
        ],
        [
            0.05998379364609718,
            0.010031715035438538,
            0.01937117427587509
        ],
        [
            0.07071787863969803,
            0.0002082735300064087,
            0.01798536442220211
        ],
        [
            0.07878176122903824,
            -0.008037172257900238,
            0.01703817956149578
        ],
        [
            0.08435598760843277,
            -0.01425991952419281,
            0.017260663211345673
        ],
        [
            0.08755691349506378,
            -0.012061022222042084,
            0.02446419559419155
        ],
        [
            -0.0015895767137408257,
            0.07427246123552322,
            -0.006904661655426025
        ],
        [
            -0.001235087402164936,
            0.08019030839204788,
            -0.0006173704750835896
        ],
        [
            0.09286418557167053,
            -0.01921222358942032,
            0.026254668831825256
        ],
        [
            0.08943235874176025,
            -0.020940348505973816,
            0.017764315009117126
        ],
        [
            0.06653376668691635,
            0.00028620660305023193,
            0.009703626856207848
        ],
        [
            0.0625847578048706,
            0.001597188413143158,
            -0.0014741825871169567
        ],
        [
            0.0564611479640007,
            0.009965140372514725,
            0.011277588084340096
        ],
        [
            0.051538512110710144,
            0.01171712577342987,
            0.0007125930860638618
        ],
        [
            0.01857778988778591,
            0.03833070397377014,
            0.01703629270195961
        ],
        [
            0.0018665469251573086,
            0.0987742617726326,
            0.0008575911051593721
        ],
        [
            0.0021982870530337095,
            0.08755777776241302,
            0.0022358051501214504
        ],
        [
            0.008038949221372604,
            0.08732143044471741,
            0.0015855607343837619
        ],
        [
            0.0059241000562906265,
            0.09780682623386383,
            0.002069392940029502
        ],
        [
            0.005106949247419834,
            0.08129632472991943,
            0.002537693362683058
        ],
        [
            -0.0021419969853013754,
            0.08632016181945801,
            -0.0012968209339305758
        ],
        [
            0.049915630370378494,
            0.016146987676620483,
            -0.01422320120036602
        ],
        [
            0.02540590427815914,
            0.06407589465379715,
            0.0009167806711047888
        ],
        [
            0.06377910822629929,
            0.007906585931777954,
            -0.019979605451226234
        ],
        [
            0.04653927683830261,
            0.026887569576501846,
            -0.027248894795775414
        ],
        [
            0.05844254791736603,
            0.02329147607088089,
            -0.031910352408885956
        ],
        [
            0.07899566739797592,
            0.0010480917990207672,
            -0.02685289829969406
        ],
        [
            0.07295211404561996,
            0.016430005431175232,
            -0.03556496277451515
        ],
        [
            0.0893164873123169,
            -0.01401609182357788,
            -0.018513692542910576
        ],
        [
            0.08349057286977768,
            -0.0071093253791332245,
            -0.02108491212129593
        ],
        [
            0.06778544932603836,
            0.033678531646728516,
