{
    "pred_cam": [
        6.871476173400879,
        0.15520907938480377,
        0.019491061568260193
    ],
    "pred_mano_params": {
        "global_orient": [
            [
                [
                    -0.8793941736221313,
                    0.19778253138065338,
                    -0.4330681264400482
                ],
                [
                    0.42814987897872925,
                    -0.06928182393312454,
                    -0.9010480642318726
                ],
                [
                    -0.20821531116962433,
                    -0.9777944684028625,
                    -0.023754531517624855
                ]
            ]
        ],
        "hand_pose": [
            [
                [
                    0.9804612398147583,
                    -0.1967015117406845,
                    -0.002081646118313074
                ],
                [
                    0.19597510993480682,
                    0.9758155941963196,
                    0.0968383252620697
                ],
                [
                    -0.01701694168150425,
                    -0.09535416960716248,
                    0.9952979683876038
                ]
            ],
            [
                [
                    0.5633538961410522,
                    -0.801698625087738,
                    0.19977909326553345
                ],
                [
                    0.8261280059814453,
                    0.5430567264556885,
                    -0.15033918619155884
                ],
                [
                    0.01203533262014389,
                    0.24973727762699127,
                    0.9682388305664062
                ]
            ],
            [
                [
                    0.8341575860977173,
                    -0.5357582569122314,
                    0.13093575835227966
                ],
                [
                    0.5339280962944031,
                    0.8439468145370483,
                    0.05171496793627739
                ],
                [
                    -0.13820955157279968,
                    0.026771847158670425,
                    0.9900410175323486
                ]
            ],
            [
                [
                    0.8642033934593201,
                    -0.5023689866065979,
                    -0.027888622134923935
                ],
                [
                    0.5020450949668884,
                    0.8573338985443115,
                    0.11370699852705002
                ],
                [
                    -0.03321301192045212,
                    -0.11226733028888702,
                    0.9931227564811707
                ]
            ],
            [
                [
                    0.4787759780883789,
                    -0.8512570858001709,
                    -0.21479038894176483
                ],
                [
                    0.8733499646186829,
                    0.4368237257003784,
                    0.21551081538200378
                ],
                [
                    -0.08962957561016083,
                    -0.290768563747406,
                    0.9525860548019409
                ]
            ],
            [
                [
                    0.9341720342636108,
                    -0.35666021704673767,
                    -0.010771233588457108
                ],
                [
                    0.3561709225177765,
                    0.9338642954826355,
                    -0.03224416449666023
                ],
                [
                    0.021559081971645355,
                    0.0262851994484663,
                    0.9994218945503235
                ]
            ],
            [
                [
                    0.9231544137001038,
                    0.016494611278176308,
                    0.3840753734111786
                ],
                [
                    0.057263266295194626,
                    0.9820329546928406,
                    -0.17981132864952087
                ],
                [
                    -0.38014063239097595,
                    0.18798702955245972,
                    0.9056234955787659
                ]
            ],
            [
                [
                    0.6922455430030823,
                    -0.7148774862289429,
                    -0.09872332960367203
                ],
                [
                    0.5547109842300415,
                    0.43959179520606995,
                    0.7064381241798401
                ],
                [
                    -0.46161872148513794,
                    -0.5437915325164795,
                    0.7008558511734009
                ]
            ],
            [
                [
                    0.8978070616722107,
                    -0.43936872482299805,
                    -0.029960202053189278
                ],
                [
                    0.41693657636642456,
                    0.8261212706565857,
                    0.3790612518787384
                ],
                [
                    -0.14179688692092896,
                    -0.3528153598308563,
                    0.9248864054679871
                ]
            ],
            [
                [
                    0.9578256011009216,
                    -0.2827576696872711,
                    -0.051168687641620636
                ],
                [
                    0.2775459587574005,
                    0.9564774036407471,
                    -0.0901070088148117
                ],
                [
                    0.07442013174295425,
                    0.07210513949394226,
                    0.9946168065071106
                ]
            ],
            [
                [
                    0.472546249628067,
                    -0.8547272682189941,
                    -0.21480512619018555
                ],
                [
                    0.7792071104049683,
                    0.2913285195827484,
                    0.5549449324607849
                ],
                [
                    -0.4117477536201477,
                    -0.4296149015426636,
                    0.8036757707595825
                ]
            ],
            [
                [
                    0.8654351234436035,
                    -0.493720144033432,
                    -0.08522001653909683
                ],
                [
                    0.499573290348053,
                    0.8632808923721313,
                    0.07192106544971466
                ],
                [
                    0.038059934973716736,
                    -0.10481666028499603,
                    0.9937630295753479
                ]
            ],
            [
                [
                    0.9048908352851868,
                    0.11377578228712082,
                    0.41015562415122986
                ],
                [
                    0.24653880298137665,
                    0.6454131603240967,
                    -0.7229526042938232
                ],
                [
                    -0.34697434306144714,
                    0.755312442779541,
                    0.5559782981872559
                ]
            ],
            [
                [
                    0.7415024638175964,
                    -0.40856319665908813,
                    -0.532212495803833
                ],
                [
                    0.5336648225784302,
                    0.8399105668067932,
                    0.09875223785638809
                ],
                [
                    0.4066644310951233,
                    -0.35724812746047974,
                    0.8408315777778625
                ]
            ],
            [
                [
                    0.7326523065567017,
                    -0.6702715754508972,
                    -0.11813794821500778
                ],
                [
                    0.4885493814945221,
                    0.6387784481048584,
                    -0.59437495470047
                ],
                [
                    0.4738566279411316,
                    0.37775394320487976,
                    0.7954632639884949
                ]
            ]
        ],
        "betas": [
            -0.09893274307250977,
            -0.16100499033927917,
            0.03418341279029846,
            -0.06524321436882019,
            0.03624454140663147,
            -0.023720305413007736,
            0.04201415181159973,
            -0.0796898901462555,
            0.006391003727912903,
            -0.04677903652191162
        ]
    },
    "pred_cam_t": [
        -0.15520907938480377,
        0.019491061568260193,
        5.684731960296631
    ],
    "focal_length": [
        5000.0,
        5000.0
    ],
    "pred_keypoints_3d": [
        [
            0.0961688905954361,
            0.006422854028642178,
            0.006255594547837973
        ],
        [
            0.10304431617259979,
            -0.026224825531244278,
            0.025902654975652695
        ],
        [
            0.09679575264453888,
            -0.04683215543627739,
            0.04804614931344986
        ],
        [
            0.11066831648349762,
            -0.05313745141029358,
            0.0705738514661789
        ],
        [
            0.11980783194303513,
            -0.03638645261526108,
            0.09847395122051239
        ],
        [
            0.16394546627998352,
            -0.04972065985202789,
            0.029285883530974388
        ],
        [
            0.19141164422035217,
            -0.0658578872680664,
            0.03836122900247574
        ],
        [
            0.19329805672168732,
            -0.06880171597003937,
            0.060376107692718506
        ],
        [
            0.18425391614437103,
            -0.06722767651081085,
            0.08353234827518463
        ],
        [
            0.18100374937057495,
            -0.031097739934921265,
            0.02761032246053219
        ],
        [
            0.20460069179534912,
            -0.037787556648254395,
            0.04797780141234398
        ],
        [
            0.19675056636333466,
            -0.03613676875829697,
            0.06997549533843994
        ],
        [
            0.184198260307312,
            -0.03369158133864403,
            0.09253425896167755
        ],
        [
            0.17934873700141907,
            -0.004288653843104839,
            0.027865329757332802
        ],
        [
            0.20565178990364075,
            -0.009454961866140366,
            0.03906597942113876
        ],
        [
            0.20109346508979797,
            -0.010186515748500824,
            0.06357976049184799
        ],
        [
            0.18895967304706573,
            -0.0098558459430933,
            0.08609429001808167
        ],
        [
            0.1739383339881897,
            0.016669325530529022,
            0.03148113936185837
        ],
        [
            0.19448669254779816,
            0.012072937563061714,
            0.03458873927593231
        ],
        [
            0.19853977859020233,
            0.008548391982913017,
            0.05291092023253441
        ],
        [
            0.19304628670215607,
            0.005783959291875362,
            0.07114420086145401
        ]
    ],
    "pred_vertices": [
        [
            0.12884068489074707,
            -0.030496763065457344,
            0.034992996603250504
        ],
        [
            0.11990731954574585,
            -0.02651466801762581,
            0.035565491765737534
        ],
        [
            0.11838029325008392,
            -0.03499547764658928,
            0.042922813445329666
        ],
        [
            0.12830480933189392,
            -0.03962762653827667,
            0.040570538491010666
        ],
        [
            0.09940238296985626,
            -0.0206645168364048,
            0.042746372520923615
        ],
        [
            0.08770406991243362,
            -0.023228134959936142,
            0.038636211305856705
        ],
        [
            0.08896247297525406,
            -0.0339612178504467,
            0.05009856075048447
        ],
        [
            0.09789383411407471,
            -0.029089972376823425,
            0.05221988633275032
        ],
        [
            0.12672749161720276,
            -0.04696930944919586,
            0.04328441619873047
        ],
        [
            0.11671361327171326,
            -0.04068368673324585,
            0.04798825457692146
        ],
        [
            0.12258683145046234,
            -0.05000153183937073,
            0.04110267758369446
        ],
        [
            0.13558843731880188,
            -0.056103479117155075,
            0.03107346221804619
        ],
        [
            0.13696373999118805,
            -0.05148397386074066,
            0.03623565286397934
        ],
        [
            0.14532430469989777,
            -0.05784575641155243,
            0.026852963492274284
        ],
        [
            0.13134954869747162,
            -0.05519138276576996,
            0.020617488771677017
        ],
        [
            0.1483418196439743,
            -0.05502241104841232,
            0.017778268083930016
        ],
        [
            0.1422465294599533,
            -0.029359377920627594,
            0.002488084137439728
        ],
        [
            0.14500777423381805,
            -0.01571478694677353,
            0.0011466965079307556
        ],
        [
            0.1604716181755066,
            -0.021006740629673004,
            0.005478745326399803
        ],
        [
            0.15608175098896027,
            -0.034072816371917725,
            0.007173279300332069
        ],
        [
            0.1572849154472351,
            -0.00043689925223588943,
            0.0074706245213747025
        ],
        [
            0.16008435189723969,
            -0.011921425350010395,
            0.006378261372447014
        ],
        [
            0.14497685432434082,
            -0.006620565429329872,
            0.0008444972336292267
        ],
        [
            0.14346344769001007,
            0.0035237520933151245,
            0.0021891724318265915
        ],
        [
            0.1285025030374527,
            -0.013173816725611687,
            0.029071902856230736
        ],
        [
            0.11976036429405212,
            -0.008578713983297348,
            0.028017491102218628
        ],
        [
            0.12045551836490631,
            -0.01570678874850273,
            0.02928955666720867
        ],
        [
            0.1281507909297943,
            -0.01939934864640236,
            0.030279982835054398
        ],
        [
            0.11043345183134079,
            -0.054452307522296906,
            0.045753803104162216
        ],
        [
            0.11122286319732666,
            -0.05548682436347008,
            0.031632985919713974
        ],
        [
            0.11856424808502197,
            -0.05416473373770714,
            0.03493379056453705
        ],
        [
            0.1127563938498497,
            -0.050515301525592804,
            0.04833541810512543
        ],
        [
            0.09779657423496246,
            0.01228746771812439,
            0.0297975093126297
        ],
        [
            0.08743003755807877,
            0.01481541432440281,
            0.02134016528725624
        ],
        [
            0.08586080372333527,
            0.009150661528110504,
            0.020647354423999786
        ],
        [
            0.09624436497688293,
            0.007948119193315506,
            0.028012486174702644
        ],
        [
            0.08468959480524063,
            -0.010967150330543518,
            0.025190915912389755
        ],
        [
            0.07984665781259537,
            -0.007152330130338669,
            0.017750496044754982
        ],
        [
            0.07277227938175201,
            -0.014431845396757126,
            0.008067790418863297
        ],
        [
            0.07781803607940674,
            -0.020420890301465988,
            0.012911219149827957
        ],
        [
            0.08764176070690155,
            -0.016721684485673904,
            0.032246895134449005
        ],
        [
            0.08033949136734009,
            -0.02494126185774803,
            0.022716915234923363
        ],
        [
            0.08160000294446945,
            -0.03055250272154808,
            0.031247854232788086
        ],
        [
            0.08404748141765594,
            -0.04111542925238609,
            0.045813314616680145
        ],
        [
            0.09188444912433624,
            0.026844851672649384,
            0.01963372528553009
        ],
        [
            0.09983989596366882,
            0.026821665465831757,
            0.02601306140422821
        ],
        [
            0.18073222041130066,
            -0.0673057809472084,
            0.04725777730345726
        ],
        [
            0.18306772410869598,
            -0.06198390945792198,
            0.04926903918385506
        ],
        [
            0.1813238561153412,
            -0.06125442683696747,
            0.047874629497528076
        ],
        [
            0.1795756220817566,
            -0.06656229496002197,
            0.04614650830626488
        ],
        [
            0.10616555064916611,
            0.03453322499990463,
            0.007408395409584045
        ],
        [
            0.10912102460861206,
            0.03245321288704872,
            -0.0021155551075935364
        ],
        [
            0.10259722918272018,
            0.0357634574174881,
            -0.00252513587474823
        ],
        [
            0.09884568303823471,
            0.03603978082537651,
            0.006179081276059151
        ],
        [
            0.11579340696334839,
            0.03236868977546692,
            0.009183987975120544
        ],
        [
            0.1178392693400383,
            0.027409745380282402,
            -0.0008735768496990204
        ],
        [
            0.18995033204555511,
            -0.07404884696006775,
            0.041286811232566833
        ],
        [
            0.18521305918693542,
            -0.0741443932056427,
            0.043565407395362854
        ],
        [
            0.1843763291835785,
            -0.07301632314920425,
            0.03959008306264877
        ],
        [
            0.18869741261005402,
            -0.07178037613630295,
            0.036421842873096466
        ],
        [
            0.13759537041187286,
            -0.04381997138261795,
            0.03772113844752312
        ],
        [
            0.13754700124263763,
            -0.03397725522518158,
            0.03597336634993553
        ],
        [
            0.15659254789352417,
            -0.04852789640426636,
            0.038521140813827515
        ],
        [
            0.14934679865837097,
            -0.041351210325956345,
            0.036532215774059296
        ],
        [
            0.14602577686309814,
            -0.04820898920297623,
            0.035801682621240616
        ],
        [
            0.15271501243114471,
            -0.053333841264247894,
            0.03572392463684082
        ],
        [
            0.15060065686702728,
            -0.01754879206418991,
            0.033016689121723175
        ],
        [
            0.1397128403186798,
            -0.013724753633141518,
            0.030329333618283272
        ],
        [
            0.13981178402900696,
            -0.020519588142633438,
            0.031032579019665718
        ],
        [
            0.15104268491268158,
            -0.02607772871851921,
            0.03462826833128929
        ],
        [
            0.1411741077899933,
            0.0003186352550983429,
            0.03245622292160988
        ],
        [
            0.15194010734558105,
            -0.0046246834099292755,
            0.03460858017206192
        ],
        [
            0.15170353651046753,
            0.003926684148609638,
            0.03568614274263382
        ],
        [
            0.14373481273651123,
            0.005976821295917034,
            0.034835007041692734
        ],
        [
            0.16962847113609314,
            -0.01606461964547634,
            0.03703983873128891
        ],
        [
            0.176566019654274,
            -0.0192745178937912,
            0.037375032901763916
        ],
        [
            0.17904815077781677,
            -0.016143960878252983,
            0.03755689784884453
        ],
        [
            0.1702726036310196,
            -0.012463536113500595,
            0.03686057776212692
        ],
        [
            0.09623396396636963,
            0.03852226585149765,
            -0.004053428769111633
        ],
        [
            0.0917658880352974,
            0.03658365458250046,
            0.004556724801659584
        ],
        [
            0.1546822488307953,
            0.020215880125761032,
            0.013217004016041756
        ],
        [
            0.14982469379901886,
            0.0280455369502306,
            0.01982099935412407
        ],
        [
            0.16224175691604614,
            0.027030223980545998,
            0.02356019802391529
        ],
        [
            0.16374808549880981,
            0.018983235582709312,
            0.015595849603414536
        ],
        [
            0.1107620820403099,
            0.02483975514769554,
            -0.009128842502832413
        ],
        [
            0.1050882339477539,
            0.030118664726614952,
            -0.010604053735733032
        ],
        [
            0.1951078474521637,
            -0.07038403302431107,
            0.04030938819050789
        ],
        [
            0.1936909705400467,
            -0.06791527569293976,
            0.03558853268623352
        ],
        [
            0.08371040225028992,
            -0.03674636781215668,
            0.01967472769320011
        ],
        [
            0.08566538989543915,
            -0.047999635338783264,
            0.03869881480932236
        ],
        [
            0.08196012675762177,
            -0.02826974168419838,
            0.00852978602051735
        ],
        [
            0.07975324988365173,
            -0.02225019782781601,
            0.0015018992125988007
        ],
        [
            0.07474111020565033,
            -0.01789398118853569,
            -0.0032487139105796814
        ],
        [
            0.15498055517673492,
            -0.036980487406253815,
            0.03760094940662384
        ],
        [
            0.13546457886695862,
            -0.025127265602350235,
            0.03241702914237976
        ],
        [
            0.12890857458114624,
            -0.0077770669013261795,
            0.02899959869682789
        ],
        [
            0.13590192794799805,
            0.02159826271235943,
            0.036496639251708984
        ],
        [
            0.12562912702560425,
            0.02455286495387554,
            0.0346393883228302
        ],
        [
            0.1267510950565338,
            0.013953585177659988,
            0.035690464079380035
        ],
        [
            0.13570325076580048,
            0.0135673638433218,
            0.036471277475357056
        ],
        [
            0.1479426622390747,
            0.029759366065263748,
            0.029151516035199165
        ],
        [
            0.1475277692079544,
            0.02484072372317314,
            0.03554471582174301
        ],
        [
            0.15749479830265045,
            0.022843874990940094,
            0.03719063103199005
        ],
        [
            0.15899792313575745,
            0.0277990885078907,
            0.031648799777030945
        ],
        [
            0.10433784127235413,
            -0.058947961777448654,
            0.04613117501139641
        ],
        [
            0.10368657112121582,
            -0.05621437728404999,
            0.02968429960310459
        ],
        [
            0.10217033326625824,
            0.03297322243452072,
            0.01717504858970642
        ],
        [
            0.09478597342967987,
            0.0322469100356102,
            0.01475413329899311
        ],
        [
            0.08764094859361649,
            0.033268705010414124,
            0.01027570478618145
        ],
        [
            0.10880696028470993,
            0.0006818771362304688,
            0.029282204806804657
        ],
        [
            0.09529607743024826,
            0.004928555339574814,
            0.02681748755276203
        ],
        [
            0.09547422081232071,
            0.000562664121389389,
            0.026997340843081474
        ],
        [
            0.10979709029197693,
            -0.0030673034489154816,
            0.028250254690647125
        ],
        [
            0.11192992329597473,
            -0.01879512146115303,
            0.03624051436781883
        ],
        [
            0.10019710659980774,
            -0.012162722647190094,
            0.03441593050956726
        ],
        [
            0.11045925319194794,
            -0.02616085484623909,
            0.044933073222637177
        ],
        [
            0.08232101052999496,
            0.002217896282672882,
            0.018999019637703896
        ],
        [
            0.07657722383737564,
            0.011435180902481079,
            0.016453543677926064
        ],
        [
            0.07365632802248001,
            0.003215678036212921,
            0.014538485556840897
        ],
        [
            0.0800882875919342,
            0.020644571632146835,
            0.015840228646993637
        ],
        [
            0.08394581079483032,
            0.028536271303892136,
            0.013987649232149124
        ],
        [
            0.09944744408130646,
            0.034723736345767975,
            -0.015045136213302612
        ],
        [
            0.07221928983926773,
            -0.0045794956386089325,
            0.011594109237194061
        ],
        [
            0.097751185297966,
            -0.03548487648367882,
            0.057264234870672226
        ],
        [
            0.0997595489025116,
            -0.03956105187535286,
            0.06120690330862999
        ],
        [
            0.10649169981479645,
            -0.038956962525844574,
            0.05778583139181137
        ],
        [
            0.10544653236865997,
            -0.036593250930309296,
            0.0544034019112587
        ],
        [
            0.155495747923851,
            -0.059738803654909134,
            0.024411868304014206
        ],
        [
            0.15332040190696716,
            -0.05825568735599518,
            0.031596969813108444
        ],
        [
            0.14340874552726746,
            -0.05501735582947731,
            0.0326518714427948
        ],
        [
            0.10878941416740417,
            0.014034440740942955,
            0.033047452569007874
        ],
        [
            0.11002477258443832,
            0.0263152327388525,
            0.029882948845624924
        ],
        [
            0.1624351441860199,
            -0.045018501579761505,
            0.03939390555024147
        ],
        [
            0.1867135763168335,
            -0.0699913427233696,
            0.032404832541942596
        ],
        [
            0.18205302953720093,
            -0.07179064303636551,
            0.03598244488239288
        ],
        [
            0.1696489006280899,
            -0.0646405890583992,
            0.027515944093465805
        ],
        [
            0.17464762926101685,
            -0.06245967745780945,
            0.02329963818192482
        ],
        [
            0.17351871728897095,
            -0.04562458395957947,
            0.036524251103401184
        ],
        [
            0.16775381565093994,
            -0.04813239723443985,
            0.03950772434473038
        ],
        [
            0.17072755098342896,
            -0.049380112439394,
            0.03918563202023506
        ],
        [
            0.1767616868019104,
            -0.0469510480761528,
            0.038254592567682266
        ],
        [
            0.17688405513763428,
            -0.007044457830488682,
            0.03709582984447479
        ],
        [
            0.16958382725715637,
            -0.003886164166033268,
            0.037111036479473114
        ],
        [
            0.16969403624534607,
            -0.037533096969127655,
            0.01479543186724186
        ],
        [
            0.16273462772369385,
            -0.04898212105035782,
            0.011639175936579704
        ],
        [
            0.15144899487495422,
            -0.04617108777165413,
            0.009896732866764069
        ],
        [
            0.1506565660238266,
            -0.010035630315542221,
            0.0333167128264904
        ],
        [
            0.1607438623905182,
            -0.0126813855022192,
            0.035844575613737106
        ],
        [
            0.16144396364688873,
            -0.008544184267520905,
            0.03602694720029831
        ],
        [
            0.15967097878456116,
            -0.035364799201488495,
            0.03775821626186371
        ],
        [
            0.16667160391807556,
            -0.04054871201515198,
            0.03875962272286415
        ],
        [
            0.16536760330200195,
            -0.03444599732756615,
            0.03695668652653694
        ],
        [
            0.15931080281734467,
            -0.029799260199069977,
            0.03637964650988579
        ],
        [
            0.1377348005771637,
            0.030202193185687065,
            0.01488400623202324
        ],
        [
            0.13537201285362244,
            0.03260975331068039,
            0.025925112888216972
        ],
        [
            0.1817055344581604,
            -0.07168783992528915,
            0.04550069570541382
        ],
        [
            0.18076631426811218,
            -0.07098814845085144,
            0.0431768074631691
        ],
        [
            0.13997724652290344,
            -0.006441418081521988,
            0.030628373846411705
        ],
        [
            0.13833968341350555,
            -0.04092026129364967,
            0.007249688729643822
        ],
        [
            0.12932798266410828,
            -0.0022123027592897415,
            0.029517829418182373
        ],
        [
            0.1753319948911667,
            0.003486975096166134,
            0.019328251481056213
        ],
        [
            0.17665311694145203,
            0.006307288073003292,
            0.025121718645095825
        ],
        [
            0.18138623237609863,
            0.0028939731419086456,
            0.02758687175810337
        ],
        [
            0.18284429609775543,
            0.0009940247982740402,
            0.02239559218287468
        ],
        [
            0.18791338801383972,
            -0.05265021696686745,
            0.04336564242839813
        ],
        [
            0.18412433564662933,
            -0.055435508489608765,
            0.04686177149415016
        ],
        [
            0.18536019325256348,
            -0.05638432875275612,
            0.04760011285543442
        ],
        [
            0.19048035144805908,
            -0.05439791828393936,
            0.04499009996652603
        ],
        [
            0.16346164047718048,
            -0.05222562327980995,
            0.038985222578048706
        ],
        [
            0.15986965596675873,
            -0.05686958506703377,
            0.03622790798544884
        ],
        [
            0.16561636328697205,
            -0.059032585471868515,
            0.03773525357246399
        ],
        [
            0.16827021539211273,
            -0.05393637344241142,
            0.0393768735229969
        ],
        [
            0.16108892858028412,
            -0.06100817024707794,
            0.030883580446243286
        ],
        [
            0.16616679728031158,
            -0.06315577030181885,
            0.03267557546496391
        ],
        [
            0.19183313846588135,
            -0.05353199690580368,
            0.038148678839206696
        ],
        [
            0.19340303540229797,
            -0.059251949191093445,
            0.03316863626241684
        ],
        [
            0.1822894662618637,
            -0.050882164388895035,
            0.025360682979226112
        ],
        [
            0.1820809245109558,
            -0.047943636775016785,
            0.03268975764513016
        ],
        [
            0.13025203347206116,
            0.007181571796536446,
            -0.003943063318729401
        ],
        [
            0.13031508028507233,
            0.017937058582901955,
            -0.0006860457360744476
        ],
        [
            0.1434466391801834,
            0.014586342498660088,
            0.005439136177301407
        ],
        [
            0.15650291740894318,
            0.01184336468577385,
            0.010409999638795853
        ],
        [
            0.16847850382328033,
            0.008282159455120564,
            0.016104349866509438
        ],
        [
            0.1694907248020172,
            -0.002909868024289608,
            0.01093003898859024
        ],
        [
            0.14191734790802002,
            0.022236770018935204,
            0.007926752790808678
        ],
        [
            0.17474648356437683,
            -0.03997357562184334,
            0.02742059901356697
        ],
        [
            0.17348523437976837,
            -0.04489520192146301,
            0.020194407552480698
        ],
        [
            0.1743123084306717,
            -0.039011918008327484,
            0.020657934248447418
        ],
        [
            0.13028067350387573,
            0.0047861672937870026,
            0.032094214111566544
        ],
        [
            0.17885346710681915,
            -0.07059997320175171,
            0.04028857499361038
        ],
        [
            0.09282837063074112,
            -0.013795744627714157,
            -0.014414459466934204
        ],
        [
            0.09911523014307022,
            -0.002547815442085266,
            -0.01794074848294258
        ],
        [
            0.10540257394313812,
            -0.007491324096918106,
            -0.014201581478118896
        ],
        [
            0.09817633777856827,
            -0.019976388663053513,
            -0.009433701634407043
        ],
        [
            0.17998924851417542,
            -0.061204325407743454,
            0.04754558578133583
        ],
        [
            0.1775437444448471,
            -0.06661117076873779,
            0.04505027458071709
        ],
        [
            0.17245742678642273,
            0.002531100995838642,
            0.037242066115140915
        ],
        [
            0.17797067761421204,
            -0.0012751035392284393,
            0.03625962883234024
        ],
        [
            0.18040163815021515,
            0.001160560641437769,
            0.03405090793967247
        ],
        [
            0.17718848586082458,
            0.006573313847184181,
            0.03608033061027527
        ],
        [
            0.12872269749641418,
            0.02336113154888153,
            0.0012608543038368225
        ],
        [
            0.17063848674297333,
            0.025670798495411873,
            0.025140810757875443
        ],
        [
            0.17106980085372925,
            0.019323023036122322,
            0.018187856301665306
        ],
        [
            0.11867782473564148,
            0.020449131727218628,
            -0.0061288028955459595
        ],
        [
            0.118715301156044,
            0.011222481727600098,
            -0.009617254137992859
        ],
        [
            0.11048315465450287,
            0.014704558998346329,
            -0.01355435699224472
        ],
        [
            0.17492616176605225,
            -0.01735769771039486,
            0.013614356517791748
        ],
        [
            0.13170358538627625,
            -0.0013938937336206436,
            -0.004784524440765381
        ],
        [
            0.11909004300832748,
            0.003522338345646858,
            -0.010088425129652023
        ],
        [
            0.10925885289907455,
            0.007311098277568817,
            -0.014843478798866272
        ],
        [
            0.10263410955667496,
            0.010724391788244247,
            -0.01869112253189087
        ],
        [
            0.10460063815116882,
            0.01847964897751808,
            -0.01674618571996689
        ],
        [
            0.19094224274158478,
            -0.0650593638420105,
            0.03184344992041588
        ],
        [
            0.19720250368118286,
            -0.061745814979076385,
            0.03729810565710068
        ],
        [
            0.09862694144248962,
            0.023126669228076935,
            -0.021837737411260605
        ],
        [
            0.09636182337999344,
            0.01415085606276989,
            -0.023203425109386444
        ],
        [
            0.11824537813663483,
            -0.005698878318071365,
            -0.010065983980894089
        ],
        [
            0.11630643904209137,
            -0.01710236817598343,
            -0.008445359766483307
        ],
        [
            0.130441352725029,
            -0.010079912841320038,
            -0.004685692489147186
        ],
        [
            0.12964336574077606,
            -0.021749453619122505,
            -0.0028794854879379272
        ],
        [
            0.17203840613365173,
            -0.026019606739282608,
            0.008116258308291435
        ],
        [
            0.20010824501514435,
            -0.06409886479377747,
            0.055568497627973557
        ],
        [
            0.19791962206363678,
            -0.05935477465391159,
            0.04556769132614136
        ],
        [
            0.19313539564609528,
            -0.056700557470321655,
            0.047816719859838486
        ],
        [
            0.19762247800827026,
            -0.060689523816108704,
            0.05667819827795029
        ],
        [
            0.19485360383987427,
            -0.056005723774433136,
            0.04135982319712639
        ],
        [
            0.1986265927553177,
            -0.06419862061738968,
            0.0423169881105423
        ],
        [
            0.12403209507465363,
            -0.0357033871114254,
            0.003174876794219017
        ],
        [
            0.17168964445590973,
            -0.03813296929001808,
            0.036426883190870285
        ],
        [
            0.10756982862949371,
            -0.03150855749845505,
            -0.0003308691084384918
        ],
        [
            0.11915476620197296,
            -0.0511881485581398,
            0.014515042304992676
        ],
        [
            0.10601163655519485,
            -0.04695837199687958,
            0.013797856867313385
        ],
        [
            0.09020300209522247,
            -0.027686752378940582,
            -0.002774283289909363
        ],
        [
            0.09211010485887527,
            -0.03914620354771614,
            0.009023025631904602
        ],
        [
            0.0807759240269661,
            -0.016263503581285477,
            -0.011746503412723541
        ],
        [
            0.08681429922580719,
            -0.02114596962928772,
            -0.008021172136068344
        ],
        [
            0.09207465499639511,
            -0.04955331236124039,
            0.024380672723054886
        ],
        [
