{
    "pred_cam": [
        7.760472774505615,
        -0.12659384310245514,
        -0.07192853093147278
    ],
    "pred_mano_params": {
        "global_orient": [
            [
                [
                    0.05199522525072098,
                    -0.8458963632583618,
                    0.530806839466095
                ],
                [
                    -0.8418036103248596,
                    -0.32308676838874817,
                    -0.4324137568473816
                ],
                [
                    0.5372738838195801,
                    -0.42435166239738464,
                    -0.728877604007721
                ]
            ]
        ],
        "hand_pose": [
            [
                [
                    0.8610953092575073,
                    -0.34262001514434814,
                    -0.3756679594516754
                ],
                [
                    0.3276442289352417,
                    0.9389148354530334,
                    -0.10530073940753937
                ],
                [
                    0.388798326253891,
                    -0.032411448657512665,
                    0.9207526445388794
                ]
            ],
            [
                [
                    0.9085865616798401,
                    -0.36218276619911194,
                    0.20807230472564697
                ],
                [
                    0.3947923183441162,
                    0.9073201417922974,
                    -0.14460010826587677
                ],
                [
                    -0.13641652464866638,
                    0.21352706849575043,
                    0.9673658609390259
                ]
            ],
            [
                [
                    0.8316724300384521,
                    -0.5516214370727539,
                    0.06352002173662186
                ],
                [
                    0.5548083186149597,
                    0.8208838701248169,
                    -0.1354159563779831
                ],
                [
                    0.02255578525364399,
                    0.14786314964294434,
                    0.9887506365776062
                ]
            ],
            [
                [
                    0.9440022706985474,
                    -0.27742815017700195,
                    -0.17858697474002838
                ],
                [
                    0.26367348432540894,
                    0.9597113728523254,
                    -0.09711004048585892
                ],
                [
                    0.1983330100774765,
                    0.04458345100283623,
                    0.979120135307312
                ]
            ],
            [
                [
                    0.6816703677177429,
                    -0.7102392911911011,
                    -0.17574313282966614
                ],
                [
                    0.7283568978309631,
                    0.6359308958053589,
                    0.25512370467185974
                ],
                [
                    -0.0694383904337883,
                    -0.3019140064716339,
                    0.9508029222488403
                ]
            ],
            [
                [
                    0.8562906980514526,
                    -0.5157351493835449,
                    0.0279899500310421
                ],
                [
                    0.5145695209503174,
                    0.8565201759338379,
                    0.039891574531793594
                ],
                [
                    -0.04454744979739189,
                    -0.019756009802222252,
                    0.9988118410110474
                ]
            ],
            [
                [
                    0.6281434893608093,
                    -0.702704668045044,
                    0.33412858843803406
                ],
                [
                    0.556953489780426,
                    0.7059221863746643,
                    0.4375804364681244
                ],
                [
                    -0.5433586239814758,
                    -0.08876921236515045,
                    0.8347942233085632
                ]
            ],
            [
                [
                    0.905208945274353,
                    -0.395930677652359,
                    -0.1543877124786377
                ],
                [
                    0.42138704657554626,
                    0.8833104372024536,
                    0.20541565120220184
                ],
                [
                    0.05504191666841507,
                    -0.2510010898113251,
                    0.966420590877533
                ]
            ],
            [
                [
                    0.9550016522407532,
                    -0.2653125524520874,
                    0.13259336352348328
                ],
                [
                    0.2097916156053543,
                    0.92024827003479,
                    0.3303492069244385
                ],
                [
                    -0.20966462790966034,
                    -0.28766709566116333,
                    0.9344989657402039
                ]
            ],
            [
                [
                    0.8960347175598145,
                    -0.4409070312976837,
                    0.05217984691262245
                ],
                [
                    0.44242411851882935,
                    0.8965417146682739,
                    -0.021767597645521164
                ],
                [
                    -0.03718392178416252,
                    0.042590148746967316,
                    0.9984003901481628
                ]
            ],
            [
                [
                    0.7551313042640686,
                    -0.6133583784103394,
                    -0.23144793510437012
                ],
                [
                    0.6526584029197693,
                    0.6701067090034485,
                    0.35354486107826233
                ],
                [
                    -0.061754897236824036,
                    -0.418029248714447,
                    0.9063320755958557
                ]
            ],
            [
                [
                    0.8124254941940308,
                    -0.5830596685409546,
                    0.002516200765967369
                ],
                [
                    0.5731016397476196,
                    0.7993296980857849,
                    0.1806279420852661
                ],
                [
                    -0.1073281317949295,
                    -0.14530469477176666,
                    0.9835482835769653
                ]
            ],
            [
                [
                    0.9880892634391785,
                    -0.1525745540857315,
                    -0.020013144239783287
                ],
                [
                    0.045702241361141205,
                    0.41515371203422546,
                    -0.9086025357246399
                ],
                [
                    0.14693816006183624,
                    0.8968658447265625,
                    0.41718193888664246
                ]
            ],
            [
                [
                    0.9332465529441833,
                    -0.2770850956439972,
                    -0.22863678634166718
                ],
                [
                    0.35921746492385864,
                    0.7132264971733093,
                    0.6018893718719482
                ],
                [
                    -0.0037047439254820347,
                    -0.6438415050506592,
                    0.7651499509811401
                ]
            ],
            [
                [
                    0.9531084299087524,
                    0.3011024296283722,
                    0.030358431860804558
                ],
                [
                    -0.29896098375320435,
                    0.95237797498703,
                    -0.05998843163251877
                ],
                [
                    -0.04697536677122116,
                    0.048099495470523834,
                    0.9977373480796814
                ]
            ]
        ],
        "betas": [
            0.016060754656791687,
            -0.034523338079452515,
            -0.07673561573028564,
            0.08938553929328918,
            0.06450611352920532,
            0.00226004421710968,
            0.016334474086761475,
            0.013069018721580505,
            0.0009167194366455078,
            -0.034994661808013916
        ]
    },
    "pred_cam_t": [
        -0.12659384310245514,
        -0.07192853093147278,
        5.033520698547363
    ],
    "focal_length": [
        5000.0,
        5000.0
    ],
    "pred_keypoints_3d": [
        [
            0.09569951891899109,
            0.006392413284629583,
            0.0061762770637869835
        ],
        [
            0.12123744189739227,
            0.020528018474578857,
            -0.019009355455636978
        ],
        [
            0.14299090206623077,
            0.041187986731529236,
            -0.026077594608068466
        ],
        [
            0.15512195229530334,
            0.06486065685749054,
            -0.03133763000369072
        ],
        [
            0.1705855131149292,
            0.09144174307584763,
            -0.050770923495292664
        ],
        [
            0.10645578801631927,
            0.07338577508926392,
            -0.053991518914699554
        ],
        [
            0.10519249737262726,
            0.10595165938138962,
            -0.05934552103281021
        ],
        [
            0.11540583521127701,
            0.12551477551460266,
            -0.0567602664232254
        ],
        [
            0.13234122097492218,
            0.14058637619018555,
            -0.04539857059717178
        ],
        [
            0.0902579054236412,
            0.08803657442331314,
            -0.04156699776649475
        ],
        [
            0.08762598782777786,
            0.11926454305648804,
            -0.04614625126123428
        ],
        [
            0.10237305611371994,
            0.13499242067337036,
            -0.03741614148020744
        ],
        [
            0.12352999299764633,
            0.14463049173355103,
            -0.02676108479499817
        ],
        [
            0.08067609369754791,
            0.08799039572477341,
            -0.016663577407598495
        ],
        [
            0.08613459765911102,
            0.11541861295700073,
            -0.023564260452985764
        ],
        [
            0.10326006263494492,
            0.1296187937259674,
            -0.012668859213590622
        ],
        [
            0.12498815357685089,
            0.13407260179519653,
            -0.0007997108623385429
        ],
        [
            0.07762821763753891,
            0.08617616444826126,
            0.004808864556252956
        ],
        [
            0.08882417529821396,
            0.10405036807060242,
            0.00397607684135437
        ],
        [
            0.10337045043706894,
            0.11455902457237244,
            0.010106006637215614
        ],
        [
            0.12168140709400177,
            0.11949653923511505,
            0.015300915576517582
        ]
    ],
    "pred_vertices": [
        [
            0.11639978736639023,
            0.047250837087631226,
            -0.024931952357292175
        ],
        [
            0.11735613644123077,
            0.03927203267812729,
            -0.017826002091169357
        ],
        [
            0.12418112903833389,
            0.044567618519067764,
            -0.021274857223033905
        ],
        [
            0.12276840955018997,
            0.05063236504793167,
            -0.03031223453581333
        ],
        [
            0.13188204169273376,
            0.0306086502969265,
            -0.005200587213039398
        ],
        [
            0.13837626576423645,
            0.020900126546621323,
            -0.007627636194229126
        ],
        [
            0.14696070551872253,
            0.033888138830661774,
            -0.01316208764910698
        ],
        [
            0.1409011036157608,
            0.04037259519100189,
            -0.008804328739643097
        ],
        [
            0.12707628309726715,
            0.05337674543261528,
            -0.034648362547159195
        ],
        [
            0.1301366239786148,
            0.04918648302555084,
            -0.023664213716983795
        ],
        [
            0.12812919914722443,
            0.05264963209629059,
            -0.03621798753738403
        ],
        [
            0.11929431557655334,
            0.053778864443302155,
            -0.05047149583697319
        ],
        [
            0.12164316326379776,
            0.056197069585323334,
            -0.04526277258992195
        ],
        [
            0.11388605087995529,
            0.05815167725086212,
            -0.05697561427950859
        ],
        [
            0.1131495013833046,
            0.045038528740406036,
            -0.05231929197907448
        ],
        [
            0.10464894026517868,
            0.0561978779733181,
            -0.05849397927522659
        ],
        [
            0.08645698428153992,
            0.04242244362831116,
            -0.038690801709890366
        ],
        [
            0.07880763709545135,
            0.044623639434576035,
            -0.02745119482278824
        ],
        [
            0.07776188850402832,
            0.05956558883190155,
            -0.034514714032411575
        ],
        [
            0.08617567270994186,
            0.056188277900218964,
            -0.044840265065431595
        ],
        [
            0.07179724425077438,
            0.05959298089146614,
            -0.014692466706037521
        ],
        [
            0.0747823715209961,
            0.06037000194191933,
            -0.02600899338722229
        ],
        [
            0.07493524998426437,
            0.04496778920292854,
            -0.019351687282323837
        ],
        [
            0.07247387617826462,
            0.04499579966068268,
            -0.009437274187803268
        ],
        [
            0.10707453638315201,
            0.04450540989637375,
            -0.01204579696059227
        ],
        [
            0.10805360227823257,
            0.036002445966005325,
            -0.00584007054567337
        ],
        [
            0.1105051264166832,
            0.03619549050927162,
            -0.011472433805465698
        ],
        [
            0.11007357388734818,
            0.04436405003070831,
            -0.016926202923059464
        ],
        [
            0.13741260766983032,
            0.0502350889146328,
            -0.03640136122703552
        ],
        [
            0.12882100045681,
            0.039199572056531906,
            -0.0430070236325264
        ],
        [
            0.12692922353744507,
            0.04670436307787895,
            -0.04167253524065018
        ],
        [
            0.13706080615520477,
            0.05371068790555,
            -0.031892746686935425
        ],
        [
            0.11133676022291183,
            0.019813068211078644,
            0.018693402409553528
        ],
        [
            0.10815060883760452,
            0.00686018168926239,
            0.020866189152002335
        ],
        [
            0.11064521223306656,
            0.004719749093055725,
            0.01593640074133873
        ],
        [
            0.11253292113542557,
            0.016924969851970673,
            0.01464705541729927
        ],
        [
            0.12464404106140137,
            0.005376242101192474,
            -0.0003920532763004303
        ],
        [
            0.11874896287918091,
            -0.0028384551405906677,
            0.0016354992985725403
        ],
        [
            0.11707300692796707,
            -0.013202071189880371,
            -0.006401661783456802
        ],
        [
            0.12238545715808868,
            -0.005592040717601776,
            -0.011458165943622589
        ],
        [
            0.131569966673851,
            0.013462111353874207,
            -0.004132449626922607
        ],
        [
            0.13186894357204437,
            0.0036962181329727173,
            -0.013443488627672195
        ],
        [
            0.1398061066865921,
            0.013567812740802765,
            -0.016182679682970047
        ],
        [
            0.14846459031105042,
            0.028960179537534714,
            -0.020802117884159088
        ],
        [
            0.09994915127754211,
            0.010461308062076569,
            0.030032556504011154
        ],
        [
            0.1015891432762146,
            0.02052466571331024,
            0.03007061779499054
        ],
        [
            0.11685526371002197,
            0.10676653683185577,
            -0.05777664855122566
        ],
        [
            0.11477402597665787,
            0.10852819681167603,
            -0.05256856977939606
        ],
        [
            0.11458007246255875,
            0.10424569994211197,
            -0.052498333156108856
        ],
        [
            0.11641578376293182,
            0.10347067564725876,
            -0.05796152725815773
        ],
        [
            0.08084458857774734,
            0.017007648944854736,
            0.02953665517270565
        ],
        [
            0.0728616788983345,
            0.014634087681770325,
            0.0238657109439373
        ],
        [
            0.07404845952987671,
            0.008993268013000488,
            0.028328735381364822
        ],
        [
            0.08247380703687668,
            0.010174795985221863,
            0.03232669085264206
        ],
        [
            0.07880882173776627,
            0.02602953463792801,
            0.0258052758872509
        ],
        [
            0.07199113070964813,
            0.022492781281471252,
            0.01754014380276203
        ],
        [
            0.10890313237905502,
            0.11050652712583542,
            -0.06719785928726196
        ],
        [
            0.1135876402258873,
            0.1087818518280983,
            -0.06591875106096268
        ],
        [
            0.11130183190107346,
            0.10465182363986969,
            -0.06669200211763382
        ],
        [
            0.10626550018787384,
            0.10562286525964737,
            -0.06693775206804276
        ],
        [
            0.12058614194393158,
            0.05619271099567413,
            -0.03860572725534439
        ],
        [
            0.1161135658621788,
            0.05500834435224533,
            -0.03063133731484413
        ],
        [
            0.11675155907869339,
            0.07126224040985107,
            -0.04792410135269165
        ],
        [
            0.11511813849210739,
            0.06475052237510681,
            -0.04055262356996536
        ],
        [
            0.11835415661334991,
            0.061623815447092056,
            -0.0461583286523819
        ],
        [
            0.11800163984298706,
            0.06716236472129822,
            -0.05243657901883125
        ],
        [
            0.10246752202510834,
            0.06520784646272659,
            -0.020314175635576248
        ],
        [
            0.10357952117919922,
            0.05476224049925804,
            -0.015039335936307907
        ],
        [
            0.10667528212070465,
            0.05488765984773636,
            -0.020946858450770378
        ],
        [
            0.10695496201515198,
            0.06602013111114502,
            -0.027674807235598564
        ],
        [
            0.09908830374479294,
            0.057586196810007095,
            -0.001919848844408989
        ],
        [
            0.097929947078228,
            0.06748536229133606,
            -0.008380703628063202
        ],
        [
            0.09550438076257706,
            0.06789205223321915,
            -0.00019422732293605804
        ],
        [
            0.0976070687174797,
            0.06108058616518974,
            0.003368822857737541
        ],
        [
            0.09697484970092773,
            0.0834667980670929,
            -0.022300584241747856
        ],
        [
            0.09474746137857437,
            0.08955463767051697,
            -0.0268681813031435
        ],
        [
            0.09361578524112701,
            0.09069359302520752,
            -0.024018730968236923
        ],
        [
            0.09518790990114212,
            0.08359155803918839,
            -0.019056517630815506
        ],
        [
            0.07452207803726196,
            0.002886638045310974,
            0.03191936016082764
        ],
        [
            0.08409972488880157,
            0.003282584249973297,
            0.03407571464776993
        ],
        [
            0.068758524954319,
            0.06165356934070587,
            0.006586151197552681
        ],
        [
            0.0731796994805336,
            0.06041570380330086,
            0.016642222180962563
        ],
        [
            0.07160452008247375,
            0.07336612045764923,
            0.013902341946959496
        ],
        [
            0.06680652499198914,
            0.0712820291519165,
            0.0036265961825847626
        ],
        [
            0.06962612271308899,
            0.012131638824939728,
            0.01432914286851883
        ],
        [
            0.06883234530687332,
            0.00678621232509613,
            0.020022135227918625
        ],
        [
            0.10382364690303802,
            0.11276598274707794,
            -0.06467843055725098
        ],
        [
            0.10159051418304443,
            0.10736358165740967,
            -0.06361506134271622
        ],
        [
            0.13268359005451202,
            0.007812030613422394,
            -0.026827801018953323
        ],
        [
            0.14540809392929077,
            0.02611466497182846,
            -0.029621165245771408
        ],
        [
            0.12162138521671295,
            -0.003693029284477234,
            -0.022353943437337875
        ],
        [
            0.11320692300796509,
            -0.01042158156633377,
            -0.018160801380872726
        ],
        [
            0.10869177430868149,
            -0.017325744032859802,
            -0.014122430235147476
        ],
        [
            0.11192303895950317,
            0.06987294554710388,
            -0.03779773786664009
        ],
        [
            0.1111065074801445,
            0.05167699605226517,
            -0.02342899888753891
        ],
        [
            0.10492640733718872,
            0.0451384112238884,
            -0.0073704831302165985
        ],
        [
            0.09605647623538971,
            0.05605405941605568,
            0.02003060281276703
        ],
        [
            0.09791871160268784,
            0.04674280807375908,
            0.02458667755126953
        ],
        [
            0.10262133181095123,
            0.0476745069026947,
            0.015060469508171082
        ],
        [
            0.09944601356983185,
            0.05547516047954559,
            0.012778054922819138
        ],
        [
            0.0811389833688736,
            0.0631018802523613,
            0.021937096491456032
        ],
        [
            0.08861327916383743,
            0.0651630312204361,
            0.0199139267206192
        ],
        [
            0.08676041662693024,
            0.07302531599998474,
            0.016432160511612892
        ],
        [
            0.07934398949146271,
            0.0730660930275917,
            0.018378334119915962
        ],
        [
            0.1423638015985489,
            0.04598062485456467,
            -0.039925072342157364
        ],
        [
            0.1323331743478775,
            0.0325370691716671,
            -0.04317445680499077
        ],
        [
            0.09098168462514877,
            0.01841830462217331,
            0.03221580386161804
        ],
        [
            0.09259803593158722,
            0.010804697871208191,
            0.03263498842716217
        ],
        [
            0.091816246509552,
            0.0024440810084342957,
            0.03392551466822624
        ],
        [
            0.11069219559431076,
            0.02742985263466835,
            0.005508221685886383
        ],
        [
            0.11342819035053253,
            0.014920517802238464,
            0.011817190796136856
        ],
        [
            0.1154591366648674,
            0.014349222183227539,
            0.007989700883626938
        ],
        [
            0.11074269562959671,
            0.026637136936187744,
            0.0017783567309379578
        ],
        [
            0.11888504773378372,
            0.03203270584344864,
            -0.00838363915681839
        ],
        [
            0.12361367791891098,
            0.022032372653484344,
            -0.0012711025774478912
        ],
        [
            0.1261012703180313,
            0.03963083401322365,
            -0.010385513305664062
        ],
        [
            0.11401575058698654,
            0.0002715960144996643,
            0.009954992681741714
        ],
        [
            0.11035425961017609,
            -0.005150407552719116,
            0.01885133609175682
        ],
        [
            0.11351244896650314,
            -0.009007856249809265,
            0.011471401900053024
        ],
        [
            0.10466157644987106,
            -0.0019440948963165283,
            0.02615099400281906
        ],
        [
            0.09831945598125458,
            0.0008668079972267151,
            0.03173764422535896
        ],
        [
            0.06593629717826843,
            -8.004903793334961e-05,
            0.02416306920349598
        ],
        [
            0.11517821252346039,
            -0.01192978024482727,
            0.0038612671196460724
        ],
        [
            0.14687316119670868,
            0.04675465077161789,
            -0.01367361843585968
        ],
        [
            0.15160217881202698,
            0.052636828273534775,
            -0.018138641491532326
        ],
        [
            0.14516843855381012,
            0.05576709657907486,
            -0.018656551837921143
        ],
        [
            0.14037193357944489,
            0.05082269385457039,
            -0.01545671932399273
        ],
        [
            0.10970136523246765,
            0.06589087843894958,
            -0.0622965432703495
        ],
        [
            0.11603041738271713,
            0.06666833162307739,
            -0.05807579308748245
        ],
        [
            0.11869730055332184,
            0.05868912860751152,
            -0.052201107144355774
        ],
        [
            0.10838921368122101,
            0.031066805124282837,
            0.018677636981010437
        ],
        [
            0.10044193267822266,
            0.031188979744911194,
            0.02841203287243843
        ],
        [
            0.11309512704610825,
            0.07613220065832138,
            -0.04517507925629616
        ],
        [
            0.10406935960054398,
            0.10116377472877502,
            -0.06700550764799118
        ],
        [
            0.10985901206731796,
            0.10018456727266312,
            -0.06688667088747025
        ],
        [
            0.10902364552021027,
            0.08223692327737808,
            -0.06556828320026398
        ],
        [
            0.10235177725553513,
            0.08366351574659348,
            -0.06597919762134552
        ],
        [
            0.10520421713590622,
            0.08426445722579956,
            -0.04696998372673988
        ],
        [
            0.11132395267486572,
            0.08061791211366653,
            -0.046753451228141785
        ],
        [
            0.10961750894784927,
            0.0831880122423172,
            -0.04710151627659798
        ],
        [
            0.10451190918684006,
            0.08696050196886063,
            -0.045469656586647034
        ],
        [
            0.09158653765916824,
            0.0894165113568306,
            -0.014992873184382915
        ],
        [
            0.0929383933544159,
            0.08306435495615005,
            -0.01068718358874321
        ],
        [
            0.08818389475345612,
            0.07122349739074707,
            -0.04900447651743889
        ],
        [
            0.09260580688714981,
            0.06422317028045654,
            -0.0592944510281086
        ],
        [
            0.0942753255367279,
            0.05412754416465759,
            -0.053756508976221085
        ],
        [
            0.09965349733829498,
            0.06565859913825989,
            -0.01341014914214611
        ],
        [
            0.0983690544962883,
            0.07536116242408752,
            -0.017458003014326096
        ],
        [
            0.09656314551830292,
            0.07596246898174286,
            -0.013762224465608597
        ],
        [
            0.10929341614246368,
            0.07404942810535431,
            -0.03728847578167915
        ],
        [
            0.10875329375267029,
            0.0795489102602005,
            -0.042445361614227295
        ],
        [
            0.10603144764900208,
            0.0793423131108284,
            -0.038037385791540146
        ],
        [
            0.10626135766506195,
            0.07386656850576401,
            -0.03250543028116226
        ],
        [
            0.07405010610818863,
            0.04769090190529823,
            0.020149292424321175
        ],
        [
            0.08316414803266525,
            0.05113137885928154,
            0.02661241963505745
        ],
        [
            0.11648328602313995,
            0.10714635252952576,
            -0.06258003413677216
        ],
        [
            0.11513565480709076,
            0.10362667590379715,
            -0.06322193890810013
        ],
        [
            0.10084269940853119,
            0.05541043356060982,
            -0.008376769721508026
        ],
        [
            0.09590081870555878,
            0.04192737117409706,
            -0.04640496149659157
        ],
        [
            0.10300488770008087,
            0.04602036625146866,
            -0.002261299639940262
        ],
        [
            0.073133185505867,
            0.08138704299926758,
            -0.011099124327301979
        ],
        [
            0.07842005044221878,
            0.08546222001314163,
            -0.006193957291543484
        ],
        [
            0.07937583327293396,
            0.09058648347854614,
            -0.009645884856581688
        ],
        [
            0.0746278390288353,
            0.08953150361776352,
            -0.013773391954600811
        ],
        [
            0.10401478409767151,
            0.10185704380273819,
            -0.04720642417669296
        ],
        [
            0.10967328399419785,
            0.10153442621231079,
            -0.04767511785030365
        ],
        [
            0.11011513322591782,
            0.10581692308187485,
            -0.04839025065302849
        ],
        [
            0.1044473946094513,
            0.10730434954166412,
            -0.048283688724040985
        ],
        [
            0.11513807624578476,
            0.07787492126226425,
            -0.050214942544698715
        ],
        [
            0.11700290441513062,
            0.07458775490522385,
            -0.055401723831892014
        ],
        [
            0.11589688062667847,
            0.0815264880657196,
            -0.055790968239307404
        ],
        [
            0.1132003664970398,
            0.08281805366277695,
            -0.05071680247783661
        ],
        [
            0.11417637020349503,
            0.07445698976516724,
            -0.06103484705090523
        ],
        [
            0.11386923491954803,
            0.08121277391910553,
            -0.06169037148356438
        ],
        [
            0.09860847890377045,
            0.10232631862163544,
            -0.05071092024445534
        ],
        [
            0.09638369828462601,
            0.10244731605052948,
            -0.057863809168338776
        ],
        [
            0.09417255222797394,
            0.08683677017688751,
            -0.0556265190243721
        ],
        [
            0.09816791117191315,
            0.08920951187610626,
            -0.04908514767885208
        ],
        [
            0.07206256687641144,
            0.03064204752445221,
            -0.004796871915459633
        ],
        [
            0.07033222913742065,
            0.0328960120677948,
            0.005953390151262283
        ],
        [
            0.07047916948795319,
            0.047303661704063416,
            0.0015820898115634918
        ],
        [
            0.06943093985319138,
            0.06143853813409805,
            -0.0025613047182559967
        ],
        [
            0.06992529332637787,
            0.07453404366970062,
            -0.006956477649509907
        ],
        [
            0.07014268636703491,
            0.07167921215295792,
            -0.018743228167295456
        ],
        [
            0.06998556852340698,
            0.04758545011281967,
            0.009707242250442505
        ],
        [
            0.09601567685604095,
            0.08325283974409103,
            -0.04849887639284134
        ],
        [
            0.09322416037321091,
            0.07677384465932846,
            -0.053977277129888535
        ],
        [
            0.09092642366886139,
            0.07873771339654922,
            -0.0498521663248539
        ],
        [
            0.10182352364063263,
            0.04843911901116371,
            0.004702281206846237
        ],
        [
            0.11419118195772171,
            0.09950338304042816,
            -0.06379953026771545
        ],
        [
            0.08929235488176346,
            -0.007710114121437073,
            -0.018380992114543915
        ],
        [
            0.07888446748256683,
            -0.0036413967609405518,
            -0.010500609874725342
        ],
        [
            0.0811087042093277,
            0.0033607780933380127,
            -0.015428069978952408
        ],
        [
            0.09377525746822357,
            -0.0007928535342216492,
            -0.023996323347091675
        ],
        [
            0.1147826761007309,
            0.10035816580057144,
            -0.05210249125957489
        ],
        [
            0.11676618456840515,
            0.0994987040758133,
            -0.05801187455654144
        ],
        [
            0.09061829000711441,
            0.08540967106819153,
            -0.005045732483267784
        ],
        [
            0.0891549214720726,
            0.09073828160762787,
            -0.009896792471408844
        ],
        [
            0.08583172410726547,
            0.09243357926607132,
            -0.008690825663506985
        ],
        [
            0.08817673474550247,
            0.08933267742395401,
            -0.0018421802669763565
        ],
        [
            0.07038222253322601,
            0.032784029841423035,
            0.011893641203641891
        ],
        [
            0.07388152927160263,
            0.08210450410842896,
            0.012803163379430771
        ],
        [
            0.06860421597957611,
            0.07988445460796356,
            0.0034904135391116142
        ],
        [
            0.07025381177663803,
            0.0202358216047287,
            0.009366147220134735
        ],
        [
            0.0711524710059166,
            0.018048211932182312,
            -0.00011100247502326965
        ],
        [
            0.07028539478778839,
            0.009165942668914795,
            0.0038101300597190857
        ],
        [
            0.07655908912420273,
            0.0759190171957016,
            -0.032185692340135574
        ],
        [
            0.07428400218486786,
            0.03100220486521721,
            -0.013173488900065422
        ],
        [
            0.07370202243328094,
            0.01773768663406372,
            -0.007335813716053963
        ],
        [
            0.07278502732515335,
            0.007100701332092285,
            -0.0029778815805912018
        ],
        [
            0.07128763943910599,
            -0.0003444552421569824,
            0.0004951991140842438
        ],
        [
            0.06884215027093887,
            0.002699047327041626,
            0.007648684084415436
        ],
        [
            0.0992310494184494,
            0.10220792889595032,
            -0.06305155903100967
        ],
        [
            0.09796423465013504,
            0.10887894034385681,
            -0.05817323923110962
        ],
        [
            0.06557959318161011,
            -0.004773147404193878,
            0.011693377047777176
        ],
        [
            0.06910824775695801,
            -0.00784650444984436,
            0.0036726705729961395
        ],
        [
            0.07786291837692261,
            0.016555823385715485,
            -0.01550804078578949
        ],
        [
            0.08472544699907303,
            0.015197917819023132,
            -0.025038642808794975
        ],
        [
            0.07844117283821106,
            0.029498908668756485,
            -0.020719589665532112
        ],
        [
            0.08486790955066681,
            0.029208920896053314,
            -0.030541349202394485
        ],
        [
            0.07761994749307632,
            0.06975812464952469,
            -0.040799982845783234
        ],
        [
            0.10624281316995621,
            0.12549783289432526,
            -0.05492018163204193
        ],
        [
            0.1010519415140152,
            0.11499825865030289,
            -0.053514283150434494
        ],
        [
            0.10495899617671967,
            0.11304432153701782,
            -0.049671024084091187
        ],
        [
            0.10753629356622696,
            0.12408232688903809,
            -0.0509362518787384
        ],
        [
            0.09973400831222534,
            0.10843060910701752,
            -0.051687680184841156
        ],
        [
            0.10039256513118744,
            0.11441519856452942,
            -0.05921757593750954
        ],
        [
            0.09751275181770325,
            0.027824528515338898,
            -0.03989461809396744
        ],
        [
            0.10381706058979034,
            0.08524440973997116,
            -0.04293803125619888
        ],
        [
            0.10161019116640091,
            0.012281224131584167,
            -0.03398841619491577
        ],
        [
            0.1130843535065651,
            0.032238543033599854,
            -0.04818239063024521
        ],
        [
            0.11832328140735626,
            0.02130115032196045,
            -0.042431771755218506
        ],
        [
            0.10759995132684708,
            -0.0036317184567451477,
            -0.027505438774824142
        ],
        [
            0.1208176389336586,
            0.006817124783992767,
            -0.0347728356719017
        ],
        [
            0.09804770350456238,
            -0.016604162752628326,
            -0.016855604946613312
        ],
        [
            0.10111317783594131,
            -0.009583868086338043,
            -0.02186371386051178
        ],
        [
            0.13389545679092407,
            0.020052380859851837,
            -0.037689223885536194
        ],
        [
            0.11965523660182953,
