{
    "pred_cam": [
        8.452583312988281,
        0.04146243631839752,
        -0.05976473167538643
    ],
    "pred_mano_params": {
        "global_orient": [
            [
                [
                    0.8061537146568298,
                    -0.45848050713539124,
                    -0.3740480840206146
                ],
                [
                    -0.5458225011825562,
                    -0.8202824592590332,
                    -0.17092272639274597
                ],
                [
                    -0.22846032679080963,
                    0.3419538140296936,
                    -0.9115227460861206
                ]
            ]
        ],
        "hand_pose": [
            [
                [
                    0.8827221393585205,
                    -0.4652493894100189,
                    -0.06591405719518661
                ],
                [
                    0.46158328652381897,
                    0.8848015666007996,
                    -0.06377402693033218
                ],
                [
                    0.08799167722463608,
                    0.02586991712450981,
                    0.9957852959632874
                ]
            ],
            [
                [
                    0.8286387324333191,
                    -0.5527876615524292,
                    0.0882248505949974
                ],
                [
                    0.5558667778968811,
                    0.7939450144767761,
                    -0.2462996244430542
                ],
                [
                    0.06610571593046188,
                    0.25313466787338257,
                    0.9651699066162109
                ]
            ],
            [
                [
                    0.8402183055877686,
                    -0.5403474569320679,
                    0.0453631766140461
                ],
                [
                    0.5317747592926025,
                    0.8374639749526978,
                    0.12597529590129852
                ],
                [
                    -0.1060604527592659,
                    -0.08172375708818436,
                    0.9909957051277161
                ]
            ],
            [
                [
                    0.7740001678466797,
                    -0.6292009353637695,
                    -0.07092142850160599
                ],
                [
                    0.6323801279067993,
                    0.7625048160552979,
                    0.13668163120746613
                ],
                [
                    -0.03192228823900223,
                    -0.15064091980457306,
                    0.9880730509757996
                ]
            ],
            [
                [
                    0.7317796945571899,
                    -0.6467829346656799,
                    -0.21487264335155487
                ],
                [
                    0.6811967492103577,
                    0.7041299343109131,
                    0.200429305434227
                ],
                [
                    0.021664012223482132,
                    -0.2930406928062439,
                    0.9558544158935547
                ]
            ],
            [
                [
                    0.7345006465911865,
                    -0.6527916193008423,
                    0.18539662659168243
                ],
                [
                    0.6579251289367676,
                    0.7519590854644775,
                    0.04113439470529556
                ],
                [
                    -0.16626286506652832,
                    0.09176386147737503,
                    0.9818024635314941
                ]
            ],
            [
                [
                    0.4919549524784088,
                    -0.8701217174530029,
                    0.029470229521393776
                ],
                [
                    0.5935646891593933,
                    0.35997214913368225,
                    0.7197922468185425
                ],
                [
                    -0.6369153261184692,
                    -0.3366129398345947,
                    0.6935636401176453
                ]
            ],
            [
                [
                    0.9097602367401123,
                    -0.4139992892742157,
                    -0.030674908310174942
                ],
                [
                    0.41350695490837097,
                    0.8971809148788452,
                    0.1551721841096878
                ],
                [
                    -0.03672023117542267,
                    -0.15385375916957855,
                    0.9874110817909241
                ]
            ],
            [
                [
                    0.9751497507095337,
                    -0.08523742854595184,
                    0.2044936567544937
                ],
                [
                    0.009277178905904293,
                    0.9379268288612366,
                    0.34670913219451904
                ],
                [
                    -0.22135266661643982,
                    -0.3361961543560028,
                    0.9154098629951477
                ]
            ],
            [
                [
                    0.6089717745780945,
                    -0.7892577648162842,
                    0.07890195399522781
                ],
                [
                    0.7493920922279358,
                    0.6050890684127808,
                    0.26884695887565613
                ],
                [
                    -0.2599322497844696,
                    -0.10459171235561371,
                    0.9599456787109375
                ]
            ],
            [
                [
                    0.9203691482543945,
                    -0.3824959993362427,
                    -0.08134789764881134
                ],
                [
                    0.38153958320617676,
                    0.8327383995056152,
                    0.40121614933013916
                ],
                [
                    -0.08572207391262054,
                    -0.40030437707901,
                    0.91236412525177
                ]
            ],
            [
                [
                    0.7782520055770874,
                    -0.5817086100578308,
                    0.2365141063928604
                ],
                [
                    0.509614884853363,
                    0.8051455616950989,
                    0.3033698499202728
                ],
                [
                    -0.36690112948417664,
                    -0.11556708067655563,
                    0.923053503036499
                ]
            ],
            [
                [
                    0.9526433348655701,
                    -0.1658916175365448,
                    -0.25485411286354065
                ],
                [
                    -0.19396401941776276,
                    0.3139705955982208,
                    -0.929408609867096
                ],
                [
                    0.23419778048992157,
                    0.9348275065422058,
                    0.26692497730255127
                ]
            ],
            [
                [
                    0.9319931864738464,
                    -0.36052340269088745,
                    0.03757074847817421
                ],
                [
                    0.27050265669822693,
                    0.7607616782188416,
                    0.5899744629859924
                ],
                [
                    -0.24128203094005585,
                    -0.5396892428398132,
                    0.806547224521637
                ]
            ],
            [
                [
                    0.9944173693656921,
                    0.1051398292183876,
                    -0.008936435915529728
                ],
                [
                    -0.10395590960979462,
                    0.9616447687149048,
                    -0.2538355588912964
                ],
                [
                    -0.01809454895555973,
                    0.2533474564552307,
                    0.9672061800956726
                ]
            ]
        ],
        "betas": [
            -0.04848155379295349,
            0.036614179611206055,
            -0.002569913864135742,
            0.029460221529006958,
            -0.022316038608551025,
            -0.07014142721891403,
            0.027479201555252075,
            -0.060221701860427856,
            -0.03182294964790344,
            -0.01865115761756897
        ]
    },
    "pred_cam_t": [
        -0.04146243631839752,
        -0.05976473167538643,
        4.621368408203125
    ],
    "focal_length": [
        5000.0,
        5000.0
    ],
    "pred_keypoints_3d": [
        [
            0.09589822590351105,
            0.006399842910468578,
            0.006182301789522171
        ],
        [
            0.07392925024032593,
            0.028008032590150833,
            -0.017252326011657715
        ],
        [
            0.06108720600605011,
            0.055972836911678314,
            -0.020063549280166626
        ],
        [
            0.05043766647577286,
            0.08096583187580109,
            -0.01995309442281723
        ],
        [
            0.035687003284692764,
            0.11356037855148315,
            -0.024770881980657578
        ],
        [
            0.01929321140050888,
            0.0553571917116642,
            0.005658259615302086
        ],
        [
            -8.221901953220367e-05,
            0.08192216604948044,
            0.00921411532908678
        ],
        [
            0.0029667646158486605,
            0.10391327738761902,
            0.007999061606824398
        ],
        [
            0.016797667369246483,
            0.12391509115695953,
            0.002943228930234909
        ],
        [
            0.02130669355392456,
            0.05997023731470108,
            0.03044218011200428
        ],
        [
            0.011733463034033775,
            0.09005533903837204,
            0.03400133550167084
        ],
        [
            0.022249992936849594,
            0.109591044485569,
            0.026860743761062622
        ],
        [
            0.03713134676218033,
            0.12064138799905777,
            0.009751081466674805
        ],
        [
            0.04169439524412155,
            0.058941010385751724,
            0.04794338718056679
        ],
        [
            0.03505457937717438,
            0.08662354946136475,
            0.04301702603697777
        ],
        [
            0.043628282845020294,
            0.10753758251667023,
            0.032702066004276276
        ],
        [
            0.05154649168252945,
            0.11965420097112656,
            0.012476194649934769
        ],
        [
            0.06113643944263458,
            0.05963357910513878,
            0.05801424756646156
        ],
        [
            0.06195812299847603,
            0.0797332376241684,
            0.05150512233376503
        ],
        [
            0.06880010664463043,
            0.09350883215665817,
            0.040386129170656204
        ],
        [
            0.0734487846493721,
            0.10512248426675797,
            0.0239858441054821
        ]
    ],
    "pred_vertices": [
        [
            0.05752010643482208,
            0.04436985030770302,
            -0.0023572221398353577
        ],
        [
            0.0671953484416008,
            0.03888402134180069,
            -0.0038336124271154404
        ],
        [
            0.06255587190389633,
            0.04576204717159271,
            -0.005879351869225502
        ],
        [
            0.05234770476818085,
            0.049163978546857834,
            -0.0068459222093224525
        ],
        [
            0.0833749920129776,
            0.045355454087257385,
            -0.011521516367793083
        ],
        [
            0.08650533109903336,
            0.042828530073165894,
            -0.022899551317095757
        ],
        [
            0.07691340893507004,
            0.05633368715643883,
            -0.022353166714310646
        ],
        [
            0.07667374610900879,
            0.05702415108680725,
            -0.012211186811327934
        ],
        [
            0.04734563082456589,
            0.052685245871543884,
            -0.00912583339959383
        ],
        [
            0.05878733843564987,
            0.05247846245765686,
            -0.007440552115440369
        ],
        [
            0.044971004128456116,
            0.052675727754831314,
            -0.009794516488909721
        ],
        [
            0.03155647590756416,
            0.046349719166755676,
            -0.010499183088541031
        ],
        [
            0.03635234758257866,
            0.050798434764146805,
            -0.009428517892956734
        ],
        [
            0.023700881749391556,
            0.04583154618740082,
            -0.007735427934676409
        ],
        [
            0.0316997654736042,
            0.03581754490733147,
            -0.01101470272988081
        ],
        [
            0.020642761141061783,
            0.03880671411752701,
            -0.0022890917025506496
        ],
        [
            0.0394725501537323,
            0.02161475643515587,
            0.012912644073367119
        ],
        [
            0.046963803470134735,
            0.021127473562955856,
            0.024586103856563568
        ],
        [
            0.03402363136410713,
            0.031170744448900223,
            0.030529959127306938
        ],
        [
            0.028274595737457275,
            0.03138843923807144,
            0.01773476041853428
        ],
        [
            0.050760384649038315,
            0.03152266517281532,
            0.0433373786509037
        ],
        [
            0.04088909551501274,
            0.03178304061293602,
            0.036684561520814896
        ],
        [
            0.05328885465860367,
            0.020694013684988022,
            0.03112577088177204
        ],
        [
            0.061656877398490906,
            0.021088432520627975,
            0.0371282584965229
        ],
        [
            0.06814083456993103,
            0.04016343504190445,
            0.008262689225375652
        ],
        [
            0.07736138999462128,
            0.03485247492790222,
            0.0056568942964077
        ],
        [
            0.07293546199798584,
            0.03461790829896927,
            0.0015449374914169312
        ],
        [
            0.06451694667339325,
            0.04051179811358452,
            0.003925102762877941
        ],
        [
            0.04683343693614006,
            0.05711979418992996,
            -0.01725492812693119
        ],
        [
            0.044568490236997604,
            0.042416807264089584,
            -0.020236006006598473
        ],
        [
            0.04212457686662674,
            0.04678612947463989,
            -0.014398383907973766
        ],
        [
            0.048923373222351074,
            0.06011117994785309,
            -0.012920727953314781
        ],
        [
            0.10604670643806458,
            0.02854975312948227,
            0.005314435809850693
        ],
        [
            0.11197943240404129,
            0.016615089029073715,
            0.002517692744731903
        ],
        [
            0.10894915461540222,
            0.015515610575675964,
            -0.0025050658732652664
        ],
        [
            0.10384415090084076,
            0.026213455945253372,
            0.0011972617357969284
        ],
        [
            0.09767939895391464,
            0.022724010050296783,
            -0.020088713616132736
        ],
        [
            0.10098861902952194,
            0.012399539351463318,
            -0.018607141450047493
        ],
        [
            0.09692776948213577,
            0.0017501413822174072,
            -0.02522190660238266
        ],
        [
            0.09091722965240479,
            0.010897234082221985,
            -0.027744922786951065
        ],
        [
            0.09216650575399399,
            0.033188313245773315,
            -0.021847888827323914
        ],
        [
            0.08752192556858063,
            0.024445757269859314,
            -0.030831029638648033
        ],
        [
            0.0820997804403305,
            0.03721708059310913,
            -0.03150230646133423
        ],
        [
            0.07277520000934601,
            0.05287396162748337,
            -0.029760854318737984
        ],
        [
            0.11695043742656708,
            0.016332849860191345,
            0.014378989115357399
        ],
        [
            0.11375118046998978,
            0.025447893887758255,
            0.01796908862888813
        ],
        [
            0.0077150422148406506,
            0.08736144006252289,
            0.00040249736048281193
        ],
        [
            0.010612323880195618,
            0.08874564617872238,
            0.005543364677578211
        ],
        [
            0.01210984867066145,
            0.08502735942602158,
            0.004611142445355654
        ],
        [
            0.008787993341684341,
            0.08421149849891663,
            -7.514213211834431e-05
        ],
        [
            0.10962370038032532,
            0.010406915098428726,
            0.03240951895713806
        ],
        [
            0.1034475713968277,
            0.0028846710920333862,
            0.03518883138895035
        ],
        [
            0.10979734361171722,
            -0.00018784403800964355,
            0.033316470682621
        ],
        [
            0.11499959975481033,
            0.006339084357023239,
            0.02892388589680195
        ],
        [
            0.10249926149845123,
            0.01576073095202446,
            0.03698083758354187
        ],
        [
            0.09465746581554413,
            0.007552247494459152,
            0.03720156475901604
        ],
        [
            -0.004835438448935747,
            0.08606245368719101,
            0.002782250987365842
        ],
        [
            -0.0011575878597795963,
            0.08669435232877731,
            -0.0008742563659325242
        ],
        [
            -0.0012568854726850986,
            0.08170405775308609,
            -0.00047650362830609083
        ],
        [
            -0.004281265661120415,
            0.08017604053020477,
            0.003796985140070319
        ],
        [
            0.04261235520243645,
            0.05177000164985657,
            -0.006630169227719307
        ],
        [
            0.04940503090620041,
            0.04998533055186272,
            -0.0009544510394334793
        ],
        [
            0.028827384114265442,
            0.0601995475590229,
            -0.000400410033762455
        ],
        [
            0.03672248497605324,
            0.05562683194875717,
            0.000478941947221756
        ],
        [
            0.03372858837246895,
            0.05369415134191513,
            -0.005492768250405788
        ],
        [
            0.026775231584906578,
            0.05657466873526573,
            -0.005322239827364683
        ],
        [
            0.05184687301516533,
            0.05241242051124573,
            0.01849585399031639
        ],
        [
            0.060747575014829636,
            0.04583749547600746,
            0.014737696386873722
        ],
        [
            0.05607420206069946,
            0.046562351286411285,
            0.010019932873547077
        ],
        [
            0.045948684215545654,
            0.0543503537774086,
            0.012400581501424313
        ],
        [
            0.07058298587799072,
            0.0477927029132843,
            0.024791987612843513
        ],
        [
            0.060814693570137024,
            0.053581200540065765,
            0.027866262942552567
        ],
        [
            0.06763262301683426,
            0.05385533720254898,
            0.033099912106990814
        ],
        [
            0.07379645109176636,
            0.05060391128063202,
            0.029684817418456078
        ],
        [
            0.042548034340143204,
            0.06273125112056732,
            0.030426880344748497
        ],
        [
            0.0368725061416626,
            0.06592340022325516,
            0.03192653879523277
        ],
        [
            0.038770753890275955,
            0.06594834476709366,
            0.03374398499727249
        ],
        [
            0.045141950249671936,
            0.06229940801858902,
            0.032804131507873535
        ],
        [
            0.11538341641426086,
            -0.004188902676105499,
            0.031449463218450546
        ],
        [
            0.1194901242852211,
            0.002044953405857086,
            0.02502852864563465
        ],
        [
            0.06910377740859985,
            0.03524218127131462,
            0.05485612899065018
        ],
        [
            0.07989086210727692,
            0.038245901465415955,
            0.054317060858011246
        ],
        [
            0.07262890040874481,
            0.047835275530815125,
            0.05973222851753235
        ],
        [
            0.06220826506614685,
            0.04172418266534805,
            0.05975964292883873
        ],
        [
            0.09497170150279999,
            -0.002656415104866028,
            0.03270641714334488
        ],
        [
            0.10185260325670242,
            -0.006413295865058899,
            0.0330071859061718
        ],
        [
            -0.00580171262845397,
            0.08609630912542343,
            0.009031024761497974
        ],
        [
            -0.004615594632923603,
            0.08032344281673431,
            0.009979424998164177
        ],
        [
            0.07350986450910568,
            0.02615673840045929,
            -0.034164927899837494
        ],
        [
            0.06548057496547699,
            0.04690009355545044,
            -0.03341377526521683
        ],
        [
            0.08001016080379486,
            0.01065492257475853,
            -0.030701199546456337
        ],
        [
            0.08433200418949127,
            0.00018495693802833557,
            -0.02580522932112217
        ],
        [
            0.08932366967201233,
            -0.007877744734287262,
            -0.023781264200806618
        ],
        [
            0.036653243005275726,
            0.058468710631132126,
            0.006670479662716389
        ],
        [
            0.056056249886751175,
            0.04594137892127037,
            0.004087010398507118
        ],
        [
            0.07159735262393951,
            0.04041130840778351,
            0.012113474309444427
        ],
        [
            0.09040053188800812,
            0.04869253188371658,
            0.03528542071580887
        ],
        [
            0.09833085536956787,
            0.043255358934402466,
            0.03129425644874573
        ],
        [
            0.09048333764076233,
            0.045092202723026276,
            0.024112273007631302
        ],
        [
            0.08484631776809692,
            0.04897323250770569,
            0.029358964413404465
        ],
        [
            0.08589427173137665,
            0.045872658491134644,
            0.05121786892414093
        ],
        [
            0.08533093333244324,
            0.05133717507123947,
            0.04532719776034355
        ],
        [
            0.07938969135284424,
            0.055599384009838104,
            0.04823913797736168
        ],
        [
            0.07899153232574463,
            0.05216917395591736,
            0.05500738322734833
        ],
        [
            0.04731625318527222,
            0.056789472699165344,
            -0.02467605471611023
        ],
        [
            0.048157982528209686,
            0.03992278128862381,
            -0.026194818317890167
        ],
        [
            0.11391918361186981,
            0.017912395298480988,
            0.026206688955426216
        ],
        [
            0.1174374371767044,
            0.012789271771907806,
            0.021402347832918167
        ],
        [
            0.12147179245948792,
            0.005802709609270096,
            0.018492799252271652
        ],
        [
            0.0914495587348938,
            0.031789831817150116,
            0.0038308706134557724
        ],
        [
            0.10236840695142746,
            0.02466663345694542,
            -0.001782052218914032
        ],
        [
            0.09983665496110916,
            0.024822775274515152,
            -0.005461385473608971
        ],
        [
            0.08865895122289658,
            0.030249079689383507,
            0.0016277879476547241
        ],
        [
            0.07869476079940796,
            0.036060966551303864,
            -0.0045448895543813705
        ],
        [
            0.09016992151737213,
            0.03407638520002365,
            -0.010817186906933784
        ],
        [
            0.07398571074008942,
            0.04564444720745087,
            -0.004342733882367611
        ],
        [
            0.10607611387968063,
            0.013042531907558441,
            -0.009842032566666603
        ],
        [
            0.11505457758903503,
            0.007838975638151169,
            -0.005787178874015808
        ],
        [
            0.11056700348854065,
            0.005386754870414734,
            -0.013103917241096497
        ],
        [
            0.11912252753973007,
            0.008375834673643112,
            0.003144366666674614
        ],
        [
            0.12159063667058945,
            0.007921639829874039,
            0.011717170476913452
        ],
        [
            0.10741259902715683,
            -0.012855000793933868,
            0.033652760088443756
        ],
        [
            0.10519257932901382,
            0.0028434619307518005,
            -0.018908146768808365
        ],
        [
            0.07075834274291992,
            0.06433232873678207,
            -0.014183415099978447
        ],
        [
            0.0657564103603363,
            0.0712028294801712,
            -0.01665543019771576
        ],
        [
            0.061546675860881805,
            0.06893513351678848,
            -0.010656105354428291
        ],
        [
            0.0656355619430542,
            0.06207690015435219,
            -0.007979950867593288
        ],
        [
            0.016047663986682892,
            0.04872651398181915,
            -0.004264319781213999
        ],
        [
            0.021507715806365013,
            0.05377360060811043,
            -0.006722491234540939
        ],
        [
            0.029171785339713097,
            0.05009899288415909,
            -0.009312838315963745
        ],
        [
            0.10118089616298676,
            0.03585376963019371,
            0.01307561993598938
        ],
        [
            0.10809899866580963,
            0.03302319347858429,
            0.02338031865656376
        ],
        [
            0.028256937861442566,
            0.06293895840644836,
            0.005740250460803509
        ],
        [
            -0.0035812240093946457,
            0.07496237009763718,
            0.004542666953057051
        ],
        [
            -0.0004516337066888809,
            0.07642103731632233,
            -0.00044146692380309105
        ],
        [
            0.007649835664778948,
            0.06049998477101326,
            -0.002022683387622237
        ],
        [
            0.003839213401079178,
            0.05896185338497162,
            0.003600213211029768
        ],
        [
            0.020845767110586166,
            0.06549983471632004,
            0.013325368985533714
        ],
        [
            0.02435409650206566,
            0.06566371768712997,
            0.007219631224870682
        ],
        [
            0.022251296788454056,
            0.06699495017528534,
            0.008401536382734776
        ],
        [
            0.019779518246650696,
            0.06867776811122894,
            0.014280932024121284
        ],
        [
            0.04722573608160019,
            0.06529726088047028,
            0.037957679480314255
        ],
        [
            0.052691347897052765,
            0.06191505491733551,
            0.03719163313508034
        ],
        [
            0.019370583817362785,
            0.043982066214084625,
            0.022023174911737442
        ],
        [
            0.013614981435239315,
            0.0390322282910347,
            0.01035468839108944
        ],
        [
            0.0229506753385067,
            0.032282017171382904,
            0.006506959442049265
        ],
        [
            0.057292815297842026,
            0.052332691848278046,
            0.023663440719246864
        ],
        [
            0.04982578009366989,
            0.05831942707300186,
            0.02762790024280548
        ],
        [
            0.05261887609958649,
            0.05830855667591095,
            0.030672019347548485
        ],
        [
            0.03497583419084549,
            0.060369234532117844,
            0.010812404565513134
        ],
        [
            0.02808007039129734,
            0.06387176364660263,
            0.011745093390345573
        ],
        [
            0.03184373304247856,
            0.0620078407227993,
            0.015244290232658386
        ],
        [
            0.03862282633781433,
            0.059159230440855026,
            0.014725591987371445
        ],
        [
            0.08808286488056183,
            0.02921338751912117,
            0.0490877591073513
        ],
        [
            0.09493976831436157,
            0.03838071972131729,
            0.04601117968559265
        ],
        [
            0.00344522250816226,
            0.08691425621509552,
            -0.0017833372112363577
        ],
        [
            0.003817216958850622,
            0.08296167105436325,
            -0.001941234921105206
        ],
        [
            0.06591776758432388,
            0.04593701288104057,
            0.019824454560875893
        ],
        [
            0.034820567816495895,
            0.024905182421207428,
            0.0022843009792268276
        ],
        [
            0.07544443011283875,
            0.04098439961671829,
            0.016046958044171333
        ],
        [
            0.04758735001087189,
            0.05152697116136551,
            0.05304865166544914
        ],
        [
            0.052635982632637024,
            0.05861949548125267,
            0.05125498026609421
        ],
        [
            0.04961596429347992,
            0.06327836215496063,
            0.05022718384861946
        ],
        [
            0.04475363343954086,
            0.06017078086733818,
            0.05259987711906433
        ],
        [
            0.011984603479504585,
            0.08062073588371277,
            0.016019927337765694
        ],
        [
            0.014218582771718502,
            0.08241110295057297,
            0.010921270586550236
        ],
        [
            0.012859897688031197,
            0.0853697806596756,
            0.010838874615728855
        ],
        [
            0.01000987458974123,
            0.08450467884540558,
            0.01598210074007511
        ],
        [
            0.024209899827837944,
            0.06410809606313705,
            0.0014774436131119728
        ],
        [
            0.021903034299612045,
            0.06109027564525604,
            -0.0037456341087818146
        ],
        [
            0.01873273029923439,
            0.0657249167561531,
            -0.002063398715108633
        ],
        [
            0.02109364978969097,
            0.06713966280221939,
            0.003322316100820899
        ],
        [
            0.01629846915602684,
            0.05797773599624634,
            -0.004945686087012291
        ],
        [
            0.013297295197844505,
            0.06276816129684448,
            -0.004007924813777208
        ],
        [
            0.0066053299233317375,
            0.07809222489595413,
            0.018633773550391197
        ],
        [
            -0.00019939057528972626,
            0.07565761357545853,
            0.01638627052307129
        ],
        [
            0.007453680969774723,
            0.061623066663742065,
            0.01688346453011036
        ],
        [
            0.013151254504919052,
            0.06709378957748413,
            0.017809215933084488
        ],
        [
            0.07129669189453125,
            0.01015244796872139,
            0.032209016382694244
        ],
        [
            0.07978890836238861,
            0.012837983667850494,
            0.03898819535970688
        ],
        [
            0.07029104232788086,
            0.023688755929470062,
            0.044290680438280106
        ],
        [
            0.06068246066570282,
            0.03393757343292236,
            0.0506642609834671
        ],
        [
            0.051850758492946625,
            0.044116973876953125,
            0.05503155663609505
        ],
        [
            0.04172651469707489,
            0.039837274700403214,
            0.04947805777192116
        ],
        [
            0.07757832109928131,
            0.025071129202842712,
            0.048043977469205856
        ],
        [
            0.019456271082162857,
            0.05785448104143143,
            0.01986781880259514
        ],
        [
            0.013749061152338982,
            0.051569078117609024,
            0.017388509586453438
        ],
        [
            0.01787474751472473,
            0.051680877804756165,
            0.022174838930368423
        ],
        [
            0.08060779422521591,
            0.04346676915884018,
            0.020913634449243546
        ],
        [
            0.004269514698535204,
            0.0781749039888382,
            -0.0023881616070866585
        ],
        [
            0.0772368386387825,
            -0.012759003788232803,
            -0.005509155802428722
        ],
        [
            0.08037900179624557,
            -0.014325670897960663,
            0.007906772196292877
        ],
        [
            0.07394890487194061,
            -0.008282359689474106,
            0.007531372830271721
        ],
        [
            0.07079273462295532,
            -0.0054690539836883545,
            -0.008121314458549023
        ],
        [
            0.013407583348453045,
            0.08226371556520462,
            0.003976668231189251
        ],
        [
            0.01003758329898119,
            0.08057765662670135,
            -0.0012119666207581758
        ],
        [
            0.05697762221097946,
            0.06390579789876938,
            0.041435275226831436
        ],
        [
            0.051317766308784485,
            0.06683851778507233,
            0.0419386588037014
        ],
        [
            0.05174545571208,
            0.06727582216262817,
            0.045126523822546005
        ],
        [
            0.058615151792764664,
            0.0665169432759285,
            0.04509260505437851
        ],
        [
            0.08528967201709747,
            0.013847693800926208,
            0.041301678866147995
        ],
        [
            0.07109782844781876,
            0.05694611370563507,
            0.059922974556684494
        ],
        [
            0.060626350343227386,
            0.05066683515906334,
            0.06090214103460312
        ],
        [
            0.08763787150382996,
            0.0033301934599876404,
            0.0341699980199337
        ],
        [
            0.08007694035768509,
            0.0004298388957977295,
            0.028610534965991974
        ],
        [
            0.08668508380651474,
            -0.00649791955947876,
            0.026562565937638283
        ],
        [
            0.0303958747535944,
            0.04460044950246811,
            0.04036695137619972
        ],
        [
            0.06410445272922516,
            0.010239027440547943,
            0.027250248938798904
        ],
        [
            0.07424670457839966,
            0.0003726482391357422,
            0.02355571836233139
        ],
        [
            0.08188538998365402,
            -0.007899835705757141,
            0.020868703722953796
        ],
        [
            0.08736894279718399,
            -0.014126472175121307,
            0.0198682751506567
        ],
        [
            0.0921497642993927,
            -0.011848241090774536,
            0.026120908558368683
        ],
        [
            -0.0030426746234297752,
            0.07507339119911194,
            0.010926982387900352
        ],
        [
            -0.0019089654088020325,
            0.081617072224617,
            0.016300052404403687
        ],
        [
            0.09774701297283173,
            -0.01898571103811264,
            0.026711951941251755
        ],
        [
            0.09244198352098465,
            -0.02080714702606201,
            0.01926121860742569
        ],
        [
            0.06825563311576843,
            0.00035949796438217163,
            0.016456393525004387
        ],
        [
            0.0618201345205307,
            0.0015546120703220367,
            0.006446702405810356
        ],
        [
            0.058799680322408676,
            0.01007724180817604,
            0.020185161381959915
        ],
        [
            0.05155734717845917,
            0.011727150529623032,
            0.010983163490891457
        ],
        [
            0.02373543567955494,
            0.03844571113586426,
            0.03399473801255226
        ],
        [
            8.727144449949265e-05,
            0.10014348477125168,
            0.01627301052212715
        ],
        [
            0.0016927528195083141,
            0.08916113525629044,
            0.017987636849284172
        ],
        [
            0.007338793482631445,
            0.08928921073675156,
            0.016383346170186996
        ],
        [
            0.004380060359835625,
            0.09977078437805176,
            0.016729053109884262
        ],
        [
            0.004731984343379736,
            0.08312615752220154,
            0.018287746235728264
        ],
        [
            -0.003132222220301628,
            0.08751389384269714,
            0.015385685488581657
        ],
        [
            0.04651748016476631,
            0.016048122197389603,
            -0.0033371252939105034
        ],
        [
            0.025632157921791077,
            0.06426308304071426,
            0.016803305596113205
        ],
        [
            0.05876854807138443,
            0.007688295096158981,
            -0.011995133012533188
        ],
        [
            0.040279462933540344,
            0.026904873549938202,
            -0.01560953725129366
        ],
        [
            0.050939299166202545,
            0.02309378981590271,
            -0.02277381904423237
        ],
        [
            0.07207878679037094,
            0.0006100162863731384,
            -0.0220431350171566
        ],
        [
            0.06431963294744492,
            0.015903986990451813,
            -0.02948102168738842
        ],
        [
            0.08396938443183899,
            -0.014328956604003906,
            -0.016117854043841362
        ],
        [
            0.07772452384233475,
            -0.007462222129106522,
            -0.01734897866845131
        ],
        [
            0.05864350497722626,
            0.03335078805685043,
