{
    "pred_cam": [
        7.91306209564209,
        0.1522473692893982,
        0.018628768622875214
    ],
    "pred_mano_params": {
        "global_orient": [
            [
                [
                    -0.8737371563911438,
                    0.18761563301086426,
                    -0.4487580358982086
                ],
                [
                    0.4373605251312256,
                    -0.10066964477300644,
                    -0.8936338424682617
                ],
                [
                    -0.21283598244190216,
                    -0.977070152759552,
                    0.005903135985136032
                ]
            ]
        ],
        "hand_pose": [
            [
                [
                    0.9744623899459839,
                    -0.2242066115140915,
                    0.012430824339389801
                ],
                [
                    0.22062838077545166,
                    0.966273844242096,
                    0.1328081488609314
                ],
                [
                    -0.041788045316934586,
                    -0.12667395174503326,
                    0.9910638332366943
                ]
            ],
            [
                [
                    0.5375956296920776,
                    -0.812767505645752,
                    0.2244989573955536
                ],
                [
                    0.8430915474891663,
                    0.5137996077537537,
                    -0.1587657630443573
                ],
                [
                    0.013692190870642662,
                    0.2746249735355377,
                    0.9614538550376892
                ]
            ],
            [
                [
                    0.8774219155311584,
                    -0.4618915915489197,
                    0.12956447899341583
                ],
                [
                    0.4565931558609009,
                    0.8869339823722839,
                    0.06979130953550339
                ],
                [
                    -0.1471511572599411,
                    -0.002078166464343667,
                    0.9891118407249451
                ]
            ],
            [
                [
                    0.876222550868988,
                    -0.48029693961143494,
                    -0.039356693625450134
                ],
                [
                    0.4811710715293884,
                    0.8674513101577759,
                    0.12650106847286224
                ],
                [
                    -0.02661805972456932,
                    -0.1297803819179535,
                    0.9911854267120361
                ]
            ],
            [
                [
                    0.366445928812027,
                    -0.8974289894104004,
                    -0.2456391304731369
                ],
                [
                    0.9249761700630188,
                    0.32280293107032776,
                    0.20054244995117188
                ],
                [
                    -0.10067957639694214,
                    -0.30069833993911743,
                    0.9483902454376221
                ]
            ],
            [
                [
                    0.9468918442726135,
                    -0.3214859962463379,
                    -0.006519375368952751
                ],
                [
                    0.3210611641407013,
                    0.9463717937469482,
                    -0.036057356745004654
                ],
                [
                    0.01776168867945671,
                    0.03204930201172829,
                    0.9993283748626709
                ]
            ],
            [
                [
                    0.9338815808296204,
                    0.018325351178646088,
                    0.3571125268936157
                ],
                [
                    0.054324548691511154,
                    0.9798228740692139,
                    -0.19234350323677063
                ],
                [
                    -0.3534317910671234,
                    0.19902603328227997,
                    0.9140430092811584
                ]
            ],
            [
                [
                    0.6286899447441101,
                    -0.7704655528068542,
                    -0.10550738126039505
                ],
                [
                    0.5609354376792908,
                    0.35532230138778687,
                    0.7477282285690308
                ],
                [
                    -0.5386097431182861,
                    -0.5292720198631287,
                    0.6555689573287964
                ]
            ],
            [
                [
                    0.8866665363311768,
                    -0.4623802900314331,
                    -0.005198417231440544
                ],
                [
                    0.4348554015159607,
                    0.8299563527107239,
                    0.34938982129096985
                ],
                [
                    -0.1572364866733551,
                    -0.31205278635025024,
                    0.9369630813598633
                ]
            ],
            [
                [
                    0.9627395868301392,
                    -0.26770034432411194,
                    -0.03832606226205826
                ],
                [
                    0.26334258913993835,
                    0.9602789282798767,
                    -0.09227752685546875
                ],
                [
                    0.06150643154978752,
                    0.07874635607004166,
                    0.9949954152107239
                ]
            ],
            [
                [
                    0.41932156682014465,
                    -0.8779244422912598,
                    -0.2311234474182129
                ],
                [
                    0.7964236736297607,
                    0.23354105651378632,
                    0.5578241944313049
                ],
                [
                    -0.43575072288513184,
                    -0.4179799556732178,
                    0.7971286177635193
                ]
            ],
            [
                [
                    0.8866962790489197,
                    -0.45654481649398804,
                    -0.0730511024594307
                ],
                [
                    0.45973771810531616,
                    0.8873865604400635,
                    0.03444230556488037
                ],
                [
                    0.0491001158952713,
                    -0.0641242191195488,
                    0.9967332482337952
                ]
            ],
            [
                [
                    0.9026944041252136,
                    0.15126942098140717,
                    0.40281543135643005
                ],
                [
                    0.20406648516654968,
                    0.6736781001091003,
                    -0.7102919220924377
                ],
                [
                    -0.37881341576576233,
                    0.7233777046203613,
                    0.577256441116333
                ]
            ],
            [
                [
                    0.7676851749420166,
                    -0.39626920223236084,
                    -0.503616988658905
                ],
                [
                    0.5165680050849915,
                    0.8477410674095154,
                    0.12038508802652359
                ],
                [
                    0.37923192977905273,
                    -0.3525703251361847,
                    0.8554982542991638
                ]
            ],
            [
                [
                    0.6900584101676941,
                    -0.7199703454971313,
                    -0.0739067867398262
                ],
                [
                    0.5584521293640137,
                    0.5946253538131714,
                    -0.5784047842025757
                ],
                [
                    0.46038109064102173,
                    0.35785964131355286,
                    0.8123952150344849
                ]
            ]
        ],
        "betas": [
            -0.07794231176376343,
            -0.13811585307121277,
            0.05342310667037964,
            -0.054320842027664185,
            0.06157714128494263,
            -0.012110758572816849,
            0.026642709970474243,
            -0.06087937951087952,
            0.027032360434532166,
            -0.028200417757034302
        ]
    },
    "pred_cam_t": [
        -0.1522473692893982,
        0.018628768622875214,
        4.936458110809326
    ],
    "focal_length": [
        5000.0,
        5000.0
    ],
    "pred_keypoints_3d": [
        [
            0.09604882448911667,
            0.006416576914489269,
            0.00624276977032423
        ],
        [
            0.10253512859344482,
            -0.02575746551156044,
            0.026723947376012802
        ],
        [
            0.09594589471817017,
            -0.04673720896244049,
            0.04836288094520569
        ],
        [
            0.10923411697149277,
            -0.054883334785699844,
            0.07060827314853668
        ],
        [
            0.11675338447093964,
            -0.03943119943141937,
            0.09947800636291504
        ],
        [
            0.16297104954719543,
            -0.050193000584840775,
            0.030273515731096268
        ],
        [
            0.18965637683868408,
            -0.06698340177536011,
            0.04029979929327965
        ],
        [
            0.19018414616584778,
            -0.06949922442436218,
            0.06241557002067566
        ],
        [
            0.18142464756965637,
            -0.06845096498727798,
            0.08567552268505096
        ],
        [
            0.18030831217765808,
            -0.03193000331521034,
            0.027909312397241592
        ],
        [
            0.2044011950492859,
            -0.03839870169758797,
            0.04770251363515854
        ],
        [
            0.1945650726556778,
            -0.035601720213890076,
            0.0687318742275238
        ],
        [
            0.1807909905910492,
            -0.03221030533313751,
            0.0904235765337944
        ],
        [
            0.17911911010742188,
            -0.005119520239531994,
            0.027401462197303772
        ],
        [
            0.2054348737001419,
            -0.010858903639018536,
            0.038131773471832275
        ],
        [
            0.19986960291862488,
            -0.010859163478016853,
            0.06239631026983261
        ],
        [
            0.18811362981796265,
            -0.009628277271986008,
            0.08504408597946167
        ],
        [
            0.17411398887634277,
            0.01601046323776245,
            0.03045974299311638
        ],
        [
            0.19474200904369354,
            0.01171890553086996,
            0.033282723277807236
        ],
        [
            0.19718249142169952,
            0.00883512757718563,
            0.051971711218357086
        ],
        [
            0.1902158260345459,
            0.006852233782410622,
            0.0694449245929718
        ]
    ],
    "pred_vertices": [
        [
            0.12826597690582275,
            -0.03037603758275509,
            0.03554818779230118
        ],
        [
            0.11941854655742645,
            -0.026381000876426697,
            0.03608449548482895
        ],
        [
            0.11783593893051147,
            -0.035051196813583374,
            0.04349575191736221
        ],
        [
            0.1276196539402008,
            -0.03954630345106125,
            0.04125066101551056
        ],
        [
            0.09931151568889618,
            -0.020450599491596222,
            0.04366692155599594
        ],
        [
            0.08753015100955963,
            -0.02257172390818596,
            0.03975355997681618
        ],
        [
            0.08865000307559967,
            -0.03359401971101761,
            0.05091497674584389
        ],
        [
            0.09774783253669739,
            -0.029196832329034805,
            0.05301607400178909
        ],
        [
            0.1259608119726181,
            -0.04710143804550171,
            0.044034361839294434
        ],
        [
            0.11616849154233932,
            -0.040921587496995926,
            0.048603206872940063
        ],
        [
            0.12173973023891449,
            -0.050454892218112946,
            0.04179887846112251
        ],
        [
            0.1344766765832901,
            -0.056422412395477295,
            0.0320022888481617
        ],
        [
            0.136011004447937,
            -0.051601313054561615,
            0.03718333691358566
        ],
        [
            0.14416202902793884,
            -0.05821111053228378,
            0.027903422713279724
        ],
        [
            0.1301356554031372,
            -0.05556892231106758,
            0.02151312679052353
        ],
        [
            0.14718574285507202,
            -0.05564914643764496,
            0.018761081621050835
        ],
        [
            0.141376793384552,
            -0.030242331326007843,
            0.0030479393899440765
        ],
        [
            0.14436964690685272,
            -0.016704032197594643,
            0.0013391003012657166
        ],
        [
            0.15973296761512756,
            -0.02214162051677704,
            0.005696030333638191
        ],
        [
            0.15517950057983398,
            -0.03507698327302933,
            0.007765572518110275
        ],
        [
            0.15693418681621552,
            -0.0014754459261894226,
            0.0071240924298763275
        ],
        [
            0.15950524806976318,
            -0.013027437962591648,
            0.006340641528367996
        ],
        [
            0.14449013769626617,
            -0.007634144276380539,
            0.0007778629660606384
        ],
        [
            0.1431730091571808,
            0.0025669466704130173,
            0.0018427371978759766
        ],
        [
            0.12821277976036072,
            -0.013092506676912308,
            0.029296167194843292
        ],
        [
            0.11955305188894272,
            -0.008362513035535812,
            0.02819342166185379
        ],
        [
            0.12011773884296417,
            -0.015499196946620941,
            0.029633494094014168
        ],
        [
            0.12775325775146484,
            -0.019292624667286873,
            0.03064458817243576
        ],
        [
            0.10922878980636597,
            -0.05503752827644348,
            0.04588489979505539
        ],
        [
            0.11001182347536087,
            -0.05553711578249931,
            0.032213784754276276
        ],
        [
            0.11746883392333984,
            -0.054493121802806854,
            0.03553575277328491
        ],
        [
            0.11178740859031677,
            -0.05131765827536583,
            0.0486299991607666
        ],
        [
            0.09802597761154175,
            0.01290239579975605,
            0.02958802692592144
        ],
        [
            0.08764266967773438,
            0.015378795564174652,
            0.021177254617214203
        ],
        [
            0.08596383035182953,
            0.009745489805936813,
            0.020684443414211273
        ],
        [
            0.09638754278421402,
            0.008570130914449692,
            0.02797582745552063
        ],
        [
            0.0844234749674797,
            -0.010237734764814377,
            0.025984417647123337
        ],
        [
            0.07963975518941879,
            -0.006463717669248581,
            0.018385879695415497
        ],
        [
            0.0723176971077919,
            -0.013870779424905777,
            0.008898952975869179
        ],
        [
            0.07730170339345932,
            -0.019795507192611694,
            0.013836605474352837
        ],
        [
            0.08738784492015839,
            -0.015988245606422424,
            0.03324166312813759
        ],
        [
            0.07982570677995682,
            -0.02411412075161934,
            0.023791927844285965
        ],
        [
            0.08114302158355713,
            -0.029599077999591827,
            0.03234664350748062
        ],
        [
            0.08339408785104752,
            -0.040385566651821136,
            0.0463932566344738
        ],
        [
            0.09229634702205658,
            0.027253394946455956,
            0.0190751850605011
        ],
        [
            0.10028786212205887,
            0.027254097163677216,
            0.0253706444054842
        ],
        [
            0.17828139662742615,
            -0.06766699254512787,
            0.04878472536802292
        ],
        [
            0.1807531714439392,
            -0.062424127012491226,
            0.050862327218055725
        ],
        [
            0.1791878044605255,
            -0.06168346852064133,
            0.0494326651096344
        ],
        [
            0.17728744447231293,
            -0.06691405177116394,
            0.047682587057352066
        ],
        [
            0.10655616223812103,
            0.034333713352680206,
            0.006511040031909943
        ],
        [
            0.10937119275331497,
            0.031943660229444504,
            -0.0029752813279628754
        ],
        [
            0.10291419178247452,
            0.03536563739180565,
            -0.0034157223999500275
        ],
        [
            0.09926771372556686,
            0.03595414012670517,
            0.0053161922842264175
        ],
        [
            0.11613919585943222,
            0.03201696276664734,
            0.008258970454335213
        ],
        [
            0.11799650639295578,
            0.026766488328576088,
            -0.0016693435609340668
        ],
        [
            0.18741486966609955,
            -0.0748075470328331,
            0.043137189000844955
        ],
        [
            0.18260639905929565,
            -0.07469464093446732,
            0.04526238888502121
        ],
        [
            0.18199993669986725,
            -0.07359102368354797,
            0.04133032262325287
        ],
        [
            0.1864301562309265,
            -0.07254727184772491,
            0.03830009698867798
        ],
        [
            0.13680534064769745,
            -0.04375830292701721,
            0.03858263045549393
        ],
        [
            0.13692596554756165,
            -0.033891815692186356,
            0.03663874417543411
        ],
        [
            0.15555532276630402,
            -0.04860907420516014,
            0.03946946933865547
        ],
        [
            0.14858119189739227,
            -0.0413825660943985,
            0.037359487265348434
        ],
        [
            0.14512264728546143,
            -0.048221755772829056,
            0.03676822409033775
        ],
        [
            0.1516101062297821,
            -0.053399063646793365,
            0.036770597100257874
        ],
        [
            0.150235116481781,
            -0.017725279554724693,
            0.03318816050887108
        ],
        [
            0.13940852880477905,
            -0.013798054307699203,
            0.030487343668937683
        ],
        [
            0.13939142227172852,
            -0.020571397617459297,
            0.031372152268886566
        ],
        [
            0.15053828060626984,
            -0.02620580978691578,
            0.035040196031332016
        ],
        [
            0.14113467931747437,
            0.00026289932429790497,
            0.032197073101997375
        ],
        [
            0.1518165022134781,
            -0.0047977156937122345,
            0.034396231174468994
        ],
        [
            0.1517472267150879,
            0.0037759002298116684,
            0.03523353114724159
        ],
        [
            0.14381518959999084,
            0.005934238433837891,
            0.03439175337553024
        ],
        [
            0.16929635405540466,
            -0.016480661928653717,
            0.03703804686665535
        ],
        [
            0.1761711984872818,
            -0.019864585250616074,
            0.03742647543549538
        ],
        [
            0.17871235311031342,
            -0.016718730330467224,
            0.03739141300320625
        ],
        [
            0.17002670466899872,
            -0.012868496589362621,
            0.03671206906437874
        ],
        [
            0.0965905636548996,
            0.038202397525310516,
            -0.004948791116476059
        ],
        [
            0.0921865776181221,
            0.036590538918972015,
            0.0037601590156555176
        ],
        [
            0.15476319193840027,
            0.019351735711097717,
            0.012290949001908302
        ],
        [
            0.1501246988773346,
            0.027436336502432823,
            0.01871144399046898
        ],
        [
            0.16249358654022217,
            0.02634749934077263,
            0.022357439622282982
        ],
        [
            0.1637994796037674,
            0.018042171373963356,
            0.01461954414844513
        ],
        [
            0.11080078035593033,
            0.0241157878190279,
            -0.009788136929273605
        ],
        [
            0.10521457344293594,
            0.029458142817020416,
            -0.011360686272382736
        ],
        [
            0.1927461177110672,
            -0.07135377824306488,
            0.042310815304517746
        ],
        [
            0.1915704607963562,
            -0.06890219449996948,
            0.03758532181382179
        ],
        [
            0.08292287588119507,
            -0.03584722429513931,
            0.02071058750152588
        ],
        [
            0.08467832207679749,
            -0.04715649038553238,
            0.039163216948509216
        ],
        [
            0.08127231150865555,
            -0.027631454169750214,
            0.009604988619685173
        ],
        [
            0.07909729331731796,
            -0.02184046432375908,
            0.0024780556559562683
        ],
        [
            0.07408986240625381,
            -0.017626285552978516,
            -0.0023503489792346954
        ],
        [
            0.1542804092168808,
            -0.03707047551870346,
            0.03828606382012367
        ],
        [
            0.13497811555862427,
            -0.025081615895032883,
            0.03289060294628143
        ],
        [
            0.1287154257297516,
            -0.0077091604471206665,
            0.029079420492053032
        ],
        [
            0.1362834870815277,
            0.021711723878979683,
            0.03567488491535187
        ],
        [
            0.12606079876422882,
            0.024777531623840332,
            0.033822596073150635
        ],
        [
            0.12700627744197845,
            0.014214903116226196,
            0.03516539931297302
        ],
        [
            0.13594426214694977,
            0.013699335977435112,
            0.03587812930345535
        ],
        [
            0.1483662724494934,
            0.02944674715399742,
            0.028005875647068024
        ],
        [
            0.1479356586933136,
            0.024726001545786858,
            0.03453866392374039
        ],
        [
            0.15786965191364288,
            0.02261476218700409,
            0.036150313913822174
        ],
        [
            0.1593739092350006,
            0.027393605560064316,
            0.03045131079852581
        ],
        [
            0.1028510183095932,
            -0.05921758711338043,
            0.04606052488088608
        ],
        [
            0.10240015387535095,
            -0.05596216395497322,
            0.030254540964961052
        ],
        [
            0.10264045745134354,
            0.0331106074154377,
            0.016345225274562836
        ],
        [
            0.09524044394493103,
            0.03246119245886803,
            0.014021875336766243
        ],
        [
            0.08806797862052917,
            0.03351043537259102,
            0.00961301103234291
        ],
        [
            0.10880301892757416,
            0.0011342242360115051,
            0.0293442215770483
        ],
        [
            0.09537716954946518,
            0.005557876080274582,
            0.0269186869263649
        ],
        [
            0.09547414630651474,
            0.001193895936012268,
            0.027294065803289413
        ],
        [
            0.10970964282751083,
            -0.0026459619402885437,
            0.028454424813389778
        ],
        [
            0.11166845262050629,
            -0.018618308007717133,
            0.03688928484916687
        ],
        [
            0.10004204511642456,
            -0.011673077940940857,
            0.03518351912498474
        ],
        [
            0.1102125495672226,
            -0.02632562816143036,
            0.04561806842684746
        ],
        [
            0.0822804868221283,
            0.002862706780433655,
            0.01931658759713173
        ],
        [
            0.07667993009090424,
            0.012080535292625427,
            0.016530407592654228
        ],
        [
            0.0735841915011406,
            0.003880739212036133,
            0.014888456091284752
        ],
        [
            0.08035147935152054,
            0.021193644031882286,
            0.015614008530974388
        ],
        [
            0.08432995527982712,
            0.028954586014151573,
            0.013493083417415619
        ],
        [
            0.09960846602916718,
            0.03404197841882706,
            -0.015865053981542587
        ],
        [
            0.07197976857423782,
            -0.0039554983377456665,
            0.012159207835793495
        ],
        [
            0.09750112891197205,
            -0.035781875252723694,
            0.05788923799991608
        ],
        [
            0.09921790659427643,
            -0.040219057351350784,
            0.06167435273528099
        ],
        [
            0.1060551106929779,
            -0.039887845516204834,
            0.058317698538303375
        ],
        [
            0.10518941283226013,
            -0.03716908022761345,
            0.05499932914972305
        ],
        [
            0.15426449477672577,
            -0.06016611307859421,
            0.025543073192238808
        ],
        [
            0.15209782123565674,
            -0.05846362188458443,
            0.03271515667438507
        ],
        [
            0.14235304296016693,
            -0.05516049265861511,
            0.03371647372841835
        ],
        [
            0.10905532538890839,
            0.014536406844854355,
            0.03268042579293251
        ],
        [
            0.11047280579805374,
            0.02667134813964367,
            0.029160937294363976
        ],
        [
            0.1614300161600113,
            -0.04522790387272835,
            0.04030662029981613
        ],
        [
            0.18473272025585175,
            -0.07086127996444702,
            0.034259725362062454
        ],
        [
            0.17992715537548065,
            -0.07247509807348251,
            0.03769802302122116
        ],
        [
            0.16811856627464294,
            -0.0652262419462204,
            0.02883843705058098
        ],
        [
            0.17329281568527222,
            -0.06320266425609589,
            0.024749955162405968
        ],
        [
            0.17247019708156586,
            -0.04623182862997055,
            0.0376448780298233
        ],
        [
            0.16651982069015503,
            -0.04856371134519577,
            0.04062027484178543
        ],
        [
            0.1693796068429947,
            -0.04991061985492706,
            0.040440429002046585
        ],
        [
            0.17550510168075562,
            -0.04763886332511902,
            0.03965192288160324
        ],
        [
            0.17678064107894897,
            -0.007563337683677673,
            0.03666551038622856
        ],
        [
            0.16953763365745544,
            -0.004259487614035606,
            0.03670493885874748
        ],
        [
            0.16882526874542236,
            -0.03852191939949989,
            0.015416445210576057
        ],
        [
            0.16175557672977448,
            -0.0498863160610199,
            0.012611066922545433
        ],
        [
            0.15037328004837036,
            -0.047036025673151016,
            0.010737381875514984
        ],
        [
            0.15042786300182343,
            -0.010214926674962044,
            0.03326646238565445
        ],
        [
            0.16047635674476624,
            -0.012958579696714878,
            0.03579004108905792
        ],
        [
            0.16125856339931488,
            -0.008828040212392807,
            0.03584541007876396
        ],
        [
            0.15899397432804108,
            -0.035540685057640076,
            0.03837614879012108
        ],
        [
            0.16581548750400543,
            -0.04087415710091591,
            0.039573561400175095
        ],
        [
            0.16472148895263672,
            -0.034772153943777084,
            0.03752351924777031
        ],
        [
            0.1587419956922531,
            -0.030014969408512115,
            0.036837879568338394
        ],
        [
            0.13805052638053894,
            0.02963855117559433,
            0.013822462409734726
        ],
        [
            0.1358412504196167,
            0.03239838778972626,
            0.0248099472373724
        ],
        [
            0.17913459241390228,
            -0.07209227234125137,
            0.04707542061805725
        ],
        [
            0.17838822305202484,
            -0.0714004710316658,
            0.044791705906391144
        ],
        [
            0.13980373740196228,
            -0.006517011672258377,
            0.03057202510535717
        ],
        [
            0.13729719817638397,
            -0.04158349707722664,
            0.00800689123570919
        ],
        [
            0.12923815846443176,
            -0.0021452754735946655,
            0.02943744882941246
        ],
        [
            0.17519889771938324,
            0.002466113306581974,
            0.01869157701730728
        ],
        [
            0.17674767971038818,
            0.005447651259601116,
            0.02434936910867691
        ],
        [
            0.1814170479774475,
            0.0019927569665014744,
            0.026823870837688446
        ],
        [
            0.18271119892597198,
            -0.00010079797357320786,
            0.0216810405254364
        ],
        [
            0.1862298846244812,
            -0.05347536504268646,
            0.0451282300055027
        ],
        [
            0.1822642683982849,
            -0.056146517395973206,
            0.048533983528614044
        ],
        [
            0.18338698148727417,
            -0.05696036294102669,
            0.04926351457834244
        ],
        [
            0.188654363155365,
            -0.05517474561929703,
            0.04681083559989929
        ],
        [
            0.1621256172657013,
            -0.052541449666023254,
            0.04007095843553543
        ],
        [
            0.15849712491035461,
            -0.05710122361779213,
            0.03734062612056732
        ],
        [
            0.16402173042297363,
            -0.05943681299686432,
            0.03893313929438591
        ],
        [
            0.16678012907505035,
            -0.05439692363142967,
            0.04060675948858261
        ],
        [
            0.15965500473976135,
            -0.061361487954854965,
            0.03204212710261345
        ],
        [
            0.1645599603652954,
            -0.06361350417137146,
            0.03390057757496834
        ],
        [
            0.1902582347393036,
            -0.05450171232223511,
            0.04004143923521042
        ],
        [
            0.19175609946250916,
            -0.06033805012702942,
            0.03516482189297676
        ],
        [
            0.18123400211334229,
            -0.05180204659700394,
            0.026943249627947807
        ],
        [
            0.18094360828399658,
            -0.048788245767354965,
            0.03426462039351463
        ],
        [
            0.12999536097049713,
            0.006280099973082542,
            -0.004276953637599945
        ],
        [
            0.130282461643219,
            0.017105426639318466,
            -0.0013291575014591217
        ],
        [
            0.14338470995426178,
            0.01370484009385109,
            0.004775865003466606
        ],
        [
            0.15640266239643097,
            0.010881409049034119,
            0.009715160354971886
        ],
        [
            0.16836267709732056,
            0.007283566519618034,
            0.015427013859152794
        ],
        [
            0.1690760850906372,
            -0.00404695887118578,
            0.010574286803603172
        ],
        [
            0.14202046394348145,
            0.02143951505422592,
            0.007052460685372353
        ],
        [
            0.17402569949626923,
            -0.04077849164605141,
            0.027959180995821953
        ],
        [
            0.1726066917181015,
            -0.04573806747794151,
            0.0212165005505085
        ],
        [
            0.17353107035160065,
            -0.0399186946451664,
            0.021140437573194504
        ],
        [
            0.13033834099769592,
            0.004898814484477043,
            0.03180384635925293
        ],
        [
            0.17667359113693237,
            -0.07117554545402527,
            0.04190604388713837
        ],
        [
            0.09210285544395447,
            -0.014223858714103699,
            -0.013821478933095932
        ],
        [
            0.09855541586875916,
            -0.00325147807598114,
            -0.017702165991067886
        ],
        [
            0.1047930046916008,
            -0.008213542401790619,
            -0.013891022652387619
        ],
        [
            0.09739147871732712,
            -0.020306795835494995,
            -0.00875832512974739
        ],
        [
            0.17793838679790497,
            -0.061807408928871155,
            0.049137286841869354
        ],
        [
            0.17538772523403168,
            -0.0671224594116211,
            0.04659426957368851
        ],
        [
            0.1725694090127945,
            0.0021070418879389763,
            0.036596667021512985
        ],
        [
            0.17801377177238464,
            -0.001843382604420185,
            0.03563707694411278
        ],
        [
            0.1804889589548111,
            0.0004618959501385689,
            0.03332708403468132
        ],
        [
            0.17743568122386932,
            0.006051156669855118,
            0.03524559736251831
        ],
        [
            0.1288062036037445,
            0.02259572222828865,
            0.00048287585377693176
        ],
        [
            0.17084956169128418,
            0.024958467110991478,
            0.02382373809814453
        ],
        [
            0.17114830017089844,
            0.01836005598306656,
            0.017097240313887596
        ],
        [
            0.11865592747926712,
            0.01966877095401287,
            -0.006737906485795975
        ],
        [
            0.1184929683804512,
            0.010361205786466599,
            -0.009961295872926712
        ],
        [
            0.11029515415430069,
            0.013882577419281006,
            -0.01392681896686554
        ],
        [
            0.17427122592926025,
            -0.01848534308373928,
            0.013592388480901718
        ],
        [
            0.13128207623958588,
            -0.002338685095310211,
            -0.004884984344244003
        ],
        [
            0.118721604347229,
            0.0026481635868549347,
            -0.010217636823654175
        ],
        [
            0.10891813039779663,
            0.006485657766461372,
            -0.014985829591751099
        ],
        [
            0.10232026129961014,
            0.00991433672606945,
            -0.018872633576393127
        ],
        [
            0.104448601603508,
            0.017679482698440552,
            -0.01716918870806694
        ],
        [
            0.18910732865333557,
            -0.06607041507959366,
            0.03378736972808838
        ],
        [
            0.1953068971633911,
            -0.062845878303051,
            0.03936826437711716
        ],
        [
            0.098500557243824,
            0.02229619398713112,
            -0.022325590252876282
        ],
        [
            0.09605438262224197,
            0.013335606083273888,
            -0.023413408547639847
        ],
        [
            0.11770515143871307,
            -0.006553981453180313,
            -0.009916640818119049
        ],
        [
            0.11557084321975708,
            -0.017811747267842293,
            -0.008007120341062546
        ],
        [
            0.12986178696155548,
            -0.010993698611855507,
            -0.004519864916801453
        ],
        [
            0.12887054681777954,
            -0.022561943158507347,
            -0.002405695617198944
        ],
        [
            0.1711544692516327,
            -0.027234259992837906,
            0.008372340351343155
        ],
        [
            0.1973971426486969,
            -0.06517485529184341,
            0.057747501879930496
        ],
        [
            0.19579918682575226,
            -0.0603533610701561,
            0.047663938254117966
        ],
        [
            0.19103625416755676,
            -0.057514943182468414,
            0.049755439162254333
        ],
        [
            0.19498276710510254,
            -0.0617096833884716,
            0.058818913996219635
        ],
        [
            0.19306690990924835,
            -0.05697014182806015,
            0.04333242028951645
        ],
        [
            0.1964464634656906,
            -0.06525692343711853,
            0.04441852495074272
        ],
        [
            0.123040571808815,
            -0.036163777112960815,
            0.0039059892296791077
        ],
        [
            0.17102985084056854,
            -0.038696907460689545,
            0.03705364838242531
        ],
        [
            0.10661987960338593,
            -0.031648170202970505,
            0.00041886791586875916
        ],
        [
            0.1179356724023819,
            -0.051350612193346024,
            0.015354765579104424
        ],
        [
            0.10486701130867004,
            -0.046769607812166214,
            0.014631608501076698
        ],
        [
            0.0893736183643341,
            -0.027498707175254822,
            -0.0018613077700138092
        ],
        [
            0.09111927449703217,
            -0.03862767294049263,
            0.009978115558624268
        ],
        [
            0.08005169779062271,
            -0.01637568697333336,
            -0.010974608361721039
        ],
        [
            0.08603943139314651,
            -0.02117888256907463,
            -0.007186736911535263
        ],
        [
            0.09091934561729431,
            -0.04881102219223976,
            0.025037391111254692
        ],
        [
