{
    "pred_cam": [
        8.218050003051758,
        -0.13889697194099426,
        -0.065702423453331
    ],
    "pred_mano_params": {
        "global_orient": [
            [
                [
                    -0.22196725010871887,
                    -0.7599155902862549,
                    0.6109490990638733
                ],
                [
                    -0.8538066744804382,
                    -0.15112332999706268,
                    -0.4981726109981537
                ],
                [
                    0.4708978533744812,
                    -0.632210373878479,
                    -0.615276575088501
                ]
            ]
        ],
        "hand_pose": [
            [
                [
                    0.787685215473175,
                    -0.54606032371521,
                    -0.28525447845458984
                ],
                [
                    0.5280300378799438,
                    0.8369210362434387,
                    -0.1440395712852478
                ],
                [
                    0.3173897862434387,
                    -0.03716510534286499,
                    0.947566568851471
                ]
            ],
            [
                [
                    0.9515942931175232,
                    -0.2592039406299591,
                    0.1651717573404312
                ],
                [
                    0.28534555435180664,
                    0.9447441697120667,
                    -0.16135752201080322
                ],
                [
                    -0.11422056704759598,
                    0.20067788660526276,
                    0.9729758501052856
                ]
            ],
            [
                [
                    0.7971547842025757,
                    -0.602979302406311,
                    0.030986879020929337
                ],
                [
                    0.582941472530365,
                    0.7552688717842102,
                    -0.29958006739616394
                ],
                [
                    0.15723717212677002,
                    0.256875216960907,
                    0.9535678625106812
                ]
            ],
            [
                [
                    0.7847400307655334,
                    -0.5982473492622375,
                    -0.16212071478366852
                ],
                [
                    0.5987269878387451,
                    0.7993014454841614,
                    -0.05141208693385124
                ],
                [
                    0.16034047305583954,
                    -0.05672091990709305,
                    0.9854306578636169
                ]
            ],
            [
                [
                    0.8220783472061157,
                    -0.5557329654693604,
                    -0.12388745695352554
                ],
                [
                    0.5658701062202454,
                    0.7733405828475952,
                    0.2858940660953522
                ],
                [
                    -0.06307356804609299,
                    -0.3051315248012543,
                    0.9502192139625549
                ]
            ],
            [
                [
                    0.860802948474884,
                    -0.44897302985191345,
                    -0.239669531583786
                ],
                [
                    0.4773273468017578,
                    0.8755929470062256,
                    0.07413195073604584
                ],
                [
                    0.17656971514225006,
                    -0.17821383476257324,
                    0.9680200815200806
                ]
            ],
            [
                [
                    0.6590818166732788,
                    -0.5583057403564453,
                    0.5038908123970032
                ],
                [
                    0.5443875789642334,
                    0.8164352178573608,
                    0.1925506442785263
                ],
                [
                    -0.5188962817192078,
                    0.14740526676177979,
                    0.8420323133468628
                ]
            ],
            [
                [
                    0.9315446615219116,
                    -0.32615843415260315,
                    -0.1607646495103836
                ],
                [
                    0.3571595847606659,
                    0.9037092924118042,
                    0.23610712587833405
                ],
                [
                    0.06827618181705475,
                    -0.2773629426956177,
                    0.9583361744880676
                ]
            ],
            [
                [
                    0.9234731197357178,
                    -0.38311395049095154,
                    -0.020521089434623718
                ],
                [
                    0.3769894242286682,
                    0.8961777091026306,
                    0.23397548496723175
                ],
                [
                    -0.07124872505664825,
                    -0.22380630671977997,
                    0.9720259308815002
                ]
            ],
            [
                [
                    0.8491808772087097,
                    -0.5233873128890991,
                    0.07041054219007492
                ],
                [
                    0.5273420214653015,
                    0.8475390076637268,
                    -0.05990111082792282
                ],
                [
                    -0.028324197977781296,
                    0.08799730986356735,
                    0.9957180619239807
                ]
            ],
            [
                [
                    0.8708078265190125,
                    -0.4756854772567749,
                    -0.12416505813598633
                ],
                [
                    0.48066332936286926,
                    0.7707607746124268,
                    0.41819924116134644
                ],
                [
                    -0.10322975367307663,
                    -0.423852801322937,
                    0.899829089641571
                ]
            ],
            [
                [
                    0.8161478638648987,
                    -0.4879570007324219,
                    -0.30951687693595886
                ],
                [
                    0.5505503416061401,
                    0.8193144202232361,
                    0.16005685925483704
                ],
                [
                    0.17549078166484833,
                    -0.30103468894958496,
                    0.9373266100883484
                ]
            ],
            [
                [
                    0.9894773364067078,
                    -0.08564590662717819,
                    -0.11661678552627563
                ],
                [
                    -0.05897203087806702,
                    0.4972805976867676,
                    -0.8655831813812256
                ],
                [
                    0.13212493062019348,
                    0.8633520007133484,
                    0.48699715733528137
                ]
            ],
            [
                [
                    0.9370330572128296,
                    -0.24721162021160126,
                    -0.24668873846530914
                ],
                [
                    0.34833112359046936,
                    0.712497889995575,
                    0.6091076135635376
                ],
                [
                    0.025186700746417046,
                    -0.6566833853721619,
                    0.7537455558776855
                ]
            ],
            [
                [
                    0.9392529129981995,
                    0.33888906240463257,
                    0.05438906326889992
                ],
                [
                    -0.34224504232406616,
                    0.9367063045501709,
                    0.0738217905163765
                ],
                [
                    -0.025929177179932594,
                    -0.08795171976089478,
                    0.9957872033119202
                ]
            ]
        ],
        "betas": [
            -0.057142287492752075,
            0.00488010048866272,
            -0.08647924661636353,
            -0.014996439218521118,
            0.07812979817390442,
            -0.011257816106081009,
            0.05781267583370209,
            -0.04155409336090088,
            -0.012550443410873413,
            -0.0614260733127594
        ]
    },
    "pred_cam_t": [
        -0.13889697194099426,
        -0.065702423453331,
        4.753256320953369
    ],
    "focal_length": [
        5000.0,
        5000.0
    ],
    "pred_keypoints_3d": [
        [
            0.09606673568487167,
            0.006410437636077404,
            0.006203220225870609
        ],
        [
            0.1290716528892517,
            0.016537651419639587,
            -0.011286954395473003
        ],
        [
            0.15438812971115112,
            0.033681437373161316,
            -0.015801062807440758
        ],
        [
            0.169803649187088,
            0.05561143532395363,
            -0.02040771394968033
        ],
        [
            0.18789829313755035,
            0.07827499508857727,
            -0.04248804226517677
        ],
        [
            0.1323566436767578,
            0.0724131166934967,
            -0.04494139179587364
        ],
        [
            0.14441096782684326,
            0.10329477488994598,
            -0.04420405998826027
        ],
        [
            0.15806666016578674,
            0.11911231279373169,
            -0.03645031154155731
        ],
        [
            0.1712985783815384,
            0.12897691130638123,
            -0.016694139689207077
        ],
        [
            0.11621487140655518,
            0.0894450917840004,
            -0.035560205578804016
        ],
        [
            0.12808026373386383,
            0.11841847747564316,
            -0.029928892850875854
        ],
        [
            0.1438637226819992,
            0.1276194453239441,
            -0.015387328341603279
        ],
        [
            0.15895891189575195,
            0.12978383898735046,
            0.005692433565855026
        ],
        [
            0.10094168782234192,
            0.09036906808614731,
            -0.013510431163012981
        ],
        [
            0.11389801651239395,
            0.1162295937538147,
            -0.014884982258081436
        ],
        [
            0.13044892251491547,
            0.1287749856710434,
            -0.0011612437665462494
        ],
        [
            0.14494314789772034,
            0.13247150182724,
            0.01997317001223564
        ],
        [
            0.0925522968173027,
            0.08844757825136185,
            0.006630747579038143
        ],
        [
            0.1043078824877739,
            0.10607557743787766,
            0.00676001189276576
        ],
        [
            0.11646612733602524,
            0.11813359707593918,
            0.01506146788597107
        ],
        [
            0.12973201274871826,
            0.12461119890213013,
            0.027335558086633682
        ]
    ],
    "pred_vertices": [
        [
            0.13006514310836792,
            0.04384211078286171,
            -0.016403693705797195
        ],
        [
            0.127977192401886,
            0.035555098205804825,
            -0.009793262928724289
        ],
        [
            0.13626711070537567,
            0.03992629423737526,
            -0.012237899005413055
        ],
        [
            0.1379525065422058,
            0.04627758637070656,
            -0.02039407007396221
        ],
        [
            0.13910654187202454,
            0.025049511343240738,
            0.003887750208377838
        ],
        [
            0.14439813792705536,
            0.014433134347200394,
            0.002379879355430603
        ],
        [
            0.155673086643219,
            0.026284921914339066,
            -0.0021591447293758392
        ],
        [
            0.150064155459404,
            0.033690255135297775,
            0.0012372396886348724
        ],
        [
            0.14344680309295654,
            0.048440270125865936,
            -0.024276623502373695
        ],
        [
            0.14331798255443573,
            0.043682657182216644,
            -0.013896003365516663
        ],
        [
            0.14429053664207458,
            0.0474693700671196,
            -0.02661520428955555
        ],
        [
            0.13962121307849884,
            0.05043129622936249,
            -0.04116162285208702
        ],
        [
            0.14131951332092285,
            0.05239146575331688,
            -0.034912604838609695
        ],
        [
            0.1370372772216797,
            0.05592362582683563,
            -0.04787435382604599
        ],
        [
            0.13251352310180664,
            0.04286254197359085,
            -0.044954750686883926
        ],
        [
            0.12826205790042877,
            0.055975329130887985,
            -0.05194791778922081
        ],
        [
            0.10401566326618195,
            0.045120276510715485,
            -0.037216827273368835
        ],
        [
            0.0944320559501648,
            0.0483841672539711,
            -0.027829011902213097
        ],
        [
            0.09739125519990921,
            0.06403332948684692,
            -0.03425876051187515
        ],
        [
            0.10741902887821198,
            0.059409789741039276,
            -0.04260871559381485
        ],
        [
            0.08714957535266876,
            0.06400691717863083,
            -0.015866659581661224
        ],
        [
            0.09275663644075394,
            0.0648488849401474,
            -0.02634657360613346
        ],
        [
            0.08881934732198715,
            0.04913606122136116,
            -0.02073243074119091
        ],
        [
            0.08409425616264343,
            0.04922732338309288,
            -0.011564269661903381
        ],
        [
            0.11778008937835693,
            0.0424819216132164,
            -0.0060579050332307816
        ],
        [
            0.11573842912912369,
            0.033647436648607254,
            -0.00024316087365150452
        ],
        [
            0.11937280744314194,
            0.03346526622772217,
            -0.005018245428800583
        ],
        [
            0.12172378599643707,
            0.04189211130142212,
            -0.01011149026453495
        ],
        [
            0.1516299843788147,
            0.04325520619750023,
            -0.026754217222332954
        ],
        [
            0.14382170140743256,
            0.0339338481426239,
            -0.033939823508262634
        ],
        [
            0.14300797879695892,
            0.04170086607336998,
            -0.03261083364486694
        ],
        [
            0.15122798085212708,
            0.0468958243727684,
            -0.022270068526268005
        ],
        [
            0.11031358689069748,
            0.01640147715806961,
            0.02306560054421425
        ],
        [
            0.10456429421901703,
            0.004137769341468811,
            0.023450959473848343
        ],
        [
            0.10781067609786987,
            0.0017519965767860413,
            0.019093554466962814
        ],
        [
            0.1119765043258667,
            0.01347275823354721,
            0.019271094352006912
        ],
        [
            0.1260319948196411,
            0.00036679208278656006,
            0.006752282381057739
        ],
        [
            0.11799154430627823,
            -0.006682552397251129,
            0.006675794720649719
        ],
        [
            0.11646147072315216,
            -0.016361385583877563,
            -0.0024750754237174988
        ],
        [
            0.1241886168718338,
            -0.009704582393169403,
            -0.005686808377504349
        ],
        [
            0.1355673372745514,
            0.007588185369968414,
            0.004806697368621826
        ],
        [
            0.1358221471309662,
            -0.002042531967163086,
            -0.0050312429666519165
        ],
        [
            0.14602349698543549,
            0.006940223276615143,
            -0.006149042397737503
        ],
        [
            0.15733008086681366,
            0.02099621295928955,
            -0.009623594582080841
        ],
        [
            0.09508363902568817,
            0.008867308497428894,
            0.030774006620049477
        ],
        [
            0.09830939024686813,
            0.01850537210702896,
            0.0319632850587368
        ],
        [
            0.15451866388320923,
            0.10069117695093155,
            -0.039372894912958145
        ],
        [
            0.1513296216726303,
            0.1028428003191948,
            -0.034910641610622406
        ],
        [
            0.14983904361724854,
            0.09848806262016296,
            -0.035606175661087036
        ],
        [
            0.15306086838245392,
            0.09745977818965912,
            -0.04034881293773651
        ],
        [
            0.07796851545572281,
            0.018812254071235657,
            0.02636275812983513
        ],
        [
            0.07126512378454208,
            0.018111862242221832,
            0.018786363303661346
        ],
        [
            0.07039876282215118,
            0.012170352041721344,
            0.02297663688659668
        ],
        [
            0.07772379368543625,
            0.011675998568534851,
            0.028921999037265778
        ],
        [
            0.07843155413866043,
            0.028215661644935608,
            0.022949153557419777
        ],
        [
            0.07326243817806244,
            0.026235803961753845,
            0.013025496155023575
        ],
        [
            0.15164412558078766,
            0.10716928541660309,
            -0.05019142106175423
        ],
        [
            0.15492315590381622,
            0.1039530485868454,
            -0.04777595028281212
        ],
        [
            0.15174074470996857,
            0.10066419094800949,
            -0.04991799220442772
        ],
        [
            0.14759133756160736,
            0.10326917469501495,
            -0.05149604380130768
        ],
        [
            0.138900488615036,
            0.05239894986152649,
            -0.028232352808117867
        ],
        [
            0.13259965181350708,
            0.05178609490394592,
            -0.021401356905698776
        ],
        [
            0.13973528146743774,
            0.06731986254453659,
            -0.036214958876371384
        ],
        [
            0.13562484085559845,
            0.06178606301546097,
            -0.030499877408146858
        ],
        [
            0.13937225937843323,
            0.05821765214204788,
            -0.03543531522154808
        ],
        [
            0.14147444069385529,
            0.06331139802932739,
            -0.04060210660099983
        ],
        [
            0.11883004009723663,
            0.06400014460086823,
            -0.013699643313884735
        ],
        [
            0.11690769344568253,
            0.05335969850420952,
            -0.009064080193638802
        ],
        [
            0.12129723280668259,
            0.05308116227388382,
            -0.014097247272729874
        ],
        [
            0.12504278123378754,
            0.06417565792798996,
            -0.019758861511945724
        ],
        [
            0.10990456491708755,
            0.05659879744052887,
            0.0029128026217222214
        ],
        [
            0.11201877146959305,
            0.06678107380867004,
            -0.002909459173679352
        ],
        [
            0.1077754870057106,
            0.06749138981103897,
            0.0045654550194740295
        ],
        [
            0.10779543966054916,
            0.06021089106798172,
            0.007995489984750748
        ],
        [
            0.11680187284946442,
            0.0825311467051506,
            -0.01563221961259842
        ],
        [
            0.11728525906801224,
            0.08824305236339569,
            -0.019428743049502373
        ],
        [
            0.116040900349617,
            0.09038273990154266,
            -0.01668124459683895
        ],
        [
            0.11456537991762161,
            0.08317358046770096,
            -0.012675028294324875
        ],
        [
            0.0689593255519867,
            0.005945831537246704,
            0.026114296168088913
        ],
        [
            0.07769948244094849,
            0.004532963037490845,
            0.03046819008886814
        ],
        [
            0.07943574339151382,
            0.0656851977109909,
            0.00443657673895359
        ],
        [
            0.08093554526567459,
            0.06355515122413635,
            0.015364453196525574
        ],
        [
            0.08154710382223129,
            0.07690155506134033,
            0.012834252789616585
        ],
        [
            0.07955233007669449,
            0.07562725245952606,
            0.0015495158731937408
        ],
        [
            0.07002866268157959,
            0.01654556393623352,
            0.008532268926501274
        ],
        [
            0.06701585650444031,
            0.011218070983886719,
            0.013495607301592827
        ],
        [
            0.14687512814998627,
            0.11090413480997086,
            -0.04910196736454964
        ],
        [
            0.14284464716911316,
            0.10629276931285858,
            -0.049457840621471405
        ],
        [
            0.13985711336135864,
            0.0023247599601745605,
            -0.018080078065395355
        ],
        [
            0.15516869723796844,
            0.018453583121299744,
            -0.01874886453151703
        ],
        [
            0.12624827027320862,
            -0.00729592889547348,
            -0.0163392573595047
        ],
        [
            0.11596304178237915,
            -0.012571878731250763,
            -0.014540474861860275
        ],
        [
            0.10949563980102539,
            -0.018703043460845947,
            -0.0122077576816082
        ],
        [
            0.13262541592121124,
            0.06723099201917648,
            -0.028144698590040207
        ],
        [
            0.1255670040845871,
            0.04917100444436073,
            -0.015729770064353943
        ],
        [
            0.11472654342651367,
            0.043382637202739716,
            -0.001973085105419159
        ],
        [
            0.10144373029470444,
            0.05503033846616745,
            0.023515447974205017
        ],
        [
            0.10056997090578079,
            0.045268964022397995,
            0.027688637375831604
        ],
        [
            0.10754171758890152,
            0.04563792049884796,
            0.019547026604413986
        ],
        [
            0.1063603013753891,
            0.05405294522643089,
            0.01718258485198021
        ],
        [
            0.08767105638980865,
            0.06474336981773376,
            0.02248196490108967
        ],
        [
            0.09576842188835144,
            0.06559747457504272,
            0.022321952506899834
        ],
        [
            0.0957401916384697,
            0.07437817752361298,
            0.018987901508808136
        ],
        [
            0.08790365606546402,
            0.07547964155673981,
            0.0190985519438982
        ],
        [
            0.15623939037322998,
            0.038243670016527176,
            -0.02970196306705475
        ],
        [
            0.14614053070545197,
            0.02677818387746811,
            -0.033830903470516205
        ],
        [
            0.08728686720132828,
            0.01827205717563629,
            0.031456951051950455
        ],
        [
            0.08746335655450821,
            0.010447390377521515,
            0.031639762222766876
        ],
        [
            0.08499747514724731,
            0.002315811812877655,
            0.03203800320625305
        ],
        [
            0.11419912427663803,
            0.024399854242801666,
            0.010855946689844131
        ],
        [
            0.11322847008705139,
            0.011418744921684265,
            0.016668908298015594
        ],
        [
            0.11616447567939758,
            0.010558903217315674,
            0.013559874147176743
        ],
        [
            0.11504005640745163,
            0.023640207946300507,
            0.007405683398246765
        ],
        [
            0.1267205774784088,
            0.028086408972740173,
            -0.0006244070827960968
        ],
        [
            0.12846580147743225,
            0.017214421182870865,
            0.006840899586677551
        ],
        [
            0.13554367423057556,
            0.034890398383140564,
            -0.0019421353936195374
        ],
        [
            0.11181692034006119,
            -0.003051742911338806,
            0.013813197612762451
        ],
        [
            0.10515021532773972,
            -0.008008740842342377,
            0.021092474460601807
        ],
        [
            0.1093473732471466,
            -0.01214829832315445,
            0.014395415782928467
        ],
        [
            0.09844892472028732,
            -0.004065416753292084,
            0.027107147499918938
        ],
        [
            0.09149129688739777,
            -0.0003391355276107788,
            0.031297311186790466
        ],
        [
            0.06208164244890213,
            0.004829861223697662,
            0.016340475529432297
        ],
        [
            0.11230527609586716,
            -0.015083737671375275,
            0.0071615539491176605
        ],
        [
            0.15750765800476074,
            0.03917310759425163,
            -0.003073032945394516
        ],
        [
            0.163385808467865,
            0.04431144893169403,
            -0.007252581417560577
        ],
        [
            0.15755826234817505,
            0.04822119325399399,
            -0.008493740111589432
        ],
        [
            0.15195320546627045,
            0.044039782136678696,
            -0.0056462362408638
        ],
        [
            0.13648730516433716,
            0.06428579986095428,
            -0.05254422500729561
        ],
        [
            0.14126485586166382,
            0.06335076689720154,
            -0.046542827039957047
        ],
        [
            0.14059218764305115,
            0.055445991456508636,
            -0.04174431040883064
        ],
        [
            0.1093936339020729,
            0.028057381510734558,
            0.02317555993795395
        ],
        [
            0.09942016750574112,
            0.02929428219795227,
            0.030861418694257736
        ],
        [
            0.1365254819393158,
            0.07264219224452972,
            -0.03394214063882828
        ],
        [
            0.14412148296833038,
            0.09956218302249908,
            -0.05282297730445862
        ],
        [
            0.1489458978176117,
            0.09663937985897064,
            -0.051194168627262115
        ],
        [
            0.141920804977417,
            0.0791219174861908,
            -0.05290933698415756
        ],
        [
            0.13651840388774872,
            0.08288949728012085,
            -0.05511249974370003
        ],
        [
            0.13195428252220154,
            0.08205699920654297,
            -0.03631838411092758
        ],
        [
            0.136630117893219,
            0.07676298171281815,
            -0.03491692990064621
        ],
        [
            0.13613252341747284,
            0.07938835769891739,
            -0.03520244359970093
        ],
        [
            0.13217954337596893,
            0.0846574604511261,
            -0.03458090499043465
        ],
        [
            0.11118322610855103,
            0.08939291536808014,
            -0.008770022541284561
        ],
        [
            0.11006481945514679,
            0.08302489668130875,
            -0.005168470554053783
        ],
        [
            0.11302104592323303,
            0.07427173107862473,
            -0.04502358287572861
        ],
        [
            0.11879129707813263,
            0.06714265048503876,
            -0.05496992915868759
        ],
        [
            0.11689797043800354,
            0.055814385414123535,
            -0.049912191927433014
        ],
        [
            0.11455538868904114,
            0.06477230787277222,
            -0.007576143369078636
        ],
        [
            0.11583957821130753,
            0.07461124658584595,
            -0.011137964203953743
        ],
        [
            0.11336581408977509,
            0.07550468295812607,
            -0.007854344323277473
        ],
        [
            0.13074921071529388,
            0.07172583043575287,
            -0.027871377766132355
        ],
        [
            0.13244932889938354,
            0.0769834965467453,
            -0.03221851587295532
        ],
        [
            0.12874352931976318,
            0.07718494534492493,
            -0.028909485787153244
        ],
        [
            0.1268150508403778,
            0.07203280925750732,
            -0.024004682898521423
        ],
        [
            0.07892324030399323,
            0.05063985288143158,
            0.01801295578479767
        ],
        [
            0.08665662258863449,
            0.05223551765084267,
            0.02664128690958023
        ],
        [
            0.15591295063495636,
            0.10135176032781601,
            -0.04397093877196312
        ],
        [
            0.15367670357227325,
            0.09826165437698364,
            -0.045681923627853394
        ],
        [
            0.11277834326028824,
            0.054307423532009125,
            -0.0031481292098760605
        ],
        [
            0.11454793810844421,
            0.042952559888362885,
            -0.042789969593286514
        ],
        [
            0.11179597675800323,
            0.04445261508226395,
            0.002625826746225357
        ],
        [
            0.09110260754823685,
            0.08519821614027023,
            -0.010695705190300941
        ],
        [
            0.09520437568426132,
            0.08816997706890106,
            -0.004552364815026522
        ],
        [
            0.09830400347709656,
            0.09296554327011108,
            -0.006845927331596613
        ],
        [
            0.09498421847820282,
            0.09305303543806076,
            -0.012129967100918293
        ],
        [
            0.13763806223869324,
            0.09931203722953796,
            -0.034047238528728485
        ],
        [
            0.1427794247865677,
            0.09693887829780579,
            -0.03285137563943863
        ],
        [
            0.14493942260742188,
            0.10130731016397476,
            -0.032801494002342224
        ],
        [
            0.1402633786201477,
            0.10458677262067795,
            -0.03412995487451553
        ],
        [
            0.14053672552108765,
            0.07302843779325485,
            -0.03732907772064209
        ],
        [
            0.14321351051330566,
            0.06973502784967422,
            -0.04210861772298813
        ],
        [
            0.144420325756073,
            0.07586176693439484,
            -0.04156627878546715
        ],
        [
            0.14055375754833221,
            0.07787856459617615,
            -0.037442825734615326
        ],
        [
            0.14261938631534576,
            0.07032772898674011,
            -0.048225708305835724
        ],
        [
            0.14460685849189758,
            0.07635719329118729,
            -0.04786394536495209
        ],
        [
            0.13418598473072052,
            0.10183052718639374,
            -0.038977596908807755
        ],
        [
            0.13460201025009155,
            0.10302853584289551,
            -0.0463908389210701
        ],
        [
            0.12658482789993286,
            0.08846350014209747,
            -0.047361623495817184
        ],
        [
            0.12861250340938568,
            0.08919312804937363,
            -0.03958287462592125
        ],
        [
            0.08015337586402893,
            0.034975796937942505,
            -0.008179489523172379
        ],
        [
            0.07625118643045425,
            0.0371573269367218,
            0.0020910371094942093
        ],
        [
            0.07992549240589142,
            0.05144653096795082,
            -0.0010551400482654572
        ],
        [
            0.0822216048836708,
            0.0656820684671402,
            -0.0043612029403448105
        ],
        [
            0.08581557869911194,
            0.07871244102716446,
            -0.007802289444953203
        ],
        [
            0.08852159231901169,
            0.07656940817832947,
            -0.019571632146835327
        ],
        [
            0.07753853499889374,
            0.051555026322603226,
            0.006830187514424324
        ],
        [
            0.12368398159742355,
            0.0831228643655777,
            -0.03987899795174599
        ],
        [
            0.12121657282114029,
            0.07908952981233597,
            -0.04756998270750046
        ],
        [
            0.11834156513214111,
            0.08070757985115051,
            -0.043420109897851944
        ],
        [
            0.10940372198820114,
            0.04684888944029808,
            0.009321369230747223
        ],
        [
            0.15157629549503326,
            0.09427456557750702,
            -0.04710053279995918
        ],
        [
            0.09346270561218262,
            -0.0055798813700675964,
            -0.020195871591567993
        ],
        [
            0.08227425813674927,
            0.00010282546281814575,
            -0.014722507447004318
        ],
        [
            0.08674509823322296,
            0.006760440766811371,
            -0.01845255121588707
        ],
        [
            0.1001996397972107,
            0.0005503520369529724,
            -0.024056091904640198
        ],
        [
            0.14842574298381805,
            0.09415191411972046,
            -0.035669468343257904
        ],
        [
            0.15195763111114502,
            0.09302689135074615,
            -0.04083023965358734
        ],
        [
            0.10651285946369171,
            0.08591511845588684,
            -0.00015590712428092957
        ],
        [
            0.10757730156183243,
            0.09109286963939667,
            -0.0045176222920417786
        ],
        [
            0.10440695285797119,
            0.0933675616979599,
            -0.004050096031278372
        ],
        [
            0.10367278754711151,
            0.0904025062918663,
            0.002407962456345558
        ],
        [
            0.07484457641839981,
            0.03684644401073456,
            0.00792253389954567
        ],
        [
            0.08441190421581268,
            0.08552346378564835,
            0.01127337384968996
        ],
        [
            0.08200781047344208,
            0.08391708135604858,
            0.001446262001991272
        ],
        [
            0.07319412380456924,
            0.024588562548160553,
            0.004446452483534813
        ],
        [
            0.07600121200084686,
            0.022567838430404663,
            -0.004757607355713844
        ],
        [
            0.07273553311824799,
            0.013829514384269714,
            -0.0017981883138418198
        ],
        [
            0.09873661398887634,
            0.08029322326183319,
            -0.03072420135140419
        ],
        [
            0.0843377411365509,
            0.035219307988882065,
            -0.01584944687783718
        ],
        [
            0.08013982325792313,
            0.022034183144569397,
            -0.0112529918551445
        ],
        [
            0.07642703503370285,
            0.011556588113307953,
            -0.008019605651497841
        ],
        [
            0.07291416823863983,
            0.0043682679533958435,
            -0.005519138649106026
        ],
        [
            0.06933800876140594,
            0.007581345736980438,
            0.0011212024837732315
        ],
        [
            0.13880817592144012,
            0.10207337886095047,
            -0.05038701742887497
        ],
        [
            0.13826388120651245,
            0.10863292217254639,
            -0.04523395746946335
        ],
        [
            0.06396898627281189,
            0.0006698817014694214,
            0.0037481673061847687
        ],
        [
            0.06878204643726349,
            -0.002736896276473999,
            -0.003479141741991043
        ],
        [
            0.08588720858097076,
            0.020382747054100037,
            -0.01834220252931118
        ],
        [
            0.09447678923606873,
            0.018023453652858734,
            -0.02607588656246662
        ],
        [
            0.08990468829870224,
            0.03323284909129143,
            -0.022356417030096054
        ],
        [
            0.09835310280323029,
            0.032044824212789536,
            -0.030462946742773056
        ],
        [
            0.1002422645688057,
            0.07523732632398605,
            -0.040236588567495346
        ],
        [
            0.1492699682712555,
            0.12205292284488678,
            -0.03770982474088669
        ],
        [
            0.14114375412464142,
            0.11340755224227905,
            -0.039289720356464386
        ],
        [
            0.1427425593137741,
            0.11021300405263901,
            -0.03465647995471954
        ],
        [
            0.14839889109134674,
            0.12016043066978455,
            -0.03369654715061188
        ],
        [
            0.13752397894859314,
            0.1073426753282547,
            -0.0386400930583477
        ],
        [
            0.1423880010843277,
            0.11333777010440826,
            -0.0449194610118866
        ],
        [
            0.1121259555220604,
            0.028444569557905197,
            -0.03688029572367668
        ],
        [
            0.12938451766967773,
            0.08268377184867859,
            -0.032820019870996475
        ],
        [
            0.11196555197238922,
            0.012147895991802216,
            -0.03110191598534584
        ],
        [
            0.12925070524215698,
            0.03002224490046501,
            -0.04169849678874016
        ],
        [
            0.131117045879364,
            0.018151212483644485,
            -0.03563008829951286
        ],
        [
            0.11371397972106934,
            -0.004697248339653015,
            -0.02447543852031231
        ],
        [
            0.12959720194339752,
            0.0033731237053871155,
            -0.0282865259796381
        ],
        [
            0.10000252723693848,
            -0.015992186963558197,
            -0.017324179410934448
        ],
        [
            0.10527919977903366,
            -0.009501256048679352,
            -0.020918983966112137
        ],
        [
            0.1446014940738678,
            0.014163155108690262,
            -0.028435949236154556
        ],
        [
            0.15825863182544708,
