{
    "pred_cam": [
        8.222650527954102,
        -0.14182515442371368,
        -0.06556196510791779
    ],
    "pred_mano_params": {
        "global_orient": [
            [
                [
                    -0.24020695686340332,
                    -0.720694899559021,
                    0.650307297706604
                ],
                [
                    -0.838565468788147,
                    -0.18340536952018738,
                    -0.5130015015602112
                ],
                [
                    0.48898735642433167,
                    -0.6685517430305481,
                    -0.5602946281433105
                ]
            ]
        ],
        "hand_pose": [
            [
                [
                    0.7456603646278381,
                    -0.6156958937644958,
                    -0.25477293133735657
                ],
                [
                    0.6035877466201782,
                    0.7860979437828064,
                    -0.1331610530614853
                ],
                [
                    0.2822631895542145,
                    -0.054484907537698746,
                    0.9577885866165161
                ]
            ],
            [
                [
                    0.9528101086616516,
                    -0.26189088821411133,
                    0.15351222455501556
                ],
                [
                    0.28569912910461426,
                    0.9445511698722839,
                    -0.16186122596263885
                ],
                [
                    -0.10261017829179764,
                    0.19808132946491241,
                    0.9747999310493469
                ]
            ],
            [
                [
                    0.7793837785720825,
                    -0.623900294303894,
                    0.057527340948581696
                ],
                [
                    0.6006945967674255,
                    0.7179664969444275,
                    -0.35169610381126404
                ],
                [
                    0.17812058329582214,
                    0.3086625933647156,
                    0.9343449473381042
                ]
            ],
            [
                [
                    0.7211860418319702,
                    -0.6778124570846558,
                    -0.14304186403751373
                ],
                [
                    0.68558269739151,
                    0.7279603481292725,
                    0.007075665518641472
                ],
                [
                    0.09933283925056458,
                    -0.10316991060972214,
                    0.9896913170814514
                ]
            ],
            [
                [
                    0.8571784496307373,
                    -0.5034813284873962,
                    -0.10840519517660141
                ],
                [
                    0.5111296772956848,
                    0.8058245182037354,
                    0.2989870011806488
                ],
                [
                    -0.06317879259586334,
                    -0.31169432401657104,
                    0.9480796456336975
                ]
            ],
            [
                [
                    0.8448857665061951,
                    -0.4302454888820648,
                    -0.31789445877075195
                ],
                [
                    0.4835582673549652,
                    0.8683874607086182,
                    0.10988463461399078
                ],
                [
                    0.2287781834602356,
                    -0.2465604543685913,
                    0.9417369365692139
                ]
            ],
            [
                [
                    0.5946674346923828,
                    -0.5731821060180664,
                    0.5637667775154114
                ],
                [
                    0.5601401925086975,
                    0.7984035015106201,
                    0.220895454287529
                ],
                [
                    -0.5767267346382141,
                    0.1844291239976883,
                    0.7958468794822693
                ]
            ],
            [
                [
                    0.9085176587104797,
                    -0.3888489007949829,
                    -0.15294475853443146
                ],
                [
                    0.41784316301345825,
                    0.8440320491790771,
                    0.3361797332763672
                ],
                [
                    -0.0016328291967511177,
                    -0.3693321645259857,
                    0.9292958974838257
                ]
            ],
            [
                [
                    0.892572283744812,
                    -0.4488048553466797,
                    -0.04346218332648277
                ],
                [
                    0.44882431626319885,
                    0.8750702738761902,
                    0.18113183975219727
                ],
                [
                    -0.043260373175144196,
                    -0.18118013441562653,
                    0.9824979901313782
                ]
            ],
            [
                [
                    0.7799277901649475,
                    -0.6121221780776978,
                    0.13045674562454224
                ],
                [
                    0.6195306181907654,
                    0.7846619486808777,
                    -0.02207769639790058
                ],
                [
                    -0.08885019272565842,
                    0.09804096072912216,
                    0.9912080764770508
                ]
            ],
            [
                [
                    0.8881619572639465,
                    -0.45004206895828247,
                    -0.0929005965590477
                ],
                [
                    0.4402258098125458,
                    0.7753009796142578,
                    0.45289039611816406
                ],
                [
                    -0.1317937821149826,
                    -0.4431372284889221,
                    0.8867129683494568
                ]
            ],
            [
                [
                    0.8134849071502686,
                    -0.45194417238235474,
                    -0.36604470014572144
                ],
                [
                    0.531839907169342,
                    0.8327718377113342,
                    0.1537444144487381
                ],
                [
                    0.23534783720970154,
                    -0.3197459578514099,
                    0.917809247970581
                ]
            ],
            [
                [
                    0.9880958795547485,
                    -0.03173809498548508,
                    -0.1505299210548401
                ],
                [
                    -0.10989008098840714,
                    0.5391533970832825,
                    -0.8350076675415039
                ],
                [
                    0.10766027867794037,
                    0.8416093587875366,
                    0.529247522354126
                ]
            ],
            [
                [
                    0.9320602416992188,
                    -0.22471241652965546,
                    -0.28419703245162964
                ],
                [
                    0.3563665449619293,
                    0.7100425362586975,
                    0.6073240041732788
                ],
                [
                    0.06531867384910583,
                    -0.6673409342765808,
                    0.7418823838233948
                ]
            ],
            [
                [
                    0.9237915873527527,
                    0.38289543986320496,
                    0.00035819216282106936
                ],
                [
                    -0.38078561425209045,
                    0.918602466583252,
                    0.10569673031568527
                ],
                [
                    0.040141761302948,
                    -0.09777814894914627,
                    0.994398295879364
                ]
            ]
        ],
        "betas": [
            -0.07554715871810913,
            -0.003322213888168335,
            -0.09646052122116089,
            -0.018987208604812622,
            0.03853371739387512,
            -0.031622640788555145,
            0.06484177708625793,
            -0.04609835147857666,
            -0.016444280743598938,
            -0.055013567209243774
        ]
    },
    "pred_cam_t": [
        -0.14182515442371368,
        -0.06556196510791779,
        4.75059700012207
    ],
    "focal_length": [
        5000.0,
        5000.0
    ],
    "pred_keypoints_3d": [
        [
            0.09614379703998566,
            0.006413167808204889,
            0.006210939027369022
        ],
        [
            0.13003328442573547,
            0.016303984448313713,
            -0.009706885553896427
        ],
        [
            0.1552862972021103,
            0.033122096210718155,
            -0.01576796919107437
        ],
        [
            0.16963331401348114,
            0.05523510277271271,
            -0.022584285587072372
        ],
        [
            0.1837121844291687,
            0.07768260687589645,
            -0.04770319163799286
        ],
        [
            0.13466776907444,
            0.07097657769918442,
            -0.04523371160030365
        ],
        [
            0.14873194694519043,
            0.1009698286652565,
            -0.0432497039437294
        ],
        [
            0.16265955567359924,
            0.11584582924842834,
            -0.03416657820343971
        ],
        [
            0.17437030375003815,
            0.12432922422885895,
            -0.012770909816026688
        ],
        [
            0.11783964931964874,
            0.08816544711589813,
            -0.037428803741931915
        ],
        [
            0.13214340806007385,
            0.11569876968860626,
            -0.030255597084760666
        ],
        [
            0.14808744192123413,
            0.12419934570789337,
            -0.015422574244439602
        ],
        [
            0.16151711344718933,
            0.1253684163093567,
            0.006972938776016235
        ],
        [
            0.10130287706851959,
            0.08971242606639862,
            -0.016307473182678223
        ],
        [
            0.11700424551963806,
            0.11409376561641693,
            -0.0162043496966362
        ],
        [
            0.13407626748085022,
            0.1251351684331894,
            -0.0017746500670909882
        ],
        [
            0.14664264023303986,
            0.12835726141929626,
            0.02084232121706009
        ],
        [
            0.09177230298519135,
            0.08842218667268753,
            0.0033897114917635918
        ],
        [
            0.10473117232322693,
            0.10521352291107178,
            0.0032305000349879265
        ],
        [
            0.11772282421588898,
            0.11511017382144928,
            0.01303842756897211
        ],
        [
            0.1295432448387146,
            0.11896558851003647,
            0.027156919240951538
        ]
    ],
    "pred_vertices": [
        [
            0.13095025718212128,
            0.04334825277328491,
            -0.015920598059892654
        ],
        [
            0.12868092954158783,
            0.03531953692436218,
            -0.00914885476231575
        ],
        [
            0.13717707991600037,
            0.039674628525972366,
            -0.01193254068493843
        ],
        [
            0.13905347883701324,
            0.045690275728702545,
            -0.01985893025994301
        ],
        [
            0.13998107612133026,
            0.025866735726594925,
            0.0047603510320186615
        ],
        [
            0.1454233080148697,
            0.015230998396873474,
            0.004032745957374573
        ],
        [
            0.15674106776714325,
            0.027003534138202667,
            -0.001499626785516739
        ],
        [
            0.15104734897613525,
            0.03455164283514023,
            0.0012950152158737183
        ],
        [
            0.14471493661403656,
            0.0476837158203125,
            -0.023992111906409264
        ],
        [
            0.14432664215564728,
            0.04340043663978577,
            -0.013905894011259079
        ],
        [
            0.14547328650951385,
            0.04638657718896866,
            -0.02672487311065197
        ],
        [
            0.1415952891111374,
            0.048897646367549896,
            -0.04087964445352554
        ],
        [
            0.1430586278438568,
            0.051250845193862915,
            -0.034411508589982986
        ],
        [
            0.13943514227867126,
            0.054237253963947296,
            -0.04763571545481682
        ],
        [
            0.1346738040447235,
            0.04103879630565643,
            -0.04468182101845741
        ],
        [
            0.13089603185653687,
            0.054150842130184174,
            -0.05226416885852814
        ],
        [
            0.106092169880867,
            0.04366983845829964,
            -0.03820393234491348
        ],
        [
            0.09599962830543518,
            0.04721643403172493,
            -0.029492974281311035
        ],
        [
            0.09903009980916977,
            0.06286182999610901,
            -0.0364748053252697
        ],
        [
            0.10960358381271362,
            0.05797214061021805,
            -0.04404016584157944
        ],
        [
            0.08776208758354187,
            0.06337480992078781,
            -0.018624452874064445
        ],
        [
            0.09396662563085556,
            0.06389600783586502,
            -0.028814787045121193
        ],
        [
            0.08998039364814758,
            0.04816943779587746,
            -0.02273966372013092
        ],
        [
            0.08472614735364914,
            0.048536136746406555,
            -0.013857762329280376
        ],
        [
            0.11814423650503159,
            0.04228885471820831,
            -0.006089579313993454
        ],
        [
            0.1158551573753357,
            0.03364521637558937,
            2.804398536682129e-05
        ],
        [
            0.11974823474884033,
            0.03330889716744423,
            -0.004489675164222717
        ],
        [
            0.12229940295219421,
            0.041573431342840195,
            -0.009893730282783508
        ],
        [
            0.15223956108093262,
            0.04189075902104378,
            -0.027237029746174812
        ],
        [
            0.14525987207889557,
            0.03234213590621948,
            -0.03338420018553734
        ],
        [
            0.14433875679969788,
            0.04019373655319214,
            -0.03247358649969101
        ],
        [
            0.1517930030822754,
            0.045842140913009644,
            -0.023014208301901817
        ],
        [
            0.10927911102771759,
            0.01720333844423294,
            0.023518644273281097
        ],
        [
            0.10364829003810883,
            0.004865698516368866,
            0.024021010845899582
        ],
        [
            0.10718706995248795,
            0.002374105155467987,
            0.01996876299381256
        ],
        [
            0.111197829246521,
            0.014173656702041626,
            0.019986677914857864
        ],
        [
            0.12650379538536072,
            0.0008137524127960205,
            0.008831162005662918
        ],
        [
            0.11827851831912994,
            -0.006336115300655365,
            0.008572425693273544
        ],
        [
            0.11730855703353882,
            -0.016430869698524475,
            -0.0003969557583332062
        ],
        [
            0.12518949806690216,
            -0.009828947484493256,
            -0.003476914018392563
        ],
        [
            0.13637641072273254,
            0.008211277425289154,
            0.006850183010101318
        ],
        [
            0.13693949580192566,
            -0.00197804719209671,
            -0.002612754702568054
        ],
        [
            0.1472722738981247,
            0.007223546504974365,
            -0.004034996032714844
        ],
        [
            0.15840502083301544,
            0.021176505833864212,
            -0.008602965623140335
        ],
        [
            0.09369510412216187,
            0.009730085730552673,
            0.030613170936703682
        ],
        [
            0.0967298373579979,
            0.01947122812271118,
            0.03163639456033707
        ],
        [
            0.15826523303985596,
            0.0976976528763771,
            -0.037683792412281036
        ],
        [
            0.15483684837818146,
            0.10000063478946686,
            -0.03346053510904312
        ],
        [
            0.15316742658615112,
            0.09572584182024002,
            -0.03431759402155876
        ],
        [
            0.1566760540008545,
            0.09455225616693497,
            -0.038829557597637177
        ],
        [
            0.07674507051706314,
            0.01931331306695938,
            0.024842169135808945
        ],
        [
            0.07051020115613937,
            0.018259838223457336,
            0.016906926408410072
        ],
        [
            0.0694609060883522,
            0.012454286217689514,
            0.021249055862426758
        ],
        [
            0.07643026113510132,
            0.012255392968654633,
            0.027632389217615128
        ],
        [
            0.0772797018289566,
            0.028613753616809845,
            0.021131310611963272
        ],
        [
            0.07274603843688965,
            0.02620977908372879,
            0.010981384664773941
        ],
        [
            0.15669608116149902,
            0.10449672490358353,
            -0.048585131764411926
        ],
        [
            0.15956580638885498,
            0.10103778541088104,
            -0.04596875607967377
        ],
        [
            0.15630623698234558,
            0.09794369339942932,
            -0.04843985661864281
        ],
        [
            0.15245431661605835,
            0.10083471983671188,
            -0.050302501767873764
        ],
        [
            0.14034336805343628,
            0.05157299339771271,
            -0.02762582339346409
        ],
        [
            0.1336992084980011,
            0.051179081201553345,
            -0.021008159965276718
        ],
        [
            0.14131036400794983,
            0.06593038141727448,
            -0.03579510748386383
        ],
        [
            0.13709324598312378,
            0.06086970865726471,
            -0.030262000858783722
        ],
        [
            0.14108435809612274,
            0.05712137371301651,
            -0.03488415479660034
        ],
        [
            0.14336583018302917,
            0.0618269145488739,
            -0.03992719203233719
        ],
        [
            0.11939006298780441,
            0.06352011114358902,
            -0.014498753473162651
        ],
        [
            0.11733471602201462,
            0.05304863303899765,
            -0.009570153430104256
        ],
        [
            0.12200048565864563,
            0.05263226479291916,
            -0.01434171199798584
        ],
        [
            0.12594033777713776,
            0.06354255974292755,
            -0.0202016681432724
        ],
        [
            0.10959591716527939,
            0.05663095787167549,
            0.0018666479736566544
        ],
        [
            0.11191623657941818,
            0.06659586727619171,
            -0.0042164139449596405
        ],
        [
            0.10720070451498032,
            0.06751462817192078,
            0.0029763150960206985
        ],
        [
            0.10713513940572739,
            0.06039298325777054,
            0.006685422733426094
        ],
        [
            0.11721216142177582,
            0.08173982053995132,
            -0.017180629074573517
        ],
        [
            0.11811984330415726,
            0.08700419962406158,
            -0.02087506093084812
        ],
        [
            0.11681769788265228,
            0.08898737281560898,
            -0.018064212054014206
        ],
        [
            0.11484869569540024,
            0.08237271755933762,
            -0.014300044625997543
        ],
        [
            0.06790554523468018,
            0.006320923566818237,
            0.024517327547073364
        ],
        [
            0.07639025896787643,
            0.005163788795471191,
            0.02942770905792713
        ],
        [
            0.0787726417183876,
            0.06563907861709595,
            0.0011757370084524155
        ],
        [
            0.07963838428258896,
            0.06384710222482681,
            0.012295190244913101
        ],
        [
            0.08018942922353745,
            0.0773213654756546,
            0.009134477004408836
        ],
        [
            0.07884813845157623,
            0.07566213607788086,
            -0.0022700978443026543
        ],
        [
            0.06989912688732147,
            0.016316823661327362,
            0.006654795259237289
        ],
        [
            0.06665612757205963,
            0.0111280158162117,
            0.011620577424764633
        ],
        [
            0.152081698179245,
            0.10852805525064468,
            -0.04783496633172035
        ],
        [
            0.14776599407196045,
            0.10416208207607269,
            -0.048598188906908035
        ],
        [
            0.14132572710514069,
            0.0017997696995735168,
            -0.01577756553888321
        ],
        [
            0.15630891919136047,
            0.017959237098693848,
            -0.017447326332330704
        ],
        [
            0.1276959925889969,
            -0.007803656160831451,
            -0.014024220407009125
        ],
        [
            0.1173715740442276,
            -0.013101018965244293,
            -0.012532640248537064
        ],
        [
            0.11087345331907272,
            -0.01922597736120224,
            -0.010391592979431152
        ],
        [
            0.1338663548231125,
            0.06633557379245758,
            -0.0282675102353096
        ],
        [
            0.12639039754867554,
            0.04870413988828659,
            -0.015591725707054138
        ],
        [
            0.11485783755779266,
            0.043312132358551025,
            -0.002226080745458603
        ],
        [
            0.09990262985229492,
            0.05572594702243805,
            0.022007346153259277
        ],
        [
            0.09890495985746384,
            0.04611890763044357,
            0.02650034986436367
        ],
        [
            0.10637597739696503,
            0.04626249894499779,
            0.018753599375486374
        ],
        [
            0.10523157566785812,
            0.05456719920039177,
            0.016009226441383362
        ],
        [
            0.08594407141208649,
            0.065333291888237,
            0.019756320863962173
        ],
        [
            0.09408078342676163,
            0.06620930880308151,
            0.020054800435900688
        ],
        [
            0.09403297305107117,
            0.07489311695098877,
            0.0163735244423151
        ],
        [
            0.08613745123147964,
            0.07607173919677734,
            0.015880433842539787
        ],
        [
            0.1569002866744995,
            0.03680756315588951,
            -0.02992606721818447
        ],
        [
            0.14765214920043945,
            0.025243841111660004,
            -0.032914504408836365
        ],
        [
            0.0857539027929306,
            0.019073262810707092,
            0.0305013470351696
        ],
        [
            0.08601030707359314,
            0.011244714260101318,
            0.030972963199019432
        ],
        [
            0.08361174166202545,
            0.003089629113674164,
            0.03150098770856857
        ],
        [
            0.11380330473184586,
            0.02481788396835327,
            0.01139819622039795
        ],
        [
            0.11264574527740479,
            0.012054875493049622,
            0.017599526792764664
        ],
        [
            0.11586721241474152,
            0.011129923164844513,
            0.014803726226091385
        ],
        [
            0.11488792300224304,
            0.023949652910232544,
            0.008150294423103333
        ],
        [
            0.12737299501895905,
            0.028386786580085754,
            0.0002581477165222168
        ],
        [
            0.1290048062801361,
            0.01786128431558609,
            0.008338607847690582
        ],
        [
            0.1363890916109085,
            0.03530925139784813,
            -0.0017438605427742004
        ],
        [
            0.11159365624189377,
            -0.0025554820895195007,
            0.015170559287071228
        ],
        [
            0.10451556742191315,
            -0.007354244589805603,
            0.02215147390961647
        ],
        [
            0.1091591864824295,
            -0.011675454676151276,
            0.01588023081421852
        ],
        [
            0.09741513431072235,
            -0.0032887980341911316,
            0.027607828378677368
        ],
        [
            0.0901733785867691,
            0.0004918798804283142,
            0.031236659735441208
        ],
        [
            0.061627745628356934,
            0.00478547066450119,
            0.014399513602256775
        ],
        [
            0.11256623268127441,
            -0.014837846159934998,
            0.008931491523981094
        ],
        [
            0.15841609239578247,
            0.03983013704419136,
            -0.0035845451056957245
        ],
        [
            0.1639970988035202,
            0.044806674122810364,
            -0.008344782516360283
        ],
        [
            0.15806236863136292,
            0.048395492136478424,
            -0.009721865877509117
        ],
        [
            0.15279927849769592,
            0.04433451220393181,
            -0.00643109530210495
        ],
        [
            0.1392994076013565,
            0.06241341680288315,
            -0.05224618688225746
        ],
        [
            0.14360584318637848,
            0.061611272394657135,
            -0.04586781561374664
        ],
        [
            0.14266447722911835,
            0.05406976863741875,
            -0.04116778075695038
        ],
        [
            0.1082206442952156,
            0.02884509414434433,
            0.023132937029004097
        ],
        [
            0.09776905179023743,
            0.03024034947156906,
            0.030200066044926643
        ],
        [
            0.1380102038383484,
            0.07125285267829895,
            -0.033837709575891495
        ],
        [
            0.14881491661071777,
            0.09721899777650833,
            -0.0518973283469677
        ],
        [
            0.15331615507602692,
            0.09396936744451523,
            -0.049941059201955795
        ],
        [
            0.14532972872257233,
            0.0765766054391861,
            -0.05218062922358513
        ],
        [
            0.1403121054172516,
            0.0806785300374031,
            -0.054802123457193375
        ],
        [
            0.13392533361911774,
            0.08038705587387085,
            -0.03652607277035713
        ],
        [
            0.13838931918144226,
            0.07497706264257431,
            -0.034702397882938385
        ],
        [
            0.1381186693906784,
            0.07743973284959793,
            -0.03496059775352478
        ],
        [
            0.13440951704978943,
            0.08294171094894409,
            -0.0346374437212944
        ],
        [
            0.1114334911108017,
            0.0883810743689537,
            -0.010432776063680649
        ],
        [
            0.10988538712263107,
            0.08242204040288925,
            -0.007027032785117626
        ],
        [
            0.11520225554704666,
            0.0728975459933281,
            -0.046596039086580276
        ],
        [
            0.12170802056789398,
            0.06559891998767853,
            -0.05609729886054993
        ],
        [
            0.11946401000022888,
            0.05402286350727081,
            -0.05083766579627991
        ],
        [
            0.11475425958633423,
            0.06445855647325516,
            -0.00865708664059639
        ],
        [
            0.11610586196184158,
            0.07412064075469971,
            -0.012513415887951851
        ],
        [
            0.11343937367200851,
            0.0750734955072403,
            -0.00939025916159153
        ],
        [
            0.1319560408592224,
            0.07078153640031815,
            -0.028231680393218994
        ],
        [
            0.1338791698217392,
            0.0757216289639473,
            -0.0325406976044178
        ],
        [
            0.12994973361492157,
            0.07606542855501175,
            -0.029569612815976143
        ],
        [
            0.12784971296787262,
            0.07120898365974426,
            -0.024625014513731003
        ],
        [
            0.07772625982761383,
            0.050924427807331085,
            0.015361757948994637
        ],
        [
            0.08493863046169281,
            0.05290750786662102,
            0.024372365325689316
        ],
        [
            0.16007305681705475,
            0.09832799434661865,
            -0.04214540868997574
        ],
        [
            0.15775129199028015,
            0.09536908566951752,
            -0.04410134255886078
        ],
        [
            0.11285437643527985,
            0.05415867269039154,
            -0.003934554755687714
        ],
        [
            0.11681398004293442,
            0.04125902056694031,
            -0.043184202164411545
        ],
        [
            0.11165620386600494,
            0.04451601579785347,
            0.002155546098947525
        ],
        [
            0.09144289791584015,
            0.0848931297659874,
            -0.013917430303990841
        ],
        [
            0.09525144845247269,
            0.08795247972011566,
            -0.007562057580798864
        ],
        [
            0.09887673705816269,
            0.09260813146829605,
            -0.00937562808394432
        ],
        [
            0.09606964886188507,
            0.09270507842302322,
            -0.014908859506249428
        ],
        [
            0.1408998966217041,
            0.09730783104896545,
            -0.033643800765275955
        ],
        [
            0.14578774571418762,
            0.09457280486822128,
            -0.03208263963460922
        ],
        [
            0.14824821054935455,
            0.09883346408605576,
            -0.03185652941465378
        ],
        [
            0.14389589428901672,
            0.10242663323879242,
            -0.03348114341497421
        ],
        [
            0.14232957363128662,
            0.07102460414171219,
            -0.03673737868666649
        ],
        [
            0.14529071748256683,
            0.06766119599342346,
            -0.04124151170253754
        ],
        [
            0.14674851298332214,
            0.07333286106586456,
            -0.04060225561261177
        ],
        [
            0.14264748990535736,
            0.07563041895627975,
            -0.03680386394262314
        ],
        [
            0.14524203538894653,
            0.06800280511379242,
            -0.04737544804811478
        ],
        [
            0.14746306836605072,
            0.07370802760124207,
            -0.04690653085708618
        ],
        [
            0.13801594078540802,
            0.1000906452536583,
            -0.03880840912461281
        ],
        [
            0.13908132910728455,
            0.10131102800369263,
            -0.046161722391843796
        ],
        [
            0.1300949901342392,
            0.08695042878389359,
            -0.04782239720225334
        ],
        [
            0.13153763115406036,
            0.0876765251159668,
            -0.039893753826618195
        ],
        [
            0.08077000081539154,
            0.03430315852165222,
            -0.010140761733055115
        ],
        [
            0.07624483853578568,
            0.03680151700973511,
            -0.00018681958317756653
        ],
        [
            0.07990390062332153,
            0.05108029767870903,
            -0.0036880504339933395
        ],
        [
            0.08213084936141968,
            0.06538678705692291,
            -0.007481480948626995
        ],
        [
            0.08566199988126755,
            0.07847325503826141,
            -0.011363383382558823
        ],
        [
            0.08917003124952316,
            0.07602603733539581,
            -0.022846220061182976
        ],
        [
            0.07703413814306259,
            0.051433492451906204,
            0.004063567146658897
        ],
        [
            0.12566356360912323,
            0.08125688135623932,
            -0.040756650269031525
        ],
        [
            0.12390746176242828,
            0.07771465927362442,
            -0.048530999571084976
        ],
        [
            0.12054141610860825,
            0.07906597852706909,
            -0.04462697356939316
        ],
        [
            0.10884266346693039,
            0.04712270572781563,
            0.00861293263733387
        ],
        [
            0.15547749400138855,
            0.09139883518218994,
            -0.04567034915089607
        ],
        [
            0.0951748639345169,
            -0.006558053195476532,
            -0.01980302855372429
        ],
        [
            0.08365976810455322,
            -0.0007919296622276306,
            -0.015243588015437126
        ],
        [
            0.08824965357780457,
            0.005785949528217316,
            -0.01892603002488613
        ],
        [
            0.10199900716543198,
            -0.00051889568567276,
            -0.023436307907104492
        ],
        [
            0.15144960582256317,
            0.09142385423183441,
            -0.03448207303881645
        ],
        [
            0.15530021488666534,
            0.09009093791246414,
            -0.039381884038448334
        ],
        [
            0.10611438006162643,
            0.08549320697784424,
            -0.0022666268050670624
        ],
        [
            0.10772998631000519,
            0.09040075540542603,
            -0.006435307674109936
        ],
        [
            0.10474582761526108,
            0.09276927262544632,
            -0.006175820250064135
        ],
        [
            0.10331343114376068,
            0.09011353552341461,
            3.855675458908081e-07
        ],
        [
            0.07448957860469818,
            0.03668037801980972,
            0.005575330927968025
        ],
        [
            0.08352495729923248,
            0.08611045777797699,
            0.0073053790256381035
        ],
        [
            0.08158217370510101,
            0.0840253233909607,
            -0.0026407670229673386
        ],
        [
            0.0732111930847168,
            0.024260178208351135,
            0.0024670343846082687
        ],
        [
            0.07657791674137115,
            0.02194824069738388,
            -0.006487345322966576
        ],
        [
            0.07324280589818954,
            0.013272367417812347,
            -0.0034020934253931046
        ],
        [
            0.10013912618160248,
            0.07924386113882065,
            -0.03324339538812637
        ],
        [
            0.08539585769176483,
            0.03432616591453552,
            -0.01756594330072403
        ],
        [
            0.08109641075134277,
            0.0212373286485672,
            -0.01271163672208786
        ],
        [
            0.07731736451387405,
            0.010826259851455688,
            -0.009315166622400284
        ],
        [
            0.07373950630426407,
            0.0036862120032310486,
            -0.00676906481385231
        ],
        [
            0.06974261999130249,
            0.007089428603649139,
            -0.00047053955495357513
        ],
        [
            0.14351211488246918,
            0.10009600967168808,
            -0.049844060093164444
        ],
        [
            0.14303730428218842,
            0.10674097388982773,
            -0.04467909038066864
        ],
        [
            0.06430317461490631,
            0.00021161139011383057,
            0.0020832475274801254
        ],
        [
            0.06956884264945984,
            -0.0033871904015541077,
            -0.004726886749267578
        ],
        [
            0.08725441992282867,
            0.019406035542488098,
            -0.019394133239984512
        ],
        [
            0.09623441100120544,
            0.016831040382385254,
            -0.026481302455067635
        ],
        [
            0.09134386479854584,
            0.03217218816280365,
            -0.02367108315229416
        ],
        [
            0.1002211794257164,
            0.030757233500480652,
            -0.03122754581272602
        ],
        [
            0.10203896462917328,
            0.07416614890098572,
            -0.04278244823217392
        ],
        [
            0.15423423051834106,
            0.11938880383968353,
            -0.036110877990722656
        ],
        [
            0.14570342004299164,
            0.11127975583076477,
            -0.03849184885621071
        ],
        [
            0.1467018574476242,
            0.1079285591840744,
            -0.033788248896598816
        ],
        [
            0.15281657874584198,
            0.1175382062792778,
            -0.0322096049785614
        ],
        [
            0.1417008340358734,
            0.10540904849767685,
            -0.038154054433107376
        ],
        [
            0.14742213487625122,
            0.11120717227458954,
            -0.043995451182127
        ],
        [
            0.11419359594583511,
            0.026912540197372437,
            -0.036752618849277496
        ],
        [
            0.13085171580314636,
            0.08101379126310349,
            -0.03348846361041069
        ],
        [
            0.11382778733968735,
            0.010804057121276855,
            -0.03024817630648613
        ],
        [
            0.13132061064243317,
            0.02821604162454605,
            -0.0410054475069046
        ],
        [
            0.1329878866672516,
            0.016611162573099136,
            -0.034360289573669434
        ],
        [
            0.11544449627399445,
            -0.005686528980731964,
            -0.02286888286471367
        ],
        [
            0.13130398094654083,
            0.002237275242805481,
            -0.02635302022099495
        ],
        [
            0.10163965821266174,
            -0.016799911856651306,
            -0.01617046445608139
        ],
        [
            0.10698650777339935,
            -0.01039944589138031,
            -0.019641898572444916
        ],
        [
            0.14606629312038422,
            0.012946836650371552,
            -0.026797613129019737
        ],
        [
            0.16189640760421753,
