{
    "pred_cam": [
        8.80994987487793,
        -0.12998242676258087,
        -0.06652434170246124
    ],
    "pred_mano_params": {
        "global_orient": [
            [
                [
                    -0.416435569524765,
                    -0.08246248215436935,
                    0.9054178595542908
                ],
                [
                    -0.7558802962303162,
                    -0.5219804644584656,
                    -0.39519792795181274
                ],
                [
                    0.5051995515823364,
                    -0.8489618897438049,
                    0.1550394594669342
                ]
            ]
        ],
        "hand_pose": [
            [
                [
                    0.7825788855552673,
                    -0.5638799071311951,
                    -0.2638363540172577
                ],
                [
                    0.5847434997558594,
                    0.8112179040908813,
                    0.0006763667915947735
                ],
                [
                    0.21364741027355194,
                    -0.15480592846870422,
                    0.9645671248435974
                ]
            ],
            [
                [
                    0.5443050861358643,
                    -0.7887484431266785,
                    0.28567102551460266
                ],
                [
                    0.838354229927063,
                    0.5235863327980042,
                    -0.15172182023525238
                ],
                [
                    -0.02990310825407505,
                    0.3220764696598053,
                    0.9462413191795349
                ]
            ],
            [
                [
                    0.8061351180076599,
                    -0.5767822265625,
                    0.1321682631969452
                ],
                [
                    0.5681580305099487,
                    0.8168818354606628,
                    0.09950106590986252
                ],
                [
                    -0.1653563231229782,
                    -0.005118843168020248,
                    0.9862205982208252
                ]
            ],
            [
                [
                    0.7375410795211792,
                    -0.6273626685142517,
                    -0.2498984932899475
                ],
                [
                    0.6685816049575806,
                    0.730442225933075,
                    0.1394733339548111
                ],
                [
                    0.09503605216741562,
                    -0.26994481682777405,
                    0.9581742882728577
                ]
            ],
            [
                [
                    0.12200003117322922,
                    -0.9450000524520874,
                    -0.30346474051475525
                ],
                [
                    0.9857414364814758,
                    0.07966431230306625,
                    0.14821398258209229
                ],
                [
                    -0.11588691920042038,
                    -0.31721988320350647,
                    0.9412447810173035
                ]
            ],
            [
                [
                    0.8746946454048157,
                    -0.47443687915802,
                    -0.09909050911664963
                ],
                [
                    0.4785313308238983,
                    0.8778143525123596,
                    0.021206023171544075
                ],
                [
                    0.07692214846611023,
                    -0.06596671044826508,
                    0.9948524236679077
                ]
            ],
            [
                [
                    0.6177247166633606,
                    -0.6702812910079956,
                    0.4112653434276581
                ],
                [
                    0.49631428718566895,
                    0.7379602193832397,
                    0.45726028084754944
                ],
                [
                    -0.6099904179573059,
                    -0.07834414392709732,
                    0.7885264754295349
                ]
            ],
            [
                [
                    0.4257180988788605,
                    -0.8376210331916809,
                    -0.342279314994812
                ],
                [
                    0.7134180068969727,
                    0.07802840322256088,
                    0.6963808536529541
                ],
                [
                    -0.5565957427024841,
                    -0.5406501889228821,
                    0.6307920217514038
                ]
            ],
            [
                [
                    0.8567233681678772,
                    -0.515415608882904,
                    0.019283562898635864
                ],
                [
                    0.505185604095459,
                    0.846082866191864,
                    0.17009195685386658
                ],
                [
                    -0.10398353636264801,
                    -0.13597998023033142,
                    0.9852395057678223
                ]
            ],
            [
                [
                    0.7141090631484985,
                    -0.6999722719192505,
                    0.009329804219305515
                ],
                [
                    0.6992426514625549,
                    0.7138717770576477,
                    0.03803783282637596
                ],
                [
                    -0.0332857109606266,
                    -0.020639365538954735,
                    0.9992327690124512
                ]
            ],
            [
                [
                    0.29536172747612,
                    -0.9200448989868164,
                    -0.25744667649269104
                ],
                [
                    0.8141080737113953,
                    0.1013517901301384,
                    0.5718005299568176
                ],
                [
                    -0.49998950958251953,
                    -0.37847739458084106,
                    0.7789514064788818
                ]
            ],
            [
                [
                    0.8912882804870605,
                    -0.42592164874076843,
                    -0.15555039048194885
                ],
                [
                    0.4396584630012512,
                    0.8956876397132874,
                    0.06666439026594162
                ],
                [
                    0.11093074828386307,
                    -0.12780623137950897,
                    0.9855759739875793
                ]
            ],
            [
                [
                    0.9583860039710999,
                    0.0485568530857563,
                    -0.2813158333301544
                ],
                [
                    -0.24796076118946075,
                    0.629905104637146,
                    -0.7360265851020813
                ],
                [
                    0.14146311581134796,
                    0.7751528024673462,
                    0.6157324314117432
                ]
            ],
            [
                [
                    0.8472554087638855,
                    -0.2777837812900543,
                    -0.452763170003891
                ],
                [
                    0.5037121176719666,
                    0.6907294988632202,
                    0.5188129544258118
                ],
                [
                    0.16861902177333832,
                    -0.6676294207572937,
                    0.7251473665237427
                ]
            ],
            [
                [
                    0.9199689626693726,
                    0.0980224683880806,
                    -0.3795374631881714
                ],
                [
                    -0.11206605285406113,
                    0.9935871362686157,
                    -0.015027281828224659
                ],
                [
                    0.37563052773475647,
                    0.05635789409279823,
                    0.9250543117523193
                ]
            ]
        ],
        "betas": [
            0.0011447519063949585,
            -0.03914225101470947,
            -0.12495090067386627,
            -0.007921725511550903,
            0.058768659830093384,
            0.0022593624889850616,
            0.06881080567836761,
            -0.005346864461898804,
            -0.02016398310661316,
            -0.038535118103027344
        ]
    },
    "pred_cam_t": [
        -0.12998242676258087,
        -0.06652434170246124,
        4.4339070320129395
    ],
    "focal_length": [
        5000.0,
        5000.0
    ],
    "pred_keypoints_3d": [
        [
            0.09582690894603729,
            0.006389175541698933,
            0.006198578514158726
        ],
        [
            0.1304772049188614,
            0.02252071723341942,
            0.01111735962331295
        ],
        [
            0.153340145945549,
            0.04317460581660271,
            0.010351206175982952
        ],
        [
            0.16232097148895264,
            0.06742486357688904,
            0.0021028583869338036
        ],
        [
            0.16594263911247253,
            0.09800338000059128,
            -0.015454568900167942
        ],
        [
            0.15165342390537262,
            0.06765169650316238,
            -0.03075520694255829
        ],
        [
            0.1598571389913559,
            0.09966786205768585,
            -0.032515160739421844
        ],
        [
            0.16144311428070068,
            0.10928262025117874,
            -0.012505708262324333
        ],
        [
            0.16033928096294403,
            0.10707546770572662,
            0.012105058878660202
        ],
        [
            0.13234089314937592,
            0.08013461530208588,
            -0.04092396795749664
        ],
        [
            0.13551682233810425,
            0.11142229288816452,
            -0.03655380755662918
        ],
        [
            0.13600659370422363,
            0.1073189377784729,
            -0.013607874512672424
        ],
        [
            0.13484187424182892,
            0.0951356440782547,
            0.00902511551976204
        ],
        [
            0.1061287671327591,
            0.08082631975412369,
            -0.035914432257413864
        ],
        [
            0.1129174679517746,
            0.10862302035093307,
            -0.03183183819055557
        ],
        [
            0.11499033868312836,
            0.10504729300737381,
            -0.0073315780609846115
        ],
        [
            0.11372189968824387,
            0.0955481305718422,
            0.016485881060361862
        ],
        [
            0.08630804717540741,
            0.08068954199552536,
            -0.026857413351535797
        ],
        [
            0.09449373930692673,
            0.09973637759685516,
            -0.022738836705684662
        ],
        [
            0.0953567773103714,
            0.09584692120552063,
            -0.0041713956743478775
        ],
        [
            0.09349342435598373,
            0.0852198600769043,
            0.010346164926886559
        ]
    ],
    "pred_vertices": [
        [
            0.13222794234752655,
            0.04625954106450081,
            -0.002412889152765274
        ],
        [
            0.12685652077198029,
            0.039376839995384216,
            0.004089057445526123
        ],
        [
            0.13505353033542633,
            0.04506109282374382,
            0.004359230399131775
        ],
        [
            0.14067485928535461,
            0.04975169897079468,
            -0.0018607117235660553
        ],
        [
            0.13018636405467987,
            0.03761311247944832,
            0.023291759192943573
        ],
        [
            0.13657820224761963,
            0.029350288212299347,
            0.0294874906539917
        ],
        [
            0.14824429154396057,
            0.042550161480903625,
            0.025201646611094475
        ],
        [
            0.14059385657310486,
            0.0481196865439415,
            0.021850379183888435
        ],
        [
            0.14738008379936218,
            0.05193553492426872,
            -0.0030509494245052338
        ],
        [
            0.14164131879806519,
            0.04985499382019043,
            0.004780329763889313
        ],
        [
            0.14916829764842987,
            0.0497872494161129,
            -0.004969172179698944
        ],
        [
            0.15542249381542206,
            0.04902857169508934,
            -0.01727072149515152
        ],
        [
            0.1524706780910492,
            0.0532105416059494,
            -0.012066146358847618
        ],
        [
            0.15798167884349823,
            0.05246537923812866,
            -0.024785585701465607
        ],
        [
            0.15333783626556396,
            0.03889460861682892,
            -0.021265346556901932
        ],
        [
            0.15439745783805847,
            0.04894854873418808,
            -0.03295905888080597
        ],
        [
            0.12831160426139832,
            0.03504514694213867,
            -0.03304377570748329
        ],
        [
            0.11493637412786484,
            0.037178341299295425,
            -0.03386438637971878
        ],
        [
            0.12016738206148148,
            0.05130613595247269,
            -0.04268713667988777
        ],
        [
            0.13335257768630981,
            0.048296380788087845,
            -0.0401630699634552
        ],
        [
            0.10013880580663681,
            0.05205896869301796,
            -0.036737460643053055
        ],
        [
            0.11137323081493378,
            0.052342403680086136,
            -0.040511712431907654
        ],
        [
            0.10600181668996811,
            0.03762814775109291,
            -0.032865650951862335
        ],
        [
            0.09626553952693939,
            0.03818884491920471,
            -0.029709983617067337
        ],
        [
            0.11663439869880676,
            0.0437699519097805,
            -0.0021924860775470734
        ],
        [
            0.11161328107118607,
            0.03622467443346977,
            0.004098348319530487
        ],
        [
            0.11724633723497391,
            0.03603238984942436,
            0.003382071852684021
        ],
        [
            0.12213090062141418,
            0.0434907041490078,
            -0.002253439277410507
        ],
        [
            0.15426063537597656,
            0.04773467779159546,
            -0.0025195758789777756
        ],
        [
            0.1549428552389145,
            0.03575462847948074,
            -0.0056201983243227005
        ],
        [
            0.15242533385753632,
            0.04265870153903961,
            -0.007906012237071991
        ],
        [
            0.15096458792686462,
            0.051793962717056274,
            -0.00060252845287323
        ],
        [
            0.09323877096176147,
            0.02381739765405655,
            0.02268495410680771
        ],
        [
            0.08993478119373322,
            0.010808490216732025,
            0.024023395031690598
        ],
        [
            0.09545864164829254,
            0.00876336544752121,
            0.024118781089782715
        ],
        [
            0.09723346680402756,
            0.0209042951464653,
            0.022455111145973206
        ],
        [
            0.11837159097194672,
            0.011123266071081161,
            0.028631526976823807
        ],
        [
            0.1122673898935318,
            0.0019002407789230347,
            0.02571764960885048
        ],
        [
            0.11831839382648468,
            -0.00976116955280304,
            0.02188989147543907
        ],
        [
            0.12602275609970093,
            -0.0019407793879508972,
            0.02190091833472252
        ],
        [
            0.12749189138412476,
            0.020664982497692108,
            0.030079197138547897
        ],
        [
            0.13463561236858368,
            0.0091216079890728,
            0.026513949036598206
        ],
        [
            0.14395040273666382,
            0.02075255662202835,
            0.026888161897659302
        ],
        [
            0.1546637862920761,
            0.03628230094909668,
            0.02234538085758686
        ],
        [
            0.07774122059345245,
            0.013642638921737671,
            0.021248605102300644
        ],
        [
            0.07839605212211609,
            0.0237869992852211,
            0.020380370318889618
        ],
        [
            0.16256041824817657,
            0.09296487271785736,
            -0.020349448546767235
        ],
        [
            0.1568656712770462,
            0.09484556317329407,
            -0.019095880910754204
        ],
        [
            0.15655146539211273,
            0.09257836639881134,
            -0.019681314006447792
        ],
        [
            0.16221307218074799,
            0.09141959249973297,
            -0.020925089716911316
        ],
        [
            0.0679679661989212,
            0.016301549971103668,
            0.003767244517803192
        ],
        [
            0.0686015859246254,
            0.011874735355377197,
            -0.00525100901722908
        ],
        [
            0.0655425637960434,
            0.00702463835477829,
            -0.0007204823195934296
        ],
        [
            0.06659481674432755,
            0.010205484926700592,
            0.00805763527750969
        ],
        [
            0.06986893713474274,
            0.02435442805290222,
            -0.0018461570143699646
        ],
        [
            0.07336147129535675,
            0.01875218003988266,
            -0.010979324579238892
        ],
        [
            0.16782604157924652,
            0.10043636709451675,
            -0.02948916144669056
        ],
        [
            0.16860972344875336,
            0.09695575386285782,
            -0.02565682865679264
        ],
        [
            0.16790583729743958,
            0.0945153683423996,
            -0.029003258794546127
        ],
        [
            0.16601020097732544,
            0.09697292745113373,
            -0.033322811126708984
        ],
        [
            0.14621122181415558,
            0.05441717058420181,
            -0.008365731686353683
        ],
        [
            0.13701534271240234,
            0.053586218506097794,
            -0.007074667140841484
        ],
        [
            0.15137529373168945,
            0.06682952493429184,
            -0.0182502381503582
        ],
        [
            0.14472733438014984,
            0.061945755034685135,
            -0.01499023288488388
        ],
        [
            0.15107294917106628,
            0.05860819295048714,
            -0.014866041019558907
        ],
        [
            0.15582497417926788,
            0.06264516711235046,
            -0.018911192193627357
        ],
        [
            0.12100604176521301,
            0.06224701181054115,
            -0.014912573620676994
        ],
        [
            0.11730164289474487,
            0.052875783294439316,
            -0.008948516100645065
        ],
        [
            0.12390033900737762,
            0.05292411893606186,
            -0.009501073509454727
        ],
        [
            0.12960723042488098,
            0.06310746818780899,
            -0.01518997922539711
        ],
        [
            0.10370216518640518,
            0.05611707270145416,
            -0.0064858607947826385
        ],
        [
            0.10842033475637436,
            0.06483235955238342,
            -0.012970579788088799
        ],
        [
            0.10014057904481888,
            0.06561668962240219,
            -0.01084604300558567
        ],
        [
            0.09836925566196442,
            0.05979486554861069,
            -0.00572306290268898
        ],
        [
            0.11962902545928955,
            0.07795658707618713,
            -0.024171629920601845
        ],
        [
            0.12274640053510666,
            0.08232837915420532,
            -0.027587398886680603
        ],
        [
            0.11934062838554382,
            0.08463817834854126,
            -0.02734898217022419
        ],
        [
            0.11592075228691101,
            0.07835627347230911,
            -0.02380860410630703
        ],
        [
            0.06284354627132416,
            0.0015031620860099792,
            0.002867933362722397
        ],
        [
            0.06607969105243683,
            0.00395386666059494,
            0.0118122398853302
        ],
        [
            0.08026163280010223,
            0.05543243885040283,
            -0.028318511322140694
        ],
        [
            0.07403162121772766,
            0.05604120343923569,
            -0.019032394513487816
        ],
        [
            0.0753854289650917,
            0.06842489540576935,
            -0.02477256953716278
        ],
        [
            0.08163485676050186,
            0.06433205306529999,
            -0.03389100730419159
        ],
        [
            0.07502530515193939,
            0.007845155894756317,
            -0.012306060642004013
        ],
        [
            0.0698680430650711,
            0.0030287504196166992,
            -0.00883801281452179
        ],
        [
            0.163361057639122,
            0.10409319400787354,
            -0.032113924622535706
        ],
        [
            0.16132527589797974,
            0.1003405898809433,
            -0.03570272773504257
        ],
        [
            0.14611797034740448,
            0.011147193610668182,
            0.017037291079759598
        ],
        [
            0.158013716340065,
            0.030511684715747833,
            0.015865620225667953
        ],
        [
            0.1345410794019699,
            -0.0013705715537071228,
            0.014793891459703445
        ],
        [
            0.12586362659931183,
            -0.00906623899936676,
            0.01196661964058876
        ],
        [
            0.12010112404823303,
            -0.016371577978134155,
            0.011851288378238678
        ],
        [
            0.14053234457969666,
            0.06653638929128647,
            -0.01721295155584812
        ],
        [
            0.12829624116420746,
            0.05025937780737877,
            -0.006504027172923088
        ],
        [
            0.11161220818758011,
            0.04454410448670387,
            -0.0017099939286708832
        ],
        [
            0.08345145732164383,
            0.05634740740060806,
            0.002711791545152664
        ],
        [
            0.08071594685316086,
            0.048092879354953766,
            0.008680179715156555
        ],
        [
            0.09132198989391327,
            0.048906031996011734,
            0.0074338242411613464
        ],
        [
            0.0914388969540596,
            0.05566922575235367,
            0.001904863864183426
        ],
        [
            0.07373363524675369,
            0.060683444142341614,
            -0.010315921157598495
        ],
        [
            0.07943015545606613,
            0.06386835873126984,
            -0.0056000761687755585
        ],
        [
            0.08119983971118927,
            0.07099965214729309,
            -0.010770957916975021
        ],
        [
            0.07565948367118835,
            0.06994498521089554,
            -0.015964902937412262
        ],
        [
            0.16061709821224213,
            0.04447907581925392,
            -0.001395944505929947
        ],
        [
            0.15787474811077118,
            0.030271854251623154,
            -0.0019108988344669342
        ],
        [
            0.07100359350442886,
            0.01990801841020584,
            0.013240698724985123
        ],
        [
            0.07164116203784943,
            0.012812197208404541,
            0.0164620503783226
        ],
        [
            0.07028774917125702,
            0.004628345370292664,
            0.018299099057912827
        ],
        [
            0.10361214727163315,
            0.029795072972774506,
            0.014284182339906693
        ],
        [
            0.10007934272289276,
            0.018933121114969254,
            0.02250770851969719
        ],
        [
            0.10453057289123535,
            0.01854831352829933,
            0.023060720413923264
        ],
        [
            0.10654522478580475,
            0.02865733578801155,
            0.013227898627519608
        ],
        [
            0.12123651802539825,
            0.03491531312465668,
            0.013184335082769394
        ],
        [
            0.11916610598564148,
            0.02761991322040558,
            0.02408512681722641
        ],
        [
            0.1294613927602768,
            0.04345302656292915,
            0.012785732746124268
        ],
        [
            0.10241037607192993,
            0.004613347351551056,
            0.025148361921310425
        ],
        [
            0.09299243986606598,
            -0.0006209313869476318,
            0.02750028669834137
        ],
        [
            0.10098324716091156,
            -0.0044890642166137695,
            0.02723684161901474
        ],
        [
            0.08373849093914032,
            0.0021032094955444336,
            0.025827623903751373
        ],
        [
            0.0755910575389862,
            0.004145614802837372,
            0.022886671125888824
        ],
        [
            0.06491810083389282,
            -0.003836609423160553,
            -0.007600206881761551
        ],
        [
            0.10837291181087494,
            -0.007821619510650635,
            0.025266725569963455
        ],
        [
            0.14858031272888184,
            0.053783565759658813,
            0.01924429088830948
        ],
        [
            0.1540406495332718,
            0.05885925143957138,
            0.01597653701901436
        ],
        [
            0.1487269103527069,
            0.059203825891017914,
            0.011362889781594276
        ],
        [
            0.1444043219089508,
            0.05475092679262161,
            0.013011593371629715
        ],
        [
            0.16010887920856476,
            0.059190697968006134,
            -0.031075742095708847
        ],
        [
            0.1597028225660324,
            0.06111269071698189,
            -0.02341829240322113
        ],
        [
            0.15647082030773163,
            0.054718658328056335,
            -0.017855335026979446
        ],
        [
            0.09156037867069244,
            0.0342133529484272,
            0.017735477536916733
        ],
        [
            0.07903754711151123,
            0.033800311386585236,
            0.016213074326515198
        ],
        [
            0.14726798236370087,
            0.07133697718381882,
            -0.02036074548959732
        ],
        [
            0.16503556072711945,
            0.09327004104852676,
            -0.03603815659880638
        ],
        [
            0.16755196452140808,
            0.09080775827169418,
            -0.03111347369849682
        ],
        [
            0.16410188376903534,
            0.07391177117824554,
            -0.03274746239185333
        ],
        [
            0.16119393706321716,
            0.07615890353918076,
            -0.03872627019882202
        ],
        [
            0.14544089138507843,
            0.0782492384314537,
            -0.027789290994405746
        ],
        [
            0.14842982590198517,
            0.0747838169336319,
            -0.02193368226289749
        ],
        [
            0.14827203750610352,
            0.07677207142114639,
            -0.022978540509939194
        ],
        [
            0.1445077657699585,
            0.08108136057853699,
            -0.026433851569890976
        ],
        [
            0.11041925102472305,
            0.08368326723575592,
            -0.024692460894584656
        ],
        [
            0.1076389029622078,
            0.0781344473361969,
            -0.02131768874824047
        ],
        [
            0.1376345157623291,
            0.06339482963085175,
            -0.0440005287528038
        ],
        [
            0.14900308847427368,
            0.05651623755693436,
            -0.044502388685941696
        ],
        [
            0.14515633881092072,
            0.045912668108940125,
            -0.03820401802659035
        ],
        [
            0.11364250630140305,
            0.06285563111305237,
            -0.013763975352048874
        ],
        [
            0.11625082790851593,
            0.07144972681999207,
            -0.019062791019678116
        ],
        [
            0.1121683269739151,
            0.0720973089337349,
            -0.01869814470410347
        ],
        [
            0.13866180181503296,
            0.07010800391435623,
            -0.019839629530906677
        ],
        [
            0.14279749989509583,
            0.07457997649908066,
            -0.023320967331528664
        ],
        [
            0.1376584768295288,
            0.07411002367734909,
            -0.02396787330508232
        ],
        [
            0.13317881524562836,
            0.06992179900407791,
            -0.019907601177692413
        ],
        [
            0.07175831496715546,
            0.044057898223400116,
            -0.013571370393037796
        ],
        [
            0.07107370346784592,
            0.04980242997407913,
            -0.0034499913454055786
        ],
        [
            0.16676050424575806,
            0.09398758411407471,
            -0.022511232644319534
        ],
        [
            0.16646051406860352,
            0.09224193543195724,
            -0.024315744638442993
        ],
        [
            0.11016692966222763,
            0.0536680705845356,
            -0.007903842255473137
        ],
        [
            0.13940852880477905,
            0.03466520085930824,
            -0.029824230819940567
        ],
        [
            0.10624881833791733,
            0.04557649418711662,
            -0.0008594878017902374
        ],
        [
            0.09763886779546738,
            0.07434062659740448,
            -0.03815288469195366
        ],
        [
            0.0962153971195221,
            0.07967843860387802,
            -0.03208114579319954
        ],
        [
            0.09924009442329407,
            0.08430838584899902,
            -0.03215884044766426
        ],
        [
            0.10056077688932419,
            0.08279131352901459,
            -0.03782475367188454
        ],
        [
            0.14722248911857605,
            0.09452842175960541,
            -0.026090484112501144
        ],
        [
            0.15053988993167877,
            0.0931246355175972,
            -0.021444028243422508
        ],
        [
            0.15098455548286438,
            0.0950675681233406,
            -0.021218977868556976
        ],
        [
            0.1482217013835907,
            0.0983060672879219,
            -0.025498002767562866
        ],
        [
            0.15310361981391907,
            0.07162117958068848,
            -0.020198717713356018
        ],
        [
            0.15821610391139984,
            0.06823987513780594,
            -0.021072998642921448
        ],
        [
            0.1588495373725891,
            0.07370173931121826,
            -0.0217444971203804
        ],
        [
            0.1531703919172287,
            0.07570193707942963,
            -0.02152932994067669
        ],
        [
            0.16179630160331726,
            0.06710436195135117,
            -0.026210574433207512
        ],
        [
            0.16296757757663727,
            0.07278476655483246,
            -0.02660987712442875
        ],
        [
            0.14756612479686737,
            0.09631139785051346,
            -0.03235670551657677
        ],
        [
            0.15316259860992432,
            0.09715929627418518,
            -0.03757292404770851
        ],
        [
            0.14801208674907684,
            0.08137009292840958,
            -0.040255915373563766
        ],
        [
            0.14444564282894135,
            0.08376871049404144,
            -0.03361336514353752
        ],
        [
            0.09230166673660278,
            0.024482406675815582,
            -0.02433871664106846
        ],
        [
            0.0821901336312294,
            0.027434170246124268,
            -0.02068384923040867
        ],
        [
            0.08577617257833481,
            0.041154030710458755,
            -0.026106707751750946
        ],
        [
            0.0885065570473671,
            0.054510850459337234,
            -0.0326017402112484
        ],
        [
            0.09228724986314774,
            0.06708703190088272,
            -0.037869274616241455
        ],
        [
            0.10262470692396164,
            0.06363849341869354,
            -0.04350727051496506
        ],
        [
            0.07853826135396957,
            0.0421333834528923,
            -0.02233991213142872
        ],
        [
            0.14137673377990723,
            0.07536732405424118,
            -0.037282731384038925
        ],
        [
            0.1446993499994278,
            0.07034263759851456,
            -0.04189329221844673
        ],
        [
            0.13973002135753632,
            0.07117848098278046,
            -0.042268287390470505
        ],
        [
            0.09967723488807678,
            0.04842767119407654,
            0.0012468472123146057
        ],
        [
            0.16686184704303741,
            0.08939650654792786,
            -0.0258330125361681
        ],
        [
            0.11317193508148193,
            -0.011200040578842163,
            -0.008609183132648468
        ],
        [
            0.10114505887031555,
            -0.008322104811668396,
            -0.014082735404372215
        ],
        [
            0.1063094213604927,
            -0.0015701502561569214,
            -0.01635071076452732
        ],
        [
            0.11993604153394699,
            -0.004316516220569611,
            -0.009363478049635887
        ],
        [
            0.15702760219573975,
            0.09105836600065231,
            -0.019327722489833832
        ],
        [
            0.16294518113136292,
            0.08919714391231537,
            -0.020823046565055847
        ],
        [
            0.10154300183057785,
            0.08072294294834137,
            -0.020759830251336098
        ],
        [
            0.10478369891643524,
            0.08501770347356796,
            -0.02433302067220211
        ],
        [
            0.10181960463523865,
            0.08624763041734695,
            -0.026449434459209442
        ],
        [
            0.09770729392766953,
            0.0846298336982727,
            -0.021938297897577286
        ],
        [
            0.07713733613491058,
            0.027936965227127075,
            -0.017538119107484818
        ],
        [
            0.07779942452907562,
            0.07798202335834503,
            -0.025335079059004784
        ],
        [
            0.08277006447315216,
            0.07344111055135727,
            -0.03419313207268715
        ],
        [
            0.0794493705034256,
            0.01539061963558197,
            -0.01614907756447792
        ],
        [
            0.08801552653312683,
            0.012460291385650635,
            -0.019842596724629402
        ],
        [
            0.08436480909585953,
            0.004008233547210693,
            -0.01654268614947796
        ],
        [
            0.11718672513961792,
            0.06775672733783722,
            -0.04526446387171745
        ],
        [
            0.10057885944843292,
            0.02440289407968521,
            -0.026981757953763008
        ],
        [
            0.09549160301685333,
            0.011907711625099182,
            -0.021453263238072395
        ],
        [
            0.0914691761136055,
            0.001780577003955841,
            -0.017581267282366753
        ],
        [
            0.08783542364835739,
            -0.005432598292827606,
            -0.015350764617323875
        ],
        [
            0.08043985068798065,
            -0.002212420105934143,
            -0.014324281364679337
        ],
        [
            0.15938962996006012,
            0.09570491313934326,
            -0.03799083083868027
        ],
        [
            0.15451520681381226,
            0.10297688841819763,
            -0.03535876050591469
        ],
        [
            0.07537850737571716,
            -0.009748309850692749,
            -0.013309096917510033
        ],
        [
            0.08408159017562866,
            -0.01288256049156189,
            -0.01387111283838749
        ],
        [
            0.1045990139245987,
            0.010714091360569,
            -0.022013872861862183
        ],
        [
            0.11597239971160889,
            0.009489662945270538,
            -0.020984627306461334
        ],
        [
            0.10916305333375931,
            0.022950872778892517,
            -0.02714487910270691
        ],
        [
            0.12072090804576874,
            0.022703826427459717,
            -0.02692575193941593
        ],
        [
            0.1251596212387085,
            0.061432406306266785,
            -0.04956253618001938
        ],
        [
            0.15584386885166168,
            0.11304967105388641,
            -0.01929166540503502
        ],
        [
            0.15179702639579773,
            0.10659871995449066,
            -0.02783147804439068
        ],
        [
            0.1500006914138794,
            0.10254254937171936,
            -0.023910650983452797
        ],
        [
            0.15291668474674225,
            0.11052942276000977,
            -0.017336957156658173
        ],
        [
            0.14914001524448395,
            0.1012493222951889,
            -0.03054492175579071
        ],
        [
            0.15654735267162323,
            0.10688123852014542,
            -0.03133091330528259
        ],
        [
            0.13467130064964294,
            0.021839406341314316,
            -0.02168210595846176
        ],
        [
            0.14109370112419128,
            0.07826836407184601,
            -0.02831488847732544
        ],
        [
            0.13174375891685486,
            0.008073493838310242,
            -0.011551136150956154
        ],
        [
            0.14981603622436523,
            0.026675529778003693,
            -0.01616481877863407
        ],
        [
            0.14831770956516266,
            0.017901204526424408,
            -0.006461396813392639
        ],
        [
            0.1301269233226776,
            -0.005000442266464233,
            0.0005131475627422333
        ],
        [
            0.14380759000778198,
            0.006117485463619232,
            0.0036618709564208984
        ],
        [
            0.11662940680980682,
            -0.018076658248901367,
            0.0013364329934120178
        ],
        [
            0.12220972031354904,
            -0.011217117309570312,
            -0.0002687200903892517
        ],
        [
            0.15502552688121796,
            0.02008087933063507,
            0.0063010770827531815
        ],
        [
            0.16140462458133698,
