{
    "pred_cam": [
        8.129929542541504,
        0.14031952619552612,
        0.03368505463004112
    ],
    "pred_mano_params": {
        "global_orient": [
            [
                [
                    -0.8583809733390808,
                    0.2533873915672302,
                    -0.4460684061050415
                ],
                [
                    0.46623313426971436,
                    0.02255098894238472,
                    -0.8843744993209839
                ],
                [
                    -0.21403004229068756,
                    -0.9671019911766052,
                    -0.13749493658542633
                ]
            ]
        ],
        "hand_pose": [
            [
                [
                    0.9803948402404785,
                    -0.19546784460544586,
                    0.024865426123142242
                ],
                [
                    0.19392701983451843,
                    0.9795308113098145,
                    0.053959619253873825
                ],
                [
                    -0.03490382432937622,
                    -0.048079654574394226,
                    0.998233437538147
                ]
            ],
            [
                [
                    0.6053348779678345,
                    -0.7667103409767151,
                    0.2138342559337616
                ],
                [
                    0.7956764101982117,
                    0.5901737809181213,
                    -0.1363595426082611
                ],
                [
                    -0.021651120856404305,
                    0.2526860535144806,
                    0.9673061370849609
                ]
            ],
            [
                [
                    0.8385679125785828,
                    -0.5359255075454712,
                    0.09791681170463562
                ],
                [
                    0.5361419320106506,
                    0.843717098236084,
                    0.02632988430559635
                ],
                [
                    -0.09672494977712631,
                    0.0304179098457098,
                    0.9948462247848511
                ]
            ],
            [
                [
                    0.8870903849601746,
                    -0.4613517224788666,
                    -0.015006723813712597
                ],
                [
                    0.46052899956703186,
                    0.8823633193969727,
                    0.09668481349945068
                ],
                [
                    -0.031364329159259796,
                    -0.09267919510602951,
                    0.9952018857002258
                ]
            ],
            [
                [
                    0.48581409454345703,
                    -0.8482720255851746,
                    -0.21075870096683502
                ],
                [
                    0.8703252673149109,
                    0.44719094038009644,
                    0.2062866985797882
                ],
                [
                    -0.08073785901069641,
                    -0.2836456000804901,
                    0.955524206161499
                ]
            ],
            [
                [
                    0.9226760268211365,
                    -0.3839891850948334,
                    -0.03494664281606674
                ],
                [
                    0.38293322920799255,
                    0.9231738448143005,
                    -0.03334972634911537
                ],
                [
                    0.04506775736808777,
                    0.017388761043548584,
                    0.9988325834274292
                ]
            ],
            [
                [
                    0.9011303782463074,
                    0.010908757336437702,
                    0.4334109425544739
                ],
                [
                    0.05988399311900139,
                    0.9869693517684937,
                    -0.14934994280338287
                ],
                [
                    -0.429392546415329,
                    0.16053815186023712,
                    0.8887348175048828
                ]
            ],
            [
                [
                    0.7133810520172119,
                    -0.693470299243927,
                    -0.10092764347791672
                ],
                [
                    0.5704247951507568,
                    0.490971177816391,
                    0.6584548950195312
                ],
                [
                    -0.40706637501716614,
                    -0.5273008942604065,
                    0.7458221912384033
                ]
            ],
            [
                [
                    0.8922516703605652,
                    -0.4445650279521942,
                    -0.07904934138059616
                ],
                [
                    0.43451252579689026,
                    0.7977280020713806,
                    0.4181254506111145
                ],
                [
                    -0.12282409518957138,
                    -0.4074210822582245,
                    0.9049432277679443
                ]
            ],
            [
                [
                    0.9683937430381775,
                    -0.24728941917419434,
                    -0.032579973340034485
                ],
                [
                    0.24243631958961487,
                    0.9638972282409668,
                    -0.11012177169322968
                ],
                [
                    0.05863569304347038,
                    0.09874267131090164,
                    0.9933840036392212
                ]
            ],
            [
                [
                    0.4893541932106018,
                    -0.8446899652481079,
                    -0.2168671190738678
                ],
                [
                    0.7832242250442505,
                    0.31632259488105774,
                    0.5352567434310913
                ],
                [
                    -0.3835260272026062,
                    -0.4317857623100281,
                    0.8163754343986511
                ]
            ],
            [
                [
                    0.8455979824066162,
                    -0.5211218595504761,
                    -0.11574172228574753
                ],
                [
                    0.5302738547325134,
                    0.8449497222900391,
                    0.06978262215852737
                ],
                [
                    0.061430688947439194,
                    -0.12038284540176392,
                    0.9908250570297241
                ]
            ],
            [
                [
                    0.891204297542572,
                    0.1220385953783989,
                    0.43687698245048523
                ],
                [
                    0.2638702392578125,
                    0.6439158320426941,
                    -0.7181538343429565
                ],
                [
                    -0.36895450949668884,
                    0.7553005814552307,
                    0.5416582226753235
                ]
            ],
            [
                [
                    0.8445914387702942,
                    -0.3519964814186096,
                    -0.4034397602081299
                ],
                [
                    0.4451666474342346,
                    0.880325198173523,
                    0.16387225687503815
                ],
                [
                    0.29747575521469116,
                    -0.3180030584335327,
                    0.9002122282981873
                ]
            ],
            [
                [
                    0.6188614368438721,
                    -0.7842414379119873,
                    -0.04445062577724457
                ],
                [
                    0.534956157207489,
                    0.462230384349823,
                    -0.7072234749794006
                ],
                [
                    0.5751804113388062,
                    0.4138941764831543,
                    0.7055913209915161
                ]
            ]
        ],
        "betas": [
            -0.06698259711265564,
            -0.19306811690330505,
            0.04726150631904602,
            -0.08818599581718445,
            0.0609264075756073,
            -0.0008640550076961517,
            0.03981107473373413,
            -0.05984586477279663,
            -0.003573119640350342,
            -0.019024431705474854
        ]
    },
    "pred_cam_t": [
        -0.14031952619552612,
        0.03368505463004112,
        4.804777145385742
    ],
    "focal_length": [
        5000.0,
        5000.0
    ],
    "pred_keypoints_3d": [
        [
            0.09602262079715729,
            0.006415042094886303,
            0.006257266737520695
        ],
        [
            0.1011844053864479,
            -0.02809332311153412,
            0.02284051850438118
        ],
        [
            0.09246079623699188,
            -0.05024189502000809,
            0.04240857809782028
        ],
        [
            0.10150367021560669,
            -0.06230446696281433,
            0.06498684734106064
        ],
        [
            0.10764516890048981,
            -0.04530707001686096,
            0.09307792037725449
        ],
        [
            0.1612529754638672,
            -0.05309852212667465,
            0.027367882430553436
        ],
        [
            0.18741437792778015,
            -0.07129287719726562,
            0.03622300177812576
        ],
        [
            0.18899275362491608,
            -0.07696594297885895,
            0.05769169703125954
        ],
        [
            0.18058662116527557,
            -0.07695332169532776,
            0.08120386302471161
        ],
        [
            0.17866753041744232,
            -0.034845512360334396,
            0.0285310298204422
        ],
        [
            0.20189127326011658,
            -0.04429561272263527,
            0.048180095851421356
        ],
        [
            0.19417831301689148,
            -0.04465041682124138,
            0.07026667892932892
        ],
        [
            0.18126481771469116,
            -0.04331396520137787,
            0.09267336875200272
        ],
        [
            0.177487313747406,
            -0.00823368038982153,
            0.0313328392803669
        ],
        [
            0.20329917967319489,
            -0.01563894748687744,
            0.04233141988515854
        ],
        [
            0.1989070326089859,
            -0.018087269738316536,
            0.06672647595405579
        ],
        [
            0.18621207773685455,
            -0.01818605698645115,
            0.08890185505151749
        ],
        [
            0.17225418984889984,
            0.012345726601779461,
            0.036677781492471695
        ],
        [
            0.1921195089817047,
            0.0059694261290133,
            0.0407581627368927
        ],
        [
            0.1956312358379364,
            0.00044486625120043755,
            0.0586705207824707
        ],
        [
            0.1889648735523224,
            -0.0030926382169127464,
            0.07663902640342712
        ]
    ],
    "pred_vertices": [
        [
            0.1261802762746811,
            -0.033905141055583954,
            0.03297075629234314
        ],
        [
            0.11732928454875946,
            -0.029912423342466354,
            0.03347655385732651
        ],
        [
            0.11511249095201492,
            -0.03903989866375923,
            0.039953865110874176
        ],
        [
            0.1251242756843567,
            -0.04353496432304382,
            0.03763449937105179
        ],
        [
            0.09680382907390594,
            -0.024048417806625366,
            0.04010215401649475
        ],
        [
            0.08554306626319885,
            -0.025437213480472565,
            0.03502774238586426
        ],
        [
            0.08544104546308517,
            -0.03699248656630516,
            0.044988393783569336
        ],
        [
            0.09433954954147339,
            -0.03337317705154419,
            0.04837266355752945
        ],
        [
            0.12325811386108398,
            -0.0513349287211895,
            0.039681874215602875
        ],
        [
            0.11309695988893509,
            -0.04533064365386963,
            0.04446861520409584
        ],
        [
            0.11906561255455017,
            -0.054759830236434937,
            0.03720685467123985
        ],
        [
            0.13250181078910828,
            -0.0593319870531559,
            0.02707281894981861
        ],
        [
            0.13378949463367462,
            -0.05513492971658707,
            0.03266478329896927
        ],
        [
            0.14249755442142487,
            -0.0605996735394001,
            0.023191966116428375
        ],
        [
            0.12887324392795563,
            -0.05723361670970917,
            0.016516471281647682
        ],
        [
            0.14608116447925568,
            -0.05697677657008171,
            0.014641985297203064
        ],
        [
            0.14148536324501038,
            -0.02974708192050457,
            0.0016400665044784546
        ],
        [
            0.14455367624759674,
            -0.016136934980750084,
            0.0018170252442359924
        ],
        [
            0.15950584411621094,
            -0.022151540964841843,
            0.006515216082334518
        ],
        [
            0.15485644340515137,
            -0.03519294783473015,
            0.006624437868595123
        ],
        [
            0.15665236115455627,
            -0.0019025560468435287,
            0.010305721312761307
        ],
        [
            0.159260556101799,
            -0.013239862397313118,
            0.008269194513559341
        ],
        [
            0.14470067620277405,
            -0.007098527625203133,
            0.002410024404525757
        ],
        [
            0.14329871535301208,
            0.002867460250854492,
            0.00466659851372242
        ],
        [
            0.12657268345355988,
            -0.016056129708886147,
            0.028765253722667694
        ],
        [
            0.11802257597446442,
            -0.011247240006923676,
            0.027683505788445473
        ],
        [
            0.11851639300584793,
            -0.018534213304519653,
            0.028306536376476288
        ],
        [
            0.12603294849395752,
            -0.022374127060174942,
            0.0293376874178648
        ],
        [
            0.10517638921737671,
            -0.059690020978450775,
            0.040165625512599945
        ],
        [
            0.10773050040006638,
            -0.058127760887145996,
            0.026179799810051918
        ],
        [
            0.11503531783819199,
            -0.057883769273757935,
            0.03019605204463005
        ],
        [
            0.10781356692314148,
            -0.056615494191646576,
            0.04358156770467758
        ],
        [
            0.09638449549674988,
            0.009852621704339981,
            0.03026679717004299
        ],
        [
            0.08660662174224854,
            0.013436075299978256,
            0.021546175703406334
        ],
        [
            0.08498876541852951,
            0.007923107594251633,
            0.020200662314891815
        ],
        [
            0.09489354491233826,
            0.005749288946390152,
            0.027971738949418068
        ],
        [
            0.08343364298343658,
            -0.012315120548009872,
            0.02256685122847557
        ],
        [
            0.07896893471479416,
            -0.0077810585498809814,
            0.015306476503610611
        ],
        [
            0.0723273977637291,
            -0.013875249773263931,
            0.004589570686221123
        ],
        [
            0.07703785598278046,
            -0.020306311547756195,
            0.009075047448277473
        ],
        [
            0.08598589152097702,
            -0.018604591488838196,
            0.0292203389108181
        ],
        [
            0.07906042039394379,
            -0.025515571236610413,
            0.018503457307815552
        ],
        [
            0.07970258593559265,
            -0.03135080635547638,
            0.02640957571566105
        ],
        [
            0.08036892116069794,
            -0.04286251962184906,
            0.0392431765794754
        ],
        [
            0.09134041517972946,
            0.02544059045612812,
            0.021319305524230003
        ],
        [
            0.09887880831956863,
            0.024593941867351532,
            0.02809266746044159
        ],
        [
            0.1767825037240982,
            -0.07306784391403198,
            0.04467123746871948
        ],
        [
            0.17936770617961884,
            -0.06819584220647812,
            0.04726877063512802
        ],
        [
            0.17761284112930298,
            -0.06710009276866913,
            0.04581528156995773
        ],
        [
            0.17564405500888824,
            -0.07209645211696625,
            0.043541453778743744
        ],
        [
            0.10639398545026779,
            0.03394199162721634,
            0.010788878425955772
        ],
        [
            0.10985115170478821,
            0.03276722505688667,
            0.0013164691627025604
        ],
        [
            0.1034332886338234,
            0.03625078499317169,
            0.0008643120527267456
        ],
        [
            0.09920070320367813,
            0.03573496639728546,
            0.009304249659180641
        ],
        [
            0.11584548652172089,
            0.03138657659292221,
            0.012883258983492851
        ],
        [
            0.11837804317474365,
            0.027432823553681374,
            0.002547573298215866
        ],
        [
            0.1856551170349121,
            -0.07979609072208405,
            0.03819951042532921
        ],
        [
            0.18089894950389862,
            -0.07978129386901855,
            0.0403616763651371
        ],
        [
            0.1802176535129547,
            -0.07820680737495422,
            0.03650549799203873
        ],
        [
            0.1846339851617813,
            -0.07698235660791397,
            0.03363234922289848
        ],
        [
            0.13453000783920288,
            -0.04754377901554108,
            0.03484451398253441
        ],
        [
            0.1347830593585968,
            -0.03758798539638519,
            0.03406791761517525
        ],
        [
            0.15350930392742157,
            -0.052491914480924606,
            0.03629365190863609
        ],
        [
            0.1464330554008484,
            -0.045168686658144,
            0.03458046168088913
        ],
        [
            0.1430264413356781,
            -0.051802583038806915,
            0.032996002584695816
        ],
        [
            0.14963701367378235,
            -0.05693681910634041,
            0.032867517322301865
        ],
        [
            0.14829479157924652,
            -0.02125648781657219,
            0.03353241831064224
        ],
        [
            0.1376674473285675,
            -0.016954103484749794,
            0.030604247003793716
        ],
        [
            0.13759881258010864,
            -0.02377365715801716,
            0.030640719458460808
        ],
        [
            0.14849671721458435,
            -0.02988705411553383,
            0.034308869391679764
        ],
        [
            0.13924841582775116,
            -0.00326630100607872,
            0.03419608622789383
        ],
        [
            0.14976701140403748,
            -0.008623136207461357,
            0.03646295145153999
        ],
        [
            0.14961612224578857,
            -0.00023726560175418854,
            0.03835383430123329
        ],
        [
            0.14175376296043396,
            0.0020564813166856766,
            0.03726200386881828
        ],
        [
            0.1671457439661026,
            -0.02059241198003292,
            0.0388183519244194
        ],
        [
            0.1741780936717987,
            -0.023975485935807228,
            0.039122749119997025
        ],
        [
            0.17655913531780243,
            -0.02090020477771759,
            0.039640072733163834
        ],
        [
            0.16785885393619537,
            -0.016995878890156746,
            0.038988519459962845
        ],
        [
            0.09722553193569183,
            0.039294008165597916,
            -0.0007370859384536743
        ],
        [
            0.09224668145179749,
            0.03660551458597183,
            0.007348312065005302
        ],
        [
            0.15418395400047302,
            0.01809537038207054,
            0.01787547767162323
        ],
        [
            0.1490914225578308,
            0.025320112705230713,
            0.024907924234867096
        ],
        [
            0.16131725907325745,
            0.02362789213657379,
            0.029258720576763153
        ],
        [
            0.1631009876728058,
            0.016421133652329445,
            0.020639479160308838
        ],
        [
            0.11175130307674408,
            0.025876127183437347,
            -0.006289225071668625
        ],
        [
            0.10627524554729462,
            0.031400617212057114,
            -0.007559619843959808
        ],
        [
            0.19100479781627655,
            -0.07643330842256546,
            0.037757523357868195
        ],
        [
            0.18976718187332153,
            -0.07337474822998047,
            0.0333392471075058
        ],
        [
            0.08222801983356476,
            -0.03660985454916954,
            0.014364507049322128
        ],
        [
            0.08204032480716705,
            -0.04902977496385574,
            0.03148730844259262
        ],
        [
            0.08129142969846725,
            -0.027601920068264008,
            0.004171308130025864
        ],
        [
            0.07956810295581818,
            -0.021076764911413193,
            -0.0022952519357204437
        ],
        [
            0.07487814873456955,
            -0.016238365322351456,
            -0.006838958710432053
        ],
        [
            0.15211787819862366,
            -0.04104328155517578,
            0.03638472408056259
        ],
        [
            0.13309302926063538,
            -0.0284015703946352,
            0.03130025789141655
        ],
        [
            0.12708330154418945,
            -0.010687345638871193,
            0.02924775704741478
        ],
        [
            0.134113147854805,
            0.017577962949872017,
            0.039993736892938614
        ],
        [
            0.12403710186481476,
            0.020916592329740524,
            0.03786740079522133
        ],
        [
            0.12491156160831451,
            0.010266825556755066,
            0.03791356831789017
        ],
        [
            0.13378235697746277,
            0.009612621739506721,
            0.03915955126285553
        ],
        [
            0.14669060707092285,
            0.026137186214327812,
            0.0342167429625988
        ],
        [
            0.1458066701889038,
            0.020639317110180855,
            0.04004191234707832
        ],
        [
            0.15560629963874817,
            0.01826748065650463,
            0.042040009051561356
        ],
        [
            0.15757188200950623,
            0.02367451786994934,
            0.037146225571632385
        ],
        [
            0.09832561761140823,
            -0.0631018653512001,
            0.03924586623907089
        ],
        [
            0.10028770565986633,
            -0.05783320963382721,
            0.023565927520394325
        ],
        [
            0.10182065516710281,
            0.03151649236679077,
            0.020083962008357048
        ],
        [
            0.0945993959903717,
            0.031211256980895996,
            0.017192089930176735
        ],
        [
            0.08775362372398376,
            0.03285565227270126,
            0.01245986856520176
        ],
        [
            0.10722798109054565,
            -0.001911558210849762,
            0.029221419245004654
        ],
        [
            0.09399537742137909,
            0.0028862319886684418,
            0.02642861194908619
        ],
        [
            0.09415159374475479,
            -0.001481626182794571,
            0.026170162484049797
        ],
        [
            0.1082552894949913,
            -0.005603533238172531,
            0.02789294347167015
        ],
        [
            0.1096474900841713,
            -0.02213137224316597,
            0.03447509557008743
        ],
        [
            0.09838308393955231,
            -0.014885053038597107,
            0.03258010745048523
        ],
        [
            0.10729433596134186,
            -0.03031351789832115,
            0.04240338131785393
        ],
        [
            0.08146869391202927,
            0.0012958161532878876,
            0.017660971730947495
        ],
        [
            0.07601077854633331,
            0.010828867554664612,
            0.015756385400891304
        ],
        [
            0.07307758182287216,
            0.0029321014881134033,
            0.012856334447860718
        ],
        [
            0.07970379292964935,
            0.019949689507484436,
            0.016275161877274513
        ],
        [
            0.08377742767333984,
            0.027885738760232925,
            0.015462672337889671
        ],
        [
            0.10099495947360992,
            0.03655095398426056,
            -0.011836864054203033
        ],
        [
            0.07169303297996521,
            -0.004473324865102768,
            0.009055694565176964
        ],
        [
            0.09375151991844177,
            -0.040329281240701675,
            0.05260247737169266
        ],
        [
            0.09453056752681732,
            -0.04555007070302963,
            0.05629437044262886
        ],
        [
            0.10191607475280762,
            -0.04582813382148743,
            0.0538288950920105
        ],
        [
            0.10180068761110306,
            -0.04215295612812042,
            0.05056435614824295
        ],
        [
            0.1527017205953598,
            -0.062482789158821106,
            0.021228022873401642
        ],
        [
            0.15027394890785217,
            -0.06150185316801071,
            0.028387265279889107
        ],
        [
            0.14039522409439087,
            -0.058265700936317444,
            0.029100336134433746
        ],
        [
            0.10716850310564041,
            0.011009547859430313,
            0.03428972139954567
        ],
        [
            0.1087932214140892,
            0.02348128706216812,
            0.03244985640048981
        ],
        [
            0.15942522883415222,
            -0.04925693944096565,
            0.03773786872625351
        ],
        [
            0.18289759755134583,
            -0.07474066317081451,
            0.029769252985715866
        ],
        [
            0.17808812856674194,
            -0.07651127874851227,
            0.03303675353527069
        ],
        [
            0.16632840037345886,
            -0.06812189519405365,
            0.024727201089262962
        ],
        [
            0.17155790328979492,
            -0.06592050194740295,
            0.02087131142616272
        ],
        [
            0.17066164314746857,
            -0.050053998827934265,
            0.035266775637865067
        ],
        [
            0.16470922529697418,
            -0.0524856299161911,
            0.03777904435992241
        ],
        [
            0.16768264770507812,
            -0.05387698858976364,
            0.037454087287187576
        ],
        [
            0.1738412082195282,
            -0.051758840680122375,
            0.03693661838769913
        ],
        [
            0.17462719976902008,
            -0.011761145666241646,
            0.03999371826648712
        ],
        [
            0.1673310399055481,
            -0.008475646376609802,
            0.04005236178636551
        ],
        [
            0.16793803870677948,
            -0.03973103314638138,
            0.01455484889447689
        ],
        [
            0.16095320880413055,
            -0.05072201043367386,
            0.009910041466355324
        ],
        [
            0.14986886084079742,
            -0.047405894845724106,
            0.007873410359025002
        ],
        [
            0.14846622943878174,
            -0.013832706958055496,
            0.03457643464207649
        ],
        [
            0.1583397090435028,
            -0.01692715287208557,
            0.03742006793618202
        ],
        [
            0.15910285711288452,
            -0.012855470180511475,
            0.03804263845086098
        ],
        [
            0.15682992339134216,
            -0.03957930952310562,
            0.036956802010536194
        ],
        [
            0.16378803551197052,
            -0.04494030773639679,
            0.03772600740194321
        ],
        [
            0.16258089244365692,
            -0.0387447290122509,
            0.03661995008587837
        ],
        [
            0.15658418834209442,
            -0.033940814435482025,
            0.036162763833999634
        ],
        [
            0.1373414695262909,
            0.02820836566388607,
            0.019560620188713074
        ],
        [
            0.13438913226127625,
            0.029556088149547577,
            0.030596192926168442
        ],
        [
            0.1775161474943161,
            -0.07729770988225937,
            0.042480744421482086
        ],
        [
            0.1766679435968399,
            -0.07628107070922852,
            0.04017820954322815
        ],
        [
            0.13804392516613007,
            -0.009764168411493301,
            0.031642600893974304
        ],
        [
            0.1370779424905777,
            -0.04166697710752487,
            0.004999445751309395
        ],
        [
            0.1275707185268402,
            -0.005223894491791725,
            0.030339578166604042
        ],
        [
            0.17404434084892273,
            0.00040890462696552277,
            0.02337918058037758
        ],
        [
            0.1750488132238388,
            0.0026047173887491226,
            0.029438715428113937
        ],
        [
            0.17971771955490112,
            -0.0012199115008115768,
            0.03164299577474594
        ],
        [
            0.18135333061218262,
            -0.0026576844975352287,
            0.02634747326374054
        ],
        [
            0.1845962256193161,
            -0.058522313833236694,
            0.042056094855070114
        ],
        [
            0.18057294189929962,
            -0.06129104271531105,
            0.04519926756620407
        ],
        [
            0.1819172203540802,
            -0.06252223253250122,
            0.046097613871097565
        ],
        [
            0.18718722462654114,
            -0.06070133298635483,
            0.043770864605903625
        ],
        [
            0.16027629375457764,
            -0.05630890280008316,
            0.03678455948829651
        ],
        [
            0.15663179755210876,
            -0.06059468537569046,
            0.03352956846356392
        ],
        [
            0.1622040867805481,
            -0.06306613981723785,
            0.035139139741659164
        ],
        [
            0.16501732170581818,
            -0.05827338993549347,
            0.03722298890352249
        ],
        [
            0.1579018384218216,
            -0.06436727195978165,
            0.02797889895737171
        ],
        [
            0.16273824870586395,
            -0.06684120744466782,
            0.029846545308828354
        ],
        [
            0.18860909342765808,
            -0.05922407656908035,
            0.0369274839758873
        ],
        [
            0.19000816345214844,
            -0.06454548239707947,
            0.03156150504946709
        ],
        [
            0.1796199381351471,
            -0.055017806589603424,
            0.024063915014266968
        ],
        [
            0.17928767204284668,
            -0.052673835307359695,
            0.031537916511297226
        ],
        [
            0.1305646449327469,
            0.007397335022687912,
            -0.0018019713461399078
        ],
        [
            0.1306254267692566,
            0.01774667203426361,
            0.002505321055650711
        ],
        [
            0.14329570531845093,
            0.013522908091545105,
            0.008989792317152023
        ],
        [
            0.15597493946552277,
            0.01001560315489769,
            0.01437971368432045
        ],
        [
            0.16752858459949493,
            0.005671359598636627,
            0.020338449627161026
        ],
        [
            0.1684940606355667,
            -0.004978278651833534,
            0.014208119362592697
        ],
        [
            0.14177396893501282,
            0.020904049277305603,
            0.012116143479943275
        ],
        [
            0.17238281667232513,
            -0.043529316782951355,
            0.02696109749376774
        ],
        [
            0.1713024526834488,
            -0.04790583252906799,
            0.019217129796743393
        ],
        [
            0.17221516370773315,
            -0.04186635836958885,
            0.02031876891851425
        ],
        [
            0.1284867525100708,
            0.0014439225196838379,
            0.03364969789981842
        ],
        [
            0.17482583224773407,
            -0.0754944309592247,
            0.0373191200196743
        ],
        [
            0.09356614947319031,
            -0.0115085169672966,
            -0.016457675024867058
        ],
        [
            0.10020256787538528,
            -0.00014296546578407288,
            -0.018456753343343735
        ],
        [
            0.10617069900035858,
            -0.005573838949203491,
            -0.014891039580106735
        ],
        [
            0.09850677102804184,
            -0.018260881304740906,
            -0.011846285313367844
        ],
        [
            0.17614232003688812,
            -0.06679247319698334,
            0.04528696462512016
        ],
        [
            0.17355051636695862,
            -0.0718364343047142,
            0.04233839362859726
        ],
        [
            0.17026671767234802,
            -0.0022113490849733353,
            0.04095285013318062
        ],
        [
            0.17586860060691833,
            -0.006010374519973993,
            0.03975272178649902
        ],
        [
            0.17845465242862701,
            -0.003506656736135483,
            0.03786318376660347
        ],
        [
            0.17508326470851898,
            0.0017473585903644562,
            0.040418725460767746
        ],
        [
            0.1290280669927597,
            0.022962596267461777,
            0.004877295345067978
        ],
        [
            0.16966494917869568,
            0.021816901862621307,
            0.03134405240416527
        ],
        [
            0.17030559480190277,
            0.016306539997458458,
            0.023760955780744553
        ],
        [
            0.11938996613025665,
            0.021038055419921875,
            -0.003302019089460373
        ],
        [
            0.11947592347860336,
            0.012233410030603409,
            -0.007690906524658203
        ],
        [
            0.11155619472265244,
            0.016270693391561508,
            -0.011712606996297836
        ],
        [
            0.17349883913993835,
            -0.019703812897205353,
            0.015676867216825485
        ],
        [
            0.1319160908460617,
            -0.001055816188454628,
            -0.003422025591135025
        ],
        [
            0.11975161731243134,
            0.004636939615011215,
            -0.008919235318899155
        ],
        [
            0.11029256880283356,
            0.009097427129745483,
            -0.01380898803472519
        ],
        [
            0.10396230965852737,
            0.013024523854255676,
            -0.017654042690992355
        ],
        [
            0.10593295842409134,
            0.020478520542383194,
            -0.014829769730567932
        ],
        [
            0.18734745681285858,
            -0.07003921270370483,
            0.029740387573838234
        ],
        [
            0.19357553124427795,
            -0.0676622986793518,
            0.03559261932969093
        ],
        [
            0.10035587847232819,
            0.02574576623737812,
            -0.01977035030722618
        ],
        [
            0.0980180948972702,
            0.01702653244137764,
            -0.02214963734149933
        ],
        [
            0.11874960362911224,
            -0.004496213048696518,
            -0.009870145469903946
        ],
        [
            0.11653018742799759,
            -0.015945468097925186,
            -0.009517837315797806
        ],
        [
            0.1305028200149536,
            -0.009647546336054802,
            -0.004264853894710541
        ],
        [
            0.1294001042842865,
            -0.021399715915322304,
            -0.0036789551377296448
        ],
        [
            0.1706566959619522,
            -0.027648668736219406,
            0.009296076372265816
        ],
        [
            0.19615621864795685,
            -0.07225288450717926,
            0.05351630598306656
        ],
        [
            0.19435492157936096,
            -0.06625913083553314,
            0.04402521252632141
        ],
        [
            0.18973103165626526,
            -0.06355822086334229,
            0.04649166017770767
        ],
        [
            0.19387754797935486,
            -0.0688081905245781,
            0.054947011172771454
        ],
        [
            0.1915307193994522,
            -0.06225167214870453,
            0.040080659091472626
        ],
        [
            0.194804385304451,
            -0.07077348232269287,
            0.04032546281814575
        ],
        [
            0.12318582832813263,
            -0.035737402737140656,
            0.0006230305880308151
        ],
        [
            0.16898080706596375,
            -0.042487796396017075,
            0.03597854822874069
        ],
        [
            0.10710035264492035,
            -0.03080330416560173,
            -0.003427494317293167
        ],
        [
            0.11718107759952545,
            -0.05219202861189842,
            0.010085681453347206
        ],
        [
            0.10428106039762497,
            -0.04732825607061386,
            0.008956760168075562
        ],
        [
            0.09007593244314194,
            -0.026279401034116745,
            -0.006483443081378937
        ],
        [
            0.0909799262881279,
            -0.03861106187105179,
            0.0041319020092487335
        ],
        [
            0.08137955516576767,
            -0.013934142887592316,
            -0.014743387699127197
        ],
        [
            0.08711951225996017,
            -0.019261378794908524,
            -0.011204501613974571
        ],
        [
            0.0894995778799057,
            -0.04983073100447655,
            0.018055571243166924
        ],
        [
