{
    "pred_cam": [
        7.9852190017700195,
        0.13916464149951935,
        0.021959569305181503
    ],
    "pred_mano_params": {
        "global_orient": [
            [
                [
                    -0.8531234264373779,
                    0.34173399209976196,
                    -0.3942060172557831
                ],
                [
                    0.38088756799697876,
                    -0.10837351530790329,
                    -0.9182482957839966
                ],
                [
                    -0.3565181493759155,
                    -0.9335271716117859,
                    -0.03770624101161957
                ]
            ]
        ],
        "hand_pose": [
            [
                [
                    0.9905696511268616,
                    -0.06714057177305222,
                    0.11943165212869644
                ],
                [
                    0.061239250004291534,
                    0.9967458248138428,
                    0.05241774395108223
                ],
                [
                    -0.12256234139204025,
                    -0.044609520584344864,
                    0.9914578199386597
                ]
            ],
            [
                [
                    0.6651946902275085,
                    -0.7209511399269104,
                    0.19428175687789917
                ],
                [
                    0.7435494065284729,
                    0.6633617281913757,
                    -0.08417519181966782
                ],
                [
                    -0.06819288432598114,
                    0.20045098662376404,
                    0.9773274660110474
                ]
            ],
            [
                [
                    0.8311552405357361,
                    -0.5408642292022705,
                    0.12902234494686127
                ],
                [
                    0.536942183971405,
                    0.8409934043884277,
                    0.0665070116519928
                ],
                [
                    -0.1444782018661499,
                    0.013999886810779572,
                    0.9894089102745056
                ]
            ],
            [
                [
                    0.9874626994132996,
                    -0.15520691871643066,
                    -0.02877732366323471
                ],
                [
                    0.1564788818359375,
                    0.9864632487297058,
                    0.04903702065348625
                ],
                [
                    0.020776886492967606,
                    -0.05292527750134468,
                    0.9983822703361511
                ]
            ],
            [
                [
                    0.349804162979126,
                    -0.9111494421958923,
                    -0.21781601011753082
                ],
                [
                    0.9260532855987549,
                    0.3011533319950104,
                    0.22744673490524292
                ],
                [
                    -0.14164192974567413,
                    -0.2812710106372833,
                    0.9491176605224609
                ]
            ],
            [
                [
                    0.8917608857154846,
                    -0.4512421488761902,
                    0.03380920737981796
                ],
                [
                    0.45189785957336426,
                    0.8919466137886047,
                    -0.01481462549418211
                ],
                [
                    -0.023471027612686157,
                    0.028489410877227783,
                    0.9993184804916382
                ]
            ],
            [
                [
                    0.9575968384742737,
                    0.03750628978013992,
                    0.2856596112251282
                ],
                [
                    0.017120076343417168,
                    0.9823309183120728,
                    -0.1863677054643631
                ],
                [
                    -0.2876022160053253,
                    0.1833556741476059,
                    0.9400348663330078
                ]
            ],
            [
                [
                    0.802921712398529,
                    -0.5946308374404907,
                    -0.041603706777095795
                ],
                [
                    0.48761123418807983,
                    0.6150622963905334,
                    0.6196238398551941
                ],
                [
                    -0.34285855293273926,
                    -0.5177958607673645,
                    0.7837955355644226
                ]
            ],
            [
                [
                    0.8822067379951477,
                    -0.4705376625061035,
                    0.017482170835137367
                ],
                [
                    0.4240230917930603,
                    0.8100445866584778,
                    0.40500882267951965
                ],
                [
                    -0.2047332227230072,
                    -0.3498886525630951,
                    0.9141456484794617
                ]
            ],
            [
                [
                    0.9657754898071289,
                    -0.24604026973247528,
                    -0.08210878819227219
                ],
                [
                    0.23757565021514893,
                    0.9661400318145752,
                    -0.10065431892871857
                ],
                [
                    0.10409360378980637,
                    0.07770242542028427,
                    0.9915275573730469
                ]
            ],
            [
                [
                    0.46812164783477783,
                    -0.8603156805038452,
                    -0.20178963243961334
                ],
                [
                    0.780248761177063,
                    0.2952191233634949,
                    0.5514141321182251
                ],
                [
                    -0.41481807827949524,
                    -0.41557496786117554,
                    0.8094586730003357
                ]
            ],
            [
                [
                    0.8817853927612305,
                    -0.46934786438941956,
                    -0.04655146226286888
                ],
                [
                    0.47130683064460754,
                    0.8806087970733643,
                    0.04897133260965347
                ],
                [
                    0.01800902932882309,
                    -0.06512223184108734,
                    0.9977148175239563
                ]
            ],
            [
                [
                    0.9446514248847961,
                    0.05486997961997986,
                    0.3234545886516571
                ],
                [
                    0.23287378251552582,
                    0.582319438457489,
                    -0.7788926959037781
                ],
                [
                    -0.23109173774719238,
                    0.811106264591217,
                    0.5373111367225647
                ]
            ],
            [
                [
                    0.9397928714752197,
                    -0.32427915930747986,
                    -0.1078539714217186
                ],
                [
                    0.34067460894584656,
                    0.864014744758606,
                    0.3707010746002197
                ],
                [
                    -0.0270231980830431,
                    -0.3851253092288971,
                    0.9224686026573181
                ]
            ],
            [
                [
                    0.7298703193664551,
                    -0.6804659366607666,
                    -0.06523344665765762
                ],
                [
                    0.5360476970672607,
                    0.6289483308792114,
                    -0.5630958080291748
                ],
                [
                    0.4241960346698761,
                    0.3760186731815338,
                    0.8238129019737244
                ]
            ]
        ],
        "betas": [
            -0.026196569204330444,
            -0.1349182426929474,
            0.049328744411468506,
            -0.07010975480079651,
            0.062165915966033936,
            0.06446700543165207,
            0.07176774740219116,
            -0.05799540877342224,
            -0.01163087785243988,
            -0.00785943865776062
        ]
    },
    "pred_cam_t": [
        -0.13916464149951935,
        0.021959569305181503,
        4.89185094833374
    ],
    "focal_length": [
        5000.0,
        5000.0
    ],
    "pred_keypoints_3d": [
        [
            0.09583698213100433,
            0.006395246833562851,
            0.006237252615392208
        ],
        [
            0.1008746325969696,
            -0.02485780045390129,
            0.028252460062503815
        ],
        [
            0.09533990919589996,
            -0.043036896735429764,
            0.05239911004900932
        ],
        [
            0.09753289818763733,
            -0.053514719009399414,
            0.07728033512830734
        ],
        [
            0.09495726227760315,
            -0.04154437780380249,
            0.10866698622703552
        ],
        [
            0.16111987829208374,
            -0.045565489679574966,
            0.041767898947000504
        ],
        [
            0.18709000945091248,
            -0.06368616223335266,
            0.051154233515262604
        ],
        [
            0.19005678594112396,
            -0.06973639875650406,
            0.07231917232275009
        ],
        [
            0.18222209811210632,
            -0.07123841345310211,
            0.0958206057548523
        ],
        [
            0.17754550278186798,
            -0.026420410722494125,
            0.04158415272831917
        ],
        [
            0.2053230106830597,
            -0.03206343576312065,
            0.05598160997033119
        ],
        [
            0.19908294081687927,
            -0.0312972366809845,
            0.07844962924718857
        ],
        [
            0.18569384515285492,
            -0.030829017981886864,
            0.10032311081886292
        ],
        [
            0.17497552931308746,
            0.00016403943300247192,
            0.0401478111743927
        ],
        [
            0.20013417303562164,
            -0.002714294008910656,
            0.054165318608284
        ],
        [
            0.19312980771064758,
            -0.002468736842274666,
            0.07798094302415848
        ],
        [
            0.17968198657035828,
            -0.002318054437637329,
            0.09954634308815002
        ],
        [
            0.16840246319770813,
            0.020956827327609062,
            0.04176633059978485
        ],
        [
            0.18881990015506744,
            0.019422288984060287,
            0.04714068025350571
        ],
        [
            0.1953066736459732,
            0.01743953302502632,
            0.064876027405262
        ],
        [
            0.1916317194700241,
            0.01386768463999033,
            0.08315480500459671
        ]
    ],
    "pred_vertices": [
        [
            0.12539079785346985,
            -0.02709885872900486,
            0.041047319769859314
        ],
        [
            0.11653271317481995,
            -0.023027218878269196,
            0.039802633225917816
        ],
        [
            0.11525219678878784,
            -0.030518438667058945,
            0.04775862395763397
        ],
        [
            0.12491613626480103,
            -0.035497188568115234,
            0.04714783653616905
        ],
        [
            0.0957355722784996,
            -0.01778814196586609,
            0.045137569308280945
        ],
        [
            0.08513940870761871,
            -0.021195586770772934,
            0.04031514376401901
        ],
        [
            0.0863446593284607,
            -0.030478723347187042,
            0.05218645930290222
        ],
        [
            0.0945533961057663,
            -0.025693491101264954,
            0.055345743894577026
        ],
        [
            0.1240028589963913,
            -0.04280270263552666,
            0.05099237337708473
        ],
        [
            0.114058718085289,
            -0.03609990328550339,
            0.05385632440447807
        ],
        [
            0.12081363797187805,
            -0.047237180173397064,
            0.050305940210819244
        ],
        [
            0.13405361771583557,
            -0.052646175026893616,
            0.04072994738817215
        ],
        [
            0.13432002067565918,
            -0.047659702599048615,
            0.045333657413721085
        ],
        [
            0.14373046159744263,
            -0.05405993387103081,
            0.0375494547188282
        ],
        [
            0.1313115507364273,
            -0.05251920968294144,
            0.029809284955263138
        ],
        [
            0.14756172895431519,
            -0.05152026563882828,
            0.02889004908502102
        ],
        [
            0.14279179275035858,
            -0.027396947145462036,
            0.01122257485985756
        ],
        [
            0.14522859454154968,
            -0.013824770227074623,
            0.009518776088953018
        ],
        [
            0.15937544405460358,
            -0.01819826290011406,
            0.01652018539607525
        ],
        [
            0.15540172159671783,
            -0.031212760135531425,
            0.0182314645498991
        ],
        [
            0.1557786613702774,
            0.0020789001137018204,
            0.016749652102589607
        ],
        [
            0.1589038372039795,
            -0.009231794625520706,
            0.0167610552161932
        ],
        [
            0.14497610926628113,
            -0.004840010777115822,
            0.00871577113866806
        ],
        [
            0.1429748684167862,
            0.005233241245150566,
            0.009281724691390991
        ],
        [
            0.12504109740257263,
            -0.010670747607946396,
            0.0343850813806057
        ],
        [
            0.11635348200798035,
            -0.006452176719903946,
            0.031671807169914246
        ],
        [
            0.11712542176246643,
            -0.013183187693357468,
            0.0331847220659256
        ],
        [
            0.12477803230285645,
            -0.016672316938638687,
            0.035770878195762634
        ],
        [
            0.10715930908918381,
            -0.05292176455259323,
            0.0534479096531868
        ],
        [
            0.11097459495067596,
            -0.052899040281772614,
            0.03870105370879173
        ],
        [
            0.11773999035358429,
            -0.05168772116303444,
            0.04346885532140732
        ],
        [
            0.10932019352912903,
            -0.0494379848241806,
            0.05707825720310211
        ],
        [
            0.09379376471042633,
            0.01335875689983368,
            0.029332930222153664
        ],
        [
            0.08476807922124863,
            0.015076130628585815,
            0.019376590847969055
        ],
        [
            0.08345674723386765,
            0.009366385638713837,
            0.018742216750979424
        ],
        [
            0.09257444739341736,
            0.008904088288545609,
            0.02751748450100422
        ],
        [
            0.08228716254234314,
            -0.010316304862499237,
            0.02434529736638069
        ],
        [
            0.07833098620176315,
            -0.007256943732500076,
            0.015934022143483162
        ],
        [
            0.07320590317249298,
            -0.015223369002342224,
            0.0059909820556640625
        ],
        [
            0.07776279747486115,
            -0.020674295723438263,
            0.012249324470758438
        ],
        [
            0.08485999703407288,
            -0.015483435243368149,
            0.03271619230508804
        ],
        [
            0.07950396090745926,
            -0.0244596004486084,
            0.02312629297375679
        ],
        [
            0.08070149272680283,
            -0.028853576630353928,
            0.03259987756609917
        ],
        [
            0.08247438818216324,
            -0.037282414734363556,
            0.0467425175011158
        ],
        [
            0.08902057260274887,
            0.02710583060979843,
            0.01772194169461727
        ],
        [
            0.09590674936771393,
            0.027666084468364716,
            0.025169964879751205
        ],
        [
            0.1773722618818283,
            -0.06575031578540802,
            0.05974574387073517
        ],
        [
            0.17994166910648346,
            -0.060884226113557816,
            0.06221010535955429
        ],
        [
            0.17824439704418182,
            -0.0596110075712204,
            0.06061895936727524
        ],
        [
            0.1762342005968094,
            -0.06464266777038574,
            0.058526359498500824
        ],
        [
            0.10459643602371216,
            0.03475545346736908,
            0.007382236421108246
        ],
        [
            0.1089487075805664,
            0.03238845616579056,
            -0.0014605224132537842
        ],
        [
            0.1024751216173172,
            0.035409197211265564,
            -0.002975884824991226
        ],
        [
            0.09751792252063751,
            0.035927947610616684,
            0.005043871700763702
        ],
        [
            0.11388227343559265,
            0.03304359316825867,
            0.010635890066623688
        ],
        [
            0.11752460151910782,
            0.027771325781941414,
            0.001283157616853714
        ],
        [
            0.1861172914505005,
            -0.07266999781131744,
            0.053258173167705536
        ],
        [
            0.18142881989479065,
            -0.07257329672574997,
            0.05549488961696625
        ],
        [
            0.18068812787532806,
            -0.07108325511217117,
            0.051645874977111816
        ],
        [
            0.18508309125900269,
            -0.07008439302444458,
            0.048737362027168274
        ],
        [
            0.134108304977417,
            -0.03999435901641846,
            0.04600194841623306
        ],
        [
            0.13374444842338562,
            -0.03047492541372776,
            0.043622780591249466
        ],
        [
            0.15319445729255676,
            -0.044367995113134384,
            0.050020039081573486
        ],
        [
            0.14551258087158203,
            -0.03744255751371384,
            0.04651759937405586
        ],
        [
            0.1426694393157959,
            -0.04429788514971733,
            0.0457691065967083
        ],
        [
            0.14963048696517944,
            -0.049279067665338516,
            0.04697474464774132
        ],
        [
            0.14636509120464325,
            -0.013994216918945312,
            0.04185169190168381
        ],
        [
            0.1358989030122757,
            -0.01076243631541729,
            0.037362053990364075
        ],
        [
            0.13612978160381317,
            -0.01743699051439762,
            0.03842233866453171
        ],
        [
            0.14686816930770874,
            -0.022372905164957047,
            0.04397733137011528
        ],
        [
            0.13655440509319305,
            0.0033438950777053833,
            0.03893307223916054
        ],
        [
            0.14701761305332184,
            -0.0010259021073579788,
            0.04292861372232437
        ],
        [
            0.1463460773229599,
            0.00750033650547266,
            0.043508656322956085
        ],
        [
            0.1385384202003479,
            0.009172969497740269,
            0.04135991632938385
        ],
        [
            0.16488930583000183,
            -0.011639708653092384,
            0.048991039395332336
        ],
        [
            0.17289195954799652,
            -0.014735649339854717,
            0.050086211413145065
        ],
        [
            0.17430731654167175,
            -0.01113902684301138,
            0.04988810047507286
        ],
        [
            0.165323406457901,
            -0.00797421857714653,
            0.04826600104570389
        ],
        [
            0.09633161872625351,
            0.0378449484705925,
            -0.005537495017051697
        ],
        [
            0.09074946492910385,
            0.03614041209220886,
            0.002404935657978058
        ],
        [
            0.1517259031534195,
            0.022723959758877754,
            0.02094939351081848
        ],
        [
            0.145782932639122,
            0.030588321387767792,
            0.026357116177678108
        ],
        [
            0.15713948011398315,
            0.030262866988778114,
            0.03191134333610535
        ],
        [
            0.16010625660419464,
            0.021985653787851334,
            0.024723919108510017
        ],
        [
            0.11182117462158203,
            0.024576574563980103,
            -0.007737759500741959
        ],
        [
            0.10627167671918869,
            0.029537862166762352,
            -0.010283142328262329
        ],
        [
            0.19141022861003876,
            -0.06938382238149643,
            0.052724506705999374
        ],
        [
            0.19022129476070404,
            -0.06655765324831009,
            0.048324521631002426
        ],
        [
            0.0842847228050232,
            -0.03603076934814453,
            0.02150082215666771
        ],
        [
            0.08493074774742126,
            -0.04451126605272293,
            0.0401575043797493
        ],
        [
            0.08278890699148178,
            -0.028902310878038406,
            0.009237900376319885
        ],
        [
            0.08127015084028244,
            -0.023321490734815598,
            0.0012144260108470917
        ],
        [
            0.07693377882242203,
            -0.019271042197942734,
            -0.004650820046663284
        ],
        [
            0.15096324682235718,
            -0.03290397673845291,
            0.04825206100940704
        ],
        [
            0.13185051083564758,
            -0.022033220157027245,
            0.0393390879034996
        ],
        [
            0.1252538412809372,
            -0.005351539701223373,
            0.03412944823503494
        ],
        [
            0.1300269067287445,
            0.024426046758890152,
            0.04103367403149605
        ],
        [
            0.12009218335151672,
            0.026846326887607574,
            0.037543799728155136
        ],
        [
            0.12140832841396332,
            0.016431082040071487,
            0.03928615152835846
        ],
        [
            0.13012225925922394,
            0.016453824937343597,
            0.041381560266017914
        ],
        [
            0.1425291895866394,
            0.0326538011431694,
            0.03520885109901428
        ],
        [
            0.141421839594841,
            0.02805955894291401,
            0.041695691645145416
        ],
        [
            0.1509835422039032,
            0.02650967426598072,
            0.04493328928947449
        ],
        [
            0.1528921127319336,
            0.03125324100255966,
            0.03944473713636398
        ],
        [
            0.1003992110490799,
            -0.05639623478055,
            0.05173247307538986
        ],
        [
            0.10374711453914642,
            -0.053291164338588715,
            0.03542868047952652
        ],
        [
            0.09930125623941422,
            0.03346250206232071,
            0.016488052904605865
        ],
        [
            0.09241227805614471,
            0.03235481306910515,
            0.013072952628135681
        ],
        [
            0.08596611022949219,
            0.03293750062584877,
            0.0076118893921375275
        ],
        [
            0.10495966672897339,
            0.002286110073328018,
            0.030841194093227386
        ],
        [
            0.09181884676218033,
            0.005816053599119186,
            0.026308253407478333
        ],
        [
            0.09202176332473755,
            0.0015348568558692932,
            0.026630116626620293
        ],
        [
            0.10610905289649963,
            -0.0013599246740341187,
            0.02997668832540512
        ],
        [
            0.10810263454914093,
            -0.01563190668821335,
            0.03884110972285271
        ],
        [
            0.09633691608905792,
            -0.010095339268445969,
            0.0355210117995739
        ],
        [
            0.10675835609436035,
            -0.022046882659196854,
            0.04834549129009247
        ],
        [
            0.08036010712385178,
            0.0022390522062778473,
            0.01693909429013729
        ],
        [
            0.07488517463207245,
            0.011075388640165329,
            0.013152867555618286
        ],
        [
            0.07254470884799957,
            0.0026988722383975983,
            0.011267654597759247
        ],
        [
            0.07813049852848053,
            0.020340463146567345,
            0.012614086270332336
        ],
        [
            0.08193495869636536,
            0.028262384235858917,
            0.01097090169787407
        ],
        [
            0.10119322687387466,
            0.03369715064764023,
            -0.01572294905781746
        ],
        [
            0.07181891053915024,
            -0.0052424222230911255,
            0.00863000750541687
        ],
        [
            0.09441221505403519,
            -0.0322621688246727,
            0.06123972684144974
        ],
        [
            0.09383238106966019,
            -0.03759551793336868,
            0.06628930568695068
        ],
        [
            0.10172775387763977,
            -0.038218557834625244,
            0.06539758294820786
        ],
        [
            0.10296966135501862,
            -0.03370128944516182,
            0.06063283234834671
        ],
        [
            0.153579980134964,
            -0.05589372292160988,
            0.03623174875974655
        ],
        [
            0.1507825255393982,
            -0.05424131080508232,
            0.043099839240312576
        ],
        [
            0.14090727269649506,
            -0.05117037892341614,
            0.04277333989739418
        ],
        [
            0.10409558564424515,
            0.015684764832258224,
            0.03408167138695717
        ],
        [
            0.1053706631064415,
            0.027758000418543816,
            0.030505459755659103
        ],
        [
            0.1591016948223114,
            -0.04091011732816696,
            0.05127933248877525
        ],
        [
            0.1831800937652588,
            -0.06782474368810654,
            0.044851019978523254
        ],
        [
            0.17845316231250763,
            -0.06932152807712555,
            0.04827741160988808
        ],
        [
            0.16664892435073853,
            -0.06121506169438362,
            0.03963019698858261
        ],
        [
            0.17183779180049896,
            -0.05932445824146271,
            0.03563818335533142
        ],
        [
            0.1709192842245102,
            -0.042243730276823044,
            0.04916882514953613
        ],
        [
            0.16481080651283264,
            -0.044455502182245255,
            0.05169878900051117
        ],
        [
            0.16801606118679047,
            -0.046224210411310196,
            0.05151242017745972
        ],
        [
            0.1742015779018402,
            -0.04435967653989792,
            0.05087605118751526
        ],
        [
            0.17158618569374084,
            -0.00218319334089756,
            0.04867125302553177
        ],
        [
            0.16425764560699463,
            0.0005502356216311455,
            0.047807157039642334
        ],
        [
            0.16774290800094604,
            -0.03385442495346069,
            0.027830546721816063
        ],
        [
            0.1614759862422943,
            -0.045356400310993195,
            0.02439149096608162
        ],
        [
            0.15121157467365265,
            -0.043017491698265076,
            0.02107344940304756
        ],
        [
            0.1461200714111328,
            -0.006512133404612541,
            0.04175617918372154
        ],
        [
            0.15583372116088867,
            -0.008612903766334057,
            0.04598425328731537
        ],
        [
            0.1563708782196045,
            -0.004465116187930107,
            0.04596433416008949
        ],
        [
            0.15564188361167908,
            -0.031188420951366425,
            0.048969484865665436
        ],
        [
            0.16330517828464508,
            -0.0364338681101799,
            0.05097655951976776
        ],
        [
            0.1615576446056366,
            -0.030196918174624443,
            0.0491129532456398
        ],
        [
            0.15500544011592865,
            -0.025681372731924057,
            0.047228969633579254
        ],
        [
            0.13464969396591187,
            0.032015182077884674,
            0.019584493711590767
        ],
        [
            0.1306338608264923,
            0.034832507371902466,
            0.030000705271959305
        ],
        [
            0.17809058725833893,
            -0.07001692801713943,
            0.05762510001659393
        ],
        [
            0.17720656096935272,
            -0.06894457340240479,
            0.055289410054683685
        ],
        [
            0.1358674317598343,
            -0.0035029351711273193,
            0.03731972724199295
        ],
        [
            0.1389319896697998,
            -0.038713786751031876,
            0.016174813732504845
        ],
        [
            0.12540079653263092,
            0.00021026097238063812,
            0.03440609946846962
        ],
        [
            0.17171479761600494,
            0.007261386141180992,
            0.030695045366883278
        ],
        [
            0.17216934263706207,
            0.010518629103899002,
            0.03634689748287201
        ],
        [
            0.1767314225435257,
            0.007432186044752598,
            0.039370618760585785
        ],
        [
            0.1788816899061203,
            0.005359132774174213,
            0.034529369324445724
        ],
        [
            0.18509426712989807,
            -0.05114777758717537,
            0.05628487467765808
        ],
        [
            0.18111392855644226,
            -0.05358004942536354,
            0.05959823355078697
        ],
        [
            0.1826094686985016,
            -0.05514480173587799,
            0.060661789029836655
        ],
        [
            0.18783268332481384,
            -0.053562432527542114,
            0.0581534244120121
        ],
        [
            0.1604045331478119,
            -0.04836590960621834,
            0.050910722464323044
        ],
        [
            0.15683969855308533,
            -0.052919697016477585,
            0.048024170100688934
        ],
        [
            0.1625216007232666,
            -0.055444132536649704,
            0.04967609420418739
        ],
        [
            0.16532735526561737,
            -0.05058251693844795,
            0.05147799476981163
        ],
        [
            0.15833449363708496,
            -0.05718504264950752,
            0.04281201958656311
        ],
        [
            0.16306172311306,
            -0.05959121882915497,
            0.04466260224580765
        ],
        [
            0.18903891742229462,
            -0.052179064601659775,
            0.05114462599158287
        ],
        [
            0.1903567910194397,
            -0.0576932393014431,
            0.04599589854478836
        ],
        [
            0.179904967546463,
            -0.048450589179992676,
            0.0382273867726326
        ],
        [
            0.17958535254001617,
            -0.04578491300344467,
            0.045544445514678955
        ],
        [
            0.1308128386735916,
            0.008050676435232162,
            0.001117125153541565
        ],
        [
            0.13005538284778595,
            0.018889956176280975,
            0.003773808479309082
        ],
        [
            0.14212746918201447,
            0.016374496743083,
            0.011912744492292404
        ],
        [
            0.15419195592403412,
            0.014384989626705647,
            0.018884889781475067
        ],
        [
            0.16514147818088531,
            0.01156547199934721,
            0.026515135541558266
        ],
        [
            0.1672399938106537,
            0.0002784775570034981,
            0.022108906880021095
        ],
        [
            0.14003098011016846,
            0.024010971188545227,
            0.013728521764278412
        ],
        [
            0.1729261726140976,
            -0.036050498485565186,
            0.03975071758031845
        ],
        [
            0.17139612138271332,
            -0.04136596620082855,
            0.03319092467427254
        ],
        [
            0.17231802642345428,
            -0.03491813316941261,
            0.03295094519853592
        ],
        [
            0.12572960555553436,
            0.007313791662454605,
            0.03671673685312271
        ],
        [
            0.1752265989780426,
            -0.06800574064254761,
            0.05253016948699951
        ],
        [
            0.09620653092861176,
            -0.014934808015823364,
            -0.01349671185016632
        ],
        [
            0.10252629220485687,
            -0.003555402159690857,
            -0.01670878380537033
        ],
        [
            0.10833422839641571,
            -0.008085792884230614,
            -0.011866465210914612
        ],
        [
            0.10093528777360916,
            -0.02077236957848072,
            -0.007442433387041092
        ],
        [
            0.1766306608915329,
            -0.058908335864543915,
            0.059990376234054565
        ],
        [
            0.17400212585926056,
            -0.06407534331083298,
            0.05736639350652695
        ],
        [
            0.16681493818759918,
            0.007081055082380772,
            0.04789654165506363
        ],
        [
            0.17249535024166107,
            0.003562093246728182,
            0.04766349121928215
        ],
        [
            0.17503567039966583,
            0.006032024975866079,
            0.04568100348114967
        ],
        [
            0.17139054834842682,
            0.01140858605504036,
            0.047055117785930634
        ],
        [
            0.12803614139556885,
            0.024288391694426537,
            0.005181211978197098
        ],
        [
            0.16486303508281708,
            0.029591400176286697,
            0.03448188304901123
        ],
        [
            0.16672839224338531,
            0.02289477549493313,
            0.028116991743445396
        ],
        [
            0.11932963877916336,
            0.020667092874646187,
            -0.003414023667573929
        ],
        [
            0.12018066644668579,
            0.01133776269853115,
            -0.006382420659065247
        ],
        [
            0.1125231608748436,
            0.014294784516096115,
            -0.011632315814495087
        ],
        [
            0.1725505143404007,
            -0.013731516897678375,
            0.026174956932663918
        ],
        [
            0.132653146982193,
            -0.00045525841414928436,
            0.0009248852729797363
        ],
        [
            0.12087489664554596,
            0.003676813095808029,
            -0.006409451365470886
        ],
        [
            0.11174764484167099,
            0.0068312883377075195,
            -0.01270153746008873
        ],
        [
            0.10564519464969635,
            0.009793901816010475,
            -0.017604567110538483
        ],
        [
            0.10703844577074051,
            0.017678096890449524,
            -0.015803225338459015
        ],
        [
            0.1877162605524063,
            -0.06322280317544937,
            0.044522933661937714
        ],
        [
            0.19402238726615906,
            -0.06084062159061432,
            0.050197895616292953
        ],
        [
            0.10172048211097717,
            0.021846426650881767,
            -0.021939504891633987
        ],
        [
            0.09996234625577927,
            0.012764863669872284,
            -0.02313750609755516
        ],
        [
            0.120327427983284,
            -0.005531782284379005,
            -0.006020843982696533
        ],
        [
            0.11854782700538635,
            -0.016980689018964767,
            -0.004069190472364426
        ],
        [
            0.13165952265262604,
            -0.009123440831899643,
            0.0013112984597682953
        ],
        [
            0.13100510835647583,
            -0.02069282718002796,
            0.003626599907875061
        ],
        [
            0.1694786548614502,
            -0.02238619513809681,
            0.02116117812693119
        ],
        [
            0.1968555897474289,
            -0.06479837000370026,
            0.06793445348739624
        ],
        [
            0.19477522373199463,
            -0.05908031389117241,
            0.05850359797477722
        ],
        [
            0.19023001194000244,
            -0.05635451525449753,
            0.06104974448680878
        ],
        [
            0.19454936683177948,
            -0.061464354395866394,
            0.06952886283397675
        ],
        [
            0.19211538136005402,
            -0.055314935743808746,
            0.05443545803427696
        ],
        [
            0.19515708088874817,
            -0.06369497627019882,
            0.05493835359811783
        ],
        [
            0.12533316016197205,
            -0.03451602905988693,
            0.009739931672811508
        ],
        [
            0.1691543161869049,
            -0.03408363088965416,
            0.049046557396650314
        ],
        [
            0.10941984504461288,
            -0.031489767134189606,
            0.00373825803399086
        ],
        [
            0.12027084082365036,
            -0.04936179146170616,
            0.021786725148558617
        ],
        [
            0.10726560652256012,
            -0.045754626393318176,
            0.018903102725744247
        ],
        [
            0.0923006534576416,
            -0.028690155595541,
            -0.0011534057557582855
        ],
        [
            0.09346461296081543,
            -0.03922944515943527,
            0.011892013251781464
        ],
        [
            0.08405084908008575,
            -0.017783287912607193,
            -0.012368634343147278
        ],
        [
            0.08954931050539017,
            -0.022371936589479446,
            -0.007424626499414444
        ],
        [
            0.09287227690219879,
            -0.04735518991947174,
            0.027756161987781525
        ],
        [
            0.18041786551475525,
