{
    "pred_cam": [
        10.024091720581055,
        -0.12899066507816315,
        -0.06483185291290283
    ],
    "pred_mano_params": {
        "global_orient": [
            [
                [
                    -0.46933647990226746,
                    0.06422659754753113,
                    0.8806805610656738
                ],
                [
                    -0.7451464533805847,
                    -0.5639463663101196,
                    -0.3559792935848236
                ],
                [
                    0.47379329800605774,
                    -0.8233100175857544,
                    0.31253883242607117
                ]
            ]
        ],
        "hand_pose": [
            [
                [
                    0.7275779247283936,
                    -0.6273072957992554,
                    -0.27769753336906433
                ],
                [
                    0.6022629141807556,
                    0.7779021263122559,
                    -0.17929761111736298
                ],
                [
                    0.32849621772766113,
                    -0.03679393604397774,
                    0.9437883496284485
                ]
            ],
            [
                [
                    0.8612532615661621,
                    -0.4882039427757263,
                    0.14106643199920654
                ],
                [
                    0.5080310106277466,
                    0.820538341999054,
                    -0.2619569003582001
                ],
                [
                    0.012137987650930882,
                    0.2972773611545563,
                    0.9547140598297119
                ]
            ],
            [
                [
                    0.6167253851890564,
                    -0.7721744775772095,
                    0.1529587209224701
                ],
                [
                    0.7381163835525513,
                    0.6347917914390564,
                    0.22852472960948944
                ],
                [
                    -0.2735579013824463,
                    -0.028035663068294525,
                    0.9614468216896057
                ]
            ],
            [
                [
                    0.6786181330680847,
                    -0.706503689289093,
                    -0.2008233368396759
                ],
                [
                    0.7096443176269531,
                    0.7011924982070923,
                    -0.06880433857440948
                ],
                [
                    0.18942631781101227,
                    -0.09582126885652542,
                    0.9772082567214966
                ]
            ],
            [
                [
                    0.7949047684669495,
                    -0.5679605603218079,
                    -0.21341784298419952
                ],
                [
                    0.6051651239395142,
                    0.767462432384491,
                    0.2116045206785202
                ],
                [
                    0.04360717162489891,
                    -0.2973584830760956,
                    0.9537694454193115
                ]
            ],
            [
                [
                    0.6275140047073364,
                    -0.7756283283233643,
                    -0.06802226603031158
                ],
                [
                    0.7785837650299072,
                    0.6257472038269043,
                    0.04741060733795166
                ],
                [
                    0.005791738163679838,
                    -0.0827118456363678,
                    0.9965567588806152
                ]
            ],
            [
                [
                    0.7286345958709717,
                    -0.6003662943840027,
                    0.32962387800216675
                ],
                [
                    0.5490936636924744,
                    0.7997147440910339,
                    0.24280133843421936
                ],
                [
                    -0.40937480330467224,
                    0.0040809111669659615,
                    0.9123571515083313
                ]
            ],
            [
                [
                    0.766431450843811,
                    -0.5882652401924133,
                    -0.25792792439460754
                ],
                [
                    0.5982533097267151,
                    0.5075841546058655,
                    0.6200413703918457
                ],
                [
                    -0.23382870852947235,
                    -0.6295254230499268,
                    0.7409601211547852
                ]
            ],
            [
                [
                    0.7340847849845886,
                    -0.6774442791938782,
                    0.04678591713309288
                ],
                [
                    0.6156015992164612,
                    0.6929864287376404,
                    0.3752393126487732
                ],
                [
                    -0.2866256833076477,
                    -0.24665594100952148,
                    0.9257465600967407
                ]
            ],
            [
                [
                    0.7139412760734558,
                    -0.7001330256462097,
                    -0.010078005492687225
                ],
                [
                    0.6932582855224609,
                    0.7088069319725037,
                    -0.13032925128936768
                ],
                [
                    0.09839117527008057,
                    0.0860607698559761,
                    0.9914195537567139
                ]
            ],
            [
                [
                    0.77674400806427,
                    -0.6149027347564697,
                    -0.13624712824821472
                ],
                [
                    0.5821267366409302,
                    0.6183532476425171,
                    0.5279844999313354
                ],
                [
                    -0.24041028320789337,
                    -0.4894219636917114,
                    0.8382534980773926
                ]
            ],
            [
                [
                    0.6791495084762573,
                    -0.7079705595970154,
                    -0.19373594224452972
                ],
                [
                    0.7330843806266785,
                    0.6410686373710632,
                    0.22719670832157135
                ],
                [
                    -0.03665055334568024,
                    -0.29632532596588135,
                    0.9543836116790771
                ]
            ],
            [
                [
                    0.8655340671539307,
                    0.0312906950712204,
                    -0.4998715817928314
                ],
                [
                    -0.4122917354106903,
                    0.6111785769462585,
                    -0.6756302118301392
                ],
                [
                    0.28436988592147827,
                    0.7908739447593689,
                    0.5418967604637146
                ]
            ],
            [
                [
                    0.8366625308990479,
                    -0.3596436083316803,
                    -0.41310083866119385
                ],
                [
                    0.5325738787651062,
                    0.710314154624939,
                    0.4602378308773041
                ],
                [
                    0.12790976464748383,
                    -0.6050704717636108,
                    0.785830020904541
                ]
            ],
            [
                [
                    0.9397110342979431,
                    0.020549042150378227,
                    -0.3413516879081726
                ],
                [
                    -0.07435566931962967,
                    0.986589252948761,
                    -0.14530286192893982
                ],
                [
                    0.33378803730010986,
                    0.16192412376403809,
                    0.9286367297172546
                ]
            ]
        ],
        "betas": [
            0.00015997886657714844,
            -0.13701069355010986,
            -0.06622052192687988,
            -0.03460165858268738,
            0.047220975160598755,
            0.009991113096475601,
            0.07068754732608795,
            -0.013467669486999512,
            -0.016382381319999695,
            -0.018483489751815796
        ]
    },
    "pred_cam_t": [
        -0.12899066507816315,
        -0.06483185291290283,
        3.8968617916107178
    ],
    "focal_length": [
        5000.0,
        5000.0
    ],
    "pred_keypoints_3d": [
        [
            0.09579551964998245,
            0.006389288231730461,
            0.00622339453548193
        ],
        [
            0.12880288064479828,
            0.023845909163355827,
            0.015577101148664951
        ],
        [
            0.1488024890422821,
            0.04666104167699814,
            0.010441342368721962
        ],
        [
            0.15436822175979614,
            0.07079685479402542,
            -0.0005950527265667915
        ],
        [
            0.15484929084777832,
            0.10119442641735077,
            -0.01877480186522007
        ],
        [
            0.15489313006401062,
            0.06767482310533524,
            -0.0248107947409153
        ],
        [
            0.15870040655136108,
            0.10047471523284912,
            -0.026335541158914566
        ],
        [
            0.1543748527765274,
            0.11844463646411896,
            -0.013963846489787102
        ],
        [
            0.1473834216594696,
            0.121100515127182,
            0.009278751909732819
        ],
        [
            0.13712020218372345,
            0.07904744148254395,
            -0.03845316544175148
        ],
        [
            0.13569499552249908,
            0.11062213778495789,
            -0.03530116751790047
        ],
        [
            0.12870483100414276,
            0.12495852261781693,
            -0.018270503729581833
        ],
        [
            0.12218783050775528,
            0.12373095005750656,
            0.006188042461872101
        ],
        [
            0.11047308892011642,
            0.07911171019077301,
            -0.037636347115039825
        ],
        [
            0.11281301081180573,
            0.10789228230714798,
            -0.03587726503610611
        ],
        [
            0.10777271538972855,
            0.1217070147395134,
            -0.015847232192754745
        ],
        [
            0.1028250977396965,
            0.1197320967912674,
            0.008942168205976486
        ],
        [
            0.08949989825487137,
            0.07872334867715836,
            -0.0317714586853981
        ],
        [
            0.0926085114479065,
            0.09963873773813248,
            -0.030892059206962585
        ],
        [
            0.09087155014276505,
            0.10863890498876572,
            -0.014244256541132927
        ],
        [
            0.09104122966527939,
            0.10429501533508301,
            0.0030899066478013992
        ]
    ],
    "pred_vertices": [
        [
            0.13109278678894043,
            0.04619563743472099,
            0.0009453855454921722
        ],
        [
            0.12445336580276489,
            0.03885364904999733,
            0.006879907101392746
        ],
        [
            0.13148710131645203,
            0.04477915167808533,
            0.006284009665250778
        ],
        [
            0.13861829042434692,
            0.049734242260456085,
            0.0017250590026378632
        ],
        [
            0.1261308640241623,
            0.04056549072265625,
            0.024630822241306305
        ],
        [
            0.13302448391914368,
            0.03402122110128403,
            0.03234522417187691
        ],
        [
            0.14345885813236237,
            0.04778448864817619,
            0.025653693825006485
        ],
        [
            0.13502609729766846,
            0.05158541351556778,
            0.02102271467447281
        ],
        [
            0.1446315199136734,
            0.0519445575773716,
            8.092448115348816e-05
        ],
        [
            0.1372375190258026,
            0.050033122301101685,
            0.00583755224943161
        ],
        [
            0.1461109220981598,
            0.049757182598114014,
            -0.002844812348484993
        ],
        [
            0.15543778240680695,
            0.04901156574487686,
            -0.011868965812027454
        ],
        [
            0.15196558833122253,
            0.053411781787872314,
            -0.0068312156945466995
        ],
        [
            0.15978199243545532,
            0.05254527926445007,
            -0.018081452697515488
        ],
        [
            0.1546083241701126,
            0.038792453706264496,
            -0.015377001836895943
        ],
        [
            0.15785811841487885,
            0.04858113080263138,
            -0.02636786736547947
        ],
        [
            0.13292540609836578,
            0.034165531396865845,
            -0.029012855142354965
        ],
        [
            0.1199471652507782,
            0.03592159226536751,
            -0.031876254826784134
        ],
        [
            0.12619800865650177,
            0.04982179403305054,
            -0.04040110483765602
        ],
        [
            0.13878336548805237,
            0.047297485172748566,
            -0.03592333942651749
        ],
        [
            0.10551688075065613,
            0.050008296966552734,
            -0.03751910850405693
        ],
        [
            0.1171850711107254,
            0.050617776811122894,
            -0.039636701345443726
        ],
        [
            0.1109701469540596,
            0.0361052043735981,
            -0.03227028623223305
        ],
        [
            0.10085760056972504,
            0.03645545616745949,
            -0.030612416565418243
        ],
        [
            0.11649932712316513,
            0.04386429488658905,
            -0.0006854459643363953
        ],
        [
            0.11066775023937225,
            0.03616371378302574,
            0.005407974123954773
        ],
        [
            0.11593510955572128,
            0.03559669852256775,
            0.005710117518901825
        ],
        [
            0.12169736623764038,
            0.04349568858742714,
            9.750202298164368e-05
        ],
        [
            0.15019182860851288,
            0.049168385565280914,
            -0.002060120925307274
        ],
        [
            0.15330567955970764,
            0.037019651383161545,
            -0.001778407022356987
        ],
        [
            0.15033629536628723,
            0.04303959012031555,
            -0.004844788461923599
        ],
        [
            0.14618901908397675,
            0.0527895949780941,
            -0.0009700562804937363
        ],
        [
            0.09025703370571136,
            0.02443922683596611,
            0.021294575184583664
        ],
        [
            0.08714376389980316,
            0.011402435600757599,
            0.022697437554597855
        ],
        [
            0.09265623241662979,
            0.009547770023345947,
            0.0237911157310009
        ],
        [
            0.09435093402862549,
            0.02161141112446785,
            0.0219959057867527
        ],
        [
            0.11519049108028412,
            0.013793885707855225,
            0.0324559360742569
        ],
        [
            0.10949915647506714,
            0.0037214159965515137,
            0.02871999330818653
        ],
        [
            0.1163163036108017,
            -0.007817409932613373,
            0.026184532791376114
        ],
        [
            0.12404075264930725,
            0.0007397681474685669,
            0.027106869965791702
        ],
        [
            0.12413191795349121,
            0.024489745497703552,
            0.03400760889053345
        ],
        [
            0.13217893242835999,
            0.013154581189155579,
            0.03198752552270889
        ],
        [
            0.14152079820632935,
            0.026189032942056656,
            0.031237997114658356
        ],
        [
            0.15104976296424866,
            0.0424979031085968,
            0.024118700996041298
        ],
        [
            0.07545986771583557,
            0.013716958463191986,
            0.01798955723643303
        ],
        [
            0.07596373558044434,
            0.02382272481918335,
            0.016733285039663315
        ],
        [
            0.15899290144443512,
            0.10019251704216003,
            -0.013693217188119888
        ],
        [
            0.15317468345165253,
            0.10125100612640381,
            -0.01466090977191925
        ],
        [
            0.15355908870697021,
            0.09689698368310928,
            -0.014643390662968159
        ],
        [
            0.1593395620584488,
            0.09675285220146179,
            -0.014052068814635277
        ],
        [
            0.0684167891740799,
            0.015259981155395508,
            -0.0008594170212745667
        ],
        [
            0.07052043825387955,
            0.010456182062625885,
            -0.009448934346437454
        ],
        [
            0.06692968308925629,
            0.005729369819164276,
            -0.005195919424295425
        ],
        [
            0.06656587868928909,
            0.009329833090305328,
            0.0034711286425590515
        ],
        [
            0.07096172124147415,
            0.023112140595912933,
            -0.0065036676824092865
        ],
        [
            0.07591494172811508,
            0.017213135957717896,
            -0.014712627977132797
        ],
        [
            0.16594544053077698,
            0.10500647872686386,
            -0.023334112018346786
        ],
        [
            0.16598708927631378,
            0.1031719222664833,
            -0.01847163587808609
        ],
        [
            0.16662178933620453,
            0.0987887978553772,
            -0.02101033180952072
        ],
        [
            0.1656842678785324,
            0.0995895192027092,
            -0.026169540360569954
        ],
        [
            0.14571841061115265,
            0.05480891466140747,
            -0.0034783147275447845
        ],
        [
            0.1368091106414795,
            0.053921885788440704,
            -0.0031553730368614197
        ],
        [
            0.15223105251789093,
            0.06737364083528519,
            -0.012495609000325203
        ],
        [
            0.1456851065158844,
            0.06238880008459091,
            -0.010105490684509277
        ],
        [
            0.1518024057149887,
            0.05918259918689728,
            -0.008987566456198692
        ],
        [
            0.15688449144363403,
            0.06345643848180771,
            -0.012108765542507172
        ],
        [
            0.12237222492694855,
            0.062071360647678375,
            -0.013549115508794785
        ],
        [
            0.11805613338947296,
            0.052849650382995605,
            -0.007755417376756668
        ],
        [
            0.12457632273435593,
            0.05300666391849518,
            -0.007299493998289108
        ],
        [
            0.13086149096488953,
            0.06317681819200516,
            -0.012557392939925194
        ],
        [
            0.10420411080121994,
            0.05580497533082962,
            -0.007601499557495117
        ],
        [
            0.10961136966943741,
            0.06442000716924667,
            -0.01371091790497303
        ],
        [
            0.10110194236040115,
            0.0651010051369667,
            -0.012976739555597305
        ],
        [
            0.09872642904520035,
            0.05936576798558235,
            -0.007881555706262589
        ],
        [
            0.12188758701086044,
            0.07723523676395416,
            -0.024022990837693214
        ],
        [
            0.12468407303094864,
            0.08137279003858566,
            -0.027751252055168152
        ],
        [
            0.12113498151302338,
            0.08418238908052444,
            -0.02754729613661766
        ],
        [
            0.11816304922103882,
            0.07771391421556473,
            -0.024127978831529617
        ],
        [
            0.06386734545230865,
            0.0002946332097053528,
            -0.0017917715013027191
        ],
        [
            0.06565458327531815,
            0.0032444745302200317,
            0.007395640015602112
        ],
        [
            0.08451405167579651,
            0.05297749489545822,
            -0.03234443441033363
        ],
        [
            0.07688920199871063,
            0.05401887744665146,
            -0.02418958768248558
        ],
        [
            0.07860451191663742,
            0.06564249098300934,
            -0.030513327568769455
        ],
        [
            0.08641016483306885,
            0.06133171543478966,
            -0.038092419505119324
        ],
        [
            0.07804722338914871,
            0.006328798830509186,
            -0.015225479379296303
        ],
        [
            0.0725446492433548,
            0.0015114471316337585,
            -0.012352732941508293
        ],
        [
            0.16209042072296143,
            0.10678105801343918,
            -0.027932407334446907
        ],
        [
            0.16132278740406036,
            0.10095095634460449,
            -0.03014824353158474
        ],
        [
            0.14506644010543823,
            0.015594951808452606,
            0.023051226511597633
        ],
        [
            0.15546074509620667,
            0.036067359149456024,
            0.01893806830048561
        ],
        [
            0.133991077542305,
            0.0016909614205360413,
            0.021193310618400574
        ],
        [
            0.12560613453388214,
            -0.007031291723251343,
            0.017602942883968353
        ],
        [
            0.11981958150863647,
            -0.014876492321491241,
            0.016830459237098694
        ],
        [
            0.14185775816440582,
            0.06673143059015274,
            -0.013178780674934387
        ],
        [
            0.12837368249893188,
            0.050455547869205475,
            -0.003582693636417389
        ],
        [
            0.11153754591941833,
            0.04461568593978882,
            -0.001061275601387024
        ],
        [
            0.08284041285514832,
            0.05577272176742554,
            -0.00163283571600914
        ],
        [
            0.0794396847486496,
            0.04765738919377327,
            0.004290144890546799
        ],
        [
            0.09005557000637054,
            0.04875306785106659,
            0.0045902319252491
        ],
        [
            0.09084207564592361,
            0.05532223358750343,
            -0.0012133270502090454
        ],
        [
            0.07515391707420349,
            0.05914723128080368,
            -0.0160050205886364
        ],
        [
            0.07999287545681,
            0.06286986172199249,
            -0.010787364095449448
        ],
        [
            0.08232644200325012,
            0.06993991136550903,
            -0.016199305653572083
        ],
        [
            0.07756216078996658,
            0.06804707646369934,
            -0.02192499302327633
        ],
        [
            0.1568472981452942,
            0.047234393656253815,
            -0.00023602508008480072
        ],
        [
            0.15636730194091797,
            0.03258594498038292,
            0.002510577440261841
        ],
        [
            0.06987355649471283,
            0.01938600093126297,
            0.008772943168878555
        ],
        [
            0.07020078599452972,
            0.012475274503231049,
            0.012395169585943222
        ],
        [
            0.06879232823848724,
            0.004338212311267853,
            0.014387577772140503
        ],
        [
            0.10156862437725067,
            0.03009965643286705,
            0.014686524868011475
        ],
        [
            0.09725017845630646,
            0.019720323383808136,
            0.02280690148472786
        ],
        [
            0.10164918005466461,
            0.01951691135764122,
            0.02445356175303459
        ],
        [
            0.10458000004291534,
            0.028752818703651428,
            0.014569506049156189
        ],
        [
            0.11808331310749054,
            0.03505701571702957,
            0.015582151710987091
        ],
        [
            0.11580242216587067,
            0.029525786638259888,
            0.027079857885837555
        ],
        [
            0.12512749433517456,
            0.04414372891187668,
            0.013316657394170761
        ],
        [
            0.09957031905651093,
            0.005765371024608612,
            0.02625865489244461
        ],
        [
            0.08993260562419891,
            0.00024247914552688599,
            0.027123767882585526
        ],
        [
            0.09799367934465408,
            -0.003319956362247467,
            0.028309930115938187
        ],
        [
            0.0809837132692337,
            0.0025774911046028137,
            0.02393946424126625
        ],
        [
            0.07333880662918091,
            0.004232026636600494,
            0.019725888967514038
        ],
        [
            0.0676531195640564,
            -0.005439095199108124,
            -0.011555539444088936
        ],
        [
            0.10570096969604492,
            -0.006411254405975342,
            0.027706602588295937
        ],
        [
            0.14202021062374115,
            0.057671625167131424,
            0.01766466721892357
        ],
        [
            0.146665558218956,
            0.06300720572471619,
            0.013878528028726578
        ],
        [
            0.1416519582271576,
            0.061564043164253235,
            0.008887380361557007
        ],
        [
            0.13792137801647186,
            0.05665783956646919,
            0.011129684746265411
        ],
        [
            0.16321194171905518,
            0.05972394719719887,
            -0.02321476861834526
        ],
        [
            0.16129808127880096,
            0.061961960047483444,
            -0.015815872699022293
        ],
        [
            0.1572980284690857,
            0.055196139961481094,
            -0.01134258508682251
        ],
        [
            0.08910156041383743,
            0.034537047147750854,
            0.015561524778604507
        ],
        [
            0.07697069644927979,
            0.033638473600149155,
            0.01217520609498024
        ],
        [
            0.14821848273277283,
            0.07136626541614532,
            -0.015736162662506104
        ],
        [
            0.16566844284534454,
            0.09490959346294403,
            -0.02859513647854328
        ],
        [
            0.1670324057340622,
            0.09385006129741669,
            -0.022844837978482246
        ],
        [
            0.1661175787448883,
            0.07548747956752777,
            -0.023591594770550728
        ],
        [
            0.16480572521686554,
            0.07688020169734955,
            -0.030281705781817436
        ],
        [
            0.14675703644752502,
            0.07753254473209381,
            -0.02392113022506237
        ],
        [
            0.14850682020187378,
            0.07457287609577179,
            -0.017600679770112038
        ],
        [
            0.1481403112411499,
            0.07647883892059326,
            -0.01898125931620598
        ],
        [
            0.14505666494369507,
            0.0800432339310646,
            -0.023642687126994133
        ],
        [
            0.11209114640951157,
            0.0827605277299881,
            -0.02649986557662487
        ],
        [
            0.10961281508207321,
            0.07733514159917831,
            -0.02320075035095215
        ],
        [
            0.1435984969139099,
            0.06248878687620163,
            -0.03956570848822594
        ],
        [
            0.15519939363002777,
            0.05592732131481171,
            -0.03825315088033676
        ],
        [
            0.14983929693698883,
            0.045111969113349915,
            -0.03247202932834625
        ],
        [
            0.11492389440536499,
            0.06253360211849213,
            -0.013571104034781456
        ],
        [
            0.11806627362966537,
            0.07096730172634125,
            -0.018889864906668663
        ],
        [
            0.11397343873977661,
            0.07156534492969513,
            -0.019218891859054565
        ],
        [
            0.1402980387210846,
            0.07009587436914444,
            -0.016247179359197617
        ],
        [
            0.14434781670570374,
            0.07423072308301926,
            -0.019581440836191177
        ],
        [
            0.1397293359041214,
            0.07397685945034027,
            -0.020506342872977257
        ],
        [
            0.13492655754089355,
            0.06987109780311584,
            -0.017014238983392715
        ],
        [
            0.07410718500614166,
            0.04228406772017479,
            -0.018636317923665047
        ],
        [
            0.07174703478813171,
            0.04849027842283249,
            -0.009142737835645676
        ],
        [
            0.16352629661560059,
            0.10115903615951538,
            -0.015016877092421055
        ],
        [
            0.16417860984802246,
            0.09743010252714157,
            -0.016458485275506973
        ],
        [
            0.11085081100463867,
            0.053483135998249054,
            -0.007869070395827293
        ],
        [
            0.14309364557266235,
            0.034015409648418427,
            -0.02445335127413273
        ],
        [
            0.106120765209198,
            0.04554422199726105,
            -0.001113802194595337
        ],
        [
            0.10296066105365753,
            0.07176120579242706,
            -0.04099450260400772
        ],
        [
            0.10001620650291443,
            0.07759666442871094,
            -0.036052294075489044
        ],
        [
            0.10285129398107529,
            0.08199582248926163,
            -0.03639429062604904
        ],
        [
            0.10548734664916992,
            0.0800730437040329,
            -0.041463300585746765
        ],
        [
            0.1462608426809311,
            0.09461572766304016,
            -0.02406422235071659
        ],
        [
            0.14821259677410126,
            0.09426744282245636,
            -0.01857788860797882
        ],
        [
            0.14843924343585968,
            0.09801861643791199,
            -0.01804700866341591
        ],
        [
            0.14676056802272797,
            0.09948175400495529,
            -0.023508582264184952
        ],
        [
            0.15284569561481476,
            0.07212500274181366,
            -0.014448643662035465
        ],
        [
            0.15847818553447723,
            0.0693441703915596,
            -0.013748231343925
        ],
        [
            0.15811848640441895,
            0.07507339864969254,
            -0.014570634812116623
        ],
        [
            0.15245749056339264,
            0.07624801248311996,
            -0.016150299459695816
        ],
        [
            0.16303403675556183,
            0.06847787648439407,
            -0.017639460042119026
        ],
        [
            0.16346412897109985,
            0.07457219809293747,
            -0.017927413806319237
        ],
        [
            0.14829160273075104,
            0.0953482985496521,
            -0.03012848272919655
        ],
        [
            0.15475308895111084,
            0.09591811150312424,
            -0.03384609892964363
        ],
        [
            0.15234270691871643,
            0.07990243285894394,
            -0.035885900259017944
        ],
        [
            0.14686685800552368,
            0.08229964226484299,
            -0.030672134831547737
        ],
        [
            0.09650125354528427,
            0.02293088287115097,
            -0.02527882531285286
        ],
        [
            0.08587278425693512,
            0.025704696774482727,
            -0.023350296542048454
        ],
        [
            0.08987310528755188,
            0.0392000712454319,
            -0.028764424845576286
        ],
        [
            0.09326799213886261,
            0.05212625861167908,
            -0.03530837222933769
        ],
        [
            0.09765277057886124,
            0.06448471546173096,
            -0.04053683951497078
        ],
        [
            0.10898254811763763,
            0.061255358159542084,
            -0.04440688341856003
        ],
        [
            0.08215930312871933,
            0.04011789709329605,
            -0.026190312579274178
        ],
        [
            0.14500659704208374,
            0.07517032325267792,
            -0.03199172392487526
        ],
        [
            0.15015409886837006,
            0.06941195577383041,
            -0.03677471727132797
        ],
        [
            0.14510942995548248,
            0.07065800577402115,
            -0.036905158311128616
        ],
        [
            0.09925920516252518,
            0.04828717187047005,
            -0.00019242241978645325
        ],
        [
            0.16512325406074524,
            0.09294798970222473,
            -0.01792573370039463
        ],
        [
            0.11576145887374878,
            -0.011184155941009521,
            -0.004809325560927391
        ],
        [
            0.10455599427223206,
            -0.009030908346176147,
            -0.012279482558369637
        ],
        [
            0.10980598628520966,
            -0.0022320374846458435,
            -0.01402037963271141
        ],
        [
            0.12243658304214478,
            -0.004085972905158997,
            -0.0047542378306388855
        ],
        [
            0.1538415253162384,
            0.09333749860525131,
            -0.014634470455348492
        ],
        [
            0.16010357439517975,
            0.09262268245220184,
            -0.014085468836128712
        ],
        [
            0.10337251424789429,
            0.07969093322753906,
            -0.02425285615026951
        ],
        [
            0.10654827207326889,
            0.08366541564464569,
            -0.027609365060925484
        ],
        [
            0.10379953682422638,
            0.08455285429954529,
            -0.0305820032954216
        ],
        [
            0.09928066283464432,
            0.08337804675102234,
            -0.02684822306036949
        ],
        [
            0.08040988445281982,
            0.02617848664522171,
            -0.02104451134800911
        ],
        [
            0.08039816468954086,
            0.07419949769973755,
            -0.03264211118221283
        ],
        [
            0.08701994270086288,
            0.06988970935344696,
            -0.03967229649424553
        ],
        [
            0.08279827237129211,
            0.013820283114910126,
            -0.01871759071946144
        ],
        [
            0.09190047532320023,
            0.01100805401802063,
            -0.020932385697960854
        ],
        [
            0.08801978826522827,
            0.0026103779673576355,
            -0.017813213169574738
        ],
        [
            0.12360100448131561,
            0.06606598198413849,
            -0.044309474527835846
        ],
        [
            0.10506677627563477,
            0.023007486015558243,
            -0.026657134294509888
        ],
        [
            0.09953641891479492,
            0.010633781552314758,
            -0.021365933120250702
        ],
        [
            0.09525327384471893,
            0.0005724206566810608,
            -0.017665930092334747
        ],
        [
            0.09151960909366608,
            -0.00664336234331131,
            -0.015659430995583534
        ],
        [
            0.08396971225738525,
            -0.003620438277721405,
            -0.015907658264040947
        ],
        [
            0.16060616075992584,
            0.09576685726642609,
            -0.03228521719574928
        ],
        [
            0.15482476353645325,
            0.10211627930402756,
            -0.03217831999063492
        ],
        [
            0.07901996374130249,
            -0.011258497834205627,
            -0.015318477526307106
        ],
        [
            0.08778892457485199,
            -0.014129012823104858,
            -0.01440703496336937
        ],
        [
            0.10863529145717621,
            0.009708710014820099,
            -0.02050165832042694
        ],
        [
            0.11974772065877914,
            0.008864372968673706,
            -0.017594797536730766
        ],
        [
            0.11359060555696487,
            0.021830491721630096,
            -0.02546309120953083
        ],
        [
            0.12493538856506348,
            0.02191980555653572,
            -0.02347322553396225
        ],
        [
            0.13237304985523224,
            0.05996297299861908,
            -0.04680800065398216
        ],
        [
            0.15074200928211212,
            0.11809836328029633,
            -0.022677157074213028
        ],
        [
            0.15023337304592133,
            0.10814378410577774,
            -0.027984648942947388
        ],
        [
            0.14759023487567902,
            0.10546978563070297,
            -0.02351984940469265
        ],
        [
            0.1475839912891388,
            0.11595967411994934,
            -0.020734844729304314
        ],
        [
            0.14881077408790588,
            0.10099654644727707,
            -0.028824778273701668
        ],
        [
            0.15560325980186462,
            0.10816852748394012,
            -0.02986077591776848
        ],
        [
            0.13766779005527496,
            0.021570708602666855,
            -0.016354208812117577
        ],
        [
            0.142782062292099,
            0.07809307426214218,
            -0.02414562739431858
        ],
        [
            0.1339772343635559,
            0.008494354784488678,
            -0.005874603986740112
        ],
        [
            0.15109463036060333,
            0.02705085650086403,
            -0.01012430153787136
        ],
        [
            0.14890040457248688,
            0.019323308020830154,
            -0.0002405792474746704
        ],
        [
            0.13147501647472382,
            -0.0034822970628738403,
            0.006690274924039841
        ],
        [
            0.14424312114715576,
            0.008768189698457718,
            0.010402761399745941
        ],
        [
            0.1179146021604538,
            -0.017382152378559113,
            0.0058960579335689545
        ],
        [
            0.1236681193113327,
            -0.010256893932819366,
            0.0049575138837099075
        ],
        [
            0.1540844589471817,
            0.02377438172698021,
            0.011526443064212799
        ],
        [
