{
    "pred_cam": [
        8.412675857543945,
        0.04400881379842758,
        -0.06913147866725922
    ],
    "pred_mano_params": {
        "global_orient": [
            [
                [
                    0.6619505882263184,
                    -0.5963488221168518,
                    -0.4540809988975525
                ],
                [
                    -0.7107732892036438,
                    -0.6917344331741333,
                    -0.12769024074077606
                ],
                [
                    -0.23795555531978607,
                    0.40727323293685913,
                    -0.8817628026008606
                ]
            ]
        ],
        "hand_pose": [
            [
                [
                    0.8943578600883484,
                    -0.4290592670440674,
                    -0.12661851942539215
                ],
                [
                    0.4170747399330139,
                    0.9020876288414001,
                    -0.11084485054016113
                ],
                [
                    0.16178001463413239,
                    0.046325571835041046,
                    0.9857389330863953
                ]
            ],
            [
                [
                    0.6865922212600708,
                    -0.7190043926239014,
                    0.10781341046094894
                ],
                [
                    0.712419331073761,
                    0.6357518434524536,
                    -0.29711663722991943
                ],
                [
                    0.14508561789989471,
                    0.2808063328266144,
                    0.9487348794937134
                ]
            ],
            [
                [
                    0.7796475887298584,
                    -0.6245858073234558,
                    0.0451909564435482
                ],
                [
                    0.6168956756591797,
                    0.7784440517425537,
                    0.11603730916976929
                ],
                [
                    -0.10765387862920761,
                    -0.0625901073217392,
                    0.9922162890434265
                ]
            ],
            [
                [
                    0.7192224264144897,
                    -0.6934000253677368,
                    -0.04376763477921486
                ],
                [
                    0.6931377053260803,
                    0.711768388748169,
                    0.113779716193676
                ],
                [
                    -0.047742437571287155,
                    -0.11216990649700165,
                    0.992541491985321
                ]
            ],
            [
                [
                    0.6080015897750854,
                    -0.7479814887046814,
                    -0.2661909759044647
                ],
                [
                    0.7913058996200562,
                    0.5981789827346802,
                    0.12655748426914215
                ],
                [
                    0.0645672008395195,
                    -0.28758567571640015,
                    0.9555759429931641
                ]
            ],
            [
                [
                    0.7168066501617432,
                    -0.6781770586967468,
                    0.16206209361553192
                ],
                [
                    0.6834723949432373,
                    0.7293906211853027,
                    0.029237668961286545
                ],
                [
                    -0.1380348652601242,
                    0.08980721980333328,
                    0.9863473773002625
                ]
            ],
            [
                [
                    0.2787242531776428,
                    -0.9183757305145264,
                    -0.28088948130607605
                ],
                [
                    0.7152172923088074,
                    0.0033062053844332695,
                    0.6988943815231323
                ],
                [
                    -0.6409189105033875,
                    -0.3956958055496216,
                    0.6577597260475159
                ]
            ],
            [
                [
                    0.8962764143943787,
                    -0.44327154755592346,
                    -0.01410682499408722
                ],
                [
                    0.4421449899673462,
                    0.8955749273300171,
                    -0.049531999975442886
                ],
                [
                    0.03458984196186066,
                    0.03815709799528122,
                    0.9986729621887207
                ]
            ],
            [
                [
                    0.9673445224761963,
                    0.2269967794418335,
                    0.1127702072262764
                ],
                [
                    -0.2534636855125427,
                    0.8679207563400269,
                    0.42716485261917114
                ],
                [
                    -0.0009105479693971574,
                    -0.44179868698120117,
                    0.8971138000488281
                ]
            ],
            [
                [
                    0.5082871913909912,
                    -0.8605652451515198,
                    0.032736070454120636
                ],
                [
                    0.8250570893287659,
                    0.4975053071975708,
                    0.2678978443145752
                ],
                [
                    -0.24682995676994324,
                    -0.10915988683700562,
                    0.9628910422325134
                ]
            ],
            [
                [
                    0.8503057956695557,
                    -0.5089176297187805,
                    -0.1341008096933365
                ],
                [
                    0.5150262713432312,
                    0.7522109150886536,
                    0.4110070765018463
                ],
                [
                    -0.10829665511846542,
                    -0.4185470640659332,
                    0.9017152190208435
                ]
            ],
            [
                [
                    0.7503373026847839,
                    -0.6203140616416931,
                    0.22848297655582428
                ],
                [
                    0.5464624166488647,
                    0.7765330672264099,
                    0.3136482238769531
                ],
                [
                    -0.37198498845100403,
                    -0.11048457771539688,
                    0.9216400384902954
                ]
            ],
            [
                [
                    0.9609816670417786,
                    -0.20419897139072418,
                    -0.1865932196378708
                ],
                [
                    -0.1356874406337738,
                    0.23984293639659882,
                    -0.9612826704978943
                ],
                [
                    0.2410459667444229,
                    0.9490934014320374,
                    0.2027774304151535
                ]
            ],
            [
                [
                    0.9480101466178894,
                    -0.31805768609046936,
                    0.010773302987217903
                ],
                [
                    0.2536070942878723,
                    0.7754915356636047,
                    0.5781835913658142
                ],
                [
                    -0.1922503560781479,
                    -0.5453917384147644,
                    0.8158355355262756
                ]
            ],
            [
                [
                    0.9929934144020081,
                    0.11571875214576721,
                    -0.02394271083176136
                ],
                [
                    -0.11804285645484924,
                    0.9619677662849426,
                    -0.246341273188591
                ],
                [
                    -0.005474190227687359,
                    0.24744153022766113,
                    0.968887448310852
                ]
            ]
        ],
        "betas": [
            -0.03699442744255066,
            0.00978901982307434,
            -0.03496748208999634,
            0.03794476389884949,
            -0.021461784839630127,
            -0.07529009133577347,
            0.04113280773162842,
            -0.06402495503425598,
            0.02551165223121643,
            -0.06874838471412659
        ]
    },
    "pred_cam_t": [
        -0.04400881379842758,
        -0.06913147866725922,
        4.6432905197143555
    ],
    "focal_length": [
        5000.0,
        5000.0
    ],
    "pred_keypoints_3d": [
        [
            0.09588244557380676,
            0.006388810928910971,
            0.006186025217175484
        ],
        [
            0.07749812304973602,
            0.03105863928794861,
            -0.017221519723534584
        ],
        [
            0.07341650873422623,
            0.06149698421359062,
            -0.02054022252559662
        ],
        [
            0.06957688182592392,
            0.08838897943496704,
            -0.020052988082170486
        ],
        [
            0.06313123553991318,
            0.12371376901865005,
            -0.02400626242160797
        ],
        [
            0.03111514449119568,
            0.07012879103422165,
            0.006834954023361206
        ],
        [
            0.01783321239054203,
            0.09985300153493881,
            0.012668990530073643
        ],
        [
            0.029691604897379875,
            0.11862790584564209,
            0.01145896315574646
        ],
        [
            0.05158504098653793,
            0.1287696808576584,
            0.005920818075537682
        ],
        [
            0.03547477722167969,
            0.07526276260614395,
            0.031166035681962967
        ],
        [
            0.03433745354413986,
            0.10697983205318451,
            0.031967904418706894
        ],
        [
            0.05213986709713936,
            0.11932054162025452,
            0.023384016007184982
        ],
        [
            0.07122083008289337,
            0.11981426179409027,
            0.006929289549589157
        ],
        [
            0.05617143213748932,
            0.07074274122714996,
            0.04765266180038452
        ],
        [
            0.05861436575651169,
            0.09855382144451141,
            0.040234070271253586
        ],
        [
            0.07499057054519653,
            0.1114688590168953,
            0.02673541009426117
        ],
        [
            0.08649200201034546,
            0.1140027642250061,
            0.004874810576438904
        ],
        [
            0.07587610185146332,
            0.06779702752828598,
            0.056704454123973846
        ],
        [
            0.08627894520759583,
            0.08285273611545563,
            0.046084076166152954
        ],
        [
            0.09847597777843475,
            0.09029596298933029,
            0.03358052670955658
        ],
        [
            0.1104794517159462,
            0.10134285688400269,
            0.01711333729326725
        ]
    ],
    "pred_vertices": [
        [
            0.06567464768886566,
            0.05127739906311035,
            -0.0025125890970230103
        ],
        [
            0.07375666499137878,
            0.04379420354962349,
            -0.004115553572773933
        ],
        [
            0.07116304337978363,
            0.05137011408805847,
            -0.006148580461740494
        ],
        [
            0.06160657852888107,
            0.0569068044424057,
            -0.006957543082535267
        ],
        [
            0.0915386974811554,
            0.04525655135512352,
            -0.011874258518218994
        ],
        [
            0.09362603724002838,
            0.041602570563554764,
            -0.023163923993706703
        ],
        [
            0.08841098845005035,
            0.05707933008670807,
            -0.022852234542369843
        ],
        [
            0.08856616914272308,
            0.058153316378593445,
            -0.012805674225091934
        ],
        [
            0.05781435966491699,
            0.061375267803668976,
            -0.009095540270209312
        ],
        [
            0.06944252550601959,
            0.058678798377513885,
            -0.007736670784652233
        ],
        [
            0.056059304624795914,
            0.061911359429359436,
            -0.00961365643888712
        ],
        [
            0.040873706340789795,
            0.05859614908695221,
            -0.009546698071062565
        ],
        [
            0.04630220681428909,
            0.061798304319381714,
            -0.008864056318998337
        ],
        [
            0.03292415291070938,
            0.05976948142051697,
            -0.006375193130224943
        ],
        [
            0.03879614546895027,
            0.04837721586227417,
            -0.009625592269003391
        ],
        [
            0.028774430975317955,
            0.053760699927806854,
            -0.0004648553440347314
        ],
        [
            0.04426604509353638,
            0.03340337052941322,
            0.014829660765826702
        ],
        [
            0.05211975425481796,
            0.031773947179317474,
            0.026187416166067123
        ],
        [
            0.04175668954849243,
            0.044588085263967514,
            0.03231724351644516
        ],
        [
            0.035577427595853806,
            0.045443661510944366,
            0.019720768555998802
        ],
        [
            0.0587775744497776,
            0.04201757535338402,
            0.04442956671118736
        ],
        [
            0.04890137165784836,
            0.044047143310308456,
            0.03811967745423317
        ],
        [
            0.05855897068977356,
            0.030319135636091232,
            0.03244837373495102
        ],
        [
            0.06710655987262726,
            0.02922724187374115,
            0.03805004432797432
        ],
        [
            0.07578378915786743,
            0.04522500932216644,
            0.007852472364902496
        ],
        [
            0.08340609073638916,
            0.038072988390922546,
            0.005049966275691986
        ],
        [
            0.07861846685409546,
            0.03866337612271309,
            0.0011226627975702286
        ],
        [
            0.0720139890909195,
            0.04621009901165962,
            0.0036425311118364334
        ],
        [
            0.05965714156627655,
            0.06599525362253189,
            -0.01732529327273369
        ],
        [
            0.053199298679828644,
            0.05192114785313606,
            -0.019767459481954575
        ],
        [
            0.05191550776362419,
            0.05682004988193512,
            -0.013991490006446838
        ],
        [
            0.06248701363801956,
            0.06836728751659393,
            -0.013058016076683998
        ],
        [
            0.11029724776744843,
            0.025844641029834747,
            0.0036758631467819214
        ],
        [
            0.11346624791622162,
            0.012824349105358124,
            0.0012366492301225662
        ],
        [
            0.1099497377872467,
            0.012156553566455841,
            -0.0035637039691209793
        ],
        [
            0.10735221207141876,
            0.023834340274333954,
            -0.0002124439924955368
        ],
        [
            0.09926764667034149,
            0.020469028502702713,
            -0.02052861452102661
        ],
        [
            0.10052239894866943,
            0.01000157743692398,
            -0.018990084528923035
        ],
        [
            0.09408621490001678,
            0.00028799474239349365,
            -0.02486445941030979
        ],
        [
            0.09008754789829254,
            0.010336272418498993,
            -0.027461376041173935
        ],
        [
            0.09630710631608963,
            0.03128622844815254,
            -0.02212873473763466
        ],
        [
            0.08967467397451401,
            0.023843370378017426,
            -0.030741259455680847
        ],
        [
            0.08788284659385681,
            0.03710589557886124,
            -0.03154809772968292
        ],
        [
            0.08339795470237732,
            0.05473035201430321,
            -0.0301266647875309
        ],
        [
            0.11896389722824097,
            0.012010402977466583,
            0.012839728966355324
        ],
        [
            0.11791830509901047,
            0.02174460142850876,
            0.016092833131551743
        ],
        [
            0.027753286063671112,
            0.10206357389688492,
            0.0032463762909173965
        ],
        [
            0.03107387013733387,
            0.10218124091625214,
            0.008440658450126648
        ],
        [
            0.0313381664454937,
            0.09893597662448883,
            0.0070569273084402084
        ],
        [
            0.027840115129947662,
            0.09926909953355789,
            0.002490631304681301
        ],
        [
            0.11160202324390411,
            0.008512891829013824,
            0.031511999666690826
        ],
        [
            0.10417947918176651,
            0.0025925487279891968,
            0.03494734689593315
        ],
        [
            0.10963915288448334,
            -0.0018143132328987122,
            0.03292623534798622
        ],
        [
            0.115819051861763,
            0.0032743215560913086,
            0.027967112138867378
        ],
        [
            0.10599783807992935,
            0.015389718115329742,
            0.036186665296554565
        ],
        [
            0.0966743528842926,
            0.009051986038684845,
            0.037163373082876205
        ],
        [
            0.015549598261713982,
            0.10485221445560455,
            0.0061486708000302315
        ],
        [
            0.019158240407705307,
            0.1044253259897232,
            0.002300778403878212
        ],
        [
            0.01753021776676178,
            0.09978426247835159,
            0.0025845137424767017
        ],
        [
            0.014252698980271816,
            0.09889742732048035,
            0.007038019597530365
        ],
        [
            0.05254235863685608,
            0.061410073190927505,
            -0.006404567509889603
        ],
        [
            0.05901964753866196,
            0.058399319648742676,
            -0.0009725233539938927
        ],
        [
            0.040968794375658035,
            0.07281553000211716,
            6.361724808812141e-05
        ],
        [
            0.04787010699510574,
            0.0665711909532547,
            0.0007702643051743507
        ],
        [
            0.044230055063962936,
            0.06517549604177475,
            -0.0049765221774578094
        ],
        [
            0.03790922835469246,
            0.06959664821624756,
            -0.0045792520977556705
        ],
        [
            0.06301101297140121,
            0.060927897691726685,
            0.01821080408990383
        ],
        [
            0.07013405859470367,
            0.05250436067581177,
            0.01439187116920948
        ],
        [
            0.06544152647256851,
            0.05403432250022888,
            0.009856882505118847
        ],
        [
            0.05730228126049042,
            0.06382368505001068,
            0.012310603633522987
        ],
        [
            0.08072292804718018,
            0.052712999284267426,
            0.023814383894205093
        ],
        [
            0.07253486663103104,
            0.06047269329428673,
            0.027039555832743645
        ],
        [
            0.07957001030445099,
            0.059410639107227325,
            0.03184398263692856
        ],
        [
            0.08473344147205353,
            0.05493754893541336,
            0.028348200023174286
        ],
        [
            0.056773778051137924,
            0.07333256304264069,
            0.03001916967332363
        ],
        [
            0.052235037088394165,
            0.07760672271251678,
            0.03171338886022568
        ],
        [
            0.05437982827425003,
            0.07738181203603745,
            0.033068519085645676
        ],
        [
            0.05938473343849182,
            0.07245303690433502,
            0.032089341431856155
        ],
        [
            0.1141543760895729,
            -0.006974145770072937,
            0.030997259542346
        ],
        [
            0.11909140646457672,
            -0.002027280628681183,
            0.024085374549031258
        ],
        [
            0.0781761109828949,
            0.042237430810928345,
            0.05500375106930733
        ],
        [
            0.08928459882736206,
            0.04264792054891586,
            0.05353182554244995
        ],
        [
            0.08457765728235245,
            0.0537494458258152,
            0.058527711778879166
        ],
        [
            0.07282101362943649,
            0.050347700715065,
            0.06006542593240738
        ],
        [
            0.09463727474212646,
            -0.0011280998587608337,
            0.03314829617738724
        ],
        [
            0.10059608519077301,
            -0.006218723952770233,
            0.033305343240499496
        ],
        [
            0.014687950722873211,
            0.10478875041007996,
            0.012555385008454323
        ],
        [
            0.013987437821924686,
            0.09884639084339142,
            0.013361720368266106
        ],
        [
            0.07674054801464081,
            0.02865353226661682,
            -0.033746927976608276
        ],
        [
            0.07466662675142288,
            0.05084122344851494,
            -0.03351733833551407
        ],
        [
            0.0793803483247757,
            0.01231260597705841,
            -0.029966184869408607
        ],
        [
            0.08146290481090546,
            0.0014187917113304138,
            -0.024815581738948822
        ],
        [
            0.08472828567028046,
            -0.007389098405838013,
            -0.022598976269364357
        ],
        [
            0.04874083027243614,
            0.06956233829259872,
            0.006765500642359257
        ],
        [
            0.06494017690420151,
            0.053229909390211105,
            0.003959999419748783
        ],
        [
            0.0794668197631836,
            0.044871844351291656,
            0.01152184046804905
        ],
        [
            0.10085924714803696,
            0.049851953983306885,
            0.033256128430366516
        ],
        [
            0.10723842680454254,
            0.042833361774683,
            0.029220150783658028
        ],
        [
            0.09957365691661835,
            0.04596107453107834,
            0.02231650985777378
        ],
        [
            0.09516878426074982,
            0.05105955898761749,
            0.02757871150970459
        ],
        [
            0.09668108820915222,
            0.048592954874038696,
            0.04959646984934807
        ],
        [
            0.09706059843301773,
            0.05366561561822891,
            0.04335062578320503
        ],
        [
            0.09248240292072296,
            0.058763496577739716,
            0.04595967382192612
        ],
        [
            0.09153427928686142,
            0.056021787226200104,
            0.053142327815294266
        ],
        [
            0.05999724939465523,
            0.06555912643671036,
            -0.024736804887652397
        ],
        [
            0.0559966117143631,
            0.04855628311634064,
            -0.025694580748677254
        ],
        [
            0.11699992418289185,
            0.01468900591135025,
            0.024726010859012604
        ],
        [
            0.11912409961223602,
            0.008745893836021423,
            0.020023314282298088
        ],
        [
            0.12143067270517349,
            0.0009488314390182495,
            0.017277991399168968
        ],
        [
            0.09640926122665405,
            0.031997062265872955,
            0.002727814018726349
        ],
        [
            0.10533338040113449,
            0.022480402141809464,
            -0.0030195023864507675
        ],
        [
            0.10252746939659119,
            0.022935036569833755,
            -0.006492963060736656
        ],
        [
            0.09302900731563568,
            0.030978478491306305,
            0.0007579009979963303
        ],
        [
            0.0842241495847702,
            0.03806484118103981,
            -0.004849914461374283
        ],
        [
            0.09466253221035004,
            0.03311725705862045,
            -0.011258583515882492
        ],
        [
            0.08267867565155029,
            0.048302385956048965,
            -0.00470964889973402
        ],
        [
            0.10613612830638885,
            0.00999758392572403,
            -0.010576503351330757
        ],
        [
            0.11413844674825668,
            0.003246307373046875,
            -0.0067296102643013
        ],
        [
            0.10880105942487717,
            0.0014784857630729675,
            -0.013664931058883667
        ],
        [
            0.11875246465206146,
            0.0033006593585014343,
            0.0019489210098981857
        ],
        [
            0.12157963961362839,
            0.0027073100209236145,
            0.01039920561015606
        ],
        [
            0.10472533106803894,
            -0.013652674853801727,
            0.034007955342531204
        ],
        [
            0.10270751267671585,
            -0.00010779500007629395,
            -0.01906377263367176
        ],
        [
            0.08490191400051117,
            0.06673914939165115,
            -0.01470109075307846
        ],
        [
            0.08183653652667999,
            0.07467760890722275,
            -0.016986606642603874
        ],
        [
            0.07726488262414932,
            0.07369109988212585,
            -0.010965285822749138
        ],
        [
            0.07942518591880798,
            0.06614537537097931,
            -0.00844858679920435
        ],
        [
            0.025958923622965813,
            0.06435678899288177,
            -0.002545795403420925
        ],
        [
            0.032129548490047455,
            0.0680321455001831,
            -0.005525989457964897
        ],
        [
            0.038959238678216934,
            0.0626000165939331,
            -0.008391529321670532
        ],
        [
            0.10750767588615417,
            0.034308210015296936,
            0.011280735954642296
        ],
        [
            0.11424418538808823,
            0.0305466428399086,
            0.021364744752645493
        ],
        [
            0.04137498140335083,
            0.07570505887269974,
            0.006166538223624229
        ],
        [
            0.013325665146112442,
            0.09390470385551453,
            0.007580447942018509
        ],
        [
            0.01652851328253746,
            0.09465886652469635,
            0.002330388408154249
        ],
        [
            0.020222321152687073,
            0.07794288545846939,
            0.0002677575685083866
        ],
        [
            0.016501836478710175,
            0.07710135728120804,
            0.0060969009064137936
        ],
        [
            0.03531822934746742,
            0.07962207496166229,
            0.014413977973163128
        ],
        [
            0.03823922201991081,
            0.07914324849843979,
            0.008184939622879028
        ],
        [
            0.03659062832593918,
            0.08073540776968002,
            0.00971802044659853
        ],
        [
            0.03494808077812195,
            0.08262890577316284,
            0.01583520695567131
        ],
        [
            0.06276676058769226,
            0.07488592714071274,
            0.03670421615242958
        ],
        [
            0.06698223948478699,
            0.0705411359667778,
            0.035870108753442764
        ],
        [
            0.029770761728286743,
            0.059690456837415695,
            0.02369525656104088
        ],
        [
            0.022469675168395042,
            0.055545903742313385,
            0.012534592300653458
        ],
        [
            0.030054356902837753,
            0.047129131853580475,
            0.008604942820966244
        ],
        [
            0.06859488785266876,
            0.059876032173633575,
            0.02310250699520111
        ],
        [
            0.06276446580886841,
            0.06740693747997284,
            0.027073055505752563
        ],
        [
            0.06567806005477905,
            0.06687493622303009,
            0.02990392968058586
        ],
        [
            0.047751519829034805,
            0.07190525531768799,
            0.010891391895711422
        ],
        [
            0.04185231775045395,
            0.07671364396810532,
            0.012099950574338436
        ],
        [
            0.045358605682849884,
            0.07428566366434097,
            0.015427272766828537
        ],
        [
            0.05128328502178192,
            0.07013168185949326,
            0.014721455052495003
        ],
        [
            0.0952458381652832,
            0.031984470784664154,
            0.04837583750486374
        ],
        [
            0.10368464142084122,
            0.039320752024650574,
            0.044401466846466064
        ],
        [
            0.02353975921869278,
            0.10315848886966705,
            0.0011995439417660236
        ],
        [
            0.022707995027303696,
            0.09961914271116257,
            0.0008088407339528203
        ],
        [
            0.07549192011356354,
            0.05170399695634842,
            0.019197596237063408
        ],
        [
            0.03988754749298096,
            0.03736347332596779,
            0.004158664029091597
        ],
        [
            0.0835781916975975,
            0.04477398470044136,
            0.015226518735289574
        ],
        [
            0.060766685754060745,
            0.0629207044839859,
            0.0526970811188221
        ],
        [
            0.06760888546705246,
            0.06870455294847488,
            0.04971719905734062
        ],
        [
            0.06595132499933243,
            0.07325944304466248,
            0.048697441816329956
        ],
        [
            0.060522254556417465,
            0.07160139828920364,
            0.05153433606028557
        ],
        [
            0.03047078289091587,
            0.09516153484582901,
            0.018429754301905632
        ],
        [
            0.032719507813453674,
            0.0966220423579216,
            0.013155752792954445
        ],
        [
            0.03239467740058899,
            0.09871458262205124,
            0.013272687792778015
        ],
        [
            0.02971809171140194,
            0.09850350767374039,
            0.0186835378408432
        ],
        [
            0.037352271378040314,
            0.07777071744203568,
            0.002479122020304203
        ],
        [
            0.03408633545041084,
            0.07531281560659409,
            -0.0025875777937471867
        ],
        [
            0.0321715772151947,
            0.08059178292751312,
            -0.00047085434198379517
        ],
        [
            0.035146184265613556,
            0.08129087835550308,
            0.004745286889374256
        ],
        [
            0.027893466874957085,
            0.07354921847581863,
            -0.003272227244451642
        ],
        [
            0.02610047161579132,
            0.07894826680421829,
            -0.00203304854221642
        ],
        [
            0.02482803724706173,
            0.093950554728508,
            0.021410683169960976
        ],
        [
            0.017471082508563995,
            0.0935036689043045,
            0.019427698105573654
        ],
        [
            0.02155640348792076,
            0.07845602184534073,
            0.01924739219248295
        ],
        [
            0.028386058285832405,
            0.08230993151664734,
            0.01991589181125164
        ],
        [
            0.07407591491937637,
            0.016303136944770813,
            0.03317536041140556
        ],
        [
            0.08329173922538757,
            0.01741345226764679,
            0.03941631317138672
        ],
        [
            0.07643568515777588,
            0.030238613486289978,
            0.04471813514828682
        ],
        [
            0.06935550272464752,
            0.04266702011227608,
            0.051171816885471344
        ],
        [
            0.0629761591553688,
            0.054861266165971756,
            0.05542777478694916
        ],
        [
            0.0518953837454319,
            0.05243595317006111,
            0.05057404562830925
        ],
        [
            0.08405955135822296,
            0.03018217533826828,
            0.04805059731006622
        ],
        [
            0.03319654241204262,
            0.07308544963598251,
            0.020664649084210396
        ],
        [
            0.025623124092817307,
            0.0677603930234909,
            0.019066091626882553
        ],
        [
            0.03029274009168148,
            0.06769534200429916,
            0.023248817771673203
        ],
        [
            0.08941330015659332,
            0.04628888517618179,
            0.019702907651662827
        ],
        [
            0.021402811631560326,
            0.09531332552433014,
            0.00016319169662892818
        ],
        [
            0.07299330830574036,
            -0.008809112012386322,
            -0.0035751964896917343
        ],
        [
            0.07655344903469086,
            -0.010464869439601898,
            0.009746653027832508
        ],
        [
            0.07150724530220032,
            -0.003237411379814148,
            0.009363980032503605
        ],
        [
            0.06806740164756775,
            -0.0003956109285354614,
            -0.006292551755905151
        ],
        [
            0.03146916255354881,
            0.09706305712461472,
            0.006182107143104076
        ],
        [
            0.02756519243121147,
            0.09622988104820251,
            0.0011175988474860787
        ],
        [
            0.07205953449010849,
            0.07168073952198029,
            0.03942140191793442
        ],
        [
            0.06753520667552948,
            0.07564659416675568,
            0.04020096734166145
        ],
        [
            0.06868773698806763,
            0.07596889138221741,
            0.04324987158179283
        ],
        [
            0.07478306442499161,
            0.07380908727645874,
            0.04264669865369797
        ],
        [
            0.08900293707847595,
            0.01732265204191208,
            0.04144376143813133
        ],
        [
            0.08569534122943878,
            0.06262269616127014,
            0.057797450572252274
        ],
        [
            0.07375768572092056,
            0.06002771854400635,
            0.059971828013658524
        ],
        [
            0.08878137171268463,
            0.006305217742919922,
            0.03466623276472092
        ],
        [
            0.08049070090055466,
            0.004831433296203613,
            0.029627002775669098
        ],
        [
            0.08541837334632874,
            -0.0033847689628601074,
            0.027602437883615494
        ],
        [
            0.041603390127420425,
            0.05912170186638832,
            0.04147429019212723
        ],
        [
            0.06680949777364731,
            0.017687968909740448,
            0.028555097058415413
        ],
        [
            0.07450307905673981,
            0.005787268280982971,
            0.024870621040463448
        ],
        [
            0.08011168241500854,
            -0.003985963761806488,
            0.02224518358707428
        ],
        [
            0.08411982655525208,
            -0.011242233216762543,
            0.02130711078643799
        ],
        [
            0.08961460739374161,
            -0.009759888052940369,
            0.02717776596546173
        ],
        [
            0.014217373915016651,
            0.09365922957658768,
            0.013957072049379349
        ],
        [
            0.01736316829919815,
            0.09925566613674164,
            0.01969878375530243
        ],
        [
            0.09362810105085373,
            -0.017874523997306824,
            0.02787003666162491
        ],
        [
            0.08763942122459412,
            -0.01884433627128601,
            0.020808983594179153
        ],
        [
            0.06824395060539246,
            0.0067284926772117615,
            0.018092844635248184
        ],
        [
            0.061604149639606476,
            0.00890880823135376,
            0.008320942521095276
        ],
        [
            0.061202142387628555,
            0.018337737768888474,
            0.021775685250759125
        ],
        [
            0.0539332740008831,
            0.02112242951989174,
            0.012829852290451527
        ],
        [
            0.03330911695957184,
            0.05418327450752258,
            0.03588111698627472
        ],
        [
            0.02573883719742298,
            0.11610101163387299,
            0.019818603992462158
        ],
        [
            0.0232614204287529,
            0.10529780387878418,
            0.021435953676700592
        ],
        [
            0.028535088524222374,
            0.10344703495502472,
            0.019567258656024933
        ],
        [
            0.02950100600719452,
            0.11399641633033752,
            0.020221788436174393
        ],
        [
            0.02445918507874012,
            0.09866733103990555,
            0.02131546661257744
        ],
        [
            0.01807761937379837,
            0.10534051805734634,
            0.019019179046154022
        ],
        [
            0.049162607640028,
            0.026079855859279633,
            -0.0015644198283553123
        ],
        [
            0.04026350378990173,
            0.07771600782871246,
            0.017198702320456505
        ],
        [
            0.0589076429605484,
            0.015053149312734604,
            -0.010382354259490967
        ],
        [
            0.045127976685762405,
            0.03779517859220505,
            -0.014212586916983128
        ],
        [
            0.054446883499622345,
            0.03155581280589104,
            -0.021620042622089386
        ],
        [
            0.06991131603717804,
            0.004763081669807434,
            -0.020621178671717644
        ],
        [
            0.06556127220392227,
            0.021220196038484573,
            -0.028469422832131386
        ],
        [
            0.07862049341201782,
            -0.012200817465782166,
            -0.014393715187907219
        ],
        [
            0.07389600574970245,
            -0.0042066797614097595,
            -0.01571113057434559
        ],
        [
            0.06442750245332718,
            0.039540186524391174,
            -0.03179558739066124
        ],
        [
