{
    "pred_cam": [
        18.687557220458984,
        -0.1226937398314476,
        -0.04476106911897659
    ],
    "pred_mano_params": {
        "global_orient": [
            [
                [
                    -0.5192535519599915,
                    0.024502383545041084,
                    0.8542688488960266
                ],
                [
                    -0.6945413947105408,
                    -0.5945552587509155,
                    -0.4051125943660736
                ],
                [
                    0.49798381328582764,
                    -0.8036813139915466,
                    0.32574284076690674
                ]
            ]
        ],
        "hand_pose": [
            [
                [
                    0.33240100741386414,
                    -0.8777989745140076,
                    -0.3449326455593109
                ],
                [
                    0.9295973181724548,
                    0.36668211221694946,
                    -0.03732369840145111
                ],
                [
                    0.1592433601617813,
                    -0.3082420229911804,
                    0.937885046005249
                ]
            ],
            [
                [
                    0.6822218298912048,
                    -0.7009447813034058,
                    0.20796583592891693
                ],
                [
                    0.7287445664405823,
                    0.6288634538650513,
                    -0.2710389196872711
                ],
                [
                    0.0592011995613575,
                    0.3364626169204712,
                    0.9398341178894043
                ]
            ],
            [
                [
                    0.9829119443893433,
                    -0.11630010604858398,
                    0.1426832377910614
                ],
                [
                    0.10925300419330597,
                    0.9924185872077942,
                    0.05629513040184975
                ],
                [
                    -0.14814862608909607,
                    -0.03974458575248718,
                    0.9881662130355835
                ]
            ],
            [
                [
                    0.1557738184928894,
                    -0.9054549932479858,
                    -0.39482381939888
                ],
                [
                    0.9862166047096252,
                    0.11999057978391647,
                    0.11392585933208466
                ],
                [
                    -0.0557795912027359,
                    -0.4071284532546997,
                    0.9116661548614502
                ]
            ],
            [
                [
                    0.6608932614326477,
                    -0.6913502216339111,
                    -0.2919847071170807
                ],
                [
                    0.7466329336166382,
                    0.6450444459915161,
                    0.16265594959259033
                ],
                [
                    0.07589089125394821,
                    -0.3255035877227783,
                    0.9424903988838196
                ]
            ],
            [
                [
                    0.9948812127113342,
                    -0.09819888323545456,
                    0.023839402943849564
                ],
                [
                    0.09866917878389359,
                    0.9949306845664978,
                    -0.01942365989089012
                ],
                [
                    -0.021811174228787422,
                    0.021676450967788696,
                    0.9995270371437073
                ]
            ],
            [
                [
                    0.4662557542324066,
                    -0.8765268325805664,
                    0.11960843950510025
                ],
                [
                    0.755122184753418,
                    0.4647691547870636,
                    0.462363600730896
                ],
                [
                    -0.46086445450782776,
                    -0.12526071071624756,
                    0.8785861134529114
                ]
            ],
            [
                [
                    0.7498815059661865,
                    -0.6564726233482361,
                    -0.08198443800210953
                ],
                [
                    0.5976249575614929,
                    0.6190229654312134,
                    0.5095635652542114
                ],
                [
                    -0.2837642729282379,
                    -0.4311082363128662,
                    0.8565182685852051
                ]
            ],
            [
                [
                    0.954643189907074,
                    -0.2904868721961975,
                    -0.06537378579378128
                ],
                [
                    0.29706084728240967,
                    0.914234459400177,
                    0.2755545675754547
                ],
                [
                    -0.020278021693229675,
                    -0.2824763059616089,
                    0.9590599536895752
                ]
            ],
            [
                [
                    0.3548743426799774,
                    -0.9345033764839172,
                    0.027705403044819832
                ],
                [
                    0.922619640827179,
                    0.3548439145088196,
                    0.15119130909442902
                ],
                [
                    -0.1511198878288269,
                    -0.028092369437217712,
                    0.9881161451339722
                ]
            ],
            [
                [
                    0.6920280456542969,
                    -0.6649343371391296,
                    -0.28099730610847473
                ],
                [
                    0.6948565244674683,
                    0.5080986618995667,
                    0.5089303255081177
                ],
                [
                    -0.19563084840774536,
                    -0.5474469661712646,
                    0.8136524558067322
                ]
            ],
            [
                [
                    0.9225127100944519,
                    -0.38117268681526184,
                    -0.060643699020147324
                ],
                [
                    0.3824496567249298,
                    0.923915445804596,
                    0.010608769953250885
                ],
                [
                    0.05198587477207184,
                    -0.03297988697886467,
                    0.9981030821800232
                ]
            ],
            [
                [
                    0.9899914264678955,
                    0.10229625552892685,
                    -0.09722418338060379
                ],
                [
                    -0.13919378817081451,
                    0.5940994024276733,
                    -0.7922569513320923
                ],
                [
                    -0.023284072056412697,
                    0.7978605628013611,
                    0.602392315864563
                ]
            ],
            [
                [
                    0.8169103264808655,
                    -0.27217012643814087,
                    -0.5085083842277527
                ],
                [
                    0.4985829293727875,
                    0.7764671444892883,
                    0.38537493348121643
                ],
                [
                    0.28995248675346375,
                    -0.5683504343032837,
                    0.7700033783912659
                ]
            ],
            [
                [
                    0.8812226057052612,
                    -0.472689688205719,
                    -0.003327293088659644
                ],
                [
                    0.3618795573711395,
                    0.6791374683380127,
                    -0.6386042833328247
                ],
                [
                    0.30412137508392334,
                    0.5615485310554504,
                    0.7695280313491821
                ]
            ]
        ],
        "betas": [
            0.009737089276313782,
            0.036754876375198364,
            0.17869612574577332,
            -0.03882685303688049,
            0.060735851526260376,
            0.019797738641500473,
            0.1188235729932785,
            -0.19267109036445618,
            -0.025922998785972595,
            -0.044685930013656616
        ]
    },
    "pred_cam_t": [
        -0.1226937398314476,
        -0.04476106911897659,
        2.090294599533081
    ],
    "focal_length": [
        5000.0,
        5000.0
    ],
    "pred_keypoints_3d": [
        [
            0.09558232128620148,
            0.006364679895341396,
            0.006179410964250565
        ],
        [
            0.12980014085769653,
            0.021800588816404343,
            0.015145659446716309
        ],
        [
            0.15375658869743347,
            0.03970618546009064,
            0.021844681352376938
        ],
        [
            0.1646232157945633,
            0.06350667774677277,
            0.015164043754339218
        ],
        [
            0.1632729023694992,
            0.09704198688268661,
            0.02202569507062435
        ],
        [
            0.15895216166973114,
            0.06224135309457779,
            -0.02667977288365364
        ],
        [
            0.162404403090477,
            0.09168907254934311,
            -0.01236510369926691
        ],
        [
            0.15738224983215332,
            0.09518460929393768,
            0.008859488181769848
        ],
        [
            0.1544848084449768,
            0.09733359515666962,
            0.03340822458267212
        ],
        [
            0.14187902212142944,
            0.07433295249938965,
            -0.04092622175812721
        ],
        [
            0.1398496776819229,
            0.09754661470651627,
            -0.019493358209729195
        ],
        [
            0.13389277458190918,
            0.09375688433647156,
            0.0025993529707193375
        ],
        [
            0.12773557007312775,
            0.09234665334224701,
            0.02777235582470894
        ],
        [
            0.1151178702712059,
            0.07634764909744263,
            -0.04013825207948685
        ],
        [
            0.12015997618436813,
            0.1006169244647026,
            -0.025536127388477325
        ],
        [
            0.11346317082643509,
            0.1010395959019661,
            -0.001788334921002388
        ],
        [
            0.10588886588811874,
            0.09729576855897903,
            0.022232983261346817
        ],
        [
            0.09406295418739319,
            0.07766396552324295,
            -0.0341457724571228
        ],
        [
            0.09587666392326355,
            0.09649547934532166,
            -0.02495580166578293
        ],
        [
            0.09418288618326187,
            0.09977349638938904,
            -0.006481979042291641
        ],
        [
            0.09124691784381866,
            0.09736404567956924,
            0.012727562338113785
        ]
    ],
    "pred_vertices": [
        [
            0.13537228107452393,
            0.04474092274904251,
            0.0004089847207069397
        ],
        [
            0.12946857511997223,
            0.03906569629907608,
            0.006487440317869186
        ],
        [
            0.1383194774389267,
            0.04430317133665085,
            0.008808979764580727
        ],
        [
            0.14430445432662964,
            0.04799678921699524,
            0.0025649257004261017
        ],
        [
            0.12762853503227234,
            0.0374893918633461,
            0.026546116918325424
        ],
        [
            0.1312253475189209,
            0.028689462691545486,
            0.03445132449269295
        ],
        [
            0.1442052274942398,
            0.04005816578865051,
            0.03397567197680473
        ],
        [
            0.13857704401016235,
            0.04621482267975807,
            0.028349485248327255
        ],
        [
            0.15161913633346558,
            0.04936203360557556,
            0.003064224496483803
        ],
        [
            0.14511117339134216,
            0.04831700772047043,
            0.01083008386194706
        ],
        [
            0.15392033755779266,
            0.04598923772573471,
            0.0024015866219997406
        ],
        [
            0.16138289868831635,
            0.04455665871500969,
            -0.009984342381358147
        ],
        [
            0.15726874768733978,
            0.04948604479432106,
            -0.0061287302523851395
        ],
        [
            0.16465726494789124,
            0.047483179718256,
            -0.018094545230269432
        ],
        [
            0.15959957242012024,
            0.033974602818489075,
            -0.013585063628852367
        ],
        [
            0.16283906996250153,
            0.04394359886646271,
            -0.02711840346455574
        ],
        [
            0.13531866669654846,
            0.030421558767557144,
            -0.030395204201340675
        ],
        [
            0.12211143970489502,
            0.03287997096776962,
            -0.03353847563266754
        ],
        [
            0.12950871884822845,
            0.046573251485824585,
            -0.04371771961450577
        ],
        [
            0.1421920657157898,
            0.04335832968354225,
            -0.038655590265989304
        ],
        [
            0.10833828151226044,
            0.04836614057421684,
            -0.040655821561813354
        ],
        [
            0.12028646469116211,
            0.048000797629356384,
            -0.042728397995233536
        ],
        [
            0.11296050250530243,
            0.03374524042010307,
            -0.03397331386804581
        ],
        [
            0.10274427384138107,
            0.03493259847164154,
            -0.03240521252155304
        ],
        [
            0.11907584965229034,
            0.04256307706236839,
            -0.001871265470981598
        ],
        [
            0.11309681832790375,
            0.03603653982281685,
            0.0040117427706718445
        ],
        [
            0.1192220076918602,
            0.03582572191953659,
            0.004016123712062836
        ],
        [
            0.12475699186325073,
            0.04218026250600815,
            -0.0010859332978725433
        ],
        [
            0.15834565460681915,
            0.042960092425346375,
            0.00799461267888546
        ],
        [
            0.15876741707324982,
            0.03130997717380524,
            0.004603812471032143
        ],
        [
            0.15732116997241974,
            0.03818124532699585,
            0.0009696241468191147
        ],
        [
            0.1548519730567932,
            0.04714629799127579,
            0.00849846936762333
        ],
        [
            0.09128797054290771,
            0.025615639984607697,
            0.020809907466173172
        ],
        [
            0.08732940256595612,
            0.012743376195430756,
            0.022591643035411835
        ],
        [
            0.09270606935024261,
            0.010533563792705536,
            0.02363095059990883
        ],
        [
            0.09522494673728943,
            0.022599007934331894,
            0.02124715968966484
        ],
        [
            0.11390724778175354,
            0.012143459171056747,
            0.03056725114583969
        ],
        [
            0.10853245854377747,
            0.0029988884925842285,
            0.027907157316803932
        ],
        [
            0.1145351454615593,
            -0.009265586733818054,
            0.026226716116070747
        ],
        [
            0.12194520235061646,
            -0.0019482746720314026,
            0.02674148418009281
        ],
        [
            0.12231563776731491,
            0.021121904253959656,
            0.032878246158361435
        ],
        [
            0.12933628261089325,
            0.008703920990228653,
            0.03193189948797226
        ],
        [
            0.13810081779956818,
            0.01912878453731537,
            0.034383904188871384
        ],
        [
            0.15073162317276,
            0.03300989419221878,
            0.03359410911798477
        ],
        [
            0.0758240595459938,
            0.015706166625022888,
            0.01765568181872368
        ],
        [
            0.07690611481666565,
            0.02579760178923607,
            0.016187012195587158
        ],
        [
            0.1635400801897049,
            0.0815771073102951,
            -0.002166610211133957
        ],
        [
            0.1574682593345642,
            0.08236746490001678,
            -0.0019127577543258667
        ],
        [
            0.15779651701450348,
            0.07956181466579437,
            -0.0042021870613098145
        ],
        [
            0.1637210100889206,
            0.0794476643204689,
            -0.004192240536212921
        ],
        [
            0.06863284856081009,
            0.017008326947689056,
            -0.0013599768280982971
        ],
        [
            0.07051264494657516,
            0.01167450100183487,
            -0.009771686047315598
        ],
        [
            0.0666283518075943,
            0.007359564304351807,
            -0.005344938486814499
        ],
        [
            0.06641523540019989,
            0.011381231248378754,
            0.0032089240849018097
        ],
        [
            0.07162338495254517,
            0.024431288242340088,
            -0.007377956062555313
        ],
        [
            0.07630607485771179,
            0.017866171896457672,
            -0.015341231599450111
        ],
        [
            0.1690438836812973,
            0.09179162234067917,
            -0.007824108004570007
        ],
        [
            0.16974453628063202,
            0.08751779049634933,
            -0.0048669446259737015
        ],
        [
            0.17027191817760468,
            0.0857132151722908,
            -0.009229972958564758
        ],
        [
            0.16881243884563446,
            0.08931201696395874,
            -0.013013092800974846
        ],
        [
            0.15012934803962708,
            0.05140622705221176,
            -0.004014795646071434
        ],
        [
            0.14059551060199738,
            0.051081061363220215,
            -0.004309432581067085
        ],
        [
            0.15604546666145325,
            0.06027207151055336,
            -0.014802812598645687
        ],
        [
            0.1494084596633911,
            0.057932671159505844,
            -0.012013865634799004
        ],
        [
            0.15555641055107117,
            0.05433311685919762,
            -0.010741768404841423
        ],
        [
            0.16040459275245667,
            0.05687152221798897,
            -0.014148247428238392
        ],
        [
            0.12588419020175934,
            0.0592205747961998,
            -0.015458036214113235
        ],
        [
            0.12098807096481323,
            0.050799183547496796,
            -0.009244600310921669
        ],
        [
            0.12765014171600342,
            0.050569482147693634,
            -0.00879243016242981
        ],
        [
            0.13443684577941895,
            0.05974363163113594,
            -0.014417475089430809
        ],
        [
            0.10728098452091217,
            0.05461578443646431,
            -0.009213965386152267
        ],
        [
            0.11320236325263977,
            0.06226734817028046,
            -0.015753211453557014
        ],
        [
            0.10466675460338593,
            0.06337825953960419,
            -0.014988070353865623
        ],
        [
            0.10198351740837097,
            0.05841776728630066,
            -0.009623181074857712
        ],
        [
            0.1265445351600647,
            0.0730104148387909,
            -0.026614492759108543
        ],
        [
            0.13014647364616394,
            0.07444384694099426,
            -0.029336677864193916
        ],
        [
            0.1265275776386261,
            0.07761166989803314,
            -0.02815021574497223
        ],
        [
            0.12272970378398895,
            0.07363008707761765,
            -0.02618468552827835
        ],
        [
            0.06317253410816193,
            0.0022951513528823853,
            -0.001735582947731018
        ],
        [
            0.0650734156370163,
            0.005517847836017609,
            0.007385779172182083
        ],
        [
            0.0871228575706482,
            0.052756499499082565,
            -0.035306740552186966
        ],
        [
            0.07959064841270447,
            0.05409712716937065,
            -0.026868661865592003
        ],
        [
            0.08235715329647064,
            0.06552252173423767,
            -0.03319201618432999
        ],
        [
            0.08987882733345032,
            0.06113936007022858,
            -0.04182492196559906
        ],
        [
            0.07779087126255035,
            0.0067938342690467834,
            -0.01543947122991085
        ],
        [
            0.07200434058904648,
            0.00245559960603714,
            -0.01239025592803955
        ],
        [
            0.16454294323921204,
            0.09550139307975769,
            -0.010393921285867691
        ],
        [
            0.1641492247581482,
            0.09272745251655579,
            -0.015322755090892315
        ],
        [
            0.14204543828964233,
            0.008864108473062515,
            0.02566736564040184
        ],
        [
            0.15545450150966644,
            0.026693549007177353,
            0.028181597590446472
        ],
        [
            0.13105374574661255,
            -0.002679739147424698,
            0.021270520985126495
        ],
        [
            0.12327080219984055,
            -0.010014601051807404,
            0.017478883266448975
        ],
        [
            0.11761009693145752,
            -0.016891397535800934,
            0.017094597220420837
        ],
        [
            0.14561665058135986,
            0.06204841285943985,
            -0.015353674069046974
        ],
        [
            0.13161276280879974,
            0.048139818012714386,
            -0.004884680733084679
        ],
        [
            0.11399687081575394,
            0.043507322669029236,
            -0.0022140517830848694
        ],
        [
            0.0856887549161911,
            0.056276075541973114,
            -0.00333360955119133
        ],
        [
            0.08177834004163742,
            0.04881661385297775,
            0.002830982208251953
        ],
        [
            0.09258771687746048,
            0.049205269664525986,
            0.003281429409980774
        ],
        [
            0.09376981854438782,
            0.05533171445131302,
            -0.0027642957866191864
        ],
        [
            0.07808190584182739,
            0.05945421755313873,
            -0.01843728870153427
        ],
        [
            0.0831233337521553,
            0.06278965622186661,
            -0.012925375252962112
        ],
        [
            0.08588264882564545,
            0.06863926351070404,
            -0.018056217581033707
        ],
        [
            0.08117283880710602,
            0.06746378540992737,
            -0.02432791143655777
        ],
        [
            0.1637701392173767,
            0.03966900706291199,
            0.011548792943358421
        ],
        [
            0.16015325486660004,
            0.025945093482732773,
            0.00948149710893631
        ],
        [
            0.07046376168727875,
            0.02143125981092453,
            0.00816114991903305
        ],
        [
            0.07039621472358704,
            0.014627426862716675,
            0.012018203735351562
        ],
        [
            0.06835131347179413,
            0.006643250584602356,
            0.014353618025779724
        ],
        [
            0.10326500236988068,
            0.0307239331305027,
            0.013242065906524658
        ],
        [
            0.09794101864099503,
            0.020593352615833282,
            0.02166801318526268
        ],
        [
            0.1021852120757103,
            0.020139291882514954,
            0.02247530221939087
        ],
        [
            0.10643446445465088,
            0.02959335222840309,
            0.012333132326602936
        ],
        [
            0.1219092383980751,
            0.0355515256524086,
            0.014153540134429932
        ],
        [
            0.11651138961315155,
            0.028717011213302612,
            0.024523161351680756
        ],
        [
            0.13078662753105164,
            0.04319740831851959,
            0.01620611548423767
        ],
        [
            0.09918972849845886,
            0.00620047003030777,
            0.025819744914770126
        ],
        [
            0.08935610204935074,
            0.0014918521046638489,
            0.02740594744682312
        ],
        [
            0.09712912142276764,
            -0.0027007311582565308,
            0.028640422970056534
        ],
        [
            0.08052115142345428,
            0.004377514123916626,
            0.024139434099197388
        ],
        [
            0.07298333942890167,
            0.006409056484699249,
            0.01974344253540039
        ],
        [
            0.06661811470985413,
            -0.004079289734363556,
            -0.011339183896780014
        ],
        [
            0.10458594560623169,
            -0.0065209344029426575,
            0.028080258518457413
        ],
        [
            0.14631545543670654,
            0.05054346099495888,
            0.027972383424639702
        ],
        [
            0.15145893394947052,
            0.05439703166484833,
            0.02625766396522522
        ],
        [
            0.14811578392982483,
            0.05482418090105057,
            0.019711002707481384
        ],
        [
            0.1448139250278473,
            0.05149195343255997,
            0.020362641662359238
        ],
        [
            0.1670377552509308,
            0.05440570414066315,
            -0.023752273991703987
        ],
        [
            0.16505378484725952,
            0.05554763972759247,
            -0.016960900276899338
        ],
        [
            0.1615699678659439,
            0.050158094614744186,
            -0.012000834569334984
        ],
        [
            0.0907372236251831,
            0.03558732196688652,
            0.014810781925916672
        ],
        [
            0.078436940908432,
            0.03537003695964813,
            0.011289902031421661
        ],
        [
            0.15217241644859314,
            0.06385338306427002,
            -0.017204463481903076
        ],
        [
            0.16892734169960022,
            0.08647134900093079,
            -0.017456889152526855
        ],
        [
            0.17089807987213135,
            0.08246248960494995,
            -0.0131763881072402
        ],
        [
            0.17015555500984192,
            0.06593699753284454,
            -0.02179209515452385
        ],
        [
            0.16827431321144104,
            0.07033159583806992,
            -0.027340330183506012
        ],
        [
            0.1504191756248474,
            0.06903694570064545,
            -0.022311031818389893
        ],
        [
            0.15252719819545746,
            0.06433948874473572,
            -0.016553469002246857
        ],
        [
            0.15179595351219177,
            0.06535587459802628,
            -0.016260545700788498
        ],
        [
            0.14810168743133545,
            0.07053007185459137,
            -0.019004525616765022
        ],
        [
            0.11712837219238281,
            0.07734905183315277,
            -0.027025382965803146
        ],
        [
            0.11411119997501373,
            0.07370346784591675,
            -0.02497568354010582
        ],
        [
            0.14727145433425903,
            0.05872265249490738,
            -0.0423550009727478
        ],
        [
            0.1590234339237213,
            0.0524887852370739,
            -0.040799468755722046
        ],
        [
            0.15431521832942963,
            0.040493205189704895,
            -0.034250304102897644
        ],
        [
            0.11844141781330109,
            0.060165561735630035,
            -0.015511076897382736
        ],
        [
            0.122132807970047,
            0.06782939285039902,
            -0.021158520132303238
        ],
        [
            0.11804090440273285,
            0.06854075193405151,
            -0.021416213363409042
        ],
        [
            0.14416466653347015,
            0.06529823690652847,
            -0.018222186714410782
        ],
        [
            0.14844927191734314,
            0.06767071038484573,
            -0.020827172324061394
        ],
        [
            0.14398938417434692,
            0.06891951709985733,
            -0.022682856768369675
        ],
        [
            0.13886259496212006,
            0.06574993580579758,
            -0.019025983288884163
        ],
        [
            0.07597435265779495,
            0.04285510256886482,
            -0.020661571994423866
        ],
        [
            0.07404298335313797,
            0.049527812749147415,
            -0.0111105777323246
        ],
        [
            0.16783952713012695,
            0.08361420780420303,
            -0.003024037927389145
        ],
        [
            0.16833734512329102,
            0.08175015449523926,
            -0.006060238927602768
        ],
        [
            0.11380480229854584,
            0.05187612026929855,
            -0.009392563253641129
        ],
        [
            0.1463509351015091,
            0.029913004487752914,
            -0.025001510977745056
        ],
        [
            0.10860945284366608,
            0.04478459805250168,
            -0.002259783446788788
        ],
        [
            0.1070680245757103,
            0.07073211669921875,
            -0.04275773838162422
        ],
        [
            0.10453785210847855,
            0.07656412571668625,
            -0.036187782883644104
        ],
        [
            0.10704761743545532,
            0.0798393040895462,
            -0.034971751272678375
        ],
        [
            0.10957203805446625,
            0.07861798256635666,
            -0.04016655310988426
        ],
        [
            0.14934858679771423,
            0.08314266055822372,
            -0.012453200295567513
        ],
        [
            0.15194140374660492,
            0.08008872717618942,
            -0.007894476875662804
        ],
        [
            0.15227316319942474,
            0.08203358203172684,
            -0.006131356582045555
        ],
        [
            0.14989197254180908,
            0.08624131232500076,
            -0.009773645550012589
        ],
        [
            0.1569499969482422,
            0.061020735651254654,
            -0.0144517682492733
        ],
        [
            0.16240669786930084,
            0.0591784305870533,
            -0.014629737474024296
        ],
        [
            0.1623498499393463,
            0.06196952611207962,
            -0.012961613945662975
        ],
        [
            0.15636952221393585,
            0.06378219276666641,
            -0.013728948310017586
        ],
        [
            0.16694745421409607,
            0.05859632045030594,
            -0.01813889481127262
        ],
        [
            0.16769100725650787,
            0.06268176436424255,
            -0.016674496233463287
        ],
        [
            0.15086720883846283,
            0.08708734065294266,
            -0.017397932708263397
        ],
        [
            0.15724483132362366,
            0.08993642032146454,
            -0.020441945642232895
        ],
        [
            0.15475600957870483,
            0.07575593143701553,
            -0.030507244169712067
        ],
        [
            0.14916259050369263,
            0.0757894217967987,
            -0.02450229786336422
        ],
        [
            0.09741178154945374,
            0.02176453173160553,
            -0.026282912120223045
        ],
        [
            0.08688673377037048,
            0.025341328233480453,
            -0.024549854919314384
        ],
        [
            0.09182428568601608,
            0.03845668211579323,
            -0.030869636684656143
        ],
        [
            0.09616763144731522,
            0.05138871446251869,
            -0.03842472285032272
        ],
        [
            0.10146064311265945,
            0.06359098106622696,
            -0.04428451135754585
        ],
        [
            0.11260023713111877,
            0.059724852442741394,
            -0.048262033611536026
        ],
        [
            0.08401381969451904,
            0.04000164940953255,
            -0.0281923059374094
        ],
        [
            0.14935390651226044,
            0.06811083108186722,
            -0.033609021455049515
        ],
        [
            0.15318496525287628,
            0.06605664640665054,
            -0.03706498071551323
        ],
        [
            0.14924611151218414,
            0.06597045809030533,
            -0.038959864526987076
        ],
        [
            0.10186804831027985,
            0.04799264296889305,
            -0.0014369785785675049
        ],
        [
            0.16939647495746613,
            0.07904704660177231,
            -0.009125394746661186
        ],
        [
            0.11424009501934052,
            -0.01324443519115448,
            -0.004524502903223038
        ],
        [
            0.10336127132177353,
            -0.01049727201461792,
            -0.01206047460436821
        ],
        [
            0.10909957438707352,
            -0.004092574119567871,
            -0.014012942090630531
        ],
        [
            0.12132557481527328,
            -0.0067245736718177795,
            -0.004755239933729172
        ],
        [
            0.1580948531627655,
            0.07758890837430954,
            -0.005161646753549576
        ],
        [
            0.16455814242362976,
            0.07669726759195328,
            -0.005604026839137077
        ],
        [
            0.10806673020124435,
            0.07651089131832123,
            -0.024974703788757324
        ],
        [
            0.1115063801407814,
            0.07941024750471115,
            -0.027199747040867805
        ],
        [
            0.10849999636411667,
            0.0805881917476654,
            -0.028854098170995712
        ],
        [
            0.104210764169693,
            0.08024593442678452,
            -0.02604789286851883
        ],
        [
            0.081357941031456,
            0.02632748708128929,
            -0.022187642753124237
        ],
        [
            0.0844154953956604,
            0.07440706342458725,
            -0.03289168328046799
        ],
        [
            0.09147083014249802,
            0.07028201967477798,
            -0.0415194034576416
        ],
        [
            0.08304260671138763,
            0.013852767646312714,
            -0.019234992563724518
        ],
        [
            0.09200049936771393,
            0.010311715304851532,
            -0.021319720894098282
        ],
        [
            0.08753067255020142,
            0.002255283296108246,
            -0.017942043021321297
        ],
        [
            0.12731990218162537,
            0.06328500807285309,
            -0.047016795724630356
        ],
        [
            0.10604836046695709,
            0.02116399258375168,
            -0.027636755257844925
        ],
        [
            0.09965714812278748,
            0.009354174137115479,
            -0.021720048040151596
        ],
        [
            0.0946904867887497,
            -0.00031251460313796997,
            -0.01766962558031082
        ],
        [
            0.0904410183429718,
            -0.007214345037937164,
            -0.015476778149604797
        ],
        [
            0.08305107057094574,
            -0.003632470965385437,
            -0.0158283319324255
        ],
        [
            0.16349327564239502,
            0.089137002825737,
            -0.019713547080755234
        ],
        [
            0.15712130069732666,
            0.09432327002286911,
            -0.01587524265050888
        ],
        [
            0.0775664672255516,
            -0.01085180789232254,
            -0.014982733875513077
        ],
        [
            0.08616414666175842,
            -0.01433640718460083,
            -0.013964105397462845
        ],
        [
            0.10873319208621979,
            0.007776863873004913,
            -0.020815197378396988
        ],
        [
            0.11990439891815186,
            0.006256960332393646,
            -0.017934460192918777
        ],
        [
            0.11461072415113449,
            0.01941334456205368,
            -0.026310790330171585
        ],
        [
            0.12614871561527252,
            0.018797699362039566,
            -0.02427622675895691
        ],
        [
            0.13621406257152557,
            0.05722571909427643,
            -0.05097181722521782
        ],
        [
            0.1533469259738922,
            0.10001599788665771,
            0.0014400109648704529
        ],
        [
            0.15216676890850067,
            0.09511429816484451,
            -0.008764384314417839
        ],
        [
            0.15031947195529938,
            0.09002332389354706,
            -0.0062978845089674
        ],
        [
            0.1505315899848938,
            0.09692101180553436,
            0.0025279074907302856
        ],
        [
            0.15130716562271118,
            0.0907490998506546,
            -0.013366250321269035
        ],
        [
            0.15741431713104248,
            0.0970202088356018,
            -0.010788794606924057
        ],
        [
            0.1395251452922821,
            0.017875157296657562,
            -0.01643521338701248
        ],
        [
            0.1479795128107071,
            0.07037701457738876,
            -0.026057593524456024
        ],
        [
            0.13410106301307678,
            0.004925131797790527,
            -0.0057269129902124405
        ],
        [
            0.15449751913547516,
            0.022258535027503967,
            -0.0077351853251457214
        ],
        [
            0.15042568743228912,
            0.014147218316793442,
            0.002425568178296089
        ],
        [
            0.1294531524181366,
            -0.0071883425116539,
            0.006818953901529312
        ],
        [
            0.14263388514518738,
            0.0032669343054294586,
            0.012190252542495728
        ],
        [
            0.11589063704013824,
            -0.01936604082584381,
            0.00642753578722477
        ],
        [
            0.12180978059768677,
            -0.012991733849048615,
            0.005153624340891838
        ],
        [
            0.15421627461910248,
            0.016321778297424316,
            0.017595112323760986
        ],
        [
            0.15983332693576813,
