{
    "pred_cam": [
        7.375888824462891,
        -0.130572110414505,
        -0.08216585218906403
    ],
    "pred_mano_params": {
        "global_orient": [
            [
                [
                    -0.504061222076416,
                    0.13079053163528442,
                    0.8537072539329529
                ],
                [
                    -0.7348918914794922,
                    -0.5842264890670776,
                    -0.34440284967422485
                ],
                [
                    0.45371371507644653,
                    -0.800982654094696,
                    0.39060282707214355
                ]
            ]
        ],
        "hand_pose": [
            [
                [
                    0.8358457088470459,
                    -0.460963636636734,
                    -0.2981184124946594
                ],
                [
                    0.42664510011672974,
                    0.8872023820877075,
                    -0.17563007771968842
                ],
                [
                    0.34545043110847473,
                    0.01960887759923935,
                    0.9382321834564209
                ]
            ],
            [
                [
                    0.9480845332145691,
                    -0.30218470096588135,
                    0.09909681975841522
                ],
                [
                    0.31700173020362854,
                    0.922897458076477,
                    -0.21856380999088287
                ],
                [
                    -0.025409575551748276,
                    0.23863083124160767,
                    0.9707778692245483
                ]
            ],
            [
                [
                    0.7192987203598022,
                    -0.6761256456375122,
                    0.15957273542881012
                ],
                [
                    0.6379559636116028,
                    0.7338081002235413,
                    0.23353344202041626
                ],
                [
                    -0.2749937176704407,
                    -0.06617993116378784,
                    0.959165632724762
                ]
            ],
            [
                [
                    0.6642622947692871,
                    -0.7216790318489075,
                    -0.1947692334651947
                ],
                [
                    0.7136591672897339,
                    0.6897948980331421,
                    -0.12195755541324615
                ],
                [
                    0.22236500680446625,
                    -0.057987045496702194,
                    0.9732375741004944
                ]
            ],
            [
                [
                    0.9677245020866394,
                    -0.20237989723682404,
                    -0.15017175674438477
                ],
                [
                    0.22914078831672668,
                    0.954657793045044,
                    0.19006069004535675
                ],
                [
                    0.10489818453788757,
                    -0.21833691000938416,
                    0.9702192544937134
                ]
            ],
            [
                [
                    0.821234405040741,
                    -0.5705889463424683,
                    -0.0014953280333429575
                ],
                [
                    0.5701917409896851,
                    0.8205591440200806,
                    0.039549168199300766
                ],
                [
                    -0.021339314058423042,
                    -0.03333176672458649,
                    0.9992164969444275
                ]
            ],
            [
                [
                    0.7590089440345764,
                    -0.6069146394729614,
                    0.2357117384672165
                ],
                [
                    0.5493180155754089,
                    0.7912808656692505,
                    0.26855966448783875
                ],
                [
                    -0.3495069742202759,
                    -0.0743584856390953,
                    0.9339783787727356
                ]
            ],
            [
                [
                    0.941087543964386,
                    -0.2655298411846161,
                    -0.20939940214157104
                ],
                [
                    0.29648855328559875,
                    0.9456875920295715,
                    0.13330256938934326
                ],
                [
                    0.1626306027173996,
                    -0.1875339299440384,
                    0.9687013626098633
                ]
            ],
            [
                [
                    0.9177553653717041,
                    -0.3906881809234619,
                    -0.07132827490568161
                ],
                [
                    0.37045931816101074,
                    0.777439296245575,
                    0.5082794427871704
                ],
                [
                    -0.14312539994716644,
                    -0.4929004907608032,
                    0.8582331538200378
                ]
            ],
            [
                [
                    0.7410205602645874,
                    -0.6712013483047485,
                    0.019425738602876663
                ],
                [
                    0.667374849319458,
                    0.7329843044281006,
                    -0.13169977068901062
                ],
                [
                    0.07415830343961716,
                    0.1105564758181572,
                    0.9910993576049805
                ]
            ],
            [
                [
                    0.9743747711181641,
                    -0.20601552724838257,
                    -0.09028472006320953
                ],
                [
                    0.22488336265087128,
                    0.8840352892875671,
                    0.40976715087890625
                ],
                [
                    -0.004603513982146978,
                    -0.41957032680511475,
                    0.9077111482620239
                ]
            ],
            [
                [
                    0.7714051604270935,
                    -0.6245702505111694,
                    -0.12184444814920425
                ],
                [
                    0.6333670616149902,
                    0.7350892424583435,
                    0.24184677004814148
                ],
                [
                    -0.061483751982450485,
                    -0.2637341022491455,
                    0.9626338481903076
                ]
            ],
            [
                [
                    0.8304468989372253,
                    -0.08295107632875443,
                    -0.5508875846862793
                ],
                [
                    -0.40600278973579407,
                    0.5869970917701721,
                    -0.7004258036613464
                ],
                [
                    0.3814704418182373,
                    0.8053283095359802,
                    0.4537915587425232
                ]
            ],
            [
                [
                    0.8805225491523743,
                    -0.3505150079727173,
                    -0.3190912902355194
                ],
                [
                    0.4708560109138489,
                    0.7242596745491028,
                    0.5037286877632141
                ],
                [
                    0.05454045906662941,
                    -0.5937905311584473,
                    0.8027690649032593
                ]
            ],
            [
                [
                    0.9415169358253479,
                    0.14422179758548737,
                    -0.30454227328300476
                ],
                [
                    -0.18097946047782898,
                    0.9787915945053101,
                    -0.0959872379899025
                ],
                [
                    0.28423991799354553,
                    0.14548949897289276,
                    0.9476500749588013
                ]
            ]
        ],
        "betas": [
            -0.07309040427207947,
            -0.1701684296131134,
            -0.052597105503082275,
            -0.07877787947654724,
            0.011933982372283936,
            -0.003249887377023697,
            0.04308781027793884,
            -0.02355685830116272,
            -0.0245235413312912,
            -0.03627792000770569
        ]
    },
    "pred_cam_t": [
        -0.130572110414505,
        -0.08216585218906403,
        5.295971870422363
    ],
    "focal_length": [
        5000.0,
        5000.0
    ],
    "pred_keypoints_3d": [
        [
            0.0961097925901413,
            0.006415782496333122,
            0.006256161257624626
        ],
        [
            0.1283334195613861,
            0.02429899387061596,
            0.01785125769674778
        ],
        [
            0.1455405354499817,
            0.049373187124729156,
            0.012518094852566719
        ],
        [
            0.150951087474823,
            0.07366616278886795,
            0.001548001542687416
        ],
        [
            0.15487806499004364,
            0.10208293795585632,
            -0.02001836523413658
        ],
        [
            0.15755754709243774,
            0.06728824973106384,
            -0.02160879783332348
        ],
        [
            0.1634363979101181,
            0.0987783670425415,
            -0.030082158744335175
        ],
        [
            0.16201387345790863,
            0.12067212164402008,
            -0.02606693096458912
        ],
        [
            0.1577647477388382,
            0.1362595409154892,
            -0.0075080506503582
        ],
        [
            0.1408580094575882,
            0.07831569761037827,
            -0.036972761154174805
        ],
        [
            0.13814885914325714,
            0.11002720892429352,
            -0.03503698855638504
        ],
        [
            0.13085198402404785,
            0.13072985410690308,
            -0.02687046118080616
        ],
        [
            0.12199530005455017,
            0.14713352918624878,
            -0.009097285568714142
        ],
        [
            0.11411426961421967,
            0.07832112908363342,
            -0.03830626606941223
        ],
        [
            0.11743741482496262,
            0.10719568282365799,
            -0.03783521428704262
        ],
        [
            0.11207447201013565,
            0.12979723513126373,
            -0.028691798448562622
        ],
        [
            0.10519091784954071,
            0.14445674419403076,
            -0.008974388241767883
        ],
        [
            0.09264776110649109,
            0.07801235467195511,
            -0.03409972041845322
        ],
        [
            0.09416020661592484,
            0.09921029210090637,
            -0.0334346741437912
        ],
        [
            0.09058773517608643,
            0.11693604290485382,
            -0.027314769104123116
        ],
        [
            0.08682219684123993,
            0.1295333057641983,
            -0.011699965223670006
        ]
    ],
    "pred_vertices": [
        [
            0.1312149465084076,
            0.04625222086906433,
            0.0027842633426189423
        ],
        [
            0.12373911589384079,
            0.03867749124765396,
            0.008507773280143738
        ],
        [
            0.1297556757926941,
            0.04487088322639465,
            0.0080832839012146
        ],
        [
            0.13809266686439514,
            0.049935564398765564,
            0.003976032137870789
        ],
        [
            0.12313248962163925,
            0.041311364620923996,
            0.026125431060791016
        ],
        [
            0.12994147837162018,
            0.03562232851982117,
            0.03442579135298729
        ],
        [
            0.13928982615470886,
            0.049997881054878235,
            0.02763969823718071
        ],
        [
            0.13087666034698486,
            0.05294056609272957,
            0.02235652133822441
        ],
        [
            0.14353685081005096,
            0.05245726928114891,
            0.0024918504059314728
        ],
        [
            0.13478997349739075,
            0.050596632063388824,
            0.007631614804267883
        ],
        [
            0.1448887586593628,
            0.05075842887163162,
            -0.0006731189787387848
        ],
        [
            0.15606816112995148,
            0.04938593506813049,
            -0.008427574299275875
        ],
        [
            0.15237842500209808,
            0.05369362235069275,
            -0.0036701932549476624
        ],
        [
            0.16134938597679138,
            0.05255983769893646,
            -0.014158949255943298
        ],
        [
            0.15585093200206757,
            0.039204224944114685,
            -0.011738860979676247
        ],
        [
            0.16003134846687317,
            0.04814950376749039,
            -0.022265857085585594
        ],
        [
            0.13599629700183868,
            0.03352075442671776,
            -0.026724783703684807
        ],
        [
            0.1232580840587616,
            0.03514391928911209,
            -0.030669011175632477
        ],
        [
            0.13013382256031036,
            0.04884415864944458,
            -0.03897567465901375
        ],
        [
            0.14228877425193787,
            0.04641850292682648,
            -0.033339500427246094
        ],
        [
            0.10920684039592743,
            0.049019478261470795,
            -0.03778760880231857
        ],
        [
            0.12104833126068115,
            0.04963170364499092,
            -0.03899846971035004
        ],
        [
            0.11430124938488007,
            0.0352899394929409,
            -0.03180592879652977
        ],
        [
            0.10405434668064117,
            0.03564015030860901,
            -0.030964143574237823
        ],
        [
            0.11719579994678497,
            0.04388471320271492,
            5.535781383514404e-05
        ],
        [
            0.11091917753219604,
            0.03616984933614731,
            0.005953602492809296
        ],
        [
            0.11602020263671875,
            0.03542310371994972,
            0.006768502295017242
        ],
        [
            0.1222480982542038,
            0.04349178075790405,
            0.0012816935777664185
        ],
        [
            0.1484307497739792,
            0.05134064331650734,
            0.0001277923583984375
        ],
        [
            0.15260078012943268,
            0.03865358978509903,
            0.0012746043503284454
        ],
        [
            0.14964202046394348,
            0.044323187321424484,
            -0.0022070668637752533
        ],
        [
            0.14404143393039703,
            0.054748378694057465,
            0.0007055997848510742
        ],
        [
            0.08929340541362762,
            0.024857357144355774,
            0.020468715578317642
        ],
        [
            0.08611947298049927,
            0.01176944375038147,
            0.021889448165893555
        ],
        [
            0.09158407151699066,
            0.009943097829818726,
            0.023469261825084686
        ],
        [
            0.09341128170490265,
            0.02199401706457138,
            0.021601054817438126
        ],
        [
            0.11336024105548859,
            0.014591492712497711,
            0.03400958329439163
        ],
        [
            0.10819346457719803,
            0.00432974100112915,
            0.02995692938566208
        ],
        [
            0.1152399331331253,
            -0.00705362856388092,
            0.028219355270266533
        ],
        [
            0.12281398475170135,
            0.001843579113483429,
            0.02961302548646927
        ],
        [
            0.12168698012828827,
            0.025585617870092392,
            0.03598321974277496
        ],
        [
            0.1302696019411087,
            0.014757178723812103,
            0.034718774259090424
        ],
        [
            0.13898518681526184,
            0.028446469455957413,
            0.03400897979736328
        ],
        [
            0.14733333885669708,
            0.04536544531583786,
            0.026729440316557884
        ],
        [
            0.07478926330804825,
            0.013929925858974457,
            0.016197480261325836
        ],
        [
            0.07533689588308334,
            0.024065598845481873,
            0.014752727001905441
        ],
        [
            0.16425447165966034,
            0.10311097651720047,
            -0.019077757373452187
        ],
        [
            0.1586473435163498,
            0.10435547679662704,
            -0.020517796277999878
        ],
        [
            0.158490851521492,
            0.0996391549706459,
            -0.019350485876202583
        ],
        [
            0.1642332226037979,
            0.09925863146781921,
            -0.018476327881217003
        ],
        [
            0.06924860179424286,
            0.014983534812927246,
            -0.003262784332036972
        ],
        [
            0.07207648456096649,
            0.009966909885406494,
            -0.011568058282136917
        ],
        [
            0.06817205995321274,
            0.005310751497745514,
            -0.007482580840587616
        ],
        [
            0.06709244102239609,
            0.00912560522556305,
            0.001063235104084015
        ],
        [
            0.0722002387046814,
            0.02273983508348465,
            -0.008903775364160538
        ],
        [
            0.07785472273826599,
            0.01663614809513092,
            -0.01657150685787201
        ],
        [
            0.17168088257312775,
            0.10379726439714432,
            -0.029511218890547752
        ],
        [
            0.1715202033519745,
            0.10363459587097168,
            -0.02433193288743496
        ],
        [
            0.171786829829216,
            0.09861293435096741,
            -0.02534415014088154
        ],
        [
            0.17101505398750305,
            0.0980256050825119,
            -0.030537378042936325
        ],
        [
            0.14622724056243896,
            0.05500011891126633,
            -0.0007375460118055344
        ],
        [
            0.1375252604484558,
            0.05400878190994263,
            -0.0010706111788749695
        ],
        [
            0.154305100440979,
            0.06819643825292587,
            -0.00973938312381506
        ],
        [
            0.147157683968544,
            0.06249677389860153,
            -0.007466880604624748
        ],
        [
            0.1531328707933426,
            0.059434037655591965,
            -0.0057283006608486176
        ],
        [
            0.158888578414917,
            0.06406490504741669,
            -0.008854111656546593
        ],
        [
            0.12412057816982269,
            0.061881259083747864,
            -0.012816792353987694
        ],
        [
            0.1193419024348259,
            0.052759263664484024,
            -0.007136095315217972
        ],
        [
            0.12580598890781403,
            0.05294482037425041,
            -0.00615667924284935
        ],
        [
            0.13253842294216156,
            0.06306420266628265,
            -0.011169502511620522
        ],
        [
            0.1054915115237236,
            0.05567927658557892,
            -0.00812891498208046
        ],
        [
            0.11137306690216064,
            0.06417473405599594,
            -0.014040561392903328
        ],
        [
            0.10282675176858902,
            0.06484400480985641,
            -0.013934550806879997
        ],
        [
            0.10003840178251266,
            0.05922490358352661,
            -0.008909791707992554
        ],
        [
            0.12445199489593506,
            0.07673968374729156,
            -0.02379777282476425
        ],
        [
            0.1274910718202591,
            0.0806603729724884,
            -0.027612978592514992
        ],
        [
            0.12401939183473587,
            0.08343315124511719,
            -0.027663100510835648
        ],
        [
            0.12069883942604065,
            0.07723578065633774,
            -0.024180233478546143
        ],
        [
            0.06487321853637695,
            -7.623434066772461e-05,
            -0.0041952915489673615
        ],
        [
            0.06590209901332855,
            0.003111600875854492,
            0.0050547681748867035
        ],
        [
            0.08787158876657486,
            0.05206715315580368,
            -0.034113261848688126
        ],
        [
            0.07966010272502899,
            0.053274452686309814,
            -0.026566607877612114
        ],
        [
            0.08189347386360168,
            0.06458532810211182,
            -0.032565999776124954
        ],
        [
            0.09017197042703629,
            0.06023989990353584,
            -0.03956357762217522
        ],
        [
            0.08009258657693863,
            0.005725331604480743,
            -0.016638921573758125
        ],
        [
            0.07438334822654724,
            0.0009401962161064148,
            -0.014085296541452408
        ],
        [
            0.16808435320854187,
            0.10447029024362564,
            -0.034532394260168076
        ],
        [
            0.16681751608848572,
            0.09852442890405655,
            -0.0348464660346508
        ],
        [
            0.14386647939682007,
            0.017751719802618027,
            0.026304012164473534
        ],
        [
            0.15269634127616882,
            0.0390215739607811,
            0.022019438445568085
        ],
        [
            0.13358652591705322,
            0.0029972270131111145,
            0.024315379559993744
        ],
        [
            0.12550610303878784,
            -0.006241984665393829,
            0.02032112330198288
        ],
        [
            0.11964793503284454,
            -0.014287494122982025,
            0.01929108053445816
        ],
        [
            0.1436336785554886,
            0.06688430905342102,
            -0.010897208005189896
        ],
        [
            0.12923797965049744,
            0.050474684685468674,
            -0.0020652953535318375
        ],
        [
            0.1122947633266449,
            0.04463576152920723,
            -0.0007435120642185211
        ],
        [
            0.08366638422012329,
            0.0557083860039711,
            -0.003784406930208206
        ],
        [
            0.0797891914844513,
            0.04770257696509361,
            0.0020423196256160736
        ],
        [
            0.0903608500957489,
            0.04886316880583763,
            0.00313364714384079
        ],
        [
            0.09162318706512451,
            0.05531105771660805,
            -0.0027463026344776154
        ],
        [
            0.0772222951054573,
            0.05863308906555176,
            -0.01862110011279583
        ],
        [
            0.0815921202301979,
            0.06254049390554428,
            -0.013171214610338211
        ],
        [
            0.08447647094726562,
            0.06940483301877975,
            -0.01825820468366146
        ],
        [
            0.08018804341554642,
            0.067279152572155,
            -0.024126442149281502
        ],
        [
            0.15496264398097992,
            0.049954913556575775,
            0.0027316566556692123
        ],
        [
            0.15539228916168213,
            0.03464873507618904,
            0.005929989740252495
        ],
        [
            0.06990186870098114,
            0.01937580108642578,
            0.006396863609552383
        ],
        [
            0.06997772306203842,
            0.012522980570793152,
            0.010211706161499023
        ],
        [
            0.06847897917032242,
            0.00438544899225235,
            0.012267861515283585
        ],
        [
            0.1012004017829895,
            0.03027057647705078,
            0.014707058668136597
        ],
        [
            0.0963158905506134,
            0.020063742995262146,
            0.022724270820617676
        ],
        [
            0.10060521960258484,
            0.01981157436966896,
            0.02480129897594452
        ],
        [
            0.10424208641052246,
            0.028743844479322433,
            0.014957219362258911
        ],
        [
            0.11657491326332092,
            0.03470310568809509,
            0.016994554549455643
        ],
        [
            0.11380739510059357,
            0.029715776443481445,
            0.028538230806589127
        ],
        [
            0.1224566251039505,
            0.04418899118900299,
            0.014655925333499908
        ],
        [
            0.09839470684528351,
            0.00622306764125824,
            0.026576312258839607
        ],
        [
            0.08862502872943878,
            0.0006669908761978149,
            0.02676551043987274
        ],
        [
            0.09663315117359161,
            -0.002817094326019287,
            0.02867802232503891
        ],
        [
            0.07991824299097061,
            0.0028888732194900513,
            0.022816844284534454
        ],
        [
            0.07260610163211823,
            0.004425458610057831,
            0.017965052276849747
        ],
        [
            0.0694664716720581,
            -0.0060335323214530945,
            -0.013504000380635262
        ],
        [
            0.10441228747367859,
            -0.005832172930240631,
            0.028815992176532745
        ],
        [
            0.13732410967350006,
            0.059688225388526917,
            0.01900177076458931
        ],
        [
            0.1421390026807785,
            0.06560146808624268,
            0.015274548903107643
        ],
        [
            0.13775520026683807,
            0.06371597200632095,
            0.00974654033780098
        ],
        [
            0.1337650716304779,
            0.05822911858558655,
            0.012094017118215561
        ],
        [
            0.1657513678073883,
            0.05926948040723801,
            -0.019674794748425484
        ],
        [
            0.1634862869977951,
            0.06223691254854202,
            -0.012462452054023743
        ],
        [
            0.1585477739572525,
            0.055404216051101685,
            -0.007634053938090801
        ],
        [
            0.08856192976236343,
            0.034848883748054504,
            0.014362294226884842
        ],
        [
            0.07668976485729218,
            0.0338095985352993,
            0.010030671954154968
        ],
        [
            0.15060894191265106,
            0.07215683907270432,
            -0.013623211532831192
        ],
        [
            0.17052090167999268,
            0.09287683665752411,
            -0.031603626906871796
        ],
        [
            0.17164792120456696,
            0.09333393722772598,
            -0.025809939950704575
        ],
        [
            0.16956646740436554,
            0.07526985555887222,
            -0.02262662723660469
        ],
        [
            0.1685946136713028,
            0.07527955621480942,
            -0.029422156512737274
        ],
        [
            0.1500161737203598,
            0.07765833288431168,
            -0.02303280681371689
        ],
        [
            0.15148144960403442,
            0.07569865882396698,
            -0.01662125065922737
        ],
        [
            0.15149791538715363,
            0.07763809710741043,
            -0.018772827461361885
        ],
        [
            0.14884202182292938,
            0.08035895228385925,
            -0.02411482483148575
        ],
        [
            0.11484142392873764,
            0.08218802511692047,
            -0.02718937397003174
        ],
        [
            0.112055204808712,
            0.07689496874809265,
            -0.023879654705524445
        ],
        [
            0.14746008813381195,
            0.06139535456895828,
            -0.03692509979009628
        ],
        [
            0.15862737596035004,
            0.05436365306377411,
            -0.03422856703400612
        ],
        [
            0.15271487832069397,
            0.044441185891628265,
            -0.02885977178812027
        ],
        [
            0.1166716068983078,
            0.062315162271261215,
            -0.013437530025839806
        ],
        [
            0.12022659182548523,
            0.07064186036586761,
            -0.018731113523244858
        ],
        [
            0.11615443229675293,
            0.0712120458483696,
            -0.019398950040340424
        ],
        [
            0.1423443704843521,
            0.07014861702919006,
            -0.0142466826364398
        ],
        [
            0.14687322080135345,
            0.07453269511461258,
            -0.017727147787809372
        ],
        [
            0.14209860563278198,
            0.07377106696367264,
            -0.018758170306682587
        ],
        [
            0.13698862493038177,
            0.06969127058982849,
            -0.0154989929869771
        ],
        [
            0.07633265852928162,
            0.04167817160487175,
            -0.021169085055589676
        ],
        [
            0.07317870855331421,
            0.04812482371926308,
            -0.012020513415336609
        ],
        [
            0.16885802149772644,
            0.10312489420175552,
            -0.020492611452937126
        ],
        [
            0.1691392958164215,
            0.09879978001117706,
            -0.020756185054779053
        ],
        [
            0.11215701699256897,
            0.05336424708366394,
            -0.007827125489711761
        ],
        [
            0.1456315666437149,
            0.0336945541203022,
            -0.02139519341289997
        ],
        [
            0.10689789056777954,
            0.045560821890830994,
            -0.0012353397905826569
        ],
        [
            0.10684742778539658,
            0.07044871896505356,
            -0.041859325021505356
        ],
        [
            0.10349954664707184,
            0.07625339925289154,
            -0.03698179870843887
        ],
        [
            0.10660955309867859,
            0.08087222278118134,
            -0.03776833042502403
        ],
        [
            0.10960664600133896,
            0.07876544445753098,
            -0.04272250086069107
        ],
        [
            0.15107844769954681,
            0.09486013650894165,
            -0.028032619506120682
        ],
        [
            0.1527785360813141,
            0.09574408084154129,
            -0.022548062726855278
        ],
        [
            0.15353955328464508,
            0.10017941892147064,
            -0.023185454308986664
        ],
        [
            0.15215714275836945,
            0.10008285939693451,
            -0.02885396033525467
        ],
        [
            0.15566590428352356,
            0.07363809645175934,
            -0.013073024339973927
        ],
        [
            0.1611693799495697,
            0.07056958228349686,
            -0.011720195412635803
        ],
        [
            0.1612967550754547,
            0.07677015662193298,
            -0.014004843309521675
        ],
        [
            0.1557644158601761,
            0.07781174033880234,
            -0.015910044312477112
        ],
        [
            0.16593867540359497,
            0.0692053958773613,
            -0.015546930953860283
        ],
        [
            0.1667114645242691,
            0.07556349784135818,
            -0.017008990049362183
        ],
        [
            0.15347982943058014,
            0.0938243567943573,
            -0.033967673778533936
        ],
        [
            0.16003599762916565,
            0.09288214147090912,
            -0.037494540214538574
        ],
        [
            0.15673750638961792,
            0.0774206593632698,
            -0.03594508022069931
        ],
        [
            0.1512465476989746,
            0.08101584017276764,
            -0.031376536935567856
        ],
        [
            0.0993066132068634,
            0.022197984158992767,
            -0.0256502702832222
        ],
        [
            0.08851176500320435,
            0.02497858554124832,
            -0.024635255336761475
        ],
        [
            0.09292177855968475,
            0.03838876262307167,
            -0.030032426118850708
        ],
        [
            0.09680335223674774,
            0.05116681754589081,
            -0.03648204356431961
        ],
        [
            0.10154059529304504,
            0.06334783136844635,
            -0.04141901805996895
        ],
        [
            0.11316349357366562,
            0.060008566826581955,
            -0.044622428715229034
        ],
        [
            0.08501522988080978,
            0.039352141320705414,
            -0.02804712764918804
        ],
        [
            0.1481829732656479,
            0.07464669644832611,
            -0.029760992154479027
        ],
        [
            0.15399445593357086,
            0.06775673478841782,
            -0.034537505358457565
        ],
        [
            0.1487908512353897,
            0.06992381811141968,
            -0.034320905804634094
        ],
        [
            0.09996037185192108,
            0.04831567779183388,
            -0.0009129717946052551
        ],
        [
            0.16951194405555725,
            0.0937679260969162,
            -0.020921586081385612
        ],
        [
            0.11722203344106674,
            -0.011283300817012787,
            -0.002781786024570465
        ],
        [
            0.10648724436759949,
            -0.009449906647205353,
            -0.011211657896637917
        ],
        [
            0.11184429377317429,
            -0.00265628844499588,
            -0.012687519192695618
        ],
        [
            0.12395548075437546,
            -0.004051610827445984,
            -0.002359265461564064
        ],
        [
            0.1581294685602188,
            0.09539066255092621,
            -0.018225647509098053
        ],
        [
            0.16436468064785004,
            0.0946664810180664,
            -0.01728624477982521
        ],
        [
            0.1059914156794548,
            0.07916185259819031,
            -0.025362631306052208
        ],
        [
            0.10940591990947723,
            0.08310645818710327,
            -0.028753791004419327
        ],
        [
            0.10695348680019379,
            0.08396367728710175,
            -0.03196923807263374
        ],
        [
            0.10204234719276428,
            0.08255147933959961,
            -0.02812967076897621
        ],
        [
            0.08285290002822876,
            0.025487937033176422,
            -0.022771593183279037
        ],
        [
            0.08346565067768097,
            0.0725923478603363,
            -0.03435324877500534
        ],
        [
            0.09072822332382202,
            0.06836246699094772,
            -0.04111935943365097
        ],
        [
            0.08509694039821625,
            0.013169169425964355,
            -0.0199439600110054
        ],
        [
            0.09439249336719513,
            0.010335192084312439,
            -0.021364877000451088
        ],
        [
            0.09029967337846756,
            0.0019820258021354675,
            -0.01833280175924301
        ],
        [
            0.1278725117444992,
            0.06487663090229034,
            -0.043561115860939026
        ],
        [
            0.10798566043376923,
            0.022281013429164886,
            -0.026340872049331665
        ],
        [
            0.10206922888755798,
            0.009989075362682343,
            -0.02116650715470314
        ],
        [
            0.09753914177417755,
            -2.275407314300537e-05,
            -0.01755949668586254
        ],
        [
            0.09367956221103668,
            -0.007215365767478943,
            -0.015673154965043068
        ],
        [
            0.08613014221191406,
            -0.0042303577065467834,
            -0.016605880111455917
        ],
        [
            0.1656748652458191,
            0.09298212826251984,
            -0.035684406757354736
        ],
        [
            0.16065211594104767,
            0.09934566169977188,
            -0.03743239864706993
        ],
        [
            0.08117355406284332,
            -0.011891372501850128,
            -0.016215266659855843
        ],
        [
            0.08988744765520096,
            -0.014693580567836761,
            -0.01453532837331295
        ],
        [
            0.11110824346542358,
            0.00911836326122284,
            -0.01957095041871071
        ],
        [
            0.12209001183509827,
            0.008465796709060669,
            -0.015748167410492897
        ],
        [
            0.11643031239509583,
            0.02115975320339203,
            -0.02443482168018818
        ],
        [
            0.12764409184455872,
            0.021375149488449097,
            -0.02154061757028103
        ],
        [
            0.1368977129459381,
            0.058850742876529694,
            -0.045117445290088654
        ],
        [
            0.1581541746854782,
            0.11754879355430603,
            -0.034042779356241226
        ],
        [
            0.15651927888393402,
            0.10648953914642334,
            -0.03540235385298729
        ],
        [
            0.1535370945930481,
            0.10586251318454742,
            -0.030419131740927696
        ],
        [
            0.15484781563282013,
            0.11683937907218933,
            -0.031413961201906204
        ],
        [
            0.15455634891986847,
            0.0997244119644165,
            -0.03428767994046211
        ],
        [
            0.16192498803138733,
            0.10547342896461487,
            -0.0370463989675045
        ],
        [
            0.1397944837808609,
            0.02151426672935486,
            -0.01347473543137312
        ],
        [
            0.14531342685222626,
            0.07784333825111389,
            -0.022387279197573662
        ],
        [
            0.13559676706790924,
            0.008856244385242462,
            -0.002987777814269066
        ],
        [
            0.1522245705127716,
            0.027786366641521454,
            -0.006604300811886787
        ],
        [
            0.14944864809513092,
            0.020544331520795822,
            0.003241565078496933
        ],
        [
            0.13237455487251282,
            -0.002765469253063202,
            0.009775284677743912
        ],
        [
            0.14453735947608948,
            0.010314058512449265,
            0.013884183019399643
        ],
        [
            0.11858049035072327,
            -0.017154544591903687,
            0.00828205980360508
        ],
        [
            0.12453174591064453,
            -0.009889848530292511,
            0.007604533806443214
        ],
        [
            0.15303568542003632,
            0.026231378316879272,
            0.01498100720345974
        ],
        [
            0.16182655096054077,
