{
    "pred_cam": [
        7.4311676025390625,
        0.14946936070919037,
        0.00705646350979805
    ],
    "pred_mano_params": {
        "global_orient": [
            [
                [
                    -0.879374623298645,
                    0.304736465215683,
                    -0.3658362030982971
                ],
                [
                    0.29243800044059753,
                    -0.2606631815433502,
                    -0.9200732707977295
                ],
                [
                    -0.37573984265327454,
                    -0.9160733222961426,
                    0.14010407030582428
                ]
            ]
        ],
        "hand_pose": [
            [
                [
                    0.9952718615531921,
                    -0.059018976986408234,
                    -0.07714022696018219
                ],
                [
                    0.06420276314020157,
                    0.9957159757614136,
                    0.06654217094182968
                ],
                [
                    0.07288249582052231,
                    -0.07118017226457596,
                    0.9947972893714905
                ]
            ],
            [
                [
                    0.9503469467163086,
                    -0.27798840403556824,
                    0.1398681402206421
                ],
                [
                    0.30103689432144165,
                    0.9351264238357544,
                    -0.18685632944107056
                ],
                [
                    -0.07885051518678665,
                    0.21968384087085724,
                    0.9723793268203735
                ]
            ],
            [
                [
                    0.9617039561271667,
                    -0.24474728107452393,
                    0.12338694930076599
                ],
                [
                    0.23283402621746063,
                    0.9670068621635437,
                    0.10337316989898682
                ],
                [
                    -0.14461633563041687,
                    -0.07068569958209991,
                    0.9869598150253296
                ]
            ],
            [
                [
                    0.8931227326393127,
                    -0.44948768615722656,
                    -0.01710822805762291
                ],
                [
                    0.446185827255249,
                    0.8804589509963989,
                    0.16034379601478577
                ],
                [
                    -0.05700947344303131,
                    -0.1508401334285736,
                    0.9869129657745361
                ]
            ],
            [
                [
                    0.7052813768386841,
                    -0.687613308429718,
                    -0.17252865433692932
                ],
                [
                    0.7062534689903259,
                    0.6603785753250122,
                    0.2551591992378235
                ],
                [
                    -0.06151663884520531,
                    -0.3018079698085785,
                    0.9513819813728333
                ]
            ],
            [
                [
                    0.9457958340644836,
                    -0.31993308663368225,
                    0.055795345455408096
                ],
                [
                    0.32314378023147583,
                    0.9442196488380432,
                    -0.06346268206834793
                ],
                [
                    -0.03237923979759216,
                    0.07805265486240387,
                    0.9964234232902527
                ]
            ],
            [
                [
                    0.9645469188690186,
                    0.042196523398160934,
                    0.2605161964893341
                ],
                [
                    -0.0015507106436416507,
                    0.9880241751670837,
                    -0.1542915552854538
                ],
                [
                    -0.263906866312027,
                    0.14841745793819427,
                    0.9530611038208008
                ]
            ],
            [
                [
                    0.947209894657135,
                    -0.3197818696498871,
                    -0.023085085675120354
                ],
                [
                    0.3019884526729584,
                    0.8656836152076721,
                    0.3992428481578827
                ],
                [
                    -0.10768624395132065,
                    -0.38513824343681335,
                    0.9165545105934143
                ]
            ],
            [
                [
                    0.9457405209541321,
                    -0.32468441128730774,
                    -0.012446933425962925
                ],
                [
                    0.2927822768688202,
                    0.8349527716636658,
                    0.46597471833229065
                ],
                [
                    -0.1409021019935608,
                    -0.444335401058197,
                    0.8847104907035828
                ]
            ],
            [
                [
                    0.9373908042907715,
                    -0.34412243962287903,
                    -0.053648997098207474
                ],
                [
                    0.3426695764064789,
                    0.9388203024864197,
                    -0.0345548577606678
                ],
                [
                    0.06225787103176117,
                    0.014007525518536568,
                    0.9979618191719055
                ]
            ],
            [
                [
                    0.6829401254653931,
                    -0.7186301946640015,
                    -0.13100917637348175
                ],
                [
                    0.6334383487701416,
                    0.49329546093940735,
                    0.5961673259735107
                ],
                [
                    -0.3637976348400116,
                    -0.49013277888298035,
                    0.7920991778373718
                ]
            ],
            [
                [
                    0.8853654861450195,
                    -0.46442630887031555,
                    -0.020882930606603622
                ],
                [
                    0.4647899270057678,
                    0.8852282166481018,
                    0.01847285032272339
                ],
                [
                    0.009906884282827377,
                    -0.02606140449643135,
                    0.9996111989021301
                ]
            ],
            [
                [
                    0.9921612739562988,
                    0.06839419901371002,
                    -0.10458554327487946
                ],
                [
                    -0.12495934963226318,
                    0.5499070286750793,
                    -0.8258252739906311
                ],
                [
                    0.0010306630283594131,
                    0.8324208855628967,
                    0.554142951965332
                ]
            ],
            [
                [
                    0.8373351693153381,
                    -0.32728078961372375,
                    -0.4379008710384369
                ],
                [
                    0.48295271396636963,
                    0.8181828260421753,
                    0.3119833469390869
                ],
                [
                    0.25617679953575134,
                    -0.4727199971675873,
                    0.8431544303894043
                ]
            ],
            [
                [
                    0.7898555994033813,
                    -0.6119944453239441,
                    0.03988602012395859
                ],
                [
                    0.591705322265625,
                    0.74333655834198,
                    -0.3119865953922272
                ],
                [
                    0.16128534078598022,
                    0.2700251340866089,
                    0.9492489099502563
                ]
            ]
        ],
        "betas": [
            -0.059436261653900146,
            -0.11773562431335449,
            -0.04324755072593689,
            -0.06549051403999329,
            0.03153735399246216,
            -0.020649056881666183,
            0.024838775396347046,
            0.020261451601982117,
            0.00864475965499878,
            -0.03055635094642639
        ]
    },
    "pred_cam_t": [
        -0.14946936070919037,
        0.00705646350979805,
        5.2565765380859375
    ],
    "focal_length": [
        5000.0,
        5000.0
    ],
    "pred_keypoints_3d": [
        [
            0.09602053463459015,
            0.006408976390957832,
            0.006233996711671352
        ],
        [
            0.10305891185998917,
            -0.02041052281856537,
            0.033138152211904526
        ],
        [
            0.11222366243600845,
            -0.035265058279037476,
            0.05860929191112518
        ],
        [
            0.1322038471698761,
            -0.036234766244888306,
            0.07701491564512253
        ],
        [
            0.14232642948627472,
            -0.02731139399111271,
            0.1083151251077652
        ],
        [
            0.16453978419303894,
            -0.03705506771802902,
            0.047077491879463196
        ],
        [
            0.19437238574028015,
            -0.046841591596603394,
            0.057580236345529556
        ],
        [
            0.20932023227214813,
            -0.05077208951115608,
            0.07363307476043701
        ],
        [
            0.22222426533699036,
            -0.05617177486419678,
            0.09449916332960129
        ],
        [
            0.18028730154037476,
            -0.017819343134760857,
            0.042808618396520615
        ],
        [
            0.20293168723583221,
            -0.01909647509455681,
            0.06517861783504486
        ],
        [
            0.19971707463264465,
            -0.016095446422696114,
            0.08815382421016693
        ],
        [
            0.19291310012340546,
            -0.014280561357736588,
            0.11308865994215012
        ],
        [
            0.1767493039369583,
            0.008072532713413239,
            0.03691968321800232
        ],
        [
            0.20080764591693878,
            0.008398612961173058,
            0.05313902348279953
        ],
        [
            0.19814197719097137,
            0.010788233019411564,
            0.07780472934246063
        ],
        [
            0.1891954392194748,
            0.012089245952665806,
            0.10165995359420776
        ],
        [
            0.16959011554718018,
            0.028680598363280296,
            0.03522699698805809
        ],
        [
            0.19034096598625183,
            0.029221925884485245,
            0.03975336626172066
        ],
        [
            0.20405413210391998,
            0.030903847888112068,
            0.05289871618151665
        ],
        [
            0.2113066166639328,
            0.030749879777431488,
            0.07182624936103821
        ]
    ],
    "pred_vertices": [
        [
            0.12879039347171783,
            -0.019100943580269814,
            0.042885974049568176
        ],
        [
            0.11970248818397522,
            -0.014985412359237671,
            0.040124282240867615
        ],
        [
            0.1223582923412323,
            -0.02100866660475731,
            0.04797825962305069
        ],
        [
            0.13034763932228088,
            -0.026072734966874123,
            0.04918793961405754
        ],
        [
            0.10275255143642426,
            -0.011705927550792694,
            0.05010031536221504
        ],
        [
            0.09180232137441635,
            -0.0176113098859787,
            0.04971705749630928
        ],
        [
            0.100796639919281,
            -0.025242343544960022,
            0.06191842257976532
        ],
        [
            0.10808127373456955,
            -0.01804175227880478,
            0.060677461326122284
        ],
        [
            0.13204553723335266,
            -0.03213127702474594,
            0.052723973989486694
        ],
        [
            0.12433363497257233,
            -0.02546788565814495,
            0.05426149070262909
        ],
        [
            0.13133125007152557,
            -0.035435646772384644,
            0.05073025822639465
        ],
        [
            0.14090509712696075,
            -0.043635182082653046,
            0.04495255649089813
        ],
        [
            0.14017070829868317,
            -0.03828238695859909,
            0.04960980638861656
        ],
        [
            0.1490994542837143,
            -0.04613812640309334,
            0.04331979155540466
        ],
        [
            0.13720087707042694,
            -0.045572295784950256,
            0.034771960228681564
        ],
        [
            0.1520829051733017,
            -0.04506959393620491,
            0.0343300998210907
        ],
        [
            0.14444500207901,
            -0.02484401874244213,
            0.014402501285076141
        ],
        [
            0.14635223150253296,
            -0.01179439015686512,
            0.01051359623670578
        ],
        [
            0.16153711080551147,
            -0.014590446837246418,
            0.017229529097676277
        ],
        [
            0.1578245609998703,
            -0.02718041092157364,
            0.02129170298576355
        ],
        [
            0.15681983530521393,
            0.005427409429103136,
            0.014296885579824448
        ],
        [
            0.16048240661621094,
            -0.005657570902258158,
            0.016072627156972885
        ],
        [
            0.14573539793491364,
            -0.003102281130850315,
            0.008212387561798096
        ],
        [
            0.1434059590101242,
            0.00685485452413559,
            0.007105167955160141
        ],
        [
            0.126918762922287,
            -0.0046320632100105286,
            0.03512265160679817
        ],
        [
            0.11743278801441193,
            -0.0008696317672729492,
            0.03174486756324768
        ],
        [
            0.11816857755184174,
            -0.0067729651927948,
            0.03336877375841141
        ],
        [
            0.12688370048999786,
            -0.01009189523756504,
            0.036998338997364044
        ],
        [
            0.1256944239139557,
            -0.040109697729349136,
            0.0544065497815609
        ],
        [
            0.12174060940742493,
            -0.04485008865594864,
            0.04354722052812576
        ],
        [
            0.1284174621105194,
            -0.04149198904633522,
            0.04574263468384743
        ],
        [
            0.12732410430908203,
            -0.03531145304441452,
            0.056281231343746185
        ],
        [
            0.09471660107374191,
            0.017328916117548943,
            0.02772475965321064
        ],
        [
            0.08522380143404007,
            0.017079871147871017,
            0.018111037090420723
        ],
        [
            0.08395136147737503,
            0.011348254978656769,
            0.01862531714141369
        ],
        [
            0.0932079628109932,
            0.012691330164670944,
            0.02684333734214306
        ],
        [
            0.08262988179922104,
            -0.007470633834600449,
            0.03020840883255005
        ],
        [
            0.0785832330584526,
            -0.005673371255397797,
            0.0202568918466568
        ],
        [
            0.07374513894319534,
            -0.015483330935239792,
            0.012025311589241028
        ],
        [
            0.0786939337849617,
            -0.02005668543279171,
            0.020041994750499725
        ],
        [
            0.08736276626586914,
            -0.01206212118268013,
            0.04070184752345085
        ],
        [
            0.08188924193382263,
            -0.022973261773586273,
            0.03328133001923561
        ],
        [
            0.0873156264424324,
            -0.027482135221362114,
            0.045201271772384644
        ],
        [
            0.09793797880411148,
            -0.033968836069107056,
            0.05959116294980049
        ],
        [
            0.0890125036239624,
            0.02872011438012123,
            0.014143165200948715
        ],
        [
            0.09624198079109192,
            0.030718771740794182,
            0.021021073684096336
        ],
        [
            0.19098331034183502,
            -0.05019472539424896,
            0.06847372651100159
        ],
        [
            0.19323185086250305,
            -0.044890955090522766,
            0.06951940804719925
        ],
        [
            0.18899454176425934,
            -0.043807562440633774,
            0.06737840920686722
        ],
        [
            0.1877516806125641,
            -0.04933341592550278,
            0.0666336715221405
        ],
        [
            0.10391821712255478,
            0.03470614552497864,
            0.0018956288695335388
        ],
        [
            0.10797689110040665,
            0.030917204916477203,
            -0.006589759141206741
        ],
        [
            0.10134539008140564,
            0.03346855938434601,
            -0.008316103368997574
        ],
        [
            0.0967058390378952,
            0.035279352217912674,
            -0.00029094889760017395
        ],
        [
            0.11339056491851807,
            0.033798977732658386,
            0.0049707964062690735
        ],
        [
            0.11680906265974045,
            0.02704073302447796,
            -0.0034844540059566498
        ],
        [
            0.19717076420783997,
            -0.055842719972133636,
            0.05886642262339592
        ],
        [
            0.19399255514144897,
            -0.056442998349666595,
            0.06283542513847351
        ],
        [
            0.1909307986497879,
            -0.05560017749667168,
            0.059287454932928085
        ],
        [
            0.19367529451847076,
            -0.05408146232366562,
            0.055095572024583817
        ],
        [
            0.13854345679283142,
            -0.030997145920991898,
            0.05011948198080063
        ],
        [
            0.13712452352046967,
            -0.022193439304828644,
            0.04672718793153763
        ],
        [
            0.15687333047389984,
            -0.03493695706129074,
            0.055309444665908813
        ],
        [
            0.14893366396427155,
            -0.028611093759536743,
            0.050828967243433
        ],
        [
            0.14662519097328186,
            -0.03560740500688553,
            0.05115766450762749
        ],
        [
            0.15380269289016724,
            -0.0404558889567852,
            0.053207773715257645
        ],
        [
            0.1487286239862442,
            -0.006261820904910564,
            0.04225043207406998
        ],
        [
            0.1379883587360382,
            -0.004096112214028835,
            0.03778768330812454
        ],
        [
            0.13849622011184692,
            -0.010432969778776169,
            0.039854854345321655
        ],
        [
            0.14959880709648132,
            -0.014146005734801292,
            0.045768268406391144
        ],
        [
            0.13820722699165344,
            0.010081641376018524,
            0.03688495233654976
        ],
        [
            0.14896278083324432,
            0.0067071933299303055,
            0.041048549115657806
        ],
        [
            0.1480042189359665,
            0.01517940778285265,
            0.040226660668849945
        ],
        [
            0.14009028673171997,
            0.016285285353660583,
            0.038189973682165146
        ],
        [
            0.16697663068771362,
            -0.0023252605460584164,
            0.04751740023493767
        ],
        [
            0.17401455342769623,
            -0.004882900044322014,
            0.04937099665403366
        ],
        [
            0.17583979666233063,
            -0.0016100218053907156,
            0.04880369082093239
        ],
        [
            0.1672937124967575,
            0.0011345362290740013,
            0.046462446451187134
        ],
        [
            0.09501446783542633,
            0.035250261425971985,
            -0.010979339480400085
        ],
        [
            0.08982425183057785,
            0.03484538197517395,
            -0.0026058293879032135
        ],
        [
            0.15194664895534515,
            0.02629232034087181,
            0.015211571007966995
        ],
        [
            0.14594143629074097,
            0.0347917415201664,
            0.019452549517154694
        ],
        [
            0.1572924554347992,
            0.035642705857753754,
            0.024576211348176003
        ],
        [
            0.16036558151245117,
            0.026411037892103195,
            0.018756821751594543
        ],
        [
            0.11082843691110611,
            0.02217785269021988,
            -0.011522281914949417
        ],
        [
            0.1050143763422966,
            0.02648681029677391,
            -0.014637544751167297
        ],
        [
            0.2009900063276291,
            -0.05175560712814331,
            0.056343965232372284
        ],
        [
            0.19693823158740997,
            -0.04952802509069443,
            0.05295523256063461
        ],
        [
            0.08896646648645401,
            -0.03538300842046738,
            0.033914580941200256
        ],
        [
            0.09935265779495239,
            -0.04139896482229233,
            0.05341450870037079
        ],
        [
            0.08399885892868042,
            -0.0291952732950449,
            0.019211824983358383
        ],
        [
            0.08161038905382156,
            -0.024429984390735626,
            0.009051848202943802
        ],
        [
            0.0771128311753273,
            -0.021327784284949303,
            0.0019323676824569702
        ],
        [
            0.154001846909523,
            -0.023822776973247528,
            0.05159075930714607
        ],
        [
            0.1344880759716034,
            -0.014762741513550282,
            0.04143627732992172
        ],
        [
            0.1269967406988144,
            0.0004726964980363846,
            0.03413810953497887
        ],
        [
            0.13108445703983307,
            0.03103489987552166,
            0.035647325217723846
        ],
        [
            0.12094859033823013,
            0.03258877247571945,
            0.032239049673080444
        ],
        [
            0.12268765270709991,
            0.02269599214196205,
            0.03569142520427704
        ],
        [
            0.131453275680542,
            0.023263784125447273,
            0.037354789674282074
        ],
        [
            0.1429695039987564,
            0.038329362869262695,
            0.027980545535683632
        ],
        [
            0.14230498671531677,
            0.034946370869874954,
            0.035186197608709335
        ],
        [
            0.15192118287086487,
            0.034140825271606445,
            0.03829829394817352
        ],
        [
            0.15335585176944733,
            0.03786388039588928,
            0.032047372311353683
        ],
        [
            0.12152941524982452,
            -0.045866575092077255,
            0.05624592304229736
        ],
        [
            0.11487419158220291,
            -0.04746760055422783,
            0.04295741766691208
        ],
        [
            0.0990489199757576,
            0.03497020900249481,
            0.011324681341648102
        ],
        [
            0.0920354351401329,
            0.03312670439481735,
            0.00848410278558731
        ],
        [
            0.08536061644554138,
            0.03251731023192406,
            0.0033168569207191467
        ],
        [
            0.10550630837678909,
            0.007227877154946327,
            0.03038075566291809
        ],
        [
            0.09209151566028595,
            0.009490333497524261,
            0.026352081447839737
        ],
        [
            0.09177331626415253,
            0.005438696593046188,
            0.027729174122214317
        ],
        [
            0.10596916079521179,
            0.003780696541070938,
            0.029856335371732712
        ],
        [
            0.1104825809597969,
            -0.008403073996305466,
            0.03960075229406357
        ],
        [
            0.0974784567952156,
            -0.004785727709531784,
            0.039329566061496735
        ],
        [
            0.11477792263031006,
            -0.013457905501127243,
            0.04901038855314255
        ],
        [
            0.08066719025373459,
            0.003966886550188065,
            0.01860216073691845
        ],
        [
            0.07521935552358627,
            0.011796519160270691,
            0.013193722814321518
        ],
        [
            0.0730038657784462,
            0.003187160938978195,
            0.013086847960948944
        ],
        [
            0.07815224677324295,
            0.02086060866713524,
            0.01083080843091011
        ],
        [
            0.08162087202072144,
            0.02843658998608589,
            0.00763281062245369
        ],
        [
            0.09955751150846481,
            0.029482858255505562,
            -0.020476482808589935
        ],
        [
            0.07239875942468643,
            -0.005083318799734116,
            0.01212739571928978
        ],
        [
            0.11202318966388702,
            -0.023265371099114418,
            0.06649528443813324
        ],
        [
            0.11630558967590332,
            -0.026692844927310944,
            0.07044446468353271
        ],
        [
            0.12153385579586029,
            -0.024532077834010124,
            0.06555813550949097
        ],
        [
            0.11861695349216461,
            -0.022430548444390297,
            0.06185188889503479
        ],
        [
            0.15868155658245087,
            -0.048234160989522934,
            0.04287462681531906
        ],
        [
            0.1556861251592636,
            -0.04579929634928703,
            0.049782946705818176
        ],
        [
            0.14587262272834778,
            -0.042653243988752365,
            0.04863644763827324
        ],
        [
            0.10521957278251648,
            0.02065160498023033,
            0.03147679939866066
        ],
        [
            0.10592895746231079,
            0.031914155930280685,
            0.02582699805498123
        ],
        [
            0.16235294938087463,
            -0.030755864456295967,
            0.05556874722242355
        ],
        [
            0.1908365786075592,
            -0.052791252732276917,
            0.05138453468680382
        ],
        [
            0.18767452239990234,
            -0.05467533320188522,
            0.055923596024513245
        ],
        [
            0.17318060994148254,
            -0.05096323788166046,
            0.04752880707383156
        ],
        [
            0.17739470303058624,
            -0.04899359494447708,
            0.04269396513700485
        ],
        [
            0.17371658980846405,
            -0.03064468502998352,
            0.05278889089822769
        ],
        [
            0.16840071976184845,
            -0.033070243895053864,
            0.056144196540117264
        ],
        [
            0.1719825565814972,
            -0.034017231315374374,
            0.055910490453243256
        ],
        [
            0.17749543488025665,
            -0.031157489866018295,
            0.05428040400147438
        ],
        [
            0.17296479642391205,
            0.006913987919688225,
            0.04614940285682678
        ],
        [
            0.1658952832221985,
            0.009391536004841328,
            0.04469040781259537
        ],
        [
            0.17053191363811493,
            -0.027761273086071014,
            0.030596686527132988
        ],
        [
            0.16455593705177307,
            -0.03992732986807823,
            0.029406525194644928
        ],
        [
            0.1543716937303543,
            -0.03818485140800476,
            0.025552643463015556
        ],
        [
            0.1482241153717041,
            0.0010780300945043564,
            0.04085642099380493
        ],
        [
            0.15811192989349365,
            -5.162879824638367e-05,
            0.04478739574551582
        ],
        [
            0.1584705263376236,
            0.004040256142616272,
            0.044093113392591476
        ],
        [
            0.1585383117198944,
            -0.021808329969644547,
            0.05170738324522972
        ],
        [
            0.1659923940896988,
            -0.02606154978275299,
            0.054121993482112885
        ],
        [
            0.16421282291412354,
            -0.020580125972628593,
            0.05110214278101921
        ],
        [
            0.15787671506404877,
            -0.0166644174605608,
            0.04904093220829964
        ],
        [
            0.1345561146736145,
            0.03480733186006546,
            0.013007063418626785
        ],
        [
            0.130875825881958,
            0.039351701736450195,
            0.02295219525694847
        ],
        [
            0.19150152802467346,
            -0.05438260734081268,
            0.06623680889606476
        ],
        [
            0.1884748488664627,
            -0.05365582928061485,
            0.0635639876127243
        ],
        [
            0.13769599795341492,
            0.0030417460948228836,
            0.03649558126926422
        ],
        [
            0.14156176149845123,
            -0.034883271902799606,
            0.02054348774254322
        ],
        [
            0.12698209285736084,
            0.005974475294351578,
            0.0334915891289711
        ],
        [
            0.17284910380840302,
            0.01341565977782011,
            0.026656251400709152
        ],
        [
            0.17300288379192352,
            0.01748335361480713,
            0.03180139139294624
        ],
        [
            0.17780351638793945,
            0.015231737866997719,
            0.03563738241791725
        ],
        [
            0.18017850816249847,
            0.012605217285454273,
            0.03126642107963562
        ],
        [
            0.1910858005285263,
            -0.0347311794757843,
            0.05945796146988869
        ],
        [
            0.18842262029647827,
            -0.037258319556713104,
            0.06380698084831238
        ],
        [
            0.19208306074142456,
            -0.03860203176736832,
            0.06584004312753677
        ],
        [
            0.19553060829639435,
            -0.03651010990142822,
            0.06167154386639595
        ],
        [
            0.1647919863462448,
            -0.0377388559281826,
            0.0565141886472702
        ],
        [
            0.1618182510137558,
            -0.043261606246232986,
            0.05473686382174492
        ],
        [
            0.16856679320335388,
            -0.044342298060655594,
            0.056552786380052567
        ],
        [
            0.17038296163082123,
            -0.038764238357543945,
            0.05704836547374725
        ],
        [
            0.1639336198568344,
            -0.04805748164653778,
            0.05029483139514923
        ],
        [
            0.16974781453609467,
            -0.04913494363427162,
            0.05247979983687401
        ],
        [
            0.19374136626720428,
            -0.0360441580414772,
            0.05372297763824463
        ],
        [
            0.19482503831386566,
            -0.04176066443324089,
            0.04897856339812279
        ],
        [
            0.18290945887565613,
            -0.03686198592185974,
            0.04178959131240845
        ],
        [
            0.18257266283035278,
            -0.03278485685586929,
            0.048721734434366226
        ],
        [
            0.13075017929077148,
            0.007918860763311386,
            -0.0008260570466518402
        ],
        [
            0.12973202764987946,
            0.019020220264792442,
            -5.44227659702301e-05
        ],
        [
            0.14225079119205475,
            0.018250102177262306,
            0.007837176322937012
        ],
        [
            0.15471361577510834,
            0.017825882881879807,
            0.014472108334302902
        ],
        [
            0.16601040959358215,
            0.016666343435645103,
            0.021923668682575226
        ],
        [
            0.1688224971294403,
            0.0049266330897808075,
            0.019221724942326546
        ],
        [
            0.13995569944381714,
            0.026024017482995987,
            0.008394908159971237
        ],
        [
            0.17484889924526215,
            -0.02715807780623436,
            0.043247297406196594
        ],
        [
            0.1740875244140625,
            -0.033348198980093,
            0.036830149590969086
        ],
        [
            0.17488804459571838,
            -0.027528665959835052,
            0.036563850939273834
        ],
        [
            0.1271858513355255,
            0.013372205197811127,
            0.03452333062887192
        ],
        [
            0.18516844511032104,
            -0.05334870144724846,
            0.060358669608831406
        ],
        [
            0.09602814167737961,
            -0.01812172681093216,
            -0.009170189499855042
        ],
        [
            0.1019866093993187,
            -0.007280753925442696,
            -0.014793597161769867
        ],
        [
            0.10810684412717819,
            -0.010746786370873451,
            -0.009531371295452118
        ],
        [
            0.10104328393936157,
            -0.0226980559527874,
            -0.0022851191461086273
        ],
        [
            0.18527868390083313,
            -0.043005574494600296,
            0.06575343757867813
        ],
        [
            0.18388484418392181,
            -0.04902804642915726,
            0.06472839415073395
        ],
        [
            0.16819043457508087,
            0.015874188393354416,
            0.04372682794928551
        ],
        [
            0.17372964322566986,
            0.012501036748290062,
            0.04433848336338997
        ],
        [
            0.17615371942520142,
            0.014764050021767616,
            0.0421392023563385
        ],
        [
            0.17237231135368347,
            0.02005690336227417,
            0.0422884039580822
        ],
        [
            0.12759453058242798,
            0.02453228086233139,
            0.00046824291348457336
        ],
        [
            0.1647614687681198,
            0.03568210080265999,
            0.026964496821165085
        ],
        [
            0.16678808629512787,
            0.028038781136274338,
            0.021633122116327286
        ],
        [
            0.11864422261714935,
            0.01926366426050663,
            -0.006942369043827057
        ],
        [
            0.11966720968484879,
            0.009588293731212616,
            -0.008247949182987213
        ],
        [
            0.11168048530817032,
            0.011386878788471222,
            -0.013541415333747864
        ],
        [
            0.17475441098213196,
            -0.007937360554933548,
            0.02559518814086914
        ],
        [
            0.13285288214683533,
            -0.0004413556307554245,
            0.00041738152503967285
        ],
        [
            0.12060403823852539,
            0.0020626606419682503,
            -0.0069387927651405334
        ],
        [
            0.11109542846679688,
            0.0038535436615347862,
            -0.013224046677350998
        ],
        [
            0.10469602048397064,
            0.005743511952459812,
            -0.01827506348490715
        ],
        [
            0.10592473298311234,
            0.013836586847901344,
            -0.017987661063671112
        ],
        [
            0.1935834139585495,
            -0.04751720651984215,
            0.04925644025206566
        ],
        [
            0.19954140484333038,
            -0.04334096610546112,
            0.05269453302025795
        ],
        [
            0.10018876940011978,
            0.016709960997104645,
            -0.02448492869734764
        ],
        [
            0.098686084151268,
            0.007527644746005535,
            -0.02396499738097191
        ],
        [
            0.12036346644163132,
            -0.0069424184039235115,
            -0.004881039261817932
        ],
        [
            0.1188664436340332,
            -0.01782914437353611,
            -0.000947222113609314
        ],
        [
            0.13216239213943481,
            -0.008924150839447975,
            0.0023537538945674896
        ],
        [
            0.13193833827972412,
            -0.019853733479976654,
            0.006549980491399765
        ],
        [
            0.17292770743370056,
            -0.017744114622473717,
            0.021865682676434517
        ],
        [
            0.21163184940814972,
            -0.04524131491780281,
            0.0663302019238472
        ],
        [
            0.2036697119474411,
            -0.04078904911875725,
            0.05969393625855446
        ],
        [
            0.2005508542060852,
            -0.03869018331170082,
            0.06408344954252243
        ],
        [
            0.2100580632686615,
            -0.04252275079488754,
            0.06920397281646729
        ],
        [
            0.19837716221809387,
            -0.03799980878829956,
            0.05666825920343399
        ],
        [
            0.2035195678472519,
            -0.04556930810213089,
            0.05635760724544525
        ],
        [
            0.12723185122013092,
            -0.0322924442589283,
            0.014614760875701904
        ],
        [
            0.1709357053041458,
            -0.02387118712067604,
            0.05159548297524452
        ],
        [
            0.11053445935249329,
            -0.030989857390522957,
            0.009837310761213303
        ],
        [
            0.12533080577850342,
            -0.044566810131073,
            0.02784901112318039
        ],
        [
            0.11198601126670837,
            -0.042681701481342316,
            0.026748735457658768
        ],
        [
            0.09276842325925827,
            -0.029944268986582756,
            0.006853062659502029
        ],
        [
            0.09657955914735794,
            -0.03862588852643967,
            0.022071294486522675
        ],
        [
            0.08400875329971313,
            -0.0210148636251688,
            -0.006770312786102295
        ],
        [
            0.0896298959851265,
            -0.024610087275505066,
            -0.0009446479380130768
        ],
        [
            0.10176365822553635,
            -0.04476556181907654,
            0.03891274705529213
        ],
        [
            0.19962531328201294,
