{
    "pred_cam": [
        9.291796684265137,
        -0.12967337667942047,
        -0.05662701278924942
    ],
    "pred_mano_params": {
        "global_orient": [
            [
                [
                    -0.5734688639640808,
                    0.15911152958869934,
                    0.8036274313926697
                ],
                [
                    -0.70073002576828,
                    -0.6034473776817322,
                    -0.3805636763572693
                ],
                [
                    0.4243948459625244,
                    -0.7813672423362732,
                    0.4575525224208832
                ]
            ]
        ],
        "hand_pose": [
            [
                [
                    0.6761631369590759,
                    -0.6483385562896729,
                    -0.3499433994293213
                ],
                [
                    0.6366429924964905,
                    0.7532204985618591,
                    -0.1653619408607483
                ],
                [
                    0.3707950711250305,
                    -0.11097735911607742,
                    0.9220601320266724
                ]
            ],
            [
                [
                    0.5990961790084839,
                    -0.7763559818267822,
                    0.19584491848945618
                ],
                [
                    0.7976628541946411,
                    0.5575070381164551,
                    -0.2300432324409485
                ],
                [
                    0.06941051036119461,
                    0.29403620958328247,
                    0.953270673751831
                ]
            ],
            [
                [
                    0.7720596194267273,
                    -0.5821362733840942,
                    0.2550319731235504
                ],
                [
                    0.5391109585762024,
                    0.8123751282691956,
                    0.22227470576763153
                ],
                [
                    -0.33657577633857727,
                    -0.034118782728910446,
                    0.9410380721092224
                ]
            ],
            [
                [
                    0.4714556336402893,
                    -0.7751476168632507,
                    -0.4205659031867981
                ],
                [
                    0.8345118761062622,
                    0.5463356971740723,
                    -0.07146446406841278
                ],
                [
                    0.2851656973361969,
                    -0.31727492809295654,
                    0.9044429659843445
                ]
            ],
            [
                [
                    0.4190481901168823,
                    -0.8666269779205322,
                    -0.27084365487098694
                ],
                [
                    0.9076818227767944,
                    0.3924095332622528,
                    0.14875639975070953
                ],
                [
                    -0.022634677588939667,
                    -0.3081759512424469,
                    0.9510600566864014
                ]
            ],
            [
                [
                    0.8291010856628418,
                    -0.5473340749740601,
                    0.11409130692481995
                ],
                [
                    0.5476301908493042,
                    0.8361256122589111,
                    0.0315469391644001
                ],
                [
                    -0.11266136914491653,
                    0.036324240267276764,
                    0.9929693341255188
                ]
            ],
            [
                [
                    0.35987672209739685,
                    -0.932242214679718,
                    -0.0375928059220314
                ],
                [
                    0.8756622076034546,
                    0.3235788941383362,
                    0.35848644375801086
                ],
                [
                    -0.3220319449901581,
                    -0.16192950308322906,
                    0.9327778220176697
                ]
            ],
            [
                [
                    0.5868274569511414,
                    -0.7881914973258972,
                    -0.18543924391269684
                ],
                [
                    0.6685255169868469,
                    0.3424135148525238,
                    0.6601716876029968
                ],
                [
                    -0.4568447768688202,
                    -0.51137775182724,
                    0.7278637290000916
                ]
            ],
            [
                [
                    0.891456663608551,
                    -0.4298999011516571,
                    0.14314711093902588
                ],
                [
                    0.3891875147819519,
                    0.8882665038108826,
                    0.24395819008350372
                ],
                [
                    -0.23203042149543762,
                    -0.16176708042621613,
                    0.9591627717018127
                ]
            ],
            [
                [
                    0.3811272382736206,
                    -0.9124966859817505,
                    -0.14863333106040955
                ],
                [
                    0.9088584780693054,
                    0.399264931678772,
                    -0.1206805482506752
                ],
                [
                    0.16946466267108917,
                    -0.08909201622009277,
                    0.981501042842865
                ]
            ],
            [
                [
                    0.45324423909187317,
                    -0.8752006888389587,
                    -0.169095978140831
                ],
                [
                    0.753524124622345,
                    0.27484485507011414,
                    0.5972115993499756
                ],
                [
                    -0.4762048125267029,
                    -0.3981006145477295,
                    0.7840566635131836
                ]
            ],
            [
                [
                    0.8752853274345398,
                    -0.4781950116157532,
                    0.07214672863483429
                ],
                [
                    0.46289166808128357,
                    0.8716124296188354,
                    0.16131655871868134
                ],
                [
                    -0.14002476632595062,
                    -0.1078018918633461,
                    0.9842620491981506
                ]
            ],
            [
                [
                    0.8998651504516602,
                    0.10546215623617172,
                    -0.42322611808776855
                ],
                [
                    -0.3873598873615265,
                    0.6392486691474915,
                    -0.6643142700195312
                ],
                [
                    0.20048671960830688,
                    0.761734127998352,
                    0.616089403629303
                ]
            ],
            [
                [
                    0.8607691526412964,
                    -0.3359104096889496,
                    -0.38241422176361084
                ],
                [
                    0.48674294352531433,
                    0.7629472613334656,
                    0.4254325032234192
                ],
                [
                    0.14885465800762177,
                    -0.5523366332054138,
                    0.8202235102653503
                ]
            ],
            [
                [
                    0.8878605365753174,
                    -0.3060070276260376,
                    -0.3436035215854645
                ],
                [
                    0.1490468978881836,
                    0.8977946043014526,
                    -0.4144270718097687
                ],
                [
                    0.4353030025959015,
                    0.31674039363861084,
                    0.8427258133888245
                ]
            ]
        ],
        "betas": [
            -0.0035501867532730103,
            -0.08049237728118896,
            -0.05087381601333618,
            0.02697417140007019,
            0.03226524591445923,
            -0.012593764811754227,
            0.08442193269729614,
            -0.017598271369934082,
            0.021676883101463318,
            -0.04143023490905762
        ]
    },
    "pred_cam_t": [
        -0.12967337667942047,
        -0.05662701278924942,
        4.203977108001709
    ],
    "focal_length": [
        5000.0,
        5000.0
    ],
    "pred_keypoints_3d": [
        [
            0.0957861840724945,
            0.006383118685334921,
            0.0062006376683712006
        ],
        [
            0.12786540389060974,
            0.022787408903241158,
            0.019877588376402855
        ],
        [
            0.15158924460411072,
            0.04242350161075592,
            0.019229836761951447
        ],
        [
            0.16273660957813263,
            0.06519858539104462,
            0.009605376049876213
        ],
        [
            0.1631104052066803,
            0.09867575019598007,
            0.000538969412446022
        ],
        [
            0.16205886006355286,
            0.06349657475948334,
            -0.01773853600025177
        ],
        [
            0.16532902419567108,
            0.09635092318058014,
            -0.019175289198756218
        ],
        [
            0.15592747926712036,
            0.10786668956279755,
            -0.0026499591767787933
        ],
        [
            0.1483253389596939,
            0.10682108998298645,
            0.020472034811973572
        ],
        [
            0.1471247375011444,
            0.07498933374881744,
            -0.0343998558819294
        ],
        [
            0.13946932554244995,
            0.10502173006534576,
            -0.02763281762599945
        ],
        [
            0.13003046810626984,
            0.10473830997943878,
            -0.006334440782666206
        ],
        [
            0.12603877484798431,
            0.09603459388017654,
            0.017232663929462433
        ],
        [
            0.1206430196762085,
            0.07626958936452866,
            -0.03766005113720894
        ],
        [
            0.11564215272665024,
            0.1031263992190361,
            -0.028278358280658722
        ],
        [
            0.10850074887275696,
            0.0991051197052002,
            -0.004858076572418213
        ],
        [
            0.10644571483135223,
            0.08886826038360596,
            0.018126491457223892
        ],
        [
            0.0990050882101059,
            0.07708412408828735,
            -0.035059746354818344
        ],
        [
            0.09425029903650284,
            0.09515626728534698,
            -0.025166092440485954
        ],
        [
            0.08851595222949982,
            0.09042645990848541,
            -0.007702557370066643
        ],
        [
            0.08743896335363388,
            0.07962799817323685,
            0.007073479704558849
        ]
    ],
    "pred_vertices": [
        [
            0.1338985413312912,
            0.04461401700973511,
            0.004971146583557129
        ],
        [
            0.12640894949436188,
            0.03824657201766968,
            0.010148409754037857
        ],
        [
            0.1346006989479065,
            0.043610505759716034,
            0.010974574834108353
        ],
        [
            0.1418863832950592,
            0.04781230166554451,
            0.007021412253379822
        ],
        [
            0.1258261501789093,
            0.03980618342757225,
            0.028481796383857727
        ],
        [
            0.13032841682434082,
            0.03255268931388855,
            0.03736642003059387
        ],
        [
            0.14334982633590698,
            0.044519901275634766,
            0.032973844558000565
        ],
        [
            0.1367347240447998,
            0.04932858794927597,
            0.02669026330113411
        ],
        [
            0.14884081482887268,
            0.04945478215813637,
            0.006537893787026405
        ],
        [
            0.141261026263237,
            0.04821758344769478,
            0.011551987379789352
        ],
        [
            0.15137922763824463,
            0.046532995998859406,
            0.004155933856964111
        ],
        [
            0.16076521575450897,
            0.04522020369768143,
            -0.003670569509267807
        ],
        [
            0.15647628903388977,
            0.05023029074072838,
            0.00045478157699108124
        ],
        [
            0.16571319103240967,
            0.048432137817144394,
            -0.009579429402947426
        ],
        [
            0.15972428023815155,
            0.03472510725259781,
            -0.006960742175579071
        ],
        [
            0.16484957933425903,
            0.044244132936000824,
            -0.018091222271323204
        ],
        [
            0.13947391510009766,
            0.030853819102048874,
            -0.024183670058846474
        ],
        [
            0.12716370820999146,
            0.03308698534965515,
            -0.02918991632759571
        ],
        [
            0.13556376099586487,
            0.04656829684972763,
            -0.03771352767944336
        ],
        [
            0.14712369441986084,
            0.043539948761463165,
            -0.030891455709934235
        ],
        [
            0.114600770175457,
            0.04797716066241264,
            -0.03840503469109535
        ],
        [
            0.12655261158943176,
            0.04791009798645973,
            -0.038382887840270996
        ],
        [
            0.11833828687667847,
            0.03370464965701103,
            -0.031027071177959442
        ],
        [
            0.10810399055480957,
            0.0346183180809021,
            -0.03110242448747158
        ],
        [
            0.11918994784355164,
            0.04268853738903999,
            0.0010643694549798965
        ],
        [
            0.1120975911617279,
            0.03576449677348137,
            0.006428014487028122
        ],
        [
            0.11740928888320923,
            0.035211097449064255,
            0.007520105689764023
        ],
        [
            0.12429322302341461,
            0.042220693081617355,
            0.0026631150394678116
        ],
        [
            0.1559911072254181,
            0.044266216456890106,
            0.006680618971586227
        ],
        [
            0.15690049529075623,
            0.03276363015174866,
            0.007161574438214302
        ],
        [
            0.1552709937095642,
            0.03908388316631317,
            0.0032434817403554916
        ],
        [
            0.15244239568710327,
            0.0484142005443573,
            0.006714394316077232
        ],
        [
            0.0888582393527031,
            0.025459710508584976,
            0.019506171345710754
        ],
        [
            0.0849219560623169,
            0.012605845928192139,
            0.020945433527231216
        ],
        [
            0.0901038646697998,
            0.010584838688373566,
            0.022958841174840927
        ],
        [
            0.09263541549444199,
            0.022544540464878082,
            0.020900404080748558
        ],
        [
            0.11123636364936829,
            0.013972271233797073,
            0.03463483229279518
        ],
        [
            0.10561715066432953,
            0.004156716167926788,
            0.030556391924619675
        ],
        [
            0.11217981576919556,
            -0.007939279079437256,
            0.029610881581902504
        ],
        [
            0.11999930441379547,
            4.937499761581421e-05,
            0.031291522085666656
        ],
        [
            0.12050875276327133,
            0.02402113378047943,
            0.03739459067583084
        ],
        [
            0.12783661484718323,
            0.011848263442516327,
            0.03706224262714386
        ],
        [
            0.13787110149860382,
            0.02362406626343727,
            0.037943415343761444
        ],
        [
            0.15025830268859863,
            0.03802644833922386,
            0.03311274200677872
        ],
        [
            0.07422947138547897,
            0.015178754925727844,
            0.014323674142360687
        ],
        [
            0.07540199905633926,
            0.025232043117284775,
            0.012765627354383469
        ],
        [
            0.16387957334518433,
            0.0916602686047554,
            -0.005818169564008713
        ],
        [
            0.15792512893676758,
            0.09211040288209915,
            -0.00732879713177681
        ],
        [
            0.15853625535964966,
            0.08927896618843079,
            -0.007651370018720627
        ],
        [
            0.16429567337036133,
            0.08940257132053375,
            -0.006332624703645706
        ],
        [
            0.07021383941173553,
            0.016117863357067108,
            -0.005544811487197876
        ],
        [
            0.073429636657238,
            0.010804563760757446,
            -0.013470081612467766
        ],
        [
            0.06899949908256531,
            0.006430394947528839,
            -0.009638488292694092
        ],
        [
            0.06743399798870087,
            0.010473817586898804,
            -0.0012885034084320068
        ],
        [
            0.07392819970846176,
            0.023555099964141846,
            -0.011136863380670547
        ],
        [
            0.0798831582069397,
            0.01706906408071518,
            -0.01815175823867321
        ],
        [
            0.17082515358924866,
            0.0992879867553711,
            -0.013534732162952423
        ],
        [
            0.17069153487682343,
            0.09651770442724228,
            -0.009042251855134964
        ],
        [
            0.17202317714691162,
            0.09325800091028214,
            -0.012037389911711216
        ],
        [
            0.17161618173122406,
            0.09489753842353821,
            -0.01727050170302391
        ],
        [
            0.14945761859416962,
            0.052151069045066833,
            0.0025722049176692963
        ],
        [
            0.14034180343151093,
            0.05168101191520691,
            0.0014276094734668732
        ],
        [
            0.1577279418706894,
            0.06360480934381485,
            -0.0058339741080999374
        ],
        [
            0.15051540732383728,
            0.0592542365193367,
            -0.004457347095012665
        ],
        [
            0.15637461841106415,
            0.05587121844291687,
            -0.002237856388092041
        ],
        [
            0.16210544109344482,
            0.059671033173799515,
            -0.004690052941441536
        ],
        [
            0.1278647482395172,
            0.0597221739590168,
            -0.011510079726576805
        ],
        [
            0.12224043160676956,
            0.05109061673283577,
            -0.006058555096387863
        ],
        [
            0.1286606341600418,
            0.05102851614356041,
            -0.004599826410412788
        ],
        [
            0.13617168366909027,
            0.06053463742136955,
            -0.009233683347702026
        ],
        [
            0.10863387584686279,
            0.0545102059841156,
            -0.00816916860640049
        ],
        [
            0.11534854769706726,
            0.06237649917602539,
            -0.013773923739790916
        ],
        [
            0.10681289434432983,
            0.06321421265602112,
            -0.014339955523610115
        ],
        [
            0.10341791808605194,
            0.05816348269581795,
            -0.00941433198750019
        ],
        [
            0.13020120561122894,
            0.0737525150179863,
            -0.022099923342466354
        ],
        [
            0.13390909135341644,
            0.07660052925348282,
            -0.024372445419430733
        ],
        [
            0.1295168250799179,
            0.08008334785699844,
            -0.02446901611983776
        ],
        [
            0.126424640417099,
            0.07439996302127838,
            -0.02259174734354019
        ],
        [
            0.06517535448074341,
            0.0012926235795021057,
            -0.006519153714179993
        ],
        [
            0.06561319530010223,
            0.004615649580955505,
            0.0027220509946346283
        ],
        [
            0.09277971088886261,
            0.051945410668849945,
            -0.036863040179014206
        ],
        [
            0.08418002724647522,
            0.05314367637038231,
            -0.029673002660274506
        ],
        [
            0.08747369050979614,
            0.06446689367294312,
            -0.03583984076976776
        ],
        [
            0.09624886512756348,
            0.0603119395673275,
            -0.043235450983047485
        ],
        [
            0.08156310766935349,
            0.0060919299721717834,
            -0.01781749539077282
        ],
        [
            0.07546434551477432,
            0.0016437768936157227,
            -0.015642564743757248
        ],
        [
            0.16723346710205078,
            0.1014171838760376,
            -0.018434925004839897
        ],
        [
            0.16774287819862366,
            0.09689433872699738,
            -0.021882502362132072
        ],
        [
            0.14176802337169647,
            0.012599952518939972,
            0.030521856620907784
        ],
        [
            0.15477189421653748,
            0.030984703451395035,
            0.028777237981557846
        ],
        [
            0.13041268289089203,
            -1.2192875146865845e-05,
            0.026973718777298927
        ],
        [
            0.12244865298271179,
            -0.008147738873958588,
            0.022449562326073647
        ],
        [
            0.1166595071554184,
            -0.015581808984279633,
            0.021170953288674355
        ],
        [
            0.1473802626132965,
            0.06347934156656265,
            -0.008206281810998917
        ],
        [
            0.1317848116159439,
            0.04857167229056358,
            -0.0002190377563238144
        ],
        [
            0.11435079574584961,
            0.04357970878481865,
            -8.165650069713593e-05
        ],
        [
            0.08651788532733917,
            0.05563312768936157,
            -0.0056659020483493805
        ],
        [
            0.08186785876750946,
            0.048173755407333374,
            -5.717948079109192e-05
        ],
        [
            0.09238751232624054,
            0.048828501254320145,
            0.001980125904083252
        ],
        [
            0.09437446296215057,
            0.05489411577582359,
            -0.003876078873872757
        ],
        [
            0.0813048928976059,
            0.05848531052470207,
            -0.021684378385543823
        ],
        [
            0.08532410860061646,
            0.061942391097545624,
            -0.015575457364320755
        ],
        [
            0.08866521716117859,
            0.06769479066133499,
            -0.02029097080230713
        ],
        [
            0.08498667180538177,
            0.06636448949575424,
            -0.02723393775522709
        ],
        [
            0.16168925166130066,
            0.04150199145078659,
            0.010192494839429855
        ],
        [
            0.15848752856254578,
            0.028022542595863342,
            0.012191284447908401
        ],
        [
            0.07038059830665588,
            0.020658187568187714,
            0.004040416330099106
        ],
        [
            0.06980842351913452,
            0.01390097290277481,
            0.007979366928339005
        ],
        [
            0.0677005723118782,
            0.005907371640205383,
            0.01009725034236908
        ],
        [
            0.10131166875362396,
            0.030518293380737305,
            0.01439669355750084
        ],
        [
            0.09525413066148758,
            0.02062520757317543,
            0.02216043509542942
        ],
        [
            0.09933418035507202,
            0.020387526601552963,
            0.02437184937298298
        ],
        [
            0.1042499765753746,
            0.029232081025838852,
            0.014666043221950531
        ],
        [
            0.11868835985660553,
            0.035290028899908066,
            0.017841119319200516
        ],
        [
            0.11388392746448517,
            0.029897097498178482,
            0.028857745230197906
        ],
        [
            0.1275339126586914,
            0.04354354739189148,
            0.01715266890823841
        ],
        [
            0.09633289277553558,
            0.006627216935157776,
            0.026588531211018562
        ],
        [
            0.0864502489566803,
            0.0015417709946632385,
            0.026246454566717148
        ],
        [
            0.09405309706926346,
            -0.0023207440972328186,
            0.028813239187002182
        ],
        [
            0.07820598036050797,
            0.004101492464542389,
            0.02158908173441887
        ],
        [
            0.07139407843351364,
            0.005857609212398529,
            0.01611124724149704
        ],
        [
            0.07016481459140778,
            -0.005050770938396454,
            -0.01531912386417389
        ],
        [
            0.10161689668893814,
            -0.005822025239467621,
            0.0295176412910223
        ],
        [
            0.1446826457977295,
            0.05410915985703468,
            0.024696307256817818
        ],
        [
            0.1505030244588852,
            0.05831575393676758,
            0.022041132673621178
        ],
        [
            0.14669030904769897,
            0.05750257521867752,
            0.015714433044195175
        ],
        [
            0.14214468002319336,
            0.05363158881664276,
            0.01715179719030857
        ],
        [
            0.16986678540706635,
            0.055499520152807236,
            -0.014673687517642975
        ],
        [
            0.16702911257743835,
            0.05795664340257645,
            -0.007628325838595629
        ],
        [
            0.16221128404140472,
            0.05152086913585663,
            -0.0034511862322688103
        ],
        [
            0.089067742228508,
            0.035306401550769806,
            0.013263899832963943
        ],
        [
            0.07755729556083679,
            0.03477378189563751,
            0.008007332682609558
        ],
        [
            0.15430577099323273,
            0.06745333224534988,
            -0.00959031656384468
        ],
        [
            0.17239005863666534,
            0.09061403572559357,
            -0.01979745179414749
        ],
        [
            0.1732155978679657,
            0.08893109112977982,
            -0.013911301270127296
        ],
        [
            0.17290866374969482,
            0.07122614979743958,
            -0.015029995702207088
        ],
        [
            0.17233839631080627,
            0.07273530215024948,
            -0.021920453757047653
        ],
        [
            0.1538570374250412,
            0.07324840873479843,
            -0.0178805124014616
        ],
        [
            0.154734805226326,
            0.0702706053853035,
            -0.011184108443558216
        ],
        [
            0.15428048372268677,
            0.07187506556510925,
            -0.012536011636257172
        ],
        [
            0.1515570878982544,
            0.07530413568019867,
            -0.017668280750513077
        ],
        [
            0.12043912708759308,
            0.07866449654102325,
            -0.024727415293455124
        ],
        [
            0.11801975965499878,
            0.07400505989789963,
            -0.022583352401852608
        ],
        [
            0.1531427800655365,
            0.05852794647216797,
            -0.03427812084555626
        ],
        [
            0.16402393579483032,
            0.05148237943649292,
            -0.030977444723248482
        ],
        [
            0.15757842361927032,
            0.040839143097400665,
            -0.025441598147153854
        ],
        [
            0.12051518261432648,
            0.060413651168346405,
            -0.012729303911328316
        ],
        [
            0.1249365508556366,
            0.06824859231710434,
            -0.017765045166015625
        ],
        [
            0.12096557766199112,
            0.06885639578104019,
            -0.018656661733984947
        ],
        [
            0.14643850922584534,
            0.06670846045017242,
            -0.011552015319466591
        ],
        [
            0.15116648375988007,
            0.07034251093864441,
            -0.014065993949770927
        ],
        [
            0.14698614180088043,
            0.07040088623762131,
            -0.01596849039196968
        ],
        [
            0.1412464827299118,
            0.06675130128860474,
            -0.013225747272372246
        ],
        [
            0.07989273965358734,
            0.04192864149808884,
            -0.02387513592839241
        ],
        [
            0.07638049125671387,
            0.048591673374176025,
            -0.014895234256982803
        ],
        [
            0.1683059185743332,
            0.09350137412548065,
            -0.006345301866531372
        ],
        [
            0.1692962646484375,
            0.09093521535396576,
            -0.007918293587863445
        ],
        [
            0.11515305936336517,
            0.051964931190013885,
            -0.00731213204562664
        ],
        [
            0.14892283082008362,
            0.030372202396392822,
            -0.017944952473044395
        ],
        [
            0.10904143005609512,
            0.04471709579229355,
            -0.0009924061596393585
        ],
        [
            0.11347944289445877,
            0.0700855404138565,
            -0.04141310229897499
        ],
        [
            0.10935571789741516,
            0.07625691592693329,
            -0.03520048037171364
        ],
        [
            0.11137688159942627,
            0.07891300320625305,
            -0.034797705709934235
        ],
        [
            0.11481539160013199,
            0.07753581553697586,
            -0.03970702737569809
        ],
        [
            0.15213152766227722,
            0.0889625996351242,
            -0.017707863822579384
        ],
        [
            0.1535845249891281,
            0.088397316634655,
            -0.011951323598623276
        ],
        [
            0.15371093153953552,
            0.09038446843624115,
            -0.011620867997407913
        ],
        [
            0.15228714048862457,
            0.0925753191113472,
            -0.01710452511906624
        ],
        [
            0.15867950022220612,
            0.0679125115275383,
            -0.007487064227461815
        ],
        [
            0.16414852440357208,
            0.06523523479700089,
            -0.006107584573328495
        ],
        [
            0.1638192981481552,
            0.07062742114067078,
            -0.006894549820572138
        ],
        [
            0.15828649699687958,
            0.07170417159795761,
            -0.00914753694087267
        ],
        [
            0.16912829875946045,
            0.06425391882658005,
            -0.00941290520131588
        ],
        [
            0.1695713996887207,
            0.07017938047647476,
            -0.009697355329990387
        ],
        [
            0.15468111634254456,
            0.09042831510305405,
            -0.023517383262515068
        ],
        [
            0.16165472567081451,
            0.09201876819133759,
            -0.02627496048808098
        ],
        [
            0.16015823185443878,
            0.07563810795545578,
            -0.02907222881913185
        ],
        [
            0.15393079817295074,
            0.07762446999549866,
            -0.024639703333377838
        ],
        [
            0.1022060364484787,
            0.021439604461193085,
            -0.0257253497838974
        ],
        [
            0.09153047204017639,
            0.0247466042637825,
            -0.025646386668086052
        ],
        [
            0.09706132858991623,
            0.03790729120373726,
            -0.031289324164390564
        ],
        [
            0.10222886502742767,
            0.05077730491757393,
            -0.03827722370624542
        ],
        [
            0.10820652544498444,
            0.0630694255232811,
            -0.04345757141709328
        ],
        [
            0.11980759352445602,
            0.05924566090106964,
            -0.04538733512163162
        ],
        [
            0.08899298310279846,
            0.03922209143638611,
            -0.02998894266784191
        ],
        [
            0.15408022701740265,
            0.07137949019670486,
            -0.02642551064491272
        ],
        [
            0.15893448889255524,
            0.0654553547501564,
            -0.030531929805874825
        ],
        [
            0.1546667069196701,
            0.06734424084424973,
            -0.031314048916101456
        ],
        [
            0.10222456604242325,
            0.0477483794093132,
            -0.0012756623327732086
        ],
        [
            0.17073220014572144,
            0.08759520947933197,
            -0.009197067469358444
        ],
        [
            0.1162576824426651,
            -0.012590683996677399,
            -0.000949028879404068
        ],
        [
            0.10653519630432129,
            -0.010250575840473175,
            -0.010123545303940773
        ],
        [
            0.11231739819049835,
            -0.00376688688993454,
            -0.01131496299058199
        ],
        [
            0.12309525907039642,
            -0.005849309265613556,
            -0.00017665140330791473
        ],
        [
            0.1589145064353943,
            0.08765566349029541,
            -0.007266011089086533
        ],
        [
            0.165235698223114,
            0.08685904741287231,
            -0.006070740520954132
        ],
        [
            0.11190324276685715,
            0.07630103826522827,
            -0.023707788437604904
        ],
        [
            0.1149001345038414,
            0.07963406294584274,
            -0.026038195937871933
        ],
        [
            0.11142665892839432,
            0.0802067220211029,
            -0.02879505604505539
        ],
        [
            0.10762414336204529,
            0.07974676042795181,
            -0.02564740926027298
        ],
        [
            0.0857425332069397,
            0.02556518465280533,
            -0.024250267073512077
        ],
        [
            0.08888857066631317,
            0.07322599738836288,
            -0.035415325313806534
        ],
        [
            0.0974389836192131,
            0.06982143223285675,
            -0.042748671025037766
        ],
        [
            0.08716992288827896,
            0.013222075998783112,
            -0.02086629346013069
        ],
        [
            0.09637101739645004,
            0.009925112128257751,
            -0.021491950377821922
        ],
        [
            0.09163351356983185,
            0.00183868408203125,
            -0.01865248754620552
        ],
        [
            0.13409864902496338,
            0.06323094666004181,
            -0.041943758726119995
        ],
        [
            0.11090009659528732,
            0.02108701318502426,
            -0.025686824694275856
        ],
        [
            0.10397376120090485,
            0.009201958775520325,
            -0.020695161074399948
        ],
        [
            0.09865989536046982,
            -0.0004948452115058899,
            -0.017269648611545563
        ],
        [
            0.09430751949548721,
            -0.0074526965618133545,
            -0.01560392789542675
        ],
        [
            0.08704216033220291,
            -0.004128128290176392,
            -0.017169522121548653
        ],
        [
            0.16766716539859772,
            0.09180722385644913,
            -0.024067021906375885
        ],
        [
            0.1609979271888733,
            0.0978669673204422,
            -0.02445666864514351
        ],
        [
            0.0816892683506012,
            -0.011507011950016022,
            -0.017041880637407303
        ],
        [
            0.09006976336240768,
            -0.01469789445400238,
            -0.014657257124781609
        ],
        [
            0.11278808861970901,
            0.00791766494512558,
            -0.018382208421826363
        ],
        [
            0.12319688498973846,
            0.006689772009849548,
            -0.013796832412481308
        ],
        [
            0.11909496784210205,
            0.019580837339162827,
            -0.02309066615998745
        ],
        [
            0.1299893856048584,
            0.01922847330570221,
            -0.019363468512892723
        ],
        [
            0.14317578077316284,
            0.05648685246706009,
            -0.04377397894859314
        ],
        [
            0.15324071049690247,
            0.10916505753993988,
            -0.011734653264284134
        ],
        [
            0.15470273792743683,
            0.10127029567956924,
            -0.019434772431850433
        ],
        [
            0.15223991870880127,
            0.09725183993577957,
            -0.01585310883820057
        ],
        [
            0.15033867955207825,
            0.1062856912612915,
            -0.01048186980187893
        ],
        [
            0.15457117557525635,
            0.09527349472045898,
            -0.02184104546904564
        ],
        [
            0.16028493642807007,
            0.102469302713871,
            -0.020795682445168495
        ],
        [
            0.1414739191532135,
            0.01849748194217682,
            -0.010243343189358711
        ],
        [
            0.15122513473033905,
            0.07418287545442581,
            -0.01880086585879326
        ],
        [
            0.1352340430021286,
            0.005944643169641495,
            3.092363476753235e-05
        ],
        [
            0.15446603298187256,
            0.02322046086192131,
            -0.0018081925809383392
        ],
        [
            0.14996953308582306,
            0.01578577607870102,
            0.007938947528600693
        ],
        [
            0.12996023893356323,
            -0.005450055003166199,
            0.012444807216525078
        ],
        [
            0.14258936047554016,
            0.005756240338087082,
            0.017909737303853035
        ],
        [
            0.11640163511037827,
            -0.018423929810523987,
            0.010205157101154327
        ],
        [
            0.12242192775011063,
            -0.011722825467586517,
            0.009834833443164825
        ],
        [
            0.15340809524059296,
            0.01936570554971695,
            0.020883189514279366
        ],
        [
            0.15881937742233276,
