{
    "pred_cam": [
        5.369960784912109,
        -0.025707758963108063,
        -0.05483702942728996
    ],
    "pred_mano_params": {
        "global_orient": [
            [
                [
                    0.6459052562713623,
                    0.6981149315834045,
                    -0.30893674492836
                ],
                [
                    -0.5297988057136536,
                    0.11854101717472076,
                    -0.8397983312606812
                ],
                [
                    -0.5496541261672974,
                    0.7061044573783875,
                    0.44642674922943115
                ]
            ]
        ],
        "hand_pose": [
            [
                [
                    0.8015594482421875,
                    -0.47967785596847534,
                    -0.3569476008415222
                ],
                [
                    0.43380337953567505,
                    0.8773941993713379,
                    -0.2049245834350586
                ],
                [
                    0.4114815294742584,
                    0.009414155967533588,
                    0.9113695025444031
                ]
            ],
            [
                [
                    0.9991793632507324,
                    -0.03690124675631523,
                    -0.016703473404049873
                ],
                [
                    0.030484752729535103,
                    0.95660799741745,
                    -0.2897789478302002
                ],
                [
                    0.026671886444091797,
                    0.2890319228172302,
                    0.956947922706604
                ]
            ],
            [
                [
                    0.9995039701461792,
                    -0.03148355334997177,
                    -0.0007819917518645525
                ],
                [
                    0.031134648248553276,
                    0.9915539026260376,
                    -0.12590241432189941
                ],
                [
                    0.004739244934171438,
                    0.12581561505794525,
                    0.9920423030853271
                ]
            ],
            [
                [
                    0.8034244179725647,
                    -0.5567449927330017,
                    -0.21105515956878662
                ],
                [
                    0.5595628619194031,
                    0.8271619081497192,
                    -0.05189072713255882
                ],
                [
                    0.20346668362617493,
                    -0.07640834152698517,
                    0.9760958552360535
                ]
            ],
            [
                [
                    0.9925038814544678,
                    -0.02616562694311142,
                    -0.11937973648309708
                ],
                [
                    0.04556732252240181,
                    0.985603928565979,
                    0.16281448304653168
                ],
                [
                    0.11340098083019257,
                    -0.16703379154205322,
                    0.9794080257415771
                ]
            ],
            [
                [
                    0.982002854347229,
                    -0.12786468863487244,
                    0.13900026679039001
                ],
                [
                    0.13904237747192383,
                    0.9875262379646301,
                    -0.07388672232627869
                ],
                [
                    -0.12781889736652374,
                    0.09188389778137207,
                    0.9875321984291077
                ]
            ],
            [
                [
                    0.5455926656723022,
                    -0.8275549411773682,
                    0.1322176605463028
                ],
                [
                    0.4921593964099884,
                    0.4440922737121582,
                    0.7487064003944397
                ],
                [
                    -0.6783124804496765,
                    -0.3434165120124817,
                    0.6495824456214905
                ]
            ],
            [
                [
                    0.9670604467391968,
                    -0.220270574092865,
                    -0.12757369875907898
                ],
                [
                    0.16498900949954987,
                    0.9240587949752808,
                    -0.3448100984096527
                ],
                [
                    0.19383713603019714,
                    0.31240391731262207,
                    0.9299629330635071
                ]
            ],
            [
                [
                    0.8702361583709717,
                    0.4743366837501526,
                    0.13301785290241241
                ],
                [
                    -0.45981550216674805,
                    0.6851861476898193,
                    0.5648801326751709
                ],
                [
                    0.17680136859416962,
                    -0.5527427792549133,
                    0.8143811225891113
                ]
            ],
            [
                [
                    0.8401513695716858,
                    -0.5422587990760803,
                    0.01005315687507391
                ],
                [
                    0.5391066670417786,
                    0.8370051980018616,
                    0.09373494982719421
                ],
                [
                    -0.059243153780698776,
                    -0.073331817984581,
                    0.9955464005470276
                ]
            ],
            [
                [
                    0.9888111352920532,
                    0.11352626979351044,
                    -0.09676958620548248
                ],
                [
                    -0.08941056579351425,
                    0.9703131318092346,
                    0.22471794486045837
                ],
                [
                    0.11940819025039673,
                    -0.2135513722896576,
                    0.969606876373291
                ]
            ],
            [
                [
                    0.9683141112327576,
                    -0.1797790378332138,
                    0.17334149777889252
                ],
                [
                    0.16076529026031494,
                    0.9798873662948608,
                    0.1182171106338501
                ],
                [
                    -0.1911080926656723,
                    -0.08660400658845901,
                    0.977741003036499
                ]
            ],
            [
                [
                    0.9317817091941833,
                    -0.28249838948249817,
                    -0.22798573970794678
                ],
                [
                    -0.1858377456665039,
                    0.1682971566915512,
                    -0.9680601954460144
                ],
                [
                    0.31184473633766174,
                    0.9443891644477844,
                    0.10431735217571259
                ]
            ],
            [
                [
                    0.9748425483703613,
                    -0.1372675895690918,
                    -0.17561198770999908
                ],
                [
                    0.207549586892128,
                    0.8462916612625122,
                    0.49062564969062805
                ],
                [
                    0.08127196133136749,
                    -0.5147309899330139,
                    0.853490948677063
                ]
            ],
            [
                [
                    0.9536758065223694,
                    -0.2802107036113739,
                    -0.10947360098361969
                ],
                [
                    0.21611392498016357,
                    0.8912745118141174,
                    -0.398653507232666
                ],
                [
                    0.20927798748016357,
                    0.3565274178981781,
                    0.9105443954467773
                ]
            ]
        ],
        "betas": [
            0.1250971108675003,
            -0.0918462872505188,
            -0.054984599351882935,
            -0.031145721673965454,
            -0.014554113149642944,
            -0.051337845623493195,
            0.0068212151527404785,
            -0.055470407009124756,
            0.012055888772010803,
            -0.009421944618225098
        ]
    },
    "pred_cam_t": [
        -0.025707758963108063,
        -0.05483702942728996,
        7.274261474609375
    ],
    "focal_length": [
        5000.0,
        5000.0
    ],
    "pred_keypoints_3d": [
        [
            0.0951564833521843,
            0.006333332974463701,
            0.006181167438626289
        ],
        [
            0.06109422445297241,
            -0.00428576348349452,
            0.019867846742272377
        ],
        [
            0.033373113721609116,
            0.008555348962545395,
            0.018259365111589432
        ],
        [
            0.01392136886715889,
            0.026906102895736694,
            0.021827613934874535
        ],
        [
            -0.0077669378370046616,
            0.05350494757294655,
            0.016348715871572495
        ],
        [
            0.028731629252433777,
            0.03494405373930931,
            0.059703417122364044
        ],
        [
            0.005940111353993416,
            0.058433692902326584,
            0.06268887221813202
        ],
        [
            -0.009211570955812931,
            0.07421952486038208,
            0.05946169048547745
        ],
        [
            -0.026392139494419098,
            0.09311903268098831,
            0.057681452482938766
        ],
        [
            0.03439381346106529,
            0.058839861303567886,
            0.05528045445680618
        ],
        [
            0.011175831779837608,
            0.08010196685791016,
            0.05268101394176483
        ],
        [
            -0.005356607958674431,
            0.09494626522064209,
            0.04601156711578369
        ],
        [
            -0.02569551020860672,
            0.1106092780828476,
            0.04238744080066681
        ],
        [
            0.048060864210128784,
            0.071163609623909,
            0.036232464015483856
        ],
        [
            0.023376422002911568,
            0.08562435954809189,
            0.038524530827999115
        ],
        [
            0.004146648570895195,
            0.10071146488189697,
            0.03498005121946335
        ],
        [
            -0.01752331852912903,
            0.11384711414575577,
            0.03529590740799904
        ],
        [
            0.05727922171354294,
            0.07744166254997253,
            0.01770935393869877
        ],
        [
            0.03684326633810997,
            0.0783599242568016,
            0.012836256995797157
        ],
        [
            0.019055534154176712,
            0.0806923359632492,
            0.006965950131416321
        ],
        [
            -0.00543438084423542,
            0.08740120381116867,
            0.0038204966112971306
        ]
    ],
    "pred_vertices": [
        [
            0.04760423302650452,
            0.017474988475441933,
            0.028676122426986694
        ],
        [
            0.05540137365460396,
            0.012578293681144714,
            0.02202058956027031
        ],
        [
            0.04823119193315506,
            0.0147611815482378,
            0.02321980521082878
        ],
        [
            0.04073689877986908,
            0.01623997651040554,
            0.03161056712269783
        ],
        [
            0.054323647171258926,
            0.006967868655920029,
            0.004054449498653412
        ],
        [
            0.052585434168577194,
            -0.004644110798835754,
            0.0020585358142852783
        ],
        [
            0.03885393589735031,
            0.003822900354862213,
            0.0048571303486824036
        ],
        [
            0.04274690896272659,
            0.0129025187343359,
            0.005140088498592377
        ],
        [
            0.03625105693936348,
            0.016819436103105545,
            0.034714534878730774
        ],
        [
            0.041421275585889816,
            0.01726248301565647,
            0.023777730762958527
        ],
        [
            0.03676523268222809,
            0.017092138528823853,
            0.03678487241268158
        ],
        [
            0.03525232523679733,
            0.01580069586634636,
            0.05158896744251251
        ],
        [
            0.03323619067668915,
            0.01717928797006607,
            0.045826274901628494
        ],
        [
            0.03337813541293144,
            0.019313272088766098,
            0.059272244572639465
        ],
        [
            0.04362668842077255,
            0.011560199782252312,
            0.05498930439352989
        ],
        [
            0.040289923548698425,
            0.022465955466032028,
            0.06432665884494781
        ],
        [
            0.06674891710281372,
            0.02696254476904869,
            0.05226534232497215
        ],
        [
            0.0738750696182251,
            0.036109939217567444,
            0.04507323354482651
        ],
        [
            0.06331765651702881,
            0.04668225347995758,
            0.05301450192928314
        ],
        [
            0.05660859867930412,
            0.03629782050848007,
            0.05894725024700165
        ],
        [
            0.07293330878019333,
            0.05545002967119217,
            0.03697942569851875
        ],
        [
            0.06721086800098419,
            0.051199667155742645,
            0.04622892290353775
        ],
        [
            0.07860448956489563,
            0.04081127792596817,
            0.039183199405670166
        ],
        [
            0.08303099870681763,
            0.04499732702970505,
            0.031099362298846245
        ],
        [
            0.05815964937210083,
            0.0239510927349329,
            0.020004618912935257
        ],
        [
            0.06467930227518082,
            0.018076088279485703,
            0.013661742210388184
        ],
        [
            0.06212243065237999,
            0.014819465577602386,
            0.01818980649113655
        ],
        [
            0.05518801137804985,
            0.020672481507062912,
            0.02344140037894249
        ],
        [
            0.03159927576780319,
            0.013599209487438202,
            0.0328223779797554
        ],
        [
            0.03947758674621582,
            0.003913920372724533,
            0.0399831160902977
        ],
        [
            0.03827432543039322,
            0.011069463565945625,
            0.04110366106033325
        ],
        [
            0.03249004855751991,
            0.018260126933455467,
            0.030201181769371033
        ],
        [
            0.07893399894237518,
            0.011087089776992798,
            -0.01078670471906662
        ],
        [
            0.09007930755615234,
            0.003661930561065674,
            -0.011978767812252045
        ],
        [
            0.08828175067901611,
            -0.0008345432579517365,
            -0.008565973490476608
        ],
        [
            0.07876420021057129,
            0.00680343434214592,
            -0.007715214043855667
        ],
        [
            0.07240249216556549,
            -0.012530345469713211,
            -2.6501715183258057e-05
        ],
        [
            0.0825699120759964,
            -0.015333443880081177,
            0.0004897452890872955
        ],
        [
            0.08793967217206955,
            -0.024098224937915802,
            0.008084937930107117
        ],
        [
            0.07711120694875717,
            -0.022265087813138962,
            0.010220665484666824
        ],
        [
            0.06215647980570793,
            -0.009058341383934021,
            0.001153312623500824
        ],
        [
            0.06368040293455124,
            -0.019458621740341187,
            0.008359011262655258
        ],
        [
            0.051364682614803314,
            -0.013776712119579315,
            0.007847581058740616
        ],
        [
            0.03627454489469528,
            -0.0033283568918704987,
            0.009822163730859756
        ],
        [
            0.09615635871887207,
            0.013610843569040298,
            -0.017000962048768997
        ],
        [
            0.0885918140411377,
            0.020376645028591156,
            -0.017308402806520462
        ],
        [
            -0.0033416561782360077,
            0.05622490495443344,
            0.05617740750312805
        ],
        [
            -0.00045862793922424316,
            0.06021349877119064,
            0.053156789392232895
        ],
        [
            0.003121471032500267,
            0.055161915719509125,
            0.052652351558208466
        ],
        [
            -0.00028087198734283447,
            0.05229096859693527,
            0.05618086829781532
        ],
        [
            0.10551023483276367,
            0.029347728937864304,
            -0.008872009813785553
        ],
        [
            0.11109799146652222,
            0.030477579683065414,
            -0.0007015354931354523
        ],
        [
            0.11505642533302307,
            0.026713203638792038,
            -0.00543617457151413
        ],
        [
            0.10944077372550964,
            0.023943956941366196,
            -0.01230015978217125
        ],
        [
            0.10026131570339203,
            0.03642721846699715,
            -0.004301294684410095
        ],
        [
            0.1050359308719635,
            0.035287510603666306,
            0.005703173577785492
        ],
        [
            -0.0015289206057786942,
            0.058280616998672485,
            0.0682559385895729
        ],
        [
            -0.004271768033504486,
            0.05583135038614273,
            0.06480837613344193
        ],
        [
            -0.0003451891243457794,
            0.05234896391630173,
            0.06605690717697144
        ],
        [
            0.0033042235299944878,
            0.0548563189804554,
            0.0689544677734375
        ],
        [
            0.03500675782561302,
            0.01868501491844654,
            0.03982088714838028
        ],
        [
            0.040527865290641785,
            0.021988604217767715,
            0.0340791717171669
        ],
        [
            0.025056172162294388,
            0.02894975244998932,
            0.049622781574726105
        ],
        [
            0.03198624402284622,
            0.027172401547431946,
            0.04376741871237755
        ],
        [
            0.030488722026348114,
            0.02161029726266861,
            0.04752947390079498
        ],
        [
            0.025441300123929977,
            0.024007122963666916,
            0.0531039759516716
        ],
        [
            0.046008672565221786,
            0.04023813456296921,
            0.03017508052289486
        ],
        [
            0.05322345346212387,
            0.03308959677815437,
            0.024489782750606537
        ],
        [
            0.049430519342422485,
            0.029761305078864098,
            0.028721265494823456
        ],
        [
            0.04029428958892822,
            0.036271508783102036,
            0.035178206861019135
        ],
        [
            0.0581962987780571,
            0.04133684188127518,
            0.01436513289809227
        ],
        [
            0.05110539495944977,
            0.04775179922580719,
            0.021156100556254387
        ],
        [
            0.054867856204509735,
            0.05151369422674179,
            0.01460525393486023
        ],
        [
            0.058515824377536774,
            0.04621224105358124,
            0.010223958641290665
        ],
        [
            0.03833836689591408,
            0.05628277361392975,
            0.03502104431390762
        ],
        [
            0.03489590436220169,
            0.06003008037805557,
            0.03960268571972847
        ],
        [
            0.035170912742614746,
            0.0626683384180069,
            0.0379076823592186
        ],
        [
            0.0400996170938015,
            0.05824754759669304,
            0.0326378159224987
        ],
        [
            0.11959530413150787,
            0.022767409682273865,
            -0.009110789746046066
        ],
        [
            0.11314838379621506,
            0.018226414918899536,
            -0.014760881662368774
        ],
        [
            0.07944142818450928,
            0.06442909687757492,
            0.018596196547150612
        ],
        [
            0.07995516806840897,
            0.0632845014333725,
            0.007776409387588501
        ],
        [
            0.07131589204072952,
            0.0726136714220047,
            0.010858189314603806
        ],
        [
            0.0734671950340271,
            0.0719543993473053,
            0.022237267345190048
        ],
        [
            0.112315334379673,
            0.02775927633047104,
            0.009092133492231369
        ],
        [
            0.11783447861671448,
            0.025681253522634506,
            0.004025112837553024
        ],
        [
            0.0026395265012979507,
            0.06273425370454788,
            0.06896107643842697
        ],
        [
            0.00745017733424902,
            0.05908455699682236,
            0.06875216215848923
        ],
        [
            0.055789124220609665,
            -0.019251979887485504,
            0.019916728138923645
        ],
        [
            0.036636997014284134,
            -0.007990282028913498,
            0.01863173395395279
        ],
        [
            0.07231724262237549,
            -0.02323659136891365,
            0.020232703536748886
        ],
        [
            0.08474335074424744,
            -0.023126322776079178,
            0.020194437354803085
        ],
        [
            0.09425948560237885,
            -0.024727849289774895,
            0.01846582442522049
        ],
        [
            0.0317830927670002,
            0.03355215862393379,
            0.04268486797809601
        ],
        [
            0.04788603633642197,
            0.02410358376801014,
            0.029224766418337822
        ],
        [
            0.06041398644447327,
            0.027037007734179497,
            0.016552485525608063
        ],
        [
            0.06744326651096344,
            0.04782531037926674,
            -0.00458899512887001
        ],
        [
            0.07319693267345428,
            0.04100911319255829,
            -0.009825889021158218
        ],
        [
            0.06661202758550644,
            0.03640155866742134,
            -0.0029285289347171783
        ],
        [
            0.06336040794849396,
            0.04347580671310425,
            0.0006913281977176666
        ],
        [
            0.07408037781715393,
            0.06203196197748184,
            -0.00020707398653030396
        ],
        [
            0.06704986840486526,
            0.05869221314787865,
            -0.0013200454413890839
        ],
        [
            0.06236927956342697,
            0.0638481006026268,
            0.0025578252971172333
        ],
        [
            0.0676942765712738,
            0.06878034770488739,
            0.0037458855658769608
        ],
        [
            0.027675505727529526,
            0.007729213684797287,
            0.032034438103437424
        ],
        [
            0.03966561332345009,
            -0.0024366751313209534,
            0.03745758533477783
        ],
        [
            0.09812472015619278,
            0.02541380375623703,
            -0.015202879905700684
        ],
        [
            0.10190820693969727,
            0.018775776028633118,
            -0.0165066160261631
        ],
        [
            0.10816030204296112,
            0.013176556676626205,
            -0.01766914501786232
        ],
        [
            0.07108226418495178,
            0.013003133237361908,
            0.0018503330647945404
        ],
        [
            0.0785527378320694,
            0.0037019476294517517,
            -0.00563594326376915
        ],
        [
            0.07634775340557098,
            0.0007128939032554626,
            -0.0030589066445827484
        ],
        [
            0.07074514776468277,
            0.01072312518954277,
            0.005274046212434769
        ],
        [
            0.06214373931288719,
            0.009125597774982452,
            0.012732066214084625
        ],
        [
            0.06503573060035706,
            0.0009391941130161285,
            0.0030055567622184753
        ],
        [
            0.05369777977466583,
            0.014757324010133743,
            0.012569192796945572
        ],
        [
            0.0868399515748024,
            -0.007932089269161224,
            -0.004712413996458054
        ],
        [
            0.09563057869672775,
            -0.0073346830904483795,
            -0.01138152927160263
        ],
        [
            0.0936887264251709,
            -0.01410607248544693,
            -0.006066173315048218
        ],
        [
            0.09966424107551575,
            0.00036137551069259644,
            -0.015715986490249634
        ],
        [
            0.10390293598175049,
            0.007662583142518997,
            -0.018261760473251343
        ],
        [
            0.12540949881076813,
            0.023253843188285828,
            0.0011536628007888794
        ],
        [
            0.09206265211105347,
            -0.01935529336333275,
            -2.3908913135528564e-05
        ],
        [
            0.03511648252606392,
            0.01626465655863285,
            0.007764026522636414
        ],
        [
            0.028242381289601326,
            0.019399547949433327,
            0.0103188157081604
        ],
        [
            0.03207021951675415,
            0.023566609248518944,
            0.01523420587182045
        ],
        [
            0.037996046245098114,
            0.021064111962914467,
            0.013624589890241623
        ],
        [
            0.028981894254684448,
            0.025407172739505768,
            0.06538362056016922
        ],
        [
            0.025531819090247154,
            0.02339141070842743,
            0.05886807292699814
        ],
        [
            0.030901331454515457,
            0.018082238733768463,
            0.05294056236743927
        ],
        [
            0.07393279671669006,
            0.02142515778541565,
            -0.009144753217697144
        ],
        [
            0.08223989605903625,
            0.028758421540260315,
            -0.014925520867109299
        ],
        [
            0.025493331253528595,
            0.035438474267721176,
            0.04871007427573204
        ],
        [
            0.00785304605960846,
            0.05254080891609192,
            0.07040727138519287
        ],
        [
            0.004116743803024292,
            0.04908837750554085,
            0.067488893866539
        ],
        [
            0.017020493745803833,
            0.03615838289260864,
            0.06741566210985184
        ],
        [
            0.02031274326145649,
            0.04089229926466942,
            0.07092015445232391
        ],
        [
            0.025473369285464287,
            0.04538240283727646,
            0.053339697420597076
        ],
        [
            0.023783288896083832,
            0.03929446265101433,
            0.0504123717546463
        ],
        [
            0.023267196491360664,
            0.04206331819295883,
            0.05129029229283333
        ],
        [
            0.02479269541800022,
            0.04829545319080353,
            0.05214259400963783
        ],
        [
            0.03947843983769417,
            0.06507597863674164,
            0.03012002632021904
        ],
        [
            0.04412255063652992,
            0.06095757707953453,
            0.025635357946157455
        ],
        [
            0.04445091634988785,
            0.0455886535346508,
            0.06278438121080399
        ],
        [
            0.04260479658842087,
            0.03489097207784653,
            0.07033166289329529
        ],
        [
            0.049971483647823334,
            0.027673957869410515,
            0.06399505585432053
        ],
        [
            0.04962628707289696,
            0.04405654966831207,
            0.02499299682676792
        ],
        [
            0.04342387616634369,
            0.05100005492568016,
            0.029636017978191376
        ],
        [
            0.04532141983509064,
            0.05337759107351303,
            0.026963233947753906
        ],
        [
            0.031204640865325928,
            0.03831209987401962,
            0.04336876794695854
        ],
        [
            0.027112847194075584,
            0.04121854156255722,
            0.048276230692863464
        ],
        [
            0.030113479122519493,
            0.043724630028009415,
            0.04549895599484444
        ],
        [
            0.03462688624858856,
            0.041235920041799545,
            0.04019086807966232
        ],
        [
            0.0884522795677185,
            0.054208140820264816,
            0.0036603622138500214
        ],
        [
            0.08159326016902924,
            0.05333387106657028,
            -0.005639698356389999
        ],
        [
            -0.00483514741063118,
            0.05485973507165909,
            0.0604131817817688
        ],
        [
            -0.001330966129899025,
            0.05116290599107742,
            0.06120913848280907
        ],
        [
            0.056568484753370285,
            0.03694336116313934,
            0.019503841176629066
        ],
        [
            0.058412592858076096,
            0.019237997010350227,
            0.05579086393117905
        ],
        [
            0.06256033480167389,
            0.030211221426725388,
            0.012662310153245926
        ],
        [
            0.058949925005435944,
            0.07160063832998276,
            0.033219628036022186
        ],
        [
            0.05372736603021622,
            0.07187169790267944,
            0.026405613869428635
        ],
        [
            0.048671234399080276,
            0.07426606863737106,
            0.029029907658696175
        ],
        [
            0.05164092779159546,
            0.07581930607557297,
            0.03456462174654007
        ],
        [
            0.014911841601133347,
            0.05958307906985283,
            0.05372721329331398
        ],
        [
            0.010837845504283905,
            0.05615367367863655,
            0.05141103267669678
        ],
        [
            0.007296618074178696,
            0.05960172787308693,
            0.0513693168759346
        ],
        [
            0.011010456830263138,
            0.0629827231168747,
            0.05392755568027496
        ],
        [
            0.021708665415644646,
            0.034033991396427155,
            0.05162500590085983
        ],
        [
            0.020580163225531578,
            0.029051415622234344,
            0.055397700518369675
        ],
        [
            0.016787556931376457,
            0.03466387838125229,
            0.055693626403808594
        ],
        [
            0.01972316764295101,
            0.03870120272040367,
            0.052623312920331955
        ],
        [
            0.020521966740489006,
            0.02892148308455944,
            0.06142738461494446
        ],
        [
            0.01599220559000969,
            0.03380144014954567,
            0.06174008175730705
        ],
        [
            0.01717272773385048,
            0.06122869253158569,
            0.05954509228467941
        ],
        [
            0.01622309535741806,
            0.05987360328435898,
            0.06682325154542923
        ],
        [
            0.027688754722476006,
            0.05097031593322754,
            0.06603005528450012
        ],
        [
            0.025953007861971855,
            0.05248234048485756,
            0.05829380080103874
        ],
        [
            0.09365721046924591,
            0.03538047894835472,
            0.02636757120490074
        ],
        [
            0.09645192325115204,
            0.04106834530830383,
            0.017351843416690826
        ],
        [
            0.0860275849699974,
            0.0509556382894516,
            0.02196992002427578
        ],
        [
            0.07656018435955048,
            0.061425428837537766,
            0.026796145364642143
        ],
        [
            0.0667092502117157,
            0.0699525997042656,
            0.031000666320323944
        ],
        [
            0.0654473677277565,
            0.06473515927791595,
            0.04189882054924965
        ],
        [
            0.0884552150964737,
            0.05364878475666046,
            0.01474819891154766
        ],
        [
            0.03116036020219326,
            0.049211833626031876,
            0.05796746909618378
        ],
        [
            0.03552262857556343,
            0.045166075229644775,
            0.06516042351722717
        ],
        [
            0.03676543012261391,
            0.04894106090068817,
            0.061676692217588425
        ],
        [
            0.06379711627960205,
            0.03462652862071991,
            0.006854284554719925
        ],
        [
            0.002782069146633148,
            0.047365058213472366,
            0.06290341168642044
        ],
        [
            0.10143747925758362,
            -0.007614638656377792,
            0.03057224303483963
        ],
        [
            0.10881394147872925,
            0.003654729574918747,
            0.027620559558272362
        ],
        [
            0.10140377283096313,
            0.006340857595205307,
            0.031441181898117065
        ],
        [
            0.09196345508098602,
            -0.006552338600158691,
            0.03407113254070282
        ],
        [
            0.006445792503654957,
            0.051140058785676956,
            0.052637770771980286
        ],
        [
            0.0031694751232862473,
            0.047798819839954376,
            0.05671931803226471
        ],
        [
            0.04550628364086151,
            0.06486129760742188,
            0.021024972200393677
        ],
        [
            0.04148070141673088,
            0.06853106617927551,
            0.025949176400899887
        ],
        [
            0.04292452707886696,
            0.07192565500736237,
            0.025703154504299164
        ],
        [
            0.045372672379016876,
            0.06906896084547043,
            0.018586477264761925
        ],
        [
            0.09815593808889389,
            0.04261443763971329,
            0.011936873197555542
        ],
        [
            0.06304418295621872,
            0.07611658424139023,
            0.009364910423755646
        ],
        [
            0.06599308550357819,
            0.07633087784051895,
            0.02084384486079216
        ],
        [
            0.10539646446704865,
            0.03227598965167999,
            0.013700723648071289
        ],
        [
            0.10353688150644302,
            0.027498938143253326,
            0.021909287199378014
        ],
        [
            0.11082493513822556,
            0.02224135771393776,
            0.01830684207379818
        ],
        [
            0.05443098396062851,
            0.060512181371450424,
            0.05181944742798805
        ],
        [
            0.08957289904356003,
            0.032087892293930054,
            0.03314869850873947
        ],
        [
            0.09994331002235413,
            0.023840993642807007,
            0.027489056810736656
        ],
        [
            0.10849640518426895,
            0.017406366765499115,
            0.023454975336790085
        ],
        [
            0.1152130663394928,
            0.013506453484296799,
            0.02061283029615879
        ],
        [
            0.11696824431419373,
            0.01915144920349121,
            0.015113212168216705
        ],
        [
            0.01233825832605362,
            0.05673179030418396,
            0.06953050941228867
        ],
        [
            0.011448484845459461,
            0.06327783316373825,
            0.06593446433544159
        ],
        [
            0.1251392364501953,
            0.016429971903562546,
            0.012454144656658173
        ],
        [
            0.12235957384109497,
            0.009887948632240295,
            0.018295135349035263
        ],
        [
            0.09546767920255661,
            0.018321499228477478,
            0.033275142312049866
        ],
        [
            0.08857698738574982,
            0.010603535920381546,
            0.03922642394900322
        ],
        [
            0.08551031351089478,
            0.026507191359996796,
            0.03836938738822937
        ],
        [
            0.07835297286510468,
            0.019856663420796394,
            0.04483797773718834
        ],
        [
            0.05508828163146973,
            0.0535539872944355,
            0.06000924110412598
        ],
        [
            -0.0007920246571302414,
            0.07655393332242966,
            0.0626392737030983
        ],
        [
            0.007799271494150162,
            0.06924694776535034,
            0.06113022565841675
        ],
        [
            0.006767669692635536,
            0.06805888563394547,
            0.05564451217651367
        ],
        [
            -0.0003341827541589737,
            0.07686170935630798,
            0.05848275497555733
        ],
        [
            0.012760760262608528,
            0.0644351989030838,
            0.05935090407729149
        ],
        [
            0.006656955927610397,
            0.06699612736701965,
            0.06629709899425507
        ],
        [
            0.06744374334812164,
            0.00918889045715332,
            0.048395197838544846
        ],
        [
            0.026664601638913155,
            0.047454092651605606,
            0.0502651184797287
        ],
        [
            0.0749305933713913,
            -0.0036179199814796448,
            0.040448904037475586
        ],
        [
            0.051694005727767944,
            0.0028285887092351913,
            0.05010513216257095
        ],
        [
            0.05519239604473114,
            -0.006495729088783264,
            0.041671041399240494
        ],
        [
            0.08147534728050232,
            -0.017464354634284973,
            0.03099609538912773
        ],
        [
            0.06274175643920898,
            -0.017326198518276215,
            0.03224476799368858
        ],
        [
            0.1009954959154129,
            -0.018966224044561386,
            0.025348857045173645
        ],
        [
            0.09239009767770767,
            -0.01679842919111252,
            0.028690427541732788
        ],
        [
            0.04535658657550812,
            -0.012005414813756943,
            0.030153315514326096
        ],
        [
            -0.008668847382068634,
