{
    "pred_cam": [
        9.063334465026855,
        -0.13184593617916107,
        -0.05834678187966347
    ],
    "pred_mano_params": {
        "global_orient": [
            [
                [
                    -0.5870150327682495,
                    0.13335153460502625,
                    0.7985178232192993
                ],
                [
                    -0.6849879622459412,
                    -0.6075440645217896,
                    -0.40209659934043884
                ],
                [
                    0.43151459097862244,
                    -0.7830118536949158,
                    0.44798168540000916
                ]
            ]
        ],
        "hand_pose": [
            [
                [
                    0.667447566986084,
                    -0.6828498840332031,
                    -0.29703497886657715
                ],
                [
                    0.6688140034675598,
                    0.7250986695289612,
                    -0.16407230496406555
                ],
                [
                    0.32741641998291016,
                    -0.08915150165557861,
                    0.9406648874282837
                ]
            ],
            [
                [
                    0.6133036613464355,
                    -0.7757877111434937,
                    0.14836399257183075
                ],
                [
                    0.7797458171844482,
                    0.564737856388092,
                    -0.2703102231025696
                ],
                [
                    0.12591661512851715,
                    0.2814684808254242,
                    0.9512730240821838
                ]
            ],
            [
                [
                    0.7680054903030396,
                    -0.6020445823669434,
                    0.21842598915100098
                ],
                [
                    0.5626543760299683,
                    0.7971804141998291,
                    0.2189142107963562
                ],
                [
                    -0.3059210479259491,
                    -0.04522896930575371,
                    0.9509819746017456
                ]
            ],
            [
                [
                    0.4242517054080963,
                    -0.7984373569488525,
                    -0.4272099435329437
                ],
                [
                    0.8560798168182373,
                    0.5074272751808167,
                    -0.09820839017629623
                ],
                [
                    0.29519122838974,
                    -0.32406073808670044,
                    0.8988029956817627
                ]
            ],
            [
                [
                    0.37124791741371155,
                    -0.8830170035362244,
                    -0.2871514856815338
                ],
                [
                    0.928007960319519,
                    0.34244319796562195,
                    0.14674434065818787
                ],
                [
                    -0.031244661659002304,
                    -0.32095739245414734,
                    0.9465781450271606
                ]
            ],
            [
                [
                    0.8181204199790955,
                    -0.5635241270065308,
                    0.11454060673713684
                ],
                [
                    0.5645042657852173,
                    0.8249943852424622,
                    0.026817835867404938
                ],
                [
                    -0.10960785299539566,
                    0.042718447744846344,
                    0.9930565357208252
                ]
            ],
            [
                [
                    0.09900859743356705,
                    -0.9758633375167847,
                    -0.19464844465255737
                ],
                [
                    0.8917180299758911,
                    0.00019629571761470288,
                    0.45259130001068115
                ],
                [
                    -0.4416290521621704,
                    -0.21838197112083435,
                    0.8702143430709839
                ]
            ],
            [
                [
                    0.6924445033073425,
                    -0.7201360464096069,
                    -0.04387102276086807
                ],
                [
                    0.564627468585968,
                    0.5030543208122253,
                    0.6543180346488953
                ],
                [
                    -0.44912850856781006,
                    -0.47784969210624695,
                    0.7549457550048828
                ]
            ],
            [
                [
                    0.9508160948753357,
                    -0.28092584013938904,
                    0.13049699366092682
                ],
                [
                    0.2642272114753723,
                    0.9554375410079956,
                    0.13161687552928925
                ],
                [
                    -0.16165632009506226,
                    -0.09066257625818253,
                    0.9826736450195312
                ]
            ],
            [
                [
                    0.1837318390607834,
                    -0.9658845663070679,
                    -0.18250960111618042
                ],
                [
                    0.9712955355644226,
                    0.20693016052246094,
                    -0.11732412874698639
                ],
                [
                    0.15108829736709595,
                    -0.15571457147598267,
                    0.9761790037155151
                ]
            ],
            [
                [
                    0.5335034132003784,
                    -0.8386291861534119,
                    -0.10988733917474747
                ],
                [
                    0.6875036358833313,
                    0.3543042540550232,
                    0.6338827013969421
                ],
                [
                    -0.49265894293785095,
                    -0.4137265384197235,
                    0.7655831575393677
                ]
            ],
            [
                [
                    0.9061700701713562,
                    -0.4087233245372772,
                    0.10863278061151505
                ],
                [
                    0.3972702622413635,
                    0.910747766494751,
                    0.11276007443666458
                ],
                [
                    -0.14502473175525665,
                    -0.05902322754263878,
                    0.9876660108566284
                ]
            ],
            [
                [
                    0.9138892889022827,
                    0.10875433683395386,
                    -0.3911250829696655
                ],
                [
                    -0.37031444907188416,
                    0.6181221008300781,
                    -0.6933918595314026
                ],
                [
                    0.16635367274284363,
                    0.7785226702690125,
                    0.6051684617996216
                ]
            ],
            [
                [
                    0.8421714901924133,
                    -0.3389217257499695,
                    -0.4193795919418335
                ],
                [
                    0.5082848072052002,
                    0.7586001753807068,
                    0.40764254331588745
                ],
                [
                    0.1799824833869934,
                    -0.556469202041626,
                    0.8111401796340942
                ]
            ],
            [
                [
                    0.888668417930603,
                    -0.33775103092193604,
                    -0.31014958024024963
                ],
                [
                    0.19490185379981995,
                    0.8904463052749634,
                    -0.41124042868614197
                ],
                [
                    0.4150683879852295,
                    0.3050076365470886,
                    0.8571398258209229
                ]
            ]
        ],
        "betas": [
            -0.030982255935668945,
            -0.0147666335105896,
            -0.026341348886489868,
            0.05107167363166809,
            0.048160672187805176,
            -0.011426057666540146,
            0.09073114395141602,
            -0.02443745732307434,
            0.0477820485830307,
            -0.03636249899864197
        ]
    },
    "pred_cam_t": [
        -0.13184593617916107,
        -0.05834678187966347,
        4.309947967529297
    ],
    "focal_length": [
        5000.0,
        5000.0
    ],
    "pred_keypoints_3d": [
        [
            0.0958814024925232,
            0.006390119902789593,
            0.0061896201223134995
        ],
        [
            0.12862712144851685,
            0.02196449786424637,
            0.01952461153268814
        ],
        [
            0.15283320844173431,
            0.04108280688524246,
            0.019827410578727722
        ],
        [
            0.16388016939163208,
            0.0639202892780304,
            0.010178170166909695
        ],
        [
            0.16472336649894714,
            0.09766901284456253,
            0.0025088712573051453
        ],
        [
            0.16356511414051056,
            0.06176614761352539,
            -0.018583863973617554
        ],
        [
            0.1686224341392517,
            0.0944547951221466,
            -0.018342535942792892
        ],
        [
            0.15850256383419037,
            0.10610648989677429,
            -0.002329910174012184
        ],
        [
            0.14861537516117096,
            0.10474870353937149,
            0.019932806491851807
        ],
        [
            0.14867109060287476,
            0.07364903390407562,
            -0.035127200186252594
        ],
        [
            0.14071007072925568,
            0.10336063802242279,
            -0.027315007522702217
        ],
        [
            0.1314038336277008,
            0.10098575055599213,
            -0.006089434027671814
        ],
        [
            0.1280171275138855,
            0.08982136100530624,
            0.016472332179546356
        ],
        [
            0.12209584563970566,
            0.07563766092061996,
            -0.03805962949991226
        ],
        [
            0.11463116854429245,
            0.09990286082029343,
            -0.024290690198540688
        ],
        [
            0.10864003747701645,
            0.0937265157699585,
            -0.0010236576199531555
        ],
        [
            0.10776885598897934,
            0.08372625708580017,
            0.022179551422595978
        ],
        [
            0.1004578173160553,
            0.07705023139715195,
            -0.03516119718551636
        ],
        [
            0.09458808600902557,
            0.09059249609708786,
            -0.02001027762889862
        ],
        [
            0.09084794670343399,
            0.08293012529611588,
            -0.003052707761526108
        ],
        [
            0.09056918323040009,
            0.07225899398326874,
            0.012293399311602116
        ]
    ],
    "pred_vertices": [
        [
            0.13527759909629822,
            0.04374515265226364,
            0.00451359897851944
        ],
        [
            0.12778344750404358,
            0.037606559693813324,
            0.009722799062728882
        ],
        [
            0.13619256019592285,
            0.04275389015674591,
            0.010692190378904343
        ],
        [
            0.1434880942106247,
            0.04673991724848747,
            0.006602482870221138
        ],
        [
            0.12677839398384094,
            0.03906150162220001,
            0.028175096958875656
        ],
        [
            0.13093754649162292,
            0.031625375151634216,
            0.037163637578487396
        ],
        [
            0.1442735493183136,
            0.043318260461091995,
            0.03327557444572449
        ],
        [
            0.13786040246486664,
            0.048300851136446,
            0.02685805782675743
        ],
        [
            0.15052558481693268,
            0.048173848539590836,
            0.006277395412325859
        ],
        [
            0.14295293390750885,
            0.047139979898929596,
            0.011474130675196648
        ],
        [
            0.1528969556093216,
            0.04510264843702316,
            0.004158461466431618
        ],
        [
            0.1622290015220642,
            0.043556660413742065,
            -0.0041053202003240585
        ],
        [
            0.1580309420824051,
            0.04873301088809967,
            -6.337277591228485e-05
        ],
        [
            0.1671134978532791,
            0.046600233763456345,
            -0.010217105969786644
        ],
        [
            0.1608799546957016,
            0.03303716331720352,
            -0.0073960572481155396
        ],
        [
            0.16614362597465515,
            0.04241687059402466,
            -0.01878299191594124
        ],
        [
            0.14013820886611938,
            0.02966713160276413,
            -0.024841349571943283
        ],
        [
            0.1277501881122589,
            0.03224357217550278,
            -0.029808953404426575
        ],
        [
            0.13649168610572815,
            0.04560845345258713,
            -0.038577523082494736
        ],
        [
            0.14808453619480133,
            0.0422099307179451,
            -0.03173602372407913
        ],
        [
            0.11547352373600006,
            0.0477486215531826,
            -0.03934643417596817
        ],
        [
            0.12747055292129517,
            0.047285035252571106,
            -0.03922892361879349
        ],
        [
            0.11888137459754944,
            0.033134229481220245,
            -0.03159802779555321
        ],
        [
            0.10864025354385376,
            0.034358955919742584,
            -0.03164403513073921
        ],
        [
            0.1202496886253357,
            0.04218028113245964,
            0.0007194820791482925
        ],
        [
            0.11307606101036072,
            0.035486333072185516,
            0.00613885372877121
        ],
        [
            0.11852538585662842,
            0.034795962274074554,
            0.007123477756977081
        ],
        [
            0.12544743716716766,
            0.04158216714859009,
            0.002263356000185013
        ],
        [
            0.15725818276405334,
            0.042836710810661316,
            0.007067503407597542
        ],
        [
            0.15809078514575958,
            0.031188080087304115,
            0.007211940363049507
        ],
        [
            0.15663282573223114,
            0.03753669559955597,
            0.0032692067325115204
        ],
        [
            0.15373478829860687,
            0.04700702428817749,
            0.007103843614459038
        ],
        [
            0.08956654369831085,
            0.02576332539319992,
            0.01959223300218582
        ],
        [
            0.08530423045158386,
            0.012977264821529388,
            0.021093234419822693
        ],
        [
            0.09046554565429688,
            0.010819397866725922,
            0.023053307086229324
        ],
        [
            0.09330315887928009,
            0.022743672132492065,
            0.02092183381319046
        ],
        [
            0.11165497452020645,
            0.013603214174509048,
            0.03430165350437164
        ],
        [
            0.10587160289287567,
            0.003931831568479538,
            0.03042931668460369
        ],
        [
            0.1121063083410263,
            -0.00836644321680069,
            0.02949012815952301
        ],
        [
            0.12006105482578278,
            -0.0005800351500511169,
            0.03107084147632122
        ],
        [
            0.12102770805358887,
            0.023397427052259445,
            0.036975257098674774
        ],
        [
            0.12809531390666962,
            0.01099984347820282,
            0.036792922765016556
        ],
        [
            0.138283371925354,
            0.022488344460725784,
            0.03790535405278206
        ],
        [
            0.1511320173740387,
            0.03670644760131836,
            0.0335627980530262
        ],
        [
            0.07460137456655502,
            0.015816740691661835,
            0.0145253986120224
        ],
        [
            0.07600165903568268,
            0.025881793349981308,
            0.012959875166416168
        ],
        [
            0.16638945043087006,
            0.0896727442741394,
            -0.0050506591796875
        ],
        [
            0.16050958633422852,
            0.09029317647218704,
            -0.006920052692294121
        ],
        [
            0.1611977517604828,
            0.08725620806217194,
            -0.0072103943675756454
        ],
        [
            0.16686509549617767,
            0.08717982470989227,
            -0.00563950277864933
        ],
        [
            0.07035141438245773,
            0.016822777688503265,
            -0.005385223776102066
        ],
        [
            0.07338131964206696,
            0.011385403573513031,
            -0.013332173228263855
        ],
        [
            0.06887637078762054,
            0.007121920585632324,
            -0.009438935667276382
        ],
        [
            0.0674704909324646,
            0.011249341070652008,
            -0.0010692141950130463
        ],
        [
            0.07416568696498871,
            0.024149499833583832,
            -0.011092249304056168
        ],
        [
            0.07994435727596283,
            0.017481952905654907,
            -0.01813618093729019
        ],
        [
            0.17389357089996338,
            0.0971684381365776,
            -0.012411670759320259
        ],
        [
            0.173498272895813,
            0.09436550736427307,
            -0.007904602214694023
        ],
        [
            0.17491063475608826,
            0.09092645347118378,
            -0.01098471786826849
        ],
        [
            0.1747795194387436,
            0.09265953302383423,
            -0.01630993001163006
        ],
        [
            0.15098467469215393,
            0.050840817391872406,
            0.0019894931465387344
        ],
        [
            0.14176951348781586,
            0.050588324666023254,
            0.0008687544614076614
        ],
        [
            0.1590980887413025,
            0.06187990680336952,
            -0.006699607707560062
        ],
        [
            0.15200476348400116,
            0.05782708525657654,
            -0.005196237936615944
        ],
        [
            0.15780584514141083,
            0.054289720952510834,
            -0.0030031241476535797
        ],
        [
            0.16343261301517487,
            0.05781637504696846,
            -0.0054839737713336945
        ],
        [
            0.12922094762325287,
            0.05884074419736862,
            -0.01202022098004818
        ],
        [
            0.12341735512018204,
            0.05042635276913643,
            -0.006466297432780266
        ],
        [
            0.12989477813243866,
            0.050209298729896545,
            -0.005073582753539085
        ],
        [
            0.13760468363761902,
            0.05945809185504913,
            -0.00981513038277626
        ],
        [
            0.10981922596693039,
            0.05414128303527832,
            -0.008407993242144585
        ],
        [
            0.11668233573436737,
            0.06169752776622772,
            -0.01415301114320755
        ],
        [
            0.10810822248458862,
            0.06264042109251022,
            -0.014569323509931564
        ],
        [
            0.10465395450592041,
            0.057872798293828964,
            -0.009581904858350754
        ],
        [
            0.13186055421829224,
            0.0726197212934494,
            -0.02257498726248741
        ],
        [
            0.13555435836315155,
            0.07512552291154861,
            -0.02480071783065796
        ],
        [
            0.13111799955368042,
            0.0781494677066803,
            -0.024496419355273247
        ],
        [
            0.12814734876155853,
            0.07324474304914474,
            -0.022920388728380203
        ],
        [
            0.06493854522705078,
            0.002085551619529724,
            -0.006254181265830994
        ],
        [
            0.0655226930975914,
            0.00543898344039917,
            0.0029990412294864655
        ],
        [
            0.0935472697019577,
            0.05229318141937256,
            -0.03771065175533295
        ],
        [
            0.0850144475698471,
            0.05341626703739166,
            -0.030288124457001686
        ],
        [
            0.08872417360544205,
            0.06480354815721512,
            -0.03621349483728409
        ],
        [
            0.09739238768815994,
            0.06080133467912674,
            -0.04436691105365753
        ],
        [
            0.08136822283267975,
            0.00643794983625412,
            -0.017775805667042732
        ],
        [
            0.07517711818218231,
            0.002142965793609619,
            -0.01551663875579834
        ],
        [
            0.17059898376464844,
            0.0994310975074768,
            -0.01754765212535858
        ],
        [
            0.17114275693893433,
            0.09485173225402832,
            -0.021107062697410583
        ],
        [
            0.14205701649188995,
            0.011354312300682068,
            0.030486315488815308
        ],
        [
            0.15563781559467316,
            0.02958640828728676,
            0.029223546385765076
        ],
        [
            0.13040536642074585,
            -0.0009728334844112396,
            0.026733428239822388
        ],
        [
            0.12228135764598846,
            -0.008907750248908997,
            0.022219492122530937
        ],
        [
            0.11633259057998657,
            -0.01617307960987091,
            0.020992381498217583
        ],
        [
            0.14887307584285736,
            0.06212306022644043,
            -0.00896899588406086
        ],
        [
            0.13305619359016418,
            0.0477033406496048,
            -0.0007086712867021561
        ],
        [
            0.11538578569889069,
            0.04318549111485481,
            -0.00035358406603336334
        ],
        [
            0.08764031529426575,
            0.055840857326984406,
            -0.005695577710866928
        ],
        [
            0.08287645876407623,
            0.04861457273364067,
            -4.342198371887207e-05
        ],
        [
            0.09347992390394211,
            0.04900502413511276,
            0.0019657015800476074
        ],
        [
            0.09554880857467651,
            0.05491971969604492,
            -0.0039141178131103516
        ],
        [
            0.08226430416107178,
            0.058721523731946945,
            -0.02203316241502762
        ],
        [
            0.08638554811477661,
            0.06192796304821968,
            -0.0157211534678936
        ],
        [
            0.08975938707590103,
            0.06714272499084473,
            -0.020217372104525566
        ],
        [
            0.08614867925643921,
            0.0662899911403656,
            -0.027484489604830742
        ],
        [
            0.16290181875228882,
            0.040040142834186554,
            0.010626101866364479
        ],
        [
            0.15955819189548492,
            0.026423171162605286,
            0.0123053677380085
        ],
        [
            0.07074953615665436,
            0.021399125456809998,
            0.004217028617858887
        ],
        [
            0.07005154341459274,
            0.014645420014858246,
            0.008190490305423737
        ],
        [
            0.06774609535932541,
            0.006690166890621185,
            0.010377667844295502
        ],
        [
            0.10218320786952972,
            0.030519623309373856,
            0.014245331287384033
        ],
        [
            0.09589667618274689,
            0.0207534022629261,
            0.02210678905248642
        ],
        [
            0.0999997928738594,
            0.020405221730470657,
            0.02416842058300972
        ],
        [
            0.10514199733734131,
            0.029157675802707672,
            0.014368802309036255
        ],
        [
            0.11990279704332352,
            0.03482072055339813,
            0.017285339534282684
        ],
        [
            0.11473474651575089,
            0.029515666887164116,
            0.028288280591368675
        ],
        [
            0.12891489267349243,
            0.042818713933229446,
            0.01686648465692997
        ],
        [
            0.0966363400220871,
            0.00668131560087204,
            0.02658546343445778
        ],
        [
            0.08660769462585449,
            0.0018502548336982727,
            0.026419583708047867
        ],
        [
            0.09415104240179062,
            -0.0022224485874176025,
            0.02891031838953495
        ],
        [
            0.07836000621318817,
            0.004628762602806091,
            0.02183140069246292
        ],
        [
            0.07153105735778809,
            0.0065490081906318665,
            0.01637856289744377
        ],
        [
            0.06969176232814789,
            -0.004420705139636993,
            -0.015103781595826149
        ],
        [
            0.10164167732000351,
            -0.005937017500400543,
            0.029542237520217896
        ],
        [
            0.14587843418121338,
            0.05288425087928772,
            0.025165565311908722
        ],
        [
            0.15156826376914978,
            0.05696330592036247,
            0.022634942084550858
        ],
        [
            0.14780032634735107,
            0.05618976056575775,
            0.016282176598906517
        ],
        [
            0.14351549744606018,
            0.05242908373475075,
            0.01758470945060253
        ],
        [
            0.17129269242286682,
            0.05344264209270477,
            -0.015243887901306152
        ],
        [
            0.16839289665222168,
            0.05594721436500549,
            -0.008281580172479153
        ],
        [
            0.16363291442394257,
            0.04979030415415764,
            -0.00414810236543417
        ],
        [
            0.08994381129741669,
            0.03562008962035179,
            0.013329524546861649
        ],
        [
            0.07833676040172577,
            0.03537769615650177,
            0.008156441152095795
        ],
        [
            0.15576285123825073,
            0.06587729603052139,
            -0.010444451123476028
        ],
        [
            0.17543630301952362,
            0.08829241991043091,
            -0.019049467518925667
        ],
        [
            0.17605482041835785,
            0.08639028668403625,
            -0.013133401051163673
        ],
        [
            0.1748008280992508,
            0.06862182915210724,
            -0.015087202191352844
        ],
        [
            0.1744796484708786,
            0.07043668627738953,
            -0.02196972444653511
        ],
        [
            0.15559589862823486,
            0.0718788355588913,
            -0.018510522320866585
        ],
        [
            0.15631118416786194,
            0.06864501535892487,
            -0.011873760260641575
        ],
        [
            0.1560041755437851,
            0.07026928663253784,
            -0.01308058388531208
        ],
        [
            0.15358203649520874,
            0.07405196130275726,
            -0.018162628635764122
        ],
        [
            0.12215384840965271,
            0.07659938931465149,
            -0.02462162636220455
        ],
        [
            0.11988115310668945,
            0.07285929471254349,
            -0.022669421508908272
        ],
        [
            0.15442700684070587,
            0.05717845633625984,
            -0.035121429711580276
        ],
        [
            0.16535383462905884,
            0.04979844018816948,
            -0.03187951073050499
        ],
        [
            0.15868769586086273,
            0.03918907046318054,
            -0.026218967512249947
        ],
        [
            0.12184616923332214,
            0.0596766471862793,
            -0.013168293982744217
        ],
        [
            0.12643814086914062,
            0.06730853021144867,
            -0.018243389204144478
        ],
        [
            0.12246337532997131,
            0.06792785227298737,
            -0.019047122448682785
        ],
        [
            0.14798375964164734,
            0.0653759241104126,
            -0.012291950173676014
        ],
        [
            0.15274383127689362,
            0.0689513236284256,
            -0.014883344992995262
        ],
        [
            0.1486143171787262,
            0.06903219223022461,
            -0.01664954610168934
        ],
        [
            0.14280125498771667,
            0.06552194058895111,
            -0.013855223543941975
        ],
        [
            0.08047248423099518,
            0.04235386103391647,
            -0.024232113733887672
        ],
        [
            0.07719756662845612,
            0.04909183457493782,
            -0.015063032507896423
        ],
        [
            0.17088741064071655,
            0.09140333533287048,
            -0.005348885431885719
        ],
        [
            0.17195925116539001,
            0.0885779857635498,
            -0.006999203935265541
        ],
        [
            0.1163114607334137,
            0.05145403742790222,
            -0.007633702829480171
        ],
        [
            0.14975383877754211,
            0.02895144745707512,
            -0.01855274848639965
        ],
        [
            0.11007650196552277,
            0.044461678713560104,
            -0.0011857040226459503
        ],
        [
            0.11484765261411667,
            0.0699651762843132,
            -0.04143523797392845
        ],
        [
            0.11088453233242035,
            0.07555022835731506,
            -0.03441787138581276
        ],
        [
            0.11253732442855835,
            0.07733100652694702,
            -0.033931802958250046
        ],
        [
            0.11581842601299286,
            0.0765363872051239,
            -0.038932524621486664
        ],
        [
            0.15500125288963318,
            0.08761157095432281,
            -0.017598845064640045
        ],
        [
            0.1563035547733307,
            0.08675569295883179,
            -0.011785533279180527
        ],
        [
            0.15655915439128876,
            0.08863034844398499,
            -0.011348146945238113
        ],
        [
            0.15535011887550354,
            0.0909738540649414,
            -0.016858365386724472
        ],
        [
            0.16008682548999786,
            0.06597354263067245,
            -0.008141245692968369
        ],
        [
            0.16548211872577667,
            0.06307698041200638,
            -0.006695836782455444
        ],
        [
            0.16538922488689423,
            0.068272665143013,
            -0.00718870060518384
        ],
        [
            0.1599264293909073,
            0.06973995268344879,
            -0.009566874243319035
        ],
        [
            0.17055447399616241,
            0.06186733767390251,
            -0.00982578843832016
        ],
        [
            0.1712484508752823,
            0.06757374107837677,
            -0.009841104969382286
        ],
        [
            0.1577952653169632,
            0.08912418782711029,
            -0.023308852687478065
        ],
        [
            0.1649375855922699,
            0.09043703973293304,
            -0.02583618275821209
        ],
        [
            0.16255171597003937,
            0.07432248443365097,
            -0.02931736595928669
        ],
        [
            0.1562967449426651,
            0.07652062177658081,
            -0.024983569979667664
        ],
        [
            0.10238716006278992,
            0.021265465766191483,
            -0.026052476838231087
        ],
        [
            0.09176936000585556,
            0.024862706661224365,
            -0.0258898064494133
        ],
        [
            0.09763835370540619,
            0.03795313090085983,
            -0.03182133287191391
        ],
        [
            0.10315985977649689,
            0.05094686523079872,
            -0.039157286286354065
        ],
        [
            0.10948171466588974,
            0.06325463205575943,
            -0.04442323371767998
        ],
        [
            0.12092780321836472,
            0.05912633240222931,
            -0.0463843010365963
        ],
        [
            0.08953292667865753,
            0.03947931528091431,
            -0.03042302094399929
        ],
        [
            0.1555984616279602,
            0.06996618211269379,
            -0.027003565803170204
        ],
        [
            0.16057713329792023,
            0.06415179371833801,
            -0.031209345906972885
        ],
        [
            0.1561136394739151,
            0.06601723283529282,
            -0.03193099796772003
        ],
        [
            0.10330016911029816,
            0.04766247794032097,
            -0.0013956502079963684
        ],
        [
            0.17337705194950104,
            0.0849766954779625,
            -0.008550988510251045
        ],
        [
            0.11584043502807617,
            -0.013206146657466888,
            -0.0011864230036735535
        ],
        [
            0.10606439411640167,
            -0.010608188807964325,
            -0.010282386094331741
        ],
        [
            0.11203533411026001,
            -0.0042710080742836,
            -0.011555945500731468
        ],
        [
            0.12289272993803024,
            -0.006640434265136719,
            -0.0004844013601541519
        ],
        [
            0.1614713817834854,
            0.08555605262517929,
            -0.0069656334817409515
        ],
        [
            0.16775494813919067,
            0.08438129723072052,
            -0.005602696910500526
        ],
        [
            0.11379105597734451,
            0.07507031410932541,
            -0.023227322846651077
        ],
        [
            0.11660360544919968,
            0.07758238166570663,
            -0.025559548288583755
        ],
        [
            0.11256320774555206,
            0.07775381952524185,
            -0.027885520830750465
        ],
        [
            0.10960560292005539,
            0.07782398909330368,
            -0.024750500917434692
        ],
        [
            0.08596539497375488,
            0.025852646678686142,
            -0.02442188933491707
        ],
        [
            0.09029293060302734,
            0.07366134971380234,
            -0.034598808735609055
        ],
        [
            0.09900882840156555,
            0.07074525952339172,
            -0.04240793734788895
        ],
        [
            0.08714084327220917,
            0.013436980545520782,
            -0.020926449447870255
        ],
        [
            0.09627171605825424,
            0.009887166321277618,
            -0.021632498130202293
        ],
        [
            0.09133964031934738,
            0.0019073039293289185,
            -0.01870994083583355
        ],
        [
            0.13525822758674622,
            0.0625615194439888,
            -0.042507920414209366
        ],
        [
            0.11110872030258179,
            0.02067432925105095,
            -0.02607097662985325
        ],
        [
            0.1038932129740715,
            0.00895235687494278,
            -0.020904138684272766
        ],
        [
            0.09834448993206024,
            -0.0006208419799804688,
            -0.01737530156970024
        ],
        [
            0.09381292015314102,
            -0.007471345365047455,
            -0.01565457507967949
        ],
        [
            0.08660207688808441,
            -0.003950424492359161,
            -0.017170991748571396
        ],
        [
            0.17089231312274933,
            0.08985079079866409,
            -0.023441022261977196
        ],
        [
            0.16449643671512604,
            0.09610676765441895,
            -0.02382561005651951
        ],
        [
            0.08104346692562103,
            -0.011193700134754181,
            -0.016954990103840828
        ],
        [
            0.08938157558441162,
            -0.014606252312660217,
            -0.014642272144556046
        ],
        [
            0.11272983253002167,
            0.007420636713504791,
            -0.01867658831179142
        ],
        [
            0.12321265041828156,
            0.005910813808441162,
            -0.014178259298205376
        ],
        [
            0.11933371424674988,
            0.018937259912490845,
            -0.023511618375778198
        ],
        [
            0.13031049072742462,
            0.01828615367412567,
            -0.019866766408085823
        ],
        [
            0.14428216218948364,
            0.05546354502439499,
            -0.04463048651814461
        ],
        [
            0.1563982516527176,
            0.10762858390808105,
            -0.011571221053600311
        ],
        [
            0.15810948610305786,
            0.09972064197063446,
            -0.019114188849925995
        ],
        [
            0.15534421801567078,
            0.09570073336362839,
            -0.015734076499938965
        ],
        [
            0.15337087213993073,
            0.104759581387043,
            -0.010577265173196793
        ],
        [
            0.15787285566329956,
            0.09367880970239639,
            -0.021479154005646706
        ],
        [
            0.1637534350156784,
            0.10077586770057678,
            -0.02017672173678875
        ],
        [
            0.1420133113861084,
            0.017252791672945023,
            -0.010713910683989525
        ],
        [
            0.15286731719970703,
            0.072703056037426,
            -0.019423700869083405
        ],
        [
            0.13546012341976166,
            0.00484534353017807,
            -0.00031189434230327606
        ],
        [
            0.15532009303569794,
            0.02166726067662239,
            -0.002111809328198433
        ],
        [
            0.1506238877773285,
            0.01433108001947403,
            0.007749998942017555
        ],
        [
            0.12982624769210815,
            -0.0064218901097774506,
            0.012188825756311417
        ],
        [
            0.1428060531616211,
            0.004473865032196045,
            0.017767084762454033
        ],
        [
            0.11593121290206909,
            -0.019030623137950897,
            0.01001584529876709
        ],
        [
            0.12211474776268005,
            -0.012498132884502411,
            0.009591037407517433
        ],
        [
            0.15412023663520813,
            0.017897218465805054,
            0.021072788164019585
        ],
        [
