{
    "pred_cam": [
        5.944483757019043,
        -0.03746343031525612,
        -0.05516239255666733
    ],
    "pred_mano_params": {
        "global_orient": [
            [
                [
                    0.6146501302719116,
                    0.6931619644165039,
                    -0.37647271156311035
                ],
                [
                    -0.5470890998840332,
                    0.030795179307460785,
                    -0.8365077376365662
                ],
                [
                    -0.5682418346405029,
                    0.7201237082481384,
                    0.39814960956573486
                ]
            ]
        ],
        "hand_pose": [
            [
                [
                    0.7010253667831421,
                    -0.5327181816101074,
                    -0.474104106426239
                ],
                [
                    0.4742533564567566,
                    0.8447527289390564,
                    -0.24794457852840424
                ],
                [
                    0.5325853824615479,
                    -0.051030028611421585,
                    0.8448364734649658
                ]
            ],
            [
                [
                    0.9939549565315247,
                    -0.10963219404220581,
                    -0.0058579049073159695
                ],
                [
                    0.10099278390407562,
                    0.9339468479156494,
                    -0.34284651279449463
                ],
                [
                    0.043057989329099655,
                    0.3401823937892914,
                    0.9393731355667114
                ]
            ],
            [
                [
                    0.9960923790931702,
                    -0.08596841245889664,
                    0.020236296579241753
                ],
                [
                    0.08691389858722687,
                    0.9948723316192627,
                    -0.05172131583094597
                ],
                [
                    -0.01568613015115261,
                    0.05327801778912544,
                    0.998456597328186
                ]
            ],
            [
                [
                    0.7040697336196899,
                    -0.6444575786590576,
                    -0.2982623279094696
                ],
                [
                    0.6596288084983826,
                    0.7490765452384949,
                    -0.06143379956483841
                ],
                [
                    0.2630127966403961,
                    -0.15348875522613525,
                    0.9525048732757568
                ]
            ],
            [
                [
                    0.9901514649391174,
                    0.0447937473654747,
                    -0.13264106214046478
                ],
                [
                    -0.02638997882604599,
                    0.9901659488677979,
                    0.13738667964935303
                ],
                [
                    0.13749070465564728,
                    -0.1325332075357437,
                    0.9815963506698608
                ]
            ],
            [
                [
                    0.9868395328521729,
                    -0.12234760075807571,
                    0.10572982579469681
                ],
                [
                    0.13071981072425842,
                    0.9884835481643677,
                    -0.0762404128909111
                ],
                [
                    -0.09518436342477798,
                    0.0890580341219902,
                    0.9914678931236267
                ]
            ],
            [
                [
                    0.4907035231590271,
                    -0.8613078594207764,
                    0.13175302743911743
                ],
                [
                    0.4653279483318329,
                    0.3868858814239502,
                    0.7961088418960571
                ],
                [
                    -0.7366681098937988,
                    -0.32934507727622986,
                    0.5906369090080261
                ]
            ],
            [
                [
                    0.9696424007415771,
                    -0.17515160143375397,
                    -0.17063245177268982
                ],
                [
                    0.10647232830524445,
                    0.9306020736694336,
                    -0.35020482540130615
                ],
                [
                    0.2201298326253891,
                    0.321405827999115,
                    0.9210000038146973
                ]
            ],
            [
                [
                    0.882625937461853,
                    0.4640309810638428,
                    0.07514450699090958
                ],
                [
                    -0.42916589975357056,
                    0.7302245497703552,
                    0.5315906405448914
                ],
                [
                    0.19180214405059814,
                    -0.5014451146125793,
                    0.8436614274978638
                ]
            ],
            [
                [
                    0.7092881202697754,
                    -0.7049086689949036,
                    -0.0037841869052499533
                ],
                [
                    0.7011812329292297,
                    0.7049651145935059,
                    0.10662579536437988
                ],
                [
                    -0.07249371707439423,
                    -0.07828179746866226,
                    0.9942920804023743
                ]
            ],
            [
                [
                    0.9794840812683105,
                    0.16883140802383423,
                    -0.11003141105175018
                ],
                [
                    -0.14024576544761658,
                    0.9631681442260742,
                    0.22943013906478882
                ],
                [
                    0.14471375942230225,
                    -0.2092917263507843,
                    0.9670857787132263
                ]
            ],
            [
                [
                    0.980920135974884,
                    -0.14155220985412598,
                    0.1332617998123169
                ],
                [
                    0.130949929356575,
                    0.987716019153595,
                    0.08526036888360977
                ],
                [
                    -0.14369359612464905,
                    -0.06618298590183258,
                    0.9874067902565002
                ]
            ],
            [
                [
                    0.9609228372573853,
                    -0.17521125078201294,
                    -0.21430884301662445
                ],
                [
                    -0.1634196639060974,
                    0.26582059264183044,
                    -0.9500702023506165
                ],
                [
                    0.22343070805072784,
                    0.947966456413269,
                    0.2268001139163971
                ]
            ],
            [
                [
                    0.9626778960227966,
                    -0.12814553081989288,
                    -0.23839052021503448
                ],
                [
                    0.22312095761299133,
                    0.8743160367012024,
                    0.4310319423675537
                ],
                [
                    0.15319383144378662,
                    -0.4681348502635956,
                    0.870276689529419
                ]
            ],
            [
                [
                    0.9039161801338196,
                    -0.38391202688217163,
                    -0.18853941559791565
                ],
                [
                    0.29167017340660095,
                    0.8757064938545227,
                    -0.38479429483413696
                ],
                [
                    0.3128323554992676,
                    0.2928304672241211,
                    0.9035409688949585
                ]
            ]
        ],
        "betas": [
            0.04264834523200989,
            -0.0828162431716919,
            -0.05630388855934143,
            -0.0033954083919525146,
            -0.05498456954956055,
            -0.040095530450344086,
            0.05888009071350098,
            -0.06314900517463684,
            0.011571288108825684,
            -0.045107632875442505
        ]
    },
    "pred_cam_t": [
        -0.03746343031525612,
        -0.05516239255666733,
        6.571218013763428
    ],
    "focal_length": [
        5000.0,
        5000.0
    ],
    "pred_keypoints_3d": [
        [
            0.09554325044155121,
            0.006355978548526764,
            0.006198033224791288
        ],
        [
            0.06039408594369888,
            -0.0024663330987095833,
            0.018904579803347588
        ],
        [
            0.031769245862960815,
            0.008669628761708736,
            0.019577234983444214
        ],
        [
            0.012920007109642029,
            0.02714056521654129,
            0.025621280074119568
        ],
        [
            -0.005499931983649731,
            0.05607086047530174,
            0.0221005380153656
        ],
        [
            0.030205264687538147,
            0.03715039789676666,
            0.06056538596749306
        ],
        [
            0.0113286804407835,
            0.06418715417385101,
            0.06006057932972908
        ],
        [
            -0.0007001375779509544,
            0.08143637329339981,
            0.05299955978989601
        ],
        [
            -0.014647290110588074,
            0.10135436058044434,
            0.04534560441970825
        ],
        [
            0.037717241793870926,
            0.060876794159412384,
            0.057443369179964066
        ],
        [
            0.016649620607495308,
            0.08354146033525467,
            0.050642140209674835
        ],
        [
            0.002855949103832245,
            0.10027186572551727,
            0.04222274571657181
        ],
        [
            -0.014271024614572525,
            0.118925079703331,
            0.03614179790019989
        ],
        [
            0.05264642462134361,
            0.07316870242357254,
            0.03911812976002693
        ],
        [
            0.027470886707305908,
            0.08698057383298874,
            0.03650151938199997
        ],
        [
            0.009246617555618286,
            0.10242770612239838,
            0.029891807585954666
        ],
        [
            -0.011291343718767166,
            0.11731889843940735,
            0.026786379516124725
        ],
        [
            0.06266539543867111,
            0.07969623804092407,
            0.020959381014108658
        ],
        [
            0.04219204932451248,
            0.08035523444414139,
            0.01591915637254715
        ],
        [
            0.024417655542492867,
            0.08358798176050186,
            0.010262385942041874
        ],
        [
            0.0006939731538295746,
            0.09193474054336548,
            0.0070012821815907955
        ]
    ],
    "pred_vertices": [
        [
            0.04795791208744049,
            0.019842594861984253,
            0.028772670775651932
        ],
        [
            0.05498502403497696,
            0.014912702143192291,
            0.02184208855032921
        ],
        [
            0.0469525046646595,
            0.01671764999628067,
            0.023552142083644867
        ],
        [
            0.04043693095445633,
            0.018571168184280396,
            0.03180132806301117
        ],
        [
            0.05237443372607231,
            0.009047850966453552,
            0.00416947528719902
        ],
        [
            0.050687965005636215,
            -0.0025933757424354553,
            0.001596253365278244
        ],
        [
            0.03681390732526779,
            0.005078580230474472,
            0.005539517849683762
        ],
        [
            0.04064415767788887,
            0.014248616993427277,
            0.006258785724639893
        ],
        [
            0.03543705865740776,
            0.01859210804104805,
            0.035310350358486176
        ],
        [
            0.03979533910751343,
            0.018747933208942413,
            0.02467373013496399
        ],
        [
            0.03586682677268982,
            0.01765103079378605,
            0.03794887661933899
        ],
        [
            0.03491024672985077,
            0.01687105931341648,
            0.052122510969638824
        ],
        [
            0.03308655321598053,
            0.019145794212818146,
            0.04613944888114929
        ],
        [
            0.03337789326906204,
            0.020743191242218018,
            0.05981794744729996
        ],
        [
            0.04333814978599548,
            0.011809438467025757,
            0.055423785001039505
        ],
        [
            0.04052160307765007,
            0.023266088217496872,
            0.06528479605913162
        ],
        [
            0.06785966455936432,
            0.026793671771883965,
            0.05339356139302254
        ],
        [
            0.07574736326932907,
            0.03587060421705246,
            0.046741075813770294
        ],
        [
            0.06579093635082245,
            0.04706837981939316,
            0.05540604516863823
        ],
        [
            0.05820200592279434,
            0.03670036420226097,
            0.06063180789351463
        ],
        [
            0.0764031782746315,
            0.056040145456790924,
            0.03981437534093857
        ],
        [
            0.07013954222202301,
            0.051695603877305984,
            0.04884037747979164
        ],
        [
            0.08094801008701324,
            0.040575139224529266,
            0.04110744595527649
        ],
        [
            0.08584967255592346,
            0.04485674202442169,
            0.03326336294412613
        ],
        [
            0.05953714996576309,
            0.02609846740961075,
            0.020458128303289413
        ],
        [
            0.06573526561260223,
            0.020230963826179504,
            0.01378144696354866
        ],
        [
            0.06268219649791718,
            0.01707737147808075,
            0.018054261803627014
        ],
        [
            0.05617688596248627,
            0.022877495735883713,
            0.02368636429309845
        ],
        [
            0.030779235064983368,
            0.012945719063282013,
            0.03457646444439888
        ],
        [
            0.038516417145729065,
            0.00370822474360466,
            0.040504664182662964
        ],
        [
            0.037417493760585785,
            0.011009516194462776,
            0.042021460831165314
        ],
        [
            0.0315798744559288,
            0.01779700256884098,
            0.03224705904722214
        ],
        [
            0.07993756234645844,
            0.013218093663454056,
            -0.010853573679924011
        ],
        [
            0.09056419134140015,
            0.004960700869560242,
            -0.012275159358978271
        ],
        [
            0.08836130797863007,
            0.00045159459114074707,
            -0.0091017447412014
        ],
        [
            0.07942261546850204,
            0.008886046707630157,
            -0.008004330098628998
        ],
        [
            0.07151034474372864,
            -0.010426156222820282,
            -0.001332893967628479
        ],
        [
            0.08158345520496368,
            -0.014023691415786743,
            -0.000806175172328949
        ],
        [
            0.08623941242694855,
            -0.023767121136188507,
            0.006538279354572296
        ],
        [
            0.07572457194328308,
            -0.021393146365880966,
            0.00878826528787613
        ],
        [
            0.06066201627254486,
            -0.006616584956645966,
            2.5227665901184082e-05
        ],
        [
            0.06228714436292648,
            -0.01790573075413704,
            0.006964940577745438
        ],
        [
            0.04974927008152008,
            -0.012312926352024078,
            0.007034566253423691
        ],
        [
            0.03451347351074219,
            -0.002534143626689911,
            0.010173946619033813
        ],
        [
            0.09750491380691528,
            0.014716874808073044,
            -0.016740139573812485
        ],
        [
            0.09044136106967926,
            0.022125016897916794,
            -0.016815010458230972
        ],
        [
            0.002685442566871643,
            0.06248483806848526,
            0.05191347375512123
        ],
        [
            0.00653812475502491,
            0.06581796705722809,
            0.04903517663478851
        ],
        [
            0.009243420325219631,
            0.06015387177467346,
            0.04927890747785568
        ],
        [
            0.005018969066441059,
            0.05804845690727234,
            0.05251144617795944
        ],
        [
            0.10793697834014893,
            0.02942287176847458,
            -0.007619354873895645
        ],
        [
            0.11345691978931427,
            0.029711280018091202,
            0.0007418431341648102
        ],
        [
            0.11721485108137131,
            0.025869082659482956,
            -0.004147272557020187
        ],
        [
            0.11151521652936935,
            0.02385875955224037,
            -0.011279921978712082
        ],
        [
            0.10318844765424728,
            0.03672926872968674,
            -0.0027505196630954742
        ],
        [
            0.10766146332025528,
            0.034685514867305756,
            0.007338929921388626
        ],
        [
            0.003369925543665886,
            0.06510742008686066,
            0.06410166621208191
        ],
        [
            0.0006700996309518814,
            0.06283298879861832,
            0.060434967279434204
        ],
        [
            0.003899766132235527,
            0.05878353863954544,
            0.06236664205789566
        ],
        [
            0.007648894563317299,
            0.06086985021829605,
            0.0655936673283577
        ],
        [
            0.03530050069093704,
            0.021237323060631752,
            0.03996925428509712
        ],
        [
            0.04136224836111069,
            0.02461428754031658,
            0.03434234857559204
        ],
        [
            0.02631634660065174,
            0.03155216574668884,
            0.05012596771121025
        ],
        [
            0.03320083022117615,
            0.029886147007346153,
            0.04429434984922409
        ],
        [
            0.031065044924616814,
            0.02417932264506817,
            0.04782537370920181
        ],
        [
            0.026087287813425064,
            0.026654047891497612,
            0.05339743196964264
        ],
        [
            0.048522740602493286,
            0.042696427553892136,
            0.03144504874944687
        ],
        [
            0.05525478720664978,
            0.03532706946134567,
            0.025417545810341835
        ],
        [
            0.05111303925514221,
            0.032072730362415314,
            0.029445776715874672
        ],
        [
            0.04241538792848587,
            0.0388895682990551,
            0.03618283569812775
        ],
        [
            0.061070505529642105,
            0.04370935261249542,
            0.015749197453260422
        ],
        [
            0.054394617676734924,
            0.05027668550610542,
            0.02284375950694084
        ],
        [
            0.058597736060619354,
            0.054071761667728424,
            0.016504324972629547
        ],
        [
            0.06185729056596756,
            0.04876766353845596,
            0.011855300515890121
        ],
        [
            0.04208548367023468,
            0.058596327900886536,
            0.03704291582107544
        ],
        [
            0.03886007145047188,
            0.06173289939761162,
            0.04135509207844734
        ],
        [
            0.03921530023217201,
            0.06452477723360062,
            0.03923670947551727
        ],
        [
            0.04405544325709343,
            0.06056889146566391,
            0.03461643308401108
        ],
        [
            0.12152077257633209,
            0.021749403327703476,
            -0.00797203928232193
        ],
        [
            0.1148376315832138,
            0.017972726374864578,
            -0.014000829309225082
        ],
        [
            0.08403167128562927,
            0.06536801904439926,
            0.021735796704888344
        ],
        [
            0.08471989631652832,
            0.06462496519088745,
            0.010744905099272728
        ],
        [
            0.0765603631734848,
            0.07443062961101532,
            0.0142891276627779
        ],
        [
            0.07847318798303604,
            0.07324400544166565,
            0.025901954621076584
        ],
        [
            0.11428852379322052,
            0.0264107845723629,
            0.010472826659679413
        ],
        [
            0.11973612010478973,
            0.024161599576473236,
            0.005355894565582275
        ],
        [
            0.00814693234860897,
            0.06892510503530502,
            0.06507260352373123
        ],
        [
            0.012472434900701046,
            0.06435883045196533,
            0.06565152108669281
        ],
        [
            0.054675858467817307,
            -0.018491778522729874,
            0.018745828419923782
        ],
        [
            0.03530385345220566,
            -0.0076782070100307465,
            0.018753089010715485
        ],
        [
            0.07109850645065308,
            -0.022683575749397278,
            0.018714062869548798
        ],
        [
            0.08329720050096512,
            -0.023202691227197647,
            0.018691115081310272
        ],
        [
            0.09243769943714142,
            -0.025355271995067596,
            0.016957338899374008
        ],
        [
            0.0335804745554924,
            0.036196932196617126,
            0.043543774634599686
        ],
        [
            0.04905540496110916,
            0.026499111205339432,
            0.029625099152326584
        ],
        [
            0.06210445240139961,
            0.029158269986510277,
            0.017191652208566666
        ],
        [
            0.07115664333105087,
            0.05052855238318443,
            -0.0028300397098064423
        ],
        [
            0.07647103816270828,
            0.043584905564785004,
            -0.00838996097445488
        ],
        [
            0.06938222795724869,
            0.03907444700598717,
            -0.0017991848289966583
        ],
        [
            0.06662090122699738,
            0.04618018493056297,
            0.002178031951189041
        ],
        [
            0.07888893783092499,
            0.0641372799873352,
            0.0025148577988147736
        ],
        [
            0.07162149250507355,
            0.0612780787050724,
            0.0010700151324272156
        ],
        [
            0.0673346221446991,
            0.06650478392839432,
            0.005168415606021881
        ],
        [
            0.07292184233665466,
            0.07113142311573029,
            0.006800640374422073
        ],
        [
            0.026808053255081177,
            0.007071394473314285,
            0.033637456595897675
        ],
        [
            0.03862961381673813,
            -0.002677738666534424,
            0.0377143993973732
        ],
        [
            0.10034935176372528,
            0.02635207027196884,
            -0.014298919588327408
        ],
        [
            0.10365928709506989,
            0.01945122331380844,
            -0.01589437574148178
        ],
        [
            0.10950586944818497,
            0.013410300016403198,
            -0.01723639667034149
        ],
        [
            0.07200953364372253,
            0.015328966081142426,
            0.001727364957332611
        ],
        [
            0.07897768914699554,
            0.005800619721412659,
            -0.0061029791831970215
        ],
        [
            0.07652001082897186,
            0.0029891878366470337,
            -0.0037838593125343323
        ],
        [
            0.07143981754779816,
            0.01313396543264389,
            0.004939179867506027
        ],
        [
            0.06099259853363037,
            0.011677606031298637,
            0.012320484966039658
        ],
        [
            0.06386898458003998,
            0.0037813372910022736,
            0.0021450817584991455
        ],
        [
            0.05176627263426781,
            0.01663956791162491,
            0.013088837265968323
        ],
        [
            0.08637121319770813,
            -0.006689298897981644,
            -0.005635332316160202
        ],
        [
            0.09525493532419205,
            -0.00649937242269516,
            -0.012159585952758789
        ],
        [
            0.09272176027297974,
            -0.013397105038166046,
            -0.007202461361885071
        ],
        [
            0.09996786713600159,
            0.0011153481900691986,
            -0.016055509448051453
        ],
        [
            0.10483167320489883,
            0.008228108286857605,
            -0.0181594155728817
        ],
        [
            0.1271764039993286,
            0.02128852903842926,
            0.0024447962641716003
        ],
        [
            0.0906340554356575,
            -0.018854830414056778,
            -0.0013937577605247498
        ],
        [
            0.033197589218616486,
            0.017180634662508965,
            0.0094805508852005
        ],
        [
            0.026690280064940453,
            0.020015975460410118,
            0.012684393674135208
        ],
        [
            0.030806852504611015,
            0.023854246363043785,
            0.017730865627527237
        ],
        [
            0.036255646497011185,
            0.02164233848452568,
            0.015578649938106537
        ],
        [
            0.02923053503036499,
            0.027596106752753258,
            0.06585772335529327
        ],
        [
            0.025839868932962418,
            0.025910355150699615,
            0.059133462607860565
        ],
        [
            0.030966410413384438,
            0.02015160396695137,
            0.05321836099028587
        ],
        [
            0.07567575573921204,
            0.023857902735471725,
            -0.008743014186620712
        ],
        [
            0.0846727266907692,
            0.03089449182152748,
            -0.014064408838748932
        ],
        [
            0.027522088959813118,
            0.037779550999403,
            0.04931899160146713
        ],
        [
            0.011651016771793365,
            0.05802009999752045,
            0.06789015233516693
        ],
        [
            0.00766335055232048,
            0.054929811507463455,
            0.0646868422627449
        ],
        [
            0.018356379121541977,
            0.040209099650382996,
            0.06668693572282791
        ],
        [
            0.022051651030778885,
            0.04464151710271835,
            0.07034870237112045
        ],
        [
            0.028867283836007118,
            0.04748961701989174,
            0.05359753966331482
        ],
        [
            0.026692278683185577,
            0.04152426868677139,
            0.05050550773739815
        ],
        [
            0.026873473078012466,
            0.044321902096271515,
            0.05097738653421402
        ],
        [
            0.0294139813631773,
            0.05032593756914139,
            0.05173827335238457
        ],
        [
            0.044091012328863144,
            0.06699448078870773,
            0.031673744320869446
        ],
        [
            0.04855334758758545,
            0.06324368715286255,
            0.027785519137978554
        ],
        [
            0.04655291512608528,
            0.046676285564899445,
            0.06471990048885345
        ],
        [
            0.0437069870531559,
            0.035936374217271805,
            0.07187385857105255
        ],
        [
            0.0508054718375206,
            0.027960650622844696,
            0.06530876457691193
        ],
        [
            0.052531756460666656,
            0.04650498181581497,
            0.026483625173568726
        ],
        [
            0.04682944715023041,
            0.05357286334037781,
            0.03145386651158333
        ],
        [
            0.0489843413233757,
            0.05591514706611633,
            0.02889130264520645
        ],
        [
            0.03338845074176788,
            0.0409189909696579,
            0.04438396543264389
        ],
        [
            0.029638884589076042,
            0.04344857111573219,
            0.049150027334690094
        ],
        [
            0.03262004628777504,
            0.046290215104818344,
            0.04676135256886482
        ],
        [
            0.037049759179353714,
            0.0439525730907917,
            0.041390031576156616
        ],
        [
            0.09260167181491852,
            0.055090852081775665,
            0.006157137453556061
        ],
        [
            0.08580869436264038,
            0.05514129623770714,
            -0.003379836678504944
        ],
        [
            0.0004919953644275665,
            0.06164097785949707,
            0.05601883679628372
        ],
        [
            0.003247290849685669,
            0.05742035433650017,
            0.057465068995952606
        ],
        [
            0.058990251272916794,
            0.03917587548494339,
            0.020653177052736282
        ],
        [
            0.058918144553899765,
            0.019187085330486298,
            0.05649115517735481
        ],
        [
            0.06457129865884781,
            0.032360974699258804,
            0.01347869262099266
        ],
        [
            0.06340816617012024,
            0.07317157834768295,
            0.03643244877457619
        ],
        [
            0.0585416704416275,
            0.07376129180192947,
            0.029324587434530258
        ],
        [
            0.05348360165953636,
            0.07595712691545486,
            0.031097322702407837
        ],
        [
            0.05588945373892784,
            0.07734494656324387,
            0.036838460713624954
        ],
        [
            0.021457167342305183,
            0.06290466338396072,
            0.05163530632853508
        ],
        [
            0.01706026867032051,
            0.05998698249459267,
            0.04906925559043884
        ],
        [
            0.014214976690709591,
            0.06379838287830353,
            0.04823080450296402
        ],
        [
            0.018165230751037598,
            0.06676537543535233,
            0.05104607716202736
        ],
        [
            0.02379317209124565,
            0.03665584325790405,
            0.05159827694296837
        ],
        [
            0.021743282675743103,
            0.03202410787343979,
            0.055324990302324295
        ],
        [
            0.018875591456890106,
            0.03811078146100044,
            0.054989203810691833
        ],
        [
            0.022689327597618103,
            0.041566602885723114,
            0.052048489451408386
        ],
        [
            0.021346505731344223,
            0.03209484741091728,
            0.06123227998614311
        ],
        [
            0.017477912828326225,
            0.03771769627928734,
            0.06100080907344818
        ],
        [
            0.023403923958539963,
            0.0645710825920105,
            0.057574786245822906
        ],
        [
            0.02146340161561966,
            0.06380908191204071,
            0.06476448476314545
        ],
        [
            0.03149795159697533,
            0.05338454991579056,
            0.06580749899148941
        ],
        [
            0.030809897929430008,
            0.05471178516745567,
            0.057795047760009766
        ],
        [
            0.09587280452251434,
            0.034604817628860474,
            0.028047658503055573
        ],
        [
            0.09927888959646225,
            0.04055405035614967,
            0.019315054640173912
        ],
        [
            0.08950890600681305,
            0.05107739567756653,
            0.024440567940473557
        ],
        [
            0.08070594817399979,
            0.062215086072683334,
            0.029885921627283096
        ],
        [
            0.07140915095806122,
            0.07134782522916794,
            0.03463560715317726
        ],
        [
            0.06937811523675919,
            0.06586408615112305,
            0.04542629048228264
        ],
        [
            0.09229336678981781,
            0.05395141988992691,
            0.017304301261901855
        ],
        [
            0.03350736200809479,
            0.051197633147239685,
            0.05917412415146828
        ],
        [
            0.037809211760759354,
            0.046833328902721405,
            0.06634324789047241
        ],
        [
            0.03871092200279236,
            0.05063973367214203,
            0.06321366876363754
        ],
        [
            0.06626029312610626,
            0.03698397055268288,
            0.00789806991815567
        ],
        [
            0.0065130190923810005,
            0.05314889922738075,
            0.06008308008313179
        ],
        [
            0.10050393640995026,
            -0.009284310042858124,
            0.03003452718257904
        ],
        [
            0.10864177346229553,
            0.0016079619526863098,
            0.0278043020516634
        ],
        [
            0.10140664875507355,
            0.0046764761209487915,
            0.03166153281927109
        ],
        [
            0.09121698141098022,
            -0.007722381502389908,
            0.03344389796257019
        ],
        [
            0.011732673272490501,
            0.05578819289803505,
            0.050112009048461914
        ],
        [
            0.0075845010578632355,
            0.05315377563238144,
            0.05395251512527466
        ],
        [
            0.050289321690797806,
            0.06715984642505646,
            0.023235054686665535
        ],
        [
            0.04639454931020737,
            0.0704677551984787,
            0.02762172371149063
        ],
        [
            0.048094794154167175,
            0.07367482036352158,
            0.027260849252343178
        ],
        [
            0.050613392144441605,
            0.07120350003242493,
            0.020911559462547302
        ],
        [
            0.10121877491474152,
            0.04225974902510643,
            0.013940572738647461
        ],
        [
            0.0682283565402031,
            0.07838883996009827,
            0.01264900155365467
        ],
        [
            0.07100973278284073,
            0.07801326364278793,
            0.024508796632289886
        ],
        [
            0.10761814564466476,
            0.03123144432902336,
            0.015250477939844131
        ],
        [
            0.10523344576358795,
            0.02616097405552864,
            0.023227887228131294
        ],
        [
            0.11219264566898346,
            0.02052414044737816,
            0.019423656165599823
        ],
        [
            0.057699404656887054,
            0.061534956097602844,
            0.054521284997463226
        ],
        [
            0.09139843285083771,
            0.031268928200006485,
            0.03464125469326973
        ],
        [
            0.10124944150447845,
            0.022480476647615433,
            0.028597163036465645
        ],
        [
            0.10939473658800125,
            0.015587139874696732,
            0.024323269724845886
        ],
        [
            0.11586962640285492,
            0.011333927512168884,
            0.021351095288991928
        ],
        [
            0.11817124485969543,
            0.01714017242193222,
            0.016163840889930725
        ],
        [
            0.016841068863868713,
            0.06138424947857857,
            0.06724701821804047
        ],
        [
            0.017374232411384583,
            0.06781843304634094,
            0.06300798058509827
        ],
        [
            0.1261824369430542,
            0.013932116329669952,
            0.013458359986543655
        ],
        [
            0.12279234826564789,
            0.00730501115322113,
            0.018945008516311646
        ],
        [
            0.09628468751907349,
            0.01701362431049347,
            0.03407403826713562
        ],
        [
            0.08883733302354813,
            0.009471677243709564,
            0.039521224796772
        ],
        [
            0.08681946992874146,
            0.025704994797706604,
            0.03953498601913452
        ],
        [
            0.07910528033971786,
            0.019206412136554718,
            0.045592255890369415
        ],
        [
            0.057817813009023666,
            0.0543849915266037,
            0.06285617500543594
        ],
        [
            0.007500393316149712,
            0.08290554583072662,
            0.0573369562625885
        ],
        [
            0.015105662867426872,
            0.07426449656486511,
            0.057520754635334015
        ],
        [
            0.014581704512238503,
            0.07274344563484192,
            0.05200674757361412
        ],
        [
            0.008560549467802048,
            0.08270063996315002,
            0.05326656997203827
        ],
        [
            0.019560180604457855,
            0.06834971904754639,
            0.05654728040099144
        ],
        [
            0.013047264888882637,
            0.07251572608947754,
            0.06260676681995392
        ],
        [
            0.0675409734249115,
            0.008832745254039764,
            0.04852770268917084
        ],
        [
            0.029237305745482445,
            0.04976191371679306,
            0.05137157812714577
        ],
        [
            0.07458699494600296,
            -0.004134371876716614,
            0.03986898064613342
        ],
        [
            0.05120423808693886,
            0.0026153847575187683,
            0.0500643290579319
        ],
        [
            0.054507747292518616,
            -0.006624016910791397,
            0.04114814102649689
        ],
        [
            0.0804985761642456,
            -0.01794060692191124,
            0.029779016971588135
        ],
        [
            0.061976321041584015,
            -0.017260398715734482,
            0.03112637996673584
        ],
        [
            0.09937687963247299,
            -0.02038007602095604,
            0.02422333136200905
        ],
        [
            0.09112043678760529,
            -0.017789725214242935,
            0.02758457511663437
        ],
        [
            0.04445123299956322,
            -0.012000750750303268,
            0.029695671051740646
        ],
        [
            -0.0007099788635969162,
