{
    "pred_cam": [
        9.68161392211914,
        0.061702825129032135,
        -0.059799112379550934
    ],
    "pred_mano_params": {
        "global_orient": [
            [
                [
                    0.6346705555915833,
                    -0.7600752115249634,
                    -0.13956725597381592
                ],
                [
                    -0.7427939176559448,
                    -0.5501858592033386,
                    -0.38151371479034424
                ],
                [
                    0.2131911665201187,
                    0.34580522775650024,
                    -0.9137660264968872
                ]
            ]
        ],
        "hand_pose": [
            [
                [
                    0.6481154561042786,
                    -0.6803358197212219,
                    -0.34218356013298035
                ],
                [
                    0.6329784393310547,
                    0.7310856580734253,
                    -0.25466063618659973
                ],
                [
                    0.423420250415802,
                    -0.051545314490795135,
                    0.9044657945632935
                ]
            ],
            [
                [
                    0.6464775800704956,
                    -0.7226917743682861,
                    0.2445061355829239
                ],
                [
                    0.7626168727874756,
                    0.602900505065918,
                    -0.23436394333839417
                ],
                [
                    0.021960023790597916,
                    0.33797553181648254,
                    0.9408986568450928
                ]
            ],
            [
                [
                    0.8505045175552368,
                    -0.5245920419692993,
                    0.03801589459180832
                ],
                [
                    0.5194914937019348,
                    0.8491426110267639,
                    0.09531762450933456
                ],
                [
                    -0.08228377997875214,
                    -0.06131913885474205,
                    0.9947207570075989
                ]
            ],
            [
                [
                    0.138081893324852,
                    -0.933416485786438,
                    -0.3311602473258972
                ],
                [
                    0.9882477521896362,
                    0.15198613703250885,
                    -0.01632804051041603
                ],
                [
                    0.06557261198759079,
                    -0.32501375675201416,
                    0.9434332847595215
                ]
            ],
            [
                [
                    0.8983220458030701,
                    -0.4011203944683075,
                    -0.17922043800354004
                ],
                [
                    0.429946631193161,
                    0.8865401148796082,
                    0.17085781693458557
                ],
                [
                    0.09035157412290573,
                    -0.23054057359695435,
                    0.9688588976860046
                ]
            ],
            [
                [
                    0.914322555065155,
                    -0.38073495030403137,
                    0.1380404233932495
                ],
                [
                    0.3863455355167389,
                    0.9222261905670166,
                    -0.015362982638180256
                ],
                [
                    -0.12145525962114334,
                    0.06737802177667618,
                    0.9903074502944946
                ]
            ],
            [
                [
                    0.18921668827533722,
                    -0.9621999859809875,
                    -0.19587816298007965
                ],
                [
                    0.642522394657135,
                    -0.029523538425564766,
                    0.7656979560852051
                ],
                [
                    -0.7425375580787659,
                    -0.2707389295101166,
                    0.6126487255096436
                ]
            ],
            [
                [
                    0.9202173352241516,
                    -0.3731563985347748,
                    -0.11812855303287506
                ],
                [
                    0.3831462860107422,
                    0.9204710125923157,
                    0.07701924443244934
                ],
                [
                    0.07999369502067566,
                    -0.11613496392965317,
                    0.9900068640708923
                ]
            ],
            [
                [
                    0.9905056953430176,
                    0.0628228411078453,
                    0.12227734923362732
                ],
                [
                    -0.10200051963329315,
                    0.9321814775466919,
                    0.3473234474658966
                ],
                [
                    -0.09216482937335968,
                    -0.35649821162223816,
                    0.9297389984130859
                ]
            ],
            [
                [
                    0.02804606966674328,
                    -0.9986696839332581,
                    -0.04326910898089409
                ],
                [
                    0.967495858669281,
                    0.01623648591339588,
                    0.25236499309539795
                ],
                [
                    -0.2513267397880554,
                    -0.048940543085336685,
                    0.9666641354560852
                ]
            ],
            [
                [
                    0.966056764125824,
                    -0.25319916009902954,
                    -0.051229994744062424
                ],
                [
                    0.2513269782066345,
                    0.8753398656845093,
                    0.4130554497241974
                ],
                [
                    -0.05974162742495537,
                    -0.4119105041027069,
                    0.9092637896537781
                ]
            ],
            [
                [
                    0.9397069215774536,
                    -0.3076348602771759,
                    0.14937083423137665
                ],
                [
                    0.2839611768722534,
                    0.9453113675117493,
                    0.16047580540180206
                ],
                [
                    -0.1905698925256729,
                    -0.10838472098112106,
                    0.9756720066070557
                ]
            ],
            [
                [
                    0.9657697677612305,
                    -0.21702061593532562,
                    -0.142094224691391
                ],
                [
                    -0.08040344715118408,
                    0.27035894989967346,
                    -0.9593963623046875
                ],
                [
                    0.24662521481513977,
                    0.9379808902740479,
                    0.24365529417991638
                ]
            ],
            [
                [
                    0.9554210305213928,
                    -0.29522275924682617,
                    -0.0037859994918107986
                ],
                [
                    0.2324746698141098,
                    0.7443225979804993,
                    0.6260507106781006
                ],
                [
                    -0.182006374001503,
                    -0.5990220904350281,
                    0.7797732949256897
                ]
            ],
            [
                [
                    0.935813844203949,
                    0.23253566026687622,
                    0.2649141550064087
                ],
                [
                    -0.18953381478786469,
                    0.9655963778495789,
                    -0.17804698646068573
                ],
                [
                    -0.29720237851142883,
                    0.11640866100788116,
                    0.947691798210144
                ]
            ]
        ],
        "betas": [
            0.03434748947620392,
            -0.030169129371643066,
            0.01780104637145996,
            -0.03585222363471985,
            -0.047153621912002563,
            0.015045791864395142,
            0.0003517568111419678,
            0.0026741623878479004,
            0.05033831298351288,
            -0.05079352855682373
        ]
    },
    "pred_cam_t": [
        -0.061702825129032135,
        -0.059799112379550934,
        4.034709453582764
    ],
    "focal_length": [
        5000.0,
        5000.0
    ],
    "pred_keypoints_3d": [
        [
            0.09549417346715927,
            0.0063550746999681,
            0.006191316060721874
        ],
        [
            0.08840834349393845,
            0.02289215847849846,
            -0.027788355946540833
        ],
        [
            0.0897720530629158,
            0.050393328070640564,
            -0.04137062653899193
        ],
        [
            0.08851472288370132,
            0.0755460113286972,
            -0.05122602358460426
        ],
        [
            0.08808167278766632,
            0.09959416836500168,
            -0.07863250374794006
        ],
        [
            0.04077421873807907,
            0.06662383675575256,
            -0.03316406533122063
        ],
        [
            0.0407053641974926,
            0.09954673796892166,
            -0.033757563680410385
        ],
        [
            0.05984055623412132,
            0.11061424016952515,
            -0.03508119285106659
        ],
        [
            0.084536112844944,
            0.11208665370941162,
            -0.03560358285903931
        ],
        [
            0.037113264203071594,
            0.07863432168960571,
            -0.011385158635675907
        ],
        [
            0.0586647093296051,
            0.10150033235549927,
            -0.015576386824250221
        ],
        [
            0.08120575547218323,
            0.10655602067708969,
            -0.018103530630469322
        ],
        [
            0.10573815554380417,
            0.10769224166870117,
            -0.025429170578718185
        ],
        [
            0.05040918290615082,
            0.07930471003055573,
            0.01177054550498724
        ],
        [
            0.07021154463291168,
            0.09618307650089264,
            -0.0006325924769043922
        ],
        [
            0.0935741662979126,
            0.10058827698230743,
            -0.007514405529946089
        ],
        [
            0.11606651544570923,
            0.10215962678194046,
            -0.019007178023457527
        ],
        [
            0.0654502734541893,
            0.07926925271749496,
            0.0275660902261734
        ],
        [
            0.07982514798641205,
            0.08924345672130585,
            0.01578543521463871
        ],
        [
            0.09644312411546707,
            0.0915643721818924,
            0.007066309452056885
        ],
        [
            0.11359494179487228,
            0.09325659275054932,
            -0.005986073985695839
        ]
    ],
    "pred_vertices": [
        [
            0.07443872094154358,
            0.0465557761490345,
            -0.024371005594730377
        ],
        [
            0.08198688924312592,
            0.03927573189139366,
            -0.021007470786571503
        ],
        [
            0.08143337070941925,
            0.045938268303871155,
            -0.026074524968862534
        ],
        [
            0.07288448512554169,
            0.05071013420820236,
            -0.031400054693222046
        ],
        [
            0.10181379318237305,
            0.03785285726189613,
            -0.022631339728832245
        ],
        [
            0.10683047771453857,
            0.030804317444562912,
            -0.030747000128030777
        ],
        [
            0.10389354825019836,
            0.04542635753750801,
            -0.0370011031627655
        ],
        [
            0.1011626273393631,
            0.04987204447388649,
            -0.02855466492474079
        ],
        [
            0.07084585726261139,
            0.0543866865336895,
            -0.036090075969696045
        ],
        [
            0.08141892403364182,
            0.052404582500457764,
            -0.030395621433854103
        ],
        [
            0.0698527991771698,
            0.05472341179847717,
            -0.037503764033317566
        ],
        [
            0.05448811128735542,
            0.051317621022462845,
            -0.041424185037612915
        ],
        [
            0.059566788375377655,
            0.054493263363838196,
            -0.03967054560780525
        ],
        [
            0.04566427320241928,
            0.0533282607793808,
            -0.04164004325866699
        ],
        [
            0.051440250128507614,
            0.04148263484239578,
            -0.03928917273879051
        ],
        [
            0.03860814869403839,
            0.04970859736204147,
            -0.036296967417001724
        ],
        [
            0.04656995087862015,
            0.03431013971567154,
            -0.011397876776754856
        ],
        [
            0.04994622990489006,
            0.03609711304306984,
            0.001902904361486435
        ],
        [
            0.038430530577898026,
            0.050629470497369766,
            0.00041267741471529007
        ],
        [
            0.03716138377785683,
            0.04756607860326767,
            -0.013300164602696896
        ],
        [
            0.05047567933797836,
            0.051619309931993484,
            0.01783723011612892
        ],
        [
            0.043504759669303894,
            0.0517965592443943,
            0.008085206151008606
        ],
        [
            0.053770530968904495,
            0.03659148886799812,
            0.010123148560523987
        ],
        [
            0.0597824826836586,
            0.03723538666963577,
            0.018407616764307022
        ],
        [
            0.0797005221247673,
            0.04370971396565437,
            -0.009904896840453148
        ],
        [
            0.08706902712583542,
            0.03629371523857117,
            -0.007779334671795368
        ],
        [
            0.084001824259758,
            0.03583444654941559,
            -0.013087531551718712
        ],
        [
            0.07770238816738129,
            0.043475933372974396,
            -0.0152304507791996
        ],
        [
            0.07614200562238693,
            0.055836521089076996,
            -0.04439704120159149
        ],
        [
            0.06924823671579361,
            0.04178931191563606,
            -0.04449440538883209
        ],
        [
            0.06675103306770325,
            0.048366744071245193,
            -0.04119390994310379
        ],
        [
            0.07790051400661469,
            0.05959857627749443,
            -0.040450841188430786
        ],
        [
            0.11150108277797699,
            0.024410031735897064,
            0.003622060641646385
        ],
        [
            0.11405876278877258,
            0.01132211834192276,
            0.006133061833679676
        ],
        [
            0.11234188079833984,
            0.009252771735191345,
            0.0008137710392475128
        ],
        [
            0.10983236134052277,
            0.021339431405067444,
            -0.00028737541288137436
        ],
        [
            0.10859637707471848,
            0.011888734996318817,
            -0.020229049026966095
        ],
        [
            0.1083720326423645,
            0.0024906694889068604,
            -0.01556367613375187
        ],
        [
            0.10354597121477127,
            -0.008541755378246307,
            -0.020397428423166275
        ],
        [
            0.10149216651916504,
            0.00011998414993286133,
            -0.026819417253136635
        ],
        [
            0.10762728005647659,
            0.021480537950992584,
            -0.025844264775514603
        ],
        [
            0.10346721857786179,
            0.011819835752248764,
            -0.03365364298224449
        ],
        [
            0.10356293618679047,
            0.023838408291339874,
            -0.038734156638383865
        ],
        [
            0.10098491609096527,
            0.04067219793796539,
            -0.044216595590114594
        ],
        [
            0.11524800956249237,
            0.013941563665866852,
            0.0186024010181427
        ],
        [
            0.11407288163900375,
            0.024163760244846344,
            0.01845751702785492
        ],
        [
            0.05240483582019806,
            0.09445688128471375,
            -0.03964418172836304
        ],
        [
            0.05439835786819458,
            0.09491290152072906,
            -0.03387950733304024
        ],
        [
            0.05360383540391922,
            0.09181110560894012,
            -0.03427666053175926
        ],
        [
            0.05158374458551407,
            0.09210779517889023,
            -0.03979865461587906
        ],
        [
            0.10182604193687439,
            0.01589915156364441,
            0.03364315256476402
        ],
        [
            0.09324324131011963,
            0.011156551539897919,
            0.03574483096599579
        ],
        [
            0.09861566126346588,
            0.0064133405685424805,
            0.03705955669283867
        ],
        [
            0.10650300979614258,
            0.009924225509166718,
            0.03338945284485817
        ],
        [
            0.09560441970825195,
            0.023741722106933594,
            0.0339658223092556
        ],
        [
            0.08607316017150879,
            0.017889373004436493,
            0.033330824226140976
        ],
        [
            0.042385540902614594,
            0.10234139114618301,
            -0.041444845497608185
        ],
        [
            0.04612492024898529,
            0.09944181144237518,
            -0.0436708964407444
        ],
        [
            0.042783163487911224,
            0.09629916399717331,
            -0.043207742273807526
        ],
        [
            0.038798797875642776,
            0.09800314903259277,
            -0.040084175765514374
        ],
        [
            0.06439295411109924,
            0.054779089987277985,
            -0.03511570394039154
        ],
        [
            0.06826774775981903,
            0.05352883040904999,
            -0.027188913896679878
        ],
        [
            0.05297701805830002,
            0.0658331885933876,
            -0.03648683428764343
        ],
        [
            0.057963401079177856,
            0.06134753301739693,
            -0.031731925904750824
        ],
        [
            0.05629415437579155,
            0.05834499001502991,
            -0.0377456434071064
        ],
        [
            0.051219742745161057,
            0.06224196031689644,
            -0.04080167040228844
        ],
        [
            0.06577503681182861,
            0.061333224177360535,
            -0.009334747679531574
        ],
        [
            0.07290533185005188,
            0.05237514525651932,
            -0.007995443418622017
        ],
        [
            0.07020062953233719,
            0.05249715596437454,
            -0.014091668650507927
        ],
        [
            0.06272892653942108,
            0.06228909268975258,
            -0.017372451722621918
        ],
        [
            0.07960444688796997,
            0.05538575351238251,
            0.004062111489474773
        ],
        [
            0.07160963118076324,
            0.06351993978023529,
            0.002010619267821312
        ],
        [
            0.07638716697692871,
            0.0639268085360527,
            0.009125446900725365
        ],
        [
            0.08199676871299744,
            0.05881752073764801,
            0.008936699479818344
        ],
        [
            0.05651721730828285,
            0.07541930675506592,
            -0.004590839147567749
        ],
        [
            0.05244175344705582,
            0.0770401731133461,
            -0.005974938161671162
        ],
        [
            0.0552888922393322,
            0.07814690470695496,
            -0.003387801581993699
        ],
        [
            0.05868351459503174,
            0.07557704299688339,
            -0.0014876562636345625
        ],
        [
            0.1030392125248909,
            0.0009732991456985474,
            0.03830735757946968
        ],
        [
            0.11041999608278275,
            0.003777913749217987,
            0.03251783177256584
        ],
        [
            0.0652112066745758,
            0.05462529882788658,
            0.034242939203977585
        ],
        [
            0.0762585923075676,
            0.05456873029470444,
            0.036704473197460175
        ],
        [
            0.0708199143409729,
            0.0666746199131012,
            0.03649583458900452
        ],
        [
            0.058647435158491135,
            0.06387794762849808,
            0.034687694162130356
        ],
        [
            0.08466114848852158,
            0.00698523223400116,
            0.03180661424994469
        ],
        [
            0.0896916389465332,
            0.0022065863013267517,
            0.03543663024902344
        ],
        [
            0.04039553925395012,
            0.10455773770809174,
            -0.03584998473525047
        ],
        [
            0.03723713010549545,
            0.09984180331230164,
            -0.03440791368484497
        ],
        [
            0.09287610650062561,
            0.01523163914680481,
            -0.04205730929970741
        ],
        [
            0.09344887733459473,
            0.03606654331088066,
            -0.04890245199203491
        ],
        [
            0.09244206547737122,
            0.0010412707924842834,
            -0.03325403854250908
        ],
        [
            0.09177963435649872,
            -0.0076486170291900635,
            -0.024976499378681183
        ],
        [
            0.09343059360980988,
            -0.015296243131160736,
            -0.019499771296977997
        ],
        [
            0.057086341083049774,
            0.06544068455696106,
            -0.026977112516760826
        ],
        [
            0.07163017988204956,
            0.05008114129304886,
            -0.01931098848581314
        ],
        [
            0.08187169581651688,
            0.04444292187690735,
            -0.005263226106762886
        ],
        [
            0.09483836591243744,
            0.055579960346221924,
            0.020344950258731842
        ],
        [
            0.10152697563171387,
            0.04786091670393944,
            0.02080574259161949
        ],
        [
            0.09701785445213318,
            0.04874394088983536,
            0.011089332401752472
        ],
        [
            0.09159278869628906,
            0.05502672865986824,
            0.012921726331114769
        ],
        [
            0.08508817106485367,
            0.05910193547606468,
            0.0341152660548687
        ],
        [
            0.08812031894922256,
            0.06206468120217323,
            0.027191419154405594
        ],
        [
            0.08332355320453644,
            0.06758537888526917,
            0.02680840715765953
        ],
        [
            0.07952781766653061,
            0.06721922755241394,
            0.0336775928735733
        ],
        [
            0.07852526754140854,
            0.05282765254378319,
            -0.05074610188603401
        ],
        [
            0.07334841787815094,
            0.03668226674199104,
            -0.047875259071588516
        ],
        [
            0.10969320684671402,
            0.01990429311990738,
            0.027775786817073822
        ],
        [
            0.11271524429321289,
            0.012901842594146729,
            0.0259531419724226
        ],
        [
            0.11515867710113525,
            0.004703901708126068,
            0.026443641632795334
        ],
        [
            0.09938375651836395,
            0.02991003543138504,
            -0.003666453994810581
        ],
        [
            0.10873556137084961,
            0.019216720014810562,
            -0.003092811442911625
        ],
        [
            0.1072460263967514,
            0.018617235124111176,
            -0.007249749265611172
        ],
        [
            0.09674431383609772,
            0.028429724276065826,
            -0.006265155039727688
        ],
        [
            0.09158296883106232,
            0.03358858451247215,
            -0.01655658334493637
        ],
        [
            0.10272960364818573,
            0.026756063103675842,
            -0.017217092216014862
        ],
        [
            0.09169939160346985,
            0.04326796159148216,
            -0.020211955532431602
        ],
        [
            0.11089804768562317,
            0.0050951093435287476,
            -0.006160624325275421
        ],
        [
            0.11656340211629868,
            -9.652972221374512e-05,
            0.0018677134066820145
        ],
        [
            0.11374294012784958,
            -0.003869175910949707,
            -0.005683748051524162
        ],
        [
            0.11795751750469208,
            0.002510465681552887,
            0.011201951652765274
        ],
        [
            0.117761991918087,
            0.0044134631752967834,
            0.019884560257196426
        ],
        [
            0.09265557676553726,
            -0.004678115248680115,
            0.03953171521425247
        ],
        [
            0.10969296097755432,
            -0.007046595215797424,
            -0.01215728372335434
        ],
        [
            0.09934206306934357,
            0.05740615352988243,
            -0.03436204046010971
        ],
        [
            0.09784936904907227,
            0.06407273560762405,
            -0.0400172658264637
        ],
        [
            0.0918620228767395,
            0.06534545123577118,
            -0.03580551967024803
        ],
        [
            0.0923844426870346,
            0.05913226678967476,
            -0.03047814406454563
        ],
        [
            0.03899692744016647,
            0.05987691506743431,
            -0.041791222989559174
        ],
        [
            0.04629061371088028,
            0.06135330721735954,
            -0.04324370250105858
        ],
        [
            0.052362166345119476,
            0.055162835866212845,
            -0.04193035885691643
        ],
        [
            0.10712559521198273,
            0.03461061418056488,
            0.007119235582649708
        ],
        [
            0.10965485870838165,
            0.03400774672627449,
            0.01949707418680191
        ],
        [
            0.052209317684173584,
            0.06956802308559418,
            -0.03140898793935776
        ],
        [
            0.03594507277011871,
            0.0940571278333664,
            -0.039531487971544266
        ],
        [
            0.040315717458724976,
            0.09226338565349579,
            -0.043354570865631104
        ],
        [
            0.038039304316043854,
            0.07478378713130951,
            -0.04337620362639427
        ],
        [
            0.032649386674165726,
            0.07652265578508377,
            -0.03914698213338852
        ],
        [
            0.04623044282197952,
            0.07504714280366898,
            -0.025712288916110992
        ],
        [
            0.05087847635149956,
            0.07226859033107758,
            -0.0302882120013237
        ],
        [
            0.05013982579112053,
            0.07379773259162903,
            -0.02891405113041401
        ],
        [
            0.047533921897411346,
            0.07712958753108978,
            -0.02367512695491314
        ],
        [
            0.060713618993759155,
            0.0767500251531601,
            0.004150336142629385
        ],
        [
            0.06383413076400757,
            0.07490399479866028,
            0.005285207182168961
        ],
        [
            0.03218745440244675,
            0.0626501515507698,
            -0.016075488179922104
        ],
        [
            0.02786765620112419,
            0.05597751960158348,
            -0.027284160256385803
        ],
        [
            0.03580750524997711,
            0.04574323445558548,
            -0.02583223581314087
        ],
        [
            0.06921682506799698,
            0.06179233640432358,
            -0.0027281255461275578
        ],
        [
            0.06307411193847656,
            0.06981324404478073,
            -0.0032810999546200037
        ],
        [
            0.06485191732645035,
            0.07017963379621506,
            0.00039025116711854935
        ],
        [
            0.055242277681827545,
            0.0687156468629837,
            -0.0242448877543211
        ],
        [
            0.05062348395586014,
            0.07236771285533905,
            -0.026266587898135185
        ],
        [
            0.05156466364860535,
            0.07240019738674164,
            -0.021895838901400566
        ],
        [
            0.05697251856327057,
            0.06873679161071777,
            -0.019094470888376236
        ],
        [
            0.08282963931560516,
            0.042968135327100754,
            0.03681664541363716
        ],
        [
            0.09272655844688416,
            0.048864852637052536,
            0.034175410866737366
        ],
        [
            0.04960079491138458,
            0.09633252024650574,
            -0.04308917000889778
        ],
        [
            0.04758666455745697,
            0.09382081031799316,
            -0.04311984032392502
        ],
        [
            0.0762091726064682,
            0.05305318161845207,
            -0.0016268142499029636
        ],
        [
            0.04642990976572037,
            0.03501264005899429,
            -0.023548416793346405
        ],
        [
            0.08444498479366302,
            0.04545038193464279,
            -0.0005081156268715858
        ],
        [
            0.05197247862815857,
            0.07377602905035019,
            0.019449381157755852
        ],
        [
            0.05969229340553284,
            0.07757600396871567,
            0.018184330314397812
        ],
        [
            0.06024045869708061,
            0.07948940992355347,
            0.016019131988286972
        ],
        [
            0.054766468703746796,
            0.0797969326376915,
            0.0162427369505167
        ],
        [
            0.048319194465875626,
            0.09108906984329224,
            -0.023666491732001305
        ],
        [
            0.05235778167843819,
            0.09041586518287659,
            -0.027969876304268837
        ],
        [
            0.052992500364780426,
            0.09284952282905579,
            -0.02809799276292324
        ],
        [
            0.049226485192775726,
            0.09514277428388596,
            -0.02401088923215866
        ],
        [
            0.05160465091466904,
            0.07009540498256683,
            -0.03570006415247917
        ],
        [
            0.049521975219249725,
            0.06782760471105576,
            -0.04120310768485069
        ],
        [
            0.04969155415892601,
            0.07313114404678345,
            -0.040082622319459915
        ],
        [
            0.050837717950344086,
            0.07384780794382095,
            -0.03415192291140556
        ],
        [
            0.044159628450870514,
            0.06746204197406769,
            -0.04353202506899834
        ],
        [
            0.04425850138068199,
            0.07327578216791153,
            -0.04346703365445137
        ],
        [
            0.04218745604157448,
            0.09287376701831818,
            -0.022728707641363144
        ],
        [
            0.036306481808423996,
            0.09487508237361908,
            -0.027100233361124992
        ],
        [
            0.03329015523195267,
            0.0786767527461052,
            -0.02492677979171276
        ],
        [
            0.040488939732313156,
            0.07990242540836334,
            -0.021914614364504814
        ],
        [
            0.06693395972251892,
            0.023456834256649017,
            0.019967464730143547
        ],
        [
            0.0735340490937233,
            0.026394151151180267,
            0.028453800827264786
        ],
        [
            0.0663270354270935,
            0.04015574976801872,
            0.02739064022898674
        ],
        [
            0.058203477412462234,
            0.054037876427173615,
            0.02747305855154991
        ],
        [
            0.05145857483148575,
            0.06694900244474411,
            0.02562538906931877
        ],
        [
            0.04260415956377983,
            0.06388162821531296,
            0.01770430989563465
        ],
        [
            0.07234414666891098,
            0.041090864688158035,
            0.033095162361860275
        ],
        [
            0.03996758162975311,
            0.07272405922412872,
            -0.02136029116809368
        ],
        [
            0.03237096965312958,
            0.06902144104242325,
            -0.023166527971625328
        ],
        [
            0.03527502715587616,
            0.07040738314390182,
            -0.019425388425588608
        ],
        [
            0.08850231021642685,
            0.04822060465812683,
            0.005118727684020996
        ],
        [
            0.045482002198696136,
            0.09066950529813766,
            -0.04386359825730324
        ],
        [
            0.07606209814548492,
            -0.011225566267967224,
            -0.006266748532652855
        ],
        [
            0.07483386248350143,
            -0.008904114365577698,
            0.007254764437675476
        ],
        [
            0.07085596024990082,
            -0.0021487101912498474,
            0.0031798314303159714
        ],
        [
            0.07304133474826813,
            -0.004034422338008881,
            -0.012683385983109474
        ],
        [
            0.05338186398148537,
            0.08985334634780884,
            -0.03499191999435425
        ],
        [
            0.051007553935050964,
            0.08948016166687012,
            -0.040943220257759094
        ],
        [
            0.06754817068576813,
            0.07688248157501221,
            0.010077269747853279
        ],
        [
            0.06388052552938461,
            0.07837758958339691,
            0.008853682316839695
        ],
        [
            0.06495010107755661,
            0.07835457473993301,
            0.012222826480865479
        ],
        [
            0.06876086443662643,
            0.07886738330125809,
            0.013692311942577362
        ],
        [
            0.07816451787948608,
            0.026945337653160095,
            0.032289769500494
        ],
        [
            0.0730542540550232,
            0.07541699707508087,
            0.033430296927690506
        ],
        [
            0.06062920391559601,
            0.07327859848737717,
            0.031635504215955734
        ],
        [
            0.07934047281742096,
            0.014473065733909607,
            0.029096215963363647
        ],
        [
            0.07315266132354736,
            0.011520631611347198,
            0.022137891501188278
        ],
        [
            0.07773000001907349,
            0.003125131130218506,
            0.02428150363266468
        ],
        [
            0.03783878684043884,
            0.0674985870718956,
            0.0038729580119252205
        ],
        [
            0.0618010088801384,
            0.023376598954200745,
            0.012953085824847221
        ],
        [
            0.06924235075712204,
            0.010996535420417786,
            0.01557199377566576
        ],
        [
            0.07453209161758423,
            0.0009618178009986877,
            0.017837900668382645
        ],
        [
            0.07795543968677521,
            -0.006220772862434387,
            0.02038516104221344
        ],
        [
            0.0812341496348381,
            -0.0030655637383461,
            0.027117906138300896
        ],
        [
            0.034997448325157166,
            0.0949937105178833,
            -0.033286258578300476
        ],
        [
            0.03862161561846733,
            0.1006888598203659,
            -0.02736656181514263
        ],
        [
            0.08404511213302612,
            -0.010611355304718018,
            0.0313660204410553
        ],
        [
            0.08077942579984665,
            -0.013634920120239258,
            0.02325073629617691
        ],
        [
            0.0657755509018898,
            0.009863585233688354,
            0.007101824507117271
        ],
        [
            0.06296849250793457,
            0.009048119187355042,
            -0.004489367827773094
        ],
        [
            0.05892548710107803,
            0.021973010152578354,
            0.004781175404787064
        ],
        [
            0.055353794246912,
            0.021968942135572433,
            -0.006484314799308777
        ],
        [
            0.02966940775513649,
            0.06185494735836983,
            -0.0022484585642814636
        ],
        [
            0.05360472947359085,
            0.1125212013721466,
            -0.028063688427209854
        ],
        [
            0.04619035869836807,
            0.104346364736557,
            -0.024892203509807587
        ],
        [
            0.050443653017282486,
            0.10026400536298752,
            -0.024692540988326073
        ],
        [
            0.05598679184913635,
            0.1094602420926094,
            -0.026152892038226128
        ],
        [
            0.04409383237361908,
            0.09799453616142273,
            -0.02339858002960682
        ],
        [
            0.04207870736718178,
            0.10556983947753906,
            -0.02883470430970192
        ],
        [
            0.056181810796260834,
            0.02258310094475746,
            -0.02227780595421791
        ],
        [
            0.047159358859062195,
            0.07479668408632278,
            -0.02322300150990486
        ],
        [
            0.06719135493040085,
            0.009479783475399017,
            -0.023681607097387314
        ],
        [
            0.05800004303455353,
            0.030033927410840988,
            -0.03822791203856468
        ],
        [
            0.06849818676710129,
            0.02182493358850479,
            -0.03986120969057083
        ],
        [
            0.07986214756965637,
            -0.0033685341477394104,
            -0.026143448427319527
        ],
        [
            0.07995065301656723,
            0.009850539267063141,
            -0.03916717693209648
        ],
        [
            0.08461795002222061,
            -0.01754630357027054,
            -0.01300475187599659
        ],
        [
            0.08126042783260345,
            -0.010384440422058105,
            -0.017976459115743637
        ],
        [
            0.08207524567842484,
            0.026142608374357224,
            -0.047635529190301895
        ],
        [
