{
    "pred_cam": [
        4.858739376068115,
        -0.04913650453090668,
        -0.05737753584980965
    ],
    "pred_mano_params": {
        "global_orient": [
            [
                [
                    0.5735758543014526,
                    0.6294944882392883,
                    -0.524163544178009
                ],
                [
                    -0.6206618547439575,
                    -0.08362939953804016,
                    -0.7796056866645813
                ],
                [
                    -0.5345929861068726,
                    0.7724912762641907,
                    0.3427354395389557
                ]
            ]
        ],
        "hand_pose": [
            [
                [
                    0.7619801759719849,
                    -0.5175567865371704,
                    -0.38925713300704956
                ],
                [
                    0.4835149049758911,
                    0.8545339703559875,
                    -0.18969742953777313
                ],
                [
                    0.4308125972747803,
                    -0.043665915727615356,
                    0.9013843536376953
                ]
            ],
            [
                [
                    0.9910361766815186,
                    -0.122395358979702,
                    0.05354201793670654
                ],
                [
                    0.13348746299743652,
                    0.9232439398765564,
                    -0.36028003692626953
                ],
                [
                    -0.005335742142051458,
                    0.364197701215744,
                    0.9313063621520996
                ]
            ],
            [
                [
                    0.9892286062240601,
                    -0.14192569255828857,
                    0.03583148494362831
                ],
                [
                    0.1431458294391632,
                    0.989112377166748,
                    -0.03414738178253174
                ],
                [
                    -0.030594974756240845,
                    0.0389086976647377,
                    0.9987743496894836
                ]
            ],
            [
                [
                    0.7088304758071899,
                    -0.6691701412200928,
                    -0.22309350967407227
                ],
                [
                    0.6854186058044434,
                    0.7281224727630615,
                    -0.006240757182240486
                ],
                [
                    0.1666155457496643,
                    -0.14848880469799042,
                    0.974777102470398
                ]
            ],
            [
                [
                    0.9937657713890076,
                    0.07944928854703903,
                    -0.07821383327245712
                ],
                [
                    -0.06454600393772125,
                    0.98201584815979,
                    0.17742209136486053
                ],
                [
                    0.09090329706668854,
                    -0.17126761376857758,
                    0.9810218811035156
                ]
            ],
            [
                [
                    0.9911816716194153,
                    -0.08935502916574478,
                    0.097850002348423
                ],
                [
                    0.0969393402338028,
                    0.9924067854881287,
                    -0.07570739090442657
                ],
                [
                    -0.09034216403961182,
                    0.08452528715133667,
                    0.9923174381256104
                ]
            ],
            [
                [
                    0.41109272837638855,
                    -0.9014942049980164,
                    0.1353176385164261
                ],
                [
                    0.42028287053108215,
                    0.3191543221473694,
                    0.8494131565093994
                ],
                [
                    -0.808928370475769,
                    -0.29231587052345276,
                    0.5100846290588379
                ]
            ],
            [
                [
                    0.9641980528831482,
                    -0.215605229139328,
                    -0.15439069271087646
                ],
                [
                    0.15272751450538635,
                    0.927443265914917,
                    -0.34135502576828003
                ],
                [
                    0.21678653359413147,
                    0.3055541217327118,
                    0.9271678328514099
                ]
            ],
            [
                [
                    0.8891320824623108,
                    0.45733022689819336,
                    0.017122069373726845
                ],
                [
                    -0.40491724014282227,
                    0.7686948180198669,
                    0.49512654542922974
                ],
                [
                    0.21327465772628784,
                    -0.44716593623161316,
                    0.8686521053314209
                ]
            ],
            [
                [
                    0.5455752015113831,
                    -0.8329416513442993,
                    0.09249767661094666
                ],
                [
                    0.8057262897491455,
                    0.5516830682754517,
                    0.21552471816539764
                ],
                [
                    -0.2305489331483841,
                    -0.043057139962911606,
                    0.9721075892448425
                ]
            ],
            [
                [
                    0.9792949557304382,
                    0.18740685284137726,
                    -0.07655083388090134
                ],
                [
                    -0.16073761880397797,
                    0.9497070908546448,
                    0.2687375843524933
                ],
                [
                    0.12306413054466248,
                    -0.2508687674999237,
                    0.9601666927337646
                ]
            ],
            [
                [
                    0.9859622716903687,
                    -0.09855574369430542,
                    0.13477839529514313
                ],
                [
                    0.09312182664871216,
                    0.9945887923240662,
                    0.046059541404247284
                ],
                [
                    -0.13858850300312042,
                    -0.032862160354852676,
                    0.989804744720459
                ]
            ],
            [
                [
                    0.9069053530693054,
                    -0.2583615481853485,
                    -0.332824170589447
                ],
                [
                    -0.27583038806915283,
                    0.2330617904663086,
                    -0.9325234293937683
                ],
                [
                    0.3184967339038849,
                    0.9375135898590088,
                    0.14010101556777954
                ]
            ],
            [
                [
                    0.9742161631584167,
                    -0.18646985292434692,
                    -0.12701168656349182
                ],
                [
                    0.22540594637393951,
                    0.8287641406059265,
                    0.5121934413909912
                ],
                [
                    0.009754096157848835,
                    -0.5276162624359131,
                    0.8494268655776978
                ]
            ],
            [
                [
                    0.8814120292663574,
                    -0.44163164496421814,
                    -0.16755403578281403
                ],
                [
                    0.3095755875110626,
                    0.8080276250839233,
                    -0.5012527108192444
                ],
                [
                    0.35675734281539917,
                    0.3899395167827606,
                    0.8489236235618591
                ]
            ]
        ],
        "betas": [
            0.03601479530334473,
            -0.028868287801742554,
            -0.08456310629844666,
            -0.008804470300674438,
            -0.06590783596038818,
            -0.08358579128980637,
            0.017677396535873413,
            -0.05047571659088135,
            -0.013888165354728699,
            -0.04792517423629761
        ]
    },
    "pred_cam_t": [
        -0.04913650453090668,
        -0.05737753584980965,
        8.039636611938477
    ],
    "focal_length": [
        5000.0,
        5000.0
    ],
    "pred_keypoints_3d": [
        [
            0.09557130187749863,
            0.006362237501889467,
            0.006184691563248634
        ],
        [
            0.058543846011161804,
            0.002572298515588045,
            0.015832126140594482
        ],
        [
            0.03447644039988518,
            0.021756723523139954,
            0.016233693808317184
        ],
        [
            0.018675291910767555,
            0.043306734412908554,
            0.020770855247974396
        ],
        [
            0.008177250623703003,
            0.07498269528150558,
            0.012268252670764923
        ],
        [
            0.03109940141439438,
            0.04536543786525726,
            0.05623287707567215
        ],
        [
            0.013507187366485596,
            0.07326827198266983,
            0.05709461867809296
        ],
        [
            0.0015272507444024086,
            0.09081152081489563,
            0.05066090449690819
        ],
        [
            -0.012420045211911201,
            0.11036565154790878,
            0.042325567454099655
        ],
        [
            0.042214639484882355,
            0.06779342144727707,
            0.05439845472574234
        ],
        [
            0.022674119099974632,
            0.09165661036968231,
            0.047083836048841476
        ],
        [
            0.009343062527477741,
            0.10913889110088348,
            0.03946586698293686
        ],
        [
            -0.006844636052846909,
            0.12909407913684845,
            0.034925032407045364
        ],
        [
            0.06021067127585411,
            0.07809344679117203,
            0.03761354088783264
        ],
        [
            0.03497976064682007,
            0.08978834003210068,
            0.029997630044817924
        ],
        [
            0.016641149297356606,
            0.10317401587963104,
            0.019984792917966843
        ],
        [
            -0.004224725067615509,
            0.11683198809623718,
            0.01414174772799015
        ],
        [
            0.07249963283538818,
            0.08341724425554276,
            0.020472735166549683
        ],
        [
            0.05245044827461243,
            0.08459033817052841,
            0.014009919948875904
        ],
        [
            0.0352737233042717,
            0.08762568235397339,
            0.006623905152082443
        ],
        [
            0.012452678754925728,
            0.09638278931379318,
            0.0006793984211981297
        ]
    ],
    "pred_vertices": [
        [
            0.04948034882545471,
            0.026192864403128624,
            0.025424402207136154
        ],
        [
            0.0568564236164093,
            0.020053669810295105,
            0.018803562968969345
        ],
        [
            0.0501830093562603,
            0.023760240525007248,
            0.020312119275331497
        ],
        [
            0.04230102151632309,
            0.026281118392944336,
            0.02796764299273491
        ],
        [
            0.05468236282467842,
            0.01655503734946251,
            0.0010102316737174988
        ],
        [
            0.050280410796403885,
            0.0058409906923770905,
            -0.0020452551543712616
        ],
        [
            0.03849690407514572,
            0.0172104574739933,
            0.0019229874014854431
        ],
        [
            0.04450315982103348,
            0.025167539715766907,
            0.003076024353504181
        ],
        [
            0.03777927905321121,
            0.02772357501089573,
            0.03126610442996025
        ],
        [
            0.04390967637300491,
            0.02780122682452202,
            0.021266520023345947
        ],
        [
            0.038227785378694534,
            0.027936307713389397,
            0.034040022641420364
        ],
        [
            0.03486394137144089,
            0.025721793994307518,
            0.04787761718034744
        ],
        [
            0.03358026593923569,
            0.027952704578638077,
            0.041714154183864594
        ],
        [
            0.03276708722114563,
            0.02904268354177475,
            0.05538200959563255
        ],
        [
            0.041902996599674225,
            0.019519822672009468,
            0.05169648304581642
        ],
        [
            0.03961832821369171,
            0.0303078293800354,
            0.06140155717730522
        ],
        [
            0.0674058198928833,
            0.029761401936411858,
            0.05177143216133118
        ],
        [
            0.07700404524803162,
            0.037733305245637894,
            0.04603876173496246
        ],
        [
            0.06813600659370422,
            0.05022837966680527,
            0.05433599278330803
        ],
        [
            0.05875559151172638,
            0.04086867347359657,
            0.05852442607283592
        ],
        [
            0.08115585148334503,
            0.05807879567146301,
            0.040003642439842224
        ],
        [
            0.07359780371189117,
            0.05439551919698715,
            0.048306550830602646
        ],
        [
            0.08326195925474167,
            0.04175743833184242,
            0.04097967594861984
        ],
        [
            0.08937118947505951,
            0.04545542597770691,
            0.0337027832865715
        ],
        [
            0.061812903732061386,
            0.030867647379636765,
            0.018171872943639755
        ],
        [
            0.06766925752162933,
            0.024069536477327347,
            0.011708222329616547
        ],
        [
            0.06418216228485107,
            0.021040048450231552,
            0.015562083572149277
        ],
        [
            0.05794691666960716,
            0.028032757341861725,
            0.021022524684667587
        ],
        [
            0.0331176333129406,
            0.02610531821846962,
            0.03074614144861698
        ],
        [
            0.03797253593802452,
            0.014277946203947067,
            0.03668434917926788
        ],
        [
            0.038211360573768616,
            0.02142454870045185,
            0.03819819539785385
        ],
        [
            0.03496335819363594,
            0.030645791441202164,
            0.02847546897828579
        ],
        [
            0.0825885683298111,
            0.01577388495206833,
            -0.01184147596359253
        ],
        [
            0.0920136421918869,
            0.006086081266403198,
            -0.012683555483818054
        ],
        [
            0.08888988196849823,
            0.0018668025732040405,
            -0.009871676564216614
        ],
        [
            0.08115316927433014,
            0.011407546699047089,
            -0.009260106831789017
        ],
        [
            0.06927049905061722,
            -0.006612770259380341,
            -0.004203788936138153
        ],
        [
            0.07894759625196457,
            -0.011607404798269272,
            -0.0028100311756134033
        ],
        [
            0.08155911415815353,
            -0.021880172193050385,
            0.004654925316572189
        ],
        [
            0.0709417387843132,
            -0.017783891409635544,
            0.006025731563568115
        ],
        [
            0.05922229588031769,
            -0.0008496940135955811,
            -0.0034339092671871185
        ],
        [
            0.05808774381875992,
            -0.011835843324661255,
            0.0033706873655319214
        ],
        [
            0.04677565395832062,
            -0.003185279667377472,
            0.0031870007514953613
        ],
        [
            0.034284234046936035,
            0.010366294533014297,
            0.0063659921288490295
        ],
        [
            0.10065321624279022,
            0.014796644449234009,
            -0.016245409846305847
        ],
        [
            0.09475826472043991,
            0.023176558315753937,
            -0.016656383872032166
        ],
        [
            0.005249662324786186,
            0.07207204401493073,
            0.04831896722316742
        ],
        [
            0.009165572002530098,
            0.07564079761505127,
            0.04584171622991562
        ],
        [
            0.01173382718116045,
            0.06998243182897568,
            0.04576088860630989
        ],
        [
            0.007400259375572205,
            0.06771231442689896,
            0.04866138845682144
        ],
        [
            0.11230551451444626,
            0.02761874347925186,
            -0.005866840481758118
        ],
        [
            0.11708937585353851,
            0.026919059455394745,
            0.0029165223240852356
        ],
        [
            0.12065427750349045,
            0.022651642560958862,
            -0.0017589405179023743
        ],
        [
            0.11534418910741806,
            0.021652989089488983,
            -0.009386423975229263
        ],
        [
            0.10828270763158798,
            0.03546082600951195,
            -0.0011775046586990356
        ],
        [
            0.1115420013666153,
            0.032574668526649475,
            0.009182754904031754
        ],
        [
            0.005444150418043137,
            0.07371655851602554,
            0.06072691082954407
        ],
        [
            0.0029143914580345154,
            0.0717412605881691,
            0.05677874758839607
        ],
        [
            0.005999309942126274,
            0.06763550639152527,
            0.05846985802054405
        ],
        [
            0.009660840034484863,
            0.06934511661529541,
            0.06191258132457733
        ],
        [
            0.036129944026470184,
            0.02944495715200901,
            0.03569736331701279
        ],
        [
            0.042778484523296356,
            0.03185465931892395,
            0.030613280832767487
        ],
        [
            0.027420874685049057,
            0.0407068133354187,
            0.04533863440155983
        ],
        [
            0.03445255756378174,
            0.03810063749551773,
            0.04001536965370178
        ],
        [
            0.03141946718096733,
            0.0327378511428833,
            0.04319848120212555
        ],
        [
            0.02638109028339386,
            0.03567997366189957,
            0.048451151698827744
        ],
        [
            0.052416279911994934,
            0.04869477078318596,
            0.028809910640120506
        ],
        [
            0.058468662202358246,
            0.04055871441960335,
            0.02309420146048069
        ],
        [
            0.05361677706241608,
            0.03786052390933037,
            0.026697233319282532
        ],
        [
            0.04543501138687134,
            0.045744169503450394,
            0.03294482082128525
        ],
        [
            0.06622184813022614,
            0.048150498420000076,
            0.014131773263216019
        ],
        [
            0.0600617378950119,
            0.055442020297050476,
            0.02090686932206154
        ],
        [
            0.06530214846134186,
            0.05866937339305878,
            0.015004312619566917
        ],
        [
            0.06806853413581848,
            0.05309637263417244,
            0.010455802083015442
        ],
        [
            0.048128172755241394,
            0.06520530581474304,
            0.03421372175216675
        ],
        [
            0.04498801380395889,
            0.06867155432701111,
            0.03811141848564148
        ],
        [
            0.04651018977165222,
            0.07024016231298447,
            0.035911157727241516
        ],
        [
            0.05070682615041733,
            0.0666641891002655,
            0.032006390392780304
        ],
        [
            0.12462900578975677,
            0.01801189035177231,
            -0.0053511373698711395
        ],
        [
            0.11799752712249756,
            0.015384607017040253,
            -0.012011311948299408
        ],
        [
            0.09158540517091751,
            0.06643694639205933,
            0.02278183028101921
        ],
        [
            0.09313490241765976,
            0.06569185107946396,
            0.011804251000285149
        ],
        [
            0.08604210615158081,
            0.07658111304044724,
            0.015088893473148346
        ],
        [
            0.0868145078420639,
            0.07513649761676788,
            0.026962649077177048
        ],
        [
            0.11662469059228897,
            0.02334544062614441,
            0.012583170086145401
        ],
        [
            0.12209919840097427,
            0.020405754446983337,
            0.007858790457248688
        ],
        [
            0.010152557864785194,
            0.07744486629962921,
            0.06212092190980911
        ],
        [
            0.014520609751343727,
            0.0726458951830864,
            0.062340930104255676
        ],
        [
            0.04950041323900223,
            -0.010510977357625961,
            0.015054095536470413
        ],
        [
            0.033421650528907776,
            0.004939083009958267,
            0.014760330319404602
        ],
        [
            0.06497502326965332,
            -0.018225859850645065,
            0.01573365181684494
        ],
        [
            0.0773378312587738,
            -0.02096247673034668,
            0.016597125679254532
        ],
        [
            0.08655158430337906,
            -0.024586178362369537,
            0.015562735497951508
        ],
        [
            0.03575080260634422,
            0.04436551406979561,
            0.039452411234378815
        ],
        [
            0.05088096112012863,
            0.0326412059366703,
            0.02654571458697319
        ],
        [
            0.06500130891799927,
            0.033613987267017365,
            0.015212524682283401
        ],
        [
            0.07873782515525818,
            0.05380963534116745,
            -0.0033939294517040253
        ],
        [
            0.08341823518276215,
            0.04629197344183922,
            -0.008724778890609741
        ],
        [
            0.07518859952688217,
            0.042725104838609695,
            -0.002864047884941101
        ],
        [
            0.07318597286939621,
            0.050053853541612625,
            0.0010930411517620087
        ],
        [
            0.08801425993442535,
            0.06615610420703888,
            0.0030684731900691986
        ],
        [
            0.08053985238075256,
            0.06431113183498383,
            0.0009080953896045685
        ],
        [
            0.07681536674499512,
            0.06997644901275635,
            0.004784587770700455
        ],
        [
            0.08278634399175644,
            0.07388351112604141,
            0.007143080234527588
        ],
        [
            0.02810615859925747,
            0.021225493401288986,
            0.029551444575190544
        ],
        [
            0.036895520985126495,
            0.008222192525863647,
            0.03373554348945618
        ],
        [
            0.10494048148393631,
            0.0258437842130661,
            -0.013228192925453186
        ],
        [
            0.10734198987483978,
            0.018553003668785095,
            -0.014759138226509094
        ],
        [
            0.11234449595212936,
            0.01172676682472229,
            -0.015807177871465683
        ],
        [
            0.07398268580436707,
            0.018498223274946213,
            -1.989305019378662e-05
        ],
        [
            0.0800185352563858,
            0.008273076266050339,
            -0.007578261196613312
        ],
        [
            0.07683419436216354,
            0.005624104291200638,
            -0.005697388201951981
        ],
        [
            0.07284749299287796,
            0.016049060970544815,
            0.002927493304014206
        ],
        [
            0.06307899206876755,
            0.01587999239563942,
            0.009460795670747757
        ],
        [
            0.06447554379701614,
            0.00797785073518753,
            -0.0009347051382064819
        ],
        [
            0.05584828928112984,
            0.023531325161457062,
            0.01025889441370964
        ],
        [
            0.0854506716132164,
            -0.005007147789001465,
            -0.006876431405544281
        ],
        [
            0.09498102217912674,
            -0.005952432751655579,
            -0.012543946504592896
        ],
        [
            0.09101097285747528,
            -0.012481365352869034,
            -0.008048418909311295
        ],
        [
            0.10106178373098373,
            0.0009526088833808899,
            -0.015800241380929947
        ],
        [
            0.1070602536201477,
            0.0073075443506240845,
            -0.017270341515541077
        ],
        [
            0.12926694750785828,
            0.01652318239212036,
            0.005462262779474258
        ],
        [
            0.08760109543800354,
            -0.017648302018642426,
            -0.002643454819917679
        ],
        [
            0.03756711632013321,
            0.029835594817996025,
            0.006126619875431061
        ],
        [
            0.031336281448602676,
            0.03396616131067276,
            0.008797071874141693
        ],
        [
            0.03601888194680214,
            0.03691444545984268,
            0.014116700738668442
        ],
        [
            0.04150332510471344,
            0.03340446203947067,
            0.01242600753903389
        ],
        [
            0.028928399085998535,
            0.03570358082652092,
            0.06128717586398125
        ],
        [
            0.025764862075448036,
            0.03473663702607155,
            0.054220929741859436
        ],
        [
            0.030642013996839523,
            0.028819918632507324,
            0.0485382080078125
        ],
        [
            0.0797637552022934,
            0.026901233941316605,
            -0.009735692292451859
        ],
        [
            0.09010528028011322,
            0.0326414555311203,
            -0.014116019010543823
        ],
        [
            0.029344676062464714,
            0.04687873274087906,
            0.04485362395644188
        ],
        [
            0.01334996335208416,
            0.06638067960739136,
            0.06429074704647064
        ],
        [
            0.009396707639098167,
            0.06371749937534332,
            0.06072793900966644
        ],
        [
            0.019092382863163948,
            0.04864883795380592,
            0.062335386872291565
        ],
        [
            0.02290504425764084,
            0.05261743813753128,
            0.06638065725564957
        ],
        [
            0.031034428626298904,
            0.05619724839925766,
            0.049750667065382004
        ],
        [
            0.028334684669971466,
            0.05066635459661484,
            0.046364616602659225
        ],
        [
            0.028420332819223404,
            0.0533352829515934,
            0.04712708294391632
        ],
        [
            0.031228546053171158,
            0.05912185460329056,
            0.048347052186727524
        ],
        [
            0.05240786075592041,
            0.07210997492074966,
            0.028775351122021675
        ],
        [
            0.05623827129602432,
            0.06875612586736679,
            0.025600910186767578
        ],
        [
            0.04841744899749756,
            0.052396923303604126,
            0.06188896298408508
        ],
        [
            0.04354093223810196,
            0.04189267009496689,
            0.0684647187590599
        ],
        [
            0.050082892179489136,
            0.0332903191447258,
            0.062354132533073425
        ],
        [
            0.05735568702220917,
            0.051945604383945465,
            0.024291211739182472
        ],
        [
            0.052407748997211456,
            0.059630367904901505,
            0.029004981741309166
        ],
        [
            0.05513374134898186,
            0.061623409390449524,
            0.026672836393117905
        ],
        [
            0.03615519031882286,
            0.0490439236164093,
            0.04043273627758026
        ],
        [
            0.03222735598683357,
            0.05221928656101227,
            0.04499087482690811
        ],
        [
            0.036097168922424316,
            0.05431434512138367,
            0.042905084788799286
        ],
        [
            0.04047662392258644,
            0.051426541060209274,
            0.03786279261112213
        ],
        [
            0.09983503818511963,
            0.055097270756959915,
            0.007485637441277504
        ],
        [
            0.09393388032913208,
            0.0563010610640049,
            -0.0025985725224018097
        ],
        [
            0.0029016193002462387,
            0.07090025395154953,
            0.05226161330938339
        ],
        [
            0.005465468391776085,
            0.06672926992177963,
            0.05347827076911926
        ],
        [
            0.06310852617025375,
            0.04388987272977829,
            0.01873914711177349
        ],
        [
            0.05751105397939682,
            0.023702576756477356,
            0.053981710225343704
        ],
        [
            0.06818272173404694,
            0.036494262516498566,
            0.011791419237852097
        ],
        [
            0.0706644132733345,
            0.07699690759181976,
            0.03574569523334503
        ],
        [
            0.06678818166255951,
            0.07803700864315033,
            0.028221191838383675
        ],
        [
            0.061675623059272766,
            0.08034421503543854,
            0.028772687539458275
        ],
        [
            0.06318134814500809,
            0.08155050873756409,
            0.03463973104953766
        ],
        [
            0.02386782318353653,
            0.07204081118106842,
            0.04878310486674309
        ],
        [
            0.01945209875702858,
            0.06952940672636032,
            0.045886483043432236
        ],
        [
            0.016792677342891693,
            0.07357807457447052,
            0.04513489454984665
        ],
        [
            0.020687442272901535,
            0.07625015825033188,
            0.04833691194653511
        ],
        [
            0.02503000758588314,
            0.045936647802591324,
            0.04710123687982559
        ],
        [
            0.02242126874625683,
            0.041276562958955765,
            0.05048462748527527
        ],
        [
            0.019923856481909752,
            0.04735008254647255,
            0.05051519349217415
        ],
        [
            0.024042930454015732,
            0.050750162452459335,
            0.04791109263896942
        ],
        [
            0.021689310669898987,
            0.04093573987483978,
            0.0564894936978817
        ],
        [
            0.01827157847583294,
            0.04659894108772278,
            0.056467823684215546
        ],
        [
            0.02568589523434639,
            0.0731951966881752,
            0.05485687032341957
        ],
        [
            0.02345748245716095,
            0.07195598632097244,
            0.06187432259321213
        ],
        [
            0.032920073717832565,
            0.061078451573848724,
            0.06265826523303986
        ],
        [
            0.0325760655105114,
            0.06297998130321503,
            0.05475112423300743
        ],
        [
            0.0982072651386261,
            0.03387090191245079,
            0.02892008237540722
        ],
        [
            0.10313907265663147,
            0.039414532482624054,
            0.020664280280470848
        ],
        [
            0.09461259096860886,
            0.051248203963041306,
            0.025392336770892143
        ],
        [
            0.08708930760622025,
            0.06370928883552551,
            0.030606955289840698
        ],
        [
            0.07882241159677505,
            0.07424160838127136,
            0.035085469484329224
        ],
        [
            0.07503727823495865,
            0.06903516501188278,
            0.04549916088581085
        ],
        [
            0.0983840823173523,
            0.05381513386964798,
            0.018548795953392982
        ],
        [
            0.03675665706396103,
            0.05849023163318634,
            0.05543132126331329
        ],
        [
            0.03934571519494057,
            0.05379665642976761,
            0.06291329860687256
        ],
        [
            0.04155794531106949,
            0.0572027713060379,
            0.059830740094184875
        ],
        [
            0.07098381221294403,
            0.0409279391169548,
            0.006493024528026581
        ],
        [
            0.008291118778288364,
            0.062363266944885254,
            0.056010544300079346
        ],
        [
            0.09603843092918396,
            -0.010271359235048294,
            0.029861444607377052
        ],
        [
            0.10596492886543274,
            -0.0006907470524311066,
            0.028606291860342026
        ],
        [
            0.09893076121807098,
            0.003337319940328598,
            0.03197923302650452
        ],
        [
            0.08669984340667725,
            -0.007362876087427139,
            0.03257912024855614
        ],
        [
            0.013907259330153465,
            0.0655033141374588,
            0.04648131504654884
        ],
        [
            0.009562243707478046,
            0.06278334558010101,
            0.04995769262313843
        ],
        [
            0.05875386670231819,
            0.0723782554268837,
            0.02113315276801586
        ],
        [
            0.055104710161685944,
            0.07544341683387756,
            0.024843517690896988
        ],
        [
            0.05687678977847099,
            0.07812202721834183,
            0.024441609159111977
        ],
        [
            0.05981031805276871,
            0.07613001018762589,
            0.01889195293188095
        ],
        [
            0.10574567317962646,
            0.04092198237776756,
            0.015494363382458687
        ],
        [
            0.07809716463088989,
            0.08162468671798706,
            0.012634916231036186
        ],
        [
            0.07981491833925247,
            0.08079744130373001,
            0.024968750774860382
        ],
        [
            0.11034248024225235,
            0.029014740139245987,
            0.016965437680482864
        ],
        [
            0.1065949946641922,
            0.024202212691307068,
            0.024563901126384735
        ],
        [
            0.11295786499977112,
            0.017665736377239227,
            0.021152308210730553
        ],
        [
            0.06222956255078316,
            0.06576960533857346,
            0.053010981529951096
        ],
        [
            0.0927497148513794,
            0.031091127544641495,
            0.03502197191119194
        ],
        [
            0.10168300569057465,
            0.021044019609689713,
            0.029484782367944717
        ],
        [
            0.10906951129436493,
            0.013102475553750992,
            0.025644950568675995
        ],
        [
            0.11508925259113312,
            0.007992736995220184,
            0.023081153631210327
        ],
        [
            0.11863933503627777,
            0.013493627309799194,
            0.018285129219293594
        ],
        [
            0.01868349127471447,
            0.0695158839225769,
            0.06401818245649338
        ],
        [
            0.01957240328192711,
            0.07629919797182083,
            0.06021565943956375
        ],
        [
            0.12629063427448273,
            0.009184785187244415,
            0.016124177724123
        ],
        [
            0.12152449786663055,
            0.0030296146869659424,
            0.02111492119729519
        ],
        [
            0.09551515430212021,
            0.016254503279924393,
            0.03437285125255585
        ],
        [
            0.08658349514007568,
            0.009811725467443466,
            0.038991089910268784
        ],
        [
            0.08701080083847046,
            0.02615072950720787,
            0.03936902806162834
        ],
        [
            0.07797715067863464,
            0.02074868604540825,
            0.04460060968995094
        ],
        [
            0.06070973724126816,
            0.05856692045927048,
            0.061263442039489746
        ],
        [
            0.009508883580565453,
            0.09212283045053482,
            0.055451907217502594
        ],
        [
            0.01735934056341648,
            0.08343904465436935,
            0.055298708379268646
        ],
        [
            0.017024895176291466,
            0.08233220130205154,
            0.04967503622174263
        ],
        [
            0.010782964527606964,
            0.09218122065067291,
            0.05142388492822647
        ],
        [
            0.021944120526313782,
            0.07736695557832718,
            0.053967323154211044
        ],
        [
            0.01512954756617546,
            0.08122653514146805,
            0.06013472005724907
        ],
        [
            0.06494910269975662,
            0.012368887662887573,
            0.04639093577861786
        ],
        [
            0.03297268971800804,
            0.05798981711268425,
            0.047310832887887955
        ],
        [
            0.07031282037496567,
            -0.001219477504491806,
            0.037891045212745667
        ],
        [
            0.04845632612705231,
            0.009579792618751526,
            0.046773314476013184
        ],
        [
            0.050563011318445206,
            0.000299256294965744,
            0.03788285329937935
        ],
        [
            0.07441087067127228,
            -0.015456881374120712,
            0.027731802314519882
        ],
        [
            0.05611597001552582,
            -0.011205911636352539,
            0.027954082936048508
        ],
        [
            0.09370103478431702,
            -0.020922794938087463,
            0.023585747927427292
        ],
        [
            0.0854262039065361,
            -0.017094887793064117,
            0.026341956108808517
        ],
        [
            0.04066573828458786,
            -0.0018947534263134003,
            0.02591731771826744
        ],
        [
            0.0018757786601781845,
