{
    "pred_cam": [
        5.454018592834473,
        0.16752414405345917,
        -0.02417965605854988
    ],
    "pred_mano_params": {
        "global_orient": [
            [
                [
                    -0.9832631349563599,
                    0.16825862228870392,
                    0.0698767900466919
                ],
                [
                    -0.12238814681768417,
                    -0.32588863372802734,
                    -0.9374527931213379
                ],
                [
                    -0.13496239483356476,
                    -0.9303147792816162,
                    0.3410271406173706
                ]
            ]
        ],
        "hand_pose": [
            [
                [
                    0.9622013568878174,
                    -0.2584386169910431,
                    -0.08589500188827515
                ],
                [
                    0.2673929035663605,
                    0.9563437104225159,
                    0.11793043464422226
                ],
                [
                    0.05166737735271454,
                    -0.13644054532051086,
                    0.9892998933792114
                ]
            ],
            [
                [
                    0.9820457696914673,
                    -0.0951291173696518,
                    0.16290023922920227
                ],
                [
                    0.1264548897743225,
                    0.9727635979652405,
                    -0.19426830112934113
                ],
                [
                    -0.13998284935951233,
                    0.21137990057468414,
                    0.967327892780304
                ]
            ],
            [
                [
                    0.9725745320320129,
                    -0.19313158094882965,
                    0.12961040437221527
                ],
                [
                    0.18842163681983948,
                    0.9809250235557556,
                    0.047785352915525436
                ],
                [
                    -0.13636693358421326,
                    -0.022053414955735207,
                    0.9904128909111023
                ]
            ],
            [
                [
                    0.9440138339996338,
                    -0.3258392810821533,
                    0.05164097622036934
                ],
                [
                    0.32294440269470215,
                    0.9446890354156494,
                    0.05717968940734863
                ],
                [
                    -0.06741604954004288,
                    -0.03730124607682228,
                    0.9970275163650513
                ]
            ],
            [
                [
                    0.9986406564712524,
                    0.008880043402314186,
                    0.051362089812755585
                ],
                [
                    -0.025827625766396523,
                    0.9402087330818176,
                    0.33961808681488037
                ],
                [
                    -0.04527529329061508,
                    -0.3404829502105713,
                    0.9391599893569946
                ]
            ],
            [
                [
                    0.9830493330955505,
                    -0.156316339969635,
                    0.09580852836370468
                ],
                [
                    0.1619376391172409,
                    0.9853243231773376,
                    -0.05396595597267151
                ],
                [
                    -0.08596669882535934,
                    0.0685662031173706,
                    0.9939359426498413
                ]
            ],
            [
                [
                    0.8803752064704895,
                    -0.025149136781692505,
                    0.47361060976982117
                ],
                [
                    0.06281565874814987,
                    0.995978832244873,
                    -0.06387808918952942
                ],
                [
                    -0.47009965777397156,
                    0.08598685264587402,
                    0.8784148097038269
                ]
            ],
            [
                [
                    0.9439014196395874,
                    -0.32629865407943726,
                    0.05078732222318649
                ],
                [
                    0.23968525230884552,
                    0.7827439308166504,
                    0.5743370652198792
                ],
                [
                    -0.22715885937213898,
                    -0.5299445390701294,
                    0.8170421123504639
                ]
            ],
            [
                [
                    0.9318311214447021,
                    -0.35022780299186707,
                    0.09503258019685745
                ],
                [
                    0.2921597957611084,
                    0.8793575763702393,
                    0.375995934009552
                ],
                [
                    -0.2152518481016159,
                    -0.32260003685951233,
                    0.9217352271080017
                ]
            ],
            [
                [
                    0.9586694836616516,
                    -0.21562062203884125,
                    0.18563534319400787
                ],
                [
                    0.22684279084205627,
                    0.9730578064918518,
                    -0.04124181717634201
                ],
                [
                    -0.1717413365840912,
                    0.08164731413125992,
                    0.9817528128623962
                ]
            ],
            [
                [
                    0.9831259846687317,
                    -0.08098386973142624,
                    0.16402703523635864
                ],
                [
                    -0.01859678328037262,
                    0.8477755188941956,
                    0.5300290584564209
                ],
                [
                    -0.1819819062948227,
                    -0.5241357088088989,
                    0.8319640755653381
                ]
            ],
            [
                [
                    0.9577759504318237,
                    -0.28294575214385986,
                    0.051058582961559296
                ],
                [
                    0.2796451151371002,
                    0.9580175280570984,
                    0.06325384974479675
                ],
                [
                    -0.0668124258518219,
                    -0.04630473256111145,
                    0.996690571308136
                ]
            ],
            [
                [
                    0.7916919589042664,
                    0.09752883017063141,
                    -0.6030853986740112
                ],
                [
                    -0.5405318737030029,
                    0.5718529224395752,
                    -0.6170976758003235
                ],
                [
                    0.28469133377075195,
                    0.8145381212234497,
                    0.5054488182067871
                ]
            ],
            [
                [
                    0.8727254271507263,
                    -0.2422332763671875,
                    -0.42387884855270386
                ],
                [
                    0.44766944646835327,
                    0.7434655427932739,
                    0.496841162443161
                ],
                [
                    0.19478783011436462,
                    -0.6233635544776917,
                    0.7572817206382751
                ]
            ],
            [
                [
                    0.713668704032898,
                    -0.6924842000007629,
                    0.10555852204561234
                ],
                [
                    0.6995720863342285,
                    0.6969168186187744,
                    -0.15781590342521667
                ],
                [
                    0.03571951761841774,
                    0.18647406995296478,
                    0.9818103313446045
                ]
            ]
        ],
        "betas": [
            -0.07524430751800537,
            -0.13618072867393494,
            0.034686148166656494,
            -0.04973253607749939,
            -0.06664055585861206,
            0.04362474009394646,
            0.0514201819896698,
            0.01779593527317047,
            -0.029700711369514465,
            -0.06186416745185852
        ]
    },
    "pred_cam_t": [
        -0.16752414405345917,
        -0.02417965605854988,
        7.162149906158447
    ],
    "focal_length": [
        5000.0,
        5000.0
    ],
    "pred_keypoints_3d": [
        [
            0.09603027254343033,
            0.006403249688446522,
            0.00624215230345726
        ],
        [
            0.11894570291042328,
            -0.009876948781311512,
            0.032800767570734024
        ],
        [
            0.1481497883796692,
            -0.011814408004283905,
            0.04255595803260803
        ],
        [
            0.17369170486927032,
            -0.0027465466409921646,
            0.04077430069446564
        ],
        [
            0.20056061446666718,
            0.007079454138875008,
            0.058896973729133606
        ],
        [
            0.1834612488746643,
            -0.0004501994699239731,
            0.030046548694372177
        ],
        [
            0.21486243605613708,
            0.005049812141805887,
            0.03880167752504349
        ],
        [
            0.2331630438566208,
            0.008558702655136585,
            0.050937406718730927
        ],
        [
            0.2521464228630066,
            0.01037280447781086,
            0.06742607057094574
        ],
        [
            0.18896877765655518,
            0.021749190986156464,
            0.019299663603305817
        ],
        [
            0.21720224618911743,
            0.03158925473690033,
            0.030307646840810776
        ],
        [
            0.23657537996768951,
            0.037848372012376785,
            0.04177343100309372
        ],
        [
            0.25943583250045776,
            0.04221170395612717,
            0.0536462776362896
        ],
        [
            0.17423847317695618,
            0.04291461035609245,
            0.011857612058520317
        ],
        [
            0.20179645717144012,
            0.04771639406681061,
            0.019720446318387985
        ],
        [
            0.2223360240459442,
            0.05137840285897255,
            0.03332507610321045
        ],
        [
            0.24279546737670898,
            0.052795764058828354,
            0.048708438873291016
        ],
        [
            0.15927472710609436,
            0.05883492901921272,
            0.009979357942938805
        ],
        [
            0.1796797811985016,
            0.06425796449184418,
            0.012006454169750214
        ],
        [
            0.19311603903770447,
            0.06745374202728271,
            0.025085339322686195
        ],
        [
            0.20155678689479828,
            0.06572631746530533,
            0.042414650321006775
        ]
    ],
    "pred_vertices": [
        [
            0.14202621579170227,
            0.003042604774236679,
            0.032353125512599945
        ],
        [
            0.13040108978748322,
            0.003243100829422474,
            0.031146932393312454
        ],
        [
            0.1388956755399704,
            0.0012472691014409065,
            0.034583963453769684
        ],
        [
            0.1478879153728485,
            -0.0009197413455694914,
            0.036413535475730896
        ],
        [
            0.12503941357135773,
            0.0025884192436933517,
            0.04662112891674042
        ],
        [
            0.120240718126297,
            -0.006886621005833149,
            0.05244516581296921
        ],
        [
            0.13889643549919128,
            -0.0068048955872654915,
            0.054664984345436096
        ],
        [
            0.13993439078330994,
            0.0020651724189519882,
            0.049786850810050964
        ],
        [
            0.15380609035491943,
            -0.004372752737253904,
            0.03705596178770065
        ],
        [
            0.1464424580335617,
            -0.00015794485807418823,
            0.03759772330522537
        ],
        [
            0.1550803780555725,
            -0.007204541936516762,
            0.03276237100362778
        ],
        [
            0.16404102742671967,
            -0.013889423571527004,
            0.029849635437130928
        ],
        [
            0.16227278113365173,
            -0.008623845875263214,
            0.03558408096432686
        ],
        [
            0.17198626697063446,
            -0.014292283914983273,
            0.028592603281140327
        ],
        [
            0.15912359952926636,
            -0.019237756729125977,
            0.02196970209479332
        ],
        [
            0.1723797470331192,
            -0.014309057965874672,
            0.019512921571731567
        ],
        [
            0.15314139425754547,
            -0.0032660989090800285,
            0.0030235424637794495
        ],
        [
            0.1490606665611267,
            0.008423937484622002,
            -0.00230458565056324
        ],
        [
            0.16488666832447052,
            0.012641746550798416,
            0.0001503676176071167
        ],
        [
            0.1676088273525238,
            0.0007825978100299835,
            0.006124833598732948
        ],
        [
            0.15235835313796997,
            0.028768673539161682,
            -0.0036039184778928757
        ],
        [
            0.1602492332458496,
            0.020269591361284256,
            -0.0017294660210609436
        ],
        [
            0.14458245038986206,
            0.01569749414920807,
            -0.005277734249830246
        ],
        [
            0.13832812011241913,
            0.023733867332339287,
            -0.0067642442882061005
        ],
        [
            0.13404162228107452,
            0.013495954684913158,
            0.02592749148607254
        ],
        [
            0.12242582440376282,
            0.01285000890493393,
            0.025228988379240036
        ],
        [
            0.1244114488363266,
            0.008199911564588547,
            0.026683084666728973
        ],
        [
            0.13596077263355255,
            0.009006800130009651,
            0.027853522449731827
        ],
        [
            0.15549130737781525,
            -0.011607900261878967,
            0.03127095848321915
        ],
        [
            0.14952707290649414,
            -0.02085871808230877,
            0.030009403824806213
        ],
        [
            0.15357382595539093,
            -0.014765453524887562,
            0.02916000783443451
        ],
        [
            0.15586400032043457,
            -0.006268834695219994,
            0.032624658197164536
        ],
        [
            0.09529310464859009,
            0.02053798735141754,
            0.026013607159256935
        ],
        [
            0.08480600267648697,
            0.014886673539876938,
            0.01953396387398243
        ],
        [
            0.08600597828626633,
            0.009305949322879314,
            0.021206775680184364
        ],
        [
            0.0953330397605896,
            0.015517573803663254,
            0.02647332288324833
        ],
        [
            0.09605773538351059,
            -0.006130306050181389,
            0.03802446648478508
        ],
        [
            0.08869247883558273,
            -0.007836653850972652,
            0.02778063714504242
        ],
        [
            0.08675184845924377,
            -0.020122017711400986,
            0.021858159452676773
        ],
        [
            0.09574269503355026,
            -0.02083633840084076,
            0.02954336628317833
        ],
        [
            0.10750990360975266,
            -0.006259886082261801,
            0.047185614705085754
        ],
        [
            0.10552781820297241,
            -0.019594760611653328,
            0.04238678514957428
        ],
        [
            0.11986934393644333,
            -0.018370959907770157,
            0.05056840926408768
        ],
        [
            0.13937732577323914,
            -0.016139235347509384,
            0.05296139419078827
        ],
        [
            0.08267246186733246,
            0.02598222717642784,
            0.013357928022742271
        ],
        [
            0.08988095819950104,
            0.03189316391944885,
            0.01761053502559662
        ],
        [
            0.2152153104543686,
            0.0021625999361276627,
            0.04988347738981247
        ],
        [
            0.21545764803886414,
            0.007948853075504303,
            0.05008024722337723
        ],
        [
            0.21034090220928192,
            0.006954729091376066,
            0.048424843698740005
        ],
        [
            0.21138770878314972,
            0.0013605458661913872,
            0.04836951568722725
        ],
        [
            0.09083040058612823,
            0.034154050052165985,
            -0.0033153127878904343
        ],
        [
            0.09404967725276947,
            0.0302962064743042,
            -0.0121463006362319
        ],
        [
            0.08673917502164841,
            0.029904814437031746,
            -0.012143486179411411
        ],
        [
            0.08367310464382172,
            0.031641747802495956,
            -0.0033543817698955536
        ],
        [
            0.10032091289758682,
            0.03736439347267151,
            -0.0030769165605306625
        ],
        [
            0.10416227579116821,
            0.030552120879292488,
            -0.011336727067828178
        ],
        [
            0.22139739990234375,
            -0.0021653734147548676,
            0.0396910086274147
        ],
        [
            0.21933439373970032,
            -0.0032838101033121347,
            0.044221773743629456
        ],
        [
            0.21569961309432983,
            -0.004153850022703409,
            0.04120492562651634
        ],
        [
            0.2170127034187317,
            -0.002272093202918768,
            0.03659381344914436
        ],
        [
            0.15795326232910156,
            -0.002879268489778042,
            0.03766913339495659
        ],
        [
            0.15247777104377747,
            0.003678210312500596,
            0.03502164036035538
        ],
        [
            0.17661060392856598,
            0.0003689088043756783,
            0.0396995022892952
        ],
        [
            0.16682294011116028,
            0.0026110410690307617,
            0.03679707273840904
        ],
        [
            0.16739898920059204,
            -0.0043972996063530445,
            0.037866245955228806
        ],
        [
            0.1756918728351593,
            -0.006004082504659891,
            0.03879362344741821
        ],
        [
            0.15609876811504364,
            0.021119778975844383,
            0.026667892932891846
        ],
        [
            0.1446683406829834,
            0.01838858798146248,
            0.0253201425075531
        ],
        [
            0.14793646335601807,
            0.01325775682926178,
            0.02768957056105137
        ],
        [
            0.16076333820819855,
            0.014983209781348705,
            0.030605843290686607
        ],
        [
            0.1390448361635208,
            0.031198017299175262,
            0.022784898057579994
        ],
        [
            0.1508992314338684,
            0.032787028700113297,
            0.023991433903574944
        ],
        [
            0.14647923409938812,
            0.039996299892663956,
            0.022444838657975197
        ],
        [
            0.13854214549064636,
            0.03779936581850052,
            0.022714218124747276
        ],
        [
            0.17207011580467224,
            0.03249526396393776,
            0.02597113326191902
        ],
        [
            0.18025462329387665,
            0.03305216133594513,
            0.02543615736067295
        ],
        [
            0.17935100197792053,
            0.03552233427762985,
            0.023923363536596298
        ],
        [
            0.1705351620912552,
            0.03547504544258118,
            0.024397149682044983
        ],
        [
            0.07978668063879013,
            0.02871166169643402,
            -0.013023233972489834
        ],
        [
            0.0771772488951683,
            0.028318624943494797,
            -0.0035010594874620438
        ],
        [
            0.1402447670698166,
            0.04639600217342377,
            -0.0039971377700567245
        ],
        [
            0.13241153955459595,
            0.05291486158967018,
            0.000782831571996212
        ],
        [
            0.14382493495941162,
            0.0590156689286232,
            0.002142304088920355
        ],
        [
            0.14878901839256287,
            0.05036676302552223,
            -0.0032121697440743446
        ],
        [
            0.09896612167358398,
            0.022257627919316292,
            -0.01669216901063919
        ],
        [
            0.09137764573097229,
            0.023464901372790337,
            -0.018450239673256874
        ],
        [
            0.22302386164665222,
            0.002592542441561818,
            0.03622675687074661
        ],
        [
            0.21783165633678436,
            0.0027933663222938776,
            0.03364026919007301
        ],
        [
            0.1187388002872467,
            -0.02762242592871189,
            0.039856135845184326
        ],
        [
            0.1394716054201126,
            -0.023479700088500977,
            0.047141723334789276
        ],
        [
            0.10511087626218796,
            -0.027587542310357094,
            0.028436891734600067
        ],
        [
            0.09721642732620239,
            -0.026251748204231262,
            0.018284570425748825
        ],
        [
            0.08974885940551758,
            -0.026501348242163658,
            0.011690404266119003
        ],
        [
            0.16961254179477692,
            0.00882909819483757,
            0.0357542410492897
        ],
        [
            0.14611326158046722,
            0.008319753222167492,
            0.030478807166218758
        ],
        [
            0.1321539282798767,
            0.017922790721058846,
            0.024538544937968254
        ],
        [
            0.12409777194261551,
            0.04759051278233528,
            0.021222759038209915
        ],
        [
            0.11369100958108902,
            0.044750019907951355,
            0.020805027335882187
        ],
        [
            0.11994414031505585,
            0.037018291652202606,
            0.024733399972319603
        ],
        [
            0.12789592146873474,
            0.04096367955207825,
            0.02365828864276409
        ],
        [
            0.13020983338356018,
            0.056891635060310364,
            0.009398287162184715
        ],
        [
            0.1324661374092102,
            0.055044740438461304,
            0.01689223200082779
        ],
        [
            0.14204369485378265,
            0.058355025947093964,
            0.016981514170765877
        ],
        [
            0.14081422984600067,
            0.06107352301478386,
            0.010117809288203716
        ],
        [
            0.1564098596572876,
            -0.018136536702513695,
            0.03374408930540085
        ],
        [
            0.14607277512550354,
            -0.02596646547317505,
            0.03248651325702667
        ],
        [
            0.08851806819438934,
            0.03467724844813347,
            0.007060281001031399
        ],
        [
            0.08235570043325424,
            0.029872208833694458,
            0.0065953051671385765
        ],
        [
            0.07546426355838776,
            0.025843676179647446,
            0.0036855293437838554
        ],
        [
            0.10853104293346405,
            0.015606679022312164,
            0.027090130373835564
        ],
        [
            0.09523184597492218,
            0.01203654333949089,
            0.027174677699804306
        ],
        [
            0.09647101163864136,
            0.008394801989197731,
            0.029979363083839417
        ],
        [
            0.10919678956270218,
            0.012428903952240944,
            0.027356669306755066
        ],
        [
            0.12036804854869843,
            0.005533917807042599,
            0.03458984196186066
        ],
        [
            0.10958705842494965,
            0.003576465416699648,
            0.04135356470942497
        ],
        [
            0.1324108988046646,
            0.00557928578928113,
            0.03784859925508499
        ],
        [
            0.0859798863530159,
            0.0013579083606600761,
            0.023547988384962082
        ],
        [
            0.07690706849098206,
            0.0054667359218001366,
            0.01833338290452957
        ],
        [
            0.07836290448904037,
            -0.0031747743487358093,
            0.02001131698489189
        ],
        [
            0.0753718689084053,
            0.014250759966671467,
            0.014208026230335236
        ],
        [
            0.07473471760749817,
            0.0216941200196743,
            0.00932350754737854
        ],
        [
            0.08400167524814606,
            0.023011554032564163,
            -0.022737285122275352
        ],
        [
            0.080965057015419,
            -0.011092309840023518,
            0.020367860794067383
        ],
        [
            0.1490941047668457,
            5.390099249780178e-05,
            0.050312772393226624
        ],
        [
            0.15606075525283813,
            -0.0010356670245528221,
            0.04946209490299225
        ],
        [
            0.15498454868793488,
            0.002588357776403427,
            0.04319113492965698
        ],
        [
            0.14966081082820892,
            0.002738387556746602,
            0.04307689517736435
        ],
        [
            0.1813211590051651,
            -0.013023453764617443,
            0.027579596266150475
        ],
        [
            0.17876902222633362,
            -0.01067454181611538,
            0.035088177770376205
        ],
        [
            0.1689223051071167,
            -0.011287245899438858,
            0.035036828368902206
        ],
        [
            0.1042330414056778,
            0.028108103200793266,
            0.026083819568157196
        ],
        [
            0.09911533445119858,
            0.037469103932380676,
            0.019199959933757782
        ],
        [
            0.17974844574928284,
            0.006186804734170437,
            0.03830766677856445
        ],
        [
            0.2136361449956894,
            -0.0027249737177044153,
            0.033153336495161057
        ],
        [
            0.21205896139144897,
            -0.005038127303123474,
            0.03822972998023033
        ],
        [
            0.19616837799549103,
            -0.009235644713044167,
            0.03173054754734039
        ],
        [
            0.19877678155899048,
            -0.00643340265378356,
            0.02616327628493309
        ],
        [
            0.18926595151424408,
            0.010159975849092007,
            0.03375489264726639
        ],
        [
            0.18559248745441437,
            0.006390662863850594,
            0.038420669734478
        ],
        [
            0.18885721266269684,
            0.006955347955226898,
            0.03804713487625122
        ],
        [
            0.19253866374492645,
            0.011554762721061707,
            0.0353795625269413
        ],
        [
            0.17331095039844513,
            0.042356330901384354,
            0.021767545491456985
        ],
        [
            0.16572655737400055,
            0.04240856319665909,
            0.022264990955591202
        ],
        [
            0.18132276833057404,
            0.006765556521713734,
            0.011841965839266777
        ],
        [
            0.18123722076416016,
            -0.006432064808905125,
            0.013043096289038658
        ],
        [
            0.16968800127506256,
            -0.00938914529979229,
            0.01103263907134533
        ],
        [
            0.15243101119995117,
            0.0273540448397398,
            0.0247041042894125
        ],
        [
            0.16256751120090485,
            0.030692746862769127,
            0.025725198909640312
        ],
        [
            0.16107848286628723,
            0.034426476806402206,
            0.02446431666612625
        ],
        [
            0.17287947237491608,
            0.012338707223534584,
            0.03444626182317734
        ],
        [
            0.1812160164117813,
            0.011584578081965446,
            0.035487521439790726
        ],
        [
            0.17749133706092834,
            0.015558376908302307,
            0.03232339769601822
        ],
        [
            0.1698717176914215,
            0.01632487215101719,
            0.031629323959350586
        ],
        [
            0.12068679183721542,
            0.04748636111617088,
            -0.0018565841019153595
        ],
        [
            0.11779743432998657,
            0.05246436223387718,
            0.008208822458982468
        ],
        [
            0.21685898303985596,
            -0.0018242024816572666,
            0.04787890613079071
        ],
        [
            0.2133064866065979,
            -0.0027113277465105057,
            0.045569151639938354
        ],
        [
            0.1412935107946396,
            0.024513594806194305,
            0.0234004445374012
        ],
        [
            0.15545132756233215,
            -0.011870662681758404,
            0.00955561175942421
        ],
        [
            0.12988246977329254,
            0.022780971601605415,
            0.02333304099738598
        ],
        [
            0.1663050800561905,
            0.044459033757448196,
            0.002550682984292507
        ],
        [
            0.16613486409187317,
            0.04913155734539032,
            0.006938381120562553
        ],
        [
            0.17276187241077423,
            0.04903028905391693,
            0.00957963801920414
        ],
        [
            0.17469125986099243,
            0.046384889632463455,
            0.004838136024773121
        ],
        [
            0.20714333653450012,
            0.014829428866505623,
            0.03929602727293968
        ],
        [
            0.20614096522331238,
            0.012058066204190254,
            0.04423676058650017
        ],
        [
            0.21086406707763672,
            0.012712979689240456,
            0.04600537195801735
        ],
        [
            0.21261323988437653,
            0.015333997085690498,
            0.04115317761898041
        ],
        [
            0.18420591950416565,
            0.0008672765688970685,
            0.040020011365413666
        ],
        [
            0.1836239993572235,
            -0.0054561379365623,
            0.03945630416274071
        ],
        [
            0.19004417955875397,
            -0.0036550750955939293,
            0.04050057753920555
        ],
        [
            0.18943721055984497,
            0.0022344891913235188,
            0.04003194719552994
        ],
        [
            0.18682175874710083,
            -0.009802053682506084,
            0.03522665053606033
        ],
        [
            0.19272492825984955,
            -0.008198940195143223,
            0.036878183484077454
        ],
        [
            0.20957307517528534,
            0.013757552951574326,
            0.03335036709904671
        ],
        [
            0.21242113411426544,
            0.008305422030389309,
            0.028981206938624382
        ],
        [
            0.1986864060163498,
            0.006561783142387867,
            0.022960355505347252
        ],
        [
            0.19739794731140137,
            0.011337155476212502,
            0.029541172087192535
        ],
        [
            0.12482994794845581,
            0.01854574680328369,
            -0.01076257973909378
        ],
        [
            0.11968554556369781,
            0.02850516140460968,
            -0.010975541546940804
        ],
        [
            0.13297778367996216,
            0.03391105309128761,
            -0.007084527984261513
        ],
        [
            0.14583148062229156,
            0.03943656012415886,
            -0.004423861391842365
        ],
        [
            0.15801620483398438,
            0.04406660050153732,
            -0.0005867965519428253
        ],
        [
            0.1639971137046814,
            0.033607304096221924,
            -0.002253267914056778
        ],
        [
            0.12797020375728607,
            0.040351081639528275,
            -0.006781389936804771
        ],
        [
            0.18783056735992432,
            0.011594298295676708,
            0.022633442655205727
        ],
        [
            0.18827387690544128,
            0.004748501814901829,
            0.018211450427770615
        ],
        [
            0.18624943494796753,
            0.009498555213212967,
            0.016050174832344055
        ],
        [
            0.1273864358663559,
            0.029824193567037582,
            0.02339913323521614
        ],
        [
            0.20970948040485382,
            -0.004242210183292627,
            0.04282990097999573
        ],
        [
            0.1023794561624527,
            -0.01932244561612606,
            -0.005466092377901077
        ],
        [
            0.10210775583982468,
            -0.008504685014486313,
            -0.014017848297953606
        ],
        [
            0.11005118489265442,
            -0.008377917110919952,
            -0.010361818596720695
        ],
        [
            0.11016444116830826,
            -0.0202927403151989,
            0.0003153625875711441
        ],
        [
            0.2057977318763733,
            0.005875020753592253,
            0.04714293032884598
        ],
        [
            0.20712685585021973,
            -0.00024097971618175507,
            0.04693758487701416
        ],
        [
            0.16510449349880219,
            0.048814304172992706,
            0.020099489018321037
        ],
        [
            0.17195047438144684,
            0.04747489467263222,
            0.019436415284872055
        ],
        [
            0.17326787114143372,
            0.04962879791855812,
            0.01661260426044464
        ],
        [
            0.16718986630439758,
            0.05343220755457878,
            0.01721002534031868
        ],
        [
            0.11569691449403763,
            0.03291596472263336,
            -0.010469922795891762
        ],
        [
            0.15176740288734436,
            0.06225636228919029,
            0.0027665654197335243
        ],
        [
            0.15494805574417114,
            0.05489864945411682,
            -0.002185320481657982
        ],
        [
            0.10812867432832718,
            0.02334202267229557,
            -0.014284329488873482
        ],
        [
            0.11260630190372467,
            0.014575518667697906,
            -0.014773780480027199
        ],
        [
            0.10358204692602158,
            0.012265974655747414,
            -0.01769457571208477
        ],
        [
            0.17556442320346832,
            0.024909809231758118,
            0.0032504796981811523
        ],
        [
            0.1303110122680664,
            0.011917859315872192,
            -0.009271731600165367
        ],
        [
            0.11672210693359375,
            0.008313890546560287,
            -0.012962350621819496
        ],
        [
            0.10613355785608292,
            0.005236346274614334,
            -0.016379550099372864
        ],
        [
            0.09854995459318161,
            0.0036267563700675964,
            -0.019539332017302513
        ],
        [
            0.09648559242486954,
            0.011517927050590515,
            -0.0205292496830225
        ],
        [
            0.21368205547332764,
            0.002790936501696706,
            0.03008260205388069
        ],
        [
            0.21769700944423676,
            0.009232626296579838,
            0.0322333499789238
        ],
        [
            0.08876093477010727,
            0.010725146159529686,
            -0.025348562747240067
        ],
        [
            0.09119350463151932,
            0.0019199270755052567,
            -0.023394081741571426
        ],
        [
            0.12053485214710236,
            0.0004471689462661743,
            -0.009966818615794182
        ],
        [
            0.12415563315153122,
            -0.009220615029335022,
            -0.0045566800981760025
        ],
        [
            0.13346263766288757,
            0.004332233220338821,
            -0.006291767582297325
        ],
        [
            0.1383599042892456,
            -0.004837453365325928,
            -0.0011606719344854355
        ],
        [
            0.17676107585430145,
            0.014603027142584324,
            0.0019082706421613693
        ],
        [
            0.2319599986076355,
            0.013505619950592518,
            0.043038275092840195
        ],
        [
            0.22171086072921753,
            0.014025960117578506,
            0.03806203603744507
        ],
        [
            0.21889662742614746,
            0.015541505068540573,
            0.042857564985752106
        ],
        [
            0.2301313281059265,
            0.01592770218849182,
            0.04600558429956436
        ],
        [
            0.21512523293495178,
            0.01423274353146553,
            0.03583061695098877
        ],
        [
            0.22286120057106018,
            0.009046741761267185,
            0.035142283886671066
        ],
        [
            0.14044389128684998,
            -0.015901625156402588,
            0.008235219866037369
        ],
        [
            0.18495790660381317,
            0.01524575985968113,
            0.03132345899939537
        ],
        [
            0.1243862509727478,
            -0.021800260990858078,
            0.00929551012814045
        ],
        [
            0.14705431461334229,
            -0.024075573310256004,
            0.01943930611014366
        ],
        [
            0.13559827208518982,
            -0.02764406055212021,
            0.02314125932753086
        ],
        [
            0.10861856490373611,
            -0.027972176671028137,
            0.013088141568005085
        ],
        [
            0.12073390185832977,
            -0.03082030825316906,
            0.025871343910694122
        ],
        [
            0.0935346931219101,
            -0.025719549506902695,
            0.0008245334029197693
        ],
        [
            0.10145924240350723,
            -0.025820884853601456,
            0.0055985525250434875
        ],
        [
            0.134365513920784,
            -0.029549716040492058,
            0.03590227663516998
