{
    "pred_cam": [
        9.530780792236328,
        0.044356439262628555,
        -0.04996078461408615
    ],
    "pred_mano_params": {
        "global_orient": [
            [
                [
                    0.7953414916992188,
                    -0.60390704870224,
                    0.05223255604505539
                ],
                [
                    -0.4676768481731415,
                    -0.6661733388900757,
                    -0.5809401869773865
                ],
                [
                    0.385629802942276,
                    0.43761783838272095,
                    -0.8122686147689819
                ]
            ]
        ],
        "hand_pose": [
            [
                [
                    0.7172427177429199,
                    -0.5295425057411194,
                    -0.452932208776474
                ],
                [
                    0.4685482084751129,
                    0.8476170301437378,
                    -0.24901384115219116
                ],
                [
                    0.5157764554023743,
                    -0.03361723572015762,
                    0.8560633659362793
                ]
            ],
            [
                [
                    0.42483454942703247,
                    -0.8417501449584961,
                    0.33312517404556274
                ],
                [
                    0.9045680165290833,
                    0.40921732783317566,
                    -0.11957363039255142
                ],
                [
                    -0.03566949442028999,
                    0.3521333932876587,
                    0.9352698922157288
                ]
            ],
            [
                [
                    0.8302537202835083,
                    -0.5502622723579407,
                    0.08882645517587662
                ],
                [
                    0.5468580722808838,
                    0.8349890112876892,
                    0.06115260720252991
                ],
                [
                    -0.1078190803527832,
                    -0.002196721965447068,
                    0.9941681027412415
                ]
            ],
            [
                [
                    0.3767886459827423,
                    -0.8702371716499329,
                    -0.31736013293266296
                ],
                [
                    0.9138146042823792,
                    0.40527433156967163,
                    -0.02637338638305664
                ],
                [
                    0.15156903862953186,
                    -0.2800711393356323,
                    0.9479382038116455
                ]
            ],
            [
                [
                    0.6194547414779663,
                    -0.7659156322479248,
                    -0.1721891313791275
                ],
                [
                    0.7822436690330505,
                    0.5837512612342834,
                    0.21755316853523254
                ],
                [
                    -0.0661117434501648,
                    -0.26945817470550537,
                    0.9607401490211487
                ]
            ],
            [
                [
                    0.8611346483230591,
                    -0.49489253759384155,
                    0.11631228029727936
                ],
                [
                    0.4971267580986023,
                    0.8676081895828247,
                    0.011002528481185436
                ],
                [
                    -0.10635855048894882,
                    0.04834728688001633,
                    0.9931517839431763
                ]
            ],
            [
                [
                    0.38188278675079346,
                    -0.9181629419326782,
                    0.10555747896432877
                ],
                [
                    0.5155467391014099,
                    0.30642202496528625,
                    0.8001981973648071
                ],
                [
                    -0.7670574188232422,
                    -0.2511621117591858,
                    0.5903732180595398
                ]
            ],
            [
                [
                    0.7928612232208252,
                    -0.5740565657615662,
                    -0.2045239359140396
                ],
                [
                    0.5949152112007141,
                    0.6563761830329895,
                    0.4639461636543274
                ],
                [
                    -0.13208670914173126,
                    -0.4895193576812744,
                    0.8619301915168762
                ]
            ],
            [
                [
                    0.9470412135124207,
                    -0.2943456172943115,
                    0.12834928929805756
                ],
                [
                    0.23186129331588745,
                    0.9033460021018982,
                    0.3608412444591522
                ],
                [
                    -0.2221558392047882,
                    -0.31197232007980347,
                    0.9237532615661621
                ]
            ],
            [
                [
                    0.2515037953853607,
                    -0.9677071571350098,
                    0.01698804832994938
                ],
                [
                    0.9346814751625061,
                    0.24740177392959595,
                    0.25527018308639526
                ],
                [
                    -0.2512296736240387,
                    -0.04832300543785095,
                    0.966720461845398
                ]
            ],
            [
                [
                    0.7894271016120911,
                    -0.6036466360092163,
                    -0.11142588406801224
                ],
                [
                    0.5724054574966431,
                    0.6583420634269714,
                    0.48881271481513977
                ],
                [
                    -0.22171376645565033,
                    -0.4496627151966095,
                    0.865243673324585
                ]
            ],
            [
                [
                    0.8715417385101318,
                    -0.4802217483520508,
                    0.09900493174791336
                ],
                [
                    0.4565541446208954,
                    0.8684412837028503,
                    0.1933080404996872
                ],
                [
                    -0.178810715675354,
                    -0.12327492982149124,
                    0.9761300683021545
                ]
            ],
            [
                [
                    0.9605064392089844,
                    -0.2010413110256195,
                    -0.19237913191318512
                ],
                [
                    -0.0895397886633873,
                    0.4312882423400879,
                    -0.8977600336074829
                ],
                [
                    0.26345768570899963,
                    0.8795298933982849,
                    0.39625394344329834
                ]
            ],
            [
                [
                    0.9306650161743164,
                    -0.3398718535900116,
                    -0.13546137511730194
                ],
                [
                    0.35790181159973145,
                    0.7688332200050354,
                    0.5299074053764343
                ],
                [
                    -0.07595336437225342,
                    -0.5416481494903564,
                    0.8371669054031372
                ]
            ],
            [
                [
                    0.946042001247406,
                    0.19526275992393494,
                    0.25860559940338135
                ],
                [
                    -0.13883821666240692,
                    0.9653435349464417,
                    -0.22098813951015472
                ],
                [
                    -0.29279398918151855,
                    0.17315973341464996,
                    0.9403654932975769
                ]
            ]
        ],
        "betas": [
            0.07397954165935516,
            -0.027851134538650513,
            -0.0650629997253418,
            0.016617506742477417,
            -0.0077326297760009766,
            0.0067240893840789795,
            0.07407690584659576,
            -0.051357775926589966,
            0.019557595252990723,
            -0.07057985663414001
        ]
    },
    "pred_cam_t": [
        -0.044356439262628555,
        -0.04996078461408615,
        4.098562240600586
    ],
    "focal_length": [
        5000.0,
        5000.0
    ],
    "pred_keypoints_3d": [
        [
            0.09542898833751678,
            0.006344986613839865,
            0.00617633480578661
        ],
        [
            0.0869843065738678,
            0.01294747181236744,
            -0.030663859099149704
        ],
        [
            0.08002489805221558,
            0.03383176773786545,
            -0.052025023847818375
        ],
        [
            0.07125389575958252,
            0.055862586945295334,
            -0.06500959396362305
        ],
        [
            0.06376467645168304,
            0.07578223943710327,
            -0.09446482360363007
        ],
        [
            0.02975376695394516,
            0.03898301348090172,
            -0.04663953557610512
        ],
        [
            0.015346216037869453,
            0.06842119991779327,
            -0.050048623234033585
        ],
        [
            0.03186294436454773,
            0.0823945701122284,
            -0.054786041378974915
        ],
        [
            0.05589580908417702,
            0.08731546252965927,
            -0.0577271431684494
        ],
        [
            0.02105964720249176,
            0.053459279239177704,
            -0.028123050928115845
        ],
        [
            0.027914520353078842,
            0.08328226208686829,
            -0.036088019609451294
        ],
        [
            0.04983239248394966,
            0.0891156867146492,
            -0.040982574224472046
        ],
        [
            0.07401788234710693,
            0.08681240677833557,
            -0.0484880693256855
        ],
        [
            0.03157895803451538,
            0.06253150850534439,
            -0.00542792771011591
        ],
        [
            0.040782950818538666,
            0.08370048552751541,
            -0.022591613233089447
        ],
        [
            0.06393718719482422,
            0.0883108451962471,
            -0.029917152598500252
        ],
        [
            0.08732502907514572,
            0.08447585999965668,
            -0.03829342871904373
        ],
        [
            0.044570885598659515,
            0.06999850273132324,
            0.010301857255399227
        ],
        [
            0.049898963421583176,
            0.08283141255378723,
            -0.005490862764418125
        ],
        [
            0.06633102148771286,
            0.08413967490196228,
            -0.014688494615256786
        ],
        [
            0.08250215649604797,
            0.07806079089641571,
            -0.023700840771198273
        ]
    ],
    "pred_vertices": [
        [
            0.0669928789138794,
            0.0318315327167511,
            -0.032711297273635864
        ],
        [
            0.07638736069202423,
            0.028222139924764633,
            -0.02771783620119095
        ],
        [
            0.07444612681865692,
            0.03289662301540375,
            -0.034886740148067474
        ],
        [
            0.06504308432340622,
            0.0337260439991951,
            -0.04072028398513794
        ],
        [
            0.09601457417011261,
            0.030835632234811783,
            -0.031630486249923706
        ],
        [
            0.10271100699901581,
            0.023309962823987007,
            -0.03821003437042236
        ],
        [
            0.09539639949798584,
            0.034179579466581345,
            -0.04832099378108978
        ],
        [
            0.09188473969697952,
            0.039705727249383926,
            -0.040575481951236725
        ],
        [
            0.062449030578136444,
            0.03515121340751648,
            -0.04631366580724716
        ],
        [
            0.07286232709884644,
            0.03734690696001053,
            -0.04097135365009308
        ],
        [
            0.061250463128089905,
            0.03421296551823616,
            -0.04746813699603081
        ],
        [
            0.04773373156785965,
            0.026578327640891075,
            -0.050706759095191956
        ],
        [
            0.05173490196466446,
            0.031557582318782806,
            -0.049850791692733765
        ],
        [
            0.03874006122350693,
            0.026177655905485153,
            -0.05172879993915558
        ],
        [
            0.047237806022167206,
            0.016852304339408875,
            -0.04629497602581978
        ],
        [
            0.03287738561630249,
            0.02176210843026638,
            -0.045589689165353775
        ],
        [
            0.042659688740968704,
            0.014822304248809814,
            -0.018075231462717056
        ],
        [
            0.044287800788879395,
            0.02010999247431755,
            -0.005594009533524513
        ],
        [
            0.02978993020951748,
            0.029874203726649284,
            -0.01051143929362297
        ],
        [
            0.030530080199241638,
            0.023970667272806168,
            -0.023159006610512733
        ],
        [
            0.03944951295852661,
            0.03776957094669342,
            0.006437996402382851
        ],
        [
            0.03351496160030365,
            0.03392486274242401,
            -0.003151325508952141
        ],
        [
            0.047092828899621964,
            0.023288492113351822,
            0.0023655351251363754
        ],
        [
            0.05197567492723465,
            0.027277495712041855,
            0.010403089225292206
        ],
        [
            0.07139650732278824,
            0.03341495245695114,
            -0.018003107979893684
        ],
        [
            0.08044308423995972,
            0.029141409322619438,
            -0.013937821611762047
        ],
        [
            0.07833213359117508,
            0.027045533061027527,
            -0.018897635862231255
        ],
        [
            0.07008395344018936,
            0.031657055020332336,
            -0.023071013391017914
        ],
        [
            0.06592781841754913,
            0.03518042713403702,
            -0.05422639101743698
        ],
        [
            0.06372183561325073,
            0.02030327171087265,
            -0.05155572295188904
        ],
        [
            0.059817612171173096,
            0.02657998725771904,
            -0.04958532005548477
        ],
        [
            0.0668599084019661,
            0.03988659381866455,
            -0.0512147955596447
        ],
        [
            0.10592302680015564,
            0.02723085880279541,
            0.00016132742166519165
        ],
        [
            0.11184579133987427,
            0.01630594953894615,
            0.005467977374792099
        ],
        [
            0.11123184114694595,
            0.012815359979867935,
            0.000707428902387619
        ],
        [
            0.10558122396469116,
            0.02315732091665268,
            -0.002974091097712517
        ],
        [
            0.10899454355239868,
            0.009616389870643616,
            -0.021104471758008003
        ],
        [
            0.11070208251476288,
            0.0019476599991321564,
            -0.01392519474029541
        ],
        [
            0.10941698402166367,
            -0.010895568877458572,
            -0.01628907024860382
        ],
        [
            0.10544629395008087,
            -0.005141541361808777,
            -0.024700216948986053
        ],
        [
            0.10614839196205139,
            0.01674346625804901,
            -0.03004135563969612
        ],
        [
            0.10467101633548737,
            0.004387103021144867,
            -0.03485811501741409
        ],
        [
            0.10112816095352173,
            0.013789709657430649,
            -0.044121094048023224
        ],
        [
            0.09353962540626526,
            0.027422748506069183,
            -0.05422280728816986
        ],
        [
            0.1111970990896225,
            0.021616533398628235,
            0.017063874751329422
        ],
        [
            0.10719355940818787,
            0.030736558139324188,
            0.014687903225421906
        ],
        [
            0.02836875431239605,
            0.06491608172655106,
            -0.05556383728981018
        ],
        [
            0.030268868431448936,
            0.06696676462888718,
            -0.05007069185376167
        ],
        [
            0.030425971373915672,
            0.06529547274112701,
            -0.04995293170213699
        ],
        [
            0.02834615856409073,
            0.06382720172405243,
            -0.055362358689308167
        ],
        [
            0.09652619063854218,
            0.022605881094932556,
            0.03092898055911064
        ],
        [
            0.08945593237876892,
            0.016142919659614563,
            0.033826712518930435
        ],
        [
            0.09580034762620926,
            0.013546325266361237,
            0.03626660257577896
        ],
        [
            0.10267435759305954,
            0.018332626670598984,
            0.03210139274597168
        ],
        [
            0.08840156346559525,
            0.02820279449224472,
            0.02936434932053089
        ],
        [
            0.08095027506351471,
            0.019864913076162338,
            0.02982916869223118
        ],
        [
            0.016680961474776268,
            0.06967826187610626,
            -0.05823986232280731
        ],
        [
            0.021046379581093788,
            0.06742306798696518,
            -0.06003285571932793
        ],
        [
            0.018771521747112274,
            0.06441108137369156,
            -0.05896483734250069
        ],
        [
            0.014509199187159538,
            0.06544791907072067,
            -0.05602901056408882
        ],
        [
            0.0559123232960701,
            0.03431330621242523,
            -0.04542896896600723
        ],
        [
            0.05928422138094902,
            0.03591441735625267,
            -0.037283219397068024
        ],
        [
            0.04148511588573456,
            0.041735462844371796,
            -0.050136979669332504
        ],
        [
            0.04759442061185837,
            0.03940983861684799,
            -0.0438791960477829
        ],
        [
            0.04731583595275879,
            0.03497735783457756,
            -0.049267999827861786
        ],
        [
            0.04106805473566055,
            0.03687479719519615,
            -0.05349387973546982
        ],
        [
            0.053088393062353134,
            0.04606052115559578,
            -0.02175462618470192
        ],
        [
            0.062292855232954025,
            0.03994930908083916,
            -0.018296342343091965
        ],
        [
            0.06021854653954506,
            0.038082465529441833,
            -0.024294745177030563
        ],
        [
            0.050586357712745667,
            0.044469401240348816,
            -0.029860518872737885
        ],
        [
            0.06678071618080139,
            0.04715360701084137,
            -0.007029486820101738
        ],
        [
            0.05705558508634567,
            0.05214788764715195,
            -0.011062927544116974
        ],
        [
            0.06082523986697197,
            0.05542560666799545,
            -0.0041139498353004456
        ],
        [
            0.06765976548194885,
            0.0520789697766304,
            -0.0029821153730154037
        ],
        [
            0.040105774998664856,
            0.05777161940932274,
            -0.02053070440888405
        ],
        [
            0.03584391623735428,
            0.058760736137628555,
            -0.0226213987916708
        ],
        [
            0.037508703768253326,
            0.061161596328020096,
            -0.02031862549483776
        ],
        [
            0.041656844317913055,
            0.05918586254119873,
            -0.01735037937760353
        ],
        [
            0.1014135479927063,
            0.01000259444117546,
            0.03879222273826599
        ],
        [
            0.10817267745733261,
            0.013548903167247772,
            0.03269388899207115
        ],
        [
            0.05115528404712677,
            0.04821333661675453,
            0.021913565695285797
        ],
        [
            0.06133422255516052,
            0.05209948495030403,
            0.024678964167833328
        ],
        [
            0.05254499614238739,
            0.06200923025608063,
            0.021804489195346832
        ],
        [
            0.04253697395324707,
            0.05502486601471901,
            0.020191935822367668
        ],
        [
            0.08273659646511078,
            0.008980698883533478,
            0.030718544498085976
        ],
        [
            0.08857210725545883,
            0.006727628409862518,
            0.035405587404966354
        ],
        [
            0.01414522249251604,
            0.07233326137065887,
            -0.05306733399629593
        ],
        [
            0.012255063280463219,
            0.0678543671965599,
            -0.05073662847280502
        ],
        [
            0.09322868287563324,
            0.0023117996752262115,
            -0.04402966797351837
        ],
        [
            0.087473563849926,
            0.02011239528656006,
            -0.056811876595020294
        ],
        [
            0.09664216637611389,
            -0.008434690535068512,
            -0.031295306980609894
        ],
        [
            0.09810686111450195,
            -0.014564525336027145,
            -0.02106069028377533
        ],
        [
            0.10156568884849548,
            -0.019902657717466354,
            -0.014028515666723251
        ],
        [
            0.04518966004252434,
            0.043999362736940384,
            -0.040280476212501526
        ],
        [
            0.06275208294391632,
            0.03521819785237312,
            -0.02875548228621483
        ],
        [
            0.07283283025026321,
            0.035623908042907715,
            -0.0136270672082901
        ],
        [
            0.07987207919359207,
            0.05503968894481659,
            0.009116390720009804
        ],
        [
            0.08841763436794281,
            0.04976692795753479,
            0.011451015248894691
        ],
        [
            0.08465875685214996,
            0.04731675982475281,
            0.0017083808779716492
        ],
        [
            0.07753672450780869,
            0.052063602954149246,
            0.001973905600607395
        ],
        [
            0.06850440800189972,
            0.05841546878218651,
            0.021373461931943893
        ],
        [
            0.07098168134689331,
            0.06074061989784241,
            0.014064209535717964
        ],
        [
            0.06451449543237686,
            0.06489013880491257,
            0.012353748083114624
        ],
        [
            0.06072317063808441,
            0.06470665335655212,
            0.01900676265358925
        ],
        [
            0.06843815743923187,
            0.031664032489061356,
            -0.060213666409254074
        ],
        [
            0.06877432763576508,
            0.01567058265209198,
            -0.05407264828681946
        ],
        [
            0.10343195497989655,
            0.02740618586540222,
            0.02454129233956337
        ],
        [
            0.10843273252248764,
            0.021388012915849686,
            0.02437114343047142
        ],
        [
            0.11296184360980988,
            0.014553878456354141,
            0.02670617774128914
        ],
        [
            0.09362957626581192,
            0.02755938284099102,
            -0.008273875340819359
        ],
        [
            0.10543610155582428,
            0.020348042249679565,
            -0.0052511487156152725
        ],
        [
            0.10471989214420319,
            0.01858006790280342,
            -0.009255215525627136
        ],
        [
            0.09197333455085754,
            0.02508058398962021,
            -0.010453075170516968
        ],
        [
            0.08743960410356522,
            0.026738755404949188,
            -0.022823123261332512
        ],
        [
            0.09992831945419312,
            0.02292373590171337,
            -0.022304309532046318
        ],
        [
            0.08487994968891144,
            0.03431081026792526,
            -0.029664117842912674
        ],
        [
            0.1116492748260498,
            0.0071141719818115234,
            -0.005214951932430267
        ],
        [
            0.1177489310503006,
            0.005545571446418762,
            0.003866642713546753
        ],
        [
            0.11675676703453064,
            -0.0003313682973384857,
            -0.0027242451906204224
        ],
        [
            0.11756471544504166,
            0.01026543602347374,
            0.012419179081916809
        ],
        [
            0.11609814316034317,
            0.01372167095541954,
            0.02045844867825508
        ],
        [
            0.09293767809867859,
            0.0019954070448875427,
            0.040985822677612305
        ],
        [
            0.11428605020046234,
            -0.005831196904182434,
            -0.008413761854171753
        ],
        [
            0.08795908093452454,
            0.044773541390895844,
            -0.0476699098944664
        ],
        [
            0.08431152999401093,
            0.04934562370181084,
            -0.05375593155622482
        ],
        [
            0.07863389700651169,
            0.049714233726263046,
            -0.049047183245420456
        ],
        [
            0.08110952377319336,
            0.04530362784862518,
            -0.043285515159368515
        ],
        [
            0.029891690239310265,
            0.030422527343034744,
            -0.05334456264972687
        ],
        [
            0.0364905409514904,
            0.033985935151576996,
            -0.05545135214924812
        ],
        [
            0.0447145476937294,
            0.029891658574342728,
            -0.05258219316601753
        ],
        [
            0.09860089421272278,
            0.03620624914765358,
            0.0012098569422960281
        ],
        [
            0.10014495998620987,
            0.03887203708291054,
            0.013434916734695435
        ],
        [
            0.039199329912662506,
            0.045960329473018646,
            -0.04591432958841324
        ],
        [
            0.013369554653763771,
            0.061301425099372864,
            -0.055145278573036194
        ],
        [
            0.018066605553030968,
            0.06063862144947052,
            -0.05887230485677719
        ],
        [
            0.022723248228430748,
            0.04464950039982796,
            -0.05711694061756134
        ],
        [
            0.017163679003715515,
            0.04463520273566246,
            -0.052839428186416626
        ],
        [
            0.030961032956838608,
            0.05013076961040497,
            -0.040990039706230164
        ],
        [
            0.03626762330532074,
            0.0485556423664093,
            -0.04510326683521271
        ],
        [
            0.034636370837688446,
            0.04996898025274277,
            -0.04368632286787033
        ],
        [
            0.030993157997727394,
            0.05257052183151245,
            -0.03870595991611481
        ],
        [
            0.04257940500974655,
            0.0632641464471817,
            -0.012709960341453552
        ],
        [
            0.04623321443796158,
            0.06157713383436203,
            -0.010403787717223167
        ],
        [
            0.021644381806254387,
            0.03569637984037399,
            -0.029238343238830566
        ],
        [
            0.02069965749979019,
            0.0259653702378273,
            -0.038527246564626694
        ],
        [
            0.03073088452219963,
            0.019511491060256958,
            -0.034622400999069214
        ],
        [
            0.05568070709705353,
            0.048837047070264816,
            -0.015345625579357147
        ],
        [
            0.04761539399623871,
            0.05454178526997566,
            -0.017811551690101624
        ],
        [
            0.04884280636906624,
            0.0561872161924839,
            -0.014237519353628159
        ],
        [
            0.04218851402401924,
            0.047066785395145416,
            -0.03833121061325073
        ],
        [
            0.03672518581151962,
            0.04887541010975838,
            -0.041326120495796204
        ],
        [
            0.03745713829994202,
            0.049959007650613785,
            -0.03684023767709732
        ],
        [
            0.04338531941175461,
            0.04855112358927727,
            -0.033100925385951996
        ],
        [
            0.07074850797653198,
            0.043068889528512955,
            0.02750580385327339
        ],
        [
            0.07869990170001984,
            0.05093448609113693,
            0.023900996893644333
        ],
        [
            0.025175033137202263,
            0.06538259983062744,
            -0.059142861515283585
        ],
        [
            0.024061044678092003,
            0.06365818530321121,
            -0.05876320227980614
        ],
        [
            0.06469523161649704,
            0.042833659797906876,
            -0.01214941218495369
        ],
        [
            0.043253447860479355,
            0.012904524803161621,
            -0.029761936515569687
        ],
        [
            0.07457754015922546,
            0.03824511542916298,
            -0.009123418480157852
        ],
        [
            0.03379103168845177,
            0.05923609435558319,
            0.003712046891450882
        ],
        [
            0.03966351971030235,
            0.06509809195995331,
            0.0017937691882252693
        ],
        [
            0.03963048383593559,
            0.06771858036518097,
            -0.001630907878279686
        ],
        [
            0.03429023176431656,
            0.06592831015586853,
            -0.0013601090759038925
        ],
        [
            0.026284977793693542,
            0.06507620215415955,
            -0.03956887871026993
        ],
        [
            0.030202478170394897,
            0.06550562381744385,
            -0.04398883134126663
        ],
        [
            0.029535409063100815,
            0.06697757542133331,
            -0.043934550136327744
        ],
        [
            0.025289345532655716,
            0.06864898651838303,
            -0.04002955183386803
        ],
        [
            0.03764687478542328,
            0.046073127537965775,
            -0.05015413090586662
        ],
        [
            0.03661815822124481,
            0.04217183217406273,
            -0.05501331761479378
        ],
        [
            0.03415554016828537,
            0.04783446714282036,
            -0.05449178069829941
        ],
        [
            0.03507446125149727,
            0.04962926730513573,
            -0.04886692389845848
        ],
        [
            0.031417034566402435,
            0.0397421158850193,
            -0.05677065998315811
        ],
        [
            0.029002174735069275,
            0.04557096213102341,
            -0.05740905553102493
        ],
        [
            0.01987428031861782,
            0.06468896567821503,
            -0.03841618075966835
        ],
        [
            0.013495882041752338,
            0.0640779584646225,
            -0.042802587151527405
        ],
        [
            0.01720479503273964,
            0.04846262186765671,
            -0.03904769569635391
        ],
        [
            0.023452825844287872,
            0.052493199706077576,
            -0.03663598746061325
        ],
        [
            0.0623638778924942,
            0.016839630901813507,
            0.0151055958122015
        ],
        [
            0.06712960451841354,
            0.023205313831567764,
            0.022876303642988205
        ],
        [
            0.05667829141020775,
            0.033720195293426514,
            0.018613668158650398
        ],
        [
            0.04528994858264923,
            0.04420415312051773,
            0.015466876327991486
        ],
        [
            0.03541279956698418,
            0.05381312221288681,
            0.010914025828242302
        ],
        [
            0.02855001389980316,
            0.04671673849225044,
            0.0036506960168480873
        ],
        [
            0.061624616384506226,
            0.03748546168208122,
            0.02407911792397499
        ],
        [
            0.02576635032892227,
            0.047475993633270264,
            -0.03672606498003006
        ],
        [
            0.020126085728406906,
            0.03982606157660484,
            -0.03699764609336853
        ],
        [
            0.022102322429418564,
            0.04356728866696358,
            -0.03402045741677284
        ],
        [
            0.0771804004907608,
            0.043142735958099365,
            -0.004158133640885353
        ],
        [
            0.02353345789015293,
            0.061114028096199036,
            -0.05947747826576233
        ],
        [
            0.0828317403793335,
            -0.018213950097560883,
            -0.0024192817509174347
        ],
        [
            0.07987480610609055,
            -0.013617165386676788,
            0.010092072188854218
        ],
        [
            0.07454175502061844,
            -0.009284161031246185,
            0.004591342061758041
        ],
        [
            0.07837748527526855,
            -0.013750340789556503,
            -0.010159444063901901
        ],
        [
            0.03127700835466385,
            0.06461682170629501,
            -0.05106556415557861
        ],
        [
            0.029087476432323456,
            0.06252434104681015,
            -0.05670008435845375
        ],
        [
            0.04848486930131912,
            0.06566113233566284,
            -0.005983681418001652
        ],
        [
            0.04456522315740585,
            0.06672080606222153,
            -0.008419003337621689
        ],
        [
            0.044514916837215424,
            0.06811518967151642,
            -0.0055609820410609245
        ],
        [
            0.04853137955069542,
            0.0692351683974266,
            -0.0032584001310169697
        ],
        [
            0.07105371356010437,
            0.025815721601247787,
            0.026592416688799858
        ],
        [
            0.05169957876205444,
            0.07050509005784988,
            0.016594354063272476
        ],
        [
            0.04128805175423622,
            0.06355041265487671,
            0.015841646119952202
        ],
        [
            0.07583001255989075,
            0.013877272605895996,
            0.026306811720132828
        ],
        [
            0.07134324312210083,
            0.007933877408504486,
            0.02001684531569481
        ],
        [
            0.07783834636211395,
            0.0018640384078025818,
            0.024062026292085648
        ],
        [
            0.023662233725190163,
            0.045748528093099594,
            -0.010600877925753593
        ],
        [
            0.05808022618293762,
            0.013870209455490112,
            0.008195137605071068
        ],
        [
            0.06830881536006927,
            0.004993725568056107,
            0.013658782467246056
        ],
        [
            0.07592102140188217,
            -0.0023860447108745575,
            0.018201356753706932
        ],
        [
            0.08097703009843826,
            -0.007571808993816376,
            0.022323155775666237
        ],
        [
            0.08267027139663696,
            -0.0023131519556045532,
            0.02825009450316429
        ],
        [
            0.012111060321331024,
            0.06274954974651337,
            -0.04898616671562195
        ],
        [
            0.013310960493981838,
            0.07032722234725952,
            -0.04385798051953316
        ],
        [
            0.08704903721809387,
            -0.007681049406528473,
            0.034117382019758224
        ],
        [
            0.08545481413602829,
            -0.013096250593662262,
            0.02680964209139347
        ],
        [
            0.06604737788438797,
            0.001247938722372055,
            0.005587190389633179
        ],
        [
            0.0645471066236496,
            -0.002668391913175583,
            -0.005391746759414673
        ],
        [
            0.05640710890293121,
            0.010110374540090561,
            0.0005177333950996399
        ],
        [
            0.05394476652145386,
            0.006822776049375534,
            -0.010419683530926704
        ],
        [
            0.018657591193914413,
            0.03677494823932648,
            -0.015593970194458961
        ],
        [
            0.02570384182035923,
            0.08423730731010437,
            -0.04767664521932602
        ],
        [
            0.020101333037018776,
            0.07577112317085266,
            -0.042351651936769485
        ],
        [
            0.025250772014260292,
            0.0728876143693924,
            -0.041722215712070465
        ],
        [
            0.028776803985238075,
            0.08221506327390671,
            -0.04538683593273163
        ],
        [
            0.019582059234380722,
            0.06993632763624191,
            -0.03967857360839844
        ],
        [
            0.01563926227390766,
            0.07516071945428848,
            -0.04626331105828285
        ],
        [
            0.05569170042872429,
            0.004256635904312134,
            -0.025508450344204903
        ],
        [
            0.03254123032093048,
            0.05146519094705582,
            -0.03898033872246742
        ],
        [
            0.06970296800136566,
            -0.005272429436445236,
            -0.02360977977514267
        ],
        [
            0.056266412138938904,
            0.007994800806045532,
            -0.04253233224153519
        ],
        [
            0.06835727393627167,
            0.0027200207114219666,
            -0.04227718710899353
        ],
        [
            0.0853491798043251,
            -0.014309637248516083,
            -0.023087028414011
        ],
        [
            0.0822058767080307,
            -0.0052511803805828094,
            -0.038876309990882874
        ],
        [
            0.09329022467136383,
            -0.023097258061170578,
            -0.007370583713054657
        ],
        [
            0.08834745734930038,
            -0.018523219972848892,
            -0.013750623911619186
        ],
        [
            0.07963986694812775,
