{
    "pred_cam": [
        10.241971969604492,
        0.04375280439853668,
        -0.04518871009349823
    ],
    "pred_mano_params": {
        "global_orient": [
            [
                [
                    0.8235434889793396,
                    -0.5519331693649292,
                    0.13094225525856018
                ],
                [
                    -0.35745900869369507,
                    -0.6841830015182495,
                    -0.6357017755508423
                ],
                [
                    0.44045335054397583,
                    0.4767215847969055,
                    -0.7607479691505432
                ]
            ]
        ],
        "hand_pose": [
            [
                [
                    0.8057973980903625,
                    -0.3994031846523285,
                    -0.4372271001338959
                ],
                [
                    0.3335919678211212,
                    0.9161766171455383,
                    -0.22211870551109314
                ],
                [
                    0.4892922043800354,
                    0.033127229660749435,
                    0.8714904189109802
                ]
            ],
            [
                [
                    0.3885466456413269,
                    -0.8655479550361633,
                    0.31600359082221985
                ],
                [
                    0.9213683605194092,
                    0.36102432012557983,
                    -0.14401984214782715
                ],
                [
                    0.01057109609246254,
                    0.3471141755580902,
                    0.9377632737159729
                ]
            ],
            [
                [
                    0.7756199836730957,
                    -0.6279743313789368,
                    0.06373205780982971
                ],
                [
                    0.6237530708312988,
                    0.7780162692070007,
                    0.07498510181903839
                ],
                [
                    -0.09667330980300903,
                    -0.018406881019473076,
                    0.9951459169387817
                ]
            ],
            [
                [
                    0.4541630446910858,
                    -0.8312283754348755,
                    -0.320617139339447
                ],
                [
                    0.856987476348877,
                    0.5059680342674255,
                    -0.09782058745622635
                ],
                [
                    0.24353326857089996,
                    -0.23033836483955383,
                    0.9421443343162537
                ]
            ],
            [
                [
                    0.5602743625640869,
                    -0.8092851638793945,
                    -0.1764940619468689
                ],
                [
                    0.8233543038368225,
                    0.5208680629730225,
                    0.22535349428653717
                ],
                [
                    -0.0904451236128807,
                    -0.2715769410133362,
                    0.958157479763031
                ]
            ],
            [
                [
                    0.833064079284668,
                    -0.5484281182289124,
                    0.07232446223497391
                ],
                [
                    0.5489444136619568,
                    0.8357362747192383,
                    0.014315562322735786
                ],
                [
                    -0.06829523295164108,
                    0.027776330709457397,
                    0.9972784519195557
                ]
            ],
            [
                [
                    0.5129884481430054,
                    -0.8256180286407471,
                    0.2349422574043274
                ],
                [
                    0.5136096477508545,
                    0.5145195722579956,
                    0.6866403222084045
                ],
                [
                    -0.6877849102020264,
                    -0.23156990110874176,
                    0.6879879832267761
                ]
            ],
            [
                [
                    0.7200057506561279,
                    -0.6522694230079651,
                    -0.23693089187145233
                ],
                [
                    0.6541423797607422,
                    0.5239100456237793,
                    0.5455419421195984
                ],
                [
                    -0.23170988261699677,
                    -0.5477798581123352,
                    0.8038952946662903
                ]
            ],
            [
                [
                    0.8791412115097046,
                    -0.4603523910045624,
                    0.12323345988988876
                ],
                [
                    0.38287097215652466,
                    0.8362545967102051,
                    0.3925406038761139
                ],
                [
                    -0.28376153111457825,
                    -0.29791608452796936,
                    0.911441445350647
                ]
            ],
            [
                [
                    0.4804851710796356,
                    -0.8768689036369324,
                    0.015329523012042046
                ],
                [
                    0.8686103224754333,
                    0.4782268702983856,
                    0.12967324256896973
                ],
                [
                    -0.12103741616010666,
                    -0.04899069294333458,
                    0.9914382696151733
                ]
            ],
            [
                [
                    0.6524295210838318,
                    -0.7393566966056824,
                    -0.1663954108953476
                ],
                [
                    0.7042131423950195,
                    0.51032954454422,
                    0.4936067759990692
                ],
                [
                    -0.28003495931625366,
                    -0.43922144174575806,
                    0.8536187410354614
                ]
            ],
            [
                [
                    0.7867746949195862,
                    -0.6170060634613037,
                    0.017002159729599953
                ],
                [
                    0.5993117094039917,
                    0.7702226638793945,
                    0.21813425421714783
                ],
                [
                    -0.14768560230731964,
                    -0.1614329218864441,
                    0.9757706522941589
                ]
            ],
            [
                [
                    0.976115345954895,
                    -0.13978372514247894,
                    -0.16631092131137848
                ],
                [
                    -0.07648986577987671,
                    0.4953809380531311,
                    -0.8653017282485962
                ],
                [
                    0.20334234833717346,
                    0.8573554158210754,
                    0.47285690903663635
                ]
            ],
            [
                [
                    0.9055452346801758,
                    -0.35112419724464417,
                    -0.23811668157577515
                ],
                [
                    0.4238690435886383,
                    0.772558331489563,
                    0.4727458953857422
                ],
                [
                    0.017966484650969505,
                    -0.5290231108665466,
                    0.8484172224998474
                ]
            ],
            [
                [
                    0.962623655796051,
                    0.17659340798854828,
                    0.20535457134246826
                ],
                [
                    -0.12595713138580322,
                    0.9631158113479614,
                    -0.23778697848320007
                ],
                [
                    -0.23977188766002655,
                    0.20303349196910858,
                    0.949361264705658
                ]
            ]
        ],
        "betas": [
            0.07296721637248993,
            -0.03575292229652405,
            -0.0647936761379242,
            0.024070948362350464,
            -0.026546180248260498,
            -0.004291575402021408,
            0.06724090874195099,
            -0.055082231760025024,
            0.03585164248943329,
            -0.04814442992210388
        ]
    },
    "pred_cam_t": [
        -0.04375280439853668,
        -0.04518871009349823,
        3.813962697982788
    ],
    "focal_length": [
        5000.0,
        5000.0
    ],
    "pred_keypoints_3d": [
        [
            0.09541340172290802,
            0.0063436515629291534,
            0.006179052405059338
        ],
        [
            0.08753099292516708,
            0.00918314978480339,
            -0.031249482184648514
        ],
        [
            0.07968179881572723,
            0.025150487199425697,
            -0.05623568594455719
        ],
        [
            0.06859199702739716,
            0.04513442516326904,
            -0.07067735493183136
        ],
        [
            0.058021798729896545,
            0.06361088156700134,
            -0.10002867132425308
        ],
        [
            0.02861969918012619,
            0.028264904394745827,
            -0.05057376250624657
        ],
        [
            0.007251162081956863,
            0.05267235264182091,
            -0.056356534361839294
        ],
        [
            0.02055773325264454,
            0.0695938989520073,
            -0.06159333884716034
        ],
        [
            0.04383699595928192,
            0.07757313549518585,
            -0.06299552321434021
        ],
        [
            0.018056489527225494,
            0.04326731711626053,
            -0.033511608839035034
        ],
        [
            0.018770752474665642,
            0.07384268939495087,
            -0.041558705270290375
        ],
        [
            0.03984934836626053,
            0.08244986832141876,
            -0.04606908932328224
        ],
        [
            0.06462934613227844,
            0.08189752697944641,
            -0.05162344127893448
        ],
        [
            0.026991046965122223,
            0.05507264658808708,
            -0.011400709860026836
        ],
        [
            0.02738887444138527,
            0.07821643352508545,
            -0.028472766280174255
        ],
        [
            0.04968024790287018,
            0.08608883619308472,
            -0.03570554032921791
        ],
        [
            0.07391788065433502,
            0.0822550430893898,
            -0.040818631649017334
        ],
        [
            0.03873342275619507,
            0.0649639442563057,
            0.003958958201110363
        ],
        [
            0.03901377692818642,
            0.07895485311746597,
            -0.011757287196815014
        ],
        [
            0.05522146448493004,
            0.08251148462295532,
            -0.02077144756913185
        ],
        [
            0.07182900607585907,
            0.07640064507722855,
            -0.026887807995080948
        ]
    ],
    "pred_vertices": [
        [
            0.0659676343202591,
            0.02582268789410591,
            -0.03558319807052612
        ],
        [
            0.07546841353178024,
            0.02370729111135006,
            -0.03039427474141121
        ],
        [
            0.07342364639043808,
            0.02714383229613304,
            -0.03869488090276718
        ],
        [
            0.06415557116270065,
            0.026693008840084076,
            -0.04413416609168053
        ],
        [
            0.09505128860473633,
            0.026948506012558937,
            -0.03495360165834427
        ],
        [
            0.10263538360595703,
            0.019163090735673904,
            -0.040374767035245895
        ],
        [
            0.09476456791162491,
            0.02767607942223549,
            -0.052396826446056366
        ],
        [
            0.09061448276042938,
            0.033836688846349716,
            -0.04538467526435852
        ],
        [
            0.06175897270441055,
            0.02696346864104271,
            -0.050220418721437454
        ],
        [
            0.07180455327033997,
            0.03035847656428814,
            -0.04554536193609238
        ],
        [
            0.06089606136083603,
            0.025199905037879944,
            -0.05132337659597397
        ],
        [
            0.04804089665412903,
            0.016808975487947464,
            -0.053660109639167786
        ],
        [
            0.051446154713630676,
            0.022414565086364746,
            -0.05314028635621071
        ],
        [
            0.03911696374416351,
            0.015771441161632538,
            -0.054655034095048904
        ],
        [
            0.04837743192911148,
            0.007434545084834099,
            -0.04826757684350014
        ],
        [
            0.03381645306944847,
            0.011304058134555817,
            -0.04806453734636307
        ],
        [
            0.04302942007780075,
            0.007781149819493294,
            -0.01980522833764553
        ],
        [
            0.04379667714238167,
            0.01419433206319809,
            -0.00779690220952034
        ],
        [
            0.028927229344844818,
            0.02202569507062435,
            -0.013878356665372849
        ],
        [
            0.030506588518619537,
            0.015262771397829056,
            -0.025943033397197723
        ],
        [
            0.03746626526117325,
            0.03202539309859276,
            0.002518482506275177
        ],
        [
            0.032064080238342285,
            0.026915408670902252,
            -0.0067796409130096436
        ],
        [
            0.04607902467250824,
            0.01822260022163391,
            -8.031725883483887e-05
        ],
        [
            0.050377942621707916,
            0.023271169513463974,
            0.0076846107840538025
        ],
        [
            0.06973916292190552,
            0.028981920331716537,
            -0.02068394236266613
        ],
        [
            0.07899019867181778,
            0.02602628618478775,
            -0.016039395704865456
        ],
        [
            0.07722395658493042,
            0.023499656468629837,
            -0.020957322791218758
        ],
        [
            0.06875239312648773,
            0.026748431846499443,
            -0.02566991001367569
        ],
        [
            0.06558043509721756,
            0.02528432384133339,
            -0.05812498927116394
        ],
        [
            0.06466271728277206,
            0.011069804430007935,
            -0.05391160026192665
        ],
        [
            0.06023353710770607,
            0.017209811136126518,
            -0.05263505503535271
        ],
        [
            0.06613624095916748,
            0.030290333554148674,
            -0.055612705647945404
        ],
        [
            0.10407918691635132,
            0.027566300705075264,
            -0.0012872666120529175
        ],
        [
            0.1108461543917656,
            0.017727823927998543,
            0.005010686814785004
        ],
        [
            0.11070100218057632,
            0.013848699629306793,
            0.000550687313079834
        ],
        [
            0.10419397801160812,
            0.02330092526972294,
            -0.004041008651256561
        ],
        [
            0.10947056114673615,
            0.008544361218810081,
            -0.02100497856736183
        ],
        [
            0.11161570996046066,
            0.0018081534653902054,
            -0.013035845011472702
        ],
        [
            0.11164016276597977,
            -0.011398034170269966,
            -0.014345478266477585
        ],
        [
            0.10738742351531982,
            -0.007026202976703644,
            -0.023230578750371933
        ],
        [
            0.10632884502410889,
            0.014301877468824387,
            -0.031021088361740112
        ],
        [
            0.10615274310112,
            0.0011571329087018967,
            -0.03439789265394211
        ],
        [
            0.10209303349256516,
            0.008757010102272034,
            -0.04511868953704834
        ],
        [
            0.09363904595375061,
            0.0200988557189703,
            -0.057544462382793427
        ],
        [
            0.10936921834945679,
            0.02386445552110672,
            0.016112593933939934
        ],
        [
            0.10459716618061066,
            0.032307565212249756,
            0.012916259467601776
        ],
        [
            0.02101203054189682,
            0.051804617047309875,
            -0.061479613184928894
        ],
        [
            0.022207094356417656,
            0.05455250293016434,
            -0.0560477077960968
        ],
        [
            0.02269544079899788,
            0.05313494801521301,
            -0.05609547346830368
        ],
        [
            0.021179473027586937,
            0.05085814744234085,
            -0.06135423481464386
        ],
        [
            0.09428445994853973,
            0.024543732404708862,
            0.029509620741009712
        ],
        [
            0.08775012940168381,
            0.017696112394332886,
            0.0327971950173378
        ],
        [
            0.09423162043094635,
            0.01594015210866928,
            0.035581231117248535
        ],
        [
            0.10075542330741882,
            0.02100210264325142,
            0.031173449009656906
        ],
        [
            0.08574734628200531,
            0.029185853898525238,
            0.02725689299404621
        ],
        [
            0.07907652109861374,
            0.02024480700492859,
            0.028294922783970833
        ],
        [
            0.008625345304608345,
            0.053632963448762894,
            -0.06455215066671371
        ],
        [
            0.01345046702772379,
            0.05232355371117592,
            -0.06618823111057281
        ],
        [
            0.01186566986143589,
            0.04895792156457901,
            -0.06494852900505066
        ],
        [
            0.0073738135397434235,
            0.049107834696769714,
            -0.06204700469970703
        ],
        [
            0.05512720346450806,
            0.02612423151731491,
            -0.048717789351940155
        ],
        [
            0.05806027725338936,
            0.028776323422789574,
            -0.04050799086689949
        ],
        [
            0.0396123006939888,
            0.03236695006489754,
            -0.05430101230740547
        ],
        [
            0.046271927654743195,
            0.030738700181245804,
            -0.04760054126381874
        ],
        [
            0.046584516763687134,
            0.02587815746665001,
            -0.052724212408065796
        ],
        [
            0.03987996280193329,
            0.026984920725226402,
            -0.057270411401987076
        ],
        [
            0.05044694244861603,
            0.03956438973546028,
            -0.025914814323186874
        ],
        [
            0.060082271695137024,
            0.034599341452121735,
            -0.021735528483986855
        ],
        [
            0.05837476998567581,
            0.032066766172647476,
            -0.02760893478989601
        ],
        [
            0.04834079369902611,
            0.03709644079208374,
            -0.03391612693667412
        ],
        [
            0.06350007653236389,
            0.04311095550656319,
            -0.011009586974978447
        ],
        [
            0.05347416549921036,
            0.04691925644874573,
            -0.01571768894791603
        ],
        [
            0.05664204806089401,
            0.05116259306669235,
            -0.00900555681437254
        ],
        [
            0.06376223266124725,
            0.04844769462943077,
            -0.0073829106986522675
        ],
        [
            0.036296673119068146,
            0.05022720620036125,
            -0.02608777955174446
        ],
        [
            0.03164944052696228,
            0.050968531519174576,
            -0.02832610346376896
        ],
        [
            0.03255941718816757,
            0.054638128727674484,
            -0.026574676856398582
        ],
        [
            0.03753198683261871,
            0.052221499383449554,
            -0.023028897121548653
        ],
        [
            0.10006353259086609,
            0.013173948973417282,
            0.03850824013352394
        ],
        [
            0.10663850605487823,
            0.01683787629008293,
            0.032274410128593445
        ],
        [
            0.04755892604589462,
            0.044772855937480927,
            0.01719571463763714
        ],
        [
            0.057048480957746506,
            0.050041891634464264,
            0.019848737865686417
        ],
        [
            0.04735259711742401,
            0.05878603458404541,
            0.01630399376153946
        ],
        [
            0.03870776295661926,
            0.05051035434007645,
            0.014870183542370796
        ],
        [
            0.08181163668632507,
            0.009692549705505371,
            0.030152317136526108
        ],
        [
            0.0876861959695816,
            0.008408840745687485,
            0.03513959050178528
        ],
        [
            0.005339955445379019,
            0.05590815842151642,
            -0.059535544365644455
        ],
        [
            0.004464274737983942,
            0.05122033506631851,
            -0.05688208341598511
        ],
        [
            0.09530717134475708,
            -0.0031914617866277695,
            -0.04358961433172226
        ],
        [
            0.08829857409000397,
            0.01208132691681385,
            -0.0591612309217453
        ],
        [
            0.09918533265590668,
            -0.011798655614256859,
            -0.029485255479812622
        ],
        [
            0.10090330243110657,
            -0.016593514010310173,
            -0.01881140097975731
        ],
        [
            0.10464245080947876,
            -0.020876815542578697,
            -0.01143757626414299
        ],
        [
            0.043288107961416245,
            0.03549634665250778,
            -0.044460419565439224
        ],
        [
            0.06130986660718918,
            0.029103703796863556,
            -0.03179918974637985
        ],
        [
            0.07082188129425049,
            0.03164701536297798,
            -0.016458602622151375
        ],
        [
            0.07530921697616577,
            0.05347761884331703,
            0.004658017307519913
        ],
        [
            0.08427777886390686,
            0.04916972294449806,
            0.007636839523911476
        ],
        [
            0.08101733773946762,
            0.04560699313879013,
            -0.0019064974039793015
        ],
        [
            0.07344956696033478,
            0.04972492903470993,
            -0.0022185370326042175
        ],
        [
            0.06348644196987152,
            0.05678863823413849,
            0.016198785975575447
        ],
        [
            0.06575195491313934,
            0.058825697749853134,
            0.008784189820289612
        ],
        [
            0.058650851249694824,
            0.06246093660593033,
            0.006572633981704712
        ],
        [
            0.05503847822546959,
            0.06227251514792442,
            0.013234185054898262
        ],
        [
            0.06826852262020111,
            0.02137381210923195,
            -0.06379372626543045
        ],
        [
            0.0700683742761612,
            0.006530554965138435,
            -0.05591334402561188
        ],
        [
            0.10089641809463501,
            0.029442328959703445,
            0.022904567420482635
        ],
        [
            0.10642804950475693,
            0.02395327389240265,
            0.02334306575357914
        ],
        [
            0.11148801445960999,
            0.017808061093091965,
            0.02633112296462059
        ],
        [
            0.09206119179725647,
            0.026191098615527153,
            -0.009923012927174568
        ],
        [
            0.104372039437294,
            0.02037494070827961,
            -0.0060459524393081665
        ],
        [
            0.1039566770195961,
            0.0183138158172369,
            -0.009894095361232758
        ],
        [
            0.09070417284965515,
            0.023553380742669106,
            -0.011919450014829636
        ],
        [
            0.08644755184650421,
            0.023841617628932,
            -0.02541542984545231
        ],
        [
            0.09922205656766891,
            0.021077757701277733,
            -0.024040263146162033
        ],
        [
            0.0835396870970726,
            0.029859472066164017,
            -0.0338064469397068
        ],
        [
            0.11183911561965942,
            0.007782826200127602,
            -0.004833132028579712
        ],
        [
            0.11778608709573746,
            0.00752471387386322,
            0.0044184960424900055
        ],
        [
            0.117558553814888,
            0.0010683871805667877,
            -0.0016723759472370148
        ],
        [
            0.11689764261245728,
            0.012860637158155441,
            0.012551184743642807
        ],
        [
            0.11486896872520447,
            0.016784965991973877,
            0.020247889682650566
        ],
        [
            0.09229936450719833,
            0.00459197536110878,
            0.0411754809319973
        ],
        [
            0.11577307432889938,
            -0.005123905837535858,
            -0.006911579519510269
        ],
        [
            0.0865401029586792,
            0.037456102669239044,
            -0.05317120626568794
        ],
        [
            0.08249935507774353,
            0.04089893028140068,
            -0.05936617776751518
        ],
        [
            0.07695351541042328,
            0.04118606448173523,
            -0.054578665643930435
        ],
        [
            0.07969558238983154,
            0.037791766226291656,
            -0.048849981278181076
        ],
        [
            0.029586613178253174,
            0.01872708648443222,
            -0.056612372398376465
        ],
        [
            0.03560629114508629,
            0.023170433938503265,
            -0.05902031809091568
        ],
        [
            0.04463052377104759,
            0.02011299878358841,
            -0.05576594918966293
        ],
        [
            0.09593319892883301,
            0.03582947701215744,
            -0.001155192032456398
        ],
        [
            0.09687205404043198,
            0.039596546441316605,
            0.010830787941813469
        ],
        [
            0.03655564785003662,
            0.03673193231225014,
            -0.05049867928028107
        ],
        [
            0.007073710672557354,
            0.04499270021915436,
            -0.06086093559861183
        ],
        [
            0.011835237964987755,
            0.04516961798071861,
            -0.06463122367858887
        ],
        [
            0.019426563754677773,
            0.031198663637042046,
            -0.06134694069623947
        ],
        [
            0.014060300774872303,
            0.030342737212777138,
            -0.05700581520795822
        ],
        [
            0.027127090841531754,
            0.040129467844963074,
            -0.046137578785419464
        ],
        [
            0.03240989148616791,
            0.03906337916851044,
            -0.05006346106529236
        ],
        [
            0.030131831765174866,
            0.04027362912893295,
            -0.04885067790746689
        ],
        [
            0.026003509759902954,
            0.04247845709323883,
            -0.04412301257252693
        ],
        [
            0.037147752940654755,
            0.05797923728823662,
            -0.01918247528374195
        ],
        [
            0.04160561412572861,
            0.0557049959897995,
            -0.016229042783379555
        ],
        [
            0.02066933549940586,
            0.025447258725762367,
            -0.03324337676167488
        ],
        [
            0.021411729976534843,
            0.014733340591192245,
            -0.041524797677993774
        ],
        [
            0.031584955751895905,
            0.009961787611246109,
            -0.03689747303724289
        ],
        [
            0.05256744474172592,
            0.04310867562890053,
            -0.01971397176384926
        ],
        [
            0.044047676026821136,
            0.047890063375234604,
            -0.02286800555884838
        ],
        [
            0.044958896934986115,
            0.049997128546237946,
            -0.019427930936217308
        ],
        [
            0.03986810892820358,
            0.038391921669244766,
            -0.04284512996673584
        ],
        [
            0.03387193754315376,
            0.03963713347911835,
            -0.04617544636130333
        ],
        [
            0.03482982888817787,
            0.04087935388088226,
            -0.041723474860191345
        ],
        [
            0.040831126272678375,
            0.04023827984929085,
            -0.037675753235816956
        ],
        [
            0.06704535335302353,
            0.04213403910398483,
            0.02366398274898529
        ],
        [
            0.0742301344871521,
            0.050435613840818405,
            0.01962876319885254
        ],
        [
            0.01790626533329487,
            0.0513371042907238,
            -0.06512763351202011
        ],
        [
            0.01716724969446659,
            0.04948015511035919,
            -0.0647364929318428
        ],
        [
            0.06199965626001358,
            0.03819887712597847,
            -0.015791023150086403
        ],
        [
            0.044205084443092346,
            0.00488593615591526,
            -0.03125865012407303
        ],
        [
            0.07216598838567734,
            0.034770701080560684,
            -0.012142125517129898
        ],
        [
            0.029101774096488953,
            0.05229303613305092,
            -0.0015982892364263535
        ],
        [
            0.03383972495794296,
            0.058970317244529724,
            -0.0038645369932055473
        ],
        [
            0.032639678567647934,
            0.06181372329592705,
            -0.007723808288574219
        ],
        [
            0.027560565620660782,
            0.058954473584890366,
            -0.007113944739103317
        ],
        [
            0.018608497455716133,
            0.053079113364219666,
            -0.04580109566450119
        ],
        [
            0.022293636575341225,
            0.05405031517148018,
            -0.050343625247478485
        ],
        [
            0.0213454682379961,
            0.05496518313884735,
            -0.05018732696771622
        ],
        [
            0.016823623329401016,
            0.05589420348405838,
            -0.046316105872392654
        ],
        [
            0.03414301946759224,
            0.03634610027074814,
            -0.054853785783052444
        ],
        [
            0.033900752663612366,
            0.03167716786265373,
            -0.05926995724439621
        ],
        [
            0.029928894713521004,
            0.036968816071748734,
            -0.05929756909608841
        ],
        [
            0.0305221825838089,
            0.0394752211868763,
            -0.053948432207107544
        ],
        [
            0.02899881638586521,
            0.028143567964434624,
            -0.06074138730764389
        ],
        [
            0.025350064039230347,
            0.03340882807970047,
            -0.06187034025788307
        ],
        [
            0.012477480806410313,
            0.051246389746665955,
            -0.044482696801424026
        ],
        [
            0.006427875719964504,
            0.04874468222260475,
            -0.048725295811891556
        ],
        [
            0.013379707932472229,
            0.03539155796170235,
            -0.04373616352677345
        ],
        [
            0.018639523535966873,
            0.04083625599741936,
            -0.04190850257873535
        ],
        [
            0.06138503551483154,
            0.01430106908082962,
            0.013470876961946487
        ],
        [
            0.06531089544296265,
            0.021689876914024353,
            0.020776670426130295
        ],
        [
            0.05426093190908432,
            0.03077194094657898,
            0.015385057777166367
        ],
        [
            0.042393967509269714,
            0.0396849662065506,
            0.011121977120637894
        ],
        [
            0.03197759389877319,
            0.04780668392777443,
            0.005688903853297234
        ],
        [
            0.026072632521390915,
            0.03939279168844223,
            -0.0010937973856925964
        ],
        [
            0.058624960482120514,
            0.03540649637579918,
            0.020591571927070618
        ],
        [
            0.0231316015124321,
            0.03763052821159363,
            -0.04171810671687126
        ],
        [
            0.018516551703214645,
            0.028314607217907906,
            -0.0412115752696991
        ],
        [
            0.020103424787521362,
            0.03324049338698387,
            -0.03871218487620354
        ],
        [
            0.07414213567972183,
            0.040281444787979126,
            -0.007556024938821793
        ],
        [
            0.01699713245034218,
            0.046861279755830765,
            -0.06532733887434006
        ],
        [
            0.08548746258020401,
            -0.019940216094255447,
            -0.0005176067352294922
        ],
        [
            0.08170624077320099,
            -0.014638558030128479,
            0.011410664767026901
        ],
        [
            0.07617007195949554,
            -0.011286795139312744,
            0.005472145974636078
        ],
        [
            0.08088155090808868,
            -0.016591539606451988,
            -0.008584536612033844
        ],
        [
            0.023582149296998978,
            0.052838608622550964,
            -0.05736597254872322
        ],
        [
            0.021993836387991905,
            0.049764908850193024,
            -0.06275581568479538
        ],
        [
            0.042848922312259674,
            0.06035679951310158,
            -0.01190941222012043
        ],
        [
            0.03831998258829117,
            0.06167682632803917,
            -0.014862596988677979
        ],
        [
            0.03719610720872879,
            0.06342063844203949,
            -0.011970581486821175
        ],
        [
            0.0419323667883873,
            0.0645776018500328,
            -0.009484514594078064
        ],
        [
            0.06885387748479843,
            0.024935882538557053,
            0.024324307218194008
        ],
        [
            0.04474899172782898,
            0.06653183698654175,
            0.010878309607505798
        ],
        [
            0.036036066710948944,
            0.0583101250231266,
            0.010574936866760254
        ],
        [
            0.0746413916349411,
            0.01353086531162262,
            0.025197597220540047
        ],
        [
            0.07091570645570755,
            0.006708256900310516,
            0.019324293360114098
        ],
        [
            0.07779266685247421,
            0.0016317479312419891,
            0.024005623534321785
        ],
        [
            0.02100585773587227,
            0.03691545128822327,
            -0.015321671962738037
        ],
        [
            0.057597219944000244,
            0.01039934903383255,
            0.0067459940910339355
        ],
        [
            0.0683678612112999,
            0.0030011385679244995,
            0.013160832226276398
        ],
        [
            0.07646293193101883,
            -0.00323423370718956,
            0.018471218645572662
        ],
        [
            0.08184166252613068,
            -0.007569044828414917,
            0.02311565726995468
        ],
        [
            0.08285846561193466,
            -0.001709476113319397,
            0.02862592227756977
        ],
        [
            0.005467338487505913,
            0.04656526446342468,
            -0.054799940437078476
        ],
        [
            0.004842055961489677,
            0.054441653192043304,
            -0.050191015005111694
        ],
        [
            0.0875382050871849,
            -0.006138298660516739,
            0.035001590847969055
        ],
        [
            0.0866742730140686,
            -0.012254543602466583,
            0.028133932501077652
        ],
        [
            0.06671077013015747,
            -0.0015676356852054596,
            0.00537547841668129
        ],
        [
            0.06593096256256104,
            -0.006484702229499817,
            -0.005179140716791153
        ],
        [
            0.05649483948945999,
            0.005907531827688217,
            -0.0006162784993648529
        ],
        [
            0.0546858012676239,
            0.001539282500743866,
            -0.011262606829404831
        ],
        [
            0.017424259334802628,
            0.027182066813111305,
            -0.01977384276688099
        ],
        [
            0.013924263417720795,
            0.07050251960754395,
            -0.05469627305865288
        ],
        [
            0.010137262754142284,
            0.06141657382249832,
            -0.04902997612953186
        ],
        [
            0.0157536081969738,
            0.05975111573934555,
            -0.04810434952378273
        ],
        [
            0.017211541533470154,
            0.06922666728496552,
            -0.05217636749148369
        ],
        [
            0.01101430132985115,
            0.055830713361501694,
            -0.046001311391592026
        ],
        [
            0.006035217549651861,
            0.05956990271806717,
            -0.05291521176695824
        ],
        [
            0.057168226689100266,
            -0.0022066235542297363,
            -0.02594497613608837
        ],
        [
            0.029574697837233543,
            0.04219503328204155,
            -0.04412425681948662
        ],
        [
            0.07192191481590271,
            -0.010254770517349243,
            -0.022747695446014404
        ],
        [
            0.05802907049655914,
            -0.00034237466752529144,
            -0.04342047870159149
        ],
        [
            0.07051254063844681,
            -0.004556920379400253,
            -0.04233444109559059
        ],
        [
            0.08822475373744965,
            -0.017770780250430107,
            -0.02097971737384796
        ],
        [
            0.08483199775218964,
            -0.010906673967838287,
            -0.037620995193719864
        ],
        [
            0.09649622440338135,
            -0.024227779358625412,
            -0.004769064486026764
        ],
        [
            0.0913393422961235,
            -0.0207471065223217,
            -0.011474240571260452
        ],
        [
