{
    "pred_cam": [
        6.624536514282227,
        0.15021643042564392,
        -0.06046486645936966
    ],
    "pred_mano_params": {
        "global_orient": [
            [
                [
                    -0.8467561602592468,
                    0.08408143371343613,
                    0.5252946019172668
                ],
                [
                    -0.4815021753311157,
                    -0.5409644246101379,
                    -0.6895747184753418
                ],
                [
                    0.22618526220321655,
                    -0.8368320465087891,
                    0.4985503554344177
                ]
            ]
        ],
        "hand_pose": [
            [
                [
                    0.7583341002464294,
                    -0.5609145760536194,
                    -0.3321206569671631
                ],
                [
                    0.6010106801986694,
                    0.7989093065261841,
                    0.023025138303637505
                ],
                [
                    0.252419114112854,
                    -0.2170688360929489,
                    0.9429557919502258
                ]
            ],
            [
                [
                    0.8181648254394531,
                    -0.542141318321228,
                    0.19154411554336548
                ],
                [
                    0.5748149156570435,
                    0.7792788147926331,
                    -0.24962447583675385
                ],
                [
                    -0.013934539631009102,
                    0.314336359500885,
                    0.9492093920707703
                ]
            ],
            [
                [
                    0.9013627171516418,
                    -0.35355502367019653,
                    0.25008800625801086
                ],
                [
                    0.31694644689559937,
                    0.9320873618125916,
                    0.17537999153137207
                ],
                [
                    -0.2951103448867798,
                    -0.0788164883852005,
                    0.9522067904472351
                ]
            ],
            [
                [
                    0.7677932977676392,
                    -0.6296402812004089,
                    -0.11851838231086731
                ],
                [
                    0.6405493021011353,
                    0.7503876090049744,
                    0.16314132511615753
                ],
                [
                    -0.013785621151328087,
                    -0.20117567479610443,
                    0.979458212852478
                ]
            ],
            [
                [
                    0.7781493067741394,
                    -0.6022940278053284,
                    -0.17811687290668488
                ],
                [
                    0.627168595790863,
                    0.7298547029495239,
                    0.2719773054122925
                ],
                [
                    -0.03381086140871048,
                    -0.3233482837677002,
                    0.9456758499145508
                ]
            ],
            [
                [
                    0.8790643215179443,
                    -0.45128560066223145,
                    0.1535814106464386
                ],
                [
                    0.44979390501976013,
                    0.8919293284416199,
                    0.046341292560100555
                ],
                [
                    -0.15789692103862762,
                    0.028342993929982185,
                    0.9870487451553345
                ]
            ],
            [
                [
                    0.8185518980026245,
                    -0.4934878349304199,
                    0.29401102662086487
                ],
                [
                    0.45469358563423157,
                    0.8694049715995789,
                    0.19336171448230743
                ],
                [
                    -0.35103631019592285,
                    -0.024591686204075813,
                    0.9360388517379761
                ]
            ],
            [
                [
                    0.6424245238304138,
                    -0.7543854117393494,
                    -0.13488292694091797
                ],
                [
                    0.5777591466903687,
                    0.36113759875297546,
                    0.7319658398628235
                ],
                [
                    -0.5034730434417725,
                    -0.5481626391410828,
                    0.6678566932678223
                ]
            ],
            [
                [
                    0.8806436061859131,
                    -0.4719543755054474,
                    0.041543178260326385
                ],
                [
                    0.4087003171443939,
                    0.8011040091514587,
                    0.4372601807117462
                ],
                [
                    -0.2396472543478012,
                    -0.3680917024612427,
                    0.8983750343322754
                ]
            ],
            [
                [
                    0.7454545497894287,
                    -0.6665562391281128,
                    -0.0005339345661923289
                ],
                [
                    0.665826678276062,
                    0.7446006536483765,
                    0.047377485781908035
                ],
                [
                    -0.031182192265987396,
                    -0.035673271864652634,
                    0.9988768696784973
                ]
            ],
            [
                [
                    0.5739760398864746,
                    -0.8048920035362244,
                    -0.15066607296466827
                ],
                [
                    0.7005605101585388,
                    0.38739821314811707,
                    0.5992807745933533
                ],
                [
                    -0.42398858070373535,
                    -0.44952359795570374,
                    0.7862328290939331
                ]
            ],
            [
                [
                    0.8197374939918518,
                    -0.5685815811157227,
                    0.06888720393180847
                ],
                [
                    0.547980785369873,
                    0.8135890364646912,
                    0.19439619779586792
                ],
                [
                    -0.16657598316669464,
                    -0.12160497158765793,
                    0.9785012006759644
                ]
            ],
            [
                [
                    0.838585376739502,
                    0.0448194220662117,
                    -0.5429234504699707
                ],
                [
                    -0.4547739326953888,
                    0.6062822937965393,
                    -0.6523820757865906
                ],
                [
                    0.2999255061149597,
                    0.7939854860305786,
                    0.5288021564483643
                ]
            ],
            [
                [
                    0.8584458827972412,
                    -0.34828630089759827,
                    -0.3765201270580292
                ],
                [
                    0.5030421614646912,
                    0.7149803042411804,
                    0.4855428636074066
                ],
                [
                    0.10009654611349106,
                    -0.6062177419662476,
                    0.7889745831489563
                ]
            ],
            [
                [
                    0.8514670133590698,
                    -0.5222434997558594,
                    0.04759986326098442
                ],
                [
                    0.47806113958358765,
                    0.7357012033462524,
                    -0.47979292273521423
                ],
                [
                    0.21554945409297943,
                    0.43128344416618347,
                    0.8760896325111389
                ]
            ]
        ],
        "betas": [
            -0.04948782920837402,
            -0.03989335894584656,
            0.01839086413383484,
            0.00536462664604187,
            0.010718703269958496,
            0.025314483791589737,
            0.017532706260681152,
            -0.010682538151741028,
            -0.04405474662780762,
            -0.054717570543289185
        ]
    },
    "pred_cam_t": [
        -0.15021643042564392,
        -0.06046486645936966,
        5.896638870239258
    ],
    "focal_length": [
        5000.0,
        5000.0
    ],
    "pred_keypoints_3d": [
        [
            0.09592830389738083,
            0.006407569162547588,
            0.006204595789313316
        ],
        [
            0.12868398427963257,
            0.00857644621282816,
            0.026693275198340416
        ],
        [
            0.15691909193992615,
            0.020853593945503235,
            0.028773903846740723
        ],
        [
            0.17543596029281616,
            0.039468660950660706,
            0.021876178681850433
        ],
        [
            0.19033080339431763,
            0.06911733001470566,
            0.03085189312696457
        ],
        [
            0.18118327856063843,
            0.037471551448106766,
            0.0009225029498338699
        ],
        [
            0.19965946674346924,
            0.06458837538957596,
            0.004870723467320204
        ],
        [
            0.2016119658946991,
            0.07996818423271179,
            0.020790286362171173
        ],
        [
            0.2024337500333786,
            0.08935356140136719,
            0.043524689972400665
        ],
        [
            0.17442083358764648,
            0.05525505170226097,
            -0.015710173174738884
        ],
        [
            0.19065600633621216,
            0.08135342597961426,
            -0.007611626759171486
        ],
        [
            0.1908825933933258,
            0.09415112435817719,
            0.011871617287397385
        ],
        [
            0.19106784462928772,
            0.10041175037622452,
            0.03667650371789932
        ],
        [
            0.15097883343696594,
            0.06648960709571838,
            -0.022374272346496582
        ],
        [
            0.16635867953300476,
            0.08982677012681961,
            -0.014883083291351795
        ],
        [
            0.1621452271938324,
            0.09535842388868332,
            0.00896697212010622
        ],
        [
            0.15659157931804657,
            0.09032535552978516,
            0.03294983506202698
        ],
        [
            0.13076555728912354,
            0.07491780072450638,
            -0.02267915941774845
        ],
        [
            0.14186833798885345,
            0.09285184741020203,
            -0.02104804292321205
        ],
        [
            0.14108411967754364,
            0.09850379824638367,
            -0.0029396284371614456
        ],
        [
            0.13735438883304596,
            0.09389537572860718,
            0.015148065984249115
        ]
    ],
    "pred_vertices": [
        [
            0.14385518431663513,
            0.027968503534793854,
            0.016026925295591354
        ],
        [
            0.13327082991600037,
            0.02406947687268257,
            0.01890852302312851
        ],
        [
            0.1421002745628357,
            0.02655613049864769,
            0.02056528814136982
        ],
        [
            0.15156996250152588,
            0.02801787666976452,
            0.019110286608338356
        ],
        [
            0.13089685142040253,
            0.025650927796959877,
            0.036181751638650894
        ],
        [
            0.13189558684825897,
            0.017016254365444183,
            0.04479699581861496
        ],
        [
            0.14862681925296783,
            0.02477877214550972,
            0.04217110946774483
        ],
        [
            0.14454835653305054,
            0.031724121421575546,
            0.03570666164159775
        ],
        [
            0.15832802653312683,
            0.027486266568303108,
            0.01913941465318203
        ],
        [
            0.1497173309326172,
            0.028981713578104973,
            0.021900370717048645
        ],
        [
            0.15988238155841827,
            0.024694621562957764,
            0.01602196879684925
        ],
        [
            0.17017076909542084,
            0.020014025270938873,
            0.010611115954816341
        ],
        [
            0.16735926270484924,
            0.025667302310466766,
            0.015174861066043377
        ],
        [
            0.1772094964981079,
            0.02146979235112667,
            0.0064148325473070145
        ],
        [
            0.16645017266273499,
            0.010985065251588821,
            0.005790802650153637
        ],
        [
            0.17637968063354492,
            0.018695227801799774,
            -0.002480721101164818
        ],
        [
            0.15013912320137024,
            0.015940632671117783,
            -0.013572280295193195
        ],
        [
            0.14043022692203522,
            0.023035749793052673,
            -0.01975817233324051
        ],
        [
            0.15387465059757233,
            0.03309901803731918,
            -0.024439334869384766
        ],
        [
            0.16244639456272125,
            0.025497226044535637,
            -0.016907701268792152
        ],
        [
            0.13503696024417877,
            0.04199499636888504,
            -0.02740778774023056
        ],
        [
            0.14608660340309143,
            0.03764909878373146,
            -0.02617890201508999
        ],
        [
            0.13277870416641235,
            0.026993457227945328,
            -0.022645946592092514
        ],
        [
            0.1235884577035904,
            0.03154774010181427,
            -0.023858435451984406
        ],
        [
            0.13089770078659058,
            0.03201398625969887,
            0.010215631686151028
        ],
        [
            0.120836541056633,
            0.02744242735207081,
            0.013489523902535439
        ],
        [
            0.12496878206729889,
            0.024678966030478477,
            0.015204060822725296
        ],
        [
            0.13496188819408417,
            0.029466383159160614,
            0.012364068999886513
        ],
        [
            0.16257573664188385,
            0.021851466968655586,
            0.016784831881523132
        ],
        [
            0.16034364700317383,
            0.009885462000966072,
            0.017586277797818184
        ],
        [
            0.161243736743927,
            0.016539674252271652,
            0.014453861862421036
        ],
        [
            0.1605783998966217,
            0.026925968006253242,
            0.017079254612326622
        ],
        [
            0.09365542232990265,
            0.025325749069452286,
            0.021407276391983032
        ],
        [
            0.08532996475696564,
            0.014694523066282272,
            0.02018563449382782
        ],
        [
            0.08905068039894104,
            0.010716494172811508,
            0.02257789671421051
        ],
        [
            0.09587961435317993,
            0.02104302868247032,
            0.022919442504644394
        ],
        [
            0.10781758278608322,
            0.0054413992911577225,
            0.03794685751199722
        ],
        [
            0.09992950409650803,
            -0.0015711262822151184,
            0.03141634911298752
        ],
        [
            0.1020229235291481,
            -0.014963220804929733,
            0.02940201386809349
        ],
        [
            0.11188902705907822,
            -0.010216381400823593,
            0.03357994556427002
        ],
        [
            0.11959779262542725,
            0.01177813857793808,
            0.04313049837946892
        ],
        [
            0.12258274108171463,
            -0.0020263120532035828,
            0.042023077607154846
        ],
        [
            0.1362723559141159,
            0.006182597950100899,
            0.04517701640725136
        ],
        [
            0.1531708836555481,
            0.0164122823625803,
            0.042151086032390594
        ],
        [
            0.07756976038217545,
            0.021660204976797104,
            0.012645736336708069
        ],
        [
            0.08238419145345688,
            0.030707720667123795,
            0.012894228100776672
        ],
        [
            0.19744661450386047,
            0.061918068677186966,
            0.017715055495500565
        ],
        [
            0.19290605187416077,
            0.06577298045158386,
            0.016762863844633102
        ],
        [
            0.19121146202087402,
            0.062053218483924866,
            0.015628349035978317
        ],
        [
            0.19614924490451813,
            0.05905669927597046,
            0.01666317880153656
        ],
        [
            0.07778936624526978,
            0.02595844864845276,
            -0.007182395085692406
        ],
        [
            0.08035808801651001,
            0.020627684891223907,
            -0.015424423851072788
        ],
        [
            0.07405781745910645,
            0.017834894359111786,
            -0.012957899831235409
        ],
        [
            0.07249284535646439,
            0.021345138549804688,
            -0.004313880577683449
        ],
        [
            0.0848652794957161,
            0.032025113701820374,
            -0.010843859985470772
        ],
        [
            0.08936658501625061,
            0.024507474154233932,
            -0.0180757325142622
        ],
        [
            0.20696334540843964,
            0.06400734186172485,
            0.009351395070552826
        ],
        [
            0.20554906129837036,
            0.06177341192960739,
            0.013813246041536331
        ],
        [
            0.20456761121749878,
            0.05823788046836853,
            0.010691974312067032
        ],
        [
            0.20488287508487701,
            0.060046352446079254,
            0.0056839692406356335
        ],
        [
            0.16144688427448273,
            0.0296669602394104,
            0.016977369785308838
        ],
        [
            0.15326860547065735,
            0.03261193260550499,
            0.014739095233380795
        ],
        [
            0.17559058964252472,
            0.0379478856921196,
            0.012111514806747437
        ],
        [
            0.16658127307891846,
            0.036557212471961975,
            0.01171810831874609
        ],
        [
            0.17031802237033844,
            0.03098933957517147,
            0.014029158279299736
        ],
        [
            0.1777961403131485,
            0.03239831328392029,
            0.012888249009847641
        ],
        [
            0.14722050726413727,
            0.04605210945010185,
            0.0018381737172603607
        ],
        [
            0.13802695274353027,
            0.039504244923591614,
            0.0050226906314492226
        ],
        [
            0.14360415935516357,
            0.03690820187330246,
            0.007281892001628876
        ],
        [
            0.15473204851150513,
            0.04351159930229187,
            0.005310174077749252
        ],
        [
            0.1270996630191803,
            0.04798941686749458,
            0.0016685724258422852
        ],
        [
            0.13709622621536255,
            0.05354670435190201,
            -0.0015830844640731812
        ],
        [
            0.12975716590881348,
            0.05777209252119064,
            -0.0031490176916122437
        ],
        [
            0.12384335696697235,
            0.05354020744562149,
            0.000301167368888855
        ],
        [
            0.15602228045463562,
            0.060278695076704025,
            -0.006246372126042843
        ],
        [
            0.1618577539920807,
            0.06303223967552185,
            -0.007972890511155128
        ],
        [
            0.16003909707069397,
            0.0659252181649208,
            -0.009091751649975777
        ],
        [
            0.15309947729110718,
            0.061973489820957184,
            -0.00752592645585537
        ],
        [
            0.06819187849760056,
            0.014179166406393051,
            -0.01122525054961443
        ],
        [
            0.06806967407464981,
            0.01619865745306015,
            -0.0015581026673316956
        ],
        [
            0.1163940280675888,
            0.05339740961790085,
            -0.02764607034623623
        ],
        [
            0.10771552473306656,
            0.057658951729536057,
            -0.02185271494090557
        ],
        [
            0.1155627965927124,
            0.06746409833431244,
            -0.025636324658989906
        ],
        [
            0.12288554757833481,
            0.06019529327750206,
            -0.031178776174783707
        ],
        [
            0.08706130087375641,
            0.01365598663687706,
            -0.019387828186154366
        ],
        [
            0.07948406785726547,
            0.01157408207654953,
            -0.018790874630212784
        ],
        [
            0.20494534075260162,
            0.06803405284881592,
            0.005012025125324726
        ],
        [
            0.20232799649238586,
            0.06386949121952057,
            0.0016700716223567724
        ],
        [
            0.13735944032669067,
            -0.005358368158340454,
            0.03714261204004288
        ],
        [
            0.1556769609451294,
            0.008469989523291588,
            0.03779226914048195
        ],
        [
            0.12281002104282379,
            -0.013550149276852608,
            0.03082413785159588
        ],
        [
            0.11310852319002151,
            -0.018181849271059036,
            0.023925812914967537
        ],
        [
            0.10517057031393051,
            -0.022970076650381088,
            0.020522288978099823
        ],
        [
            0.16594244539737701,
            0.04214790463447571,
            0.008420777507126331
        ],
        [
            0.14471593499183655,
            0.03300467133522034,
            0.011571832001209259
        ],
        [
            0.1270311325788498,
            0.03476688265800476,
            0.008573964238166809
        ],
        [
            0.10668592900037766,
            0.05696287378668785,
            0.001409607008099556
        ],
        [
            0.09866605699062347,
            0.050979133695364,
            0.005070794373750687
        ],
        [
            0.10824769735336304,
            0.04756401479244232,
            0.008470604196190834
        ],
        [
            0.11333318054676056,
            0.05320482701063156,
            0.003979271277785301
        ],
        [
            0.10574302077293396,
            0.06316819787025452,
            -0.013893572613596916
        ],
        [
            0.10987833142280579,
            0.06461299955844879,
            -0.007147042080760002
        ],
        [
            0.11648935079574585,
            0.07015188783407211,
            -0.010648533701896667
        ],
        [
            0.11319489032030106,
            0.0702718198299408,
            -0.017492808401584625
        ],
        [
            0.16671307384967804,
            0.017186537384986877,
            0.020237136632204056
        ],
        [
            0.15983276069164276,
            0.004724998027086258,
            0.02206144854426384
        ],
        [
            0.07777240127325058,
            0.029152125120162964,
            0.0029669199138879776
        ],
        [
            0.07421714812517166,
            0.022711925208568573,
            0.00564146414399147
        ],
        [
            0.06911950558423996,
            0.01588781177997589,
            0.0061605554074049
        ],
        [
            0.10772505402565002,
            0.02576267533004284,
            0.019099118188023567
        ],
        [
            0.0974021852016449,
            0.018128007650375366,
            0.02432003989815712
        ],
        [
            0.1006450206041336,
            0.016151834279298782,
            0.02718266472220421
        ],
        [
            0.10977759957313538,
            0.023277640342712402,
            0.019726118072867393
        ],
        [
            0.12379293888807297,
            0.02346052974462509,
            0.02503204345703125
        ],
        [
            0.1162855327129364,
            0.019657505676150322,
            0.03489379957318306
        ],
        [
            0.13464483618736267,
            0.028855381533503532,
            0.025293804705142975
        ],
        [
            0.09282214939594269,
            0.004401076585054398,
            0.026457613334059715
        ],
        [
            0.08195487409830093,
            0.003343038260936737,
            0.02381349727511406
        ],
        [
            0.08718862384557724,
            -0.003261864185333252,
            0.026796121150255203
        ],
        [
            0.07607895880937576,
            0.009201649576425552,
            0.018539613112807274
        ],
        [
            0.0714067816734314,
            0.013887371867895126,
            0.012536672875285149
        ],
        [
            0.07221657782793045,
            0.007288046181201935,
            -0.020222103223204613
        ],
        [
            0.09285338222980499,
            -0.009294740855693817,
            0.028023749589920044
        ],
        [
            0.15372298657894135,
            0.0337538942694664,
            0.034670885652303696
        ],
        [
            0.16043972969055176,
            0.03580586984753609,
            0.03292973339557648
        ],
        [
            0.15707582235336304,
            0.03686901181936264,
            0.026346776634454727
        ],
        [
            0.15184897184371948,
            0.03447113558650017,
            0.026997731998562813
        ],
        [
            0.1846136897802353,
            0.02642604149878025,
            0.0027149454690515995
        ],
        [
            0.18207545578479767,
            0.02905636839568615,
            0.009918073192238808
        ],
        [
            0.17415554821491241,
            0.02493920549750328,
            0.012623755261301994
        ],
        [
            0.0983995646238327,
            0.03501167893409729,
            0.016866035759449005
        ],
        [
            0.0885295420885086,
            0.03923982381820679,
            0.010090384632349014
        ],
        [
            0.17470821738243103,
            0.043370071798563004,
            0.008921208791434765
        ],
        [
            0.20334690809249878,
            0.056368716061115265,
            0.002468570601195097
        ],
        [
            0.2031766027212143,
            0.05413532257080078,
            0.008097849786281586
        ],
        [
            0.19463889300823212,
            0.03880741074681282,
            0.004199451766908169
        ],
        [
            0.19508865475654602,
            0.04137163236737251,
            -0.0023007551208138466
        ],
        [
            0.178375244140625,
            0.04957762360572815,
            0.002010405994951725
        ],
        [
            0.17748157680034637,
            0.04584519937634468,
            0.008328132331371307
        ],
        [
            0.17837512493133545,
            0.04774303361773491,
            0.0074753123335540295
        ],
        [
            0.17793841660022736,
            0.05281609669327736,
            0.0031570408027619123
        ],
        [
            0.15117445588111877,
            0.06852894276380539,
            -0.010652486234903336
        ],
        [
            0.1452566683292389,
            0.06524920463562012,
            -0.009072142653167248
        ],
        [
            0.1733265221118927,
            0.03740942105650902,
            -0.017413059249520302
        ],
        [
            0.18011735379695892,
            0.026776690036058426,
            -0.013680700212717056
        ],
        [
            0.1700279861688614,
            0.018860233947634697,
            -0.010749136097729206
        ],
        [
            0.1409301608800888,
            0.04960174486041069,
            -0.00019621476531028748
        ],
        [
            0.14862671494483948,
            0.05598310008645058,
            -0.0033305352553725243
        ],
        [
            0.14542070031166077,
            0.05822544917464256,
            -0.004755236208438873
        ],
        [
            0.16684918105602264,
            0.0458768829703331,
            0.00551271066069603
        ],
        [
            0.17332755029201508,
            0.04781162738800049,
            0.004591029137372971
        ],
        [
            0.16913388669490814,
            0.04959793761372566,
            0.001553279347717762
        ],
        [
            0.1622774749994278,
            0.04790952429175377,
            0.0030211852863430977
        ],
        [
            0.09895986318588257,
            0.04813338816165924,
            -0.019018277525901794
        ],
        [
            0.0964319258928299,
            0.054879091680049896,
            -0.009802194312214851
        ],
        [
            0.20204074680805206,
            0.060749318450689316,
            0.016777459532022476
        ],
        [
            0.2010962814092636,
            0.057647258043289185,
            0.0147836459800601
        ],
        [
            0.13204143941402435,
            0.04308788478374481,
            0.0029865577816963196
        ],
        [
            0.15738767385482788,
            0.011543888598680496,
            -0.006407987326383591
        ],
        [
            0.12271596491336823,
            0.0378766804933548,
            0.007137089967727661
        ],
        [
            0.1422121822834015,
            0.06322135776281357,
            -0.02858283556997776
        ],
        [
            0.14077600836753845,
            0.06962867826223373,
            -0.02411307953298092
        ],
        [
            0.14528819918632507,
            0.0725620910525322,
            -0.02242615818977356
        ],
        [
            0.14797866344451904,
            0.06995474547147751,
            -0.02695663645863533
        ],
        [
            0.18535028398036957,
            0.06494612246751785,
            0.005262881517410278
        ],
        [
            0.1861175149679184,
            0.06311998516321182,
            0.010779425501823425
        ],
        [
            0.18770000338554382,
            0.06591616570949554,
            0.01211242564022541
        ],
        [
            0.18772707879543304,
            0.06868639588356018,
            0.006852453574538231
        ],
        [
            0.1796780228614807,
            0.0413920097053051,
            0.011494320817291737
        ],
        [
            0.18305477499961853,
            0.03636878728866577,
            0.012406802736222744
        ],
        [
            0.18599309027194977,
            0.04129159450531006,
            0.012419410981237888
        ],
        [
            0.1817154437303543,
            0.04517996311187744,
            0.010598387569189072
        ],
        [
            0.187603160738945,
            0.033619076013565063,
            0.008910305798053741
        ],
        [
            0.1910295933485031,
            0.038655105978250504,
            0.009425916709005833
        ],
        [
            0.18838608264923096,
            0.06529636681079865,
            -0.00043347355676814914
        ],
        [
            0.19496431946754456,
            0.06314343959093094,
            -0.003419317537918687
        ],
        [
            0.18625608086585999,
            0.05047854036092758,
            -0.008493255823850632
        ],
        [
            0.18157589435577393,
            0.054697420448064804,
            -0.0032919805962592363
        ],
        [
            0.11279729008674622,
            0.021046288311481476,
            -0.02172611653804779
        ],
        [
            0.10406631231307983,
            0.028033729642629623,
            -0.022498905658721924
        ],
        [
            0.11454272270202637,
            0.038644976913928986,
            -0.024794302880764008
        ],
        [
            0.12453143298625946,
            0.04900196194648743,
            -0.02829672582447529
        ],
        [
            0.13461939990520477,
            0.05852906405925751,
            -0.03030761517584324
        ],
        [
            0.14435319602489471,
            0.05096720904111862,
            -0.03167637437582016
        ],
        [
            0.10740439593791962,
            0.04273680970072746,
            -0.024312002584338188
        ],
        [
            0.17783623933792114,
            0.047381699085235596,
            -0.008822944946587086
        ],
        [
            0.1804855614900589,
            0.04124286770820618,
            -0.011984150856733322
        ],
        [
            0.1770712286233902,
            0.043539952486753464,
            -0.014438287355005741
        ],
        [
            0.11755618453025818,
            0.04326076805591583,
            0.006431693211197853
        ],
        [
            0.20035287737846375,
            0.053728796541690826,
            0.012643893249332905
        ],
        [
            0.10973292589187622,
            -0.01810070127248764,
            -0.0009111026884056628
        ],
        [
            0.10313892364501953,
            -0.011500801891088486,
            -0.010997816920280457
        ],
        [
            0.11096058785915375,
            -0.007509548217058182,
            -0.0102999247610569
        ],
        [
            0.11834493279457092,
            -0.014421630650758743,
            0.001944137504324317
        ],
        [
            0.19014059007167816,
            0.05918760597705841,
            0.014978629536926746
        ],
        [
            0.19520525634288788,
            0.055447161197662354,
            0.015929561108350754
        ],
        [
            0.1411834955215454,
            0.07016164809465408,
            -0.01146239135414362
        ],
        [
            0.14696559309959412,
            0.07201484590768814,
            -0.012863680720329285
        ],
        [
            0.14593462646007538,
            0.07407375425100327,
            -0.01601947657763958
        ],
        [
            0.14010632038116455,
            0.07519503682851791,
            -0.014515038579702377
        ],
        [
            0.09878337383270264,
            0.030779268592596054,
            -0.021708840504288673
        ],
        [
            0.12092423439025879,
            0.07442162930965424,
            -0.026565492153167725
        ],
        [
            0.12696611881256104,
            0.06763222068548203,
            -0.03178662806749344
        ],
        [
            0.09524664282798767,
            0.018493283540010452,
            -0.020438995212316513
        ],
        [
            0.10273012518882751,
            0.012104302644729614,
            -0.02035479247570038
        ],
        [
            0.09506314247846603,
            0.006063632667064667,
            -0.01955730840563774
        ],
        [
            0.15894460678100586,
            0.049185771495103836,
            -0.02715105004608631
        ],
        [
            0.12072241306304932,
            0.017526481300592422,
            -0.020602140575647354
        ],
        [
            0.10936510562896729,
            0.008557736873626709,
            -0.018635256215929985
        ],
        [
            0.10050775110721588,
            0.001168806105852127,
            -0.017582541331648827
        ],
        [
            0.09377958625555038,
            -0.0038555823266506195,
            -0.017655013129115105
        ],
        [
            0.08847935497760773,
            0.0020731016993522644,
            -0.019676057621836662
        ],
        [
            0.19985534250736237,
            0.05999127775430679,
            -0.001435976242646575
        ],
        [
            0.19736701250076294,
            0.06828305125236511,
            -0.0006285537965595722
        ],
        [
            0.08094558119773865,
            -0.002812698483467102,
            -0.02140386775135994
        ],
        [
            0.08715885877609253,
            -0.009107410907745361,
            -0.01841360703110695
        ],
        [
            0.11666414141654968,
            0.0038924701511859894,
            -0.015340074896812439
        ],
        [
            0.12509183585643768,
            -0.001559332013130188,
            -0.009522652253508568
        ],
        [
            0.12733349204063416,
            0.012863334268331528,
            -0.017163025215268135
        ],
        [
            0.13661035895347595,
            0.008175086230039597,
            -0.01206201035529375
        ],
        [
            0.16472376883029938,
            0.039853535592556,
            -0.02774937078356743
        ],
        [
            0.19952212274074554,
            0.08236290514469147,
            0.011789573356509209
        ],
        [
            0.19480670988559723,
            0.0748167634010315,
            0.004687177948653698
        ],
        [
            0.19079649448394775,
            0.07321004569530487,
            0.008658111095428467
        ],
        [
            0.1957058310508728,
            0.08207389712333679,
            0.013681745156645775
        ],
        [
            0.19103097915649414,
            0.06973950564861298,
            0.002025313675403595
        ],
        [
            0.1999157965183258,
            0.07251562178134918,
            0.0029574334621429443
        ],
        [
            0.14527244865894318,
            0.0024780556559562683,
            -0.0017140923300758004
        ],
        [
            0.17500831186771393,
            0.051391784101724625,
            -0.0006711790338158607
        ],
        [
            0.13366402685642242,
            -0.007847797125577927,
            0.005697268061339855
        ],
        [
            0.15709784626960754,
            0.0018021352589130402,
            0.008397462777793407
        ],
        [
            0.14910246431827545,
            -0.004230733960866928,
            0.01628951169550419
        ],
        [
            0.12292999774217606,
            -0.017529338598251343,
            0.015630727633833885
        ],
        [
            0.13769009709358215,
            -0.011647168546915054,
            0.024087484925985336
        ],
        [
            0.10588007420301437,
            -0.024591762572526932,
            0.009195853024721146
        ],
        [
            0.11400284618139267,
            -0.020489659160375595,
            0.010864153504371643
        ],
        [
            0.15159934759140015,
            -0.002148326486349106,
            0.029235174879431725
        ],
        [
            0.19811302423477173,
