{
    "pred_cam": [
        8.193942070007324,
        0.15180209279060364,
        -0.04555884748697281
    ],
    "pred_mano_params": {
        "global_orient": [
            [
                [
                    -0.8891955018043518,
                    -0.08263122290372849,
                    0.45000389218330383
                ],
                [
                    -0.4085052013397217,
                    -0.2995556890964508,
                    -0.8622006773948669
                ],
                [
                    0.2060459554195404,
                    -0.9504938125610352,
                    0.23260828852653503
                ]
            ]
        ],
        "hand_pose": [
            [
                [
                    0.7984178066253662,
                    -0.5611112713813782,
                    -0.21836470067501068
                ],
                [
                    0.5904515981674194,
                    0.8006643652915955,
                    0.10150602459907532
                ],
                [
                    0.11788066476583481,
                    -0.20997802913188934,
                    0.9705737233161926
                ]
            ],
            [
                [
                    0.6508030891418457,
                    -0.7049924731254578,
                    0.28185251355171204
                ],
                [
                    0.7566725015640259,
                    0.6327915191650391,
                    -0.16438235342502594
                ],
                [
                    -0.062465548515319824,
                    0.32025063037872314,
                    0.9452710747718811
                ]
            ],
            [
                [
                    0.9477564692497253,
                    -0.2681776285171509,
                    0.17273838818073273
                ],
                [
                    0.2495526820421219,
                    0.9606242775917053,
                    0.12216630578041077
                ],
                [
                    -0.19869893789291382,
                    -0.07267657667398453,
                    0.977362334728241
                ]
            ],
            [
                [
                    0.7271222472190857,
                    -0.6802383661270142,
                    -0.09256883710622787
                ],
                [
                    0.679787814617157,
                    0.6946080923080444,
                    0.23538923263549805
                ],
                [
                    -0.09582173079252243,
                    -0.23408390581607819,
                    0.9674827456474304
                ]
            ],
            [
                [
                    0.7500620484352112,
                    -0.6417235136032104,
                    -0.1599932163953781
                ],
                [
                    0.6587281227111816,
                    0.7032889723777771,
                    0.26732346415519714
                ],
                [
                    -0.05902627110481262,
                    -0.3059012293815613,
                    0.950231671333313
                ]
            ],
            [
                [
                    0.9702561497688293,
                    -0.22923533618450165,
                    0.07780852913856506
                ],
                [
                    0.22973091900348663,
                    0.9732506275177002,
                    0.0026424371171742678
                ],
                [
                    -0.0763329416513443,
                    0.015311184339225292,
                    0.9969648718833923
                ]
            ],
            [
                [
                    0.8555161952972412,
                    -0.4287400543689728,
                    0.29029974341392517
                ],
                [
                    0.4202134609222412,
                    0.9024907350540161,
                    0.09450390934944153
                ],
                [
                    -0.30251047015190125,
                    0.041138261556625366,
                    0.9522577524185181
                ]
            ],
            [
                [
                    0.5985926389694214,
                    -0.7803699970245361,
                    -0.18085764348506927
                ],
                [
                    0.623582124710083,
                    0.31222453713417053,
                    0.7167015671730042
                ],
                [
                    -0.5028242468833923,
                    -0.5417918562889099,
                    0.6735200881958008
                ]
            ],
            [
                [
                    0.917493999004364,
                    -0.3975755274295807,
                    -0.011773948557674885
                ],
                [
                    0.370313435792923,
                    0.8430282473564148,
                    0.3900913894176483
                ],
                [
                    -0.14516501128673553,
                    -0.36226651072502136,
                    0.9207009077072144
                ]
            ],
            [
                [
                    0.7681322693824768,
                    -0.6402374505996704,
                    -0.008298841305077076
                ],
                [
                    0.6402878165245056,
                    0.7681058049201965,
                    0.006707094609737396
                ],
                [
                    0.002080255188047886,
                    -0.010465582832694054,
                    0.9999430775642395
                ]
            ],
            [
                [
                    0.5318312048912048,
                    -0.8331632614135742,
                    -0.15163969993591309
                ],
                [
                    0.725437581539154,
                    0.3558351397514343,
                    0.5891703963279724
                ],
                [
                    -0.4369163513183594,
                    -0.42334434390068054,
                    0.7936521768569946
                ]
            ],
            [
                [
                    0.9089248776435852,
                    -0.41602444648742676,
                    -0.02791379950940609
                ],
                [
                    0.41695845127105713,
                    0.9067125916481018,
                    0.06338710337877274
                ],
                [
                    -0.0010607916628941894,
                    -0.06925301998853683,
                    0.9975985288619995
                ]
            ],
            [
                [
                    0.8869348168373108,
                    0.017359789460897446,
                    -0.46156835556030273
                ],
                [
                    -0.3686336874961853,
                    0.628715991973877,
                    -0.684708297252655
                ],
                [
                    0.27830901741981506,
                    0.7774412035942078,
                    0.5640295147895813
                ]
            ],
            [
                [
                    0.9097898006439209,
                    -0.17063240706920624,
                    -0.3783743679523468
                ],
                [
                    0.3612287640571594,
                    0.7744978070259094,
                    0.5192946195602417
                ],
                [
                    0.2044416218996048,
                    -0.6091286540031433,
                    0.7662675380706787
                ]
            ],
            [
                [
                    0.6142660975456238,
                    -0.7445300221443176,
                    0.26144206523895264
                ],
                [
                    0.7618321180343628,
                    0.47320279479026794,
                    -0.44236961007118225
                ],
                [
                    0.205642431974411,
                    0.4709077477455139,
                    0.8578792810440063
                ]
            ]
        ],
        "betas": [
            -0.06355211138725281,
            -0.1456940770149231,
            0.037551939487457275,
            -0.05349692702293396,
            -0.0077120959758758545,
            0.022962413728237152,
            0.016198843717575073,
            -0.07978031039237976,
            -0.017222627997398376,
            -0.026873350143432617
        ]
    },
    "pred_cam_t": [
        -0.15180209279060364,
        -0.04555884748697281,
        4.767241477966309
    ],
    "focal_length": [
        5000.0,
        5000.0
    ],
    "pred_keypoints_3d": [
        [
            0.09597814828157425,
            0.006409814581274986,
            0.006248190067708492
        ],
        [
            0.1303248107433319,
            -0.0014433488249778748,
            0.02210782840847969
        ],
        [
            0.1601157933473587,
            0.005221100524067879,
            0.026312455534934998
        ],
        [
            0.18164396286010742,
            0.020597103983163834,
            0.020225856453180313
        ],
        [
            0.2000456005334854,
            0.0385308638215065,
            0.04204251617193222
        ],
        [
            0.18418730795383453,
            0.02621501311659813,
            -0.002182699739933014
        ],
        [
            0.21004804968833923,
            0.04494865611195564,
            0.006397368386387825
        ],
        [
            0.2141900360584259,
            0.04947815462946892,
            0.02778443694114685
        ],
        [
            0.2164263278245926,
            0.04890081286430359,
            0.052502818405628204
        ],
        [
            0.17898187041282654,
            0.04860268533229828,
            -0.012676476500928402
        ],
        [
            0.20037129521369934,
            0.06701673567295074,
            0.0020613595843315125
        ],
        [
            0.20356188714504242,
            0.07071475684642792,
            0.024915380403399467
        ],
        [
            0.20828838646411896,
            0.07253087311983109,
            0.05041478946805
        ],
        [
            0.15722087025642395,
            0.06425462663173676,
            -0.013138304464519024
        ],
        [
            0.17690330743789673,
            0.08314672857522964,
            -0.00331698264926672
        ],
        [
            0.17536601424217224,
            0.08301675319671631,
            0.021529555320739746
        ],
        [
            0.17061536014080048,
            0.07851886749267578,
            0.04621725156903267
        ],
        [
            0.13872911036014557,
            0.075067438185215,
            -0.008615775965154171
        ],
        [
            0.15267279744148254,
            0.09085751324892044,
            -0.006067079491913319
        ],
        [
            0.1538192480802536,
            0.09330827742815018,
            0.01277689915150404
        ],
        [
            0.15050461888313293,
            0.08803091943264008,
            0.031159602105617523
        ]
    ],
    "pred_vertices": [
        [
            0.14771486818790436,
            0.018198944628238678,
            0.015116600319743156
        ],
        [
            0.13719283044338226,
            0.015277986414730549,
            0.01847919635474682
        ],
        [
            0.14666655659675598,
            0.016016682609915733,
            0.020392395555973053
        ],
        [
            0.1557454764842987,
            0.016500305384397507,
            0.01747722178697586
        ],
        [
            0.13574379682540894,
            0.011753497645258904,
            0.036384694278240204
        ],
        [
            0.13523456454277039,
            0.0010421499609947205,
            0.04193591699004173
        ],
        [
            0.15262475609779358,
            0.006411140784621239,
            0.040253251791000366
        ],
        [
            0.15042293071746826,
            0.015401729382574558,
            0.03650170564651489
        ],
        [
            0.16252747178077698,
            0.015022192150354385,
            0.01689598336815834
        ],
        [
            0.15494714677333832,
            0.016888290643692017,
            0.02172265760600567
        ],
        [
            0.16333907842636108,
            0.01242344081401825,
            0.013090772554278374
        ],
        [
            0.1718464493751526,
            0.008369852788746357,
            0.004823003895580769
        ],
        [
            0.1703050583600998,
            0.013014843687415123,
            0.010796192102134228
        ],
        [
            0.17833393812179565,
            0.010043717920780182,
            -6.402668077498674e-05
        ],
        [
            0.16626006364822388,
            0.0014865119010210037,
            -0.0016606055432930589
        ],
        [
            0.17623232305049896,
            0.009983879514038563,
            -0.009281141683459282
        ],
        [
            0.1489533931016922,
            0.01385764591395855,
            -0.017426563426852226
        ],
        [
            0.13995826244354248,
            0.023525888100266457,
            -0.020205948501825333
        ],
        [
            0.15438446402549744,
            0.03268503397703171,
            -0.023945923894643784
        ],
        [
            0.1622597873210907,
            0.022297976538538933,
            -0.019862066954374313
        ],
        [
            0.13700854778289795,
            0.04429379105567932,
            -0.021887104958295822
        ],
        [
            0.14729872345924377,
            0.03846031427383423,
            -0.02336590364575386
        ],
        [
            0.13281163573265076,
            0.02908393368124962,
            -0.020932737737894058
        ],
        [
            0.1244041696190834,
            0.0349530391395092,
            -0.019665393978357315
        ],
        [
            0.13485592603683472,
            0.025146091356873512,
            0.01202697679400444
        ],
        [
            0.12463405728340149,
            0.02131991647183895,
            0.015257284976541996
        ],
        [
            0.12857678532600403,
            0.017850589007139206,
            0.015664588660001755
        ],
        [
            0.13872233033180237,
            0.021685220301151276,
            0.012922396883368492
        ],
        [
            0.16456319391727448,
            0.007769927382469177,
            0.012867383658885956
        ],
        [
            0.16073352098464966,
            -0.0026327092200517654,
            0.011006224900484085
        ],
        [
            0.16278931498527527,
            0.004534170031547546,
            0.009364070370793343
        ],
        [
            0.16394604742527008,
            0.012984136119484901,
            0.014577838592231274
        ],
        [
            0.09821085631847382,
            0.020560160279273987,
            0.02597963996231556
        ],
        [
            0.08821134269237518,
            0.011830620467662811,
            0.023138759657740593
        ],
        [
            0.09143497049808502,
            0.006885036826133728,
            0.023861408233642578
        ],
        [
            0.0998440757393837,
            0.01577991619706154,
            0.025937451049685478
        ],
        [
            0.10980309545993805,
            -0.00492449477314949,
            0.03436055779457092
        ],
        [
            0.10070717334747314,
            -0.008765222504734993,
            0.027443578466773033
        ],
        [
            0.10047908127307892,
            -0.021242447197437286,
            0.02188105136156082
        ],
        [
            0.11101027578115463,
            -0.019213272258639336,
            0.02574496529996395
        ],
        [
            0.12245605140924454,
            -0.0019394941627979279,
            0.03981947898864746
        ],
        [
            0.1230170875787735,
            -0.01516406238079071,
            0.034707412123680115
        ],
        [
            0.13730520009994507,
            -0.010057562962174416,
            0.038814302533864975
        ],
        [
            0.15478581190109253,
            -0.002434028312563896,
            0.037174612283706665
        ],
        [
            0.0810224860906601,
            0.02157530188560486,
            0.018780406564474106
        ],
        [
            0.08722730726003647,
            0.02950175851583481,
            0.02071406878530979
        ],
        [
            0.20587962865829468,
            0.03699813783168793,
            0.01709410734474659
        ],
        [
            0.20252683758735657,
            0.04189423471689224,
            0.018368184566497803
        ],
        [
            0.20049013197422028,
            0.040355898439884186,
            0.01666119322180748
        ],
        [
            0.20435702800750732,
            0.03597631677985191,
            0.015777384862303734
        ],
        [
            0.08010576665401459,
            0.031077418476343155,
            0.0008905846625566483
        ],
        [
            0.08101191371679306,
            0.027926940470933914,
            -0.008704322390258312
        ],
        [
            0.07460500299930573,
            0.025422733277082443,
            -0.00622300710529089
        ],
        [
            0.07443226873874664,
            0.026584230363368988,
            0.0031506940722465515
        ],
        [
            0.08770155906677246,
            0.03694525361061096,
            -0.001995309256017208
        ],
        [
            0.09022300690412521,
            0.0311758853495121,
            -0.011434964835643768
        ],
        [
            0.21606987714767456,
            0.04013068974018097,
            0.009824153035879135
        ],
        [
            0.2138623595237732,
            0.036625057458877563,
            0.012953346595168114
        ],
        [
            0.21236462891101837,
            0.03551410511136055,
            0.009131009690463543
        ],
        [
            0.21335627138614655,
            0.03905414044857025,
            0.005356067791581154
        ],
        [
            0.16519539058208466,
            0.017139967530965805,
            0.014079933986067772
        ],
        [
            0.1573949009180069,
            0.021587593480944633,
            0.013637935742735863
        ],
        [
            0.17964065074920654,
            0.024505402892827988,
            0.009345395490527153
        ],
        [
            0.17068812251091003,
            0.024411069229245186,
            0.009889010339975357
        ],
        [
            0.17359045147895813,
            0.018006399273872375,
            0.01021203026175499
        ],
        [
            0.18085557222366333,
            0.018580012023448944,
            0.008368151262402534
        ],
        [
            0.15237362682819366,
            0.03866996243596077,
            0.005436950363218784
        ],
        [
            0.1425660252571106,
            0.03275248035788536,
            0.008026422932744026
        ],
        [
            0.1478343904018402,
            0.028935125097632408,
            0.008794145658612251
        ],
        [
            0.1596381813287735,
            0.03429890051484108,
            0.007110535632818937
        ],
        [
            0.13295939564704895,
            0.04322764649987221,
            0.008418802171945572
        ],
        [
            0.14339607954025269,
            0.04812987148761749,
            0.005419980734586716
        ],
        [
            0.13676553964614868,
            0.05359536409378052,
            0.005948099307715893
        ],
        [
            0.130557581782341,
            0.04934345930814743,
            0.008960876613855362
        ],
        [
            0.16259245574474335,
            0.053379178047180176,
            0.00014856737107038498
        ],
        [
            0.16857600212097168,
            0.05557015538215637,
            -0.0014145015738904476
        ],
        [
            0.16734428703784943,
            0.059243910014629364,
            -0.0016162400133907795
        ],
        [
            0.1599612832069397,
            0.055784180760383606,
            -0.00025464314967393875
        ],
        [
            0.06842193007469177,
            0.022235654294490814,
            -0.004747307859361172
        ],
        [
            0.06952377408742905,
            0.021500982344150543,
            0.005018323659896851
        ],
        [
            0.12053721398115158,
            0.05765117332339287,
            -0.016712602227926254
        ],
        [
            0.11326910555362701,
            0.06138352304697037,
            -0.008915451355278492
        ],
        [
            0.12216521799564362,
            0.0707067921757698,
            -0.011309984140098095
        ],
        [
            0.1276232749223709,
            0.06419172883033752,
            -0.019295355305075645
        ],
        [
            0.08610263466835022,
            0.021495625376701355,
            -0.01515816431492567
        ],
        [
            0.07838816195726395,
            0.020348351448774338,
            -0.01412183791399002
        ],
        [
            0.2154025286436081,
            0.046022433787584305,
            0.007817795500159264
        ],
        [
            0.2123224288225174,
            0.04481540992856026,
            0.003467394970357418
        ],
        [
            0.13615316152572632,
            -0.01897577755153179,
            0.027567755430936813
        ],
        [
            0.15553820133209229,
            -0.009077684953808784,
            0.03051595389842987
        ],
        [
            0.12071812152862549,
            -0.02311786077916622,
            0.020788919180631638
        ],
        [
            0.11020815372467041,
            -0.024302326142787933,
            0.014235658571124077
        ],
        [
            0.10153671354055405,
            -0.026793600991368294,
            0.010932764038443565
        ],
        [
            0.17066437005996704,
            0.03082185424864292,
            0.008263944648206234
        ],
        [
            0.1487279236316681,
            0.023926306515932083,
            0.0117849912494421
        ],
        [
            0.13133201003074646,
            0.02870922163128853,
            0.011655377224087715
        ],
        [
            0.11436305940151215,
            0.05452316999435425,
            0.013173006474971771
        ],
        [
            0.10582280904054642,
            0.04883608967065811,
            0.016231495887041092
        ],
        [
            0.11498595774173737,
            0.043388158082962036,
            0.017314106225967407
        ],
        [
            0.12051582336425781,
            0.04937212914228439,
            0.013778084889054298
        ],
        [
            0.11303284764289856,
            0.06475254148244858,
            0.00028287991881370544
        ],
        [
            0.11802110075950623,
            0.06379774957895279,
            0.006523484364151955
        ],
        [
            0.1251913458108902,
            0.06933953613042831,
            0.003590647131204605
        ],
        [
            0.1211991161108017,
            0.07162439823150635,
            -0.0024791304022073746
        ],
        [
            0.16752342879772186,
            0.0016295500099658966,
            0.014756166376173496
        ],
        [
            0.15937036275863647,
            -0.008578887209296227,
            0.014014970511198044
        ],
        [
            0.08153122663497925,
            0.03134136646986008,
            0.011433389969170094
        ],
        [
            0.07724975794553757,
            0.024938032031059265,
            0.012803387828171253
        ],
        [
            0.07119868695735931,
            0.018950842320919037,
            0.012166406959295273
        ],
        [
            0.11193818598985672,
            0.01985698752105236,
            0.02185557223856449
        ],
        [
            0.10097230970859528,
            0.012432217597961426,
            0.026225872337818146
        ],
        [
            0.10400774329900742,
            0.009369757026433945,
            0.027874013409018517
        ],
        [
            0.11365775763988495,
            0.017156606540083885,
            0.021432815119624138
        ],
        [
            0.12811137735843658,
            0.014119429513812065,
            0.025424949824810028
        ],
        [
            0.12033599615097046,
            0.008501572534441948,
            0.03441154584288597
        ],
        [
            0.13993023335933685,
            0.017514903098344803,
            0.02675044909119606
        ],
        [
            0.09441516548395157,
            -0.0007061213254928589,
            0.025319218635559082
        ],
        [
            0.0833975225687027,
            0.000450916588306427,
            0.024080593138933182
        ],
        [
            0.08772611618041992,
            -0.007361024618148804,
            0.024494867771863937
        ],
        [
            0.07809331268072128,
            0.008259471505880356,
            0.021335668861865997
        ],
        [
            0.0737188532948494,
            0.014997370541095734,
            0.017438556998968124
        ],
        [
            0.07044752687215805,
            0.01762966439127922,
            -0.01566532626748085
        ],
        [
            0.09240575134754181,
            -0.014210492372512817,
            0.02334860898554325
        ],
        [
            0.1592789590358734,
            0.01616712287068367,
            0.034656379371881485
        ],
        [
            0.16569983959197998,
            0.017027830705046654,
            0.032293159514665604
        ],
        [
            0.16268400847911835,
            0.02071228064596653,
            0.02654016762971878
        ],
        [
            0.1579262912273407,
            0.019522223621606827,
            0.027693480253219604
        ],
        [
            0.18571892380714417,
            0.014446131885051727,
            -0.0036504282616078854
        ],
        [
            0.18422964215278625,
            0.015453098341822624,
            0.004174587316811085
        ],
        [
            0.17637301981449127,
            0.012079834006726742,
            0.007033194415271282
        ],
        [
            0.10404163599014282,
            0.030391264706850052,
            0.023470237851142883
        ],
        [
            0.09438745677471161,
            0.03759635239839554,
            0.019361596554517746
        ],
        [
            0.17969302833080292,
            0.030743524432182312,
            0.007923981174826622
        ],
        [
            0.21097230911254883,
            0.037269968539476395,
            0.001583825913257897
        ],
        [
            0.2101764678955078,
            0.03325347974896431,
            0.006000726483762264
        ],
        [
            0.19787593185901642,
            0.022898375988006592,
            -0.000830979086458683
        ],
        [
            0.198621928691864,
            0.027276230975985527,
            -0.006273615173995495
        ],
        [
            0.18447493016719818,
            0.0376453623175621,
            0.002561967121437192
        ],
        [
            0.1833881139755249,
            0.03250501677393913,
            0.007726483047008514
        ],
        [
            0.18491029739379883,
            0.034096427261829376,
            0.0073621757328510284
        ],
        [
            0.18560627102851868,
            0.0402403250336647,
            0.004844167735427618
        ],
        [
            0.15893492102622986,
            0.06333903223276138,
            -0.0015636668540537357
        ],
        [
            0.15272118151187897,
            0.06042425334453583,
            1.8640421330928802e-05
        ],
        [
            0.17481467127799988,
            0.03244722634553909,
            -0.018819689750671387
        ],
        [
            0.180030956864357,
            0.020243290811777115,
            -0.018776679411530495
        ],
        [
            0.16928593814373016,
            0.01328154094517231,
            -0.016537299379706383
        ],
        [
            0.14661197364330292,
            0.04345940798521042,
            0.005234642885625362
        ],
        [
            0.15492400527000427,
            0.04941562935709953,
            0.0028346795588731766
        ],
        [
            0.1520557701587677,
            0.05239514261484146,
            0.002467411570250988
        ],
        [
            0.17194248735904694,
            0.03503948822617531,
            0.006333407014608383
        ],
        [
            0.17880012094974518,
            0.03637149557471275,
            0.005154631100594997
        ],
        [
            0.17435717582702637,
            0.03923310339450836,
            0.0030958643183112144
        ],
        [
            0.16754117608070374,
            0.03811566159129143,
            0.005026135593652725
        ],
        [
            0.103379026055336,
            0.05267494171857834,
            -0.007487391121685505
        ],
        [
            0.10289496928453445,
            0.056914765387773514,
            0.0033114906400442123
        ],
        [
            0.21006473898887634,
            0.03527618944644928,
            0.015399955213069916
        ],
        [
            0.20880627632141113,
            0.03423747047781944,
            0.013024482876062393
        ],
        [
            0.13711176812648773,
            0.03752826899290085,
            0.0077740782871842384
        ],
        [
            0.15619027614593506,
            0.006755193695425987,
            -0.01255008950829506
        ],
        [
            0.12748011946678162,
            0.032633595168590546,
            0.011644951067864895
        ],
        [
            0.1474866420030594,
            0.0638711228966713,
            -0.018924351781606674
        ],
        [
            0.14756494760513306,
            0.06909696757793427,
            -0.01313006691634655
        ],
        [
            0.15269885957241058,
            0.07086939364671707,
            -0.01151110790669918
        ],
        [
            0.15447424352169037,
            0.06910695880651474,
            -0.016793055459856987
        ],
        [
            0.19595704972743988,
            0.048605501651763916,
            0.009437765926122665
        ],
        [
            0.1963590532541275,
            0.044806741178035736,
            0.013903566636145115
        ],
        [
            0.19822070002555847,
            0.046052150428295135,
            0.01526838168501854
        ],
        [
            0.1991456151008606,
            0.05069207400083542,
            0.011552104726433754
        ],
        [
            0.18459098041057587,
            0.026896918192505836,
            0.009113423526287079
        ],
        [
            0.18669071793556213,
            0.021253613755106926,
            0.008085745386779308
        ],
        [
            0.1907513439655304,
            0.024756604805588722,
            0.008987409994006157
        ],
        [
            0.18759369850158691,
            0.02992108091711998,
            0.009053125977516174
        ],
        [
            0.19026128947734833,
            0.01859584078192711,
            0.003318107919767499
        ],
        [
            0.19467826187610626,
            0.021976619958877563,
            0.004609282128512859
        ],
        [
            0.1988895684480667,
            0.05037008598446846,
            0.003906583879143
        ],
        [
            0.20477353036403656,
            0.04792599007487297,
            -0.0002966400934383273
        ],
        [
            0.19222086668014526,
            0.03987894579768181,
            -0.007971671409904957
        ],
        [
            0.18920469284057617,
            0.04317894205451012,
            -0.001232676673680544
        ],
        [
            0.11233332753181458,
            0.025784406810998917,
            -0.01889261230826378
        ],
        [
            0.10481142997741699,
            0.033807892352342606,
            -0.016688654199242592
        ],
        [
            0.11658138036727905,
            0.04314279928803444,
            -0.01752670295536518
        ],
        [
            0.12770721316337585,
            0.052567437291145325,
            -0.019560378044843674
        ],
        [
            0.13901907205581665,
            0.06084222346544266,
            -0.020445646718144417
        ],
        [
            0.14724944531917572,
            0.052747659385204315,
            -0.0249498151242733
        ],
        [
            0.11029677838087082,
            0.04784470796585083,
            -0.015068991109728813
        ],
        [
            0.18138447403907776,
            0.038525357842445374,
            -0.008571546524763107
        ],
        [
            0.18340995907783508,
            0.03353211283683777,
            -0.013421449810266495
        ],
        [
            0.17955631017684937,
            0.036753084510564804,
            -0.014844764024019241
        ],
        [
            0.12323648482561111,
            0.038632262498140335,
            0.013045056723058224
        ],
        [
            0.20746801793575287,
            0.03196588158607483,
            0.010601170361042023
        ],
        [
            0.1049528419971466,
            -0.016780514270067215,
            -0.008790191262960434
        ],
        [
            0.09862946718931198,
            -0.006868235766887665,
            -0.015829119831323624
        ],
        [
            0.10696963220834732,
            -0.004264656454324722,
            -0.015153407119214535
        ],
        [
            0.1142178401350975,
            -0.015184583142399788,
            -0.006289700511842966
        ],
        [
            0.19936181604862213,
            0.03876221552491188,
            0.016076654195785522
        ],
        [
            0.2031111717224121,
            0.03370540216565132,
            0.014933137223124504
        ],
        [
            0.14935362339019775,
            0.06638942658901215,
            -0.000740809366106987
        ],
        [
            0.15515604615211487,
            0.0677582174539566,
            -0.0025161677040159702
        ],
        [
            0.15420125424861908,
            0.07066971063613892,
            -0.005091281142085791
        ],
        [
            0.14883796870708466,
            0.07227221876382828,
            -0.0026402901858091354
        ],
        [
            0.10014671087265015,
            0.036897819489240646,
            -0.01454885583370924
        ],
        [
            0.12844914197921753,
            0.07678515464067459,
            -0.01186593621969223
        ],
        [
            0.13275371491909027,
            0.07085626572370529,
            -0.019036326557397842
        ],
        [
            0.0948108658194542,
            0.025316640734672546,
            -0.01600547507405281
        ],
        [
            0.10113503038883209,
            0.018220439553260803,
            -0.01856634020805359
        ],
        [
            0.0927177146077156,
            0.013256296515464783,
            -0.01833201013505459
        ],
        [
            0.16177396476268768,
            0.04813048988580704,
            -0.023076996207237244
        ],
        [
            0.11963532865047455,
            0.021088480949401855,
            -0.01979868859052658
        ],
        [
            0.10722897946834564,
            0.013506092131137848,
            -0.018722569569945335
        ],
        [
            0.0974583700299263,
            0.007338251918554306,
            -0.018457861617207527
        ],
        [
            0.09005223959684372,
            0.0034558624029159546,
            -0.01892569661140442
        ],
        [
            0.08561596274375916,
            0.010359454900026321,
            -0.01859615184366703
        ],
        [
            0.2086763232946396,
            0.04296348989009857,
            -0.0002999136922881007
        ],
        [
            0.20874865353107452,
            0.051095280796289444,
            0.0036293836310505867
        ],
        [
            0.0772973895072937,
            0.007181189954280853,
            -0.020547736436128616
        ],
        [
            0.08266251534223557,
            -0.00045379623770713806,
            -0.02014487236738205
        ],
        [
            0.11393904685974121,
            0.007204912602901459,
            -0.0177756454795599
        ],
        [
            0.12189938127994537,
            -0.000642731785774231,
            -0.014753194525837898
        ],
        [
            0.12568563222885132,
            0.014844350516796112,
            -0.01862567849457264
        ],
        [
            0.1345459222793579,
            0.007786635309457779,
            -0.016193274408578873
        ],
        [
            0.16597282886505127,
            0.03881143033504486,
            -0.027002697810530663
        ],
        [
            0.21328137814998627,
            0.05633420869708061,
            0.021022560074925423
        ],
        [
            0.20724712312221527,
            0.054733552038669586,
            0.011465106159448624
        ],
        [
            0.2027820348739624,
            0.05247752368450165,
            0.014619180001318455
        ],
        [
            0.20936816930770874,
            0.05609385669231415,
            0.02284896746277809
        ],
        [
            0.20276765525341034,
            0.05282309651374817,
            0.0073197344318032265
        ],
        [
            0.21172665059566498,
            0.05225815251469612,
            0.00839630700647831
        ],
        [
            0.14321307837963104,
            -0.0015476401895284653,
            -0.008845997042953968
        ],
        [
            0.180108904838562,
            0.040490277111530304,
            0.0006041047163307667
        ],
        [
            0.13070771098136902,
            -0.011906586587429047,
            -0.003024308942258358
        ],
        [
            0.1557043045759201,
            -0.006769971922039986,
            -0.00030194222927093506
        ],
        [
            0.14727723598480225,
            -0.013587461784482002,
            0.006611645221710205
        ],
        [
            0.1192394569516182,
            -0.022613659501075745,
            0.005237651988863945
        ],
        [
            0.1351262629032135,
            -0.02134311944246292,
            0.013193445280194283
        ],
        [
            0.10102421045303345,
            -0.025264767929911613,
            -0.0002989682834595442
        ],
        [
            0.1097312793135643,
            -0.02290402539074421,
            0.0011641986202448606
        ],
        [
            0.15003454685211182,
            -0.01578867807984352,
            0.01975507102906704
        ],
        [
