{
    "pred_cam": [
        9.542718887329102,
        0.044694945216178894,
        -0.0591963492333889
    ],
    "pred_mano_params": {
        "global_orient": [
            [
                [
                    0.6987179517745972,
                    -0.6031256914138794,
                    0.3847501575946808
                ],
                [
                    -0.37823930382728577,
                    -0.7679417729377747,
                    -0.5169143080711365
                ],
                [
                    0.6072300672531128,
                    0.21564963459968567,
                    -0.7647005319595337
                ]
            ]
        ],
        "hand_pose": [
            [
                [
                    0.9236337542533875,
                    -0.23011530935764313,
                    -0.30650874972343445
                ],
                [
                    0.18355612456798553,
                    0.9676096439361572,
                    -0.17331692576408386
                ],
                [
                    0.33646368980407715,
                    0.10381980985403061,
                    0.9359560012817383
                ]
            ],
            [
                [
                    0.9342339038848877,
                    -0.34732550382614136,
                    0.08106744289398193
                ],
                [
                    0.3566584885120392,
                    0.9089565277099609,
                    -0.2158534824848175
                ],
                [
                    0.0012846447061747313,
                    0.23057106137275696,
                    0.9730545878410339
                ]
            ],
            [
                [
                    0.9227837920188904,
                    -0.38484424352645874,
                    -0.019103236496448517
                ],
                [
                    0.3848281502723694,
                    0.9179781079292297,
                    0.09603875130414963
                ],
                [
                    -0.019423604011535645,
                    -0.09597447514533997,
                    0.9951941967010498
                ]
            ],
            [
                [
                    0.958608090877533,
                    -0.18598325550556183,
                    -0.21559368073940277
                ],
                [
                    0.16178542375564575,
                    0.9788682460784912,
                    -0.12506988644599915
                ],
                [
                    0.2342987060546875,
                    0.08501311391592026,
                    0.9684404134750366
                ]
            ],
            [
                [
                    0.8601892590522766,
                    -0.4697759449481964,
                    -0.19845637679100037
                ],
                [
                    0.5076151490211487,
                    0.8261103630065918,
                    0.2446802407503128
                ],
                [
                    0.049001991748809814,
                    -0.3112108111381531,
                    0.9490766525268555
                ]
            ],
            [
                [
                    0.9272051453590393,
                    -0.36903104186058044,
                    0.06408338993787766
                ],
                [
                    0.37141934037208557,
                    0.9279767870903015,
                    -0.03011215105652809
                ],
                [
                    -0.048355583101511,
                    0.051721952855587006,
                    0.9974901080131531
                ]
            ],
            [
                [
                    0.8485721349716187,
                    -0.5287654399871826,
                    0.018236158415675163
                ],
                [
                    0.5172548294067383,
                    0.836359977722168,
                    0.18151967227458954
                ],
                [
                    -0.11123331636190414,
                    -0.1445997804403305,
                    0.983218252658844
                ]
            ],
            [
                [
                    0.9881653189659119,
                    -0.09131114184856415,
                    -0.12325410544872284
                ],
                [
                    0.08866958320140839,
                    0.9957015514373779,
                    -0.026761189103126526
                ],
                [
                    0.12516789138317108,
                    0.015515589155256748,
                    0.9920142889022827
                ]
            ],
            [
                [
                    0.9359843134880066,
                    0.052719540894031525,
                    0.3480718731880188
                ],
                [
                    -0.11522100120782852,
                    0.9801429510116577,
                    0.1613815724849701
                ],
                [
                    -0.33265218138694763,
                    -0.191155806183815,
                    0.9234728217124939
                ]
            ],
            [
                [
                    0.8313151597976685,
                    -0.5464073419570923,
                    -0.10175484418869019
                ],
                [
                    0.5397351980209351,
                    0.8373409509658813,
                    -0.08686795830726624
                ],
                [
                    0.13266879320144653,
                    0.017293985933065414,
                    0.991009533405304
                ]
            ],
            [
                [
                    0.9959588646888733,
                    -0.029797032475471497,
                    -0.08472412824630737
                ],
                [
                    0.05360874906182289,
                    0.9541054368019104,
                    0.2946334183216095
                ],
                [
                    0.07205654680728912,
                    -0.29798468947410583,
                    0.9518471360206604
                ]
            ],
            [
                [
                    0.9465082883834839,
                    -0.2743580937385559,
                    0.16985154151916504
                ],
                [
                    0.2591077387332916,
                    0.9599390625953674,
                    0.10667797178030014
                ],
                [
                    -0.19231508672237396,
                    -0.05696175619959831,
                    0.9796785712242126
                ]
            ],
            [
                [
                    0.9411446452140808,
                    -0.33490189909935,
                    0.04568829759955406
                ],
                [
                    0.13114413619041443,
                    0.23722714185714722,
                    -0.9625614285469055
                ],
                [
                    0.3115251362323761,
                    0.9119013547897339,
                    0.2671854794025421
                ]
            ],
            [
                [
                    0.9403346180915833,
                    -0.34024956822395325,
                    -0.0011187379714101553
                ],
                [
                    0.27693286538124084,
                    0.7634301781654358,
                    0.5835088491439819
                ],
                [
                    -0.19768451154232025,
                    -0.5490033030509949,
                    0.8121061325073242
                ]
            ],
            [
                [
                    0.9600788354873657,
                    0.17903730273246765,
                    0.2149284929037094
                ],
                [
                    -0.15317927300930023,
                    0.979396641254425,
                    -0.1315988153219223
                ],
                [
                    -0.2340613454580307,
                    0.09342263638973236,
                    0.9677227735519409
                ]
            ]
        ],
        "betas": [
            0.08033505082130432,
            -0.09122541546821594,
            0.005240917205810547,
            -0.04867956042289734,
            0.005718976259231567,
            0.03363458067178726,
            0.05126252770423889,
            -0.06148609519004822,
            0.017756685614585876,
            -0.05406901240348816
        ]
    },
    "pred_cam_t": [
        -0.044694945216178894,
        -0.0591963492333889,
        4.093435287475586
    ],
    "focal_length": [
        5000.0,
        5000.0
    ],
    "pred_keypoints_3d": [
        [
            0.0953557938337326,
            0.006343826651573181,
            0.0061978986486792564
        ],
        [
            0.09776657074689865,
            0.013939054682850838,
            -0.03128623217344284
        ],
        [
            0.10090322047472,
            0.039328765124082565,
            -0.04807499423623085
        ],
        [
            0.10131960362195969,
            0.06315997242927551,
            -0.06073988974094391
        ],
        [
            0.10877277702093124,
            0.08595695346593857,
            -0.08777713030576706
        ],
        [
            0.04509008675813675,
            0.03291942924261093,
            -0.06385351717472076
        ],
        [
            0.021174607798457146,
            0.05118655785918236,
            -0.07714244723320007
        ],
        [
            0.014021015726029873,
            0.07110211998224258,
            -0.08357473462820053
        ],
        [
            0.012564145028591156,
            0.09569981694221497,
            -0.08786073327064514
        ],
        [
            0.029052406549453735,
            0.04492984712123871,
            -0.048806484788656235
        ],
        [
            0.00551767461001873,
            0.06426018476486206,
            -0.05737213045358658
        ],
        [
            0.0014468859881162643,
            0.08667480945587158,
            -0.06181570515036583
        ],
        [
            0.0015364611754193902,
            0.11141738295555115,
            -0.06871925294399261
        ],
        [
            0.03054434061050415,
            0.05394139140844345,
            -0.023844212293624878
        ],
        [
            0.01821894198656082,
            0.07758500427007675,
            -0.0346665233373642
        ],
        [
            0.012694545090198517,
            0.10135199874639511,
            -0.03855608403682709
        ],
        [
            0.008738711476325989,
            0.1246238574385643,
            -0.0474848710000515
        ],
        [
            0.03679937124252319,
            0.062135934829711914,
            -0.00471831951290369
        ],
        [
            0.029174793511629105,
            0.08146962523460388,
            -0.008058097213506699
        ],
        [
            0.024017339572310448,
            0.09956251829862595,
            -0.009603511542081833
        ],
        [
            0.017448656260967255,
            0.11611223220825195,
            -0.018813148140907288
        ]
    ],
    "pred_vertices": [
        [
            0.07725498080253601,
            0.03067554533481598,
            -0.03935915231704712
        ],
        [
            0.08485189825296402,
            0.02789876237511635,
            -0.0317397341132164
        ],
        [
            0.08602146804332733,
            0.03356338292360306,
            -0.03744472935795784
        ],
        [
            0.07831229269504547,
            0.03341580182313919,
            -0.046936504542827606
        ],
        [
            0.10513219237327576,
            0.03158129006624222,
            -0.024391092360019684
        ],
        [
            0.11439689993858337,
            0.025229955092072487,
            -0.02835949882864952
        ],
        [
            0.11240579932928085,
            0.03758727014064789,
            -0.03767157718539238
        ],
        [
            0.10561169683933258,
            0.04202498495578766,
            -0.031776778399944305
        ],
        [
            0.07864260673522949,
            0.03592150658369064,
            -0.0521378293633461
        ],
        [
            0.08717380464076996,
            0.03910243138670921,
            -0.04221835732460022
        ],
        [
            0.0796302780508995,
            0.03669051080942154,
            -0.05314300209283829
        ],
        [
            0.06719864904880524,
            0.025890644639730453,
            -0.061807781457901
        ],
        [
            0.06923555582761765,
            0.030325356870889664,
            -0.05980430543422699
        ],
        [
            0.05846711993217468,
            0.02327563799917698,
            -0.06572704762220383
        ],
        [
            0.06676726788282394,
            0.01617998257279396,
            -0.05839569866657257
        ],
        [
            0.05231017619371414,
            0.017646340653300285,
            -0.06150641664862633
        ],
        [
            0.052811410278081894,
            0.009352970868349075,
            -0.03299780562520027
        ],
        [
            0.049781300127506256,
            0.013780135661363602,
            -0.02043861150741577
        ],
        [
            0.038370247930288315,
            0.02168894186615944,
            -0.029223080724477768
        ],
        [
            0.04299280792474747,
            0.016930721700191498,
            -0.04106253385543823
        ],
        [
            0.04081787168979645,
            0.029355930164456367,
            -0.010359309613704681
        ],
        [
            0.038496796041727066,
            0.025488894432783127,
            -0.021151449531316757
        ],
        [
            0.04952891916036606,
            0.016710393130779266,
            -0.011998310685157776
        ],
        [
            0.05124061554670334,
            0.020813025534152985,
            -0.002836834639310837
        ],
        [
            0.0762735977768898,
            0.03130467236042023,
            -0.023979652673006058
        ],
        [
            0.08386938273906708,
            0.027928773313760757,
            -0.01768200844526291
        ],
        [
            0.08356873691082001,
            0.026026321575045586,
            -0.02340531349182129
        ],
        [
            0.07687424123287201,
            0.02986031584441662,
            -0.029359018430113792
        ],
        [
            0.08953797817230225,
            0.041118983179330826,
            -0.0568167008459568
        ],
        [
            0.08527050912380219,
            0.023971768096089363,
            -0.05683458596467972
        ],
        [
            0.08018387854099274,
            0.02968273125588894,
            -0.05616314336657524
        ],
        [
            0.08875485509634018,
            0.045380156487226486,
            -0.05318615585565567
        ],
        [
            0.10405082255601883,
            0.02862674742937088,
            0.0039412714540958405
        ],
        [
            0.10953417420387268,
            0.018324177712202072,
            0.010693039745092392
        ],
        [
            0.11082939803600311,
            0.014977086335420609,
            0.005927972495555878
        ],
        [
            0.10510240495204926,
            0.02460075542330742,
            0.0006946101784706116
        ],
        [
            0.11481340229511261,
            0.01177755743265152,
            -0.014671728014945984
        ],
        [
            0.11598232388496399,
            0.004520624876022339,
            -0.008119732141494751
        ],
        [
            0.11766398698091507,
            -0.007787130773067474,
            -0.01091603934764862
        ],
        [
            0.11566735059022903,
            -0.002118300646543503,
            -0.019657161086797714
        ],
        [
            0.11422740668058395,
            0.018286563456058502,
            -0.02199893444776535
        ],
        [
            0.11665917187929153,
            0.0074004195630550385,
            -0.02803058922290802
        ],
        [
            0.11642760038375854,
            0.016854461282491684,
            -0.03527095913887024
        ],
        [
            0.11384052783250809,
            0.03189736232161522,
            -0.04454224556684494
        ],
        [
            0.1046573743224144,
            0.02291441336274147,
            0.02155308425426483
        ],
        [
            0.10034221410751343,
            0.03145556151866913,
            0.01814940571784973
        ],
        [
            0.028558172285556793,
            0.05902963876724243,
            -0.0823095515370369
        ],
        [
            0.02727949246764183,
            0.06171536445617676,
            -0.07724600285291672
        ],
        [
            0.030421070754528046,
            0.058507442474365234,
            -0.07598613947629929
        ],
        [
            0.03091362863779068,
            0.056236632168293,
            -0.0812341645359993
        ],
        [
            0.08658778667449951,
            0.021155714988708496,
            0.030169695615768433
        ],
        [
            0.07993195205926895,
            0.013654723763465881,
            0.030745960772037506
        ],
        [
            0.08553940057754517,
            0.011872701346874237,
            0.03499317914247513
        ],
        [
            0.09259085357189178,
            0.017748981714248657,
            0.03315514326095581
        ],
        [
            0.07874184846878052,
            0.02566966786980629,
            0.026049649342894554
        ],
        [
            0.07269148528575897,
            0.01637556031346321,
            0.024302851408720016
        ],
        [
            0.018674885854125023,
            0.05204150825738907,
            -0.08612113445997238
        ],
        [
            0.02311992086470127,
            0.054201655089855194,
            -0.08744523674249649
        ],
        [
            0.024681763723492622,
            0.04973820596933365,
            -0.0858985111117363
        ],
        [
            0.020607806742191315,
            0.04733293503522873,
            -0.08356356620788574
        ],
        [
            0.07064120471477509,
            0.03253956139087677,
            -0.054571088403463364
        ],
        [
            0.07072709500789642,
            0.033689189702272415,
            -0.045947007834911346
        ],
        [
            0.055481571704149246,
            0.03849315270781517,
            -0.06425924599170685
        ],
        [
            0.06105905398726463,
            0.0361161045730114,
            -0.05586230754852295
        ],
        [
            0.06331124901771545,
            0.032214295119047165,
            -0.06107381731271744
        ],
        [
            0.05747276172041893,
            0.033422525972127914,
            -0.06743098795413971
        ],
        [
            0.05840516835451126,
            0.04194873571395874,
            -0.033143602311611176
        ],
        [
            0.06690193712711334,
            0.03669637441635132,
            -0.02697945572435856
        ],
        [
            0.06709328293800354,
            0.03494163602590561,
            -0.033336665481328964
        ],
        [
            0.058748017996549606,
            0.040510229766368866,
            -0.041616037487983704
        ],
        [
            0.06653067469596863,
            0.04392710328102112,
            -0.014934904873371124
        ],
        [
            0.05789104104042053,
            0.04818573221564293,
            -0.021880606189370155
        ],
        [
            0.05867968499660492,
            0.05181734636425972,
            -0.014269178733229637
        ],
        [
            0.06532230973243713,
            0.048843950033187866,
            -0.010870017111301422
        ],
        [
            0.0433005765080452,
            0.05350305140018463,
            -0.036327384412288666
        ],
        [
            0.03640829771757126,
            0.05519694462418556,
            -0.04011636972427368
        ],
        [
            0.03614915534853935,
            0.05740567669272423,
            -0.03722972050309181
        ],
        [
            0.04292837902903557,
            0.05444501340389252,
            -0.03280087932944298
        ],
        [
            0.09053681790828705,
            0.009018361568450928,
            0.03907345235347748
        ],
        [
            0.09822215139865875,
            0.013755179941654205,
            0.035346098244190216
        ],
        [
            0.04562056064605713,
            0.040456078946590424,
            0.007413579151034355
        ],
        [
            0.053075097501277924,
            0.04627887159585953,
            0.012999894097447395
        ],
        [
            0.04466753453016281,
            0.054077912122011185,
            0.008804572746157646
        ],
        [
            0.03854784741997719,
            0.0457109697163105,
            0.00395604595541954
        ],
        [
            0.07557722926139832,
            0.005794946104288101,
            0.02565852552652359
        ],
        [
            0.07995948195457458,
            0.004159804433584213,
            0.03191038593649864
        ],
        [
            0.014472253620624542,
            0.05191721022129059,
            -0.08161453902721405
        ],
        [
            0.01702975109219551,
            0.04757395759224892,
            -0.0787036344408989
        ],
        [
            0.11040474474430084,
            0.0056570544838905334,
            -0.04022450000047684
        ],
        [
            0.10993024706840515,
            0.025246355682611465,
            -0.05085417628288269
        ],
        [
            0.11022274196147919,
            -0.006017554551362991,
            -0.02883107215166092
        ],
        [
            0.10910664498806,
            -0.012612525373697281,
            -0.019249219447374344
        ],
        [
            0.1109410971403122,
            -0.01776384934782982,
            -0.011562839150428772
        ],
        [
            0.05664915591478348,
            0.04047006368637085,
            -0.053296640515327454
        ],
        [
            0.07133269309997559,
            0.0327664278447628,
            -0.03684886172413826
        ],
        [
            0.07594683766365051,
            0.03338546305894852,
            -0.01929362863302231
        ],
        [
            0.07293422520160675,
            0.05260124430060387,
            0.004267944023013115
        ],
        [
            0.08113010227680206,
            0.04811469838023186,
            0.009188123047351837
        ],
        [
            0.08069662749767303,
            0.04573545604944229,
            -0.001073390245437622
        ],
        [
            0.07314541190862656,
            0.049698539078235626,
            -0.0030949264764785767
        ],
        [
            0.05919398367404938,
            0.053932562470436096,
            0.012023735791444778
        ],
        [
            0.0625467300415039,
            0.057282693684101105,
            0.0057667326182127
        ],
        [
            0.05570349469780922,
            0.06128370016813278,
            0.001762673258781433
        ],
        [
            0.051732420921325684,
            0.05932731181383133,
            0.007624456658959389
        ],
        [
            0.09496316313743591,
            0.03827902674674988,
            -0.06109074875712395
        ],
        [
            0.09150668233633041,
            0.019963547587394714,
            -0.05724053084850311
        ],
        [
            0.0943320095539093,
            0.02715059369802475,
            0.026267360895872116
        ],
        [
            0.09990190714597702,
            0.0219271220266819,
            0.027598798274993896
        ],
        [
            0.10438615828752518,
            0.015702877193689346,
            0.031157005578279495
        ],
        [
            0.09460209310054779,
            0.027566153556108475,
            -0.008203886449337006
        ],
        [
            0.10585183650255203,
            0.021771332249045372,
            -0.0016366243362426758
        ],
        [
            0.10618782043457031,
            0.019843814894557,
            -0.00570085272192955
        ],
        [
            0.09366711974143982,
            0.024847593158483505,
            -0.011106420308351517
        ],
        [
            0.09323932230472565,
            0.02618158794939518,
            -0.02263467386364937
        ],
        [
            0.1045905351638794,
            0.023023054003715515,
            -0.01761491969227791
        ],
        [
            0.09415900707244873,
            0.03472726792097092,
            -0.027203742414712906
        ],
        [
            0.11362351477146149,
            0.009525276720523834,
            0.00035682693123817444
        ],
        [
            0.1170620545744896,
            0.008536580950021744,
            0.010894082486629486
        ],
        [
            0.1189408004283905,
            0.0028940103948116302,
            0.004268769174814224
        ],
        [
            0.11363165825605392,
            0.012762483209371567,
            0.01900113746523857
        ],
        [
            0.10933692008256912,
            0.01562533527612686,
            0.026211034506559372
        ],
        [
            0.08304969221353531,
            -0.00020890310406684875,
            0.03848954290151596
        ],
        [
            0.11916849762201309,
            -0.002540420740842819,
            -0.0019502714276313782
        ],
        [
            0.10556991398334503,
            0.04849378019571304,
            -0.03874972090125084
        ],
        [
            0.10605256259441376,
            0.05433367192745209,
            -0.045311473309993744
        ],
        [
            0.09866811335086823,
            0.05468141287565231,
            -0.04423801228404045
        ],
        [
            0.09734366834163666,
            0.048959940671920776,
            -0.03829871118068695
        ],
        [
            0.049192506819963455,
            0.024331284686923027,
            -0.07016635686159134
        ],
        [
            0.05453264340758324,
            0.02950415015220642,
            -0.0705178827047348
        ],
        [
            0.06325552612543106,
            0.027445374056696892,
            -0.06489810347557068
        ],
        [
            0.09556923061609268,
            0.03647015243768692,
            0.002754930406808853
        ],
        [
            0.09296681731939316,
            0.03862237185239792,
            0.014803435653448105
        ],
        [
            0.050539083778858185,
            0.04220699146389961,
            -0.06136524677276611
        ],
        [
            0.022074617445468903,
            0.043075717985630035,
            -0.08129120618104935
        ],
        [
            0.02668999694287777,
            0.04544156789779663,
            -0.08406955003738403
        ],
        [
            0.037567880004644394,
            0.0334705114364624,
            -0.07729528844356537
        ],
        [
            0.03186451643705368,
            0.03116481564939022,
            -0.07454215735197067
        ],
        [
            0.038676343858242035,
            0.04383564367890358,
            -0.060884278267621994
        ],
        [
            0.04522014409303665,
            0.04386803135275841,
            -0.06292903423309326
        ],
        [
            0.041900329291820526,
            0.04466583579778671,
            -0.0631926879286766
        ],
        [
            0.036201562732458115,
            0.0458625853061676,
            -0.060388583689928055
        ],
        [
            0.038725417107343674,
            0.059449732303619385,
            -0.028530612587928772
        ],
        [
            0.04427625983953476,
            0.05703771114349365,
            -0.024810688570141792
        ],
        [
            0.03460371121764183,
            0.02712729573249817,
            -0.04938251152634621
        ],
        [
            0.03884340450167656,
            0.018057135865092278,
            -0.05803249403834343
        ],
        [
            0.047214459627866745,
            0.014342719689011574,
            -0.05179457366466522
        ],
        [
            0.058461084961891174,
            0.0447952076792717,
            -0.026291918009519577
        ],
        [
            0.05063784122467041,
            0.050006501376628876,
            -0.03121589869260788
        ],
        [
            0.05016542226076126,
            0.051675163209438324,
            -0.027498770505189896
        ],
        [
            0.052435651421546936,
            0.043036311864852905,
            -0.052535660564899445
        ],
        [
            0.04639587923884392,
            0.04448917508125305,
            -0.057730887085199356
        ],
        [
            0.04672206565737724,
            0.04560638591647148,
            -0.05273625999689102
        ],
        [
            0.05211733654141426,
            0.0440777949988842,
            -0.04704813286662102
        ],
        [
            0.06152384728193283,
            0.03829117864370346,
            0.018659276887774467
        ],
        [
            0.06855707615613937,
            0.047413334250450134,
            0.017801182344555855
        ],
        [
            0.026883471757173538,
            0.056551627814769745,
            -0.08602079004049301
        ],
        [
            0.028767166659235954,
            0.05292883142828941,
            -0.08485613018274307
        ],
        [
            0.0668073520064354,
            0.03958868235349655,
            -0.020412622019648552
        ],
        [
            0.057461611926555634,
            0.009095665067434311,
            -0.044166795909404755
        ],
        [
            0.0758017897605896,
            0.03594784438610077,
            -0.014446355402469635
        ],
        [
            0.030887026339769363,
            0.048314694315195084,
            -0.013672790490090847
        ],
        [
            0.03383937478065491,
            0.055974192917346954,
            -0.01333228126168251
        ],
        [
            0.030931465327739716,
            0.058291152119636536,
            -0.017492054030299187
        ],
        [
            0.026555117219686508,
            0.053918272256851196,
            -0.018079645931720734
        ],
        [
            0.025755956768989563,
            0.05442462116479874,
            -0.06559720635414124
        ],
        [
            0.029763633385300636,
            0.05671798065304756,
            -0.06891754269599915
        ],
        [
            0.0273321233689785,
            0.05936887860298157,
            -0.07065431773662567
        ],
        [
            0.022706057876348495,
            0.057460252195596695,
            -0.06779128313064575
        ],
        [
            0.04873673617839813,
            0.04162846878170967,
            -0.06695330142974854
        ],
        [
            0.05079317092895508,
            0.03714403137564659,
            -0.07120174914598465
        ],
        [
            0.04524439200758934,
            0.04147914797067642,
            -0.07287543267011642
        ],
        [
            0.04375458136200905,
            0.04397708177566528,
            -0.06782417744398117
        ],
        [
            0.04721622169017792,
            0.03287150338292122,
            -0.07414618879556656
        ],
        [
            0.04261130839586258,
            0.03712574392557144,
            -0.0764588937163353
        ],
        [
            0.021047959104180336,
            0.050057973712682724,
            -0.06565434485673904
        ],
        [
            0.017953118309378624,
            0.04502365365624428,
            -0.0701952800154686
        ],
        [
            0.026552241295576096,
            0.03542652353644371,
            -0.06296523660421371
        ],
        [
            0.02940385788679123,
            0.04242834076285362,
            -0.06066099554300308
        ],
        [
            0.06046561151742935,
            0.011684093624353409,
            0.004614897072315216
        ],
        [
            0.061671141535043716,
            0.018195364624261856,
            0.01350519061088562
        ],
        [
            0.05243770405650139,
            0.02740051969885826,
            0.006360519677400589
        ],
        [
            0.04272498935461044,
            0.03594551980495453,
            8.576549589633942e-05
        ],
        [
            0.03453293442726135,
            0.04420861601829529,
            -0.0070432014763355255
        ],
        [
            0.031157247722148895,
            0.03620457649230957,
            -0.01582122966647148
        ],
        [
            0.054812755435705185,
            0.03149376064538956,
            0.012888079509139061
        ],
        [
            0.03307981789112091,
            0.03933355212211609,
            -0.05638626590371132
        ],
        [
            0.0330946147441864,
            0.0298514012247324,
            -0.057836439460515976
        ],
        [
            0.031786173582077026,
            0.0333365872502327,
            -0.053428635001182556
        ],
        [
            0.07601660490036011,
            0.04090391471982002,
            -0.008941054344177246
        ],
        [
            0.030796054750680923,
            0.04872026666998863,
            -0.08362811803817749
        ],
        [
            0.0896795466542244,
            -0.01919708028435707,
            -0.0063570961356163025
        ],
        [
            0.08242321014404297,
            -0.01584242284297943,
            0.0048477016389369965
        ],
        [
            0.07851621508598328,
            -0.011956967413425446,
            -0.0020251385867595673
        ],
        [
            0.0872485339641571,
            -0.014812111854553223,
            -0.01523168757557869
        ],
        [
            0.033139538019895554,
            0.05597534775733948,
            -0.07478781044483185
        ],
        [
            0.03383569419384003,
            0.05310773104429245,
            -0.08034157752990723
        ],
        [
            0.04287160187959671,
            0.060741838067770004,
            -0.019526919350028038
        ],
        [
            0.03791574016213417,
            0.0617690235376358,
            -0.023277223110198975
        ],
        [
            0.0351334884762764,
            0.06258272379636765,
            -0.0204105656594038
        ],
        [
            0.039838336408138275,
            0.06440617144107819,
            -0.0160079225897789
        ],
        [
            0.06384602934122086,
            0.021075256168842316,
            0.01816515065729618
        ],
        [
            0.04063782840967178,
            0.05955825746059418,
            0.006114130839705467
        ],
        [
            0.0346560925245285,
            0.05197358503937721,
            0.001903226599097252
        ],
        [
            0.06979783624410629,
            0.009910766035318375,
            0.019395720213651657
        ],
        [
            0.06834395974874496,
            0.0037617720663547516,
            0.011976499110460281
        ],
        [
            0.074011892080307,
            -0.0015789270401000977,
            0.017752941697835922
        ],
        [
            0.02885391376912594,
            0.03537731617689133,
            -0.031079772859811783
        ],
        [
            0.05892921984195709,
            0.008543264120817184,
            -0.003272678703069687
        ],
        [
            0.06788245588541031,
            0.0008074454963207245,
            0.004960786551237106
        ],
        [
            0.07461658120155334,
            -0.0057325586676597595,
            0.011530708521604538
        ],
        [
            0.07885650545358658,
            -0.010385897010564804,
            0.0169399231672287
        ],
        [
            0.07789959758520126,
            -0.005243238061666489,
            0.02317444235086441
        ],
        [
            0.018966088071465492,
            0.04344973713159561,
            -0.07582635432481766
        ],
        [
            0.01501581259071827,
            0.049738600850105286,
            -0.07265976816415787
        ],
        [
            0.08101356774568558,
            -0.010262768715620041,
            0.030041400343179703
        ],
        [
            0.08252585679292679,
            -0.015458427369594574,
            0.022530347108840942
        ],
        [
            0.06877319514751434,
            -0.002735558897256851,
            -0.003474302589893341
        ],
        [
            0.07130797207355499,
            -0.00598921999335289,
            -0.014735359698534012
        ],
        [
            0.0602128729224205,
            0.005078952759504318,
            -0.011126704514026642
        ],
        [
            0.061743222177028656,
            0.0023292824625968933,
            -0.022483184933662415
        ],
        [
            0.030579062178730965,
            0.026525070890784264,
            -0.03671367093920708
        ],
        [
            0.009096108376979828,
            0.0664612278342247,
            -0.07703599333763123
        ],
        [
            0.013966210186481476,
            0.05795017629861832,
            -0.07163385301828384
        ],
        [
            0.018770258873701096,
            0.06084081530570984,
            -0.07026880979537964
        ],
        [
            0.01204104907810688,
            0.06848632544279099,
            -0.07466013729572296
        ],
        [
            0.018063152208924294,
            0.05389091372489929,
            -0.06823275238275528
        ],
        [
            0.012475550174713135,
            0.054192446172237396,
            -0.07563762366771698
        ],
        [
            0.0686284750699997,
            0.0018208324909210205,
            -0.03671715781092644
        ],
        [
            0.039487387984991074,
            0.046774670481681824,
            -0.05687252804636955
        ],
        [
            0.08232171833515167,
            -0.0059475526213645935,
            -0.031004279851913452
        ],
        [
            0.07502636313438416,
            0.008381452411413193,
            -0.052437230944633484
        ],
        [
            0.08692148327827454,
            0.00448894128203392,
            -0.04828070476651192
        ],
        [
            0.0980178713798523,
            -0.013415627181529999,
            -0.025510303676128387
        ],
        [
            0.09950392693281174,
            -0.0028674937784671783,
            -0.04077022150158882
        ],
        [
            0.10170844197273254,
            -0.022329024970531464,
            -0.00790531188249588
        ],
        [
            0.09836426377296448,
            -0.018035728484392166,
            -0.01561402902007103
        ],
        [
            0.10111486911773682,
            0.012551393359899521,
