{
    "pred_cam": [
        9.98380184173584,
        0.1366930454969406,
        -0.056294552981853485
    ],
    "pred_mano_params": {
        "global_orient": [
            [
                [
                    -0.6788718700408936,
                    0.1799551248550415,
                    0.7118630409240723
                ],
                [
                    -0.718367874622345,
                    -0.36337748169898987,
                    -0.59321528673172
                ],
                [
                    0.15192288160324097,
                    -0.9140967130661011,
                    0.37596073746681213
                ]
            ]
        ],
        "hand_pose": [
            [
                [
                    0.8327987194061279,
                    -0.441243052482605,
                    -0.3342916965484619
                ],
                [
                    0.46233242750167847,
                    0.8865165114402771,
                    -0.018365338444709778
                ],
                [
                    0.3044586479663849,
                    -0.1392592489719391,
                    0.9422907829284668
                ]
            ],
            [
                [
                    0.6822054982185364,
                    -0.6851706504821777,
                    0.25521916151046753
                ],
                [
                    0.7302043437957764,
                    0.6563045978546143,
                    -0.1899101883172989
                ],
                [
                    -0.0373806394636631,
                    0.3159199059009552,
                    0.9480491876602173
                ]
            ],
            [
                [
                    0.7877486348152161,
                    -0.572384774684906,
                    0.22765709459781647
                ],
                [
                    0.5192144513130188,
                    0.8158382177352905,
                    0.25460630655288696
                ],
                [
                    -0.33146414160728455,
                    -0.08236293494701385,
                    0.9398658871650696
                ]
            ],
            [
                [
                    0.8341601490974426,
                    -0.5112941265106201,
                    -0.20677335560321808
                ],
                [
                    0.5391137599945068,
                    0.8349980115890503,
                    0.11015727370977402
                ],
                [
                    0.11633259057998657,
                    -0.20336316525936127,
                    0.9721677899360657
                ]
            ],
            [
                [
                    0.6312730312347412,
                    -0.7452900409698486,
                    -0.21456263959407806
                ],
                [
                    0.7720870971679688,
                    0.577762246131897,
                    0.2647117078304291
                ],
                [
                    -0.07332079857587814,
                    -0.3327663838863373,
                    0.9401545524597168
                ]
            ],
            [
                [
                    0.8560336828231812,
                    -0.5113462805747986,
                    0.07570625841617584
                ],
                [
                    0.5118354558944702,
                    0.8589650392532349,
                    0.01426797267049551
                ],
                [
                    -0.07232490181922913,
                    0.026535283774137497,
                    0.9970281720161438
                ]
            ],
            [
                [
                    0.7995131611824036,
                    -0.48948413133621216,
                    0.34811487793922424
                ],
                [
                    0.40044212341308594,
                    0.8663471341133118,
                    0.298477441072464
                ],
                [
                    -0.4476883113384247,
                    -0.09923680126667023,
                    0.8886659741401672
                ]
            ],
            [
                [
                    0.5585258603096008,
                    -0.7882716655731201,
                    -0.2582181990146637
                ],
                [
                    0.6477718353271484,
                    0.22005482017993927,
                    0.7293609976768494
                ],
                [
                    -0.5181124806404114,
                    -0.5746334195137024,
                    0.6335265040397644
                ]
            ],
            [
                [
                    0.8399422764778137,
                    -0.5404866337776184,
                    0.04869433864951134
                ],
                [
                    0.48800474405288696,
                    0.7915266752243042,
                    0.3678816556930542
                ],
                [
                    -0.23737798631191254,
                    -0.28523629903793335,
                    0.9285967350006104
                ]
            ],
            [
                [
                    0.7649363875389099,
                    -0.6413255929946899,
                    -0.059781335294246674
                ],
                [
                    0.6430837512016296,
                    0.7656526565551758,
                    0.014812905341386795
                ],
                [
                    0.0362718366086483,
                    -0.04977533221244812,
                    0.9981016516685486
                ]
            ],
            [
                [
                    0.3790774941444397,
                    -0.9003059267997742,
                    -0.21389149129390717
                ],
                [
                    0.7798303961753845,
                    0.1863744854927063,
                    0.5976027846336365
                ],
                [
                    -0.49816134572029114,
                    -0.3933368921279907,
                    0.7727363109588623
                ]
            ],
            [
                [
                    0.8568892478942871,
                    -0.5152952075004578,
                    0.014549430459737778
                ],
                [
                    0.5097265839576721,
                    0.8511664271354675,
                    0.12527820467948914
                ],
                [
                    -0.07693924009799957,
                    -0.09993331879377365,
                    0.99201500415802
                ]
            ],
            [
                [
                    0.7728917002677917,
                    0.07922569662332535,
                    -0.6295726895332336
                ],
                [
                    -0.5549502968788147,
                    0.5654943585395813,
                    -0.6101198792457581
                ],
                [
                    0.307682603597641,
                    0.8209381699562073,
                    0.48103222250938416
                ]
            ],
            [
                [
                    0.8738839626312256,
                    -0.3125839829444885,
                    -0.37231460213661194
                ],
                [
                    0.47193095088005066,
                    0.7292672991752625,
                    0.49542951583862305
                ],
                [
                    0.11665356159210205,
                    -0.6086546778678894,
                    0.7848130464553833
                ]
            ],
            [
                [
                    0.762124240398407,
                    -0.6410806775093079,
                    0.0904550850391388
                ],
                [
                    0.6141811013221741,
                    0.6716952919960022,
                    -0.4142548143863678
                ],
                [
                    0.20481251180171967,
                    0.37126946449279785,
                    0.9056549072265625
                ]
            ]
        ],
        "betas": [
            -0.03601500391960144,
            -0.1302689015865326,
            -0.05736666917800903,
            -0.029006153345108032,
            0.09178227186203003,
            -0.007697101682424545,
            0.051648855209350586,
            -0.010801613330841064,
            -0.021153151988983154,
            -0.03916198015213013
        ]
    },
    "pred_cam_t": [
        -0.1366930454969406,
        -0.056294552981853485,
        3.9125876426696777
    ],
    "focal_length": [
        5000.0,
        5000.0
    ],
    "pred_keypoints_3d": [
        [
            0.09597057104110718,
            0.0064108045771718025,
            0.006225324235856533
        ],
        [
            0.12797781825065613,
            0.014019292779266834,
            0.02642682194709778
        ],
        [
            0.15217271447181702,
            0.033150672912597656,
            0.026909884065389633
        ],
        [
            0.16498436033725739,
            0.055741555988788605,
            0.01895127445459366
        ],
        [
            0.17383289337158203,
            0.08632057905197144,
            0.031012605875730515
        ],
        [
            0.16963493824005127,
            0.059510063380002975,
            0.005338257644325495
        ],
        [
            0.1817602962255478,
            0.0901656448841095,
            0.008293191902339458
        ],
        [
            0.17965984344482422,
            0.10226806253194809,
            0.026871323585510254
        ],
        [
            0.1754477173089981,
            0.10184157639741898,
            0.05091721564531326
        ],
        [
            0.1576717346906662,
            0.07715345919132233,
            -0.008076204918324947
        ],
        [
            0.16565141081809998,
            0.10710138827562332,
            -0.00096936896443367
        ],
        [
            0.16229236125946045,
            0.11521528661251068,
            0.02067982219159603
        ],
        [
            0.15903860330581665,
            0.11507567763328552,
            0.04609006270766258
        ],
        [
            0.13191679120063782,
            0.08260594308376312,
            -0.012671028263866901
        ],
        [
            0.13997182250022888,
            0.10875876247882843,
            -0.003181817941367626
        ],
        [
            0.13455887138843536,
            0.10484673082828522,
            0.020790547132492065
        ],
        [
            0.12967036664485931,
            0.09270161390304565,
            0.042471956461668015
        ],
        [
            0.11028687655925751,
            0.08531226217746735,
            -0.011438560672104359
        ],
        [
            0.11818311363458633,
            0.10420049726963043,
            -0.0058936323039233685
        ],
        [
            0.11606147140264511,
            0.10317210853099823,
            0.013008706271648407
        ],
        [
            0.11297261714935303,
            0.09211357682943344,
            0.02748151496052742
        ]
    ],
    "pred_vertices": [
        [
            0.13679581880569458,
            0.03760597109794617,
            0.018624430522322655
        ],
        [
            0.12766964733600616,
            0.030375348404049873,
            0.020639389753341675
        ],
        [
            0.13559255003929138,
            0.03484543785452843,
            0.021471183747053146
        ],
        [
            0.14425663650035858,
            0.03909449651837349,
            0.021043099462985992
        ],
        [
            0.1265944242477417,
            0.03065616264939308,
            0.03673230856657028
        ],
        [
            0.13035047054290771,
            0.022059373557567596,
            0.044428542256355286
        ],
        [
            0.1443553864955902,
            0.034176379442214966,
            0.04101398214697838
        ],
        [
            0.13827787339687347,
            0.04019628465175629,
            0.03535383567214012
        ],
        [
            0.15086963772773743,
            0.040293000638484955,
            0.020108811557292938
        ],
        [
            0.14244410395622253,
            0.03915754705667496,
            0.022185247391462326
        ],
        [
            0.15289470553398132,
            0.03827250748872757,
            0.015732545405626297
        ],
        [
            0.16375985741615295,
            0.03771163523197174,
            0.011129000224173069
        ],
        [
            0.15993353724479675,
            0.04184529930353165,
            0.016807788982987404
        ],
        [
            0.17005276679992676,
            0.04194507747888565,
            0.00780232809484005
        ],
        [
            0.16224829852581024,
            0.028873706236481667,
            0.005298886448144913
        ],
        [
            0.16926440596580505,
            0.040302108973264694,
            -0.0011657546274363995
        ],
        [
            0.1444179266691208,
            0.03287984058260918,
            -0.012020720168948174
        ],
        [
            0.13301333785057068,
            0.038070932030677795,
            -0.01687026582658291
        ],
        [
            0.14299063384532928,
            0.05177389085292816,
            -0.01975567638874054
        ],
        [
            0.15350942313671112,
            0.04562145844101906,
            -0.013677657581865788
        ],
        [
            0.12262079119682312,
            0.05577946454286575,
            -0.02130969613790512
        ],
        [
            0.13436587154865265,
            0.05435492843389511,
            -0.020791826769709587
        ],
        [
            0.1245434582233429,
            0.040232300758361816,
            -0.019033048301935196
        ],
        [
            0.1144871637225151,
            0.04231877997517586,
            -0.0194256529211998
        ],
        [
            0.12315204739570618,
            0.039282601326704025,
            0.013984705321490765
        ],
        [
            0.1147715225815773,
            0.03158541023731232,
            0.016630452126264572
        ],
        [
            0.11944764852523804,
            0.029523830860853195,
            0.017802709713578224
        ],
        [
            0.12777072191238403,
            0.03746653348207474,
            0.01561765931546688
        ],
        [
            0.15611839294433594,
            0.035688746720552444,
            0.014578751288354397
        ],
        [
            0.1572713851928711,
            0.02422882243990898,
            0.01563454605638981
        ],
        [
            0.15618978440761566,
            0.031010497361421585,
            0.013237940147519112
        ],
        [
            0.15304414927959442,
            0.04010096937417984,
            0.015347149223089218
        ],
        [
            0.08961702138185501,
            0.021351303905248642,
            0.024236340075731277
        ],
        [
            0.08431854099035263,
            0.00925946980714798,
            0.02139822393655777
        ],
        [
            0.0890575647354126,
            0.0061142295598983765,
            0.023089313879609108
        ],
        [
            0.09293544292449951,
            0.017651908099651337,
            0.025096848607063293
        ],
        [
            0.10941639542579651,
            0.00446942076086998,
            0.03766386955976486
        ],
        [
            0.10320834815502167,
            -0.0037097036838531494,
            0.030007436871528625
        ],
        [
            0.10862261056900024,
            -0.015600856393575668,
            0.025730397552251816
        ],
        [
            0.11720646172761917,
            -0.008846256881952286,
            0.03069286048412323
        ],
        [
            0.11960470676422119,
            0.01350836455821991,
            0.043135739862918854
        ],
        [
            0.12596042454242706,
            0.0011541247367858887,
            0.040113240480422974
        ],
        [
            0.13731443881988525,
            0.012824852019548416,
            0.04358431696891785
        ],
        [
            0.15069544315338135,
            0.02722933515906334,
            0.04006246104836464
        ],
        [
            0.07463455945253372,
            0.01497594267129898,
            0.015203580260276794
        ],
        [
            0.07694828510284424,
            0.024786174297332764,
            0.016854463145136833
        ],
        [
            0.1802673041820526,
            0.08486535400152206,
            0.020786944776773453
        ],
        [
            0.1748386174440384,
            0.08753474056720734,
            0.020301908254623413
        ],
        [
            0.17421911656856537,
            0.08454085886478424,
            0.01931902766227722
        ],
        [
            0.1797703355550766,
            0.08266819268465042,
            0.01992594450712204
        ],
        [
            0.0727890208363533,
            0.022196583449840546,
            -0.0035997573286294937
        ],
        [
            0.07621263712644577,
            0.01912655681371689,
            -0.01258723996579647
        ],
        [
            0.0709986686706543,
            0.014402978122234344,
            -0.010570434853434563
        ],
        [
            0.06904508173465729,
            0.01594732701778412,
            -0.0014893999323248863
        ],
        [
            0.07782170176506042,
            0.030428364872932434,
            -0.006279481574892998
        ],
        [
            0.08372090756893158,
            0.025630339980125427,
            -0.014638228341937065
        ],
        [
            0.18886977434158325,
            0.09063035249710083,
            0.013104475103318691
        ],
        [
            0.1880900263786316,
            0.08746969699859619,
            0.017169950529932976
        ],
        [
            0.18795764446258545,
            0.08456097543239594,
            0.01383149717003107
        ],
        [
            0.18772408366203308,
            0.08694063872098923,
            0.009081719443202019
        ],
        [
            0.15338796377182007,
            0.043982863426208496,
            0.019677069038152695
        ],
        [
            0.14469170570373535,
            0.04504889249801636,
            0.018240801990032196
        ],
        [
            0.16502317786216736,
            0.05743521451950073,
            0.016619578003883362
        ],
        [
            0.15641571581363678,
            0.053103700280189514,
            0.01603470742702484
        ],
        [
            0.1615871787071228,
            0.048413168638944626,
            0.01735030487179756
        ],
        [
            0.16863667964935303,
            0.052392859011888504,
            0.016428478062152863
        ],
        [
            0.1348140388727188,
            0.05845707282423973,
            0.007932777516543865
        ],
        [
            0.12782825529575348,
            0.049232855439186096,
            0.010034848004579544
        ],
        [
            0.13396690785884857,
            0.04787231981754303,
            0.011817933060228825
        ],
        [
            0.14289003610610962,
            0.057528700679540634,
            0.010890149511396885
        ],
        [
            0.11494901776313782,
            0.054910048842430115,
            0.008196053095161915
        ],
        [
            0.12296628952026367,
            0.06339439004659653,
            0.005840817466378212
        ],
        [
            0.11473612487316132,
            0.06567054986953735,
            0.00506020151078701
        ],
        [
            0.11031000316143036,
            0.05952617898583412,
            0.007813786156475544
        ],
        [
            0.1393798291683197,
            0.07568253576755524,
            0.002369401976466179
        ],
        [
            0.14436601102352142,
            0.0802486464381218,
            0.0008017309010028839
        ],
        [
            0.14157065749168396,
            0.08294384181499481,
            1.1331401765346527e-05
        ],
        [
            0.1360166370868683,
            0.07675395905971527,
            0.0012548593804240227
        ],
        [
            0.06639573723077774,
            0.009088970720767975,
            -0.009439232759177685
        ],
        [
            0.06628362089395523,
            0.009442217648029327,
            0.0003916621208190918
        ],
        [
            0.10175936669111252,
            0.0618351474404335,
            -0.01956823654472828
        ],
        [
            0.09260673820972443,
            0.06262635439634323,
            -0.013120805844664574
        ],
        [
            0.09753286093473434,
            0.07480133324861526,
            -0.01508001983165741
        ],
        [
            0.10608880966901779,
            0.07064254581928253,
            -0.021883763372898102
        ],
        [
            0.08425113558769226,
            0.01492597907781601,
            -0.01764979213476181
        ],
        [
            0.07752952724695206,
            0.010830916464328766,
            -0.017344780266284943
        ],
        [
            0.18585354089736938,
            0.09455960988998413,
            0.0092476736754179
        ],
        [
            0.18431749939918518,
            0.09056545794010162,
            0.0054423511028289795
        ],
        [
            0.14068669080734253,
            0.0025993846356868744,
            0.03447015956044197
        ],
        [
            0.15466514229774475,
            0.020375479012727737,
            0.03508295118808746
        ],
        [
            0.12845483422279358,
            -0.008507497608661652,
            0.02753789909183979
        ],
        [
            0.11987213045358658,
            -0.014719486236572266,
            0.01995095983147621
        ],
        [
            0.11326329410076141,
            -0.021040070801973343,
            0.015680884942412376
        ],
        [
            0.15424878895282745,
            0.058905500918626785,
            0.013765312731266022
        ],
        [
            0.13622862100601196,
            0.04368279129266739,
            0.015342120081186295
        ],
        [
            0.11864689737558365,
            0.041194502264261246,
            0.012823358178138733
        ],
        [
            0.09296908974647522,
            0.0580025278031826,
            0.009588814340531826
        ],
        [
            0.08699396252632141,
            0.04961036145687103,
            0.01228067371994257
        ],
        [
            0.09726732969284058,
            0.048383016139268875,
            0.014974094927310944
        ],
        [
            0.10046866536140442,
            0.055807918310165405,
            0.011440077796578407
        ],
        [
            0.08970853686332703,
            0.06605090200901031,
            -0.004379224963486195
        ],
        [
            0.0936281755566597,
            0.06745810061693192,
            0.0024460740387439728
        ],
        [
            0.09840984642505646,
            0.07503250986337662,
            -2.2893771529197693e-05
        ],
        [
            0.09492626786231995,
            0.07543468475341797,
            -0.0066228946670889854
        ],
        [
            0.1615149825811386,
            0.0320427305996418,
            0.01730332151055336
        ],
        [
            0.15841807425022125,
            0.01890093833208084,
            0.01942172646522522
        ],
        [
            0.07241640239953995,
            0.023639053106307983,
            0.006908253766596317
        ],
        [
            0.07078956067562103,
            0.016161561012268066,
            0.00852484442293644
        ],
        [
            0.06772444397211075,
            0.008242413401603699,
            0.007920162752270699
        ],
        [
            0.10289622843265533,
            0.025764085352420807,
            0.022050336003303528
        ],
        [
            0.09522851556539536,
            0.015089176595211029,
            0.026091085746884346
        ],
        [
            0.09901644289493561,
            0.013700556010007858,
            0.028741829097270966
        ],
        [
            0.10551662743091583,
            0.02374511957168579,
            0.02240787260234356
        ],
        [
            0.11922268569469452,
            0.026894517242908478,
            0.026559792459011078
        ],
        [
            0.11375312507152557,
            0.0206163227558136,
            0.0362885557115078
        ],
        [
            0.1284281611442566,
            0.03513219207525253,
            0.025988800451159477
        ],
        [
            0.09452852606773376,
            0.000604487955570221,
            0.025960702449083328
        ],
        [
            0.08421795815229416,
            -0.0029630884528160095,
            0.023116810247302055
        ],
        [
            0.09112516790628433,
            -0.008267566561698914,
            0.024958239868283272
        ],
        [
            0.07677935063838959,
            0.0018461942672729492,
            0.01892416551709175
        ],
        [
            0.07074498385190964,
            0.00597604364156723,
            0.013846085406839848
        ],
        [
            0.07158686220645905,
            0.005047589540481567,
            -0.019445065408945084
        ],
        [
            0.09820305556058884,
            -0.01263561099767685,
            0.025170255452394485
        ],
        [
            0.14643904566764832,
            0.04446857422590256,
            0.03351883217692375
        ],
        [
            0.15223927795886993,
            0.04802830517292023,
            0.031191715970635414
        ],
        [
            0.14813482761383057,
            0.04848898947238922,
            0.025021228939294815
        ],
        [
            0.1437990963459015,
            0.04500386863946915,
            0.026127208024263382
        ],
        [
            0.17602753639221191,
            0.049387335777282715,
            0.00489426776766777
        ],
        [
            0.17342527210712433,
            0.050597235560417175,
            0.012614773586392403
        ],
        [
            0.16669152677059174,
            0.04369078576564789,
            0.014662523753941059
        ],
        [
            0.09147322177886963,
            0.032525062561035156,
            0.021277617663145065
        ],
        [
            0.08054114878177643,
            0.03496642783284187,
            0.015408990904688835
        ],
        [
            0.16268609464168549,
            0.06297986954450607,
            0.014063835144042969
        ],
        [
            0.18712756037712097,
            0.08340532332658768,
            0.005907390266656876
        ],
        [
            0.18767455220222473,
            0.08077521622180939,
            0.01133539155125618
        ],
        [
            0.1829681694507599,
            0.06466323882341385,
            0.007208025082945824
        ],
        [
            0.18242469429969788,
            0.06744248420000076,
            0.0008743591606616974
        ],
        [
            0.16461990773677826,
            0.07100129872560501,
            0.007110148668289185
        ],
        [
            0.16490785777568817,
            0.06673546135425568,
            0.013021757826209068
        ],
        [
            0.1654033213853836,
            0.06903716176748276,
            0.011918839067220688
        ],
        [
            0.16354843974113464,
            0.07395857572555542,
            0.007881439290940762
        ],
        [
            0.13230584561824799,
            0.08317450433969498,
            -0.0009290454909205437
        ],
        [
            0.12757574021816254,
            0.07792717963457108,
            0.00039330124855041504
        ],
        [
            0.16110339760780334,
            0.05982460454106331,
            -0.012415215373039246
        ],
        [
            0.17029720544815063,
            0.05056475102901459,
            -0.010523702949285507
        ],
        [
            0.1626143753528595,
            0.040243685245513916,
            -0.008946111425757408
        ],
        [
            0.12774059176445007,
            0.06045318767428398,
            0.0065286168828606606
        ],
        [
            0.13336603343486786,
            0.06910242885351181,
            0.004460528027266264
        ],
        [
            0.12963680922985077,
            0.0705874115228653,
            0.0034291595220565796
        ],
        [
            0.15406419336795807,
            0.06317370384931564,
            0.011414162814617157
        ],
        [
            0.15998050570487976,
            0.0672755315899849,
            0.010433259420096874
        ],
        [
            0.15526875853538513,
            0.06799532473087311,
            0.0080723837018013
        ],
        [
            0.14895714819431305,
            0.0641435906291008,
            0.009306352585554123
        ],
        [
            0.08676072955131531,
            0.05078069865703583,
            -0.011821890249848366
        ],
        [
            0.08308225870132446,
            0.05505033954977989,
            -0.0016706530004739761
        ],
        [
            0.18500564992427826,
            0.08510462939739227,
            0.019843431189656258
        ],
        [
            0.18487848341464996,
            0.08273935317993164,
            0.017914868891239166
        ],
        [
            0.12103961408138275,
            0.051362648606300354,
            0.008642054162919521
        ],
        [
            0.15281294286251068,
            0.029256809502840042,
            -0.005879070609807968
        ],
        [
            0.1136147677898407,
            0.04324370622634888,
            0.011934584006667137
        ],
        [
            0.12399143725633621,
            0.07797188311815262,
            -0.019249534234404564
        ],
        [
            0.12122923880815506,
            0.08281943202018738,
            -0.0137501060962677
        ],
        [
            0.12483237683773041,
            0.08664409071207047,
            -0.011940278112888336
        ],
        [
            0.1277807205915451,
            0.0856006070971489,
            -0.016912218183279037
        ],
        [
            0.1676250845193863,
            0.08708763122558594,
            0.009901465848088264
        ],
        [
            0.16907614469528198,
            0.08528487384319305,
            0.015249710530042648
        ],
        [
            0.16977354884147644,
            0.08769300580024719,
            0.016181141138076782
        ],
        [
            0.1689484417438507,
            0.09096869826316833,
            0.011223425157368183
        ],
        [
            0.16833648085594177,
            0.06279371678829193,
            0.01568961888551712
        ],
        [
            0.17289690673351288,
            0.05848679691553116,
            0.015959719195961952
        ],
        [
            0.1745632141828537,
            0.06454786658287048,
            0.015945231541991234
        ],
        [
            0.1694331020116806,
            0.06728105992078781,
            0.014626547694206238
        ],
        [
            0.17774301767349243,
            0.05739173665642738,
            0.011834009550511837
        ],
        [
            0.179836243391037,
            0.0634102001786232,
            0.01253789197653532
        ],
        [
            0.17013244330883026,
            0.08861604332923889,
            0.004131811670958996
        ],
        [
            0.17698156833648682,
            0.08848688751459122,
            0.0008634454570710659
        ],
        [
            0.17129677534103394,
            0.07427708804607391,
            -0.004262367729097605
        ],
        [
            0.16614937782287598,
            0.07684270292520523,
            0.001271719578653574
        ],
        [
            0.10695913434028625,
            0.029153257608413696,
            -0.018931396305561066
        ],
        [
            0.0967065840959549,
            0.03358946368098259,
            -0.018493928015232086
        ],
        [
            0.10391511768102646,
            0.04682090878486633,
            -0.01911182701587677
        ],
        [
            0.11068466305732727,
            0.05986075848340988,
            -0.020976100116968155
        ],
        [
            0.11779250204563141,
            0.07189004868268967,
            -0.021541602909564972
        ],
        [
            0.1290326714515686,
            0.06738148629665375,
            -0.024121904745697975
        ],
        [
            0.0960298702120781,
            0.048734795302152634,
            -0.017949087545275688
        ],
        [
            0.16404759883880615,
            0.07012584060430527,
            -0.0032377734314650297
        ],
        [
            0.16766925156116486,
            0.06439603865146637,
            -0.00743380282074213
        ],
        [
            0.16368259489536285,
            0.06668566912412643,
            -0.009101226925849915
        ],
        [
            0.10722196102142334,
            0.04709819331765175,
            0.012173926457762718
        ],
        [
            0.18522900342941284,
            0.07949693500995636,
            0.016008269041776657
        ],
        [
            0.11525165289640427,
            -0.012011393904685974,
            -0.004773890599608421
        ],
        [
            0.10665881633758545,
            -0.005937516689300537,
            -0.013637028634548187
        ],
        [
            0.11315438896417618,
            -0.000186823308467865,
            -0.012355487793684006
        ],
        [
            0.12270095944404602,
            -0.0066882893443107605,
            -0.0013239369727671146
        ],
        [
            0.17418800294399261,
            0.08234098553657532,
            0.019106712192296982
        ],
        [
            0.17999053001403809,
            0.07979728281497955,
            0.019552305340766907
        ],
        [
            0.12224923074245453,
            0.08173760771751404,
            -0.001048848032951355
        ],
        [
            0.12719307839870453,
            0.08542832732200623,
            -0.002510456833988428
        ],
        [
            0.12541277706623077,
            0.0874340683221817,
            -0.005419290624558926
        ],
        [
            0.11979787051677704,
            0.08650083839893341,
            -0.003224320709705353
        ],
        [
            0.09096696972846985,
            0.034662701189517975,
            -0.01727026328444481
        ],
        [
            0.10096446424722672,
            0.08327608555555344,
            -0.014280181378126144
        ],
        [
            0.10803473740816116,
            0.07901552319526672,
            -0.020954042673110962
        ],
        [
            0.09081211686134338,
            0.021859467029571533,
            -0.017963957041502
        ],
        [
            0.09966827929019928,
            0.01777193695306778,
            -0.018974727019667625
        ],
        [
            0.09390489757061005,
            0.009874872863292694,
            -0.019081689417362213
        ],
        [
            0.14375369250774384,
            0.06877125054597855,
            -0.020034996792674065
        ],
        [
            0.11553188413381577,
            0.027738984674215317,
            -0.018474504351615906
        ],
        [
            0.10705359280109406,
            0.01590859144926071,
            -0.017943257465958595
        ],
        [
            0.10050827264785767,
            0.0063783153891563416,
            -0.018032729625701904
        ],
        [
            0.09533630311489105,
            -0.00016851723194122314,
            -0.018838344141840935
        ],
        [
            0.08860307931900024,
            0.0043541863560676575,
            -0.019786357879638672
        ],
        [
            0.18269142508506775,
            0.0863841325044632,
            0.0023897935170680285
        ],
        [
            0.1782645285129547,
            0.09396810084581375,
            0.003645382821559906
        ],
        [
            0.08255414664745331,
            -0.002023555338382721,
            -0.022280115634202957
        ],
        [
            0.09031878411769867,
            -0.006802387535572052,
            -0.02042613923549652
        ],
        [
            0.11544262617826462,
            0.012919500470161438,
            -0.01553682517260313
        ],
        [
            0.12521111965179443,
            0.009036339819431305,
            -0.010659424588084221
        ],
        [
            0.12324490398168564,
            0.024546708911657333,
            -0.015930181369185448
        ],
        [
            0.1336066722869873,
            0.02172611653804779,
            -0.011708082631230354
        ],
        [
            0.1514355093240738,
            0.06124528497457504,
            -0.021912291646003723
        ],
        [
            0.17662735283374786,
            0.10561925172805786,
            0.01843484863638878
        ],
        [
            0.17419426143169403,
            0.09872442483901978,
            0.009807807393372059
        ],
        [
            0.17081591486930847,
            0.0954226702451706,
            0.013320940546691418
        ],
        [
            0.173052117228508,
            0.10380002856254578,
            0.019932691007852554
        ],
        [
            0.17171454429626465,
            0.09338974952697754,
            0.006573557388037443
        ],
        [
            0.17969456315040588,
            0.09805621206760406,
            0.007845913991332054
        ],
        [
            0.1438419222831726,
            0.016770783811807632,
            -0.002558932639658451
        ],
        [
            0.1607924848794937,
            0.07216603308916092,
            0.005736846476793289
        ],
        [
            0.1358155906200409,
            0.0028739944100379944,
            0.003375796601176262
        ],
        [
            0.15584874153137207,
            0.01734665036201477,
            0.00666286563500762
        ],
        [
            0.15021362900733948,
            0.008647706359624863,
            0.013746810145676136
        ],
        [
            0.12867529690265656,
            -0.010348618030548096,
            0.011876053176820278
        ],
        [
            0.14178845286369324,
            -0.0020463280379772186,
            0.020869826897978783
        ],
        [
            0.11375385522842407,
            -0.0207211971282959,
            0.004153921268880367
        ],
        [
            0.12058716267347336,
            -0.014856703579425812,
            0.006559406407177448
        ],
        [
            0.15283754467964172,
            0.009807374328374863,
            0.026253120973706245
        ],
        [
            0.17863789200782776,
            0.09173624217510223,
