{
    "pred_cam": [
        9.903018951416016,
        0.13319629430770874,
        -0.058930978178977966
    ],
    "pred_mano_params": {
        "global_orient": [
            [
                [
                    -0.7036646008491516,
                    0.19596202671527863,
                    0.6829752326011658
                ],
                [
                    -0.696467399597168,
                    -0.3805329203605652,
                    -0.6083813905715942
                ],
                [
                    0.14067493379116058,
                    -0.9037663340568542,
                    0.4042487144470215
                ]
            ]
        ],
        "hand_pose": [
            [
                [
                    0.8228865265846252,
                    -0.4577847123146057,
                    -0.33658701181411743
                ],
                [
                    0.467332661151886,
                    0.8822191953659058,
                    -0.05735429376363754
                ],
                [
                    0.32319942116737366,
                    -0.11010201275348663,
                    0.9399040341377258
                ]
            ],
            [
                [
                    0.7054752707481384,
                    -0.6687248349189758,
                    0.23475885391235352
                ],
                [
                    0.7079328298568726,
                    0.6806469559669495,
                    -0.1885492503643036
                ],
                [
                    -0.033700332045555115,
                    0.2992103397846222,
                    0.9535918831825256
                ]
            ],
            [
                [
                    0.8038524389266968,
                    -0.5469415783882141,
                    0.2338293343782425
                ],
                [
                    0.5061589479446411,
                    0.8354437947273254,
                    0.2140953242778778
                ],
                [
                    -0.3124488592147827,
                    -0.05374624580144882,
                    0.9484128952026367
                ]
            ],
            [
                [
                    0.842299222946167,
                    -0.5060513615608215,
                    -0.1855907440185547
                ],
                [
                    0.5260397791862488,
                    0.8468461036682129,
                    0.07831880450248718
                ],
                [
                    0.11753346025943756,
                    -0.1635959893465042,
                    0.979500949382782
                ]
            ],
            [
                [
                    0.6965062618255615,
                    -0.689818799495697,
                    -0.19755761325359344
                ],
                [
                    0.7149465084075928,
                    0.6437222361564636,
                    0.2728976607322693
                ],
                [
                    -0.061077699065208435,
                    -0.33131805062294006,
                    0.9415401220321655
                ]
            ],
            [
                [
                    0.8552278876304626,
                    -0.512752890586853,
                    0.07529807835817337
                ],
                [
                    0.5127730965614319,
                    0.8582783937454224,
                    0.020543722435832024
                ],
                [
                    -0.07516056299209595,
                    0.02104126289486885,
                    0.9969494938850403
                ]
            ],
            [
                [
                    0.8071900010108948,
                    -0.49640321731567383,
                    0.3194185793399811
                ],
                [
                    0.423917293548584,
                    0.8640410900115967,
                    0.27152758836746216
                ],
                [
                    -0.41077786684036255,
                    -0.08376729488372803,
                    0.9078792333602905
                ]
            ],
            [
                [
                    0.526360273361206,
                    -0.8047143816947937,
                    -0.2745536267757416
                ],
                [
                    0.654768705368042,
                    0.17762893438339233,
                    0.7346605062484741
                ],
                [
                    -0.5424231290817261,
                    -0.5664651989936829,
                    0.6203985810279846
                ]
            ],
            [
                [
                    0.8250761032104492,
                    -0.5636579990386963,
                    0.03923087567090988
                ],
                [
                    0.4982268512248993,
                    0.7585310339927673,
                    0.4200007915496826
                ],
                [
                    -0.26649463176727295,
                    -0.32698673009872437,
                    0.906675398349762
                ]
            ],
            [
                [
                    0.7709290981292725,
                    -0.6322323083877563,
                    -0.07713998109102249
                ],
                [
                    0.6332572102546692,
                    0.7738239169120789,
                    -0.01348413247615099
                ],
                [
                    0.06821787357330322,
                    -0.03845413401722908,
                    0.9969290494918823
                ]
            ],
            [
                [
                    0.3498011827468872,
                    -0.9106626510620117,
                    -0.2198471575975418
                ],
                [
                    0.7949742674827576,
                    0.1643904596567154,
                    0.5839450359344482
                ],
                [
                    -0.49563610553741455,
                    -0.37903743982315063,
                    0.7814573645591736
                ]
            ],
            [
                [
                    0.8303912878036499,
                    -0.5571619868278503,
                    0.00455434387549758
                ],
                [
                    0.5490161180496216,
                    0.8195902705192566,
                    0.1638689786195755
                ],
                [
                    -0.09503426402807236,
                    -0.133574977517128,
                    0.9864715337753296
                ]
            ],
            [
                [
                    0.7684460878372192,
                    0.08716682344675064,
                    -0.6339500546455383
                ],
                [
                    -0.5623138546943665,
                    0.5648465752601624,
                    -0.6039466857910156
                ],
                [
                    0.30544036626815796,
                    0.8205792903900146,
                    0.4830692410469055
                ]
            ],
            [
                [
                    0.865182101726532,
                    -0.3298797905445099,
                    -0.37767601013183594
                ],
                [
                    0.4873763620853424,
                    0.7303995490074158,
                    0.4785193204879761
                ],
                [
                    0.11800055205821991,
                    -0.5980767607688904,
                    0.7927042245864868
                ]
            ],
            [
                [
                    0.7714081406593323,
                    -0.6346766948699951,
                    0.045989107340574265
                ],
                [
                    0.5856080055236816,
                    0.6797729134559631,
                    -0.441556453704834
                ],
                [
                    0.24898342788219452,
                    0.3675518333911896,
                    0.8960541486740112
                ]
            ]
        ],
        "betas": [
            -0.04814028739929199,
            -0.12081637978553772,
            -0.05626600980758667,
            -0.02956584095954895,
            0.08671516180038452,
            -0.005113106220960617,
            0.02407863736152649,
            -0.007228001952171326,
            -0.019253715872764587,
            -0.025469601154327393
        ]
    },
    "pred_cam_t": [
        -0.13319629430770874,
        -0.058930978178977966,
        3.9445042610168457
    ],
    "focal_length": [
        5000.0,
        5000.0
    ],
    "pred_keypoints_3d": [
        [
            0.09600719809532166,
            0.006417870055884123,
            0.0062280092388391495
        ],
        [
            0.12763410806655884,
            0.013374701142311096,
            0.027300525456666946
        ],
        [
            0.15250352025032043,
            0.03164661303162575,
            0.028049344196915627
        ],
        [
            0.1658683866262436,
            0.05399569869041443,
            0.020277246832847595
        ],
        [
            0.17344461381435394,
            0.08529839664697647,
            0.03135218471288681
        ],
        [
            0.17122921347618103,
            0.05736231803894043,
            0.006865674629807472
        ],
        [
            0.18357469141483307,
            0.08793856203556061,
            0.009872867725789547
        ],
        [
            0.1807435154914856,
            0.10108129680156708,
            0.027646109461784363
        ],
        [
            0.1753421574831009,
            0.10275550186634064,
            0.051506347954273224
        ],
        [
            0.1601669192314148,
            0.075177863240242,
            -0.007123136892914772
        ],
        [
            0.16917139291763306,
            0.10502476245164871,
            -0.0007573454640805721
        ],
        [
            0.16595549881458282,
            0.11589395254850388,
            0.019687140360474586
        ],
        [
            0.16225185990333557,
            0.11896617710590363,
            0.04487169533967972
        ],
        [
            0.13470152020454407,
            0.0813155323266983,
            -0.012547088786959648
        ],
        [
            0.14275166392326355,
            0.10777436196804047,
            -0.003910211846232414
        ],
        [
            0.1358799785375595,
            0.10440908372402191,
            0.019785070791840553
        ],
        [
            0.12961970269680023,
            0.09148962795734406,
            0.040602076798677444
        ],
        [
            0.11312085390090942,
            0.08466920256614685,
            -0.011989530175924301
        ],
        [
            0.12063106149435043,
            0.10380436480045319,
            -0.006705703213810921
        ],
        [
            0.11720704287290573,
            0.10260985791683197,
            0.01201031543314457
        ],
        [
            0.11333774775266647,
            0.09053626656532288,
            0.025585109367966652
        ]
    ],
    "pred_vertices": [
        [
            0.1373647302389145,
            0.0365632139146328,
            0.019444162026047707
        ],
        [
            0.12797895073890686,
            0.02961411140859127,
            0.021278582513332367
        ],
        [
            0.1360434740781784,
            0.03380332142114639,
            0.022231537848711014
        ],
        [
            0.14481380581855774,
            0.037833068519830704,
            0.022039439529180527
        ],
        [
            0.12657275795936584,
            0.030126096680760384,
            0.03730380907654762
        ],
        [
            0.12990684807300568,
            0.02151578478515148,
            0.04524082690477371
        ],
        [
            0.14439719915390015,
            0.03313368558883667,
            0.042006514966487885
        ],
        [
            0.13855263590812683,
            0.03922326862812042,
            0.03607841581106186
        ],
        [
            0.15148870646953583,
            0.038768794387578964,
            0.02124602347612381
        ],
        [
            0.14298947155475616,
            0.03785950690507889,
            0.023054618388414383
        ],
        [
            0.15355633199214935,
            0.03658616542816162,
            0.016923312097787857
        ],
        [
            0.1645500361919403,
            0.03572671860456467,
            0.012699617072939873
        ],
        [
            0.1606774926185608,
            0.04007648676633835,
            0.01823095977306366
        ],
        [
            0.1710740625858307,
            0.03977195546030998,
            0.009556848555803299
        ],
        [
            0.1629491150379181,
            0.02685450203716755,
            0.006941054482012987
        ],
        [
            0.17053532600402832,
            0.038016825914382935,
            0.0005929954349994659
        ],
        [
            0.14574992656707764,
            0.031203430145978928,
            -0.01090610958635807
        ],
        [
            0.13463424146175385,
            0.03667309507727623,
            -0.016155453398823738
        ],
        [
            0.14508531987667084,
            0.05002869665622711,
            -0.018866978585720062
        ],
        [
            0.15526732802391052,
            0.04365468770265579,
            -0.012434665113687515
        ],
        [
            0.12488196790218353,
            0.05459614098072052,
            -0.02108837105333805
        ],
        [
            0.13657081127166748,
            0.052841801196336746,
            -0.020193107426166534
        ],
        [
            0.1262921541929245,
            0.03905017301440239,
            -0.018595006316900253
        ],
        [
            0.11630973219871521,
            0.041423045098781586,
            -0.019317150115966797
        ],
        [
            0.12390788644552231,
            0.03860527649521828,
            0.014388521201908588
        ],
        [
            0.11521673202514648,
            0.031189098954200745,
            0.016890395432710648
        ],
        [
            0.11978788673877716,
            0.02899722382426262,
            0.01823575608432293
        ],
        [
            0.128420889377594,
            0.03666791692376137,
            0.01618359051644802
        ],
        [
            0.1568145900964737,
            0.03399389982223511,
            0.01589968428015709
        ],
        [
            0.15758952498435974,
            0.02248033508658409,
            0.01712835766375065
        ],
        [
            0.15674038231372833,
            0.029233980923891068,
            0.014619780704379082
        ],
        [
            0.15379342436790466,
            0.03844821825623512,
            0.0165309626609087
        ],
        [
            0.0895659327507019,
            0.021802660077810287,
            0.023862218484282494
        ],
        [
            0.0839969590306282,
            0.009825341403484344,
            0.021012665703892708
        ],
        [
            0.08858592808246613,
            0.0065684691071510315,
            0.022896982729434967
        ],
        [
            0.09274440258741379,
            0.018023204058408737,
            0.024873707443475723
        ],
        [
            0.10851093381643295,
            0.004544056951999664,
            0.03814904764294624
        ],
        [
            0.10224831849336624,
            -0.0035619623959064484,
            0.030388908460736275
        ],
        [
            0.1074306070804596,
            -0.01569153368473053,
            0.026416286826133728
        ],
        [
            0.11609169840812683,
            -0.009122684597969055,
            0.031546514481306076
        ],
        [
            0.11887238174676895,
            0.013342496007680893,
            0.04378689453005791
        ],
        [
            0.12492949515581131,
            0.0007329471409320831,
            0.04109616577625275
        ],
        [
            0.13664856553077698,
            0.01207384467124939,
            0.04471243917942047
        ],
        [
            0.1506485641002655,
            0.026057168841362,
            0.04135511443018913
        ],
        [
            0.07467179745435715,
            0.015736721456050873,
            0.014446206390857697
        ],
        [
            0.0772218182682991,
            0.025499917566776276,
            0.016048088669776917
        ],
        [
            0.18149927258491516,
            0.0833432525396347,
            0.022432981058955193
        ],
        [
            0.17613323032855988,
            0.08601968735456467,
            0.02153133600950241
        ],
        [
            0.1755177527666092,
            0.08289004862308502,
            0.020562980324029922
        ],
        [
            0.1810237318277359,
            0.08100349456071854,
            0.02155439183115959
        ],
        [
            0.0735861137509346,
            0.022741369903087616,
            -0.004498504102230072
        ],
        [
            0.07718250155448914,
            0.019444860517978668,
            -0.013348218984901905
        ],
        [
            0.07177156955003738,
            0.014902517199516296,
            -0.01142976712435484
        ],
        [
            0.0695962905883789,
            0.016634702682495117,
            -0.002426142804324627
        ],
        [
            0.07894168794155121,
            0.030786946415901184,
            -0.00712181581184268
        ],
        [
            0.08494368195533752,
            0.02569996565580368,
            -0.015249604359269142
        ],
        [
            0.1905461549758911,
            0.08874006569385529,
            0.015005674213171005
        ],
        [
            0.18952852487564087,
            0.08575156331062317,
            0.019147640094161034
        ],
        [
            0.1895630955696106,
            0.08265021443367004,
            0.015868492424488068
        ],
        [
            0.18962089717388153,
            0.08488569408655167,
            0.011022491380572319
        ],
        [
            0.15411172807216644,
            0.042472925037145615,
            0.02090064063668251
        ],
        [
            0.145489901304245,
            0.04378945007920265,
            0.019203774631023407
        ],
        [
            0.16610543429851532,
            0.05560648441314697,
            0.018021084368228912
        ],
        [
            0.1575089693069458,
            0.051479920744895935,
            0.0172431580722332
        ],
        [
            0.16249214112758636,
            0.04665890708565712,
            0.018774138763546944
        ],
        [
            0.16960647702217102,
            0.05047014728188515,
            0.01806553825736046
        ],
        [
            0.13630704581737518,
            0.05736374109983444,
            0.00844701286405325
        ],
        [
            0.12899237871170044,
            0.048369087278842926,
            0.010453924536705017
        ],
        [
            0.1350388377904892,
            0.04684991016983986,
            0.012434331700205803
        ],
        [
            0.14426937699317932,
            0.05623796582221985,
            0.011654328554868698
        ],
        [
            0.11633265018463135,
            0.05439901724457741,
            0.008164772763848305
        ],
        [
            0.12466470897197723,
            0.06262078881263733,
            0.0059441085904836655
        ],
        [
            0.11652535200119019,
            0.06513272225856781,
            0.0048923250287771225
        ],
        [
            0.11184194684028625,
            0.05914914608001709,
            0.007588415406644344
        ],
        [
            0.1415213644504547,
            0.07446523010730743,
            0.002767115831375122
        ],
        [
            0.1466452032327652,
            0.0789950042963028,
            0.0011064419522881508
        ],
        [
            0.14395102858543396,
            0.08180422335863113,
            0.000293574295938015
        ],
        [
            0.13824883103370667,
            0.07561634480953217,
            0.0015661874786019325
        ],
        [
            0.06698013097047806,
            0.00974012166261673,
            -0.010366170667111874
        ],
        [
            0.0665876641869545,
            0.010237596929073334,
            -0.0005420064553618431
        ],
        [
            0.10414628684520721,
            0.06129567697644234,
            -0.020069558173418045
        ],
        [
            0.09483987092971802,
            0.0624568909406662,
            -0.013898676261305809
        ],
        [
            0.10012884438037872,
            0.07442235201597214,
            -0.01592729613184929
        ],
        [
            0.10877864062786102,
            0.06992833316326141,
            -0.02240082435309887
        ],
        [
            0.08524549007415771,
            0.014936737716197968,
            -0.018122144043445587
        ],
        [
            0.07839635014533997,
            0.011041976511478424,
            -0.01796853542327881
        ],
        [
            0.18777935206890106,
            0.09253619611263275,
            0.010840315371751785
        ],
        [
            0.1864396035671234,
            0.08841963857412338,
            0.0070747253485023975
        ],
        [
            0.1399029791355133,
            0.0016396529972553253,
            0.0358455590903759
        ],
        [
            0.15454503893852234,
            0.01900751143693924,
            0.03656620532274246
        ],
        [
            0.1274431347846985,
            -0.009157918393611908,
            0.0287235826253891
        ],
        [
            0.11886871606111526,
            -0.015218205749988556,
            0.020967958495020866
        ],
        [
            0.11219466477632523,
            -0.021413560956716537,
            0.016573574393987656
        ],
        [
            0.15557456016540527,
            0.057309798896312714,
            0.014817774295806885
        ],
        [
            0.13707369565963745,
            0.042637135833501816,
            0.01607828587293625
        ],
        [
            0.119495689868927,
            0.04063526540994644,
            0.013067199848592281
        ],
        [
            0.09441150724887848,
            0.058152053505182266,
            0.008867369964718819
        ],
        [
            0.08811691403388977,
            0.04996250942349434,
            0.011485378257930279
        ],
        [
            0.09826844185590744,
            0.048480644822120667,
            0.01449944544583559
        ],
        [
            0.10178899765014648,
            0.05576709285378456,
            0.01097135990858078
        ],
        [
            0.09178535640239716,
            0.06609636545181274,
            -0.005299404263496399
        ],
        [
            0.09555212408304214,
            0.0674915760755539,
            0.0016230475157499313
        ],
        [
            0.10060948878526688,
            0.07489411532878876,
            -0.0008181408047676086
        ],
        [
            0.09730759263038635,
            0.07527494430541992,
            -0.007546651177108288
        ],
        [
            0.16209065914154053,
            0.030289936810731888,
            0.01880529522895813
        ],
        [
            0.15851056575775146,
            0.01717260852456093,
            0.02100803330540657
        ],
        [
            0.07294934242963791,
            0.0243430957198143,
            0.005978773348033428
        ],
        [
            0.07105764746665955,
            0.016939885914325714,
            0.007637457922101021
        ],
        [
            0.06777407974004745,
            0.00910118967294693,
            0.0070480965077877045
        ],
        [
            0.10301874577999115,
            0.0258006751537323,
            0.022036321461200714
        ],
        [
            0.09492955356836319,
            0.01541125774383545,
            0.025978244841098785
        ],
        [
            0.09859750419855118,
            0.0139579176902771,
            0.02878064289689064
        ],
        [
            0.10555993020534515,
            0.02371203899383545,
            0.02251214161515236
        ],
        [
            0.11929276585578918,
            0.026490507647395134,
            0.027004379779100418
        ],
        [
            0.1133841797709465,
            0.020542850717902184,
            0.036680594086647034
        ],
        [
            0.12879659235477448,
            0.034378789365291595,
            0.02652076818048954
        ],
        [
            0.0938071459531784,
            0.0009436309337615967,
            0.026017241179943085
        ],
        [
            0.08347541093826294,
            -0.002371758222579956,
            0.02289976365864277
        ],
        [
            0.0901695117354393,
            -0.007851280272006989,
            0.025021495297551155
        ],
        [
            0.07630959153175354,
            0.0025946497917175293,
            0.018413841724395752
        ],
        [
            0.07055359333753586,
            0.006830058991909027,
            0.013095470145344734
        ],
        [
            0.07234648615121841,
            0.005403578281402588,
            -0.020167622715234756
        ],
        [
            0.09711074829101562,
            -0.012425296008586884,
            0.025499753654003143
        ],
        [
            0.1468532234430313,
            0.043234676122665405,
            0.03444276377558708
        ],
        [
            0.15276382863521576,
            0.04667837545275688,
            0.03225817531347275
        ],
        [
            0.1488005369901657,
            0.04707997664809227,
            0.025955941528081894
        ],
        [
            0.14436782896518707,
            0.043669428676366806,
            0.026953332126140594
        ],
        [
            0.17736318707466125,
            0.04708075895905495,
            0.006902444642037153
        ],
        [
            0.17447368800640106,
            0.04849832504987717,
            0.014486472122371197
        ],
        [
            0.16754178702831268,
            0.04173576459288597,
            0.016294073313474655
        ],
        [
            0.09183493256568909,
            0.03287321329116821,
            0.020816968753933907
        ],
        [
            0.08114989101886749,
            0.035550206899642944,
            0.014591223560273647
        ],
        [
            0.1639821082353592,
            0.0611543282866478,
            0.0152390506118536
        ],
        [
            0.18907061219215393,
            0.08115586638450623,
            0.007902299053966999
        ],
        [
            0.1892758458852768,
            0.07868445664644241,
            0.013433598913252354
        ],
        [
            0.18444690108299255,
            0.06236368045210838,
            0.009476308710873127
        ],
        [
            0.1843414008617401,
            0.06498049199581146,
            0.003044838085770607
        ],
        [
            0.1662881076335907,
            0.0690048411488533,
            0.00815625675022602
        ],
        [
            0.16616861522197723,
            0.06485691666603088,
            0.0141238272190094
        ],
        [
            0.16670271754264832,
            0.0671333521604538,
            0.01296614482998848
        ],
        [
            0.1651875376701355,
            0.07197898626327515,
            0.008693858981132507
        ],
        [
            0.1347356140613556,
            0.08220691978931427,
            -0.0009091179817914963
        ],
        [
            0.12988179922103882,
            0.07700969278812408,
            0.0004331562668085098
        ],
        [
            0.16326507925987244,
            0.05765292048454285,
            -0.0110830869525671
        ],
        [
            0.17224036157131195,
            0.04815373569726944,
            -0.00881342962384224
        ],
        [
            0.16409139335155487,
            0.03805781155824661,
            -0.007392302621155977
        ],
        [
            0.12933297455310822,
            0.0595477819442749,
            0.006807249970734119
        ],
        [
            0.13527053594589233,
            0.06802047789096832,
            0.004802403040230274
        ],
        [
            0.13162042200565338,
            0.06960512697696686,
            0.003643978387117386
        ],
        [
            0.15558134019374847,
            0.061554133892059326,
            0.012403111904859543
        ],
        [
            0.1615578979253769,
            0.06546229124069214,
            0.011450301855802536
        ],
        [
            0.15699529647827148,
            0.06634163111448288,
            0.009076837450265884
        ],
        [
            0.1505703181028366,
            0.06266357749700546,
            0.010172019712626934
        ],
        [
            0.08862471580505371,
            0.05080004036426544,
            -0.012632961384952068
        ],
        [
            0.08477260172367096,
            0.055324118584394455,
            -0.002651323564350605
        ],
        [
            0.1862850934267044,
            0.08351752907037735,
            0.021739717572927475
        ],
        [
            0.1862405687570572,
            0.08096995204687119,
            0.019825568422675133
        ],
        [
            0.12230575084686279,
            0.05067801475524902,
            0.008832818828523159
        ],
        [
            0.15384744107723236,
            0.027400746941566467,
            -0.004484913311898708
        ],
        [
            0.11455221474170685,
            0.04282151535153389,
            0.01200677640736103
        ],
        [
            0.12687546014785767,
            0.07676565647125244,
            -0.01934119686484337
        ],
        [
            0.12404865771532059,
            0.08190479129552841,
            -0.01401638612151146
        ],
        [
            0.127685546875,
            0.08556733280420303,
            -0.012317640706896782
        ],
        [
            0.13078133761882782,
            0.08428342640399933,
            -0.01718994602560997
        ],
        [
            0.1694236844778061,
            0.08516880869865417,
            0.010622169822454453
        ],
        [
            0.17050974071025848,
            0.08349193632602692,
            0.01609780080616474
        ],
        [
            0.17129187285900116,
            0.08598677814006805,
            0.01706242933869362
        ],
        [
            0.17078784108161926,
            0.08909188210964203,
            0.011951698921620846
        ],
        [
            0.16936086118221283,
            0.06091985106468201,
            0.017087837681174278
        ],
        [
            0.1738506704568863,
            0.056528761982917786,
            0.017718017101287842
        ],
        [
            0.17551882565021515,
            0.06260770559310913,
            0.017675381153821945
        ],
        [
            0.17052456736564636,
            0.06538977473974228,
            0.015965456143021584
        ],
        [
            0.17885026335716248,
            0.0552654042840004,
            0.013909797184169292
        ],
        [
            0.1809699684381485,
            0.0613011009991169,
            0.014643238857388496
        ],
        [
            0.17230747640132904,
            0.08649217337369919,
            0.004967392887920141
        ],
        [
            0.1793229877948761,
            0.0861828476190567,
            0.002096356824040413
        ],
        [
            0.17366765439510345,
            0.07183966785669327,
            -0.0029487796127796173
        ],
        [
            0.1682462990283966,
            0.07464609295129776,
            0.0021888420451432467
        ],
        [
            0.10839200019836426,
            0.028488263487815857,
            -0.018899336457252502
        ],
        [
            0.09826388955116272,
            0.03322705253958702,
            -0.01881653070449829
        ],
        [
            0.1058637946844101,
            0.04623763635754585,
            -0.019367415457963943
        ],
        [
            0.1130523607134819,
            0.05903647467494011,
            -0.02117261104285717
        ],
        [
            0.12054086476564407,
            0.07084687799215317,
            -0.021657774224877357
        ],
        [
            0.1317255049943924,
            0.06594732403755188,
            -0.023826204240322113
        ],
        [
            0.09800596535205841,
            0.04839879274368286,
            -0.0184630174189806
        ],
        [
            0.16613253951072693,
            0.06806290149688721,
            -0.0019127787090837955
        ],
        [
            0.1698807030916214,
            0.06204173341393471,
            -0.005985140334814787
        ],
        [
            0.1659085601568222,
            0.06446512788534164,
            -0.007716597057878971
        ],
        [
            0.10826635360717773,
            0.04686828702688217,
            0.01201232336461544
        ],
        [
            0.1865253746509552,
            0.07754722237586975,
            0.017986861988902092
        ],
        [
            0.11505715548992157,
            -0.012733042240142822,
            -0.003952058497816324
        ],
        [
            0.10690952837467194,
            -0.006529189646244049,
            -0.0131545290350914
        ],
        [
            0.11354087293148041,
            -0.0009490400552749634,
            -0.01174876093864441
        ],
        [
            0.12255381047725677,
            -0.007577143609523773,
            -0.00034166593104600906
        ],
        [
            0.1753198355436325,
            0.08058439195156097,
            0.020332595333456993
        ],
        [
            0.1810774952173233,
            0.07799521833658218,
            0.021213725209236145
        ],
        [
            0.12469687312841415,
            0.08095566928386688,
            -0.001283254474401474
        ],
        [
            0.12972964346408844,
            0.08451960980892181,
            -0.002741942647844553
        ],
        [
            0.1280486285686493,
            0.08651075512170792,
            -0.005816449411213398
        ],
        [
            0.12236727029085159,
            0.08582107722759247,
            -0.003683903254568577
        ],
        [
            0.09252481162548065,
            0.034484412521123886,
            -0.0177707988768816
        ],
        [
            0.10369338095188141,
            0.08277155458927155,
            -0.015286661684513092
        ],
        [
            0.11092260479927063,
            0.07827091217041016,
            -0.021609164774417877
        ],
        [
            0.09201630204916,
            0.021674908697605133,
            -0.01832449808716774
        ],
        [
            0.10077671706676483,
            0.017317093908786774,
            -0.019020959734916687
        ],
        [
            0.09478826820850372,
            0.009584903717041016,
            -0.019205085933208466
        ],
        [
            0.14640383422374725,
            0.06702876091003418,
            -0.019346777349710464
        ],
        [
            0.11690911650657654,
            0.026830725371837616,
            -0.018160078674554825
        ],
        [
            0.10807520896196365,
            0.015252679586410522,
            -0.01773868128657341
        ],
        [
            0.10125388205051422,
            0.005910620093345642,
            -0.01790511980652809
        ],
        [
            0.0959160253405571,
            -0.0005006715655326843,
            -0.018786409869790077
        ],
        [
            0.08934637159109116,
            0.00420716404914856,
            -0.020000986754894257
        ],
        [
            0.18489834666252136,
            0.08409523218870163,
            0.004031284712255001
        ],
        [
            0.18053680658340454,
            0.09175924956798553,
            0.004828954581171274
        ],
        [
            0.08318343013525009,
            -0.0020307600498199463,
            -0.022586075589060783
        ],
        [
            0.0907488465309143,
            -0.007012277841567993,
            -0.020433470606803894
        ],
        [
            0.11630982160568237,
            0.012050144374370575,
            -0.015037368051707745
        ],
        [
            0.12580792605876923,
            0.007945138961076736,
            -0.00981772132217884
        ],
        [
            0.12445946037769318,
            0.02344377711415291,
            -0.01534171961247921
        ],
        [
            0.13460510969161987,
            0.020378317683935165,
            -0.010775995440781116
        ],
        [
            0.15388348698616028,
            0.05920606106519699,
            -0.02081179805099964
        ],
        [
            0.17821702361106873,
            0.10405979305505753,
            0.01893864944577217
        ],
        [
            0.17617087066173553,
            0.0967341735959053,
            0.01053796336054802
        ],
        [
            0.1725698560476303,
            0.09362318366765976,
            0.014000002294778824
        ],
        [
            0.17452038824558258,
            0.1023797020316124,
            0.020322605967521667
        ],
        [
            0.17384307086467743,
            0.09132587164640427,
            0.007379584014415741
        ],
        [
            0.18176400661468506,
            0.09597203135490417,
            0.008937332779169083
        ],
        [
            0.14440879225730896,
            0.015224851667881012,
            -0.0012596636079251766
        ],
        [
            0.16258400678634644,
            0.07037404924631119,
            0.006826781202107668
        ],
        [
            0.1357935667037964,
            0.0016491152346134186,
            0.004628237336874008
        ],
        [
            0.15617159008979797,
            0.015538457781076431,
            0.008265838958323002
        ],
        [
            0.15008334815502167,
            0.007107842713594437,
            0.015305585227906704
        ],
        [
            0.12802863121032715,
            -0.01122359186410904,
            0.013089872896671295
        ],
        [
            0.14115428924560547,
            -0.0032173506915569305,
            0.022349778562784195
        ],
        [
            0.11303447186946869,
            -0.021273598074913025,
            0.005045308731496334
        ],
        [
            0.11996561288833618,
            -0.01557009294629097,
            0.007586331572383642
        ],
        [
            0.15252678096294403,
            0.00834590196609497,
            0.02783343754708767
        ],
        [
            0.17951735854148865,
            0.09061741083860397,
            0.028319571167230606
        ],
        [
            0.17461782693862915,
