{
    "pred_cam": [
        6.58835506439209,
        -0.059088610112667084,
        -0.05491313338279724
    ],
    "pred_mano_params": {
        "global_orient": [
            [
                [
                    0.5036826729774475,
                    0.5763135552406311,
                    -0.643557608127594
                ],
                [
                    -0.6112478971481323,
                    -0.2886805236339569,
                    -0.736912190914154
                ],
                [
                    -0.6104750633239746,
                    0.7645431160926819,
                    0.2068670690059662
                ]
            ]
        ],
        "hand_pose": [
            [
                [
                    0.7385802268981934,
                    -0.5192847847938538,
                    -0.4299332797527313
                ],
                [
                    0.4951346218585968,
                    0.8506316542625427,
                    -0.17682619392871857
                ],
                [
                    0.45753800868988037,
                    -0.08227451890707016,
                    0.8853756189346313
                ]
            ],
            [
                [
                    0.9440193176269531,
                    -0.3105233907699585,
                    0.11136796325445175
                ],
                [
                    0.3297431468963623,
                    0.8781198263168335,
                    -0.3466627299785614
                ],
                [
                    0.009852471761405468,
                    0.3639791011810303,
                    0.9313550591468811
                ]
            ],
            [
                [
                    0.958187460899353,
                    -0.27108925580978394,
                    0.09158264845609665
                ],
                [
                    0.2687745988368988,
                    0.9624936580657959,
                    0.03696354106068611
                ],
                [
                    -0.09816812723875046,
                    -0.010802914388477802,
                    0.9951112270355225
                ]
            ],
            [
                [
                    0.6037524938583374,
                    -0.7643101811408997,
                    -0.226523295044899
                ],
                [
                    0.787401556968689,
                    0.6161219477653503,
                    0.019809788092970848
                ],
                [
                    0.12442516535520554,
                    -0.19032502174377441,
                    0.9738041758537292
                ]
            ],
            [
                [
                    0.9910798072814941,
                    -0.1016211211681366,
                    -0.08622080832719803
                ],
                [
                    0.11691875010728836,
                    0.9734942317008972,
                    0.19656811654567719
                ],
                [
                    0.0639599934220314,
                    -0.2048955112695694,
                    0.9766919016838074
                ]
            ],
            [
                [
                    0.9572485685348511,
                    -0.26972371339797974,
                    0.10451938956975937
                ],
                [
                    0.2756076753139496,
                    0.9601495862007141,
                    -0.04640274494886398
                ],
                [
                    -0.08783832937479019,
                    0.07322531193494797,
                    0.9934397339820862
                ]
            ],
            [
                [
                    0.37375909090042114,
                    -0.9198424816131592,
                    0.11913787573575974
                ],
                [
                    0.46904256939888,
                    0.29825443029403687,
                    0.8312901258468628
                ],
                [
                    -0.8001894354820251,
                    -0.2548215687274933,
                    0.5429205894470215
                ]
            ],
            [
                [
                    0.9682825207710266,
                    -0.21139828860759735,
                    -0.1331903487443924
                ],
                [
                    0.16320869326591492,
                    0.9387581944465637,
                    -0.30347317457199097
                ],
                [
                    0.18918722867965698,
                    0.2721099555492401,
                    0.9434852004051208
                ]
            ],
            [
                [
                    0.8999989628791809,
                    0.4332485496997833,
                    0.047932516783475876
                ],
                [
                    -0.3918631672859192,
                    0.7560241222381592,
                    0.5242810845375061
                ],
                [
                    0.1909058839082718,
                    -0.490635484457016,
                    0.850195050239563
                ]
            ],
            [
                [
                    0.538560688495636,
                    -0.8395317792892456,
                    0.0716840922832489
                ],
                [
                    0.8161760568618774,
                    0.5409219861030579,
                    0.2031257301568985
                ],
                [
                    -0.2093060463666916,
                    -0.05088870972394943,
                    0.976525068283081
                ]
            ],
            [
                [
                    0.9959378838539124,
                    0.022384168580174446,
                    -0.08721604943275452
                ],
                [
                    0.0060042510740458965,
                    0.9499419927597046,
                    0.31236881017684937
                ],
                [
                    0.0898423120379448,
                    -0.31162363290786743,
                    0.9459488391876221
                ]
            ],
            [
                [
                    0.9598433375358582,
                    -0.2462455779314041,
                    0.13440178334712982
                ],
                [
                    0.22856254875659943,
                    0.9642205834388733,
                    0.13430474698543549
                ],
                [
                    -0.16266492009162903,
                    -0.09819230437278748,
                    0.9817832112312317
                ]
            ],
            [
                [
                    0.9507468938827515,
                    -0.21785695850849152,
                    -0.22049658000469208
                ],
                [
                    -0.15883943438529968,
                    0.26843467354774475,
                    -0.9501120448112488
                ],
                [
                    0.2661774158477783,
                    0.9383395910263062,
                    0.2206091582775116
                ]
            ],
            [
                [
                    0.9754482507705688,
                    -0.2053157091140747,
                    -0.07966359704732895
                ],
                [
                    0.21672546863555908,
                    0.8306599855422974,
                    0.5128684639930725
                ],
                [
                    -0.03912658244371414,
                    -0.517541766166687,
                    0.8547629714012146
                ]
            ],
            [
                [
                    0.8947312831878662,
                    -0.38479429483413696,
                    -0.2266920655965805
                ],
                [
                    0.22207652032375336,
                    0.8237207531929016,
                    -0.5216954946517944
                ],
                [
                    0.38747638463974,
                    0.41643431782722473,
                    0.8224624991416931
                ]
            ]
        ],
        "betas": [
            -0.009106844663619995,
            -0.08461013436317444,
            -0.07584303617477417,
            -0.01356557011604309,
            -0.050360292196273804,
            -0.09628530591726303,
            0.032403796911239624,
            -0.06746730208396912,
            -0.02533690631389618,
            -0.04251068830490112
        ]
    },
    "pred_cam_t": [
        -0.059088610112667084,
        -0.05491313338279724,
        5.929021835327148
    ],
    "focal_length": [
        5000.0,
        5000.0
    ],
    "pred_keypoints_3d": [
        [
            0.09579183161258698,
            0.006384114734828472,
            0.006207950413227081
        ],
        [
            0.0581192746758461,
            0.006617679260671139,
            0.014314977452158928
        ],
        [
            0.034415438771247864,
            0.02634928748011589,
            0.014546544291079044
        ],
        [
            0.01782711036503315,
            0.0474153608083725,
            0.018843242898583412
        ],
        [
            0.008997207507491112,
            0.08061791211366653,
            0.014171984978020191
        ],
        [
            0.03518814966082573,
            0.04660068079829216,
            0.06027683615684509
        ],
        [
            0.02244945988059044,
            0.07686317712068558,
            0.06410161405801773
        ],
        [
            0.01329185999929905,
            0.09516533464193344,
            0.05538473278284073
        ],
        [
            0.0021748170256614685,
            0.11304053664207458,
            0.041541315615177155
        ],
        [
            0.04943528026342392,
            0.06723856925964355,
            0.062170110642910004
        ],
        [
            0.03247509524226189,
            0.09275355190038681,
            0.05380041152238846
        ],
        [
            0.020605187863111496,
            0.10902605950832367,
            0.04203105717897415
        ],
        [
            0.0048101432621479034,
            0.12479156255722046,
            0.028803706169128418
        ],
        [
            0.069477379322052,
            0.07722019404172897,
            0.04758072644472122
        ],
        [
            0.04684701934456825,
            0.09388744831085205,
            0.04078907147049904
        ],
        [
            0.03127424418926239,
            0.10889343172311783,
            0.028487972915172577
        ],
        [
            0.012220609933137894,
            0.12147108465433121,
            0.017036551609635353
        ],
        [
            0.08316460996866226,
            0.08320776373147964,
            0.03171331435441971
        ],
        [
            0.06414681673049927,
            0.08832921832799911,
            0.023965204134583473
        ],
        [
            0.04815852642059326,
            0.09434029459953308,
            0.01563235931098461
        ],
        [
            0.026681600138545036,
            0.10552860796451569,
            0.008638721890747547
        ]
    ],
    "pred_vertices": [
        [
            0.051432833075523376,
            0.03002701699733734,
            0.027084849774837494
        ],
        [
            0.057721786201000214,
            0.024320783093571663,
            0.019730091094970703
        ],
        [
            0.05055789276957512,
            0.02829858846962452,
            0.02090950682759285
        ],
        [
            0.0436103455722332,
            0.03073926642537117,
            0.029131338000297546
        ],
        [
            0.055786486715078354,
            0.0221271775662899,
            0.000719800591468811
        ],
        [
            0.05102480202913284,
            0.012049879878759384,
            -0.003824293613433838
        ],
        [
            0.039539605379104614,
            0.0231512188911438,
            0.00018703565001487732
        ],
        [
            0.04570546746253967,
            0.030682193115353584,
            0.0026258639991283417
        ],
        [
            0.03834245726466179,
            0.03208525478839874,
            0.03197827935218811
        ],
        [
            0.04415537789463997,
            0.032471396028995514,
            0.021672450006008148
        ],
        [
            0.03770848363637924,
            0.031508274376392365,
            0.03414621204137802
        ],
        [
            0.03508816659450531,
            0.027997348457574844,
            0.04838477820158005
        ],
        [
            0.03479951247572899,
            0.03136436641216278,
            0.04281957820057869
        ],
        [
            0.03386311233043671,
            0.03050791099667549,
            0.05670228600502014
        ],
        [
            0.041286446154117584,
            0.020273298025131226,
            0.051520559936761856
        ],
        [
            0.040685273706912994,
            0.029946429654955864,
            0.06314526498317719
        ],
        [
            0.06910267472267151,
            0.02677532285451889,
            0.05436234921216965
        ],
        [
            0.08002577722072601,
            0.03400444984436035,
            0.05012534558773041
        ],
        [
            0.07265133410692215,
            0.04647260159254074,
            0.060257308185100555
        ],
        [
            0.06181907653808594,
            0.0380118228495121,
            0.06268922239542007
        ],
        [
            0.08730611205101013,
            0.05425376072525978,
            0.04740658402442932
        ],
        [
            0.07891739159822464,
            0.0505775511264801,
            0.05495171621441841
        ],
        [
            0.0870378166437149,
            0.037782974541187286,
            0.04586045816540718
        ],
        [
            0.09394654631614685,
            0.04159136861562729,
            0.039345044642686844
        ],
        [
            0.065196193754673,
            0.03364031761884689,
            0.021059762686491013
        ],
        [
            0.07030092179775238,
            0.027285579591989517,
            0.01385578140616417
        ],
        [
            0.0660049095749855,
            0.02458377555012703,
            0.017177291214466095
        ],
        [
            0.060693252831697464,
            0.031138574704527855,
            0.023353438824415207
        ],
        [
            0.031464263796806335,
            0.02955799549818039,
            0.029168665409088135
        ],
        [
            0.036395587027072906,
            0.017119336873292923,
            0.03482920676469803
        ],
        [
            0.036958787590265274,
            0.0242907777428627,
            0.03734894096851349
        ],
        [
            0.03360364958643913,
            0.0343167819082737,
            0.02758636884391308
        ],
        [
            0.08506204187870026,
            0.020196855068206787,
            -0.010507240891456604
        ],
        [
            0.09305444359779358,
            0.00941791757941246,
            -0.012605611234903336
        ],
        [
            0.0892636626958847,
            0.005328398197889328,
            -0.010490529239177704
        ],
        [
            0.08296020328998566,
            0.015805639326572418,
            -0.008554298430681229
        ],
        [
            0.06893834471702576,
            -0.0011905096471309662,
            -0.006215669214725494
        ],
        [
            0.07752734422683716,
            -0.007602967321872711,
            -0.005543306469917297
        ],
        [
            0.0782710462808609,
            -0.019266385585069656,
            0.00025381892919540405
        ],
        [
            0.06852518767118454,
            -0.014168910682201385,
            0.0020927563309669495
        ],
        [
            0.059519313275814056,
            0.005339842289686203,
            -0.005180247128009796
        ],
        [
            0.05690931901335716,
            -0.006577454507350922,
            -0.00010694563388824463
        ],
        [
            0.04673897475004196,
            0.00249321386218071,
            1.7989426851272583e-05
        ],
        [
            0.03483248129487038,
            0.015932191163301468,
            0.0034653842449188232
        ],
        [
            0.10300882160663605,
            0.017229370772838593,
            -0.014627635478973389
        ],
        [
            0.09838340431451797,
            0.02638254687190056,
            -0.013899773359298706
        ],
        [
            0.014792535454034805,
            0.07612751424312592,
            0.054064199328422546
        ],
        [
            0.01934308558702469,
            0.07915447652339935,
            0.051767751574516296
        ],
        [
            0.0208369642496109,
            0.07383119314908981,
            0.051649242639541626
        ],
        [
            0.01609109155833721,
            0.07197226583957672,
            0.054298996925354004
        ],
        [
            0.11591389775276184,
            0.026574023067951202,
            -0.0021151453256607056
        ],
        [
            0.12015911936759949,
            0.023891732096672058,
            0.0065873973071575165
        ],
        [
            0.12329736351966858,
            0.01987157016992569,
            0.0013900697231292725
        ],
        [
            0.11823049187660217,
            0.020785920321941376,
            -0.006433270871639252
        ],
        [
            0.11285613477230072,
            0.03418366611003876,
            0.0036268197000026703
        ],
        [
            0.11519376933574677,
            0.029333654791116714,
            0.013522524386644363
        ],
        [
            0.01426655799150467,
            0.07809736579656601,
            0.06655874103307724
        ],
        [
            0.011776699684560299,
            0.07635650038719177,
            0.062417566776275635
        ],
        [
            0.014124292880296707,
            0.07194716483354568,
            0.06418785452842712
        ],
        [
            0.017748896032571793,
            0.07314170897006989,
            0.06789340078830719
        ],
        [
            0.03829536586999893,
            0.03340896964073181,
            0.037408843636512756
        ],
        [
            0.04571831226348877,
            0.035578757524490356,
            0.03302222117781639
        ],
        [
            0.03127807378768921,
            0.044024109840393066,
            0.0487210676074028
        ],
        [
            0.0381462462246418,
            0.04138829559087753,
            0.043187420815229416
        ],
        [
            0.03409796580672264,
            0.03610767424106598,
            0.04541574418544769
        ],
        [
            0.029361827298998833,
            0.03888953849673271,
            0.051038939505815506
        ],
        [
            0.05801451578736305,
            0.050833892077207565,
            0.03412406146526337
        ],
        [
            0.06309774518013,
            0.04283147305250168,
            0.027340974658727646
        ],
        [
            0.05770999938249588,
            0.040388818830251694,
            0.030377274379134178
        ],
        [
            0.050498269498348236,
            0.04833800345659256,
            0.037603624165058136
        ],
        [
            0.07226461917161942,
            0.0504843145608902,
            0.019825562834739685
        ],
        [
            0.06690806150436401,
            0.05752000957727432,
            0.027526598423719406
        ],
        [
            0.07283686101436615,
            0.06080025061964989,
            0.02230743318796158
        ],
        [
            0.0749681144952774,
            0.05561276525259018,
            0.01699203997850418
        ],
        [
            0.055957719683647156,
            0.06674585491418839,
            0.04199797287583351
        ],
        [
            0.05323990061879158,
            0.06966555118560791,
            0.04609619453549385
        ],
        [
            0.05473506078124046,
            0.0717775896191597,
            0.04417724907398224
        ],
        [
            0.05869009345769882,
            0.06819713115692139,
            0.0399998314678669
        ],
        [
            0.12674365937709808,
            0.015267454087734222,
            -0.0027772635221481323
        ],
        [
            0.12009264528751373,
            0.014632783830165863,
            -0.009917832911014557
        ],
        [
            0.09967909008264542,
            0.06349413096904755,
            0.031871140003204346
        ],
        [
            0.10161235183477402,
            0.06416283547878265,
            0.020879926159977913
        ],
        [
            0.09608633816242218,
            0.07542654126882553,
            0.02581639401614666
        ],
        [
            0.09606490284204483,
            0.07214310765266418,
            0.03740265965461731
        ],
        [
            0.1187577098608017,
            0.01903451979160309,
            0.015602517873048782
        ],
        [
            0.12397905439138412,
            0.01604391634464264,
            0.010606981813907623
        ],
        [
            0.019373759627342224,
            0.0811990275979042,
            0.0682489275932312
        ],
        [
            0.023002218455076218,
            0.07581061124801636,
            0.06869305670261383
        ],
        [
            0.048109136521816254,
            -0.006386511027812958,
            0.011057715862989426
        ],
        [
            0.03303927928209305,
            0.0097334124147892,
            0.011216562241315842
        ],
        [
            0.062430620193481445,
            -0.015467394143342972,
            0.011409204453229904
        ],
        [
            0.07395562529563904,
            -0.01966247707605362,
            0.012142673134803772
        ],
        [
            0.08235661685466766,
            -0.02420942485332489,
            0.010701209306716919
        ],
        [
            0.04039253294467926,
            0.047351934015750885,
            0.04360318183898926
        ],
        [
            0.05416116863489151,
            0.03575493395328522,
            0.0293404683470726
        ],
        [
            0.06893091648817062,
            0.036255985498428345,
            0.018623575568199158
        ],
        [
            0.08627887815237045,
            0.0568208284676075,
            0.0036307312548160553
        ],
        [
            0.09008543938398361,
            0.04955703392624855,
            -0.0027158185839653015
        ],
        [
            0.08114786446094513,
            0.04637851566076279,
            0.002354532480239868
        ],
        [
            0.08002637326717377,
            0.05327889695763588,
            0.007363922894001007
        ],
        [
            0.09700310975313187,
            0.06665299832820892,
            0.01219872385263443
        ],
        [
            0.08940950036048889,
            0.06623585522174835,
            0.00959276407957077
        ],
        [
            0.08644009381532669,
            0.07177145779132843,
            0.014278724789619446
        ],
        [
            0.09285198152065277,
            0.07441994547843933,
            0.017417319118976593
        ],
        [
            0.02648252807557583,
            0.024806950241327286,
            0.026879480108618736
        ],
        [
            0.03521392121911049,
            0.011269643902778625,
            0.03094760701060295
        ],
        [
            0.10869497060775757,
            0.027000438421964645,
            -0.009859398007392883
        ],
        [
            0.11010532081127167,
            0.019714869558811188,
            -0.012429323047399521
        ],
        [
            0.11415175348520279,
            0.012433692812919617,
            -0.014367964118719101
        ],
        [
            0.07643343508243561,
            0.022607043385505676,
            0.0015979781746864319
        ],
        [
            0.08139853179454803,
            0.012708410620689392,
            -0.007285326719284058
        ],
        [
            0.07792221009731293,
            0.010387454181909561,
            -0.005737632513046265
        ],
        [
            0.07484875619411469,
            0.020176030695438385,
            0.004275500774383545
        ],
        [
            0.06376896798610687,
            0.020704584196209908,
            0.010050423443317413
        ],
        [
            0.06538964062929153,
            0.01379023864865303,
            -0.0010863244533538818
        ],
        [
            0.05646861717104912,
            0.0282607339322567,
            0.010736975818872452
        ],
        [
            0.0848688930273056,
            -0.0013609714806079865,
            -0.00855230912566185
        ],
        [
            0.09429456293582916,
            -0.002845451235771179,
            -0.014225862920284271
        ],
        [
            0.08927475661039352,
            -0.009350325912237167,
            -0.010824482887983322
        ],
        [
            0.10144230723381042,
            0.003522634506225586,
            -0.016261715441942215
        ],
        [
            0.10835543274879456,
            0.009090915322303772,
            -0.016610458493232727
        ],
        [
            0.13064652681350708,
            0.011553756892681122,
            0.007820729166269302
        ],
        [
            0.0849645733833313,
            -0.014760464429855347,
            -0.006301090121269226
        ],
        [
            0.038471564650535583,
            0.035273440182209015,
            0.005441989749670029
        ],
        [
            0.03179941326379776,
            0.039272233843803406,
            0.007726240903139114
        ],
        [
            0.0358751155436039,
            0.041660014539957047,
            0.013850409537553787
        ],
        [
            0.04186588525772095,
            0.038208018988370895,
            0.012470334768295288
        ],
        [
            0.031170113012194633,
            0.0368996262550354,
            0.06371790915727615
        ],
        [
            0.028250567615032196,
            0.03731047362089157,
            0.05654735863208771
        ],
        [
            0.03220605105161667,
            0.03159705549478531,
            0.04991912096738815
        ],
        [
            0.08373545855283737,
            0.03120054304599762,
            -0.006783638149499893
        ],
        [
            0.09501874446868896,
            0.035980284214019775,
            -0.010017137974500656
        ],
        [
            0.034087885171175,
            0.04978107661008835,
            0.04907606542110443
        ],
        [
            0.020675834268331528,
            0.06940710544586182,
            0.07005994766950607
        ],
        [
            0.016576038673520088,
            0.06746725738048553,
            0.06613194197416306
        ],
        [
            0.023657115176320076,
            0.051046501845121384,
            0.06645077466964722
        ],
        [
            0.027917612344026566,
            0.0539405532181263,
            0.07101991027593613
        ],
        [
            0.03714348003268242,
            0.057795342057943344,
            0.055026859045028687
        ],
        [
            0.03363971784710884,
            0.0533067025244236,
            0.05094626545906067
        ],
        [
            0.03422611951828003,
            0.05572142452001572,
            0.051970381289720535
        ],
        [
            0.037985771894454956,
            0.060789838433265686,
            0.053874704986810684
        ],
        [
            0.06121264025568962,
            0.07382497191429138,
            0.03766496852040291
        ],
        [
            0.06472219526767731,
            0.07038980722427368,
            0.034119054675102234
        ],
        [
            0.05310063436627388,
            0.050337791442871094,
            0.06748642027378082
        ],
        [
            0.04648066312074661,
            0.039794355630874634,
            0.07231385260820389
        ],
        [
            0.05172120779752731,
            0.031225286424160004,
            0.06500326097011566
        ],
        [
            0.0635719895362854,
            0.05397976189851761,
            0.0302659310400486
        ],
        [
            0.059576235711574554,
            0.06151072308421135,
            0.036024026572704315
        ],
        [
            0.06264349073171616,
            0.06342221051454544,
            0.0340723842382431
        ],
        [
            0.041430503129959106,
            0.051707923412323,
            0.04525204747915268
        ],
        [
            0.03776342421770096,
            0.0545562244951725,
            0.050008129328489304
        ],
        [
            0.042110294103622437,
            0.05645260214805603,
            0.048527225852012634
        ],
        [
            0.046200692653656006,
            0.05385909974575043,
            0.043226808309555054
        ],
        [
            0.10691745579242706,
            0.053418174386024475,
            0.015061255544424057
        ],
        [
            0.1016843318939209,
            0.0569467768073082,
            0.005146026611328125
        ],
        [
            0.012002876028418541,
            0.07538037747144699,
            0.05787305906414986
        ],
        [
            0.013714957982301712,
            0.07118552178144455,
            0.05903428792953491
        ],
        [
            0.0683671161532402,
            0.04607192426919937,
            0.023655902594327927
        ],
        [
            0.05807484686374664,
            0.021942155435681343,
            0.055295299738645554
        ],
        [
            0.0726516842842102,
            0.03911735862493515,
            0.015749670565128326
        ],
        [
            0.07974537461996078,
            0.07494101673364639,
            0.04585229977965355
        ],
        [
            0.07635051012039185,
            0.07765891402959824,
            0.03836129978299141
        ],
        [
            0.07167285680770874,
            0.08055663108825684,
            0.039116233587265015
        ],
        [
            0.07304682582616806,
            0.0806567370891571,
            0.04516468197107315
        ],
        [
            0.0327807255089283,
            0.0743800550699234,
            0.0552566796541214
        ],
        [
            0.028184402734041214,
            0.07279124855995178,
            0.05201132595539093
        ],
        [
            0.026374302804470062,
            0.07673470675945282,
            0.0514555387198925
        ],
        [
            0.0304173082113266,
            0.07886307686567307,
            0.05501134693622589
        ],
        [
            0.029593681916594505,
            0.04913720488548279,
            0.05105931684374809
        ],
        [
            0.02618897147476673,
            0.044617507606744766,
            0.053801823407411575
        ],
        [
            0.024711422622203827,
            0.050875481218099594,
            0.05450120568275452
        ],
        [
            0.029434585943818092,
            0.05381990969181061,
            0.052361950278282166
        ],
        [
            0.02520473301410675,
            0.04369201883673668,
            0.05971073359251022
        ],
        [
            0.02276311069726944,
            0.04977106675505638,
            0.06035138666629791
        ],
        [
            0.034485530108213425,
            0.07497496157884598,
            0.06140618771314621
        ],
        [
            0.03164738044142723,
            0.07378114014863968,
            0.06819012016057968
        ],
        [
            0.03944006934762001,
            0.06105843931436539,
            0.06835350394248962
        ],
        [
            0.03981940075755119,
            0.06371915340423584,
            0.0607009083032608
        ],
        [
            0.10126896947622299,
            0.029634974896907806,
            0.03299950435757637
        ],
        [
            0.10732001066207886,
            0.03557591140270233,
            0.025775356218218803
        ],
        [
            0.10035286098718643,
            0.047736622393131256,
            0.03212100267410278
        ],
        [
            0.09444545954465866,
            0.060301825404167175,
            0.039104901254177094
        ],
        [
            0.0875166803598404,
            0.07117653638124466,
            0.04505688697099686
        ],
        [
            0.08252565562725067,
            0.0651111751794815,
            0.05445665121078491
        ],
        [
            0.10476850718259811,
            0.0507206916809082,
            0.025808455422520638
        ],
        [
            0.04278174042701721,
            0.05834420025348663,
            0.06103125587105751
        ],
        [
            0.04440738260746002,
            0.05282020568847656,
            0.06819721311330795
        ],
        [
            0.04689352214336395,
            0.05612949654459953,
            0.06551098078489304
        ],
        [
            0.07628833502531052,
            0.04384072870016098,
            0.011240541934967041
        ],
        [
            0.01548622827976942,
            0.06659632921218872,
            0.06118525564670563
        ],
        [
            0.09295853972434998,
            -0.013489626348018646,
            0.027175139635801315
        ],
        [
            0.10411373525857925,
            -0.005330465734004974,
            0.027602802962064743
        ],
        [
            0.09759209305047989,
            -0.0008394308388233185,
            0.03139115497469902
        ],
        [
            0.08408686518669128,
            -0.009710043668746948,
            0.030096985399723053
        ],
        [
            0.02198752760887146,
            0.06969285756349564,
            0.052112478762865067
        ],
        [
            0.017130166292190552,
            0.06725919246673584,
            0.05520578473806381
        ],
        [
            0.06796523183584213,
            0.07425597310066223,
            0.030324582010507584
        ],
        [
            0.06460656970739365,
            0.07724850624799728,
            0.03436099737882614
        ],
        [
            0.06684979796409607,
            0.0796646997332573,
            0.03440077230334282
        ],
        [
            0.0697016492486,
            0.0781569555401802,
            0.028669606894254684
        ],
        [
            0.11035632342100143,
            0.03744053468108177,
            0.020940233021974564
        ],
        [
            0.08909683674573898,
            0.08197720348834991,
            0.024004390463232994
        ],
        [
            0.08990469574928284,
            0.0790567547082901,
            0.036168865859508514
        ],
        [
            0.11313780397176743,
            0.02486608549952507,
            0.020665571093559265
        ],
        [
            0.10839956998825073,
            0.019568249583244324,
            0.027372604236006737
        ],
        [
            0.11392834782600403,
            0.012733794748783112,
            0.023137148469686508
        ],
        [
            0.06897234171628952,
            0.06282684206962585,
            0.061051975935697556
        ],
        [
            0.09519803524017334,
            0.0268079973757267,
            0.038499847054481506
        ],
        [
            0.10286957770586014,
            0.016465023159980774,
            0.031661711633205414
        ],
        [
            0.1092364639043808,
            0.00816374272108078,
            0.026816625148057938
        ],
        [
            0.11459411680698395,
            0.0026564374566078186,
            0.0236329548060894
        ],
        [
            0.11910178512334824,
            0.008239708840847015,
            0.01980210468173027
        ],
        [
            0.026404347270727158,
            0.07185465097427368,
            0.07013832032680511
        ],
        [
            0.02869795262813568,
            0.07898028194904327,
            0.06684128940105438
        ],
        [
            0.12617778778076172,
            0.0032273605465888977,
            0.017203401774168015
        ],
        [
            0.12036234140396118,
            -0.0028479620814323425,
            0.02110401913523674
        ],
        [
            0.09588946402072906,
            0.011952556669712067,
            0.035653747618198395
        ],
        [
            0.08596065640449524,
            0.00628204271197319,
            0.039044227451086044
        ],
        [
            0.08862791955471039,
            0.022161971777677536,
            0.041935995221138
        ],
        [
            0.07867319881916046,
            0.017426520586013794,
            0.04609251394867897
        ],
        [
            0.06608729064464569,
            0.055032435804605484,
            0.06848213076591492
        ],
        [
            0.021044034510850906,
            0.0958535224199295,
            0.06074286252260208
        ],
        [
            0.02780761569738388,
            0.08632314205169678,
            0.06175999715924263
        ],
        [
            0.027705589309334755,
            0.0849679484963417,
            0.05613399296998978
        ],
        [
            0.022646835073828697,
            0.09543652832508087,
            0.056820422410964966
        ],
        [
            0.031549014151096344,
            0.07979629188776016,
            0.06069706752896309
        ],
        [
            0.024980925023555756,
            0.08448373526334763,
            0.06644222885370255
        ],
        [
            0.06435918807983398,
            0.010809626430273056,
            0.046201325953006744
        ],
        [
            0.03944867104291916,
            0.059445638209581375,
            0.053057875484228134
        ],
        [
            0.06846228241920471,
            -0.0021702833473682404,
            0.03587985783815384
        ],
        [
            0.046948764473199844,
            0.01010458916425705,
            0.04534372687339783
        ],
        [
            0.0486101433634758,
            0.0016665942966938019,
            0.035182178020477295
        ],
        [
            0.07136934995651245,
            -0.01548720896244049,
            0.023898474872112274
        ],
        [
            0.05378202721476555,
            -0.009293630719184875,
            0.02403564751148224
        ],
        [
            0.08947788923978806,
            -0.022717401385307312,
            0.019301529973745346
        ],
        [
            0.08187281340360641,
            -0.018264926970005035,
            0.02248675748705864
        ],
        [
            0.03911495953798294,
            0.0015245117247104645,
            0.022218015044927597
        ],
        [
            0.012945475056767464,
            0.08630143105983734,
            0.05095306783914566
        ],
        [
