{
    "pred_cam": [
        10.366602897644043,
        0.07082058489322662,
        -0.0664825439453125
    ],
    "pred_mano_params": {
        "global_orient": [
            [
                [
                    0.5674211978912354,
                    -0.5401270389556885,
                    0.6215270757675171
                ],
                [
                    -0.4036943018436432,
                    -0.8403444290161133,
                    -0.36173489689826965
                ],
                [
                    0.7176796197891235,
                    -0.04565085470676422,
                    -0.6948754191398621
                ]
            ]
        ],
        "hand_pose": [
            [
                [
                    0.8105791807174683,
                    -0.5542792081832886,
                    -0.189039409160614
                ],
                [
                    0.5354986786842346,
                    0.8321883082389832,
                    -0.14388823509216309
                ],
                [
                    0.23707063496112823,
                    0.015402463264763355,
                    0.971370279788971
                ]
            ],
            [
                [
                    0.7693870663642883,
                    -0.5931828618049622,
                    0.23701810836791992
                ],
                [
                    0.6373786926269531,
                    0.7374821901321411,
                    -0.22331231832504272
                ],
                [
                    -0.04233159124851227,
                    0.3228839039802551,
                    0.945491373538971
                ]
            ],
            [
                [
                    0.771102249622345,
                    -0.6355303525924683,
                    -0.03876098617911339
                ],
                [
                    0.6356317400932312,
                    0.771910548210144,
                    -0.011237407103180885
                ],
                [
                    0.03706173226237297,
                    -0.015972523018717766,
                    0.9991852045059204
                ]
            ],
            [
                [
                    0.6847524642944336,
                    -0.6885987520217896,
                    -0.2386331558227539
                ],
                [
                    0.7088886499404907,
                    0.7053195238113403,
                    -0.001127002527937293
                ],
                [
                    0.169088676571846,
                    -0.1683925986289978,
                    0.9711090922355652
                ]
            ],
            [
                [
                    0.8541866540908813,
                    -0.5049269199371338,
                    -0.12415295094251633
                ],
                [
                    0.5184133648872375,
                    0.8085612654685974,
                    0.2783457338809967
                ],
                [
                    -0.040158990770578384,
                    -0.30212175846099854,
                    0.952423095703125
                ]
            ],
            [
                [
                    0.8709355592727661,
                    -0.48513609170913696,
                    -0.07819422334432602
                ],
                [
                    0.48845618963241577,
                    0.8720758557319641,
                    0.02990398369729519
                ],
                [
                    0.053683795034885406,
                    -0.06423888355493546,
                    0.9964895844459534
                ]
            ],
            [
                [
                    0.5127614140510559,
                    -0.8458325266838074,
                    0.1471157968044281
                ],
                [
                    0.7706748247146606,
                    0.5289937257766724,
                    0.35528287291526794
                ],
                [
                    -0.37833312153816223,
                    -0.06879691779613495,
                    0.9231094121932983
                ]
            ],
            [
                [
                    0.9642186164855957,
                    -0.24863968789577484,
                    -0.09198231250047684
                ],
                [
                    0.260084331035614,
                    0.9544100761413574,
                    0.14648392796516418
                ],
                [
                    0.05136712267994881,
                    -0.16516569256782532,
                    0.984927237033844
                ]
            ],
            [
                [
                    0.9695855975151062,
                    -0.1879206746816635,
                    0.15681092441082
                ],
                [
                    0.15378525853157043,
                    0.9661818146705627,
                    0.20698505640029907
                ],
                [
                    -0.19040460884571075,
                    -0.1765744984149933,
                    0.9656953811645508
                ]
            ],
            [
                [
                    0.4050455391407013,
                    -0.9130135178565979,
                    -0.04841899126768112
                ],
                [
                    0.9138273000717163,
                    0.4059659540653229,
                    -0.010547972284257412
                ],
                [
                    0.029286904260516167,
                    -0.039974190294742584,
                    0.9987713694572449
                ]
            ],
            [
                [
                    0.9988982081413269,
                    0.015363942831754684,
                    0.04434363171458244
                ],
                [
                    -0.030584776774048805,
                    0.9297918677330017,
                    0.36681288480758667
                ],
                [
                    -0.03559466078877449,
                    -0.367764949798584,
                    0.9292373061180115
                ]
            ],
            [
                [
                    0.9766402244567871,
                    -0.20742379128932953,
                    -0.05611748620867729
                ],
                [
                    0.21245360374450684,
                    0.9712406396865845,
                    0.10749448835849762
                ],
                [
                    0.03220666944980621,
                    -0.1169058084487915,
                    0.992620587348938
                ]
            ],
            [
                [
                    0.9703097939491272,
                    -0.20252235233783722,
                    0.13222530484199524
                ],
                [
                    0.17743290960788727,
                    0.22451408207416534,
                    -0.9581810832023621
                ],
                [
                    0.16436663269996643,
                    0.9531936645507812,
                    0.25378233194351196
                ]
            ],
            [
                [
                    0.9454853534698486,
                    -0.3205922245979309,
                    -0.057255055755376816
                ],
                [
                    0.28427258133888245,
                    0.7266810536384583,
                    0.6253989338874817
                ],
                [
                    -0.15889185667037964,
                    -0.6075814962387085,
                    0.7782018780708313
                ]
            ],
            [
                [
                    0.9326452016830444,
                    0.3285597562789917,
                    -0.14906826615333557
                ],
                [
                    -0.32377082109451294,
                    0.9444747567176819,
                    0.05603521689772606
                ],
                [
                    0.15920212864875793,
                    -0.0039970227517187595,
                    0.9872379302978516
                ]
            ]
        ],
        "betas": [
            -0.006320565938949585,
            -0.046282947063446045,
            -0.002641141414642334,
            -0.10168519616127014,
            -0.056035637855529785,
            0.011903110891580582,
            0.04716739058494568,
            -0.0177018940448761,
            0.007254928350448608,
            -0.06021326780319214
        ]
    },
    "pred_cam_t": [
        -0.07082058489322662,
        -0.0664825439453125,
        3.7681100368499756
    ],
    "focal_length": [
        5000.0,
        5000.0
    ],
    "pred_keypoints_3d": [
        [
            0.09572356194257736,
            0.006366419605910778,
            0.006215189583599567
        ],
        [
            0.10643663257360458,
            0.01978212222456932,
            -0.028260838240385056
        ],
        [
            0.11355907469987869,
            0.04679206758737564,
            -0.04111297428607941
        ],
        [
            0.11554442346096039,
            0.07135948538780212,
            -0.052369143813848495
        ],
        [
            0.1133134588599205,
            0.09646207839250565,
            -0.07834995537996292
        ],
        [
            0.06138711795210838,
            0.038806453347206116,
            -0.07109412550926208
        ],
        [
            0.04924962297081947,
            0.06472305953502655,
            -0.08754332363605499
        ],
        [
            0.05565885454416275,
            0.08596685528755188,
            -0.08756355941295624
        ],
        [
            0.06829707324504852,
            0.10373161733150482,
            -0.0752774178981781
        ],
        [
            0.04067922756075859,
            0.047047775238752365,
            -0.0593387745320797
        ],
        [
            0.03296542540192604,
            0.0771452784538269,
            -0.06606980413198471
        ],
        [
            0.04203400760889053,
            0.09855889528989792,
            -0.06456518918275833
        ],
        [
            0.058471180498600006,
            0.11776403337717056,
            -0.05955621600151062
        ],
        [
            0.03483330458402634,
            0.05236117169260979,
            -0.03376321867108345
        ],
        [
            0.03718418627977371,
            0.08091015368700027,
            -0.037907056510448456
        ],
        [
            0.04246361926198006,
            0.10516125708818436,
            -0.036912932991981506
        ],
        [
            0.0482306182384491,
            0.1302783191204071,
            -0.035041723400354385
        ],
        [
            0.03514944016933441,
            0.058139119297266006,
            -0.01267214771360159
        ],
        [
            0.035427577793598175,
            0.07902199029922485,
            -0.015933919697999954
        ],
        [
            0.04057162627577782,
            0.09722060710191727,
            -0.01469983346760273
        ],
        [
            0.05024142563343048,
            0.11414613574743271,
            -0.015378842130303383
        ]
    ],
    "pred_vertices": [
        [
            0.0868455097079277,
            0.0358751006424427,
            -0.040128543972969055
        ],
        [
            0.09253139793872833,
            0.03294748812913895,
            -0.0318249948322773
        ],
        [
            0.09497326612472534,
            0.03946502506732941,
            -0.036950141191482544
        ],
        [
            0.08977332711219788,
            0.039841633290052414,
            -0.047337956726551056
        ],
        [
            0.10884512960910797,
            0.03733261302113533,
            -0.018144618719816208
        ],
        [
            0.11953006684780121,
            0.03219407796859741,
            -0.01901327446103096
        ],
        [
            0.12009099125862122,
            0.04541521146893501,
            -0.027299445122480392
        ],
        [
            0.1113535612821579,
            0.04880721867084503,
            -0.024090077728033066
        ],
        [
            0.09171630442142487,
            0.04305829480290413,
            -0.05242251977324486
        ],
        [
            0.09725993126630783,
            0.04558957368135452,
            -0.04074620455503464
        ],
        [
            0.09376253187656403,
            0.04372408986091614,
            -0.053259287029504776
        ],
        [
            0.08425114303827286,
            0.033205389976501465,
            -0.0653667077422142
        ],
        [
            0.08464843034744263,
            0.037665922194719315,
            -0.062080495059490204
        ],
        [
            0.076514333486557,
            0.030388619750738144,
            -0.0712534636259079
        ],
        [
            0.0841798186302185,
            0.02288084104657173,
            -0.06315150111913681
        ],
        [
            0.06969354301691055,
            0.023689189925789833,
            -0.07010865956544876
        ],
        [
            0.06370766460895538,
            0.011439021676778793,
            -0.04277552664279938
        ],
        [
            0.05688264220952988,
            0.013707742094993591,
            -0.030851207673549652
        ],
        [
            0.045741450041532516,
            0.02179696410894394,
            -0.041871078312397
        ],
        [
            0.05430825054645538,
            0.019274691119790077,
            -0.05259934812784195
        ],
        [
            0.04257286339998245,
            0.026987973600625992,
            -0.02180309221148491
        ],
        [
            0.043658483773469925,
            0.024578237906098366,
            -0.03342390060424805
        ],
        [
            0.05414680391550064,
            0.015386871993541718,
            -0.02236977592110634
        ],
        [
            0.05293119326233864,
            0.01820523291826248,
            -0.012567389756441116
        ],
        [
            0.08166943490505219,
            0.03400908783078194,
            -0.024792678654193878
        ],
        [
            0.08780758827924728,
            0.030555156990885735,
            -0.01734204962849617
        ],
        [
            0.08920767903327942,
            0.029612567275762558,
            -0.02362516149878502
        ],
        [
            0.08385801315307617,
            0.03348766267299652,
            -0.030236124992370605
        ],
        [
            0.10539880394935608,
            0.04861357808113098,
            -0.05327994376420975
        ],
        [
            0.10204640030860901,
            0.031651467084884644,
            -0.055675163865089417
        ],
        [
            0.096209317445755,
            0.0369412861764431,
            -0.0563666895031929
        ],
        [
            0.10297512263059616,
            0.052500009536743164,
            -0.04993463307619095
        ],
        [
            0.10184292495250702,
            0.02959328144788742,
            0.009158380329608917
        ],
        [
            0.1067626103758812,
            0.01881006732583046,
            0.01580306887626648
        ],
        [
            0.10959815979003906,
            0.016377732157707214,
            0.01113661378622055
        ],
        [
            0.10405988246202469,
            0.026226170361042023,
            0.005783539265394211
        ],
        [
            0.11826014518737793,
            0.01674814149737358,
            -0.007799357175827026
        ],
        [
            0.11914755403995514,
            0.00865301862359047,
            -0.002160504460334778
        ],
        [
            0.12321010231971741,
            -0.0030628517270088196,
            -0.00590331107378006
        ],
        [
            0.1226217970252037,
            0.003568563610315323,
            -0.01390211284160614
        ],
        [
            0.11823345720767975,
            0.024357618764042854,
            -0.01408105343580246
        ],
        [
            0.1242271438241005,
            0.01435064896941185,
            -0.020075596868991852
        ],
        [
            0.12495264410972595,
            0.02468816563487053,
            -0.025210607796907425
        ],
        [
            0.12450914084911346,
            0.04028397426009178,
            -0.03341546654701233
        ],
        [
            0.09879329800605774,
            0.021214034408330917,
            0.025568611919879913
        ],
        [
            0.09437567740678787,
            0.029875608161091805,
            0.022271767258644104
        ],
        [
            0.06148163229227066,
            0.06856570392847061,
            -0.0846470296382904
        ],
        [
            0.05851195752620697,
            0.07097670435905457,
            -0.07999131083488464
        ],
        [
            0.059741124510765076,
            0.06763872504234314,
            -0.07885371148586273
        ],
        [
            0.062125273048877716,
            0.06593514233827591,
            -0.08387546241283417
        ],
        [
            0.07938012480735779,
            0.016552630811929703,
            0.028874099254608154
        ],
        [
            0.07378501445055008,
            0.008459266275167465,
            0.026673678308725357
        ],
        [
            0.07837268710136414,
            0.006483037024736404,
            0.03199107199907303
        ],
        [
            0.08489246666431427,
            0.013208914548158646,
            0.032865069806575775
        ],
        [
            0.07215913385152817,
            0.020956341177225113,
            0.023508496582508087
        ],
        [
            0.06800305098295212,
            0.011527009308338165,
            0.018946051597595215
        ],
        [
            0.05363453924655914,
            0.06732919067144394,
            -0.09477237612009048
        ],
        [
            0.05852792039513588,
            0.06742318719625473,
            -0.09306098520755768
        ],
        [
            0.057531390339136124,
            0.0628480613231659,
            -0.09255833178758621
        ],
        [
            0.05241881310939789,
            0.06189029663801193,
            -0.09300774335861206
        ],
        [
            0.08400025963783264,
            0.03925955668091774,
            -0.056001417338848114
        ],
        [
            0.08159178495407104,
            0.0391089953482151,
            -0.04731443524360657
        ],
        [
            0.07165799289941788,
            0.044226981699466705,
            -0.06654950976371765
        ],
        [
            0.07428354024887085,
            0.04178041219711304,
            -0.05862322822213173
        ],
        [
            0.07830348610877991,
            0.03878919780254364,
            -0.0634656623005867
        ],
        [
            0.07489024847745895,
            0.040067821741104126,
            -0.06987103074789047
        ],
        [
            0.0653596967458725,
            0.04399538040161133,
            -0.03677206486463547
        ],
        [
            0.07266664505004883,
            0.038792435079813004,
            -0.029319077730178833
        ],
        [
            0.07466459274291992,
            0.038055531680583954,
            -0.0356869250535965
        ],
        [
            0.06800208240747452,
            0.04388268291950226,
            -0.04501127451658249
        ],
        [
            0.0684511661529541,
            0.04399201646447182,
            -0.016835041344165802
        ],
        [
            0.061320960521698,
            0.04823450744152069,
            -0.025179939344525337
        ],
        [
            0.05975842475891113,
            0.050561487674713135,
            -0.017058245837688446
        ],
        [
            0.06567788124084473,
            0.0480315238237381,
            -0.012554362416267395
        ],
        [
            0.051026005297899246,
            0.05349617451429367,
            -0.04190380871295929
        ],
        [
            0.04753493517637253,
            0.055375635623931885,
            -0.0462719164788723
        ],
        [
            0.046800658106803894,
            0.05752626806497574,
            -0.04297192767262459
        ],
        [
            0.050009019672870636,
            0.05418836697936058,
            -0.0384824201464653
        ],
        [
            0.0825684517621994,
            0.00344814732670784,
            0.03685903549194336
        ],
        [
            0.09031705558300018,
            0.00940500944852829,
            0.03595658019185066
        ],
        [
            0.0411933958530426,
            0.03540102764964104,
            -0.001436334103345871
        ],
        [
            0.046707846224308014,
            0.04060211777687073,
            0.006869617849588394
        ],
        [
            0.03768042474985123,
            0.04830678552389145,
            0.0011294316500425339
        ],
        [
            0.03319694101810455,
            0.040368929505348206,
            -0.006644187495112419
        ],
        [
            0.07184535264968872,
            0.0011140331625938416,
            0.019615747034549713
        ],
        [
            0.07473418116569519,
            -0.0011325068771839142,
            0.026552878320217133
        ],
        [
            0.04779858887195587,
            0.06844107061624527,
            -0.0928979367017746
        ],
        [
            0.047053262591362,
            0.06289035826921463,
            -0.09043250232934952
        ],
        [
            0.12253677845001221,
            0.01349242776632309,
            -0.03292142227292061
        ],
        [
            0.12375745177268982,
            0.03397063538432121,
            -0.041137710213661194
        ],
        [
            0.12036564946174622,
            0.00045583397150039673,
            -0.023976635187864304
        ],
        [
            0.11767691373825073,
            -0.007430028170347214,
            -0.016362637281417847
        ],
        [
            0.11819015443325043,
            -0.01343970000743866,
            -0.00946757197380066
        ],
        [
            0.06888741254806519,
            0.045055683702230453,
            -0.05648885667324066
        ],
        [
            0.07995490729808807,
            0.036890335381031036,
            -0.038386281579732895
        ],
        [
            0.0799250677227974,
            0.03530063480138779,
            -0.020009532570838928
        ],
        [
            0.06858189404010773,
            0.05016113817691803,
            0.004548609256744385
        ],
        [
            0.07580942660570145,
            0.04587934911251068,
            0.010795820504426956
        ],
        [
            0.07840930670499802,
            0.04509682580828667,
            0.00044279173016548157
        ],
        [
            0.07115666568279266,
            0.048508062958717346,
            -0.0029187090694904327
        ],
        [
            0.05225097015500069,
            0.04874570295214653,
            0.008695684373378754
        ],
        [
            0.05718802660703659,
            0.05320131033658981,
            0.0041100457310676575
        ],
        [
            0.05103953182697296,
            0.05656786635518074,
            -0.0005696937441825867
        ],
        [
            0.04481297731399536,
            0.053662218153476715,
            0.0032688938081264496
        ],
        [
            0.11228090524673462,
            0.046586938202381134,
            -0.05563347041606903
        ],
        [
            0.10869830846786499,
            0.02819293737411499,
            -0.05428031459450722
        ],
        [
            0.08707329630851746,
            0.023801174014806747,
            0.027960244566202164
        ],
        [
            0.09280839562416077,
            0.01887880265712738,
            0.030018407851457596
        ],
        [
            0.09707874059677124,
            0.012537088245153427,
            0.033796269446611404
        ],
        [
            0.09572546184062958,
            0.02971133403480053,
            -0.005314495414495468
        ],
        [
            0.10558965802192688,
            0.023874448612332344,
            0.0033617839217185974
        ],
        [
            0.10695452988147736,
            0.02269619330763817,
            -0.0007551610469818115
        ],
        [
            0.0956946313381195,
            0.02748056687414646,
            -0.008889492601156235
        ],
        [
            0.0976010411977768,
            0.03087478317320347,
            -0.021159302443265915
        ],
        [
            0.10702189058065414,
            0.027874508872628212,
            -0.012791313230991364
        ],
        [
            0.09937000274658203,
            0.04001052677631378,
            -0.024702835828065872
        ],
        [
            0.11427823454141617,
            0.012114070355892181,
            0.005866497755050659
        ],
        [
            0.11525754630565643,
            0.009784165769815445,
            0.01673775166273117
        ],
        [
            0.11940881609916687,
            0.005410138517618179,
            0.010163798928260803
        ],
        [
            0.1093890592455864,
            0.012368012219667435,
            0.024160902947187424
        ],
        [
            0.10310311615467072,
            0.013670843094587326,
            0.030330859124660492
        ],
        [
            0.07665634155273438,
            -0.006220303475856781,
            0.03313425928354263
        ],
        [
            0.12184005230665207,
            0.000987999141216278,
            0.0035775229334831238
        ],
        [
            0.11351248621940613,
            0.0559229776263237,
            -0.030526340007781982
        ],
        [
            0.115968719124794,
            0.062461696565151215,
            -0.03650601580739021
        ],
        [
            0.10869000852108002,
            0.06197572499513626,
            -0.037905141711235046
        ],
        [
            0.10575781762599945,
            0.05573894828557968,
            -0.03302472084760666
        ],
        [
            0.06900926679372787,
            0.03194299340248108,
            -0.07704879343509674
        ],
        [
            0.07381128519773483,
            0.03690137714147568,
            -0.07443267852067947
        ],
        [
            0.08013437688350677,
            0.03473512828350067,
            -0.06817610561847687
        ],
        [
            0.09298999607563019,
            0.03677424043416977,
            0.006808821111917496
        ],
        [
            0.0871577113866806,
            0.03681519627571106,
            0.018039748072624207
        ],
        [
            0.06618965417146683,
            0.04739433899521828,
            -0.06453812122344971
        ],
        [
            0.05169592797756195,
            0.05715116113424301,
            -0.09194668382406235
        ],
        [
            0.057578347623348236,
            0.0581868439912796,
            -0.09169894456863403
        ],
        [
            0.06265105307102203,
            0.042848825454711914,
            -0.0846434012055397
        ],
        [
            0.05582460016012192,
            0.041496288031339645,
            -0.0850113034248352
        ],
        [
            0.056070782244205475,
            0.049806199967861176,
            -0.067027747631073
        ],
        [
            0.06317612528800964,
            0.04954705387353897,
            -0.06675049662590027
        ],
        [
            0.061132337898015976,
            0.05071432143449783,
            -0.06759223341941833
        ],
        [
            0.05481971055269241,
            0.05257343873381615,
            -0.06684830039739609
        ],
        [
            0.046416908502578735,
            0.05796757712960243,
            -0.033695120364427567
        ],
        [
            0.049213919788599014,
            0.055422838777303696,
            -0.030097920447587967
        ],
        [
            0.04680110514163971,
            0.030246911570429802,
            -0.06145542487502098
        ],
        [
            0.05391194298863411,
            0.023055698722600937,
            -0.07061167061328888
        ],
        [
            0.06218782812356949,
            0.018328387290239334,
            -0.0626564472913742
        ],
        [
            0.06336138397455215,
            0.04570635408163071,
            -0.02977556362748146
        ],
        [
            0.05654548853635788,
            0.05056487396359444,
            -0.0358102023601532
        ],
        [
            0.055121757090091705,
            0.05157625675201416,
            -0.03208987042307854
        ],
        [
            0.0645638108253479,
            0.047154054045677185,
            -0.056437306106090546
        ],
        [
            0.06083555892109871,
            0.04908501356840134,
            -0.06226823478937149
        ],
        [
            0.05930569767951965,
            0.04892148822546005,
            -0.057686947286129
        ],
        [
            0.06271142512559891,
            0.04743340611457825,
            -0.05137045308947563
        ],
        [
            0.055155348032712936,
            0.03284876421093941,
            0.013526972383260727
        ],
        [
            0.061224326491355896,
            0.04260169342160225,
            0.0157671719789505
        ],
        [
            0.06144155561923981,
            0.0675942525267601,
            -0.08937370777130127
        ],
        [
            0.061274074018001556,
            0.06418289244174957,
            -0.08897663652896881
        ],
        [
            0.07061123847961426,
            0.04061172530055046,
            -0.022630199790000916
        ],
        [
            0.07153134047985077,
            0.013122640550136566,
            -0.05254317447543144
        ],
        [
            0.07828468084335327,
            0.03708992153406143,
            -0.015034802258014679
        ],
        [
            0.03282302990555763,
            0.04645197466015816,
            -0.025345858186483383
        ],
        [
            0.03627261519432068,
            0.05436798930168152,
            -0.022774767130613327
        ],
        [
            0.03616613894701004,
            0.05724405497312546,
            -0.025744466111063957
        ],
        [
            0.03216267749667168,
            0.053853005170822144,
            -0.02878652513027191
        ],
        [
            0.04980367049574852,
            0.06435950100421906,
            -0.07327402383089066
        ],
        [
            0.05538339167833328,
            0.06584261357784271,
            -0.07399294525384903
        ],
        [
            0.0547659806907177,
            0.06880529969930649,
            -0.0752766951918602
        ],
        [
            0.04883134365081787,
            0.06851007789373398,
            -0.07539539784193039
        ],
        [
            0.06805779039859772,
            0.047618839889764786,
            -0.06945902109146118
        ],
        [
            0.07134528458118439,
            0.04406393691897392,
            -0.07364644855260849
        ],
        [
            0.06842146068811417,
            0.048642922192811966,
            -0.07563041895627975
        ],
        [
            0.06497641652822495,
            0.05052328482270241,
            -0.07107606530189514
        ],
        [
            0.06958703696727753,
            0.040585704147815704,
            -0.07844378054141998
        ],
        [
            0.06725233048200607,
            0.04528112709522247,
            -0.08095855265855789
        ],
        [
            0.04473182559013367,
            0.06194226071238518,
            -0.0764237642288208
        ],
        [
            0.04327067360281944,
            0.05914711579680443,
            -0.08324869722127914
        ],
        [
            0.046148572117090225,
            0.0451810285449028,
            -0.07550624758005142
        ],
        [
            0.04831594601273537,
            0.0508936382830143,
            -0.07052258402109146
        ],
        [
            0.06148608773946762,
            0.008826844394207,
            -0.003935191780328751
        ],
        [
            0.0596131756901741,
            0.013987325131893158,
            0.005793720483779907
        ],
        [
            0.05085008218884468,
            0.023348122835159302,
            -0.0024895109236240387
        ],
        [
            0.04090254753828049,
            0.032012585550546646,
            -0.010308891534805298
        ],
        [
            0.03288744017481804,
            0.04043596237897873,
            -0.018736084923148155
        ],
        [
            0.03294916823506355,
            0.03410041332244873,
            -0.029330193996429443
        ],
        [
            0.05099694803357124,
            0.02657250687479973,
            0.0051210373640060425
        ],
        [
            0.04941876232624054,
            0.044198501855134964,
            -0.06527340412139893
        ],
        [
            0.048466168344020844,
            0.03619825839996338,
            -0.06951530277729034
        ],
        [
            0.046472616493701935,
            0.038265109062194824,
            -0.06467415392398834
        ],
        [
            0.07650621235370636,
            0.041141971945762634,
            -0.009008202701807022
        ],
        [
            0.061684902757406235,
            0.06008191034197807,
            -0.08880395442247391
        ],
        [
            0.09655830264091492,
            -0.017449434846639633,
            -0.010491803288459778
        ],
        [
            0.08634164929389954,
            -0.016444645822048187,
            -0.0013282746076583862
        ],
        [
            0.08375576138496399,
            -0.0118938609957695,
            -0.00845065712928772
        ],
        [
            0.09595108777284622,
            -0.012003324925899506,
            -0.018973492085933685
        ],
        [
            0.06094781681895256,
            0.06514911353588104,
            -0.07819221913814545
        ],
        [
            0.06361805647611618,
            0.06287509202957153,
            -0.08345519751310349
        ],
        [
            0.04683435335755348,
            0.05845966562628746,
            -0.02469903603196144
        ],
        [
            0.04435622692108154,
            0.059959039092063904,
            -0.028653565794229507
        ],
        [
            0.04153323546051979,
            0.060636017471551895,
            -0.025921238586306572
        ],
        [
            0.043663542717695236,
            0.06172974780201912,
            -0.02155790850520134
        ],
        [
            0.06018546596169472,
            0.016325533390045166,
            0.011296641081571579
        ],
        [
            0.03495354577898979,
            0.05558120459318161,
            -0.00252709724009037
        ],
        [
            0.03037199378013611,
            0.04808169603347778,
            -0.00991886854171753
        ],
        [
            0.06725592911243439,
            0.005663391202688217,
            0.012580201029777527
        ],
        [
            0.0684678927063942,
            0.000606536865234375,
            0.004272237420082092
        ],
        [
            0.07323656976222992,
            -0.005067374557256699,
            0.010650377720594406
        ],
        [
            0.03619067743420601,
            0.03582559525966644,
            -0.04406393691897392
        ],
        [
            0.06236803159117699,
            0.006804272532463074,
            -0.012356080114841461
        ],
        [
            0.07012641429901123,
            -0.001279577612876892,
            -0.002983253449201584
        ],
        [
            0.07588905096054077,
            -0.008148964494466782,
            0.004294604063034058
        ],
        [
            0.0792274922132492,
            -0.013222277164459229,
            0.01002725213766098
        ],
        [
            0.07608643174171448,
            -0.009230140596628189,
            0.01641261577606201
        ],
        [
            0.046561434864997864,
            0.05786585807800293,
            -0.08831553161144257
        ],
        [
            0.04270140826702118,
            0.06513550877571106,
            -0.08535796403884888
        ],
        [
            0.07804355025291443,
            -0.01498931273818016,
            0.02319774031639099
        ],
        [
            0.08202308416366577,
            -0.01879623904824257,
            0.015724685043096542
        ],
        [
            0.07350291311740875,
            -0.003427211195230484,
            -0.011294577270746231
        ],
        [
            0.07924901694059372,
            -0.004748206585645676,
            -0.02182038500905037
        ],
        [
            0.06603336334228516,
            0.004677876830101013,
            -0.020021192729473114
        ],
        [
            0.0707775205373764,
            0.003765244036912918,
            -0.030911747366189957
        ],
        [
            0.03803021460771561,
            0.027356918901205063,
            -0.05125000700354576
        ],
        [
            0.046405207365751266,
            0.0840931385755539,
            -0.08634203672409058
        ],
        [
            0.04362788423895836,
            0.07332460582256317,
            -0.0826844796538353
        ],
        [
            0.047615595161914825,
            0.07333122193813324,
            -0.07840849459171295
        ],
        [
            0.04761005565524101,
            0.08364414423704147,
            -0.08214636892080307
        ],
        [
            0.04420340806245804,
            0.06724077463150024,
            -0.07882468402385712
        ],
        [
            0.043550726026296616,
            0.07098634541034698,
            -0.08791764080524445
        ],
        [
            0.08157974481582642,
            0.005865719169378281,
            -0.04291044920682907
        ],
        [
            0.05523660033941269,
            0.05057580769062042,
            -0.0626949891448021
        ],
        [
            0.09443950653076172,
            -0.0014827512204647064,
            -0.034253545105457306
        ],
        [
            0.09185945242643356,
            0.014982752501964569,
            -0.05567290261387825
        ],
        [
            0.10280453413724899,
            0.01148531585931778,
            -0.04840227961540222
        ],
        [
            0.10889491438865662,
            -0.008353937417268753,
            -0.025276079773902893
        ],
        [
            0.11354503780603409,
            0.004142634570598602,
            -0.037869833409786224
        ],
        [
            0.10894288867712021,
            -0.019270174205303192,
            -0.009105853736400604
        ],
        [
            0.10713772475719452,
            -0.014222756028175354,
            -0.016620159149169922
        ],
        [
            0.11705885827541351,
            0.020830359309911728,
            -0.04615093767642975
        ],
