{
    "pred_cam": [
        6.615438461303711,
        -0.06325288116931915,
        -0.05505691468715668
    ],
    "pred_mano_params": {
        "global_orient": [
            [
                [
                    0.49218013882637024,
                    0.596047043800354,
                    -0.6344183087348938
                ],
                [
                    -0.6065248847007751,
                    -0.28796064853668213,
                    -0.7410844564437866
                ],
                [
                    -0.6244086623191833,
                    0.7495375871658325,
                    0.21978886425495148
                ]
            ]
        ],
        "hand_pose": [
            [
                [
                    0.7879616618156433,
                    -0.5003240704536438,
                    -0.3588763475418091
                ],
                [
                    0.48043665289878845,
                    0.8641316294670105,
                    -0.14985714852809906
                ],
                [
                    0.3850935399532318,
                    -0.05433567240834236,
                    0.9212766289710999
                ]
            ],
            [
                [
                    0.9064568281173706,
                    -0.4090367257595062,
                    0.10500013083219528
                ],
                [
                    0.41824260354042053,
                    0.8351802825927734,
                    -0.3571372628211975
                ],
                [
                    0.058388207107782364,
                    0.3676450252532959,
                    0.9281314611434937
                ]
            ],
            [
                [
                    0.9396862983703613,
                    -0.32970261573791504,
                    0.09102648496627808
                ],
                [
                    0.3263190686702728,
                    0.9439219236373901,
                    0.05027055740356445
                ],
                [
                    -0.10249624401330948,
                    -0.01753487065434456,
                    0.9945787787437439
                ]
            ],
            [
                [
                    0.5953935980796814,
                    -0.7648525834083557,
                    -0.2459818422794342
                ],
                [
                    0.7907506227493286,
                    0.6120409965515137,
                    0.01092230249196291
                ],
                [
                    0.14219702780246735,
                    -0.20101335644721985,
                    0.9692129492759705
                ]
            ],
            [
                [
                    0.9897902011871338,
                    -0.10719079524278641,
                    -0.09394491463899612
                ],
                [
                    0.12443874031305313,
                    0.9712702035903931,
                    0.2028527408838272
                ],
                [
                    0.06950194388628006,
                    -0.21247200667858124,
                    0.9746924042701721
                ]
            ],
            [
                [
                    0.9553037881851196,
                    -0.28241145610809326,
                    0.08739747852087021
                ],
                [
                    0.2869303524494171,
                    0.9569346904754639,
                    -0.0441245511174202
                ],
                [
                    -0.07117240130901337,
                    0.06722934544086456,
                    0.995195746421814
                ]
            ],
            [
                [
                    0.36110079288482666,
                    -0.9280231595039368,
                    0.0915382131934166
                ],
                [
                    0.5131315588951111,
                    0.27970367670059204,
                    0.8114566206932068
                ],
                [
                    -0.7786540985107422,
                    -0.24604646861553192,
                    0.5771991610527039
                ]
            ],
            [
                [
                    0.9733760952949524,
                    -0.1922004520893097,
                    -0.1248915046453476
                ],
                [
                    0.1520908772945404,
                    0.9492157101631165,
                    -0.275423139333725
                ],
                [
                    0.17148540914058685,
                    0.24909545481204987,
                    0.9531758427619934
                ]
            ],
            [
                [
                    0.9016246199607849,
                    0.4281552731990814,
                    0.0612872950732708
                ],
                [
                    -0.39481881260871887,
                    0.7568705081939697,
                    0.5208311676979065
                ],
                [
                    0.17661000788211823,
                    -0.4937915802001953,
                    0.8514568209648132
                ]
            ],
            [
                [
                    0.4700218737125397,
                    -0.881576657295227,
                    0.04361117631196976
                ],
                [
                    0.8595989346504211,
                    0.4684045910835266,
                    0.20417338609695435
                ],
                [
                    -0.20042218267917633,
                    -0.05847784876823425,
                    0.9779627919197083
                ]
            ],
            [
                [
                    0.9975016713142395,
                    0.01484267134219408,
                    -0.06906545162200928
                ],
                [
                    0.00883248820900917,
                    0.9438009858131409,
                    0.33039623498916626
                ],
                [
                    0.07008800655603409,
                    -0.3301808536052704,
                    0.9413119554519653
                ]
            ],
            [
                [
                    0.9644798040390015,
                    -0.2336055189371109,
                    0.12331724911928177
                ],
                [
                    0.21812666952610016,
                    0.9676202535629272,
                    0.1270110309123993
                ],
                [
                    -0.14899474382400513,
                    -0.09560079127550125,
                    0.9842057824134827
                ]
            ],
            [
                [
                    0.9604986906051636,
                    -0.20920445024967194,
                    -0.1835097074508667
                ],
                [
                    -0.12887656688690186,
                    0.2500569522380829,
                    -0.9596157670021057
                ],
                [
                    0.2466437667608261,
                    0.9453597664833069,
                    0.2132178246974945
                ]
            ],
            [
                [
                    0.9701952338218689,
                    -0.22751577198505402,
                    -0.08341293781995773
                ],
                [
                    0.23708723485469818,
                    0.8200411200523376,
                    0.5208858847618103
                ],
                [
                    -0.050107717514038086,
                    -0.525137186050415,
                    0.8495410680770874
                ]
            ],
            [
                [
                    0.8832175135612488,
                    -0.40629956126213074,
                    -0.23419521749019623
                ],
                [
                    0.24052947759628296,
                    0.8211690187454224,
                    -0.5175200700759888
                ],
                [
                    0.4025820195674896,
                    0.4007520079612732,
                    0.8229978680610657
                ]
            ]
        ],
        "betas": [
            -0.02120058238506317,
            -0.07051399350166321,
            -0.07396063208580017,
            -0.018956035375595093,
            -0.05443403124809265,
            -0.10468187183141708,
            0.02868601679801941,
            -0.06104382872581482,
            -0.025473013520240784,
            -0.045527905225753784
        ]
    },
    "pred_cam_t": [
        -0.06325288116931915,
        -0.05505691468715668,
        5.904748439788818
    ],
    "focal_length": [
        5000.0,
        5000.0
    ],
    "pred_keypoints_3d": [
        [
            0.0958404690027237,
            0.006387558300048113,
            0.0062073469161987305
        ],
        [
            0.05833788216114044,
            0.006395314354449511,
            0.015218115411698818
        ],
        [
            0.034223441034555435,
            0.02566383220255375,
            0.015074974857270718
        ],
        [
            0.017187444493174553,
            0.046514660120010376,
            0.018715014681220055
        ],
        [
            0.008197031915187836,
            0.07940301299095154,
            0.012746741063892841
        ],
        [
            0.03628992289304733,
            0.046107590198516846,
            0.06188800558447838
        ],
        [
            0.02152128890156746,
            0.07505986839532852,
            0.06799282878637314
        ],
        [
            0.01152758952230215,
            0.09254240244626999,
            0.05852412432432175
        ],
        [
            0.00025818124413490295,
            0.10845667868852615,
            0.04267612472176552
        ],
        [
            0.050486911088228226,
            0.06683143973350525,
            0.06350924074649811
        ],
        [
            0.033676523715257645,
            0.09249721467494965,
            0.05523103475570679
        ],
        [
            0.02187805250287056,
            0.10875137895345688,
            0.043345846235752106
        ],
        [
            0.006438750773668289,
            0.12447094172239304,
            0.02963254228234291
        ],
        [
            0.07014011591672897,
            0.07697935402393341,
            0.04845482483506203
        ],
        [
            0.04758325591683388,
            0.09294989705085754,
            0.039900846779346466
        ],
        [
            0.03193579614162445,
            0.10659530013799667,
            0.026163864880800247
        ],
        [
            0.013035226613283157,
            0.11821295320987701,
            0.013413956388831139
        ],
        [
            0.08341950923204422,
            0.08309851586818695,
            0.032262057065963745
        ],
        [
            0.0646633505821228,
            0.08853501826524734,
            0.024072332307696342
        ],
        [
            0.04883480817079544,
            0.09455620497465134,
            0.01542670838534832
        ],
        [
            0.027456635609269142,
            0.10559867322444916,
            0.008131681941449642
        ]
    ],
    "pred_vertices": [
        [
            0.05164351314306259,
            0.029770229011774063,
            0.028247330337762833
        ],
        [
            0.05769314244389534,
            0.02416442334651947,
            0.02081046998500824
        ],
        [
            0.05042119696736336,
            0.028027964755892754,
            0.021973319351673126
        ],
        [
            0.043748755007982254,
            0.03041701577603817,
            0.030399929732084274
        ],
        [
            0.05581618845462799,
            0.021853674203157425,
            0.0015931017696857452
        ],
        [
            0.05119151249527931,
            0.011690262705087662,
            -0.002960003912448883
        ],
        [
            0.039496049284935,
            0.02256876230239868,
            0.0007895380258560181
        ],
        [
            0.045558251440525055,
            0.030201861634850502,
            0.0032175667583942413
        ],
        [
            0.03841041401028633,
            0.03168798238039017,
            0.033161718398332596
        ],
        [
            0.04395469278097153,
            0.0320747047662735,
            0.022632736712694168
        ],
        [
            0.03768056631088257,
            0.031107977032661438,
            0.03501572459936142
        ],
        [
            0.03564373776316643,
            0.027528103440999985,
            0.04963091015815735
        ],
        [
            0.03529458865523338,
            0.03093387931585312,
            0.04420963674783707
        ],
        [
            0.03477960079908371,
            0.029949858784675598,
            0.05807863175868988
        ],
        [
            0.0419718399643898,
            0.019825788214802742,
            0.05259409546852112
        ],
        [
            0.04179176315665245,
            0.029361600056290627,
            0.06433727592229843
        ],
        [
            0.07013610005378723,
            0.026471823453903198,
            0.055100712925195694
        ],
        [
            0.0809723287820816,
            0.03379526361823082,
            0.05065317451953888
        ],
        [
            0.07375462353229523,
            0.04622434824705124,
            0.06104709208011627
        ],
        [
            0.06300567835569382,
            0.03765058517456055,
            0.06363500654697418
        ],
        [
            0.08809562027454376,
            0.054191794246435165,
            0.047914594411849976
        ],
        [
            0.07986915111541748,
            0.050423767417669296,
            0.05563013255596161
        ],
        [
            0.08787046372890472,
            0.03763962164521217,
            0.0462351031601429
        ],
        [
            0.09461484104394913,
            0.04151506721973419,
            0.03956909105181694
        ],
        [
            0.06542083621025085,
            0.033460527658462524,
            0.021906372159719467
        ],
        [
            0.07034854590892792,
            0.027187012135982513,
            0.014607496559619904
        ],
        [
            0.06604792177677155,
            0.024481792002916336,
            0.018089208751916885
        ],
        [
            0.06092264503240585,
            0.030935974791646004,
            0.02431565523147583
        ],
        [
            0.031176608055830002,
            0.029114466160535812,
            0.029611099511384964
        ],
        [
            0.036574188619852066,
            0.01667722687125206,
            0.03565056249499321
        ],
        [
            0.037055712193250656,
            0.023884767666459084,
            0.03817778825759888
        ],
        [
            0.033244360238313675,
            0.03387466073036194,
            0.02797766961157322
        ],
        [
            0.08463811874389648,
            0.020220350474119186,
            -0.010207418352365494
        ],
        [
            0.09263961017131805,
            0.009479641914367676,
            -0.01253843680024147
        ],
        [
            0.0889211893081665,
            0.005363423377275467,
            -0.010336615145206451
        ],
        [
            0.08260937035083771,
            0.015819523483514786,
            -0.0081874318420887
        ],
        [
            0.06892648339271545,
            -0.0012678690254688263,
            -0.005455687642097473
        ],
        [
            0.07744061946868896,
            -0.007661093026399612,
            -0.005105629563331604
        ],
        [
            0.0783616378903389,
            -0.019367389380931854,
            0.0005767568945884705
        ],
        [
            0.06870559602975845,
            -0.014340072870254517,
            0.0026595070958137512
        ],
        [
            0.05965309590101242,
            0.005168914794921875,
            -0.0042219385504722595
        ],
        [
            0.05714915692806244,
            -0.006836406886577606,
            0.0007173791527748108
        ],
        [
            0.04703816398978233,
            0.0020449794828891754,
            0.0008201673626899719
        ],
        [
            0.03484500199556351,
            0.015287820249795914,
            0.00403965637087822
        ],
        [
            0.10251481831073761,
            0.017353661358356476,
            -0.014771491289138794
        ],
        [
            0.09785939753055573,
            0.02649100497364998,
            -0.01390557736158371
        ],
        [
            0.0140185272321105,
            0.07365066558122635,
            0.05748239904642105
        ],
        [
            0.018460575491189957,
            0.07696154713630676,
            0.05521605908870697
        ],
        [
            0.0200626403093338,
            0.07198415696620941,
            0.05496720224618912
        ],
        [
            0.015477136708796024,
            0.06975427269935608,
            0.05758252367377281
        ],
        [
            0.11568120121955872,
            0.02672845870256424,
            -0.002528667449951172
        ],
        [
            0.120148204267025,
            0.024032771587371826,
            0.006071146577596664
        ],
        [
            0.12318301200866699,
            0.020040899515151978,
            0.0007845982909202576
        ],
        [
            0.11792324483394623,
            0.020960889756679535,
            -0.006921812891960144
        ],
        [
            0.1127244085073471,
            0.03430923819541931,
            0.003315318375825882
        ],
        [
            0.11531998962163925,
            0.029430322349071503,
            0.013147249817848206
        ],
        [
            0.013301478698849678,
            0.07558881491422653,
            0.07002698630094528
        ],
        [
            0.010909808799624443,
            0.07370847463607788,
            0.0658426284790039
        ],
        [
            0.013552440330386162,
            0.06944527477025986,
            0.06754883378744125
        ],
        [
            0.017139635980129242,
            0.07077672332525253,
            0.07134179770946503
        ],
        [
            0.03876577317714691,
            0.03302944824099541,
            0.03883611410856247
        ],
        [
            0.04614754766225815,
            0.03525387495756149,
            0.034327685832977295
        ],
        [
            0.03220271319150925,
            0.04374229907989502,
            0.050401195883750916
        ],
        [
            0.03886893764138222,
            0.041017789393663406,
            0.044680945575237274
        ],
        [
            0.034889183938503265,
            0.03569941222667694,
            0.04693644866347313
        ],
        [
            0.030365904793143272,
            0.03841959685087204,
            0.05269557237625122
        ],
        [
            0.058498334139585495,
            0.050555743277072906,
            0.035199765115976334
        ],
        [
            0.06345759332180023,
            0.04260686784982681,
            0.02826152741909027
        ],
        [
            0.0581335723400116,
            0.04012780264019966,
            0.03142436221241951
        ],
        [
            0.051065124571323395,
            0.04801132529973984,
            0.03885198384523392
        ],
        [
            0.07241860777139664,
            0.050334036350250244,
            0.020543769001960754
        ],
        [
            0.06722020357847214,
            0.057304054498672485,
            0.028405319899320602
        ],
        [
            0.0730188637971878,
            0.060632623732089996,
            0.023049280047416687
        ],
        [
            0.07503341138362885,
            0.05548800528049469,
            0.017660658806562424
        ],
        [
            0.05653511360287666,
            0.06634806096553802,
            0.04317349195480347
        ],
        [
            0.05390419065952301,
            0.06915076076984406,
            0.047280676662921906
        ],
        [
            0.05546288192272186,
            0.07119298726320267,
            0.04519721493124962
        ],
        [
            0.059242166578769684,
            0.06780122965574265,
            0.041125763207674026
        ],
        [
            0.12655174732208252,
            0.015464164316654205,
            -0.003483343869447708
        ],
        [
            0.119731605052948,
            0.014824412763118744,
            -0.010475344955921173
        ],
        [
            0.10011237859725952,
            0.06350851058959961,
            0.032050639390945435
        ],
        [
            0.10177380591630936,
            0.06420037150382996,
            0.020983494818210602
        ],
        [
            0.096378393471241,
            0.07540596276521683,
            0.02612512744963169
        ],
        [
            0.09662330895662308,
            0.07214722037315369,
            0.03778304532170296
        ],
        [
            0.11898493766784668,
            0.019131988286972046,
            0.01511065661907196
        ],
        [
            0.12410373985767365,
            0.01618082821369171,
            0.009979423135519028
        ],
        [
            0.01828351989388466,
            0.07894954085350037,
            0.07180662453174591
        ],
        [
            0.0222487710416317,
            0.07378610223531723,
            0.07225777953863144
        ],
        [
            0.04851996526122093,
            -0.006834391504526138,
            0.011809982359409332
        ],
        [
            0.03309812396764755,
            0.009117290377616882,
            0.011824473738670349
        ],
        [
            0.06288770586252213,
            -0.015756070613861084,
            0.012019984424114227
        ],
        [
            0.07436758279800415,
            -0.019855022430419922,
            0.012533877044916153
        ],
        [
            0.0827094167470932,
            -0.024333186447620392,
            0.010900527238845825
        ],
        [
            0.041132327169179916,
            0.04707050696015358,
            0.045061931014060974
        ],
        [
            0.05454158037900925,
            0.035485126078128815,
            0.030457451939582825
        ],
        [
            0.06910807639360428,
            0.03609836474061012,
            0.01937703788280487
        ],
        [
            0.08602427691221237,
            0.05681703984737396,
            0.004027683287858963
        ],
        [
            0.0897112712264061,
            0.049595821648836136,
            -0.002437356859445572
        ],
        [
            0.0809008926153183,
            0.046348687261343,
            0.0028327852487564087
        ],
        [
            0.07986889779567719,
            0.053222864866256714,
            0.007894564419984818
        ],
        [
            0.09694622457027435,
            0.06669176369905472,
            0.01240038126707077
        ],
        [
            0.08928103744983673,
            0.06622727960348129,
            0.009962119162082672
        ],
        [
            0.08644088357686996,
            0.07170647382736206,
            0.01474335789680481
        ],
        [
            0.09294792264699936,
            0.07439816743135452,
            0.017768941819667816
        ],
        [
            0.026253636926412582,
            0.024242937564849854,
            0.027347251772880554
        ],
        [
            0.03542192652821541,
            0.010764144361019135,
            0.031736504286527634
        ],
        [
            0.10827213525772095,
            0.027148161083459854,
            -0.010105632245540619
        ],
        [
            0.10965633392333984,
            0.019870765507221222,
            -0.012732863426208496
        ],
        [
            0.11368972808122635,
            0.012608729302883148,
            -0.014794070273637772
        ],
        [
            0.07625866681337357,
            0.022580619901418686,
            0.00219518318772316
        ],
        [
            0.0811052992939949,
            0.012719053775072098,
            -0.006851524114608765
        ],
        [
            0.07770553231239319,
            0.01039673388004303,
            -0.005153551697731018
        ],
        [
            0.07473228871822357,
            0.020166940987110138,
            0.004990197718143463
        ],
        [
            0.06371372938156128,
            0.020640715956687927,
            0.011113885790109634
        ],
        [
            0.06540250033140182,
            0.013752244412899017,
            -4.610419273376465e-05
        ],
        [
            0.056319110095500946,
            0.028016097843647003,
            0.011634305119514465
        ],
        [
            0.08462780714035034,
            -0.0013572536408901215,
            -0.008289240300655365
        ],
        [
            0.09389998018741608,
            -0.002782978117465973,
            -0.01423470675945282
        ],
        [
            0.08899708092212677,
            -0.00933043658733368,
            -0.010731413960456848
        ],
        [
            0.10097195208072662,
            0.00363285094499588,
            -0.016418330371379852
        ],
        [
            0.10785383731126785,
            0.009240612387657166,
            -0.016911379992961884
        ],
        [
            0.13072633743286133,
            0.011728174984455109,
            0.007013637572526932
        ],
        [
            0.08482626080513,
            -0.014785531908273697,
            -0.006122909486293793
        ],
        [
            0.0381350964307785,
            0.03464089334011078,
            0.005836907774209976
        ],
        [
            0.03132743760943413,
            0.038505908101797104,
            0.007894288748502731
        ],
        [
            0.0353478267788887,
            0.04104189574718475,
            0.014011621475219727
        ],
        [
            0.04144950583577156,
            0.03767447918653488,
            0.012874774634838104
        ],
        [
            0.032358698546886444,
            0.036011748015880585,
            0.06529930233955383
        ],
        [
            0.029332565143704414,
            0.03662346303462982,
            0.05821141228079796
        ],
        [
            0.033018454909324646,
            0.031106289476156235,
            0.051403529942035675
        ],
        [
            0.08334511518478394,
            0.03120921552181244,
            -0.006421122699975967
        ],
        [
            0.09453520178794861,
            0.03606297820806503,
            -0.009909428656101227
        ],
        [
            0.034869492053985596,
            0.049666907638311386,
            0.05082302913069725
        ],
        [
            0.020296135917305946,
            0.0671645849943161,
            0.07331909239292145
        ],
        [
            0.016267254948616028,
            0.06503833830356598,
            0.06935235857963562
        ],
        [
            0.024531910195946693,
            0.04942798614501953,
            0.06885842978954315
        ],
        [
            0.028720851987600327,
            0.052392639219760895,
            0.07346129417419434
        ],
        [
            0.03752053156495094,
            0.057760465890169144,
            0.05711044743657112
        ],
        [
            0.034072499722242355,
            0.053241975605487823,
            0.053033895790576935
        ],
        [
            0.034379992634058,
            0.055598288774490356,
            0.05425800755620003
        ],
        [
            0.03783470764756203,
            0.060818128287792206,
            0.056324589997529984
        ],
        [
            0.06190997362136841,
            0.07314082980155945,
            0.038605377078056335
        ],
        [
            0.0651758685708046,
            0.06998462975025177,
            0.03516764938831329
        ],
        [
            0.054311804473400116,
            0.049959100782871246,
            0.06871188431978226
        ],
        [
            0.04788130894303322,
            0.03914956748485565,
            0.07354608178138733
        ],
        [
            0.052908532321453094,
            0.030751598998904228,
            0.06604653596878052
        ],
        [
            0.06395882368087769,
            0.053740277886390686,
            0.03121759556233883
        ],
        [
            0.0600634403526783,
            0.061209410429000854,
            0.03710256144404411
        ],
        [
            0.0630844235420227,
            0.06313399970531464,
            0.03508558124303818
        ],
        [
            0.04216233640909195,
            0.05143114924430847,
            0.04673071950674057
        ],
        [
            0.0384722538292408,
            0.054477207362651825,
            0.05171055719256401
        ],
        [
            0.04285702109336853,
            0.05608534440398216,
            0.05004296824336052
        ],
        [
            0.04686490818858147,
            0.053490590304136276,
            0.044605553150177
        ],
        [
            0.1069769412279129,
            0.053495656698942184,
            0.014979839324951172
        ],
        [
            0.10148466378450394,
            0.05703042820096016,
            0.005186650902032852
        ],
        [
            0.011233853176236153,
            0.07275311648845673,
            0.06127956882119179
        ],
        [
            0.013148108497262001,
            0.06874489784240723,
            0.062317945063114166
        ],
        [
            0.0686299204826355,
            0.04588688910007477,
            0.024456992745399475
        ],
        [
            0.05904766917228699,
            0.02157081477344036,
            0.056198831647634506
        ],
        [
            0.07275037467479706,
            0.03898930549621582,
            0.016416508704423904
        ],
        [
            0.08027952909469604,
            0.07480844855308533,
            0.04649319127202034
        ],
        [
            0.07670722156763077,
            0.07746800035238266,
            0.038996048271656036
        ],
        [
            0.07225237786769867,
            0.08006714284420013,
            0.039577316492795944
        ],
        [
            0.0736144483089447,
            0.08029356598854065,
            0.04556174948811531
        ],
        [
            0.0317954495549202,
            0.07361656427383423,
            0.05847153440117836
        ],
        [
            0.02724277973175049,
            0.07182858139276505,
            0.055251285433769226
        ],
        [
            0.025396857410669327,
            0.07523717731237411,
            0.054833512753248215
        ],
        [
            0.02934873476624489,
            0.07760292291641235,
            0.05840535834431648
        ],
        [
            0.030256114900112152,
            0.048817235976457596,
            0.05310746282339096
        ],
        [
            0.02712157927453518,
            0.043981313705444336,
            0.05577543377876282
        ],
        [
            0.025279656052589417,
            0.049975257366895676,
            0.056843362748622894
        ],
        [
            0.029740385711193085,
            0.05333805829286575,
            0.054703548550605774
        ],
        [
            0.02626253105700016,
            0.04268311709165573,
            0.061747245490550995
        ],
        [
            0.02355325222015381,
            0.048402100801467896,
            0.06270886957645416
        ],
        [
            0.033601947128772736,
            0.07414443790912628,
            0.0645909458398819
        ],
        [
            0.03092249296605587,
            0.07253705710172653,
            0.07137186080217361
        ],
        [
            0.03965729475021362,
            0.06047649681568146,
            0.07074014097452164
        ],
        [
            0.039652496576309204,
            0.063501738011837,
            0.06327114254236221
        ],
        [
            0.10185238718986511,
            0.029596179723739624,
            0.032981760799884796
        ],
        [
            0.10770732909440994,
            0.035597264766693115,
            0.025629857555031776
        ],
        [
            0.1008315458893776,
            0.04772232845425606,
            0.03220707178115845
        ],
        [
            0.09502957761287689,
            0.06028473749756813,
            0.0394323468208313
        ],
        [
            0.0881577730178833,
            0.07113765180110931,
            0.0456530898809433
        ],
        [
            0.08335920423269272,
            0.06510011851787567,
            0.05519517883658409
        ],
        [
            0.10509146749973297,
            0.050751544535160065,
            0.025783708319067955
        ],
        [
            0.04369953274726868,
            0.05804504454135895,
            0.06260841339826584
        ],
        [
            0.04538905248045921,
            0.052444055676460266,
            0.06983958184719086
        ],
        [
            0.0479707270860672,
            0.05580423027276993,
            0.06692373007535934
        ],
        [
            0.076260507106781,
            0.043750129640102386,
            0.011831231415271759
        ],
        [
            0.01516298670321703,
            0.06427089869976044,
            0.06436575204133987
        ],
        [
            0.09360741078853607,
            -0.013595432043075562,
            0.027178045362234116
        ],
        [
            0.10473117232322693,
            -0.005371592938899994,
            0.02737424150109291
        ],
        [
            0.09827322512865067,
            -0.0009231418371200562,
            0.03133820742368698
        ],
        [
            0.084779754281044,
            -0.009872738271951675,
            0.030309602618217468
        ],
        [
            0.021241841837763786,
            0.06830263137817383,
            0.05533754825592041
        ],
        [
            0.016665559262037277,
            0.06529642641544342,
            0.05840221792459488
        ],
        [
            0.06833387166261673,
            0.073855921626091,
            0.031261786818504333
        ],
        [
            0.06522098928689957,
            0.07654576003551483,
            0.03517671674489975
        ],
        [
            0.06754302233457565,
            0.07888460159301758,
            0.03494063764810562
        ],
        [
            0.07007712125778198,
            0.07769255340099335,
            0.029509838670492172
        ],
        [
            0.1106213927268982,
            0.03749758377671242,
            0.02071833238005638
        ],
        [
            0.08941945433616638,
            0.08191787451505661,
            0.024485891684889793
        ],
        [
            0.09036014974117279,
            0.07902691513299942,
            0.036682527512311935
        ],
        [
            0.11345396190881729,
            0.024923160672187805,
            0.020331863313913345
        ],
        [
            0.10889720171689987,
            0.019573651254177094,
            0.02713526412844658
        ],
        [
            0.11436102539300919,
            0.012775048613548279,
            0.02274167910218239
        ],
        [
            0.06991415470838547,
            0.06261784583330154,
            0.061915427446365356
        ],
        [
            0.09591799229383469,
            0.02671470120549202,
            0.03861955180764198
        ],
        [
            0.1034785658121109,
            0.01642274484038353,
            0.031547121703624725
        ],
        [
            0.10977283865213394,
            0.00816316157579422,
            0.0265156589448452
        ],
        [
            0.11508620530366898,
            0.0026902854442596436,
            0.023185737431049347
        ],
        [
            0.11948181688785553,
            0.008314073085784912,
            0.01927024871110916
        ],
        [
            0.02583148702979088,
            0.07006771117448807,
            0.07339425384998322
        ],
        [
            0.027719693258404732,
            0.07746686786413193,
            0.07032612711191177
        ],
        [
            0.12651994824409485,
            0.0033412277698516846,
            0.016478948295116425
        ],
        [
            0.12082299590110779,
            -0.0027800947427749634,
            0.020497050136327744
        ],
        [
            0.09661103785037994,
            0.01185605302453041,
            0.035691212862730026
        ],
        [
            0.08676566183567047,
            0.006117064505815506,
            0.0392947718501091
        ],
        [
            0.08944283425807953,
            0.022014804184436798,
            0.04219396784901619
        ],
        [
            0.07958336174488068,
            0.01720450073480606,
            0.04656422510743141
        ],
        [
            0.06731447577476501,
            0.054734066128730774,
            0.06945248693227768
        ],
        [
            0.019128115847706795,
            0.09382735192775726,
            0.0640256404876709
        ],
        [
            0.026422005146741867,
            0.08476771414279938,
            0.0653059333562851
        ],
        [
            0.026463869959115982,
            0.08332262933254242,
            0.05967176333069801
        ],
        [
            0.02088192105293274,
            0.09338194131851196,
            0.060155365616083145
        ],
        [
            0.03048326075077057,
            0.07855924963951111,
            0.06408119946718216
        ],
        [
            0.023698067292571068,
            0.08274983614683151,
            0.06995520740747452
        ],
        [
            0.06519372761249542,
            0.01049715280532837,
            0.04691572114825249
        ],
        [
            0.04018079489469528,
            0.059146929532289505,
            0.05471467971801758
        ],
        [
            0.0691717192530632,
            -0.0024431273341178894,
            0.03642384335398674
        ],
        [
            0.047591984272003174,
            0.009692352265119553,
            0.04625139385461807
        ],
        [
            0.04915837198495865,
            0.001245696097612381,
            0.03598102554678917
        ],
        [
            0.07199626415967941,
            -0.0157352052628994,
            0.02431930974125862
        ],
        [
            0.054342396557331085,
            -0.009704235941171646,
            0.024699680507183075
        ],
        [
            0.08999733626842499,
            -0.02282215654850006,
            0.019343264400959015
        ],
        [
            0.08246369659900665,
            -0.018429432064294815,
            0.022707287222146988
        ],
        [
            0.03939728066325188,
            0.0009892843663692474,
            0.022948607802391052
        ],
        [
            0.011807018890976906,
            0.08343745023012161,
            0.05419253930449486
        ],
        [
