{
    "pred_cam": [
        8.603426933288574,
        -0.11966881901025772,
        -0.07038611173629761
    ],
    "pred_mano_params": {
        "global_orient": [
            [
                [
                    -0.001203443156555295,
                    -0.49685800075531006,
                    0.8678309321403503
                ],
                [
                    -0.871959388256073,
                    -0.4243490397930145,
                    -0.24416108429431915
                ],
                [
                    0.48957663774490356,
                    -0.7570072412490845,
                    -0.4327293038368225
                ]
            ]
        ],
        "hand_pose": [
            [
                [
                    0.7444183826446533,
                    -0.6420353651046753,
                    -0.1833897978067398
                ],
                [
                    0.646793007850647,
                    0.7615759372711182,
                    -0.040754854679107666
                ],
                [
                    0.1658312976360321,
                    -0.08827657252550125,
                    0.9821950793266296
                ]
            ],
            [
                [
                    0.8427412509918213,
                    -0.47294044494628906,
                    0.25712740421295166
                ],
                [
                    0.520988404750824,
                    0.83677738904953,
                    -0.16844798624515533
                ],
                [
                    -0.13549253344535828,
                    0.27591848373413086,
                    0.9515833258628845
                ]
            ],
            [
                [
                    0.7104495763778687,
                    -0.7037434577941895,
                    0.002550879493355751
                ],
                [
                    0.6897462606430054,
                    0.6955904364585876,
                    -0.2010073959827423
                ],
                [
                    0.13968327641487122,
                    0.14456509053707123,
                    0.9795863628387451
                ]
            ],
            [
                [
                    0.4712582528591156,
                    -0.866102933883667,
                    -0.16667751967906952
                ],
                [
                    0.8731263279914856,
                    0.4313812851905823,
                    0.2270696610212326
                ],
                [
                    -0.12476412206888199,
                    -0.2525389790534973,
                    0.9595093131065369
                ]
            ],
            [
                [
                    0.6392706036567688,
                    -0.7265763878822327,
                    -0.2518328130245209
                ],
                [
                    0.7686464786529541,
                    0.6134245991706848,
                    0.18136368691921234
                ],
                [
                    0.022705858573317528,
                    -0.3095109164714813,
                    0.9506247043609619
                ]
            ],
            [
                [
                    0.9015873074531555,
                    -0.2944595515727997,
                    -0.31691306829452515
                ],
                [
                    0.336801677942276,
                    0.9375429153442383,
                    0.08705108612775803
                ],
                [
                    0.2714865803718567,
                    -0.18522100150585175,
                    0.9444512724876404
                ]
            ],
            [
                [
                    0.05656381696462631,
                    -0.9833699464797974,
                    0.17258059978485107
                ],
                [
                    0.42987194657325745,
                    0.18000192940235138,
                    0.8847652077674866
                ],
                [
                    -0.9011163711547852,
                    0.02414187602698803,
                    0.43290475010871887
                ]
            ],
            [
                [
                    0.6838511824607849,
                    -0.6821935772895813,
                    -0.25876525044441223
                ],
                [
                    0.7295588254928589,
                    0.643988847732544,
                    0.2302655577659607
                ],
                [
                    0.009556254372000694,
                    -0.346251904964447,
                    0.9380928874015808
                ]
            ],
            [
                [
                    0.9064942598342896,
                    -0.34400126338005066,
                    -0.24480831623077393
                ],
                [
                    0.38405802845954895,
                    0.912692129611969,
                    0.13961586356163025
                ],
                [
                    0.1754065603017807,
                    -0.22058159112930298,
                    0.9594666361808777
                ]
            ],
            [
                [
                    0.23033683001995087,
                    -0.9452690482139587,
                    0.23110899329185486
                ],
                [
                    0.8776488304138184,
                    0.3043818175792694,
                    0.3702488839626312
                ],
                [
                    -0.4203301966190338,
                    0.11755058914422989,
                    0.8997246026992798
                ]
            ],
            [
                [
                    0.8128413558006287,
                    -0.5414855480194092,
                    -0.21466794610023499
                ],
                [
                    0.5696617364883423,
                    0.6620877981185913,
                    0.4869551360607147
                ],
                [
                    -0.12155015021562576,
                    -0.5181053876876831,
                    0.8466359376907349
                ]
            ],
            [
                [
                    0.8808656334877014,
                    -0.20430998504161835,
                    -0.42700493335723877
                ],
                [
                    0.27490007877349854,
                    0.955150842666626,
                    0.11007636040449142
                ],
                [
                    0.3853644132614136,
                    -0.21434615552425385,
                    0.897524356842041
                ]
            ],
            [
                [
                    0.9529507160186768,
                    -0.2194628119468689,
                    -0.20909567177295685
                ],
                [
                    -0.09205007553100586,
                    0.4477122128009796,
                    -0.889427125453949
                ],
                [
                    0.2888108491897583,
                    0.8668274879455566,
                    0.40644609928131104
                ]
            ],
            [
                [
                    0.9368249177932739,
                    -0.2720169425010681,
                    -0.2199224829673767
                ],
                [
                    0.3489547371864319,
                    0.6831074953079224,
                    0.6415565013885498
                ],
                [
                    -0.02428353577852249,
                    -0.677769124507904,
                    0.7348737120628357
                ]
            ],
            [
                [
                    0.9586762189865112,
                    0.2720259726047516,
                    0.08331707119941711
                ],
                [
                    -0.2643034756183624,
                    0.9599450826644897,
                    -0.09300046414136887
                ],
                [
                    -0.10527835786342621,
                    0.06713634729385376,
                    0.9921739101409912
                ]
            ]
        ],
        "betas": [
            -0.012569829821586609,
            0.054527729749679565,
            -0.11830456554889679,
            0.06730601191520691,
            0.028100937604904175,
            -0.06593599170446396,
            0.04200029373168945,
            0.04989652335643768,
            -0.014746621251106262,
            -0.05740603804588318
        ]
    },
    "pred_cam_t": [
        -0.11966881901025772,
        -0.07038611173629761,
        4.540341854095459
    ],
    "focal_length": [
        5000.0,
        5000.0
    ],
    "pred_keypoints_3d": [
        [
            0.09584451466798782,
            0.006392310839146376,
            0.006158750504255295
        ],
        [
            0.12599357962608337,
            0.027805378660559654,
            -0.005080480128526688
        ],
        [
            0.13950343430042267,
            0.055618852376937866,
            -0.004523793235421181
        ],
        [
            0.14357154071331024,
            0.08244027197360992,
            -0.0061818677932024
        ],
        [
            0.15566788613796234,
            0.1143026128411293,
            -0.01920899748802185
        ],
        [
            0.11649052053689957,
            0.08058818429708481,
            -0.04210176691412926
        ],
        [
            0.12243510037660599,
            0.11308030784130096,
            -0.04016316309571266
        ],
        [
            0.13362769782543182,
            0.12712699174880981,
            -0.027034875005483627
        ],
        [
            0.14071281254291534,
            0.12998248636722565,
            -0.0028199851512908936
        ],
        [
            0.09376934915781021,
            0.09051186591386795,
            -0.03769523650407791
        ],
        [
            0.10587209463119507,
            0.11611421406269073,
            -0.023400429636240005
        ],
        [
            0.11826764792203903,
            0.11432080715894699,
            -0.003771429881453514
        ],
        [
            0.12545591592788696,
            0.1072133257985115,
            0.02037544921040535
        ],
        [
            0.07479029893875122,
            0.08590023219585419,
            -0.019366247579455376
        ],
        [
            0.09433002024888992,
            0.10356462001800537,
            -0.007565886713564396
        ],
        [
            0.1068916842341423,
            0.10079319030046463,
            0.013671998865902424
        ],
        [
            0.1100565493106842,
            0.0966859683394432,
            0.039530303329229355
        ],
        [
            0.06341969966888428,
            0.08116091042757034,
            -0.0013410262763500214
        ],
        [
            0.08117124438285828,
            0.08929257094860077,
            0.006716054864227772
        ],
        [
            0.09045742452144623,
            0.08426117151975632,
            0.02248241752386093
        ],
        [
            0.09345700591802597,
            0.07722887396812439,
            0.04083171859383583
        ]
    ],
    "pred_vertices": [
        [
            0.11753826588392258,
            0.05328995734453201,
            -0.011994890868663788
        ],
        [
            0.11681999266147614,
            0.0443611741065979,
            -0.00493282824754715
        ],
        [
            0.12198018282651901,
            0.05153706297278404,
            -0.005540873855352402
        ],
        [
            0.12396170198917389,
            0.05839002877473831,
            -0.014223767444491386
        ],
        [
            0.12724031507968903,
            0.03929544612765312,
            0.011942509561777115
        ],
        [
            0.13690024614334106,
            0.032371245324611664,
            0.012017421424388885
        ],
        [
            0.14179882407188416,
            0.048602718859910965,
            0.009265217930078506
        ],
        [
            0.13280721008777618,
            0.05236588418483734,
            0.011230949312448502
        ],
        [
            0.12802639603614807,
            0.0626569390296936,
            -0.016644299030303955
        ],
        [
            0.12640802562236786,
            0.05812295898795128,
            -0.005727298557758331
        ],
        [
            0.12863090634346008,
            0.06269875168800354,
            -0.018153155222535133
        ],
        [
            0.12832163274288177,
            0.06338375806808472,
            -0.03443286195397377
        ],
        [
            0.12821756303310394,
            0.06556589901447296,
            -0.028311368077993393
        ],
        [
            0.12625449895858765,
            0.0672045648097992,
            -0.042344145476818085
        ],
        [
            0.12562863528728485,
            0.05400875210762024,
            -0.039080023765563965
        ],
        [
            0.11930255591869354,
            0.06427772343158722,
            -0.04838929325342178
        ],
        [
            0.09863071888685226,
            0.045234695076942444,
            -0.03827318921685219
        ],
        [
            0.08666276931762695,
            0.044828735291957855,
            -0.03150239214301109
        ],
        [
            0.08441383391618729,
            0.06105735898017883,
            -0.03933338820934296
        ],
        [
            0.09740941226482391,
            0.060035590082407,
            -0.044509176164865494
        ],
        [
            0.07062727957963943,
            0.05790964514017105,
            -0.0236581452190876
        ],
        [
            0.0781795009970665,
            0.060359250754117966,
            -0.03254202753305435
        ],
        [
            0.07968664914369583,
            0.04362284019589424,
            -0.025832369923591614
        ],
        [
            0.07317381352186203,
            0.0421457514166832,
            -0.018030358478426933
        ],
        [
            0.10518857091665268,
            0.04778409004211426,
            -0.004493873566389084
        ],
        [
            0.10527888685464859,
            0.03878945857286453,
            0.0016387365758419037
        ],
        [
            0.10952972620725632,
            0.0396178774535656,
            -0.002176295965909958
        ],
        [
            0.1097484678030014,
            0.04857869818806648,
            -0.007539775222539902
        ],
        [
            0.1351591944694519,
            0.06334736943244934,
            -0.015986155718564987
        ],
        [
            0.13514100015163422,
            0.05105728283524513,
            -0.02464498020708561
        ],
        [
            0.13099272549152374,
            0.0574352890253067,
            -0.02397356741130352
        ],
        [
            0.13234347105026245,
            0.06605653464794159,
            -0.011825178749859333
        ],
        [
            0.10129927843809128,
            0.021056227385997772,
            0.024633675813674927
        ],
        [
            0.10038025677204132,
            0.007523700594902039,
            0.024940405040979385
        ],
        [
            0.10520864278078079,
            0.006456337869167328,
            0.021603398025035858
        ],
        [
            0.10482794791460037,
            0.01884213089942932,
            0.02157599851489067
        ],
        [
            0.12547875940799713,
            0.011994294822216034,
            0.013444062322378159
        ],
        [
            0.12060762196779251,
            0.0024524927139282227,
            0.012355100363492966
        ],
        [
            0.12461147457361221,
            -0.006933368742465973,
            0.004004091024398804
        ],
        [
            0.13011538982391357,
            0.0024651363492012024,
            0.0019343197345733643
        ],
        [
            0.13169442117214203,
            0.022252552211284637,
            0.013013117015361786
        ],
        [
            0.13772337138652802,
            0.014265336096286774,
            0.0041765980422496796
        ],
        [
            0.1433117538690567,
            0.027087494730949402,
            0.004290945827960968
        ],
        [
            0.14709167182445526,
            0.045378170907497406,
            0.002403080463409424
        ],
        [
            0.0884435623884201,
            0.00843735784292221,
            0.029588870704174042
        ],
        [
            0.0876404196023941,
            0.01865435391664505,
            0.030586054548621178
        ],
        [
            0.13165318965911865,
            0.10940222442150116,
            -0.0327150896191597
        ],
        [
            0.12750551104545593,
            0.11099277436733246,
            -0.028743622824549675
        ],
        [
            0.1268332451581955,
            0.10713113844394684,
            -0.02959665097296238
        ],
        [
            0.13096553087234497,
            0.10668114572763443,
            -0.03370622545480728
        ],
        [
            0.07037566602230072,
            0.011363416910171509,
            0.020785201340913773
        ],
        [
            0.06639144569635391,
            0.008203893899917603,
            0.012102015316486359
        ],
        [
            0.06676199287176132,
            0.002353578805923462,
            0.01647062972187996
        ],
        [
            0.07214784622192383,
            0.004617810249328613,
            0.023841310292482376
        ],
        [
            0.06801938265562057,
            0.020222917199134827,
            0.01672612875699997
        ],
        [
            0.06652135401964188,
            0.016476981341838837,
            0.006192697212100029
        ],
        [
            0.13060949742794037,
            0.11665105819702148,
            -0.04337745159864426
        ],
        [
            0.13353176414966583,
            0.11342643201351166,
            -0.040572043508291245
        ],
        [
            0.13118760287761688,
            0.11032600700855255,
            -0.04333195090293884
        ],
        [
            0.12720559537410736,
            0.1125660166144371,
            -0.04560157656669617
        ],
        [
            0.12511393427848816,
            0.0645502433180809,
            -0.02252417989075184
        ],
        [
            0.11843807995319366,
            0.06166960299015045,
            -0.017241040244698524
        ],
        [
            0.12272968888282776,
            0.07791462540626526,
            -0.03154705464839935
        ],
        [
            0.11975152790546417,
            0.07190243899822235,
            -0.026483526453375816
        ],
        [
            0.12526942789554596,
            0.06990467011928558,
            -0.03013661876320839
        ],
        [
            0.12657897174358368,
            0.07480980455875397,
            -0.03508836030960083
        ],
        [
            0.10015199333429337,
            0.06775856763124466,
            -0.01380886323750019
        ],
        [
            0.10119272768497467,
            0.05739987641572952,
            -0.008676065132021904
        ],
        [
            0.10636427253484726,
            0.058762066066265106,
            -0.012641144916415215
        ],
        [
            0.10708565264940262,
            0.07021994143724442,
            -0.01843750663101673
        ],
        [
            0.0910482183098793,
            0.05767090991139412,
            0.0012617502361536026
        ],
        [
            0.09054120630025864,
            0.0674838125705719,
            -0.005030833184719086
        ],
        [
            0.0848187804222107,
            0.0662008672952652,
            0.0013187341392040253
        ],
        [
            0.08671584725379944,
            0.060038045048713684,
            0.00545140728354454
        ],
        [
            0.09213197231292725,
            0.0830860584974289,
            -0.017579827457666397
        ],
        [
            0.09255081415176392,
            0.08708050101995468,
            -0.02058592066168785
        ],
        [
            0.0902862399816513,
            0.086209237575531,
            -0.017838098108768463
        ],
        [
            0.0894850492477417,
            0.0822545513510704,
            -0.014980094507336617
        ],
        [
            0.06698548048734665,
            -0.003977179527282715,
            0.019773416221141815
        ],
        [
            0.07435032725334167,
            -0.0020617246627807617,
            0.02600177936255932
        ],
        [
            0.05806596949696541,
            0.056460607796907425,
            -0.005425289273262024
        ],
        [
            0.058171555399894714,
            0.05404714494943619,
            0.005706876516342163
        ],
        [
            0.05586783587932587,
            0.06758582592010498,
            0.002499006688594818
        ],
        [
            0.05528320372104645,
            0.06689836084842682,
            -0.009899884462356567
        ],
        [
            0.06820043921470642,
            0.006268598139286041,
            0.0020731762051582336
        ],
        [
            0.06625831127166748,
            0.00020376592874526978,
            0.006681755185127258
        ],
        [
            0.12542624771595,
            0.11991207301616669,
            -0.04299304634332657
        ],
        [
            0.12189439684152603,
            0.11506392061710358,
            -0.04450119286775589
        ],
        [
            0.14234471321105957,
            0.020788080990314484,
            -0.008401155471801758
        ],
        [
            0.14827865362167358,
            0.04262815788388252,
            -0.006795747205615044
        ],
        [
            0.13373370468616486,
            0.005904503166675568,
            -0.008578211069107056
        ],
        [
            0.12577420473098755,
            -0.00331057608127594,
            -0.008354127407073975
        ],
        [
            0.12137841433286667,
            -0.011654794216156006,
            -0.006782498210668564
        ],
        [
            0.11458417028188705,
            0.07573370635509491,
            -0.025271447375416756
        ],
        [
            0.1118701696395874,
            0.05672575905919075,
            -0.01296207308769226
        ],
        [
            0.1012515127658844,
            0.04752292111515999,
            -0.0012251846492290497
        ],
        [
            0.07905218750238419,
            0.053078003227710724,
            0.01966222934424877
        ],
        [
            0.08076856285333633,
            0.04408983141183853,
            0.024440377950668335
        ],
        [
            0.08902241289615631,
            0.04694066569209099,
            0.018017997965216637
        ],
        [
            0.08549460023641586,
            0.053987398743629456,
            0.014690529555082321
        ],
        [
            0.06262382864952087,
            0.05706736072897911,
            0.014357101172208786
        ],
        [
            0.07006736099720001,
            0.06014910712838173,
            0.016215860843658447
        ],
        [
            0.06831268221139908,
            0.06697967648506165,
            0.01258201152086258
        ],
        [
            0.06055910885334015,
            0.06674347817897797,
            0.010341985151171684
        ],
        [
            0.14189369976520538,
            0.06134171783924103,
            -0.017748882994055748
        ],
        [
            0.14014112949371338,
            0.04591617360711098,
            -0.02364560402929783
        ],
        [
            0.077804796397686,
            0.01434672623872757,
            0.02774958871304989
        ],
        [
            0.08075470477342606,
            0.007101722061634064,
            0.0286696907132864
        ],
        [
            0.08139107376337051,
            -0.001413986086845398,
            0.029279174283146858
        ],
        [
            0.1048746258020401,
            0.02966037020087242,
            0.01291518285870552
        ],
        [
            0.10741162300109863,
            0.017311379313468933,
            0.01949296146631241
        ],
        [
            0.11126857995986938,
            0.017483443021774292,
            0.017143022269010544
        ],
        [
            0.10678676515817642,
            0.029035374522209167,
            0.009817425161600113
        ],
        [
            0.11658231168985367,
            0.03648669272661209,
            0.004557482898235321
        ],
        [
            0.12124218791723251,
            0.02754110097885132,
            0.012911215424537659
        ],
        [
            0.12076397240161896,
            0.04641047492623329,
            0.005016312003135681
        ],
        [
            0.11189429461956024,
            0.0034632906317710876,
            0.017706941813230515
        ],
        [
            0.10582253336906433,
            -0.0035963132977485657,
            0.023826323449611664
        ],
        [
            0.1126488596200943,
            -0.0058806464076042175,
            0.01853671669960022
        ],
        [
            0.09698807448148727,
            -0.0023811981081962585,
            0.027923472225666046
        ],
        [
            0.08840810507535934,
            -0.0014872103929519653,
            0.030167819932103157
        ],
        [
            0.06343960762023926,
            -0.007557705044746399,
            0.008970042690634727
        ],
        [
            0.1180523931980133,
            -0.007482051849365234,
            0.012400232255458832
        ],
        [
            0.13741067051887512,
            0.06094161421060562,
            0.008348938077688217
        ],
        [
            0.14086690545082092,
            0.06852226704359055,
            0.005471162497997284
        ],
        [
            0.1342005580663681,
            0.06938867270946503,
            0.003005821257829666
        ],
        [
            0.13083095848560333,
            0.0628020167350769,
            0.004602847620844841
        ],
        [
            0.12437809258699417,
            0.07418245822191238,
            -0.047653473913669586
        ],
        [
            0.12771102786064148,
            0.07472262531518936,
            -0.040770675987005234
        ],
        [
            0.12843045592308044,
            0.06787477433681488,
            -0.03563607484102249
        ],
        [
            0.09622056782245636,
            0.03153039515018463,
            0.023538194596767426
        ],
        [
            0.08495976030826569,
            0.02905915677547455,
            0.028791381046175957
        ],
        [
            0.11774436384439468,
            0.08179770410060883,
            -0.03024131804704666
        ],
        [
            0.12474296241998672,
            0.10864518582820892,
            -0.0477975532412529
        ],
        [
            0.12950186431407928,
            0.10626625269651413,
            -0.04521565139293671
        ],
        [
            0.12632909417152405,
            0.08821719884872437,
            -0.048094216734170914
        ],
        [
            0.12076268345117569,
            0.09092168509960175,
            -0.05142279714345932
        ],
        [
            0.11187101900577545,
            0.08882829546928406,
            -0.03383312374353409
        ],
        [
            0.11764449626207352,
            0.08536236733198166,
            -0.03125881776213646
        ],
        [
            0.1170281395316124,
            0.08749780803918839,
            -0.03168860822916031
        ],
        [
            0.11196132004261017,
            0.09178826212882996,
            -0.03198019415140152
        ],
        [
            0.08439743518829346,
            0.08376061171293259,
            -0.01063622534275055
        ],
        [
            0.08408183604478836,
            0.08007446676492691,
            -0.008203074336051941
        ],
        [
            0.09753840416669846,
            0.07592442631721497,
            -0.04671311751008034
        ],
        [
            0.10777848958969116,
            0.0714678019285202,
            -0.05473249405622482
        ],
        [
            0.10895361006259918,
            0.05996326357126236,
            -0.04922210052609444
        ],
        [
            0.0946149080991745,
            0.0667799860239029,
            -0.008844969794154167
        ],
        [
            0.09306472539901733,
            0.07596177607774734,
            -0.012959161773324013
        ],
        [
            0.08988695591688156,
            0.07555527240037918,
            -0.010283667594194412
        ],
        [
            0.11129803955554962,
            0.0790891945362091,
            -0.02570904977619648
        ],
        [
            0.11218800395727158,
            0.0844777524471283,
            -0.02975348010659218
        ],
        [
            0.1077023521065712,
            0.08292332291603088,
            -0.027735374867916107
        ],
        [
            0.10682225227355957,
            0.0779009535908699,
            -0.022894425317645073
        ],
        [
            0.06079120561480522,
            0.041272010654211044,
            0.009486962109804153
        ],
        [
            0.06551259756088257,
            0.045401059091091156,
            0.019568998366594315
        ],
        [
            0.13390189409255981,
            0.11054316908121109,
            -0.03685722500085831
        ],
        [
            0.13254189491271973,
            0.10790249705314636,
            -0.03881842643022537
        ],
        [
            0.09582500904798508,
            0.056691672652959824,
            -0.003847964107990265
        ],
        [
            0.10989666730165482,
            0.04718785732984543,
            -0.04119076207280159
        ],
        [
            0.09723399579524994,
            0.04745237156748772,
            0.002569872885942459
        ],
        [
            0.06773386150598526,
            0.07957051694393158,
            -0.017457010224461555
        ],
        [
            0.07024077326059341,
            0.08200626075267792,
            -0.00958858709782362
        ],
        [
            0.07330385595560074,
            0.08619193732738495,
            -0.008805803954601288
        ],
        [
            0.0719001293182373,
            0.08701089024543762,
            -0.014498000964522362
        ],
        [
            0.11477615684270859,
            0.10679730772972107,
            -0.030564259737730026
        ],
        [
            0.11991742998361588,
            0.10522326827049255,
            -0.028410622850060463
        ],
        [
            0.12124751508235931,
            0.10920119285583496,
            -0.027723941951990128
        ],
        [
            0.11657719314098358,
            0.11216868460178375,
            -0.029840674251317978
        ],
        [
            0.12274644523859024,
            0.08267874270677567,
            -0.0326729416847229
        ],
        [
            0.12703834474086761,
            0.08040644973516464,
            -0.03657941892743111
        ],
        [
            0.1271064132452011,
            0.08570064604282379,
            -0.03619905561208725
        ],
        [
            0.12211237847805023,
            0.08688665926456451,
            -0.03296171873807907
        ],
        [
            0.12781713902950287,
            0.08051329851150513,
            -0.042758602648973465
        ],
        [
            0.12844814360141754,
            0.08608157187700272,
            -0.042477600276470184
        ],
        [
            0.11196868121623993,
            0.10906724631786346,
            -0.035912688821554184
        ],
        [
            0.11380217224359512,
            0.11070361733436584,
            -0.042997464537620544
        ],
        [
            0.10847099125385284,
            0.09452511370182037,
            -0.04567663371562958
        ],
        [
            0.10859476774930954,
            0.09557945281267166,
            -0.037741418927907944
        ],
        [
            0.07423903793096542,
            0.02716386318206787,
            -0.013927221298217773
        ],
        [
            0.06758913397789001,
            0.027803584933280945,
            -0.004975665360689163
        ],
        [
            0.06601685285568237,
            0.042761776596307755,
            -0.009017794393002987
        ],
        [
            0.06298651546239853,
            0.05787058547139168,
            -0.013661334291100502
        ],
        [
            0.06217215582728386,
            0.07196692377328873,
            -0.01798113062977791
        ],
        [
            0.06805342435836792,
            0.07113222032785416,
            -0.02849767729640007
        ],
        [
            0.061927903443574905,
            0.041894376277923584,
            -0.0017576143145561218
        ],
        [
            0.10385914891958237,
            0.08541682362556458,
            -0.03930081054568291
        ],
        [
            0.10461831837892532,
            0.08359431475400925,
            -0.047156546264886856
        ],
        [
            0.10024014115333557,
            0.08279450237751007,
            -0.04366420954465866
        ],
        [
            0.09266047179698944,
            0.04874998703598976,
            0.008374396711587906
        ],
        [
            0.1316588670015335,
            0.10424291342496872,
            -0.0406838096678257
        ],
        [
            0.10383759438991547,
            -0.0056226179003715515,
            -0.019065024331212044
        ],
        [
            0.09041239321231842,
            -0.004549063742160797,
            -0.016449106857180595
        ],
        [
            0.092902772128582,
            0.0032870471477508545,
            -0.01978042721748352
        ],
        [
            0.1086605116724968,
            0.002684973180294037,
            -0.022043384611606598
        ],
        [
            0.12644636631011963,
            0.10355162620544434,
            -0.03012264519929886
        ],
        [
            0.1309627741575241,
            0.1029304563999176,
            -0.034468356519937515
        ],
        [
            0.08011141419410706,
            0.08109457790851593,
            -0.0031234025955200195
        ],
        [
            0.08069264888763428,
            0.08493395149707794,
            -0.0061495304107666016
        ],
        [
            0.07836932688951492,
            0.08551322668790817,
            -0.005128621123731136
        ],
        [
            0.07666747272014618,
            0.08320840448141098,
            -0.0003644302487373352
        ],
        [
            0.06503873318433762,
            0.027003586292266846,
            0.00046503543853759766
        ],
        [
            0.059738341718912125,
            0.07765543460845947,
            0.005358848720788956
        ],
        [
            0.05859709531068802,
            0.07651005685329437,
            -0.007629388011991978
        ],
        [
            0.0690571516752243,
            0.014934897422790527,
            -0.001978689804673195
        ],
        [
            0.0743924006819725,
            0.01405363529920578,
            -0.010137150064110756
        ],
        [
            0.07395145297050476,
            0.004720702767372131,
            -0.007126716896891594
        ],
        [
            0.07955430448055267,
            0.07683919370174408,
            -0.0357290580868721
        ],
        [
            0.07973624765872955,
            0.02888467162847519,
            -0.020475415512919426
        ],
        [
            0.07977992296218872,
            0.015049628913402557,
            -0.015537669882178307
        ],
        [
            0.07949751615524292,
            0.003952190279960632,
            -0.01215924322605133
        ],
        [
            0.07832401245832443,
            -0.004014298319816589,
            -0.009854421019554138
        ],
        [
            0.07244963943958282,
            -0.0023360848426818848,
            -0.0044842679053545
        ],
        [
            0.11882403492927551,
            0.11034952104091644,
            -0.04630770534276962
        ],
        [
            0.1163015216588974,
            0.11686503887176514,
            -0.040971238166093826
        ],
        [
            0.06949491053819656,
            -0.010728403925895691,
            -0.002451252192258835
        ],
        [
            0.07668760418891907,
            -0.012127012014389038,
            -0.008141165599226952
        ],
        [
            0.08717276901006699,
            0.015592217445373535,
            -0.021074427291750908
        ],
        [
            0.0974871963262558,
            0.0166054368019104,
            -0.0266776941716671
        ],
        [
            0.08697908371686935,
            0.02901369333267212,
            -0.025455093011260033
        ],
        [
            0.09683050215244293,
            0.030962135642766953,
            -0.03150130435824394
        ],
        [
            0.08387747406959534,
            0.07338066399097443,
            -0.045665543526411057
        ],
        [
            0.1250981092453003,
            0.1300869584083557,
            -0.029815543442964554
        ],
        [
            0.11778809875249863,
            0.12162342667579651,
            -0.03409849479794502
        ],
        [
            0.1186482161283493,
            0.11795386672019958,
            -0.02962883561849594
        ],
        [
            0.12346790730953217,
            0.12758678197860718,
            -0.02647257223725319
        ],
        [
            0.1144772544503212,
            0.11504228413105011,
            -0.03459026664495468
        ],
        [
            0.12005578726530075,
            0.12193847447633743,
            -0.03935772553086281
        ],
        [
            0.11180621385574341,
            0.032970160245895386,
            -0.03454401344060898
        ],
        [
            0.10771249234676361,
            0.08679606765508652,
            -0.03176700323820114
        ],
        [
            0.11654810607433319,
            0.018113113939762115,
            -0.027587492018938065
        ],
        [
            0.1268126368522644,
            0.04130640998482704,
            -0.035515766590833664
        ],
        [
            0.1318044811487198,
            0.03148910403251648,
            -0.028377026319503784
        ],
        [
            0.12312209606170654,
            0.003358200192451477,
            -0.019304972141981125
        ],
        [
            0.13499723374843597,
            0.017582744359970093,
            -0.020534178242087364
        ],
        [
            0.11288294941186905,
            -0.01278088241815567,
            -0.013955656439065933
        ],
        [
            0.11625513434410095,
            -0.004621535539627075,
            -0.017003199085593224
        ],
        [
            0.14324744045734406,
            0.03415321931242943,
            -0.018224474042654037
        ],
        [
            0.13349364697933197,
