{
    "pred_cam": [
        6.603851318359375,
        -0.06677429378032684,
        -0.05348373204469681
    ],
    "pred_mano_params": {
        "global_orient": [
            [
                [
                    0.47624823451042175,
                    0.5853181481361389,
                    -0.6561937928199768
                ],
                [
                    -0.6131271123886108,
                    -0.3138664662837982,
                    -0.724957287311554
                ],
                [
                    -0.6302879452705383,
                    0.7475897669792175,
                    0.209396094083786
                ]
            ]
        ],
        "hand_pose": [
            [
                [
                    0.760530412197113,
                    -0.49592310190200806,
                    -0.4191105365753174
                ],
                [
                    0.4846961200237274,
                    0.8631182312965393,
                    -0.14176246523857117
                ],
                [
                    0.43204525113105774,
                    -0.09532658010721207,
                    0.8967996835708618
                ]
            ],
            [
                [
                    0.9112299084663391,
                    -0.39519578218460083,
                    0.11610502004623413
                ],
                [
                    0.40964075922966003,
                    0.8400174379348755,
                    -0.35575994849205017
                ],
                [
                    0.04306459054350853,
                    0.3717404305934906,
                    0.9273372888565063
                ]
            ],
            [
                [
                    0.9468900561332703,
                    -0.3080328702926636,
                    0.0922764390707016
                ],
                [
                    0.3028741776943207,
                    0.9507538676261902,
                    0.06583518534898758
                ],
                [
                    -0.10801160335540771,
                    -0.034390538930892944,
                    0.9935545921325684
                ]
            ],
            [
                [
                    0.5655701160430908,
                    -0.7853816151618958,
                    -0.25160735845565796
                ],
                [
                    0.8169259428977966,
                    0.5753209590911865,
                    0.0404694601893425
                ],
                [
                    0.11297102272510529,
                    -0.22843290865421295,
                    0.9669829607009888
                ]
            ],
            [
                [
                    0.9825332164764404,
                    -0.15907086431980133,
                    -0.09656520932912827
                ],
                [
                    0.1757933646440506,
                    0.9636274576187134,
                    0.2012927234172821
                ],
                [
                    0.06103310361504555,
                    -0.21475234627723694,
                    0.974759578704834
                ]
            ],
            [
                [
                    0.9548553228378296,
                    -0.2839997708797455,
                    0.08715193718671799
                ],
                [
                    0.2882462441921234,
                    0.9566987156867981,
                    -0.04051835462450981
                ],
                [
                    -0.07187093794345856,
                    0.06381038576364517,
                    0.9953707456588745
                ]
            ],
            [
                [
                    0.34420907497406006,
                    -0.9372392296791077,
                    0.05570176988840103
                ],
                [
                    0.509994626045227,
                    0.2364523559808731,
                    0.8270403146743774
                ],
                [
                    -0.7883054614067078,
                    -0.256267249584198,
                    0.5593760013580322
                ]
            ],
            [
                [
                    0.9698494076728821,
                    -0.21314780414104462,
                    -0.11815280467271805
                ],
                [
                    0.17625777423381805,
                    0.9482997059822083,
                    -0.26393336057662964
                ],
                [
                    0.16830109059810638,
                    0.2351502776145935,
                    0.9572768807411194
                ]
            ],
            [
                [
                    0.9073269963264465,
                    0.4183506965637207,
                    0.0417187437415123
                ],
                [
                    -0.37617239356040955,
                    0.7635021209716797,
                    0.5249369740486145
                ],
                [
                    0.18775539100170135,
                    -0.49198290705680847,
                    0.8501180410385132
                ]
            ],
            [
                [
                    0.4422203302383423,
                    -0.8953839540481567,
                    0.0522366538643837
                ],
                [
                    0.8653989434242249,
                    0.44126272201538086,
                    0.23742762207984924
                ],
                [
                    -0.23563897609710693,
                    -0.059789810329675674,
                    0.9699996709823608
                ]
            ],
            [
                [
                    0.9968439936637878,
                    -0.014591984450817108,
                    -0.07803340256214142
                ],
                [
                    0.04026322439312935,
                    0.9400858283042908,
                    0.33855220675468445
                ],
                [
                    0.06841792166233063,
                    -0.3406255841255188,
                    0.9377064108848572
                ]
            ],
            [
                [
                    0.9672671556472778,
                    -0.22370781004428864,
                    0.11978738754987717
                ],
                [
                    0.20986934006214142,
                    0.9705891609191895,
                    0.11794756352901459
                ],
                [
                    -0.14265012741088867,
                    -0.0889471098780632,
                    0.9857684373855591
                ]
            ],
            [
                [
                    0.9600056409835815,
                    -0.184954434633255,
                    -0.2101929634809494
                ],
                [
                    -0.1513223499059677,
                    0.28888756036758423,
                    -0.9453282952308655
                ],
                [
                    0.23556476831436157,
                    0.9393273591995239,
                    0.24934594333171844
                ]
            ],
            [
                [
                    0.971746563911438,
                    -0.22073319554328918,
                    -0.08357880264520645
                ],
                [
                    0.23082198202610016,
                    0.814789354801178,
                    0.5318266153335571
                ],
                [
                    -0.0492926649749279,
                    -0.5360925197601318,
                    0.8427188396453857
                ]
            ],
            [
                [
                    0.8885331153869629,
                    -0.39778438210487366,
                    -0.22864072024822235
                ],
                [
                    0.22663959860801697,
                    0.8138165473937988,
                    -0.5351048707962036
                ],
                [
                    0.3989279270172119,
                    0.42363932728767395,
                    0.8132566213607788
                ]
            ]
        ],
        "betas": [
            -0.01406925916671753,
            -0.06411740183830261,
            -0.0959283709526062,
            0.0005896985530853271,
            -0.05755355954170227,
            -0.08840466290712357,
            0.043907344341278076,
            -0.06306838989257812,
            -0.03259482979774475,
            -0.04652595520019531
        ]
    },
    "pred_cam_t": [
        -0.06677429378032684,
        -0.05348373204469681,
        5.915109157562256
    ],
    "focal_length": [
        5000.0,
        5000.0
    ],
    "pred_keypoints_3d": [
        [
            0.09582919627428055,
            0.006385297980159521,
            0.006204080302268267
        ],
        [
            0.05833398550748825,
            0.007381999399513006,
            0.015124587342143059
        ],
        [
            0.034287355840206146,
            0.02668546698987484,
            0.01636192575097084
        ],
        [
            0.017299076542258263,
            0.047278426587581635,
            0.02140629291534424
        ],
        [
            0.007977117784321308,
            0.08035100996494293,
            0.016857746988534927
        ],
        [
            0.037297796458005905,
            0.04717148467898369,
            0.06220311298966408
        ],
        [
            0.02481311932206154,
            0.0773111879825592,
            0.06766567379236221
        ],
        [
            0.015613545663654804,
            0.09519091993570328,
            0.05813053622841835
        ],
        [
            0.004580199718475342,
            0.11172305792570114,
            0.04278199374675751
        ],
        [
            0.052080608904361725,
            0.06744039803743362,
            0.06409464031457901
        ],
        [
            0.03530874475836754,
            0.09279665350914001,
            0.05489153414964676
        ],
        [
            0.023443443700671196,
            0.10781168937683105,
            0.04155103117227554
        ],
        [
            0.008002180606126785,
            0.12202690541744232,
            0.026308320462703705
        ],
        [
            0.07204783707857132,
            0.0771687775850296,
            0.04920848086476326
        ],
        [
            0.04942583292722702,
            0.0928095132112503,
            0.04025724157691002
        ],
        [
            0.03395068645477295,
            0.10564123839139938,
            0.0255881454795599
        ],
        [
            0.015295188874006271,
            0.11671619117259979,
            0.012000693008303642
        ],
        [
            0.0855417475104332,
            0.08307398855686188,
            0.03313766419887543
        ],
        [
            0.06699928641319275,
            0.08845579624176025,
            0.02448630891740322
        ],
        [
            0.05146683007478714,
            0.09402740001678467,
            0.015063676983118057
        ],
        [
            0.030536232516169548,
            0.10464347898960114,
            0.006124700419604778
        ]
    ],
    "pred_vertices": [
        [
            0.052319396287202835,
            0.030742160975933075,
            0.02843712642788887
        ],
        [
            0.05818072706460953,
            0.025101883336901665,
            0.020879380404949188
        ],
        [
            0.05079470947384834,
            0.02906508557498455,
            0.022334188222885132
        ],
        [
            0.044371068477630615,
            0.031530819833278656,
            0.03069193661212921
        ],
        [
            0.05542319267988205,
            0.023141060024499893,
            0.0019284971058368683
        ],
        [
            0.05057062953710556,
            0.013162624090909958,
            -0.002709008753299713
        ],
        [
            0.03898707032203674,
            0.024065285921096802,
            0.0017705447971820831
        ],
        [
            0.045135051012039185,
            0.03159211575984955,
            0.004197072237730026
        ],
        [
            0.038941048085689545,
            0.03282307833433151,
            0.03367430716753006
        ],
        [
            0.04424615949392319,
            0.03317604213953018,
            0.023312412202358246
        ],
        [
            0.038145512342453,
            0.03207195922732353,
            0.035807181149721146
        ],
        [
            0.036192089319229126,
            0.02852879837155342,
            0.050055161118507385
        ],
        [
            0.03590849041938782,
            0.03209657594561577,
            0.044546645134687424
        ],
        [
            0.03537511080503464,
            0.031019359827041626,
            0.05843459814786911
        ],
        [
            0.04241347685456276,
            0.02059275470674038,
            0.05292694270610809
        ],
        [
            0.042394135147333145,
            0.03019380196928978,
            0.06469038873910904
        ],
        [
            0.07061713933944702,
            0.026634089648723602,
            0.05529827997088432
        ],
        [
            0.08163303136825562,
            0.033709511160850525,
            0.050960835069417953
        ],
        [
            0.07477594166994095,
            0.046285491436719894,
            0.061560895293951035
        ],
        [
            0.06378046423196793,
            0.03795647621154785,
            0.06399280577898026
        ],
        [
            0.08936023712158203,
            0.05397496372461319,
            0.048529498279094696
        ],
        [
            0.08101100474596024,
            0.05035712569952011,
            0.056177135556936264
        ],
        [
            0.08864642679691315,
            0.03740375116467476,
            0.046605125069618225
        ],
        [
            0.09551776200532913,
            0.04115665331482887,
            0.04001184552907944
        ],
        [
            0.06618724018335342,
            0.034140050411224365,
            0.022144697606563568
        ],
        [
            0.07099459320306778,
            0.027828384190797806,
            0.014729592949151993
        ],
        [
            0.06664709001779556,
            0.025228437036275864,
            0.018111132085323334
        ],
        [
            0.0616384781897068,
            0.03171882778406143,
            0.02450060099363327
        ],
        [
            0.031662680208683014,
            0.029849614948034286,
            0.031019413843750954
        ],
        [
            0.03691045939922333,
            0.017525922507047653,
            0.03634212911128998
        ],
        [
            0.037512537091970444,
            0.024723632261157036,
            0.03893212229013443
        ],
        [
            0.03365813195705414,
            0.03467192500829697,
            0.029424507170915604
        ],
        [
            0.0850934311747551,
            0.02072984352707863,
            -0.010060328990221024
        ],
        [
            0.0927748829126358,
            0.009790398180484772,
            -0.0125119648873806
        ],
        [
            0.08893178403377533,
            0.005766820162534714,
            -0.010386403650045395
        ],
        [
            0.08294400572776794,
            0.01638408750295639,
            -0.008132744580507278
        ],
        [
            0.06857523322105408,
            -0.0002864636480808258,
            -0.005735129117965698
        ],
        [
            0.07704165577888489,
            -0.006943449378013611,
            -0.00538383424282074
        ],
        [
            0.07762782275676727,
            -0.01878083497285843,
            0.00021605193614959717
        ],
        [
            0.06808111816644669,
            -0.013524908572435379,
            0.0023851171135902405
        ],
        [
            0.05913754180073738,
            0.006443403661251068,
            -0.0043707117438316345
        ],
        [
            0.05653711035847664,
            -0.0056643299758434296,
            0.0005576610565185547
        ],
        [
            0.04641706869006157,
            0.0034627504646778107,
            0.0010493360459804535
        ],
        [
            0.03449602425098419,
            0.016671139746904373,
            0.0050447843968868256
        ],
        [
            0.1028803139925003,
            0.017392408102750778,
            -0.014619573950767517
        ],
        [
            0.09849167615175247,
            0.026651185005903244,
            -0.013643696904182434
        ],
        [
            0.01693739742040634,
            0.07615932822227478,
            0.05742684006690979
        ],
        [
            0.0214858278632164,
            0.07913615554571152,
            0.054945867508649826
        ],
        [
            0.022805869579315186,
            0.07402381300926208,
            0.05479266121983528
        ],
        [
            0.01814951002597809,
            0.07215823978185654,
            0.05758539214730263
        ],
        [
            0.11627143621444702,
            0.026239287108182907,
            -0.002225428819656372
        ],
        [
            0.12062577903270721,
            0.023313716053962708,
            0.006346400827169418
        ],
        [
            0.1235588788986206,
            0.019297830760478973,
            0.0010210461914539337
        ],
        [
            0.11835695803165436,
            0.0204596146941185,
            -0.0066843777894973755
        ],
        [
            0.11353684961795807,
            0.0338381864130497,
            0.0037000514566898346
        ],
        [
            0.11594383418560028,
            0.02876843884587288,
            0.013476204127073288
        ],
        [
            0.016730966046452522,
            0.0783802792429924,
            0.06994347274303436
        ],
        [
            0.01410766039043665,
            0.07657475769519806,
            0.06587505340576172
        ],
        [
            0.016492921859025955,
            0.07219339162111282,
            0.06759988516569138
        ],
        [
            0.02025815285742283,
            0.07337921857833862,
            0.07124320417642593
        ],
        [
            0.03946768492460251,
            0.03422345221042633,
            0.0390859991312027
        ],
        [
            0.0469396747648716,
            0.036324359476566315,
            0.034564416855573654
        ],
        [
            0.03301501274108887,
            0.044902801513671875,
            0.050754498690366745
        ],
        [
            0.03976396843791008,
            0.042160600423812866,
            0.0449722483754158
        ],
        [
            0.035586077719926834,
            0.03692469745874405,
            0.047209709882736206
        ],
        [
            0.031055087223649025,
            0.03972054272890091,
            0.05305406451225281
        ],
        [
            0.059717170894145966,
            0.05125265195965767,
            0.03563704341650009
        ],
        [
            0.06445730477571487,
            0.043255213648080826,
            0.028614532202482224
        ],
        [
            0.05906115472316742,
            0.040899764746427536,
            0.03173171728849411
        ],
        [
            0.05220569670200348,
            0.04888462647795677,
            0.039240822196006775
        ],
        [
            0.0736662819981575,
            0.05079260468482971,
            0.02101176604628563
        ],
        [
            0.06865610182285309,
            0.05780555680394173,
            0.028945093974471092
        ],
        [
            0.07456789165735245,
            0.06100635603070259,
            0.023642107844352722
        ],
        [
            0.07644043117761612,
            0.0558893084526062,
            0.01819765195250511
        ],
        [
            0.05822813883423805,
            0.06693752855062485,
            0.04379257559776306
        ],
        [
            0.055623047053813934,
            0.06959536671638489,
            0.047830596566200256
        ],
        [
            0.05730082467198372,
            0.07153306901454926,
            0.04580638185143471
        ],
        [
            0.060981038957834244,
            0.06831943988800049,
            0.041742950677871704
        ],
        [
            0.12680815160274506,
            0.014675632119178772,
            -0.003293551504611969
        ],
        [
            0.11999963968992233,
            0.014316566288471222,
            -0.010312363505363464
        ],
        [
            0.10169726610183716,
            0.06309596449136734,
            0.03280112147331238
        ],
        [
            0.1034143790602684,
            0.06381544470787048,
            0.0217453520745039
        ],
        [
            0.09826070070266724,
            0.07508645206689835,
            0.02695222944021225
        ],
        [
            0.09841112047433853,
            0.07178839296102524,
            0.03863782063126564
        ],
        [
            0.11929383873939514,
            0.01834704726934433,
            0.01531684398651123
        ],
        [
            0.12433525919914246,
            0.015308588743209839,
            0.010163422673940659
        ],
        [
            0.021952835842967033,
            0.08145782351493835,
            0.07148220390081406
        ],
        [
            0.025572821497917175,
            0.07605969905853271,
            0.07192789763212204
        ],
        [
            0.04805648326873779,
            -0.005695544183254242,
            0.011877782642841339
        ],
        [
            0.03295836225152016,
            0.010334048420190811,
            0.012695182114839554
        ],
        [
            0.06226786971092224,
            -0.014896564185619354,
            0.01177210733294487
        ],
        [
            0.07364940643310547,
            -0.019292466342449188,
            0.012170091271400452
        ],
        [
            0.08184123039245605,
            -0.02399260550737381,
            0.010477840900421143
        ],
        [
            0.04217657074332237,
            0.04808005690574646,
            0.045414913445711136
        ],
        [
            0.05535181611776352,
            0.036375317722558975,
            0.030700650066137314
        ],
        [
            0.06994223594665527,
            0.036692772060632706,
            0.01966167986392975
        ],
        [
            0.08750215917825699,
            0.05706425756216049,
            0.004618208855390549
        ],
        [
            0.09099529683589935,
            0.04983671009540558,
            -0.0019189231097698212
        ],
        [
            0.08207517117261887,
            0.04678128659725189,
            0.0032815970480442047
        ],
        [
            0.08123182505369186,
            0.0536048486828804,
            0.008420147001743317
        ],
        [
            0.0986844077706337,
            0.0665166974067688,
            0.013153862208127975
        ],
        [
            0.09102512896060944,
            0.06627653539180756,
            0.01066942885518074
        ],
        [
            0.08832530677318573,
            0.07170793414115906,
            0.01546715572476387
        ],
        [
            0.09486867487430573,
            0.07421836256980896,
            0.018565092235803604
        ],
        [
            0.026676980778574944,
            0.02501017227768898,
            0.028845855966210365
        ],
        [
            0.03560180217027664,
            0.011665213853120804,
            0.03239130973815918
        ],
        [
            0.1089039146900177,
            0.026961002498865128,
            -0.009810317307710648
        ],
        [
            0.11008453369140625,
            0.019676297903060913,
            -0.01252872496843338
        ],
        [
            0.11390836536884308,
            0.012327194213867188,
            -0.014672979712486267
        ],
        [
            0.07678858935832977,
            0.023217055946588516,
            0.0022617168724536896
        ],
        [
            0.08135033398866653,
            0.013332653790712357,
            -0.006878092885017395
        ],
        [
            0.07786127179861069,
            0.011116422712802887,
            -0.005290359258651733
        ],
        [
            0.07520721107721329,
            0.020849015563726425,
            0.004941001534461975
        ],
        [
            0.0638359859585762,
            0.021647686138749123,
            0.011031471192836761
        ],
        [
            0.06522077322006226,
            0.014880187809467316,
            -0.0002590268850326538
        ],
        [
            0.05629880353808403,
            0.02910783886909485,
            0.012060843408107758
        ],
        [
            0.08443412184715271,
            -0.0008339583873748779,
            -0.00846816599369049
        ],
        [
            0.09367485344409943,
            -0.0024730339646339417,
            -0.014367014169692993
        ],
        [
            0.08857458829879761,
            -0.008910991251468658,
            -0.01096535474061966
        ],
        [
            0.10093706101179123,
            0.003754056990146637,
            -0.016448743641376495
        ],
        [
            0.1079830527305603,
            0.009157262742519379,
            -0.016848862171173096
        ],
        [
            0.13083650171756744,
            0.010698847472667694,
            0.007161740213632584
        ],
        [
            0.08424003422260284,
            -0.014298774302005768,
            -0.006426222622394562
        ],
        [
            0.037746138870716095,
            0.03596663475036621,
            0.007259387522935867
        ],
        [
            0.030996549874544144,
            0.03972473740577698,
            0.009744931012392044
        ],
        [
            0.035250116139650345,
            0.042115218937397,
            0.015739109367132187
        ],
        [
            0.0413089357316494,
            0.03882594034075737,
            0.014210440218448639
        ],
        [
            0.03316034749150276,
            0.03734518215060234,
            0.06570747494697571
        ],
        [
            0.030031908303499222,
            0.0379972830414772,
            0.05861780792474747
        ],
        [
            0.03360797464847565,
            0.032309938222169876,
            0.05170418694615364
        ],
        [
            0.08410556614398956,
            0.03170299530029297,
            -0.006149657070636749
        ],
        [
            0.09543565660715103,
            0.03626957908272743,
            -0.009546536952257156
        ],
        [
            0.03589886426925659,
            0.050633739680051804,
            0.05111647769808769
        ],
        [
            0.02320150099694729,
            0.06963032484054565,
            0.07326298952102661
        ],
        [
            0.018937889486551285,
            0.06768698990345001,
            0.06944984197616577
        ],
        [
            0.026038020849227905,
            0.05148526653647423,
            0.06921278685331345
        ],
        [
            0.030518393963575363,
            0.05427800863981247,
            0.07364672422409058
        ],
        [
            0.03912457823753357,
            0.05850350484251976,
            0.05716589093208313
        ],
        [
            0.03535955399274826,
            0.054152291268110275,
            0.05317254737019539
        ],
        [
            0.03593211621046066,
            0.0565141998231411,
            0.05427061766386032
        ],
        [
            0.03981133550405502,
            0.06152380630373955,
            0.056113891303539276
        ],
        [
            0.06383195519447327,
            0.07340219616889954,
            0.03925032913684845
        ],
        [
            0.06699167191982269,
            0.07040031999349594,
            0.035803165286779404
        ],
        [
            0.05547728016972542,
            0.050450634211301804,
            0.06913380324840546
        ],
        [
            0.04876856505870819,
            0.03985949978232384,
            0.07387174665927887
        ],
        [
            0.05353228747844696,
            0.03125317394733429,
            0.06635502725839615
        ],
        [
            0.0652797520160675,
            0.05431600287556648,
            0.03170660883188248
        ],
        [
            0.061599209904670715,
            0.06180744245648384,
            0.03767150640487671
        ],
        [
            0.06467989832162857,
            0.06365398317575455,
            0.035673581063747406
        ],
        [
            0.04335230588912964,
            0.05237437039613724,
            0.047106966376304626
        ],
        [
            0.039726924151182175,
            0.055299062281847,
            0.051992569118738174
        ],
        [
            0.04423712566494942,
            0.0569813996553421,
            0.05048966035246849
        ],
        [
            0.04816196486353874,
            0.054400935769081116,
            0.045041605830192566
        ],
        [
            0.10832177102565765,
            0.05304507166147232,
            0.015617132186889648
        ],
        [
            0.10295703262090683,
            0.056835997849702835,
            0.005832996219396591
        ],
        [
            0.014226201921701431,
            0.07550875842571259,
            0.061325643211603165
        ],
        [
            0.015897251665592194,
            0.07140550017356873,
            0.06240595504641533
        ],
        [
            0.06973273307085037,
            0.04642064869403839,
            0.024859990924596786
        ],
        [
            0.05947621911764145,
            0.02197018638253212,
            0.05636484920978546
        ],
        [
            0.07367973774671555,
            0.03950543329119682,
            0.016748197376728058
        ],
        [
            0.0820467472076416,
            0.07483085244894028,
            0.04718159884214401
        ],
        [
            0.07857068628072739,
            0.07758887857198715,
            0.039688341319561005
        ],
        [
            0.07415777444839478,
            0.08018777519464493,
            0.04014134034514427
        ],
        [
            0.07545480877161026,
            0.08037508279085159,
            0.04609610512852669
        ],
        [
            0.034745678305625916,
            0.07484102249145508,
            0.05798716843128204
        ],
        [
            0.030000999569892883,
            0.07329947501420975,
            0.05492530018091202
        ],
        [
            0.028340207412838936,
            0.07690918445587158,
            0.054427966475486755
        ],
        [
            0.032527387142181396,
            0.0790775716304779,
            0.057843007147312164
        ],
        [
            0.03129322826862335,
            0.04999704658985138,
            0.0534018874168396
        ],
        [
            0.027989445254206657,
            0.045425496995449066,
            0.05619148910045624
        ],
        [
            0.026521775871515274,
            0.05160867050290108,
            0.05718744546175003
        ],
        [
            0.031148787587881088,
            0.05460001155734062,
            0.05486810579895973
        ],
        [
            0.02721974067389965,
            0.04433372989296913,
            0.062193650752305984
        ],
        [
            0.02485904097557068,
            0.05035236477851868,
            0.06312881410121918
        ],
        [
            0.036729708313941956,
            0.07539895921945572,
            0.06404560059309006
        ],
        [
            0.03411823883652687,
            0.07416268438100815,
            0.07092386484146118
        ],
        [
            0.04194716364145279,
            0.06147812679409981,
            0.07053392380475998
        ],
        [
            0.04200277104973793,
            0.06427884101867676,
            0.0629376769065857
        ],
        [
            0.10242512822151184,
            0.02910124510526657,
            0.033279139548540115
        ],
        [
            0.10847257077693939,
            0.03501226007938385,
            0.02601778134703636
        ],
        [
            0.10193866491317749,
            0.04726675897836685,
            0.03274862468242645
        ],
        [
            0.09647972881793976,
            0.05995155870914459,
            0.04013880342245102
        ],
        [
            0.08988378942012787,
            0.0709572583436966,
            0.04646919667720795
        ],
        [
            0.08490504324436188,
            0.0649866908788681,
            0.05593644827604294
        ],
        [
            0.10631000250577927,
            0.050240565091371536,
            0.02637389488518238
        ],
        [
            0.045174479484558105,
            0.05864759162068367,
            0.06298163533210754
        ],
        [
            0.04685824736952782,
            0.05315219238400459,
            0.07004322856664658
        ],
        [
            0.04931943118572235,
            0.056423138827085495,
            0.06732654571533203
        ],
        [
            0.07734443247318268,
            0.04421040415763855,
            0.01223476231098175
        ],
        [
            0.017655055969953537,
            0.06687810271978378,
            0.06452150642871857
        ],
        [
            0.09299419820308685,
            -0.013759307563304901,
            0.0269002765417099
        ],
        [
            0.10430838912725449,
            -0.005860336124897003,
            0.02722790464758873
        ],
        [
            0.09798432141542435,
            -0.001271720975637436,
            0.031233321875333786
        ],
        [
            0.08431869745254517,
            -0.009832456707954407,
            0.03006746992468834
        ],
        [
            0.023771964013576508,
            0.07021411508321762,
            0.055253442376852036
        ],
        [
            0.01907251961529255,
            0.06764066964387894,
            0.05850078910589218
        ],
        [
            0.07021878659725189,
            0.07419328391551971,
            0.031894467771053314
        ],
        [
            0.0671735480427742,
            0.07678768038749695,
            0.035801127552986145
        ],
        [
            0.06947683542966843,
            0.07899076491594315,
            0.03551632910966873
        ],
        [
            0.07205384969711304,
            0.0779239684343338,
            0.030172036960721016
        ],
        [
            0.11146198213100433,
            0.036884892731904984,
            0.021139219403266907
        ],
        [
            0.0914418175816536,
            0.08175145834684372,
            0.02520657703280449
        ],
        [
            0.09222763776779175,
            0.0788351520895958,
            0.03746286407113075
        ],
        [
            0.1139194518327713,
            0.024236734956502914,
            0.02059565857052803
        ],
        [
            0.10918750613927841,
            0.018943987786769867,
            0.027318764477968216
        ],
        [
            0.11446256935596466,
            0.012042135000228882,
            0.0228513702750206
        ],
        [
            0.0714000016450882,
            0.06278353929519653,
            0.06250466406345367
        ],
        [
            0.09639198333024979,
            0.026330262422561646,
            0.038862474262714386
        ],
        [
            0.10366985201835632,
            0.015904057770967484,
            0.03167758136987686
        ],
        [
            0.10973367094993591,
            0.00752539187669754,
            0.026556245982646942
        ],
        [
            0.11489134281873703,
            0.0019415691494941711,
            0.023166779428720474
        ],
        [
            0.11945885419845581,
            0.007475599646568298,
            0.019337575882673264
        ],
        [
            0.028927475214004517,
            0.0721248909831047,
            0.07312282919883728
        ],
        [
            0.03122800774872303,
            0.07931295037269592,
            0.0697898268699646
        ],
        [
            0.12636014819145203,
            0.0023332759737968445,
            0.016505833715200424
        ],
        [
            0.12047720700502396,
            -0.0036632493138313293,
            0.02042841538786888
        ],
        [
            0.09666566550731659,
            0.011494375765323639,
            0.03574434667825699
        ],
        [
            0.08670834451913834,
            0.005990855395793915,
            0.039248209446668625
        ],
        [
            0.08977913111448288,
            0.02178129553794861,
            0.042358800768852234
        ],
        [
            0.07980884611606598,
            0.01719895750284195,
            0.04664691910147667
        ],
        [
            0.06858547031879425,
            0.05497656762599945,
            0.07008840888738632
        ],
        [
            0.023471636697649956,
            0.09605459868907928,
            0.06336509436368942
        ],
        [
            0.03023539111018181,
            0.086590975522995,
            0.06460199505090714
        ],
        [
            0.02999504655599594,
            0.08504649996757507,
            0.05900208652019501
        ],
        [
            0.025016993284225464,
            0.09544625878334045,
            0.05943779647350311
        ],
        [
            0.0338783860206604,
            0.08008376508951187,
            0.06346841156482697
        ],
        [
            0.027542317286133766,
            0.08483582735061646,
            0.06938750296831131
        ],
        [
            0.06535815447568893,
            0.010819979012012482,
            0.04694467782974243
        ],
        [
            0.04166047275066376,
            0.059862930327653885,
            0.05513697862625122
        ],
        [
            0.06904515624046326,
            -0.002113938331604004,
            0.03630123287439346
        ],
        [
            0.0478341318666935,
            0.010347839444875717,
            0.04646548628807068
        ],
        [
            0.049171045422554016,
            0.0019637979567050934,
            0.03612583130598068
        ],
        [
            0.07146917283535004,
            -0.015293221920728683,
            0.02404744178056717
        ],
        [
            0.054032862186431885,
            -0.008912228047847748,
            0.0246761254966259
        ],
        [
            0.08915096521377563,
            -0.022788632661104202,
            0.01895393431186676
        ],
        [
            0.08178198337554932,
            -0.018231526017189026,
            0.022364933043718338
        ],
        [
            0.039355892688035965,
            0.001971416175365448,
            0.02339226007461548
        ],
        [
            0.015139473602175713,
            0.08603905886411667,
            0.05404788628220558
        ],
        [
