{
    "pred_cam": [
        8.753482818603516,
        -0.10990231484174728,
        -0.07114659249782562
    ],
    "pred_mano_params": {
        "global_orient": [
            [
                [
                    0.11456697434186935,
                    -0.652860164642334,
                    0.7487642765045166
                ],
                [
                    -0.7656053900718689,
                    -0.5383179187774658,
                    -0.3522246479988098
                ],
                [
                    0.6330267190933228,
                    -0.5329046249389648,
                    -0.5615066885948181
                ]
            ]
        ],
        "hand_pose": [
            [
                [
                    0.5850673913955688,
                    -0.7772494554519653,
                    -0.23147250711917877
                ],
                [
                    0.7639399766921997,
                    0.6240009069442749,
                    -0.16437357664108276
                ],
                [
                    0.27219828963279724,
                    -0.08066148310899734,
                    0.9588544964790344
                ]
            ],
            [
                [
                    0.9909448027610779,
                    0.06399558484554291,
                    0.11803792417049408
                ],
                [
                    -0.03963979333639145,
                    0.9793617129325867,
                    -0.1981903463602066
                ],
                [
                    -0.12828510999679565,
                    0.19171670079231262,
                    0.973030149936676
                ]
            ],
            [
                [
                    0.8394405245780945,
                    -0.5410125255584717,
                    0.05142989382147789
                ],
                [
                    0.5088261961936951,
                    0.7491894364356995,
                    -0.4240415096282959
                ],
                [
                    0.19088107347488403,
                    0.38212651014328003,
                    0.9041813015937805
                ]
            ],
            [
                [
                    0.7528149485588074,
                    -0.6289313435554504,
                    -0.1942039281129837
                ],
                [
                    0.6369314789772034,
                    0.7704756855964661,
                    -0.02618246152997017
                ],
                [
                    0.16609637439250946,
                    -0.1039840579032898,
                    0.9806118011474609
                ]
            ],
            [
                [
                    0.8451976776123047,
                    -0.520048975944519,
                    -0.12324737757444382
                ],
                [
                    0.5297554731369019,
                    0.7846776843070984,
                    0.32193171977996826
                ],
                [
                    -0.07071079313755035,
                    -0.3373869061470032,
                    0.9387065172195435
                ]
            ],
            [
                [
                    0.7620638012886047,
                    -0.5817328691482544,
                    -0.28433361649513245
                ],
                [
                    0.6250293254852295,
                    0.7755811810493469,
                    0.08838627487421036
                ],
                [
                    0.1691066026687622,
                    -0.2450728416442871,
                    0.9546424746513367
                ]
            ],
            [
                [
                    0.2757240831851959,
                    -0.8427455425262451,
                    0.46233755350112915
                ],
                [
                    0.48847949504852295,
                    0.5370914936065674,
                    0.6876920461654663
                ],
                [
                    -0.8278670907020569,
                    0.036229126155376434,
                    0.5597530007362366
                ]
            ],
            [
                [
                    0.876629114151001,
                    -0.4051187336444855,
                    -0.25961530208587646
                ],
                [
                    0.4254723787307739,
                    0.904624879360199,
                    0.025040989741683006
                ],
                [
                    0.2247098833322525,
                    -0.13241080939769745,
                    0.9653873443603516
                ]
            ],
            [
                [
                    0.8554555177688599,
                    -0.5112451910972595,
                    -0.08260754495859146
                ],
                [
                    0.5122585892677307,
                    0.8119109869003296,
                    0.2799854278564453
                ],
                [
                    -0.07607126235961914,
                    -0.2818315625190735,
                    0.9564434885978699
                ]
            ],
            [
                [
                    0.5876948237419128,
                    -0.7995159029960632,
                    0.12405284494161606
                ],
                [
                    0.789573073387146,
                    0.6002095937728882,
                    0.1277608871459961
                ],
                [
                    -0.17660456895828247,
                    0.02286437340080738,
                    0.9840162992477417
                ]
            ],
            [
                [
                    0.8718356490135193,
                    -0.4676148295402527,
                    -0.14573602378368378
                ],
                [
                    0.4825425446033478,
                    0.7689923644065857,
                    0.41928935050964355
                ],
                [
                    -0.08399604260921478,
                    -0.4358752369880676,
                    0.8960790038108826
                ]
            ],
            [
                [
                    0.7683899402618408,
                    -0.4772244095802307,
                    -0.426419734954834
                ],
                [
                    0.5875807404518127,
                    0.7901163101196289,
                    0.1745424121618271
                ],
                [
                    0.2536253035068512,
                    -0.3846726715564728,
                    0.8875253200531006
                ]
            ],
            [
                [
                    0.9425290822982788,
                    -0.32281172275543213,
                    -0.08620645850896835
                ],
                [
                    -0.030555879697203636,
                    0.17364947497844696,
                    -0.984333336353302
                ],
                [
                    0.33272406458854675,
                    0.9303969144821167,
                    0.15380588173866272
                ]
            ],
            [
                [
                    0.9243097305297852,
                    -0.27638423442840576,
                    -0.26317915320396423
                ],
                [
                    0.38099318742752075,
                    0.7084701061248779,
                    0.5940658450126648
                ],
                [
                    0.022264134138822556,
                    -0.6493703126907349,
                    0.7601463198661804
                ]
            ],
            [
                [
                    0.8958834409713745,
                    0.44379445910453796,
                    0.020961377769708633
                ],
                [
                    -0.44166266918182373,
                    0.8844729661941528,
                    0.15047147870063782
                ],
                [
                    0.04823863133788109,
                    -0.14406275749206543,
                    0.9883921146392822
                ]
            ]
        ],
        "betas": [
            0.0047730952501297,
            -0.043528199195861816,
            -0.10342520475387573,
            0.029874175786972046,
            0.04456937313079834,
            -0.04885455220937729,
            0.03564146161079407,
            -0.0005419999361038208,
            -0.020600557327270508,
            -0.04100874066352844
        ]
    },
    "pred_cam_t": [
        -0.10990231484174728,
        -0.07114659249782562,
        4.462509632110596
    ],
    "focal_length": [
        5000.0,
        5000.0
    ],
    "pred_keypoints_3d": [
        [
            0.09577678889036179,
            0.006391403265297413,
            0.0061864848248660564
        ],
        [
            0.12243235856294632,
            0.024126600474119186,
            -0.015293646603822708
        ],
        [
            0.13317859172821045,
            0.053043432533741,
            -0.015291369520127773
        ],
        [
            0.13306859135627747,
            0.08015480637550354,
            -0.01665102317929268
        ],
        [
            0.13503138720989227,
            0.1095169186592102,
            -0.03825795277953148
        ],
        [
            0.10449246317148209,
            0.06945735961198807,
            -0.05841663479804993
        ],
        [
            0.1114754006266594,
            0.10172685980796814,
            -0.05666755139827728
        ],
        [
            0.11871717870235443,
            0.12254126369953156,
            -0.05365883558988571
        ],
        [
            0.12637045979499817,
            0.14255326986312866,
            -0.03891589120030403
        ],
        [
            0.08336567878723145,
            0.08090464770793915,
            -0.051051847636699677
        ],
        [
            0.08450847119092941,
            0.11259046941995621,
            -0.050124794244766235
        ],
        [
            0.09645966440439224,
            0.1292334794998169,
            -0.039031535387039185
        ],
        [
            0.11239756643772125,
            0.13572931289672852,
            -0.019794054329395294
        ],
        [
            0.06905520707368851,
            0.08051852136850357,
            -0.028518497943878174
        ],
        [
            0.08111996948719025,
            0.10673831403255463,
            -0.028942687436938286
        ],
        [
            0.09660294651985168,
            0.11953943222761154,
            -0.014346467331051826
        ],
        [
            0.10827741771936417,
            0.12154670059680939,
            0.008817397058010101
        ],
        [
            0.06208689883351326,
            0.07965240627527237,
            -0.00790334865450859
        ],
        [
            0.07722316682338715,
            0.0943097174167633,
            -0.009590649977326393
        ],
        [
            0.0900944322347641,
            0.10608743876218796,
            -0.0020885802805423737
        ],
        [
            0.10157042741775513,
            0.11084893345832825,
            0.012379582040011883
        ]
    ],
    "pred_vertices": [
        [
            0.11259965598583221,
            0.048102833330631256,
            -0.024944253265857697
        ],
        [
            0.1130404993891716,
            0.04010556638240814,
            -0.016940448433160782
        ],
        [
            0.11664709448814392,
            0.046629052609205246,
            -0.018350783735513687
        ],
        [
            0.11782138049602509,
            0.05237125605344772,
            -0.02883361652493477
        ],
        [
            0.12271237373352051,
            0.03649350255727768,
            0.0010501816868782043
        ],
        [
            0.13284549117088318,
            0.03006025403738022,
            0.0010035820305347443
        ],
        [
            0.1361272782087326,
            0.046141594648361206,
            -0.0019221901893615723
        ],
        [
            0.126844584941864,
            0.04913894087076187,
            0.000333636999130249
        ],
        [
            0.12044082581996918,
            0.05590749531984329,
            -0.031538836658000946
        ],
        [
            0.11991485953330994,
            0.05285196006298065,
            -0.01881977915763855
        ],
        [
            0.12016303092241287,
            0.05589059740304947,
            -0.031478285789489746
        ],
        [
            0.11772160977125168,
            0.05413776636123657,
            -0.049082089215517044
        ],
        [
            0.11883720010519028,
            0.0569201335310936,
            -0.04419058561325073
        ],
        [
            0.11416132003068924,
            0.056449562311172485,
            -0.05764005705714226
        ],
        [
            0.11474815756082535,
            0.04464428871870041,
            -0.051299087703228
        ],
        [
            0.10628315806388855,
            0.05301496013998985,
            -0.06164415553212166
        ],
        [
            0.0885116383433342,
            0.036271557211875916,
            -0.04386422783136368
        ],
        [
            0.07835184782743454,
            0.037380658090114594,
            -0.03460179641842842
        ],
        [
            0.07494334876537323,
            0.051526498049497604,
            -0.044127631932497025
        ],
        [
            0.08605294674634933,
            0.049448560923337936,
            -0.05212990194559097
        ],
        [
            0.065083809196949,
            0.05175568908452988,
            -0.025687027722597122
        ],
        [
            0.07027541100978851,
            0.05229328200221062,
            -0.03630842640995979
        ],
        [
            0.07287704944610596,
            0.037460412830114365,
            -0.027425535023212433
        ],
        [
            0.06840630620718002,
            0.037682440131902695,
            -0.018220575526356697
        ],
        [
            0.10236446559429169,
            0.04460451379418373,
            -0.013980526477098465
        ],
        [
            0.1040225550532341,
            0.03678364306688309,
            -0.006915442645549774
        ],
        [
            0.10733180493116379,
            0.03656391799449921,
            -0.012154027819633484
        ],
        [
            0.10616303235292435,
            0.04462682083249092,
            -0.01820095255970955
        ],
        [
            0.1272270679473877,
            0.05904053524136543,
            -0.02717239409685135
        ],
        [
            0.12691152095794678,
            0.0449553020298481,
            -0.036519527435302734
        ],
        [
            0.12230591475963593,
            0.050708528608083725,
            -0.036400824785232544
        ],
        [
            0.12417659163475037,
            0.06132393330335617,
            -0.023083850741386414
        ],
        [
            0.10530837625265121,
            0.023885060101747513,
            0.019784793257713318
        ],
        [
            0.10447532683610916,
            0.010704919695854187,
            0.022821493446826935
        ],
        [
            0.10837996006011963,
            0.008805885910987854,
            0.01868622377514839
        ],
        [
            0.10807819664478302,
            0.020937107503414154,
            0.016299258917570114
        ],
        [
            0.1252046823501587,
            0.011782258749008179,
            0.0053182803094387054
        ],
        [
            0.12114879488945007,
            0.0025623515248298645,
            0.0071150027215480804
        ],
        [
            0.12328778952360153,
            -0.008063085377216339,
            0.00031065940856933594
        ],
        [
            0.12806855142116547,
            0.0008154213428497314,
            -0.004194434732198715
        ],
        [
            0.12924814224243164,
            0.02079198509454727,
            0.0026110410690307617
        ],
        [
            0.13483764231204987,
            0.012380890548229218,
            -0.005086418241262436
        ],
        [
            0.1391938030719757,
            0.024759385734796524,
            -0.006206236779689789
        ],
        [
            0.14175157248973846,
            0.043615955859422684,
            -0.008527781814336777
        ],
        [
            0.09397667646408081,
            0.012983329594135284,
            0.029796283692121506
        ],
        [
            0.09341677278280258,
            0.023193150758743286,
            0.028999697417020798
        ],
        [
            0.1211891919374466,
            0.10367307811975479,
            -0.052406083792448044
        ],
        [
            0.11729811877012253,
            0.10550090670585632,
            -0.04851740226149559
        ],
        [
            0.11692563444375992,
            0.09973502904176712,
            -0.04858263581991196
        ],
        [
            0.12048853188753128,
            0.09924566000699997,
            -0.05305968597531319
        ],
        [
            0.0744529515504837,
            0.014968439936637878,
            0.024930179119110107
        ],
        [
            0.06856637448072433,
            0.010440729558467865,
            0.01816098392009735
        ],
        [
            0.06994706392288208,
            0.005516357719898224,
            0.02335948497056961
        ],
        [
            0.07687897980213165,
            0.008860349655151367,
            0.028718028217554092
        ],
        [
            0.07128393650054932,
            0.023014172911643982,
            0.019901543855667114
        ],
        [
            0.06734560430049896,
            0.017446555197238922,
            0.010942041873931885
        ],
        [
            0.11704006791114807,
            0.1068815365433693,
            -0.06399186700582504
        ],
        [
            0.12099309265613556,
            0.10524730384349823,
            -0.061107512563467026
        ],
        [
            0.11881319433450699,
            0.10067416727542877,
            -0.06269818544387817
        ],
        [
            0.1141887679696083,
            0.10178068280220032,
            -0.06451442092657089
        ],
        [
            0.11733388155698776,
            0.056977711617946625,
            -0.038373589515686035
        ],
        [
            0.11221686750650406,
            0.055387988686561584,
            -0.03156520426273346
        ],
        [
            0.11280273646116257,
            0.06784406304359436,
            -0.04908033087849617
        ],
        [
            0.11128062009811401,
            0.06362462043762207,
            -0.04263167828321457
        ],
        [
            0.11573731154203415,
            0.06074298173189163,
            -0.04689265042543411
        ],
        [
            0.11589460074901581,
            0.06439288705587387,
            -0.05259409546852112
        ],
        [
            0.0952424705028534,
            0.06290241330862045,
            -0.025349413976073265
        ],
        [
            0.09744157642126083,
            0.053531989455223083,
            -0.018750987946987152
        ],
        [
            0.10157416015863419,
            0.05390169471502304,
            -0.023963309824466705
        ],
        [
            0.10088467597961426,
            0.06414848566055298,
            -0.03177303448319435
        ],
        [
            0.08985178917646408,
            0.056147053837776184,
            -0.007096793502569199
        ],
        [
            0.08793191611766815,
            0.0648178905248642,
            -0.014808006584644318
        ],
        [
            0.0837990939617157,
            0.06511612981557846,
            -0.007276240736246109
        ],
        [
            0.08658254146575928,
            0.059504322707653046,
            -0.0025979094207286835
        ],
        [
            0.08677418529987335,
            0.07816887646913528,
            -0.03024505265057087
        ],
        [
            0.08557360619306564,
            0.08261910080909729,
            -0.034649334847927094
        ],
        [
            0.08419825881719589,
            0.0834551677107811,
            -0.03167478367686272
        ],
        [
            0.08460301905870438,
            0.07809654623270035,
            -0.027205202728509903
        ],
        [
            0.07092048227787018,
            -8.26120376586914e-05,
            0.027639996260404587
        ],
        [
            0.07950703054666519,
            0.0026255324482917786,
            0.03151042014360428
        ],
        [
            0.057146377861499786,
            0.05442456901073456,
            -0.005460299551486969
        ],
        [
            0.05959824472665787,
            0.054545123130083084,
            0.005507137626409531
        ],
        [
            0.055929139256477356,
            0.0671294629573822,
            0.0003416743129491806
        ],
        [
            0.053435519337654114,
            0.06354980915784836,
            -0.010699426755309105
        ],
        [
            0.06802376359701157,
            0.006617352366447449,
            0.008559439331293106
        ],
        [
            0.06720583885908127,
            0.0016194358468055725,
            0.01454860344529152
        ],
        [
            0.11135595291852951,
            0.10924600064754486,
            -0.06364208459854126
        ],
        [
            0.10880213230848312,
            0.10360386967658997,
            -0.06297499686479568
        ],
        [
            0.1377335786819458,
            0.01749929040670395,
            -0.017879899591207504
        ],
        [
            0.14277410507202148,
            0.040474358946084976,
            -0.017792552709579468
        ],
        [
            0.12980356812477112,
            0.0024936646223068237,
            -0.015245813876390457
        ],
        [
            0.1220746785402298,
            -0.006546042859554291,
            -0.01232149824500084
        ],
        [
            0.11789270490407944,
            -0.014466151595115662,
            -0.008510544896125793
        ],
        [
            0.10645094513893127,
            0.06775026023387909,
            -0.04119042307138443
        ],
        [
            0.10688706487417221,
            0.05158395320177078,
            -0.025162000209093094
        ],
        [
            0.0992213636636734,
            0.045131295919418335,
            -0.009862225502729416
        ],
        [
            0.08251804113388062,
            0.05553009733557701,
            0.01397455483675003
        ],
        [
            0.08533691614866257,
            0.04737464711070061,
            0.01986457034945488
        ],
        [
            0.09176608920097351,
            0.048654649406671524,
            0.011331386864185333
        ],
        [
            0.08753736317157745,
            0.05523443594574928,
            0.007604364305734634
        ],
        [
            0.0656866580247879,
            0.0591474249958992,
            0.011986877769231796
        ],
        [
            0.07312296330928802,
            0.062471117824316025,
            0.01134476438164711
        ],
        [
            0.07024504989385605,
            0.06911294162273407,
            0.006755691021680832
        ],
        [
            0.06235593184828758,
            0.06824689358472824,
            0.006690645590424538
        ],
        [
            0.134158194065094,
            0.05809703469276428,
            -0.028881307691335678
        ],
        [
            0.13237826526165009,
            0.04059745743870735,
            -0.03519299626350403
        ],
        [
            0.08326037228107452,
            0.018860414624214172,
            0.029326949268579483
        ],
        [
            0.08633410930633545,
            0.011822767555713654,
            0.030906591564416885
        ],
        [
            0.0870651975274086,
            0.0035628750920295715,
            0.03292972967028618
        ],
        [
            0.10615155100822449,
            0.029855426400899887,
            0.005605045706033707
        ],
        [
            0.11011801660060883,
            0.018874332308769226,
            0.01382012665271759
        ],
        [
            0.11314548552036285,
            0.0183190256357193,
            0.01034325361251831
        ],
        [
            0.10733412206172943,
            0.02842066064476967,
            0.001786649227142334
        ],
        [
            0.11331165581941605,
            0.03307640179991722,
            -0.006690382957458496
        ],
        [
            0.11923776566982269,
            0.02572520077228546,
            0.002233147621154785
        ],
        [
            0.11567148566246033,
            0.042445361614227295,
            -0.006208635866641998
        ],
        [
            0.1139264851808548,
            0.0048504844307899475,
            0.013904199004173279
        ],
        [
            0.10945650935173035,
            -0.0006714537739753723,
            0.022575650364160538
        ],
        [
            0.11485301703214645,
            -0.004161946475505829,
            0.01638859510421753
        ],
        [
            0.10184533149003983,
            0.001669280230998993,
            0.028271041810512543
        ],
        [
            0.09406248480081558,
            0.003359958529472351,
            0.0322059690952301
        ],
        [
            0.06498569995164871,
            -0.005434766411781311,
            0.018809743225574493
        ],
        [
            0.11874280124902725,
            -0.007018290460109711,
            0.009683117270469666
        ],
        [
            0.13025662302970886,
            0.05791696161031723,
            -0.002401202917098999
        ],
        [
            0.1325431615114212,
            0.06607935577630997,
            -0.005117921158671379
        ],
        [
            0.12591515481472015,
            0.06584898382425308,
            -0.007599212229251862
        ],
        [
            0.12350207567214966,
            0.05877256765961647,
            -0.0061799269169569016
        ],
        [
            0.11147521436214447,
            0.06263386458158493,
            -0.06347326189279556
        ],
        [
            0.11592990159988403,
            0.06365397572517395,
            -0.057852957397699356
        ],
        [
            0.11757021397352219,
            0.057881973683834076,
            -0.052041828632354736
        ],
        [
            0.10007799416780472,
            0.03418121486902237,
            0.017906319350004196
        ],
        [
            0.09037010371685028,
            0.03317906707525253,
            0.025912828743457794
        ],
        [
            0.10806797444820404,
            0.07177270203828812,
            -0.04738761484622955
        ],
        [
            0.11145730316638947,
            0.09739125519990921,
            -0.06572061777114868
        ],
        [
            0.11673973500728607,
            0.09581518918275833,
            -0.0638304203748703
        ],
        [
            0.11364062130451202,
            0.07617028802633286,
            -0.06494076550006866
        ],
        [
            0.10766692459583282,
            0.07874646782875061,
            -0.0675114244222641
        ],
        [
            0.10156288743019104,
            0.07851208746433258,
            -0.04999636858701706
        ],
        [
            0.10747919976711273,
            0.0743442252278328,
            -0.04785066470503807
        ],
        [
            0.10675056278705597,
            0.07635548710823059,
            -0.04785091057419777
        ],
        [
            0.10183240473270416,
            0.08081727474927902,
            -0.04758207127451897
        ],
        [
            0.08052876591682434,
            0.08233100175857544,
            -0.023108601570129395
        ],
        [
            0.08095066249370575,
            0.07738747447729111,
            -0.019257860258221626
        ],
        [
            0.08575678616762161,
            0.0646292120218277,
            -0.05751148983836174
        ],
        [
            0.09359350800514221,
            0.05926284193992615,
            -0.06677315384149551
        ],
        [
            0.09609426558017731,
            0.048709750175476074,
            -0.05939336493611336
        ],
        [
            0.0910179615020752,
            0.06315712630748749,
            -0.019195863977074623
        ],
        [
            0.08858166635036469,
            0.07167406380176544,
            -0.02452736161649227
        ],
        [
            0.08603919297456741,
            0.07200068235397339,
            -0.02126452513039112
        ],
        [
            0.10314860939979553,
            0.07119084149599075,
            -0.04149371013045311
        ],
        [
            0.10285992175340652,
            0.07516450434923172,
            -0.0464022234082222
        ],
        [
            0.09953349828720093,
            0.07534677535295486,
            -0.043229833245277405
        ],
        [
            0.09961686283349991,
            0.0710090920329094,
            -0.03743423521518707
        ],
        [
            0.0628795176744461,
            0.042595624923706055,
            0.010818485170602798
        ],
        [
            0.06961216777563095,
            0.04839968681335449,
            0.01848027855157852
        ],
        [
            0.12252409756183624,
            0.10382231324911118,
            -0.05700298771262169
        ],
        [
            0.12103051692247391,
            0.09944654256105423,
            -0.05833597108721733
        ],
        [
            0.09332690387964249,
            0.053996533155441284,
            -0.012832343578338623
        ],
        [
            0.09912551194429398,
            0.03766940161585808,
            -0.049501482397317886
        ],
        [
            0.09616159647703171,
            0.045938439667224884,
            -0.005323443561792374
        ],
        [
            0.062212008982896805,
            0.07379163801670074,
            -0.02393750660121441
        ],
        [
            0.0662371814250946,
            0.07815371453762054,
            -0.01791965588927269
        ],
        [
            0.06842375546693802,
            0.08330082148313522,
            -0.01990608312189579
        ],
        [
            0.06514208018779755,
            0.08234959095716476,
            -0.025091469287872314
        ],
        [
            0.10453269630670547,
            0.09702033549547195,
            -0.04744713753461838
        ],
        [
            0.11011596024036407,
            0.09579329937696457,
            -0.04602525755763054
        ],
        [
            0.11137145757675171,
            0.10148510336875916,
            -0.04610539227724075
        ],
        [
            0.10608960688114166,
            0.1031711995601654,
            -0.047744106501340866
        ],
        [
            0.11231929063796997,
            0.0714237242937088,
            -0.04968658834695816
        ],
        [
            0.11601231247186661,
            0.06901642680168152,
            -0.05401989817619324
        ],
        [
            0.11609810590744019,
            0.07414589822292328,
            -0.05338531732559204
        ],
        [
            0.1115749329328537,
            0.07558416575193405,
            -0.049642566591501236
        ],
        [
            0.11587204784154892,
            0.06861306726932526,
            -0.05971812456846237
        ],
        [
            0.11658038944005966,
            0.07427860796451569,
            -0.05963406339287758
        ],
        [
            0.10089297592639923,
            0.09833848476409912,
            -0.0527539998292923
        ],
        [
            0.10120086371898651,
            0.09894873946905136,
            -0.06025867536664009
        ],
        [
            0.09639366716146469,
            0.08275505155324936,
            -0.06064864620566368
        ],
        [
            0.09786996990442276,
            0.08448559790849686,
            -0.05279869958758354
        ],
        [
            0.07028380036354065,
            0.023843497037887573,
            -0.011896433308720589
        ],
        [
            0.06588974595069885,
            0.026399679481983185,
            -0.0019833706319332123
        ],
        [
            0.06361885368824005,
            0.04024869203567505,
            -0.008124418556690216
        ],
        [
            0.0599081888794899,
            0.05387292057275772,
            -0.014460805803537369
        ],
        [
            0.058034054934978485,
            0.06655499339103699,
            -0.020809616893529892
        ],
        [
            0.06139085441827774,
            0.06338769197463989,
            -0.03198017179965973
        ],
        [
            0.061343155801296234,
            0.040950626134872437,
            -0.0002145133912563324
        ],
        [
            0.0928637683391571,
            0.0770707055926323,
            -0.05445370450615883
        ],
        [
            0.09253716468811035,
            0.07215452194213867,
            -0.0606367364525795
        ],
        [
            0.08857531100511551,
            0.07247306406497955,
            -0.057284701615571976
        ],
        [
            0.09306056797504425,
            0.04849914088845253,
            0.0009870119392871857
        ],
        [
            0.11964109539985657,
            0.09439758956432343,
            -0.0596817247569561
        ],
        [
            0.09799578785896301,
            -0.010216526687145233,
            -0.01751556247472763
        ],
        [
            0.08535541594028473,
            -0.008292816579341888,
            -0.012156922370195389
        ],
        [
            0.08706526458263397,
            -0.0013061538338661194,
            -0.01733820140361786
        ],
        [
            0.10228129476308823,
            -0.0026148557662963867,
            -0.022952895611524582
        ],
        [
            0.11625809967517853,
            0.09397728741168976,
            -0.048452116549015045
        ],
        [
            0.12012071162462234,
            0.09362179040908813,
            -0.053395435214042664
        ],
        [
            0.07766571640968323,
            0.0795091837644577,
            -0.01399645209312439
        ],
        [
            0.07739563286304474,
            0.08384275436401367,
            -0.018446702510118484
        ],
        [
            0.07434184849262238,
            0.08502916246652603,
            -0.01751261204481125
        ],
        [
            0.0747431293129921,
            0.08267931640148163,
            -0.011274419724941254
        ],
        [
            0.06467805802822113,
            0.026721447706222534,
            0.0038768425583839417
        ],
        [
            0.058752357959747314,
            0.07708011567592621,
            -0.0011829528957605362
        ],
        [
            0.05528036132454872,
            0.07273975014686584,
            -0.011785320937633514
        ],
        [
            0.06791967898607254,
            0.014305256307125092,
            0.0028873272240161896
        ],
        [
            0.07121865451335907,
            0.01171267032623291,
            -0.005936339497566223
        ],
        [
            0.07149121910333633,
            0.00315798819065094,
            -0.001226235181093216
        ],
        [
            0.0704190731048584,
            0.06757446378469467,
            -0.04346378147602081
        ],
        [
            0.07407627999782562,
            0.02409335970878601,
            -0.019699087366461754
        ],
        [
            0.07520090788602829,
            0.011475525796413422,
            -0.01248146966099739
        ],
        [
            0.07570212334394455,
            0.0012441650032997131,
            -0.007147293537855148
        ],
        [
            0.07512592524290085,
            -0.006079845130443573,
            -0.0031877942383289337
        ],
        [
            0.0706741064786911,
            -0.0031889304518699646,
            0.0029732026159763336
        ],
        [
            0.10561404377222061,
            0.0987008810043335,
            -0.06373017281293869
        ],
        [
            0.10365454107522964,
            0.10497850179672241,
            -0.05942535027861595
        ],
        [
            0.0682663694024086,
            -0.010909244418144226,
            0.0071348026394844055
        ],
        [
            0.07394663989543915,
            -0.013634905219078064,
            0.0003323890268802643
        ],
        [
            0.08110764622688293,
            0.010693438351154327,
            -0.01954047754406929
        ],
        [
            0.09016464650630951,
            0.010459348559379578,
            -0.027455652132630348
        ],
        [
            0.07994088530540466,
            0.023030418902635574,
            -0.026117149740457535
        ],
        [
            0.08826984465122223,
            0.023582272231578827,
            -0.034492477774620056
        ],
        [
            0.07341530919075012,
            0.061634596437215805,
            -0.05219645798206329
        ],
        [
            0.10963503271341324,
            0.12233185768127441,
            -0.055391836911439896
        ],
        [
            0.10469210892915726,
            0.11134359240531921,
            -0.054678525775671005
        ],
        [
            0.10686098039150238,
            0.10987181961536407,
            -0.049448635429143906
        ],
        [
            0.10907862335443497,
            0.12126490473747253,
            -0.05101707950234413
        ],
        [
            0.10301274061203003,
            0.10443177819252014,
            -0.05271301418542862
        ],
        [
            0.10616405308246613,
            0.11070789396762848,
            -0.060250259935855865
        ],
        [
            0.10271172225475311,
            0.02503010630607605,
            -0.040973320603370667
        ],
        [
            0.0983458161354065,
            0.07978018373250961,
            -0.047947704792022705
        ],
        [
            0.10932867228984833,
            0.011855341494083405,
            -0.03262704610824585
        ],
        [
            0.11732851713895798,
            0.03325377404689789,
            -0.04567912593483925
        ],
        [
            0.12405233085155487,
            0.025138821452856064,
            -0.0377216562628746
        ],
        [
            0.11760427057743073,
            -0.0014717131853103638,
            -0.02324647828936577
        ],
        [
            0.1291613131761551,
            0.012755006551742554,
            -0.028315816074609756
        ],
        [
            0.10801050812005997,
            -0.01660829782485962,
            -0.013317923992872238
        ],
        [
            0.11089316010475159,
            -0.009064555168151855,
            -0.018407560884952545
        ],
        [
            0.1372527927160263,
            0.03027065098285675,
            -0.02866777405142784
        ],
        [
