{
    "pred_cam": [
        8.171060562133789,
        0.08608061820268631,
        -0.06310025602579117
    ],
    "pred_mano_params": {
        "global_orient": [
            [
                [
                    0.3879852592945099,
                    -0.6257258057594299,
                    0.6767086982727051
                ],
                [
                    -0.5212748646736145,
                    -0.7544869184494019,
                    -0.3987756669521332
                ],
                [
                    0.7600920796394348,
                    -0.19803214073181152,
                    -0.6189049482345581
                ]
            ]
        ],
        "hand_pose": [
            [
                [
                    0.7077687978744507,
                    -0.6584318280220032,
                    -0.2559899389743805
                ],
                [
                    0.6159577965736389,
                    0.7526072263717651,
                    -0.23276236653327942
                ],
                [
                    0.34591802954673767,
                    0.007062945049256086,
                    0.9382381439208984
                ]
            ],
            [
                [
                    0.7938361167907715,
                    -0.5555379390716553,
                    0.2473897784948349
                ],
                [
                    0.6044179201126099,
                    0.7656427025794983,
                    -0.2201593965291977
                ],
                [
                    -0.06710528582334518,
                    0.32429730892181396,
                    0.943571925163269
                ]
            ],
            [
                [
                    0.7506189942359924,
                    -0.6607012748718262,
                    -0.006708633154630661
                ],
                [
                    0.6594846248626709,
                    0.7497841119766235,
                    -0.05388680100440979
                ],
                [
                    0.04063309729099274,
                    0.03602421656250954,
                    0.99852454662323
                ]
            ],
            [
                [
                    0.7081288695335388,
                    -0.6806342601776123,
                    -0.18785801529884338
                ],
                [
                    0.6837745308876038,
                    0.7273889780044556,
                    -0.057944752275943756
                ],
                [
                    0.17608503997325897,
                    -0.08742018789052963,
                    0.9804854989051819
                ]
            ],
            [
                [
                    0.8667229413986206,
                    -0.4800693988800049,
                    -0.13536898791790009
                ],
                [
                    0.4979427754878998,
                    0.8169655203819275,
                    0.2908957004547119
                ],
                [
                    -0.029058333486318588,
                    -0.31953197717666626,
                    0.9471298456192017
                ]
            ],
            [
                [
                    0.8648589253425598,
                    -0.48935002088546753,
                    -0.11205160617828369
                ],
                [
                    0.49459826946258545,
                    0.8688106536865234,
                    0.02324998751282692
                ],
                [
                    0.08597425371408463,
                    -0.07552848756313324,
                    0.9934303164482117
                ]
            ],
            [
                [
                    0.5481292605400085,
                    -0.8354777097702026,
                    0.03913119062781334
                ],
                [
                    0.7870150208473206,
                    0.53104168176651,
                    0.3140096068382263
                ],
                [
                    -0.2831283509731293,
                    -0.14132101833820343,
                    0.9486129879951477
                ]
            ],
            [
                [
                    0.9733963012695312,
                    -0.18990080058574677,
                    -0.1282077580690384
                ],
                [
                    0.19733424484729767,
                    0.9791657328605652,
                    0.04789157211780548
                ],
                [
                    0.1164419949054718,
                    -0.07191726565361023,
                    0.9905902147293091
                ]
            ],
            [
                [
                    0.9597027897834778,
                    -0.24577918648719788,
                    0.1362464427947998
                ],
                [
                    0.19253382086753845,
                    0.9282361268997192,
                    0.3182899057865143
                ],
                [
                    -0.2046978920698166,
                    -0.2792316675186157,
                    0.9381515979766846
                ]
            ],
            [
                [
                    0.5889896154403687,
                    -0.8066574335098267,
                    -0.04893866926431656
                ],
                [
                    0.8030630946159363,
                    0.5909924507141113,
                    -0.07627304643392563
                ],
                [
                    0.09044861048460007,
                    0.005623193923383951,
                    0.9958852529525757
                ]
            ],
            [
                [
                    0.9931241273880005,
                    -0.11680549383163452,
                    0.007816603407263756
                ],
                [
                    0.10404711961746216,
                    0.911305844783783,
                    0.39836642146110535
                ],
                [
                    -0.05365471914410591,
                    -0.3948139548301697,
                    0.9171931147575378
                ]
            ],
            [
                [
                    0.9116038084030151,
                    -0.37907999753952026,
                    -0.15898685157299042
                ],
                [
                    0.4031364619731903,
                    0.900056004524231,
                    0.1654691845178604
                ],
                [
                    0.08037101477384567,
                    -0.21493573486804962,
                    0.9733154773712158
                ]
            ],
            [
                [
                    0.9327874183654785,
                    -0.3298705220222473,
                    0.14523452520370483
                ],
                [
                    0.19024939835071564,
                    0.1083814725279808,
                    -0.9757348895072937
                ],
                [
                    0.3061254322528839,
                    0.9377840161323547,
                    0.16385453939437866
                ]
            ],
            [
                [
                    0.9378670454025269,
                    -0.34293609857559204,
                    -0.05291752889752388
                ],
                [
                    0.29851871728897095,
                    0.7196621298789978,
                    0.6268755793571472
                ],
                [
                    -0.17689554393291473,
                    -0.6037228107452393,
                    0.7773202657699585
                ]
            ],
            [
                [
                    0.8954989910125732,
                    0.4278144836425781,
                    -0.12270446121692657
                ],
                [
                    -0.40803632140159607,
                    0.8992758393287659,
                    0.15750974416732788
                ],
                [
                    0.17773011326789856,
                    -0.09098193049430847,
                    0.9798644781112671
                ]
            ]
        ],
        "betas": [
            -0.048799872398376465,
            -0.051338016986846924,
            -0.03254222869873047,
            -0.05736240744590759,
            -0.018501579761505127,
            -0.03839079290628433,
            0.04151102900505066,
            -0.04561132192611694,
            -0.0220823734998703,
            -0.06372541189193726
        ]
    },
    "pred_cam_t": [
        -0.08608061820268631,
        -0.06310025602579117,
        4.780591011047363
    ],
    "focal_length": [
        5000.0,
        5000.0
    ],
    "pred_keypoints_3d": [
        [
            0.09595859050750732,
            0.006395900156348944,
            0.0062169781886041164
        ],
        [
            0.1138291209936142,
            0.02042367495596409,
            -0.02504132129251957
        ],
        [
            0.12381483614444733,
            0.04911956936120987,
            -0.030468285083770752
        ],
        [
            0.12868385016918182,
            0.07545741647481918,
            -0.035043202340602875
        ],
        [
            0.13002043962478638,
            0.1035320833325386,
            -0.05817490443587303
        ],
        [
            0.07895275950431824,
            0.04810404032468796,
            -0.07267419248819351
        ],
        [
            0.07354430109262466,
            0.07887475192546844,
            -0.0835755318403244
        ],
        [
            0.08250822126865387,
            0.09853801131248474,
            -0.07827432453632355
        ],
        [
            0.09518025815486908,
            0.11093341559171677,
            -0.060442931950092316
        ],
        [
            0.05775437876582146,
            0.058335840702056885,
            -0.06354109942913055
        ],
        [
            0.05387283116579056,
            0.08930297195911407,
            -0.06975597888231277
        ],
        [
            0.06344078481197357,
            0.11006958782672882,
            -0.06502428650856018
        ],
        [
            0.07909378409385681,
            0.12786902487277985,
            -0.05470135062932968
        ],
        [
            0.04851048067212105,
            0.06278621405363083,
            -0.038757290691137314
        ],
        [
            0.049541719257831573,
            0.09132787585258484,
            -0.043676164001226425
        ],
        [
            0.05573531240224838,
            0.11526021361351013,
            -0.04068996012210846
        ],
        [
            0.06593877077102661,
            0.1376608908176422,
            -0.03275652229785919
        ],
        [
            0.04610682278871536,
            0.06717180460691452,
            -0.01744045875966549
        ],
        [
            0.048347216099500656,
            0.0882415696978569,
            -0.017174404114484787
        ],
        [
            0.052673399448394775,
            0.1062849685549736,
            -0.013012225739657879
        ],
        [
            0.06332331895828247,
            0.1226075291633606,
            -0.00930953398346901
        ]
    ],
    "pred_vertices": [
        [
            0.09822782129049301,
            0.03988393396139145,
            -0.0379137359559536
        ],
        [
            0.10192126780748367,
            0.035265002399683,
            -0.0287221260368824
        ],
        [
            0.10523663461208344,
            0.041705306619405746,
            -0.031511593610048294
        ],
        [
            0.10237901657819748,
            0.043910324573516846,
            -0.04356086254119873
        ],
        [
            0.11574019491672516,
            0.03531185910105705,
            -0.010983914136886597
        ],
        [
            0.12612077593803406,
            0.029300246387720108,
            -0.011510778218507767
        ],
        [
            0.12855708599090576,
            0.04390066862106323,
            -0.016648855060338974
        ],
        [
            0.11958560347557068,
            0.04738648235797882,
            -0.013759169727563858
        ],
        [
            0.10493770241737366,
            0.04737001284956932,
            -0.0469515323638916
        ],
        [
            0.10828472673892975,
            0.04790697991847992,
            -0.0332968533039093
        ],
        [
            0.1065485030412674,
            0.04845042526721954,
            -0.046243250370025635
        ],
        [
            0.09883490949869156,
            0.03992350772023201,
            -0.06256985664367676
        ],
        [
            0.09951077401638031,
            0.0436447374522686,
            -0.0592254213988781
        ],
        [
            0.09225840866565704,
            0.038277365267276764,
            -0.07063530385494232
        ],
        [
            0.09723175317049026,
            0.02985083870589733,
            -0.06162496656179428
        ],
        [
            0.08455333858728409,
            0.032621338963508606,
            -0.07149235904216766
        ],
        [
            0.07316017895936966,
            0.019016236066818237,
            -0.04661902040243149
        ],
        [
            0.06489385664463043,
            0.021298609673976898,
            -0.03568493574857712
        ],
        [
            0.05692579969763756,
            0.03148970752954483,
            -0.04750420153141022
        ],
        [
            0.06654619425535202,
            0.028621353209018707,
            -0.05712450295686722
        ],
        [
            0.05136451870203018,
            0.03570146858692169,
            -0.027669351547956467
        ],
        [
            0.05393235385417938,
            0.03389604389667511,
            -0.03919140249490738
        ],
        [
            0.06105376034975052,
            0.0227699913084507,
            -0.027573980391025543
        ],
        [
            0.05862265080213547,
            0.025104966014623642,
            -0.017842937260866165
        ],
        [
            0.09070906043052673,
            0.03768690675497055,
            -0.024199582636356354
        ],
        [
            0.09513501822948456,
            0.0328703373670578,
            -0.01625566929578781
        ],
        [
            0.09735389053821564,
            0.03205406665802002,
            -0.02221665158867836
        ],
        [
            0.09362321346998215,
            0.03723815828561783,
            -0.029194943606853485
        ],
        [
            0.11767639219760895,
            0.05376911163330078,
            -0.04267685115337372
        ],
        [
            0.11384810507297516,
            0.03669716417789459,
            -0.0494021475315094
        ],
        [
            0.1087053045630455,
            0.04238272085785866,
            -0.04999268800020218
        ],
        [
            0.11507183313369751,
            0.05697625130414963,
            -0.03886059671640396
        ],
        [
            0.10441982746124268,
            0.028349619358778,
            0.012050759047269821
        ],
        [
            0.10680635273456573,
            0.01656900718808174,
            0.018474392592906952
        ],
        [
            0.11005215346813202,
            0.014033094048500061,
            0.014059074223041534
        ],
        [
            0.10680688172578812,
            0.02487022429704666,
            0.00869588553905487
        ],
        [
            0.12184614688158035,
            0.014122407883405685,
            -0.003613583743572235
        ],
        [
            0.1207890659570694,
            0.005892720073461533,
            0.0015068799257278442
        ],
        [
            0.12383288145065308,
            -0.005807749927043915,
            -0.002495497465133667
        ],
        [
            0.12551455199718475,
            0.0015322789549827576,
            -0.009980693459510803
        ],
        [
            0.12352533638477325,
            0.021401185542345047,
            -0.008580178022384644
        ],
        [
            0.1293153166770935,
            0.012167435139417648,
            -0.014832556247711182
        ],
        [
            0.13177716732025146,
            0.022715751081705093,
            -0.01822235807776451
        ],
        [
            0.13346201181411743,
            0.040045641362667084,
            -0.023192334920167923
        ],
        [
            0.09766758233308792,
            0.019433733075857162,
            0.027065545320510864
        ],
        [
            0.09496229887008667,
            0.028832226991653442,
            0.023867778480052948
        ],
        [
            0.08537930250167847,
            0.08009933680295944,
            -0.07833193242549896
        ],
        [
            0.08197999000549316,
            0.08201293647289276,
            -0.07374492287635803
        ],
        [
            0.08255845308303833,
            0.07818836718797684,
            -0.07322129607200623
        ],
        [
            0.08553625643253326,
            0.07715550065040588,
            -0.07815828919410706
        ],
        [
            0.07749587297439575,
            0.017270870506763458,
            0.02691607177257538
        ],
        [
            0.07134891301393509,
            0.01015772670507431,
            0.023192770779132843
        ],
        [
            0.07472464442253113,
            0.007235564291477203,
            0.028974715620279312
        ],
        [
            0.08181612938642502,
            0.01293894648551941,
            0.03140980377793312
        ],
        [
            0.07185584306716919,
            0.02297881245613098,
            0.020905688405036926
        ],
        [
            0.06733231246471405,
            0.014478787779808044,
            0.014945924282073975
        ],
        [
            0.07935415953397751,
            0.08224320411682129,
            -0.08952781558036804
        ],
        [
            0.08382876962423325,
            0.08115960657596588,
            -0.08713901042938232
        ],
        [
            0.08214917778968811,
            0.07671574503183365,
            -0.08786507695913315
        ],
        [
            0.0771339014172554,
            0.07677967846393585,
            -0.0892019048333168
        ],
        [
            0.09841573238372803,
            0.04468303918838501,
            -0.0537145771086216
        ],
        [
            0.09479585289955139,
            0.04422760009765625,
            -0.04581555724143982
        ],
        [
            0.08909639716148376,
            0.051336415112018585,
            -0.06583694368600845
        ],
        [
            0.08990712463855743,
            0.048414792865514755,
            -0.058078765869140625
        ],
        [
            0.09417235106229782,
            0.04526627063751221,
            -0.06237947940826416
        ],
        [
            0.09223230928182602,
            0.047331951558589935,
            -0.06899704784154892
        ],
        [
            0.07791543006896973,
            0.05056893080472946,
            -0.03774126619100571
        ],
        [
            0.08322349935770035,
            0.04393918067216873,
            -0.029682833701372147
        ],
        [
            0.08611160516738892,
            0.04334180802106857,
            -0.03569864109158516
        ],
        [
            0.08182500302791595,
            0.050591371953487396,
            -0.045467767864465714
        ],
        [
            0.07772400975227356,
            0.04890952259302139,
            -0.01758749410510063
        ],
        [
            0.07260917127132416,
            0.054635658860206604,
            -0.026584483683109283
        ],
        [
            0.07009664177894592,
            0.05668850988149643,
            -0.018631987273693085
        ],
        [
            0.07482601702213287,
            0.05304360389709473,
            -0.013460684567689896
        ],
        [
            0.06564972549676895,
            0.06246057525277138,
            -0.04426566883921623
        ],
        [
            0.06261260062456131,
            0.06519278138875961,
            -0.049039918929338455
        ],
        [
            0.06147993728518486,
            0.06786296516656876,
            -0.04611513763666153
        ],
        [
            0.06422419100999832,
            0.0632304847240448,
            -0.04101776331663132
        ],
        [
            0.07763989269733429,
            0.003338426351547241,
            0.0341629795730114
        ],
        [
            0.08613788336515427,
            0.00821731984615326,
            0.03495863825082779
        ],
        [
            0.04776596277952194,
            0.0431051142513752,
            -0.007215041667222977
        ],
        [
            0.052429746836423874,
            0.047034069895744324,
            0.0021977126598358154
        ],
        [
            0.045761674642562866,
            0.056202154606580734,
            -0.004042960703372955
        ],
        [
            0.04166959226131439,
            0.049456674605607986,
            -0.012941282242536545
        ],
        [
            0.06965753436088562,
            0.003588266670703888,
            0.015304546803236008
        ],
        [
            0.07107660919427872,
            0.0005358830094337463,
            0.022397365421056747
        ],
        [
            0.07351169735193253,
            0.08395737409591675,
            -0.0883035808801651
        ],
        [
            0.07162508368492126,
            0.07812868058681488,
            -0.08719734847545624
        ],
        [
            0.12949322164058685,
            0.013499084860086441,
            -0.027886591851711273
        ],
        [
            0.13336911797523499,
            0.035426922142505646,
            -0.032078150659799576
        ],
        [
            0.1246916800737381,
            -0.00026075541973114014,
            -0.02090420201420784
        ],
        [
            0.11974292993545532,
            -0.008476007729768753,
            -0.01436026394367218
        ],
        [
            0.11820144206285477,
            -0.015099260956048965,
            -0.00779501348733902
        ],
        [
            0.08471126854419708,
            0.052105776965618134,
            -0.056595198810100555
        ],
        [
            0.09155185520648956,
            0.04166683554649353,
            -0.037566106766462326
        ],
        [
            0.08838360011577606,
            0.038888849318027496,
            -0.019655078649520874
        ],
        [
            0.07518287748098373,
            0.053677767515182495,
            0.004064776003360748
        ],
        [
            0.08068569749593735,
            0.0480148121714592,
            0.011011913418769836
        ],
        [
            0.08480538427829742,
            0.04754599183797836,
            0.0011280998587608337
        ],
        [
            0.07868894934654236,
            0.052156925201416016,
            -0.003044966608285904
        ],
        [
            0.05854298546910286,
            0.05425383150577545,
            0.0055168308317661285
        ],
        [
            0.06460054963827133,
            0.05830235779285431,
            0.0021057799458503723
        ],
        [
            0.05996342748403549,
            0.06279906630516052,
            -0.0032264702022075653
        ],
        [
            0.05304040387272835,
            0.06046146899461746,
            -0.0005303323268890381
        ],
        [
            0.12464384734630585,
            0.0518319271504879,
            -0.04455411434173584
        ],
        [
            0.11990050971508026,
            0.03260393813252449,
            -0.04773085564374924
        ],
        [
            0.08609946072101593,
            0.02345392107963562,
            0.02782268077135086
        ],
        [
            0.09076759219169617,
            0.01765621080994606,
            0.03032241389155388
        ],
        [
            0.09351152181625366,
            0.010519560426473618,
            0.03414621204137802
        ],
        [
            0.10090634226799011,
            0.030101805925369263,
            -0.00333312526345253
        ],
        [
            0.10847698897123337,
            0.02241465076804161,
            0.0062386468052864075
        ],
        [
            0.11040946841239929,
            0.021173343062400818,
            0.0021384358406066895
        ],
        [
            0.10125784575939178,
            0.027963176369667053,
            -0.007171072065830231
        ],
        [
            0.10492783784866333,
            0.03082650527358055,
            -0.017402783036231995
        ],
        [
            0.11276710033416748,
            0.025843393057584763,
            -0.008579954504966736
        ],
        [
            0.1074504479765892,
            0.0399341806769371,
            -0.018051456660032272
        ],
        [
            0.11500786244869232,
            0.009461704641580582,
            0.009099997580051422
        ],
        [
            0.11379516869783401,
            0.006340965628623962,
            0.019909396767616272
        ],
        [
            0.11839261651039124,
            0.001857798546552658,
            0.01364455372095108
        ],
        [
            0.10715989768505096,
            0.009257692843675613,
            0.026554841548204422
        ],
        [
            0.10013426095247269,
            0.011026814579963684,
            0.03175840899348259
        ],
        [
            0.07121844589710236,
            -0.005172356963157654,
            0.02874462679028511
        ],
        [
            0.12134280800819397,
            -0.002375192940235138,
            0.0071287453174591064
        ],
        [
            0.12298082560300827,
            0.05552627518773079,
            -0.018024783581495285
        ],
        [
            0.12660644948482513,
            0.0632183775305748,
            -0.021911559626460075
        ],
        [
            0.11955852061510086,
            0.0636034831404686,
            -0.02419751137495041
        ],
        [
            0.11559278517961502,
            0.05645989626646042,
            -0.02136320248246193
        ],
        [
            0.08647149801254272,
            0.04152192175388336,
            -0.07758695632219315
        ],
        [
            0.09146922826766968,
            0.045094411820173264,
            -0.07375364005565643
        ],
        [
            0.09598866105079651,
            0.04159339517354965,
            -0.06674536317586899
        ],
        [
            0.09699244052171707,
            0.0368511937558651,
            0.00897156447172165
        ],
        [
            0.0894482284784317,
            0.036982547491788864,
            0.019158709794282913
        ],
        [
            0.08381151407957077,
            0.054857343435287476,
            -0.06418238580226898
        ],
        [
            0.07563512772321701,
            0.07201267778873444,
            -0.08933325111865997
        ],
        [
            0.0814698338508606,
            0.07195661962032318,
            -0.08802471309900284
        ],
        [
            0.08358414471149445,
            0.054474178701639175,
            -0.08383950591087341
        ],
        [
            0.07676388323307037,
            0.054359909147024155,
            -0.0855524092912674
        ],
        [
            0.07462581992149353,
            0.05888540297746658,
            -0.06706555187702179
        ],
        [
            0.0815388485789299,
            0.05735883489251137,
            -0.06558575481176376
        ],
        [
            0.07981051504611969,
            0.058847010135650635,
            -0.06603185832500458
        ],
        [
            0.07368212193250656,
            0.06150493025779724,
            -0.06581566482782364
        ],
        [
            0.0597853921353817,
            0.06804054975509644,
            -0.03695902228355408
        ],
        [
            0.06232526898384094,
            0.0642075389623642,
            -0.03272338956594467
        ],
        [
            0.06211746111512184,
            0.04110199585556984,
            -0.06611297279596329
        ],
        [
            0.06935308128595352,
            0.033989571034908295,
            -0.07505040615797043
        ],
        [
            0.07549799233675003,
            0.027566973119974136,
            -0.06593938916921616
        ],
        [
            0.07503660023212433,
            0.05212150141596794,
            -0.031005891039967537
        ],
        [
            0.06990666687488556,
            0.05830248072743416,
            -0.037625864148139954
        ],
        [
            0.0680290013551712,
            0.059309590607881546,
            -0.03409747779369354
        ],
        [
            0.0807303786277771,
            0.05479244887828827,
            -0.05697694048285484
        ],
        [
            0.07833495736122131,
            0.05722574517130852,
            -0.06271546334028244
        ],
        [
            0.07599500566720963,
            0.05758242309093475,
            -0.058770932257175446
        ],
        [
            0.07810234278440475,
            0.05523748695850372,
            -0.05224408581852913
        ],
        [
            0.05843716859817505,
            0.037745438516139984,
            0.009425114840269089
        ],
        [
            0.06521755456924438,
            0.04645196348428726,
            0.013383086770772934
        ],
        [
            0.08604983985424042,
            0.08009158819913864,
            -0.08312606811523438
        ],
        [
            0.08534425497055054,
            0.07662710547447205,
            -0.08360592275857925
        ],
        [
            0.08034875243902206,
            0.04560895264148712,
            -0.023250076919794083
        ],
        [
            0.08246995508670807,
            0.020628642290830612,
            -0.054808683693408966
        ],
        [
            0.08619101345539093,
            0.04057852178812027,
            -0.014850106090307236
        ],
        [
            0.044406790286302567,
            0.056338079273700714,
            -0.031086929142475128
        ],
        [
            0.04819604009389877,
            0.06390959024429321,
            -0.02742193266749382
        ],
        [
            0.04802141338586807,
            0.06713075935840607,
            -0.030874185264110565
        ],
        [
            0.04412737488746643,
            0.06387685239315033,
            -0.0347193107008934
        ],
        [
            0.07143685221672058,
            0.0752837210893631,
            -0.0699428841471672
        ],
        [
            0.07722090184688568,
            0.07592879235744476,
            -0.06946467608213425
        ],
        [
            0.0772172063589096,
            0.07942955195903778,
            -0.0701814740896225
        ],
        [
            0.07140244543552399,
            0.08015213906764984,
            -0.07123544812202454
        ],
        [
            0.08662686496973038,
            0.05523599684238434,
            -0.06776808202266693
        ],
        [
            0.09016160666942596,
            0.05209359899163246,
            -0.07204984873533249
        ],
        [
            0.08828427642583847,
            0.05732159689068794,
            -0.07300882786512375
        ],
        [
            0.0842394083738327,
            0.058776285499334335,
            -0.06876388192176819
        ],
        [
            0.0889020562171936,
            0.04987204819917679,
            -0.07732824236154556
        ],
        [
            0.08770643174648285,
            0.055342502892017365,
            -0.07902614027261734
        ],
        [
            0.06672877073287964,
            0.07446929812431335,
            -0.07429112493991852
        ],
        [
            0.06614241749048233,
            0.07345923036336899,
            -0.08172343671321869
        ],
        [
            0.06590208411216736,
            0.05753582343459129,
            -0.07705521583557129
        ],
        [
            0.06774930655956268,
            0.06174348667263985,
            -0.07060868293046951
        ],
        [
            0.06435998529195786,
            0.014126364141702652,
            -0.008850675076246262
        ],
        [
            0.06159593164920807,
            0.018894515931606293,
            0.0008909516036510468
        ],
        [
            0.055610090494155884,
            0.029876910150051117,
            -0.007801953703165054
        ],
        [
            0.04848051443696022,
            0.04026757925748825,
            -0.01620538718998432
        ],
        [
            0.04329089820384979,
            0.05025192350149155,
            -0.024882914498448372
        ],
        [
            0.044265493750572205,
            0.044308342039585114,
            -0.03578866273164749
        ],
        [
            0.054939813911914825,
            0.03259938955307007,
            -3.2339245080947876e-05
        ],
        [
            0.06710835546255112,
            0.05492224544286728,
            -0.06792787462472916
        ],
        [
            0.06597106158733368,
            0.047493234276771545,
            -0.07296966761350632
        ],
        [
            0.06348130106925964,
            0.04927341267466545,
            -0.06850669533014297
        ],
        [
            0.08397965133190155,
            0.04447446018457413,
            -0.00883888453245163
        ],
        [
            0.08524846285581589,
            0.07249260693788528,
            -0.08420689404010773
        ],
        [
            0.09656510502099991,
            -0.01613711565732956,
            -0.012367360293865204
        ],
        [
            0.08511154353618622,
            -0.014432638883590698,
            -0.004676558077335358
        ],
        [
            0.08433765918016434,
            -0.009094052016735077,
            -0.011723045259714127
        ],
        [
            0.09810978174209595,
            -0.009941749274730682,
            -0.020467281341552734
        ],
        [
            0.08331971615552902,
            0.075213223695755,
            -0.07286404073238373
        ],
        [
            0.08657896518707275,
            0.07373791933059692,
            -0.0781073272228241
        ],
        [
            0.05936918035149574,
            0.06716388463973999,
            -0.027616871520876884
        ],
        [
            0.057030268013477325,
            0.06978381425142288,
            -0.03215128555893898
        ],
        [
            0.05345291271805763,
            0.07061159610748291,
            -0.03017372265458107
        ],
        [
            0.05589605122804642,
            0.0707981139421463,
            -0.02468646876513958
        ],
        [
            0.061561256647109985,
            0.020790185779333115,
            0.00660112127661705
        ],
        [
            0.044468559324741364,
            0.06363797187805176,
            -0.007102662697434425
        ],
        [
            0.04015877842903137,
            0.05754198879003525,
            -0.015691684558987617
        ],
        [
            0.06689150631427765,
            0.009164411574602127,
            0.008047103881835938
        ],
        [
            0.06881364434957504,
            0.004518456757068634,
            -0.00039040297269821167
        ],
        [
            0.07171723991632462,
            -0.002153553068637848,
            0.0061429403722286224
        ],
        [
            0.04952853545546532,
            0.04661141335964203,
            -0.050083886831998825
        ],
        [
            0.06636389344930649,
            0.012542393058538437,
            -0.017190389335155487
        ],
        [
            0.07139607518911362,
            0.0028852522373199463,
            -0.007460176944732666
        ],
        [
            0.07497377693653107,
            -0.005170613527297974,
            1.4320015907287598e-05
        ],
        [
            0.07666311413049698,
            -0.011010125279426575,
            0.005740415304899216
        ],
        [
            0.07303539663553238,
            -0.007025405764579773,
            0.011900968849658966
        ],
        [
            0.07007209211587906,
            0.07279033958911896,
            -0.08640150725841522
        ],
        [
            0.06676537543535233,
            0.0799369215965271,
            -0.08246409893035889
        ],
        [
            0.07309991121292114,
            -0.013416126370429993,
            0.01838170364499092
        ],
        [
            0.0777413547039032,
            -0.0172649547457695,
            0.011281192302703857
        ],
        [
            0.07579731196165085,
            0.0008264333009719849,
            -0.015345346182584763
        ],
        [
            0.08302462846040726,
            -0.00041212886571884155,
            -0.025043152272701263
        ],
        [
            0.0709310919046402,
            0.010422829538583755,
            -0.02440236508846283
        ],
        [
            0.07722794264554977,
            0.009672556072473526,
            -0.034516461193561554
        ],
        [
            0.051712822169065475,
            0.038632795214653015,
            -0.0574982687830925
        ],
        [
            0.0730188712477684,
            0.09806552529335022,
            -0.07882954180240631
        ],
        [
            0.06821298599243164,
            0.08726242184638977,
            -0.07801519334316254
        ],
        [
            0.07135285437107086,
            0.08578796684741974,
            -0.07330350577831268
        ],
        [
            0.07331696897745132,
            0.09662914276123047,
            -0.07466565072536469
        ],
        [
            0.06732732802629471,
            0.0803845226764679,
            -0.07551290839910507
        ],
        [
            0.06880956888198853,
            0.08605855703353882,
            -0.08360357582569122
        ],
        [
            0.0899582952260971,
            0.011557221412658691,
            -0.044504765421152115
        ],
        [
            0.0729789137840271,
            0.06015196070075035,
            -0.06383296102285385
        ],
        [
            0.10039522498846054,
            0.0022021979093551636,
            -0.034928493201732635
        ],
        [
            0.10272844135761261,
            0.02081666886806488,
            -0.05404788255691528
        ],
        [
            0.11203708499670029,
            0.0156187042593956,
            -0.045842286199331284
        ],
        [
            0.11249975115060806,
            -0.007242988795042038,
            -0.024691883474588394
        ],
        [
            0.12042301893234253,
            0.006112314760684967,
            -0.03514972701668739
        ],
        [
            0.10829780250787735,
            -0.019681084901094437,
            -0.009285598993301392
        ],
        [
            0.10848988592624664,
            -0.013760864734649658,
            -0.016705840826034546
        ],
        [
            0.12647676467895508,
            0.023681405931711197,
            -0.04024355113506317
        ],
        [
