{
    "pred_cam": [
        5.317552089691162,
        -0.03241727873682976,
        -0.058306410908699036
    ],
    "pred_mano_params": {
        "global_orient": [
            [
                [
                    0.4393137991428375,
                    0.52455073595047,
                    -0.729280412197113
                ],
                [
                    -0.6499847173690796,
                    -0.3747721016407013,
                    -0.6611095070838928
                ],
                [
                    -0.6200994253158569,
                    0.7644556164741516,
                    0.17630739510059357
                ]
            ]
        ],
        "hand_pose": [
            [
                [
                    0.9113003611564636,
                    -0.3754021227359772,
                    -0.16912959516048431
                ],
                [
                    0.37673860788345337,
                    0.9259723424911499,
                    -0.025364510715007782
                ],
                [
                    0.16613119840621948,
                    -0.04060296341776848,
                    0.9852674007415771
                ]
            ],
            [
                [
                    0.8790640234947205,
                    -0.44780683517456055,
                    0.16344867646694183
                ],
                [
                    0.4758545160293579,
                    0.84476238489151,
                    -0.2448243945837021
                ],
                [
                    -0.028441263362765312,
                    0.29299411177635193,
                    0.9556911587715149
                ]
            ],
            [
                [
                    0.9111408591270447,
                    -0.4085274338722229,
                    0.054107148200273514
                ],
                [
                    0.40162408351898193,
                    0.9097121357917786,
                    0.1054602563381195
                ],
                [
                    -0.09230533242225647,
                    -0.07435842603445053,
                    0.9929503202438354
                ]
            ],
            [
                [
                    0.5652845501899719,
                    -0.8023976683616638,
                    -0.19134116172790527
                ],
                [
                    0.8242154121398926,
                    0.5588335990905762,
                    0.09150943160057068
                ],
                [
                    0.03350090980529785,
                    -0.20943520963191986,
                    0.9772485494613647
                ]
            ],
            [
                [
                    0.9941733479499817,
                    -0.08988019078969955,
                    -0.05950504541397095
                ],
                [
                    0.10323353111743927,
                    0.9527531862258911,
                    0.28566449880599976
                ],
                [
                    0.03101806528866291,
                    -0.2901429831981659,
                    0.9564805030822754
                ]
            ],
            [
                [
                    0.9718421101570129,
                    -0.23386569321155548,
                    0.028806861490011215
                ],
                [
                    0.23521950840950012,
                    0.9700998663902283,
                    -0.05981675535440445
                ],
                [
                    -0.013956446200609207,
                    0.06490837037563324,
                    0.9977936744689941
                ]
            ],
            [
                [
                    0.2793846130371094,
                    -0.9539585709571838,
                    0.10912054777145386
                ],
                [
                    0.5354641079902649,
                    0.2491285353899002,
                    0.8069778084754944
                ],
                [
                    -0.7970083951950073,
                    -0.1670270562171936,
                    0.5804132223129272
                ]
            ],
            [
                [
                    0.956573486328125,
                    -0.2592516243457794,
                    -0.13325047492980957
                ],
                [
                    0.2594442367553711,
                    0.9656217694282532,
                    -0.016222015023231506
                ],
                [
                    0.13287515938282013,
                    -0.019053513184189796,
                    0.9909495115280151
                ]
            ],
            [
                [
                    0.940849244594574,
                    0.3388011157512665,
                    0.004065239802002907
                ],
                [
                    -0.3148515224456787,
                    0.8697826266288757,
                    0.3799298405647278
                ],
                [
                    0.1251847743988037,
                    -0.35873666405677795,
                    0.9250063896179199
                ]
            ],
            [
                [
                    0.31110090017318726,
                    -0.9424636960029602,
                    0.12238650768995285
                ],
                [
                    0.9061501622200012,
                    0.3329807221889496,
                    0.2607983648777008
                ],
                [
                    -0.2865453362464905,
                    0.029765963554382324,
                    0.9576042294502258
                ]
            ],
            [
                [
                    0.9975486993789673,
                    -0.06155640259385109,
                    -0.033277466893196106
                ],
                [
                    0.06990379840135574,
                    0.8981679677963257,
                    0.43405964970588684
                ],
                [
                    0.0031695812940597534,
                    -0.4353218674659729,
                    0.9002693295478821
                ]
            ],
            [
                [
                    0.9744064211845398,
                    -0.2030404955148697,
                    0.09647074341773987
                ],
                [
                    0.19295558333396912,
                    0.975632905960083,
                    0.10444393008947372
                ],
                [
                    -0.11532637476921082,
                    -0.0831562727689743,
                    0.9898407459259033
                ]
            ],
            [
                [
                    0.9964162707328796,
                    -0.06452381610870361,
                    -0.05469183251261711
                ],
                [
                    -0.015166016295552254,
                    0.4998301863670349,
                    -0.8659905195236206
                ],
                [
                    0.08321364223957062,
                    0.8637166023254395,
                    0.4970603585243225
                ]
            ],
            [
                [
                    0.9485911726951599,
                    -0.2860628068447113,
                    0.13543622195720673
                ],
                [
                    0.13886304199695587,
                    0.7606847286224365,
                    0.6340944766998291
                ],
                [
                    -0.2844150960445404,
                    -0.5826892852783203,
                    0.7613023519515991
                ]
            ],
            [
                [
                    0.9952601790428162,
                    -0.08537866920232773,
                    -0.04655824229121208
                ],
                [
                    0.07424767315387726,
                    0.9763169884681702,
                    -0.20320548117160797
                ],
                [
                    0.06280501186847687,
                    0.1987854689359665,
                    0.9780285954475403
                ]
            ]
        ],
        "betas": [
            0.043014511466026306,
            -0.05974695086479187,
            0.004920154809951782,
            0.03684327006340027,
            -0.011860549449920654,
            0.00040360167622566223,
            0.03632435202598572,
            -0.08595827221870422,
            -0.05081593990325928,
            -0.045705556869506836
        ]
    },
    "pred_cam_t": [
        -0.03241727873682976,
        -0.058306410908699036,
        7.3459553718566895
    ],
    "focal_length": [
        5000.0,
        5000.0
    ],
    "pred_keypoints_3d": [
        [
            0.09551940113306046,
            0.006370406597852707,
            0.0061848340556025505
        ],
        [
            0.05805578827857971,
            0.010751163586974144,
            0.013758528046309948
        ],
        [
            0.030621707439422607,
            0.024553954601287842,
            0.013528086245059967
        ],
        [
            0.006120987236499786,
            0.03598344698548317,
            0.014390378259122372
        ],
        [
            -0.0267440527677536,
            0.04892707243561745,
            0.01246480643749237
        ],
        [
            0.03916219249367714,
            0.05189241096377373,
            0.0603509247303009
        ],
        [
            0.023241933435201645,
            0.07791659235954285,
            0.07277549803256989
        ],
        [
            0.010065571404993534,
            0.09463687241077423,
            0.06667009741067886
        ],
        [
            -0.003922469913959503,
            0.1096014752984047,
            0.05253814533352852
        ],
        [
            0.05568960681557655,
            0.07062186300754547,
            0.06304353475570679
        ],
        [
            0.039625994861125946,
            0.09628161787986755,
            0.05383574217557907
        ],
        [
            0.027584383264183998,
            0.11207442730665207,
            0.04180402308702469
        ],
        [
            0.013190999627113342,
            0.12890879809856415,
            0.02832295000553131
        ],
        [
            0.07697860151529312,
            0.07855011522769928,
            0.049085091799497604
        ],
        [
            0.055790215730667114,
            0.0935860425233841,
            0.03670231252908707
        ],
        [
            0.04167524725198746,
            0.10370726138353348,
            0.019089393317699432
        ],
        [
            0.024687867611646652,
            0.11286545544862747,
            0.0024061575531959534
        ],
        [
            0.09154058992862701,
            0.08328211307525635,
            0.033632222563028336
        ],
        [
            0.0741935521364212,
            0.0902995616197586,
            0.023991385474801064
        ],
        [
            0.06097335368394852,
            0.09471096843481064,
            0.011233133263885975
        ],
        [
            0.04340585693717003,
            0.10372336953878403,
            -0.0016369195654988289
        ]
    ],
    "pred_vertices": [
        [
            0.05273176729679108,
            0.034853748977184296,
            0.02670954540371895
        ],
        [
            0.057260945439338684,
            0.029473554342985153,
            0.0189383365213871
        ],
        [
            0.047862790524959564,
            0.03278515860438347,
            0.019510775804519653
        ],
        [
            0.043523721396923065,
            0.035951878875494,
            0.028316158801317215
        ],
        [
            0.052577998489141464,
            0.02436062879860401,
            -0.0005185641348361969
        ],
        [
            0.04907238483428955,
            0.013909734785556793,
            -0.004564691334962845
        ],
        [
            0.03592381626367569,
            0.02246357500553131,
            -0.0011708475649356842
        ],
        [
            0.04024287685751915,
            0.030943265184760094,
            0.0007862783968448639
        ],
        [
            0.036048851907253265,
            0.03673460707068443,
            0.03060968965291977
        ],
        [
            0.03974081203341484,
            0.035890743136405945,
            0.01988399028778076
        ],
        [
            0.03262258321046829,
            0.034768979996442795,
            0.0321938693523407
        ],
        [
            0.034267690032720566,
            0.032554011791944504,
            0.04729265719652176
        ],
        [
            0.03503778949379921,
            0.03666410222649574,
            0.04196716845035553
        ],
        [
            0.03496478870511055,
            0.03537347540259361,
            0.055804237723350525
        ],
        [
            0.04047752916812897,
            0.02406289614737034,
            0.05059654265642166
        ],
        [
            0.04209178686141968,
            0.033825960010290146,
            0.062117550522089005
        ],
        [
            0.07060568034648895,
            0.028376072645187378,
            0.054442696273326874
        ],
        [
            0.08231580257415771,
            0.034437067806720734,
            0.05062723159790039
        ],
        [
            0.07624881714582443,
            0.047502465546131134,
            0.061094898730516434
        ],
        [
            0.0645160973072052,
            0.040173958986997604,
            0.06287894397974014
        ],
        [
            0.09197520464658737,
            0.0540219210088253,
            0.04891227185726166
        ],
        [
            0.0830221176147461,
            0.051076747477054596,
            0.05611760541796684
        ],
        [
            0.08980505913496017,
            0.03751307353377342,
            0.04661301150918007
        ],
        [
            0.09724493324756622,
            0.04068521037697792,
            0.04034361243247986
        ],
        [
            0.0679452046751976,
            0.036762017756700516,
            0.02129032090306282
        ],
        [
            0.072435662150383,
            0.030548639595508575,
            0.01401839405298233
        ],
        [
            0.06739798188209534,
            0.028966140002012253,
            0.017030861228704453
        ],
        [
            0.06294983625411987,
            0.03498335927724838,
            0.02337450534105301
        ],
        [
            0.024998467415571213,
            0.028116771951317787,
            0.02699909545481205
        ],
        [
            0.03351181745529175,
            0.019166450947523117,
            0.03381446748971939
        ],
        [
            0.03287911042571068,
            0.02700372412800789,
            0.035819847136735916
        ],
        [
            0.02545187436044216,
            0.033427804708480835,
            0.024918319657444954
        ],
        [
            0.08669231086969376,
            0.021903473883867264,
            -0.010226652026176453
        ],
        [
            0.09335564076900482,
            0.01032264530658722,
            -0.012539021670818329
        ],
        [
            0.08912468701601028,
            0.006698600947856903,
            -0.010591700673103333
        ],
        [
            0.08418495953083038,
            0.01794106513261795,
            -0.00836038589477539
        ],
        [
            0.06858958303928375,
            0.0018450655043125153,
            -0.006156370043754578
        ],
        [
            0.07650270313024521,
            -0.005119208246469498,
            -0.005745120346546173
        ],
        [
            0.07583926618099213,
            -0.017340630292892456,
            -0.0003195032477378845
        ],
        [
            0.06719127297401428,
            -0.011864453554153442,
            0.002028927206993103
        ],
        [
            0.05856793373823166,
            0.008253443986177444,
            -0.005488429218530655
        ],
        [
            0.056299544870853424,
            -0.004104878753423691,
            -0.0001136288046836853
        ],
        [
            0.04637167975306511,
            0.003797519952058792,
            -0.0002225153148174286
        ],
        [
            0.03362005203962326,
            0.014281906187534332,
            0.002570260316133499
        ],
        [
            0.10417740046977997,
            0.016955815255641937,
            -0.014180142432451248
        ],
        [
            0.10065436363220215,
            0.0265396349132061,
            -0.013267360627651215
        ],
        [
            0.015167087316513062,
            0.07685359567403793,
            0.06309965252876282
        ],
        [
            0.018893752247095108,
            0.08093738555908203,
            0.06093829870223999
        ],
        [
            0.020933065563440323,
            0.07703927904367447,
            0.05999742075800896
        ],
        [
            0.016890432685613632,
            0.07385415583848953,
            0.06257527321577072
        ],
        [
            0.11794345825910568,
            0.024359576404094696,
            -0.001297134906053543
        ],
        [
            0.12171372771263123,
            0.02093549072742462,
            0.007353164255619049
        ],
        [
            0.1244446337223053,
            0.01673559844493866,
            0.0020728856325149536
        ],
        [
            0.1196342334151268,
            0.018488824367523193,
            -0.005777761340141296
        ],
        [
            0.1157173216342926,
            0.032086845487356186,
            0.004637781530618668
        ],
        [
            0.1173025518655777,
            0.02671854943037033,
            0.01438654214143753
        ],
        [
            0.014904694631695747,
            0.07744813710451126,
            0.07581795752048492
        ],
        [
            0.012594891712069511,
            0.07571195065975189,
            0.07157406210899353
        ],
        [
            0.015589348040521145,
            0.07203821837902069,
            0.07255290448665619
        ],
        [
            0.01902201399207115,
            0.07344630360603333,
            0.07625970244407654
        ],
        [
            0.03993497043848038,
            0.038939811289310455,
            0.03694910556077957
        ],
        [
            0.048232171684503555,
            0.04056520760059357,
            0.032863736152648926
        ],
        [
            0.035150736570358276,
            0.05081239715218544,
            0.04898765683174133
        ],
        [
            0.0416436567902565,
            0.04702037200331688,
            0.04310581088066101
        ],
        [
            0.03680748865008354,
            0.04208630323410034,
            0.04499140381813049
        ],
        [
            0.032673124223947525,
            0.045235514640808105,
            0.05093151330947876
        ],
        [
            0.06271068006753922,
            0.05411280691623688,
            0.03471173346042633
        ],
        [
            0.06690074503421783,
            0.04579585790634155,
            0.027788084000349045
        ],
        [
            0.06117066740989685,
            0.04398452490568161,
            0.030646435916423798
        ],
        [
            0.05488200485706329,
            0.05245353281497955,
            0.0379924476146698
        ],
        [
            0.07708732783794403,
            0.05249502509832382,
            0.02067795768380165
        ],
        [
            0.072512686252594,
            0.059838585555553436,
            0.028487589210271835
        ],
        [
            0.07895829528570175,
            0.06252317875623703,
            0.023513268679380417
        ],
        [
            0.08048035949468613,
            0.05732220411300659,
            0.018070455640554428
        ],
        [
            0.0626259371638298,
            0.06980802863836288,
            0.042888931930065155
        ],
        [
            0.06024795025587082,
            0.07272385060787201,
            0.04667854309082031
        ],
        [
            0.06262847036123276,
            0.07382895052433014,
            0.04446815699338913
        ],
        [
            0.06565652787685394,
            0.07080671936273575,
            0.04099331051111221
        ],
        [
            0.12739263474941254,
            0.011898957192897797,
            -0.0022191517055034637
        ],
        [
            0.12081985175609589,
            0.012281045317649841,
            -0.009465370327234268
        ],
        [
            0.1059088259935379,
            0.06207187846302986,
            0.03387007862329483
        ],
        [
            0.10813924670219421,
            0.06275393813848495,
            0.02285568229854107
        ],
        [
            0.1040782555937767,
            0.07448597997426987,
            0.028358059003949165
        ],
        [
            0.10334795713424683,
            0.07103202491998672,
            0.040068626403808594
        ],
        [
            0.11962532997131348,
            0.016014903783798218,
            0.016193419694900513
        ],
        [
            0.1245458647608757,
            0.012573622167110443,
            0.011178173124790192
        ],
        [
            0.019395530223846436,
            0.08126791566610336,
            0.0776725709438324
        ],
        [
            0.023685861378908157,
            0.07706326246261597,
            0.07733721286058426
        ],
        [
            0.048454903066158295,
            -0.004694391041994095,
            0.011144563555717468
        ],
        [
            0.032883770763874054,
            0.008423902094364166,
            0.010628119111061096
        ],
        [
            0.061892203986644745,
            -0.013200681656599045,
            0.011415049433708191
        ],
        [
            0.07221252471208572,
            -0.017808720469474792,
            0.01169947162270546
        ],
        [
            0.07938829064369202,
            -0.022954333573579788,
            0.00985482707619667
        ],
        [
            0.04467981681227684,
            0.052974503487348557,
            0.0437157079577446
        ],
        [
            0.05695761740207672,
            0.03991543501615524,
            0.029391024261713028
        ],
        [
            0.07204429805278778,
            0.038873594254255295,
            0.019004713743925095
        ],
        [
            0.09209893643856049,
            0.057606182992458344,
            0.0049666352570056915
        ],
        [
            0.09507583826780319,
            0.05016273260116577,
            -0.001537282019853592
        ],
        [
            0.08570794016122818,
            0.047886937856674194,
            0.0032829269766807556
        ],
        [
            0.08537734299898148,
            0.054705504328012466,
            0.00847800076007843
        ],
        [
            0.104002945125103,
            0.06595664471387863,
            0.014149799942970276
        ],
        [
            0.09639371931552887,
            0.0664248839020729,
            0.011349726468324661
        ],
        [
            0.09428822249174118,
            0.07210363447666168,
            0.016274746507406235
        ],
        [
            0.1009935811161995,
            0.07403111457824707,
            0.019778504967689514
        ],
        [
            0.022105488926172256,
            0.02144584059715271,
            0.025086620822548866
        ],
        [
            0.033390529453754425,
            0.012453190982341766,
            0.03009956330060959
        ],
        [
            0.11091235280036926,
            0.025837793946266174,
            -0.009070172905921936
        ],
        [
            0.11149232089519501,
            0.0185336172580719,
            -0.011829107999801636
        ],
        [
            0.1147109717130661,
            0.010927267372608185,
            -0.014034546911716461
        ],
        [
            0.07837682217359543,
            0.025537628680467606,
            0.0018222816288471222
        ],
        [
            0.08239313960075378,
            0.015217985957860947,
            -0.007140051573514938
        ],
        [
            0.07877826690673828,
            0.01352594792842865,
            -0.0055956244468688965
        ],
        [
            0.07651646435260773,
            0.023838575929403305,
            0.0044167302548885345
        ],
        [
            0.06214791536331177,
            0.025679100304841995,
            0.008971761912107468
        ],
        [
            0.06451671570539474,
            0.017994143068790436,
            -0.0016063451766967773
        ],
        [
            0.052261754870414734,
            0.03149580955505371,
            0.00899863988161087
        ],
        [
            0.0841469019651413,
            0.0005443692207336426,
            -0.008834324777126312
        ],
        [
            0.09315678477287292,
            -0.0019010603427886963,
            -0.014623764902353287
        ],
        [
            0.08744494616985321,
            -0.007924087345600128,
            -0.011461511254310608
        ],
        [
            0.10103432834148407,
            0.0036459192633628845,
            -0.01637013629078865
        ],
        [
            0.10858283936977386,
            0.00835774838924408,
            -0.016444556415081024
        ],
        [
            0.13069158792495728,
            0.007423184812068939,
            0.00831003487110138
        ],
        [
            0.0826040655374527,
            -0.013055521994829178,
            -0.0070222243666648865
        ],
        [
            0.030952978879213333,
            0.033423472195863724,
            0.0032088831067085266
        ],
        [
            0.022237855941057205,
            0.03435917943716049,
            0.004803255200386047
        ],
        [
            0.02470712549984455,
            0.038639046251773834,
            0.010642576962709427
        ],
        [
            0.03318047896027565,
            0.03788366541266441,
            0.009854339063167572
        ],
        [
            0.03389570489525795,
            0.041045889258384705,
            0.06343305855989456
        ],
        [
            0.031139425933361053,
            0.042810484766960144,
            0.05640006437897682
        ],
        [
            0.03367142006754875,
            0.03721088916063309,
            0.049183979630470276
        ],
        [
            0.08659641444683075,
            0.03281927853822708,
            -0.006264898926019669
        ],
        [
            0.09842618554830551,
            0.03633856773376465,
            -0.009184714406728745
        ],
        [
            0.03809351474046707,
            0.05673260614275932,
            0.04994259029626846
        ],
        [
            0.022457171231508255,
            0.06986336410045624,
            0.07709786295890808
        ],
        [
            0.018511686474084854,
            0.06803688406944275,
            0.0730486810207367
        ],
        [
            0.027427181601524353,
            0.05345137044787407,
            0.06936921179294586
        ],
        [
            0.031695812940597534,
            0.055810149759054184,
            0.07418334484100342
        ],
        [
            0.04034445434808731,
            0.06414559483528137,
            0.05749785527586937
        ],
        [
            0.036507926881313324,
            0.060323864221572876,
            0.05330886319279671
        ],
        [
            0.036245379596948624,
            0.06245280057191849,
            0.05530182272195816
        ],
        [
            0.039457160979509354,
            0.06742122024297714,
            0.058032866567373276
        ],
        [
            0.06984271109104156,
            0.07523711025714874,
            0.03845632076263428
        ],
        [
            0.07223191112279892,
            0.07244166731834412,
            0.03547685593366623
        ],
        [
            0.05734283849596977,
            0.05341330170631409,
            0.06793107092380524
        ],
        [
            0.04959101974964142,
            0.042775556445121765,
            0.07168035954236984
        ],
        [
            0.05349251627922058,
            0.034282468259334564,
            0.06440334022045135
        ],
        [
            0.06868626922369003,
            0.05667080730199814,
            0.031041476875543594
        ],
        [
            0.06556744128465652,
            0.06439165771007538,
            0.0369289256632328
        ],
        [
            0.06892427802085876,
            0.0659356564283371,
            0.03510347008705139
        ],
        [
            0.04612814635038376,
            0.05713021755218506,
            0.045607637614011765
        ],
        [
            0.042202726006507874,
            0.06103575974702835,
            0.05095554143190384
        ],
        [
            0.047437772154808044,
            0.061285458505153656,
            0.049138929694890976
        ],
        [
            0.05119575560092926,
            0.05828055739402771,
            0.043716974556446075
        ],
        [
            0.11203733086585999,
            0.05157095566391945,
            0.01665092259645462
        ],
        [
            0.10738840699195862,
            0.05594199523329735,
            0.006739255040884018
        ],
        [
            0.01277846284210682,
            0.07525009661912918,
            0.0669235810637474
        ],
        [
            0.01496482640504837,
            0.07199887931346893,
            0.0672701969742775
        ],
        [
            0.07259533554315567,
            0.04848213493824005,
            0.024289652705192566
        ],
        [
            0.058948613703250885,
            0.024655770510435104,
            0.05494934320449829
        ],
        [
            0.07615047693252563,
            0.0413227379322052,
            0.016286231577396393
        ],
        [
            0.08649318665266037,
            0.07557947188615799,
            0.04761681333184242
        ],
        [
            0.08389681577682495,
            0.07883638888597488,
            0.04003152623772621
        ],
        [
            0.0799243152141571,
            0.08154451102018356,
            0.039838969707489014
        ],
        [
            0.08047589659690857,
            0.08149519562721252,
            0.04576624929904938
        ],
        [
            0.032560981810092926,
            0.07937733083963394,
            0.06284938752651215
        ],
        [
            0.028100833296775818,
            0.07778547704219818,
            0.059557169675827026
        ],
        [
            0.025821644812822342,
            0.08089089393615723,
            0.06016504764556885
        ],
        [
            0.029611393809318542,
            0.08323679119348526,
            0.0639386773109436
        ],
        [
            0.03276028111577034,
            0.055796511471271515,
            0.05304861068725586
        ],
        [
            0.029677046462893486,
            0.050565578043460846,
            0.055152520537376404
        ],
        [
            0.027588967233896255,
            0.05604223534464836,
            0.057536717504262924
        ],
        [
            0.03176090866327286,
            0.05987782031297684,
            0.05569830164313316
        ],
        [
            0.028758132830262184,
            0.048279933631420135,
            0.06118988245725632
        ],
        [
            0.026166703552007675,
            0.05339965969324112,
            0.06317602097988129
        ],
        [
            0.03459904342889786,
            0.07920072972774506,
            0.06891156733036041
        ],
        [
            0.0324283204972744,
            0.07649242877960205,
            0.07550737261772156
        ],
        [
            0.04193444177508354,
            0.06476010382175446,
            0.0721491128206253
        ],
        [
            0.04135804623365402,
            0.06889104098081589,
            0.06533072143793106
        ],
        [
            0.10322213917970657,
            0.02809852734208107,
            0.03369109705090523
        ],
        [
            0.11005508899688721,
            0.033495571464300156,
            0.02674281783401966
        ],
        [
            0.10452105104923248,
            0.046238649636507034,
            0.03345244750380516
        ],
        [
            0.10006225109100342,
            0.05937555804848671,
            0.04096633195877075
        ],
        [
            0.09425637125968933,
            0.0709664598107338,
            0.047450240701436996
        ],
        [
            0.08810371905565262,
            0.065412737429142,
            0.05639491230249405
        ],
        [
            0.10939037799835205,
            0.04886094480752945,
            0.027271844446659088
        ],
        [
            0.048124924302101135,
            0.06245432421565056,
            0.06177511066198349
        ],
        [
            0.048421166837215424,
            0.05681128427386284,
            0.06929419934749603
        ],
        [
            0.05201549455523491,
            0.05975198745727539,
            0.06604041904211044
        ],
        [
            0.08041416853666306,
            0.04569621384143829,
            0.011988665908575058
        ],
        [
            0.01717921905219555,
            0.06797473132610321,
            0.06794384121894836
        ],
        [
            0.09054189175367355,
            -0.013716071844100952,
            0.026481617242097855
        ],
        [
            0.10221303254365921,
            -0.006855703890323639,
            0.027254827320575714
        ],
        [
            0.09622269868850708,
            -0.001730114221572876,
            0.031145775690674782
        ],
        [
            0.08248266577720642,
            -0.009108558297157288,
            0.029576275497674942
        ],
        [
            0.022422602400183678,
            0.07384877651929855,
            0.059323035180568695
        ],
        [
            0.018277257680892944,
            0.07003934681415558,
            0.06210697814822197
        ],
        [
            0.0760246068239212,
            0.07604536414146423,
            0.03178643807768822
        ],
        [
            0.07348832488059998,
            0.07852815836668015,
            0.035273756831884384
        ],
        [
            0.07589374482631683,
            0.08041125535964966,
            0.03493264690041542
        ],
        [
            0.07843144983053207,
            0.07974953949451447,
            0.030251095071434975
        ],
        [
            0.11335805058479309,
            0.035135917365550995,
            0.02199092134833336
        ],
        [
            0.09784254431724548,
            0.08202562481164932,
            0.02669043093919754
        ],
        [
            0.09767939150333405,
            0.07873263210058212,
            0.03887561708688736
        ],
        [
            0.11463269591331482,
            0.022321246564388275,
            0.021356776356697083
        ],
        [
            0.10921114683151245,
            0.01741953194141388,
            0.0278403852134943
        ],
        [
            0.11401152610778809,
            0.010103210806846619,
            0.023484189063310623
        ],
        [
            0.07432451099157333,
            0.06426750123500824,
            0.06207624077796936
        ],
        [
            0.09677225351333618,
            0.025844402611255646,
            0.03901812806725502
        ],
        [
            0.1033029556274414,
            0.01485685259103775,
            0.031962983310222626
        ],
        [
            0.10876190662384033,
            0.00600307434797287,
            0.026950407773256302
        ],
        [
            0.11352531611919403,
            -8.210539817810059e-06,
            0.02365785837173462
        ],
        [
            0.11870107054710388,
            0.005125723779201508,
            0.02005733922123909
        ],
        [
            0.027688533067703247,
            0.07335470616817474,
            0.0774356797337532
        ],
        [
            0.028652438893914223,
            0.08151525259017944,
            0.07577400654554367
        ],
        [
            0.12521007657051086,
            -0.0005973875522613525,
            0.017371755093336105
        ],
        [
            0.11868181824684143,
            -0.00608237087726593,
            0.02099255472421646
        ],
        [
            0.09579990059137344,
            0.01106252521276474,
            0.035717714577913284
        ],
        [
            0.0855448991060257,
            0.006468739360570908,
            0.038897804915905
        ],
        [
            0.08964379131793976,
            0.021885298192501068,
            0.042194243520498276
        ],
        [
            0.07925646007061005,
            0.018213436007499695,
            0.04609457403421402
        ],
        [
            0.0705948993563652,
            0.05668772757053375,
            0.06940817832946777
        ],
        [
            0.018030313774943352,
            0.09649446606636047,
            0.07143858075141907
        ],
        [
            0.026358162984251976,
            0.08863349258899689,
            0.07148757576942444
        ],
        [
            0.026190876960754395,
            0.08777862787246704,
            0.06574989855289459
        ],
        [
            0.01940099708735943,
            0.09656483680009842,
            0.06737075001001358
        ],
        [
            0.03092626854777336,
            0.08362555503845215,
            0.06965552270412445
        ],
        [
            0.024198967963457108,
            0.0858267992734909,
            0.07600872963666916
        ],
        [
            0.06451335549354553,
            0.013010889291763306,
            0.045878052711486816
        ],
        [
            0.045022882521152496,
            0.06432215869426727,
            0.05393107235431671
        ],
        [
            0.06817319989204407,
            -0.00037301331758499146,
            0.03556697070598602
        ],
        [
            0.04616810381412506,
            0.01316693052649498,
            0.044753000140190125
        ],
        [
            0.0481397807598114,
            0.0040606483817100525,
            0.034821994602680206
        ],
        [
            0.07042786478996277,
            -0.013880163431167603,
            0.023680727928876877
        ],
        [
            0.05387900397181511,
            -0.007406588643789291,
            0.024055667221546173
        ],
        [
            0.08627954125404358,
            -0.022368744015693665,
            0.01840103790163994
        ],
        [
            0.07970094680786133,
            -0.017364509403705597,
            0.021877437829971313
        ],
        [
            0.03927135840058327,
            0.002360459417104721,
            0.02200358733534813
        ],
        [
            0.011212242767214775,
            0.08612687885761261,
