{
    "pred_cam": [
        14.448813438415527,
        -0.11071476340293884,
        -0.04884319752454758
    ],
    "pred_mano_params": {
        "global_orient": [
            [
                [
                    0.28634655475616455,
                    -0.855261504650116,
                    0.43189504742622375
                ],
                [
                    -0.35342642664909363,
                    -0.5132676362991333,
                    -0.7820780277252197
                ],
                [
                    0.8905590772628784,
                    0.07130222022533417,
                    -0.4492444396018982
                ]
            ]
        ],
        "hand_pose": [
            [
                [
                    0.25008538365364075,
                    -0.8900631070137024,
                    -0.3811102509498596
                ],
                [
                    0.8914382457733154,
                    0.36528775095939636,
                    -0.26814669370651245
                ],
                [
                    0.37788236141204834,
                    -0.2726767063140869,
                    0.8847894072532654
                ]
            ],
            [
                [
                    0.9323500990867615,
                    -0.2552962303161621,
                    0.256021648645401
                ],
                [
                    0.3364395201206207,
                    0.8719207048416138,
                    -0.3557564616203308
                ],
                [
                    -0.1324073225259781,
                    0.4178253710269928,
                    0.898827075958252
                ]
            ],
            [
                [
                    0.9036674499511719,
                    -0.42600223422050476,
                    -0.043671928346157074
                ],
                [
                    0.42157265543937683,
                    0.9028893113136292,
                    -0.0840669646859169
                ],
                [
                    0.07524363696575165,
                    0.057557687163352966,
                    0.9955025911331177
                ]
            ],
            [
                [
                    -0.014738391153514385,
                    -0.9354686737060547,
                    -0.3531021773815155
                ],
                [
                    0.9998304843902588,
                    -0.009890155866742134,
                    -0.01553095132112503
                ],
                [
                    0.011036502197384834,
                    -0.3532712161540985,
                    0.9354559183120728
                ]
            ],
            [
                [
                    0.995691180229187,
                    0.07504046708345413,
                    0.05447891727089882
                ],
                [
                    -0.08435741066932678,
                    0.9769489169120789,
                    0.19609850645065308
                ],
                [
                    -0.038507796823978424,
                    -0.19984926283359528,
                    0.9790696501731873
                ]
            ],
            [
                [
                    0.9289159774780273,
                    -0.3021332025527954,
                    -0.21408098936080933
                ],
                [
                    0.32515737414360046,
                    0.9421670436859131,
                    0.08120260387659073
                ],
                [
                    0.17716607451438904,
                    -0.14504040777683258,
                    0.9734348654747009
                ]
            ],
            [
                [
                    0.19573068618774414,
                    -0.968605101108551,
                    0.15327605605125427
                ],
                [
                    0.7327718734741211,
                    0.2483292818069458,
                    0.6335439085960388
                ],
                [
                    -0.6517168879508972,
                    -0.011687597259879112,
                    0.7583722472190857
                ]
            ],
            [
                [
                    0.9384498000144958,
                    -0.2970501482486725,
                    -0.17627596855163574
                ],
                [
                    0.32575535774230957,
                    0.930826723575592,
                    0.16566553711891174
                ],
                [
                    0.11487141251564026,
                    -0.21289163827896118,
                    0.9702998399734497
                ]
            ],
            [
                [
                    0.8487504124641418,
                    -0.5267878770828247,
                    -0.046014051884412766
                ],
                [
                    0.5041767358779907,
                    0.7799279689788818,
                    0.3708342909812927
                ],
                [
                    -0.15946337580680847,
                    -0.33794498443603516,
                    0.9275583624839783
                ]
            ],
            [
                [
                    0.070658378303051,
                    -0.9952289462089539,
                    0.06728112697601318
                ],
                [
                    0.9921873807907104,
                    0.07707430422306061,
                    0.0981011912226677
                ],
                [
                    -0.1028188019990921,
                    0.05982382223010063,
                    0.9928995370864868
                ]
            ],
            [
                [
                    0.9797760248184204,
                    -0.1921125203371048,
                    0.05596321076154709
                ],
                [
                    0.14765025675296783,
                    0.8828777074813843,
                    0.4457874596118927
                ],
                [
                    -0.13505001366138458,
                    -0.42850881814956665,
                    0.8933878540992737
                ]
            ],
            [
                [
                    0.7186940908432007,
                    -0.5722934007644653,
                    -0.3949163556098938
                ],
                [
                    0.6515749096870422,
                    0.7525922656059265,
                    0.09515798836946487
                ],
                [
                    0.24275270104408264,
                    -0.3257070779800415,
                    0.913775622844696
                ]
            ],
            [
                [
                    0.9247068166732788,
                    -0.37446388602256775,
                    -0.0685126855969429
                ],
                [
                    0.08016376197338104,
                    0.367484450340271,
                    -0.9265682697296143
                ],
                [
                    0.3721437454223633,
                    0.8513118624687195,
                    0.3698337972164154
                ]
            ],
            [
                [
                    0.8703481554985046,
                    -0.48873528838157654,
                    -0.06026401370763779
                ],
                [
                    0.45618006587028503,
                    0.7541177272796631,
                    0.4724469482898712
                ],
                [
                    -0.18545536696910858,
                    -0.4386846423149109,
                    0.8792962431907654
                ]
            ],
            [
                [
                    0.9373095631599426,
                    0.3448299765586853,
                    -0.05042925849556923
                ],
                [
                    -0.3471338152885437,
                    0.9366047978401184,
                    -0.04764029011130333
                ],
                [
                    0.030804485082626343,
                    0.062159400433301926,
                    0.9975907802581787
                ]
            ]
        ],
        "betas": [
            -0.02681317925453186,
            -0.14704790711402893,
            -0.10489976406097412,
            -0.02556362748146057,
            -0.03923577070236206,
            -0.008076939731836319,
            -0.0026322603225708008,
            -0.010118752717971802,
            0.013814941048622131,
            -0.005938410758972168
        ]
    },
    "pred_cam_t": [
        -0.11071476340293884,
        -0.04884319752454758,
        2.7035090923309326
    ],
    "focal_length": [
        5000.0,
        5000.0
    ],
    "pred_keypoints_3d": [
        [
            0.09587795287370682,
            0.006397268734872341,
            0.006239088252186775
        ],
        [
            0.11337781697511673,
            0.002712058834731579,
            -0.027871621772646904
        ],
        [
            0.12843024730682373,
            0.020068567246198654,
            -0.048436492681503296
        ],
        [
            0.14059758186340332,
            0.04105459153652191,
            -0.06066395342350006
        ],
        [
            0.15255479514598846,
            0.06243553385138512,
            -0.0878773182630539
        ],
        [
            0.0839276984333992,
            0.02415306493639946,
            -0.081851527094841
        ],
        [
            0.09957294166088104,
            0.05216864496469498,
            -0.08994897454977036
        ],
        [
            0.11740115284919739,
            0.06547620892524719,
            -0.08854927867650986
        ],
        [
            0.1370992362499237,
            0.07823914289474487,
            -0.07852261513471603
        ],
        [
            0.06856532394886017,
            0.043375033885240555,
            -0.07670886814594269
        ],
        [
            0.09279176592826843,
            0.06397369503974915,
            -0.07552257925271988
        ],
        [
            0.11181037127971649,
            0.07754684239625931,
            -0.07471102476119995
        ],
        [
            0.13296140730381012,
            0.09151613712310791,
            -0.06764570623636246
        ],
        [
            0.06430399417877197,
            0.058270663022994995,
            -0.054968513548374176
        ],
        [
            0.0866049975156784,
            0.0760611891746521,
            -0.06005140393972397
        ],
        [
            0.10860374569892883,
            0.08684936165809631,
            -0.05552944913506508
        ],
        [
            0.12675514817237854,
            0.09150835871696472,
            -0.037468668073415756
        ],
        [
            0.06593769788742065,
            0.06967025995254517,
            -0.03647834062576294
        ],
        [
            0.08260491490364075,
            0.08078738301992416,
            -0.04345867782831192
        ],
        [
            0.09938514232635498,
            0.08969177305698395,
            -0.041942376643419266
        ],
        [
            0.11584259569644928,
            0.09106326848268509,
            -0.032155219465494156
        ]
    ],
    "pred_vertices": [
        [
            0.10312073677778244,
            0.0212965440005064,
            -0.04586280509829521
        ],
        [
            0.10686856508255005,
            0.01915903016924858,
            -0.03498668223619461
        ],
        [
            0.111701600253582,
            0.022145908325910568,
            -0.04090036824345589
        ],
        [
            0.10745556652545929,
            0.021381674334406853,
            -0.052784327417612076
        ],
        [
            0.12525251507759094,
            0.017747586593031883,
            -0.022654227912425995
        ],
        [
            0.13256852328777313,
            0.007866762578487396,
            -0.022669650614261627
        ],
        [
            0.1370953917503357,
            0.017212454229593277,
            -0.03497954085469246
        ],
        [
            0.13064147531986237,
            0.0247363094240427,
            -0.03128582611680031
        ],
        [
            0.11003798991441727,
            0.021935496479272842,
            -0.05778986215591431
        ],
        [
            0.11584397405385971,
            0.025130707770586014,
            -0.04586407542228699
        ],
        [
            0.11098619550466537,
            0.022080719470977783,
            -0.05821963772177696
        ],
        [
            0.09923075139522552,
            0.012809142470359802,
            -0.06995431333780289
        ],
        [
            0.10221194475889206,
            0.01696518063545227,
            -0.06773695349693298
        ],
        [
            0.09193263202905655,
            0.011395566165447235,
            -0.07695028185844421
        ],
        [
            0.09406168758869171,
            0.004858583211898804,
            -0.06575272232294083
        ],
        [
            0.08232324570417404,
            0.009181700646877289,
            -0.07648617774248123
        ],
        [
            0.07157768309116364,
            0.00887247733771801,
            -0.04776005446910858
        ],
        [
            0.06618798524141312,
            0.017209775745868683,
            -0.038386885076761246
        ],
        [
            0.05950971692800522,
            0.025715146213769913,
            -0.05373208224773407
        ],
        [
            0.06657328456640244,
            0.01670246757566929,
            -0.06158880889415741
        ],
        [
            0.058302655816078186,
            0.037585142999887466,
            -0.03626159951090813
        ],
        [
            0.05891255661845207,
            0.03145571053028107,
            -0.04653635621070862
        ],
        [
            0.0640810951590538,
            0.022412750869989395,
            -0.03127279877662659
        ],
        [
            0.06365005671977997,
            0.028388656675815582,
            -0.02294004335999489
        ],
        [
            0.09730658680200577,
            0.026252012699842453,
            -0.03267014026641846
        ],
        [
            0.10093215107917786,
            0.02319050393998623,
            -0.023121032863855362
        ],
        [
            0.10208171606063843,
            0.020055636763572693,
            -0.027773957699537277
        ],
        [
            0.09918821603059769,
            0.0233665332198143,
            -0.036941684782505035
        ],
        [
            0.12211265414953232,
            0.023851078003644943,
            -0.059243880212306976
        ],
        [
            0.11254780739545822,
            0.008326584473252296,
            -0.05859694629907608
        ],
        [
            0.10978750884532928,
            0.015047984197735786,
            -0.06023029237985611
        ],
        [
            0.12181408703327179,
            0.028449030593037605,
            -0.0562204085290432
        ],
        [
            0.11151236295700073,
            0.02474304288625717,
            0.004295647144317627
        ],
        [
            0.11073893308639526,
            0.015552811324596405,
            0.01428445428609848
        ],
        [
            0.11251554638147354,
            0.010829146951436996,
            0.011034563183784485
        ],
        [
            0.11233235895633698,
            0.01985679380595684,
            0.002493150532245636
        ],
        [
            0.12301469594240189,
            0.0008193328976631165,
            -0.0058354660868644714
        ],
        [
            0.11877099424600601,
            -0.004063278436660767,
            0.0018930062651634216
        ],
        [
            0.11702394485473633,
            -0.016883978620171547,
            0.0018835514783859253
        ],
        [
            0.12010417133569717,
            -0.01380591094493866,
            -0.008072897791862488
        ],
        [
            0.12803666293621063,
            0.004277057945728302,
            -0.014479532837867737
        ],
        [
            0.12749359011650085,
            -0.008169172331690788,
            -0.017493553459644318
        ],
        [
            0.13293343782424927,
            -0.002188306301832199,
            -0.02770761400461197
        ],
        [
            0.13849765062332153,
            0.01041002944111824,
            -0.040921472012996674
        ],
        [
            0.10410695523023605,
            0.02390167862176895,
            0.021413080394268036
        ],
        [
            0.10419072210788727,
            0.03213156759738922,
            0.015214882791042328
        ],
        [
            0.1105814278125763,
            0.04797748848795891,
            -0.085257388651371
        ],
        [
            0.1091487854719162,
            0.051898788660764694,
            -0.08111009746789932
        ],
        [
            0.10661932826042175,
            0.046960748732089996,
            -0.07994996756315231
        ],
        [
            0.10841275751590729,
            0.04437081515789032,
            -0.08475525677204132
        ],
        [
            0.08448310941457748,
            0.028849415481090546,
            0.021993376314640045
        ],
        [
            0.07605800777673721,
            0.023518472909927368,
            0.020895011723041534
        ],
        [
            0.07892616838216782,
            0.021583233028650284,
            0.027323365211486816
        ],
        [
            0.08767116814851761,
            0.024936150759458542,
            0.027687646448612213
        ],
        [
            0.08023928850889206,
            0.03397689759731293,
            0.014475934207439423
        ],
        [
            0.07269269973039627,
            0.02614707127213478,
            0.011700749397277832
        ],
        [
            0.10522438585758209,
            0.05115947872400284,
            -0.09636390209197998
        ],
        [
            0.10874396562576294,
            0.048315174877643585,
            -0.09395807236433029
        ],
        [
            0.10468080639839172,
            0.04495364800095558,
            -0.09404681622982025
        ],
        [
            0.10034365206956863,
            0.04738083481788635,
            -0.09513204544782639
        ],
        [
            0.10274850577116013,
            0.020194541662931442,
            -0.06272830814123154
        ],
        [
            0.10042382031679153,
            0.023698385804891586,
            -0.05512646213173866
        ],
        [
            0.09469091892242432,
            0.02355840802192688,
            -0.07577186077833176
        ],
        [
            0.09564994275569916,
            0.024904292076826096,
            -0.06813447922468185
        ],
        [
            0.09778033941984177,
            0.01921979710459709,
            -0.07117310911417007
        ],
        [
            0.09599281847476959,
            0.018941150978207588,
            -0.07765393704175949
        ],
        [
            0.08781496435403824,
            0.037540942430496216,
            -0.04972754418849945
        ],
        [
            0.09164831787347794,
            0.032508477568626404,
            -0.04003053531050682
        ],
        [
            0.0934157446026802,
            0.029117025434970856,
            -0.04543543606996536
        ],
        [
            0.09056489169597626,
            0.03374116122722626,
            -0.05697271227836609
        ],
        [
            0.08949625492095947,
            0.04254220426082611,
            -0.030284084379673004
        ],
        [
            0.08540007472038269,
            0.046357862651348114,
            -0.04052045941352844
        ],
        [
            0.08455044776201248,
            0.05142460763454437,
            -0.03360634669661522
        ],
        [
            0.08855365216732025,
            0.04841449111700058,
            -0.02771655097603798
        ],
        [
            0.07882150262594223,
            0.04916681721806526,
            -0.05963606387376785
        ],
        [
            0.0764065757393837,
            0.04843746870756149,
            -0.06356898695230484
        ],
        [
            0.07793403416872025,
            0.05270553380250931,
            -0.06035929173231125
        ],
        [
            0.07877160608768463,
            0.051481641829013824,
            -0.05639620125293732
        ],
        [
            0.08101363480091095,
            0.018754497170448303,
            0.033525027334690094
        ],
        [
            0.09062619507312775,
            0.02038438990712166,
            0.03263428062200546
        ],
        [
            0.0593663826584816,
            0.05174235999584198,
            -0.019102882593870163
        ],
        [
            0.06623898446559906,
            0.05621018260717392,
            -0.011204183101654053
        ],
        [
            0.06196286901831627,
            0.06488975882530212,
            -0.02101318910717964
        ],
        [
            0.05422729253768921,
            0.05778823792934418,
            -0.027518313378095627
        ],
        [
            0.07149573415517807,
            0.015853147953748703,
            0.015705175697803497
        ],
        [
            0.07264384627342224,
            0.014873411506414413,
            0.023402094841003418
        ],
        [
            0.10132521390914917,
            0.055760882794857025,
            -0.09527430683374405
        ],
        [
            0.09659983962774277,
            0.05119095742702484,
            -0.09300517290830612
        ],
        [
            0.12439428269863129,
            -0.011633392423391342,
            -0.03199942782521248
        ],
        [
            0.13395459949970245,
            0.004030853509902954,
            -0.047044575214385986
        ],
        [
            0.11670443415641785,
            -0.018683215603232384,
            -0.01841743290424347
        ],
        [
            0.11050286889076233,
            -0.021585999056696892,
            -0.008543848991394043
        ],
        [
            0.10798732936382294,
            -0.02469768561422825,
            0.000192299485206604
        ],
        [
            0.09213844686746597,
            0.03001556731760502,
            -0.06787978857755661
        ],
        [
            0.09765864908695221,
            0.02522578090429306,
            -0.04653190076351166
        ],
        [
            0.09608807414770126,
            0.02950846031308174,
            -0.028922434896230698
        ],
        [
            0.09098001569509506,
            0.0544453039765358,
            -0.01148892566561699
        ],
        [
            0.09520381689071655,
            0.04987423121929169,
            -0.0031784698367118835
        ],
        [
            0.0978834331035614,
            0.04486485570669174,
            -0.012327674776315689
        ],
        [
            0.09309665858745575,
            0.04963437840342522,
            -0.017695199698209763
        ],
        [
            0.07489995658397675,
            0.061307355761528015,
            -0.010320611298084259
        ],
        [
            0.08185452967882156,
            0.061476416885852814,
            -0.014664657413959503
        ],
        [
            0.07810042798519135,
            0.06515993177890778,
            -0.02080613374710083
        ],
        [
            0.07060344517230988,
            0.06682416051626205,
            -0.01825432851910591
        ],
        [
            0.1271364688873291,
            0.018991779536008835,
            -0.06191210448741913
        ],
        [
            0.11679390072822571,
            0.002727050334215164,
            -0.056690603494644165
        ],
        [
            0.09462770074605942,
            0.031663231551647186,
            0.02077263593673706
        ],
        [
            0.09744913876056671,
            0.025721006095409393,
            0.02509177476167679
        ],
        [
            0.09818883240222931,
            0.019651275128126144,
            0.03109663724899292
        ],
        [
            0.10717890411615372,
            0.022839026525616646,
            -0.01013156771659851
        ],
        [
            0.11298678815364838,
            0.016398707404732704,
            0.001193419098854065
        ],
        [
            0.11437936127185822,
            0.013405784964561462,
            -0.001941002905368805
        ],
        [
            0.10666202008724213,
            0.019812213256955147,
            -0.012449555099010468
        ],
        [
            0.11189407855272293,
            0.01775667816400528,
            -0.023076944053173065
        ],
        [
            0.11975078284740448,
            0.012918684631586075,
            -0.014030948281288147
        ],
        [
            0.11686016619205475,
            0.023521509021520615,
            -0.028956204652786255
        ],
        [
            0.11527596414089203,
            0.0035515986382961273,
            0.007966816425323486
        ],
        [
            0.11423586308956146,
            0.004600994288921356,
            0.01908355951309204
        ],
        [
            0.11638553440570831,
            -0.0029127411544322968,
            0.014697238802909851
        ],
        [
            0.1097021996974945,
            0.011519283056259155,
            0.024348534643650055
        ],
        [
            0.10428726673126221,
            0.017096564173698425,
            0.028661072254180908
        ],
        [
            0.07165002077817917,
            0.011768434196710587,
            0.03129885345697403
        ],
        [
            0.11696641147136688,
            -0.009769456461071968,
            0.009970679879188538
        ],
        [
            0.13452331721782684,
            0.029069779440760612,
            -0.03862155228853226
        ],
        [
            0.13870108127593994,
            0.03348039090633392,
            -0.044848181307315826
        ],
        [
            0.13151612877845764,
            0.03588581085205078,
            -0.04574618488550186
        ],
        [
            0.126651331782341,
            0.03179614990949631,
            -0.040170080959796906
        ],
        [
            0.08801617473363876,
            0.01520085334777832,
            -0.08413755893707275
        ],
        [
            0.09424518793821335,
            0.01645105518400669,
            -0.08137599378824234
        ],
        [
            0.09741382300853729,
            0.01407674141228199,
            -0.07410424202680588
        ],
        [
            0.10688082128763199,
            0.033781588077545166,
            -0.0014657378196716309
        ],
        [
            0.10101619362831116,
            0.03972426429390907,
            0.008076995611190796
        ],
        [
            0.09158352762460709,
            0.028350362554192543,
            -0.07452400773763657
        ],
        [
            0.09594007581472397,
            0.04442479833960533,
            -0.09558452665805817
        ],
        [
            0.10085434466600418,
            0.0412631556391716,
            -0.09434492886066437
        ],
        [
            0.09222305566072464,
            0.024613188579678535,
            -0.09074302017688751
        ],
        [
            0.08652319014072418,
            0.028585083782672882,
            -0.0924605280160904
        ],
        [
            0.08583933860063553,
            0.033859387040138245,
            -0.07550270110368729
        ],
        [
            0.09141962230205536,
            0.029044246301054955,
            -0.07385297864675522
        ],
        [
            0.09118686616420746,
            0.03063317947089672,
            -0.07317186892032623
        ],
        [
            0.0875558853149414,
            0.03638142719864845,
            -0.0727248340845108
        ],
        [
            0.0768200233578682,
            0.056875038892030716,
            -0.05196773260831833
        ],
        [
            0.07818324118852615,
            0.05557939037680626,
            -0.048911042511463165
        ],
        [
            0.06628910452127457,
            0.027143223211169243,
            -0.07411488890647888
        ],
        [
            0.06894242763519287,
            0.01628081500530243,
            -0.08083269000053406
        ],
        [
            0.07291656732559204,
            0.009338261559605598,
            -0.069600410759449
        ],
        [
            0.08637262880802155,
            0.0419783778488636,
            -0.0438927486538887
        ],
        [
            0.08267876505851746,
            0.046847593039274216,
            -0.05203763768076897
        ],
        [
            0.0817929282784462,
            0.04942261800169945,
            -0.04895065724849701
        ],
        [
            0.089475117623806,
            0.033571161329746246,
            -0.06883398443460464
        ],
        [
            0.08764387667179108,
            0.03334007039666176,
            -0.07396616041660309
        ],
        [
            0.08569081872701645,
            0.03700771927833557,
            -0.07146091759204865
        ],
        [
            0.08780782669782639,
            0.036794573068618774,
            -0.06471677124500275
        ],
        [
            0.07042711973190308,
            0.048123717308044434,
            -0.0012409724295139313
        ],
        [
            0.08017713576555252,
            0.054608702659606934,
            -0.000401914119720459
        ],
        [
            0.11058555543422699,
            0.04688085615634918,
            -0.0899227038025856
        ],
        [
            0.1075090765953064,
            0.04358219355344772,
            -0.08999979496002197
        ],
        [
            0.09025085717439651,
            0.0369722880423069,
            -0.03453139588236809
        ],
        [
            0.07905406504869461,
            0.004311868920922279,
            -0.05592062696814537
        ],
        [
            0.09515353292226791,
            0.03325428441166878,
            -0.025005534291267395
        ],
        [
            0.059712618589401245,
            0.05714213103055954,
            -0.046595435589551926
        ],
        [
            0.06649985909461975,
            0.06261570751667023,
            -0.04476214572787285
        ],
        [
            0.06817303597927094,
            0.06407256424427032,
            -0.047151610255241394
        ],
        [
            0.06397853791713715,
            0.06228747218847275,
            -0.050554536283016205
        ],
        [
            0.0946691483259201,
            0.04967454820871353,
            -0.07660865783691406
        ],
        [
            0.09988705068826675,
            0.046835169196128845,
            -0.07627883553504944
        ],
        [
            0.1030619889497757,
            0.05100518465042114,
            -0.07683093100786209
        ],
        [
            0.09846894443035126,
            0.054479487240314484,
            -0.07783094048500061
        ],
        [
            0.09470030665397644,
            0.02452116087079048,
            -0.07582142949104309
        ],
        [
            0.09620498865842819,
            0.020642677322030067,
            -0.0800665020942688
        ],
        [
            0.0977482870221138,
            0.024316886439919472,
            -0.07997281849384308
        ],
        [
            0.0950675681233406,
            0.02794167585670948,
            -0.07575368881225586
        ],
        [
            0.09422492980957031,
            0.01866706646978855,
            -0.0843917652964592
        ],
        [
            0.09611508995294571,
            0.02298734523355961,
            -0.08590293675661087
        ],
        [
            0.09028533101081848,
            0.05141919106245041,
            -0.08096088469028473
        ],
        [
            0.08896517753601074,
            0.05055283010005951,
            -0.08820854872465134
        ],
        [
            0.07904326915740967,
            0.03763418644666672,
            -0.08417747169733047
        ],
        [
            0.08298324793577194,
            0.040227584540843964,
            -0.07747364044189453
        ],
        [
            0.06685543805360794,
            0.01945125311613083,
            -0.010601162910461426
        ],
        [
            0.06695406138896942,
            0.02766307070851326,
            -0.0030463039875030518
        ],
        [
            0.06341952085494995,
            0.03679315000772476,
            -0.015087567269802094
        ],
        [
            0.058264121413230896,
            0.04617147147655487,
            -0.02697567269206047
        ],
        [
            0.05505942553281784,
            0.05408751219511032,
            -0.039041563868522644
        ],
        [
            0.053399838507175446,
            0.04551178589463234,
            -0.04755377769470215
        ],
        [
            0.0645328164100647,
            0.04187111556529999,
            -0.008582409471273422
        ],
        [
            0.07649621367454529,
            0.03393455967307091,
            -0.0775621309876442
        ],
        [
            0.07284034788608551,
            0.029976366087794304,
            -0.08103277534246445
        ],
        [
            0.07152771204710007,
            0.032299868762493134,
            -0.07840925455093384
        ],
        [
            0.09501859545707703,
            0.03932122513651848,
            -0.02064959704875946
        ],
        [
            0.10429956763982773,
            0.039661526679992676,
            -0.09084869921207428
        ],
        [
            0.08686104416847229,
            -0.019441576674580574,
            -0.00354902446269989
        ],
        [
            0.07780499011278152,
            -0.011537741869688034,
            0.003074862062931061
        ],
        [
            0.07787828147411346,
            -0.008753582835197449,
            -0.005334667861461639
        ],
        [
            0.08902308344841003,
            -0.017065707594156265,
            -0.013237252831459045
        ],
        [
            0.10435495525598526,
            0.042715951800346375,
            -0.07970298826694489
        ],
        [
            0.10626685619354248,
            0.03992152214050293,
            -0.08488726615905762
        ],
        [
            0.07758332043886185,
            0.06075289845466614,
            -0.044915489852428436
        ],
        [
            0.0758424773812294,
            0.06130598857998848,
            -0.048359308391809464
        ],
        [
            0.07400210946798325,
            0.0636373907327652,
            -0.045927852392196655
        ],
        [
            0.07611773908138275,
            0.06527528911828995,
            -0.043037064373493195
        ],
        [
            0.06815345585346222,
            0.03114377334713936,
            0.0017137229442596436
        ],
        [
            0.06517720967531204,
            0.07164294272661209,
            -0.027483152225613594
        ],
        [
            0.057345982640981674,
            0.0645839124917984,
            -0.03392193093895912
        ],
        [
            0.06981893628835678,
            0.019470419734716415,
            0.006993569433689117
        ],
        [
            0.06912468373775482,
            0.012074369937181473,
            0.0006393715739250183
        ],
        [
            0.07052866369485855,
            0.00723474845290184,
            0.009043268859386444
        ],
        [
            0.05885012447834015,
            0.041287850588560104,
            -0.06079108268022537
        ],
        [
            0.06726493686437607,
            0.014760009944438934,
            -0.017900627106428146
        ],
        [
            0.07015834748744965,
            0.007546652108430862,
            -0.005444467067718506
        ],
        [
            0.0718628466129303,
            0.001565791666507721,
            0.004319421947002411
        ],
        [
            0.07225301861763,
            -0.002385120838880539,
            0.011674530804157257
        ],
        [
            0.0708581730723381,
            0.004276704043149948,
            0.0160977765917778
        ],
        [
            0.09179797023534775,
            0.04788064956665039,
            -0.09256567060947418
        ],
        [
            0.09365800023078918,
            0.05552675202488899,
            -0.08866150677204132
        ],
        [
            0.06959235668182373,
            0.0006311237812042236,
            0.024342544376850128
        ],
        [
            0.07188016921281815,
            -0.006564207375049591,
            0.01898164302110672
        ],
        [
            0.07265586405992508,
            0.0017421618103981018,
            -0.012145474553108215
        ],
        [
            0.0775262638926506,
            -0.004853967577219009,
            -0.020669154822826385
        ],
        [
            0.06996484845876694,
            0.00903242826461792,
            -0.02393714338541031
        ],
        [
            0.0741809755563736,
            0.003008950501680374,
            -0.03307662159204483
        ],
        [
            0.055533505976200104,
            0.03180951625108719,
            -0.06653934717178345
        ],
        [
            0.1088779866695404,
            0.0695422887802124,
            -0.08933012187480927
        ],
        [
            0.09943826496601105,
            0.062387771904468536,
            -0.08576194941997528
        ],
        [
            0.1020040363073349,
            0.06039082631468773,
            -0.08096230775117874
        ],
        [
            0.10903199017047882,
            0.0690300241112709,
            -0.08500652760267258
        ],
        [
            0.09481581300497055,
            0.05636395514011383,
            -0.08209013938903809
        ],
        [
            0.09869694709777832,
            0.060239605605602264,
            -0.09108880162239075
        ],
        [
            0.08453131467103958,
            -0.0029857810586690903,
            -0.042964037507772446
        ],
        [
            0.08315400034189224,
            0.036348458379507065,
            -0.0757632702589035
        ],
        [
            0.09226614981889725,
            -0.01186603493988514,
            -0.03089505061507225
        ],
        [
            0.09700662642717361,
            -0.0027077514678239822,
            -0.05578772723674774
        ],
        [
            0.10492600500583649,
            -0.008205626159906387,
            -0.04692390561103821
        ],
        [
            0.1020391657948494,
            -0.021283388137817383,
            -0.01867441087961197
        ],
        [
            0.11135529726743698,
            -0.016286078840494156,
            -0.03431445360183716
        ],
        [
            0.09703418612480164,
            -0.025676552206277847,
            0.0005140453577041626
        ],
        [
            0.09788407385349274,
            -0.02291344292461872,
            -0.008574962615966797
        ],
        [
            0.1212422102689743,
            -0.005520269274711609,
            -0.047685232013463974
        ],
