{
    "pred_cam": [
        7.972497940063477,
        0.0803777351975441,
        -0.06323347240686417
    ],
    "pred_mano_params": {
        "global_orient": [
            [
                [
                    0.41852954030036926,
                    -0.5986944437026978,
                    0.682933509349823
                ],
                [
                    -0.5132371187210083,
                    -0.7762916088104248,
                    -0.3660042881965637
                ],
                [
                    0.7492801547050476,
                    -0.19732318818569183,
                    -0.6321731805801392
                ]
            ]
        ],
        "hand_pose": [
            [
                [
                    0.7435691952705383,
                    -0.6015308499336243,
                    -0.29200267791748047
                ],
                [
                    0.5489131212234497,
                    0.798504114151001,
                    -0.24715498089790344
                ],
                [
                    0.3818366527557373,
                    0.02349270135164261,
                    0.9239312410354614
                ]
            ],
            [
                [
                    0.7055705785751343,
                    -0.6505472660064697,
                    0.28099533915519714
                ],
                [
                    0.7023018598556519,
                    0.6948510408401489,
                    -0.15477128326892853
                ],
                [
                    -0.09456386417150497,
                    0.30654558539390564,
                    0.947147011756897
                ]
            ],
            [
                [
                    0.7159695029258728,
                    -0.6973739862442017,
                    0.03251431882381439
                ],
                [
                    0.6980117559432983,
                    0.7142072916030884,
                    -0.0518401600420475
                ],
                [
                    0.012930010445415974,
                    0.05981135368347168,
                    0.9981259107589722
                ]
            ],
            [
                [
                    0.7701918482780457,
                    -0.606567919254303,
                    -0.19717998802661896
                ],
                [
                    0.6038649678230286,
                    0.7929915189743042,
                    -0.08069444447755814
                ],
                [
                    0.2053087055683136,
                    -0.0569198802113533,
                    0.977040708065033
                ]
            ],
            [
                [
                    0.8090135455131531,
                    -0.5663760304450989,
                    -0.15721112489700317
                ],
                [
                    0.5863836407661438,
                    0.7591843605041504,
                    0.2824772000312805
                ],
                [
                    -0.040636081248521805,
                    -0.32071393728256226,
                    0.9463040828704834
                ]
            ],
            [
                [
                    0.8465093970298767,
                    -0.5262813568115234,
                    -0.08031079918146133
                ],
                [
                    0.5300830602645874,
                    0.8472005128860474,
                    0.03554263710975647
                ],
                [
                    0.04933391883969307,
                    -0.07265856862068176,
                    0.9961360096931458
                ]
            ],
            [
                [
                    0.5913262963294983,
                    -0.8052366375923157,
                    0.04389973357319832
                ],
                [
                    0.7641968727111816,
                    0.5769117474555969,
                    0.28840237855911255
                ],
                [
                    -0.2575584352016449,
                    -0.13699187338352203,
                    0.956502377986908
                ]
            ],
            [
                [
                    0.97098308801651,
                    -0.2007833570241928,
                    -0.12991487979888916
                ],
                [
                    0.2069629728794098,
                    0.9776929616928101,
                    0.03581657633185387
                ],
                [
                    0.11982548981904984,
                    -0.06166486442089081,
                    0.9908780455589294
                ]
            ],
            [
                [
                    0.959227442741394,
                    -0.22878217697143555,
                    0.1659565567970276
                ],
                [
                    0.16136671602725983,
                    0.9253742694854736,
                    0.34299176931381226
                ],
                [
                    -0.23204229772090912,
                    -0.3022271990776062,
                    0.9245622158050537
                ]
            ],
            [
                [
                    0.6494941711425781,
                    -0.7587509155273438,
                    -0.04954150691628456
                ],
                [
                    0.7542501091957092,
                    0.6511480808258057,
                    -0.08433794975280762
                ],
                [
                    0.09625036269426346,
                    0.017410319298505783,
                    0.9952048659324646
                ]
            ],
            [
                [
                    0.990824818611145,
                    -0.13486792147159576,
                    -0.00875808484852314
                ],
                [
                    0.1273607313632965,
                    0.9100592732429504,
                    0.39442533254623413
                ],
                [
                    -0.045224934816360474,
                    -0.39192187786102295,
                    0.9188861846923828
                ]
            ],
            [
                [
                    0.9119415283203125,
                    -0.3864414095878601,
                    -0.13793350756168365
                ],
                [
                    0.4077305793762207,
                    0.8911578059196472,
                    0.19898124039173126
                ],
                [
                    0.046025924384593964,
                    -0.2376989722251892,
                    0.9702478051185608
                ]
            ],
            [
                [
                    0.9343942999839783,
                    -0.3317209482192993,
                    0.12987908720970154
                ],
                [
                    0.18233852088451385,
                    0.13213740289211273,
                    -0.974316418170929
                ],
                [
                    0.3060392737388611,
                    0.9340775609016418,
                    0.18395394086837769
                ]
            ],
            [
                [
                    0.9420567750930786,
                    -0.3272674083709717,
                    -0.07365457713603973
                ],
                [
                    0.30054181814193726,
                    0.725886344909668,
                    0.6186789870262146
                ],
                [
                    -0.1490086168050766,
                    -0.6049670577049255,
                    0.7821837067604065
                ]
            ],
            [
                [
                    0.9112723469734192,
                    0.3925909399986267,
                    -0.1243186816573143
                ],
                [
                    -0.3783697485923767,
                    0.9173762202262878,
                    0.1235196590423584
                ],
                [
                    0.16253972053527832,
                    -0.06552162021398544,
                    0.984524130821228
                ]
            ]
        ],
        "betas": [
            -0.08006951212882996,
            -0.04148221015930176,
            -0.030738890171051025,
            -0.05573299527168274,
            -0.0025942623615264893,
            -0.02696910873055458,
            0.03769442439079285,
            -0.06642648577690125,
            0.0003898143768310547,
            -0.06813368201255798
        ]
    },
    "pred_cam_t": [
        -0.0803777351975441,
        -0.06323347240686417,
        4.899656295776367
    ],
    "focal_length": [
        5000.0,
        5000.0
    ],
    "pred_keypoints_3d": [
        [
            0.09610027074813843,
            0.006407853215932846,
            0.006226212717592716
        ],
        [
            0.11301799863576889,
            0.021451346576213837,
            -0.025174371898174286
        ],
        [
            0.12187062203884125,
            0.05046289414167404,
            -0.031087206676602364
        ],
        [
            0.12494690716266632,
            0.07702362537384033,
            -0.03609686344861984
        ],
        [
            0.12451474368572235,
            0.1058337539434433,
            -0.05834339186549187
        ],
        [
            0.07636446505784988,
            0.04825017228722572,
            -0.07214152067899704
        ],
        [
            0.06698431074619293,
            0.07806375622749329,
            -0.0831572562456131
        ],
        [
            0.07619940489530563,
            0.09744030237197876,
            -0.0771423801779747
        ],
        [
            0.09058639407157898,
            0.10740391165018082,
            -0.05917086452245712
        ],
        [
            0.05486593768000603,
            0.05756925791501999,
            -0.06258346885442734
        ],
        [
            0.04673882573843002,
            0.08753180503845215,
            -0.06974120438098907
        ],
        [
            0.05542408674955368,
            0.10862811654806137,
            -0.06464134156703949
        ],
        [
            0.07148977369070053,
            0.12613730132579803,
            -0.054610755294561386
        ],
        [
            0.045783668756484985,
            0.061418209224939346,
            -0.03757485747337341
        ],
        [
            0.043929003179073334,
            0.08972975611686707,
            -0.04364815726876259
        ],
        [
            0.048090044409036636,
            0.11419215798377991,
            -0.04124373197555542
        ],
        [
            0.05714705213904381,
            0.13743096590042114,
            -0.03449731320142746
        ],
        [
            0.04351949691772461,
            0.06552624702453613,
            -0.01613956317305565
        ],
        [
            0.04384021833539009,
            0.08675064146518707,
            -0.016073649749159813
        ],
        [
            0.04658079892396927,
            0.10516966879367828,
            -0.012068938463926315
        ],
        [
            0.056074224412441254,
            0.12253852188587189,
            -0.009301439858973026
        ]
    ],
    "pred_vertices": [
        [
            0.09644339978694916,
            0.04043925926089287,
            -0.037620674818754196
        ],
        [
            0.10047785937786102,
            0.035905417054891586,
            -0.02844412624835968
        ],
        [
            0.10356438159942627,
            0.04252263903617859,
            -0.03135509043931961
        ],
        [
            0.10038295388221741,
            0.04468289762735367,
            -0.043333202600479126
        ],
        [
            0.11490560322999954,
            0.03647150099277496,
            -0.011186905205249786
        ],
        [
            0.12549713253974915,
            0.0308152437210083,
            -0.011992719024419785
        ],
        [
            0.1272508203983307,
            0.045512329787015915,
            -0.017355628311634064
        ],
        [
            0.11822192370891571,
            0.04868551716208458,
            -0.014211207628250122
        ],
        [
            0.1027635708451271,
            0.04823479428887367,
            -0.046838775277137756
        ],
        [
            0.1063740998506546,
            0.04883807152509689,
            -0.03328753635287285
        ],
        [
            0.10426635295152664,
            0.04920108988881111,
            -0.04630248248577118
        ],
        [
            0.09668266773223877,
            0.04061990603804588,
            -0.062468044459819794
        ],
        [
            0.09729862958192825,
            0.044426482170820236,
            -0.05904613435268402
        ],
        [
            0.09008784592151642,
            0.03889016434550285,
            -0.070436991751194
        ],
        [
            0.09546917676925659,
            0.030413543805480003,
            -0.06158934906125069
        ],
        [
            0.08264452964067459,
            0.032861221581697464,
            -0.07112610340118408
        ],
        [
            0.07209612429141998,
            0.018606849014759064,
            -0.04623765870928764
        ],
        [
            0.06390009075403214,
            0.020483504980802536,
            -0.03514113649725914
        ],
        [
            0.05556032806634903,
            0.030454717576503754,
            -0.04665185511112213
        ],
        [
            0.06510242819786072,
            0.028044318780303,
            -0.05647944286465645
        ],
        [
            0.050033871084451675,
            0.03425905853509903,
            -0.026701126247644424
        ],
        [
            0.052509017288684845,
            0.032648056745529175,
            -0.03828667849302292
        ],
        [
            0.06010199710726738,
            0.021724481135606766,
            -0.026945259422063828
        ],
        [
            0.05771717056632042,
            0.02387729287147522,
            -0.017134863883256912
        ],
        [
            0.08920460939407349,
            0.037813976407051086,
            -0.02382783219218254
        ],
        [
            0.09392169117927551,
            0.03308457136154175,
            -0.015936806797981262
        ],
        [
            0.09608836472034454,
            0.032418571412563324,
            -0.02188701555132866
        ],
        [
            0.09206473082304001,
            0.037523023784160614,
            -0.028856314718723297
        ],
        [
            0.11499608308076859,
            0.05471721291542053,
            -0.043203920125961304
        ],
        [
            0.11194545030593872,
            0.03764941170811653,
            -0.0497434027493
        ],
        [
            0.1065673828125,
            0.04314934462308884,
            -0.05017891526222229
        ],
        [
            0.1123700737953186,
            0.057831618934869766,
            -0.03929827734827995
        ],
        [
            0.10381782054901123,
            0.028668072074651718,
            0.012194521725177765
        ],
        [
            0.10674898326396942,
            0.01690223440527916,
            0.01846296712756157
        ],
        [
            0.11003264784812927,
            0.01453518494963646,
            0.01396951824426651
        ],
        [
            0.10629342496395111,
            0.02531363070011139,
            0.008775368332862854
        ],
        [
            0.12169069051742554,
            0.01526569202542305,
            -0.0038440972566604614
        ],
        [
            0.12093041092157364,
            0.006911903619766235,
            0.0011729001998901367
        ],
        [
            0.124363474547863,
            -0.004657763987779617,
            -0.0030231624841690063
        ],
        [
            0.1256747841835022,
            0.00280076265335083,
            -0.010480545461177826
        ],
        [
            0.12318243086338043,
            0.022752951830625534,
            -0.0088614821434021
        ],
        [
            0.12911412119865417,
            0.013664670288562775,
            -0.015353381633758545
        ],
        [
            0.13120698928833008,
            0.02439291402697563,
            -0.018925562500953674
        ],
        [
            0.13208454847335815,
            0.04178847745060921,
            -0.024092696607112885
        ],
        [
            0.09760335087776184,
            0.019333072006702423,
            0.027225088328123093
        ],
        [
            0.09449214488267899,
            0.028665997087955475,
            0.02416272461414337
        ],
        [
            0.07923658192157745,
            0.07927461713552475,
            -0.0782465860247612
        ],
        [
            0.07600225508213043,
            0.08089916408061981,
            -0.07337174564599991
        ],
        [
            0.07665670663118362,
            0.07775601744651794,
            -0.0729680135846138
        ],
        [
            0.07949024438858032,
            0.07692085951566696,
            -0.07812180370092392
        ],
        [
            0.07748694717884064,
            0.016378801316022873,
            0.027346644550561905
        ],
        [
            0.07155048102140427,
            0.009048376232385635,
            0.023624129593372345
        ],
        [
            0.07513004541397095,
            0.006209142506122589,
            0.029339205473661423
        ],
        [
            0.08204323053359985,
            0.01217682659626007,
            0.031742677092552185
        ],
        [
            0.07154318690299988,
            0.02192579209804535,
            0.021459419280290604
        ],
        [
            0.06724762916564941,
            0.013287942856550217,
            0.015463560819625854
        ],
        [
            0.07265552878379822,
            0.08188685774803162,
            -0.08910755068063736
        ],
        [
            0.0772579163312912,
            0.08079119026660919,
            -0.08693182468414307
        ],
        [
            0.07569505274295807,
            0.07662387192249298,
            -0.08777043223381042
        ],
        [
            0.07061327248811722,
            0.07658570259809494,
            -0.08894422650337219
        ],
        [
            0.09624945372343063,
            0.04541231691837311,
            -0.05345694720745087
        ],
        [
            0.09274693578481674,
            0.044736433774232864,
            -0.045479666441679
        ],
        [
            0.08647656440734863,
            0.05213652923703194,
            -0.06565037369728088
        ],
        [
            0.08756030350923538,
            0.048908352851867676,
            -0.057697538286447525
        ],
        [
            0.0919194221496582,
            0.046004295349121094,
            -0.06213315576314926
        ],
        [
            0.08972373604774475,
            0.0482289083302021,
            -0.0689065083861351
        ],
        [
            0.07571609318256378,
            0.05036325380206108,
            -0.03711049631237984
        ],
        [
            0.08139975368976593,
            0.04384192079305649,
            -0.029171500355005264
        ],
        [
            0.08423170447349548,
            0.04341477155685425,
            -0.03524155914783478
        ],
        [
            0.07952505350112915,
            0.05061947926878929,
            -0.04491026699542999
        ],
        [
            0.07586836069822311,
            0.048493318259716034,
            -0.01692637801170349
        ],
        [
            0.07040014863014221,
            0.05413726717233658,
            -0.025818319991230965
        ],
        [
            0.06792083382606506,
            0.05604514479637146,
            -0.01780378445982933
        ],
        [
            0.07286781072616577,
            0.05249783769249916,
            -0.012717161327600479
        ],
        [
            0.06287498772144318,
            0.06203087419271469,
            -0.04339877516031265
        ],
        [
            0.05936849117279053,
            0.06477735191583633,
            -0.04830998554825783
        ],
        [
            0.05804874375462532,
            0.06725554168224335,
            -0.04537484422326088
        ],
        [
            0.06136537343263626,
            0.06266400963068008,
            -0.040121085941791534
        ],
        [
            0.07827205955982208,
            0.002379581332206726,
            0.03445323929190636
        ],
        [
            0.08660058677196503,
            0.007591761648654938,
            0.035186756402254105
        ],
        [
            0.04645157605409622,
            0.041388969868421555,
            -0.006141643971204758
        ],
        [
            0.05104905739426613,
            0.04546666890382767,
            0.003247953951358795
        ],
        [
            0.04396945983171463,
            0.054413486272096634,
            -0.0027512386441230774
        ],
        [
            0.04012889787554741,
            0.047546081244945526,
            -0.01163327693939209
        ],
        [
            0.06998870521783829,
            0.0024701207876205444,
            0.0156698040664196
        ],
        [
            0.07163427770137787,
            -0.0005851835012435913,
            0.022725149989128113
        ],
        [
            0.06681254506111145,
            0.08337978273630142,
            -0.08758048713207245
        ],
        [
            0.06503070145845413,
            0.07776422053575516,
            -0.08678083121776581
        ],
        [
            0.12895630300045013,
            0.015036720782518387,
            -0.02857508510351181
        ],
        [
            0.13189257681369781,
            0.03711164742708206,
            -0.03296970576047897
        ],
        [
            0.12473705410957336,
            0.00104575976729393,
            -0.021492913365364075
        ],
        [
            0.12018360197544098,
            -0.007413655519485474,
            -0.014900244772434235
        ],
        [
            0.11899781227111816,
            -0.014136679470539093,
            -0.0083535835146904
        ],
        [
            0.08226079493761063,
            0.05243193358182907,
            -0.056120842695236206
        ],
        [
            0.08971613645553589,
            0.041964128613471985,
            -0.03719446808099747
        ],
        [
            0.08689722418785095,
            0.03888176009058952,
            -0.019241537898778915
        ],
        [
            0.07347996532917023,
            0.05299306660890579,
            0.004836603999137878
        ],
        [
            0.07930999994277954,
            0.047451093792915344,
            0.01166483387351036
        ],
        [
            0.08329087495803833,
            0.04723735153675079,
            0.0017097443342208862
        ],
        [
            0.07693124562501907,
            0.05166948586702347,
            -0.0023464933037757874
        ],
        [
            0.056898441165685654,
            0.05291949212551117,
            0.006538320332765579
        ],
        [
            0.0627111941576004,
            0.05726799741387367,
            0.0030535906553268433
        ],
        [
            0.0578022226691246,
            0.0617101714015007,
            -0.0022142641246318817
        ],
        [
            0.05109106004238129,
            0.05901970714330673,
            0.0006322786211967468
        ],
        [
            0.12198349088430405,
            0.05309271067380905,
            -0.04530802369117737
        ],
        [
            0.11818510293960571,
            0.0337873250246048,
            -0.04825626313686371
        ],
        [
            0.08587975800037384,
            0.022897128015756607,
            0.02819523960351944
        ],
        [
            0.09080856293439865,
            0.017256412655115128,
            0.03057336062192917
        ],
        [
            0.0938844159245491,
            0.01018555462360382,
            0.034284163266420364
        ],
        [
            0.10000838339328766,
            0.030434217303991318,
            -0.00310404971241951
        ],
        [
            0.10802547633647919,
            0.02294733002781868,
            0.00628034770488739
        ],
        [
            0.10996364057064056,
            0.021825477480888367,
            0.0021768733859062195
        ],
        [
            0.10038824379444122,
            0.028346125036478043,
            -0.006914827972650528
        ],
        [
            0.10397806763648987,
            0.031572215259075165,
            -0.01716950535774231
        ],
        [
            0.11222405731678009,
            0.0268222838640213,
            -0.00851554423570633
        ],
        [
            0.10621464252471924,
            0.0408136323094368,
            -0.018017921596765518
        ],
        [
            0.1150992214679718,
            0.010195199400186539,
            0.00889211893081665
        ],
        [
            0.11415664851665497,
            0.006925325840711594,
            0.019692368805408478
        ],
        [
            0.1188458502292633,
            0.0026747621595859528,
            0.01330837607383728
        ],
        [
            0.10749353468418121,
            0.009522642940282822,
            0.026470784097909927
        ],
        [
            0.10045929253101349,
            0.010969743132591248,
            0.03179557994008064
        ],
        [
            0.07209637016057968,
            -0.006344832479953766,
            0.02902311086654663
        ],
        [
            0.12187428772449493,
            -0.001388411968946457,
            0.006696447730064392
        ],
        [
            0.12107285857200623,
            0.056914303451776505,
            -0.018650546669960022
        ],
        [
            0.12404448539018631,
            0.06467436254024506,
            -0.022737445309758186
        ],
        [
            0.116902656853199,
            0.06470473110675812,
            -0.02476578950881958
        ],
        [
            0.11354727298021317,
            0.05752283334732056,
            -0.021760210394859314
        ],
        [
            0.08389541506767273,
            0.04199598357081413,
            -0.07742070406675339
        ],
        [
            0.08885791897773743,
            0.045924726873636246,
            -0.07371160387992859
        ],
        [
            0.09378430992364883,
            0.04238700121641159,
            -0.0665842741727829
        ],
        [
            0.0960083156824112,
            0.03691647946834564,
            0.009293179959058762
        ],
        [
            0.08860325813293457,
            0.03665577247738838,
            0.019599877297878265
        ],
        [
            0.08098847419023514,
            0.05539035052061081,
            -0.06389258056879044
        ],
        [
            0.06960691511631012,
            0.07180362939834595,
            -0.08904223144054413
        ],
        [
            0.07550649344921112,
            0.07210244238376617,
            -0.08792416751384735
        ],
        [
            0.07948797196149826,
            0.0551673024892807,
            -0.08382153511047363
        ],
        [
            0.07263737916946411,
            0.054386820644140244,
            -0.08527729660272598
        ],
        [
            0.07114975899457932,
            0.05883274972438812,
            -0.06668718159198761
        ],
        [
            0.07818590849637985,
            0.05784723162651062,
            -0.06538616120815277
        ],
        [
            0.07614421099424362,
            0.059184856712818146,
            -0.0657944530248642
        ],
        [
            0.0697680115699768,
            0.06120841205120087,
            -0.06535132974386215
        ],
        [
            0.0565139539539814,
            0.0673552006483078,
            -0.03614615276455879
        ],
        [
            0.05950068309903145,
            0.06353332847356796,
            -0.03176369518041611
        ],
        [
            0.06007631868124008,
            0.04036617651581764,
            -0.06530856341123581
        ],
        [
            0.06749895960092545,
            0.033534467220306396,
            -0.07431863248348236
        ],
        [
            0.07390754669904709,
            0.027439052239060402,
            -0.06540770828723907
        ],
        [
            0.07286588102579117,
            0.051744475960731506,
            -0.030305659398436546
        ],
        [
            0.06740027666091919,
            0.057845547795295715,
            -0.036813028156757355
        ],
        [
            0.0655030608177185,
            0.058752015233039856,
            -0.033243559300899506
        ],
        [
            0.07812841236591339,
            0.05497129634022713,
            -0.05644136667251587
        ],
        [
            0.07543756812810898,
            0.057419151067733765,
            -0.06224492937326431
        ],
        [
            0.07319214940071106,
            0.05767077952623367,
            -0.05817839130759239
        ],
        [
            0.07551509886980057,
            0.055237919092178345,
            -0.05162471532821655
        ],
        [
            0.05745076760649681,
            0.03630891069769859,
            0.010295245796442032
        ],
        [
            0.06394371390342712,
            0.04526178538799286,
            0.014245294034481049
        ],
        [
            0.0796942338347435,
            0.07954521477222443,
            -0.0830795094370842
        ],
        [
            0.07911007851362228,
            0.07656718790531158,
            -0.08362313359975815
        ],
        [
            0.07854285836219788,
            0.045338794589042664,
            -0.022668972611427307
        ],
        [
            0.08119896799325943,
            0.020629137754440308,
            -0.054549768567085266
        ],
        [
            0.08470413088798523,
            0.04044218733906746,
            -0.014381136745214462
        ],
        [
            0.04200615733861923,
            0.05457492545247078,
            -0.02982409857213497
        ],
        [
            0.04536886513233185,
            0.06231861189007759,
            -0.02623443864285946
        ],
        [
            0.0448015034198761,
            0.0655938908457756,
            -0.02991565316915512
        ],
        [
            0.04099046438932419,
            0.06202967092394829,
            -0.033660031855106354
        ],
        [
            0.06595505028963089,
            0.07448272407054901,
            -0.06923886388540268
        ],
        [
            0.07168421149253845,
            0.07561937719583511,
            -0.0689588412642479
        ],
        [
            0.07133899629116058,
            0.07860571891069412,
            -0.06969243288040161
        ],
        [
            0.0654037818312645,
            0.07910602539777756,
            -0.07051699608564377
        ],
        [
            0.08333397656679153,
            0.056155718863010406,
            -0.06777926534414291
        ],
        [
            0.08697504550218582,
            0.053183894604444504,
            -0.07216837257146835
        ],
        [
            0.08437928557395935,
            0.0584363229572773,
            -0.07315543293952942
        ],
        [
            0.08041967451572418,
            0.059517115354537964,
            -0.06873279809951782
        ],
        [
            0.08555140346288681,
            0.050898049026727676,
            -0.07745867222547531
        ],
        [
            0.08371126651763916,
            0.05641214922070503,
            -0.07915814220905304
        ],
        [
            0.06106666103005409,
            0.0734148845076561,
            -0.07341865450143814
        ],
        [
            0.06024175137281418,
            0.07260376214981079,
            -0.08093582093715668
        ],
        [
            0.0618579164147377,
            0.05651495233178139,
            -0.07626910507678986
        ],
        [
            0.06356781721115112,
            0.060801517218351364,
            -0.06987199187278748
        ],
        [
            0.06396792829036713,
            0.01303384080529213,
            -0.008341025561094284
        ],
        [
            0.061153288930654526,
            0.017609097063541412,
            0.0015059225261211395
        ],
        [
            0.054672397673130035,
            0.028450410813093185,
            -0.006985422223806381
        ],
        [
            0.047125112265348434,
            0.03862440213561058,
            -0.015141107141971588
        ],
        [
            0.041504234075546265,
            0.04848161339759827,
            -0.02358456887304783
        ],
        [
            0.04257286712527275,
            0.042593374848365784,
            -0.03454666957259178
        ],
        [
            0.05401385575532913,
            0.031090307980775833,
            0.0008250884711742401
        ],
        [
            0.06384799629449844,
            0.0546015128493309,
            -0.06753591448068619
        ],
        [
            0.06322761625051498,
            0.04670029506087303,
            -0.07227291911840439
        ],
        [
            0.06063425540924072,
            0.04861025884747505,
            -0.06788870692253113
        ],
        [
            0.08243004977703094,
            0.04420771077275276,
            -0.008292220532894135
        ],
        [
            0.07943715900182724,
            0.07293597608804703,
            -0.08417844772338867
        ],
        [
            0.0973149910569191,
            -0.01597476750612259,
            -0.012638255953788757
        ],
        [
            0.08588854968547821,
            -0.0147826187312603,
            -0.0047606006264686584
        ],
        [
            0.08481084555387497,
            -0.009409595280885696,
            -0.01175105944275856
        ],
        [
            0.09849464148283005,
            -0.009656388312578201,
            -0.020709022879600525
        ],
        [
            0.07772184163331985,
            0.07550956308841705,
            -0.07265273481607437
        ],
        [
            0.08088868111371994,
            0.07425639778375626,
            -0.07807067036628723
        ],
        [
            0.05640210956335068,
            0.06632371246814728,
            -0.026616867631673813
        ],
        [
            0.05370504781603813,
            0.068909652531147,
            -0.03128040209412575
        ],
        [
            0.05002535134553909,
            0.06953727453947067,
            -0.0293784961104393
        ],
        [
            0.05266677215695381,
            0.06979823112487793,
            -0.02365400455892086
        ],
        [
            0.06113213673233986,
            0.019457731395959854,
            0.007248368114233017
        ],
        [
            0.04212557524442673,
            0.0616675429046154,
            -0.005738046020269394
        ],
        [
            0.03803962096571922,
            0.05543741211295128,
            -0.014244578778743744
        ],
        [
            0.0669059157371521,
            0.008006427437067032,
            0.008497022092342377
        ],
        [
            0.0688973069190979,
            0.003509409725666046,
            -3.2532960176467896e-05
        ],
        [
            0.07214952260255814,
            -0.0031139254570007324,
            0.006401389837265015
        ],
        [
            0.047401055693626404,
            0.04517069831490517,
            -0.04903601482510567
        ],
        [
            0.06592254340648651,
            0.011602804064750671,
            -0.016744263470172882
        ],
        [
            0.07145453244447708,
            0.0020407438278198242,
            -0.0071723610162734985
        ],
        [
            0.07544603198766708,
            -0.00595477968454361,
            0.00017721951007843018
        ],
        [
            0.07744371891021729,
            -0.01177966594696045,
            0.005831487476825714
        ],
        [
            0.07373611629009247,
            -0.007987149059772491,
            0.012099180370569229
        ],
        [
            0.06404377520084381,
            0.07223160564899445,
            -0.08589925616979599
        ],
        [
            0.06023992970585823,
            0.07920844107866287,
            -0.08171547949314117
        ],
        [
            0.07414521276950836,
            -0.01443421095609665,
            0.0185256265103817
        ],
        [
            0.07884262502193451,
            -0.018040865659713745,
            0.011304851621389389
        ],
        [
            0.07582741230726242,
            0.00021921470761299133,
            -0.015161603689193726
        ],
        [
            0.08296768367290497,
            -0.0006570108234882355,
            -0.024983834475278854
        ],
        [
            0.07048341631889343,
            0.009726252406835556,
            -0.02406194433569908
        ],
        [
            0.07666750252246857,
            0.009311512112617493,
            -0.03428597375750542
        ],
        [
            0.0501243881881237,
            0.0373549684882164,
            -0.05635944381356239
        ],
        [
            0.0666666179895401,
            0.09685692191123962,
            -0.077060267329216
        ],
        [
            0.06183481961488724,
            0.086113840341568,
            -0.07675083726644516
        ],
        [
            0.0652608647942543,
            0.0844283252954483,
            -0.07227188348770142
        ],
        [
            0.0672060027718544,
            0.09519395977258682,
            -0.07299216091632843
        ],
        [
            0.06113387644290924,
            0.07936235517263412,
            -0.07464201003313065
        ],
        [
            0.0622086301445961,
            0.08518833667039871,
            -0.0824751928448677
        ],
        [
            0.08915551006793976,
            0.01172727346420288,
            -0.04445813223719597
        ],
        [
            0.06969178467988968,
            0.06029615178704262,
            -0.0634123906493187
        ],
        [
            0.10006751865148544,
            0.0026639550924301147,
            -0.0351182222366333
        ],
        [
            0.10139802098274231,
            0.021476957947015762,
            -0.05419094115495682
        ],
        [
            0.11102676391601562,
            0.016559388488531113,
            -0.04619232192635536
        ],
        [
            0.11271072179079056,
            -0.006400436162948608,
            -0.02515007182955742
        ],
        [
            0.11994144320487976,
            0.007300820201635361,
            -0.03570732846856117
        ],
        [
            0.10924287140369415,
            -0.019095279276371002,
            -0.009754396975040436
        ],
        [
            0.1090875193476677,
            -0.013116896152496338,
            -0.017139919102191925
        ],
        [
            0.12525327503681183,
            0.025088034570217133,
            -0.040920671075582504
        ],
        [
            0.08047197014093399,
