{
    "pred_cam": [
        8.972114562988281,
        0.07817385345697403,
        -0.06502038240432739
    ],
    "pred_mano_params": {
        "global_orient": [
            [
                [
                    0.4498589336872101,
                    -0.5960873961448669,
                    0.6650614142417908
                ],
                [
                    -0.5029653310775757,
                    -0.7844420075416565,
                    -0.3628726005554199
                ],
                [
                    0.7380059361457825,
                    -0.17126134037971497,
                    -0.6526995301246643
                ]
            ]
        ],
        "hand_pose": [
            [
                [
                    0.7784028649330139,
                    -0.5654418468475342,
                    -0.2726984918117523
                ],
                [
                    0.5188133716583252,
                    0.8240134716033936,
                    -0.2276720404624939
                ],
                [
                    0.3534424901008606,
                    0.03574095293879509,
                    0.9347732663154602
                ]
            ],
            [
                [
                    0.6907021999359131,
                    -0.6672946214675903,
                    0.27865463495254517
                ],
                [
                    0.7194714546203613,
                    0.6728914976119995,
                    -0.17198218405246735
                ],
                [
                    -0.0727415382862091,
                    0.319272518157959,
                    0.9448670744895935
                ]
            ],
            [
                [
                    0.710193932056427,
                    -0.7039265632629395,
                    0.0105805154889822
                ],
                [
                    0.703913152217865,
                    0.7097758054733276,
                    -0.026917384937405586
                ],
                [
                    0.011438068933784962,
                    0.026564327999949455,
                    0.9995816349983215
                ]
            ],
            [
                [
                    0.7813483476638794,
                    -0.5873124599456787,
                    -0.21108974516391754
                ],
                [
                    0.586622416973114,
                    0.8065846562385559,
                    -0.07276894152164459
                ],
                [
                    0.2129998505115509,
                    -0.06697208434343338,
                    0.9747542142868042
                ]
            ],
            [
                [
                    0.7897045016288757,
                    -0.5914134979248047,
                    -0.16308559477329254
                ],
                [
                    0.6121863126754761,
                    0.74237060546875,
                    0.2722387909889221
                ],
                [
                    -0.03993576765060425,
                    -0.31482693552970886,
                    0.9483086466789246
                ]
            ],
            [
                [
                    0.8406744003295898,
                    -0.5343133807182312,
                    -0.08817978948354721
                ],
                [
                    0.537964403629303,
                    0.8426597714424133,
                    0.022777436301112175
                ],
                [
                    0.06213527172803879,
                    -0.06658599525690079,
                    0.9958440661430359
                ]
            ],
            [
                [
                    0.5898973941802979,
                    -0.8074782490730286,
                    -3.951918188249692e-06
                ],
                [
                    0.7780817747116089,
                    0.5684206485748291,
                    0.2673700451850891
                ],
                [
                    -0.2158932387828827,
                    -0.15772394835948944,
                    0.9635939598083496
                ]
            ],
            [
                [
                    0.9710204601287842,
                    -0.20851951837539673,
                    -0.11678584665060043
                ],
                [
                    0.21594320237636566,
                    0.9748633503913879,
                    0.05486304685473442
                ],
                [
                    0.102410227060318,
                    -0.07849224656820297,
                    0.9916406273841858
                ]
            ],
            [
                [
                    0.9503300189971924,
                    -0.25179824233055115,
                    0.18294911086559296
                ],
                [
                    0.1830548346042633,
                    0.9275639057159424,
                    0.32575464248657227
                ],
                [
                    -0.25172147154808044,
                    -0.2760847508907318,
                    0.927584707736969
                ]
            ],
            [
                [
                    0.6343117356300354,
                    -0.769106924533844,
                    -0.07825127243995667
                ],
                [
                    0.7645246386528015,
                    0.6390872001647949,
                    -0.08408088237047195
                ],
                [
                    0.1146765723824501,
                    -0.006491539999842644,
                    0.993381679058075
                ]
            ],
            [
                [
                    0.9914825558662415,
                    -0.13022463023662567,
                    0.001998499035835266
                ],
                [
                    0.11918953061103821,
                    0.913437008857727,
                    0.38913586735725403
                ],
                [
                    -0.052500586956739426,
                    -0.38558319211006165,
                    0.9211782813072205
                ]
            ],
            [
                [
                    0.9122864603996277,
                    -0.3868746757507324,
                    -0.1343928575515747
                ],
                [
                    0.4070039987564087,
                    0.892959713935852,
                    0.19227789342403412
                ],
                [
                    0.04561995714902878,
                    -0.23011094331741333,
                    0.9720945954322815
                ]
            ],
            [
                [
                    0.9409642219543457,
                    -0.3149978518486023,
                    0.12394652515649796
                ],
                [
                    0.1757865846157074,
                    0.1417938470840454,
                    -0.9741629958152771
                ],
                [
                    0.2892843782901764,
                    0.9384406208992004,
                    0.1887953281402588
                ]
            ],
            [
                [
                    0.9481486678123474,
                    -0.3065699636936188,
                    -0.08383883535861969
                ],
                [
                    0.2916734516620636,
                    0.7345180511474609,
                    0.6127070188522339
                ],
                [
                    -0.12625642120838165,
                    -0.6053909063339233,
                    0.7858506441116333
                ]
            ],
            [
                [
                    0.9165048599243164,
                    0.376030296087265,
                    -0.13645511865615845
                ],
                [
                    -0.3628825545310974,
                    0.9250854253768921,
                    0.11195211857557297
                ],
                [
                    0.16833001375198364,
                    -0.05308748036623001,
                    0.9843001365661621
                ]
            ]
        ],
        "betas": [
            -0.05887535214424133,
            -0.050571173429489136,
            -0.02799639105796814,
            -0.06267771124839783,
            -0.003828763961791992,
            -0.02392607554793358,
            0.04489237070083618,
            -0.05520102381706238,
            -0.008243203163146973,
            -0.06663665175437927
        ]
    },
    "pred_cam_t": [
        -0.07817385345697403,
        -0.06502038240432739,
        4.353767395019531
    ],
    "focal_length": [
        5000.0,
        5000.0
    ],
    "pred_keypoints_3d": [
        [
            0.09600673615932465,
            0.006399277597665787,
            0.006222289986908436
        ],
        [
            0.11163017153739929,
            0.021375378593802452,
            -0.02581261843442917
        ],
        [
            0.12001331150531769,
            0.05026685446500778,
            -0.03272401541471481
        ],
        [
            0.12217436730861664,
            0.07666365802288055,
            -0.038820087909698486
        ],
        [
            0.12026915699243546,
            0.10502032190561295,
            -0.06144881248474121
        ],
        [
            0.07313582301139832,
            0.04740561544895172,
            -0.07161013036966324
        ],
        [
            0.06261339783668518,
            0.0762244239449501,
            -0.084051713347435
        ],
        [
            0.0714663714170456,
            0.09595729410648346,
            -0.07878249138593674
        ],
        [
            0.08576729893684387,
            0.10657832026481628,
            -0.0612185038626194
        ],
        [
            0.05189990624785423,
            0.056544046849012375,
            -0.06140783056616783
        ],
        [
            0.04261232540011406,
            0.08613476902246475,
            -0.06859273463487625
        ],
        [
            0.051460444927215576,
            0.10722413659095764,
            -0.06384307891130447
        ],
        [
            0.06787537783384323,
            0.12454946339130402,
            -0.05414661020040512
        ],
        [
            0.043642833828926086,
            0.060467351227998734,
            -0.03617088869214058
        ],
        [
            0.04132416099309921,
            0.08886498957872391,
            -0.04153721407055855
        ],
        [
            0.04540933668613434,
            0.1133154109120369,
            -0.03912319988012314
        ],
        [
            0.05455742031335831,
            0.13657522201538086,
            -0.03268401324748993
        ],
        [
            0.04206250607967377,
            0.06469033658504486,
            -0.014725091867148876
        ],
        [
            0.041836727410554886,
            0.08587538450956345,
            -0.013875355012714863
        ],
        [
            0.044756222516298294,
            0.10412749648094177,
            -0.009369606152176857
        ],
        [
            0.05452502518892288,
            0.12104614078998566,
            -0.006689091678708792
        ]
    ],
    "pred_vertices": [
        [
            0.09447210282087326,
            0.04002825915813446,
            -0.03787098824977875
        ],
        [
            0.09885841608047485,
            0.03563309088349342,
            -0.02887749671936035
        ],
        [
            0.10176201164722443,
            0.04227573052048683,
            -0.03211379796266556
        ],
        [
            0.09816275537014008,
            0.04425893351435661,
            -0.043827809393405914
        ],
        [
            0.11373822391033173,
            0.036757078021764755,
            -0.012303601950407028
        ],
        [
            0.1243320107460022,
            0.031203560531139374,
            -0.013284571468830109
        ],
        [
            0.12573830783367157,
            0.04576817899942398,
            -0.01906176283955574
        ],
        [
            0.11680625379085541,
            0.04892595857381821,
            -0.015777066349983215
        ],
        [
            0.10036668181419373,
            0.047767795622348785,
            -0.0475880429148674
        ],
        [
            0.10441380739212036,
            0.04860205948352814,
            -0.03433415666222572
        ],
        [
            0.10184712707996368,
            0.048616766929626465,
            -0.04730968549847603
        ],
        [
            0.09387388825416565,
            0.03993774950504303,
            -0.06279429793357849
        ],
        [
            0.09455076605081558,
            0.043835077434778214,
            -0.059385500848293304
        ],
        [
            0.08705058693885803,
            0.038142502307891846,
            -0.07037129253149033
        ],
        [
            0.09284186363220215,
            0.029705576598644257,
            -0.06174514442682266
        ],
        [
            0.07970432192087173,
            0.032004520297050476,
            -0.07065495103597641
        ],
        [
            0.07013382017612457,
            0.017932388931512833,
            -0.04537124186754227
        ],
        [
            0.06230181083083153,
            0.01981104165315628,
            -0.03404022753238678
        ],
        [
            0.053489066660404205,
            0.0295981764793396,
            -0.045303769409656525
        ],
        [
            0.06273289024829865,
            0.027210043743252754,
            -0.055390018969774246
        ],
        [
            0.048582930117845535,
            0.03347588703036308,
            -0.02527138963341713
        ],
        [
            0.05068352073431015,
            0.03182452917098999,
            -0.036897771060466766
        ],
        [
            0.058777257800102234,
            0.02106722816824913,
            -0.02575089782476425
        ],
        [
            0.05670908838510513,
            0.02326052635908127,
            -0.0158977210521698
        ],
        [
            0.08773558586835861,
            0.0374576672911644,
            -0.02377387508749962
        ],
        [
            0.09276777505874634,
            0.032834600657224655,
            -0.016020718961954117
        ],
        [
            0.09473781287670135,
            0.03214131295681,
            -0.022048156708478928
        ],
        [
            0.0904243141412735,
            0.037151046097278595,
            -0.0289003886282444
        ],
        [
            0.11259374022483826,
            0.054001033306121826,
            -0.04484069347381592
        ],
        [
            0.10963387042284012,
            0.03702526539564133,
            -0.05075079947710037
        ],
        [
            0.10414513945579529,
            0.04246482253074646,
            -0.051136232912540436
        ],
        [
            0.11000923812389374,
            0.05720130354166031,
            -0.04097333550453186
        ],
        [
            0.10365097224712372,
            0.028752245008945465,
            0.011746712028980255
        ],
        [
            0.1069277822971344,
            0.017088647931814194,
            0.017986446619033813
        ],
        [
            0.1100783497095108,
            0.014728732407093048,
            0.013413339853286743
        ],
        [
            0.10603863000869751,
            0.02540832757949829,
            0.00828700140118599
        ],
        [
            0.12107530981302261,
            0.015521582216024399,
            -0.00470985472202301
        ],
        [
            0.12059494107961655,
            0.007156535983085632,
            0.0003649964928627014
        ],
        [
            0.12401589751243591,
            -0.004415757954120636,
            -0.00386723130941391
        ],
        [
            0.1249794214963913,
            0.0029877424240112305,
            -0.01139415055513382
        ],
        [
            0.12226180732250214,
            0.023098763078451157,
            -0.00989493727684021
        ],
        [
            0.1281007081270218,
            0.013908788561820984,
            -0.01644914224743843
        ],
        [
            0.12991732358932495,
            0.02466936782002449,
            -0.020225588232278824
        ],
        [
            0.1304130256175995,
            0.04187813773751259,
            -0.025813333690166473
        ],
        [
            0.09808015078306198,
            0.019482098519802094,
            0.027031514793634415
        ],
        [
            0.09476250410079956,
            0.02873942255973816,
            0.024009447544813156
        ],
        [
            0.07500842958688736,
            0.07788651436567307,
            -0.07929687201976776
        ],
        [
            0.07180796563625336,
            0.07962507009506226,
            -0.07443046569824219
        ],
        [
            0.07261539995670319,
            0.07658527046442032,
            -0.07393703609704971
        ],
        [
            0.07536168396472931,
            0.07559717446565628,
            -0.07907302677631378
        ],
        [
            0.07804517447948456,
            0.016311369836330414,
            0.027861319482326508
        ],
        [
            0.07207547128200531,
            0.008899606764316559,
            0.024409610778093338
        ],
        [
            0.0758768692612648,
            0.006145015358924866,
            0.03001365065574646
        ],
        [
            0.08279246091842651,
            0.012198332697153091,
            0.032125286757946014
        ],
        [
            0.07184872031211853,
            0.021741647273302078,
            0.022143959999084473
        ],
        [
            0.06745356321334839,
            0.013026826083660126,
            0.016379307955503464
        ],
        [
            0.06814085692167282,
            0.07978442311286926,
            -0.09010128676891327
        ],
        [
            0.07282402366399765,
            0.07893960177898407,
            -0.0879865437746048
        ],
        [
            0.07137948274612427,
            0.07470855861902237,
            -0.08858423680067062
        ],
        [
            0.06626813113689423,
            0.07441236078739166,
            -0.0896429568529129
        ],
        [
            0.09367924183607101,
            0.04489241540431976,
            -0.05370555818080902
        ],
        [
            0.09046065807342529,
            0.04425216466188431,
            -0.045577794313430786
        ],
        [
            0.08332788944244385,
            0.05161412060260773,
            -0.06560178846120834
        ],
        [
            0.0848088264465332,
            0.048333898186683655,
            -0.05759381130337715
        ],
        [
            0.08904970437288284,
            0.04544160142540932,
            -0.062163881957530975
        ],
        [
            0.0865311548113823,
            0.04762180149555206,
            -0.06892046332359314
        ],
        [
            0.07367408275604248,
            0.04977257922291756,
            -0.036652542650699615
        ],
        [
            0.07969176024198532,
            0.043368712067604065,
            -0.02887774631381035
        ],
        [
            0.08231767266988754,
            0.0429283082485199,
            -0.03503089398145676
        ],
        [
            0.0772036761045456,
            0.050019778311252594,
            -0.04457048326730728
        ],
        [
            0.07453425228595734,
            0.048040322959423065,
            -0.01650320366024971
        ],
        [
            0.06871038675308228,
            0.053560785949230194,
            -0.025231214240193367
        ],
        [
            0.06648849695920944,
            0.05549168959259987,
            -0.017164573073387146
        ],
        [
            0.07163986563682556,
            0.05203535780310631,
            -0.012229043990373611
        ],
        [
            0.06053278222680092,
            0.06125873327255249,
            -0.042604900896549225
        ],
        [
            0.05685547739267349,
            0.0639500841498375,
            -0.047445137053728104
        ],
        [
            0.055566031485795975,
            0.06640585511922836,
            -0.0444599948823452
        ],
        [
            0.05911105498671532,
            0.061868175864219666,
            -0.03930480778217316
        ],
        [
            0.0792340487241745,
            0.0023924559354782104,
            0.03504041209816933
        ],
        [
            0.08751307427883148,
            0.007695410400629044,
            0.035442136228084564
        ],
        [
            0.045659907162189484,
            0.04069294407963753,
            -0.004664380103349686
        ],
        [
            0.05054452270269394,
            0.04488763213157654,
            0.004500646144151688
        ],
        [
            0.04323585331439972,
            0.05366671830415726,
            -0.0012645330280065536
        ],
        [
            0.03911235183477402,
            0.04672743380069733,
            -0.00994907133281231
        ],
        [
            0.07032588124275208,
            0.0022573322057724,
            0.016577795147895813
        ],
        [
            0.07224324345588684,
            -0.0007268115878105164,
            0.023588035255670547
        ],
        [
            0.06225815415382385,
            0.08113569766283035,
            -0.08851970732212067
        ],
        [
            0.06068580225110054,
            0.07548652589321136,
            -0.08742771297693253
        ],
        [
            0.12751460075378418,
            0.01505621150135994,
            -0.029624588787555695
        ],
        [
            0.13002663850784302,
            0.036965448409318924,
            -0.03454503417015076
        ],
        [
            0.1236933022737503,
            0.0011195950210094452,
            -0.02228221669793129
        ],
        [
            0.11946689337491989,
            -0.007320374250411987,
            -0.015511229634284973
        ],
        [
            0.11858900636434555,
            -0.013992048799991608,
            -0.008918099105358124
        ],
        [
            0.07951615750789642,
            0.051854949444532394,
            -0.055858511477708817
        ],
        [
            0.08774341642856598,
            0.041512634605169296,
            -0.03716785088181496
        ],
        [
            0.08557422459125519,
            0.0385386198759079,
            -0.019122138619422913
        ],
        [
            0.07285046577453613,
            0.05265486612915993,
            0.005263295024633408
        ],
        [
            0.07896405458450317,
            0.04723551869392395,
            0.011918213218450546
        ],
        [
            0.0825939029455185,
            0.04698958992958069,
            0.0018493421375751495
        ],
        [
            0.07605651021003723,
            0.05131644755601883,
            -0.002011924982070923
        ],
        [
            0.0564105361700058,
            0.05242057144641876,
            0.007530190050601959
        ],
        [
            0.062024276703596115,
            0.05679810792207718,
            0.0038222745060920715
        ],
        [
            0.05694280192255974,
            0.061133384704589844,
            -0.0013014301657676697
        ],
        [
            0.0504116415977478,
            0.05838115140795708,
            0.0018072649836540222
        ],
        [
            0.11954548209905624,
            0.05242878198623657,
            -0.047077618539333344
        ],
        [
            0.11595860868692398,
            0.03326161950826645,
            -0.049370381981134415
        ],
        [
            0.08637505769729614,
            0.022917896509170532,
            0.02837124466896057
        ],
        [
            0.09144093096256256,
            0.017358198761940002,
            0.03061855584383011
        ],
        [
            0.09472040086984634,
            0.010364159941673279,
            0.03427648916840553
        ],
        [
            0.09930123388767242,
            0.030360663309693336,
            -0.003384105861186981
        ],
        [
            0.10770726948976517,
            0.023051846772432327,
            0.005770646035671234
        ],
        [
            0.10951288044452667,
            0.021937496960163116,
            0.0016353204846382141
        ],
        [
            0.09957532584667206,
            0.028259407728910446,
            -0.007174670696258545
        ],
        [
            0.10274294018745422,
            0.03156549111008644,
            -0.01773776486515999
        ],
        [
            0.11129651963710785,
            0.02704561874270439,
            -0.009248048067092896
        ],
        [
            0.10483460873365402,
            0.04084870219230652,
            -0.018966160714626312
        ],
        [
            0.11501257121562958,
            0.01042020320892334,
            0.008223138749599457
        ],
        [
            0.11448341608047485,
            0.007224235683679581,
            0.01903781294822693
        ],
        [
            0.11899380385875702,
            0.0029829218983650208,
            0.012542672455310822
        ],
        [
            0.1080360934138298,
            0.009794577956199646,
            0.026013411581516266
        ],
        [
            0.10118751227855682,
            0.011204015463590622,
            0.03156635910272598
        ],
        [
            0.07298467308282852,
            -0.006432265043258667,
            0.029902484267950058
        ],
        [
            0.12182935327291489,
            -0.0010975152254104614,
            0.005871884524822235
        ],
        [
            0.11932720243930817,
            0.05705103278160095,
            -0.0205349363386631
        ],
        [
            0.12192819267511368,
            0.06468494236469269,
            -0.024984097108244896
        ],
        [
            0.11475987732410431,
            0.06452122330665588,
            -0.02681414969265461
        ],
        [
            0.11173995584249496,
            0.05747966468334198,
            -0.02346000075340271
        ],
        [
            0.08053811639547348,
            0.04099394753575325,
            -0.07716096192598343
        ],
        [
            0.08552753180265427,
            0.04515024274587631,
            -0.0736975222826004
        ],
        [
            0.09081657230854034,
            0.041759926825761795,
            -0.0666903406381607
        ],
        [
            0.0956667810678482,
            0.03688256815075874,
            0.009057514369487762
        ],
        [
            0.0886344313621521,
            0.036618709564208984,
            0.019599560648202896
        ],
        [
            0.07782956957817078,
            0.05487602576613426,
            -0.06376459449529648
        ],
        [
            0.06534949690103531,
            0.06969362497329712,
            -0.08956955373287201
        ],
        [
            0.07126583904027939,
            0.07021711766719818,
            -0.08863066136837006
        ],
        [
            0.07553648203611374,
            0.053798429667949677,
            -0.08394286036491394
        ],
        [
            0.06869450211524963,
            0.05279536917805672,
            -0.08512502163648605
        ],
        [
            0.06778853386640549,
            0.05813276767730713,
            -0.0665564015507698
        ],
        [
            0.07485006749629974,
            0.0573495551943779,
            -0.06549398601055145
        ],
        [
            0.07274620980024338,
            0.05865427851676941,
            -0.06602992862462997
        ],
        [
            0.06637086719274521,
            0.0605655238032341,
            -0.06549072265625
        ],
        [
            0.054420050233602524,
            0.06645171344280243,
            -0.03520369902253151
        ],
        [
            0.057551439851522446,
            0.06272932887077332,
            -0.030930545181035995
        ],
        [
            0.057238321751356125,
            0.039366498589515686,
            -0.06414315849542618
        ],
        [
            0.0645211711525917,
            0.03245306387543678,
            -0.07321473211050034
        ],
        [
            0.07123944908380508,
            0.026599794626235962,
            -0.06456809490919113
        ],
        [
            0.07104622572660446,
            0.051167458295822144,
            -0.029774274677038193
        ],
        [
            0.06529944390058517,
            0.05715925991535187,
            -0.03613094985485077
        ],
        [
            0.06351608783006668,
            0.05806121975183487,
            -0.03251887857913971
        ],
        [
            0.07533647119998932,
            0.05433773994445801,
            -0.05608014389872551
        ],
        [
            0.07234042137861252,
            0.05681363493204117,
            -0.06193147599697113
        ],
        [
            0.07030976563692093,
            0.05692311003804207,
            -0.057706285268068314
        ],
        [
            0.07291050255298615,
            0.054545868188142776,
            -0.05118069052696228
        ],
        [
            0.05724919214844704,
            0.03586820885539055,
            0.011382460594177246
        ],
        [
            0.06375763565301895,
            0.04490537568926811,
            0.015035122632980347
        ],
        [
            0.07536837458610535,
            0.07795435190200806,
            -0.08413621038198471
        ],
        [
            0.07488612085580826,
            0.0749722495675087,
            -0.08452344685792923
        ],
        [
            0.07704447209835052,
            0.044879987835884094,
            -0.02230193093419075
        ],
        [
            0.07892627269029617,
            0.01993391290307045,
            -0.05400996655225754
        ],
        [
            0.08353085070848465,
            0.04010754078626633,
            -0.014207039028406143
        ],
        [
            0.040270350873470306,
            0.053667932748794556,
            -0.028235843405127525
        ],
        [
            0.043679624795913696,
            0.0615195631980896,
            -0.024781838059425354
        ],
        [
            0.04301896691322327,
            0.06463345885276794,
            -0.028385600075125694
        ],
        [
            0.03908875957131386,
            0.06103755906224251,
            -0.03195083141326904
        ],
        [
            0.06212956830859184,
            0.07334382086992264,
            -0.06986679136753082
        ],
        [
            0.0678216889500618,
            0.07465171068906784,
            -0.06983563303947449
        ],
        [
            0.06736379861831665,
            0.07742556184530258,
            -0.0705798789858818
        ],
        [
            0.06140272319316864,
            0.0777113288640976,
            -0.0712500736117363
        ],
        [
            0.07992169260978699,
            0.05564085766673088,
            -0.06800701469182968
        ],
        [
            0.08346876502037048,
            0.0525176078081131,
            -0.07238276302814484
        ],
        [
            0.08068710565567017,
            0.05769430100917816,
            -0.07363137602806091
        ],
        [
            0.07688430696725845,
            0.05891333892941475,
            -0.06913771480321884
        ],
        [
            0.08188431710004807,
            0.049982041120529175,
            -0.07760067284107208
        ],
        [
            0.07986657321453094,
            0.05536031723022461,
            -0.07950159907341003
        ],
        [
            0.057169314473867416,
            0.07191517949104309,
            -0.07381800562143326
        ],
        [
            0.056183040142059326,
            0.0706770271062851,
            -0.08125194907188416
        ],
        [
            0.058223605155944824,
            0.05516090244054794,
            -0.07588133960962296
        ],
        [
            0.06005929037928581,
            0.059775859117507935,
            -0.06979172676801682
        ],
        [
            0.06337394565343857,
            0.0125652514398098,
            -0.0072573088109493256
        ],
        [
            0.06084662675857544,
            0.01717410236597061,
            0.0026336461305618286
        ],
        [
            0.05396559089422226,
            0.027866844087839127,
            -0.005695924162864685
        ],
        [
            0.04604962095618248,
            0.0378827229142189,
            -0.01365581899881363
        ],
        [
            0.04004368185997009,
            0.04762905091047287,
            -0.02196633256971836
        ],
        [
            0.04073389992117882,
            0.04168052226305008,
            -0.03291839361190796
        ],
        [
            0.05354245752096176,
            0.03054586425423622,
            0.002097979187965393
        ],
        [
            0.06056491285562515,
            0.05359639227390289,
            -0.06681424379348755
        ],
        [
            0.05997558310627937,
            0.04556681215763092,
            -0.0713992789387703
        ],
        [
            0.05745403468608856,
            0.04754899442195892,
            -0.06689427047967911
        ],
        [
            0.0814252719283104,
            0.04388517886400223,
            -0.00807999074459076
        ],
        [
            0.07524201273918152,
            0.0713515654206276,
            -0.08506325632333755
        ],
        [
            0.09682752192020416,
            -0.016092367470264435,
            -0.012448936700820923
        ],
        [
            0.08568310737609863,
            -0.014956340193748474,
            -0.0042198821902275085
        ],
        [
            0.08430387079715729,
            -0.009657289832830429,
            -0.011199269443750381
        ],
        [
            0.09765491634607315,
            -0.009850334376096725,
            -0.020580921322107315
        ],
        [
            0.07375159114599228,
            0.07451045513153076,
            -0.07369732856750488
        ],
        [
            0.07679704576730728,
            0.07302866876125336,
            -0.07910257577896118
        ],
        [
            0.0546233169734478,
            0.06550601869821548,
            -0.025682883337140083
        ],
        [
            0.05181409418582916,
            0.06797368079423904,
            -0.03021215833723545
        ],
        [
            0.048236649483442307,
            0.06855782866477966,
            -0.02807290107011795
        ],
        [
            0.050998952239751816,
            0.06896193325519562,
            -0.02254479005932808
        ],
        [
            0.06099759787321091,
            0.019058730453252792,
            0.008346594870090485
        ],
        [
            0.04121197387576103,
            0.06075023487210274,
            -0.004116633906960487
        ],
        [
            0.03683590143918991,
            0.054541461169719696,
            -0.012463925406336784
        ],
        [
            0.06693881750106812,
            0.0076996684074401855,
            0.0094827339053154
        ],
        [
            0.06868264079093933,
            0.0031658336520195007,
            0.0009350813925266266
        ],
        [
            0.07222682982683182,
            -0.003366239368915558,
            0.007295694202184677
        ],
        [
            0.045050978660583496,
            0.044215671718120575,
            -0.04753812775015831
        ],
        [
            0.06504782289266586,
            0.011093858629465103,
            -0.015697911381721497
        ],
        [
            0.07100249826908112,
            0.0016732774674892426,
            -0.006265193223953247
        ],
        [
            0.07533139735460281,
            -0.0062131620943546295,
            0.000994224101305008
        ],
        [
            0.07758912444114685,
            -0.011968228965997696,
            0.006615098565816879
        ],
        [
            0.07406647503376007,
            -0.008174009621143341,
            0.012968692928552628
        ],
        [
            0.05987907201051712,
            0.070112444460392,
            -0.08629202097654343
        ],
        [
            0.055970449000597,
            0.07708555459976196,
            -0.08230163902044296
        ],
        [
            0.07476677745580673,
            -0.014566697180271149,
            0.0194205604493618
        ],
        [
            0.07924865931272507,
            -0.01817139983177185,
            0.012081589549779892
        ],
        [
            0.07511485368013382,
            -0.0001544356346130371,
            -0.014369498938322067
        ],
        [
            0.08191666007041931,
            -0.0010491013526916504,
            -0.024401772767305374
        ],
        [
            0.06936729699373245,
            0.009217895567417145,
            -0.023133929818868637
        ],
        [
            0.07519916445016861,
            0.008783448487520218,
            -0.03354412317276001
        ],
        [
            0.04765940457582474,
            0.03632959723472595,
            -0.05482874810695648
        ],
        [
            0.06194288283586502,
            0.09510555863380432,
            -0.0785408467054367
        ],
        [
            0.05744988098740578,
            0.0842997282743454,
            -0.07771187275648117
        ],
        [
            0.06100236624479294,
            0.08289497345685959,
            -0.07324130088090897
        ],
        [
            0.06260907649993896,
            0.09358656406402588,
            -0.07445065677165985
        ],
        [
            0.057036351412534714,
            0.07763457298278809,
            -0.07524982839822769
        ],
        [
            0.057715605944395065,
            0.08310960233211517,
            -0.0833764374256134
        ],
        [
            0.08730009943246841,
            0.011192362755537033,
            -0.044146645814180374
        ],
        [
            0.06651903688907623,
            0.059479258954524994,
            -0.06297534704208374
        ],
        [
            0.09861177206039429,
            0.00230344757437706,
            -0.035101518034935
        ],
        [
            0.09912792593240738,
            0.020863283425569534,
            -0.05446087568998337
        ],
        [
            0.10905834287405014,
            0.016127970069646835,
            -0.04671429842710495
        ],
        [
            0.11165446788072586,
            -0.006510712206363678,
            -0.025478545576334
        ],
        [
            0.11838659644126892,
            0.007104884833097458,
            -0.03637790307402611
        ],
        [
            0.10886086523532867,
            -0.01905982196331024,
            -0.009954109787940979
        ],
        [
            0.10838514566421509,
            -0.013162299990653992,
            -0.017341285943984985
        ],
        [
            0.12334516644477844,
            0.0247667096555233,
            -0.04202435910701752
        ],
        [
            0.07602439075708389,
