{
    "pred_cam": [
        9.626077651977539,
        0.13629184663295746,
        -0.059980399906635284
    ],
    "pred_mano_params": {
        "global_orient": [
            [
                [
                    -0.6768874526023865,
                    0.13751007616519928,
                    0.7231281995773315
                ],
                [
                    -0.7069728374481201,
                    -0.39500707387924194,
                    -0.586650550365448
                ],
                [
                    0.20497044920921326,
                    -0.9083282947540283,
                    0.36459121108055115
                ]
            ]
        ],
        "hand_pose": [
            [
                [
                    0.7611997723579407,
                    -0.5371007919311523,
                    -0.3634522259235382
                ],
                [
                    0.5437886714935303,
                    0.8339904546737671,
                    -0.09356151521205902
                ],
                [
                    0.3533676862716675,
                    -0.1264221966266632,
                    0.9269026517868042
                ]
            ],
            [
                [
                    0.6166785955429077,
                    -0.7471141815185547,
                    0.24804823100566864
                ],
                [
                    0.786827802658081,
                    0.5750943422317505,
                    -0.22398319840431213
                ],
                [
                    0.024689877405762672,
                    0.33329686522483826,
                    0.9424985647201538
                ]
            ],
            [
                [
                    0.8552181720733643,
                    -0.46299654245376587,
                    0.23288626968860626
                ],
                [
                    0.4156661331653595,
                    0.8811527490615845,
                    0.22536952793598175
                ],
                [
                    -0.30955371260643005,
                    -0.09593719244003296,
                    0.9460298418998718
                ]
            ],
            [
                [
                    0.7175329327583313,
                    -0.6011636853218079,
                    -0.35177934169769287
                ],
                [
                    0.6603174209594727,
                    0.7478192448616028,
                    0.0689004510641098
                ],
                [
                    0.22164691984653473,
                    -0.28172439336776733,
                    0.9335438013076782
                ]
            ],
            [
                [
                    0.3157678246498108,
                    -0.9081465601921082,
                    -0.2748825252056122
                ],
                [
                    0.9440348744392395,
                    0.2715885639190674,
                    0.18718384206295013
                ],
                [
                    -0.09533541649580002,
                    -0.31860533356666565,
                    0.9430809617042542
                ]
            ],
            [
                [
                    0.8792353868484497,
                    -0.4669783413410187,
                    0.09421434253454208
                ],
                [
                    0.46752437949180603,
                    0.8838058114051819,
                    0.017557429149746895
                ],
                [
                    -0.09146611392498016,
                    0.028610387817025185,
                    0.9953970909118652
                ]
            ],
            [
                [
                    0.806547999382019,
                    -0.5333162546157837,
                    0.25505703687667847
                ],
                [
                    0.49171900749206543,
                    0.8447157144546509,
                    0.21134759485721588
                ],
                [
                    -0.32816579937934875,
                    -0.04504559189081192,
                    0.9435455203056335
                ]
            ],
            [
                [
                    0.457622766494751,
                    -0.8498795628547668,
                    -0.2613159120082855
                ],
                [
                    0.6599326133728027,
                    0.12769268453121185,
                    0.740394115447998
                ],
                [
                    -0.5958777666091919,
                    -0.511272132396698,
                    0.6192983388900757
                ]
            ],
            [
                [
                    0.8525838851928711,
                    -0.5182833671569824,
                    0.06695576012134552
                ],
                [
                    0.47458237409591675,
                    0.8215218782424927,
                    0.31602755188941956
                ],
                [
                    -0.2187974601984024,
                    -0.23766398429870605,
                    0.9463844895362854
                ]
            ],
            [
                [
                    0.7030314207077026,
                    -0.7010366320610046,
                    -0.11955950409173965
                ],
                [
                    0.700099766254425,
                    0.7117812633514404,
                    -0.05681300163269043
                ],
                [
                    0.12492819875478745,
                    -0.04376225918531418,
                    0.9912001490592957
                ]
            ],
            [
                [
                    0.3326893746852875,
                    -0.9151374697685242,
                    -0.22768692672252655
                ],
                [
                    0.7948954701423645,
                    0.14222343266010284,
                    0.5898420810699463
                ],
                [
                    -0.507404088973999,
                    -0.3772215247154236,
                    0.7747548818588257
                ]
            ],
            [
                [
                    0.901504635810852,
                    -0.431354284286499,
                    0.03496868908405304
                ],
                [
                    0.4269367456436157,
                    0.8996679186820984,
                    0.09122860431671143
                ],
                [
                    -0.07081206142902374,
                    -0.06731359660625458,
                    0.9952157735824585
                ]
            ],
            [
                [
                    0.8017354607582092,
                    0.08077093213796616,
                    -0.5921961665153503
                ],
                [
                    -0.529486358165741,
                    0.5555983185768127,
                    -0.6410574913024902
                ],
                [
                    0.2772443890571594,
                    0.8275182843208313,
                    0.488209992647171
                ]
            ],
            [
                [
                    0.8677168488502502,
                    -0.2970522344112396,
                    -0.3985317349433899
                ],
                [
                    0.47377684712409973,
                    0.7367860078811646,
                    0.48237109184265137
                ],
                [
                    0.15034322440624237,
                    -0.6073765754699707,
                    0.7800580859184265
                ]
            ],
            [
                [
                    0.7643027305603027,
                    -0.6334243416786194,
                    0.12089305371046066
                ],
                [
                    0.6054307818412781,
                    0.6403030753135681,
                    -0.4727214574813843
                ],
                [
                    0.2220250517129898,
                    0.4344945549964905,
                    0.8728799819946289
                ]
            ]
        ],
        "betas": [
            -0.024518802762031555,
            -0.1449224054813385,
            -0.04892560839653015,
            -0.043365150690078735,
            0.04477199912071228,
            -0.027832332998514175,
            0.03847813606262207,
            -0.017214089632034302,
            -0.01389370858669281,
            -0.026807814836502075
        ]
    },
    "pred_cam_t": [
        -0.13629184663295746,
        -0.059980399906635284,
        4.057987213134766
    ],
    "focal_length": [
        5000.0,
        5000.0
    ],
    "pred_keypoints_3d": [
        [
            0.09588578343391418,
            0.006400867365300655,
            0.006228456273674965
        ],
        [
            0.12873363494873047,
            0.014393140561878681,
            0.024768831208348274
        ],
        [
            0.15321706235408783,
            0.03311736881732941,
            0.02505531907081604
        ],
        [
            0.16583174467086792,
            0.055436406284570694,
            0.016126248985528946
        ],
        [
            0.17337948083877563,
            0.08648215234279633,
            0.02796833962202072
        ],
        [
            0.1697215884923935,
            0.058731839060783386,
            0.0003916802816092968
        ],
        [
            0.17934609949588776,
            0.09011945128440857,
            0.004362019710242748
        ],
        [
            0.17366868257522583,
            0.10035233199596405,
            0.02329632267355919
        ],
        [
            0.16778333485126495,
            0.10048289597034454,
            0.047064367681741714
        ],
        [
            0.1573510468006134,
            0.07602900266647339,
            -0.013058461248874664
        ],
        [
            0.16013243794441223,
            0.1064477264881134,
            -0.004233298823237419
        ],
        [
            0.15329700708389282,
            0.10458479821681976,
            0.018026135861873627
        ],
        [
            0.1487659215927124,
            0.09505891799926758,
            0.04137256741523743
        ],
        [
            0.13148115575313568,
            0.08156117796897888,
            -0.016711363568902016
        ],
        [
            0.13684964179992676,
            0.10855565220117569,
            -0.0077123381197452545
        ],
        [
            0.13076619803905487,
            0.10358529537916183,
            0.015899119898676872
        ],
        [
            0.12620848417282104,
            0.09278042614459991,
            0.03842337429523468
        ],
        [
            0.10996251553297043,
            0.08449110388755798,
            -0.014658654108643532
        ],
        [
            0.11549439281225204,
            0.10452711582183838,
            -0.01045832596719265
        ],
        [
            0.11207136511802673,
            0.10270406305789948,
            0.008183375000953674
        ],
        [
            0.10871520638465881,
            0.09178952127695084,
            0.02256477065384388
        ]
    ],
    "pred_vertices": [
        [
            0.13758468627929688,
            0.03769361227750778,
            0.015857607126235962
        ],
        [
            0.12864965200424194,
            0.030713064596056938,
            0.018475711345672607
        ],
        [
            0.136758953332901,
            0.03513690084218979,
            0.019164567813277245
        ],
        [
            0.1452648788690567,
            0.039235129952430725,
            0.018053025007247925
        ],
        [
            0.12772522866725922,
            0.03126197308301926,
            0.03483732044696808
        ],
        [
            0.13143011927604675,
            0.022744687274098396,
            0.04267074912786484
        ],
        [
            0.1454947590827942,
            0.03451927751302719,
            0.03900814801454544
        ],
        [
            0.13949480652809143,
            0.040522992610931396,
            0.033324457705020905
        ],
        [
            0.15192410349845886,
            0.04031498730182648,
            0.01705288700759411
        ],
        [
            0.1436908096075058,
            0.03936350345611572,
            0.019762787967920303
        ],
        [
            0.15376417338848114,
            0.03800799325108528,
            0.012972671538591385
        ],
        [
            0.16431374847888947,
            0.037269145250320435,
            0.007496099919080734
        ],
        [
            0.16064776480197906,
            0.04162367433309555,
            0.013038231991231441
        ],
        [
            0.17041754722595215,
            0.0413573756814003,
            0.003584445221349597
        ],
        [
            0.16247962415218353,
            0.028246570378541946,
            0.0020180786959826946
        ],
        [
            0.16942772269248962,
            0.039534792304039,
            -0.005407755263149738
        ],
        [
            0.14371369779109955,
            0.03188236802816391,
            -0.015006094239652157
        ],
        [
            0.13211333751678467,
            0.03699062019586563,
            -0.019523674622178078
        ],
        [
            0.14221930503845215,
            0.05065532773733139,
            -0.023493021726608276
        ],
        [
            0.15296673774719238,
            0.044596731662750244,
            -0.01764668896794319
        ],
        [
            0.12172432243824005,
            0.05464748293161392,
            -0.0241117961704731
        ],
        [
            0.13352474570274353,
            0.05321120098233223,
            -0.024092786014080048
        ],
        [
            0.12356327474117279,
            0.039144109934568405,
            -0.021358300000429153
        ],
        [
            0.113512322306633,
            0.04128411412239075,
            -0.021368760615587234
        ],
        [
            0.12358906865119934,
            0.03925846517086029,
            0.011698609218001366
        ],
        [
            0.11532706022262573,
            0.03178907558321953,
            0.014910233207046986
        ],
        [
            0.12014375627040863,
            0.029791198670864105,
            0.015894703567028046
        ],
        [
            0.12832093238830566,
            0.03748947009444237,
            0.013182776048779488
        ],
        [
            0.15692868828773499,
            0.03527417778968811,
            0.012362328357994556
        ],
        [
            0.15791352093219757,
            0.02388894185423851,
            0.013316430151462555
        ],
        [
            0.1568697988986969,
            0.03060966357588768,
            0.01066448912024498
        ],
        [
            0.15390484035015106,
            0.039711013436317444,
            0.013058089651167393
        ],
        [
            0.09042272716760635,
            0.02197663113474846,
            0.023960910737514496
        ],
        [
            0.08492708951234818,
            0.009841613471508026,
            0.021750878542661667
        ],
        [
            0.08969961851835251,
            0.0067147016525268555,
            0.023330675438046455
        ],
        [
            0.09373543411493301,
            0.01828635111451149,
            0.024757374078035355
        ],
        [
            0.1103963702917099,
            0.005326647311449051,
            0.03689345717430115
        ],
        [
            0.10395696759223938,
            -0.003019854426383972,
            0.02989422157406807
        ],
        [
            0.10911546647548676,
            -0.01509140059351921,
            0.02584957703948021
        ],
        [
            0.11783417314291,
            -0.008289270102977753,
            0.0302111953496933
        ],
        [
            0.12069137394428253,
            0.014373961836099625,
            0.04172061011195183
        ],
        [
            0.12682625651359558,
            0.0018541477620601654,
            0.03898394852876663
        ],
        [
            0.1382024884223938,
            0.01337023451924324,
            0.041976142674684525
        ],
        [
            0.15170638263225555,
            0.027444632723927498,
            0.0381450317800045
        ],
        [
            0.07503664493560791,
            0.015427500009536743,
            0.01579963229596615
        ],
        [
            0.07748282700777054,
            0.02526365965604782,
            0.017020097002387047
        ],
        [
            0.17710468173027039,
            0.08352383971214294,
            0.016755037009716034
        ],
        [
            0.17142382264137268,
            0.08561649918556213,
            0.015861593186855316
        ],
        [
            0.17131516337394714,
            0.08279550820589066,
            0.014879493974149227
        ],
        [
            0.176949143409729,
            0.08141458034515381,
            0.015837810933589935
        ],
        [
            0.07243752479553223,
            0.022030428051948547,
            -0.0031142644584178925
        ],
        [
            0.07545251399278641,
            0.018639743328094482,
            -0.012122934684157372
        ],
        [
            0.07030535489320755,
            0.014036104083061218,
            -0.009734501130878925
        ],
        [
            0.06875177472829819,
            0.015890561044216156,
            -0.0006444975733757019
        ],
        [
            0.07740648090839386,
            0.030120596289634705,
            -0.006276548840105534
        ],
        [
            0.08289878070354462,
            0.02500315010547638,
            -0.014703024178743362
        ],
        [
            0.18551628291606903,
            0.0904434397816658,
            0.00984986312687397
        ],
        [
            0.18481644988059998,
            0.08707861602306366,
            0.013812841847538948
        ],
        [
            0.1852387636899948,
            0.08429254591464996,
            0.0103691965341568
        ],
        [
            0.1850973516702652,
            0.08678050339221954,
            0.0055882688611745834
        ],
        [
            0.1541515290737152,
            0.043894972652196884,
            0.015977174043655396
        ],
        [
            0.14536890387535095,
            0.04497600346803665,
            0.014834936708211899
        ],
        [
            0.1651919186115265,
            0.05672581493854523,
            0.011906522326171398
        ],
        [
            0.15693801641464233,
            0.052744992077350616,
            0.011781839653849602
        ],
        [
            0.162127286195755,
            0.04807721823453903,
            0.013033563271164894
        ],
        [
            0.16885986924171448,
            0.05185725539922714,
            0.011830508708953857
        ],
        [
            0.1350657194852829,
            0.05806480720639229,
            0.004507324658334255
        ],
        [
            0.1281248927116394,
            0.049001019448041916,
            0.0072251660749316216
        ],
        [
            0.1343345195055008,
            0.047646358609199524,
            0.008772809989750385
        ],
        [
            0.14323899149894714,
            0.05714809149503708,
            0.007131786085665226
        ],
        [
            0.11523699760437012,
            0.05472934618592262,
            0.005749920383095741
        ],
        [
            0.12319266051054001,
            0.06304600089788437,
            0.002770795486867428
        ],
        [
            0.11495976150035858,
            0.06537453085184097,
            0.0022472720593214035
        ],
        [
            0.11062249541282654,
            0.05936761200428009,
            0.005405044183135033
        ],
        [
            0.13964512944221497,
            0.0746566504240036,
            -0.0017956355586647987
        ],
        [
            0.144358828663826,
            0.07848265767097473,
            -0.0033409539610147476
        ],
        [
            0.14124208688735962,
            0.08226492255926132,
            -0.003913523629307747
        ],
        [
            0.13614602386951447,
            0.07600227743387222,
            -0.002685295417904854
        ],
        [
            0.0657292827963829,
            0.008805520832538605,
            -0.008235893212258816
        ],
        [
            0.06603848189115524,
            0.009478546679019928,
            0.0015595220029354095
        ],
        [
            0.10090358555316925,
            0.06082116812467575,
            -0.021692749112844467
        ],
        [
            0.09206955134868622,
            0.061901479959487915,
            -0.014844267629086971
        ],
        [
            0.09687640517950058,
            0.07381957769393921,
            -0.01766303740441799
        ],
        [
            0.10519582033157349,
            0.06947201490402222,
            -0.024686690419912338
        ],
        [
            0.08323094248771667,
            0.014211803674697876,
            -0.017364824190735817
        ],
        [
            0.07651311904191971,
            0.010190621018409729,
            -0.016645245254039764
        ],
        [
            0.18238388001918793,
            0.09415904432535172,
            0.005734813399612904
        ],
        [
            0.18167191743850708,
            0.09023584425449371,
            0.001701884437352419
        ],
        [
            0.14128625392913818,
            0.0028949864208698273,
            0.03302533179521561
        ],
        [
            0.15554004907608032,
            0.02046879008412361,
            0.03322608768939972
        ],
        [
            0.12882205843925476,
            -0.00821150466799736,
            0.026658272370696068
        ],
        [
            0.12003497034311295,
            -0.014526769518852234,
            0.01959223672747612
        ],
        [
            0.1132991686463356,
            -0.02088213711977005,
            0.015820443630218506
        ],
        [
            0.1546715497970581,
            0.05836045369505882,
            0.009363815188407898
        ],
        [
            0.13675251603126526,
            0.04357966035604477,
            0.012337182648479939
        ],
        [
            0.11903256922960281,
            0.04116218164563179,
            0.010675686411559582
        ],
        [
            0.09338979423046112,
            0.05804980546236038,
            0.007956821471452713
        ],
        [
            0.08748288452625275,
            0.04980825260281563,
            0.011190252378582954
        ],
        [
            0.09784077107906342,
            0.04858094081282616,
            0.013480251654982567
        ],
        [
            0.10093560814857483,
            0.055855900049209595,
            0.009562931954860687
        ],
        [
            0.08957848697900772,
            0.06564539670944214,
            -0.006135838106274605
        ],
        [
            0.09380386769771576,
            0.06724945455789566,
            0.00045248866081237793
        ],
        [
            0.09846816211938858,
            0.07466328144073486,
            -0.0025612078607082367
        ],
        [
            0.09465543180704117,
            0.07480167597532272,
            -0.009084708988666534
        ],
        [
            0.1623346209526062,
            0.03169436380267143,
            0.015126307494938374
        ],
        [
            0.15907613933086395,
            0.01867029070854187,
            0.017260614782571793
        ],
        [
            0.07252369076013565,
            0.023823000490665436,
            0.007331661880016327
        ],
        [
            0.07092154771089554,
            0.01642279326915741,
            0.009262088686227798
        ],
        [
            0.06778611987829208,
            0.008513905107975006,
            0.009045075625181198
        ],
        [
            0.10362144559621811,
            0.026235397905111313,
            0.020981494337320328
        ],
        [
            0.09603052586317062,
            0.015744075179100037,
            0.025690704584121704
        ],
        [
            0.0998784601688385,
            0.014425236731767654,
            0.028138542547822
        ],
        [
            0.10626384615898132,
            0.02425561100244522,
            0.021206974983215332
        ],
        [
            0.12030559033155441,
            0.027488697320222855,
            0.024708252400159836
        ],
        [
            0.11487433314323425,
            0.021461470052599907,
            0.034728311002254486
        ],
        [
            0.12960703670978546,
            0.035546593368053436,
            0.023999527096748352
        ],
        [
            0.09521465748548508,
            0.0012545958161354065,
            0.026111960411071777
        ],
        [
            0.08481594920158386,
            -0.0023157522082328796,
            0.023877188563346863
        ],
        [
            0.09174482524394989,
            -0.007611855864524841,
            0.02558986097574234
        ],
        [
            0.07724837213754654,
            0.0024094432592391968,
            0.019848685711622238
        ],
        [
            0.07104157656431198,
            0.00642038881778717,
            0.014902974478900433
        ],
        [
            0.07046214491128922,
            0.004402823746204376,
            -0.018301090225577354
        ],
        [
            0.09878159314393997,
            -0.01203259825706482,
            0.025645777583122253
        ],
        [
            0.1475881040096283,
            0.044612299650907516,
            0.03135061636567116
        ],
        [
            0.15322622656822205,
            0.048030078411102295,
            0.02882796712219715
        ],
        [
            0.14906948804855347,
            0.048372894525527954,
            0.0227100420743227
        ],
        [
            0.14495638012886047,
            0.04503462463617325,
            0.023985106498003006
        ],
        [
            0.17612461745738983,
            0.04890408739447594,
            0.0005279507022351027
        ],
        [
            0.1735503226518631,
            0.05011690780520439,
            0.008163592778146267
        ],
        [
            0.1671845018863678,
            0.043307192623615265,
            0.010423175059258938
        ],
        [
            0.09222692251205444,
            0.033006004989147186,
            0.020557262003421783
        ],
        [
            0.08107135444879532,
            0.03534695878624916,
            0.015074772760272026
        ],
        [
            0.16262944042682648,
            0.062011703848838806,
            0.009250901639461517
        ],
        [
            0.1850746124982834,
            0.08330067247152328,
            0.002361888764426112
        ],
        [
            0.18559256196022034,
            0.08053966611623764,
            0.007777656428515911
        ],
        [
            0.18221686780452728,
            0.06427019834518433,
            0.003307774430140853
        ],
        [
            0.18177127838134766,
            0.06711028516292572,
            -0.003063281998038292
        ],
        [
            0.16390042006969452,
            0.06981369853019714,
            0.002220964292064309
        ],
        [
            0.16413764655590057,
            0.06545939296483994,
            0.00820461567491293
        ],
        [
            0.16421981155872345,
            0.06757653504610062,
            0.0071365623734891415
        ],
        [
            0.1621483564376831,
            0.07238326221704483,
            0.002983316546306014
        ],
        [
            0.13199995458126068,
            0.08247725665569305,
            -0.004780542571097612
        ],
        [
            0.12771429121494293,
            0.07720406353473663,
            -0.003313879482448101
        ],
        [
            0.1608736366033554,
            0.0588749535381794,
            -0.017121348530054092
        ],
        [
            0.17028017342090607,
            0.04976145178079605,
            -0.015380920842289925
        ],
        [
            0.1623983532190323,
            0.03922545909881592,
            -0.013091354630887508
        ],
        [
            0.12796296179294586,
            0.060081593692302704,
            0.0033478746190667152
        ],
        [
            0.1335737556219101,
            0.06853745132684708,
            0.0007424810901284218
        ],
        [
            0.1298159658908844,
            0.07005535066127777,
            -0.00014860834926366806
        ],
        [
            0.15438392758369446,
            0.06251150369644165,
            0.006922614295035601
        ],
        [
            0.1599910408258438,
            0.06626550108194351,
            0.005569235887378454
        ],
        [
            0.1556188017129898,
            0.06721475720405579,
            0.0035034525208175182
        ],
        [
            0.14928001165390015,
            0.0635853186249733,
            0.0050787534564733505
        ],
        [
            0.08621910959482193,
            0.05017896369099617,
            -0.01286686584353447
        ],
        [
            0.08302359282970428,
            0.05481189489364624,
            -0.0027489792555570602
        ],
        [
            0.1818372756242752,
            0.08430548012256622,
            0.016190530732274055
        ],
        [
            0.18212667107582092,
            0.0820310115814209,
            0.01420912891626358
        ],
        [
            0.12130723893642426,
            0.05114571005105972,
            0.006055159494280815
        ],
        [
            0.15246251225471497,
            0.028389904648065567,
            -0.009049254469573498
        ],
        [
            0.11398803442716599,
            0.04322247952222824,
            0.009941508993506432
        ],
        [
            0.12345916777849197,
            0.07683147490024567,
            -0.02281438559293747
        ],
        [
            0.12073229253292084,
            0.08216433227062225,
            -0.01731026917695999
        ],
        [
            0.1240568459033966,
            0.08559998869895935,
            -0.015806075185537338
        ],
        [
            0.1269906908273697,
            0.08436417579650879,
            -0.02074865624308586
        ],
        [
            0.16506415605545044,
            0.08541340380907059,
            0.005306311417371035
        ],
        [
            0.16646409034729004,
            0.0836089551448822,
            0.010745156556367874
        ],
        [
            0.16676965355873108,
            0.08558803796768188,
            0.01150535885244608
        ],
        [
            0.16583643853664398,
            0.08892984688282013,
            0.006570708006620407
        ],
        [
            0.1676403433084488,
            0.06173058971762657,
            0.011064721271395683
        ],
        [
            0.17243891954421997,
            0.057764723896980286,
            0.011512892320752144
        ],
        [
            0.17343701422214508,
            0.0636228546500206,
            0.011677145026624203
        ],
        [
            0.16819968819618225,
            0.06605498492717743,
            0.01008635200560093
        ],
        [
            0.17726737260818481,
            0.056818973273038864,
            0.007638380862772465
        ],
        [
            0.1789088398218155,
            0.06279151141643524,
            0.008497185073792934
        ],
        [
            0.16771313548088074,
            0.08728323876857758,
            -0.00029702845495194197
        ],
        [
            0.17477518320083618,
            0.08781681954860687,
            -0.0031348788179457188
        ],
        [
            0.17033101618289948,
            0.07337293773889542,
            -0.008731022477149963
        ],
        [
            0.1647493541240692,
            0.07552097737789154,
            -0.0035220016725361347
        ],
        [
            0.10592502355575562,
            0.028198841959238052,
            -0.02009700983762741
        ],
        [
            0.09573855251073837,
            0.03272091597318649,
            -0.019373802468180656
        ],
        [
            0.1029929369688034,
            0.04585891216993332,
            -0.020753460004925728
        ],
        [
            0.1097903847694397,
            0.05876241996884346,
            -0.023392098024487495
        ],
        [
            0.11709319800138474,
            0.07073678076267242,
            -0.024733178317546844
        ],
        [
            0.12827655673027039,
            0.06616798043251038,
            -0.027643868699669838
        ],
        [
            0.09518241882324219,
            0.04785986617207527,
            -0.01932503841817379
        ],
        [
            0.16393916308879852,
            0.06953717768192291,
            -0.007661725394427776
        ],
        [
            0.16746379435062408,
            0.0637013167142868,
            -0.012179028242826462
        ],
        [
            0.1636102795600891,
            0.0662473812699318,
            -0.013443036004900932
        ],
        [
            0.10764463245868683,
            0.04712797701358795,
            0.010320455767214298
        ],
        [
            0.18302740156650543,
            0.07897475361824036,
            0.012305773794651031
        ],
        [
            0.11453541368246078,
            -0.012505143880844116,
            -0.0049590966664254665
        ],
        [
            0.1056356281042099,
            -0.006659172475337982,
            -0.01362731121480465
        ],
        [
            0.11219409108161926,
            -0.0009208470582962036,
            -0.012811348773539066
        ],
        [
            0.12212851643562317,
            -0.007139675319194794,
            -0.002004529582336545
        ],
        [
            0.17163008451461792,
            0.08101597428321838,
            0.014874991960823536
        ],
        [
            0.17760615050792694,
            0.07882682979106903,
            0.015554205514490604
        ],
        [
            0.12228220701217651,
            0.08102279901504517,
            -0.004799742251634598
        ],
        [
            0.1268208920955658,
            0.08457586914300919,
            -0.006431189831346273
        ],
        [
            0.1246616542339325,
            0.0864521861076355,
            -0.009430731646716595
        ],
        [
            0.11948113143444061,
            0.08589670807123184,
            -0.007110849022865295
        ],
        [
            0.0900719091296196,
            0.0338759608566761,
            -0.017948705703020096
        ],
        [
            0.10011360794305801,
            0.08209444582462311,
            -0.01766473613679409
        ],
        [
            0.10722530633211136,
            0.07785163074731827,
            -0.02430705353617668
        ],
        [
            0.08980497717857361,
            0.021071866154670715,
            -0.018189620226621628
        ],
        [
            0.09857326000928879,
            0.01689000427722931,
            -0.019440706819295883
        ],
        [
            0.09277108311653137,
            0.009048029780387878,
            -0.019039688631892204
        ],
        [
            0.14310045540332794,
            0.06764766573905945,
            -0.024030916392803192
        ],
        [
            0.11449036002159119,
            0.02673761174082756,
            -0.01996350660920143
        ],
        [
            0.1059722900390625,
            0.015008948743343353,
            -0.01865982823073864
        ],
        [
            0.09937998652458191,
            0.005543641746044159,
            -0.018153037875890732
        ],
        [
            0.09415529668331146,
            -0.000981740653514862,
            -0.018532250076532364
        ],
        [
            0.08742368221282959,
            0.0035564079880714417,
            -0.019337762147188187
        ],
        [
            0.18060889840126038,
            0.08603376895189285,
            -0.0013408702798187733
        ],
        [
            0.17532654106616974,
            0.09316118061542511,
            -0.00034729577600955963
        ],
        [
            0.08125007897615433,
            -0.0028389617800712585,
            -0.021358385682106018
        ],
        [
            0.08904906362295151,
            -0.007610686123371124,
            -0.01968378946185112
        ],
        [
            0.11442627012729645,
            0.012039966881275177,
            -0.016517968848347664
        ],
        [
            0.12436611950397491,
            0.008252903819084167,
            -0.011954165995121002
        ],
        [
            0.1222790852189064,
            0.02357533574104309,
            -0.017666224390268326
        ],
        [
            0.13280591368675232,
            0.020816393196582794,
            -0.013811083510518074
        ],
        [
            0.1509404182434082,
            0.06020470708608627,
            -0.026550352573394775
        ],
        [
            0.17117159068584442,
            0.10375858098268509,
            0.014645837247371674
        ],
        [
            0.1701662242412567,
            0.09706582129001617,
            0.00562720000743866
        ],
        [
            0.16693031787872314,
            0.09325103461742401,
            0.008785884827375412
        ],
        [
            0.16771242022514343,
            0.10151179134845734,
            0.0158226378262043
        ],
        [
            0.16859126091003418,
            0.09177780151367188,
            0.002183627337217331
        ],
        [
            0.17586104571819305,
            0.09711948782205582,
            0.004011368378996849
        ],
        [
            0.1434638798236847,
            0.016101468354463577,
            -0.00487967673689127
        ],
        [
            0.161028191447258,
            0.07132244855165482,
            0.0011943778954446316
        ],
        [
            0.13551852107048035,
            0.0024585016071796417,
            0.001866340171545744
        ],
        [
            0.15596644580364227,
            0.016833007335662842,
            0.0041238535195589066
        ],
        [
            0.15043938159942627,
            0.008391406387090683,
            0.011754831299185753
        ],
        [
            0.12851877510547638,
            -0.010473139584064484,
            0.011055577546358109
        ],
        [
            0.14200139045715332,
            -0.0020692646503448486,
            0.01945440284907818
        ],
        [
            0.11334402859210968,
            -0.020911678671836853,
            0.004305805079638958
        ],
        [
            0.12025800347328186,
            -0.015049263834953308,
            0.006213711574673653
        ],
        [
            0.15343406796455383,
            0.009772613644599915,
            0.024495866149663925
        ],
        [
            0.17408770322799683,
            0.08984090387821198,
