{
    "pred_cam": [
        8.26684284210205,
        0.13384345173835754,
        -0.05940360575914383
    ],
    "pred_mano_params": {
        "global_orient": [
            [
                [
                    -0.6941045522689819,
                    0.1623503416776657,
                    0.7013282179832458
                ],
                [
                    -0.7020873427391052,
                    -0.3679003417491913,
                    -0.6096906661987305
                ],
                [
                    0.15903542935848236,
                    -0.9155827164649963,
                    0.36934542655944824
                ]
            ]
        ],
        "hand_pose": [
            [
                [
                    0.7607917785644531,
                    -0.5243790149688721,
                    -0.3823905885219574
                ],
                [
                    0.5347950458526611,
                    0.8403478264808655,
                    -0.08837317675352097
                ],
                [
                    0.3676821291446686,
                    -0.13726700842380524,
                    0.9197649955749512
                ]
            ],
            [
                [
                    0.5831792950630188,
                    -0.767899751663208,
                    0.26501309871673584
                ],
                [
                    0.8122825026512146,
                    0.547234833240509,
                    -0.20181961357593536
                ],
                [
                    0.009952827356755733,
                    0.3329625129699707,
                    0.942887544631958
                ]
            ],
            [
                [
                    0.8566357493400574,
                    -0.44468674063682556,
                    0.2615892291069031
                ],
                [
                    0.39570048451423645,
                    0.8916531801223755,
                    0.21994487941265106
                ],
                [
                    -0.3310534358024597,
                    -0.08490167558193207,
                    0.9397847652435303
                ]
            ],
            [
                [
                    0.712548017501831,
                    -0.6016272902488708,
                    -0.36099839210510254
                ],
                [
                    0.6659660339355469,
                    0.741881787776947,
                    0.07810704410076141
                ],
                [
                    0.22082677483558655,
                    -0.2960677146911621,
                    0.9292897582054138
                ]
            ],
            [
                [
                    0.3467806279659271,
                    -0.8989623188972473,
                    -0.26760047674179077
                ],
                [
                    0.9335259795188904,
                    0.3031347692012787,
                    0.19141213595867157
                ],
                [
                    -0.0909532681107521,
                    -0.3161900043487549,
                    0.9443259239196777
                ]
            ],
            [
                [
                    0.8900392055511475,
                    -0.43883463740348816,
                    0.12350840866565704
                ],
                [
                    0.43951258063316345,
                    0.8979374170303345,
                    0.02317710407078266
                ],
                [
                    -0.12107373028993607,
                    0.033654969185590744,
                    0.9920728206634521
                ]
            ],
            [
                [
                    0.8085674047470093,
                    -0.5374008417129517,
                    0.23962263762950897
                ],
                [
                    0.4999890923500061,
                    0.8422155380249023,
                    0.20170247554779053
                ],
                [
                    -0.3102090060710907,
                    -0.043281350284814835,
                    0.9496825933456421
                ]
            ],
            [
                [
                    0.48794296383857727,
                    -0.8315044641494751,
                    -0.26554083824157715
                ],
                [
                    0.6604150533676147,
                    0.1527588963508606,
                    0.7351983189582825
                ],
                [
                    -0.5707569718360901,
                    -0.5341020822525024,
                    0.6236757040023804
                ]
            ],
            [
                [
                    0.8534151911735535,
                    -0.5158873796463013,
                    0.07444916665554047
                ],
                [
                    0.46576613187789917,
                    0.8188983201980591,
                    0.3353617191314697
                ],
                [
                    -0.23397517204284668,
                    -0.2515268921852112,
                    0.9391431212425232
                ]
            ],
            [
                [
                    0.7074862122535706,
                    -0.6966052651405334,
                    -0.11918166279792786
                ],
                [
                    0.6947635412216187,
                    0.7164466977119446,
                    -0.06330666691064835
                ],
                [
                    0.129487082362175,
                    -0.03801447153091431,
                    0.9908521175384521
                ]
            ],
            [
                [
                    0.3663043677806854,
                    -0.9040793180465698,
                    -0.22013993561267853
                ],
                [
                    0.788080632686615,
                    0.17564727365970612,
                    0.5899804830551147
                ],
                [
                    -0.49472224712371826,
                    -0.3896004259586334,
                    0.7768277525901794
                ]
            ],
            [
                [
                    0.9016999006271362,
                    -0.42833009362220764,
                    0.05891209468245506
                ],
                [
                    0.42054814100265503,
                    0.9005159139633179,
                    0.11050040274858475
                ],
                [
                    -0.10038191825151443,
                    -0.07486283034086227,
                    0.9921285510063171
                ]
            ],
            [
                [
                    0.7879406809806824,
                    0.06969541311264038,
                    -0.611794114112854
                ],
                [
                    -0.5443527102470398,
                    0.5432389974594116,
                    -0.63919597864151
                ],
                [
                    0.2878014147281647,
                    0.8366802930831909,
                    0.4659789800643921
                ]
            ],
            [
                [
                    0.8643487095832825,
                    -0.30195584893226624,
                    -0.40214911103248596
                ],
                [
                    0.47930604219436646,
                    0.7366767525672913,
                    0.4770462214946747
                ],
                [
                    0.15220700204372406,
                    -0.6050868034362793,
                    0.7814748287200928
                ]
            ],
            [
                [
                    0.7249407172203064,
                    -0.6754257678985596,
                    0.13513299822807312
                ],
                [
                    0.6548613905906677,
                    0.6149856448173523,
                    -0.43925973773002625
                ],
                [
                    0.21358251571655273,
                    0.4069306552410126,
                    0.8881383538246155
                ]
            ]
        ],
        "betas": [
            -0.030558407306671143,
            -0.12410399317741394,
            -0.05290406942367554,
            -0.024172335863113403,
            0.0496174693107605,
            -0.030667666345834732,
            0.04989853501319885,
            -0.02125227451324463,
            -0.006815105676651001,
            -0.030048072338104248
        ]
    },
    "pred_cam_t": [
        -0.13384345173835754,
        -0.05940360575914383,
        4.725201606750488
    ],
    "focal_length": [
        5000.0,
        5000.0
    ],
    "pred_keypoints_3d": [
        [
            0.09591712802648544,
            0.006402105093002319,
            0.006222687661647797
        ],
        [
            0.1282499134540558,
            0.013273203745484352,
            0.026122024282813072
        ],
        [
            0.15268953144550323,
            0.03205258399248123,
            0.027241911739110947
        ],
        [
            0.16531983017921448,
            0.05460457503795624,
            0.018911823630332947
        ],
        [
            0.17279556393623352,
            0.08476326614618301,
            0.03256959840655327
        ],
        [
            0.1707513928413391,
            0.057718150317668915,
            0.004572222474962473
        ],
        [
            0.18037867546081543,
            0.08900143206119537,
            0.00938897393643856
        ],
        [
            0.17430871725082397,
            0.09795139729976654,
            0.02885075844824314
        ],
        [
            0.16874009370803833,
            0.09659657627344131,
            0.05263974890112877
        ],
        [
            0.15908633172512054,
            0.07563187181949615,
            -0.008730887435376644
        ],
        [
            0.16185396909713745,
            0.10562805086374283,
            0.0014276867732405663
        ],
        [
            0.1545945256948471,
            0.10365600883960724,
            0.02353924885392189
        ],
        [
            0.15021444857120514,
            0.09469659626483917,
            0.047149382531642914
        ],
        [
            0.13341613113880157,
            0.0816883072257042,
            -0.013061944395303726
        ],
        [
            0.13891254365444183,
            0.108367919921875,
            -0.0032540373504161835
        ],
        [
            0.13199248909950256,
            0.1038728728890419,
            0.020218484103679657
        ],
        [
            0.12719577550888062,
            0.09346550703048706,
            0.042840734124183655
        ],
        [
            0.11187395453453064,
            0.08489702641963959,
            -0.011628322303295135
        ],
        [
            0.11717924475669861,
            0.1048213392496109,
            -0.0066822306253015995
        ],
        [
            0.11313407123088837,
            0.10311747342348099,
            0.011843947693705559
        ],
        [
            0.10975133627653122,
            0.09210142493247986,
            0.02619781531393528
        ]
    ],
    "pred_vertices": [
        [
            0.1376803070306778,
            0.03663455694913864,
            0.01820688508450985
        ],
        [
            0.12847231328487396,
            0.0296322088688612,
            0.020245224237442017
        ],
        [
            0.13648992776870728,
            0.033955156803131104,
            0.02113189734518528
        ],
        [
            0.14523333311080933,
            0.037971850484609604,
            0.020608771592378616
        ],
        [
            0.12693196535110474,
            0.030059630051255226,
            0.036328092217445374
        ],
        [
            0.13037225604057312,
            0.021400200203061104,
            0.04413607716560364
        ],
        [
            0.14457303285598755,
            0.033239953219890594,
            0.04101386293768883
        ],
        [
            0.13871127367019653,
            0.03933149203658104,
            0.03521919995546341
        ],
        [
            0.1518414318561554,
            0.03900618106126785,
            0.019729727879166603
        ],
        [
            0.14338068664073944,
            0.03813587874174118,
            0.021935923025012016
        ],
        [
            0.15368762612342834,
            0.036836281418800354,
            0.015510475262999535
        ],
        [
            0.16463623940944672,
            0.036085836589336395,
            0.010625980794429779
        ],
        [
            0.16087451577186584,
            0.0403255820274353,
            0.016233980655670166
        ],
        [
            0.1710251122713089,
            0.04022261127829552,
            0.007136442232877016
        ],
        [
            0.16289867460727692,
            0.027279486879706383,
            0.00483732670545578
        ],
        [
            0.17032188177108765,
            0.03868895769119263,
            -0.0019155493937432766
        ],
        [
            0.14487549662590027,
            0.03176426142454147,
            -0.012574868276715279
        ],
        [
            0.13350063562393188,
            0.03721226751804352,
            -0.017324931919574738
        ],
        [
            0.14395484328269958,
            0.050842151045799255,
            -0.020519927144050598
        ],
        [
            0.15440985560417175,
            0.04441480338573456,
            -0.014502540230751038
        ],
        [
            0.12351422011852264,
            0.055171966552734375,
            -0.021672163158655167
        ],
        [
            0.1353023648262024,
            0.05354735255241394,
            -0.021316323429346085
        ],
        [
            0.1250372976064682,
            0.03956227749586105,
            -0.019376404583454132
        ],
        [
            0.11501452326774597,
            0.04186338186264038,
            -0.019654247909784317
        ],
        [
            0.12391704320907593,
            0.038620203733444214,
            0.013689282350242138
        ],
        [
            0.11542695760726929,
            0.03113962709903717,
            0.016398631036281586
        ],
        [
            0.12014791369438171,
            0.028961066156625748,
            0.017474057152867317
        ],
        [
            0.12855643033981323,
            0.036695696413517,
            0.015269039198756218
        ],
        [
            0.15666815638542175,
            0.034284934401512146,
            0.014685924164950848
        ],
        [
            0.15777622163295746,
            0.022787701338529587,
            0.015630671754479408
        ],
        [
            0.15684914588928223,
            0.02950870431959629,
            0.01311878114938736
        ],
        [
            0.1536191999912262,
            0.03869336470961571,
            0.015369797125458717
        ],
        [
            0.0900740846991539,
            0.02149232104420662,
            0.02427641674876213
        ],
        [
            0.08446741104125977,
            0.00951792299747467,
            0.02149239182472229
        ],
        [
            0.08914215117692947,
            0.006264157593250275,
            0.02313533052802086
        ],
        [
            0.09330756217241287,
            0.017712604254484177,
            0.02508562058210373
        ],
        [
            0.10936439037322998,
            0.0042280107736587524,
            0.03740778565406799
        ],
        [
            0.10305376350879669,
            -0.0038649514317512512,
            0.02991471439599991
        ],
        [
            0.10817055404186249,
            -0.015865374356508255,
            0.025642262771725655
        ],
        [
            0.11685145646333694,
            -0.009263895452022552,
            0.03055180422961712
        ],
        [
            0.11959277093410492,
            0.013087369501590729,
            0.042753469198942184
        ],
        [
            0.12571120262145996,
            0.00059548020362854,
            0.03990401700139046
        ],
        [
            0.13716286420822144,
            0.012034345418214798,
            0.04348684847354889
        ],
        [
            0.1508600115776062,
            0.026212498545646667,
            0.04024498537182808
        ],
        [
            0.07487171143293381,
            0.015454590320587158,
            0.015382502228021622
        ],
        [
            0.07742539048194885,
            0.025213226675987244,
            0.01700275018811226
        ],
        [
            0.17787368595600128,
            0.0816151574254036,
            0.021407734602689743
        ],
        [
            0.17218956351280212,
            0.08375199139118195,
            0.020537592470645905
        ],
        [
            0.17206580936908722,
            0.08122164011001587,
            0.01947820372879505
        ],
        [
            0.17770671844482422,
            0.07975630462169647,
            0.020468425005674362
        ],
        [
            0.0730181559920311,
            0.022707857191562653,
            -0.003404298797249794
        ],
        [
            0.07629432529211044,
            0.019553549587726593,
            -0.01241886056959629
        ],
        [
            0.07099758088588715,
            0.014960788190364838,
            -0.010351123288273811
        ],
        [
            0.06915509700775146,
            0.01655198633670807,
            -0.001256546936929226
        ],
        [
            0.07821353524923325,
            0.030813634395599365,
            -0.00613896269351244
        ],
        [
            0.0839233249425888,
            0.02587517350912094,
            -0.014547298662364483
        ],
        [
            0.1864083856344223,
            0.088933065533638,
            0.015053922310471535
        ],
        [
            0.18562835454940796,
            0.08535086363554001,
            0.018809696659445763
        ],
        [
            0.18612100183963776,
            0.0828593522310257,
            0.015303270891308784
        ],
        [
            0.18608009815216064,
            0.08559276163578033,
            0.010662459768354893
        ],
        [
            0.15435799956321716,
            0.042610086500644684,
            0.01908906362950802
        ],
        [
            0.1456567645072937,
            0.04387013241648674,
            0.017716608941555023
        ],
        [
            0.16589273512363434,
            0.05543243885040283,
            0.01589423045516014
        ],
        [
            0.15748871862888336,
            0.0515645407140255,
            0.015331722795963287
        ],
        [
            0.16257423162460327,
            0.04677967727184296,
            0.01660330593585968
        ],
        [
            0.16948094964027405,
            0.05052170902490616,
            0.015750853344798088
        ],
        [
            0.13593314588069916,
            0.0574677437543869,
            0.007486335467547178
        ],
        [
            0.12876130640506744,
            0.04843845218420029,
            0.009683111682534218
        ],
        [
            0.13489529490470886,
            0.04692921042442322,
            0.011391948908567429
        ],
        [
            0.1440047323703766,
            0.05633645877242088,
            0.010355480946600437
        ],
        [
            0.1160070151090622,
            0.05441538989543915,
            0.007965363562107086
        ],
        [
            0.12419050186872482,
            0.06269314885139465,
            0.005519700236618519
        ],
        [
            0.11601052433252335,
            0.06517185270786285,
            0.004804179072380066
        ],
        [
            0.11147463321685791,
            0.059138622134923935,
            0.007617419585585594
        ],
        [
            0.1409885287284851,
            0.07415533810853958,
            0.0018832520581781864
        ],
        [
            0.14583268761634827,
            0.07791078090667725,
            0.0006771637126803398
        ],
        [
            0.14275893568992615,
            0.08184407651424408,
            9.156391024589539e-05
        ],
        [
            0.13752484321594238,
            0.07560878992080688,
            0.0009256238117814064
        ],
        [
            0.0662919282913208,
            0.009760461747646332,
            -0.00917634554207325
        ],
        [
            0.06626912206411362,
            0.01011718064546585,
            0.0006488999351859093
        ],
        [
            0.10270418226718903,
            0.06160014867782593,
            -0.019742824137210846
        ],
        [
            0.09365365654230118,
            0.06260854005813599,
            -0.013164348900318146
        ],
        [
            0.09871266037225723,
            0.07450084388256073,
            -0.015424755401909351
        ],
        [
            0.10721667110919952,
            0.07025747001171112,
            -0.022301161661744118
        ],
        [
            0.08418887853622437,
            0.015167266130447388,
            -0.017549758777022362
        ],
        [
            0.0773879736661911,
            0.011236675083637238,
            -0.017180185765028
        ],
        [
            0.18335400521755219,
            0.09287256747484207,
            0.011091485619544983
        ],
        [
            0.18276311457157135,
            0.089287169277668,
            0.006870964542031288
        ],
        [
            0.14046725630760193,
            0.0016881227493286133,
            0.034443873912096024
        ],
        [
            0.15483799576759338,
            0.019270438700914383,
            0.03534148633480072
        ],
        [
            0.1280461698770523,
            -0.00919414684176445,
            0.027396107092499733
        ],
        [
            0.11937214434146881,
            -0.015246495604515076,
            0.01980745978653431
        ],
        [
            0.11263921856880188,
            -0.02141355723142624,
            0.01556455809623003
        ],
        [
            0.15540151298046112,
            0.057286035269498825,
            0.013038117438554764
        ],
        [
            0.13711866736412048,
            0.0426996648311615,
            0.01489976979792118
        ],
        [
            0.11942945420742035,
            0.040637824684381485,
            0.01257873885333538
        ],
        [
            0.09413556754589081,
            0.058025360107421875,
            0.009555228985846043
        ],
        [
            0.0879945158958435,
            0.049779828637838364,
            0.012316194362938404
        ],
        [
            0.0982527807354927,
            0.04831415042281151,
            0.014915831387043
        ],
        [
            0.10159250348806381,
            0.05565812438726425,
            0.01134261954575777
        ],
        [
            0.09091880917549133,
            0.06611782312393188,
            -0.004412630572915077
        ],
        [
            0.09494329988956451,
            0.06744632869958878,
            0.002367982640862465
        ],
        [
            0.09981991350650787,
            0.07486195862293243,
            -0.00024280138313770294
        ],
        [
            0.0962195098400116,
            0.07525823265314102,
            -0.006890112534165382
        ],
        [
            0.1619991958141327,
            0.03070647642016411,
            0.01751747354865074
        ],
        [
            0.15880316495895386,
            0.017545543611049652,
            0.01948540471494198
        ],
        [
            0.07277719676494598,
            0.024163998663425446,
            0.007098646834492683
        ],
        [
            0.07099588960409164,
            0.016728967428207397,
            0.008736773394048214
        ],
        [
            0.06775155663490295,
            0.008879683911800385,
            0.008159317076206207
        ],
        [
            0.10344439744949341,
            0.025592297315597534,
            0.021912312135100365
        ],
        [
            0.09553910046815872,
            0.015097599476575851,
            0.026033343747258186
        ],
        [
            0.09928794950246811,
            0.01363452896475792,
            0.028592228889465332
        ],
        [
            0.1060437560081482,
            0.02351931855082512,
            0.02218387834727764
        ],
        [
            0.11984538286924362,
            0.02637537382543087,
            0.026045646518468857
        ],
        [
            0.11406569182872772,
            0.020280124619603157,
            0.03578806668519974
        ],
        [
            0.12912610173225403,
            0.03443293273448944,
            0.025604020804166794
        ],
        [
            0.09449173510074615,
            0.0006342977285385132,
            0.02594118006527424
        ],
        [
            0.08410850167274475,
            -0.0027046799659729004,
            0.023211149498820305
        ],
        [
            0.0909026563167572,
            -0.008160077035427094,
            0.02499161846935749
        ],
        [
            0.07674901932477951,
            0.0022714436054229736,
            0.019086206331849098
        ],
        [
            0.07077828794717789,
            0.006541579961776733,
            0.014056247659027576
        ],
        [
            0.0713074654340744,
            0.005602717399597168,
            -0.01921994984149933
        ],
        [
            0.09787249565124512,
            -0.012682981789112091,
            0.025157131254673004
        ],
        [
            0.14681275188922882,
            0.04343442618846893,
            0.03352949023246765
        ],
        [
            0.15244142711162567,
            0.04687231779098511,
            0.031224440783262253
        ],
        [
            0.14842969179153442,
            0.047272585332393646,
            0.024997107684612274
        ],
        [
            0.1443740427494049,
            0.0439131036400795,
            0.026092180982232094
        ],
        [
            0.1769966036081314,
            0.04782944545149803,
            0.004485293757170439
        ],
        [
            0.17424707114696503,
            0.04883681982755661,
            0.012120440602302551
        ],
        [
            0.16761097311973572,
            0.042006831616163254,
            0.013955509290099144
        ],
        [
            0.09215857833623886,
            0.032608192414045334,
            0.02129092812538147
        ],
        [
            0.08123304694890976,
            0.03530135750770569,
            0.015512283891439438
        ],
        [
            0.1634724885225296,
            0.06081918254494667,
            0.01333872601389885
        ],
        [
            0.18613103032112122,
            0.08224135637283325,
            0.007379976566880941
        ],
        [
            0.18652774393558502,
            0.07928057014942169,
            0.012702176347374916
        ],
        [
            0.1832234412431717,
            0.0631917417049408,
            0.007821486331522465
        ],
        [
            0.18291440606117249,
            0.06620147824287415,
            0.001506241038441658
        ],
        [
            0.16498291492462158,
            0.06879913806915283,
            0.00655105896294117
        ],
        [
            0.16504645347595215,
            0.06429067254066467,
            0.012425778433680534
        ],
        [
            0.1651335507631302,
            0.0664389580488205,
            0.011394785717129707
        ],
        [
            0.16314682364463806,
            0.07134893536567688,
            0.007300595752894878
        ],
        [
            0.13353624939918518,
            0.08224961161613464,
            -0.0011134534142911434
        ],
        [
            0.1291273534297943,
            0.07698096334934235,
            5.039852112531662e-05
        ],
        [
            0.16248658299446106,
            0.05854569002985954,
            -0.013258295133709908
        ],
        [
            0.171663299202919,
            0.049216557294130325,
            -0.011494427919387817
        ],
        [
            0.16357937455177307,
            0.03872939944267273,
            -0.009797346778213978
        ],
        [
            0.1288989633321762,
            0.059634532779455185,
            0.00615699402987957
        ],
        [
            0.1347278505563736,
            0.0680755153298378,
            0.004012830555438995
        ],
        [
            0.13101892173290253,
            0.06968553364276886,
            0.003049202263355255
        ],
        [
            0.1552516669034958,
            0.061513565480709076,
            0.01071886345744133
        ],
        [
            0.16097413003444672,
            0.06520330905914307,
            0.009705280885100365
        ],
        [
            0.15667389333248138,
            0.06630024313926697,
            0.007471053395420313
        ],
        [
            0.15021392703056335,
            0.06273814290761948,
            0.008712541311979294
        ],
        [
            0.08756399154663086,
            0.05092960596084595,
            -0.01177731528878212
        ],
        [
            0.08408792316913605,
            0.05529355630278587,
            -0.001606222242116928
        ],
        [
            0.18261884152889252,
            0.0824357122182846,
            0.02097582444548607
        ],
        [
            0.18293121457099915,
            0.08043604344129562,
            0.01897944137454033
        ],
        [
            0.12201394140720367,
            0.050726793706417084,
            0.008356286212801933
        ],
        [
            0.15335150063037872,
            0.02792654186487198,
            -0.00643870048224926
        ],
        [
            0.11444014310836792,
            0.042802367359399796,
            0.011742506176233292
        ],
        [
            0.12553493678569794,
            0.07726728916168213,
            -0.01959199272096157
        ],
        [
            0.12267926335334778,
            0.08250892907381058,
            -0.014013847336173058
        ],
        [
            0.12602514028549194,
            0.08582881093025208,
            -0.012343386188149452
        ],
        [
            0.12912026047706604,
            0.08466797322034836,
            -0.01723034307360649
        ],
        [
            0.16599075496196747,
            0.08428296446800232,
            0.009987322613596916
        ],
        [
            0.167281374335289,
            0.08231217414140701,
            0.015404780395328999
        ],
        [
            0.16757947206497192,
            0.08416479080915451,
            0.016126181930303574
        ],
        [
            0.16674722731113434,
            0.08773816376924515,
            0.01132267527282238
        ],
        [
            0.16847431659698486,
            0.06047293543815613,
            0.015255998820066452
        ],
        [
            0.17322185635566711,
            0.05645206198096275,
            0.01568850502371788
        ],
        [
            0.1742706298828125,
            0.062341298907995224,
            0.01601335220038891
        ],
        [
            0.16906282305717468,
            0.06482991576194763,
            0.01438496820628643
        ],
        [
            0.17812810838222504,
            0.0555976964533329,
            0.011862457729876041
        ],
        [
            0.17980274558067322,
            0.061582159250974655,
            0.012906957417726517
        ],
        [
            0.1687576174736023,
            0.0863586813211441,
            0.004491185769438744
        ],
        [
            0.17591625452041626,
            0.08701896667480469,
            0.0018325414275750518
        ],
        [
            0.17157591879367828,
            0.07264018058776855,
            -0.004251152742654085
        ],
        [
            0.16586513817310333,
            0.07464549690485,
            0.0008952571079134941
        ],
        [
            0.1071862056851387,
            0.028867140412330627,
            -0.01906445249915123
        ],
        [
            0.09704270213842392,
            0.03353044390678406,
            -0.018537094816565514
        ],
        [
            0.10454106330871582,
            0.04658808931708336,
            -0.019243674352765083
        ],
        [
            0.11161679029464722,
            0.05945398658514023,
            -0.021216202527284622
        ],
        [
            0.11914058774709702,
            0.07133790850639343,
            -0.021893853321671486
        ],
        [
            0.13035202026367188,
            0.06667435169219971,
            -0.0245848149061203
        ],
        [
            0.09671053290367126,
            0.048670265823602676,
            -0.018007973209023476
        ],
        [
            0.16541478037834167,
            0.06885749846696854,
            -0.0033755009062588215
        ],
        [
            0.1688922494649887,
            0.06309732794761658,
            -0.007991677150130272
        ],
        [
            0.16521191596984863,
            0.06579039245843887,
            -0.009271720424294472
        ],
        [
            0.10814276337623596,
            0.04679809883236885,
            0.01203241664916277
        ],
        [
            0.1838570535182953,
            0.077580027282238,
            0.01715279370546341
        ],
        [
            0.11470234394073486,
            -0.012440547347068787,
            -0.004923836328089237
        ],
        [
            0.10616794228553772,
            -0.006183266639709473,
            -0.01371939666569233
        ],
        [
            0.11278820782899857,
            -0.0005815774202346802,
            -0.01249290257692337
        ],
        [
            0.12229493260383606,
            -0.007287338376045227,
            -0.0015192879363894463
        ],
        [
            0.17238624393939972,
            0.07959252595901489,
            0.019576789811253548
        ],
        [
            0.17835411429405212,
            0.07735460251569748,
            0.020288627594709396
        ],
        [
            0.12380243092775345,
            0.08093705028295517,
            -0.001506417989730835
        ],
        [
            0.12844248116016388,
            0.08448737114667892,
            -0.0028900145553052425
        ],
        [
            0.1264086663722992,
            0.08650194853544235,
            -0.005922241136431694
        ],
        [
            0.12112438678741455,
            0.08594698458909988,
            -0.00377071276307106
        ],
        [
            0.09134028106927872,
            0.034732211381196976,
            -0.017260709777474403
        ],
        [
            0.1020309180021286,
            0.0826658084988594,
            -0.015096087008714676
        ],
        [
            0.10933895409107208,
            0.07857263833284378,
            -0.021609991788864136
        ],
        [
            0.09089262783527374,
            0.021944299340248108,
            -0.01793241687119007
        ],
        [
            0.09964313358068466,
            0.01766061782836914,
            -0.019017845392227173
        ],
        [
            0.0937110036611557,
            0.009903669357299805,
            -0.019067887216806412
        ],
        [
            0.14507493376731873,
            0.06782402098178864,
            -0.02044299617409706
        ],
        [
            0.1157291904091835,
            0.027262773364782333,
            -0.018686210736632347
        ],
        [
            0.10699121654033661,
            0.01563344895839691,
            -0.018045350909233093
        ],
        [
            0.10024117678403854,
            0.006261058151721954,
            -0.018066953867673874
        ],
        [
            0.09493348002433777,
            -0.00016134977340698242,
            -0.018833264708518982
        ],
        [
            0.08829512447118759,
            0.004512302577495575,
            -0.019723929464817047
        ],
        [
            0.18174505233764648,
            0.08514665067195892,
            0.0036746072582900524
        ],
        [
            0.17643515765666962,
            0.09232626110315323,
            0.004811130464076996
        ],
        [
            0.08209675550460815,
            -0.0017140582203865051,
            -0.022152554243803024
        ],
        [
            0.08977043628692627,
            -0.0066639333963394165,
            -0.02037048526108265
        ],
        [
            0.11533166468143463,
            0.012459516525268555,
            -0.015713082626461983
        ],
        [
            0.12507450580596924,
            0.008363470435142517,
            -0.010915499180555344
        ],
        [
            0.12339827418327332,
            0.02390207350254059,
            -0.016223587095737457
        ],
        [
            0.1337566077709198,
            0.020846117287874222,
            -0.012095586396753788
        ],
        [
            0.15289869904518127,
            0.060356505215168,
            -0.02298617549240589
        ],
        [
            0.1718970239162445,
            0.10183486342430115,
            0.02036086842417717
        ],
        [
            0.17105937004089355,
            0.09576660394668579,
            0.010901998728513718
        ],
        [
            0.16778220236301422,
            0.09176603704690933,
            0.013805483467876911
        ],
        [
            0.1684214025735855,
            0.09953378140926361,
            0.021399522200226784
        ],
        [
            0.16960592567920685,
            0.09079790860414505,
            0.00713949603959918
        ],
        [
            0.17681875824928284,
            0.09592299163341522,
            0.009386872872710228
        ],
        [
            0.14405225217342377,
            0.01566345989704132,
            -0.002949370536953211
        ],
        [
            0.1622626781463623,
            0.07037317752838135,
            0.005486589390784502
        ],
        [
            0.1357196420431137,
            0.0019739940762519836,
            0.003132604295387864
        ],
        [
            0.1561955362558365,
            0.01595465838909149,
            0.006399119738489389
        ],
        [
            0.1503487229347229,
            0.007444612681865692,
            0.013611109927296638
        ],
        [
            0.12823961675167084,
            -0.011066757142543793,
            0.011715677566826344
        ],
        [
            0.14157234132289886,
            -0.0030258744955062866,
            0.020796068012714386
        ],
        [
            0.11307354271411896,
            -0.02110745757818222,
            0.004037801641970873
        ],
        [
            0.1200346052646637,
            -0.01539958268404007,
            0.006402639672160149
        ],
        [
            0.15294647216796875,
            0.008639011532068253,
            0.026403717696666718
        ],
        [
            0.1747949719429016,
            0.08746571093797684,
            0.028035961091518402
        ],
        [
