{
    "pred_cam": [
        13.572879791259766,
        -0.10475112497806549,
        -0.032491739839315414
    ],
    "pred_mano_params": {
        "global_orient": [
            [
                [
                    0.41556957364082336,
                    -0.863092839717865,
                    0.28700652718544006
                ],
                [
                    -0.16871190071105957,
                    -0.3832128643989563,
                    -0.9081212282180786
                ],
                [
                    0.8937774896621704,
                    0.3289661109447479,
                    -0.30486562848091125
                ]
            ]
        ],
        "hand_pose": [
            [
                [
                    0.20420290529727936,
                    -0.9277979731559753,
                    -0.3122372031211853
                ],
                [
                    0.9299535155296326,
                    0.28347769379615784,
                    -0.23415134847164154
                ],
                [
                    0.30575740337371826,
                    -0.24255168437957764,
                    0.920695960521698
                ]
            ],
            [
                [
                    0.8276534676551819,
                    -0.4680553376674652,
                    0.3096997141838074
                ],
                [
                    0.5584676861763,
                    0.7416013479232788,
                    -0.371673583984375
                ],
                [
                    -0.05570990964770317,
                    0.48057422041893005,
                    0.8751826882362366
                ]
            ],
            [
                [
                    0.9193946123123169,
                    -0.3898092806339264,
                    -0.05255715548992157
                ],
                [
                    0.3920633792877197,
                    0.9189428687095642,
                    0.0427824892103672
                ],
                [
                    0.03162001073360443,
                    -0.059939730912446976,
                    0.9977010488510132
                ]
            ],
            [
                [
                    -0.10232754796743393,
                    -0.9229454398155212,
                    -0.3710806369781494
                ],
                [
                    0.9947502017021179,
                    -0.09454712271690369,
                    -0.03915179520845413
                ],
                [
                    0.0010503478115424514,
                    -0.3731388449668884,
                    0.927774965763092
                ]
            ],
            [
                [
                    0.9845056533813477,
                    -0.17532914876937866,
                    0.0028901894111186266
                ],
                [
                    0.17031410336494446,
                    0.9600082635879517,
                    0.2222099006175995
                ],
                [
                    -0.0417344756424427,
                    -0.21827465295791626,
                    0.9749945998191833
                ]
            ],
            [
                [
                    0.8917872309684753,
                    -0.4039166271686554,
                    -0.20387983322143555
                ],
                [
                    0.4115513861179352,
                    0.911370575428009,
                    -0.005402547772973776
                ],
                [
                    0.18799224495887756,
                    -0.07908909767866135,
                    0.978981077671051
                ]
            ],
            [
                [
                    0.09094312787055969,
                    -0.9934812784194946,
                    -0.0687333419919014
                ],
                [
                    0.7423735857009888,
                    0.021628377959132195,
                    0.6696369647979736
                ],
                [
                    -0.6637852191925049,
                    -0.11192470043897629,
                    0.7395012378692627
                ]
            ],
            [
                [
                    0.8953385353088379,
                    -0.43635231256484985,
                    -0.08925013244152069
                ],
                [
                    0.4433252513408661,
                    0.8538634777069092,
                    0.2727266848087311
                ],
                [
                    -0.04279748350381851,
                    -0.2837495505809784,
                    0.9579428434371948
                ]
            ],
            [
                [
                    0.8264869451522827,
                    -0.5591126680374146,
                    -0.0656687393784523
                ],
                [
                    0.5241213440895081,
                    0.7216454744338989,
                    0.45224395394325256
                ],
                [
                    -0.20546577870845795,
                    -0.40819209814071655,
                    0.8894734382629395
                ]
            ],
            [
                [
                    -0.0027268617413938046,
                    -0.9998672008514404,
                    -0.016064612194895744
                ],
                [
                    0.998741090297699,
                    -0.0035277470014989376,
                    0.050037775188684464
                ],
                [
                    -0.05008780583739281,
                    -0.01590794138610363,
                    0.9986180663108826
                ]
            ],
            [
                [
                    0.8804048895835876,
                    -0.4715602695941925,
                    0.050181739032268524
                ],
                [
                    0.37712690234184265,
                    0.7603689432144165,
                    0.5287858843803406
                ],
                [
                    -0.28751102089881897,
                    -0.44662076234817505,
                    0.8472706079483032
                ]
            ],
            [
                [
                    0.6346846222877502,
                    -0.686808705329895,
                    -0.3542163670063019
                ],
                [
                    0.7549442648887634,
                    0.6489574313163757,
                    0.09441084414720535
                ],
                [
                    0.16502916812896729,
                    -0.3273347318172455,
                    0.9303855895996094
                ]
            ],
            [
                [
                    0.9268015623092651,
                    -0.3744349181652069,
                    0.028938790783286095
                ],
                [
                    0.20576608180999756,
                    0.4418269395828247,
                    -0.8731834292411804
                ],
                [
                    0.3141644299030304,
                    0.8152223229408264,
                    0.48653191328048706
                ]
            ],
            [
                [
                    0.7962201833724976,
                    -0.5903164744377136,
                    -0.13251344859600067
                ],
                [
                    0.5971483588218689,
                    0.731607973575592,
                    0.3288823366165161
                ],
                [
                    -0.0971967875957489,
                    -0.3409929573535919,
                    0.935027539730072
                ]
            ],
            [
                [
                    0.9525507092475891,
                    0.2680470943450928,
                    -0.14421437680721283
                ],
                [
                    -0.28932687640190125,
                    0.9445180296897888,
                    -0.15548518300056458
                ],
                [
                    0.0945357233285904,
                    0.1898326277732849,
                    0.9772545695304871
                ]
            ]
        ],
        "betas": [
            -0.021306708455085754,
            -0.09991925954818726,
            -0.05205520987510681,
            0.022615402936935425,
            0.042046040296554565,
            -0.018741000443696976,
            -0.023799419403076172,
            -0.026798129081726074,
            0.02033790946006775,
            -0.02426716685295105
        ]
    },
    "pred_cam_t": [
        -0.10475112497806549,
        -0.032491739839315414,
        2.877981662750244
    ],
    "focal_length": [
        5000.0,
        5000.0
    ],
    "pred_keypoints_3d": [
        [
            0.09583515673875809,
            0.0064051272347569466,
            0.006213219370692968
        ],
        [
            0.10664486885070801,
            -0.00704607181251049,
            -0.028291819617152214
        ],
        [
            0.12200915813446045,
            -0.00020154239609837532,
            -0.05414438992738724
        ],
        [
            0.13685530424118042,
            0.0169481560587883,
            -0.0690583884716034
        ],
        [
            0.1518290489912033,
            0.0371975414454937,
            -0.09531575441360474
        ],
        [
            0.06958974152803421,
            0.0045634107664227486,
            -0.08059605956077576
        ],
        [
            0.08815321326255798,
            0.026007231324911118,
            -0.09758098423480988
        ],
        [
            0.10888003557920456,
            0.033988188952207565,
            -0.09610772877931595
        ],
        [
            0.13083776831626892,
            0.042118240147829056,
            -0.08675403892993927
        ],
        [
            0.056787531822919846,
            0.02607152983546257,
            -0.07793834060430527
        ],
        [
            0.08334199339151382,
            0.04269322007894516,
            -0.08314895629882812
        ],
        [
            0.10559295862913132,
            0.04966191202402115,
            -0.08231306076049805
        ],
        [
            0.12957948446273804,
            0.05544136092066765,
            -0.07386920601129532
        ],
        [
            0.057569343596696854,
            0.04597823694348335,
            -0.060127101838588715
        ],
        [
            0.08037884533405304,
            0.06060896813869476,
            -0.07013896107673645
        ],
        [
            0.1044236347079277,
            0.06384025514125824,
            -0.0647607296705246
        ],
        [
            0.12071970850229263,
            0.059821050614118576,
            -0.045275863260030746
        ],
        [
            0.06334548443555832,
            0.06110397353768349,
            -0.04552661255002022
        ],
        [
            0.08181117475032806,
            0.06742773950099945,
            -0.05378200486302376
        ],
        [
            0.10059510916471481,
            0.06903303414583206,
            -0.05116557329893112
        ],
        [
            0.11456304788589478,
            0.06341274082660675,
            -0.039103977382183075
        ]
    ],
    "pred_vertices": [
        [
            0.09531781077384949,
            0.008149778470396996,
            -0.04894289746880531
        ],
        [
            0.10130755603313446,
            0.008337955921888351,
            -0.03893585875630379
        ],
        [
            0.10637927055358887,
            0.008412433788180351,
            -0.046066753566265106
        ],
        [
            0.0990244597196579,
            0.0058019328862428665,
            -0.0563957653939724
        ],
        [
            0.12173677235841751,
            0.004780426621437073,
            -0.02827855944633484
        ],
        [
            0.1271887719631195,
            -0.006462976336479187,
            -0.026510052382946014
        ],
        [
            0.13186748325824738,
            -0.0019770339131355286,
            -0.04110628738999367
        ],
        [
            0.12722428143024445,
            0.0075987521559000015,
            -0.03831842169165611
        ],
        [
            0.10147117078304291,
            0.0042111920192837715,
            -0.06151322275400162
        ],
        [
            0.11044011265039444,
            0.008685448206961155,
            -0.05174708366394043
        ],
        [
            0.10304486751556396,
            0.0035615265369415283,
            -0.061596572399139404
        ],
        [
            0.08727316558361053,
            -0.005773620679974556,
            -0.06910370290279388
        ],
        [
            0.09058775752782822,
            -0.0014661441091448069,
            -0.06847825646400452
        ],
        [
            0.07809141278266907,
            -0.007706319447606802,
            -0.07424244284629822
        ],
        [
            0.08206816017627716,
            -0.01183920819312334,
            -0.06234170123934746
        ],
        [
            0.06840687990188599,
            -0.008601916022598743,
            -0.0718359649181366
        ],
        [
            0.062434181571006775,
            -0.0009710472077131271,
            -0.0423465333878994
        ],
        [
            0.05937948077917099,
            0.00983305275440216,
            -0.034531161189079285
        ],
        [
            0.05062613636255264,
            0.015308506786823273,
            -0.05037803575396538
        ],
        [
            0.05555464327335358,
            0.003988354466855526,
            -0.056816406548023224
        ],
        [
            0.05328315123915672,
            0.03102116845548153,
            -0.036359380930662155
        ],
        [
            0.05172624811530113,
            0.022595642134547234,
            -0.044788047671318054
        ],
        [
            0.05892869085073471,
            0.016763361170887947,
            -0.028663024306297302
        ],
        [
            0.0603647418320179,
            0.024561086669564247,
            -0.022097621113061905
        ],
        [
            0.0917590782046318,
            0.016551313921809196,
            -0.03627299889922142
        ],
        [
            0.09679779410362244,
            0.01560649462044239,
            -0.027090560644865036
        ],
        [
            0.09709290415048599,
            0.011639031581580639,
            -0.031231552362442017
        ],
        [
            0.09275949001312256,
            0.012669318355619907,
            -0.04008306935429573
        ],
        [
            0.11563557386398315,
            0.0032972153276205063,
            -0.06418275088071823
        ],
        [
            0.10298773646354675,
            -0.009959697723388672,
            -0.059225767850875854
        ],
        [
            0.10089590400457382,
            -0.003375176340341568,
            -0.06186112016439438
        ],
        [
            0.11622742563486099,
            0.008130833506584167,
            -0.061906665563583374
        ],
        [
            0.11216923594474792,
            0.02201310358941555,
            -0.002693355083465576
        ],
        [
            0.11256766319274902,
            0.015508504584431648,
            0.00924072414636612
        ],
        [
            0.11335667222738266,
            0.00999001506716013,
            0.00701170414686203
        ],
        [
            0.11223234981298447,
            0.016836591064929962,
            -0.003379508852958679
        ],
        [
            0.11930590867996216,
            -0.005481621250510216,
            -0.007910728454589844
        ],
        [
            0.11634355783462524,
            -0.0074622742831707,
            0.0011653825640678406
        ],
        [
            0.11376674473285675,
            -0.019782043993473053,
            0.00472240149974823
        ],
        [
            0.11486782878637314,
            -0.019909044727683067,
            -0.005773328244686127
        ],
        [
            0.12332906574010849,
            -0.0058615729212760925,
            -0.017478980123996735
        ],
        [
            0.120791956782341,
            -0.01854833774268627,
            -0.01698378473520279
        ],
        [
            0.1252158284187317,
            -0.017488112673163414,
            -0.029044240713119507
        ],
        [
            0.1317921131849289,
            -0.010032214224338531,
            -0.04588988423347473
        ],
        [
            0.10787645727396011,
            0.025975586846470833,
            0.015040464699268341
        ],
        [
            0.10745967924594879,
            0.03249494731426239,
            0.00708528608083725
        ],
        [
            0.09792505949735641,
            0.019839759916067123,
            -0.09009113907814026
        ],
        [
            0.09754148870706558,
            0.024912498891353607,
            -0.08688092231750488
        ],
        [
            0.09459982812404633,
            0.021412260830402374,
            -0.08495663851499557
        ],
        [
            0.09548354148864746,
            0.01735309511423111,
            -0.08889205753803253
        ],
        [
            0.08903439342975616,
            0.03310592100024223,
            0.017532706260681152
        ],
        [
            0.08019188046455383,
            0.028609953820705414,
            0.019135743379592896
        ],
        [
            0.08403025567531586,
            0.02791018784046173,
            0.025315843522548676
        ],
        [
            0.09292058646678925,
            0.03029574640095234,
            0.023441486060619354
        ],
        [
            0.08386252075433731,
            0.036790646612644196,
            0.009756892919540405
        ],
        [
            0.07541127502918243,
            0.029395323246717453,
            0.010214708745479584
        ],
        [
            0.0931243970990181,
            0.02157791331410408,
            -0.10194268822669983
        ],
        [
            0.09601001441478729,
            0.018613455817103386,
            -0.09882105141878128
        ],
        [
            0.09145046025514603,
            0.016413943842053413,
            -0.09819614887237549
        ],
        [
            0.08760088682174683,
            0.01929973065853119,
            -0.09995116293430328
        ],
        [
            0.09178387373685837,
            0.002977101132273674,
            -0.06456169486045837
        ],
        [
            0.09082414209842682,
            0.008501251228153706,
            -0.05771378055214882
        ],
        [
            0.08090750873088837,
            0.004293734207749367,
            -0.07592391967773438
        ],
        [
            0.0836256593465805,
            0.007165891118347645,
            -0.0695091187953949
        ],
        [
            0.08485637605190277,
            0.0007225869921967387,
            -0.07135086506605148
        ],
        [
            0.0817413479089737,
            -0.000821942463517189,
            -0.07684984803199768
        ],
        [
            0.08010933548212051,
            0.024485383182764053,
            -0.05374348163604736
        ],
        [
            0.08527463674545288,
            0.021449221298098564,
            -0.043866243213415146
        ],
        [
            0.08583444356918335,
            0.016747500747442245,
            -0.04852413386106491
        ],
        [
            0.08125660568475723,
            0.01883372850716114,
            -0.06018403545022011
        ],
        [
            0.08561930805444717,
            0.033633213490247726,
            -0.03662464767694473
        ],
        [
            0.07998767495155334,
            0.035369034856557846,
            -0.04664980620145798
        ],
        [
            0.08079836517572403,
            0.04191087558865547,
            -0.04109050706028938
        ],
        [
            0.08558305352926254,
            0.03998899087309837,
            -0.03542971611022949
        ],
        [
            0.07023453712463379,
            0.03437057510018349,
            -0.06477107107639313
        ],
        [
            0.06682223081588745,
            0.03277074918150902,
            -0.06786561012268066
        ],
        [
            0.06956833600997925,
            0.03759920597076416,
            -0.06619200855493546
        ],
        [
            0.07106897234916687,
            0.03728119656443596,
            -0.06225501745939255
        ],
        [
            0.08701063692569733,
            0.026396356523036957,
            0.03162499517202377
        ],
        [
            0.0964144766330719,
            0.026717450469732285,
            0.028835885226726532
        ],
        [
            0.058408644050359726,
            0.04868333414196968,
            -0.02355499565601349
        ],
        [
            0.06696689873933792,
            0.05389825254678726,
            -0.018077250570058823
        ],
        [
            0.06210536137223244,
            0.06044334918260574,
            -0.02896493673324585
        ],
        [
            0.05234701558947563,
            0.053223006427288055,
            -0.03241340443491936
        ],
        [
            0.07422178983688354,
            0.020493611693382263,
            0.016791529953479767
        ],
        [
            0.07666686922311783,
            0.021195407956838608,
            0.02422405779361725
        ],
        [
            0.09025492519140244,
            0.02708367444574833,
            -0.10200263559818268
        ],
        [
            0.08476391434669495,
            0.024224530905485153,
            -0.09900633245706558
        ],
        [
            0.11495477706193924,
            -0.025408023968338966,
            -0.029728755354881287
        ],
        [
            0.12536022067070007,
            -0.016331836581230164,
            -0.04999645799398422
        ],
        [
            0.10894963145256042,
            -0.026831867173314095,
            -0.013772733509540558
        ],
        [
            0.10479108989238739,
            -0.026112299412488937,
            -0.0028444677591323853
        ],
        [
            0.10403890907764435,
            -0.02662046253681183,
            0.006520494818687439
        ],
        [
            0.08047255873680115,
            0.012629075907170773,
            -0.06990708410739899
        ],
        [
            0.08962491899728775,
            0.01229760330170393,
            -0.049376633018255234
        ],
        [
            0.09143082797527313,
            0.020653005689382553,
            -0.03323644772171974
        ],
        [
            0.091292604804039,
            0.04935348778963089,
            -0.021759644150733948
        ],
        [
            0.09658171236515045,
            0.04641885310411453,
            -0.013401631265878677
        ],
        [
            0.09725822508335114,
            0.039150532335042953,
            -0.021360330283641815
        ],
        [
            0.09193894267082214,
            0.04302201792597771,
            -0.026868656277656555
        ],
        [
            0.07611915469169617,
            0.058022983372211456,
            -0.019754279404878616
        ],
        [
            0.08227396011352539,
            0.05635460093617439,
            -0.024949170649051666
        ],
        [
            0.07805061340332031,
            0.0586392879486084,
            -0.0309283509850502
        ],
        [
            0.07119914144277573,
            0.06179140508174896,
            -0.027909979224205017
        ],
        [
            0.11961280554533005,
            -0.002723097801208496,
            -0.06652477383613586
        ],
        [
            0.10660559684038162,
            -0.01585651934146881,
            -0.05665024369955063
        ],
        [
            0.09898072481155396,
            0.03440485894680023,
            0.014039061963558197
        ],
        [
            0.1021086648106575,
            0.029347127303481102,
            0.019180655479431152
        ],
        [
            0.1035214215517044,
            0.02481151930987835,
            0.02633380889892578
        ],
        [
            0.10510832071304321,
            0.017543788999319077,
            -0.015477940440177917
        ],
        [
            0.11229147017002106,
            0.013170413672924042,
            -0.003892868757247925
        ],
        [
            0.11271433532238007,
            0.009422452189028263,
            -0.006385929882526398
        ],
        [
            0.10391262918710709,
            0.014352139085531235,
            -0.01700463891029358
        ],
        [
            0.10833203047513962,
            0.008794560097157955,
            -0.02779824659228325
        ],
        [
            0.11637039482593536,
            0.004681553691625595,
            -0.018569260835647583
        ],
        [
            0.11392267048358917,
            0.011006662622094154,
            -0.035275690257549286
        ],
        [
            0.11485990881919861,
            0.0019014347344636917,
            0.005481116473674774
        ],
        [
            0.11612094938755035,
            0.005644273012876511,
            0.015993647277355194
        ],
        [
            0.11686566472053528,
            -0.0029234755784273148,
            0.013349004089832306
        ],
        [
            0.11310034990310669,
            0.014085488393902779,
            0.02004031091928482
        ],
        [
            0.1089070737361908,
            0.021083824336528778,
            0.023656748235225677
        ],
        [
            0.07690826803445816,
            0.020151430740952492,
            0.03271034359931946
        ],
        [
            0.11600901186466217,
            -0.010793356224894524,
            0.01049177348613739
        ],
        [
            0.13093432784080505,
            0.009050404652953148,
            -0.04630926251411438
        ],
        [
            0.13506458699703217,
            0.011628866195678711,
            -0.05256889387965202
        ],
        [
            0.12815691530704498,
            0.015050826594233513,
            -0.05337722226977348
        ],
        [
            0.12324041873216629,
            0.01288580521941185,
            -0.04764636605978012
        ],
        [
            0.07311731576919556,
            -0.005287693813443184,
            -0.08116655051708221
        ],
        [
            0.07952309399843216,
            -0.004034373909235001,
            -0.07958368211984634
        ],
        [
            0.08397795259952545,
            -0.005009579472243786,
            -0.07293526828289032
        ],
        [
            0.10724704712629318,
            0.029943587258458138,
            -0.009685911238193512
        ],
        [
            0.10360603034496307,
            0.03855374455451965,
            -0.0010949745774269104
        ],
        [
            0.0784236341714859,
            0.009616325609385967,
            -0.07547660171985626
        ],
        [
            0.08306324481964111,
            0.017174948006868362,
            -0.0997653529047966
        ],
        [
            0.08733336627483368,
            0.01346798986196518,
            -0.09778992086648941
        ],
        [
            0.0769222229719162,
            0.0006629172712564468,
            -0.08956300467252731
        ],
        [
            0.07167086005210876,
            0.005002892576158047,
            -0.09200949221849442
        ],
        [
            0.07339975237846375,
            0.015220853500068188,
            -0.07708434015512466
        ],
        [
            0.07858502119779587,
            0.01018986850976944,
            -0.07474301755428314
        ],
        [
            0.07878069579601288,
            0.011673873290419579,
            -0.07439570128917694
        ],
        [
            0.07602479308843613,
            0.01790342666208744,
            -0.07533981651067734
        ],
        [
            0.07026495784521103,
            0.043349288403987885,
            -0.058882936835289
        ],
        [
            0.07223489135503769,
            0.0427817776799202,
            -0.05601073428988457
        ],
        [
            0.05393354594707489,
            0.011389143764972687,
            -0.07142841815948486
        ],
        [
            0.05467572435736656,
            -0.0011057676747441292,
            -0.07577414810657501
        ],
        [
            0.06005372107028961,
            -0.005737898871302605,
            -0.06378500908613205
        ],
        [
            0.08003666996955872,
            0.030273597687482834,
            -0.048997119069099426
        ],
        [
            0.07529177516698837,
            0.03348083421587944,
            -0.05740132927894592
        ],
        [
            0.07517533749341965,
            0.03673229739069939,
            -0.05491221696138382
        ],
        [
            0.07796633988618851,
            0.01614554040133953,
            -0.07128332555294037
        ],
        [
            0.0751257985830307,
            0.01505958940833807,
            -0.07580020278692245
        ],
        [
            0.07405923306941986,
            0.0192288588732481,
            -0.07412159442901611
        ],
        [
            0.07738059759140015,
            0.02030949853360653,
            -0.0678965151309967
        ],
        [
            0.07228770852088928,
            0.04795226454734802,
            -0.0071999989449977875
        ],
        [
            0.08255012333393097,
            0.05330570042133331,
            -0.009515512734651566
        ],
        [
            0.09757478535175323,
            0.01774199865758419,
            -0.09443869441747665
        ],
        [
            0.0942152589559555,
            0.01549189630895853,
            -0.09383652359247208
        ],
        [
            0.08519398421049118,
            0.02718573436141014,
            -0.0394538976252079
        ],
        [
            0.06820040196180344,
            -0.008076252415776253,
            -0.050335586071014404
        ],
        [
            0.09148025512695312,
            0.025279514491558075,
            -0.03024856373667717
        ],
        [
            0.05463147535920143,
            0.04742586240172386,
            -0.05129756033420563
        ],
        [
            0.06226032227277756,
            0.0522201843559742,
            -0.05185325816273689
        ],
        [
            0.06330210715532303,
            0.05255946144461632,
            -0.0540396086871624
        ],
        [
            0.05850868299603462,
            0.05079969763755798,
            -0.05628935992717743
        ],
        [
            0.0843665674328804,
            0.027620360255241394,
            -0.08276502043008804
        ],
        [
            0.08906306326389313,
            0.024002060294151306,
            -0.08191259205341339
        ],
        [
            0.09211306273937225,
            0.02673705294728279,
            -0.08295528590679169
        ],
        [
            0.08828678727149963,
            0.030852455645799637,
            -0.08480674773454666
        ],
        [
            0.08100680261850357,
            0.004823191557079554,
            -0.07564044743776321
        ],
        [
            0.08154847472906113,
            -0.00013536540791392326,
            -0.07895085960626602
        ],
        [
            0.08359522372484207,
            0.0025990535505115986,
            -0.07951753586530685
        ],
        [
            0.08194305002689362,
            0.007697649300098419,
            -0.07632344961166382
        ],
        [
            0.07896900922060013,
            -0.0031238561496138573,
            -0.08228916674852371
        ],
        [
            0.0810970887541771,
            -0.00016127480193972588,
            -0.08468643575906754
        ],
        [
            0.0800255760550499,
            0.029088016599416733,
            -0.08721567690372467
        ],
        [
            0.07815799862146378,
            0.026589762419462204,
            -0.09400638937950134
        ],
        [
            0.06665890663862228,
            0.017404017969965935,
            -0.08601424843072891
        ],
        [
            0.0715024545788765,
            0.021092601120471954,
            -0.08061693608760834
        ],
        [
            0.06515219062566757,
            0.018398679792881012,
            -0.008555807173252106
        ],
        [
            0.06716591119766235,
            0.02809196151793003,
            -0.003371104598045349
        ],
        [
            0.06207016482949257,
            0.03456252068281174,
            -0.016618911176919937
        ],
        [
            0.05550689622759819,
            0.04153077304363251,
            -0.029628358781337738
        ],
        [
            0.05089632049202919,
            0.04686778038740158,
            -0.042719773948192596
        ],
        [
            0.04711855575442314,
            0.036741599440574646,
            -0.04840777814388275
        ],
        [
            0.06472337245941162,
            0.04087761789560318,
            -0.011807382106781006
        ],
        [
            0.06364529579877853,
            0.01582203060388565,
            -0.07776184380054474
        ],
        [
            0.05971235781908035,
            0.011884271167218685,
            -0.08001679182052612
        ],
        [
            0.05865323543548584,
            0.014780782163143158,
            -0.07761701196432114
        ],
        [
            0.09256136417388916,
            0.03217558562755585,
            -0.02753685787320137
        ],
        [
            0.09080419689416885,
            0.01221511047333479,
            -0.09408185631036758
        ],
        [
            0.08324416726827621,
            -0.01984720304608345,
            0.004820816218852997
        ],
        [
            0.07621055096387863,
            -0.009652331471443176,
            0.010551214218139648
        ],
        [
            0.07493966817855835,
            -0.008930781856179237,
            0.001760333776473999
        ],
        [
            0.08362901210784912,
            -0.020039470866322517,
            -0.0053654685616493225
        ],
        [
            0.09253096580505371,
            0.018320608884096146,
            -0.08434445410966873
        ],
        [
            0.09328276664018631,
            0.013756410218775272,
            -0.0885111391544342
        ],
        [
            0.07292666286230087,
            0.0486040860414505,
            -0.05324651300907135
        ],
        [
            0.07030602544546127,
            0.04839060828089714,
            -0.056094758212566376
        ],
        [
            0.06906859576702118,
            0.05141500383615494,
            -0.05342346802353859
        ],
        [
            0.0720805674791336,
            0.05326729640364647,
            -0.05202099680900574
        ],
        [
            0.06946831941604614,
            0.03244657814502716,
            0.00013533234596252441
        ],
        [
            0.06536603718996048,
            0.0653001219034195,
            -0.0368657112121582
        ],
        [
            0.05571916699409485,
            0.058230165392160416,
            -0.04076949879527092
        ],
        [
            0.07126129418611526,
            0.022159332409501076,
            0.00781271606683731
        ],
        [
            0.06892998516559601,
            0.013605892658233643,
            0.0036730244755744934
        ],
        [
            0.07145719230175018,
            0.010715186595916748,
            0.012711793184280396
        ],
        [
            0.05003081634640694,
            0.029044654220342636,
            -0.06097671389579773
        ],
        [
            0.0639476329088211,
            0.012108182534575462,
            -0.014452457427978516
        ],
        [
            0.06853717565536499,
            0.007685018703341484,
            -0.0011930689215660095
        ],
        [
            0.07153676450252533,
            0.0039779916405677795,
            0.009386889636516571
        ],
        [
            0.07294098287820816,
            0.0018215086311101913,
            0.017368026077747345
        ],
        [
            0.0728348046541214,
            0.009457835927605629,
            0.020162902772426605
        ],
        [
            0.07995569705963135,
            0.02211461216211319,
            -0.09766541421413422
        ],
        [
            0.08316698670387268,
            0.030324559658765793,
            -0.09575647860765457
        ],
        [
            0.07282312214374542,
            0.007999731227755547,
            0.029159173369407654
        ],
        [
            0.07359428703784943,
            -0.0004707947373390198,
            0.025461912155151367
        ],
        [
            0.06938329339027405,
            0.00021778792142868042,
            -0.006570145487785339
        ],
        [
            0.07205789536237717,
            -0.00862516462802887,
            -0.013847261667251587
        ],
        [
            0.06513605266809464,
            0.004840046167373657,
            -0.01925824210047722
        ],
        [
            0.06718634068965912,
            -0.0035358089953660965,
            -0.02719011902809143
        ],
        [
            0.0450127087533474,
            0.01886124536395073,
            -0.06360708177089691
        ],
        [
            0.10151079297065735,
            0.039787955582141876,
            -0.09838426113128662
        ],
        [
            0.0905124694108963,
            0.03632878512144089,
            -0.09408465772867203
        ],
        [
            0.09261250495910645,
            0.03475364297628403,
            -0.08881185203790665
        ],
        [
            0.10156160593032837,
            0.04004600644111633,
            -0.09405511617660522
        ],
        [
            0.08490616828203201,
            0.032497987151145935,
            -0.08938382565975189
        ],
        [
            0.08905051648616791,
            0.03322397172451019,
            -0.09885188937187195
        ],
        [
            0.07521656155586243,
            -0.012764206156134605,
            -0.03687089681625366
        ],
        [
            0.07053756713867188,
            0.01770603470504284,
            -0.07760836184024811
        ],
        [
            0.08395083993673325,
            -0.019491391256451607,
            -0.02412070333957672
        ],
        [
            0.08586083352565765,
            -0.01729518547654152,
            -0.051344722509384155
        ],
        [
            0.09434957802295685,
            -0.021774673834443092,
            -0.04247790947556496
        ],
        [
            0.09456221759319305,
            -0.02709336206316948,
            -0.011334098875522614
        ],
        [
            0.10134819149971008,
            -0.027631690725684166,
            -0.028943806886672974
        ],
        [
            0.09344468265771866,
            -0.026137666776776314,
            0.00871952623128891
        ],
        [
            0.09258070588111877,
            -0.0257413312792778,
            -0.0007184222340583801
        ],
        [
