{
    "pred_cam": [
        9.446578979492188,
        0.13417471945285797,
        -0.05553010106086731
    ],
    "pred_mano_params": {
        "global_orient": [
            [
                [
                    -0.7062751650810242,
                    0.17352452874183655,
                    0.6863415241241455
                ],
                [
                    -0.6967393755912781,
                    -0.34213387966156006,
                    -0.6304749846458435
                ],
                [
                    0.1254177987575531,
                    -0.9234899878501892,
                    0.3625420331954956
                ]
            ]
        ],
        "hand_pose": [
            [
                [
                    0.7300750613212585,
                    -0.5454500317573547,
                    -0.4116728901863098
                ],
                [
                    0.5701208114624023,
                    0.8182986974716187,
                    -0.0731407105922699
                ],
                [
                    0.3767659664154053,
                    -0.18130505084991455,
                    0.9083918929100037
                ]
            ],
            [
                [
                    0.5408747792243958,
                    -0.7863003015518188,
                    0.2986409068107605
                ],
                [
                    0.8411018252372742,
                    0.5050048232078552,
                    -0.19369521737098694
                ],
                [
                    0.0014874949119985104,
                    0.35595226287841797,
                    0.9345029592514038
                ]
            ],
            [
                [
                    0.8708334565162659,
                    -0.40512746572494507,
                    0.2784256935119629
                ],
                [
                    0.34842610359191895,
                    0.9082319736480713,
                    0.2317625731229782
                ],
                [
                    -0.3467685282230377,
                    -0.10481581836938858,
                    0.9320757985115051
                ]
            ],
            [
                [
                    0.6978128552436829,
                    -0.6009979248046875,
                    -0.38969048857688904
                ],
                [
                    0.6731778979301453,
                    0.7361476421356201,
                    0.07013003528118134
                ],
                [
                    0.2447216957807541,
                    -0.3112686574459076,
                    0.9182717800140381
                ]
            ],
            [
                [
                    0.3470255434513092,
                    -0.8979659676551819,
                    -0.27061113715171814
                ],
                [
                    0.9322165846824646,
                    0.2986735999584198,
                    0.20436805486679077
                ],
                [
                    -0.1026911661028862,
                    -0.3231891393661499,
                    0.9407461285591125
                ]
            ],
            [
                [
                    0.9051613807678223,
                    -0.40385493636131287,
                    0.13260489702224731
                ],
                [
                    0.4050765931606293,
                    0.9140884876251221,
                    0.018849266692996025
                ],
                [
                    -0.12882496416568756,
                    0.03665350005030632,
                    0.9909897446632385
                ]
            ],
            [
                [
                    0.8240313529968262,
                    -0.515480637550354,
                    0.23505760729312897
                ],
                [
                    0.48849397897720337,
                    0.8566182255744934,
                    0.16606873273849487
                ],
                [
                    -0.28695982694625854,
                    -0.02202160470187664,
                    0.9576894640922546
                ]
            ],
            [
                [
                    0.49347683787345886,
                    -0.8292495608329773,
                    -0.26234641671180725
                ],
                [
                    0.6649578809738159,
                    0.16527917981147766,
                    0.7283636927604675
                ],
                [
                    -0.560634970664978,
                    -0.5338799953460693,
                    0.6329774856567383
                ]
            ],
            [
                [
                    0.8590005040168762,
                    -0.5068418383598328,
                    0.07231499254703522
                ],
                [
                    0.46035224199295044,
                    0.826453447341919,
                    0.32411494851112366
                ],
                [
                    -0.22404000163078308,
                    -0.24512454867362976,
                    0.9432497024536133
                ]
            ],
            [
                [
                    0.725577175617218,
                    -0.6732419729232788,
                    -0.14241859316825867
                ],
                [
                    0.6682800054550171,
                    0.7387436628341675,
                    -0.0875198245048523
                ],
                [
                    0.16413283348083496,
                    -0.03167311102151871,
                    0.9859297275543213
                ]
            ],
            [
                [
                    0.3543120324611664,
                    -0.9069014191627502,
                    -0.22801916301250458
                ],
                [
                    0.7918432354927063,
                    0.16125768423080444,
                    0.5890502333641052
                ],
                [
                    -0.4974406957626343,
                    -0.3892630338668823,
                    0.775259256362915
                ]
            ],
            [
                [
                    0.9076398015022278,
                    -0.41509735584259033,
                    0.062323808670043945
                ],
                [
                    0.4094718098640442,
                    0.9082568287849426,
                    0.08603673428297043
                ],
                [
                    -0.09231965243816376,
                    -0.052570514380931854,
                    0.994340717792511
                ]
            ],
            [
                [
                    0.7806679606437683,
                    0.07278579473495483,
                    -0.6206929683685303
                ],
                [
                    -0.5463456511497498,
                    0.5616973042488098,
                    -0.6212909817695618
                ],
                [
                    0.30342045426368713,
                    0.824134886264801,
                    0.47826528549194336
                ]
            ],
            [
                [
                    0.8768946528434753,
                    -0.29449066519737244,
                    -0.3799092173576355
                ],
                [
                    0.4591882824897766,
                    0.7469077110290527,
                    0.4809105098247528
                ],
                [
                    0.14213348925113678,
                    -0.5961576700210571,
                    0.7901860475540161
                ]
            ],
            [
                [
                    0.7096682786941528,
                    -0.6879929304122925,
                    0.15177789330482483
                ],
                [
                    0.6773831844329834,
                    0.6070653796195984,
                    -0.41547995805740356
                ],
                [
                    0.19370819628238678,
                    0.39766478538513184,
                    0.8968498706817627
                ]
            ]
        ],
        "betas": [
            -0.02832701802253723,
            -0.1354498267173767,
            -0.056711554527282715,
            -0.02769795060157776,
            0.03076764941215515,
            -0.046516381204128265,
            0.04418593645095825,
            -0.02985444664955139,
            -0.015079662203788757,
            -0.037384361028671265
        ]
    },
    "pred_cam_t": [
        -0.13417471945285797,
        -0.05553010106086731,
        4.13509464263916
    ],
    "focal_length": [
        5000.0,
        5000.0
    ],
    "pred_keypoints_3d": [
        [
            0.09590667486190796,
            0.006400594022125006,
            0.006224516779184341
        ],
        [
            0.1279531717300415,
            0.012211810797452927,
            0.026889504864811897
        ],
        [
            0.15272967517375946,
            0.030507981777191162,
            0.02854575216770172
        ],
        [
            0.16618633270263672,
            0.05289413034915924,
            0.021099163219332695
        ],
        [
            0.17508986592292786,
            0.08184009045362473,
            0.03635674715042114
        ],
        [
            0.1714133769273758,
            0.05667553097009659,
            0.007434474304318428
        ],
        [
            0.1802285760641098,
            0.08778472244739532,
            0.014411311596632004
        ],
        [
            0.17363888025283813,
            0.09415385127067566,
            0.03470064699649811
        ],
        [
            0.1686263233423233,
            0.0905616506934166,
            0.05834341049194336
        ],
        [
            0.16024461388587952,
            0.07514861226081848,
            -0.005504152737557888
        ],
        [
            0.16229002177715302,
            0.10486255586147308,
            0.005608508363366127
        ],
        [
            0.15497463941574097,
            0.10197021067142487,
            0.02760183811187744
        ],
        [
            0.15085773169994354,
            0.093055360019207,
            0.05132053792476654
        ],
        [
            0.13474930822849274,
            0.08169882744550705,
            -0.010084375739097595
        ],
        [
            0.1401960253715515,
            0.10851319134235382,
            -0.0006100498139858246
        ],
        [
            0.13294610381126404,
            0.1040286123752594,
            0.02277429588139057
        ],
        [
            0.1277734637260437,
            0.09409987926483154,
            0.045550525188446045
        ],
        [
            0.11324013769626617,
            0.08516482263803482,
            -0.00893101654946804
        ],
        [
            0.11865315586328506,
            0.10508798062801361,
            -0.004090381786227226
        ],
        [
            0.11417386680841446,
            0.10390100628137589,
            0.014378353953361511
        ],
        [
            0.11022627353668213,
            0.09352247416973114,
            0.02908235788345337
        ]
    ],
    "pred_vertices": [
        [
            0.13773125410079956,
            0.035687677562236786,
            0.019856620579957962
        ],
        [
            0.128342404961586,
            0.02878764644265175,
            0.02160298451781273
        ],
        [
            0.13642053306102753,
            0.032974060624837875,
            0.022711414843797684
        ],
        [
            0.1452336460351944,
            0.03686313331127167,
            0.022400066256523132
        ],
        [
            0.1269158124923706,
            0.028602978214621544,
            0.03772197663784027
        ],
        [
            0.13019564747810364,
            0.019610751420259476,
            0.04519173502922058
        ],
        [
            0.1446029394865036,
            0.03128022328019142,
            0.04241146892309189
        ],
        [
            0.13890308141708374,
            0.03769974783062935,
            0.03683099150657654
        ],
        [
            0.15189163386821747,
            0.03784656152129173,
            0.02157546952366829
        ],
        [
            0.14342428743839264,
            0.03704138845205307,
            0.02364264614880085
        ],
        [
            0.15387070178985596,
            0.03576711565256119,
            0.017179422080516815
        ],
        [
            0.16481857001781464,
            0.034986842423677444,
            0.012554420158267021
        ],
        [
            0.16101863980293274,
            0.03909648209810257,
            0.018289964646100998
        ],
        [
            0.1713457554578781,
            0.039149388670921326,
            0.009325537830591202
        ],
        [
            0.16306093335151672,
            0.02638903819024563,
            0.006439436227083206
        ],
        [
            0.17081303894519806,
            0.037970222532749176,
            0.00019633444026112556
        ],
        [
            0.1454756110906601,
            0.031651571393013,
            -0.010957440361380577
        ],
        [
            0.1342816948890686,
            0.037383969873189926,
            -0.015696877613663673
        ],
        [
            0.14497864246368408,
            0.05095876753330231,
            -0.018286654725670815
        ],
        [
            0.15523816645145416,
            0.04424063861370087,
            -0.012340460903942585
        ],
        [
            0.12460492551326752,
            0.05553179234266281,
            -0.019578808918595314
        ],
        [
            0.13636839389801025,
            0.053770512342453,
            -0.01910761184990406
        ],
        [
            0.12588798999786377,
            0.03990322723984718,
            -0.01780743896961212
        ],
        [
            0.11590456962585449,
            0.04233824461698532,
            -0.018174460157752037
        ],
        [
            0.12416550517082214,
            0.03797055035829544,
            0.015169279649853706
        ],
        [
            0.11549568921327591,
            0.030545122921466827,
            0.017525825649499893
        ],
        [
            0.12010225653648376,
            0.02829546108841896,
            0.018647216260433197
        ],
        [
            0.12871292233467102,
            0.03594668209552765,
            0.016771679744124413
        ],
        [
            0.15691742300987244,
            0.03300631418824196,
            0.016120225191116333
        ],
        [
            0.15772545337677002,
            0.021579504013061523,
            0.01685490645468235
        ],
        [
            0.15694557130336761,
            0.028426384553313255,
            0.014557944610714912
        ],
        [
            0.15398885309696198,
            0.03749363124370575,
            0.016909196972846985
        ],
        [
            0.08994651585817337,
            0.021000050008296967,
            0.024623995646834373
        ],
        [
            0.08423160016536713,
            0.009194329380989075,
            0.02137497067451477
        ],
        [
            0.08883537352085114,
            0.005828633904457092,
            0.023000478744506836
        ],
        [
            0.09311015158891678,
            0.017155397683382034,
            0.025386011227965355
        ],
        [
            0.10888852179050446,
            0.0030168667435646057,
            0.037646472454071045
        ],
        [
            0.10252256691455841,
            -0.004706244915723801,
            0.029729705303907394
        ],
        [
            0.10756153613328934,
            -0.01663486659526825,
            0.025141451507806778
        ],
        [
            0.1162836030125618,
            -0.01033911481499672,
            0.030387060716748238
        ],
        [
            0.11924880743026733,
            0.011516343802213669,
            0.043481163680553436
        ],
        [
            0.12520256638526917,
            -0.000954795628786087,
            0.04017949104309082
        ],
        [
            0.13682827353477478,
            0.010151263326406479,
            0.044186387211084366
        ],
        [
            0.15070974826812744,
            0.024129759520292282,
            0.04138283059000969
        ],
        [
            0.07482478767633438,
            0.015447378158569336,
            0.015292732045054436
        ],
        [
            0.0774778351187706,
            0.02511434257030487,
            0.017248358577489853
        ],
        [
            0.17755843698978424,
            0.0788622796535492,
            0.02559966966509819
        ],
        [
            0.17183338105678558,
            0.08098898082971573,
            0.02490987256169319
        ],
        [
            0.17177307605743408,
            0.07878626883029938,
            0.023706533014774323
        ],
        [
            0.17742881178855896,
            0.07729966193437576,
            0.0245923213660717
        ],
        [
            0.07340648770332336,
            0.02329690009355545,
            -0.00328276539221406
        ],
        [
            0.07680004090070724,
            0.020380385220050812,
            -0.012333126738667488
        ],
        [
            0.07141009718179703,
            0.01580224186182022,
            -0.010500111617147923
        ],
        [
            0.06942906975746155,
            0.017132125794887543,
            -0.0013967715203762054
        ],
        [
            0.07875646650791168,
            0.03140953183174133,
            -0.005667026620358229
        ],
        [
            0.08454515039920807,
            0.02665480226278305,
            -0.014127787202596664
        ],
        [
            0.1860421895980835,
            0.0869026929140091,
            0.020056288689374924
        ],
        [
            0.18526972830295563,
            0.08295869082212448,
            0.02343619428575039
        ],
        [
            0.18583035469055176,
            0.0809280276298523,
            0.01980813965201378
        ],
        [
            0.18579086661338806,
            0.08404535055160522,
            0.01546112634241581
        ],
        [
            0.15450219810009003,
            0.04137513041496277,
            0.02116139605641365
        ],
        [
            0.1458674967288971,
            0.0427975058555603,
            0.019708696752786636
        ],
        [
            0.1663707047700882,
            0.05387977510690689,
            0.01860026642680168
        ],
        [
            0.15788213908672333,
            0.05035246163606644,
            0.017749346792697906
        ],
        [
            0.16287581622600555,
            0.045453764498233795,
            0.018923308700323105
        ],
        [
            0.16987071931362152,
            0.04903150349855423,
            0.018310554325580597
        ],
        [
            0.1365625113248825,
            0.056832388043403625,
            0.009758890606462955
        ],
        [
            0.12923166155815125,
            0.04783814400434494,
            0.011550914496183395
        ],
        [
            0.13530117273330688,
            0.046189188957214355,
            0.013309516943991184
        ],
        [
            0.14455825090408325,
            0.055492449551820755,
            0.012719972059130669
        ],
        [
            0.1166028082370758,
            0.05405454337596893,
            0.009801926091313362
        ],
        [
            0.12494106590747833,
            0.06230081617832184,
            0.007766446098685265
        ],
        [
            0.11681844294071198,
            0.06493229418992996,
            0.006986924447119236
        ],
        [
            0.11214540153741837,
            0.05885673314332962,
            0.009519331157207489
        ],
        [
            0.14200888574123383,
            0.07360267639160156,
            0.00476051727309823
        ],
        [
            0.14694781601428986,
            0.07724571973085403,
            0.0037499102763831615
        ],
        [
            0.1439228355884552,
            0.08158566802740097,
            0.0031500537879765034
        ],
        [
            0.1385721117258072,
            0.07523106038570404,
            0.003791067749261856
        ],
        [
            0.06662159413099289,
            0.010635443031787872,
            -0.00957269687205553
        ],
        [
            0.06643368303775787,
            0.010683722794055939,
            0.00025176815688610077
        ],
        [
            0.10387715697288513,
            0.062181297689676285,
            -0.01781596802175045
        ],
        [
            0.09473051130771637,
            0.06316588819026947,
            -0.011376025155186653
        ],
        [
            0.09996713697910309,
            0.0750122144818306,
            -0.013242078945040703
        ],
        [
            0.10851401090621948,
            0.07079880684614182,
            -0.020012512803077698
        ],
        [
            0.08472463488578796,
            0.016047418117523193,
            -0.0174572691321373
        ],
        [
            0.07787041366100311,
            0.012204878032207489,
            -0.01732759177684784
        ],
        [
            0.18296630680561066,
            0.09116603434085846,
            0.01646432839334011
        ],
        [
            0.18249355256557465,
            0.08801890909671783,
            0.011987389996647835
        ],
        [
            0.14000895619392395,
            9.806826710700989e-05,
            0.034780681133270264
        ],
        [
            0.1545490324497223,
            0.01728077605366707,
            0.03624577820301056
        ],
        [
            0.12754331529140472,
            -0.010325666517019272,
            0.02734178863465786
        ],
        [
            0.11888006329536438,
            -0.015990450978279114,
            0.0194825641810894
        ],
        [
            0.11212225258350372,
            -0.021915551275014877,
            0.014970427379012108
        ],
        [
            0.15593141317367554,
            0.05612482130527496,
            0.015610257163643837
        ],
        [
            0.137381911277771,
            0.041829146444797516,
            0.016722237691283226
        ],
        [
            0.11974187195301056,
            0.040083177387714386,
            0.014040352776646614
        ],
        [
            0.0947672426700592,
            0.057916682213544846,
            0.011121286079287529
        ],
        [
            0.08845891058444977,
            0.04966342821717262,
            0.013516703620553017
        ],
        [
            0.0986487865447998,
            0.04797801747918129,
            0.016236715018749237
        ],
        [
            0.10215470939874649,
            0.05539379641413689,
            0.012954181991517544
        ],
        [
            0.09190750867128372,
            0.066470205783844,
            -0.0026027988642454147
        ],
        [
            0.09584736824035645,
            0.06756142526865005,
            0.004260695539414883
        ],
        [
            0.10088799893856049,
            0.07504863291978836,
            0.0019386932253837585
        ],
        [
            0.09737379848957062,
            0.07562603056430817,
            -0.004740802571177483
        ],
        [
            0.1621045470237732,
            0.02916664630174637,
            0.018889358267188072
        ],
        [
            0.15859873592853546,
            0.016169942915439606,
            0.020512085407972336
        ],
        [
            0.07299407571554184,
            0.02443203330039978,
            0.007249454036355019
        ],
        [
            0.07108847051858902,
            0.01697622984647751,
            0.008625646121799946
        ],
        [
            0.06776191294193268,
            0.009194977581501007,
            0.007739219814538956
        ],
        [
            0.10337181389331818,
            0.024993494153022766,
            0.02266179770231247
        ],
        [
            0.09528736025094986,
            0.014481808990240097,
            0.026311131194233894
        ],
        [
            0.09897264838218689,
            0.012883376330137253,
            0.028937797993421555
        ],
        [
            0.10590909421443939,
            0.022888220846652985,
            0.022966250777244568
        ],
        [
            0.11966569721698761,
            0.025441553443670273,
            0.027311209589242935
        ],
        [
            0.11379706859588623,
            0.019051317125558853,
            0.036769721657037735
        ],
        [
            0.12915435433387756,
            0.033370643854141235,
            0.02717754989862442
        ],
        [
            0.0940660685300827,
            4.060566425323486e-05,
            0.02574004791676998
        ],
        [
            0.08368632197380066,
            -0.003064945340156555,
            0.022702589631080627
        ],
        [
            0.0903768241405487,
            -0.008663557469844818,
            0.02443518489599228
        ],
        [
            0.07646914571523666,
            0.002132520079612732,
            0.018606306985020638
        ],
        [
            0.0706498995423317,
            0.006636537611484528,
            0.013610035181045532
        ],
        [
            0.07176034897565842,
            0.006728149950504303,
            -0.019649507477879524
        ],
        [
            0.09728625416755676,
            -0.013285398483276367,
            0.0245826318860054
        ],
        [
            0.14707142114639282,
            0.041715189814567566,
            0.035209737718105316
        ],
        [
            0.15285688638687134,
            0.04506712406873703,
            0.0330037921667099
        ],
        [
            0.14894011616706848,
            0.04582647234201431,
            0.026723314076662064
        ],
        [
            0.14468161761760712,
            0.04256392642855644,
            0.027751201763749123
        ],
        [
            0.1774226278066635,
            0.046854570508003235,
            0.007057311479002237
        ],
        [
            0.174624502658844,
            0.04749011620879173,
            0.01469249464571476
        ],
        [
            0.167854443192482,
            0.040725696831941605,
            0.016175517812371254
        ],
        [
            0.09223318099975586,
            0.032165512442588806,
            0.02201176807284355
        ],
        [
            0.08144483715295792,
            0.03518730401992798,
            0.016132323071360588
        ],
        [
            0.16400983929634094,
            0.059294864535331726,
            0.016276700422167778
        ],
        [
            0.1860256791114807,
            0.08104797452688217,
            0.012046054005622864
        ],
        [
            0.18643321096897125,
            0.07769817858934402,
            0.017104752361774445
        ],
        [
            0.18359898030757904,
            0.061978984624147415,
            0.011263209395110607
        ],
        [
            0.18326322734355927,
            0.06539968401193619,
            0.005143247544765472
        ],
        [
            0.16548514366149902,
            0.06746365129947662,
            0.010022299364209175
        ],
        [
            0.16548849642276764,
            0.0625835582613945,
            0.015709493309259415
        ],
        [
            0.1654481142759323,
            0.06469754129648209,
            0.014861243776977062
        ],
        [
            0.1633617877960205,
            0.06981771439313889,
            0.011045865714550018
        ],
        [
            0.13474349677562714,
            0.08214347064495087,
            0.0017489229794591665
        ],
        [
            0.13023053109645844,
            0.07678356021642685,
            0.0027941809967160225
        ],
        [
            0.16348372399806976,
            0.05824177339673042,
            -0.010480173863470554
        ],
        [
            0.1724550724029541,
            0.048892807215452194,
            -0.008960701525211334
        ],
        [
            0.164235919713974,
            0.03830895572900772,
            -0.0077495817095041275
        ],
        [
            0.12958839535713196,
            0.059147000312805176,
            0.008385473862290382
        ],
        [
            0.13557983934879303,
            0.0675756186246872,
            0.006604259833693504
        ],
        [
            0.1319182813167572,
            0.06929197162389755,
            0.0056325518526136875
        ],
        [
            0.1558619737625122,
            0.060419317334890366,
            0.013444457203149796
        ],
        [
            0.1616121083498001,
            0.0638977512717247,
            0.01276736706495285
        ],
        [
            0.15743114054203033,
            0.06532912701368332,
            0.010396801866590977
        ],
        [
            0.15088360011577606,
            0.06184433400630951,
            0.011382314376533031
        ],
        [
            0.0884685069322586,
            0.05154171213507652,
            -0.01047723088413477
        ],
        [
            0.08487902581691742,
            0.055651918053627014,
            -0.00026457011699676514
        ],
        [
            0.18229573965072632,
            0.07978875190019608,
            0.025287697091698647
        ],
        [
            0.18265534937381744,
            0.07817302644252777,
            0.023228788748383522
        ],
        [
            0.1225462257862091,
            0.05026658996939659,
            0.01018165796995163
        ],
        [
            0.15375295281410217,
            0.027520932257175446,
            -0.004864390939474106
        ],
        [
            0.11480502784252167,
            0.04234253242611885,
            0.013183285482227802
        ],
        [
            0.12692412734031677,
            0.07747272402048111,
            -0.016924908384680748
        ],
        [
            0.12404187023639679,
            0.0826515182852745,
            -0.011375760659575462
        ],
        [
            0.12744292616844177,
            0.08587229251861572,
            -0.009703310206532478
        ],
        [
            0.13058923184871674,
            0.08472613990306854,
            -0.014571776613593102
        ],
        [
            0.1657821238040924,
            0.08251462876796722,
            0.014600375667214394
        ],
        [
            0.16709956526756287,
            0.08019314706325531,
            0.01988714560866356
        ],
        [
            0.16724824905395508,
            0.08191269636154175,
            0.020584404468536377
        ],
        [
            0.16638748347759247,
            0.08587576448917389,
            0.016105148941278458
        ],
        [
            0.16891855001449585,
            0.05866117402911186,
            0.018368985503911972
        ],
        [
            0.17365491390228271,
            0.054737064987421036,
            0.018627244979143143
        ],
        [
            0.17461588978767395,
            0.06046378239989281,
            0.01932760700583458
        ],
        [
            0.16937576234340668,
            0.06296525150537491,
            0.01780286803841591
        ],
        [
            0.17855282127857208,
            0.054105084389448166,
            0.014823472127318382
        ],
        [
            0.1801709085702896,
            0.05998874828219414,
            0.016205400228500366
        ],
        [
            0.1685381531715393,
            0.08505802601575851,
            0.00929882563650608
        ],
        [
            0.17574341595172882,
            0.08607610315084457,
            0.006802494637668133
        ],
        [
            0.17181098461151123,
            0.07201260328292847,
            -0.00032780785113573074
        ],
        [
            0.16599124670028687,
            0.07358665764331818,
            0.004877498839050531
        ],
        [
            0.10791033506393433,
            0.02945661172270775,
            -0.018135271966457367
        ],
        [
            0.09782546013593674,
            0.03423839434981346,
            -0.017636563628911972
        ],
        [
            0.10549469292163849,
            0.04718426242470741,
            -0.017787739634513855
        ],
        [
            0.11275623738765717,
            0.05994849279522896,
            -0.0192002821713686
        ],
        [
            0.12044835090637207,
            0.07170663774013519,
            -0.01934284344315529
        ],
        [
            0.13164262473583221,
            0.06696656346321106,
            -0.021987807005643845
        ],
        [
            0.0976848304271698,
            0.04933668673038483,
            -0.01662093587219715
        ],
        [
            0.16639059782028198,
            0.06822121888399124,
            -0.00014428654685616493
        ],
        [
            0.16960939764976501,
            0.0626242384314537,
            -0.004803760442882776
        ],
        [
            0.1662788689136505,
            0.06537613272666931,
            -0.006173546425998211
        ],
        [
            0.10856328904628754,
            0.04641520604491234,
            0.013485315255820751
        ],
        [
            0.18377633392810822,
            0.0756479948759079,
            0.021424949169158936
        ],
        [
            0.11463567614555359,
            -0.012330152094364166,
            -0.0051748547703027725
        ],
        [
            0.10634677112102509,
            -0.005692221224308014,
            -0.013912214897572994
        ],
        [
            0.11300157755613327,
            -0.00022310763597488403,
            -0.012395484372973442
        ],
        [
            0.12221570312976837,
            -0.007390893995761871,
            -0.0015004221349954605
        ],
        [
            0.17226234078407288,
            0.07729556411504745,
            0.023920077830553055
        ],
        [
            0.1782572716474533,
            0.07511835545301437,
            0.02448742277920246
        ],
        [
            0.12499180436134338,
            0.08086904883384705,
            0.0011567985638976097
        ],
        [
            0.1297028809785843,
            0.08440782874822617,
            -0.00015731900930404663
        ],
        [
            0.12773503363132477,
            0.08647926151752472,
            -0.003270549001172185
        ],
        [
            0.12239201366901398,
            0.08598275482654572,
            -0.001163765788078308
        ],
        [
            0.09212329983711243,
            0.03547687083482742,
            -0.016424912959337234
        ],
        [
            0.10341394692659378,
            0.0830506682395935,
            -0.012890340760350227
        ],
        [
            0.11073852330446243,
            0.07902738451957703,
            -0.01923385262489319
        ],
        [
            0.09151849150657654,
            0.022734761238098145,
            -0.017510753124952316
        ],
        [
            0.10022735595703125,
            0.01836976408958435,
            -0.018576715141534805
        ],
        [
            0.09420144557952881,
            0.010706596076488495,
            -0.018973292782902718
        ],
        [
            0.1463458240032196,
            0.06788528710603714,
            -0.017658410593867302
        ],
        [
            0.11641673743724823,
            0.027728155255317688,
            -0.017661279067397118
        ],
        [
            0.1075243353843689,
            0.016217052936553955,
            -0.017537567764520645
        ],
        [
            0.10066074132919312,
            0.006950318813323975,
            -0.017973072826862335
        ],
        [
            0.09529336541891098,
            0.0006301403045654297,
            -0.01903483271598816
        ],
        [
            0.08873438835144043,
            0.005417056381702423,
            -0.01989031210541725
        ],
        [
            0.18161387741565704,
            0.08414041996002197,
            0.008536494337022305
        ],
        [
            0.17610874772071838,
            0.09118405729532242,
            0.010117915458977222
        ],
        [
            0.08250878006219864,
            -0.0006385445594787598,
            -0.02261897549033165
        ],
        [
            0.09008469432592392,
            -0.005742579698562622,
            -0.020864123478531837
        ],
        [
            0.1157749742269516,
            0.01286415383219719,
            -0.015160372480750084
        ],
        [
            0.12535017728805542,
            0.008497729897499084,
            -0.010345055721700191
        ],
        [
            0.12399272620677948,
            0.024195507168769836,
            -0.015184648334980011
        ],
        [
            0.13421820104122162,
            0.020878970623016357,
            -0.010992815718054771
        ],
        [
            0.15412604808807373,
            0.060427695512771606,
            -0.020338747650384903
        ],
        [
            0.17124541103839874,
            0.09886352717876434,
            0.026575876399874687
        ],
        [
            0.17052607238292694,
            0.09387680888175964,
            0.016475284472107887
        ],
        [
            0.16730386018753052,
            0.08954214304685593,
            0.018969658762216568
        ],
        [
            0.1678168773651123,
            0.09640290588140488,
            0.027410447597503662
        ],
        [
            0.16923829913139343,
            0.0893365815281868,
            0.012243954464793205
        ],
        [
            0.17633765935897827,
            0.09428472071886063,
            0.014993241056799889
        ],
        [
            0.14422449469566345,
            0.01528933271765709,
            -0.0019108005799353123
        ],
        [
            0.1631450206041336,
            0.0693969801068306,
            0.008725952357053757
        ],
        [
            0.1356222927570343,
            0.0015348568558692932,
            0.003581965807825327
        ],
        [
            0.15616893768310547,
            0.015111461281776428,
            0.007516234181821346
        ],
        [
            0.15011174976825714,
            0.0064485520124435425,
            0.01432427391409874
        ],
        [
            0.1279045194387436,
            -0.011675842106342316,
            0.011625309474766254
        ],
        [
            0.14117799699306488,
            -0.0041388049721717834,
            0.02102707512676716
        ],
        [
            0.11274464428424835,
            -0.02124941349029541,
            0.0034789862111210823
        ],
        [
            0.11973799020051956,
            -0.015719149261713028,
            0.006109385751187801
        ],
        [
            0.15255063772201538,
            0.007102567702531815,
            0.02700958587229252
        ],
        [
            0.1744457632303238,
            0.08386367559432983,
            0.03280359506607056
        ],
