{
    "pred_cam": [
        5.049144268035889,
        -0.057464636862277985,
        -0.048215996474027634
    ],
    "pred_mano_params": {
        "global_orient": [
            [
                [
                    0.4341598451137543,
                    0.5359897613525391,
                    -0.7240305542945862
                ],
                [
                    -0.70452880859375,
                    -0.29883575439453125,
                    -0.6436896920204163
                ],
                [
                    -0.5613772869110107,
                    0.7895645499229431,
                    0.24787773191928864
                ]
            ]
        ],
        "hand_pose": [
            [
                [
                    0.8865718841552734,
                    -0.43374037742614746,
                    -0.16080880165100098
                ],
                [
                    0.4323763847351074,
                    0.9005574584007263,
                    -0.045242492109537125
                ],
                [
                    0.1644410640001297,
                    -0.029419202357530594,
                    0.9859480261802673
                ]
            ],
            [
                [
                    0.8952215909957886,
                    -0.42916497588157654,
                    0.11998221278190613
                ],
                [
                    0.4447636306285858,
                    0.8438059687614441,
                    -0.30029454827308655
                ],
                [
                    0.027634214609861374,
                    0.3221938908100128,
                    0.9462702870368958
                ]
            ],
            [
                [
                    0.9598251581192017,
                    -0.27901047468185425,
                    0.029813559725880623
                ],
                [
                    0.2747049629688263,
                    0.9560079574584961,
                    0.10288875550031662
                ],
                [
                    -0.05720903351902962,
                    -0.0905652791261673,
                    0.9942460656166077
                ]
            ],
            [
                [
                    0.5906043648719788,
                    -0.7892783284187317,
                    -0.16800636053085327
                ],
                [
                    0.8050849437713623,
                    0.590508759021759,
                    0.056015439331531525
                ],
                [
                    0.05499744042754173,
                    -0.16834235191345215,
                    0.9841931462287903
                ]
            ],
            [
                [
                    0.9908260107040405,
                    -0.11679509282112122,
                    -0.06799059361219406
                ],
                [
                    0.13044217228889465,
                    0.9580572247505188,
                    0.2551688551902771
                ],
                [
                    0.03533640131354332,
                    -0.26169678568840027,
                    0.9645030498504639
                ]
            ],
            [
                [
                    0.9826938509941101,
                    -0.18441267311573029,
                    0.017458243295550346
                ],
                [
                    0.185158371925354,
                    0.9806528687477112,
                    -0.06353248655796051
                ],
                [
                    -0.005404279567301273,
                    0.06566552072763443,
                    0.9978271126747131
                ]
            ],
            [
                [
                    0.37685778737068176,
                    -0.9209771752357483,
                    0.09888949245214462
                ],
                [
                    0.6000945568084717,
                    0.32408198714256287,
                    0.7313393950462341
                ],
                [
                    -0.7055952548980713,
                    -0.21626795828342438,
                    0.6748062372207642
                ]
            ],
            [
                [
                    0.9559146761894226,
                    -0.260352224111557,
                    -0.1358080506324768
                ],
                [
                    0.27347245812416077,
                    0.9577732682228088,
                    0.08878695964813232
                ],
                [
                    0.10695745795965195,
                    -0.12201253324747086,
                    0.9867486953735352
                ]
            ],
            [
                [
                    0.9729323387145996,
                    0.2310895472764969,
                    0.0004736814880743623
                ],
                [
                    -0.21633879840373993,
                    0.9101043939590454,
                    0.3534223437309265
                ],
                [
                    0.08124110847711563,
                    -0.3439585268497467,
                    0.9354636073112488
                ]
            ],
            [
                [
                    0.4712432622909546,
                    -0.8797908425331116,
                    0.062433209270238876
                ],
                [
                    0.8672221302986145,
                    0.4750883877277374,
                    0.14905303716659546
                ],
                [
                    -0.16079679131507874,
                    -0.016096774488687515,
                    0.9868562817573547
                ]
            ],
            [
                [
                    0.9909690618515015,
                    -0.12476272135972977,
                    -0.04913870617747307
                ],
                [
                    0.13392995297908783,
                    0.9029781818389893,
                    0.4082806408405304
                ],
                [
                    -0.006567033007740974,
                    -0.41117459535598755,
                    0.9115328788757324
                ]
            ],
            [
                [
                    0.9591084122657776,
                    -0.26718735694885254,
                    0.09339075535535812
                ],
                [
                    0.2562897801399231,
                    0.9598495960235596,
                    0.11403647810220718
                ],
                [
                    -0.1201101765036583,
                    -0.08543825894594193,
                    0.9890772104263306
                ]
            ],
            [
                [
                    0.9865845441818237,
                    -0.049733761698007584,
                    -0.15549087524414062
                ],
                [
                    -0.10563907772302628,
                    0.5316768288612366,
                    -0.8403333425521851
                ],
                [
                    0.12446381896734238,
                    0.8454858660697937,
                    0.5192903280258179
                ]
            ],
            [
                [
                    0.9510879516601562,
                    -0.2911699116230011,
                    0.10320757329463959
                ],
                [
                    0.16126202046871185,
                    0.7529155015945435,
                    0.6380538940429688
                ],
                [
                    -0.26348868012428284,
                    -0.5902018547058105,
                    0.7630435228347778
                ]
            ],
            [
                [
                    0.9904836416244507,
                    -0.1308443695306778,
                    0.042686060070991516
                ],
                [
                    0.1370043158531189,
                    0.9669200778007507,
                    -0.21516364812850952
                ],
                [
                    -0.013121061027050018,
                    0.21896421909332275,
                    0.9756447672843933
                ]
            ]
        ],
        "betas": [
            0.041189178824424744,
            -0.00032135844230651855,
            0.008997172117233276,
            0.03721490502357483,
            0.018850982189178467,
            -0.016036998480558395,
            0.04014870524406433,
            -0.07049962878227234,
            -0.03639470040798187,
            -0.06049180030822754
        ]
    },
    "pred_cam_t": [
        -0.057464636862277985,
        -0.048215996474027634,
        7.736459255218506
    ],
    "focal_length": [
        5000.0,
        5000.0
    ],
    "pred_keypoints_3d": [
        [
            0.09552748501300812,
            0.0063690682873129845,
            0.006167340092360973
        ],
        [
            0.058110736310482025,
            0.011353914625942707,
            0.013808104209601879
        ],
        [
            0.031159354373812675,
            0.026005323976278305,
            0.01569158397614956
        ],
        [
            0.007559718564152718,
            0.038884490728378296,
            0.018708910793066025
        ],
        [
            -0.025531170889735222,
            0.05116342753171921,
            0.017463775351643562
        ],
        [
            0.03959260135889053,
            0.05664900690317154,
            0.056555088609457016
        ],
        [
            0.022848814725875854,
            0.08379711955785751,
            0.06480192393064499
        ],
        [
            0.010756311006844044,
            0.10031135380268097,
            0.05636420473456383
        ],
        [
            -0.002339676022529602,
            0.11663229763507843,
            0.04271918907761574
        ],
        [
            0.05612622946500778,
            0.07558880746364594,
            0.05724220350384712
        ],
        [
            0.040377695113420486,
            0.10098632425069809,
            0.046870872378349304
        ],
        [
            0.02871830202639103,
            0.11609876155853271,
            0.03367511183023453
        ],
        [
            0.015152309089899063,
            0.13323985040187836,
            0.01965045928955078
        ],
        [
            0.07722949981689453,
            0.08221439272165298,
            0.042281996458768845
        ],
        [
            0.05787383019924164,
            0.10067407786846161,
            0.03171165660023689
        ],
        [
            0.044660381972789764,
            0.11234880983829498,
            0.014385093003511429
        ],
        [
            0.02851046621799469,
            0.12193191796541214,
            -0.0027417652308940887
        ],
        [
            0.09156961739063263,
            0.08550820499658585,
            0.02621440961956978
        ],
        [
            0.07532063126564026,
            0.09438593685626984,
            0.016217190772294998
        ],
        [
            0.06285837292671204,
            0.09868700057268143,
            0.002696804702281952
        ],
        [
            0.04707537963986397,
            0.10602161288261414,
            -0.011948133818805218
        ]
    ],
    "pred_vertices": [
        [
            0.05327915400266647,
            0.03643716871738434,
            0.02461850643157959
        ],
        [
            0.0579305924475193,
            0.03024834394454956,
            0.01726379618048668
        ],
        [
            0.04872428625822067,
            0.0338280126452446,
            0.01841028779745102
        ],
        [
            0.04431190341711044,
            0.03772455453872681,
            0.02658350020647049
        ],
        [
            0.051588453352451324,
            0.024077150970697403,
            -0.0007794424891471863
        ],
        [
            0.04752510040998459,
            0.013440493494272232,
            -0.003793340176343918
        ],
        [
            0.03470478951931,
            0.0228203684091568,
            0.0005162358283996582
        ],
        [
            0.039489053189754486,
            0.03129153698682785,
            0.0015166029334068298
        ],
        [
            0.03715936094522476,
            0.038871876895427704,
            0.02952330932021141
        ],
        [
            0.040695495903491974,
            0.03720653057098389,
            0.01936381310224533
        ],
        [
            0.034258000552654266,
            0.037282057106494904,
            0.03214063122868538
        ],
        [
            0.03550524637103081,
            0.036207616329193115,
            0.04633079469203949
        ],
        [
            0.035900309681892395,
            0.03978697210550308,
            0.04029933363199234
        ],
        [
            0.03589745610952377,
            0.039749626070261,
            0.05408600717782974
        ],
        [
            0.04182075709104538,
            0.028031686320900917,
            0.05027572810649872
        ],
        [
            0.043037306517362595,
            0.03881574049592018,
            0.06044021621346474
        ],
        [
            0.07118487358093262,
            0.03268689662218094,
            0.0525030791759491
        ],
        [
            0.08275903016328812,
            0.03840155526995659,
            0.04792460426688194
        ],
        [
            0.07671081274747849,
            0.05229960381984711,
            0.05711724981665611
        ],
        [
            0.06507286429405212,
            0.045229144394397736,
            0.05987672135233879
        ],
        [
            0.09226275980472565,
            0.05751236528158188,
            0.043996699154376984
        ],
        [
            0.08342871814966202,
            0.05531652271747589,
            0.051663003861904144
        ],
        [
            0.0901862233877182,
            0.041081350296735764,
            0.04351067543029785
        ],
        [
            0.09753451496362686,
            0.04365290701389313,
            0.036837268620729446
        ],
        [
            0.06805442273616791,
            0.03793500363826752,
            0.01869920641183853
        ],
        [
            0.07257820665836334,
            0.030985277146100998,
            0.011860430240631104
        ],
        [
            0.06779017299413681,
            0.029561318457126617,
            0.014980033040046692
        ],
        [
            0.06321588903665543,
            0.03629130870103836,
            0.021001368761062622
        ],
        [
            0.027061933651566505,
            0.03081967681646347,
            0.029235556721687317
        ],
        [
            0.03501871973276138,
            0.021917667239904404,
            0.035208240151405334
        ],
        [
            0.03466033935546875,
            0.029864298179745674,
            0.03651456534862518
        ],
        [
            0.02748413011431694,
            0.03593931347131729,
            0.026700405403971672
        ],
        [
            0.0864187479019165,
            0.020250707864761353,
            -0.011537417769432068
        ],
        [
            0.09309296309947968,
            0.008545249700546265,
            -0.012849580496549606
        ],
        [
            0.088885098695755,
            0.00510966032743454,
            -0.010542798787355423
        ],
        [
            0.08393056690692902,
            0.016455426812171936,
            -0.009362533688545227
        ],
        [
            0.06779047846794128,
            0.0006313063204288483,
            -0.005707602947950363
        ],
        [
            0.07613513618707657,
            -0.006217099726200104,
            -0.004611913114786148
        ],
        [
            0.07566249370574951,
            -0.01785118877887726,
            0.0020704902708530426
        ],
        [
            0.06679859012365341,
            -0.012170039117336273,
            0.004028748720884323
        ],
        [
            0.057273756712675095,
            0.0072884224355220795,
            -0.0051987431943416595
        ],
        [
            0.05534070357680321,
            -0.004524368792772293,
            0.0015124678611755371
        ],
        [
            0.04492246359586716,
            0.0037984699010849,
            0.0016089938580989838
        ],
        [
            0.032507915049791336,
            0.015022527426481247,
            0.005104396492242813
        ],
        [
            0.1038772240281105,
            0.015028528869152069,
            -0.01524219661951065
        ],
        [
            0.10032328218221664,
            0.02462828904390335,
            -0.015178389847278595
        ],
        [
            0.015084467828273773,
            0.08191798627376556,
            0.05473622679710388
        ],
        [
            0.019049091264605522,
            0.08566103875637054,
            0.05233246088027954
        ],
        [
            0.021134234964847565,
            0.0813078060746193,
            0.0519266314804554
        ],
        [
            0.016904082149267197,
            0.07855046540498734,
            0.054631106555461884
        ],
        [
            0.11779278516769409,
            0.023645944893360138,
            -0.003299318253993988
        ],
        [
            0.12171387672424316,
            0.021061904728412628,
            0.005598776042461395
        ],
        [
            0.12438930571079254,
            0.016396120190620422,
            0.000687669962644577
        ],
        [
            0.1194542944431305,
            0.017398379743099213,
            -0.007239010185003281
        ],
        [
            0.11556708812713623,
            0.03186684846878052,
            0.0019173622131347656
        ],
        [
            0.11735117435455322,
            0.027453266084194183,
            0.01212674006819725
        ],
        [
            0.014614226296544075,
            0.08361108601093292,
            0.06732922792434692
        ],
        [
            0.012296278029680252,
            0.08158281445503235,
            0.06320770829916
        ],
        [
            0.015255061909556389,
            0.07780231535434723,
            0.06467223912477493
        ],
        [
            0.01869918778538704,
            0.07943519949913025,
            0.06838009506464005
        ],
        [
            0.04047086089849472,
            0.04153863713145256,
            0.03469182178378105
        ],
        [
            0.04857916384935379,
            0.04276193678379059,
            0.03021409548819065
        ],
        [
            0.035671789199113846,
            0.054334864020347595,
            0.045216530561447144
        ],
        [
            0.04197583347558975,
            0.05014137923717499,
            0.0398310050368309
        ],
        [
            0.03729208931326866,
            0.04539293050765991,
            0.04229946434497833
        ],
        [
            0.03322761878371239,
            0.04900360479950905,
            0.047732219099998474
        ],
        [
            0.06283611804246902,
            0.0565086305141449,
            0.030502809211611748
        ],
        [
            0.06698101758956909,
            0.047572243958711624,
            0.024345211684703827
        ],
        [
            0.061327528208494186,
            0.04600527510046959,
            0.02744513563811779
        ],
        [
            0.055058687925338745,
            0.05513324588537216,
            0.0340304970741272
        ],
        [
            0.0770408883690834,
            0.05361849069595337,
            0.016476362943649292
        ],
        [
            0.07250183820724487,
            0.06169120967388153,
            0.023606538772583008
        ],
        [
            0.07883234322071075,
            0.06395727396011353,
            0.018295224756002426
        ],
        [
            0.08035378903150558,
            0.05821434035897255,
            0.013368014246225357
        ],
        [
            0.06272346526384354,
            0.07308829575777054,
            0.03722182661294937
        ],
        [
            0.060424502938985825,
            0.07669012248516083,
            0.04089447110891342
        ],
        [
            0.062159255146980286,
            0.07834126800298691,
            0.03854544833302498
        ],
        [
            0.06556158512830734,
            0.07399430125951767,
            0.03517098352313042
        ],
        [
            0.12729772925376892,
            0.011194013059139252,
            -0.003181241452693939
        ],
        [
            0.12061183154582977,
            0.010883957147598267,
            -0.010350842028856277
        ],
        [
            0.10586097836494446,
            0.06420847028493881,
            0.02804659865796566
        ],
        [
            0.10790105164051056,
            0.06398417055606842,
            0.017030004411935806
        ],
        [
            0.1040411964058876,
            0.07607236504554749,
            0.021304210647940636
        ],
        [
            0.10342276096343994,
            0.07356007397174835,
            0.033150315284729004
        ],
        [
            0.11977677792310715,
            0.0169784277677536,
            0.014918450266122818
        ],
        [
            0.1246466189622879,
            0.013101659715175629,
            0.010164570063352585
        ],
        [
            0.019254744052886963,
            0.08742240071296692,
            0.068964883685112
        ],
        [
            0.0234748013317585,
            0.08297711610794067,
            0.06925708800554276
        ],
        [
            0.047821104526519775,
            -0.0038575828075408936,
            0.013443302363157272
        ],
        [
            0.032401446253061295,
            0.009747736155986786,
            0.013498030602931976
        ],
        [
            0.061528678983449936,
            -0.012536302208900452,
            0.013706430792808533
        ],
        [
            0.07212508469820023,
            -0.017177917063236237,
            0.01414373517036438
        ],
        [
            0.0794280543923378,
            -0.022505704313516617,
            0.012702010571956635
        ],
        [
            0.04499586671590805,
            0.056123845279216766,
            0.0398334376513958
        ],
        [
            0.05719093605875969,
            0.04180101305246353,
            0.0266500823199749
        ],
        [
            0.07206714898347855,
            0.039855848997831345,
            0.016178876161575317
        ],
        [
            0.09176461398601532,
            0.05728008225560188,
            0.00010338053107261658
        ],
        [
            0.09471294283866882,
            0.04922693967819214,
            -0.005690399557352066
        ],
        [
            0.08544947952032089,
            0.04741065204143524,
            -0.0005361475050449371
        ],
        [
            0.08513607829809189,
            0.05470883101224899,
            0.003986969590187073
        ],
        [
            0.10363389551639557,
            0.06641701608896255,
            0.008154388517141342
        ],
        [
            0.09600360691547394,
            0.06668693572282791,
            0.005500487983226776
        ],
        [
            0.09386052191257477,
            0.07286912202835083,
            0.009888630360364914
        ],
        [
            0.10067152976989746,
            0.07495089620351791,
            0.01294134370982647
        ],
        [
            0.023762328550219536,
            0.02417534589767456,
            0.02822345308959484
        ],
        [
            0.03447540104389191,
            0.014953721314668655,
            0.032155975699424744
        ],
        [
            0.11064183712005615,
            0.024362511932849884,
            -0.011081121861934662
        ],
        [
            0.11121983826160431,
            0.01684490591287613,
            -0.013150285929441452
        ],
        [
            0.11443404853343964,
            0.009089112281799316,
            -0.014688119292259216
        ],
        [
            0.07826951146125793,
            0.024883165955543518,
            4.3895095586776733e-05
        ],
        [
            0.08212661743164062,
            0.013827797025442123,
            -0.007963251322507858
        ],
        [
            0.0784342885017395,
            0.012223716825246811,
            -0.006383482366800308
        ],
        [
            0.07648774236440659,
            0.02332528680562973,
            0.002623550593852997
        ],
        [
            0.062209248542785645,
            0.02559690549969673,
            0.007408320903778076
        ],
        [
            0.06372062861919403,
            0.01707279682159424,
            -0.0026685893535614014
        ],
        [
            0.05237405002117157,
            0.03184467926621437,
            0.008203193545341492
        ],
        [
            0.08387839794158936,
            -0.0008765533566474915,
            -0.008235648274421692
        ],
        [
            0.0929068922996521,
            -0.0038051754236221313,
            -0.013782374560832977
        ],
        [
            0.08723391592502594,
            -0.009521529078483582,
            -0.010024834424257278
        ],
        [
            0.10074713081121445,
            0.0015743523836135864,
            -0.01614490896463394
        ],
        [
            0.10828514397144318,
            0.006281711161136627,
            -0.016762927174568176
        ],
        [
            0.1307697743177414,
            0.007717438042163849,
            0.007686726748943329
        ],
        [
            0.08245247602462769,
            -0.014215677976608276,
            -0.005066949874162674
        ],
        [
            0.030572954565286636,
            0.03425070643424988,
            0.004783205687999725
        ],
        [
            0.022307714447379112,
            0.03571144863963127,
            0.007360324263572693
        ],
        [
            0.025641050189733505,
            0.04025908559560776,
            0.012501714751124382
        ],
        [
            0.03370809555053711,
            0.039002545177936554,
            0.010795850306749344
        ],
        [
            0.034524183720350266,
            0.04612964391708374,
            0.06069440394639969
        ],
        [
            0.03175253048539162,
            0.04713580012321472,
            0.053436435759067535
        ],
        [
            0.034409087151288986,
            0.04095636308193207,
            0.04718395322561264
        ],
        [
            0.08631723374128342,
            0.03150098770856857,
            -0.008609894663095474
        ],
        [
            0.0980684757232666,
            0.03475090488791466,
            -0.01201772689819336
        ],
        [
            0.03861234709620476,
            0.06030867248773575,
            0.045547548681497574
        ],
        [
            0.022150199860334396,
            0.0759749710559845,
            0.06991315633058548
        ],
        [
            0.018268894404172897,
            0.07371938228607178,
            0.06596311181783676
        ],
        [
            0.027514992281794548,
            0.058904048055410385,
            0.06454066932201385
        ],
        [
            0.031609952449798584,
            0.061900924891233444,
            0.06917605549097061
        ],
        [
            0.040738657116889954,
            0.06850779801607132,
            0.052090588957071304
        ],
        [
            0.03704312443733215,
            0.0641220211982727,
            0.048259586095809937
        ],
        [
            0.0367375873029232,
            0.066409632563591,
            0.0498516708612442
        ],
        [
            0.03981578350067139,
            0.07173100113868713,
            0.05206901207566261
        ],
        [
            0.06915146857500076,
            0.07904431968927383,
            0.03230006620287895
        ],
        [
            0.07194969803094864,
            0.07507286965847015,
            0.029412761330604553
        ],
        [
            0.057777125388383865,
            0.058937184512615204,
            0.06371165066957474
        ],
        [
            0.050095852464437485,
            0.048802975565195084,
            0.06876105070114136
        ],
        [
            0.05430632829666138,
            0.03948213905096054,
            0.062319688498973846
        ],
        [
            0.06874466687440872,
            0.05874084681272507,
            0.026518506929278374
        ],
        [
            0.06563818454742432,
            0.06702868640422821,
            0.031695183366537094
        ],
        [
            0.06893206387758255,
            0.06844174861907959,
            0.029682302847504616
        ],
        [
            0.04644071310758591,
            0.06045832112431526,
            0.04129309952259064
        ],
        [
            0.042646441608667374,
            0.06478273123502731,
            0.04617568850517273
        ],
        [
            0.0477270632982254,
            0.06499983370304108,
            0.044336095452308655
        ],
        [
            0.05141955614089966,
            0.06148463487625122,
            0.039215534925460815
        ],
        [
            0.11185525357723236,
            0.052330173552036285,
            0.011986292898654938
        ],
        [
            0.10706105083227158,
            0.05577443912625313,
            0.001776415854692459
        ],
        [
            0.0125587098300457,
            0.08073143661022186,
            0.05862228572368622
        ],
        [
            0.014799532480537891,
            0.07722654193639755,
            0.0594073086977005
        ],
        [
            0.07262390106916428,
            0.049941107630729675,
            0.020523767918348312
        ],
        [
            0.05982202664017677,
            0.028980527073144913,
            0.053686127066612244
        ],
        [
            0.07612213492393494,
            0.04205608367919922,
            0.013185951858758926
        ],
        [
            0.08700685203075409,
            0.07883769273757935,
            0.041060060262680054
        ],
        [
            0.08407562226057053,
            0.08180820196866989,
            0.033255867660045624
        ],
        [
            0.08018451929092407,
            0.08488372713327408,
            0.033500440418720245
        ],
        [
            0.08122014254331589,
            0.08510401099920273,
            0.039560042321681976
        ],
        [
            0.032728180289268494,
            0.08394081890583038,
            0.05508509278297424
        ],
        [
            0.028328383341431618,
            0.08194587379693985,
            0.051862847059965134
        ],
        [
            0.02610139362514019,
            0.0850590318441391,
            0.05181784927845001
        ],
        [
            0.029868051409721375,
            0.08769750595092773,
            0.055394284427165985
        ],
        [
            0.03333371505141258,
            0.05953666567802429,
            0.04837837815284729
        ],
        [
            0.03020544908940792,
            0.05458199232816696,
            0.05099291354417801
        ],
        [
            0.028041580691933632,
            0.060138851404190063,
            0.05249932035803795
        ],
        [
            0.03225903958082199,
            0.06382259726524353,
            0.05036865174770355
        ],
        [
            0.0291733518242836,
            0.05292108654975891,
            0.057169195264577866
        ],
        [
            0.026452694088220596,
            0.05811597779393196,
            0.05835524573922157
        ],
        [
            0.03460046648979187,
            0.08439737558364868,
            0.06118650734424591
        ],
        [
            0.03222448378801346,
            0.08236245065927505,
            0.06795783340930939
        ],
        [
            0.041853997856378555,
            0.07075273245573044,
            0.06643246114253998
        ],
        [
            0.04145585000514984,
            0.07410860806703568,
            0.059160467237234116
        ],
        [
            0.10350631177425385,
            0.03057001531124115,
            0.03138803690671921
        ],
        [
            0.11022384464740753,
            0.035311661660671234,
            0.023864025250077248
        ],
        [
            0.10467179119586945,
            0.04854992404580116,
            0.029317330569028854
        ],
        [
            0.10020305216312408,
            0.06213000416755676,
            0.03542933985590935
        ],
        [
            0.09446901828050613,
            0.07413354516029358,
            0.04066701978445053
        ],
        [
            0.08855625987052917,
            0.06934579461812973,
            0.050311341881752014
        ],
        [
            0.109428271651268,
            0.050602830946445465,
            0.022857239469885826
        ],
        [
            0.048479899764060974,
            0.06746019423007965,
            0.05667618289589882
        ],
        [
            0.04866288602352142,
            0.06253010779619217,
            0.06470157951116562
        ],
        [
            0.052418213337659836,
            0.06504793465137482,
            0.061218567192554474
        ],
        [
            0.08030028641223907,
            0.04602765664458275,
            0.008433792740106583
        ],
        [
            0.017126701772212982,
            0.07306480407714844,
            0.06090833246707916
        ],
        [
            0.09088969230651855,
            -0.011784754693508148,
            0.028299249708652496
        ],
        [
            0.1025647222995758,
            -0.0048364996910095215,
            0.028292959555983543
        ],
        [
            0.09659013152122498,
            0.0006026029586791992,
            0.03178133815526962
        ],
        [
            0.0828571543097496,
            -0.006941467523574829,
            0.03106987103819847
        ],
        [
            0.022661902010440826,
            0.07795454561710358,
            0.05190030857920647
        ],
        [
            0.01842251420021057,
            0.07445276528596878,
            0.054940592497587204
        ],
        [
            0.07579252123832703,
            0.07839632034301758,
            0.025519318878650665
        ],
        [
            0.07302501797676086,
            0.08185296505689621,
            0.028963616117835045
        ],
        [
            0.07572489976882935,
            0.08404086530208588,
            0.028729893267154694
        ],
        [
            0.07810215651988983,
            0.0822644829750061,
            0.023619135841727257
        ],
        [
            0.11344077438116074,
            0.036507464945316315,
            0.01892312988638878
        ],
        [
            0.09828303754329681,
            0.08337568491697311,
            0.01936035230755806
        ],
        [
            0.09827530384063721,
            0.08120452612638474,
            0.031485069543123245
        ],
        [
            0.11481541395187378,
            0.023716218769550323,
            0.019533369690179825
        ],
        [
            0.10949145257472992,
            0.019425518810749054,
            0.026522189378738403
        ],
        [
            0.11427953839302063,
            0.01175118237733841,
            0.022816775366663933
        ],
        [
            0.07476693391799927,
            0.06914760172367096,
            0.056670255959033966
        ],
        [
            0.09712690860033035,
            0.028806272894144058,
            0.03700651228427887
        ],
        [
            0.10363194346427917,
            0.017235271632671356,
            0.030951932072639465
        ],
        [
            0.10907548666000366,
            0.007968172430992126,
            0.026721078902482986
        ],
        [
            0.11383166909217834,
            0.0016902238130569458,
            0.02393990568816662
        ],
        [
            0.11895257234573364,
            0.006486609578132629,
            0.019801538437604904
        ],
        [
            0.027403883635997772,
            0.07942317426204681,
            0.07002619653940201
        ],
        [
            0.028553372249007225,
            0.08716344833374023,
            0.06731867045164108
        ],
        [
            0.12544924020767212,
            0.0005501732230186462,
            0.01755153015255928
        ],
        [
            0.1189848780632019,
            -0.004595547914505005,
            0.021767597645521164
        ],
        [
            0.09616970270872116,
            0.013785690069198608,
            0.03514314815402031
        ],
        [
            0.0860191136598587,
            0.009442947804927826,
            0.03887335583567619
        ],
        [
            0.09003623574972153,
            0.02514832466840744,
            0.04063665494322777
        ],
        [
            0.07974898815155029,
            0.021817665547132492,
            0.04501219838857651
        ],
        [
            0.0710785910487175,
            0.06219064071774483,
            0.06457298994064331
        ],
        [
            0.018603503704071045,
            0.10213257372379303,
            0.06144978478550911
        ],
        [
            0.02658131532371044,
            0.09399575740098953,
            0.062272123992443085
        ],
        [
            0.026521362364292145,
            0.09265514463186264,
            0.056623462587594986
        ],
        [
            0.02002989873290062,
            0.10186517983675003,
            0.05742941424250603
        ],
        [
            0.031048152595758438,
            0.08862871676683426,
            0.06106971576809883
        ],
        [
            0.024241643026471138,
            0.09169356524944305,
            0.06698843836784363
        ],
        [
            0.06528452783823013,
            0.01652740314602852,
            0.045631278306245804
        ],
        [
            0.04540228843688965,
            0.06858272105455399,
            0.04870757460594177
        ],
        [
            0.06877025961875916,
            0.0022457949817180634,
            0.03651933744549751
        ],
        [
            0.047395769506692886,
            0.01663466915488243,
            0.04534192755818367
        ],
        [
            0.04897085577249527,
            0.006695229560136795,
            0.03627979755401611
        ],
        [
            0.07061389088630676,
            -0.01219777762889862,
            0.02582714706659317
        ],
        [
            0.05406229943037033,
            -0.0056015364825725555,
            0.026288382709026337
        ],
        [
            0.08652514219284058,
            -0.021147705614566803,
            0.021110929548740387
        ],
        [
            0.07992275804281235,
            -0.015852216631174088,
            0.024175118654966354
        ],
        [
            0.03957577794790268,
            0.004208344966173172,
            0.02452235296368599
        ],
        [
            0.01157321035861969,
            0.09139395505189896,
