{
    "pred_cam": [
        9.248916625976562,
        0.12667697668075562,
        -0.057267092168331146
    ],
    "pred_mano_params": {
        "global_orient": [
            [
                [
                    -0.735983669757843,
                    0.2283475399017334,
                    0.6373268365859985
                ],
                [
                    -0.6739590764045715,
                    -0.33624470233917236,
                    -0.657813549041748
                ],
                [
                    0.06408767402172089,
                    -0.9136722087860107,
                    0.40136751532554626
                ]
            ]
        ],
        "hand_pose": [
            [
                [
                    0.7153140306472778,
                    -0.5532620549201965,
                    -0.426880419254303
                ],
                [
                    0.5727479457855225,
                    0.8141552209854126,
                    -0.09545183926820755
                ],
                [
                    0.40035679936408997,
                    -0.17621685564517975,
                    0.8992563486099243
                ]
            ],
            [
                [
                    0.4909411370754242,
                    -0.8190938830375671,
                    0.29675254225730896
                ],
                [
                    0.871131420135498,
                    0.4575069546699524,
                    -0.17837445437908173
                ],
                [
                    0.010339068248867989,
                    0.34608179330825806,
                    0.9381473660469055
                ]
            ],
            [
                [
                    0.8797697424888611,
                    -0.35911092162132263,
                    0.31151989102363586
                ],
                [
                    0.3046474754810333,
                    0.9289199113845825,
                    0.2104702740907669
                ],
                [
                    -0.3649592101573944,
                    -0.09026161581277847,
                    0.9266378879547119
                ]
            ],
            [
                [
                    0.6578946709632874,
                    -0.6270330548286438,
                    -0.41713792085647583
                ],
                [
                    0.7043735980987549,
                    0.7083262205123901,
                    0.04617100954055786
                ],
                [
                    0.2665189802646637,
                    -0.32419660687446594,
                    0.9076696038246155
                ]
            ],
            [
                [
                    0.375692754983902,
                    -0.8883472084999084,
                    -0.26399657130241394
                ],
                [
                    0.9226611256599426,
                    0.3318290114402771,
                    0.19643321633338928
                ],
                [
                    -0.08689917623996735,
                    -0.31737789511680603,
                    0.9443091750144958
                ]
            ],
            [
                [
                    0.9092437624931335,
                    -0.38354960083961487,
                    0.16175764799118042
                ],
                [
                    0.38480937480926514,
                    0.9226644039154053,
                    0.024741316214203835
                ],
                [
                    -0.15873755514621735,
                    0.03974996507167816,
                    0.9865203499794006
                ]
            ],
            [
                [
                    0.8241012692451477,
                    -0.5400502681732178,
                    0.170888289809227
                ],
                [
                    0.5277116894721985,
                    0.8416208028793335,
                    0.11486882716417313
                ],
                [
                    -0.20585808157920837,
                    -0.004483815282583237,
                    0.9785715937614441
                ]
            ],
            [
                [
                    0.470394104719162,
                    -0.8362075686454773,
                    -0.2819330096244812
                ],
                [
                    0.6903055906295776,
                    0.1496560126543045,
                    0.7078709006309509
                ],
                [
                    -0.5497340559959412,
                    -0.5275982618331909,
                    0.6476360559463501
                ]
            ],
            [
                [
                    0.8579811453819275,
                    -0.5096205472946167,
                    0.0644606351852417
                ],
                [
                    0.4545228183269501,
                    0.8116356730461121,
                    0.36695581674575806
                ],
                [
                    -0.23932678997516632,
                    -0.285542368888855,
                    0.9280022978782654
                ]
            ],
            [
                [
                    0.707450807094574,
                    -0.6839487552642822,
                    -0.17812195420265198
                ],
                [
                    0.6717589497566223,
                    0.7290391325950623,
                    -0.1313084065914154
                ],
                [
                    0.21966606378555298,
                    -0.02676077000796795,
                    0.975208044052124
                ]
            ],
            [
                [
                    0.37006649374961853,
                    -0.9007742404937744,
                    -0.22728091478347778
                ],
                [
                    0.7925184965133667,
                    0.17845162749290466,
                    0.5831547379493713
                ],
                [
                    -0.48473209142684937,
                    -0.39593037962913513,
                    0.7799192070960999
                ]
            ],
            [
                [
                    0.9007190465927124,
                    -0.4265853762626648,
                    0.0820377916097641
                ],
                [
                    0.4167152941226959,
                    0.9018374085426331,
                    0.11418232321739197
                ],
                [
                    -0.1226932555437088,
                    -0.06865978240966797,
                    0.9900667667388916
                ]
            ],
            [
                [
                    0.7798084020614624,
                    0.08375909924507141,
                    -0.6203896403312683
                ],
                [
                    -0.5467115640640259,
                    0.5738925933837891,
                    -0.6097161173820496
                ],
                [
                    0.3049677312374115,
                    0.8146359324455261,
                    0.4933183491230011
                ]
            ],
            [
                [
                    0.8826093673706055,
                    -0.3063715100288391,
                    -0.35656285285949707
                ],
                [
                    0.452379435300827,
                    0.759833812713623,
                    0.46691039204597473
                ],
                [
                    0.12788045406341553,
                    -0.5734012722969055,
                    0.8092325925827026
                ]
            ],
            [
                [
                    0.6979451179504395,
                    -0.7003129720687866,
                    0.14978137612342834
                ],
                [
                    0.6793049573898315,
                    0.5811718106269836,
                    -0.4480894207954407
                ],
                [
                    0.2267540842294693,
                    0.4144890308380127,
                    0.8813520669937134
                ]
            ]
        ],
        "betas": [
            -0.037859320640563965,
            -0.12772932648658752,
            -0.04266431927680969,
            -0.024682849645614624,
            0.04084354639053345,
            -0.03641530126333237,
            0.0385608971118927,
            -0.01168966293334961,
            -0.0038520842790603638,
            -0.0377022922039032
        ]
    },
    "pred_cam_t": [
        -0.12667697668075562,
        -0.057267092168331146,
        4.223467826843262
    ],
    "focal_length": [
        5000.0,
        5000.0
    ],
    "pred_keypoints_3d": [
        [
            0.09593741595745087,
            0.00640436727553606,
            0.006223727948963642
        ],
        [
            0.12661387026309967,
            0.010862098075449467,
            0.029227711260318756
        ],
        [
            0.1520588994026184,
            0.02794736996293068,
            0.032800935208797455
        ],
        [
            0.1670161485671997,
            0.04993376135826111,
            0.027254618704319
        ],
        [
            0.17414677143096924,
            0.07821622490882874,
            0.04447505250573158
        ],
        [
            0.17282164096832275,
            0.054086752235889435,
            0.013600613921880722
        ],
        [
            0.18128475546836853,
            0.08507005125284195,
            0.021520009264349937
        ],
        [
            0.17239691317081451,
            0.09023746103048325,
            0.04126863181591034
        ],
        [
            0.16591431200504303,
            0.08596686273813248,
            0.06444103270769119
        ],
        [
            0.16321370005607605,
            0.07309854030609131,
            0.00015872716903686523
        ],
        [
            0.16380681097507477,
            0.10240596532821655,
            0.012482352554798126
        ],
        [
            0.1542772799730301,
            0.0994514673948288,
            0.0336049422621727
        ],
        [
            0.14843234419822693,
            0.0909477099776268,
            0.0571134090423584
        ],
        [
            0.13832299411296844,
            0.08057072013616562,
            -0.006151375360786915
        ],
        [
            0.14250501990318298,
            0.10757653415203094,
            0.0034404750913381577
        ],
        [
            0.132895827293396,
            0.10379054397344589,
            0.02608434297144413
        ],
        [
            0.12612001597881317,
            0.09414351731538773,
            0.04850099980831146
        ],
        [
            0.116890549659729,
            0.08475334942340851,
            -0.006491336040198803
        ],
        [
            0.12093253433704376,
            0.10498419404029846,
            -0.0015494329854846
        ],
        [
            0.11384149640798569,
            0.10387026518583298,
            0.01609237864613533
        ],
        [
            0.10836294293403625,
            0.09302700310945511,
            0.030157048255205154
        ]
    ],
    "pred_vertices": [
        [
            0.13762786984443665,
            0.03412456810474396,
            0.02327679470181465
        ],
        [
            0.12791773676872253,
            0.027556465938687325,
            0.02430175617337227
        ],
        [
            0.13611644506454468,
            0.03139020502567291,
            0.026061994954943657
        ],
        [
            0.14500068128108978,
            0.034994009882211685,
            0.026374032720923424
        ],
        [
            0.12559500336647034,
            0.026958925649523735,
            0.040371641516685486
        ],
        [
            0.12804363667964935,
            0.017654631286859512,
            0.04782738536596298
        ],
        [
            0.14303576946258545,
            0.028694698587059975,
            0.046224746853113174
        ],
        [
            0.13795191049575806,
            0.03547295182943344,
            0.04039419814944267
        ],
        [
            0.15180416405200958,
            0.03571902960538864,
            0.02601030096411705
        ],
        [
            0.1432427167892456,
            0.03512479364871979,
            0.027509190142154694
        ],
        [
            0.15416571497917175,
            0.03357328474521637,
            0.02165473811328411
        ],
        [
            0.16523656249046326,
            0.03253690525889397,
            0.017854921519756317
        ],
        [
            0.16113506257534027,
            0.036726485937833786,
            0.023401711136102676
        ],
        [
            0.17208299040794373,
            0.03654558211565018,
            0.015195945277810097
        ],
        [
            0.163629412651062,
            0.024062979966402054,
            0.011452972888946533
        ],
        [
            0.17220182716846466,
            0.03550179302692413,
            0.006012113764882088
        ],
        [
            0.1474831998348236,
            0.030180811882019043,
            -0.007022107020020485
        ],
        [
            0.13685080409049988,
            0.03635537251830101,
            -0.012462303973734379
        ],
        [
            0.14822189509868622,
            0.04964681342244148,
            -0.014105862006545067
        ],
        [
            0.15779182314872742,
            0.04248862713575363,
            -0.0075356438755989075
        ],
        [
            0.12808376550674438,
            0.054868172854185104,
            -0.016753099858760834
        ],
        [
            0.13975733518600464,
            0.052734654396772385,
            -0.01546564418822527
        ],
        [
            0.12870296835899353,
            0.039183758199214935,
            -0.015131915919482708
        ],
        [
            0.11884075403213501,
            0.041958779096603394,
            -0.016179440543055534
        ],
        [
            0.12451452016830444,
            0.036913830786943436,
            0.01764490269124508
        ],
        [
            0.1154368668794632,
            0.029778677970170975,
            0.019274652004241943
        ],
        [
            0.11986113339662552,
            0.027387049049139023,
            0.020717792212963104
        ],
        [
            0.12885980308055878,
            0.034725986421108246,
            0.019549023360013962
        ],
        [
            0.1573934108018875,
            0.030562927946448326,
            0.020831532776355743
        ],
        [
            0.1575300097465515,
            0.019190099090337753,
            0.021334676072001457
        ],
        [
            0.15718422830104828,
            0.026136139407753944,
            0.01910720393061638
        ],
        [
            0.15458908677101135,
            0.03515154495835304,
            0.02146984077990055
        ],
        [
            0.08914920687675476,
            0.02099275216460228,
            0.02438219264149666
        ],
        [
            0.08329646289348602,
            0.009424418210983276,
            0.02055485174059868
        ],
        [
            0.08766083419322968,
            0.005883626639842987,
            0.022463057190179825
        ],
        [
            0.0921238511800766,
            0.01703968271613121,
            0.025316910818219185
        ],
        [
            0.10660262405872345,
            0.0021218284964561462,
            0.0384896919131279
        ],
        [
            0.10050442069768906,
            -0.005227476358413696,
            0.029991306364536285
        ],
        [
            0.10545969754457474,
            -0.017286233603954315,
            0.025582823902368546
        ],
        [
            0.11401822417974472,
            -0.011402416974306107,
            0.0314963161945343
        ],
        [
            0.11689154803752899,
            0.010098788887262344,
            0.04522784799337387
        ],
        [
            0.12259554117918015,
            -0.0025610290467739105,
            0.04204254969954491
        ],
        [
            0.13436520099639893,
            0.00793127715587616,
            0.04701796919107437
        ],
        [
            0.14893855154514313,
            0.021319296211004257,
            0.04548295959830284
        ],
        [
            0.07455576211214066,
            0.016072243452072144,
            0.013898960314691067
        ],
        [
            0.07737958431243896,
            0.025622092187404633,
            0.016187898814678192
        ],
        [
            0.1775660663843155,
            0.07546326518058777,
            0.032100435346364975
        ],
        [
            0.17188045382499695,
            0.07754761725664139,
            0.030893433839082718
        ],
        [
            0.17194652557373047,
            0.07568750530481339,
            0.029754500836133957
        ],
        [
            0.1775289922952652,
            0.07415249943733215,
            0.03113018162548542
        ],
        [
            0.07472982257604599,
            0.024195455014705658,
            -0.004630616866052151
        ],
        [
            0.07866757363080978,
            0.021270550787448883,
            -0.013467587530612946
        ],
        [
            0.07300473749637604,
            0.01685522496700287,
            -0.012088779360055923
        ],
        [
            0.07041831314563751,
            0.018148235976696014,
            -0.0031196451745927334
        ],
        [
            0.08051535487174988,
            0.03214726224541664,
            -0.006507047452032566
        ],
        [
            0.08673624694347382,
            0.027297981083393097,
            -0.014611391350626945
        ],
        [
            0.1864120364189148,
            0.08385556191205978,
            0.027729179710149765
        ],
        [
            0.1853712946176529,
            0.07976299524307251,
            0.0308828242123127
        ],
        [
            0.18631814420223236,
            0.07797066867351532,
            0.027311429381370544
        ],
        [
            0.18668657541275024,
            0.08127440512180328,
            0.023073356598615646
        ],
        [
            0.15446805953979492,
            0.03920493274927139,
            0.025851845741271973
        ],
        [
            0.14599661529064178,
            0.04094197601079941,
            0.023803075775504112
        ],
        [
            0.16686496138572693,
            0.051307208836078644,
            0.024342656135559082
        ],
        [
            0.1583760380744934,
            0.04809064790606499,
            0.02281530573964119
        ],
        [
            0.16311997175216675,
            0.04302036017179489,
            0.024280037730932236
        ],
        [
            0.170236274600029,
            0.04638751223683357,
            0.02425955981016159
        ],
        [
            0.13789023458957672,
            0.05539625510573387,
            0.01340303011238575
        ],
        [
            0.13015758991241455,
            0.04663757607340813,
            0.014536669477820396
        ],
        [
            0.1360294222831726,
            0.04476511478424072,
            0.016705771908164024
        ],
        [
            0.1456073373556137,
            0.05374510586261749,
            0.016915343701839447
        ],
        [
            0.11788809299468994,
            0.05330272391438484,
            0.011974013410508633
        ],
        [
            0.12662096321582794,
            0.06128657981753349,
            0.01065922249108553
        ],
        [
            0.11866307258605957,
            0.06420701742172241,
            0.009336939081549644
        ],
        [
            0.11362184584140778,
            0.05826076120138168,
            0.01144295372068882
        ],
        [
            0.14426828920841217,
            0.07196566462516785,
            0.00902810599654913
        ],
        [
            0.14929740130901337,
            0.07531099021434784,
            0.00844765454530716
        ],
        [
            0.14634503424167633,
            0.08017952740192413,
            0.007785423658788204
        ],
        [
            0.14094270765781403,
            0.07380900532007217,
            0.007897045463323593
        ],
        [
            0.0679878517985344,
            0.011841028928756714,
            -0.011572210118174553
        ],
        [
            0.06709222495555878,
            0.011784471571445465,
            -0.0017735613510012627
        ],
        [
            0.10744334757328033,
            0.062176525592803955,
            -0.01639593578875065
        ],
        [
            0.0978977382183075,
            0.0633949264883995,
            -0.010586435906589031
        ],
        [
            0.10357809066772461,
            0.07498198747634888,
            -0.01197715662419796
        ],
        [
            0.11250773817300797,
            0.0706302598118782,
            -0.018191445618867874
        ],
        [
            0.0868009552359581,
            0.016724303364753723,
            -0.018080858513712883
        ],
        [
            0.07982292771339417,
            0.01311475783586502,
            -0.018499240279197693
        ],
        [
            0.1836632639169693,
            0.08824261277914047,
            0.023958764970302582
        ],
        [
            0.18375545740127563,
            0.08544418215751648,
            0.019389132037758827
        ],
        [
            0.13776220381259918,
            -0.0020123831927776337,
            0.037612661719322205
        ],
        [
            0.15284889936447144,
            0.014410201460123062,
            0.04041897878050804
        ],
        [
            0.12545393407344818,
            -0.011759977787733078,
            0.02920631691813469
        ],
        [
            0.11715933680534363,
            -0.016971513628959656,
            0.020711665973067284
        ],
        [
            0.1105429083108902,
            -0.022591926157474518,
            0.015674449503421783
        ],
        [
            0.15676945447921753,
            0.05392530933022499,
            0.020623208954930305
        ],
        [
            0.13771486282348633,
            0.04029965400695801,
            0.020200766623020172
        ],
        [
            0.12025785446166992,
            0.039182402193546295,
            0.01623024232685566
        ],
        [
            0.09614811092615128,
            0.05789642408490181,
            0.01179287489503622
        ],
        [
            0.0894177109003067,
            0.04983140155673027,
            0.01361409667879343
        ],
        [
            0.09932133555412292,
            0.04776914417743683,
            0.01702987030148506
        ],
        [
            0.10329820960760117,
            0.05510026216506958,
            0.014112109318375587
        ],
        [
            0.09455284476280212,
            0.06669315695762634,
            -0.0019820397719740868
        ],
        [
            0.09802684187889099,
            0.06757399439811707,
            0.005163159221410751
        ],
        [
            0.10344327986240387,
            0.07487639784812927,
            0.003293026238679886
        ],
        [
            0.10040675848722458,
            0.07561248540878296,
            -0.003644173964858055
        ],
        [
            0.16218160092830658,
            0.026424221694469452,
            0.02395627275109291
        ],
        [
            0.1578950583934784,
            0.013632655143737793,
            0.024943016469478607
        ],
        [
            0.07360269874334335,
            0.0252169668674469,
            0.005872358568012714
        ],
        [
            0.07135544717311859,
            0.017813116312026978,
            0.007000342942774296
        ],
        [
            0.06783502548933029,
            0.010158836841583252,
            0.005777846090495586
        ],
        [
            0.102801114320755,
            0.024575024843215942,
            0.023458009585738182
        ],
        [
            0.09414231777191162,
            0.014287099242210388,
            0.026361972093582153
        ],
        [
            0.09758637845516205,
            0.012533672153949738,
            0.02923893742263317
        ],
        [
            0.10522925853729248,
            0.022401228547096252,
            0.0239275973290205
        ],
        [
            0.11881402134895325,
            0.02441520243883133,
            0.02942005917429924
        ],
        [
            0.11212147772312164,
            0.01802912726998329,
            0.03832411766052246
        ],
        [
            0.12867747247219086,
            0.03191022202372551,
            0.030094387009739876
        ],
        [
            0.09249638020992279,
            -0.00012078136205673218,
            0.025491148233413696
        ],
        [
            0.0822475329041481,
            -0.002830207347869873,
            0.02167651802301407
        ],
        [
            0.08861321210861206,
            -0.008683748543262482,
            0.023804280906915665
        ],
        [
            0.07551352679729462,
            0.002664729952812195,
            0.017144154757261276
        ],
        [
            0.07021193951368332,
            0.0074280425906181335,
            0.011805158108472824
        ],
        [
            0.07370806485414505,
            0.007868506014347076,
            -0.021321432664990425
        ],
        [
            0.09534654766321182,
            -0.013550929725170135,
            0.02436809055507183
        ],
        [
            0.14630448818206787,
            0.03916994854807854,
            0.039399705827236176
        ],
        [
            0.15238036215305328,
            0.04232918471097946,
            0.03773656487464905
        ],
        [
            0.14903810620307922,
            0.043391838669776917,
            0.031090665608644485
        ],
        [
            0.1444922238588333,
            0.040298666805028915,
            0.03171904757618904
        ],
        [
            0.17854595184326172,
            0.04416090250015259,
            0.013570098206400871
        ],
        [
            0.1751934289932251,
            0.04477257654070854,
            0.02099701017141342
        ],
        [
            0.16814175248146057,
            0.03816057741641998,
            0.021816618740558624
        ],
        [
            0.0919855460524559,
            0.032108552753925323,
            0.022101502865552902
        ],
        [
            0.08175379782915115,
            0.03556777164340019,
            0.015510311350226402
        ],
        [
            0.16480612754821777,
            0.05677548050880432,
            0.021899644285440445
        ],
        [
            0.1872061938047409,
            0.07828431576490402,
            0.019693532958626747
        ],
        [
            0.18715474009513855,
            0.07481309771537781,
            0.02470998466014862
        ],
        [
            0.18463943898677826,
            0.05917892977595329,
            0.018558064475655556
        ],
        [
            0.1848929524421692,
            0.06266694515943527,
            0.01244928315281868
        ],
        [
            0.16681578755378723,
            0.06493398547172546,
            0.01582466810941696
        ],
        [
            0.16625937819480896,
            0.05999615043401718,
            0.0214187353849411
        ],
        [
            0.1662326157093048,
            0.06208682805299759,
            0.020550649613142014
        ],
        [
            0.16453057527542114,
            0.06725073605775833,
            0.01657033897936344
        ],
        [
            0.13734924793243408,
            0.08096826076507568,
            0.00564203318208456
        ],
        [
            0.1327710598707199,
            0.07563823461532593,
            0.006304414477199316
        ],
        [
            0.16636884212493896,
            0.056205395609140396,
            -0.004826050251722336
        ],
        [
            0.17492136359214783,
            0.04652032256126404,
            -0.002826354466378689
        ],
        [
            0.1662275344133377,
            0.03616206347942352,
            -0.0024028168991208076
        ],
        [
            0.13110914826393127,
            0.05796565115451813,
            0.011563025414943695
        ],
        [
            0.13749459385871887,
            0.06619776785373688,
            0.010335053317248821
        ],
        [
            0.133970707654953,
            0.0680621787905693,
            0.009138308465480804
        ],
        [
            0.1569829136133194,
            0.058235689997673035,
            0.01852218061685562
        ],
        [
            0.16282132267951965,
            0.06147748604416847,
            0.018288590013980865
        ],
        [
            0.15894003212451935,
            0.06312621384859085,
            0.015687329694628716
        ],
        [
            0.15221823751926422,
            0.059883613139390945,
            0.016134077683091164
        ],
        [
            0.09121117740869522,
            0.05199640244245529,
            -0.010313894599676132
        ],
        [
            0.08702990412712097,
            0.056105416268110275,
            -0.0003123711794614792
        ],
        [
            0.18229469656944275,
            0.07647247612476349,
            0.032308295369148254
        ],
        [
            0.18286122381687164,
            0.07508451491594315,
            0.030328700318932533
        ],
        [
            0.12366517633199692,
            0.04930882900953293,
            0.012724639847874641
        ],
        [
            0.1551489531993866,
            0.025688502937555313,
            -0.0004354463890194893
        ],
        [
            0.11547047644853592,
            0.04161795601248741,
            0.015054751187562943
        ],
        [
            0.13096393644809723,
            0.07663847506046295,
            -0.013609247282147408
        ],
        [
            0.12770825624465942,
            0.08203771710395813,
            -0.008193239569664001
        ],
        [
            0.13099944591522217,
            0.08490947633981705,
            -0.006419988349080086
        ],
        [
            0.1345353126525879,
            0.08365670591592789,
            -0.011042560450732708
        ],
        [
            0.16670820116996765,
            0.07980667054653168,
            0.02037746086716652
        ],
        [
            0.16754643619060516,
            0.07739080488681793,
            0.025755681097507477
        ],
        [
            0.16771462559700012,
            0.07889201492071152,
            0.026263346895575523
        ],
        [
            0.16721893846988678,
            0.0829966738820076,
            0.021824676543474197
        ],
        [
            0.16939084231853485,
            0.05600810423493385,
            0.024336079135537148
        ],
        [
            0.1740376204252243,
            0.05201009288430214,
            0.024960044771432877
        ],
        [
            0.17493917047977448,
            0.057704754173755646,
            0.025794707238674164
        ],
        [
            0.16987021267414093,
            0.06028320640325546,
            0.0238273236900568
        ],
        [
            0.1791893094778061,
            0.051334381103515625,
            0.02156999334692955
        ],
        [
            0.18074838817119598,
            0.05718458071351051,
            0.02316167578101158
        ],
        [
            0.16995683312416077,
            0.08246351778507233,
            0.015380713157355785
        ],
        [
            0.17741894721984863,
            0.08355981856584549,
            0.013601839542388916
        ],
        [
            0.17398817837238312,
            0.06947460025548935,
            0.0059997281059622765
        ],
        [
            0.1677202731370926,
            0.07104214280843735,
            0.010647483170032501
        ],
        [
            0.11043031513690948,
            0.029349643737077713,
            -0.016905438154935837
        ],
        [
            0.10048933327198029,
            0.03446830436587334,
            -0.017060991376638412
        ],
        [
            0.10857658088207245,
            0.04715106636285782,
            -0.016471000388264656
        ],
        [
            0.11635033041238785,
            0.05966579541563988,
            -0.017163876444101334
        ],
        [
            0.12447486817836761,
            0.07115712761878967,
            -0.016547923907637596
        ],
        [
            0.13571712374687195,
            0.06608512997627258,
            -0.01846436597406864
        ],
        [
            0.10076872259378433,
            0.04955294355750084,
            -0.015833472833037376
        ],
        [
            0.1686633974313736,
            0.06594996899366379,
            0.0060633146204054356
        ],
        [
            0.1721106320619583,
            0.060284342616796494,
            0.0013461858034133911
        ],
        [
            0.16901852190494537,
            0.063273124396801,
            1.843273639678955e-05
        ],
        [
            0.10935743898153305,
            0.045899245887994766,
            0.014968152157962322
        ],
        [
            0.18407799303531647,
            0.07269203662872314,
            0.028759630396962166
        ],
        [
            0.11480726301670074,
            -0.01284143328666687,
            -0.004097225144505501
        ],
        [
            0.10739355534315109,
            -0.005809366703033447,
            -0.013302145525813103
        ],
        [
            0.11411385238170624,
            -0.0005867183208465576,
            -0.011237870901823044
        ],
        [
            0.12226258963346481,
            -0.008207865059375763,
            0.00016647949814796448
        ],
        [
            0.1723281890153885,
            0.07441076636314392,
            0.030242832377552986
        ],
        [
            0.1782749742269516,
            0.07215767353773117,
            0.031294576823711395
        ],
        [
            0.12776538729667664,
            0.0799122229218483,
            0.00427336897701025
        ],
        [
            0.1325235515832901,
            0.08332185447216034,
            0.003303514327853918
        ],
        [
            0.13072843849658966,
            0.08545932918787003,
            -2.707471139729023e-05
        ],
        [
            0.12533152103424072,
            0.08521617203950882,
            0.0017580315470695496
        ],
        [
            0.09475281834602356,
            0.035886865109205246,
            -0.016235504299402237
        ],
        [
            0.10709445923566818,
            0.08274887502193451,
            -0.011470833793282509
        ],
        [
            0.11491923779249191,
            0.07874955981969833,
            -0.01723763719201088
        ],
        [
            0.0938064306974411,
            0.023179158568382263,
            -0.017550818622112274
        ],
        [
            0.10242773592472076,
            0.0185285285115242,
            -0.018054181709885597
        ],
        [
            0.0961882546544075,
            0.011074237525463104,
            -0.01899314485490322
        ],
        [
            0.15009017288684845,
            0.0665593072772026,
            -0.013029642403125763
        ],
        [
            0.11883276700973511,
            0.02732602134346962,
            -0.015846334397792816
        ],
        [
            0.10956556349992752,
            0.0161113440990448,
            -0.016522491350769997
        ],
        [
            0.1024378314614296,
            0.007082194089889526,
            -0.017579859122633934
        ],
        [
            0.09694429486989975,
            0.0009579956531524658,
            -0.01911761239171028
        ],
        [
            0.09062076359987259,
            0.005981095135211945,
            -0.020381059497594833
        ],
        [
            0.18315207958221436,
            0.0815313383936882,
            0.015833422541618347
        ],
        [
            0.17749883234500885,
            0.08863969147205353,
            0.017007673159241676
        ],
        [
            0.08439601957798004,
            0.00016563385725021362,
            -0.023628871887922287
        ],
        [
            0.09165836870670319,
            -0.005219936370849609,
            -0.021404283121228218
        ],
        [
            0.11751784384250641,
            0.012444712221622467,
            -0.013608034700155258
        ],
        [
            0.12656930088996887,
            0.007689118385314941,
            -0.008194132708013058
        ],
        [
            0.1260991245508194,
            0.023501694202423096,
            -0.012874361127614975
        ],
        [
            0.13588418066501617,
            0.019784066826105118,
            -0.00801387894898653
        ],
        [
            0.15789034962654114,
            0.058915965259075165,
            -0.015371843241155148
        ],
        [
            0.17073260247707367,
            0.0952228382229805,
            0.03309543430805206
        ],
        [
            0.1711343377828598,
            0.09077141433954239,
            0.022804055362939835
        ],
        [
            0.16775494813919067,
            0.0862758606672287,
            0.02480635792016983
        ],
        [
            0.16726814210414886,
            0.09269269555807114,
            0.03355247899889946
        ],
        [
            0.1704014390707016,
            0.08661043643951416,
            0.018385566771030426
        ],
        [
            0.17709404230117798,
            0.09135903418064117,
            0.021930191665887833
        ],
        [
            0.14499881863594055,
            0.013731714338064194,
            0.001645401120185852
        ],
        [
            0.16481514275074005,
            0.06700195372104645,
            0.014596451073884964
        ],
        [
            0.13554266095161438,
            0.00018506497144699097,
            0.0062833065167069435
        ],
        [
            0.1562744677066803,
            0.012980643659830093,
            0.011833367869257927
        ],
        [
            0.1494230031967163,
            0.0043965838849544525,
            0.01803526282310486
        ],
        [
            0.1268453449010849,
            -0.012878615409135818,
            0.013550421223044395
        ],
        [
            0.13967913389205933,
            -0.006000392138957977,
            0.023910587653517723
        ],
        [
            0.11200365424156189,
            -0.021801605820655823,
            0.004266597330570221
        ],
        [
            0.11896903812885284,
            -0.016552351415157318,
            0.007448271382600069
        ],
        [
            0.1510462760925293,
            0.0046227723360061646,
            0.030812637880444527
        ],
        [
            0.1736503541469574,
            0.08002827316522598,
            0.03915392979979515
        ],
        [
