{
    "pred_cam": [
        8.883666038513184,
        0.07048090547323227,
        -0.06457985937595367
    ],
    "pred_mano_params": {
        "global_orient": [
            [
                [
                    0.510360062122345,
                    -0.5781852602958679,
                    0.6365803480148315
                ],
                [
                    -0.5202209949493408,
                    -0.7970113754272461,
                    -0.3068273365497589
                ],
                [
                    0.6847648024559021,
                    -0.17457005381584167,
                    -0.7075468897819519
                ]
            ]
        ],
        "hand_pose": [
            [
                [
                    0.8183466196060181,
                    -0.5105569362640381,
                    -0.2638947069644928
                ],
                [
                    0.47358301281929016,
                    0.8591904044151306,
                    -0.19367775321006775
                ],
                [
                    0.32561928033828735,
                    0.03351950645446777,
                    0.9449066519737244
                ]
            ],
            [
                [
                    0.6528444886207581,
                    -0.6991583108901978,
                    0.2914992868900299
                ],
                [
                    0.7534191012382507,
                    0.6391818523406982,
                    -0.15429261326789856
                ],
                [
                    -0.07844610512256622,
                    0.32035019993782043,
                    0.9440455436706543
                ]
            ],
            [
                [
                    0.6782932281494141,
                    -0.7345580458641052,
                    0.018514029681682587
                ],
                [
                    0.7346497178077698,
                    0.677452802658081,
                    -0.036707594990730286
                ],
                [
                    0.014421476982533932,
                    0.03849984332919121,
                    0.9991545081138611
                ]
            ],
            [
                [
                    0.8052545785903931,
                    -0.5569199919700623,
                    -0.2034824788570404
                ],
                [
                    0.5575639605522156,
                    0.8279867768287659,
                    -0.059668198227882385
                ],
                [
                    0.20171122252941132,
                    -0.06540641188621521,
                    0.9772586226463318
                ]
            ],
            [
                [
                    0.7950323820114136,
                    -0.582962691783905,
                    -0.1675647795200348
                ],
                [
                    0.6051730513572693,
                    0.7436212301254272,
                    0.28424087166786194
                ],
                [
                    -0.04109708592295647,
                    -0.32738643884658813,
                    0.943996250629425
                ]
            ],
            [
                [
                    0.8217304348945618,
                    -0.5617879033088684,
                    -0.09567302465438843
                ],
                [
                    0.5669724941253662,
                    0.8228661417961121,
                    0.037861067801713943
                ],
                [
                    0.05745620280504227,
                    -0.08535556495189667,
                    0.9946924448013306
                ]
            ],
            [
                [
                    0.5986880660057068,
                    -0.7958673238754272,
                    0.09037592262029648
                ],
                [
                    0.7615875005722046,
                    0.6005575656890869,
                    0.2435467690229416
                ],
                [
                    -0.24810685217380524,
                    -0.0769793689250946,
                    0.9656692743301392
                ]
            ],
            [
                [
                    0.9722907543182373,
                    -0.19681036472320557,
                    -0.12615995109081268
                ],
                [
                    0.21301381289958954,
                    0.9681902527809143,
                    0.1312737911939621
                ],
                [
                    0.09631078690290451,
                    -0.15451011061668396,
                    0.9832857847213745
                ]
            ],
            [
                [
                    0.9222124218940735,
                    -0.30137622356414795,
                    0.24227374792099
                ],
                [
                    0.23739205300807953,
                    0.9358338713645935,
                    0.26049941778182983
                ],
                [
                    -0.3052363097667694,
                    -0.18272195756435394,
                    0.9345819354057312
                ]
            ],
            [
                [
                    0.6182587146759033,
                    -0.7844900488853455,
                    -0.048285044729709625
                ],
                [
                    0.7818480134010315,
                    0.6201379299163818,
                    -0.06436271220445633
                ],
                [
                    0.08043530583381653,
                    0.0020412399899214506,
                    0.9967576861381531
                ]
            ],
            [
                [
                    0.9960755109786987,
                    -0.08781547844409943,
                    0.011046009138226509
                ],
                [
                    0.0765078142285347,
                    0.917044460773468,
                    0.39137697219848633
                ],
                [
                    -0.04449864476919174,
                    -0.3889959156513214,
                    0.9201641082763672
                ]
            ],
            [
                [
                    0.9269418716430664,
                    -0.3559706509113312,
                    -0.11859099566936493
                ],
                [
                    0.3731713593006134,
                    0.9075207114219666,
                    0.192741259932518
                ],
                [
                    0.03901357203722,
                    -0.2229146808385849,
                    0.9740570187568665
                ]
            ],
            [
                [
                    0.9529298543930054,
                    -0.2724590301513672,
                    0.1330064982175827
                ],
                [
                    0.18077272176742554,
                    0.1583949476480484,
                    -0.9706864953041077
                ],
                [
                    0.24340473115444183,
                    0.9490401744842529,
                    0.2001924365758896
                ]
            ],
            [
                [
                    0.9477424025535583,
                    -0.30871355533599854,
                    -0.08049967885017395
                ],
                [
                    0.289593905210495,
                    0.7265723943710327,
                    0.6230794191360474
                ],
                [
                    -0.13386422395706177,
                    -0.6138310432434082,
                    0.7780050039291382
                ]
            ],
            [
                [
                    0.9111217856407166,
                    0.3847953677177429,
                    -0.14761297404766083
                ],
                [
                    -0.36143723130226135,
                    0.9181346297264099,
                    0.16245600581169128
                ],
                [
                    0.1980409026145935,
                    -0.09466439485549927,
                    0.9756118655204773
                ]
            ]
        ],
        "betas": [
            -0.06277811527252197,
            -0.0520155131816864,
            -0.022787898778915405,
            -0.07286754250526428,
            0.0003916919231414795,
            -0.007142599672079086,
            0.05615605413913727,
            -0.04731348156929016,
            0.010835379362106323,
            -0.058187663555145264
        ]
    },
    "pred_cam_t": [
        -0.07048090547323227,
        -0.06457985937595367,
        4.3971147537231445
    ],
    "focal_length": [
        5000.0,
        5000.0
    ],
    "pred_keypoints_3d": [
        [
            0.0960194393992424,
            0.006397527642548084,
            0.006226886063814163
        ],
        [
            0.10915710031986237,
            0.023421436548233032,
            -0.025895267724990845
        ],
        [
            0.11688268184661865,
            0.052514076232910156,
            -0.03267841413617134
        ],
        [
            0.11865607649087906,
            0.07896632701158524,
            -0.03864005208015442
        ],
        [
            0.11449513584375381,
            0.10681479424238205,
            -0.06150343269109726
        ],
        [
            0.06711772829294205,
            0.05015668645501137,
            -0.06803444027900696
        ],
        [
            0.05395212769508362,
            0.07804705202579498,
            -0.08008624613285065
        ],
        [
            0.06280289590358734,
            0.0978953018784523,
            -0.0752493143081665
        ],
        [
            0.07820717245340347,
            0.10761784762144089,
            -0.0581381693482399
        ],
        [
            0.04622744396328926,
            0.058016180992126465,
            -0.05616798251867294
        ],
        [
            0.03485869616270065,
            0.0871419757604599,
            -0.062226876616477966
        ],
        [
            0.04274434596300125,
            0.10869774222373962,
            -0.057858649641275406
        ],
        [
            0.05944891273975372,
            0.12619607150554657,
            -0.04907330870628357
        ],
        [
            0.039366498589515686,
            0.06043247878551483,
            -0.03032209351658821
        ],
        [
            0.03689631074666977,
            0.08902367949485779,
            -0.034531936049461365
        ],
        [
            0.04027658700942993,
            0.11356325447559357,
            -0.031942933797836304
        ],
        [
            0.048264361917972565,
            0.13742999732494354,
            -0.026146618649363518
        ],
        [
            0.03893757984042168,
            0.06357747316360474,
            -0.008625656366348267
        ],
        [
            0.03738930821418762,
            0.08472364395856857,
            -0.008064811117947102
        ],
        [
            0.039831794798374176,
            0.10302828997373581,
            -0.00347988773137331
        ],
        [
            0.04930438473820686,
            0.11939233541488647,
            -0.0017350055277347565
        ]
    ],
    "pred_vertices": [
        [
            0.09079182147979736,
            0.04198889434337616,
            -0.03620516136288643
        ],
        [
            0.09584985673427582,
            0.03745364025235176,
            -0.02786843106150627
        ],
        [
            0.09848589450120926,
            0.04438406974077225,
            -0.031268324702978134
        ],
        [
            0.09407584369182587,
            0.04664852097630501,
            -0.04234326630830765
        ],
        [
            0.1114741712808609,
            0.03860943019390106,
            -0.012268438935279846
        ],
        [
            0.12212424725294113,
            0.03334995359182358,
            -0.013789184391498566
        ],
        [
            0.1230887621641159,
            0.04803554341197014,
            -0.0192822627723217
        ],
        [
            0.11426156014204025,
            0.05095306411385536,
            -0.015631016343832016
        ],
        [
            0.09610331803560257,
            0.050415582954883575,
            -0.04629892110824585
        ],
        [
            0.10094698518514633,
            0.0508815199136734,
            -0.0335422120988369
        ],
        [
            0.09780476987361908,
            0.05124533921480179,
            -0.04630562663078308
        ],
        [
            0.08895435929298401,
            0.042948707938194275,
            -0.061221130192279816
        ],
        [
            0.08958390355110168,
            0.04677630960941315,
            -0.05759412795305252
        ],
        [
            0.08160659670829773,
            0.041280873119831085,
            -0.0682479664683342
        ],
        [
            0.08833704143762589,
            0.0325670950114727,
            -0.06050854176282883
        ],
        [
            0.07451220601797104,
            0.03484189137816429,
            -0.06825553625822067
        ],
        [
            0.0667569562792778,
            0.019354846328496933,
            -0.04314319044351578
        ],
        [
            0.05951591953635216,
            0.020436055958271027,
            -0.031285084784030914
        ],
        [
            0.049758173525333405,
            0.030401039868593216,
            -0.041491009294986725
        ],
        [
            0.058498967438936234,
            0.02881533093750477,
            -0.05218980461359024
        ],
        [
            0.045856401324272156,
            0.03316838666796684,
            -0.021070964634418488
        ],
        [
            0.04732264578342438,
            0.032137323170900345,
            -0.03285866230726242
        ],
        [
            0.056446224451065063,
            0.021172523498535156,
            -0.022753002122044563
        ],
        [
            0.05490756407380104,
            0.022825762629508972,
            -0.01269466057419777
        ],
        [
            0.08490510284900665,
            0.03849862143397331,
            -0.0216984786093235
        ],
        [
            0.09053702652454376,
            0.03372030332684517,
            -0.01450297236442566
        ],
        [
            0.09218539297580719,
            0.03342160955071449,
            -0.020744509994983673
        ],
        [
            0.08731739223003387,
            0.038537852466106415,
            -0.02703111246228218
        ],
        [
            0.10890646278858185,
            0.056459084153175354,
            -0.04444899782538414
        ],
        [
            0.10575811564922333,
            0.039785463362932205,
            -0.05045069754123688
        ],
        [
            0.1001119390130043,
            0.0451773926615715,
            -0.050421059131622314
        ],
        [
            0.10644052922725677,
            0.059590402990579605,
            -0.040422506630420685
        ],
        [
            0.10321488976478577,
            0.02874024212360382,
            0.012379087507724762
        ],
        [
            0.10726316273212433,
            0.016929760575294495,
            0.01783302053809166
        ],
        [
            0.11020351946353912,
            0.014910124242305756,
            0.012979134917259216
        ],
        [
            0.10547398030757904,
            0.02566155046224594,
            0.008637551218271255
        ],
        [
            0.11991074681282043,
            0.016996566206216812,
            -0.005583703517913818
        ],
        [
            0.12010301649570465,
            0.008336938917636871,
            -0.0009435191750526428
        ],
        [
            0.12370273470878601,
            -0.0029384680092334747,
            -0.0059384629130363464
        ],
        [
            0.1239161342382431,
            0.00478314608335495,
            -0.013092875480651855
        ],
        [
            0.12044984102249146,
            0.025004226714372635,
            -0.010541673749685287
        ],
        [
            0.12631526589393616,
            0.01608286425471306,
            -0.01773066073656082
        ],
        [
            0.12759806215763092,
            0.027049094438552856,
            -0.021090175956487656
        ],
        [
            0.12758441269397736,
            0.04426401108503342,
            -0.02624357119202614
        ],
        [
            0.09891008585691452,
            0.018570546060800552,
            0.02749934419989586
        ],
        [
            0.09509825706481934,
            0.027826890349388123,
            0.02513185888528824
        ],
        [
            0.06668394804000854,
            0.07999714463949203,
            -0.07609323412179947
        ],
        [
            0.06375937163829803,
            0.08163882046937943,
            -0.07099991291761398
        ],
        [
            0.06468001753091812,
            0.07889306545257568,
            -0.07058241963386536
        ],
        [
            0.06710978597402573,
            0.07796923816204071,
            -0.07589668035507202
        ],
        [
            0.07907967269420624,
            0.014628060162067413,
            0.029354892671108246
        ],
        [
            0.07316190004348755,
            0.007168911397457123,
            0.025905586779117584
        ],
        [
            0.07739053666591644,
            0.004299856722354889,
            0.031137995421886444
        ],
        [
            0.0842180997133255,
            0.010502874851226807,
            0.03313010558485985
        ],
        [
            0.07236601412296295,
            0.020085543394088745,
            0.024275530129671097
        ],
        [
            0.06792348623275757,
            0.01149299368262291,
            0.018367990851402283
        ],
        [
            0.0590609647333622,
            0.08176185935735703,
            -0.08642880618572235
        ],
        [
            0.06389909982681274,
            0.08103758841753006,
            -0.08461873978376389
        ],
        [
            0.0625327005982399,
            0.07689343392848969,
            -0.0851314589381218
        ],
        [
            0.05736890062689781,
            0.07641126215457916,
            -0.0858566015958786
        ],
        [
            0.08889791369438171,
            0.04755791649222374,
            -0.05168715864419937
        ],
        [
            0.08613447099924088,
            0.04641837254166603,
            -0.04333573952317238
        ],
        [
            0.07742679119110107,
            0.05466604232788086,
            -0.06263814866542816
        ],
        [
            0.0796002596616745,
            0.05090584605932236,
            -0.05472169816493988
        ],
        [
            0.08369675278663635,
            0.04839333891868591,
            -0.0597267672419548
        ],
        [
            0.08058355003595352,
            0.050831861793994904,
            -0.06632448732852936
        ],
        [
            0.06967131793498993,
            0.05089341476559639,
            -0.03308730572462082
        ],
        [
            0.07636212557554245,
            0.044348739087581635,
            -0.026004407554864883
        ],
        [
            0.0786380022764206,
            0.04429834336042404,
            -0.03232891857624054
        ],
        [
            0.0727129876613617,
            0.051651209592819214,
            -0.04118365794420242
        ],
        [
            0.07178530097007751,
            0.0482400581240654,
            -0.01312720775604248
        ],
        [
            0.0652640163898468,
            0.05396096408367157,
            -0.021214943379163742
        ],
        [
            0.06342813372612,
            0.0554313063621521,
            -0.01294061727821827
        ],
        [
            0.06900317966938019,
            0.0519256666302681,
            -0.008497312664985657
        ],
        [
            0.055831246078014374,
            0.062203824520111084,
            -0.03765231370925903
        ],
        [
            0.0517570860683918,
            0.06505008041858673,
            -0.04219494014978409
        ],
        [
            0.05072050169110298,
            0.06699495762586594,
            -0.038918636739254
        ],
        [
            0.05456521734595299,
            0.06250225752592087,
            -0.03422611951828003
        ],
        [
            0.08117765188217163,
            0.00044655054807662964,
            0.035769909620285034
        ],
        [
            0.08928467333316803,
            0.0060319602489471436,
            0.03594300150871277
        ],
        [
            0.04387296736240387,
            0.039246391505002975,
            1.5232712030410767e-05
        ],
        [
            0.04910675436258316,
            0.04321664199233055,
            0.009122252464294434
        ],
        [
            0.04086895287036896,
            0.05191563814878464,
            0.004177767783403397
        ],
        [
            0.036661844700574875,
            0.045207709074020386,
            -0.004634220153093338
        ],
        [
            0.07116764783859253,
            0.000836685299873352,
            0.017871294170618057
        ],
        [
            0.0736074224114418,
            -0.00239776074886322,
            0.024607807397842407
        ],
        [
            0.05324423685669899,
            0.08293268084526062,
            -0.08446872979402542
        ],
        [
            0.051875367760658264,
            0.07730600982904434,
            -0.08330760896205902
        ],
        [
            0.12509898841381073,
            0.017559662461280823,
            -0.0306800939142704
        ],
        [
            0.12695449590682983,
            0.03952370956540108,
            -0.035061679780483246
        ],
        [
            0.12206488102674484,
            0.0032821595668792725,
            -0.02381143346428871
        ],
        [
            0.11855104565620422,
            -0.005531530827283859,
            -0.017312832176685333
        ],
        [
            0.11832375824451447,
            -0.012481771409511566,
            -0.011093683540821075
        ],
        [
            0.0742899626493454,
            0.0542086698114872,
            -0.0524902269244194
        ],
        [
            0.08399303257465363,
            0.0431823693215847,
            -0.03488313779234886
        ],
        [
            0.08298330008983612,
            0.03927886486053467,
            -0.016864176839590073
        ],
        [
            0.07123541831970215,
            0.051768720149993896,
            0.008900366723537445
        ],
        [
            0.07794871181249619,
            0.04626850783824921,
            0.014904491603374481
        ],
        [
            0.0809747725725174,
            0.046624381095170975,
            0.004636999219655991
        ],
        [
            0.07405342906713486,
            0.050890758633613586,
            0.0013885796070098877
        ],
        [
            0.05485773831605911,
            0.05081487447023392,
            0.012148110195994377
        ],
        [
            0.06010400503873825,
            0.05558830127120018,
            0.008309660479426384
        ],
        [
            0.05433277785778046,
            0.059992603957653046,
            0.0037325918674468994
        ],
        [
            0.04802634194493294,
            0.05680792033672333,
            0.007089210674166679
        ],
        [
            0.1158013641834259,
            0.05496805161237717,
            -0.04700775444507599
        ],
        [
            0.11226249486207962,
            0.03607124090194702,
            -0.0494631826877594
        ],
        [
            0.08719991147518158,
            0.02150673046708107,
            0.029695726931095123
        ],
        [
            0.09257972240447998,
            0.01604047790169716,
            0.031367287039756775
        ],
        [
            0.09631609916687012,
            0.009016908705234528,
            0.03448103368282318
        ],
        [
            0.0978674665093422,
            0.03091599978506565,
            -0.0023701712489128113
        ],
        [
            0.10703948885202408,
            0.023500334471464157,
            0.005932185798883438
        ],
        [
            0.10858622193336487,
            0.02267647534608841,
            0.001672208309173584
        ],
        [
            0.09795098006725311,
            0.029040906578302383,
            -0.006273370236158371
        ],
        [
            0.10034564137458801,
            0.033240124583244324,
            -0.017232250422239304
        ],
        [
            0.10938501358032227,
            0.028650537133216858,
            -0.009233370423316956
        ],
        [
            0.10224395990371704,
            0.04266456514596939,
            -0.018502533435821533
        ],
        [
            0.11493981629610062,
            0.011035289615392685,
            0.007331773638725281
        ],
        [
            0.11521084606647491,
            0.007328484207391739,
            0.0179595984518528
        ],
        [
            0.11946214735507965,
            0.003561306744813919,
            0.011022321879863739
        ],
        [
            0.1091109961271286,
            0.009326275438070297,
            0.02541939914226532
        ],
        [
            0.10257157683372498,
            0.010220207273960114,
            0.031436365097761154
        ],
        [
            0.07493321597576141,
            -0.008362449705600739,
            0.030584752559661865
        ],
        [
            0.1220187395811081,
            -0.00011207908391952515,
            0.004011496901512146
        ],
        [
            0.11656837165355682,
            0.05921749025583267,
            -0.020411748439073563
        ],
        [
            0.11902330070734024,
            0.06693463027477264,
            -0.02489870972931385
        ],
        [
            0.11179507523775101,
            0.06671208143234253,
            -0.02643931470811367
        ],
        [
            0.10888388007879257,
            0.059583984315395355,
            -0.02303919941186905
        ],
        [
            0.07436858117580414,
            0.044017232954502106,
            -0.07448271661996841
        ],
        [
            0.07936780154705048,
            0.048383790999650955,
            -0.07120776176452637
        ],
        [
            0.08540034294128418,
            0.04493134841322899,
            -0.06462220847606659
        ],
        [
            0.0948140025138855,
            0.036685265600681305,
            0.010560058057308197
        ],
        [
            0.08844566345214844,
            0.0356680303812027,
            0.021474182605743408
        ],
        [
            0.07191015034914017,
            0.05770989507436752,
            -0.06039262190461159
        ],
        [
            0.05668097361922264,
            0.07173863053321838,
            -0.08574111014604568
        ],
        [
            0.06262467056512833,
            0.07253934442996979,
            -0.0852089449763298
        ],
        [
            0.06794273108243942,
            0.05658712238073349,
            -0.08085118979215622
        ],
        [
            0.06110997870564461,
            0.05521887540817261,
            -0.08150998502969742
        ],
        [
            0.06148868426680565,
            0.06062048673629761,
            -0.06268959492444992
        ],
        [
            0.06860273331403732,
            0.06020636856555939,
            -0.062204279005527496
        ],
        [
            0.06635178625583649,
            0.0614449605345726,
            -0.06273380666971207
        ],
        [
            0.059951525181531906,
            0.06302494555711746,
            -0.06174204871058464
        ],
        [
            0.05005866661667824,
            0.06657127290964127,
            -0.029597770422697067
        ],
        [
            0.053393490612506866,
            0.062886081635952,
            -0.025715380907058716
        ],
        [
            0.05204795300960541,
            0.04110872000455856,
            -0.059953756630420685
        ],
        [
            0.05912746116518974,
            0.0347885936498642,
            -0.06963179260492325
        ],
        [
            0.06656216830015182,
            0.028921807184815407,
            -0.06187664717435837
        ],
        [
            0.0674101710319519,
            0.05186372622847557,
            -0.02600320242345333
        ],
        [
            0.061092473566532135,
            0.05794074758887291,
            -0.0316997691988945
        ],
        [
            0.059483908116817474,
            0.05859735608100891,
            -0.027941303327679634
        ],
        [
            0.07000561058521271,
            0.05654313415288925,
            -0.052363719791173935
        ],
        [
            0.06650973856449127,
            0.05931016057729721,
            -0.05806514248251915
        ],
        [
            0.06477264314889908,
            0.05896560475230217,
            -0.05357401818037033
        ],
        [
            0.06787311285734177,
            0.05634273588657379,
            -0.04730784893035889
        ],
        [
            0.05663464218378067,
            0.03415222838521004,
            0.01511586643755436
        ],
        [
            0.06303232908248901,
            0.04324629157781601,
            0.018810538575053215
        ],
        [
            0.06672368198633194,
            0.08010155707597733,
            -0.0809510201215744
        ],
        [
            0.06630085408687592,
            0.07732006162405014,
            -0.08131364732980728
        ],
        [
            0.07405776530504227,
            0.045451290905475616,
            -0.019214361906051636
        ],
        [
            0.07504341751337051,
            0.02201336994767189,
            -0.052221909165382385
        ],
        [
            0.08118167519569397,
            0.04053661972284317,
            -0.011760946363210678
        ],
        [
            0.036617834120988846,
            0.053191449493169785,
            -0.022593751549720764
        ],
        [
            0.039824701845645905,
            0.06088875234127045,
            -0.01900426670908928
        ],
        [
            0.03910302743315697,
            0.06429732590913773,
            -0.022367939352989197
        ],
        [
            0.03514041379094124,
            0.06082544103264809,
            -0.025895332917571068
        ],
        [
            0.05470298230648041,
            0.0753960832953453,
            -0.06580952554941177
        ],
        [
            0.060306303203105927,
            0.07699358463287354,
            -0.06619942933320999
        ],
        [
            0.05963673070073128,
            0.07952126115560532,
            -0.06687654554843903
        ],
        [
            0.05362381786108017,
            0.07958962023258209,
            -0.06713131815195084
        ],
        [
            0.07352299988269806,
            0.05872884765267372,
            -0.06512468308210373
        ],
        [
            0.0768904909491539,
            0.05573474243283272,
            -0.06975045800209045
        ],
        [
            0.07367124408483505,
            0.06080760061740875,
            -0.07095598429441452
        ],
        [
            0.07019738852977753,
            0.06187203526496887,
            -0.06617626547813416
        ],
        [
            0.07499116659164429,
            0.053123485296964645,
            -0.07497373223304749
        ],
        [
            0.07251260429620743,
            0.05839233472943306,
            -0.07675649225711823
        ],
        [
            0.04951944202184677,
            0.07371009886264801,
            -0.06938304007053375
        ],
        [
            0.04805809631943703,
            0.07240401208400726,
            -0.07676007598638535
        ],
        [
            0.05129541829228401,
            0.05711633712053299,
            -0.07149193435907364
        ],
        [
            0.0533742681145668,
            0.06184195727109909,
            -0.06557124853134155
        ],
        [
            0.062443505972623825,
            0.01198764517903328,
            -0.004990678280591965
        ],
        [
            0.06036040931940079,
            0.016031231731176376,
            0.005252789705991745
        ],
        [
            0.05262914299964905,
            0.02684101089835167,
            -0.0021249093115329742
        ],
        [
            0.043844327330589294,
            0.036892808973789215,
            -0.009113145992159843
        ],
        [
            0.03691988065838814,
            0.046751536428928375,
            -0.016620095819234848
        ],
        [
            0.03723834827542305,
            0.04144441336393356,
            -0.027858804911375046
        ],
        [
            0.05257085710763931,
            0.029129579663276672,
            0.005812905728816986
        ],
        [
            0.05446527153253555,
            0.05549897626042366,
            -0.06235194206237793
        ],
        [
            0.05397520214319229,
            0.04757634177803993,
            -0.06715037673711777
        ],
        [
            0.0516258180141449,
            0.04929420351982117,
            -0.062404219061136246
        ],
        [
            0.0793185830116272,
            0.043943509459495544,
            -0.005342457443475723
        ],
        [
            0.06678663194179535,
            0.07391204684972763,
            -0.08192894607782364
        ],
        [
            0.09648803621530533,
            -0.015189215540885925,
            -0.01348891481757164
        ],
        [
            0.08582409471273422,
            -0.014821145683526993,
            -0.004608724266290665
        ],
        [
            0.08384103327989578,
            -0.009264800697565079,
            -0.011225923895835876
        ],
        [
            0.09661947935819626,
            -0.008590921759605408,
            -0.021309643983840942
        ],
        [
            0.06595129519701004,
            0.07713401317596436,
            -0.07050169259309769
        ],
        [
            0.06866283714771271,
            0.07572042942047119,
            -0.07609803974628448
        ],
        [
            0.050595108419656754,
            0.06532736122608185,
            -0.020162543281912804
        ],
        [
            0.04766014590859413,
            0.06786162406206131,
            -0.024434253573417664
        ],
        [
            0.044258423149585724,
            0.06830193847417831,
            -0.0221498254686594
        ],
        [
            0.04693590849637985,
            0.06850706040859222,
            -0.016741488128900528
        ],
        [
            0.060791175812482834,
            0.017650529742240906,
            0.01103496178984642
        ],
        [
            0.03808842599391937,
            0.05905258655548096,
            0.0014674123376607895
        ],
        [
            0.033778320997953415,
            0.05299713462591171,
            -0.006836974993348122
        ],
        [
            0.06717263162136078,
            0.006476067006587982,
            0.011260882019996643
        ],
        [
            0.0685502216219902,
            0.0024117231369018555,
            0.0024092644453048706
        ],
        [
            0.07269797474145889,
            -0.0042751505970954895,
            0.00822698324918747
        ],
        [
            0.04068700969219208,
            0.04475816339254379,
            -0.042497310787439346
        ],
        [
            0.0636448785662651,
            0.010969497263431549,
            -0.013583861291408539
        ],
        [
            0.07047860324382782,
            0.0013403147459030151,
            -0.004983380436897278
        ],
        [
            0.07551109790802002,
            -0.006712235510349274,
            0.0016170106828212738
        ],
        [
            0.07830585539340973,
            -0.01263263076543808,
            0.006814625114202499
        ],
        [
            0.0750424712896347,
            -0.009272575378417969,
            0.013544630259275436
        ],
        [
            0.051423415541648865,
            0.07193892449140549,
            -0.08208543807268143
        ],
        [
            0.04744630306959152,
            0.07876898348331451,
            -0.07784480601549149
        ],
        [
            0.07635600864887238,
            -0.015933066606521606,
            0.019632656127214432
        ],
        [
            0.08051083981990814,
            -0.01902187615633011,
            0.01187540590763092
        ],
        [
            0.07415111362934113,
            4.1190534830093384e-05,
            -0.013393718749284744
        ],
        [
            0.08038944751024246,
            -0.00016910210251808167,
            -0.023827478289604187
        ],
        [
            0.06757520139217377,
            0.009605348110198975,
            -0.021339375525712967
        ],
        [
            0.07280711829662323,
            0.009854812175035477,
            -0.03208761289715767
        ],
        [
            0.04321255162358284,
            0.03730238974094391,
            -0.05023373290896416
        ],
        [
            0.053326621651649475,
            0.09685658663511276,
            -0.07431881874799728
        ],
        [
            0.04906109720468521,
            0.08599437773227692,
            -0.07330255955457687
        ],
        [
            0.052945129573345184,
            0.08464182168245316,
            -0.06908394396305084
        ],
        [
            0.05426756665110588,
            0.09529530256986618,
            -0.07029058039188385
        ],
        [
            0.049000922590494156,
            0.07936166226863861,
            -0.07082800567150116
        ],
        [
            0.04898092895746231,
            0.08481378853321075,
            -0.07899158447980881
        ],
        [
            0.08426012098789215,
            0.0130925253033638,
            -0.043272122740745544
        ],
        [
            0.06047277897596359,
            0.0616043321788311,
            -0.05861887335777283
        ],
        [
            0.09637565910816193,
            0.0041413381695747375,
            -0.035243116319179535
        ],
        [
            0.09532466530799866,
            0.023526377975940704,
            -0.05394970253109932
        ],
        [
            0.1058286800980568,
            0.01871497556567192,
            -0.04689888656139374
        ],
        [
            0.11018133163452148,
            -0.004636678844690323,
            -0.026727065443992615
        ],
        [
            0.1159285232424736,
            0.00953138992190361,
            -0.03731577843427658
        ],
        [
            0.10873544216156006,
            -0.017835505306720734,
            -0.011835522949695587
        ],
        [
            0.10761485993862152,
            -0.011674243956804276,
            -0.018830858170986176
        ],
        [
            0.12020508199930191,
            0.027437623590230942,
            -0.042596377432346344
        ],
        [
