{
    "pred_cam": [
        7.789831638336182,
        -0.06491333991289139,
        0.01863204687833786
    ],
    "pred_mano_params": {
        "global_orient": [
            [
                [
                    0.8174355030059814,
                    -0.4343801736831665,
                    0.3783028721809387
                ],
                [
                    0.42973771691322327,
                    0.022559724748134613,
                    -0.9026718735694885
                ],
                [
                    0.38356831669807434,
                    0.9004470705986023,
                    0.20511066913604736
                ]
            ]
        ],
        "hand_pose": [
            [
                [
                    0.8145972490310669,
                    -0.5765857100486755,
                    -0.06308969855308533
                ],
                [
                    0.5762953758239746,
                    0.8168728351593018,
                    -0.02454528398811817
                ],
                [
                    0.06568871438503265,
                    -0.016363780945539474,
                    0.9977060556411743
                ]
            ],
            [
                [
                    0.39266103506088257,
                    -0.8781925439834595,
                    0.2731212377548218
                ],
                [
                    0.9144585132598877,
                    0.34120625257492065,
                    -0.2175864726305008
                ],
                [
                    0.0978921428322792,
                    0.33519577980041504,
                    0.9370490908622742
                ]
            ],
            [
                [
                    0.8480944037437439,
                    -0.5275328755378723,
                    0.049445975571870804
                ],
                [
                    0.5159568786621094,
                    0.8434869050979614,
                    0.14939305186271667
                ],
                [
                    -0.12051677703857422,
                    -0.10118742287158966,
                    0.9875407218933105
                ]
            ],
            [
                [
                    0.8000742793083191,
                    -0.5813974142074585,
                    -0.14784517884254456
                ],
                [
                    0.5909940600395203,
                    0.8061944842338562,
                    0.02786569483578205
                ],
                [
                    0.10299091786146164,
                    -0.1096702516078949,
                    0.9886178970336914
                ]
            ],
            [
                [
                    0.22356809675693512,
                    -0.9400351643562317,
                    -0.2575869858264923
                ],
                [
                    0.9723836779594421,
                    0.1969469040632248,
                    0.12522733211517334
                ],
                [
                    -0.06698714941740036,
                    -0.2784702181816101,
                    0.9581058621406555
                ]
            ],
            [
                [
                    0.7983436584472656,
                    -0.6014237999916077,
                    0.03060733899474144
                ],
                [
                    0.6020716428756714,
                    0.7981969118118286,
                    -0.019781919196248055
                ],
                [
                    -0.012533368542790413,
                    0.034220583736896515,
                    0.9993356466293335
                ]
            ],
            [
                [
                    0.8365480899810791,
                    -0.5357879400253296,
                    0.11453674733638763
                ],
                [
                    0.468621164560318,
                    0.8080127835273743,
                    0.35708490014076233
                ],
                [
                    -0.2838689088821411,
                    -0.24504432082176208,
                    0.9270231127738953
                ]
            ],
            [
                [
                    0.8500213027000427,
                    -0.5248307585716248,
                    -0.04490577429533005
                ],
                [
                    0.5071535706520081,
                    0.7923855781555176,
                    0.33899927139282227
                ],
                [
                    -0.14233455061912537,
                    -0.31093069911003113,
                    0.9397144317626953
                ]
            ],
            [
                [
                    0.9808583855628967,
                    -0.19456109404563904,
                    0.007915202528238297
                ],
                [
                    0.17495664954185486,
                    0.8984114527702332,
                    0.40279901027679443
                ],
                [
                    -0.08548014611005783,
                    -0.39370405673980713,
                    0.9152541756629944
                ]
            ],
            [
                [
                    0.941397488117218,
                    -0.3322347104549408,
                    -0.05823192000389099
                ],
                [
                    0.3317317068576813,
                    0.9431946277618408,
                    -0.018385928124189377
                ],
                [
                    0.06103247404098511,
                    -0.002008905168622732,
                    0.9981338381767273
                ]
            ],
            [
                [
                    0.36991891264915466,
                    -0.8956581950187683,
                    -0.24689336121082306
                ],
                [
                    0.8746002316474915,
                    0.24606230854988098,
                    0.41776517033576965
                ],
                [
                    -0.31342366337776184,
                    -0.370472252368927,
                    0.8743659257888794
                ]
            ],
            [
                [
                    0.7416579127311707,
                    -0.6699551939964294,
                    -0.033220380544662476
                ],
                [
                    0.6607643365859985,
                    0.7211636304855347,
                    0.20811904966831207
                ],
                [
                    -0.11547310650348663,
                    -0.17630398273468018,
                    0.9775392413139343
                ]
            ],
            [
                [
                    0.9763066172599792,
                    -0.061090823262929916,
                    -0.2075890153646469
                ],
                [
                    -0.12888863682746887,
                    0.6064146757125854,
                    -0.7846329808235168
                ],
                [
                    0.17381888628005981,
                    0.7927982807159424,
                    0.5841727256774902
                ]
            ],
            [
                [
                    0.968576967716217,
                    -0.24267587065696716,
                    -0.05447141081094742
                ],
                [
                    0.235856294631958,
                    0.826697587966919,
                    0.5108256340026855
                ],
                [
                    -0.07893367856740952,
                    -0.5076213479042053,
                    0.8579568862915039
                ]
            ],
            [
                [
                    0.9928186535835266,
                    -0.11943620443344116,
                    0.00678468681871891
                ],
                [
                    0.11106459051370621,
                    0.8991867303848267,
                    -0.42323487997055054
                ],
                [
                    0.04444888234138489,
                    0.4209490418434143,
                    0.9059944748878479
                ]
            ]
        ],
        "betas": [
            0.007751911878585815,
            -0.09764859080314636,
            -0.09161874651908875,
            -0.0224897563457489,
            -0.002881169319152832,
            -0.020361218601465225,
            0.09663479030132294,
            -0.07197502255439758,
            0.013246580958366394,
            -0.08927527070045471
        ]
    },
    "pred_cam_t": [
        -0.06491333991289139,
        0.01863204687833786,
        5.014549732208252
    ],
    "focal_length": [
        5000.0,
        5000.0
    ],
    "pred_keypoints_3d": [
        [
            0.09577906876802444,
            0.006371208466589451,
            0.006214003544300795
        ],
        [
            0.09256060421466827,
            -0.02753915637731552,
            -0.011674925684928894
        ],
        [
            0.08371434360742569,
            -0.048222050070762634,
            -0.03267569839954376
        ],
        [
            0.07105150073766708,
            -0.06278446316719055,
            -0.051738668233156204
        ],
        [
            0.06109604611992836,
            -0.07902979105710983,
            -0.08177392184734344
        ],
        [
            0.03376368433237076,
            -0.05014347285032272,
            -0.028061378747224808
        ],
        [
            0.016726147383451462,
            -0.06302662938833237,
            -0.05329805612564087
        ],
        [
            0.02972150593996048,
            -0.05837550386786461,
            -0.07072550058364868
        ],
        [
            0.049921728670597076,
            -0.04866885393857956,
            -0.08109200745820999
        ],
        [
            0.017701663076877594,
            -0.03126364201307297,
            -0.03216610103845596
        ],
        [
            0.0011585690081119537,
            -0.034462399780750275,
            -0.05905544012784958
        ],
        [
            0.019411597400903702,
            -0.030384249985218048,
            -0.0729583203792572
        ],
        [
            0.04412391036748886,
            -0.026738794520497322,
            -0.07772275060415268
        ],
        [
            0.020512498915195465,
            -0.004815134219825268,
            -0.03419659286737442
        ],
        [
            -0.0010507553815841675,
            -0.010528313927352428,
            -0.05259202420711517
        ],
        [
            0.012464051134884357,
            -0.010815126821398735,
            -0.07343796640634537
        ],
        [
            0.03516317158937454,
            -0.012247489765286446,
            -0.08414749056100845
        ],
        [
            0.0274437814950943,
            0.015489245764911175,
            -0.037996355444192886
        ],
        [
            0.017401859164237976,
            0.014535639435052872,
            -0.056579750031232834
        ],
        [
            0.02126298099756241,
            0.012102382257580757,
            -0.07500123232603073
        ],
        [
            0.030554015189409256,
            0.007192565128207207,
            -0.09273798018693924
        ]
    ],
    "pred_vertices": [
        [
            0.06845752894878387,
            -0.02941679209470749,
            -0.024923693388700485
        ],
        [
            0.07749597728252411,
            -0.02365022525191307,
            -0.022582201287150383
        ],
        [
            0.07544909417629242,
            -0.03118867054581642,
            -0.02876943349838257
        ],
        [
            0.06745206564664841,
            -0.037475064396858215,
            -0.02909579686820507
        ],
        [
            0.09582047164440155,
            -0.024444852024316788,
            -0.031050777062773705
        ],
        [
            0.10565152764320374,
            -0.03011058270931244,
            -0.027232013642787933
        ],
        [
            0.09704264998435974,
            -0.040534161031246185,
            -0.03710665553808212
        ],
        [
            0.09024778753519058,
            -0.03377527371048927,
            -0.03987635299563408
        ],
        [
            0.06536611914634705,
            -0.04431505128741264,
            -0.03137790411710739
        ],
        [
            0.073343425989151,
            -0.03753688186407089,
            -0.034067437052726746
        ],
        [
            0.06453356891870499,
            -0.047729283571243286,
            -0.02929302304983139
        ],
        [
            0.05535637587308884,
            -0.05387607216835022,
            -0.021260950714349747
        ],
        [
            0.05733368545770645,
            -0.05011342838406563,
            -0.027018731459975243
        ],
        [
            0.04757262021303177,
            -0.056348152458667755,
            -0.01962663233280182
        ],
        [
            0.057234928011894226,
            -0.05253640562295914,
            -0.010442465543746948
        ],
        [
            0.04241890460252762,
            -0.05349481850862503,
            -0.011993508785963058
        ],
        [
            0.04860924184322357,
            -0.0276658795773983,
            0.0015453509986400604
        ],
        [
            0.04640451818704605,
            -0.014300702139735222,
            0.0009312853217124939
        ],
        [
            0.03203662112355232,
            -0.01969972252845764,
            -0.0065175611525774
        ],
        [
            0.035885099321603775,
            -0.0327867828309536,
            -0.0060021355748176575
        ],
        [
            0.0363105833530426,
            0.0005334559828042984,
            -0.00937885232269764
        ],
        [
            0.033126555383205414,
            -0.010768088512122631,
            -0.008083382621407509
        ],
        [
            0.046724140644073486,
            -0.005316760390996933,
            0.00045808032155036926
        ],
        [
            0.04879974573850632,
            0.004556238651275635,
            -0.0012597031891345978
        ],
        [
            0.0693541020154953,
            -0.014058895409107208,
            -0.021740876138210297
        ],
        [
            0.07842065393924713,
            -0.008890926837921143,
            -0.01853756606578827
        ],
        [
            0.07805613428354263,
            -0.014532636851072311,
            -0.018386755138635635
        ],
        [
            0.06963114440441132,
            -0.019536519423127174,
            -0.02183579094707966
        ],
        [
            0.07060500234365463,
            -0.0543508343398571,
            -0.029828926548361778
        ],
        [
            0.07272575050592422,
            -0.05345098674297333,
            -0.017221417278051376
        ],
        [
            0.06639647483825684,
            -0.05157995596528053,
            -0.021765759214758873
        ],
        [
            0.06893736124038696,
            -0.05102863162755966,
            -0.03410692885518074
        ],
        [
            0.10023006796836853,
            0.010230014100670815,
            -0.017165955156087875
        ],
        [
            0.10821295529603958,
            0.01332608237862587,
            -0.006720447912812233
        ],
        [
            0.1095585972070694,
            0.0077610015869140625,
            -0.005246620625257492
        ],
        [
            0.10170808434486389,
            0.006135802716016769,
            -0.01469586044549942
        ],
        [
            0.11282836645841599,
            -0.01410628855228424,
            -0.010172301903367043
        ],
        [
            0.11514238268136978,
            -0.008952267467975616,
            -0.0007954295724630356
        ],
        [
            0.11835496127605438,
            -0.01553136482834816,
            0.010519850999116898
        ],
        [
            0.11445438861846924,
            -0.02267477661371231,
            0.0035442691296339035
        ],
        [
            0.10971392691135406,
            -0.02215687558054924,
            -0.01948883756995201
        ],
        [
            0.11289071291685104,
            -0.029883019626140594,
            -0.00846758484840393
        ],
        [
            0.10830682516098022,
            -0.03760655224323273,
            -0.018873384222388268
        ],
        [
            0.09891894459724426,
            -0.04703003168106079,
            -0.030667219310998917
        ],
        [
            0.10390870273113251,
            0.025402888655662537,
            -0.007090236991643906
        ],
        [
            0.09774789214134216,
            0.02490648254752159,
            -0.015198836103081703
        ],
        [
            0.03162647783756256,
            -0.061082638800144196,
            -0.05307585373520851
        ],
        [
            0.02997118979692459,
            -0.05536070093512535,
            -0.054870594292879105
        ],
        [
            0.030556000769138336,
            -0.055586785078048706,
            -0.05330913886427879
        ],
        [
            0.03169828653335571,
            -0.06103956326842308,
            -0.05186258256435394
        ],
        [
            0.0873861089348793,
            0.03423616290092468,
            0.000512145459651947
        ],
        [
            0.08218122273683548,
            0.03299924358725548,
            0.00905236229300499
        ],
        [
            0.08849385380744934,
            0.036200977861881256,
            0.010806627571582794
        ],
        [
            0.09422510117292404,
            0.0357135534286499,
            0.003383457660675049
        ],
        [
            0.0784103125333786,
            0.032146476209163666,
            -0.0033359043300151825
        ],
        [
            0.07385297119617462,
            0.02807445079088211,
            0.006142698228359222
        ],
        [
            0.021736154332756996,
            -0.0691642090678215,
            -0.055189453065395355
        ],
        [
            0.0269479900598526,
            -0.06862208992242813,
            -0.054244887083768845
        ],
        [
            0.02516304701566696,
            -0.06864544749259949,
            -0.05051719397306442
        ],
        [
            0.01978418603539467,
            -0.06817685812711716,
            -0.050128549337387085
        ],
        [
            0.05958004295825958,
            -0.0434827022254467,
            -0.02922041527926922
        ],
        [
            0.060757819563150406,
            -0.034378476440906525,
            -0.028509657829999924
        ],
        [
            0.04446452856063843,
            -0.04839804023504257,
            -0.03433017432689667
        ],
        [
            0.04980343580245972,
            -0.04229264706373215,
            -0.031543832272291183
        ],
        [
            0.05203190818428993,
            -0.04846324026584625,
            -0.029223237186670303
        ],
        [
            0.04674972593784332,
            -0.053019002079963684,
            -0.030637264251708984
        ],
        [
            0.04882929474115372,
            -0.01881643384695053,
            -0.030719174072146416
        ],
        [
            0.05879449099302292,
            -0.014948330819606781,
            -0.025805730372667313
        ],
        [
            0.05855029076337814,
            -0.021538369357585907,
            -0.025859270244836807
        ],
        [
            0.04845641553401947,
            -0.027367470785975456,
            -0.03167484700679779
        ],
        [
            0.058576807379722595,
            -0.0012451112270355225,
            -0.02926791086792946
        ],
        [
            0.04855244234204292,
            -0.00617385096848011,
            -0.033472392708063126
        ],
        [
            0.04960933327674866,
            0.0021309293806552887,
            -0.03498348221182823
        ],
        [
            0.05703047662973404,
            0.004144385457038879,
            -0.03257644549012184
        ],
        [
            0.03180159628391266,
            -0.01758223958313465,
            -0.0391271598637104
        ],
        [
            0.025476308539509773,
            -0.02048247680068016,
            -0.040737610310316086
        ],
        [
            0.023096200078725815,
            -0.01766989938914776,
            -0.04234590008854866
        ],
        [
            0.0314597561955452,
            -0.014040282927453518,
            -0.039633605629205704
        ],
        [
            0.09436021745204926,
            0.03896849974989891,
            0.013651739805936813
        ],
        [
            0.10069264471530914,
            0.03629470616579056,
            0.006659980863332748
        ],
        [
            0.04097963124513626,
            0.020496895536780357,
            -0.01599518023431301
        ],
        [
            0.0479980930685997,
            0.0270954892039299,
            -0.021357523277401924
        ],
        [
            0.03783833608031273,
            0.025728825479745865,
            -0.028733378276228905
        ],
        [
            0.0327577069401741,
            0.019147774204611778,
            -0.020803235471248627
        ],
        [
            0.07864795625209808,
            0.026099275797605515,
            0.015927400439977646
        ],
        [
            0.08396026492118835,
            0.03133908659219742,
            0.018320437520742416
        ],
        [
            0.016216574236750603,
            -0.06591677665710449,
            -0.05653967708349228
        ],
        [
            0.014633512124419212,
            -0.06469269096851349,
            -0.05142899602651596
        ],
        [
            0.10440415143966675,
            -0.04159203916788101,
            -0.00588475726544857
        ],
        [
            0.09628616273403168,
            -0.0517992340028286,
            -0.02246370166540146
        ],
        [
            0.10838659852743149,
            -0.031651340425014496,
            0.006520388647913933
        ],
        [
            0.10975943505764008,
            -0.02373689040541649,
            0.014938775449991226
        ],
        [
            0.11340336501598358,
            -0.018209412693977356,
            0.021274719387292862
        ],
        [
            0.045092687010765076,
            -0.03809129446744919,
            -0.03406454622745514
        ],
        [
            0.06268516182899475,
            -0.02577507123351097,
            -0.025498587638139725
        ],
        [
            0.06916697323322296,
            -0.00902334600687027,
            -0.02239120937883854
        ],
        [
            0.06558071076869965,
            0.019325150176882744,
            -0.03352465480566025
        ],
        [
            0.07495147734880447,
            0.022283924743533134,
            -0.029572460800409317
        ],
        [
            0.07377220690250397,
            0.011741630733013153,
            -0.03004092164337635
        ],
        [
            0.06545957177877426,
            0.011390086263418198,
            -0.03283507376909256
        ],
        [
            0.05264075845479965,
            0.027976708486676216,
            -0.030003834515810013
        ],
        [
            0.05472957715392113,
            0.022733576595783234,
            -0.03547929972410202
        ],
        [
            0.04696010798215866,
            0.020399991422891617,
            -0.03910400718450546
        ],
        [
            0.04389737546443939,
            0.025644708424806595,
            -0.03510501980781555
        ],
        [
            0.07578170299530029,
            -0.05947880819439888,
            -0.02813277579843998
        ],
        [
            0.07949802279472351,
            -0.05507786571979523,
            -0.014552082866430283
        ],
        [
            0.09354167431592941,
            0.03180217742919922,
            -0.007748126983642578
        ],
        [
            0.100094273686409,
            0.03120681829750538,
            -0.003544829785823822
        ],
        [
            0.10594770312309265,
            0.032474618405103683,
            0.002450115978717804
        ],
        [
            0.09016896784305573,
            -0.0005011558532714844,
            -0.01807425543665886
        ],
        [
            0.10286115109920502,
            0.003261398524045944,
            -0.013099484145641327
        ],
        [
            0.10359931737184525,
            -0.0010402202606201172,
            -0.013092923909425735
        ],
        [
            0.0898759514093399,
            -0.003489237278699875,
            -0.016617579385638237
        ],
        [
            0.08757801353931427,
            -0.017291244119405746,
            -0.02294042333960533
        ],
        [
            0.10052505135536194,
            -0.014475811272859573,
            -0.02184394747018814
        ],
        [
            0.08382122218608856,
            -0.024720847606658936,
            -0.031230121850967407
        ],
        [
            0.11283460259437561,
            0.0008060187101364136,
            -0.002483729273080826
        ],
        [
            0.11733150482177734,
            0.010204184800386429,
            0.0009767264127731323
        ],
        [
            0.11945569515228271,
            0.0021309293806552887,
            0.004036217927932739
        ],
        [
            0.11414051800966263,
            0.019408419728279114,
            -2.4273991584777832e-05
        ],
        [
            0.1102578341960907,
            0.02741476148366928,
            0.0001726970076560974
        ],
        [
            0.08849004656076431,
            0.03618478402495384,
            0.023647572845220566
        ],
        [
            0.11987608671188354,
            -0.005440466105937958,
            0.007514085620641708
        ],
        [
            0.08602587878704071,
            -0.041154894977808,
            -0.0442834198474884
        ],
        [
            0.08256027847528458,
            -0.047828249633312225,
            -0.04786037281155586
        ],
        [
            0.07578141987323761,
            -0.04503682255744934,
            -0.045746706426143646
        ],
        [
            0.07827936112880707,
            -0.03889406844973564,
            -0.04219263419508934
        ],
        [
            0.03935541585087776,
            -0.05883505567908287,
            -0.021422311663627625
        ],
        [
            0.044399604201316833,
            -0.057377684861421585,
            -0.027183640748262405
        ],
        [
            0.05197995901107788,
            -0.054203130304813385,
            -0.024957118555903435
        ],
        [
            0.0903891772031784,
            0.011834252625703812,
            -0.023175302892923355
        ],
        [
            0.088864266872406,
            0.024209389463067055,
            -0.02141941897571087
        ],
        [
            0.03964828699827194,
            -0.0446038618683815,
            -0.03687222674489021
        ],
        [
            0.019282057881355286,
            -0.0676603615283966,
            -0.04576742649078369
        ],
        [
            0.025202274322509766,
            -0.06885255128145218,
            -0.0464310348033905
        ],
        [
            0.03153153881430626,
            -0.06378424912691116,
            -0.031989023089408875
        ],
        [
            0.02483075112104416,
            -0.06230638921260834,
            -0.03053988702595234
        ],
        [
            0.029233824461698532,
            -0.04436101019382477,
            -0.03871595859527588
        ],
        [
            0.03626305237412453,
            -0.0463007427752018,
            -0.03902219235897064
        ],
        [
            0.034284915775060654,
            -0.04680801182985306,
            -0.04005921632051468
        ],
        [
            0.028326917439699173,
            -0.04433645308017731,
            -0.04174236208200455
        ],
        [
            0.0257255882024765,
            -0.008811986073851585,
            -0.04275365546345711
        ],
        [
            0.03312768414616585,
            -0.0057605355978012085,
            -0.040677011013031006
        ],
        [
            0.02459459751844406,
            -0.03717538341879845,
            -0.016866905614733696
        ],
        [
            0.0285104438662529,
            -0.04887373000383377,
            -0.011283857747912407
        ],
        [
            0.03912588953971863,
            -0.04459075257182121,
            -0.005937287583947182
        ],
        [
            0.04918108880519867,
            -0.011425645090639591,
            -0.031568918377161026
        ],
        [
            0.04003740847110748,
            -0.014161568135023117,
            -0.03621211275458336
        ],
        [
            0.03973286226391792,
            -0.0101026501506567,
            -0.03685399144887924
        ],
        [
            0.04080004617571831,
            -0.03639374300837517,
            -0.03559836372733116
        ],
        [
            0.03507984057068825,
            -0.04059445112943649,
            -0.037850119173526764
        ],
        [
            0.03520733863115311,
            -0.03556038811802864,
            -0.036762382835149765
        ],
        [
            0.04085925593972206,
            -0.03106391243636608,
            -0.03507818654179573
        ],
        [
            0.058369651436805725,
            0.029743975028395653,
            -0.013867214322090149
        ],
        [
            0.06365659832954407,
            0.031121838837862015,
            -0.024091549217700958
        ],
        [
            0.030518032610416412,
            -0.06575430184602737,
            -0.053185928612947464
        ],
        [
            0.029744306579232216,
            -0.0659542977809906,
            -0.05100587382912636
        ],
        [
            0.05895822122693062,
            -0.007788185030221939,
            -0.026723749935626984
        ],
        [
            0.05177746340632439,
            -0.03876965492963791,
            -0.0007475912570953369
        ],
        [
            0.06912297755479813,
            -0.003624744713306427,
            -0.023456161841750145
        ],
        [
            0.022863995283842087,
            0.0037142308428883553,
            -0.026393895968794823
        ],
        [
            0.024292634800076485,
            0.005763046443462372,
            -0.03413508087396622
        ],
        [
            0.019776560366153717,
            0.00243753707036376,
            -0.036742910742759705
        ],
        [
            0.016592204570770264,
            0.0012472504749894142,
            -0.031545042991638184
        ],
        [
            0.02216254733502865,
            -0.04832134768366814,
            -0.05234093219041824
        ],
        [
            0.0274950060993433,
            -0.05061445012688637,
            -0.05379222333431244
        ],
        [
            0.026569370180368423,
            -0.050803810358047485,
            -0.05432460457086563
        ],
        [
            0.02070174738764763,
            -0.04922236502170563,
            -0.05472736433148384
        ],
        [
            0.040310222655534744,
            -0.050317153334617615,
            -0.0373552180826664
        ],
        [
            0.04236111044883728,
            -0.05535155534744263,
            -0.0341479666531086
        ],
        [
            0.039267342537641525,
            -0.05650729686021805,
            -0.03810583055019379
        ],
        [
            0.03711396083235741,
            -0.051161348819732666,
            -0.03991461172699928
        ],
        [
            0.039572108536958694,
            -0.059740372002124786,
            -0.030365878716111183
        ],
        [
            0.0368502214550972,
            -0.061394013464450836,
            -0.034536972641944885
        ],
        [
            0.01618357002735138,
            -0.05007879063487053,
            -0.05033471807837486
        ],
        [
            0.012863409705460072,
            -0.05684464052319527,
            -0.048243649303913116
        ],
        [
            0.017936300486326218,
            -0.05025114864110947,
            -0.03429994359612465
        ],
        [
            0.021082883700728416,
            -0.045948442071676254,
            -0.03994542732834816
        ],
        [
            0.060337554663419724,
            0.008511217311024666,
            0.007577251642942429
        ],
        [
            0.06143844500184059,
            0.018866941332817078,
            0.0036207325756549835
        ],
        [
            0.04990602657198906,
            0.015226015821099281,
            -0.005213826894760132
        ],
        [
            0.0381464883685112,
            0.012316353619098663,
            -0.013160472735762596
        ],
        [
            0.028029419481754303,
            0.00853255856782198,
            -0.02141614258289337
        ],
        [
            0.025295451283454895,
            -0.0019151149317622185,
            -0.015488823875784874
        ],
        [
            0.05228186026215553,
            0.02256164886057377,
            -0.0077528804540634155
        ],
        [
            0.023611515760421753,
            -0.040168579667806625,
            -0.03103865683078766
        ],
        [
            0.0226517915725708,
            -0.0449906662106514,
            -0.024252843111753464
        ],
        [
            0.022000959143042564,
            -0.03906410187482834,
            -0.02440013363957405
        ],
        [
            0.06911079585552216,
            0.0030776895582675934,
            -0.026677558198571205
        ],
        [
            0.030042801052331924,
            -0.06694326549768448,
            -0.04818318039178848
        ],
        [
            0.09323770552873611,
            -0.012328363955020905,
            0.028129663318395615
        ],
        [
            0.08670923113822937,
            -0.0004868730902671814,
            0.029259338974952698
        ],
        [
            0.08141238242387772,
            -0.005593389272689819,
            0.024538714438676834
        ],
        [
            0.08912129700183868,
            -0.01902531459927559,
            0.02240464836359024
        ],
        [
            0.03193816542625427,
            -0.05631218105554581,
            -0.05332614481449127
        ],
        [
            0.033160559833049774,
            -0.06212381646037102,
            -0.05078156292438507
        ],
        [
            0.03167619928717613,
            0.00034602172672748566,
            -0.042556051164865494
        ],
        [
            0.025143912062048912,
            -0.002959605772048235,
            -0.04332433268427849
        ],
        [
            0.022378746420145035,
            -1.6452744603157043e-05,
            -0.04247385635972023
        ],
        [
            0.028201323002576828,
            0.004628482274711132,
            -0.04447829723358154
        ],
        [
            0.06361694633960724,
            0.024074379354715347,
            0.0017626173794269562
        ],
        [
            0.03271304816007614,
            0.024768564850091934,
            -0.035069555044174194
        ],
        [
            0.02778688818216324,
            0.01924024522304535,
            -0.027286220341920853
        ],
        [
            0.07154163718223572,
            0.021633580327033997,
            0.01145811378955841
        ],
        [
            0.0703253448009491,
            0.012806296348571777,
            0.015499509871006012
        ],
        [
            0.07748354971408844,
            0.01644822768867016,
            0.020993057638406754
        ],
        [
            0.020534183830022812,
            -0.016591869294643402,
            -0.018245898187160492
        ],
        [
            0.05844927579164505,
            0.0001223478466272354,
            0.008679118007421494
        ],
        [
            0.06955792009830475,
            0.005243947729468346,
            0.016455411911010742
        ],
        [
            0.07805866748094559,
            0.0092391949146986,
            0.02309417352080345
        ],
        [
            0.0836433619260788,
            0.012815570458769798,
            0.028124365955591202
        ],
        [
            0.08252929151058197,
            0.020337995141744614,
            0.02518894523382187
        ],
        [
            0.014964061789214611,
            -0.06289033591747284,
            -0.046642549335956573
        ],
        [
            0.011767308227717876,
            -0.0581539049744606,
            -0.05381184071302414
        ],
        [
            0.08721645176410675,
            0.02526412345468998,
            0.031202569603919983
        ],
        [
            0.08871326595544815,
            0.01646464876830578,
            0.03374577313661575
        ],
        [
            0.0700443759560585,
            -0.0038957297801971436,
            0.017330382019281387
        ],
        [
            0.07189351320266724,
            -0.015323862433433533,
            0.01719357818365097
        ],
        [
            0.059363726526498795,
            -0.008469222113490105,
            0.009584315121173859
        ],
        [
            0.060041505843400955,
            -0.020054254680871964,
            0.009061165153980255
        ],
        [
            0.02118517830967903,
            -0.02496793121099472,
            -0.011521942913532257
        ],
        [
            0.02047845907509327,
            -0.0554535798728466,
            -0.07022610306739807
        ],
        [
            0.01546573732048273,
            -0.05359983444213867,
            -0.060377199202775955
        ],
        [
            0.020196814090013504,
            -0.05046546459197998,
            -0.058607205748558044
        ],
        [
            0.022509567439556122,
            -0.0519917793571949,
            -0.06861322373151779
        ],
        [
            0.015326449647545815,
            -0.051482055336236954,
            -0.05461682006716728
        ],
        [
            0.01361189503222704,
            -0.0591471791267395,
            -0.05920231342315674
        ],
        [
            0.06520251929759979,
            -0.033883485943078995,
            0.005948672071099281
        ],
        [
            0.029198933392763138,
            -0.03881417587399483,
            -0.038265928626060486
        ],
        [
            0.08087197691202164,
            -0.03077801503241062,
            0.012330960482358932
        ],
        [
            0.06778083741664886,
            -0.048851378262043,
            -0.002678411081433296
        ],
        [
            0.08068123459815979,
            -0.046450767666101456,
            -0.00021230056881904602
        ],
        [
            0.09809042513370514,
            -0.02870219573378563,
            0.017215946689248085
        ],
        [
            0.0953647792339325,
            -0.04145904630422592,
            0.005164846777915955
        ],
        [
            0.10542358458042145,
            -0.015415709465742111,
