{
    "pred_cam": [
        10.159381866455078,
        0.06791112571954727,
        -0.06775949895381927
    ],
    "pred_mano_params": {
        "global_orient": [
            [
                [
                    0.551907479763031,
                    -0.5244014859199524,
                    0.648383617401123
                ],
                [
                    -0.46220526099205017,
                    -0.8395336270332336,
                    -0.2855689227581024
                ],
                [
                    0.6940926313400269,
                    -0.1420786827802658,
                    -0.7057260274887085
                ]
            ]
        ],
        "hand_pose": [
            [
                [
                    0.82359778881073,
                    -0.4769642949104309,
                    -0.3069068491458893
                ],
                [
                    0.4360714554786682,
                    0.8785129189491272,
                    -0.19508136808872223
                ],
                [
                    0.3626684844493866,
                    0.02683524787425995,
                    0.9315317869186401
                ]
            ],
            [
                [
                    0.6762986183166504,
                    -0.6794861555099487,
                    0.28446218371391296
                ],
                [
                    0.7328262329101562,
                    0.6597987413406372,
                    -0.16622689366340637
                ],
                [
                    -0.07473890483379364,
                    0.32088035345077515,
                    0.9441662430763245
                ]
            ],
            [
                [
                    0.687066912651062,
                    -0.7264533042907715,
                    0.014308075420558453
                ],
                [
                    0.7265422344207764,
                    0.6871201395988464,
                    -0.0015617726603522897
                ],
                [
                    -0.008696811273694038,
                    0.011468460783362389,
                    0.9998965263366699
                ]
            ],
            [
                [
                    0.808100700378418,
                    -0.5429284572601318,
                    -0.22847747802734375
                ],
                [
                    0.5420101284980774,
                    0.8372395634651184,
                    -0.0724903792142868
                ],
                [
                    0.2306474894285202,
                    -0.06525758653879166,
                    0.9708465933799744
                ]
            ],
            [
                [
                    0.7989079356193542,
                    -0.5792979001998901,
                    -0.16174063086509705
                ],
                [
                    0.600257158279419,
                    0.7509975433349609,
                    0.2751254737377167
                ],
                [
                    -0.03791278228163719,
                    -0.31688591837882996,
                    0.9477056264877319
                ]
            ],
            [
                [
                    0.8412184119224548,
                    -0.5380347371101379,
                    -0.053574223071336746
                ],
                [
                    0.5399511456489563,
                    0.8411237001419067,
                    0.0310431607067585
                ],
                [
                    0.02836025133728981,
                    -0.05504154413938522,
                    0.9980812072753906
                ]
            ],
            [
                [
                    0.5984472632408142,
                    -0.7988538146018982,
                    0.06077444553375244
                ],
                [
                    0.7603845000267029,
                    0.5902436375617981,
                    0.270975798368454
                ],
                [
                    -0.25234177708625793,
                    -0.1159527599811554,
                    0.960665762424469
                ]
            ],
            [
                [
                    0.9736143946647644,
                    -0.18015745282173157,
                    -0.14006565511226654
                ],
                [
                    0.19343462586402893,
                    0.977185845375061,
                    0.08769763261079788
                ],
                [
                    0.12107079476118088,
                    -0.11247722059488297,
                    0.9862508773803711
                ]
            ],
            [
                [
                    0.9381845593452454,
                    -0.22905117273330688,
                    0.25950995087623596
                ],
                [
                    0.16875801980495453,
                    0.9572765827178955,
                    0.23482386767864227
                ],
                [
                    -0.3022094666957855,
                    -0.1765137016773224,
                    0.9367563128471375
                ]
            ],
            [
                [
                    0.6277863383293152,
                    -0.7768373489379883,
                    -0.04907158389687538
                ],
                [
                    0.7737407684326172,
                    0.6296756863594055,
                    -0.06952526420354843
                ],
                [
                    0.08490900695323944,
                    0.005678323097527027,
                    0.9963725209236145
                ]
            ],
            [
                [
                    0.9946092963218689,
                    -0.10365001112222672,
                    -0.0029862092342227697
                ],
                [
                    0.09721273928880692,
                    0.9220436215400696,
                    0.37468019127845764
                ],
                [
                    -0.0360821895301342,
                    -0.3729507327079773,
                    0.92714923620224
                ]
            ],
            [
                [
                    0.9313153028488159,
                    -0.35708391666412354,
                    -0.07171403616666794
                ],
                [
                    0.3642041087150574,
                    0.9116091132164001,
                    0.1905890256166458
                ],
                [
                    -0.002681105863302946,
                    -0.20361702144145966,
                    0.9790469408035278
                ]
            ],
            [
                [
                    0.9570074081420898,
                    -0.25718775391578674,
                    0.1341315656900406
                ],
                [
                    0.185286745429039,
                    0.18624845147132874,
                    -0.964873194694519
                ],
                [
                    0.22317178547382355,
                    0.9482435584068298,
                    0.22589462995529175
                ]
            ],
            [
                [
                    0.9521180987358093,
                    -0.28626731038093567,
                    -0.10734051465988159
                ],
                [
                    0.2915586531162262,
                    0.7445273399353027,
                    0.6005601286888123
                ],
                [
                    -0.09200281649827957,
                    -0.6031003594398499,
                    0.7923416495323181
                ]
            ],
            [
                [
                    0.9075596332550049,
                    0.38794946670532227,
                    -0.160719096660614
                ],
                [
                    -0.36689746379852295,
                    0.9187503457069397,
                    0.14589032530784607
                ],
                [
                    0.20425881445407867,
                    -0.07343674451112747,
                    0.9761583805084229
                ]
            ]
        ],
        "betas": [
            -0.0690789520740509,
            -0.04515582323074341,
            -0.01653766632080078,
            -0.06346210837364197,
            -0.00798177719116211,
            -0.019651200622320175,
            0.05189919471740723,
            -0.07003411650657654,
            0.031482547521591187,
            -0.057948529720306396
        ]
    },
    "pred_cam_t": [
        -0.06791112571954727,
        -0.06775949895381927,
        3.84496808052063
    ],
    "focal_length": [
        5000.0,
        5000.0
    ],
    "pred_keypoints_3d": [
        [
            0.0960330069065094,
            0.006397286430001259,
            0.0062272436916828156
        ],
        [
            0.10765929520130157,
            0.0232517309486866,
            -0.026573047041893005
        ],
        [
            0.11391716450452805,
            0.052243735641241074,
            -0.03511013835668564
        ],
        [
            0.11325646936893463,
            0.07838250696659088,
            -0.042529698461294174
        ],
        [
            0.10632003098726273,
            0.10463207215070724,
            -0.06660021096467972
        ],
        [
            0.06341929733753204,
            0.04569429159164429,
            -0.06901270151138306
        ],
        [
            0.04666781425476074,
            0.07156194746494293,
            -0.08114276081323624
        ],
        [
            0.052854713052511215,
            0.09265238046646118,
            -0.07755652070045471
        ],
        [
            0.06779823452234268,
            0.10534515976905823,
            -0.06212736293673515
        ],
        [
            0.04215685650706291,
            0.05249631404876709,
            -0.05712132528424263
        ],
        [
            0.02794206514954567,
            0.08030422031879425,
            -0.06336189061403275
        ],
        [
            0.033687472343444824,
            0.10264331847429276,
            -0.05962503328919411
        ],
        [
            0.04827965050935745,
            0.12263274192810059,
            -0.052555859088897705
        ],
        [
            0.035424523055553436,
            0.05527638643980026,
            -0.031256239861249924
        ],
        [
            0.030609220266342163,
            0.0833946168422699,
            -0.036462441086769104
        ],
        [
            0.03211915120482445,
            0.10816489160060883,
            -0.034329839050769806
        ],
        [
            0.03836536407470703,
            0.13278928399085999,
            -0.030095215886831284
        ],
        [
            0.0350179597735405,
            0.059091366827487946,
            -0.009656524285674095
        ],
        [
            0.032513901591300964,
            0.08016198873519897,
            -0.009529920294880867
        ],
        [
            0.03341285511851311,
            0.0987556129693985,
            -0.005565205123275518
        ],
        [
            0.04042132571339607,
            0.11665070056915283,
            -0.005355170927941799
        ]
    ],
    "pred_vertices": [
        [
            0.08799643814563751,
            0.04023362323641777,
            -0.03727598860859871
        ],
        [
            0.09347543865442276,
            0.036435991525650024,
            -0.02888442948460579
        ],
        [
            0.09578903019428253,
            0.04343652352690697,
            -0.03276458755135536
        ],
        [
            0.09098584204912186,
            0.04491928592324257,
            -0.043712615966796875
        ],
        [
            0.10942037403583527,
            0.039186134934425354,
            -0.013845130801200867
        ],
        [
            0.12034066021442413,
            0.034433092921972275,
            -0.015264809131622314
        ],
        [
            0.12045054137706757,
            0.04880804568529129,
            -0.021576285362243652
        ],
        [
            0.1115076020359993,
            0.051400527358055115,
            -0.017958253622055054
        ],
        [
            0.0928133875131607,
            0.048610467463731766,
            -0.04799699783325195
        ],
        [
            0.09790431708097458,
            0.04993749409914017,
            -0.03547406941652298
        ],
        [
            0.09452763199806213,
            0.04928939789533615,
            -0.04828011244535446
        ],
        [
            0.08595342189073563,
            0.0400686040520668,
            -0.06249775364995003
        ],
        [
            0.08631747961044312,
            0.044144824147224426,
            -0.05892454832792282
        ],
        [
            0.07856030762195587,
            0.037773169577121735,
            -0.06927432864904404
        ],
        [
            0.08604617416858673,
            0.029622355476021767,
            -0.06140328198671341
        ],
        [
            0.07193119823932648,
            0.0308381300419569,
            -0.06890100985765457
        ],
        [
            0.0654323399066925,
            0.01571277529001236,
            -0.04315972328186035
        ],
        [
            0.058250412344932556,
            0.016699492931365967,
            -0.031242309138178825
        ],
        [
            0.047768909484148026,
            0.025643613189458847,
            -0.041620224714279175
        ],
        [
            0.056493792682886124,
            0.02429973892867565,
            -0.05237893760204315
        ],
        [
            0.04385636746883392,
            0.02880270406603813,
            -0.021237337961792946
        ],
        [
            0.04528716206550598,
            0.027484074234962463,
            -0.03301064670085907
        ],
        [
            0.05521981045603752,
            0.017502203583717346,
            -0.02269352227449417
        ],
        [
            0.053670190274715424,
            0.01937311515212059,
            -0.012668725103139877
        ],
        [
            0.08246057480573654,
            0.03678348660469055,
            -0.022528231143951416
        ],
        [
            0.08846238255500793,
            0.032662078738212585,
            -0.015227697789669037
        ],
        [
            0.09006181359291077,
            0.03232012689113617,
            -0.021473366767168045
        ],
        [
            0.08481491357088089,
            0.03682483732700348,
            -0.027897626161575317
        ],
        [
            0.10538899153470993,
            0.054934415966272354,
            -0.047020137310028076
        ],
        [
            0.10326870530843735,
            0.03808097541332245,
            -0.05207636207342148
        ],
        [
            0.09724847227334976,
            0.04312361776828766,
            -0.05220360681414604
        ],
        [
            0.10272088646888733,
            0.058089904487133026,
            -0.043119315057992935
        ],
        [
            0.10176001489162445,
            0.029387254267930984,
            0.011605564504861832
        ],
        [
            0.10666603595018387,
            0.018046364188194275,
            0.01736672967672348
        ],
        [
            0.1096825897693634,
            0.016080323606729507,
            0.012541137635707855
        ],
        [
            0.10417062044143677,
            0.02635905332863331,
            0.00794610008597374
        ],
        [
            0.11904925853013992,
            0.01821735128760338,
            -0.006156809628009796
        ],
        [
            0.11984430253505707,
            0.009719088673591614,
            -0.0012721642851829529
        ],
        [
            0.12416572868824005,
            -0.0014901906251907349,
            -0.0059861913323402405
        ],
        [
            0.12377754598855972,
            0.005926981568336487,
            -0.013375461101531982
        ],
        [
            0.11911670863628387,
            0.026162154972553253,
            -0.011488817632198334
        ],
        [
            0.1254449337720871,
            0.017192069441080093,
            -0.018438491970300674
        ],
        [
            0.12611457705497742,
            0.028060484677553177,
            -0.02237110584974289
        ],
        [
            0.12510734796524048,
            0.04493247717618942,
            -0.02841785177588463
        ],
        [
            0.09830859303474426,
            0.019420228898525238,
            0.02708401530981064
        ],
        [
            0.09384984523057938,
            0.028321053832769394,
            0.024485059082508087
        ],
        [
            0.059129953384399414,
            0.0753680169582367,
            -0.07792969048023224
        ],
        [
            0.05625397711992264,
            0.0768292099237442,
            -0.0727580189704895
        ],
        [
            0.05757373571395874,
            0.07408441603183746,
            -0.0722893476486206
        ],
        [
            0.059872280806303024,
            0.07328420877456665,
            -0.07768040150403976
        ],
        [
            0.0787964016199112,
            0.014188449829816818,
            0.029325291514396667
        ],
        [
            0.07336428761482239,
            0.006232365965843201,
            0.026171661913394928
        ],
        [
            0.07783482223749161,
            0.003831133246421814,
            0.031436771154403687
        ],
        [
            0.0842454582452774,
            0.010548166930675507,
            0.03315997123718262
        ],
        [
            0.07166808843612671,
            0.019007835537195206,
            0.024164553731679916
        ],
        [
            0.06775963306427002,
            0.009943682700395584,
            0.018571574240922928
        ],
        [
            0.050861746072769165,
            0.07563387602567673,
            -0.087904192507267
        ],
        [
            0.055834732949733734,
            0.07563850283622742,
            -0.08633412420749664
        ],
        [
            0.05504678562283516,
            0.07127946615219116,
            -0.08662248402833939
        ],
        [
            0.049949247390031815,
            0.07010462135076523,
            -0.08705442398786545
        ],
        [
            0.08558313548564911,
            0.04512251541018486,
            -0.05293891578912735
        ],
        [
            0.08294936269521713,
            0.04407362639904022,
            -0.04446467012166977
        ],
        [
            0.07345014065504074,
            0.05118691176176071,
            -0.06410695612430573
        ],
        [
            0.07599877566099167,
            0.047746650874614716,
            -0.05592326819896698
        ],
        [
            0.08022978901863098,
            0.04537593945860863,
            -0.060963429510593414
        ],
        [
            0.0767894983291626,
            0.047448430210351944,
            -0.06773258745670319
        ],
        [
            0.06629078835248947,
            0.047734614461660385,
            -0.034118685871362686
        ],
        [
            0.073491670191288,
            0.041892826557159424,
            -0.02691439539194107
        ],
        [
            0.0757015198469162,
            0.04179219529032707,
            -0.033269211649894714
        ],
        [
            0.0691918134689331,
            0.04844195395708084,
            -0.04228139668703079
        ],
        [
            0.06879928708076477,
            0.045872077345848083,
            -0.01410004124045372
        ],
        [
            0.061814095824956894,
            0.05086719989776611,
            -0.022282781079411507
        ],
        [
            0.05998946726322174,
            0.052471406757831573,
            -0.01403036154806614
        ],
        [
            0.065829336643219,
            0.04950718209147453,
            -0.009549122303724289
        ],
        [
            0.051692888140678406,
            0.05793711170554161,
            -0.038894642144441605
        ],
        [
            0.047368165105581284,
            0.0603053979575634,
            -0.043490130454301834
        ],
        [
            0.04617025703191757,
            0.0623348131775856,
            -0.04022974893450737
        ],
        [
            0.050419893115758896,
            0.05826818197965622,
            -0.035436712205410004
        ],
        [
            0.08192166686058044,
            0.00039643794298171997,
            0.03613634780049324
        ],
        [
            0.08963270485401154,
            0.006524309515953064,
            0.036041658371686935
        ],
        [
            0.04171215742826462,
            0.03544345870614052,
            -0.0003329329192638397
        ],
        [
            0.04678279161453247,
            0.04002729803323746,
            0.008565610274672508
        ],
        [
            0.038062430918216705,
            0.04805944114923477,
            0.0034756436944007874
        ],
        [
            0.03413781896233559,
            0.040801629424095154,
            -0.005053717643022537
        ],
        [
            0.07171593606472015,
            -0.0004789009690284729,
            0.018354594707489014
        ],
        [
            0.0744432583451271,
            -0.00331694632768631,
            0.025155633687973022
        ],
        [
            0.04504966363310814,
            0.07611733675003052,
            -0.08567474782466888
        ],
        [
            0.044532567262649536,
            0.07037703692913055,
            -0.08422823250293732
        ],
        [
            0.12404070794582367,
            0.017961449921131134,
            -0.03148740530014038
        ],
        [
            0.12463685870170593,
            0.03970210999250412,
            -0.03698776662349701
        ],
        [
            0.12189719080924988,
            0.00386732816696167,
            -0.024004172533750534
        ],
        [
            0.11904831230640411,
            -0.004869982600212097,
            -0.017183534801006317
        ],
        [
            0.11938051879405975,
            -0.011551965028047562,
            -0.010769397020339966
        ],
        [
            0.07052288204431534,
            0.05076587572693825,
            -0.05373590067028999
        ],
        [
            0.08110453188419342,
            0.04096675291657448,
            -0.03586354851722717
        ],
        [
            0.08054114878177643,
            0.03758396953344345,
            -0.01769702136516571
        ],
        [
            0.06825996935367584,
            0.050064295530319214,
            0.007826108485460281
        ],
        [
            0.07538512349128723,
            0.04522738605737686,
            0.01391385868191719
        ],
        [
            0.07827110588550568,
            0.045463550835847855,
            0.00360015407204628
        ],
        [
            0.07104804366827011,
            0.049143001437187195,
            0.0003059171140193939
        ],
        [
            0.052059005945920944,
            0.0480981320142746,
            0.011292915791273117
        ],
        [
            0.056927986443042755,
            0.05308951437473297,
            0.007257673889398575
        ],
        [
            0.05094115436077118,
            0.05694416165351868,
            0.002606429159641266
        ],
        [
            0.044922977685928345,
            0.053481150418519974,
            0.006132332608103752
        ],
        [
            0.112362802028656,
            0.053808342665433884,
            -0.04958751052618027
        ],
        [
            0.11000657826662064,
            0.03480270132422447,
            -0.05102885514497757
        ],
        [
            0.08643671870231628,
            0.02161581814289093,
            0.029347512871026993
        ],
        [
            0.09219631552696228,
            0.016586054116487503,
            0.031116869300603867
        ],
        [
            0.09643420577049255,
            0.0099286288022995,
            0.03439396619796753
        ],
        [
            0.09608907997608185,
            0.030756525695323944,
            -0.0030949972569942474
        ],
        [
            0.10583661496639252,
            0.024233076721429825,
            0.005308397114276886
        ],
        [
            0.10737775266170502,
            0.023402046412229538,
            0.001091592013835907
        ],
        [
            0.09623643755912781,
            0.02880626544356346,
            -0.006900519132614136
        ],
        [
            0.098406121134758,
            0.03303074091672897,
            -0.018193121999502182
        ],
        [
            0.10779474675655365,
            0.029264425858855247,
            -0.01010528951883316
        ],
        [
            0.0998905748128891,
            0.04249594360589981,
            -0.020119179040193558
        ],
        [
            0.11460454016923904,
            0.012352801859378815,
            0.006969943642616272
        ],
        [
            0.11525395512580872,
            0.009013306349515915,
            0.01768473908305168
        ],
        [
            0.11968150734901428,
            0.005319099873304367,
            0.010814249515533447
        ],
        [
            0.10910467803478241,
            0.010825902223587036,
            0.02515939250588417
        ],
        [
            0.10256682336330414,
            0.011457018554210663,
            0.031223073601722717
        ],
        [
            0.07623384147882462,
            -0.008976161479949951,
            0.03129464015364647
        ],
        [
            0.12241122126579285,
            0.0015903860330581665,
            0.0038847699761390686
        ],
        [
            0.1131313145160675,
            0.05949867516756058,
            -0.02316880226135254
        ],
        [
            0.11478494107723236,
            0.06704619526863098,
            -0.028097795322537422
        ],
        [
            0.10758873075246811,
            0.06622005254030228,
            -0.0295413825660944
        ],
        [
            0.10541228950023651,
            0.05925147235393524,
            -0.025727462023496628
        ],
        [
            0.07084031403064728,
            0.039838023483753204,
            -0.07550925761461258
        ],
        [
            0.07560057938098907,
            0.044721197336912155,
            -0.07253393530845642
        ],
        [
            0.0821356549859047,
            0.04184027761220932,
            -0.06581596285104752
        ],
        [
            0.09281588345766068,
            0.03667568415403366,
            0.009647656232118607
        ],
        [
            0.0866393893957138,
            0.03557237237691879,
            0.0206744521856308
        ],
        [
            0.06776563078165054,
            0.05386720225214958,
            -0.06182805076241493
        ],
        [
            0.04977387189865112,
            0.0653829574584961,
            -0.08678368479013443
        ],
        [
            0.05560777708888054,
            0.06690859794616699,
            -0.08658671379089355
        ],
        [
            0.06273557990789413,
            0.051768917590379715,
            -0.08210735768079758
        ],
        [
            0.05607331171631813,
            0.04966667294502258,
            -0.08239128440618515
        ],
        [
            0.05694848299026489,
            0.05577286705374718,
            -0.0638711228966713
        ],
        [
            0.06406170129776001,
            0.05600278079509735,
            -0.06362089514732361
        ],
        [
            0.061571016907691956,
            0.05699264630675316,
            -0.06406334787607193
        ],
        [
            0.05508960410952568,
            0.057924218475818634,
            -0.06279966235160828
        ],
        [
            0.045637939125299454,
            0.06221297010779381,
            -0.030871551483869553
        ],
        [
            0.0493401437997818,
            0.05886048078536987,
            -0.026914745569229126
        ],
        [
            0.049157943576574326,
            0.03585163503885269,
            -0.06044452637434006
        ],
        [
            0.056570861488580704,
            0.0296812541782856,
            -0.06991595029830933
        ],
        [
            0.0644553005695343,
            0.024623394012451172,
            -0.06215953081846237
        ],
        [
            0.06404353678226471,
            0.04877225309610367,
            -0.02703435905277729
        ],
        [
            0.057271309196949005,
            0.054226357489824295,
            -0.03284749388694763
        ],
        [
            0.05566176027059555,
            0.05488767474889755,
            -0.02908387780189514
        ],
        [
            0.06607656925916672,
            0.05279729515314102,
            -0.05362154170870781
        ],
        [
            0.06232713535428047,
            0.05511116608977318,
            -0.05939095467329025
        ],
        [
            0.06063700467348099,
            0.05483141541481018,
            -0.05485650897026062
        ],
        [
            0.06397245824337006,
            0.052603237330913544,
            -0.04850570112466812
        ],
        [
            0.05492527037858963,
            0.03167552873492241,
            0.014758411794900894
        ],
        [
            0.06074025481939316,
            0.04130248725414276,
            0.01809137687087059
        ],
        [
            0.05892980098724365,
            0.07525632530450821,
            -0.08278273046016693
        ],
        [
            0.0589078888297081,
            0.07232126593589783,
            -0.08301858603954315
        ],
        [
            0.07118748128414154,
            0.04304894804954529,
            -0.02012922614812851
        ],
        [
            0.07346122711896896,
            0.018582351505756378,
            -0.052446119487285614
        ],
        [
            0.0787137895822525,
            0.03888103365898132,
            -0.01261327788233757
        ],
        [
            0.033278562128543854,
            0.04808715358376503,
            -0.023244444280862808
        ],
        [
            0.036071084439754486,
            0.05611371248960495,
            -0.019949056208133698
        ],
        [
            0.03494464233517647,
            0.05933711677789688,
            -0.023434408009052277
        ],
        [
            0.03116798587143421,
            0.055454693734645844,
            -0.026791278272867203
        ],
        [
            0.04829415678977966,
            0.06949742138385773,
            -0.06691505014896393
        ],
        [
            0.053646270185709,
            0.0717131569981575,
            -0.06763852387666702
        ],
        [
            0.05266343057155609,
            0.07423838973045349,
            -0.06834723055362701
        ],
        [
            0.04669120907783508,
            0.07353708148002625,
            -0.06829962134361267
        ],
        [
            0.06895199418067932,
            0.05489959567785263,
            -0.06672174483537674
        ],
        [
            0.07240844517946243,
            0.05202009901404381,
            -0.07136973738670349
        ],
        [
            0.06849177181720734,
            0.056836679577827454,
            -0.0726386085152626
        ],
        [
            0.06516651809215546,
            0.05769926309585571,
            -0.06772065162658691
        ],
        [
            0.07046423852443695,
            0.04909393936395645,
            -0.0764351561665535
        ],
        [
            0.06728848069906235,
            0.05415584519505501,
            -0.07829882949590683
        ],
        [
            0.04320390522480011,
            0.06706979870796204,
            -0.0701715275645256
        ],
        [
            0.04158328101038933,
            0.06530308723449707,
            -0.07740487158298492
        ],
        [
            0.046601392328739166,
            0.050803449004888535,
            -0.07197440415620804
        ],
        [
            0.04848644882440567,
            0.05591131001710892,
            -0.06626226752996445
        ],
        [
            0.06201031804084778,
            0.009319659322500229,
            -0.00473153218626976
        ],
        [
            0.059759143739938736,
            0.013536207377910614,
            0.005410231649875641
        ],
        [
            0.05122780054807663,
            0.02356000989675522,
            -0.0022024549543857574
        ],
        [
            0.0417260117828846,
            0.03278428688645363,
            -0.009383480995893478
        ],
        [
            0.03410641849040985,
            0.04191919416189194,
            -0.017073318362236023
        ],
        [
            0.03466273844242096,
            0.03624113276600838,
            -0.028147529810667038
        ],
        [
            0.05110754445195198,
            0.026097893714904785,
            0.005661625415086746
        ],
        [
            0.05033496394753456,
            0.050374168902635574,
            -0.06342576444149017
        ],
        [
            0.05042000114917755,
            0.04199650511145592,
            -0.06773822009563446
        ],
        [
            0.04800070822238922,
            0.043978966772556305,
            -0.06322694569826126
        ],
        [
            0.07669244706630707,
            0.04235714673995972,
            -0.006276722997426987
        ],
        [
            0.05971458554267883,
            0.06885416805744171,
            -0.08357108384370804
        ],
        [
            0.09774914383888245,
            -0.01576869934797287,
            -0.012814223766326904
        ],
        [
            0.0871753841638565,
            -0.01582067459821701,
            -0.003830358386039734
        ],
        [
            0.0847531408071518,
            -0.010625578463077545,
            -0.010582763701677322
        ],
        [
            0.09733924269676208,
            -0.009464316070079803,
            -0.02081817016005516
        ],
        [
            0.05903227627277374,
            0.07233172655105591,
            -0.0722212940454483
        ],
        [
            0.06163747236132622,
            0.07106553018093109,
            -0.07790423929691315
        ],
        [
            0.0464971549808979,
            0.06128516420722008,
            -0.02141871675848961
        ],
        [
            0.04322454333305359,
            0.06349416077136993,
            -0.025717033073306084
        ],
        [
            0.039789531379938126,
            0.06375108659267426,
            -0.023403115570545197
        ],
        [
            0.04272837936878204,
            0.06430348753929138,
            -0.01804887130856514
        ],
        [
            0.06014090031385422,
            0.015366412699222565,
            0.01113935187458992
        ],
        [
            0.034975361078977585,
            0.05497477203607559,
            0.0007161516696214676
        ],
        [
            0.030822813510894775,
            0.04834570363163948,
            -0.0073660872876644135
        ],
        [
            0.06727494299411774,
            0.004661642014980316,
            0.011625774204730988
        ],
        [
            0.06883739680051804,
            0.0004223734140396118,
            0.002882756292819977
        ],
        [
            0.07348800450563431,
            -0.005780935287475586,
            0.008849360048770905
        ],
        [
            0.037731677293777466,
            0.039284080266952515,
            -0.04296410083770752
        ],
        [
            0.06319820880889893,
            0.008114460855722427,
            -0.013305693864822388
        ],
        [
            0.07076478749513626,
            -0.0007474683225154877,
            -0.004500396549701691
        ],
        [
            0.07639773190021515,
            -0.008231028914451599,
            0.002278164029121399
        ],
        [
            0.07963559031486511,
            -0.013783611357212067,
            0.007614113390445709
        ],
        [
            0.07621951401233673,
            -0.010433536022901535,
            0.014283105731010437
        ],
        [
            0.04472317546606064,
            0.06507042050361633,
            -0.08286518603563309
        ],
        [
            0.04021543264389038,
            0.07148123532533646,
            -0.07861343026161194
        ],
        [
            0.07804560661315918,
            -0.01678404211997986,
            0.020550359040498734
        ],
        [
            0.08231668919324875,
            -0.019834473729133606,
            0.012833740562200546
        ],
        [
            0.07443072646856308,
            -0.002064146101474762,
            -0.012919161468744278
        ],
        [
            0.08054985105991364,
            -0.002211581915616989,
            -0.023403186351060867
        ],
        [
            0.06713328510522842,
            0.006769508123397827,
            -0.02107299119234085
        ],
        [
            0.07222311198711395,
            0.00701480358839035,
            -0.03188726678490639
        ],
        [
            0.04073192551732063,
            0.031773585826158524,
            -0.050483521074056625
        ],
        [
            0.04365881159901619,
            0.09034256637096405,
            -0.07608933001756668
        ],
        [
            0.04103148728609085,
            0.07907035946846008,
            -0.07444647699594498
        ],
        [
            0.045249518007040024,
            0.07844395935535431,
            -0.07038623094558716
        ],
        [
            0.045037224888801575,
            0.08912909030914307,
            -0.07207604497671127
        ],
        [
            0.041971903294324875,
            0.07256124913692474,
            -0.07174311578273773
        ],
        [
            0.04084787890315056,
            0.0776406079530716,
            -0.08006971329450607
        ],
        [
            0.08333690464496613,
            0.010574791580438614,
            -0.04332695156335831
        ],
        [
            0.056020576506853104,
            0.05704113095998764,
            -0.05997922271490097
        ],
        [
            0.09609302878379822,
            0.002670504152774811,
            -0.03513888642191887
        ],
        [
            0.0936988964676857,
            0.021226845681667328,
            -0.05460929125547409
        ],
        [
            0.10455973446369171,
            0.01731923222541809,
            -0.04751129075884819
        ],
        [
            0.11051659286022186,
            -0.004899945110082626,
            -0.026506606489419937
        ],
        [
            0.11525584757328033,
            0.009119480848312378,
            -0.03767913579940796
        ],
        [
            0.11017286777496338,
            -0.01753966510295868,
            -0.011233307421207428
        ],
        [
            0.10854427516460419,
            -0.011747565120458603,
            -0.018384452909231186
        ],
        [
            0.1185060366988182,
            0.026934660971164703,
            -0.043826453387737274
        ],
