{
    "pred_cam": [
        10.183660507202148,
        0.11143990606069565,
        -0.06338219344615936
    ],
    "pred_mano_params": {
        "global_orient": [
            [
                [
                    -0.6140356659889221,
                    0.665492057800293,
                    0.424358993768692
                ],
                [
                    -0.6378214359283447,
                    -0.10168664157390594,
                    -0.7634419798851013
                ],
                [
                    -0.46491292119026184,
                    -0.7394458651542664,
                    0.4869043231010437
                ]
            ]
        ],
        "hand_pose": [
            [
                [
                    0.6307386159896851,
                    -0.5861287117004395,
                    -0.5085489153862
                ],
                [
                    0.6107178330421448,
                    0.7792527675628662,
                    -0.14067301154136658
                ],
                [
                    0.4787406027317047,
                    -0.22185197472572327,
                    0.8494640588760376
                ]
            ],
            [
                [
                    0.7741143107414246,
                    -0.6174414753913879,
                    0.1396891474723816
                ],
                [
                    0.6281269788742065,
                    0.7217116951942444,
                    -0.29084134101867676
                ],
                [
                    0.07876221090555191,
                    0.3128869831562042,
                    0.9465190172195435
                ]
            ],
            [
                [
                    0.9270128607749939,
                    -0.14969508349895477,
                    0.3438582122325897
                ],
                [
                    0.11716821789741516,
                    0.9865904450416565,
                    0.1136261522769928
                ],
                [
                    -0.35625651478767395,
                    -0.06504365056753159,
                    0.9321215152740479
                ]
            ],
            [
                [
                    0.6559892296791077,
                    -0.6313531398773193,
                    -0.41360750794410706
                ],
                [
                    0.6792599558830261,
                    0.73274165391922,
                    -0.04117799550294876
                ],
                [
                    0.3290652930736542,
                    -0.25393468141555786,
                    0.9095235466957092
                ]
            ],
            [
                [
                    0.6627141237258911,
                    -0.7027973532676697,
                    -0.25862327218055725
                ],
                [
                    0.7456288933753967,
                    0.6513542532920837,
                    0.14062461256980896
                ],
                [
                    0.06962474435567856,
                    -0.2860308885574341,
                    0.9556877017021179
                ]
            ],
            [
                [
                    0.9058791995048523,
                    -0.35989463329315186,
                    0.22329065203666687
                ],
                [
                    0.3590109646320343,
                    0.9321988224983215,
                    0.046006303280591965
                ],
                [
                    -0.2247086763381958,
                    0.03848763182759285,
                    0.9736656546592712
                ]
            ],
            [
                [
                    0.7245326638221741,
                    -0.661978006362915,
                    -0.19193096458911896
                ],
                [
                    0.6324633955955505,
                    0.7492276430130005,
                    -0.1965910941362381
                ],
                [
                    0.27393898367881775,
                    0.021047381684184074,
                    0.9615167379379272
                ]
            ],
            [
                [
                    0.6299919486045837,
                    -0.766192615032196,
                    -0.12672396004199982
                ],
                [
                    0.7082528471946716,
                    0.4999079704284668,
                    0.4984675645828247
                ],
                [
                    -0.31857189536094666,
                    -0.4037831723690033,
                    0.8575960993766785
                ]
            ],
            [
                [
                    0.9201950430870056,
                    -0.390023797750473,
                    -0.033504560589790344
                ],
                [
                    0.2824878692626953,
                    0.6023483872413635,
                    0.7465769052505493
                ],
                [
                    -0.27100133895874023,
                    -0.6964609622955322,
                    0.664454996585846
                ]
            ],
            [
                [
                    0.6723828911781311,
                    -0.6887317895889282,
                    -0.2712004780769348
                ],
                [
                    0.6177896857261658,
                    0.7239763736724854,
                    -0.30691060423851013
                ],
                [
                    0.4077218174934387,
                    0.03881662338972092,
                    0.9122807383537292
                ]
            ],
            [
                [
                    0.5948055386543274,
                    -0.7760469913482666,
                    -0.20966041088104248
                ],
                [
                    0.7537496089935303,
                    0.44776424765586853,
                    0.48100805282592773
                ],
                [
                    -0.2794063985347748,
                    -0.44413769245147705,
                    0.851277768611908
                ]
            ],
            [
                [
                    0.8543479442596436,
                    -0.5030362010002136,
                    0.13055333495140076
                ],
                [
                    0.46319201588630676,
                    0.8509518504142761,
                    0.24765722453594208
                ],
                [
                    -0.2356751710176468,
                    -0.15111416578292847,
                    0.9600113034248352
                ]
            ],
            [
                [
                    0.6853373646736145,
                    0.07935556024312973,
                    -0.7238891124725342
                ],
                [
                    -0.5798446536064148,
                    0.6608392596244812,
                    -0.4765204191207886
                ],
                [
                    0.4405597746372223,
                    0.7463204264640808,
                    0.4989117383956909
                ]
            ],
            [
                [
                    0.852449893951416,
                    -0.3836106061935425,
                    -0.35520708560943604
                ],
                [
                    0.4964504837989807,
                    0.8069583177566528,
                    0.3199300765991211
                ],
                [
                    0.1639087200164795,
                    -0.449067085981369,
                    0.878335177898407
                ]
            ],
            [
                [
                    0.7858695983886719,
                    -0.5831660032272339,
                    0.20573380589485168
                ],
                [
                    0.6147411465644836,
                    0.7006284594535828,
                    -0.3622335195541382
                ],
                [
                    0.06709931045770645,
                    0.4111413359642029,
                    0.909098744392395
                ]
            ]
        ],
        "betas": [
            -0.09744325280189514,
            -0.18202778697013855,
            0.02445968985557556,
            -0.01173362135887146,
            0.07483717799186707,
            -0.015745829790830612,
            0.02571430802345276,
            0.016721323132514954,
            0.005902186036109924,
            -0.06323188543319702
        ]
    },
    "pred_cam_t": [
        -0.11143990606069565,
        -0.06338219344615936,
        3.835801362991333
    ],
    "focal_length": [
        5000.0,
        5000.0
    ],
    "pred_keypoints_3d": [
        [
            0.09618329256772995,
            0.006433224771171808,
            0.006243085488677025
        ],
        [
            0.11170336604118347,
            0.0035631959326565266,
            0.04163432866334915
        ],
        [
            0.13266277313232422,
            0.020070180296897888,
            0.05728817731142044
        ],
        [
            0.14265334606170654,
            0.04479723051190376,
            0.06267550587654114
        ],
        [
            0.14141647517681122,
            0.06925568729639053,
            0.08676226437091827
        ],
        [
            0.1557959020137787,
            0.04762540012598038,
            0.06130557507276535
        ],
        [
            0.15290839970111847,
            0.07597996294498444,
            0.0781509280204773
        ],
        [
            0.13624367117881775,
            0.08338908851146698,
            0.09096500277519226
        ],
        [
            0.12130440771579742,
            0.0858173742890358,
            0.11053561419248581
        ],
        [
            0.15210473537445068,
            0.06988976895809174,
            0.04992275685071945
        ],
        [
            0.1441730409860611,
            0.09632641077041626,
            0.06582674384117126
        ],
        [
            0.12432301789522171,
            0.09860590100288391,
            0.07801400870084763
        ],
        [
            0.10596750676631927,
            0.09557414054870605,
            0.09579706192016602
        ],
        [
            0.13266347348690033,
            0.07979566603899002,
            0.03430992364883423
        ],
        [
            0.12796533107757568,
            0.10589592158794403,
            0.046146295964717865
        ],
        [
            0.1058414876461029,
            0.10693337023258209,
            0.0575864277780056
        ],
        [
            0.0870354175567627,
            0.09944816678762436,
            0.07258475571870804
        ],
        [
            0.11364368349313736,
            0.08482807129621506,
            0.024631520733237267
        ],
        [
            0.10714210569858551,
            0.10492489486932755,
            0.02730458788573742
        ],
        [
            0.08956174552440643,
            0.10747137665748596,
            0.03433772176504135
        ],
        [
            0.07498711347579956,
            0.09697651118040085,
            0.045868679881095886
        ]
    ],
    "pred_vertices": [
        [
            0.1213403195142746,
            0.027304645627737045,
            0.04712032526731491
        ],
        [
            0.11227601021528244,
            0.020854661241173744,
            0.041758544743061066
        ],
        [
            0.11834557354450226,
            0.02400306984782219,
            0.04726682975888252
        ],
        [
            0.1260664463043213,
            0.027134831994771957,
            0.05299295112490654
        ],
        [
            0.10488380491733551,
            0.015315145254135132,
            0.05480428785085678
        ],
        [
            0.10601043701171875,
            0.004240073263645172,
            0.060174815356731415
        ],
        [
            0.11929181218147278,
            0.015896350145339966,
            0.06668557226657867
        ],
        [
            0.11513110250234604,
            0.02369527332484722,
            0.06076537072658539
        ],
        [
            0.13207435607910156,
            0.02778133563697338,
            0.05521465837955475
        ],
        [
            0.12381483614444733,
            0.027097271755337715,
            0.05186597257852554
        ],
        [
            0.13648536801338196,
            0.02692822739481926,
            0.05100783333182335
        ],
        [
            0.14845818281173706,
            0.026459593325853348,
            0.054247595369815826
        ],
        [
            0.14186342060565948,
            0.0290082935243845,
            0.058544643223285675
        ],
        [
            0.15566590428352356,
            0.030649900436401367,
            0.0570530891418457
        ],
        [
            0.15117818117141724,
            0.02002517692744732,
            0.046024370938539505
        ],
        [
            0.16036999225616455,
            0.03202377259731293,
            0.049211036413908005
        ],
        [
            0.14554864168167114,
            0.030819514766335487,
            0.025652088224887848
        ],
        [
            0.13834095001220703,
            0.03856653720140457,
            0.017587583512067795
        ],
        [
            0.14785167574882507,
            0.051341697573661804,
            0.025078922510147095
        ],
        [
            0.15375854074954987,
            0.0424344465136528,
            0.033321067690849304
        ],
        [
            0.13105028867721558,
            0.05781178921461105,
            0.014276355504989624
        ],
        [
            0.14085425436496735,
            0.05501627177000046,
            0.020575711503624916
        ],
        [
            0.13222463428974152,
            0.04232947900891304,
            0.012046627700328827
        ],
        [
            0.12381234765052795,
            0.04568055644631386,
            0.007033560425043106
        ],
        [
            0.11287784576416016,
            0.0319284163415432,
            0.03713315725326538
        ],
        [
            0.10450094938278198,
            0.024857748299837112,
            0.03243540972471237
        ],
        [
            0.10736580193042755,
            0.02189262956380844,
            0.03518511727452278
        ],
        [
            0.11571721732616425,
            0.02913481369614601,
            0.040215082466602325
        ],
        [
            0.14085569977760315,
            0.025683481246232986,
            0.049759749323129654
        ],
        [
            0.14250065386295319,
            0.01367010548710823,
            0.0489521399140358
        ],
        [
            0.1417125016450882,
            0.020729245617985725,
            0.0484582856297493
        ],
        [
            0.1370304673910141,
            0.02956659533083439,
            0.04998696967959404
        ],
        [
            0.08018388599157333,
            0.01620073989033699,
            0.021886566653847694
        ],
        [
            0.07796410471200943,
            0.006213769316673279,
            0.012991592288017273
        ],
        [
            0.08121943473815918,
            0.002087607979774475,
            0.015908394008874893
        ],
        [
            0.0826805904507637,
            0.011940289288759232,
            0.023276731371879578
        ],
        [
            0.09118136018514633,
            -0.00714179128408432,
            0.03862704336643219
        ],
        [
            0.09020622819662094,
            -0.011330023407936096,
            0.0260842964053154
        ],
        [
            0.09782401472330093,
            -0.021974865347146988,
            0.021617203950881958
        ],
        [
            0.10245668888092041,
            -0.018314100801944733,
            0.0322517491877079
        ],
        [
            0.09704183787107468,
            -0.0019487999379634857,
            0.051520414650440216
        ],
        [
            0.10520297288894653,
            -0.013193685561418533,
            0.04767679423093796
        ],
        [
            0.11393880099058151,
            -0.00460704043507576,
            0.05968339741230011
        ],
        [
            0.1266510933637619,
            0.009799916297197342,
            0.06711725890636444
        ],
        [
            0.0728578120470047,
            0.014732740819454193,
            0.0047464147210121155
        ],
        [
            0.07335704565048218,
            0.023290306329727173,
            0.01036800816655159
        ],
        [
            0.14527824521064758,
            0.06755094230175018,
            0.0861305296421051
        ],
        [
            0.14090079069137573,
            0.06943308562040329,
            0.08233395218849182
        ],
        [
            0.14243550598621368,
            0.0660480484366417,
            0.08032360672950745
        ],
        [
            0.1465810388326645,
            0.06486131250858307,
            0.0843559131026268
        ],
        [
            0.0811266154050827,
            0.027366064488887787,
            -0.008881259709596634
        ],
        [
            0.08907319605350494,
            0.026632703840732574,
            -0.015164561569690704
        ],
        [
            0.08382607996463776,
            0.022226855158805847,
            -0.01780521869659424
        ],
        [
            0.07715512812137604,
            0.021291062235832214,
            -0.011145737022161484
        ],
        [
            0.08639734238386154,
            0.03531770780682564,
            -0.005738232284784317
        ],
        [
            0.09616634994745255,
            0.03243155777454376,
            -0.010762598365545273
        ],
        [
            0.15496091544628143,
            0.07599054276943207,
            0.08612358570098877
        ],
        [
            0.15272359549999237,
            0.0719490796327591,
            0.08859720081090927
        ],
        [
            0.15577879548072815,
            0.06956811994314194,
            0.08545311540365219
        ],
        [
            0.15795442461967468,
            0.07315398752689362,
            0.08186712116003036
        ],
        [
            0.13476763665676117,
            0.03093474544584751,
            0.05860864371061325
        ],
        [
            0.12827187776565552,
            0.03343697637319565,
            0.053499963134527206
        ],
        [
            0.14582175016403198,
            0.04214422404766083,
            0.06678882986307144
        ],
        [
            0.13925975561141968,
            0.04003361985087395,
            0.060545019805431366
        ],
        [
            0.14313571155071259,
            0.03459540009498596,
            0.06270959973335266
        ],
        [
            0.14916884899139404,
            0.03751629590988159,
            0.06714886426925659
        ],
        [
            0.1251247376203537,
            0.05040794610977173,
            0.04455003887414932
        ],
        [
            0.11858358979225159,
            0.04194201901555061,
            0.0396379753947258
        ],
        [
            0.12279178947210312,
            0.039335742592811584,
            0.0438307449221611
        ],
        [
            0.13035038113594055,
            0.047587014734745026,
            0.050847433507442474
        ],
        [
            0.10847370326519012,
            0.04956416040658951,
            0.03314121812582016
        ],
        [
            0.1160518005490303,
            0.05730128288269043,
            0.03819950670003891
        ],
        [
            0.10945456475019455,
            0.06078922748565674,
            0.03394682705402374
        ],
        [
            0.10455247014760971,
            0.054682254791259766,
            0.031825169920921326
        ],
        [
            0.13133618235588074,
            0.06745657324790955,
            0.04796600341796875
        ],
        [
            0.13567844033241272,
            0.0709705650806427,
            0.05036810040473938
        ],
        [
            0.13250009715557098,
            0.07664228975772858,
            0.04954204708337784
        ],
        [
            0.12877735495567322,
            0.06979979574680328,
            0.04590557888150215
        ],
        [
            0.07961572706699371,
            0.017429083585739136,
            -0.020997412502765656
        ],
        [
            0.07415053248405457,
            0.014909230172634125,
            -0.013149164617061615
        ],
        [
            0.11202496290206909,
            0.06560268998146057,
            0.00622030533850193
        ],
        [
            0.10076002031564713,
            0.0656806007027626,
            0.006912851706147194
        ],
        [
            0.10533705353736877,
            0.07645148783922195,
            0.010865526273846626
        ],
        [
            0.11665110290050507,
            0.0739126205444336,
            0.008990015834569931
        ],
        [
            0.0988367348909378,
            0.023066461086273193,
            -0.01622863858938217
        ],
        [
            0.09322568774223328,
            0.019959166646003723,
            -0.020842496305704117
        ],
        [
            0.15409135818481445,
            0.08021947741508484,
            0.08144132792949677
        ],
        [
            0.1566741019487381,
            0.0771140307188034,
            0.07721110433340073
        ],
        [
            0.12157648801803589,
            -0.011278074234724045,
            0.050382114946842194
        ],
        [
            0.13308684527873993,
            0.0046447813510894775,
            0.062397897243499756
        ],
        [
            0.11425818502902985,
            -0.018284037709236145,
            0.0355609655380249
        ],
        [
            0.11072142422199249,
            -0.020814187824726105,
            0.02314705401659012
        ],
        [
            0.10743649303913116,
            -0.024702824652194977,
            0.01431412622332573
        ],
        [
            0.13846255838871002,
            0.04620455577969551,
            0.05940357223153114
        ],
        [
            0.12286202609539032,
            0.0340423621237278,
            0.046434417366981506
        ],
        [
            0.1097336858510971,
            0.03467298299074173,
            0.03445024415850639
        ],
        [
            0.08908092975616455,
            0.054920800030231476,
            0.023599885404109955
        ],
        [
            0.08302158862352371,
            0.04691718518733978,
            0.019926516339182854
        ],
        [
            0.09025362133979797,
            0.0436633862555027,
            0.027073167264461517
        ],
        [
            0.09449651092290878,
            0.05135003477334976,
            0.028322208672761917
        ],
        [
            0.0934099555015564,
            0.06685332208871841,
            0.013350188732147217
        ],
        [
            0.09299534559249878,
            0.0658143013715744,
            0.02126457542181015
        ],
        [
            0.09796132892370224,
            0.07289386540651321,
            0.023994624614715576
        ],
        [
            0.0984913557767868,
            0.07523849606513977,
            0.016679702326655388
        ],
        [
            0.1450190544128418,
            0.021511830389499664,
            0.053625501692295074
        ],
        [
            0.14249098300933838,
            0.007489938288927078,
            0.050796348601579666
        ],
        [
            0.07502339035272598,
            0.025706760585308075,
            -0.0002843327820301056
        ],
        [
            0.07318022102117538,
            0.018330886960029602,
            -0.0022099949419498444
        ],
        [
            0.07134850323200226,
            0.011361129581928253,
            -0.0067970044910907745
        ],
        [
            0.09202233701944351,
            0.01919538527727127,
            0.028771990910172462
        ],
        [
            0.08417318761348724,
            0.008832719177007675,
            0.024614980444312096
        ],
        [
            0.0859186202287674,
            0.006039448082447052,
            0.028586922213435173
        ],
        [
            0.09382371604442596,
            0.016678817570209503,
            0.03001701645553112
        ],
        [
            0.10226541757583618,
            0.016210563480854034,
            0.04188643395900726
        ],
        [
            0.0938962772488594,
            0.007597934454679489,
            0.04544297978281975
        ],
        [
            0.1103532612323761,
            0.023250870406627655,
            0.047841690480709076
        ],
        [
            0.08462898433208466,
            -0.004786688834428787,
            0.01949325203895569
        ],
        [
            0.07762279361486435,
            -0.0059092119336128235,
            0.010470129549503326
        ],
        [
            0.08276050537824631,
            -0.012411683797836304,
            0.013963054865598679
        ],
        [
            0.07336709648370743,
            0.000859089195728302,
            0.00470418855547905
        ],
        [
            0.0708189457654953,
            0.007064796984195709,
            -0.0012217015027999878
        ],
        [
            0.08965860307216644,
            0.015828803181648254,
            -0.027443494647741318
        ],
        [
            0.08889254182577133,
            -0.01756097376346588,
            0.016522977501153946
        ],
        [
            0.12227528542280197,
            0.02819807082414627,
            0.06359351426362991
        ],
        [
            0.12758395075798035,
            0.032557111233472824,
            0.06470423191785812
        ],
        [
            0.12678274512290955,
            0.03473794460296631,
            0.0574711337685585
        ],
        [
            0.12294724583625793,
            0.030957182869315147,
            0.05589056760072708
        ],
        [
            0.16142131388187408,
            0.03833692520856857,
            0.06132461503148079
        ],
        [
            0.15502388775348663,
            0.036863699555397034,
            0.06625761836767197
        ],
        [
            0.14897318184375763,
            0.03049531579017639,
            0.061442866921424866
        ],
        [
            0.08279330283403397,
            0.027471274137496948,
            0.02399389259517193
        ],
        [
            0.0766502320766449,
            0.03292927145957947,
            0.014322610571980476
        ],
        [
            0.14455655217170715,
            0.047905951738357544,
            0.06492118537425995
        ],
        [
            0.16062383353710175,
            0.07055816799402237,
            0.07818344980478287
        ],
        [
            0.15856792032718658,
            0.06636205315589905,
            0.08223909884691238
        ],
        [
            0.16223163902759552,
            0.05173524469137192,
            0.0724010095000267
        ],
        [
            0.16484268009662628,
            0.05657380074262619,
            0.0680195763707161
        ],
        [
            0.14774851500988007,
            0.05713832750916481,
            0.062334295362234116
        ],
        [
            0.14526578783988953,
            0.05082046240568161,
            0.06560885161161423
        ],
        [
            0.14512169361114502,
            0.05307460576295853,
            0.06513288617134094
        ],
        [
            0.1446976363658905,
            0.05897219106554985,
            0.06189967691898346
        ],
        [
            0.12588612735271454,
            0.0778835266828537,
            0.04336760193109512
        ],
        [
            0.12234769761562347,
            0.072252556681633,
            0.04098906368017197
        ],
        [
            0.15872393548488617,
            0.054596852511167526,
            0.043326955288648605
        ],
        [
            0.16618648171424866,
            0.04472508281469345,
            0.04655604064464569
        ],
        [
            0.15917348861694336,
            0.03485983610153198,
            0.039718762040138245
        ],
        [
            0.11983516812324524,
            0.05365883558988571,
            0.04033849015831947
        ],
        [
            0.12528954446315765,
            0.06171517074108124,
            0.04439907521009445
        ],
        [
            0.12263377010822296,
            0.06400484591722488,
            0.042143721133470535
        ],
        [
            0.13921311497688293,
            0.050899650901556015,
            0.05877511575818062
        ],
        [
            0.14402461051940918,
            0.053505878895521164,
            0.06204544007778168
        ],
        [
            0.14171336591243744,
            0.05641055852174759,
            0.058604661375284195
        ],
        [
            0.13596439361572266,
            0.0534614734351635,
            0.05489293485879898
        ],
        [
            0.09580907970666885,
            0.055021047592163086,
            0.0010835565626621246
        ],
        [
            0.0870114415884018,
            0.05662553384900093,
            0.008504414930939674
        ],
        [
            0.1493505984544754,
            0.06866130232810974,
            0.08849167823791504
        ],
        [
            0.15155497193336487,
            0.06616315245628357,
            0.08621709048748016
        ],
        [
            0.113528311252594,
            0.045262325555086136,
            0.03560803830623627
        ],
        [
            0.14937064051628113,
            0.02462971955537796,
            0.033356599509716034
        ],
        [
            0.10590939223766327,
            0.03753478080034256,
            0.031737856566905975
        ],
        [
            0.13037541508674622,
            0.07783547043800354,
            0.02357831411063671
        ],
        [
            0.12356732785701752,
            0.08265536278486252,
            0.027631714940071106
        ],
        [
            0.12623600661754608,
            0.08437509834766388,
            0.030465710908174515
        ],
        [
            0.13208548724651337,
            0.08373776078224182,
            0.028174839913845062
        ],
        [
            0.14265798032283783,
            0.07082609832286835,
            0.06887641549110413
        ],
        [
            0.141103595495224,
            0.06743729114532471,
            0.07350192964076996
        ],
        [
            0.14013421535491943,
            0.06938998401165009,
            0.07542934268712997
        ],
        [
            0.14157654345035553,
            0.07370371371507645,
            0.07152103632688522
        ],
        [
            0.14712125062942505,
            0.04636247456073761,
            0.06887080520391464
        ],
        [
            0.15136142075061798,
            0.042556170374155045,
            0.07094792276620865
        ],
        [
            0.150708869099617,
            0.047983765602111816,
            0.073243647813797
        ],
        [
            0.14690405130386353,
            0.050732482224702835,
            0.06944394111633301
        ],
        [
            0.15734602510929108,
            0.042961686849594116,
            0.07049520313739777
        ],
        [
            0.1570015549659729,
            0.04848064109683037,
            0.07393597811460495
        ],
        [
            0.14762160181999207,
            0.07429216057062149,
            0.06658933311700821
        ],
        [
            0.1547507494688034,
            0.07583988457918167,
            0.06860656291246414
        ],
        [
            0.15772239863872528,
            0.06410518288612366,
            0.05820770934224129
        ],
        [
            0.14967843890190125,
            0.06424178183078766,
            0.05935407802462578
        ],
        [
            0.11791524291038513,
            0.034020472317934036,
            -0.0007272697985172272
        ],
        [
            0.10879726707935333,
            0.0394350104033947,
            -0.004446651786565781
        ],
        [
            0.11446510255336761,
            0.05120563507080078,
            0.0030359961092472076
        ],
        [
            0.12046580016613007,
            0.0630190372467041,
            0.00932464748620987
        ],
        [
            0.1263379454612732,
            0.073622927069664,
            0.016896698623895645
        ],
        [
            0.13766859471797943,
            0.06864891946315765,
            0.019433341920375824
        ],
        [
            0.10708587616682053,
            0.053677499294281006,
            0.00039876624941825867
        ],
        [
            0.1542760133743286,
            0.061288464814424515,
            0.05604587867856026
        ],
        [
            0.16005292534828186,
            0.05662616342306137,
            0.05201645940542221
        ],
        [
            0.15797176957130432,
            0.060073330998420715,
            0.050600264221429825
        ],
        [
            0.10021726787090302,
            0.041962843388319016,
            0.02974693477153778
        ],
        [
            0.15437941253185272,
            0.0633281022310257,
            0.0837482139468193
        ],
        [
            0.11947071552276611,
            -0.010339003056287766,
            0.0019476190209388733
        ],
        [
            0.11668720841407776,
            -0.000859573483467102,
            -0.0077135562896728516
        ],
        [
            0.12113901972770691,
            0.003396306186914444,
            -0.0014503821730613708
        ],
        [
            0.12361899018287659,
            -0.00720822811126709,
            0.010232970118522644
        ],
        [
            0.1434568613767624,
            0.06386179476976395,
            0.07911507785320282
        ],
        [
            0.14826878905296326,
            0.061870310455560684,
            0.0829349160194397
        ],
        [
            0.11861805617809296,
            0.0771317109465599,
            0.037540070712566376
        ],
        [
            0.12278825044631958,
            0.08071612566709518,
            0.03923146426677704
        ],
        [
            0.12258799374103546,
            0.08370055258274078,
            0.035462185740470886
        ],
        [
            0.11659227311611176,
            0.08336600661277771,
            0.03471345081925392
        ],
        [
            0.10322970896959305,
            0.040831997990608215,
            -0.006174307316541672
        ],
        [
            0.10762593150138855,
            0.08262220025062561,
            0.013631092384457588
        ],
        [
            0.11793472617864609,
            0.08118917793035507,
            0.012434564530849457
        ],
        [
            0.10416452586650848,
            0.02889518067240715,
            -0.010821983218193054
        ],
        [
            0.11240032315254211,
            0.02415616065263748,
            -0.008198551833629608
        ],
        [
            0.10803496837615967,
            0.017425883561372757,
            -0.013825275003910065
        ],
        [
            0.14757953584194183,
            0.06746089458465576,
            0.031182002276182175
        ],
        [
            0.12497195601463318,
            0.031446702778339386,
            0.003759857267141342
        ],
        [
            0.11815458536148071,
            0.021121516823768616,
            -0.0040216222405433655
        ],
        [
            0.11321301758289337,
            0.012929096817970276,
            -0.010566066950559616
        ],
        [
            0.10966241359710693,
            0.0076162368059158325,
            -0.01602431759238243
        ],
        [
            0.10426416993141174,
            0.013077594339847565,
            -0.01894506812095642
        ],
        [
            0.15860243141651154,
            0.07400045543909073,
            0.07316476106643677
        ],
        [
            0.15226076543331146,
            0.07985492050647736,
            0.07233575731515884
        ],
        [
            0.10085311532020569,
            0.008518315851688385,
            -0.02611146867275238
        ],
        [
            0.10665595531463623,
            0.0024271160364151,
            -0.022020816802978516
        ],
        [
            0.12409234046936035,
            0.016495034098625183,
            0.0013784430921077728
        ],
        [
            0.1298438161611557,
            0.010145977139472961,
            0.009107537567615509
        ],
        [
            0.13027168810367584,
            0.026668384671211243,
            0.008869737386703491
        ],
        [
            0.13683313131332397,
            0.02144462987780571,
            0.016729608178138733
        ],
        [
            0.15607893466949463,
            0.06015835329890251,
            0.031134730204939842
        ],
        [
            0.1391225904226303,
            0.08772895485162735,
            0.08285143971443176
        ],
        [
            0.14405319094657898,
            0.08212639391422272,
            0.07445976138114929
        ],
        [
            0.14009051024913788,
            0.07776208221912384,
            0.07477130740880966
        ],
        [
            0.13564042747020721,
            0.08546411991119385,
            0.08186165988445282
        ],
        [
            0.14581212401390076,
            0.07763607054948807,
            0.07012134790420532
        ],
        [
            0.14953508973121643,
            0.08286149054765701,
            0.0765567421913147
        ],
        [
            0.14064376056194305,
            0.012916158884763718,
            0.027330346405506134
        ],
        [
            0.14672359824180603,
            0.06030690670013428,
            0.06142330914735794
        ],
        [
            0.13164259493350983,
            -0.0009991377592086792,
            0.023440372198820114
        ],
        [
            0.1460142582654953,
            0.009516939520835876,
            0.04013288766145706
        ],
        [
            0.13842502236366272,
            -5.6393444538116455e-05,
            0.04006846249103546
        ],
        [
            0.12230396270751953,
            -0.015264865010976791,
            0.022517438977956772
        ],
        [
            0.12881267070770264,
            -0.01139221340417862,
            0.038421083241701126
        ],
        [
            0.11391551047563553,
            -0.021054916083812714,
            0.005491588264703751
        ],
        [
            0.1182432770729065,
            -0.017042383551597595,
            0.012804694473743439
        ],
        [
            0.13569647073745728,
            -0.0026211589574813843,
            0.05109341815114021
        ],
        [
            0.13790753483772278,
            0.07350229471921921,
            0.09051793813705444
        ],
        [
            0.13461914658546448,
            0.07562657445669174,
            0.08607412129640579
        ],
        [
