{
    "pred_cam": [
        10.152996063232422,
        0.06052932143211365,
        -0.06640887260437012
    ],
    "pred_mano_params": {
        "global_orient": [
            [
                [
                    0.5819668769836426,
                    -0.5242227911949158,
                    0.6216951608657837
                ],
                [
                    -0.4793688952922821,
                    -0.8386912941932678,
                    -0.2584614157676697
                ],
                [
                    0.6569017171859741,
                    -0.14760535955429077,
                    -0.7393866777420044
                ]
            ]
        ],
        "hand_pose": [
            [
                [
                    0.8520177006721497,
                    -0.42217889428138733,
                    -0.3095656931400299
                ],
                [
                    0.38527968525886536,
                    0.906015932559967,
                    -0.1751992404460907
                ],
                [
                    0.35443684458732605,
                    0.030003469437360764,
                    0.9345985651016235
                ]
            ],
            [
                [
                    0.671956479549408,
                    -0.6809454560279846,
                    0.2911835312843323
                ],
                [
                    0.7362045049667358,
                    0.6569077372550964,
                    -0.162711963057518
                ],
                [
                    -0.08048274368047714,
                    0.3237059712409973,
                    0.9427285194396973
                ]
            ],
            [
                [
                    0.6845290660858154,
                    -0.728844940662384,
                    0.01432004850357771
                ],
                [
                    0.7289851307868958,
                    0.6844191551208496,
                    -0.012297865003347397
                ],
                [
                    -0.0008376777986995876,
                    0.01885734684765339,
                    0.9998219013214111
                ]
            ],
            [
                [
                    0.8403385281562805,
                    -0.493105947971344,
                    -0.22511717677116394
                ],
                [
                    0.4911106526851654,
                    0.8683717846870422,
                    -0.06885342299938202
                ],
                [
                    0.2294374257326126,
                    -0.052697259932756424,
                    0.9718958735466003
                ]
            ],
            [
                [
                    0.7964668273925781,
                    -0.5810030698776245,
                    -0.1675591766834259
                ],
                [
                    0.6033781170845032,
                    0.7454378604888916,
                    0.28329718112945557
                ],
                [
                    -0.039691563695669174,
                    -0.3267383575439453,
                    0.9442810416221619
                ]
            ],
            [
                [
                    0.8383280038833618,
                    -0.541738748550415,
                    -0.061035413295030594
                ],
                [
                    0.5445050001144409,
                    0.8375593423843384,
                    0.04481722041964531
                ],
                [
                    0.026841560378670692,
                    -0.0708056166768074,
                    0.9971289038658142
                ]
            ],
            [
                [
                    0.6432587504386902,
                    -0.7579832077026367,
                    0.1080724447965622
                ],
                [
                    0.7215785384178162,
                    0.6473608613014221,
                    0.24545536935329437
                ],
                [
                    -0.2560129165649414,
                    -0.07990855723619461,
                    0.9633649587631226
                ]
            ],
            [
                [
                    0.9759781956672668,
                    -0.17068809270858765,
                    -0.13539618253707886
                ],
                [
                    0.18728163838386536,
                    0.9748159050941467,
                    0.12107662111520767
                ],
                [
                    0.11132001131772995,
                    -0.1435253620147705,
                    0.9833658337593079
                ]
            ],
            [
                [
                    0.9333053231239319,
                    -0.22513030469417572,
                    0.27974554896354675
                ],
                [
                    0.16981874406337738,
                    0.9631543159484863,
                    0.20855559408664703
                ],
                [
                    -0.3163903057575226,
                    -0.1471400111913681,
                    0.93714839220047
                ]
            ],
            [
                [
                    0.6749504804611206,
                    -0.7366459369659424,
                    -0.042362280189991
                ],
                [
                    0.7338394522666931,
                    0.6761501431465149,
                    -0.06557850539684296
                ],
                [
                    0.07695141434669495,
                    0.01317512709647417,
                    0.996947705745697
                ]
            ],
            [
                [
                    0.992210865020752,
                    -0.1237260177731514,
                    -0.014469210989773273
                ],
                [
                    0.11972494423389435,
                    0.9150938987731934,
                    0.3850572109222412
                ],
                [
                    -0.03440091013908386,
                    -0.3837903141975403,
                    0.9227792024612427
                ]
            ],
            [
                [
                    0.921917736530304,
                    -0.3800904452800751,
                    -0.07482624053955078
                ],
                [
                    0.38729703426361084,
                    0.9002158641815186,
                    0.19902853667736053
                ],
                [
                    -0.008289068937301636,
                    -0.21246790885925293,
                    0.9771328568458557
                ]
            ],
            [
                [
                    0.9686549305915833,
                    -0.20649787783622742,
                    0.138080433011055
                ],
                [
                    0.18312732875347137,
                    0.21802783012390137,
                    -0.9586074352264404
                ],
                [
                    0.1678449809551239,
                    0.9538462162017822,
                    0.2490091323852539
                ]
            ],
            [
                [
                    0.9553842544555664,
                    -0.26957184076309204,
                    -0.12071447819471359
                ],
                [
                    0.28693825006484985,
                    0.7501409649848938,
                    0.5957809686660767
                ],
                [
                    -0.07005289196968079,
                    -0.6038373112678528,
                    0.794023334980011
                ]
            ],
            [
                [
                    0.8974060416221619,
                    0.3822457492351532,
                    -0.22034214437007904
                ],
                [
                    -0.3456917107105255,
                    0.9194884300231934,
                    0.18718507885932922
                ],
                [
                    0.2741527557373047,
                    -0.09181056916713715,
                    0.957293689250946
                ]
            ]
        ],
        "betas": [
            -0.05172371864318848,
            -0.04974222183227539,
            0.011423736810684204,
            -0.06030341982841492,
            4.354119300842285e-05,
            0.005516324192285538,
            0.05963052809238434,
            -0.06964653730392456,
            0.027155518531799316,
            -0.05810174345970154
        ]
    },
    "pred_cam_t": [
        -0.06052932143211365,
        -0.06640887260437012,
        3.847386598587036
    ],
    "focal_length": [
        5000.0,
        5000.0
    ],
    "pred_keypoints_3d": [
        [
            0.09594229608774185,
            0.006390566471964121,
            0.0062232655473053455
        ],
        [
            0.1061440035700798,
            0.02430783398449421,
            -0.026448611170053482
        ],
        [
            0.11271973699331284,
            0.05298802629113197,
            -0.03560687601566315
        ],
        [
            0.11181044578552246,
            0.07888222485780716,
            -0.0436973050236702
        ],
        [
            0.1019359827041626,
            0.10411537438631058,
            -0.06753237545490265
        ],
        [
            0.06015719845890999,
            0.04773271456360817,
            -0.06633605062961578
        ],
        [
            0.04160269722342491,
            0.07255055755376816,
            -0.07791291922330856
        ],
        [
            0.04705948010087013,
            0.09390242397785187,
            -0.07493989914655685
        ],
        [
            0.06203877553343773,
            0.1073998212814331,
            -0.0602816678583622
        ],
        [
            0.03934809938073158,
            0.053996626287698746,
            -0.053423091769218445
        ],
        [
            0.023362258449196815,
            0.08091229945421219,
            -0.05910615622997284
        ],
        [
            0.028157154098153114,
            0.10349555313587189,
            -0.055690228939056396
        ],
        [
            0.042221635580062866,
            0.12406989932060242,
            -0.049383483827114105
        ],
        [
            0.03362089395523071,
            0.05591756850481033,
            -0.02726629003882408
        ],
        [
            0.02719660848379135,
            0.08365523815155029,
            -0.03259836137294769
        ],
        [
            0.028058458119630814,
            0.10841558128595352,
            -0.030461296439170837
        ],
        [
            0.034429408609867096,
            0.13296136260032654,
            -0.0263699758797884
        ],
        [
            0.034043654799461365,
            0.05904504284262657,
            -0.005569766741245985
        ],
        [
            0.030125826597213745,
            0.07986825704574585,
            -0.005739252548664808
        ],
        [
            0.0301801934838295,
            0.09853190183639526,
            -0.0021743327379226685
        ],
        [
            0.035989031195640564,
            0.11661776155233383,
            -0.003002864308655262
        ]
    ],
    "pred_vertices": [
        [
            0.08610866963863373,
            0.041467517614364624,
            -0.03604273870587349
        ],
        [
            0.09193301945924759,
            0.03758111596107483,
            -0.028178948909044266
        ],
        [
            0.09422706067562103,
            0.04473259299993515,
            -0.032390840351581573
        ],
        [
            0.08892542123794556,
            0.0463608019053936,
            -0.04269305616617203
        ],
        [
            0.10832639038562775,
            0.04032724350690842,
            -0.014058031141757965
        ],
        [
            0.1191609799861908,
            0.035517651587724686,
            -0.01567155495285988
        ],
        [
            0.11930955946445465,
            0.0498039536178112,
            -0.022125020623207092
        ],
        [
            0.11049527674913406,
            0.05249258875846863,
            -0.01841837912797928
        ],
        [
            0.09071547538042068,
            0.05011224001646042,
            -0.04729409143328667
        ],
        [
            0.09635211527347565,
            0.05124787613749504,
            -0.03532368317246437
        ],
        [
            0.09258788079023361,
            0.05056440830230713,
            -0.048015061765909195
        ],
        [
            0.08329363167285919,
            0.04182697460055351,
            -0.06143508851528168
        ],
        [
            0.08367374539375305,
            0.0459245890378952,
            -0.057641852647066116
        ],
        [
            0.07552243024110794,
            0.03980409353971481,
            -0.06768912076950073
        ],
        [
            0.08351439982652664,
            0.031257543712854385,
            -0.06053583323955536
        ],
        [
            0.06901747733354568,
            0.03277566656470299,
            -0.06709882616996765
        ],
        [
            0.06345020234584808,
            0.016957666724920273,
            -0.041531722992658615
        ],
        [
            0.056725867092609406,
            0.017562244087457657,
            -0.029319200664758682
        ],
        [
            0.04592634737491608,
            0.02673935517668724,
            -0.03892568498849869
        ],
        [
            0.054198019206523895,
            0.02577446773648262,
            -0.05005952715873718
        ],
        [
            0.04280148446559906,
            0.029224395751953125,
            -0.018359018489718437
        ],
        [
            0.04374110326170921,
            0.0282752625644207,
            -0.030194276943802834
        ],
        [
            0.05403130501508713,
            0.018073763698339462,
            -0.020644793286919594
        ],
        [
            0.05288431793451309,
            0.01962454989552498,
            -0.010517962276935577
        ],
        [
            0.08108876645565033,
            0.03753978759050369,
            -0.02101929858326912
        ],
        [
            0.08737729489803314,
            0.03324362635612488,
            -0.014099329710006714
        ],
        [
            0.0887441635131836,
            0.033143460750579834,
            -0.020471539348363876
        ],
        [
            0.08324608951807022,
            0.03775937482714653,
            -0.026509150862693787
        ],
        [
            0.10381977260112762,
            0.0555754080414772,
            -0.04742540791630745
        ],
        [
            0.10133256018161774,
            0.03916868567466736,
            -0.05211254954338074
        ],
        [
            0.09527267515659332,
            0.04429628327488899,
            -0.05205104872584343
        ],
        [
            0.10122238844633102,
            0.05881819874048233,
            -0.043526940047740936
        ],
        [
            0.10173892229795456,
            0.029248209670186043,
            0.012057669460773468
        ],
        [
            0.10693516582250595,
            0.01778566464781761,
            0.017255626618862152
        ],
        [
            0.10975928604602814,
            0.01599479839205742,
            0.012272115796804428
        ],
        [
            0.10398952662944794,
            0.026364505290985107,
            0.008238617330789566
        ],
        [
            0.11826230585575104,
            0.01881357654929161,
            -0.006562039256095886
        ],
        [
            0.11933242529630661,
            0.010105639696121216,
            -0.002016805112361908
        ],
        [
            0.12357072532176971,
            -0.000992070883512497,
            -0.007245257496833801
        ],
        [
            0.12281902134418488,
            0.006557688117027283,
            -0.014335356652736664
        ],
        [
            0.1180431991815567,
            0.027112923562526703,
            -0.01180945336818695
        ],
        [
            0.1242271140217781,
            0.018037497997283936,
            -0.019100148230791092
        ],
        [
            0.12477932870388031,
            0.029024142771959305,
            -0.022869504988193512
        ],
        [
            0.12382882088422775,
            0.045719727873802185,
            -0.02897215262055397
        ],
        [
            0.09897585213184357,
            0.018806543201208115,
            0.0273294560611248
        ],
        [
            0.09437235444784164,
            0.027735751122236252,
            0.02518654242157936
        ],
        [
            0.054011065512895584,
            0.07691219449043274,
            -0.07532729208469391
        ],
        [
            0.05131659656763077,
            0.07833506166934967,
            -0.0700555220246315
        ],
        [
            0.05276624113321304,
            0.07570100575685501,
            -0.06962883472442627
        ],
        [
            0.05484623461961746,
            0.07492276281118393,
            -0.0750984326004982
        ],
        [
            0.07962056994438171,
            0.013369932770729065,
            0.03020313009619713
        ],
        [
            0.07411349564790726,
            0.0054734982550144196,
            0.02704031765460968
        ],
        [
            0.07880400121212006,
            0.002955883741378784,
            0.03204852342605591
        ],
        [
            0.08523635566234589,
            0.009667176753282547,
            0.03370901197195053
        ],
        [
            0.07227955013513565,
            0.018287423998117447,
            0.025468382984399796
        ],
        [
            0.0681973546743393,
            0.009368926286697388,
            0.0197833850979805
        ],
        [
            0.045305732637643814,
            0.07668186724185944,
            -0.0849132239818573
        ],
        [
            0.05033257603645325,
            0.07691642642021179,
            -0.08357124030590057
        ],
        [
            0.049715448170900345,
            0.07257667183876038,
            -0.08376975357532501
        ],
        [
            0.0446733683347702,
            0.07117460668087006,
            -0.08394153416156769
        ],
        [
            0.08306378871202469,
            0.04679698497056961,
            -0.05141978710889816
        ],
        [
            0.08071552962064743,
            0.04549918696284294,
            -0.042775705456733704
        ],
        [
            0.07020992040634155,
            0.05333748832345009,
            -0.0618891566991806
        ],
        [
            0.07325585186481476,
            0.04953565075993538,
            -0.053758833557367325
        ],
        [
            0.07733064144849777,
            0.04734661057591438,
            -0.05910220742225647
        ],
        [
            0.07346167415380478,
            0.049646954983472824,
            -0.06575777381658554
        ],
        [
            0.06440705060958862,
            0.048757389187812805,
            -0.03158525377511978
        ],
        [
            0.07192166149616241,
            0.04273629188537598,
            -0.024864956736564636
        ],
        [
            0.07388406991958618,
            0.04284331575036049,
            -0.03130277618765831
        ],
        [
            0.0669749453663826,
            0.04973936080932617,
            -0.03982231393456459
        ],
        [
            0.06770069897174835,
            0.04628738760948181,
            -0.011772990226745605
        ],
        [
            0.060369931161403656,
            0.05151083320379257,
            -0.019506603479385376
        ],
        [
            0.058834463357925415,
            0.052861444652080536,
            -0.0111570805311203
        ],
        [
            0.0648772269487381,
            0.049762364476919174,
            -0.007003318518400192
        ],
        [
            0.04950203746557236,
            0.059101659804582596,
            -0.03547234460711479
        ],
        [
            0.04479249566793442,
            0.06159226968884468,
            -0.03993576765060425
        ],
        [
            0.043634627014398575,
            0.06337893009185791,
            -0.03663542494177818
        ],
        [
            0.04830719530582428,
            0.05926859378814697,
            -0.03195962682366371
        ],
        [
            0.08309732377529144,
            -0.0005783885717391968,
            0.03647616505622864
        ],
        [
            0.09075765311717987,
            0.005608927458524704,
            0.036253251135349274
        ],
        [
            0.04142260551452637,
            0.035202134400606155,
            0.0027417223900556564
        ],
        [
            0.04673348739743233,
            0.03960524499416351,
            0.011573296040296555
        ],
        [
            0.0377025343477726,
            0.04766647890210152,
            0.007107475772500038
        ],
        [
            0.03371123969554901,
            0.04061013460159302,
            -0.001458844169974327
        ],
        [
            0.07219451665878296,
            -0.001013047993183136,
            0.019101306796073914
        ],
        [
            0.0752062126994133,
            -0.0040307119488716125,
            0.025700785219669342
        ],
        [
            0.039598047733306885,
            0.07696151733398438,
            -0.08242728561162949
        ],
        [
            0.039403948932886124,
            0.07124435156583786,
            -0.08086515218019485
        ],
        [
            0.12250107526779175,
            0.01885554939508438,
            -0.03197673335671425
        ],
        [
            0.1231456845998764,
            0.040408696979284286,
            -0.037475284188985825
        ],
        [
            0.12055302411317825,
            0.004691895097494125,
            -0.024768345057964325
        ],
        [
            0.11802038550376892,
            -0.004165399819612503,
            -0.01819160208106041
        ],
        [
            0.11867184191942215,
            -0.01096649095416069,
            -0.01209261268377304
        ],
        [
            0.0678342804312706,
            0.05250873789191246,
            -0.051255375146865845
        ],
        [
            0.07920247316360474,
            0.042122989892959595,
            -0.03416622057557106
        ],
        [
            0.07934975624084473,
            0.03818083554506302,
            -0.01608825847506523
        ],
        [
            0.06800536811351776,
            0.04979782551527023,
            0.010250803083181381
        ],
        [
            0.07541009783744812,
            0.04481536149978638,
            0.015895023941993713
        ],
        [
            0.07786785066127777,
            0.045379772782325745,
            0.0054948776960372925
        ],
        [
            0.07048442214727402,
            0.049118705093860626,
            0.00260920450091362
        ],
        [
            0.052006930112838745,
            0.04763776808977127,
            0.014306997880339622
        ],
        [
            0.056628644466400146,
            0.052806831896305084,
            0.010213145986199379
        ],
        [
            0.05030064284801483,
            0.05682412162423134,
            0.005904791876673698
        ],
        [
            0.04453585296869278,
            0.05315474420785904,
            0.009606430307030678
        ],
        [
            0.11075310409069061,
            0.054350294172763824,
            -0.05011911690235138
        ],
        [
            0.10811645537614822,
            0.03580281138420105,
            -0.05124833434820175
        ],
        [
            0.08720792084932327,
            0.020841006189584732,
            0.030131667852401733
        ],
        [
            0.09305485337972641,
            0.01581111177802086,
            0.031513720750808716
        ],
        [
            0.09746122360229492,
            0.00910966843366623,
            0.03443418815732002
        ],
        [
            0.09544572234153748,
            0.031045131385326385,
            -0.0023114606738090515
        ],
        [
            0.1055343747138977,
            0.024350181221961975,
            0.005506653338670731
        ],
        [
            0.10687315464019775,
            0.023691978305578232,
            0.001251358538866043
        ],
        [
            0.09542419016361237,
            0.02925572544336319,
            -0.006157636642456055
        ],
        [
            0.09714498370885849,
            0.03418343886733055,
            -0.017874661833047867
        ],
        [
            0.10672873258590698,
            0.030264155939221382,
            -0.010020095854997635
        ],
        [
            0.09871368110179901,
            0.04371388256549835,
            -0.020153392106294632
        ],
        [
            0.11445707082748413,
            0.01247730478644371,
            0.006444923579692841
        ],
        [
            0.11558686196804047,
            0.00883571058511734,
            0.016969170421361923
        ],
        [
            0.1197565346956253,
            0.005375262349843979,
            0.009839057922363281
        ],
        [
            0.10973410308361053,
            0.010376784950494766,
            0.02473030984401703
        ],
        [
            0.10344670712947845,
            0.010776903480291367,
            0.03106922283768654
        ],
        [
            0.07727960497140884,
            -0.009851790964603424,
            0.031590912491083145
        ],
        [
            0.1222166121006012,
            0.0018481947481632233,
            0.0027089715003967285
        ],
        [
            0.11206170916557312,
            0.06048593297600746,
            -0.0238196961581707
        ],
        [
            0.11363167315721512,
            0.06786912679672241,
            -0.02897246740758419
        ],
        [
            0.1064235270023346,
            0.06703025102615356,
            -0.030262883752584457
        ],
        [
            0.10432266443967819,
            0.06026361510157585,
            -0.026249635964632034
        ],
        [
            0.06732922047376633,
            0.041898809373378754,
            -0.07347840815782547
        ],
        [
            0.0720919519662857,
            0.04690393805503845,
            -0.070634625852108
        ],
        [
            0.07914388179779053,
            0.04388405755162239,
            -0.06424758583307266
        ],
        [
            0.09269489347934723,
            0.03652174025774002,
            0.010682348161935806
        ],
        [
            0.08697634190320969,
            0.03503831475973129,
            0.02189946174621582
        ],
        [
            0.06455426663160324,
            0.05592098459601402,
            -0.059348322451114655
        ],
        [
            0.04466196894645691,
            0.0665142610669136,
            -0.08366125077009201
        ],
        [
            0.05041695013642311,
            0.06830288469791412,
            -0.08376354724168777
        ],
        [
            0.05820317193865776,
            0.053622301667928696,
            -0.07962922006845474
        ],
        [
            0.051652733236551285,
            0.05125906318426132,
            -0.07954391837120056
        ],
        [
            0.05348195135593414,
            0.05759824439883232,
            -0.06104320287704468
        ],
        [
            0.06054418161511421,
            0.05804011970758438,
            -0.06116519495844841
        ],
        [
            0.05790921673178673,
            0.05896968021988869,
            -0.06158468872308731
        ],
        [
            0.05148947611451149,
            0.05967011675238609,
            -0.060005560517311096
        ],
        [
            0.04345417767763138,
            0.06303105503320694,
            -0.027265790849924088
        ],
        [
            0.04748518019914627,
            0.05961938947439194,
            -0.02337728627026081
        ],
        [
            0.046456459909677505,
            0.03746085241436958,
            -0.05743978172540665
        ],
        [
            0.053660087287425995,
            0.03157100826501846,
            -0.06724482774734497
        ],
        [
            0.06181902065873146,
            0.02640444040298462,
            -0.060134612023830414
        ],
        [
            0.06243419647216797,
            0.04957076162099838,
            -0.024396315217018127
        ],
        [
            0.05539178475737572,
            0.05518382787704468,
            -0.029757468029856682
        ],
        [
            0.0539001002907753,
            0.0557207427918911,
            -0.0259197186678648
        ],
        [
            0.06335847824811935,
            0.05449696257710457,
            -0.05091915652155876
        ],
        [
            0.05925217643380165,
            0.05700412020087242,
            -0.05658935755491257
        ],
        [
            0.05781123787164688,
            0.05651028826832771,
            -0.051887430250644684
        ],
        [
            0.06146979331970215,
            0.05407341569662094,
            -0.045708950608968735
        ],
        [
            0.055155348032712936,
            0.03111889585852623,
            0.017147494480013847
        ],
        [
            0.061010170727968216,
            0.04068300500512123,
            0.020529979839920998
        ],
        [
            0.05359901860356331,
            0.07671986520290375,
            -0.08016305416822433
        ],
        [
            0.0536835677921772,
            0.07384651899337769,
            -0.08036792278289795
        ],
        [
            0.0698748230934143,
            0.04366987571120262,
            -0.017968401312828064
        ],
        [
            0.07117105275392532,
            0.020060617476701736,
            -0.05108782649040222
        ],
        [
            0.07771080732345581,
            0.039303552359342575,
            -0.010900348424911499
        ],
        [
            0.03183728829026222,
            0.048354923725128174,
            -0.019352035596966743
        ],
        [
            0.03443699702620506,
            0.05621720850467682,
            -0.016028698533773422
        ],
        [
            0.033058661967515945,
            0.05963242053985596,
            -0.01953927055001259
        ],
        [
            0.0292583629488945,
            0.055713899433612823,
            -0.022784098982810974
        ],
        [
            0.043994054198265076,
            0.07081905007362366,
            -0.0638057067990303
        ],
        [
            0.04917994141578674,
            0.07325779646635056,
            -0.06482132524251938
        ],
        [
            0.048052385449409485,
            0.07569475471973419,
            -0.06546550989151001
        ],
        [
            0.042134031653404236,
            0.07473650574684143,
            -0.06513095647096634
        ],
        [
            0.06526236981153488,
            0.05705901235342026,
            -0.0645371824502945
        ],
        [
            0.06857050955295563,
            0.05422167852520943,
            -0.06934089213609695
        ],
        [
            0.06428597867488861,
            0.058959100395441055,
            -0.07053260505199432
        ],
        [
            0.06123802438378334,
            0.05975276231765747,
            -0.06545260548591614
        ],
        [
            0.06638139486312866,
            0.05122501403093338,
            -0.0743665099143982
        ],
        [
            0.06285972893238068,
            0.05620216205716133,
            -0.07609754055738449
        ],
        [
            0.03887051343917847,
            0.06812016665935516,
            -0.06676740944385529
        ],
        [
            0.036977369338274,
            0.06618329137563705,
            -0.07388480752706528
        ],
        [
            0.042774349451065063,
            0.0521232970058918,
            -0.06866323947906494
        ],
        [
            0.04480289667844772,
            0.057346731424331665,
            -0.06310699880123138
        ],
        [
            0.06154978275299072,
            0.009403489530086517,
            -0.0032538697123527527
        ],
        [
            0.0596792958676815,
            0.013293348252773285,
            0.007087908685207367
        ],
        [
            0.05084363743662834,
            0.02347036451101303,
            0.0001531168818473816
        ],
        [
            0.04110197722911835,
            0.032803043723106384,
            -0.006323343142867088
        ],
        [
            0.0331815630197525,
            0.04208813235163689,
            -0.013376966118812561
        ],
        [
            0.03337905555963516,
            0.03675428777933121,
            -0.024600371718406677
        ],
        [
            0.05101580172777176,
            0.025770530104637146,
            0.0080718994140625
        ],
        [
            0.04700480401515961,
            0.05194755643606186,
            -0.060266997665166855
        ],
        [
            0.04721987247467041,
            0.043585825711488724,
            -0.06463194638490677
        ],
        [
            0.04486481472849846,
            0.045466188341379166,
            -0.06002345308661461
        ],
        [
            0.0759180337190628,
            0.04256891459226608,
            -0.0043923817574977875
        ],
        [
            0.05455922707915306,
            0.07046518474817276,
            -0.08098433166742325
        ],
        [
            0.09703731536865234,
            -0.015229981392621994,
            -0.013440672308206558
        ],
        [
            0.08683206140995026,
            -0.015593510121107101,
            -0.004107382148504257
        ],
        [
            0.08411487936973572,
            -0.01022394746541977,
            -0.01059478148818016
        ],
        [
            0.09627512097358704,
            -0.008753702044487,
            -0.021188534796237946
        ],
        [
            0.05428550764918327,
            0.07405135035514832,
            -0.06968048214912415
        ],
        [
            0.05665016174316406,
            0.07282615453004837,
            -0.07545538246631622
        ],
        [
            0.04470469802618027,
            0.06182796135544777,
            -0.017722709104418755
        ],
        [
            0.04117454215884209,
            0.06410840898752213,
            -0.021997274830937386
        ],
        [
            0.03777832165360451,
            0.06423932313919067,
            -0.019684236496686935
        ],
        [
            0.04086457937955856,
            0.0646669939160347,
            -0.014209037646651268
        ],
        [
            0.06028194725513458,
            0.014954343438148499,
            0.012837909162044525
        ],
        [
            0.03413217514753342,
            0.054445113986730576,
            0.004548108205199242
        ],
        [
            0.030010972172021866,
            0.04798167943954468,
            -0.0034175757318735123
        ],
        [
            0.0674653947353363,
            0.00429193302989006,
            0.012717004865407944
        ],
        [
            0.06869888305664062,
            0.00032618269324302673,
            0.0037982165813446045
        ],
        [
            0.0736093670129776,
            -0.006022229790687561,
            0.009383562952280045
        ],
        [
            0.035657621920108795,
            0.04020391404628754,
            -0.03947849199175835
        ],
        [
            0.06239164620637894,
            0.008461739867925644,
            -0.011895384639501572
        ],
        [
            0.07033491134643555,
            -0.0006092861294746399,
            -0.0036820508539676666
        ],
        [
            0.07626926898956299,
            -0.008253969252109528,
            0.0026331953704357147
        ],
        [
            0.07975082844495773,
            -0.01393955573439598,
            0.007670436054468155
        ],
        [
            0.07658739387989044,
            -0.010811716318130493,
            0.014567025005817413
        ],
        [
            0.03984562307596207,
            0.06601779162883759,
            -0.07948622107505798
        ],
        [
            0.0353018119931221,
            0.07223674654960632,
            -0.07508478313684464
        ],
        [
            0.07870253920555115,
            -0.017331328243017197,
            0.020568151026964188
        ],
        [
            0.08268244564533234,
            -0.020122218877077103,
            0.012605216354131699
        ],
        [
            0.07367008924484253,
            -0.0016475506126880646,
            -0.012266851961612701
        ],
        [
            0.07938198745250702,
            -0.0014918074011802673,
            -0.02295450121164322
        ],
        [
            0.06602340191602707,
            0.007384397089481354,
            -0.019839737564325333
        ],
        [
            0.07068835943937302,
            0.007966235280036926,
            -0.030825108289718628
        ],
        [
            0.03863063454627991,
            0.03301723301410675,
            -0.04721483588218689
        ],
        [
            0.03804761543869972,
            0.091263048350811,
            -0.07302030920982361
        ],
        [
            0.03596337512135506,
            0.07991233468055725,
            -0.07108405232429504
        ],
        [
            0.040382035076618195,
            0.07953090965747833,
            -0.06721709668636322
        ],
        [
            0.039643559604883194,
            0.09016460180282593,
            -0.06905142962932587
        ],
        [
            0.0373186320066452,
            0.07350039482116699,
            -0.0683317705988884
        ],
        [
            0.035593170672655106,
            0.07838638126850128,
            -0.07666991651058197
        ],
        [
            0.08140160888433456,
            0.011793743818998337,
            -0.04259156808257103
        ],
        [
            0.052779678255319595,
            0.05877452716231346,
            -0.05688818544149399
        ],
        [
            0.09448516368865967,
            0.0036349743604660034,
            -0.03505450859665871
        ],
        [
            0.0914776623249054,
            0.02259049564599991,
            -0.05420127511024475
        ],
        [
            0.1025962233543396,
            0.01846308633685112,
            -0.047518059611320496
        ],
        [
            0.10917800664901733,
            -0.004090901464223862,
            -0.02712085098028183
        ],
        [
            0.11355607211589813,
            0.010050278156995773,
            -0.03806678578257561
        ],
        [
            0.1095053106546402,
            -0.01698065549135208,
            -0.012404009699821472
        ],
        [
            0.1075604110956192,
            -0.011059723794460297,
            -0.01924043521285057
        ],
        [
            0.1167822778224945,
            0.027774628251791,
            -0.044150933623313904
        ],
        [
