{
    "pred_cam": [
        10.13079833984375,
        0.06383423507213593,
        -0.06564001739025116
    ],
    "pred_mano_params": {
        "global_orient": [
            [
                [
                    0.6120729446411133,
                    -0.5180822014808655,
                    0.5974592566490173
                ],
                [
                    -0.47994163632392883,
                    -0.8438242077827454,
                    -0.24003483355045319
                ],
                [
                    0.6285083293914795,
                    -0.1398267149925232,
                    -0.7651311755180359
                ]
            ]
        ],
        "hand_pose": [
            [
                [
                    0.8619289994239807,
                    -0.38389456272125244,
                    -0.33121511340141296
                ],
                [
                    0.3474684953689575,
                    0.9229645729064941,
                    -0.1655355989933014
                ],
                [
                    0.36924803256988525,
                    0.027593087404966354,
                    0.9289211630821228
                ]
            ],
            [
                [
                    0.6990858316421509,
                    -0.6602047085762024,
                    0.27460652589797974
                ],
                [
                    0.711216926574707,
                    0.6816755533218384,
                    -0.17172329127788544
                ],
                [
                    -0.07382002472877502,
                    0.3153541684150696,
                    0.9460985064506531
                ]
            ],
            [
                [
                    0.6924954652786255,
                    -0.7213824987411499,
                    0.007574289105832577
                ],
                [
                    0.721422016620636,
                    0.6924500465393066,
                    -0.007950161583721638
                ],
                [
                    0.0004902901127934456,
                    0.010969710536301136,
                    0.9999397397041321
                ]
            ],
            [
                [
                    0.8686692714691162,
                    -0.449091374874115,
                    -0.2091185301542282
                ],
                [
                    0.4418828785419464,
                    0.8932498097419739,
                    -0.082731232047081
                ],
                [
                    0.22394892573356628,
                    -0.02053981088101864,
                    0.9743844270706177
                ]
            ],
            [
                [
                    0.7413536906242371,
                    -0.6448159217834473,
                    -0.186029851436615
                ],
                [
                    0.6699647307395935,
                    0.6948634386062622,
                    0.26136571168899536
                ],
                [
                    -0.03926743566989899,
                    -0.3183978796005249,
                    0.9471434950828552
                ]
            ],
            [
                [
                    0.8253140449523926,
                    -0.5632604360580444,
                    -0.03993012756109238
                ],
                [
                    0.5645774006843567,
                    0.8244150876998901,
                    0.0399012416601181
                ],
                [
                    0.010444208979606628,
                    -0.05547470226883888,
                    0.9984054565429688
                ]
            ],
            [
                [
                    0.6599737405776978,
                    -0.7446513175964355,
                    0.09964415431022644
                ],
                [
                    0.7102648019790649,
                    0.6616517901420593,
                    0.2402930110692978
                ],
                [
                    -0.24486427009105682,
                    -0.0878133550286293,
                    0.9655724167823792
                ]
            ],
            [
                [
                    0.9731101393699646,
                    -0.181815966963768,
                    -0.14142020046710968
                ],
                [
                    0.20204326510429382,
                    0.9685825705528259,
                    0.14500465989112854
                ],
                [
                    0.11061297357082367,
                    -0.1696784943342209,
                    0.979272186756134
                ]
            ],
            [
                [
                    0.9207611680030823,
                    -0.24452920258045197,
                    0.30398091673851013
                ],
                [
                    0.1844647377729416,
                    0.9594653248786926,
                    0.213070347905159
                ],
                [
                    -0.3437611162662506,
                    -0.14011313021183014,
                    0.9285454154014587
                ]
            ],
            [
                [
                    0.6753555536270142,
                    -0.7361375093460083,
                    -0.04468131437897682
                ],
                [
                    0.7338775396347046,
                    0.6768020391464233,
                    -0.05798981338739395
                ],
                [
                    0.07292887568473816,
                    0.006373133044689894,
                    0.997316837310791
                ]
            ],
            [
                [
                    0.9901350736618042,
                    -0.1366754025220871,
                    -0.03085942193865776
                ],
                [
                    0.138223797082901,
                    0.9167084693908691,
                    0.37488627433776855
                ],
                [
                    -0.022948624566197395,
                    -0.3754535913467407,
                    0.9265570044517517
                ]
            ],
            [
                [
                    0.9336479902267456,
                    -0.3566088378429413,
                    -0.03363858535885811
                ],
                [
                    0.3564313054084778,
                    0.9156530499458313,
                    0.18583917617797852
                ],
                [
                    -0.0354706272482872,
                    -0.1854982227087021,
                    0.9820041656494141
                ]
            ],
            [
                [
                    0.9713313579559326,
                    -0.18162086606025696,
                    0.1533927619457245
                ],
                [
                    0.19390761852264404,
                    0.2319977581501007,
                    -0.9531930685043335
                ],
                [
                    0.13753296434879303,
                    0.9556102156639099,
                    0.2605643570423126
                ]
            ],
            [
                [
                    0.9560790061950684,
                    -0.2590504586696625,
                    -0.13713450729846954
                ],
                [
                    0.2891779839992523,
                    0.7572816610336304,
                    0.585577130317688
                ],
                [
                    -0.04784455895423889,
                    -0.5995142459869385,
                    0.7989327907562256
                ]
            ],
            [
                [
                    0.905637264251709,
                    0.3761994540691376,
                    -0.19569110870361328
                ],
                [
                    -0.35030779242515564,
                    0.9237727522850037,
                    0.1546875536441803
                ],
                [
                    0.23896750807762146,
                    -0.07153868675231934,
                    0.9683886170387268
                ]
            ]
        ],
        "betas": [
            -0.03424489498138428,
            -0.03162088990211487,
            -0.0013833045959472656,
            -0.04266628623008728,
            -0.004823148250579834,
            -0.006824906915426254,
            0.051992982625961304,
            -0.06066092848777771,
            0.02419702708721161,
            -0.045560985803604126
        ]
    },
    "pred_cam_t": [
        -0.06383423507213593,
        -0.06564001739025116,
        3.855816602706909
    ],
    "focal_length": [
        5000.0,
        5000.0
    ],
    "pred_keypoints_3d": [
        [
            0.09585988521575928,
            0.0063852365128695965,
            0.00621150154620409
        ],
        [
            0.10459820181131363,
            0.024872692301869392,
            -0.02653297409415245
        ],
        [
            0.11119841784238815,
            0.05344647169113159,
            -0.035973288118839264
        ],
        [
            0.10974162817001343,
            0.07927491515874863,
            -0.04415246099233627
        ],
        [
            0.10033867508172989,
            0.10474501550197601,
            -0.06797529757022858
        ],
        [
            0.05690933018922806,
            0.0481586679816246,
            -0.06436131149530411
        ],
        [
            0.03649032860994339,
            0.0719568282365799,
            -0.07483717054128647
        ],
        [
            0.04024576395750046,
            0.09373017400503159,
            -0.07241427153348923
        ],
        [
            0.05474290996789932,
            0.10890783369541168,
            -0.058964069932699203
        ],
        [
            0.03653716668486595,
            0.053950052708387375,
            -0.05061275511980057
        ],
        [
            0.018729018047451973,
            0.07966339588165283,
            -0.05629003793001175
        ],
        [
            0.023730672895908356,
            0.10207809507846832,
            -0.05224793404340744
        ],
        [
            0.03853610157966614,
            0.1219712570309639,
            -0.04579009488224983
        ],
        [
            0.031774573028087616,
            0.05544136092066765,
            -0.0242595374584198
        ],
        [
            0.024876687675714493,
            0.08312930166721344,
            -0.02902195043861866
        ],
        [
            0.025706933811306953,
            0.10779798030853271,
            -0.026180915534496307
        ],
        [
            0.03140685707330704,
            0.13252319395542145,
            -0.022595681250095367
        ],
        [
            0.03294936567544937,
            0.05827556177973747,
            -0.0025795428082346916
        ],
        [
            0.028372902423143387,
            0.07893836498260498,
            -0.002304038032889366
        ],
        [
            0.028450829908251762,
            0.09749199450016022,
            0.0017143534496426582
        ],
        [
            0.03440191596746445,
            0.11534518748521805,
            0.0006359750404953957
        ]
    ],
    "pred_vertices": [
        [
            0.08410680294036865,
            0.04189719259738922,
            -0.03527519106864929
        ],
        [
            0.0902654379606247,
            0.03808531165122986,
            -0.027792099863290787
        ],
        [
            0.09248502552509308,
            0.04533933848142624,
            -0.032174840569496155
        ],
        [
            0.08671269565820694,
            0.04693153128027916,
            -0.042065225541591644
        ],
        [
            0.10709446668624878,
            0.04086505249142647,
            -0.014318663626909256
        ],
        [
            0.11787278950214386,
            0.036076419055461884,
            -0.016182955354452133
        ],
        [
            0.11793895065784454,
            0.0503106489777565,
            -0.0226433165371418
        ],
        [
            0.10923881083726883,
            0.052997637540102005,
            -0.01876920834183693
        ],
        [
            0.08842204511165619,
            0.050731055438518524,
            -0.046820372343063354
        ],
        [
            0.09456086903810501,
            0.05188145488500595,
            -0.03521643579006195
        ],
        [
            0.09041430056095123,
            0.05108547955751419,
            -0.04775165021419525
        ],
        [
            0.08056323975324631,
            0.04246371239423752,
            -0.06063730642199516
        ],
        [
            0.08094039559364319,
            0.046570293605327606,
            -0.05676770955324173
        ],
        [
            0.07246990501880646,
            0.04046531021595001,
            -0.06650728732347488
        ],
        [
            0.08096236735582352,
            0.031844936311244965,
            -0.059805843979120255
        ],
        [
            0.06612889468669891,
            0.03332037478685379,
            -0.06566307693719864
        ],
        [
            0.06159118935465813,
            0.01711944118142128,
            -0.04010838270187378
        ],
        [
            0.05529346317052841,
            0.017468012869358063,
            -0.027655944228172302
        ],
        [
            0.04412918910384178,
            0.026617322117090225,
            -0.03669009357690811
        ],
        [
            0.05200476944446564,
            0.025917258113622665,
            -0.048123400658369064
        ],
        [
            0.041665177792310715,
            0.02878119796514511,
            -0.016049884259700775
        ],
        [
            0.04220494627952576,
            0.02800196036696434,
            -0.027897143736481667
        ],
        [
            0.05291718244552612,
            0.01782340556383133,
            -0.01890392042696476
        ],
        [
            0.052119866013526917,
            0.019217923283576965,
            -0.008738240227103233
        ],
        [
            0.07962064445018768,
            0.037659741938114166,
            -0.02003307268023491
        ],
        [
            0.08618958294391632,
            0.033384427428245544,
            -0.013419616967439651
        ],
        [
            0.08732816576957703,
            0.03344258666038513,
            -0.019888002425432205
        ],
        [
            0.081584632396698,
            0.038000818341970444,
            -0.025620266795158386
        ],
        [
            0.10188831388950348,
            0.05595262721180916,
            -0.047613561153411865
        ],
        [
            0.09921250492334366,
            0.03969595208764076,
            -0.05212056264281273
        ],
        [
            0.09309782087802887,
            0.044804647564888,
            -0.0518820621073246
        ],
        [
            0.09933850914239883,
            0.05919288471341133,
            -0.043675296008586884
        ],
        [
            0.10152974724769592,
            0.02920687012374401,
            0.012133285403251648
        ],
        [
            0.10707792639732361,
            0.017777755856513977,
            0.01698717102408409
        ],
        [
            0.10973714292049408,
            0.016102220863103867,
            0.011894624680280685
        ],
        [
            0.10365942865610123,
            0.02642243355512619,
            0.008215870708227158
        ],
        [
            0.11739861965179443,
            0.019275415688753128,
            -0.007146701216697693
        ],
        [
            0.11880695819854736,
            0.010528706014156342,
            -0.0027567818760871887
        ],
        [
            0.12303896248340607,
            -0.00047116726636886597,
            -0.008284181356430054
        ],
        [
            0.12190227210521698,
            0.0070897117257118225,
            -0.015218131244182587
        ],
        [
            0.11687631905078888,
            0.027667850255966187,
            -0.012313388288021088
        ],
        [
            0.12297292053699493,
            0.01861322671175003,
            -0.01984621211886406
        ],
        [
            0.1233697384595871,
            0.029575910419225693,
            -0.0235007144510746
        ],
        [
            0.12234093248844147,
            0.04619644954800606,
            -0.02955491468310356
        ],
        [
            0.0994805172085762,
            0.018542543053627014,
            0.027338888496160507
        ],
        [
            0.09468356519937515,
            0.027412284165620804,
            0.025478817522525787
        ],
        [
            0.04852534085512161,
            0.07729780673980713,
            -0.0731620192527771
        ],
        [
            0.04607551544904709,
            0.07855158299207687,
            -0.06774811446666718
        ],
        [
            0.04777993634343147,
            0.07588708400726318,
            -0.0674085021018982
        ],
        [
            0.04956541582942009,
            0.0752348005771637,
            -0.07298175990581512
        ],
        [
            0.08034779131412506,
            0.012796338647603989,
            0.03082471899688244
        ],
        [
            0.07484099268913269,
            0.004872515797615051,
            0.027762651443481445
        ],
        [
            0.07973401248455048,
            0.0023586228489875793,
            0.032560959458351135
        ],
        [
            0.08612336963415146,
            0.009131468832492828,
            0.03407706320285797
        ],
        [
            0.07279390841722488,
            0.017670907080173492,
            0.026422880589962006
        ],
        [
            0.06862467527389526,
            0.008778169751167297,
            0.02077849581837654
        ],
        [
            0.03927639126777649,
            0.07632752507925034,
            -0.08214865624904633
        ],
        [
            0.044343482702970505,
            0.0769491121172905,
            -0.08114700019359589
        ],
        [
            0.044065289199352264,
            0.07251085340976715,
            -0.08128921687602997
        ],
        [
            0.03911910578608513,
            0.07076140493154526,
            -0.08112995326519012
        ],
        [
            0.08045406639575958,
            0.04736974090337753,
            -0.05043487995862961
        ],
        [
            0.07838809490203857,
            0.04591934755444527,
            -0.04167652502655983
        ],
        [
            0.06696191430091858,
            0.053969137370586395,
            -0.06040814891457558
        ],
        [
            0.07045923173427582,
            0.05002022534608841,
            -0.05229884758591652
        ],
        [
            0.07438735663890839,
            0.04798302426934242,
            -0.05787443742156029
        ],
        [
            0.07011605054140091,
            0.05034594610333443,
            -0.06444673985242844
        ],
        [
            0.062433045357465744,
            0.04878585785627365,
            -0.029811078682541847
        ],
        [
            0.07026148587465286,
            0.04277544468641281,
            -0.02345646545290947
        ],
        [
            0.07198459655046463,
            0.042997583746910095,
            -0.029962748289108276
        ],
        [
            0.0646759644150734,
            0.04991643503308296,
            -0.03812040388584137
        ],
        [
            0.06648613512516022,
            0.046093814074993134,
            -0.010182425379753113
        ],
        [
            0.058818232268095016,
            0.05132225155830383,
            -0.01756627857685089
        ],
        [
            0.05757765844464302,
            0.0525493286550045,
            -0.009159782901406288
        ],
        [
            0.0637977197766304,
            0.04946637526154518,
            -0.005272071808576584
        ],
        [
            0.04720393568277359,
            0.059041429311037064,
            -0.033000487834215164
        ],
        [
            0.042072683572769165,
            0.061543483287096024,
            -0.037295617163181305
        ],
        [
            0.04119767248630524,
            0.06310857832431793,
            -0.033930692821741104
        ],
        [
            0.04616272449493408,
            0.05906813591718674,
            -0.029464256018400192
        ],
        [
            0.08422580361366272,
            -0.0011675506830215454,
            0.036780767142772675
        ],
        [
            0.09178100526332855,
            0.005124878138303757,
            0.03636328876018524
        ],
        [
            0.04101135581731796,
            0.03446032479405403,
            0.005113555118441582
        ],
        [
            0.04656081646680832,
            0.038825780153274536,
            0.013784877955913544
        ],
        [
            0.03733442723751068,
            0.04682353138923645,
            0.00979086384177208
        ],
        [
            0.033153437077999115,
            0.03982805460691452,
            0.001305634155869484
        ],
        [
            0.07272128760814667,
            -0.001531355082988739,
            0.019821487367153168
        ],
        [
            0.07600568234920502,
            -0.00458904355764389,
            0.026261210441589355
        ],
        [
            0.03374379500746727,
            0.07621018588542938,
            -0.07929788529872894
        ],
        [
            0.03408074378967285,
            0.07048351317644119,
            -0.07769796997308731
        ],
        [
            0.12093813717365265,
            0.019403304904699326,
            -0.03256503865122795
        ],
        [
            0.12146732956171036,
            0.04088207706809044,
            -0.03802451118826866
        ],
        [
            0.11929422616958618,
            0.0052539147436618805,
            -0.02548031136393547
        ],
        [
            0.1171279102563858,
            -0.0036318115890026093,
            -0.01898578181862831
        ],
        [
            0.11811774224042892,
            -0.010447192937135696,
            -0.013060659170150757
        ],
        [
            0.06509038060903549,
            0.05290089175105095,
            -0.049568939954042435
        ],
        [
            0.07721065729856491,
            0.042398158460855484,
            -0.033045366406440735
        ],
        [
            0.07805579155683517,
            0.038204699754714966,
            -0.015026789158582687
        ],
        [
            0.06755298376083374,
            0.049307823181152344,
            0.011837080121040344
        ],
        [
            0.07521180808544159,
            0.044344380497932434,
            0.017135825008153915
        ],
        [
            0.07727164775133133,
            0.04508408531546593,
            0.006674375385046005
        ],
        [
            0.06975166499614716,
            0.04876335337758064,
            0.004113100469112396
        ],
        [
            0.051805924624204636,
            0.046895530074834824,
            0.016430094838142395
        ],
        [
            0.056177712976932526,
            0.05217920243740082,
            0.01224413514137268
        ],
        [
            0.049660637974739075,
            0.05619790777564049,
            0.008213553577661514
        ],
        [
            0.04414305090904236,
            0.052393004298210144,
            0.012084336951375008
        ],
        [
            0.10877956449985504,
            0.05476099252700806,
            -0.05044865608215332
        ],
        [
            0.10605795681476593,
            0.03634015470743179,
            -0.051450785249471664
        ],
        [
            0.0878114402294159,
            0.02036179229617119,
            0.03057967871427536
        ],
        [
            0.09376326203346252,
            0.015406951308250427,
            0.031683824956417084
        ],
        [
            0.09836016595363617,
            0.008744578808546066,
            0.03435473144054413
        ],
        [
            0.09467136114835739,
            0.031139083206653595,
            -0.0019484087824821472
        ],
        [
            0.1051100343465805,
            0.024481233209371567,
            0.005416642874479294
        ],
        [
            0.10626556724309921,
            0.02392517775297165,
            0.0011133886873722076
        ],
        [
            0.09450402110815048,
            0.029445333406329155,
            -0.005822423845529556
        ],
        [
            0.09577807039022446,
            0.0347372330725193,
            -0.01776854321360588
        ],
        [
            0.10556350648403168,
            0.030787555500864983,
            -0.010182198137044907
        ],
        [
            0.09737151861190796,
            0.044297732412815094,
            -0.02019432932138443
        ],
        [
            0.11425234377384186,
            0.012738842517137527,
            0.005878828465938568
        ],
        [
            0.11583797633647919,
            0.008979890495538712,
            0.016275368630886078
        ],
        [
            0.11978939175605774,
            0.005676470696926117,
            0.008967012166976929
        ],
        [
            0.11025287210941315,
            0.010327525436878204,
            0.024251919239759445
        ],
        [
            0.1041935458779335,
            0.01054433360695839,
            0.030807048082351685
        ],
        [
            0.07836638391017914,
            -0.010449327528476715,
            0.031988151371479034
        ],
        [
            0.12202788889408112,
            0.0022667832672595978,
            0.001715138554573059
        ],
        [
            0.11065705120563507,
            0.060961849987506866,
            -0.024209454655647278
        ],
        [
            0.11198554933071136,
            0.06828046590089798,
            -0.02940783090889454
        ],
        [
            0.10478144139051437,
            0.06740240752696991,
            -0.030556265264749527
        ],
        [
            0.10289110243320465,
            0.06072494387626648,
            -0.02649286389350891
        ],
        [
            0.06381810456514359,
            0.04244979843497276,
            -0.07193925976753235
        ],
        [
            0.06857074797153473,
            0.04757542163133621,
            -0.06930911540985107
        ],
        [
            0.07611743360757828,
            0.04458760470151901,
            -0.06316925585269928
        ],
        [
            0.09236612915992737,
            0.03636172041296959,
            0.011189527809619904
        ],
        [
            0.0870930552482605,
            0.03465068340301514,
            0.022568538784980774
        ],
        [
            0.061354510486125946,
            0.0564095601439476,
            -0.057619694620370865
        ],
        [
            0.03937094658613205,
            0.0660756528377533,
            -0.08080697804689407
        ],
        [
            0.04499274492263794,
            0.0682033970952034,
            -0.08127963542938232
        ],
        [
            0.05364205688238144,
            0.05390569940209389,
            -0.07759162783622742
        ],
        [
            0.047250524163246155,
            0.051252130419015884,
            -0.07711049914360046
        ],
        [
            0.05008634179830551,
            0.05777474492788315,
            -0.058808039873838425
        ],
        [
            0.05707291513681412,
            0.05843688175082207,
            -0.05930394306778908
        ],
        [
            0.05429428443312645,
            0.0592820942401886,
            -0.05960337817668915
        ],
        [
            0.04796946048736572,
            0.05971368029713631,
            -0.05766019970178604
        ],
        [
            0.04146919399499893,
            0.06262384355068207,
            -0.024573365226387978
        ],
        [
            0.04566780477762222,
            0.059273041784763336,
            -0.020863331854343414
        ],
        [
            0.04387299343943596,
            0.03755802661180496,
            -0.05501766875386238
        ],
        [
            0.050823524594306946,
            0.031869128346443176,
            -0.06507377326488495
        ],
        [
            0.059264376759529114,
            0.026793133467435837,
            -0.05845024809241295
        ],
        [
            0.06071978062391281,
            0.04947291314601898,
            -0.02254929021000862
        ],
        [
            0.05341024696826935,
            0.055072735995054245,
            -0.02757001295685768
        ],
        [
            0.05205490440130234,
            0.05552774295210838,
            -0.023678693920373917
        ],
        [
            0.06058591604232788,
            0.05481071025133133,
            -0.04904552549123764
        ],
        [
            0.056182682514190674,
            0.05733681470155716,
            -0.054577022790908813
        ],
        [
            0.054927319288253784,
            0.05677641183137894,
            -0.04975569248199463
        ],
        [
            0.058887410908937454,
            0.054265428334474564,
            -0.043744079768657684
        ],
        [
            0.055254995822906494,
            0.03037327155470848,
            0.018914517015218735
        ],
        [
            0.061087798327207565,
            0.0399695485830307,
            0.022217579185962677
        ],
        [
            0.04782186076045036,
            0.07703286409378052,
            -0.07795491814613342
        ],
        [
            0.048150867223739624,
            0.07405155152082443,
            -0.07815099507570267
        ],
        [
            0.06846028566360474,
            0.04358845204114914,
            -0.0164811909198761
        ],
        [
            0.0689680203795433,
            0.020428761839866638,
            -0.04990885406732559
        ],
        [
            0.07659482955932617,
            0.039232492446899414,
            -0.009769733995199203
        ],
        [
            0.030396776273846626,
            0.04776599258184433,
            -0.016375653445720673
        ],
        [
            0.032950349152088165,
            0.055594369769096375,
            -0.01307515986263752
        ],
        [
            0.031448088586330414,
            0.05904349684715271,
            -0.016477379947900772
        ],
        [
            0.027595316991209984,
            0.05512702465057373,
            -0.019601788371801376
        ],
        [
            0.03968960791826248,
            0.07044405490159988,
            -0.06102469190955162
        ],
        [
            0.04464532434940338,
            0.07314470410346985,
            -0.06235518306493759
        ],
        [
            0.04334407299757004,
            0.07561317086219788,
            -0.06296363472938538
        ],
        [
            0.03754974901676178,
            0.07426773756742477,
            -0.06225598603487015
        ],
        [
            0.06159479171037674,
            0.057614121586084366,
            -0.06294716149568558
        ],
        [
            0.0647340938448906,
            0.05485071614384651,
            -0.06790897995233536
        ],
        [
            0.06005688011646271,
            0.059492532163858414,
            -0.06892048567533493
        ],
        [
            0.05731530115008354,
            0.06017928197979927,
            -0.06367535889148712
        ],
        [
            0.06230863556265831,
            0.05179266631603241,
            -0.07282058149576187
        ],
        [
            0.05838746204972267,
            0.05668450891971588,
            -0.07436704635620117
        ],
        [
            0.034577563405036926,
            0.06743322312831879,
            -0.06365551054477692
        ],
        [
            0.03236593306064606,
            0.0653156191110611,
            -0.0706036165356636
        ],
        [
            0.03907311335206032,
            0.051733311265707016,
            -0.06576765328645706
        ],
        [
            0.041227493435144424,
            0.05707423761487007,
            -0.060356255620718
        ],
        [
            0.06115450710058212,
            0.009030841290950775,
            -0.0019522793591022491
        ],
        [
            0.059618789702653885,
            0.01275520771741867,
            0.008483093231916428
        ],
        [
            0.05043119937181473,
            0.02289745956659317,
            0.0020311400294303894
        ],
        [
            0.04038206487894058,
            0.0321786142885685,
            -0.003936072811484337
        ],
        [
            0.03210613131523132,
            0.04145405441522598,
            -0.010536989197134972
        ],
        [
            0.03193039074540138,
            0.03627138212323189,
            -0.021813929080963135
        ],
        [
            0.050860390067100525,
            0.0250900536775589,
            0.009950170293450356
        ],
        [
            0.04378900304436684,
            0.051998600363731384,
            -0.057801101356744766
        ],
        [
            0.0441770926117897,
            0.043564461171627045,
            -0.062105849385261536
        ],
        [
            0.04190473631024361,
            0.04542442038655281,
            -0.05748533830046654
        ],
        [
            0.07499891519546509,
            0.04238162189722061,
            -0.0031625404953956604
        ],
        [
            0.04915456101298332,
            0.07057812809944153,
            -0.07876591384410858
        ],
        [
            0.09654127061367035,
            -0.01495758444070816,
            -0.013716351240873337
        ],
        [
            0.0867050439119339,
            -0.015564076602458954,
            -0.004057854413986206
        ],
        [
            0.08368094265460968,
            -0.010154828429222107,
            -0.010368291288614273
        ],
        [
            0.09540066123008728,
            -0.008425816893577576,
            -0.021317586302757263
        ],
        [
            0.04938522353768349,
            0.0741661787033081,
            -0.06749632954597473
        ],
        [
            0.05145047977566719,
            0.07306551933288574,
            -0.0733964592218399
        ],
        [
            0.043062541633844376,
            0.061369240283966064,
            -0.01509038545191288
        ],
        [
            0.03938966989517212,
            0.06361955404281616,
            -0.019212035462260246
        ],
        [
            0.036103956401348114,
            0.06368574500083923,
            -0.01677461341023445
        ],
        [
            0.03930993750691414,
            0.06411329656839371,
            -0.011421550996601582
        ],
        [
            0.06041032820940018,
            0.014345474541187286,
            0.014215134084224701
        ],
        [
            0.03354555368423462,
            0.053514592349529266,
            0.0074901338666677475
        ],
        [
            0.029250212013721466,
            0.04710502177476883,
            -0.0003555901348590851
        ],
        [
            0.06770108640193939,
            0.0037878528237342834,
            0.013693537563085556
        ],
        [
            0.06866008043289185,
            -3.3505260944366455e-05,
            0.004696488380432129
        ],
        [
            0.07384294271469116,
            -0.00638444721698761,
            0.010006166994571686
        ],
        [
            0.03361864760518074,
            0.039916131645441055,
            -0.03671470656991005
        ],
        [
            0.06169883906841278,
            0.008222892880439758,
            -0.010618668049573898
        ],
        [
            0.07003626227378845,
            -0.0008411407470703125,
            -0.0028401166200637817
        ],
        [
            0.07628889381885529,
            -0.008479688316583633,
            0.0031472966074943542
        ],
        [
            0.08002126961946487,
            -0.01418258249759674,
            0.007968392223119736
        ],
        [
            0.07707034051418304,
            -0.011195823550224304,
            0.015007000416517258
        ],
        [
            0.03487250208854675,
            0.0653102770447731,
            -0.07634471356868744
        ],
        [
            0.03031976707279682,
            0.07123108953237534,
            -0.0716991201043129
        ],
        [
            0.07949098944664001,
            -0.017755497246980667,
            0.020831327885389328
        ],
        [
            0.08321333676576614,
            -0.020381737500429153,
            0.012701906263828278
        ],
        [
            0.07307744026184082,
            -0.0017050057649612427,
            -0.011546671390533447
        ],
        [
            0.07838296890258789,
            -0.0013506002724170685,
            -0.022400371730327606
        ],
        [
            0.06504705548286438,
            0.007307153195142746,
            -0.018694311380386353
        ],
        [
            0.06930004805326462,
            0.00809631496667862,
            -0.029813211411237717
        ],
        [
            0.0366179384291172,
            0.03289255499839783,
            -0.044547345489263535
        ],
        [
            0.03163487836718559,
            0.09038317948579788,
            -0.06992103159427643
        ],
        [
            0.030647816136479378,
            0.07894390821456909,
            -0.06781095266342163
        ],
        [
            0.03530360013246536,
            0.0789387971162796,
            -0.0642310157418251
        ],
        [
            0.03357262536883354,
            0.08946876227855682,
            -0.06606326997280121
        ],
        [
            0.03264423459768295,
            0.07267717272043228,
            -0.06513167917728424
        ],
        [
            0.030040977522730827,
            0.07736355811357498,
            -0.07333620637655258
        ],
        [
            0.07957488298416138,
            0.012170083820819855,
            -0.04190570488572121
        ],
        [
            0.04952272027730942,
            0.05900009721517563,
            -0.05455717071890831
        ],
        [
            0.09299518167972565,
            0.004041869193315506,
            -0.03491351753473282
        ],
        [
            0.08925127238035202,
            0.023143474012613297,
            -0.05381998047232628
        ],
        [
            0.10062554478645325,
            0.01902441680431366,
            -0.04752727225422859
        ],
        [
            0.10797994583845139,
            -0.003606993705034256,
            -0.027559414505958557
        ],
        [
            0.11189326643943787,
            0.010591194033622742,
            -0.03845265507698059
        ],
        [
            0.10904374718666077,
            -0.016556117683649063,
            -0.013139717280864716
        ],
        [
            0.10676044225692749,
            -0.010618656873703003,
            -0.019777905195951462
        ],
        [
            0.11494573950767517,
            0.028286736458539963,
