{
    "pred_cam": [
        10.609123229980469,
        0.09717925637960434,
        -0.05752773582935333
    ],
    "pred_mano_params": {
        "global_orient": [
            [
                [
                    -0.4137708842754364,
                    0.9030468463897705,
                    -0.11532583832740784
                ],
                [
                    -0.5009708404541016,
                    -0.33163192868232727,
                    -0.7994050979614258
                ],
                [
                    -0.7601460218429565,
                    -0.27299565076828003,
                    0.5896197557449341
                ]
            ]
        ],
        "hand_pose": [
            [
                [
                    0.567215621471405,
                    -0.739088237285614,
                    -0.36333876848220825
                ],
                [
                    0.7060852646827698,
                    0.6635063886642456,
                    -0.24739214777946472
                ],
                [
                    0.42392221093177795,
                    -0.11622346192598343,
                    0.8982104659080505
                ]
            ],
            [
                [
                    0.7602869868278503,
                    -0.6127908229827881,
                    0.21552510559558868
                ],
                [
                    0.6458708643913269,
                    0.6776758432388306,
                    -0.35157686471939087
                ],
                [
                    0.06938694417476654,
                    0.4065006971359253,
                    0.9110118746757507
                ]
            ],
            [
                [
                    0.9397870898246765,
                    -0.2527889311313629,
                    0.22999532520771027
                ],
                [
                    0.20444762706756592,
                    0.9551149010658264,
                    0.21437479555606842
                ],
                [
                    -0.2738635540008545,
                    -0.15444467961788177,
                    0.9492867588996887
                ]
            ],
            [
                [
                    0.281255304813385,
                    -0.930992603302002,
                    -0.23269742727279663
                ],
                [
                    0.9568983316421509,
                    0.290376752614975,
                    -0.005182099994271994
                ],
                [
                    0.07239442318677902,
                    -0.2212103009223938,
                    0.972535252571106
                ]
            ],
            [
                [
                    0.9031368494033813,
                    -0.39079999923706055,
                    -0.17781762778759003
                ],
                [
                    0.41857966780662537,
                    0.8936082720756531,
                    0.16203497350215912
                ],
                [
                    0.09557602554559708,
                    -0.22077062726020813,
                    0.97063148021698
                ]
            ],
            [
                [
                    0.9235708117485046,
                    -0.3680029809474945,
                    0.1076602041721344
                ],
                [
                    0.36922869086265564,
                    0.9292944669723511,
                    0.009050008840858936
                ],
                [
                    -0.10337846726179123,
                    0.031392909586429596,
                    0.9941465258598328
                ]
            ],
            [
                [
                    0.626971960067749,
                    -0.767885684967041,
                    -0.13136881589889526
                ],
                [
                    0.778984546661377,
                    0.6159044504165649,
                    0.11766350269317627
                ],
                [
                    -0.009441470727324486,
                    -0.17610600590705872,
                    0.9843258857727051
                ]
            ],
            [
                [
                    0.7845555543899536,
                    -0.6156309247016907,
                    0.07396720349788666
                ],
                [
                    0.5150911808013916,
                    0.7134963274002075,
                    0.47497808933258057
                ],
                [
                    -0.3451865315437317,
                    -0.334546834230423,
                    0.8768835663795471
                ]
            ],
            [
                [
                    0.9195607304573059,
                    -0.3865821957588196,
                    0.07044287025928497
                ],
                [
                    0.22212165594100952,
                    0.6592586040496826,
                    0.7183592915534973
                ],
                [
                    -0.32414498925209045,
                    -0.6449281573295593,
                    0.6920965909957886
                ]
            ],
            [
                [
                    0.364055871963501,
                    -0.9301348328590393,
                    0.04808898642659187
                ],
                [
                    0.9311343431472778,
                    0.36229684948921204,
                    -0.04159099981188774
                ],
                [
                    0.021262750029563904,
                    0.059918757528066635,
                    0.9979767799377441
                ]
            ],
            [
                [
                    0.8609816431999207,
                    -0.5077153444290161,
                    -0.030588548630475998
                ],
                [
                    0.45227929949760437,
                    0.7366852164268494,
                    0.5027309656143188
                ],
                [
                    -0.2327100932598114,
                    -0.44667673110961914,
                    0.8639016151428223
                ]
            ],
            [
                [
                    0.8531703948974609,
                    -0.5095593929290771,
                    0.11157726496458054
                ],
                [
                    0.47706663608551025,
                    0.8487302660942078,
                    0.22817619144916534
                ],
                [
                    -0.21096830070018768,
                    -0.1414433866739273,
                    0.9672053456306458
                ]
            ],
            [
                [
                    0.9557803869247437,
                    -0.15232081711292267,
                    -0.25155943632125854
                ],
                [
                    -0.1434689164161682,
                    0.5051938891410828,
                    -0.8509969711303711
                ],
                [
                    0.25671079754829407,
                    0.8494572639465332,
                    0.46100109815597534
                ]
            ],
            [
                [
                    0.9749776124954224,
                    -0.21875469386577606,
                    -0.03956116363406181
                ],
                [
                    0.20588596165180206,
                    0.8214423060417175,
                    0.5318303108215332
                ],
                [
                    -0.0838431641459465,
                    -0.5266677141189575,
                    0.8459264039993286
                ]
            ],
            [
                [
                    0.9550648331642151,
                    -0.2309790849685669,
                    -0.18574078381061554
                ],
                [
                    0.198032945394516,
                    0.9635370969772339,
                    -0.17994198203086853
                ],
                [
                    0.22053098678588867,
                    0.1350734978914261,
                    0.9659818410873413
                ]
            ]
        ],
        "betas": [
            -0.14005118608474731,
            -0.059804290533065796,
            0.030929893255233765,
            -0.061139315366744995,
            0.07708179950714111,
            0.012837458401918411,
            -0.014729797840118408,
            -0.04555603861808777,
            0.045990124344825745,
            -0.03392750024795532
        ]
    },
    "pred_cam_t": [
        -0.09717925637960434,
        -0.05752773582935333,
        3.6819725036621094
    ],
    "focal_length": [
        5000.0,
        5000.0
    ],
    "pred_keypoints_3d": [
        [
            0.09632416814565659,
            0.006442246958613396,
            0.006247103214263916
        ],
        [
            0.08922076970338821,
            0.0029239822179079056,
            0.04428306221961975
        ],
        [
            0.08341812342405319,
            0.015668407082557678,
            0.0718972235918045
        ],
        [
            0.08232823014259338,
            0.030881334096193314,
            0.09446457028388977
        ],
        [
            0.07740537822246552,
            0.05371317267417908,
            0.12063920497894287
        ],
        [
            0.12589825689792633,
            0.03589846193790436,
            0.08737990260124207
        ],
        [
            0.11750765144824982,
            0.06403079628944397,
            0.10285524278879166
        ],
        [
            0.09817227721214294,
            0.07518065720796585,
            0.10219309478998184
        ],
        [
            0.0741659626364708,
            0.08090592920780182,
            0.10281271487474442
        ],
        [
            0.13483254611492157,
            0.057357050478458405,
            0.07710497826337814
        ],
        [
            0.11297459155321121,
            0.07826292514801025,
            0.08735606074333191
        ],
        [
            0.09088648110628128,
            0.08593206852674484,
            0.08575751632452011
        ],
        [
            0.06517934799194336,
            0.08883241564035416,
            0.08463145047426224
        ],
        [
            0.12996350228786469,
            0.07048875838518143,
            0.05403798073530197
        ],
        [
            0.11271962523460388,
            0.08976266533136368,
            0.06730426847934723
        ],
        [
            0.088343545794487,
            0.09512728452682495,
            0.0668933317065239
        ],
        [
            0.06342780590057373,
            0.0908103734254837,
            0.06648480147123337
        ],
        [
            0.12097236514091492,
            0.0793348103761673,
            0.03597334027290344
        ],
        [
            0.11273115873336792,
            0.09862735867500305,
            0.03974566608667374
        ],
        [
            0.09456458687782288,
            0.1040496975183487,
            0.042243242263793945
        ],
        [
            0.07568159699440002,
            0.09639041125774384,
            0.04776329547166824
        ]
    ],
    "pred_vertices": [
        [
            0.09988715499639511,
            0.024743614718317986,
            0.05791927129030228
        ],
        [
            0.09418296813964844,
            0.020786266773939133,
            0.04892260953783989
        ],
        [
            0.0924169048666954,
            0.02312767691910267,
            0.0577605701982975
        ],
        [
            0.09855777770280838,
            0.02438686415553093,
            0.06654947251081467
        ],
        [
            0.07459582388401031,
            0.017120761796832085,
            0.04682939127087593
        ],
        [
            0.06917814910411835,
            0.006419911980628967,
            0.048111122101545334
        ],
        [
            0.07009454816579819,
            0.01423809863626957,
            0.06285334378480911
        ],
        [
            0.0737985372543335,
            0.022963136434555054,
            0.059312377125024796
        ],
        [
            0.09917701035737991,
            0.02432050183415413,
            0.07352052628993988
        ],
        [
            0.09108200669288635,
            0.025515258312225342,
            0.0655156746506691
        ],
        [
            0.10127948969602585,
            0.022475115954875946,
            0.07551620155572891
        ],
        [
            0.1138683557510376,
            0.018117323517799377,
            0.08136937022209167
        ],
        [
            0.10845694690942764,
            0.02244695834815502,
            0.0798078402876854
        ],
        [
            0.1212579533457756,
            0.019897274672985077,
            0.08560209721326828
        ],
        [
            0.11922016739845276,
            0.010451553389430046,
            0.07552669942378998
        ],
        [
            0.1303347945213318,
            0.01927354745566845,
            0.08200578391551971
        ],
        [
            0.1325453817844391,
            0.01929539255797863,
            0.05158815160393715
        ],
        [
            0.13321174681186676,
            0.02780606970191002,
            0.04072684422135353
        ],
        [
            0.14107756316661835,
            0.03886138275265694,
            0.05319248512387276
        ],
        [
            0.1386650800704956,
            0.029336044564843178,
            0.0631459578871727
        ],
        [
            0.13487043976783752,
            0.04870344698429108,
            0.03517715632915497
        ],
        [
            0.13861656188964844,
            0.04384949803352356,
            0.04567912220954895
        ],
        [
            0.13219046592712402,
            0.03257295489311218,
            0.032922230660915375
        ],
        [
            0.12898871302604675,
            0.037580832839012146,
            0.024355653673410416
        ],
        [
            0.10024329274892807,
            0.029806792736053467,
            0.04324493184685707
        ],
        [
            0.09492932260036469,
            0.024967249482870102,
            0.03489139676094055
        ],
        [
            0.09572617709636688,
            0.022025685757398605,
            0.03968869894742966
        ],
        [
            0.10030640661716461,
            0.026890132576227188,
            0.04793308675289154
        ],
        [
            0.09612028300762177,
            0.01783633977174759,
            0.07963116466999054
        ],
        [
            0.10234761238098145,
            0.007073761895298958,
            0.07421723753213882
        ],
        [
            0.10461045801639557,
            0.014538824558258057,
            0.07583905756473541
        ],
        [
            0.09476833045482635,
            0.023240119218826294,
            0.07837454229593277
        ],
        [
            0.07763664424419403,
            0.021443769335746765,
            0.011490970849990845
        ],
        [
            0.07799385488033295,
            0.011513005942106247,
            0.002139084041118622
        ],
        [
            0.07815665006637573,
            0.006929133087396622,
            0.006003841757774353
        ],
        [
            0.07829150557518005,
            0.01679186150431633,
            0.013659581542015076
        ],
        [
            0.07355524599552155,
            -0.002504877746105194,
            0.026116162538528442
        ],
        [
            0.07746012508869171,
            -0.0077081844210624695,
            0.017267853021621704
        ],
        [
            0.08238370716571808,
            -0.020142812281847,
            0.017389580607414246
        ],
        [
            0.08114367723464966,
            -0.016598481684923172,
            0.027729324996471405
        ],
        [
            0.07055097818374634,
            0.002006255090236664,
            0.037410952150821686
        ],
        [
            0.07505516707897186,
            -0.010845385491847992,
            0.03936167061328888
        ],
        [
            0.07230231165885925,
            -0.004202105104923248,
            0.05134672299027443
        ],
        [
            0.07265198975801468,
            0.005875706672668457,
            0.066310353577137
        ],
        [
            0.0805620551109314,
            0.020301952958106995,
            -0.007016733288764954
        ],
        [
            0.08011554926633835,
            0.02899211272597313,
            -0.0014590919017791748
        ],
        [
            0.10489810258150101,
            0.05759386718273163,
            0.10068343579769135
        ],
        [
            0.1049550324678421,
            0.06100482866168022,
            0.09555941075086594
        ],
        [
            0.1066986620426178,
            0.05711252987384796,
            0.09451671689748764
        ],
        [
            0.10650259256362915,
            0.05464814230799675,
            0.09980513155460358
        ],
        [
            0.09782838821411133,
            0.029155444353818893,
            -0.013341091573238373
        ],
        [
            0.1073864996433258,
            0.025785788893699646,
            -0.014366671442985535
        ],
        [
            0.10342220962047577,
            0.02261354774236679,
            -0.019682347774505615
        ],
        [
            0.09423834085464478,
            0.02408607304096222,
            -0.01775854080915451
        ],
        [
            0.10254168510437012,
            0.03579489886760712,
            -0.007411494851112366
        ],
        [
            0.11231683939695358,
            0.030009571462869644,
            -0.006504818797111511
        ],
        [
            0.11333392560482025,
            0.06239897012710571,
            0.10936504602432251
        ],
        [
            0.10920815169811249,
            0.05919364094734192,
            0.108544260263443
        ],
        [
            0.11304689198732376,
            0.05606454610824585,
            0.10771986097097397
        ],
        [
            0.1177818775177002,
            0.05868906155228615,
            0.10739871859550476
        ],
        [
            0.1048772856593132,
            0.02564135566353798,
            0.07448465377092361
        ],
        [
            0.1038929671049118,
            0.02894337847828865,
            0.0660703182220459
        ],
        [
            0.11350762099027634,
            0.03362837806344032,
            0.08509606122970581
        ],
        [
            0.1110164076089859,
            0.03280013054609299,
            0.07737823575735092
        ],
        [
            0.11114998906850815,
            0.0269678495824337,
            0.08127258718013763
        ],
        [
            0.11425496637821198,
            0.028377464041113853,
            0.08741842955350876
        ],
        [
            0.11096242070198059,
            0.04483306035399437,
            0.056708723306655884
        ],
        [
            0.10601574182510376,
            0.03800685703754425,
            0.048614464700222015
        ],
        [
            0.10652390122413635,
            0.03485462814569473,
            0.05447113513946533
        ],
        [
            0.11105228215456009,
            0.041334960609674454,
            0.06468600034713745
        ],
        [
            0.10325270891189575,
            0.04729267954826355,
            0.038109179586172104
        ],
        [
            0.10882950574159622,
            0.05311105400323868,
            0.04677243530750275
        ],
        [
            0.10662443190813065,
            0.05767394229769707,
            0.039765335619449615
        ],
        [
            0.102098748087883,
            0.05305801331996918,
            0.03516635298728943
        ],
        [
            0.11903994530439377,
            0.05957602709531784,
            0.06316862255334854
        ],
        [
            0.12194361537694931,
            0.06116589158773422,
            0.06663651019334793
        ],
        [
            0.11941436678171158,
            0.0651102289557457,
            0.06461228430271149
        ],
        [
            0.11805588752031326,
            0.06168225407600403,
            0.06009167805314064
        ],
        [
            0.1004699319601059,
            0.018766481429338455,
            -0.024945467710494995
        ],
        [
            0.09119240939617157,
            0.018507923930883408,
            -0.021478570997714996
        ],
        [
            0.12544864416122437,
            0.060170456767082214,
            0.018422584980726242
        ],
        [
            0.1158527210354805,
            0.06272579729557037,
            0.012813679873943329
        ],
        [
            0.11986660212278366,
            0.07252612709999084,
            0.019666317850351334
        ],
        [
            0.13015395402908325,
            0.0676192119717598,
            0.02408003807067871
        ],
        [
            0.11490252614021301,
            0.019744977355003357,
            -0.010221868753433228
        ],
        [
            0.11202392727136612,
            0.017732344567775726,
            -0.017305955290794373
        ],
        [
            0.11692559719085693,
            0.06685969233512878,
            0.10651949048042297
        ],
        [
            0.12096144258975983,
            0.06271959841251373,
            0.10413320362567902
        ],
        [
            0.08363328129053116,
            -0.013121888041496277,
            0.05138049274682999
        ],
        [
            0.0799185186624527,
            -0.0007370486855506897,
            0.06859764456748962
        ],
        [
            0.08809501677751541,
            -0.019628945738077164,
            0.036513105034828186
        ],
        [
            0.09222464263439178,
            -0.022351879626512527,
            0.025483734905719757
        ],
        [
            0.09326496720314026,
            -0.02587202563881874,
            0.016753174364566803
        ],
        [
            0.11280897259712219,
            0.038752902299165726,
            0.07594039291143417
        ],
        [
            0.10376840829849243,
            0.030154788866639137,
            0.05686035007238388
        ],
        [
            0.09969723969697952,
            0.03289615362882614,
            0.0391855351626873
        ],
        [
            0.09404453635215759,
            0.05660649389028549,
            0.019926652312278748
        ],
        [
            0.08902645111083984,
            0.05019000172615051,
            0.013167951256036758
        ],
        [
            0.09010770916938782,
            0.04583219438791275,
            0.022928986698389053
        ],
        [
            0.09488528966903687,
            0.05218343436717987,
            0.02666211873292923
        ],
        [
            0.1064889132976532,
            0.06614149361848831,
            0.014242958277463913
        ],
        [
            0.1014091968536377,
            0.06575717031955719,
            0.020514369010925293
        ],
        [
            0.10549633949995041,
            0.07107561826705933,
            0.025742413476109505
        ],
        [
            0.11070353537797928,
            0.07304118573665619,
            0.020382575690746307
        ],
        [
            0.09305626153945923,
            0.011691208928823471,
            0.08246924728155136
        ],
        [
            0.09857726842164993,
            0.000882219523191452,
            0.07296217232942581
        ],
        [
            0.08787001669406891,
            0.02992165833711624,
            -0.009452737867832184
        ],
        [
            0.0854891836643219,
            0.023079562932252884,
            -0.01252361387014389
        ],
        [
            0.0846080332994461,
            0.016369082033634186,
            -0.01782301813364029
        ],
        [
            0.08554092049598694,
            0.02213432639837265,
            0.02414131909608841
        ],
        [
            0.07859635353088379,
            0.013525955379009247,
            0.015206076204776764
        ],
        [
            0.07833145558834076,
            0.010825302451848984,
            0.018724732100963593
        ],
        [
            0.08697301894426346,
            0.019599366933107376,
            0.026165083050727844
        ],
        [
            0.0860014259815216,
            0.01837252266705036,
            0.04022097587585449
        ],
        [
            0.07615139335393906,
            0.01192341186106205,
            0.0340118370950222
        ],
        [
            0.08419962227344513,
            0.023587454110383987,
            0.05007103458046913
        ],
        [
            0.07776572555303574,
            -0.00034110620617866516,
            0.010047048330307007
        ],
        [
            0.07592731714248657,
            -0.00041450560092926025,
            -0.0009715557098388672
        ],
        [
            0.07664713263511658,
            -0.007729236036539078,
            0.004222989082336426
        ],
        [
            0.07730993628501892,
            0.006722297519445419,
            -0.0076761022210121155
        ],
        [
            0.0800698846578598,
            0.01284833624958992,
            -0.013640977442264557
        ],
        [
            0.11157343536615372,
            0.014044828712940216,
            -0.025054931640625
        ],
        [
            0.07887393236160278,
            -0.014059748500585556,
            0.009285524487495422
        ],
        [
            0.07460938394069672,
            0.025576354935765266,
            0.06836742162704468
        ],
        [
            0.07516125589609146,
            0.027431456372141838,
            0.07657744735479355
        ],
        [
            0.08187353610992432,
            0.030849171802401543,
            0.07486109435558319
        ],
        [
            0.08208471536636353,
            0.029307322576642036,
            0.06755301356315613
        ],
        [
            0.12590861320495605,
            0.025553908199071884,
            0.09139816462993622
        ],
        [
            0.1182505264878273,
            0.026190035045146942,
            0.09068629145622253
        ],
        [
            0.11423511803150177,
            0.02172813192009926,
            0.08443954586982727
        ],
        [
            0.0814497098326683,
            0.03186728060245514,
            0.01537121832370758
        ],
        [
            0.08314663171768188,
            0.03782670572400093,
            0.004227347671985626
        ],
        [
            0.11520284414291382,
            0.039352647960186005,
            0.0830892026424408
        ],
        [
            0.12168490886688232,
            0.05570756644010544,
            0.10641258955001831
        ],
        [
            0.11659112572669983,
            0.0523415207862854,
            0.10706623643636703
        ],
        [
            0.12297694385051727,
            0.03732331469655037,
            0.10011520981788635
        ],
        [
            0.1289397031068802,
            0.0411992222070694,
            0.09955254942178726
        ],
        [
            0.12124034762382507,
            0.046747297048568726,
            0.08311029523611069
        ],
        [
            0.1159578189253807,
            0.04179031774401665,
            0.08369434624910355
        ],
        [
            0.11655275523662567,
            0.04371912404894829,
            0.08342443406581879
        ],
        [
            0.11984769254922867,
            0.04943491891026497,
            0.08174165338277817
        ],
        [
            0.11763676255941391,
            0.06830895692110062,
            0.056010134518146515
        ],
        [
            0.11600886285305023,
            0.06522437930107117,
            0.052483540028333664
        ],
        [
            0.14011704921722412,
            0.040796563029289246,
            0.07466524839401245
        ],
        [
            0.1417347937822342,
            0.02944205515086651,
            0.08204090595245361
        ],
        [
            0.13666552305221558,
            0.021222302690148354,
            0.07263770699501038
        ],
        [
            0.10980439931154251,
            0.04889622703194618,
            0.05046166107058525
        ],
        [
            0.11423816531896591,
            0.05544725060462952,
            0.057109735906124115
        ],
        [
            0.11379241198301315,
            0.05797174572944641,
            0.053807444870471954
        ],
        [
            0.11490556597709656,
            0.04296077787876129,
            0.07603027671575546
        ],
        [
            0.11788200587034225,
            0.044586773961782455,
            0.08095420897006989
        ],
        [
            0.11843888461589813,
            0.0473407506942749,
            0.07718407362699509
        ],
        [
            0.11493014544248581,
            0.04582614079117775,
            0.07130905985832214
        ],
        [
            0.1119910180568695,
            0.053146008402109146,
            0.004555568099021912
        ],
        [
            0.10116267204284668,
            0.05753035843372345,
            0.006163615733385086
        ],
        [
            0.10627422481775284,
            0.057193152606487274,
            0.10535139590501785
        ],
        [
            0.10891146957874298,
            0.05425024777650833,
            0.1047092080116272
        ],
        [
            0.10492613911628723,
            0.04209879785776138,
            0.042671725153923035
        ],
        [
            0.12908439338207245,
            0.013494497165083885,
            0.06143570691347122
        ],
        [
            0.09872090071439743,
            0.03635629266500473,
            0.034966107457876205
        ],
        [
            0.13302141427993774,
            0.06927691400051117,
            0.04426214471459389
        ],
        [
            0.12553660571575165,
            0.07501152157783508,
            0.04454910755157471
        ],
        [
            0.12481527775526047,
            0.07645430415868759,
            0.04821230098605156
        ],
        [
            0.1302698254585266,
            0.07499677687883377,
            0.049990784376859665
        ],
        [
            0.11591625958681107,
            0.06144332513213158,
            0.08773139119148254
        ],
        [
            0.11084051430225372,
            0.05864575505256653,
            0.089422307908535
        ],
        [
            0.10917433351278305,
            0.06104377284646034,
            0.09020621329545975
        ],
        [
            0.11383002996444702,
            0.06477503478527069,
            0.08934537321329117
        ],
        [
            0.11397185921669006,
            0.037069372832775116,
            0.08671699464321136
        ],
        [
            0.11457020044326782,
            0.032420460134744644,
            0.09088768064975739
        ],
        [
            0.11352167278528214,
            0.03728925436735153,
            0.092257060110569
        ],
        [
            0.11418444663286209,
            0.04100090265274048,
            0.0873626172542572
        ],
        [
            0.11881714314222336,
            0.03086201846599579,
            0.09452778846025467
        ],
        [
            0.11746877431869507,
            0.03579534962773323,
            0.09712362289428711
        ],
        [
            0.12167185544967651,
            0.06325487792491913,
            0.09008701890707016
        ],
        [
            0.12540923058986664,
            0.062459155917167664,
            0.09666022658348083
        ],
        [
            0.13241848349571228,
            0.05045488849282265,
            0.08887434750795364
        ],
        [
            0.1262522041797638,
            0.053001049906015396,
            0.08427685499191284
        ],
        [
            0.12507307529449463,
            0.02696222811937332,
            0.013809893280267715
        ],
        [
            0.1211337000131607,
            0.03418033942580223,
            0.006086606532335281
        ],
        [
            0.1250784546136856,
            0.04495520517230034,
            0.016255438327789307
        ],
        [
            0.13016510009765625,
            0.055935923010110855,
            0.025668952614068985
        ],
        [
            0.134043350815773,
            0.06565862149000168,
            0.035813599824905396
        ],
        [
            0.14067557454109192,
            0.058523327112197876,
            0.04404972493648529
        ],
        [
            0.12108233571052551,
            0.04898584634065628,
            0.01011301577091217
        ],
        [
            0.1293424516916275,
            0.04737643152475357,
            0.08092733472585678
        ],
        [
            0.13630330562591553,
            0.042848892509937286,
            0.08334777504205704
        ],
        [
            0.13501423597335815,
            0.04576447233557701,
            0.07981552183628082
        ],
        [
            0.09630033373832703,
            0.04188569635152817,
            0.030455876141786575
        ],
        [
            0.1119900718331337,
            0.05073774233460426,
            0.10487259179353714
        ],
        [
            0.11325901746749878,
            -0.01613902673125267,
            0.014313921332359314
        ],
        [
            0.1184866800904274,
            -0.007182557135820389,
            0.00516924262046814
        ],
        [
            0.11991172283887863,
            -0.003621865063905716,
            0.013172619044780731
        ],
        [
            0.11310294270515442,
            -0.013380896300077438,
            0.023920416831970215
        ],
        [
            0.10776399821043015,
            0.05451228842139244,
            0.09441811591386795
        ],
        [
            0.10802511125802994,
            0.05118871480226517,
            0.09993226081132889
        ],
        [
            0.11521340161561966,
            0.0705631673336029,
            0.048351436853408813
        ],
        [
            0.11737491935491562,
            0.07260343432426453,
            0.051955170929431915
        ],
        [
            0.11889208108186722,
            0.07577440142631531,
            0.04949604347348213
        ],
        [
            0.1155778169631958,
            0.07656940072774887,
            0.04622331261634827
        ],
        [
            0.11788664758205414,
            0.03682323172688484,
            0.0016768313944339752
        ],
        [
            0.11977095156908035,
            0.07868947088718414,
            0.02406894974410534
        ],
        [
            0.12959368526935577,
            0.0747673362493515,
            0.028516612946987152
        ],
        [
            0.11787674576044083,
            0.024541497230529785,
            -0.0024320855736732483
        ],
        [
            0.12186522036790848,
            0.018097486346960068,
            0.0039240047335624695
        ],
        [
            0.11954476684331894,
            0.012170612812042236,
            -0.003592461347579956
        ],
        [
            0.14075642824172974,
            0.05513131618499756,
            0.05903395265340805
        ],
        [
            0.12768559157848358,
            0.02305273339152336,
            0.021264173090457916
        ],
        [
            0.12348654121160507,
            0.014060143381357193,
            0.010368779301643372
        ],
        [
            0.12078820914030075,
            0.006788179278373718,
            0.0016831979155540466
        ],
        [
            0.11943836510181427,
            0.0020632147789001465,
            -0.005157060921192169
        ],
        [
            0.11809834837913513,
            0.008455373346805573,
            -0.010203257203102112
        ],
        [
            0.12448626011610031,
            0.05944447964429855,
            0.10210619121789932
        ],
        [
            0.12196854501962662,
            0.06701483577489853,
            0.09839273989200592
        ],
        [
            0.11795380711555481,
            0.004264853894710541,
            -0.01836244761943817
        ],
        [
            0.11882629245519638,
            -0.0027186796069145203,
            -0.012154944241046906
        ],
        [
            0.12419378012418747,
            0.008541155606508255,
            0.017867036163806915
        ],
        [
            0.12322328239679337,
            0.0017631053924560547,
            0.027556363493204117
        ],
        [
            0.12796282768249512,
            0.017496801912784576,
            0.02820534259080887
        ],
        [
            0.1277129054069519,
            0.011567451059818268,
            0.03841857984662056
        ],
        [
            0.14684678614139557,
            0.04665878042578697,
            0.06398066133260727
        ],
        [
            0.10681256651878357,
            0.07912498712539673,
            0.09976594895124435
        ],
        [
            0.11524438112974167,
            0.07250313460826874,
            0.09542794525623322
        ],
        [
            0.1114395335316658,
            0.06958167254924774,
            0.09186163544654846
        ],
        [
            0.10490979254245758,
            0.07791101187467575,
            0.09608817100524902
        ],
        [
            0.11858679354190826,
            0.06717293709516525,
            0.09204132854938507
        ],
        [
            0.11773520708084106,
            0.07120105624198914,
            0.10069938749074936
        ],
        [
            0.12224162369966507,
            0.0038014687597751617,
            0.050598934292793274
        ],
        [
            0.12148745357990265,
            0.048768553882837296,
            0.08075491338968277
        ],
        [
            0.11362752318382263,
            -0.007799990475177765,
            0.04105757549405098
        ],
        [
            0.11534800380468369,
            0.001183152198791504,
            0.06642517447471619
        ],
        [
            0.10646267980337143,
            -0.006445996463298798,
            0.059923205524683
        ],
        [
            0.10290475189685822,
            -0.019781704992055893,
            0.03246109187602997
        ],
        [
            0.09777035564184189,
            -0.015944406390190125,
            0.04958171024918556
        ],
        [
            0.10397188365459442,
            -0.02474912628531456,
            0.013516314327716827
        ],
        [
            0.10472702980041504,
            -0.02135125920176506,
            0.022122018039226532
        ],
        [
            0.09195911139249802,
            -0.007705256342887878,
            0.06445103883743286
        ],
        [
            0.09813390672206879,
            0.06516861170530319,
            0.1004013642668724
        ],
        [
            0.09952495992183685,
            0.0685129314661026,
            0.0956396758556366
        ],
        [
