{
    "pred_cam": [
        9.022333145141602,
        0.09637609124183655,
        -0.0509033203125
    ],
    "pred_mano_params": {
        "global_orient": [
            [
                [
                    -0.37824732065200806,
                    0.914602518081665,
                    -0.1429377645254135
                ],
                [
                    -0.5195388793945312,
                    -0.3375382125377655,
                    -0.7849504351615906
                ],
                [
                    -0.7661646008491516,
                    -0.22264371812343597,
                    0.6028444766998291
                ]
            ]
        ],
        "hand_pose": [
            [
                [
                    0.6601956486701965,
                    -0.6820532083511353,
                    -0.31455540657043457
                ],
                [
                    0.6532585024833679,
                    0.7280982732772827,
                    -0.20766860246658325
                ],
                [
                    0.3706682622432709,
                    -0.0683840811252594,
                    0.9262443780899048
                ]
            ],
            [
                [
                    0.7095869183540344,
                    -0.6675166487693787,
                    0.22562775015830994
                ],
                [
                    0.6977756023406982,
                    0.6211801171302795,
                    -0.35671329498291016
                ],
                [
                    0.0979565754532814,
                    0.4105566740036011,
                    0.906558096408844
                ]
            ],
            [
                [
                    0.9296890497207642,
                    -0.2948770821094513,
                    0.2207389920949936
                ],
                [
                    0.24655179679393768,
                    0.943396806716919,
                    0.2218436747789383
                ],
                [
                    -0.2736610770225525,
                    -0.1518220603466034,
                    0.9497681260108948
                ]
            ],
            [
                [
                    0.3374592065811157,
                    -0.9173990488052368,
                    -0.21095065772533417
                ],
                [
                    0.9388862252235413,
                    0.34418976306915283,
                    0.005103272385895252
                ],
                [
                    0.06792529672384262,
                    -0.19978082180023193,
                    0.977483332157135
                ]
            ],
            [
                [
                    0.8669520616531372,
                    -0.46329379081726074,
                    -0.18371978402137756
                ],
                [
                    0.49124646186828613,
                    0.856541097164154,
                    0.1581592708826065
                ],
                [
                    0.08408932387828827,
                    -0.22736820578575134,
                    0.9701715111732483
                ]
            ],
            [
                [
                    0.9080630540847778,
                    -0.40302735567092896,
                    0.11397511512041092
                ],
                [
                    0.4036366045475006,
                    0.9147279262542725,
                    0.01871297135949135
                ],
                [
                    -0.11179807037115097,
                    0.029011981561779976,
                    0.9933072328567505
                ]
            ],
            [
                [
                    0.6490033864974976,
                    -0.7524088025093079,
                    -0.11258608847856522
                ],
                [
                    0.7607695460319519,
                    0.6408848762512207,
                    0.10245119780302048
                ],
                [
                    -0.004930455237627029,
                    -0.15214323997497559,
                    0.9883461594581604
                ]
            ],
            [
                [
                    0.789825975894928,
                    -0.6097482442855835,
                    0.06619640439748764
                ],
                [
                    0.5071176886558533,
                    0.7099392414093018,
                    0.48868992924690247
                ],
                [
                    -0.34497329592704773,
                    -0.3524106442928314,
                    0.8699425458908081
                ]
            ],
            [
                [
                    0.9202936887741089,
                    -0.38120922446250916,
                    0.08797169476747513
                ],
                [
                    0.22460539638996124,
                    0.6989250779151917,
                    0.6790111660957336
                ],
                [
                    -0.320330947637558,
                    -0.6051307916641235,
                    0.7288379669189453
                ]
            ],
            [
                [
                    0.39212289452552795,
                    -0.9189289212226868,
                    0.04253310337662697
                ],
                [
                    0.9195040464401245,
                    0.3901514410972595,
                    -0.047896645963191986
                ],
                [
                    0.02741927094757557,
                    0.057890743017196655,
                    0.9979461431503296
                ]
            ],
            [
                [
                    0.8513656258583069,
                    -0.5238438248634338,
                    -0.02764550782740116
                ],
                [
                    0.46469318866729736,
                    0.7286830544471741,
                    0.5030719041824341
                ],
                [
                    -0.24338628351688385,
                    -0.44114476442337036,
                    0.8638023734092712
                ]
            ],
            [
                [
                    0.8422802090644836,
                    -0.5274860858917236,
                    0.11100668460130692
                ],
                [
                    0.494385689496994,
                    0.8380163311958313,
                    0.23089252412319183
                ],
                [
                    -0.21481800079345703,
                    -0.13959607481956482,
                    0.9666261672973633
                ]
            ],
            [
                [
                    0.9573652148246765,
                    -0.13098284602165222,
                    -0.2574784457683563
                ],
                [
                    -0.16313453018665314,
                    0.490443617105484,
                    -0.8560677170753479
                ],
                [
                    0.23840884864330292,
                    0.8615732192993164,
                    0.4481658339500427
                ]
            ],
            [
                [
                    0.9786274433135986,
                    -0.19912265241146088,
                    -0.05136585235595703
                ],
                [
                    0.19427457451820374,
                    0.8133344054222107,
                    0.5484017133712769
                ],
                [
                    -0.06742159277200699,
                    -0.5466600656509399,
                    0.834635853767395
                ]
            ],
            [
                [
                    0.9575566649436951,
                    -0.23309481143951416,
                    -0.16956456005573273
                ],
                [
                    0.20604297518730164,
                    0.9648961424827576,
                    -0.16285517811775208
                ],
                [
                    0.20157286524772644,
                    0.12100546061992645,
                    0.97197026014328
                ]
            ]
        ],
        "betas": [
            -0.13210919499397278,
            -0.04575544595718384,
            0.04306381940841675,
            -0.0567072331905365,
            0.08058628439903259,
            0.005474898964166641,
            0.009771883487701416,
            -0.025831907987594604,
            0.05100882053375244,
            -0.03738996386528015
        ]
    },
    "pred_cam_t": [
        -0.09637609124183655,
        -0.0509033203125,
        4.32953405380249
    ],
    "focal_length": [
        5000.0,
        5000.0
    ],
    "pred_keypoints_3d": [
        [
            0.09628450870513916,
            0.006435094401240349,
            0.00623722467571497
        ],
        [
            0.0874372199177742,
            0.003838971257209778,
            0.043974313884973526
        ],
        [
            0.08065198361873627,
            0.017183495685458183,
            0.07106667757034302
        ],
        [
            0.07960686832666397,
            0.03254794329404831,
            0.09351813793182373
        ],
        [
            0.07469940185546875,
            0.05506790801882744,
            0.11992436647415161
        ],
        [
            0.1220599040389061,
            0.03786610811948776,
            0.08790572732686996
        ],
        [
            0.11561677604913712,
            0.06547781080007553,
            0.105115607380867
        ],
        [
            0.09655322879552841,
            0.07700371742248535,
            0.10387913882732391
        ],
        [
            0.07258068025112152,
            0.08251355588436127,
            0.10258130729198456
        ],
        [
            0.1314767301082611,
            0.05906238406896591,
            0.07753175497055054
        ],
        [
            0.11042171716690063,
            0.08082188665866852,
            0.08762787282466888
        ],
        [
            0.08826550096273422,
            0.08787408471107483,
            0.08483583480119705
        ],
        [
            0.06262558698654175,
            0.08904342353343964,
            0.08206997811794281
        ],
        [
            0.12769104540348053,
            0.07162056118249893,
            0.05394706502556801
        ],
        [
            0.11055470257997513,
            0.09156827628612518,
            0.06629277020692825
        ],
        [
            0.08625012636184692,
            0.09701666980981827,
            0.06501687318086624
        ],
        [
            0.06148158013820648,
            0.09229891002178192,
            0.06373471766710281
        ],
        [
            0.11955052614212036,
            0.08001059293746948,
            0.03526558354496956
        ],
        [
            0.11186587065458298,
            0.09961715340614319,
            0.03845517709851265
        ],
        [
            0.09382642060518265,
            0.10564293712377548,
            0.04023512080311775
        ],
        [
            0.074582539498806,
            0.09939971566200256,
            0.04525887221097946
        ]
    ],
    "pred_vertices": [
        [
            0.09754923731088638,
            0.025871556252241135,
            0.05759720504283905
        ],
        [
            0.09239841997623444,
            0.02166028320789337,
            0.04849055036902428
        ],
        [
            0.09041233360767365,
            0.024231163784861565,
            0.0572483167052269
        ],
        [
            0.09591911733150482,
            0.025689754635095596,
            0.06619860231876373
        ],
        [
            0.07311081886291504,
            0.01853744313120842,
            0.04562908783555031
        ],
        [
            0.0674021914601326,
            0.008022628724575043,
            0.04679512232542038
        ],
        [
            0.06780967116355896,
            0.01612437516450882,
            0.06146128103137016
        ],
        [
            0.07187218964099884,
            0.024678196758031845,
            0.058071959763765335
        ],
        [
            0.09633205831050873,
            0.025754529982805252,
            0.07324085384607315
        ],
        [
            0.08882095664739609,
            0.026830358430743217,
            0.0649460107088089
        ],
        [
            0.09844889491796494,
            0.02384783886373043,
            0.07537971436977386
        ],
        [
            0.1104322001338005,
            0.01972668431699276,
            0.08181080222129822
        ],
        [
            0.10508857667446136,
            0.02410000190138817,
            0.07993391156196594
        ],
        [
            0.11748281121253967,
            0.021659597754478455,
            0.08627425134181976
        ],
        [
            0.11594872176647186,
            0.011899741366505623,
            0.0763612687587738
        ],
        [
            0.1266004741191864,
            0.020870836451649666,
            0.08297720551490784
        ],
        [
            0.130311518907547,
            0.020359966903924942,
            0.05285622924566269
        ],
        [
            0.131512850522995,
            0.02863198332488537,
            0.041835881769657135
        ],
        [
            0.13872399926185608,
            0.03993074223399162,
            0.054343461990356445
        ],
        [
            0.13581468164920807,
            0.03063070774078369,
            0.06437992304563522
        ],
        [
            0.13338854908943176,
            0.04934396594762802,
            0.0358475036919117
        ],
        [
            0.1366523802280426,
            0.04475551098585129,
            0.0466180220246315
        ],
        [
            0.13086175918579102,
            0.033205822110176086,
            0.0338812917470932
        ],
        [
            0.12805664539337158,
            0.03799634799361229,
            0.025055918842554092
        ],
        [
            0.09850173443555832,
            0.030667079612612724,
            0.042797382920980453
        ],
        [
            0.09359374642372131,
            0.025594567880034447,
            0.034334637224674225
        ],
        [
            0.09421330690383911,
            0.02271094359457493,
            0.03926118463277817
        ],
        [
            0.0983649343252182,
            0.027827389538288116,
            0.047566335648298264
        ],
        [
            0.09328755736351013,
            0.01911737769842148,
            0.07920906692743301
        ],
        [
            0.09932287037372589,
            0.00838351808488369,
            0.07432883232831955
        ],
        [
            0.10163284093141556,
            0.015841681510210037,
            0.07593713700771332
        ],
        [
            0.09211456775665283,
            0.024556055665016174,
            0.07787841558456421
        ],
        [
            0.07738681137561798,
            0.021533317863941193,
            0.010236687958240509
        ],
        [
            0.07815948873758316,
            0.011387098580598831,
            0.0011605620384216309
        ],
        [
            0.07814168930053711,
            0.006905965507030487,
            0.005139149725437164
        ],
        [
            0.07793184369802475,
            0.016944605857133865,
            0.01254582405090332
        ],
        [
            0.07257749885320663,
            -0.0018466487526893616,
            0.02523195743560791
        ],
        [
            0.0768653005361557,
            -0.0073842816054821014,
            0.01670345664024353
        ],
        [
            0.0817653238773346,
            -0.01982053741812706,
            0.017348796129226685
        ],
        [
            0.08000524342060089,
            -0.01596297323703766,
            0.0275174081325531
        ],
        [
            0.06917804479598999,
            0.003160376101732254,
            0.03627023473381996
        ],
        [
            0.07338547706604004,
            -0.009746897965669632,
            0.038694608956575394
        ],
        [
            0.0701027661561966,
            -0.002602323889732361,
            0.0503055565059185
        ],
        [
            0.07003366947174072,
            0.007713846862316132,
            0.06503798812627792
        ],
        [
            0.08114689588546753,
            0.019948169589042664,
            -0.008078262209892273
        ],
        [
            0.0804552435874939,
            0.028764117509126663,
            -0.0027609094977378845
        ],
        [
            0.10275326669216156,
            0.059370968490839005,
            0.10197536647319794
        ],
        [
            0.10315174609422684,
            0.06302535533905029,
            0.09699341654777527
        ],
        [
            0.1045319214463234,
            0.05932474136352539,
            0.09601949900388718
        ],
        [
            0.10410505533218384,
            0.05660202354192734,
            0.10111843794584274
        ],
        [
            0.09869074821472168,
            0.028660986572504044,
            -0.013808019459247589
        ],
        [
            0.10828807204961777,
            0.025279216468334198,
            -0.014313407242298126
        ],
        [
            0.10456974804401398,
            0.02197859436273575,
            -0.0197262242436409
        ],
        [
            0.0953032597899437,
            0.023487739264965057,
            -0.018261678516864777
        ],
        [
            0.10312575101852417,
            0.03543577343225479,
            -0.007823579013347626
        ],
        [
            0.11285291612148285,
            0.029690474271774292,
            -0.0063355714082717896
        ],
        [
            0.11106402426958084,
            0.0634913370013237,
            0.11116816103458405
        ],
        [
            0.10682575404644012,
            0.060472846031188965,
            0.11005959659814835
        ],
        [
            0.1105155348777771,
            0.057322122156620026,
            0.1092178001999855
        ],
        [
            0.1154104620218277,
            0.05972117558121681,
            0.10914638638496399
        ],
        [
            0.1017146185040474,
            0.027225539088249207,
            0.07435475289821625
        ],
        [
            0.10109823942184448,
            0.03033907152712345,
            0.06580083817243576
        ],
        [
            0.10972896218299866,
            0.03594835102558136,
            0.08522946387529373
        ],
        [
            0.1076151579618454,
            0.03457532823085785,
            0.07731738686561584
        ],
        [
            0.10755064338445663,
            0.02882300689816475,
            0.08135049790143967
        ],
        [
            0.11041960120201111,
            0.03051013872027397,
            0.08764465898275375
        ],
        [
            0.10857146978378296,
            0.046047404408454895,
            0.05637587606906891
        ],
        [
            0.10400740802288055,
            0.039016999304294586,
            0.04822557047009468
        ],
        [
            0.10424470901489258,
            0.03600195795297623,
            0.0541769340634346
        ],
        [
            0.10828594863414764,
            0.04275406152009964,
            0.06443850696086884
        ],
        [
            0.10174135863780975,
            0.04804204776883125,
            0.037381429225206375
        ],
        [
            0.10690116137266159,
            0.054083872586488724,
            0.04615766555070877
        ],
        [
            0.10502792149782181,
            0.05848434939980507,
            0.038954395800828934
        ],
        [
            0.10072844475507736,
            0.0537378266453743,
            0.03425188362598419
        ],
        [
            0.11629371345043182,
            0.06102243438363075,
            0.06282994896173477
        ],
        [
            0.11897454410791397,
            0.06293375045061111,
            0.0664813444018364
        ],
        [
            0.11670929938554764,
            0.06671793758869171,
            0.06430675089359283
        ],
        [
            0.11551418900489807,
            0.0630347803235054,
            0.059689488261938095
        ],
        [
            0.10185755044221878,
            0.018005117774009705,
            -0.02502179890871048
        ],
        [
            0.09242592751979828,
            0.017823785543441772,
            -0.021979421377182007
        ],
        [
            0.12477447837591171,
            0.06038978695869446,
            0.018421057611703873
        ],
        [
            0.11546596884727478,
            0.06284794211387634,
            0.012317642569541931
        ],
        [
            0.11919724196195602,
            0.07281026989221573,
            0.019075103104114532
        ],
        [
            0.12918610870838165,
            0.06794100999832153,
            0.02407987043261528
        ],
        [
            0.11560642719268799,
            0.01934710517525673,
            -0.009681373834609985
        ],
        [
            0.11305511742830276,
            0.01716497913002968,
            -0.016840197145938873
        ],
        [
            0.11499930173158646,
            0.06793294847011566,
            0.108658567070961
        ],
        [
            0.11891196668148041,
            0.06377322971820831,
            0.1061973124742508
        ],
        [
            0.08124524354934692,
            -0.011812157928943634,
            0.05104568600654602
        ],
        [
            0.07699994742870331,
            0.0009567849338054657,
            0.06771554797887802
        ],
        [
            0.08643324673175812,
            -0.018767524510622025,
            0.036631762981414795
        ],
        [
            0.09115155786275864,
            -0.02181965485215187,
            0.025910019874572754
        ],
        [
            0.09266068041324615,
            -0.025579046458005905,
            0.017350874841213226
        ],
        [
            0.10944010317325592,
            0.04060003533959389,
            0.07582292705774307
        ],
        [
            0.10139361023902893,
            0.03133701533079147,
            0.05655663087964058
        ],
        [
            0.09813794493675232,
            0.033668532967567444,
            0.03864007070660591
        ],
        [
            0.0933888852596283,
            0.0569048672914505,
            0.01857588440179825
        ],
        [
            0.08868926763534546,
            0.050315096974372864,
            0.011747721582651138
        ],
        [
            0.08932076394557953,
            0.04619871824979782,
            0.02164766937494278
        ],
        [
            0.09392133355140686,
            0.05264747887849808,
            0.025444000959396362
        ],
        [
            0.10606066882610321,
            0.0663084089756012,
            0.013243313878774643
        ],
        [
            0.10071338713169098,
            0.0660913810133934,
            0.019294194877147675
        ],
        [
            0.10459595173597336,
            0.07159710675477982,
            0.024590741842985153
        ],
        [
            0.11002536863088608,
            0.07339739054441452,
            0.01939307525753975
        ],
        [
            0.08997834473848343,
            0.013086698949337006,
            0.08197614550590515
        ],
        [
            0.09548825025558472,
            0.002248212695121765,
            0.07302138209342957
        ],
        [
            0.08856547623872757,
            0.02950908988714218,
            -0.010403357446193695
        ],
        [
            0.08632409572601318,
            0.022595778107643127,
            -0.013412527740001678
        ],
        [
            0.08567919582128525,
            0.01576690748333931,
            -0.018578961491584778
        ],
        [
            0.08470375835895538,
            0.022524893283843994,
            0.0232279933989048
        ],
        [
            0.07815766334533691,
            0.013729307800531387,
            0.014184355735778809
        ],
        [
            0.07772933691740036,
            0.011140421032905579,
            0.01776057481765747
        ],
        [
            0.08605265617370605,
            0.020029868930578232,
            0.025388497859239578
        ],
        [
            0.08475108444690704,
            0.019225873053073883,
            0.0395142026245594
        ],
        [
            0.07506997138261795,
            0.012842075899243355,
            0.03296133130788803
        ],
        [
            0.08270824700593948,
            0.024753831326961517,
            0.04923345148563385
        ],
        [
            0.0775442123413086,
            -0.0002443082630634308,
            0.009333379566669464
        ],
        [
            0.07623423635959625,
            -0.0006050392985343933,
            -0.0017437264323234558
        ],
        [
            0.0766996443271637,
            -0.007782291620969772,
            0.0036522895097732544
        ],
        [
            0.0779239684343338,
            0.006364412605762482,
            -0.008549384772777557
        ],
        [
            0.08095403015613556,
            0.012343395501375198,
            -0.014531128108501434
        ],
        [
            0.11295266449451447,
            0.013287976384162903,
            -0.024507440626621246
        ],
        [
            0.07867849618196487,
            -0.013975389301776886,
            0.008962772786617279
        ],
        [
            0.07241685688495636,
            0.02734660916030407,
            0.0671749860048294
        ],
        [
            0.07279784977436066,
            0.02922656200826168,
            0.07539504766464233
        ],
        [
            0.07960581034421921,
            0.03244902938604355,
            0.07388115674257278
        ],
        [
            0.07996243238449097,
            0.030853020027279854,
            0.06666091084480286
        ],
        [
            0.1220850870013237,
            0.02723052352666855,
            0.09212769567966461
        ],
        [
            0.11439651250839233,
            0.028171828016638756,
            0.09113164246082306
        ],
        [
            0.11052995920181274,
            0.023556943982839584,
            0.08480241894721985
        ],
        [
            0.08101733028888702,
            0.03205179050564766,
            0.014037124812602997
        ],
        [
            0.08322540670633316,
            0.037733305245637894,
            0.0028479471802711487
        ],
        [
            0.11157454550266266,
            0.04181555658578873,
            0.08335915952920914
        ],
        [
            0.11908981949090958,
            0.0567157045006752,
            0.10817626118659973
        ],
        [
            0.1138281300663948,
            0.05356759577989578,
            0.10861282795667648
        ],
        [
            0.11955761164426804,
            0.039080966264009476,
            0.10110783576965332
        ],
        [
            0.12568095326423645,
            0.04265492036938667,
            0.10072813928127289
        ],
        [
            0.11795810610055923,
            0.049291230738162994,
            0.08412009477615356
        ],
        [
            0.11257898807525635,
            0.04458419606089592,
            0.08459257334470749
        ],
        [
            0.1133708730340004,
            0.04654058441519737,
            0.08468404412269592
        ],
        [
            0.11692643910646439,
            0.052141088992357254,
            0.08330899477005005
        ],
        [
            0.11533108353614807,
            0.06964501738548279,
            0.0555492639541626
        ],
        [
            0.1138373613357544,
            0.06639603525400162,
            0.051911234855651855
        ],
        [
            0.13683979213237762,
            0.04233265668153763,
            0.07566466927528381
        ],
        [
            0.13797855377197266,
            0.030860405415296555,
            0.0832175761461258
        ],
        [
            0.1332927942276001,
            0.02270515263080597,
            0.07389351725578308
        ],
        [
            0.10770478844642639,
            0.04995562881231308,
            0.04998601973056793
        ],
        [
            0.1118200272321701,
            0.05668630078434944,
            0.05667354166507721
        ],
        [
            0.1115376353263855,
            0.05913591384887695,
            0.053298674523830414
        ],
        [
            0.11157544702291489,
            0.044818803668022156,
            0.07594845443964005
        ],
        [
            0.11436447501182556,
            0.04690667241811752,
            0.08120278269052505
        ],
        [
            0.1151016503572464,
            0.04915502294898033,
            0.07713257521390915
        ],
        [
            0.11186418682336807,
            0.04742718115448952,
            0.07113498449325562
        ],
        [
            0.11199751496315002,
            0.05306630581617355,
            0.004140160977840424
        ],
        [
            0.10111179947853088,
            0.057489063590765,
            0.005139566957950592
        ],
        [
            0.10393121838569641,
            0.05872359126806259,
            0.10667414963245392
        ],
        [
            0.10634452104568481,
            0.055856600403785706,
            0.10604264587163925
        ],
        [
            0.10319718718528748,
            0.04296320676803589,
            0.04214036092162132
        ],
        [
            0.12637002766132355,
            0.014723390340805054,
            0.0626545250415802
        ],
        [
            0.0973600372672081,
            0.03702516108751297,
            0.034295208752155304
        ],
        [
            0.13123835623264313,
            0.07014070451259613,
            0.04430633410811424
        ],
        [
            0.12387168407440186,
            0.07591591775417328,
            0.04412231966853142
        ],
        [
            0.12298407405614853,
            0.07750391215085983,
            0.04782070964574814
        ],
        [
            0.12836551666259766,
            0.07605167478322983,
            0.049842074513435364
        ],
        [
            0.11377735435962677,
            0.06377969682216644,
            0.08974672853946686
        ],
        [
            0.10855408012866974,
            0.06117676571011543,
            0.091302789747715
        ],
        [
            0.10729234665632248,
            0.06332861632108688,
            0.09196273237466812
        ],
        [
            0.112123504281044,
            0.06692084670066833,
            0.09133698791265488
        ],
        [
            0.1104433462023735,
            0.03982717916369438,
            0.0874541848897934
        ],
        [
            0.1108701229095459,
            0.03490461781620979,
            0.09144065529108047
        ],
        [
            0.11013104021549225,
            0.039889197796583176,
            0.09323456883430481
        ],
        [
            0.11093448102474213,
            0.043763235211372375,
            0.08851203322410583
        ],
        [
            0.11514975875616074,
            0.03306812047958374,
            0.09524321556091309
        ],
        [
            0.11400048434734344,
            0.037966400384902954,
            0.09805244952440262
        ],
        [
            0.1196041852235794,
            0.065185546875,
            0.09219255298376083
        ],
        [
            0.1232239380478859,
            0.06387000530958176,
            0.09878810495138168
        ],
        [
            0.1295253038406372,
            0.05220029130578041,
            0.09048399329185486
        ],
        [
            0.12352354824542999,
            0.05520637705922127,
            0.08603405207395554
        ],
        [
            0.12464530766010284,
            0.027139078825712204,
            0.014609389007091522
        ],
        [
            0.12107297033071518,
            0.03416435047984123,
            0.00653732568025589
        ],
        [
            0.12452380359172821,
            0.0451660193502903,
            0.016605522483587265
        ],
        [
            0.12913788855075836,
            0.05633402243256569,
            0.025955509394407272
        ],
        [
            0.13252471387386322,
            0.06627536565065384,
            0.036011599004268646
        ],
        [
            0.13876692950725555,
            0.05934569612145424,
            0.04470023140311241
        ],
        [
            0.12082576006650925,
            0.04904431104660034,
            0.010190922766923904
        ],
        [
            0.12591175734996796,
            0.04937346279621124,
            0.0814882442355156
        ],
        [
            0.13293570280075073,
            0.04452472925186157,
            0.08439567685127258
        ],
        [
            0.13163721561431885,
            0.047528594732284546,
            0.08046291768550873
        ],
        [
            0.09515736997127533,
            0.04244072735309601,
            0.029545322060585022
        ],
        [
            0.10916993021965027,
            0.0523420013487339,
            0.10631049424409866
        ],
        [
            0.11278782784938812,
            -0.015937440097332,
            0.01561148464679718
        ],
        [
            0.11846106499433517,
            -0.007199771702289581,
            0.006511695683002472
        ],
        [
            0.11951596289873123,
            -0.0034532882273197174,
            0.014481239020824432
        ],
        [
            0.11216021329164505,
            -0.012965433299541473,
            0.02512209117412567
        ],
        [
            0.10521171241998672,
            0.056959766894578934,
            0.0960945338010788
        ],
        [
            0.10530198365449905,
            0.05328527092933655,
            0.10139019787311554
        ],
        [
            0.11330252140760422,
            0.07165499031543732,
            0.04760363698005676
        ],
        [
            0.11529955267906189,
            0.07381566613912582,
            0.05135779455304146
        ],
        [
            0.11698935180902481,
            0.07693313807249069,
            0.04893657565116882
        ],
        [
            0.11384778469800949,
            0.07764609158039093,
            0.04535849764943123
        ],
        [
            0.11803217977285385,
            0.03669523075222969,
            0.0019222572445869446
        ],
        [
            0.11911197751760483,
            0.0790848582983017,
            0.023313693702220917
        ],
        [
            0.12858909368515015,
            0.07518264651298523,
            0.028273917734622955
        ],
        [
            0.1182192713022232,
            0.02432907745242119,
            -0.0018838420510292053
        ],
        [
            0.1219060942530632,
            0.018044404685497284,
            0.004806146025657654
        ],
        [
            0.11993654817342758,
            0.011938933283090591,
            -0.00266169011592865
        ],
        [
            0.13826051354408264,
            0.05634688585996628,
            0.059772834181785583
        ],
        [
            0.1269170492887497,
            0.02341412380337715,
            0.022269058972597122
        ],
        [
            0.12322735041379929,
            0.01416325569152832,
            0.011416465044021606
        ],
        [
            0.12093046307563782,
            0.006683412939310074,
            0.0027972757816314697
        ],
        [
            0.11989588290452957,
            0.0017983503639698029,
            -0.003980986773967743
        ],
        [
            0.1187949925661087,
            0.008064661175012589,
            -0.00923999398946762
        ],
        [
            0.12212591618299484,
            0.060537807643413544,
            0.10408893972635269
        ],
        [
            0.12019878625869751,
            0.06838749349117279,
            0.10068058222532272
        ],
        [
            0.1190178319811821,
            0.0036770328879356384,
            -0.017294034361839294
        ],
        [
            0.11960155516862869,
            -0.003151834011077881,
            -0.010883502662181854
        ],
        [
            0.1235804334282875,
            0.008830845355987549,
            0.01906827837228775
        ],
        [
            0.12213464826345444,
            0.002257581800222397,
            0.0288657508790493
        ],
        [
            0.12686090171337128,
            0.01803550496697426,
            0.029345888644456863
        ],
        [
            0.12611794471740723,
            0.012333087623119354,
            0.03968142345547676
        ],
        [
            0.1439836472272873,
            0.04790885001420975,
            0.06512252986431122
        ],
        [
            0.10537302494049072,
            0.0808723047375679,
            0.10199990123510361
        ],
        [
            0.11382870376110077,
            0.07425364851951599,
            0.09774646908044815
        ],
        [
            0.11007849127054214,
            0.07158324867486954,
            0.09390226006507874
        ],
        [
            0.10366595536470413,
            0.0798194482922554,
            0.09817034751176834
        ],
        [
            0.11691320687532425,
            0.06899105757474899,
            0.09421423822641373
        ],
        [
            0.1161046251654625,
            0.07262302190065384,
            0.10303635895252228
        ],
        [
            0.12004879862070084,
            0.0047768764197826385,
            0.05177179351449013
        ],
        [
            0.11798028647899628,
            0.05090181529521942,
            0.08092530816793442
        ],
        [
            0.11182690411806107,
            -0.007046103477478027,
            0.04211358353495598
        ],
        [
            0.11244775354862213,
            0.002415694296360016,
            0.06730019301176071
        ],
        [
            0.10379327833652496,
            -0.0053090900182724,
            0.06057266891002655
        ],
        [
            0.10144935548305511,
            -0.019142605364322662,
            0.03329406678676605
        ],
        [
            0.09545020759105682,
            -0.014908943325281143,
            0.05002053081989288
        ],
        [
            0.10353626310825348,
            -0.02455451712012291,
            0.014596439898014069
        ],
        [
            0.10383857786655426,
            -0.02095271646976471,
            0.023121923208236694
        ],
        [
            0.08902914077043533,
            -0.006342776119709015,
            0.06432771682739258
        ],
        [
            0.09636515378952026,
            0.06696851551532745,
            0.10162269324064255
        ],
        [
            0.0981011688709259,
            0.0705140009522438,
            0.09705996513366699
        ],
        [
            0.11238705366849899,
