{
    "pred_cam": [
        12.25603199005127,
        0.09189445525407791,
        -0.05804343894124031
    ],
    "pred_mano_params": {
        "global_orient": [
            [
                [
                    -0.32833290100097656,
                    0.9197270274162292,
                    -0.21517355740070343
                ],
                [
                    -0.49273887276649475,
                    -0.36112499237060547,
                    -0.7917051911354065
                ],
                [
                    -0.805857241153717,
                    -0.15391848981380463,
                    0.5717544555664062
                ]
            ]
        ],
        "hand_pose": [
            [
                [
                    0.7493817806243896,
                    -0.6117708683013916,
                    -0.2533048689365387
                ],
                [
                    0.5789731740951538,
                    0.7910336852073669,
                    -0.1976253241300583
                ],
                [
                    0.3212741017341614,
                    0.0014401096850633621,
                    0.9469851851463318
                ]
            ],
            [
                [
                    0.6635718941688538,
                    -0.6966865062713623,
                    0.2725805938243866
                ],
                [
                    0.7457998394966125,
                    0.5874201059341431,
                    -0.3141976296901703
                ],
                [
                    0.05877792835235596,
                    0.4117833077907562,
                    0.9093841910362244
                ]
            ],
            [
                [
                    0.9100447297096252,
                    -0.3730502426624298,
                    0.18069857358932495
                ],
                [
                    0.3234201967716217,
                    0.9117026925086975,
                    0.2533724308013916
                ],
                [
                    -0.2592640221118927,
                    -0.17213870584964752,
                    0.9503422379493713
                ]
            ],
            [
                [
                    0.34582197666168213,
                    -0.916827917098999,
                    -0.19958366453647614
                ],
                [
                    0.9365988969802856,
                    0.350098580121994,
                    0.014611763879656792
                ],
                [
                    0.05647749453783035,
                    -0.1919829100370407,
                    0.9797717928886414
                ]
            ],
            [
                [
                    0.900434672832489,
                    -0.40421637892723083,
                    -0.16070625185966492
                ],
                [
                    0.42870208621025085,
                    0.8872290253639221,
                    0.17040839791297913
                ],
                [
                    0.073701411485672,
                    -0.22233673930168152,
                    0.972180187702179
                ]
            ],
            [
                [
                    0.9192841053009033,
                    -0.3856284022331238,
                    0.0787878930568695
                ],
                [
                    0.3872072398662567,
                    0.9219778180122375,
                    -0.0052366978488862514
                ],
                [
                    -0.07062127441167831,
                    0.035321254283189774,
                    0.9968776702880859
                ]
            ],
            [
                [
                    0.6823127269744873,
                    -0.7236457467079163,
                    -0.10385611653327942
                ],
                [
                    0.7310158014297485,
                    0.6769196391105652,
                    0.08599790930747986
                ],
                [
                    0.008070223964750767,
                    -0.13459794223308563,
                    0.9908673763275146
                ]
            ],
            [
                [
                    0.7714056372642517,
                    -0.6290296912193298,
                    0.09620325267314911
                ],
                [
                    0.5041890144348145,
                    0.6964125037193298,
                    0.510688841342926
                ],
                [
                    -0.38823559880256653,
                    -0.34544360637664795,
                    0.8543663620948792
                ]
            ],
            [
                [
                    0.9108149409294128,
                    -0.4055625796318054,
                    0.07703974843025208
                ],
                [
                    0.24768279492855072,
                    0.6861734986305237,
                    0.6839730143547058
                ],
                [
                    -0.33025652170181274,
                    -0.6038914322853088,
                    0.7254279255867004
                ]
            ],
            [
                [
                    0.428462415933609,
                    -0.9028558731079102,
                    0.03565439581871033
                ],
                [
                    0.9027037620544434,
                    0.4260062277317047,
                    -0.060370780527591705
                ],
                [
                    0.03931711986660957,
                    0.05805197358131409,
                    0.9975390434265137
                ]
            ],
            [
                [
                    0.848747730255127,
                    -0.528668999671936,
                    0.011678583920001984
                ],
                [
                    0.4487900137901306,
                    0.7318354845046997,
                    0.5128394961357117
                ],
                [
                    -0.2796691656112671,
                    -0.43003013730049133,
                    0.8584050536155701
                ]
            ],
            [
                [
                    0.8416915535926819,
                    -0.5325611233711243,
                    0.08907239139080048
                ],
                [
                    0.5089288949966431,
                    0.8375694155693054,
                    0.19866742193698883
                ],
                [
                    -0.18040688335895538,
                    -0.12188518792390823,
                    0.9760108590126038
                ]
            ],
            [
                [
                    0.9715271592140198,
                    -0.10836798697710037,
                    -0.21069258451461792
                ],
                [
                    -0.12162376940250397,
                    0.5350503921508789,
                    -0.8360196948051453
                ],
                [
                    0.20332889258861542,
                    0.8378410339355469,
                    0.506635844707489
                ]
            ],
            [
                [
                    0.9772589206695557,
                    -0.1805848926305771,
                    -0.11114905774593353
                ],
                [
                    0.21196147799491882,
                    0.8470117449760437,
                    0.48748689889907837
                ],
                [
                    0.006111775524914265,
                    -0.4999602437019348,
                    0.8660268187522888
                ]
            ],
            [
                [
                    0.937516450881958,
                    -0.2354796677827835,
                    -0.256149023771286
                ],
                [
                    0.19120796024799347,
                    0.9637378454208374,
                    -0.1861419528722763
                ],
                [
                    0.29069316387176514,
                    0.12553338706493378,
                    0.9485456943511963
                ]
            ]
        ],
        "betas": [
            -0.13628938794136047,
            -0.059668660163879395,
            0.040711790323257446,
            -0.06737825274467468,
            0.06623944640159607,
            0.02384403720498085,
            -0.015355676412582397,
            -0.052156299352645874,
            0.03429575264453888,
            -0.02574041485786438
        ]
    },
    "pred_cam_t": [
        -0.09189445525407791,
        -0.05804343894124031,
        3.1872060298919678
    ],
    "focal_length": [
        5000.0,
        5000.0
    ],
    "pred_keypoints_3d": [
        [
            0.09629633277654648,
            0.0064403763972222805,
            0.0062483930960297585
        ],
        [
            0.0842609629034996,
            0.003380897920578718,
            0.04305216297507286
        ],
        [
            0.07463644444942474,
            0.014443619176745415,
            0.07030121237039566
        ],
        [
            0.07220058888196945,
            0.029744254425168037,
            0.09268996119499207
        ],
        [
            0.06764619052410126,
            0.05453343689441681,
            0.11690796166658401
        ],
        [
            0.11611378192901611,
            0.03546568378806114,
            0.09041599929332733
        ],
        [
            0.11198020726442337,
            0.0616527795791626,
            0.11035925894975662
        ],
        [
            0.09345551580190659,
            0.0740697905421257,
            0.10943028330802917
        ],
        [
            0.06990928202867508,
            0.07999691367149353,
            0.10560376942157745
        ],
        [
            0.12696510553359985,
            0.05657625198364258,
            0.08133333176374435
        ],
        [
            0.10584008693695068,
            0.07866066694259644,
            0.09060090035200119
        ],
        [
            0.084345243871212,
            0.08752299100160599,
            0.08769331127405167
        ],
        [
            0.059109292924404144,
            0.09179673343896866,
            0.0838298350572586
        ],
        [
            0.12551164627075195,
            0.06971152871847153,
            0.0578077957034111
        ],
        [
            0.1089603528380394,
            0.09047088772058487,
            0.06962977349758148
        ],
        [
            0.08491665124893188,
            0.09693995118141174,
            0.06793486326932907
        ],
        [
            0.060011301189661026,
            0.09361064434051514,
            0.06506070494651794
        ],
        [
            0.11920076608657837,
            0.07871347665786743,
            0.03871741145849228
        ],
        [
            0.11279892176389694,
            0.09876640141010284,
            0.04199434816837311
        ],
        [
            0.09492713958024979,
            0.10540159791707993,
            0.04333742335438728
        ],
        [
            0.07548287510871887,
            0.09914831817150116,
            0.046999987214803696
        ]
    ],
    "pred_vertices": [
        [
            0.09362154453992844,
            0.024902770295739174,
            0.058159664273262024
        ],
        [
            0.08892275393009186,
            0.021144229918718338,
            0.048785485327243805
        ],
        [
            0.08583660423755646,
            0.023154249414801598,
            0.05769214779138565
        ],
        [
            0.09103437513113022,
            0.024439122527837753,
            0.06676159799098969
        ],
        [
            0.06959798187017441,
            0.017336862161755562,
            0.044260069727897644
        ],
        [
            0.06394006311893463,
            0.006647268310189247,
            0.04438832774758339
        ],
        [
            0.06285877525806427,
            0.013734936714172363,
            0.059392038732767105
        ],
        [
            0.06712302565574646,
            0.022482335567474365,
            0.05672735720872879
        ],
        [
            0.09064679592847824,
            0.02396915853023529,
            0.07390263676643372
        ],
        [
            0.08345597982406616,
            0.02513338252902031,
            0.06532524526119232
        ],
        [
            0.09248662739992142,
            0.021434474736452103,
            0.07607129216194153
        ],
        [
            0.1040957123041153,
            0.01746363192796707,
            0.0831821858882904
        ],
        [
            0.09912343323230743,
            0.022182583808898926,
            0.08098725229501724
        ],
        [
            0.1109166070818901,
            0.019269440323114395,
            0.0881192535161972
        ],
        [
            0.109893798828125,
            0.009571447968482971,
            0.07793957740068436
        ],
        [
            0.12021758407354355,
            0.018209710717201233,
            0.08536446839570999
        ],
        [
            0.12668336927890778,
            0.018399490043520927,
            0.05575791373848915
        ],
        [
            0.12902513146400452,
            0.026841051876544952,
            0.04507014900445938
        ],
        [
            0.1354530155658722,
            0.037651535123586655,
            0.05834493041038513
        ],
        [
            0.13143999874591827,
            0.028225118294358253,
            0.06787420809268951
        ],
        [
            0.13191916048526764,
            0.04754498600959778,
            0.039698295295238495
        ],
        [
            0.13417331874370575,
            0.0426727831363678,
            0.05059203878045082
        ],
        [
            0.12916749715805054,
            0.03158392384648323,
            0.03719719499349594
        ],
        [
            0.12723569571971893,
            0.03662524372339249,
            0.028282400220632553
        ],
        [
            0.0961424931883812,
            0.029904130846261978,
            0.0434180311858654
        ],
        [
            0.0918218195438385,
            0.025259602814912796,
            0.03449484333395958
        ],
        [
            0.0918622761964798,
            0.022413454949855804,
            0.03949075937271118
        ],
        [
            0.09548570215702057,
            0.027035800740122795,
            0.04814131557941437
        ],
        [
            0.08670999109745026,
            0.016100453212857246,
            0.07934844493865967
        ],
        [
            0.09318315237760544,
            0.0058102719485759735,
            0.07462342083454132
        ],
        [
            0.09545285254716873,
            0.013250185176730156,
            0.07663720846176147
        ],
        [
            0.08574575185775757,
            0.021572254598140717,
            0.07802841067314148
        ],
        [
            0.07758018374443054,
            0.022040292620658875,
            0.00903591513633728
        ],
        [
            0.07881461828947067,
            0.012044906616210938,
            -0.0001655369997024536
        ],
        [
            0.07834304124116898,
            0.0074965134263038635,
            0.003691360354423523
        ],
        [
            0.07783720642328262,
            0.017431646585464478,
            0.011272422969341278
        ],
        [
            0.07107514142990112,
            -0.0017664730548858643,
            0.022947080433368683
        ],
        [
            0.07586877048015594,
            -0.00705362856388092,
            0.014691613614559174
        ],
        [
            0.0803385078907013,
            -0.01973426342010498,
            0.015432864427566528
        ],
        [
            0.07800419628620148,
            -0.016251351684331894,
            0.02540762722492218
        ],
        [
            0.06671653687953949,
            0.002642199397087097,
            0.03383614867925644
        ],
        [
            0.07064299285411835,
            -0.010515090078115463,
            0.03607100993394852
        ],
        [
            0.06638568639755249,
            -0.004220198839902878,
            0.04764546453952789
        ],
        [
            0.06474907696247101,
            0.005173724144697189,
            0.06287714838981628
        ],
        [
            0.08279812335968018,
            0.02069486305117607,
            -0.008936569094657898
        ],
        [
            0.08192005753517151,
            0.029419124126434326,
            -0.0035068318247795105
        ],
        [
            0.09905320405960083,
            0.05668794736266136,
            0.10571722686290741
        ],
        [
            0.09993581473827362,
            0.06088000535964966,
            0.10124246776103973
        ],
        [
            0.1009494811296463,
            0.057641129940748215,
            0.10002618283033371
        ],
        [
            0.10007034242153168,
            0.054340604692697525,
            0.10472884029150009
        ],
        [
            0.10098445415496826,
            0.028971459716558456,
            -0.01302705705165863
        ],
        [
            0.11049097776412964,
            0.02530866488814354,
            -0.012821175158023834
        ],
        [
            0.10713967680931091,
            0.02223287522792816,
            -0.018591754138469696
        ],
        [
            0.09783491492271423,
            0.023995473980903625,
            -0.017855532467365265
        ],
        [
            0.10509005188941956,
            0.03549138456583023,
            -0.006549082696437836
        ],
        [
            0.11449579894542694,
            0.02942056953907013,
            -0.00439906120300293
        ],
        [
            0.10685774683952332,
            0.05923948809504509,
            0.11588530987501144
        ],
        [
            0.10258755087852478,
            0.0566309317946434,
            0.11412064731121063
        ],
        [
            0.10599146038293839,
            0.053579188883304596,
            0.11319874972105026
        ],
        [
            0.11094963550567627,
            0.05560184642672539,
            0.11370372772216797
        ],
        [
            0.09644455462694168,
            0.02567548304796219,
            0.07517567276954651
        ],
        [
            0.09672264754772186,
            0.029040750116109848,
            0.06660766899585724
        ],
        [
            0.10398642718791962,
            0.03448266535997391,
            0.08686849474906921
        ],
        [
            0.10242342203855515,
            0.0329037569463253,
            0.07865922152996063
        ],
        [
            0.10177433490753174,
            0.02707444503903389,
            0.0825531855225563
        ],
        [
            0.1042696163058281,
            0.02872651442885399,
            0.0891520231962204
        ],
        [
            0.1054866760969162,
            0.04469626396894455,
            0.058111436665058136
        ],
        [
            0.10141941905021667,
            0.03795597702264786,
            0.049451280385255814
        ],
        [
            0.10106687992811203,
            0.034828804433345795,
            0.055342067033052444
        ],
        [
            0.10444367676973343,
            0.04125776141881943,
            0.06605274975299835
        ],
        [
            0.10032447427511215,
            0.04727286845445633,
            0.0386677086353302
        ],
        [
            0.10489925742149353,
            0.05299731716513634,
            0.04797971248626709
        ],
        [
            0.10376173257827759,
            0.057614412158727646,
            0.040757760405540466
        ],
        [
            0.09974098950624466,
            0.053068697452545166,
            0.035599224269390106
        ],
        [
            0.11309304088354111,
            0.05936666950583458,
            0.0655120238661766
        ],
        [
            0.1155434250831604,
            0.06119292974472046,
            0.06943771988153458
        ],
        [
            0.11361493170261383,
            0.0651780515909195,
            0.06729958951473236
        ],
        [
            0.1126369759440422,
            0.06148087605834007,
            0.062389325350522995
        ],
        [
            0.10476474463939667,
            0.018452759832143784,
            -0.024178802967071533
        ],
        [
            0.09511730074882507,
            0.018498580902814865,
            -0.021920442581176758
        ],
        [
            0.12508524954319,
            0.05918911099433899,
            0.02191615104675293
        ],
        [
            0.1164005845785141,
            0.062110140919685364,
            0.015143867582082748
        ],
        [
            0.11985931545495987,
            0.07180487364530563,
            0.022370532155036926
        ],
        [
            0.12917692959308624,
            0.06645140796899796,
            0.02803216502070427
        ],
        [
            0.11722837388515472,
            0.019064053893089294,
            -0.00774073600769043
        ],
        [
            0.11521685123443604,
            0.01710328832268715,
            -0.01513032615184784
        ],
        [
            0.11114633083343506,
            0.06370195746421814,
            0.11419347673654556
        ],
        [
            0.1148681640625,
            0.059717826545238495,
            0.11150745302438736
        ],
        [
            0.07742283493280411,
            -0.013325732201337814,
            0.04889167100191116
        ],
        [
            0.07156327366828918,
            -0.0016151517629623413,
            0.06584823131561279
        ],
        [
            0.08369550108909607,
            -0.0195140540599823,
            0.03477484732866287
        ],
        [
            0.08905558288097382,
            -0.022236142307519913,
            0.024526022374629974
        ],
        [
            0.09101446717977524,
            -0.025778278708457947,
            0.016144610941410065
        ],
        [
            0.10454501211643219,
            0.03901062160730362,
            0.07745521515607834
        ],
        [
            0.0978618785738945,
            0.030222076922655106,
            0.05740366876125336
        ],
        [
            0.0962260439991951,
            0.03297455608844757,
            0.039298295974731445
        ],
        [
            0.09381476044654846,
            0.056751713156700134,
            0.019448723644018173
        ],
        [
            0.08950930833816528,
            0.05042354762554169,
            0.01209978386759758
        ],
        [
            0.0892116129398346,
            0.046100158244371414,
            0.021925687789916992
        ],
        [
            0.0936625674366951,
            0.052349165081977844,
            0.026238299906253815
        ],
        [
            0.1070994883775711,
            0.06586497277021408,
            0.01538931205868721
        ],
        [
            0.1012948602437973,
            0.06572026014328003,
            0.021001458168029785
        ],
        [
            0.10489929467439651,
            0.07108013331890106,
            0.02676338329911232
        ],
        [
            0.1107369065284729,
            0.07274637371301651,
            0.022016718983650208
        ],
        [
            0.08311573415994644,
            0.010027151554822922,
            0.0817129835486412
        ],
        [
            0.08950388431549072,
            -0.0003230273723602295,
            0.07277438789606094
        ],
        [
            0.09064564108848572,
            0.0300607867538929,
            -0.010441839694976807
        ],
        [
            0.08846892416477203,
            0.023282725363969803,
            -0.01377210021018982
        ],
        [
            0.08805824816226959,
            0.016584351658821106,
            -0.019129477441310883
        ],
        [
            0.08384523540735245,
            0.022678684443235397,
            0.022600989788770676
        ],
        [
            0.07786719501018524,
            0.014214739203453064,
            0.012840822339057922
        ],
        [
            0.07710438221693039,
            0.011604174971580505,
            0.016297370195388794
        ],
        [
            0.08494473248720169,
            0.02022464945912361,
            0.024835649877786636
        ],
        [
            0.08187206834554672,
            0.019008034840226173,
            0.039219051599502563
        ],
        [
            0.07293781638145447,
            0.01275937631726265,
            0.03147432208061218
        ],
        [
            0.07864551246166229,
            0.023663002997636795,
            0.04915058985352516
        ],
        [
            0.07723644375801086,
            0.0002860948443412781,
            0.007630303502082825
        ],
        [
            0.07676959037780762,
            0.0001842007040977478,
            -0.00349213182926178
        ],
        [
            0.07659751176834106,
            -0.007123548537492752,
            0.0017471611499786377
        ],
        [
            0.07922418415546417,
            0.007232666015625,
            -0.009978294372558594
        ],
        [
            0.08291536569595337,
            0.013233579695224762,
            -0.015555717051029205
        ],
        [
            0.11564351618289948,
            0.013389892876148224,
            -0.02286405861377716
        ],
        [
            0.07799538969993591,
            -0.013513609766960144,
            0.007041826844215393
        ],
        [
            0.0668971836566925,
            0.024803219363093376,
            0.06575983762741089
        ],
        [
            0.06676217913627625,
            0.026553530246019363,
            0.07389310002326965
        ],
        [
            0.07373052835464478,
            0.029699072241783142,
            0.07302939891815186
        ],
        [
            0.0744800865650177,
            0.028311623260378838,
            0.06606916338205338
        ],
        [
            0.1154717430472374,
            0.024357128888368607,
            0.09442957490682602
        ],
        [
            0.10791458934545517,
            0.025952747091650963,
            0.09290438890457153
        ],
        [
            0.10421257466077805,
            0.021513598039746284,
            0.0861738994717598
        ],
        [
            0.08117451518774033,
            0.03235074505209923,
            0.013347364962100983
        ],
        [
            0.08446470648050308,
            0.03818866237998009,
            0.00249461829662323
        ],
        [
            0.10629790276288986,
            0.04049178212881088,
            0.08548946678638458
        ],
        [
            0.11424697935581207,
            0.052488699555397034,
            0.11270268261432648
        ],
        [
            0.10876418650150299,
            0.049843836575746536,
            0.1124849021434784
        ],
        [
            0.11346429586410522,
            0.03594956174492836,
            0.10404099524021149
        ],
        [
            0.11988740414381027,
            0.038878001272678375,
            0.10429295897483826
        ],
        [
            0.11335165798664093,
            0.0476536750793457,
            0.0875491052865982
        ],
        [
            0.10771512240171432,
            0.0434868261218071,
            0.0874866396188736
        ],
        [
            0.10881156474351883,
            0.04540881887078285,
            0.0880790427327156
        ],
        [
            0.11292630434036255,
            0.05070263892412186,
            0.08745401352643967
        ],
        [
            0.11304610222578049,
            0.06830506771802902,
            0.05852664262056351
        ],
        [
            0.11171694099903107,
            0.06506544351577759,
            0.05458426848053932
        ],
        [
            0.13197645545005798,
            0.039606232196092606,
            0.07948816567659378
        ],
        [
            0.13196635246276855,
            0.02758236601948738,
            0.08666408807039261
        ],
        [
            0.1277732104063034,
            0.02016683667898178,
            0.0768866240978241
        ],
        [
            0.10526116192340851,
            0.048762328922748566,
            0.05176185071468353
        ],
        [
            0.10899987816810608,
            0.05525347217917442,
            0.058920249342918396
        ],
        [
            0.10907359421253204,
            0.05778936296701431,
            0.05559685081243515
        ],
        [
            0.10683420300483704,
            0.0431591272354126,
            0.0778912603855133
        ],
        [
            0.10942894965410233,
            0.04539073258638382,
            0.08366024494171143
        ],
        [
            0.11044789105653763,
            0.047261398285627365,
            0.07943575084209442
        ],
        [
            0.10761008411645889,
            0.045700039714574814,
            0.07313897460699081
        ],
        [
            0.11338380724191666,
            0.052595824003219604,
            0.006493743509054184
        ],
        [
            0.10261213034391403,
            0.057343609631061554,
            0.006700664758682251
        ],
        [
            0.09986235946416855,
            0.055440641939640045,
            0.11037120223045349
        ],
        [
            0.1019306480884552,
            0.05285719409584999,
            0.10965999215841293
        ],
        [
            0.10123217850923538,
            0.04205092787742615,
            0.043412189930677414
        ],
        [
            0.12172888219356537,
            0.012663308531045914,
            0.06505994498729706
        ],
        [
            0.0959131270647049,
            0.03643639013171196,
            0.03497762233018875
        ],
        [
            0.1298675239086151,
            0.06823042035102844,
            0.04838600009679794
        ],
        [
            0.12288596481084824,
            0.07429534941911697,
            0.047776348888874054
        ],
        [
            0.12176604568958282,
            0.07590405642986298,
            0.05155603587627411
        ],
        [
            0.12693046033382416,
            0.07419155538082123,
            0.0539209358394146
        ],
        [
            0.11065903306007385,
            0.06191132590174675,
            0.09485698491334915
        ],
        [
            0.10515215992927551,
            0.05971846729516983,
            0.09585659205913544
        ],
        [
            0.10424083471298218,
            0.061843812465667725,
            0.09662634134292603
        ],
        [
            0.10934069752693176,
            0.06511402130126953,
            0.09673166275024414
        ],
        [
            0.10509628057479858,
            0.03870526701211929,
            0.08986222743988037
        ],
        [
            0.10492756217718124,
            0.03333645686507225,
            0.09345056861639023
        ],
        [
            0.10462142527103424,
            0.03840075433254242,
            0.09582503885030746
        ],
        [
            0.10599131882190704,
            0.042553048580884933,
            0.09153492748737335
        ],
        [
            0.10890651494264603,
            0.030885843560099602,
            0.09748844802379608
        ],
        [
            0.10800954699516296,
            0.03567536547780037,
            0.10063834488391876
        ],
        [
            0.11643613874912262,
            0.06252579391002655,
            0.09772706776857376
        ],
        [
            0.11950848251581192,
            0.06022418290376663,
            0.10435646772384644
        ],
        [
            0.1250600814819336,
            0.04884697124361992,
            0.09520420432090759
        ],
        [
            0.11965245008468628,
            0.052751075476408005,
            0.09081588685512543
        ],
        [
            0.1244213879108429,
            0.02609415352344513,
            0.01736835017800331
        ],
        [
            0.12172658741474152,
            0.03338199108839035,
            0.009194150567054749
        ],
        [
            0.12460685521364212,
            0.044059764593839645,
            0.019740577787160873
        ],
        [
            0.12869970500469208,
            0.0548514686524868,
            0.02965056151151657
        ],
        [
            0.13151228427886963,
            0.06445743888616562,
            0.04013734310865402
        ],
        [
            0.13684043288230896,
            0.0571758858859539,
            0.0491415336728096
        ],
        [
            0.1215619146823883,
            0.048176396638154984,
            0.013147633522748947
        ],
        [
            0.12097837030887604,
            0.04702349379658699,
            0.08469084650278091
        ],
        [
            0.1278425008058548,
            0.04150693863630295,
            0.08825216442346573
        ],
        [
            0.12663301825523376,
            0.04493968188762665,
            0.08397872000932693
        ],
        [
            0.09426229447126389,
            0.042012400925159454,
            0.030188560485839844
        ],
        [
            0.10411601513624191,
            0.04934875667095184,
            0.10984546691179276
        ],
        [
            0.1113673523068428,
            -0.016613349318504333,
            0.016349047422409058
        ],
        [
            0.11798394471406937,
            -0.007872965186834335,
            0.008008122444152832
        ],
        [
            0.11848423629999161,
            -0.004308730363845825,
            0.016112402081489563
        ],
        [
            0.11010096967220306,
            -0.013807892799377441,
            0.025783076882362366
        ],
        [
            0.10115176439285278,
            0.055387940257787704,
            0.10002927482128143
        ],
        [
            0.10063847154378891,
            0.051193319261074066,
            0.10487465560436249
        ],
        [
            0.11179495602846146,
            0.07045990228652954,
            0.050374940037727356
        ],
        [
            0.11356961727142334,
            0.07252038270235062,
            0.05442256107926369
        ],
        [
            0.11565336585044861,
            0.07562669366598129,
            0.05227532237768173
        ],
        [
            0.1128399446606636,
            0.07651934027671814,
            0.04833853989839554
        ],
        [
            0.11915214359760284,
            0.03609362617135048,
            0.004410251975059509
        ],
        [
            0.11984070390462875,
            0.07798895239830017,
            0.026692986488342285
        ],
        [
            0.12865178287029266,
            0.07359473407268524,
            0.032244712114334106
        ],
        [
            0.1193220317363739,
            0.02380833402276039,
            0.00035315006971359253
        ],
        [
            0.12226592004299164,
            0.017283029854297638,
            0.007177561521530151
        ],
        [
            0.120755136013031,
            0.01138969138264656,
            -0.0005617216229438782
        ],
        [
            0.1351151168346405,
            0.053979258984327316,
            0.06410537660121918
        ],
        [
            0.12594161927700043,
            0.02215273678302765,
            0.0250987708568573
        ],
        [
            0.12292080372571945,
            0.013236526399850845,
            0.013780862092971802
        ],
        [
            0.12114383280277252,
            0.0060014016926288605,
            0.004838183522224426
        ],
        [
            0.12053363770246506,
            0.0012802444398403168,
            -0.0021106749773025513
        ],
        [
            0.12004683166742325,
            0.0076833926141262054,
            -0.007297113537788391
        ],
        [
            0.11783377081155777,
            0.056440383195877075,
            0.10921935737133026
        ],
        [
            0.11687865853309631,
            0.06488228589296341,
            0.10666834563016891
        ],
        [
            0.12081323564052582,
            0.003454171121120453,
            -0.015401490032672882
        ],
        [
            0.12066535651683807,
            -0.0035197921097278595,
            -0.009126216173171997
        ],
        [
            0.12248747050762177,
            0.007743563503026962,
            0.02131282538175583
        ],
        [
            0.12008839100599289,
            0.00105246901512146,
            0.030760299414396286
        ],
        [
            0.12515342235565186,
            0.016636639833450317,
            0.03202202916145325
        ],
        [
            0.12340648472309113,
            0.010774653404951096,
            0.042112816125154495
        ],
        [
            0.14008550345897675,
            0.04525262117385864,
            0.06970129162073135
        ],
        [
            0.10250033438205719,
            0.07779848575592041,
            0.10845912992954254
        ],
        [
            0.11103197932243347,
            0.07137641310691833,
            0.10406406223773956
        ],
        [
            0.10744282603263855,
            0.06935881823301315,
            0.09970217943191528
        ],
        [
            0.10106956958770752,
            0.0771712064743042,
            0.10441529750823975
        ],
        [
            0.11405400931835175,
            0.06647419184446335,
            0.10011427104473114
        ],
        [
            0.11287303268909454,
            0.06898759305477142,
            0.10924651473760605
        ],
        [
            0.11615003645420074,
            0.003136519342660904,
            0.05344606190919876
        ],
        [
            0.11317582428455353,
            0.04893169552087784,
            0.08354742079973221
        ],
        [
            0.10858140140771866,
            -0.00826217234134674,
            0.04275237396359444
        ],
        [
            0.10704382508993149,
            0.00031071528792381287,
            0.0683244913816452
        ],
        [
            0.09894130378961563,
            -0.007104609161615372,
            0.060585908591747284
        ],
        [
            0.098826102912426,
            -0.01996375247836113,
            0.032728105783462524
        ],
        [
            0.09160079061985016,
            -0.01628030091524124,
            0.04892994463443756
        ],
        [
            0.10202987492084503,
            -0.0249628983438015,
            0.0143536776304245
        ],
        [
            0.10183532536029816,
            -0.021568898111581802,
            0.022879280149936676
        ],
        [
            0.083908811211586,
            -0.008545026183128357,
            0.06310901045799255
        ],
        [
            0.093117356300354,
            0.06429528445005417,
            0.10587140917778015
        ],
        [
            0.09528923779726028,
            0.06825705617666245,
            0.10186155885457993
        ],
        [
