{
    "pred_cam": [
        10.012638092041016,
        0.08010704815387726,
        -0.06280013918876648
    ],
    "pred_mano_params": {
        "global_orient": [
            [
                [
                    -0.33177047967910767,
                    0.9237961769104004,
                    -0.1911255270242691
                ],
                [
                    -0.4999197721481323,
                    -0.343983918428421,
                    -0.794830322265625
                ],
                [
                    -0.800005316734314,
                    -0.16815383732318878,
                    0.5759477019309998
                ]
            ]
        ],
        "hand_pose": [
            [
                [
                    0.6783439517021179,
                    -0.6930444836616516,
                    -0.24400602281093597
                ],
                [
                    0.6684645414352417,
                    0.7199671268463135,
                    -0.18655429780483246
                ],
                [
                    0.3049667179584503,
                    -0.036561403423547745,
                    0.9516609907150269
                ]
            ],
            [
                [
                    0.6230766773223877,
                    -0.7333003282546997,
                    0.2721140682697296
                ],
                [
                    0.7792641520500183,
                    0.5520774722099304,
                    -0.2965768277645111
                ],
                [
                    0.06725184619426727,
                    0.39683884382247925,
                    0.9154212474822998
                ]
            ],
            [
                [
                    0.9014866352081299,
                    -0.391909122467041,
                    0.18365478515625
                ],
                [
                    0.3502732515335083,
                    0.9098859429359436,
                    0.22229744493961334
                ],
                [
                    -0.25422534346580505,
                    -0.13606882095336914,
                    0.9575253129005432
                ]
            ],
            [
                [
                    0.4091838002204895,
                    -0.9030234217643738,
                    -0.13083243370056152
                ],
                [
                    0.9122567176818848,
                    0.40783464908599854,
                    0.03819078952074051
                ],
                [
                    0.018870798870921135,
                    -0.13497984409332275,
                    0.990668535232544
                ]
            ],
            [
                [
                    0.819434404373169,
                    -0.5449705123901367,
                    -0.17757920920848846
                ],
                [
                    0.5718192458152771,
                    0.7985552549362183,
                    0.18796896934509277
                ],
                [
                    0.039369259029626846,
                    -0.2555714547634125,
                    0.965988278388977
                ]
            ],
            [
                [
                    0.861426591873169,
                    -0.49215468764305115,
                    0.12541119754314423
                ],
                [
                    0.49387305974960327,
                    0.8693224191665649,
                    0.019182071089744568
                ],
                [
                    -0.11846330016851425,
                    0.045413270592689514,
                    0.9919193983078003
                ]
            ],
            [
                [
                    0.6455220580101013,
                    -0.7553436756134033,
                    -0.11294835805892944
                ],
                [
                    0.763695478439331,
                    0.6367588043212891,
                    0.10633675754070282
                ],
                [
                    -0.008399927988648415,
                    -0.15490086376667023,
                    0.9878944158554077
                ]
            ],
            [
                [
                    0.7860525846481323,
                    -0.6073388457298279,
                    0.11515630036592484
                ],
                [
                    0.4868742823600769,
                    0.7230565547943115,
                    0.4900435507297516
                ],
                [
                    -0.3808870017528534,
                    -0.3291333019733429,
                    0.8640581369400024
                ]
            ],
            [
                [
                    0.9202743768692017,
                    -0.3822016716003418,
                    0.08376799523830414
                ],
                [
                    0.24411417543888092,
                    0.728156328201294,
                    0.6404659152030945
                ],
                [
                    -0.30578333139419556,
                    -0.5689553618431091,
                    0.7634044885635376
                ]
            ],
            [
                [
                    0.4654528498649597,
                    -0.8834553956985474,
                    0.05348005145788193
                ],
                [
                    0.8847230076789856,
                    0.4627205729484558,
                    -0.05616772174835205
                ],
                [
                    0.02487535960972309,
                    0.0734584629535675,
                    0.9969878792762756
                ]
            ],
            [
                [
                    0.8095017671585083,
                    -0.5870068073272705,
                    -0.011397694237530231
                ],
                [
                    0.5019950270652771,
                    0.6819391846656799,
                    0.5319398641586304
                ],
                [
                    -0.30447980761528015,
                    -0.43632784485816956,
                    0.846705436706543
                ]
            ],
            [
                [
                    0.7960652709007263,
                    -0.5949273705482483,
                    0.11109240353107452
                ],
                [
                    0.5589916110038757,
                    0.7931326627731323,
                    0.24180354177951813
                ],
                [
                    -0.23196657001972198,
                    -0.1303916722536087,
                    0.9639447927474976
                ]
            ],
            [
                [
                    0.9773775935173035,
                    -0.06318581104278564,
                    -0.20184288918972015
                ],
                [
                    -0.13643504679203033,
                    0.5408651828765869,
                    -0.8299700617790222
                ],
                [
                    0.1616121083498001,
                    0.8387326002120972,
                    0.5200087428092957
                ]
            ],
            [
                [
                    0.9774689674377441,
                    -0.19090759754180908,
                    -0.09004835039377213
                ],
                [
                    0.21046580374240875,
                    0.8489895462989807,
                    0.48468640446662903
                ],
                [
                    -0.016080224886536598,
                    -0.49271801114082336,
                    0.8700404763221741
                ]
            ],
            [
                [
                    0.9000625014305115,
                    -0.28739723563194275,
                    -0.327551931142807
                ],
                [
                    0.18878979980945587,
                    0.9346511960029602,
                    -0.30130651593208313
                ],
                [
                    0.39274144172668457,
                    0.20935624837875366,
                    0.8955021500587463
                ]
            ]
        ],
        "betas": [
            -0.10504767298698425,
            -0.0069377124309539795,
            0.03826373815536499,
            -0.014452427625656128,
            0.0923265814781189,
            0.034198541194200516,
            0.0018879473209381104,
            -0.08257171511650085,
            0.03417332470417023,
            -0.04085734486579895
        ]
    },
    "pred_cam_t": [
        -0.08010704815387726,
        -0.06280013918876648,
        3.9013195037841797
    ],
    "focal_length": [
        5000.0,
        5000.0
    ],
    "pred_keypoints_3d": [
        [
            0.09616875648498535,
            0.006429881323128939,
            0.006222378462553024
        ],
        [
            0.08478906750679016,
            0.0032050427980720997,
            0.04319098964333534
        ],
        [
            0.07555419206619263,
            0.013004286214709282,
            0.07101184129714966
        ],
        [
            0.07281412184238434,
            0.02707565575838089,
            0.09411889314651489
        ],
        [
            0.06806079298257828,
            0.05383751541376114,
            0.11575035750865936
        ],
        [
            0.11674952507019043,
            0.03591470792889595,
            0.09000538289546967
        ],
        [
            0.10876287519931793,
            0.061810776591300964,
            0.10908952355384827
        ],
        [
            0.08877589553594589,
            0.071226567029953,
            0.10617133975028992
        ],
        [
            0.06511526554822922,
            0.07307484745979309,
            0.09981809556484222
        ],
        [
            0.1270599514245987,
            0.057171281427145004,
            0.08069391548633575
        ],
        [
            0.10696908086538315,
            0.07878540456295013,
            0.09268660098314285
        ],
        [
            0.08472488075494766,
            0.08508925139904022,
            0.08929312974214554
        ],
        [
            0.059723690152168274,
            0.08306638896465302,
            0.08410802483558655
        ],
        [
            0.12496273219585419,
            0.0702071338891983,
            0.05719228461384773
        ],
        [
            0.10907900333404541,
            0.09060978889465332,
            0.07025642693042755
        ],
        [
            0.08476369082927704,
            0.09565911442041397,
            0.06867539137601852
        ],
        [
            0.06079096347093582,
            0.0887906402349472,
            0.0658845603466034
        ],
        [
            0.1181725561618805,
            0.0790412425994873,
            0.03822332248091698
        ],
        [
            0.11039571464061737,
            0.09856313467025757,
            0.041300006210803986
        ],
        [
            0.092359259724617,
            0.10452534258365631,
            0.04278134927153587
        ],
        [
            0.07295815646648407,
            0.09856969118118286,
            0.04623033106327057
        ]
    ],
    "pred_vertices": [
        [
            0.09400127828121185,
            0.02476918324828148,
            0.05828884243965149
        ],
        [
            0.08929188549518585,
            0.02092837169766426,
            0.04917241260409355
        ],
        [
            0.08640052378177643,
            0.022658340632915497,
            0.05838951840996742
        ],
        [
            0.0916111096739769,
            0.024115383625030518,
            0.0670914426445961
        ],
        [
            0.07008476555347443,
            0.01693684048950672,
            0.0451892651617527
        ],
        [
            0.06452088803052902,
            0.006191641092300415,
            0.04508263245224953
        ],
        [
            0.06357568502426147,
            0.012747485190629959,
            0.06030771881341934
        ],
        [
            0.06776072084903717,
            0.021604126319289207,
            0.05794151499867439
        ],
        [
            0.09140362590551376,
            0.023421626538038254,
            0.07446332275867462
        ],
        [
            0.08416145294904709,
            0.024369429796934128,
            0.06624910235404968
        ],
        [
            0.09335118532180786,
            0.02063349261879921,
            0.07681494951248169
        ],
        [
            0.1050553098320961,
            0.017225775867700577,
            0.08328690379858017
        ],
        [
            0.0999327301979065,
            0.022006357088685036,
            0.08111010491847992
        ],
        [
            0.11190638691186905,
            0.01937725767493248,
            0.0879502072930336
        ],
        [
            0.11090711504220963,
            0.009437350556254387,
            0.07783327996730804
        ],
        [
            0.12123538553714752,
            0.01856926456093788,
            0.0851643830537796
        ],
        [
            0.12708152830600739,
            0.018936317414045334,
            0.05521441623568535
        ],
        [
            0.1290941685438156,
            0.027421167120337486,
            0.04447071999311447
        ],
        [
            0.1354569047689438,
            0.0383078008890152,
            0.05758427828550339
        ],
        [
            0.13185757398605347,
            0.0288864616304636,
            0.06726536154747009
        ],
        [
            0.13149133324623108,
            0.04814969003200531,
            0.03900705277919769
        ],
        [
            0.1339883655309677,
            0.043289948254823685,
            0.04983852803707123
        ],
        [
            0.12902802228927612,
            0.032154541462659836,
            0.0365891270339489
        ],
        [
            0.12687824666500092,
            0.03715749830007553,
            0.027710240334272385
        ],
        [
            0.09615106880664825,
            0.02990885265171528,
            0.04338039085268974
        ],
        [
            0.0917913168668747,
            0.025192510336637497,
            0.034553077071905136
        ],
        [
            0.09198900312185287,
            0.022348951548337936,
            0.03962239995598793
        ],
        [
            0.09563732892274857,
            0.02701359987258911,
            0.048145245760679245
        ],
        [
            0.08756619691848755,
            0.014551622793078423,
            0.0801563411951065
        ],
        [
            0.09421462565660477,
            0.0049845073372125626,
            0.07488410174846649
        ],
        [
            0.09641753137111664,
            0.012428246438503265,
            0.07710537314414978
        ],
        [
            0.08656776696443558,
            0.020040735602378845,
            0.07910540699958801
        ],
        [
            0.07721494138240814,
            0.021687068045139313,
            0.009305648505687714
        ],
        [
            0.0784638524055481,
            0.011718980967998505,
            9.924918413162231e-05
        ],
        [
            0.07813218235969543,
            0.007183697074651718,
            0.003957174718379974
        ],
        [
            0.07758061587810516,
            0.01711801439523697,
            0.011535681784152985
        ],
        [
            0.07137501239776611,
            -0.0020567812025547028,
            0.02332315593957901
        ],
        [
            0.07609634101390839,
            -0.007327020168304443,
            0.014955513179302216
        ],
        [
            0.08082474768161774,
            -0.019974499940872192,
            0.015592887997627258
        ],
        [
            0.07860668003559113,
            -0.016513120383024216,
            0.025558143854141235
        ],
        [
            0.06717978417873383,
            0.002341393381357193,
            0.03437913954257965
        ],
        [
            0.07132028043270111,
            -0.010870890691876411,
            0.03632313758134842
        ],
        [
            0.06711828708648682,
            -0.004751328378915787,
            0.04794369637966156
        ],
        [
            0.06554587185382843,
            0.0040129125118255615,
            0.06337007880210876
        ],
        [
            0.08217713981866837,
            0.020421452820301056,
            -0.00871848315000534
        ],
        [
            0.08122710883617401,
            0.02911587804555893,
            -0.003284849226474762
        ],
        [
            0.09697309136390686,
            0.05478787049651146,
            0.10378094017505646
        ],
        [
            0.09760382771492004,
            0.05890228599309921,
            0.09916973859071732
        ],
        [
            0.0989491418004036,
            0.05602378025650978,
            0.0982450470328331
        ],
        [
            0.09826329350471497,
            0.05274023115634918,
            0.10302035510540009
        ],
        [
            0.10013813525438309,
            0.029023073613643646,
            -0.01312662661075592
        ],
        [
            0.10970405489206314,
            0.025524932891130447,
            -0.013070106506347656
        ],
        [
            0.10631279647350311,
            0.022394821047782898,
            -0.018778100609779358
        ],
        [
            0.09699641913175583,
            0.02400296926498413,
            -0.01790051907300949
        ],
        [
            0.10423117876052856,
            0.03560449928045273,
            -0.006731055676937103
        ],
        [
            0.11377641558647156,
            0.02970818430185318,
            -0.00472317636013031
        ],
        [
            0.10354732722043991,
            0.058861665427684784,
            0.11431282013654709
        ],
        [
            0.09982771426439285,
            0.05559316650032997,
            0.1123858317732811
        ],
        [
            0.10366099327802658,
            0.053072161972522736,
            0.11185164004564285
        ],
        [
            0.10823916643857956,
            0.05581629276275635,
            0.11259501427412033
        ],
        [
            0.09706996381282806,
            0.025584816932678223,
            0.07521544396877289
        ],
        [
            0.09712950885295868,
            0.02902079001069069,
            0.06658142060041428
        ],
        [
            0.10464673489332199,
            0.03433842211961746,
            0.08628363907337189
        ],
        [
            0.1029827743768692,
            0.03300775960087776,
            0.07844115793704987
        ],
        [
            0.10255345702171326,
            0.02712859958410263,
            0.08234430849552155
        ],
        [
            0.10504304617643356,
            0.028697460889816284,
            0.08862718939781189
        ],
        [
            0.10545109957456589,
            0.0448647104203701,
            0.05787278711795807
        ],
        [
            0.10136468708515167,
            0.038052938878536224,
            0.0492977499961853
        ],
        [
            0.10117216408252716,
            0.03492434322834015,
            0.05519893765449524
        ],
        [
            0.10460132360458374,
            0.041422054171562195,
            0.06582176685333252
        ],
        [
            0.09992557764053345,
            0.04731237143278122,
            0.03851627930998802
        ],
        [
            0.10454760491847992,
            0.05311622470617294,
            0.04773761332035065
        ],
        [
            0.10320302844047546,
            0.057676032185554504,
            0.04052378237247467
        ],
        [
            0.09918985515832901,
            0.053076036274433136,
            0.03544549271464348
        ],
        [
            0.11283955723047256,
            0.059864532202482224,
            0.0650777742266655
        ],
        [
            0.11530398577451706,
            0.062189824879169464,
            0.06905509531497955
        ],
        [
            0.11338953673839569,
            0.0657784640789032,
            0.06702303141355515
        ],
        [
            0.11232731491327286,
            0.06185920536518097,
            0.061995264142751694
        ],
        [
            0.10391582548618317,
            0.018584497272968292,
            -0.024326711893081665
        ],
        [
            0.09430770576000214,
            0.018467456102371216,
            -0.02192029356956482
        ],
        [
            0.12424362450838089,
            0.059707581996917725,
            0.02137421816587448
        ],
        [
            0.11543721705675125,
            0.06241539120674133,
            0.014733009040355682
        ],
        [
            0.11878891289234161,
            0.07219541072845459,
            0.021902132779359818
        ],
        [
            0.12830331921577454,
            0.06707750260829926,
            0.027433980256319046
        ],
        [
            0.11664695292711258,
            0.019412096589803696,
            -0.008103497326374054
        ],
        [
            0.11454097926616669,
            0.017415635287761688,
            -0.015447542071342468
        ],
        [
            0.10731630027294159,
            0.06383179873228073,
            0.11272168904542923
        ],
        [
            0.11171411722898483,
            0.06045076251029968,
            0.11053992062807083
        ],
        [
            0.07826514542102814,
            -0.013795372098684311,
            0.048815011978149414
        ],
        [
            0.07246440649032593,
            -0.002813529223203659,
            0.0660087913274765
        ],
        [
            0.08445723354816437,
            -0.0196843184530735,
            0.03466776758432388
        ],
        [
            0.08971308916807175,
            -0.022312093526124954,
            0.02443648874759674
        ],
        [
            0.09162637591362,
            -0.02584574744105339,
            0.016107000410556793
        ],
        [
            0.10501745343208313,
            0.03913510963320732,
            0.07715773582458496
        ],
        [
            0.09809403866529465,
            0.030249720439314842,
            0.05733909457921982
        ],
        [
            0.096101775765419,
            0.032972998917102814,
            0.03924800455570221
        ],
        [
            0.09294214844703674,
            0.0566425658762455,
            0.019397269934415817
        ],
        [
            0.08865296840667725,
            0.050251446664333344,
            0.012140698730945587
        ],
        [
            0.08857494592666626,
            0.04593673348426819,
            0.021971121430397034
        ],
        [
            0.09297415614128113,
            0.052247896790504456,
            0.02619171142578125
        ],
        [
            0.10603810101747513,
            0.06597591191530228,
            0.015106149017810822
        ],
        [
            0.10029672831296921,
            0.06570471823215485,
            0.020783476531505585
        ],
        [
            0.10386386513710022,
            0.07103978097438812,
            0.026427660137414932
        ],
        [
            0.10964955389499664,
            0.07288330793380737,
            0.021633561700582504
        ],
        [
            0.08400101959705353,
            0.0083259716629982,
            0.0822438895702362
        ],
        [
            0.09054675698280334,
            -0.001201484352350235,
            0.0728682354092598
        ],
        [
            0.08983983099460602,
            0.029916349798440933,
            -0.010357998311519623
        ],
        [
            0.0877288281917572,
            0.02311168983578682,
            -0.013648219406604767
        ],
        [
            0.08733657002449036,
            0.016423895955085754,
            -0.019007988274097443
        ],
        [
            0.08367940783500671,
            0.02249457687139511,
            0.022773802280426025
        ],
        [
            0.07768826931715012,
            0.013942543417215347,
            0.013102173805236816
        ],
        [
            0.07704369723796844,
            0.011374782770872116,
            0.016587622463703156
        ],
        [
            0.08487388491630554,
            0.02010759711265564,
            0.025021299719810486
        ],
        [
            0.08220981061458588,
            0.01886856183409691,
            0.03984898328781128
        ],
        [
            0.07324139773845673,
            0.012609492987394333,
            0.03209065645933151
        ],
        [
            0.07914724946022034,
            0.02319631725549698,
            0.05015420541167259
        ],
        [
            0.07720877230167389,
            -8.05780291557312e-06,
            0.007893770933151245
        ],
        [
            0.07657183706760406,
            -0.00016085058450698853,
            -0.0031923428177833557
        ],
        [
            0.07661271095275879,
            -0.007458854466676712,
            0.002036258578300476
        ],
        [
            0.07879132032394409,
            0.006923254579305649,
            -0.009715095162391663
        ],
        [
            0.08230996131896973,
            0.012979157269001007,
            -0.0153450146317482
        ],
        [
            0.11490225046873093,
            0.01371852308511734,
            -0.023183315992355347
        ],
        [
            0.07822075486183167,
            -0.013820666819810867,
            0.007296420633792877
        ],
        [
            0.06763026118278503,
            0.023492200300097466,
            0.06705838441848755
        ],
        [
            0.0674230307340622,
            0.024814244359731674,
            0.07522563636302948
        ],
        [
            0.07444490492343903,
            0.028058363124728203,
            0.07452720403671265
        ],
        [
            0.07523553818464279,
            0.02706700563430786,
            0.06747885048389435
        ],
        [
            0.11614750325679779,
            0.024763280525803566,
            0.09399295598268509
        ],
        [
            0.10863921046257019,
            0.026025712490081787,
            0.09239263087511063
        ],
        [
            0.10514552891254425,
            0.021543148905038834,
            0.08601661771535873
        ],
        [
            0.08066719770431519,
            0.03206205368041992,
            0.013538837432861328
        ],
        [
            0.08368256688117981,
            0.03793368861079216,
            0.002653263509273529
        ],
        [
            0.10670632869005203,
            0.040335483849048615,
            0.08481406420469284
        ],
        [
            0.11186929047107697,
            0.05298110842704773,
            0.11173193901777267
        ],
        [
            0.106780044734478,
            0.04962710663676262,
            0.11131272464990616
        ],
        [
            0.11303802579641342,
            0.03589925169944763,
            0.10308177769184113
        ],
        [
            0.11916883289813995,
            0.03950462117791176,
            0.1035671979188919
        ],
        [
            0.11298015713691711,
            0.047707874327898026,
            0.08663945645093918
        ],
        [
            0.10756558924913406,
            0.04304388165473938,
            0.08644647896289825
        ],
        [
            0.10828942805528641,
            0.04490482062101364,
            0.08686745166778564
        ],
        [
            0.11192721128463745,
            0.05060156434774399,
            0.08631806075572968
        ],
        [
            0.1125369444489479,
            0.06884542107582092,
            0.05824337154626846
        ],
        [
            0.11115026473999023,
            0.06539638340473175,
            0.05418886989355087
        ],
        [
            0.13232623040676117,
            0.04040037840604782,
            0.07879012078046799
        ],
        [
            0.13272060453891754,
            0.0286666601896286,
            0.08629593253135681
        ],
        [
            0.1285765916109085,
            0.02070172317326069,
            0.07650166749954224
        ],
        [
            0.10504540801048279,
            0.04890856891870499,
            0.051525700837373734
        ],
        [
            0.10876385122537613,
            0.05549383908510208,
            0.05860794335603714
        ],
        [
            0.10874108225107193,
            0.058005478233098984,
            0.055274173617362976
        ],
        [
            0.10719357430934906,
            0.043343476951122284,
            0.0775407999753952
        ],
        [
            0.10967936366796494,
            0.045478008687496185,
            0.08305690437555313
        ],
        [
            0.11064181476831436,
            0.04762091860175133,
            0.07895568758249283
        ],
        [
            0.10778261721134186,
            0.045951396226882935,
            0.07281608879566193
        ],
        [
            0.11244215071201324,
            0.052843064069747925,
            0.006163749843835831
        ],
        [
            0.10155448317527771,
            0.05738548934459686,
            0.006535299122333527
        ],
        [
            0.09759855270385742,
            0.053863633424043655,
            0.10853288322687149
        ],
        [
            0.09997636079788208,
            0.0516773946583271,
            0.10811316967010498
        ],
        [
            0.1010039895772934,
            0.04212576895952225,
            0.043254997581243515
        ],
        [
            0.12239575386047363,
            0.013012075796723366,
            0.06463451683521271
        ],
        [
            0.09566070884466171,
            0.03641718253493309,
            0.03491881117224693
        ],
        [
            0.12915869057178497,
            0.06885817646980286,
            0.04769221693277359
        ],
        [
            0.12190446257591248,
            0.07479777187108994,
            0.04719226062297821
        ],
        [
            0.12099414318799973,
            0.07651771605014801,
            0.051123738288879395
        ],
        [
            0.12633028626441956,
            0.0748026892542839,
            0.05339039862155914
        ],
        [
            0.10812588781118393,
            0.06154998019337654,
            0.09341011196374893
        ],
        [
            0.10285626351833344,
            0.05871649459004402,
            0.0941922664642334
        ],
        [
            0.10188314318656921,
            0.06053674966096878,
            0.09489002078771591
        ],
        [
            0.10648875683546066,
            0.06450147181749344,
            0.0951496809720993
        ],
        [
            0.10518364608287811,
            0.0380701906979084,
            0.08875008672475815
        ],
        [
            0.10523109883069992,
            0.032861046493053436,
            0.09245400875806808
        ],
        [
            0.10433347523212433,
            0.03751331940293312,
            0.09447791427373886
        ],
        [
            0.10554224252700806,
            0.04178861901164055,
            0.09019536525011063
        ],
        [
            0.1091284304857254,
            0.03058278188109398,
            0.0965198501944542
        ],
        [
            0.10776267200708389,
            0.035089585930109024,
            0.09944529086351395
        ],
        [
            0.11363372206687927,
            0.06297639012336731,
            0.0965636819601059
        ],
        [
            0.11657368391752243,
            0.0612688846886158,
            0.1034676730632782
        ],
        [
            0.12375766783952713,
            0.049983445554971695,
            0.09451815485954285
        ],
        [
            0.1182328462600708,
            0.05340970307588577,
            0.0898599624633789
        ],
        [
            0.12409526109695435,
            0.0265808068215847,
            0.016864120960235596
        ],
        [
            0.12114809453487396,
            0.03380837291479111,
            0.008739173412322998
        ],
        [
            0.12401044368743896,
            0.044541940093040466,
            0.019219618290662766
        ],
        [
            0.12803097069263458,
            0.05542617663741112,
            0.029050279408693314
        ],
        [
            0.13077720999717712,
            0.06510454416275024,
            0.03945881500840187
        ],
        [
            0.1363038867712021,
            0.05781993269920349,
            0.048296041786670685
        ],
        [
            0.12078625708818436,
            0.048596300184726715,
            0.012681476771831512
        ],
        [
            0.1211848184466362,
            0.04760505259037018,
            0.08394104242324829
        ],
        [
            0.12777000665664673,
            0.042474132031202316,
            0.08762217313051224
        ],
        [
            0.12702582776546478,
            0.04549316689372063,
            0.0830981656908989
        ],
        [
            0.09384065866470337,
            0.04195086658000946,
            0.03014717996120453
        ],
        [
            0.10232729464769363,
            0.04850805550813675,
            0.10842254757881165
        ],
        [
            0.11180394887924194,
            -0.016334347426891327,
            0.016022756695747375
        ],
        [
            0.1181328296661377,
            -0.007485110312700272,
            0.0076234787702560425
        ],
        [
            0.11869174242019653,
            -0.00391678512096405,
            0.01572350412607193
        ],
        [
            0.11063794791698456,
            -0.013568222522735596,
            0.025433361530303955
        ],
        [
            0.09914837032556534,
            0.05401913821697235,
            0.09828393161296844
        ],
        [
            0.09891319274902344,
            0.04984171688556671,
            0.1032179743051529
        ],
        [
            0.11099085211753845,
            0.07074366509914398,
            0.04997784644365311
        ],
        [
            0.11286219209432602,
            0.07306312024593353,
            0.054126493632793427
        ],
        [
            0.11487933993339539,
            0.07623368501663208,
            0.05202767625451088
        ],
        [
            0.11177561432123184,
            0.07684556394815445,
            0.04790845513343811
        ],
        [
            0.11844301223754883,
            0.036470357328653336,
            0.003997348248958588
        ],
        [
            0.11848524957895279,
            0.07839411497116089,
            0.02623649314045906
        ],
        [
            0.12750349938869476,
            0.07426866888999939,
            0.031712569296360016
        ],
        [
            0.11878177523612976,
            0.024194471538066864,
            -5.1841139793395996e-05
        ],
        [
            0.12194118648767471,
            0.017732273787260056,
            0.00672575831413269
        ],
        [
            0.12043081223964691,
            0.011816076934337616,
            -0.0009870901703834534
        ],
        [
            0.13499639928340912,
            0.0546257346868515,
            0.06332424283027649
        ],
        [
            0.12579463422298431,
            0.022672049701213837,
            0.024568744003772736
        ],
        [
            0.12277054041624069,
            0.013702332973480225,
            0.01331755518913269
        ],
        [
            0.1209937185049057,
            0.0064381323754787445,
            0.004407450556755066
        ],
        [
            0.12036442011594772,
            0.0017089247703552246,
            -0.0025276392698287964
        ],
        [
            0.11967481672763824,
            0.008099082857370377,
            -0.007705137133598328
        ],
        [
            0.11513272672891617,
            0.05735981464385986,
            0.1083710640668869
        ],
        [
            0.113306924700737,
            0.06570006906986237,
            0.10559482127428055
        ],
        [
            0.12038441002368927,
            0.0038923993706703186,
            -0.015812955796718597
        ],
        [
            0.12046939879655838,
            -0.0030797868967056274,
            -0.009538456797599792
        ],
        [
            0.12254317849874496,
            0.00820796936750412,
            0.020863249897956848
        ],
        [
            0.12041663378477097,
            0.001466803252696991,
            0.030306167900562286
        ],
        [
            0.12520721554756165,
            0.017148952931165695,
            0.03151559457182884
        ],
        [
            0.12372976541519165,
            0.011260561645030975,
            0.04161820560693741
        ],
        [
            0.14001840353012085,
            0.0459308847784996,
            0.06875769793987274
        ],
        [
            0.09717386960983276,
            0.07626285403966904,
            0.1056176945567131
        ],
        [
            0.10686962306499481,
            0.07106263190507889,
            0.10222210735082626
        ],
        [
            0.10395295172929764,
            0.06835243105888367,
            0.09772694855928421
        ],
        [
            0.09621654450893402,
            0.07527577877044678,
            0.10150235146284103
        ],
        [
            0.11072490364313126,
            0.06662627309560776,
            0.09875068813562393
        ],
        [
            0.10862573981285095,
            0.06917320191860199,
            0.10763400048017502
        ],
        [
            0.11679822951555252,
            0.003369264304637909,
            0.05303621664643288
        ],
        [
            0.11328256875276566,
            0.049451760947704315,
            0.08284077048301697
        ],
        [
            0.1092609316110611,
            -0.00816824659705162,
            0.04234664887189865
        ],
        [
            0.10802318155765533,
            0.000135030597448349,
            0.06810276210308075
        ],
        [
            0.09990260004997253,
            -0.007427135482430458,
            0.06035109609365463
        ],
        [
            0.09955748170614243,
            -0.01992971822619438,
            0.032398685812950134
        ],
        [
            0.09249232709407806,
            -0.01656235009431839,
            0.04861488938331604
        ],
        [
            0.10260093212127686,
            -0.02485423907637596,
            0.014172837138175964
        ],
        [
            0.1024537980556488,
            -0.021470796316862106,
            0.022628314793109894
        ],
        [
            0.08489497750997543,
            -0.009357847273349762,
            0.06296849250793457
        ],
        [
            0.09012265503406525,
            0.06132771074771881,
            0.1029912605881691
        ],
        [
            0.09204695373773575,
            0.06544460356235504,
            0.0989590585231781
        ],
        [
