{
    "pred_cam": [
        10.022706985473633,
        0.056841664016246796,
        -0.062406010925769806
    ],
    "pred_mano_params": {
        "global_orient": [
            [
                [
                    0.737287163734436,
                    -0.48040932416915894,
                    0.4749889075756073
                ],
                [
                    -0.4723321199417114,
                    -0.8692445755004883,
                    -0.14600084722042084
                ],
                [
                    0.48302170634269714,
                    -0.11670795828104019,
                    -0.8677956461906433
                ]
            ]
        ],
        "hand_pose": [
            [
                [
                    0.8959493637084961,
                    -0.26402878761291504,
                    -0.3571602404117584
                ],
                [
                    0.2340739220380783,
                    0.9640833139419556,
                    -0.12551043927669525
                ],
                [
                    0.37747055292129517,
                    0.02884911745786667,
                    0.9255720973014832
                ]
            ],
            [
                [
                    0.6895090937614441,
                    -0.6537160277366638,
                    0.3118215799331665
                ],
                [
                    0.7181234359741211,
                    0.6730499863624573,
                    -0.1769251823425293
                ],
                [
                    -0.09421268850564957,
                    0.34591788053512573,
                    0.9335228800773621
                ]
            ],
            [
                [
                    0.715589702129364,
                    -0.6979078054428101,
                    -0.029258640483021736
                ],
                [
                    0.6984715461730957,
                    0.715408980846405,
                    0.018097586929798126
                ],
                [
                    0.0083014452829957,
                    -0.033386774361133575,
                    0.9994080662727356
                ]
            ],
            [
                [
                    0.9015915989875793,
                    -0.39524832367897034,
                    -0.17581622302532196
                ],
                [
                    0.3855191767215729,
                    0.9185025691986084,
                    -0.08790875971317291
                ],
                [
                    0.19623345136642456,
                    0.011477273888885975,
                    0.9804900288581848
                ]
            ],
            [
                [
                    0.6988582015037537,
                    -0.6876842379570007,
                    -0.19669152796268463
                ],
                [
                    0.7138422727584839,
                    0.6532753109931946,
                    0.2523106336593628
                ],
                [
                    -0.045016348361968994,
                    -0.3167360723018646,
                    0.9474448561668396
                ]
            ],
            [
                [
                    0.8585495948791504,
                    -0.5127232670783997,
                    0.002744934055954218
                ],
                [
                    0.5123738050460815,
                    0.8581393957138062,
                    0.032708268612623215
                ],
                [
                    -0.01912582665681839,
                    -0.026675233617424965,
                    0.9994612336158752
                ]
            ],
            [
                [
                    0.6693353056907654,
                    -0.6895562410354614,
                    0.2765907049179077
                ],
                [
                    0.6289299130439758,
                    0.7240647673606873,
                    0.28315627574920654
                ],
                [
                    -0.39552175998687744,
                    -0.015570342540740967,
                    0.9183246493339539
                ]
            ],
            [
                [
                    0.9341976642608643,
                    -0.30485692620277405,
                    -0.18530215322971344
                ],
                [
                    0.34649068117141724,
                    0.8990272283554077,
                    0.2677578926086426
                ],
                [
                    0.08496382087469101,
                    -0.31434428691864014,
                    0.9454992413520813
                ]
            ],
            [
                [
                    0.898851215839386,
                    -0.26604270935058594,
                    0.3482639491558075
                ],
                [
                    0.1945679932832718,
                    0.9543012380599976,
                    0.22683145105838776
                ],
                [
                    -0.3926955461502075,
                    -0.13612671196460724,
                    0.909538209438324
                ]
            ],
            [
                [
                    0.7630308270454407,
                    -0.6446593403816223,
                    0.0468863882124424
                ],
                [
                    0.6461871862411499,
                    0.7625022530555725,
                    -0.03213120251893997
                ],
                [
                    -0.015037298202514648,
                    0.05481448024511337,
                    0.9983833432197571
                ]
            ],
            [
                [
                    0.9331849813461304,
                    -0.3385292589664459,
                    -0.12068010121583939
                ],
                [
                    0.35838478803634644,
                    0.8513526320457458,
                    0.38309144973754883
                ],
                [
                    -0.02694634720683098,
                    -0.40074509382247925,
                    0.915793240070343
                ]
            ],
            [
                [
                    0.8865999579429626,
                    -0.46222150325775146,
                    0.01708083227276802
                ],
                [
                    0.4487006962299347,
                    0.8684563636779785,
                    0.2108345776796341
                ],
                [
                    -0.11228623986244202,
                    -0.17926174402236938,
                    0.9773724675178528
                ]
            ],
            [
                [
                    0.9710233807563782,
                    -0.19586873054504395,
                    0.13692706823349
                ],
                [
                    0.1858486831188202,
                    0.2586844861507416,
                    -0.9479147791862488
                ],
                [
                    0.15024597942829132,
                    0.9458951354026794,
                    0.2875906229019165
                ]
            ],
            [
                [
                    0.9578240513801575,
                    -0.27839311957359314,
                    -0.07120722532272339
                ],
                [
                    0.2622973322868347,
                    0.7458248734474182,
                    0.6123278737068176
                ],
                [
                    -0.11735972762107849,
                    -0.6051797270774841,
                    0.7873907685279846
                ]
            ],
            [
                [
                    0.9560362696647644,
                    0.29051512479782104,
                    -0.039945706725120544
                ],
                [
                    -0.283634215593338,
                    0.9506670236587524,
                    0.12563399970531464
                ],
                [
                    0.07447364181280136,
                    -0.10878068953752518,
                    0.9912722110748291
                ]
            ]
        ],
        "betas": [
            0.00850483775138855,
            -0.07907816767692566,
            -0.004752486944198608,
            -0.01681092381477356,
            -0.00947427749633789,
            -0.01891333982348442,
            0.06671573221683502,
            -0.08761796355247498,
            0.0038832128047943115,
            -0.0503862202167511
        ]
    },
    "pred_cam_t": [
        -0.056841664016246796,
        -0.062406010925769806,
        3.897400140762329
    ],
    "focal_length": [
        5000.0,
        5000.0
    ],
    "pred_keypoints_3d": [
        [
            0.09568630903959274,
            0.006372279487550259,
            0.00620658416301012
        ],
        [
            0.09766211360692978,
            0.02744188904762268,
            -0.02595645561814308
        ],
        [
            0.10050012916326523,
            0.05678189918398857,
            -0.03469365835189819
        ],
        [
            0.09778667241334915,
            0.08282502740621567,
            -0.041635747998952866
        ],
        [
            0.09054215252399445,
            0.11008908599615097,
            -0.06407944113016129
        ],
        [
            0.04304235428571701,
            0.049486588686704636,
            -0.053574733436107635
        ],
        [
            0.017204126343131065,
            0.06919534504413605,
            -0.059335142374038696
        ],
        [
            0.017861243337392807,
            0.09130124747753143,
            -0.057501375675201416
        ],
        [
            0.031147651374340057,
            0.10936442017555237,
            -0.04669088125228882
        ],
        [
            0.02498457580804825,
            0.05287741497159004,
            -0.0363786555826664
        ],
        [
            0.0036726631224155426,
            0.07625235617160797,
            -0.038689885288476944
        ],
        [
            0.0077971830032765865,
            0.0987049788236618,
            -0.034128736704587936
        ],
        [
            0.020773399621248245,
            0.12029441446065903,
            -0.02947135828435421
        ],
        [
            0.024600714445114136,
            0.052336983382701874,
            -0.009670530445873737
        ],
        [
            0.013280653394758701,
            0.0783376544713974,
            -0.015066880732774734
        ],
        [
            0.015718454495072365,
            0.1026579737663269,
            -0.010868711397051811
        ],
        [
            0.025791948661208153,
            0.12573692202568054,
            -0.007878291420638561
        ],
        [
            0.029171675443649292,
            0.05384178087115288,
            0.011604459024965763
        ],
        [
            0.02275453507900238,
            0.0739123672246933,
            0.010144173167645931
        ],
        [
            0.02489379048347473,
            0.09238923341035843,
            0.0137630058452487
        ],
        [
            0.032492175698280334,
            0.1090913712978363,
            0.010832888074219227
        ]
    ],
    "pred_vertices": [
        [
            0.07502947747707367,
            0.04338803514838219,
            -0.029829002916812897
        ],
        [
            0.08261869847774506,
            0.03959699720144272,
            -0.02366991713643074
        ],
        [
            0.0836021900177002,
            0.04729197174310684,
            -0.027872532606124878
        ],
        [
            0.07612434029579163,
            0.04902190342545509,
            -0.036529649049043655
        ],
        [
            0.10150566697120667,
            0.042989831417798996,
            -0.013433501124382019
        ],
        [
            0.11196345835924149,
            0.0390954315662384,
            -0.017507899552583694
        ],
        [
            0.10991005599498749,
            0.053524795919656754,
            -0.02306593954563141
        ],
        [
            0.10198918730020523,
            0.05550527572631836,
            -0.0175531767308712
        ],
        [
            0.07675810158252716,
            0.0533289760351181,
            -0.04127838462591171
        ],
        [
            0.08468003571033478,
            0.05424901843070984,
            -0.030879613012075424
        ],
        [
            0.07853220403194427,
            0.054154831916093826,
            -0.04267165809869766
        ],
        [
            0.06717149913311005,
            0.04538743197917938,
            -0.05414857715368271
        ],
        [
            0.06800352782011032,
            0.049202367663383484,
            -0.05012226104736328
        ],
        [
            0.05837981030344963,
            0.04312395676970482,
            -0.05870753154158592
        ],
        [
            0.06829720735549927,
            0.034812986850738525,
            -0.054164767265319824
        ],
        [
            0.05289249122142792,
            0.03548602759838104,
            -0.057152505964040756
        ],
        [
            0.053687021136283875,
            0.01749163493514061,
            -0.03273448720574379
        ],
        [
            0.04961709305644035,
            0.016608722507953644,
            -0.01952076330780983
        ],
        [
            0.0367942750453949,
            0.025442011654376984,
            -0.025805000215768814
        ],
        [
            0.04259888827800751,
            0.026041891425848007,
            -0.038322992622852325
        ],
        [
            0.037646837532520294,
            0.0261135995388031,
            -0.0050826482474803925
        ],
        [
            0.03625316917896271,
            0.026082821190357208,
            -0.016792193055152893
        ],
        [
            0.04872612655162811,
            0.016226448118686676,
            -0.010545508936047554
        ],
        [
            0.049562424421310425,
            0.016915563493967056,
            -0.00035567954182624817
        ],
        [
            0.07346252351999283,
            0.03791142255067825,
            -0.01456647552549839
        ],
        [
            0.08129341155290604,
            0.03369928151369095,
            -0.009407367557287216
        ],
        [
            0.08132319152355194,
            0.03424742817878723,
            -0.015831533819437027
        ],
        [
            0.07441821694374084,
            0.03873622789978981,
            -0.02028687857091427
        ],
        [
            0.08946803212165833,
            0.05956898257136345,
            -0.04444236680865288
        ],
        [
            0.08683329820632935,
            0.04345886781811714,
            -0.049239277839660645
        ],
        [
            0.08068607747554779,
            0.04824977368116379,
            -0.0476071834564209
        ],
        [
            0.08759349584579468,
            0.06262528151273727,
            -0.03998717665672302
        ],
        [
            0.10085809230804443,
            0.029052166268229485,
            0.012791022658348083
        ],
        [
            0.10782917588949203,
            0.01780656725168228,
            0.015801291912794113
        ],
        [
            0.10968723893165588,
            0.016647443175315857,
            0.01024952158331871
        ],
        [
            0.10248234868049622,
            0.026690876111388206,
            0.008412763476371765
        ],
        [
            0.11396625638008118,
            0.021632026880979538,
            -0.009469360113143921
        ],
        [
            0.11650628596544266,
            0.012714855372905731,
            -0.006021410226821899
        ],
        [
            0.12035246938467026,
            0.0024327710270881653,
            -0.012981608510017395
        ],
        [
            0.11762011796236038,
            0.010322384536266327,
            -0.0190824456512928
        ],
        [
            0.11221025884151459,
            0.030365444719791412,
            -0.01397068053483963
        ],
        [
            0.11724387109279633,
            0.02220255881547928,
            -0.023042701184749603
        ],
        [
            0.11627498269081116,
            0.03332402557134628,
            -0.026082705706357956
        ],
        [
            0.11308655887842178,
            0.04987484589219093,
            -0.030811402946710587
        ],
        [
            0.10206100344657898,
            0.01737343892455101,
            0.0272467453032732
        ],
        [
            0.09648390114307404,
            0.025933992117643356,
            0.026857413351535797
        ],
        [
            0.0283960048109293,
            0.07639297842979431,
            -0.05960908904671669
        ],
        [
            0.026740536093711853,
            0.07739005982875824,
            -0.053886283189058304
        ],
        [
            0.02889338508248329,
            0.0750616267323494,
            -0.05389250069856644
        ],
        [
            0.02976999431848526,
            0.07462364435195923,
            -0.05964731425046921
        ],
        [
            0.0842103511095047,
            0.010069571435451508,
            0.03334047645330429
        ],
        [
            0.07877421379089355,
            0.0020045414566993713,
            0.030652247369289398
        ],
        [
            0.08452966064214706,
            -0.00043901801109313965,
            0.034383248537778854
        ],
        [
            0.0906481072306633,
            0.006638679653406143,
            0.03532257676124573
        ],
        [
            0.07576246559619904,
            0.014650337398052216,
            0.030614212155342102
        ],
        [
            0.07127004861831665,
            0.005880594253540039,
            0.025099921971559525
        ],
        [
            0.018110133707523346,
            0.07362893223762512,
            -0.0668749213218689
        ],
        [
            0.023064421489834785,
            0.07511419802904129,
            -0.06674027442932129
        ],
        [
            0.023513151332736015,
            0.07082521915435791,
            -0.06685333698987961
        ],
        [
            0.019126176834106445,
            0.0682620033621788,
            -0.06584355980157852
        ],
        [
            0.06856381893157959,
            0.049536094069480896,
            -0.04377659410238266
        ],
        [
            0.06810890138149261,
            0.04740596562623978,
            -0.03495507687330246
        ],
        [
            0.05281536281108856,
            0.05609080567955971,
            -0.05132313817739487
        ],
        [
            0.05827229097485542,
            0.05169440805912018,
            -0.043862901628017426
        ],
        [
            0.061299435794353485,
            0.05033329129219055,
            -0.0501742959022522
        ],
        [
            0.05548892915248871,
            0.05283519625663757,
            -0.05603417754173279
        ],
        [
            0.05424452945590019,
            0.04840998351573944,
            -0.020565524697303772
        ],
        [
            0.0633755698800087,
            0.042572587728500366,
            -0.016046812757849693
        ],
        [
            0.06396487355232239,
            0.043323010206222534,
            -0.022674748674035072
        ],
        [
            0.05497642606496811,
            0.050222091376781464,
            -0.02899484522640705
        ],
        [
            0.06164536997675896,
            0.04475140944123268,
            -0.0021678954362869263
        ],
        [
            0.05255354195833206,
            0.04990518093109131,
            -0.007779762148857117
        ],
        [
            0.052612196654081345,
            0.05048808455467224,
            0.0007714759558439255
        ],
        [
            0.059591248631477356,
            0.047581933438777924,
            0.00334833562374115
        ],
        [
            0.03792185336351395,
            0.05781266465783119,
            -0.02039363980293274
        ],
        [
            0.0316605269908905,
            0.06008804962038994,
            -0.02369849570095539
        ],
        [
            0.03131185099482536,
            0.06110154837369919,
            -0.020303895696997643
        ],
        [
            0.03747374564409256,
            0.05748871713876724,
            -0.016707736998796463
        ],
        [
            0.08985065668821335,
            -0.00388963520526886,
            0.03753535449504852
        ],
        [
            0.09681817144155502,
            0.0029124990105628967,
            0.036340970546007156
        ],
        [
            0.03991673141717911,
            0.030341431498527527,
            0.016128024086356163
        ],
        [
            0.04643614962697029,
            0.03454330191016197,
            0.024146191775798798
        ],
        [
            0.03580188751220703,
            0.04214048385620117,
            0.022262273356318474
        ],
        [
            0.031146282330155373,
            0.03534986078739166,
            0.014048250392079353
        ],
        [
            0.0757564827799797,
            -0.003995995968580246,
            0.02273518592119217
        ],
        [
            0.08023923635482788,
            -0.00720176100730896,
            0.028294704854488373
        ],
        [
            0.013294353149831295,
            0.07268351316452026,
            -0.06312002241611481
        ],
        [
            0.014985177665948868,
            0.06717154383659363,
            -0.0616067573428154
        ],
        [
            0.11276286095380783,
            0.023515980690717697,
            -0.03522057086229324
        ],
        [
            0.11096362769603729,
            0.04496356472373009,
            -0.039261311292648315
        ],
        [
            0.113347128033638,
            0.008941605687141418,
            -0.028929665684700012
        ],
        [
            0.1128949373960495,
            -0.0004473775625228882,
            -0.022791389375925064
        ],
        [
            0.11530407518148422,
            -0.007522944360971451,
            -0.01761210337281227
        ],
        [
            0.053257279098033905,
            0.054104533046483994,
            -0.04014383256435394
        ],
        [
            0.06861695647239685,
            0.04327854886651039,
            -0.026564057916402817
        ],
        [
            0.07271865010261536,
            0.03802809119224548,
            -0.009376034140586853
        ],
        [
            0.06613120436668396,
            0.046568363904953,
            0.019530441612005234
        ],
        [
            0.07487908005714417,
            0.041849710047245026,
            0.02312522940337658
        ],
        [
            0.07511252909898758,
            0.04339073598384857,
            0.012552067637443542
        ],
        [
            0.067038893699646,
            0.04667709767818451,
            0.011542359367012978
        ],
        [
            0.05145730823278427,
            0.04275029897689819,
            0.02645270712673664
        ],
        [
            0.054719261825084686,
            0.048597048968076706,
            0.021999364718794823
        ],
        [
            0.047076962888240814,
            0.05243358016014099,
            0.019456539303064346
        ],
        [
            0.04247008264064789,
            0.04800828546285629,
            0.023855922743678093
        ],
        [
            0.09576427936553955,
            0.058635178953409195,
            -0.048460833728313446
        ],
        [
            0.09380650520324707,
            0.0404234454035759,
            -0.04995916411280632
        ],
        [
            0.09103409945964813,
            0.01812635362148285,
            0.03244776278734207
        ],
        [
            0.09736794978380203,
            0.013569056987762451,
            0.03219727799296379
        ],
        [
            0.10271500051021576,
            0.007099796086549759,
            0.033583033829927444
        ],
        [
            0.09168235957622528,
            0.031352970749139786,
            0.0002993755042552948
        ],
        [
            0.10358181595802307,
            0.025051455944776535,
            0.0053097158670425415
        ],
        [
            0.1040821447968483,
            0.024864546954631805,
            0.0008915327489376068
        ],
        [
            0.09101875126361847,
            0.029918262735009193,
            -0.0035408399999141693
        ],
        [
            0.09013955295085907,
            0.03615536913275719,
            -0.01500461995601654
        ],
        [
            0.10135127604007721,
            0.032496318221092224,
            -0.009594373404979706
        ],
        [
            0.09068405628204346,
            0.046003200113773346,
            -0.017138954252004623
        ],
        [
            0.1133335679769516,
            0.014018949121236801,
            0.003374304622411728
        ],
        [
            0.11682718992233276,
            0.009731285274028778,
            0.013025760650634766
        ],
        [
            0.11968131363391876,
            0.007194008678197861,
            0.0049655623733997345
        ],
        [
            0.11260341852903366,
            0.01016942784190178,
            0.021862700581550598
        ],
        [
            0.10773739963769913,
            0.009534571319818497,
            0.02929152548313141
        ],
        [
            0.08384045958518982,
            -0.013215381652116776,
            0.03309853747487068
        ],
        [
            0.12087142467498779,
            0.004427161067724228,
            -0.002774648368358612
        ],
        [
            0.10206872224807739,
            0.06381314247846603,
            -0.02283100225031376
        ],
        [
            0.10245098918676376,
            0.07134342938661575,
            -0.027939071878790855
        ],
        [
            0.09515813738107681,
            0.07040703296661377,
            -0.02785303443670273
        ],
        [
            0.0940113216638565,
            0.06335795670747757,
            -0.02364814653992653
        ],
        [
            0.04856801778078079,
            0.044449251145124435,
            -0.06258686631917953
        ],
        [
            0.05321045592427254,
            0.0499986968934536,
            -0.06067446991801262
        ],
        [
            0.06229786574840546,
            0.04735251143574715,
            -0.05585377663373947
        ],
        [
            0.09125138074159622,
            0.03554559499025345,
            0.013878902420401573
        ],
        [
            0.08807509392499924,
            0.03273917734622955,
            0.025789884850382805
        ],
        [
            0.047543786466121674,
            0.05791279301047325,
            -0.047513365745544434
        ],
        [
            0.019921800121665,
            0.0638582855463028,
            -0.06581856310367584
        ],
        [
            0.02488117292523384,
            0.06690113991498947,
            -0.06724867224693298
        ],
        [
            0.035619743168354034,
            0.05437333509325981,
            -0.06587694585323334
        ],
        [
            0.0300087071955204,
            0.05077989399433136,
            -0.06422685831785202
        ],
        [
            0.03598852455615997,
            0.057924751192331314,
            -0.046717796474695206
        ],
        [
            0.04240360110998154,
            0.059479959309101105,
            -0.04853644594550133
        ],
        [
            0.039277154952287674,
            0.0599028579890728,
            -0.04837939143180847
        ],
        [
            0.03352253511548042,
            0.05938833951950073,
            -0.04523998871445656
        ],
        [
            0.03296726197004318,
            0.06039908155798912,
            -0.011109331622719765
        ],
        [
            0.03829061985015869,
            0.05725489929318428,
            -0.008059078827500343
        ],
        [
            0.03280477970838547,
            0.037344545125961304,
            -0.04288656637072563
        ],
        [
            0.03853810206055641,
            0.03273336961865425,
            -0.05405360460281372
        ],
        [
            0.047852449119091034,
            0.02811366505920887,
            -0.049392133951187134
        ],
        [
            0.053727973252534866,
            0.048519935458898544,
            -0.013112254440784454
        ],
        [
            0.04532536864280701,
            0.05391964316368103,
            -0.016418997198343277
        ],
        [
            0.04458748549222946,
            0.05402880162000656,
            -0.01232716254889965
        ],
        [
            0.048754721879959106,
            0.05561139062047005,
            -0.03876470774412155
        ],
        [
            0.04309789836406708,
            0.0581643208861351,
            -0.04345105215907097
        ],
        [
            0.04287499934434891,
            0.057105034589767456,
            -0.03834071755409241
        ],
        [
            0.04802931100130081,
            0.05449213832616806,
            -0.033261410892009735
        ],
        [
            0.05649033188819885,
            0.026466798037290573,
            0.027073150500655174
        ],
        [
            0.062134549021720886,
            0.03619597107172012,
            0.03006898984313011
        ],
        [
            0.026963138952851295,
            0.07587970793247223,
            -0.06419823318719864
        ],
        [
            0.027715355157852173,
            0.07312282174825668,
            -0.06447195261716843
        ],
        [
            0.06270600855350494,
            0.04281027987599373,
            -0.008854562416672707
        ],
        [
            0.05900273472070694,
            0.02191833406686783,
            -0.04326169192790985
        ],
        [
            0.07208474725484848,
            0.03860219568014145,
            -0.003907276317477226
        ],
        [
            0.024897167459130287,
            0.04405864328145981,
            -0.00217239186167717
        ],
        [
            0.027116380631923676,
            0.051567137241363525,
            0.0009884070605039597
        ],
        [
            0.024485303089022636,
            0.055482249706983566,
            -0.0021746261045336723
        ],
        [
            0.020650895312428474,
            0.05130540579557419,
            -0.004867365583777428
        ],
        [
            0.023204362019896507,
            0.06843580305576324,
            -0.04645853489637375
        ],
        [
            0.027227288112044334,
            0.07191204279661179,
            -0.048644982278347015
        ],
        [
            0.025475498288869858,
            0.07413551211357117,
            -0.04874548688530922
        ],
        [
            0.020247846841812134,
            0.07184033840894699,
            -0.04706674814224243
        ],
        [
            0.046087101101875305,
            0.05923108011484146,
            -0.05304102227091789
        ],
        [
            0.04853355512022972,
            0.056824296712875366,
            -0.05856231600046158
        ],
        [
            0.04279358685016632,
            0.06084101274609566,
            -0.05860740691423416
        ],
        [
            0.04116709530353546,
            0.06116534024477005,
            -0.05295553058385849
        ],
        [
            0.04540965333580971,
            0.053497444838285446,
            -0.0630064532160759
        ],
        [
            0.040432628244161606,
            0.05782005190849304,
            -0.06362012028694153
        ],
        [
            0.018329236656427383,
            0.06456687301397324,
            -0.04811554402112961
        ],
        [
            0.015292404219508171,
            0.062015291303396225,
            -0.05454964190721512
        ],
        [
            0.02443906106054783,
            0.050060562789440155,
            -0.05158419907093048
        ],
        [
            0.026882939040660858,
            0.05567833036184311,
            -0.046614646911621094
        ],
        [
            0.060149937868118286,
            0.007037248462438583,
            0.004046536982059479
        ],
        [
            0.06015752628445625,
            0.009970128536224365,
            0.014809958636760712
        ],
        [
            0.04945838078856468,
            0.01976514235138893,
            0.010740989819169044
        ],
        [
            0.038045767694711685,
            0.02858978882431984,
            0.007234783843159676
        ],
        [
            0.028190314769744873,
            0.03756245970726013,
            0.0028452277183532715
        ],
        [
            0.02683907002210617,
            0.03315522521734238,
            -0.00851406343281269
        ],
        [
            0.051036443561315536,
            0.021469563245773315,
            0.018589939922094345
        ],
        [
            0.03088829666376114,
            0.05162050575017929,
            -0.04476170241832733
        ],
        [
            0.031376369297504425,
            0.04318416863679886,
            -0.04943743720650673
        ],
        [
            0.02974214404821396,
            0.04490785300731659,
            -0.04451606422662735
        ],
        [
            0.07141584157943726,
            0.04118848592042923,
            0.0030670706182718277
        ],
        [
            0.02890370413661003,
            0.06996835768222809,
            -0.065543532371521
        ],
        [
            0.09428831934928894,
            -0.013507433235645294,
            -0.01502855122089386
        ],
        [
            0.08629749715328217,
            -0.01542801782488823,
            -0.003995310515165329
        ],
        [
            0.08195371180772781,
            -0.009870577603578568,
            -0.00927487388253212
        ],
        [
            0.09147367626428604,
            -0.006638925522565842,
            -0.02181176096200943
        ],
        [
            0.030621042475104332,
            0.07365094870328903,
            -0.05456718057394028
        ],
        [
            0.031674958765506744,
            0.07285455614328384,
            -0.06069616228342056
        ],
        [
            0.03636683151125908,
            0.05878737196326256,
            -0.0018668388947844505
        ],
        [
            0.03155573457479477,
            0.06099782511591911,
            -0.0055263047106564045
        ],
        [
            0.028514323756098747,
            0.060675639659166336,
            -0.0030570141971111298
        ],
        [
            0.032748423516750336,
            0.06096339970827103,
            0.0022190874442458153
        ],
        [
            0.06178438290953636,
            0.011232469230890274,
            0.020410817116498947
        ],
        [
            0.030752504244446754,
            0.0489925853908062,
            0.020636139437556267
        ],
        [
            0.02628588303923607,
            0.04244264215230942,
            0.013385899364948273
        ],
        [
            0.06948836147785187,
            0.001312345266342163,
            0.017936449497938156
        ],
        [
            0.06915271282196045,
            -0.001846998929977417,
            0.008671052753925323
        ],
        [
            0.07549948990345001,
            -0.008116751909255981,
            0.012565970420837402
        ],
        [
            0.02555714175105095,
            0.03760163113474846,
            -0.02319200709462166
        ],
        [
            0.05928216129541397,
            0.006817467510700226,
            -0.004584562033414841
        ],
        [
            0.0692841112613678,
            -0.0020752400159835815,
            0.001006104052066803
        ],
        [
            0.07686732709407806,
            -0.009594079107046127,
            0.005293030291795731
        ],
        [
            0.08167783915996552,
            -0.015295509248971939,
            0.008984081447124481
        ],
        [
            0.07979665696620941,
            -0.012969568371772766,
            0.01658903807401657
        ],
        [
            0.016640273854136467,
            0.06236236169934273,
            -0.060616385191679
        ],
        [
            0.012201549485325813,
            0.06737008690834045,
            -0.05507040023803711
        ],
        [
            0.08351341634988785,
            -0.019681882113218307,
            0.02141595631837845
        ],
        [
            0.08595646172761917,
            -0.021520644426345825,
            0.012635856866836548
        ],
        [
            0.07086222618818283,
            -0.002160683274269104,
            -0.008084803819656372
        ],
        [
            0.07419714331626892,
            -0.0007538832724094391,
            -0.019541431218385696
        ],
        [
            0.061250120401382446,
            0.006650414317846298,
            -0.013100195676088333
        ],
        [
            0.06348847597837448,
            0.008432850241661072,
            -0.024618688970804214
        ],
        [
            0.027892816811800003,
            0.03155865520238876,
            -0.03176909685134888
        ],
        [
            0.01045412290841341,
            0.08663511276245117,
            -0.0536159910261631
        ],
        [
            0.01178254559636116,
            0.07521079480648041,
            -0.05129854753613472
        ],
        [
            0.016897546127438545,
            0.07610355317592621,
            -0.04859983175992966
        ],
        [
            0.013174754567444324,
            0.0861639678478241,
            -0.05019266530871391
        ],
        [
            0.015300880186259747,
            0.06936095654964447,
            -0.04904025048017502
        ],
        [
            0.010531624779105186,
            0.07335081696510315,
            -0.05662897601723671
        ],
        [
            0.07117825001478195,
            0.013951517641544342,
            -0.037817440927028656
        ],
        [
            0.036436304450035095,
            0.05902399495244026,
            -0.04204928129911423
        ],
        [
            0.0859626829624176,
            0.006377208977937698,
            -0.03381601721048355
        ],
        [
            0.07783044129610062,
            0.026311498135328293,
            -0.0503353476524353
        ],
        [
            0.09025858342647552,
            0.022581283003091812,
            -0.04640103131532669
        ],
        [
            0.10238458961248398,
            -0.0005874037742614746,
            -0.029705289751291275
        ],
        [
            0.10338041931390762,
            0.014442894607782364,
            -0.040062349289655685
        ],
        [
            0.10675373673439026,
            -0.014236673712730408,
            -0.01664326712489128
        ],
        [
            0.10300685465335846,
            -0.008096672594547272,
            -0.022359445691108704
        ],
        [
            0.10409677028656006,
