{
    "pred_cam": [
        9.988584518432617,
        0.05527506768703461,
        -0.06534236669540405
    ],
    "pred_mano_params": {
        "global_orient": [
            [
                [
                    0.7366116642951965,
                    -0.48659607768058777,
                    0.46971002221107483
                ],
                [
                    -0.47696438431739807,
                    -0.866149365901947,
                    -0.14929921925067902
                ],
                [
                    0.47948744893074036,
                    -0.11405940353870392,
                    -0.8701047301292419
                ]
            ]
        ],
        "hand_pose": [
            [
                [
                    0.8905959725379944,
                    -0.3266914188861847,
                    -0.3164042532444
                ],
                [
                    0.3002364933490753,
                    0.9448922276496887,
                    -0.13052527606487274
                ],
                [
                    0.3416093587875366,
                    0.02124916762113571,
                    0.9396018981933594
                ]
            ],
            [
                [
                    0.7166356444358826,
                    -0.6344215869903564,
                    0.28972840309143066
                ],
                [
                    0.6932132840156555,
                    0.6936241984367371,
                    -0.19580809772014618
                ],
                [
                    -0.07673773914575577,
                    0.3411666452884674,
                    0.9368652701377869
                ]
            ],
            [
                [
                    0.7170940637588501,
                    -0.6965258717536926,
                    -0.02505694143474102
                ],
                [
                    0.6969619989395142,
                    0.7163843512535095,
                    0.032209958881139755
                ],
                [
                    -0.004484668839722872,
                    -0.04056130349636078,
                    0.9991670250892639
                ]
            ],
            [
                [
                    0.9134909510612488,
                    -0.3531612753868103,
                    -0.20201818645000458
                ],
                [
                    0.33962482213974,
                    0.9353005290031433,
                    -0.09933655709028244
                ],
                [
                    0.22402958571910858,
                    0.02213265560567379,
                    0.9743309020996094
                ]
            ],
            [
                [
                    0.6426469683647156,
                    -0.736569881439209,
                    -0.21087825298309326
                ],
                [
                    0.7642242908477783,
                    0.5966970324516296,
                    0.24477314949035645
                ],
                [
                    -0.05446210876107216,
                    -0.31846100091934204,
                    0.9463701248168945
                ]
            ],
            [
                [
                    0.8102211952209473,
                    -0.5860432982444763,
                    0.009733662009239197
                ],
                [
                    0.5852723121643066,
                    0.8098270297050476,
                    0.04045212268829346
                ],
                [
                    -0.03158928453922272,
                    -0.027078326791524887,
                    0.9991339445114136
                ]
            ],
            [
                [
                    0.5904529690742493,
                    -0.7690125703811646,
                    0.24491816759109497
                ],
                [
                    0.6905789971351624,
                    0.6384565234184265,
                    0.33981454372406006
                ],
                [
                    -0.41769132018089294,
                    -0.031509168446063995,
                    0.9080424904823303
                ]
            ],
            [
                [
                    0.9440426230430603,
                    -0.2831597924232483,
                    -0.16912741959095
                ],
                [
                    0.3172544538974762,
                    0.9198029637336731,
                    0.23089392483234406
                ],
                [
                    0.0901840403676033,
                    -0.2716301381587982,
                    0.9581668972969055
                ]
            ],
            [
                [
                    0.9054063558578491,
                    -0.21117793023586273,
                    0.36829787492752075
                ],
                [
                    0.14904798567295074,
                    0.970403254032135,
                    0.1900058388710022
                ],
                [
                    -0.3975224792957306,
                    -0.11713841557502747,
                    0.9100849032402039
                ]
            ],
            [
                [
                    0.6841233372688293,
                    -0.7289376258850098,
                    0.025003807619214058
                ],
                [
                    0.729317307472229,
                    0.6840725541114807,
                    -0.011871950700879097
                ],
                [
                    -0.008450507186353207,
                    0.026357591152191162,
                    0.999616801738739
                ]
            ],
            [
                [
                    0.9653148055076599,
                    -0.24709366261959076,
                    -0.08433252573013306
                ],
                [
                    0.26021137833595276,
                    0.8840474486351013,
                    0.38826555013656616
                ],
                [
                    -0.021383995190262794,
                    -0.3967427909374237,
                    0.9176806807518005
                ]
            ],
            [
                [
                    0.9227006435394287,
                    -0.38212451338768005,
                    0.051033224910497665
                ],
                [
                    0.366224467754364,
                    0.9101634621620178,
                    0.19360290467739105
                ],
                [
                    -0.12042897939682007,
                    -0.15994790196418762,
                    0.9797517657279968
                ]
            ],
            [
                [
                    0.9697284698486328,
                    -0.21216607093811035,
                    0.12088128179311752
                ],
                [
                    0.17388413846492767,
                    0.25243493914604187,
                    -0.9518619179725647
                ],
                [
                    0.17143814265727997,
                    0.9440668821334839,
                    0.28168565034866333
                ]
            ],
            [
                [
                    0.9451686143875122,
                    -0.32130637764930725,
                    -0.058467645198106766
                ],
                [
                    0.2884264290332794,
                    0.737278163433075,
                    0.6109263896942139
                ],
                [
                    -0.15318764746189117,
                    -0.5942921042442322,
                    0.7895254492759705
                ]
            ],
            [
                [
                    0.9624454379081726,
                    0.27107322216033936,
                    0.014767307788133621
                ],
                [
                    -0.2714703679084778,
                    0.9613262414932251,
                    0.0464281402528286
                ],
                [
                    -0.001610776991583407,
                    -0.04869343712925911,
                    0.9988123774528503
                ]
            ]
        ],
        "betas": [
            0.014308065176010132,
            -0.04302150011062622,
            -0.020303934812545776,
            -0.02555987238883972,
            0.00014066696166992188,
            -0.019732285290956497,
            0.08435194194316864,
            -0.09390309453010559,
            0.022405415773391724,
            -0.05197089910507202
        ]
    },
    "pred_cam_t": [
        -0.05527506768703461,
        -0.06534236669540405,
        3.9107141494750977
    ],
    "focal_length": [
        5000.0,
        5000.0
    ],
    "pred_keypoints_3d": [
        [
            0.09567100554704666,
            0.006365155801177025,
            0.006199944764375687
        ],
        [
            0.09759702533483505,
            0.027414316311478615,
            -0.02596498280763626
        ],
        [
            0.09996254742145538,
            0.05687011405825615,
            -0.03441721946001053
        ],
        [
            0.09778240323066711,
            0.08321060985326767,
            -0.04033690690994263
        ],
        [
            0.09377364814281464,
            0.11234630644321442,
            -0.061354827135801315
        ],
        [
            0.043012335896492004,
            0.049802906811237335,
            -0.053357068449258804
        ],
        [
            0.01891709305346012,
            0.07144970446825027,
            -0.05975044146180153
        ],
        [
            0.020345238968729973,
            0.09350129961967468,
            -0.057706598192453384
        ],
        [
            0.034170135855674744,
            0.11098706722259521,
            -0.04667884111404419
        ],
        [
            0.02506455034017563,
            0.05329092592000961,
            -0.03606036677956581
        ],
        [
            0.002660544589161873,
            0.07566594332456589,
            -0.03780187666416168
        ],
        [
            0.0075277648866176605,
            0.09787516295909882,
            -0.03283819928765297
        ],
        [
            0.023049714043736458,
            0.11759042739868164,
            -0.028380244970321655
        ],
        [
            0.024831600487232208,
            0.05275429040193558,
            -0.00934181734919548
        ],
        [
            0.01640917733311653,
            0.08009305596351624,
            -0.013118407689034939
        ],
        [
            0.019446155056357384,
            0.10432509332895279,
            -0.008852791972458363
        ],
        [
            0.027926241979002953,
            0.12817415595054626,
            -0.006648266687989235
        ],
        [
            0.029537826776504517,
            0.054245829582214355,
            0.011912241578102112
        ],
        [
            0.025627747178077698,
            0.07497517019510269,
            0.011082989163696766
        ],
        [
            0.029162902384996414,
            0.09318102896213531,
            0.014914168044924736
        ],
        [
            0.03726920858025551,
            0.10969548672437668,
            0.011768287979066372
        ]
    ],
    "pred_vertices": [
        [
            0.07499787956476212,
            0.04342605173587799,
            -0.02965841069817543
        ],
        [
            0.0826069712638855,
            0.039510857313871384,
            -0.023459522053599358
        ],
        [
            0.0834932029247284,
            0.04715197905898094,
            -0.027537161484360695
        ],
        [
            0.07603070139884949,
            0.04902229085564613,
            -0.036281004548072815
        ],
        [
            0.10158645361661911,
            0.042824871838092804,
            -0.013354256749153137
        ],
        [
            0.11202814429998398,
            0.03901626914739609,
            -0.01767273247241974
        ],
        [
            0.10979762673377991,
            0.05352351814508438,
            -0.023053836077451706
        ],
        [
            0.10191874206066132,
            0.05532369017601013,
            -0.017281126230955124
        ],
        [
            0.07658855617046356,
            0.05333589017391205,
            -0.04089973121881485
        ],
        [
            0.08450286090373993,
            0.054100602865219116,
            -0.03044871613383293
        ],
        [
            0.0782669186592102,
            0.05430210381746292,
            -0.04210001975297928
        ],
        [
            0.06691480427980423,
            0.04556587338447571,
            -0.05382050946354866
        ],
        [
            0.06785134971141815,
            0.04934116452932358,
            -0.04985213279724121
        ],
        [
            0.05819398909807205,
            0.043308623135089874,
            -0.05844700336456299
        ],
        [
            0.06794064491987228,
            0.03502894192934036,
            -0.05388563126325607
        ],
        [
            0.05260038375854492,
            0.035733699798583984,
            -0.05697175860404968
        ],
        [
            0.05353708565235138,
            0.01773299276828766,
            -0.032573822885751724
        ],
        [
            0.04950714856386185,
            0.016858365386724472,
            -0.019346065819263458
        ],
        [
            0.0367036834359169,
            0.025774821639060974,
            -0.02559558115899563
        ],
        [
            0.04246707633137703,
            0.026357309892773628,
            -0.03812618926167488
        ],
        [
            0.037401363253593445,
            0.02644224464893341,
            -0.004867779091000557
        ],
        [
            0.03608964383602142,
            0.02643173187971115,
            -0.016594436019659042
        ],
        [
            0.0486319437623024,
            0.01648784428834915,
            -0.010369688272476196
        ],
        [
            0.04948145151138306,
            0.017174437642097473,
            -0.00018166936933994293
        ],
        [
            0.07351486384868622,
            0.038010016083717346,
            -0.014462379738688469
        ],
        [
            0.08136047422885895,
            0.03374837711453438,
            -0.009325724095106125
        ],
        [
            0.08136804401874542,
            0.03424336761236191,
            -0.015714135020971298
        ],
        [
            0.07444249093532562,
            0.038809217512607574,
            -0.020170992240309715
        ],
        [
            0.08898917585611343,
            0.06010136753320694,
            -0.043751247227191925
        ],
        [
            0.08629395812749863,
            0.04378918558359146,
            -0.04890158399939537
        ],
        [
            0.08025475591421127,
            0.048536185175180435,
            -0.04711487889289856
        ],
        [
            0.08724777400493622,
            0.06302616000175476,
            -0.039185259491205215
        ],
        [
            0.10100231319665909,
            0.02900967001914978,
            0.012766629457473755
        ],
        [
            0.10791944712400436,
            0.017730601131916046,
            0.015747427940368652
        ],
        [
            0.1097521111369133,
            0.016564905643463135,
            0.010186165571212769
        ],
        [
            0.10261215269565582,
            0.026639193296432495,
            0.008378185331821442
        ],
        [
            0.11403387039899826,
            0.02156633511185646,
            -0.009613186120986938
        ],
        [
            0.11650578677654266,
            0.012635376304388046,
            -0.0061476342380046844
        ],
        [
            0.12022699415683746,
            0.0023550204932689667,
            -0.01311606913805008
        ],
        [
            0.11751236021518707,
            0.010309386998414993,
            -0.019234362989664078
        ],
        [
            0.11231807619333267,
            0.030289020389318466,
            -0.014120999723672867
        ],
        [
            0.11717601120471954,
            0.022210966795682907,
            -0.0232681967318058
        ],
        [
            0.1161612793803215,
            0.03338578715920448,
            -0.026405874639749527
        ],
        [
            0.11286640912294388,
            0.050133347511291504,
            -0.030946187674999237
        ],
        [
            0.10219418257474899,
            0.01731972023844719,
            0.0272138062864542
        ],
        [
            0.09666576981544495,
            0.02591662108898163,
            0.026849040761590004
        ],
        [
            0.030342280864715576,
            0.07814300060272217,
            -0.05977839231491089
        ],
        [
            0.028612682595849037,
            0.07916577160358429,
            -0.05408567190170288
        ],
        [
            0.03073067031800747,
            0.07657800614833832,
            -0.05407530814409256
        ],
        [
            0.031691137701272964,
            0.07613777369260788,
            -0.0598018541932106
        ],
        [
            0.08432231098413467,
            0.010115239769220352,
            0.03338862955570221
        ],
        [
            0.0788366049528122,
            0.0020868033170700073,
            0.03071114793419838
        ],
        [
            0.08459728211164474,
            -0.0003925897181034088,
            0.0344109982252121
        ],
        [
            0.09075438231229782,
            0.006649546325206757,
            0.03533785045146942
        ],
        [
            0.07587368786334991,
            0.014728039503097534,
            0.030713964253664017
        ],
        [
            0.07131631672382355,
            0.005998656153678894,
            0.02520396001636982
        ],
        [
            0.02009500190615654,
            0.07588174939155579,
            -0.06725918501615524
        ],
        [
            0.025111181661486626,
            0.0771416574716568,
            -0.06702882796525955
        ],
        [
            0.025391316041350365,
            0.07272264361381531,
            -0.06715448945760727
        ],
        [
            0.02084929496049881,
            0.07037177681922913,
            -0.0662478655576706
        ],
        [
            0.0684991106390953,
            0.04964589327573776,
            -0.043582312762737274
        ],
        [
            0.06810681521892548,
            0.04751668870449066,
            -0.034804247319698334
        ],
        [
            0.05305536091327667,
            0.05615908280014992,
            -0.050926752388477325
        ],
        [
            0.05828755348920822,
            0.05184386298060417,
            -0.04366171360015869
        ],
        [
            0.06127311289310455,
            0.05042903497815132,
            -0.04992615804076195
        ],
        [
            0.055686481297016144,
            0.05291327089071274,
            -0.055636875331401825
        ],
        [
            0.054349686950445175,
            0.0485883466899395,
            -0.02038596197962761
        ],
        [
            0.06345949321985245,
            0.04271417111158371,
            -0.015907587483525276
        ],
        [
            0.06401979923248291,
            0.04346439614892006,
            -0.022538593038916588
        ],
        [
            0.05505513399839401,
            0.05041005462408066,
            -0.02882152423262596
        ],
        [
            0.06183526664972305,
            0.044880110770463943,
            -0.002011699602007866
        ],
        [
            0.052758339792490005,
            0.050040729343891144,
            -0.007583340629935265
        ],
        [
            0.05290340259671211,
            0.05058140307664871,
            0.000975489616394043
        ],
        [
            0.05984873324632645,
            0.047707363963127136,
            0.003515062853693962
        ],
        [
            0.038213394582271576,
            0.058123357594013214,
            -0.0201724823564291
        ],
        [
            0.03193484991788864,
            0.06049737706780434,
            -0.02342475950717926
        ],
        [
            0.032022006809711456,
            0.06135318800806999,
            -0.019885890185832977
        ],
        [
            0.037863411009311676,
            0.05766182020306587,
            -0.016491569578647614
        ],
        [
            0.08991295844316483,
            -0.0038746558129787445,
            0.03754022344946861
        ],
        [
            0.09691068530082703,
            0.0028893612325191498,
            0.036332570016384125
        ],
        [
            0.03977992758154869,
            0.030621811747550964,
            0.016431909054517746
        ],
        [
            0.04646903648972511,
            0.03468354418873787,
            0.02439196966588497
        ],
        [
            0.03585320711135864,
            0.0424075648188591,
            0.02251465618610382
        ],
        [
            0.030811456963419914,
            0.03568755462765694,
            0.014316702261567116
        ],
        [
            0.07575052976608276,
            -0.0038905739784240723,
            0.022808697074651718
        ],
        [
            0.08024607598781586,
            -0.00712025910615921,
            0.028340741991996765
        ],
        [
            0.015157269313931465,
            0.07513043284416199,
            -0.0635984018445015
        ],
        [
            0.016587456688284874,
            0.06947463005781174,
            -0.06208403408527374
        ],
        [
            0.11249132454395294,
            0.02368300035595894,
            -0.03551280498504639
        ],
        [
            0.1105959415435791,
            0.045375607907772064,
            -0.03943915292620659
        ],
        [
            0.11314502358436584,
            0.009009409695863724,
            -0.02914055436849594
        ],
        [
            0.11270108073949814,
            -0.00043674930930137634,
            -0.022940844297409058
        ],
        [
            0.11509694159030914,
            -0.0075728073716163635,
            -0.017735466361045837
        ],
        [
            0.05329496040940285,
            0.05424514412879944,
            -0.03990774601697922
        ],
        [
            0.06863883137702942,
            0.04338973015546799,
            -0.02643483877182007
        ],
        [
            0.07280752062797546,
            0.03813839331269264,
            -0.009274903684854507
        ],
        [
            0.06643354892730713,
            0.046662911772727966,
            0.01968197524547577
        ],
        [
            0.07513780891895294,
            0.04192974418401718,
            0.023224441334605217
        ],
        [
            0.07535648345947266,
            0.043484099209308624,
            0.012647302821278572
        ],
        [
            0.067324697971344,
            0.04678456857800484,
            0.011678848415613174
        ],
        [
            0.051660098135471344,
            0.04284504055976868,
            0.02669704146683216
        ],
        [
            0.05505290627479553,
            0.04864946007728577,
            0.0222450140863657
        ],
        [
            0.047589994966983795,
            0.05239110440015793,
            0.019768333062529564
        ],
        [
            0.04274901747703552,
            0.04807170853018761,
            0.02415107563138008
        ],
        [
            0.09519150108098984,
            0.059241656213998795,
            -0.047945328056812286
        ],
        [
            0.09324249625205994,
            0.04076966643333435,
            -0.04979202523827553
        ],
        [
            0.09118614345788956,
            0.01813420280814171,
            0.03246887028217316
        ],
        [
            0.09749753028154373,
            0.013541314750909805,
            0.032190460711717606
        ],
        [
            0.10281922668218613,
            0.0070455558598041534,
            0.03354708105325699
        ],
        [
            0.09181007742881775,
            0.03135301172733307,
            0.0003136247396469116
        ],
        [
            0.10370457172393799,
            0.024993080645799637,
            0.005261808633804321
        ],
        [
            0.10420773178339005,
            0.024797659367322922,
            0.0008274875581264496
        ],
        [
            0.09114201366901398,
            0.02989637479186058,
            -0.0035166144371032715
        ],
        [
            0.0902431309223175,
            0.03598286956548691,
            -0.014830294996500015
        ],
        [
            0.101540207862854,
            0.03235519677400589,
            -0.009598787873983383
        ],
        [
            0.09066091477870941,
            0.04578198492527008,
            -0.016820523887872696
        ],
        [
            0.11336414515972137,
            0.013924170285463333,
            0.0032814964652061462
        ],
        [
            0.11685630679130554,
            0.009605754166841507,
            0.012926731258630753
        ],
        [
            0.11966292560100555,
            0.00706104189157486,
            0.004853472113609314
        ],
        [
            0.11267556250095367,
            0.010065637528896332,
            0.021781791001558304
        ],
        [
            0.10783794522285461,
            0.00945376232266426,
            0.029230821877717972
        ],
        [
            0.0838407427072525,
            -0.013158254325389862,
            0.03312690928578377
        ],
        [
            0.12080371379852295,
            0.0043034739792346954,
            -0.0028916597366333008
        ],
        [
            0.10201016813516617,
            0.06370440125465393,
            -0.022378847002983093
        ],
        [
            0.10248175263404846,
            0.07135799527168274,
            -0.02719816006720066
        ],
        [
            0.09513867646455765,
            0.07046156376600266,
            -0.027001194655895233
        ],
        [
            0.09389598667621613,
            0.06319977343082428,
            -0.02302013337612152
        ],
        [
            0.048662569373846054,
            0.04479736462235451,
            -0.062294814735651016
        ],
        [
            0.05343598499894142,
            0.0501912422478199,
            -0.060291387140750885
        ],
        [
            0.06218472123146057,
            0.04747312515974045,
            -0.05558183789253235
        ],
        [
            0.09144113212823868,
            0.035568222403526306,
            0.013902634382247925
        ],
        [
            0.08829951286315918,
            0.03277701511979103,
            0.02581731416285038
        ],
        [
            0.04780451953411102,
            0.05808549001812935,
            -0.04714134335517883
        ],
        [
            0.021432239562273026,
            0.0658407211303711,
            -0.06616940349340439
        ],
        [
            0.0265943706035614,
            0.06858226656913757,
            -0.06748642027378082
        ],
        [
            0.036656808108091354,
            0.05526008456945419,
            -0.06579406559467316
        ],
        [
            0.03076513111591339,
            0.0520285964012146,
            -0.06429050117731094
        ],
        [
            0.03625000640749931,
            0.05865953117609024,
            -0.04654638096690178
        ],
        [
            0.04296993836760521,
            0.05990590527653694,
            -0.048220232129096985
        ],
        [
            0.04000547155737877,
            0.060544662177562714,
            -0.04815712571144104
        ],
        [
            0.03412309288978577,
            0.0604122094810009,
            -0.04518681392073631
        ],
        [
            0.03395017236471176,
            0.060535356402397156,
            -0.010715799406170845
        ],
        [
            0.03888896107673645,
            0.057308945804834366,
            -0.007881850004196167
        ],
        [
            0.03271353989839554,
            0.037806905806064606,
            -0.04266859591007233
        ],
        [
            0.03816916421055794,
            0.033184997737407684,
            -0.0539243146777153
        ],
        [
            0.04759242758154869,
            0.028392493724822998,
            -0.04924783483147621
        ],
        [
            0.05387675017118454,
            0.048674557358026505,
            -0.012928424403071404
        ],
        [
            0.04552731662988663,
            0.05411006510257721,
            -0.016209222376346588
        ],
        [
            0.04484977573156357,
            0.05417192354798317,
            -0.012117023579776287
        ],
        [
            0.048810526728630066,
            0.05581095069646835,
            -0.038521356880664825
        ],
        [
            0.04321293160319328,
            0.05847017094492912,
            -0.04316378012299538
        ],
        [
            0.04293442890048027,
            0.05745889991521835,
            -0.03812611475586891
        ],
        [
            0.04812656342983246,
            0.054743893444538116,
            -0.03305457904934883
        ],
        [
            0.056562572717666626,
            0.026606187224388123,
            0.027269959449768066
        ],
        [
            0.062336139380931854,
            0.036302074790000916,
            0.030240017920732498
        ],
        [
            0.028978651389479637,
            0.07771838456392288,
            -0.06439509987831116
        ],
        [
            0.029658805578947067,
            0.07476627826690674,
            -0.06466712802648544
        ],
        [
            0.06283679604530334,
            0.042943935841321945,
            -0.008708298206329346
        ],
        [
            0.05876871943473816,
            0.022136036306619644,
            -0.043095871806144714
        ],
        [
            0.072211354970932,
            0.03871538117527962,
            -0.003801349550485611
        ],
        [
            0.02511441707611084,
            0.04471153765916824,
            -0.0018995776772499084
        ],
        [
            0.02788946032524109,
            0.052322763949632645,
            0.0013211946934461594
        ],
        [
            0.025656331330537796,
            0.05623052641749382,
            -0.0015612770803272724
        ],
        [
            0.021534590050578117,
            0.05229676887392998,
            -0.004276544786989689
        ],
        [
            0.024474598467350006,
            0.07020306587219238,
            -0.04675513133406639
        ],
        [
            0.02878294326364994,
            0.07340934872627258,
            -0.04883085936307907
        ],
        [
            0.027151156216859818,
            0.07583414763212204,
            -0.049012571573257446
        ],
        [
            0.021777961403131485,
            0.07381989061832428,
            -0.04744837433099747
        ],
        [
            0.04680875316262245,
            0.05950605869293213,
            -0.05262419581413269
        ],
        [
            0.049252595752477646,
            0.057078223675489426,
            -0.05811522156000137
        ],
        [
            0.043949320912361145,
            0.061309564858675,
            -0.05827801302075386
        ],
        [
            0.042144060134887695,
            0.061711013317108154,
            -0.05265796184539795
        ],
        [
            0.04618379473686218,
            0.05391334742307663,
            -0.06266164034605026
        ],
        [
            0.041600219905376434,
            0.05842333287000656,
            -0.06339175254106522
        ],
        [
            0.019416268914937973,
            0.06664440780878067,
            -0.048544641584157944
        ],
        [
            0.016409587115049362,
            0.06426676362752914,
            -0.05503970757126808
        ],
        [
            0.024746060371398926,
            0.0516943596303463,
            -0.051791589707136154
        ],
        [
            0.027321550995111465,
            0.057187847793102264,
            -0.04675566777586937
        ],
        [
            0.06009058281779289,
            0.007231969386339188,
            0.004189502447843552
        ],
        [
            0.0601501390337944,
            0.010151401162147522,
            0.014956211671233177
        ],
        [
            0.04940854385495186,
            0.020008765161037445,
            0.010925937443971634
        ],
        [
            0.03785209357738495,
            0.02893262729048729,
            0.007456967607140541
        ],
        [
            0.027906373143196106,
            0.037962090224027634,
            0.0030595390126109123
        ],
        [
            0.02647048979997635,
            0.03360456973314285,
            -0.008304468356072903
        ],
        [
            0.051034096628427505,
            0.021686803549528122,
            0.018794337287545204
        ],
        [
            0.030623681843280792,
            0.052099116146564484,
            -0.044597260653972626
        ],
        [
            0.031246410682797432,
            0.04404544085264206,
            -0.049311649054288864
        ],
        [
            0.029554152861237526,
            0.04531022161245346,
            -0.04429216682910919
        ],
        [
            0.07159677892923355,
            0.041296616196632385,
            0.003180384635925293
        ],
        [
            0.030768919736146927,
            0.07136977463960648,
            -0.06567380577325821
        ],
        [
            0.09406030178070068,
            -0.013479135930538177,
            -0.01504819467663765
        ],
        [
            0.08611740171909332,
            -0.015363935381174088,
            -0.0039688050746917725
        ],
        [
            0.08177507668733597,
            -0.00978495180606842,
            -0.009233195334672928
        ],
        [
            0.09124255180358887,
            -0.006584528833627701,
            -0.021835610270500183
        ],
        [
            0.03245091438293457,
            0.07490915060043335,
            -0.05463981628417969
        ],
        [
            0.033608175814151764,
            0.0740651786327362,
            -0.060753487050533295
        ],
        [
            0.0372978113591671,
            0.05892016738653183,
            -0.001644621603190899
        ],
        [
            0.03278886154294014,
            0.061284344643354416,
            -0.005086297169327736
        ],
        [
            0.02997775189578533,
            0.06112448126077652,
            -0.002391145098954439
        ],
        [
            0.034123338758945465,
            0.061258479952812195,
            0.0025692488998174667
        ],
        [
            0.061805181205272675,
            0.011400792747735977,
            0.020565900951623917
        ],
        [
            0.03133857995271683,
            0.04973607882857323,
            0.020953189581632614
        ],
        [
            0.026362236589193344,
            0.04321605712175369,
            0.013536406680941582
        ],
        [
            0.06947961449623108,
            0.001452375203371048,
            0.018041130155324936
        ],
        [
            0.06909182667732239,
            -0.0016968660056591034,
            0.008776392787694931
        ],
        [
            0.07543272525072098,
            -0.007999416440725327,
            0.012642215937376022
        ],
        [
            0.025590546429157257,
            0.038118261843919754,
            -0.022938722744584084
        ],
        [
            0.059192560613155365,
            0.007017612457275391,
            -0.004442911595106125
        ],
        [
            0.06918855011463165,
            -0.0019277594983577728,
            0.0011082105338573456
        ],
        [
            0.07676007598638535,
            -0.009484145790338516,
            0.00536176934838295
        ],
        [
            0.08155861496925354,
            -0.015207130461931229,
            0.009031858295202255
        ],
        [
            0.0797245055437088,
            -0.012875255197286606,
            0.0166418869048357
        ],
        [
            0.017935367301106453,
            0.06454259157180786,
            -0.061058711260557175
        ],
        [
            0.013701201416552067,
            0.06981111317873001,
            -0.05561279505491257
        ],
        [
            0.0834285169839859,
            -0.019610054790973663,
            0.021451611071825027
        ],
        [
            0.08582077920436859,
            -0.02145586535334587,
            0.012665800750255585
        ],
        [
            0.07072891294956207,
            -0.002018451690673828,
            -0.007988587021827698
        ],
        [
            0.07401289790868759,
            -0.0006225109100341797,
            -0.019468415528535843
        ],
        [
            0.06113511323928833,
            0.00684656947851181,
            -0.012966249138116837
        ],
        [
            0.06333565711975098,
            0.008623018860816956,
            -0.024495379999279976
        ],
        [
            0.027996141463518143,
            0.031969569623470306,
            -0.03149718791246414
        ],
        [
            0.012674631550908089,
            0.08910076320171356,
            -0.054044436663389206
        ],
        [
            0.013528133742511272,
            0.07764700055122375,
            -0.051825303584337234
        ],
        [
            0.01861264742910862,
            0.07828611135482788,
            -0.04900794476270676
        ],
        [
            0.015299953520298004,
            0.0885021761059761,
            -0.05057679861783981
        ],
        [
            0.016749251633882523,
            0.07160882651805878,
            -0.04952598735690117
        ],
        [
            0.012305197305977345,
            0.07589374482631683,
            -0.05717632174491882
        ],
        [
            0.07093256711959839,
            0.014110308140516281,
            -0.03771538659930229
        ],
        [
            0.03629540279507637,
            0.059534136205911636,
            -0.04188389331102371
        ],
        [
            0.08569394052028656,
            0.006492588669061661,
            -0.03381484001874924
        ],
        [
            0.07740815728902817,
            0.02653096616268158,
            -0.0501483753323555
        ],
        [
            0.08983862400054932,
            0.022763855755329132,
            -0.04636106640100479
        ],
        [
            0.1021287813782692,
            -0.0005076900124549866,
            -0.029819980263710022
        ],
        [
            0.10302813351154327,
            0.014605734497308731,
            -0.04021104425191879
        ],
        [
            0.10651497542858124,
            -0.014263410121202469,
            -0.016716890037059784
        ],
        [
            0.10277459025382996,
            -0.008072394877672195,
            -0.022439591586589813
        ],
        [
