{
    "pred_cam": [
        9.91901969909668,
        0.050081975758075714,
        -0.06704828888177872
    ],
    "pred_mano_params": {
        "global_orient": [
            [
                [
                    0.7434437870979309,
                    -0.5257898569107056,
                    0.41332370042800903
                ],
                [
                    -0.4804338812828064,
                    -0.849794328212738,
                    -0.21687051653862
                ],
                [
                    0.46526849269866943,
                    -0.037343695759773254,
                    -0.8843815922737122
                ]
            ]
        ],
        "hand_pose": [
            [
                [
                    0.9072222113609314,
                    -0.2658367455005646,
                    -0.3260040879249573
                ],
                [
                    0.2304217368364334,
                    0.9624396562576294,
                    -0.1435813307762146
                ],
                [
                    0.3519285023212433,
                    0.05514173209667206,
                    0.9344012141227722
                ]
            ],
            [
                [
                    0.8017976880073547,
                    -0.5512530207633972,
                    0.23073916137218475
                ],
                [
                    0.5948618650436401,
                    0.7731258273124695,
                    -0.22003600001335144
                ],
                [
                    -0.05709487572312355,
                    0.31368228793144226,
                    0.9478098750114441
                ]
            ],
            [
                [
                    0.7555688619613647,
                    -0.6547746658325195,
                    -0.01964387856423855
                ],
                [
                    0.6550130844116211,
                    0.7547712922096252,
                    0.03575235605239868
                ],
                [
                    -0.00858310330659151,
                    -0.039880361407995224,
                    0.9991676807403564
                ]
            ],
            [
                [
                    0.9205806255340576,
                    -0.3408900797367096,
                    -0.1905919313430786
                ],
                [
                    0.32496657967567444,
                    0.9392671585083008,
                    -0.11033491045236588
                ],
                [
                    0.21662884950637817,
                    0.03963616490364075,
                    0.9754490256309509
                ]
            ],
            [
                [
                    0.7110230326652527,
                    -0.6712595224380493,
                    -0.20942048728466034
                ],
                [
                    0.7030289173126221,
                    0.6726837158203125,
                    0.23075300455093384
                ],
                [
                    -0.014021399430930614,
                    -0.3112993538379669,
                    0.9502084851264954
                ]
            ],
            [
                [
                    0.8336924910545349,
                    -0.5499224066734314,
                    0.050420187413692474
                ],
                [
                    0.5499742031097412,
                    0.8350627422332764,
                    0.014089863747358322
                ],
                [
                    -0.04985235631465912,
                    0.015983188524842262,
                    0.9986286759376526
                ]
            ],
            [
                [
                    0.48359766602516174,
                    -0.8707906603813171,
                    0.08864026516675949
                ],
                [
                    0.7282173037528992,
                    0.4564574360847473,
                    0.511220395565033
                ],
                [
                    -0.48562636971473694,
                    -0.1826755553483963,
                    0.8548665642738342
                ]
            ],
            [
                [
                    0.9429084658622742,
                    -0.28394412994384766,
                    -0.1740671545267105
                ],
                [
                    0.2899187505245209,
                    0.9570053815841675,
                    0.009368577972054482
                ],
                [
                    0.16392306983470917,
                    -0.0592990443110466,
                    0.9846891760826111
                ]
            ],
            [
                [
                    0.9457241892814636,
                    -0.04172586277127266,
                    0.32228052616119385
                ],
                [
                    -0.029798319563269615,
                    0.9764100313186646,
                    0.213858962059021
                ],
                [
                    -0.3236013352870941,
                    -0.21185502409934998,
                    0.9221712350845337
                ]
            ],
            [
                [
                    0.7387394309043884,
                    -0.6731457114219666,
                    0.03374588117003441
                ],
                [
                    0.6738924384117126,
                    0.7385615110397339,
                    -0.019895154982805252
                ],
                [
                    -0.011531069874763489,
                    0.03743842989206314,
                    0.999232292175293
                ]
            ],
            [
                [
                    0.9730125665664673,
                    -0.1970922201871872,
                    -0.12000495940446854
                ],
                [
                    0.22748690843582153,
                    0.9064971804618835,
                    0.3556859493255615
                ],
                [
                    0.038681235164403915,
                    -0.3733864426612854,
                    0.9268690347671509
                ]
            ],
            [
                [
                    0.8997594714164734,
                    -0.4292689561843872,
                    0.07849239557981491
                ],
                [
                    0.40880733728408813,
                    0.8920782208442688,
                    0.19254370033740997
                ],
                [
                    -0.1526743769645691,
                    -0.14115475118160248,
                    0.978144109249115
                ]
            ],
            [
                [
                    0.9435663223266602,
                    -0.3144513666629791,
                    0.10393644124269485
                ],
                [
                    0.15288500487804413,
                    0.13518176972866058,
                    -0.9789544939994812
                ],
                [
                    0.2937833070755005,
                    0.9395989179611206,
                    0.17562785744667053
                ]
            ],
            [
                [
                    0.9436075687408447,
                    -0.32630136609077454,
                    -0.055966515094041824
                ],
                [
                    0.286393404006958,
                    0.7197269797325134,
                    0.6324334144592285
                ],
                [
                    -0.16608324646949768,
                    -0.6127973198890686,
                    0.7725903987884521
                ]
            ],
            [
                [
                    0.9606710076332092,
                    0.25757285952568054,
                    0.10376665741205215
                ],
                [
                    -0.2605814039707184,
                    0.9653137922286987,
                    0.01632876507937908
                ],
                [
                    -0.09596153348684311,
                    -0.04272622987627983,
                    0.9944676756858826
                ]
            ]
        ],
        "betas": [
            0.018293797969818115,
            -0.01538899540901184,
            -0.06039029359817505,
            -0.024036675691604614,
            0.03187069296836853,
            -0.017062421888113022,
            0.06249894201755524,
            -0.07733848690986633,
            0.0368335098028183,
            -0.059838831424713135
        ]
    },
    "pred_cam_t": [
        -0.050081975758075714,
        -0.06704828888177872,
        3.938141107559204
    ],
    "focal_length": [
        5000.0,
        5000.0
    ],
    "pred_keypoints_3d": [
        [
            0.09568145126104355,
            0.00636815233156085,
            0.006193719804286957
        ],
        [
            0.09656275063753128,
            0.02550908550620079,
            -0.027187425643205643
        ],
        [
            0.09773457050323486,
            0.05567454174160957,
            -0.03305598348379135
        ],
        [
            0.094864122569561,
            0.08236566185951233,
            -0.03674484044313431
        ],
        [
            0.0918254405260086,
            0.11272384971380234,
            -0.05631823092699051
        ],
        [
            0.0414494052529335,
            0.04863642156124115,
            -0.05283720791339874
        ],
        [
            0.01632392406463623,
            0.0691346824169159,
            -0.05916717275977135
        ],
        [
            0.014208881184458733,
            0.09123717993497849,
            -0.05868888273835182
        ],
        [
            0.024664193391799927,
            0.11236308515071869,
            -0.050517596304416656
        ],
        [
            0.024687282741069794,
            0.053812175989151,
            -0.03480430319905281
        ],
        [
            0.002751905471086502,
            0.07661024481058121,
            -0.03695063292980194
        ],
        [
            0.0060310764238238335,
            0.09935630857944489,
            -0.03327507525682449
        ],
        [
            0.01910472847521305,
            0.12112735956907272,
            -0.03087903931736946
        ],
        [
            0.02597206085920334,
            0.05474988371133804,
            -0.008136572316288948
        ],
        [
            0.016471415758132935,
            0.08138047158718109,
            -0.013832686468958855
        ],
        [
            0.017427319660782814,
            0.10599496960639954,
            -0.011000782251358032
        ],
        [
            0.024882176890969276,
            0.13017413020133972,
            -0.011158863082528114
        ],
        [
            0.031934596598148346,
            0.05722760781645775,
            0.012695930898189545
        ],
        [
            0.033821284770965576,
            0.07820338010787964,
            0.011163616552948952
        ],
        [
            0.039979204535484314,
            0.09593431651592255,
            0.013763046823441982
        ],
        [
            0.04846760258078575,
            0.11341483891010284,
            0.009321224875748158
        ]
    ],
    "pred_vertices": [
        [
            0.0742696225643158,
            0.042022705078125,
            -0.03010631911456585
        ],
        [
            0.08203358948230743,
            0.03760554641485214,
            -0.02385542541742325
        ],
        [
            0.0825231522321701,
            0.04476240277290344,
            -0.02705303207039833
        ],
        [
            0.07491473853588104,
            0.04706985875964165,
            -0.036383286118507385
        ],
        [
            0.10131306946277618,
            0.04017471894621849,
            -0.01358608528971672
        ],
        [
            0.1113724410533905,
            0.03652474656701088,
            -0.018840912729501724
        ],
        [
            0.10858307778835297,
            0.05143236368894577,
            -0.02296663448214531
        ],
        [
            0.10119013488292694,
            0.052905723452568054,
            -0.016444459557533264
        ],
        [
            0.07503713667392731,
            0.05113690346479416,
            -0.04018626734614372
        ],
        [
            0.08324235677719116,
            0.05163981020450592,
            -0.02928546443581581
        ],
        [
            0.07624136656522751,
            0.052351221442222595,
            -0.04029609262943268
        ],
        [
            0.06454572081565857,
            0.04368209093809128,
            -0.052810098975896835
        ],
        [
            0.06602524220943451,
            0.0473872572183609,
            -0.04956876486539841
        ],
        [
            0.055797163397073746,
            0.04150283336639404,
            -0.05761178582906723
        ],
        [
            0.06520582735538483,
            0.0334380641579628,
            -0.05258330702781677
        ],
        [
            0.05017935112118721,
            0.0342838354408741,
            -0.05551142618060112
        ],
        [
            0.05192399024963379,
            0.01741362363100052,
            -0.03083185665309429
        ],
        [
            0.048619091510772705,
            0.017339296638965607,
            -0.017400994896888733
        ],
        [
            0.03591189533472061,
            0.02640558034181595,
            -0.023427531123161316
        ],
        [
            0.04098367691040039,
            0.02611630968749523,
            -0.03623514622449875
        ],
        [
            0.03766114264726639,
            0.028176721185445786,
            -0.0028514117002487183
        ],
        [
            0.03583620861172676,
            0.027564924210309982,
            -0.014465468935668468
        ],
        [
            0.048216402530670166,
            0.017491765320301056,
            -0.008404858410358429
        ],
        [
            0.04959242790937424,
            0.01870051398873329,
            0.0016541313380002975
        ],
        [
            0.07358361780643463,
            0.03767136484384537,
            -0.015008468180894852
        ],
        [
            0.0815916433930397,
            0.033289793878793716,
            -0.010164197534322739
        ],
        [
            0.08126262575387955,
            0.03321833163499832,
            -0.016511404886841774
        ],
        [
            0.07419997453689575,
            0.038064394146203995,
            -0.0207314882427454
        ],
        [
            0.08602732419967651,
            0.05908147618174553,
            -0.04121436923742294
        ],
        [
            0.08336257934570312,
            0.04233937710523605,
            -0.04756738245487213
        ],
        [
            0.07763300091028214,
            0.04690849408507347,
            -0.04534107819199562
        ],
        [
            0.084745392203331,
            0.06167911738157272,
            -0.036366622895002365
        ],
        [
            0.10222997516393661,
            0.029066458344459534,
            0.011159159243106842
        ],
        [
            0.10884474217891693,
            0.01769281178712845,
            0.014429077506065369
        ],
        [
            0.11033959686756134,
            0.016139250248670578,
            0.00882696732878685
        ],
        [
            0.10356637090444565,
            0.026364102959632874,
            0.006742659956216812
        ],
        [
            0.11371641606092453,
            0.019849244505167007,
            -0.011685572564601898
        ],
        [
            0.11610622704029083,
            0.011160843074321747,
            -0.007802631705999374
        ],
        [
            0.11896789073944092,
            0.0005712956190109253,
            -0.014248210936784744
        ],
        [
            0.11624559760093689,
            0.008581046015024185,
            -0.020675603300333023
        ],
        [
            0.11187858134508133,
            0.02791433408856392,
            -0.015984196215867996
        ],
        [
            0.11591634899377823,
            0.020235732197761536,
            -0.025161683559417725
        ],
        [
            0.11475880444049835,
            0.031427524983882904,
            -0.027968507260084152
        ],
        [
            0.11090318113565445,
            0.048709720373153687,
            -0.0312773734331131
        ],
        [
            0.10373558104038239,
            0.018135488033294678,
            0.026176558807492256
        ],
        [
            0.09854412078857422,
            0.02693486586213112,
            0.025599107146263123
        ],
        [
            0.026247629895806313,
            0.07712716609239578,
            -0.06064407154917717
        ],
        [
            0.02479161135852337,
            0.07828182727098465,
            -0.05494377389550209
        ],
        [
            0.027398400008678436,
            0.07547549903392792,
            -0.05491477623581886
        ],
        [
            0.028022240847349167,
            0.0748259425163269,
            -0.060641996562480927
        ],
        [
            0.08597105741500854,
            0.012021999806165695,
            0.03366900980472565
        ],
        [
            0.0800616443157196,
            0.0041045621037483215,
            0.03173583745956421
        ],
        [
            0.08591752499341965,
            0.0015838667750358582,
            0.0352579727768898
        ],
        [
            0.09236365556716919,
            0.008401032537221909,
            0.03547024726867676
        ],
        [
            0.07756087929010391,
            0.016815166920423508,
            0.03120080567896366
        ],
        [
            0.07239559292793274,
            0.008014529943466187,
            0.026428531855344772
        ],
        [
            0.015896696597337723,
            0.07317443192005157,
            -0.06715703010559082
        ],
        [
            0.020717330276966095,
            0.07502055168151855,
            -0.06741025298833847
        ],
        [
            0.021603316068649292,
            0.07044839859008789,
            -0.06730587035417557
        ],
        [
            0.017353426665067673,
            0.06773137301206589,
            -0.06592963635921478
        ],
        [
            0.06722891330718994,
            0.04790889099240303,
            -0.04394015669822693
        ],
        [
            0.06734780967235565,
            0.04625285044312477,
            -0.03534786403179169
        ],
        [
            0.05155990272760391,
            0.05489247664809227,
            -0.05142778903245926
        ],
        [
            0.05728232488036156,
            0.05061067268252373,
            -0.044082269072532654
        ],
        [
            0.05980003997683525,
            0.04879740625619888,
            -0.05030041188001633
        ],
        [
            0.05383613705635071,
            0.051281727850437164,
            -0.05602877587080002
        ],
        [
            0.054566480219364166,
            0.048706792294979095,
            -0.02051522023975849
        ],
        [
            0.06366501748561859,
            0.04270246624946594,
            -0.01619313471019268
        ],
        [
            0.06387645751237869,
            0.043079107999801636,
            -0.022865666076540947
        ],
        [
            0.05486072599887848,
            0.05005621537566185,
            -0.02907439135015011
        ],
        [
            0.06296924501657486,
            0.045665938407182693,
            -0.0023868195712566376
        ],
        [
            0.053804270923137665,
            0.05084412917494774,
            -0.007756389677524567
        ],
        [
            0.05456674471497536,
            0.05179065093398094,
            0.0007097292691469193
        ],
        [
            0.06146642565727234,
            0.048854272812604904,
            0.0030496567487716675
        ],
        [
            0.03880878537893295,
            0.05894393473863602,
            -0.01997103914618492
        ],
        [
            0.032294370234012604,
            0.06136299669742584,
            -0.023002589121460915
        ],
        [
            0.03251061588525772,
            0.06250429153442383,
            -0.01963443122804165
        ],
        [
            0.038729652762413025,
            0.0587485209107399,
            -0.01628529652953148
        ],
        [
            0.0912623256444931,
            -0.0019471272826194763,
            0.038296401500701904
        ],
        [
            0.09842485934495926,
            0.004445929080247879,
            0.03635481745004654
        ],
        [
            0.04121728986501694,
            0.03354191035032272,
            0.018022971227765083
        ],
        [
            0.04862753301858902,
            0.03755016624927521,
            0.02522723563015461
        ],
        [
            0.03871184587478638,
            0.04597409442067146,
            0.02334294654428959
        ],
        [
            0.03241077810525894,
            0.03908894956111908,
            0.016062527894973755
        ],
        [
            0.07633008062839508,
            -0.0021512582898139954,
            0.02436836063861847
        ],
        [
            0.08100191503763199,
            -0.005261808633804321,
            0.029823370277881622
        ],
        [
            0.011348124593496323,
            0.0721348375082016,
            -0.06309530138969421
        ],
        [
            0.01355663314461708,
            0.06670422852039337,
            -0.061360351741313934
        ],
        [
            0.1103440597653389,
            0.02218107134103775,
            -0.03697032481431961
        ],
        [
            0.10801006853580475,
            0.04439329728484154,
            -0.039781391620635986
        ],
        [
            0.11127232760190964,
            0.0073355622589588165,
            -0.03050369769334793
        ],
        [
            0.11085155606269836,
            -0.0021275579929351807,
            -0.023745615035295486
        ],
        [
            0.1132013350725174,
            -0.00932154431939125,
            -0.018115218728780746
        ],
        [
            0.05259910225868225,
            0.053446486592292786,
            -0.04027764871716499
        ],
        [
            0.06822849810123444,
            0.042578570544719696,
            -0.02692274935543537
        ],
        [
            0.07319117337465286,
            0.03812514245510101,
            -0.009819291532039642
        ],
        [
            0.06890027970075607,
            0.04842742532491684,
            0.01887955330312252
        ],
        [
            0.07752261310815811,
            0.043586377054452896,
            0.022213779389858246
        ],
        [
            0.0772247165441513,
            0.04456954449415207,
            0.011586647480726242
        ],
        [
            0.06934647262096405,
            0.04809320718050003,
            0.010848542675375938
        ],
        [
            0.054446540772914886,
            0.045566387474536896,
            0.0268134493380785
        ],
        [
            0.057946182787418365,
            0.050895459949970245,
            0.021934829652309418
        ],
        [
            0.05109923705458641,
            0.05465960130095482,
            0.019529972225427628
        ],
        [
            0.04614919796586037,
            0.05105376988649368,
            0.024307161569595337
        ],
        [
            0.09177300333976746,
            0.05861176922917366,
            -0.045927125960588455
        ],
        [
            0.09013166278600693,
            0.039497628808021545,
            -0.048979368060827255
        ],
        [
            0.0930689126253128,
            0.019691992551088333,
            0.03194035589694977
        ],
        [
            0.099178247153759,
            0.014832474291324615,
            0.03160350024700165
        ],
        [
            0.1043245866894722,
            0.008204683661460876,
            0.03303683549165726
        ],
        [
            0.09253429621458054,
            0.03098556026816368,
            -0.0010870955884456635
        ],
        [
            0.10447166860103607,
            0.02446722611784935,
            0.003562226891517639
        ],
        [
            0.10475224256515503,
            0.023911383002996445,
            -0.0010297708213329315
        ],
        [
            0.09165708720684052,
            0.029184967279434204,
            -0.004936452955007553
        ],
        [
            0.09010469913482666,
            0.03349637612700462,
            -0.01540735736489296
        ],
        [
            0.101654052734375,
            0.02994084730744362,
            -0.011105522513389587
        ],
        [
            0.09019681066274643,
            0.043055981397628784,
            -0.016153551638126373
        ],
        [
            0.11347883939743042,
            0.0129845030605793,
            0.0018004700541496277
        ],
        [
            0.1172829121351242,
            0.00903565064072609,
            0.011598542332649231
        ],
        [
            0.11953047662973404,
            0.005958836525678635,
            0.0035210438072681427
        ],
        [
            0.11362345516681671,
            0.01016014814376831,
            0.020620126277208328
        ],
        [
            0.10918896645307541,
            0.01016603410243988,
            0.028334271162748337
        ],
        [
            0.08463168889284134,
            -0.011185593903064728,
            0.03474627435207367
        ],
        [
            0.12014967203140259,
            0.002813350409269333,
            -0.004107147455215454
        ],
        [
            0.10082589089870453,
            0.061585161834955215,
            -0.020872384309768677
        ],
        [
            0.10081496834754944,
            0.0696183294057846,
            -0.02506187930703163
        ],
        [
            0.09355829656124115,
            0.06864509731531143,
            -0.024220872670412064
        ],
        [
            0.09273585677146912,
            0.061021588742733,
            -0.020841175690293312
        ],
        [
            0.046176329255104065,
            0.0429634228348732,
            -0.0614970400929451
        ],
        [
            0.051158156245946884,
            0.048344384878873825,
            -0.06022339314222336
        ],
        [
            0.06015608459711075,
            0.04554736614227295,
            -0.055437006056308746
        ],
        [
            0.09300091862678528,
            0.0360841378569603,
            0.012444881722331047
        ],
        [
            0.09042443335056305,
            0.03408726677298546,
            0.024608340114355087
        ],
        [
            0.046514976769685745,
            0.057141516357660294,
            -0.04748031497001648
        ],
        [
            0.018294475972652435,
            0.0631190836429596,
            -0.06546822190284729
        ],
        [
            0.023133354261517525,
            0.06611710041761398,
            -0.06730091571807861
        ],
        [
            0.03380187600851059,
            0.053096745163202286,
            -0.06525248289108276
        ],
        [
            0.028156442567706108,
            0.04981252923607826,
            -0.06322985142469406
        ],
        [
            0.0348704531788826,
            0.057811420410871506,
            -0.046274058520793915
        ],
        [
            0.04132054001092911,
            0.05891123786568642,
            -0.04840719699859619
        ],
        [
            0.03814758360385895,
            0.05952875316143036,
            -0.04825926572084427
        ],
        [
            0.032473936676979065,
            0.05946909636259079,
            -0.04499319940805435
        ],
        [
            0.035089701414108276,
            0.06242150068283081,
            -0.01054270938038826
        ],
        [
            0.04049652814865112,
            0.058959055691957474,
            -0.007781378924846649
        ],
        [
            0.03149978816509247,
            0.03760925307869911,
            -0.04091859981417656
        ],
        [
            0.03628246858716011,
            0.032153770327568054,
            -0.05208126828074455
        ],
        [
            0.04547501727938652,
            0.027521559968590736,
            -0.04742389917373657
        ],
        [
            0.05452800542116165,
            0.049180768430233,
            -0.013062313199043274
        ],
        [
            0.04623769223690033,
            0.05479269474744797,
            -0.016202682629227638
        ],
        [
            0.045858919620513916,
            0.05507984757423401,
            -0.012099582701921463
        ],
        [
            0.04823940619826317,
            0.05524034798145294,
            -0.03874833509325981
        ],
        [
            0.04228914901614189,
            0.0578266866505146,
            -0.043244004249572754
        ],
        [
            0.042452044785022736,
            0.0570979006588459,
            -0.038101568818092346
        ],
        [
            0.047866471111774445,
            0.05445070192217827,
            -0.033176127821207047
        ],
        [
            0.05848982557654381,
            0.029240179806947708,
            0.028101420029997826
        ],
        [
            0.06487658619880676,
            0.038821376860141754,
            0.030205922201275826
        ],
        [
            0.024640509858727455,
            0.07623393833637238,
            -0.06510253995656967
        ],
        [
            0.025824323296546936,
            0.07297371327877045,
            -0.06523871421813965
        ],
        [
            0.06348203867673874,
            0.043335042893886566,
            -0.009001163765788078
        ],
        [
            0.05658746510744095,
            0.021252885460853577,
            -0.041593171656131744
        ],
        [
            0.07294277846813202,
            0.03903030604124069,
            -0.004366399720311165
        ],
        [
            0.026618316769599915,
            0.047173429280519485,
            -0.0002211201936006546
        ],
        [
            0.030475135892629623,
            0.05506531149148941,
            0.0022977935150265694
        ],
        [
            0.027456017211079597,
            0.05870179831981659,
            -0.0007237843237817287
        ],
        [
            0.02288690209388733,
            0.0544966459274292,
            -0.0028864359483122826
        ],
        [
            0.02218080684542656,
            0.06886079162359238,
            -0.0467136912047863
        ],
        [
            0.026166830211877823,
            0.0721278116106987,
            -0.049213189631700516
        ],
        [
            0.024203581735491753,
            0.07477860152721405,
            -0.049593087285757065
        ],
        [
            0.01919596642255783,
            0.07239684462547302,
            -0.04756138473749161
        ],
        [
            0.04484443739056587,
            0.05824784189462662,
            -0.053013529628515244
        ],
        [
            0.04699010029435158,
            0.055451374500989914,
            -0.05848487466573715
        ],
        [
            0.041383545845746994,
            0.05971150100231171,
            -0.05861600488424301
        ],
        [
            0.039936572313308716,
            0.06043408811092377,
            -0.052949875593185425
        ],
        [
            0.043580442667007446,
            0.05204387381672859,
            -0.06259886920452118
        ],
        [
            0.03878192976117134,
            0.05651054531335831,
            -0.06336646527051926
        ],
        [
            0.017311720177531242,
            0.06487322598695755,
            -0.04800064489245415
        ],
        [
            0.014131525531411171,
            0.06180774047970772,
            -0.05405578017234802
        ],
        [
            0.022971929982304573,
            0.050069816410541534,
            -0.050528477877378464
        ],
        [
            0.025702843442559242,
            0.05596543103456497,
            -0.0460481122136116
        ],
        [
            0.06006573140621185,
            0.008574552834033966,
            0.0060205478221178055
        ],
        [
            0.06082073226571083,
            0.012068156152963638,
            0.016568327322602272
        ],
        [
            0.05018724128603935,
            0.022147104144096375,
            0.012556605041027069
        ],
        [
            0.03877876698970795,
            0.03145134076476097,
            0.009212151169776917
        ],
        [
            0.029124587774276733,
            0.04072738438844681,
            0.00489417277276516
        ],
        [
            0.027068790048360825,
            0.03553211688995361,
            -0.006029048934578896
        ],
        [
            0.052304092794656754,
            0.02417192980647087,
            0.02021818608045578
        ],
        [
            0.029666194692254066,
            0.05179428681731224,
            -0.04354816675186157
        ],
        [
            0.029802460223436356,
            0.04314439371228218,
            -0.04788672924041748
        ],
        [
            0.028472386300563812,
            0.04511384293437004,
            -0.042785272002220154
        ],
        [
            0.07283657789230347,
            0.04200936108827591,
            0.0024819988757371902
        ],
        [
            0.02723073586821556,
            0.06916683912277222,
            -0.06590881198644638
        ],
        [
            0.09213760495185852,
            -0.014385346323251724,
            -0.013913806527853012
        ],
        [
            0.08477861434221268,
            -0.015435583889484406,
            -0.0022267624735832214
        ],
        [
            0.08036430180072784,
            -0.009966548532247543,
            -0.007596559822559357
        ],
        [
            0.08921072632074356,
            -0.007599979639053345,
            -0.021021410822868347
        ],
        [
            0.029428455978631973,
            0.073385089635849,
            -0.055244844406843185
        ],
        [
            0.030229056254029274,
            0.07229306548833847,
            -0.061371877789497375
        ],
        [
            0.03975629806518555,
            0.06101607158780098,
            -0.0017092125490307808
        ],
        [
            0.03446043282747269,
            0.06359174102544785,
            -0.00490608299151063
        ],
        [
            0.03172735869884491,
            0.06367483735084534,
            -0.0020520412363111973
        ],
        [
            0.03740239515900612,
            0.06380221992731094,
            0.0025388114154338837
        ],
        [
            0.06281837821006775,
            0.013546671718358994,
            0.022007646039128304
        ],
        [
            0.03586062043905258,
            0.05412799119949341,
            0.021889815106987953
        ],
        [
            0.029155615717172623,
            0.04739711433649063,
            0.01506764255464077
        ],
        [
            0.07000148296356201,
            0.003177013248205185,
            0.01964404061436653
        ],
        [
            0.06898936629295349,
            -0.0004491955041885376,
            0.010619891807436943
        ],
        [
            0.07530876994132996,
            -0.006780039519071579,
            0.01449335366487503
        ],
        [
            0.02548898756504059,
            0.03924550116062164,
            -0.02086813375353813
        ],
        [
            0.05871310830116272,
            0.007936172187328339,
            -0.0025254059582948685
        ],
        [
            0.06865675747394562,
            -0.0011015310883522034,
            0.002985592931509018
        ],
        [
            0.076172836124897,
            -0.008709616959095001,
            0.007258806377649307
        ],
        [
            0.08095383644104004,
            -0.014410208910703659,
            0.010987404733896255
        ],
        [
            0.07963187992572784,
            -0.011601585894823074,
            0.018528588116168976
        ],
        [
            0.015233149752020836,
            0.06188734620809555,
            -0.06008763238787651
        ],
        [
            0.011153152212500572,
            0.06715303659439087,
            -0.05481944978237152
        ],
        [
            0.08334779739379883,
            -0.018217742443084717,
            0.023508021607995033
        ],
        [
            0.08517907559871674,
            -0.020625989884138107,
            0.014735829085111618
        ],
        [
            0.06969514489173889,
            -0.0017409883439540863,
            -0.006170697510242462
        ],
        [
            0.07237391173839569,
            -0.0009770207107067108,
            -0.01794297806918621
        ],
        [
            0.06018771231174469,
            0.00722634419798851,
            -0.011121271178126335
        ],
        [
            0.06180019676685333,
            0.008351124823093414,
            -0.022833744063973427
        ],
        [
            0.027204012498259544,
            0.03261654078960419,
            -0.02917502075433731
        ],
        [
            0.007554263807833195,
            0.08605475723743439,
            -0.05427052825689316
        ],
        [
            0.010287672281265259,
            0.07506681978702545,
            -0.05153069272637367
        ],
        [
            0.015384405851364136,
            0.07652595639228821,
            -0.049114078283309937
        ],
        [
            0.010460506193339825,
            0.08614438772201538,
            -0.050993505865335464
        ],
        [
            0.01430534478276968,
            0.06957219541072845,
            -0.04915051907300949
        ],
        [
            0.008919796906411648,
            0.07290075719356537,
            -0.056635912507772446
        ],
        [
            0.06872132420539856,
            0.013167381286621094,
            -0.03660910949110985
        ],
        [
            0.03563470020890236,
            0.059155624359846115,
            -0.04156250134110451
        ],
        [
            0.08340215682983398,
            0.005463786423206329,
            -0.03336341306567192
        ],
        [
            0.0745144635438919,
            0.025125999003648758,
            -0.04915327578783035
        ],
        [
            0.08701130747795105,
            0.021428346633911133,
            -0.04612866789102554
        ],
        [
            0.09991885721683502,
            -0.0018423385918140411,
            -0.03009873628616333
        ],
        [
            0.10047344118356705,
            0.013339761644601822,
            -0.04095003753900528
        ],
        [
            0.10444328188896179,
            -0.015697874128818512,
            -0.0162174254655838
        ],
        [
            0.1006593331694603,
            -0.009449582546949387,
            -0.0222025066614151
        ],
        [
            0.100684754550457,
            0.03182796388864517,
