{
    "pred_cam": [
        10.294242858886719,
        0.08844541013240814,
        -0.0458027645945549
    ],
    "pred_mano_params": {
        "global_orient": [
            [
                [
                    -0.4212990999221802,
                    0.9067372679710388,
                    -0.01829248107969761
                ],
                [
                    -0.44310835003852844,
                    -0.22339709103107452,
                    -0.8681870102882385
                ],
                [
                    -0.7913039922714233,
                    -0.3576608896255493,
                    0.49589982628822327
                ]
            ]
        ],
        "hand_pose": [
            [
                [
                    0.49893322587013245,
                    -0.8043955564498901,
                    -0.32251089811325073
                ],
                [
                    0.7991805076599121,
                    0.5709977149963379,
                    -0.1878087818622589
                ],
                [
                    0.33522558212280273,
                    -0.16404037177562714,
                    0.9277470111846924
                ]
            ],
            [
                [
                    0.708104133605957,
                    -0.6641896367073059,
                    0.23966796696186066
                ],
                [
                    0.700538694858551,
                    0.6182674169540405,
                    -0.35635796189308167
                ],
                [
                    0.08851035684347153,
                    0.42023521661758423,
                    0.9030882716178894
                ]
            ],
            [
                [
                    0.8778760433197021,
                    -0.4080457091331482,
                    0.2506638467311859
                ],
                [
                    0.35979732871055603,
                    0.9074262976646423,
                    0.2170793116092682
                ],
                [
                    -0.31603723764419556,
                    -0.1003805473446846,
                    0.9434215426445007
                ]
            ],
            [
                [
                    0.3447172939777374,
                    -0.915890634059906,
                    -0.2057042270898819
                ],
                [
                    0.9385074973106384,
                    0.340779572725296,
                    0.05543408542871475
                ],
                [
                    0.019328217953443527,
                    -0.21216405928134918,
                    0.9770427942276001
                ]
            ],
            [
                [
                    0.8507148027420044,
                    -0.5047236680984497,
                    -0.14675955474376678
                ],
                [
                    0.5247870683670044,
                    0.831359326839447,
                    0.18286649882793427
                ],
                [
                    0.02971288003027439,
                    -0.23258475959300995,
                    0.9721221327781677
                ]
            ],
            [
                [
                    0.7981905937194824,
                    -0.583589494228363,
                    0.1493823230266571
                ],
                [
                    0.5819345116615295,
                    0.8110786080360413,
                    0.0591927096247673
                ],
                [
                    -0.1557050496339798,
                    0.03968365862965584,
                    0.9870061874389648
                ]
            ],
            [
                [
                    0.524374783039093,
                    -0.8153513669967651,
                    -0.2454247772693634
                ],
                [
                    0.8486109375953674,
                    0.5240971446037292,
                    0.07198458909988403
                ],
                [
                    0.0699336901307106,
                    -0.24601700901985168,
                    0.9667394161224365
                ]
            ],
            [
                [
                    0.8098707795143127,
                    -0.5573943853378296,
                    0.18281348049640656
                ],
                [
                    0.4729289710521698,
                    0.8047873973846436,
                    0.358685702085495
                ],
                [
                    -0.3470553755760193,
                    -0.20403128862380981,
                    0.9153817296028137
                ]
            ],
            [
                [
                    0.8628596067428589,
                    -0.5010430216789246,
                    0.06655171513557434
                ],
                [
                    0.2969878017902374,
                    0.609126627445221,
                    0.7353658676147461
                ],
                [
                    -0.4089883863925934,
                    -0.6147525310516357,
                    0.674394428730011
                ]
            ],
            [
                [
                    0.36153197288513184,
                    -0.9309176802635193,
                    0.05183597654104233
                ],
                [
                    0.931442141532898,
                    0.35815152525901794,
                    -0.06436628848314285
                ],
                [
                    0.041354574263095856,
                    0.07155267894268036,
                    0.9965791702270508
                ]
            ],
            [
                [
                    0.8323683738708496,
                    -0.5539657473564148,
                    0.016877729445695877
                ],
                [
                    0.46250468492507935,
                    0.7110772728919983,
                    0.5295833945274353
                ],
                [
                    -0.305372416973114,
                    -0.43300244212150574,
                    0.8480899930000305
                ]
            ],
            [
                [
                    0.6866700053215027,
                    -0.7198301553726196,
                    0.10163148492574692
                ],
                [
                    0.6547876000404358,
                    0.6731489300727844,
                    0.34369149804115295
                ],
                [
                    -0.3158125877380371,
                    -0.16945558786392212,
                    0.9335670471191406
                ]
            ],
            [
                [
                    0.957608699798584,
                    -0.22986160218715668,
                    -0.17363503575325012
                ],
                [
                    -0.07377904653549194,
                    0.38694754242897034,
                    -0.919145405292511
                ],
                [
                    0.27846387028694153,
                    0.8929923176765442,
                    0.3535853624343872
                ]
            ],
            [
                [
                    0.9344296455383301,
                    -0.34044554829597473,
                    -0.10458482056856155
                ],
                [
                    0.3498440384864807,
                    0.8224169611930847,
                    0.4485972821712494
                ],
                [
                    -0.06671062111854553,
                    -0.45577099919319153,
                    0.8875936269760132
                ]
            ],
            [
                [
                    0.9076886177062988,
                    -0.22223396599292755,
                    -0.35596826672554016
                ],
                [
                    0.059535570442676544,
                    0.9078781008720398,
                    -0.414985328912735
                ],
                [
                    0.4153996407985687,
                    0.3554846942424774,
                    0.8373014330863953
                ]
            ]
        ],
        "betas": [
            -0.14441180229187012,
            0.009232848882675171,
            0.03164410591125488,
            0.009322136640548706,
            0.124053955078125,
            0.06432799994945526,
            0.03520011901855469,
            -0.03171321749687195,
            0.0227268785238266,
            -0.06923511624336243
        ]
    },
    "pred_cam_t": [
        -0.08844541013240814,
        -0.0458027645945549,
        3.7945966720581055
    ],
    "focal_length": [
        5000.0,
        5000.0
    ],
    "pred_keypoints_3d": [
        [
            0.09638327360153198,
            0.006447202991694212,
            0.006221364252269268
        ],
        [
            0.09196547418832779,
            -0.0019782003946602345,
            0.04397667199373245
        ],
        [
            0.08343981951475143,
            0.009495053440332413,
            0.0714682936668396
        ],
        [
            0.07773823291063309,
            0.0268535353243351,
            0.0916723906993866
        ],
        [
            0.06994393467903137,
            0.05752869322896004,
            0.10687555372714996
        ],
        [
            0.12869170308113098,
            0.02879594825208187,
            0.08879771083593369
        ],
        [
            0.11526395380496979,
            0.05161416530609131,
            0.10883311182260513
        ],
        [
            0.09374240040779114,
            0.0575055256485939,
            0.10864761471748352
        ],
        [
            0.06968756020069122,
            0.05379979684948921,
            0.10547336935997009
        ],
        [
            0.1353493630886078,
            0.051956068724393845,
            0.08059805631637573
        ],
        [
            0.1138419657945633,
            0.06912858784198761,
            0.09670718759298325
        ],
        [
            0.09070048481225967,
            0.07223904132843018,
            0.098075732588768
        ],
        [
            0.06660592555999756,
            0.06408082693815231,
            0.0963994562625885
        ],
        [
            0.12805922329425812,
            0.06717396527528763,
            0.059487733989953995
        ],
        [
            0.11035952717065811,
            0.08374492824077606,
            0.07545773684978485
        ],
        [
            0.08556997776031494,
            0.08571749925613403,
            0.0769711285829544
        ],
        [
            0.06469882279634476,
            0.07227256894111633,
            0.07459335774183273
        ],
        [
            0.11729656159877777,
            0.07724222540855408,
            0.0430675633251667
        ],
        [
            0.10598796606063843,
            0.09489209949970245,
            0.046635404229164124
        ],
        [
            0.087736576795578,
            0.09927534312009811,
            0.05004851892590523
        ],
        [
            0.07095080614089966,
            0.08826400339603424,
            0.0544365793466568
        ]
    ],
    "pred_vertices": [
        [
            0.10168745368719101,
            0.019023120403289795,
            0.05972869321703911
        ],
        [
            0.09602205455303192,
            0.015542810782790184,
            0.05043407902121544
        ],
        [
            0.09396757930517197,
            0.01710883527994156,
            0.05868030712008476
        ],
        [
            0.1006115972995758,
            0.01770106330513954,
            0.06802979856729507
        ],
        [
            0.07641154527664185,
            0.010966949164867401,
            0.04612978920340538
        ],
        [
            0.0716639906167984,
            -0.00040835514664649963,
            0.04684855788946152
        ],
        [
            0.07084812223911285,
            0.006812674924731255,
            0.061601366847753525
        ],
        [
            0.07416868209838867,
            0.015986710786819458,
            0.05783303827047348
        ],
        [
            0.10097062587738037,
            0.017261100932955742,
            0.07424292713403702
        ],
        [
            0.09209361672401428,
            0.01882650889456272,
            0.06575163453817368
        ],
        [
            0.1022215262055397,
            0.016237974166870117,
            0.07535630464553833
        ],
        [
            0.1165580153465271,
            0.011587927117943764,
            0.08134201169013977
        ],
        [
            0.11118529736995697,
            0.01526219304651022,
            0.08051034808158875
        ],
        [
            0.12461280822753906,
            0.013107670471072197,
            0.08550956845283508
        ],
        [
            0.12211146950721741,
            0.005110107362270355,
            0.07478959858417511
        ],
        [
            0.13361532986164093,
            0.013637667521834373,
            0.08167773485183716
        ],
        [
            0.1343303918838501,
            0.016939876601099968,
            0.051086585968732834
        ],
        [
            0.13377037644386292,
            0.026651285588741302,
            0.04111150652170181
        ],
        [
            0.14152048528194427,
            0.03681480884552002,
            0.054379530251026154
        ],
        [
            0.14044372737407684,
            0.02611721307039261,
            0.06338517367839813
        ],
        [
            0.13354389369487762,
            0.048175983130931854,
            0.03796682506799698
        ],
        [
            0.1382499784231186,
            0.042426563799381256,
            0.04762418940663338
        ],
        [
            0.1319238245487213,
            0.032203786075115204,
            0.033947430551052094
        ],
        [
            0.1278505176305771,
            0.03790313005447388,
            0.026191703975200653
        ],
        [
            0.10087164491415024,
            0.025705285370349884,
            0.04565096274018288
        ],
        [
            0.09558239579200745,
            0.02130603976547718,
            0.0372014045715332
        ],
        [
            0.09704512357711792,
            0.017800265923142433,
            0.041719090193510056
        ],
        [
            0.10145331174135208,
            0.022260429337620735,
            0.050055406987667084
        ],
        [
            0.09486880153417587,
            0.013201214373111725,
            0.07967313379049301
        ],
        [
            0.10399766266345978,
            0.0016954634338617325,
            0.07387857139110565
        ],
        [
            0.10580755025148392,
            0.009001214057207108,
            0.07563801109790802
        ],
        [
            0.09335590898990631,
            0.01820077933371067,
            0.07786615937948227
        ],
        [
            0.07694830745458603,
            0.01918754354119301,
            0.014218419790267944
        ],
        [
            0.07744384557008743,
            0.01044752448797226,
            0.003718920052051544
        ],
        [
            0.07823294401168823,
            0.005448818206787109,
            0.007006481289863586
        ],
        [
            0.07816771417856216,
            0.014307133853435516,
            0.01582915335893631
        ],
        [
            0.07616529613733292,
            -0.006509721279144287,
            0.02569679170846939
        ],
        [
            0.07953725755214691,
            -0.010462403297424316,
            0.016454510390758514
        ],
        [
            0.0851675271987915,
            -0.022284170612692833,
            0.014860957860946655
        ],
        [
            0.08423773944377899,
            -0.019940728321671486,
            0.025548599660396576
        ],
        [
            0.07352554798126221,
            -0.003474488854408264,
            0.036584414541721344
        ],
        [
            0.0784752368927002,
            -0.015980834141373634,
            0.037598006427288055
        ],
        [
            0.07523951679468155,
            -0.010893065482378006,
            0.04990938678383827
        ],
        [
            0.07330626249313354,
            -0.0011585094034671783,
            0.06589555740356445
        ],
        [
            0.07880339026451111,
            0.020425472408533096,
            -0.004456527531147003
        ],
        [
            0.07804170250892639,
            0.02837502956390381,
            0.002134956419467926
        ],
        [
            0.10451676696538925,
            0.0426761768758297,
            0.10467947274446487
        ],
        [
            0.10383856296539307,
            0.04692481458187103,
            0.10019651055335999
        ],
        [
            0.10608549416065216,
            0.0438179075717926,
            0.09880904853343964
        ],
        [
            0.1065376028418541,
            0.040476053953170776,
            0.10355254262685776
        ],
        [
            0.09497782588005066,
            0.031371261924505234,
            -0.010618157684803009
        ],
        [
            0.10469110310077667,
            0.028907746076583862,
            -0.012550599873065948
        ],
        [
            0.10063404589891434,
            0.02604598179459572,
            -0.01799280196428299
        ],
        [
            0.09148356318473816,
            0.026558704674243927,
            -0.015417367219924927
        ],
        [
            0.09956800937652588,
            0.03766477480530739,
            -0.004221178591251373
        ],
        [
            0.10980644077062607,
            0.03260014206171036,
            -0.004511639475822449
        ],
        [
            0.11145302653312683,
            0.04773380607366562,
            0.11456453055143356
        ],
        [
            0.10820664465427399,
            0.04382246360182762,
            0.11295957118272781
        ],
        [
            0.11266708374023438,
            0.041881293058395386,
            0.11180715262889862
        ],
        [
            0.11670434474945068,
            0.045506544411182404,
            0.11211331933736801
        ],
        [
            0.10744695365428925,
            0.018506379798054695,
            0.07590842247009277
        ],
        [
            0.10588280856609344,
            0.022575251758098602,
            0.06802772730588913
        ],
        [
            0.11657872796058655,
            0.025537610054016113,
            0.08646254241466522
        ],
        [
            0.11351382732391357,
            0.025660302489995956,
            0.07921309024095535
        ],
        [
            0.11427868902683258,
            0.019493430852890015,
            0.082351915538311
        ],
        [
            0.11773838102817535,
            0.020209934562444687,
            0.08813570439815521
        ],
        [
            0.11127763986587524,
            0.03990679606795311,
            0.060127586126327515
        ],
        [
            0.10633356124162674,
            0.03368072956800461,
            0.05155990272760391
        ],
        [
            0.10743312537670135,
            0.029940471053123474,
            0.05701364204287529
        ],
        [
            0.11212022602558136,
            0.035544175654649734,
            0.06763254106044769
        ],
        [
            0.10222563147544861,
            0.043828390538692474,
            0.042337361723184586
        ],
        [
            0.10791736841201782,
            0.04904188588261604,
            0.05131637305021286
        ],
        [
            0.10492204874753952,
            0.05413944274187088,
            0.04499748721718788
        ],
        [
            0.10046432167291641,
            0.049764327704906464,
            0.04014568403363228
        ],
        [
            0.11847004294395447,
            0.05453388765454292,
            0.06782375276088715
        ],
        [
            0.12121658027172089,
            0.05619807541370392,
            0.07148592174053192
        ],
        [
            0.11842820793390274,
            0.059999387711286545,
            0.06991836428642273
        ],
        [
            0.11720029264688492,
            0.05679621547460556,
            0.06508517265319824
        ],
        [
            0.09763146191835403,
            0.022597111761569977,
            -0.023525774478912354
        ],
        [
            0.0885973870754242,
            0.02121124044060707,
            -0.019624747335910797
        ],
        [
            0.1222705990076065,
            0.06074967235326767,
            0.023142322897911072
        ],
        [
            0.11216619610786438,
            0.06304365396499634,
            0.01837417110800743
        ],
        [
            0.11571162939071655,
            0.07215147465467453,
            0.026094358414411545
        ],
        [
            0.1267571598291397,
            0.06788408011198044,
            0.029414184391498566
        ],
        [
            0.112911656498909,
            0.02305002510547638,
            -0.009561315178871155
        ],
        [
            0.10973235964775085,
            0.02162836119532585,
            -0.016676418483257294
        ],
        [
            0.1139838695526123,
            0.05337343364953995,
            0.11272773891687393
        ],
        [
            0.11890586465597153,
            0.05067967623472214,
            0.10972847044467926
        ],
        [
            0.08695212006568909,
            -0.018747176975011826,
            0.049673210829496384
        ],
        [
            0.08103349804878235,
            -0.0071976929903030396,
            0.06862957775592804
        ],
        [
            0.09169656038284302,
            -0.023461341857910156,
            0.03383366018533707
        ],
        [
            0.09555691480636597,
            -0.02467270940542221,
            0.022326551377773285
        ],
        [
            0.09640905261039734,
            -0.027057157829403877,
            0.013075955212116241
        ],
        [
            0.11485540866851807,
            0.0318911112844944,
            0.07832974195480347
        ],
        [
            0.1051633283495903,
            0.024798467755317688,
            0.05903458967804909
        ],
        [
            0.09981748461723328,
            0.029177173972129822,
            0.0419582799077034
        ],
        [
            0.09119401127099991,
            0.05439569801092148,
            0.02588026598095894
        ],
        [
            0.08626022934913635,
            0.04844411090016365,
            0.018697671592235565
        ],
        [
            0.08824717998504639,
            0.043093983083963394,
            0.0278194360435009
        ],
        [
            0.09277686476707458,
            0.049306198954582214,
            0.03200147673487663
        ],
        [
            0.10256843268871307,
            0.06546471267938614,
            0.02066768705844879
        ],
        [
            0.09788228571414948,
            0.06391281634569168,
            0.027079269289970398
        ],
        [
            0.10179178416728973,
            0.06866907328367233,
            0.03259948641061783
        ],
        [
            0.10655713081359863,
            0.07172776758670807,
            0.02729061245918274
        ],
        [
            0.09189319610595703,
            0.00712556391954422,
            0.08283333480358124
        ],
        [
            0.10051284730434418,
            -0.004658559337258339,
            0.07248729467391968
        ],
        [
            0.08524253964424133,
            0.030860550701618195,
            -0.006109990179538727
        ],
        [
            0.08317530155181885,
            0.024229150265455246,
            -0.009855322539806366
        ],
        [
            0.08242124319076538,
            0.018119443207979202,
            -0.015881501138210297
        ],
        [
            0.08582257479429245,
            0.018918197602033615,
            0.026615779846906662
        ],
        [
            0.07893799990415573,
            0.010857902467250824,
            0.01699834316968918
        ],
        [
            0.07938605546951294,
            0.007694870233535767,
            0.020180776715278625
        ],
        [
            0.08785790950059891,
            0.01616048440337181,
            0.02834995836019516
        ],
        [
            0.08816514909267426,
            0.013373807072639465,
            0.04106338694691658
        ],
        [
            0.07868653535842896,
            0.006940891966223717,
            0.034363050013780594
        ],
        [
            0.0855032205581665,
            0.017878245562314987,
            0.05006479471921921
        ],
        [
            0.0787649154663086,
            -0.0022908449172973633,
            0.010182961821556091
        ],
        [
            0.07610274851322174,
            -0.0012076273560523987,
            -0.0006902292370796204
        ],
        [
            0.07772989571094513,
            -0.009005941450595856,
            0.00356157124042511
        ],
        [
            0.07649518549442291,
            0.006769001483917236,
            -0.006565295159816742
        ],
        [
            0.07842143625020981,
            0.013760752975940704,
            -0.011907361447811127
        ],
        [
            0.10904469341039658,
            0.018810071051120758,
            -0.02479688823223114
        ],
        [
            0.08072200417518616,
            -0.015669438987970352,
            0.007726699113845825
        ],
        [
            0.07373926043510437,
            0.01860274188220501,
            0.0664408802986145
        ],
        [
            0.07294964790344238,
            0.02117685228586197,
            0.0741613358259201
        ],
        [
            0.07974796742200851,
            0.02485032007098198,
            0.07268749922513962
        ],
        [
            0.08121626824140549,
            0.022719422355294228,
            0.06586232781410217
        ],
        [
            0.12928013503551483,
            0.018103579059243202,
            0.09146253764629364
        ],
        [
            0.12181469053030014,
            0.01798570342361927,
            0.09098419547080994
        ],
        [
            0.11764256656169891,
            0.014336466789245605,
            0.08474816381931305
        ],
        [
            0.0801648274064064,
            0.0294378399848938,
            0.019104957580566406
        ],
        [
            0.08073216676712036,
            0.03674397990107536,
            0.008682489395141602
        ],
        [
            0.11755719780921936,
            0.03153231367468834,
            0.08512607216835022
        ],
        [
            0.12105201929807663,
            0.04358145594596863,
            0.11077677458524704
        ],
        [
            0.11681079864501953,
            0.03910236433148384,
            0.11075090616941452
        ],
        [
            0.125650554895401,
            0.02686205878853798,
            0.10131275653839111
        ],
        [
            0.13080725073814392,
            0.03191155567765236,
            0.10143528133630753
        ],
        [
            0.12217406928539276,
            0.039171524345874786,
            0.08607655018568039
        ],
        [
            0.1176162138581276,
            0.03327831253409386,
            0.08596091717481613
        ],
        [
            0.11761804670095444,
            0.034999433904886246,
            0.08596384525299072
        ],
        [
            0.11976463347673416,
            0.04148790240287781,
            0.08527873456478119
        ],
        [
            0.11597410589456558,
            0.0639389380812645,
            0.06174657866358757
        ],
        [
            0.11439937353134155,
            0.06093229353427887,
            0.05804622918367386
        ],
        [
            0.1417158991098404,
            0.036434728652238846,
            0.0759836956858635
        ],
        [
            0.14453886449337006,
            0.024700874462723732,
            0.08223098516464233
        ],
        [
            0.13945342600345612,
            0.016937129199504852,
            0.07230013608932495
        ],
        [
            0.10942701250314713,
            0.044541288167238235,
            0.05445670336484909
        ],
        [
            0.1137571632862091,
            0.050637271255254745,
            0.06158558279275894
        ],
        [
            0.11292153596878052,
            0.0534486249089241,
            0.0586126483976841
        ],
        [
            0.11658152937889099,
            0.036226555705070496,
            0.07881495356559753
        ],
        [
            0.119573213160038,
            0.03739223629236221,
            0.08368390798568726
        ],
        [
            0.11974747478961945,
            0.04073721915483475,
            0.08027315884828568
        ],
        [
            0.11603830754756927,
            0.039574846625328064,
            0.07450728118419647
        ],
        [
            0.10852612555027008,
            0.05424405634403229,
            0.00924387201666832
        ],
        [
            0.09741155058145523,
            0.05750381201505661,
            0.011937249451875687
        ],
        [
            0.10588499903678894,
            0.041778046637773514,
            0.10930029302835464
        ],
        [
            0.10899794846773148,
            0.039754074066877365,
            0.1084042638540268
        ],
        [
            0.10456009954214096,
            0.03830952197313309,
            0.04618634656071663
        ],
        [
            0.13161851465702057,
            0.009928498417139053,
            0.06067383289337158
        ],
        [
            0.09831687808036804,
            0.03300486505031586,
            0.03819417208433151
        ],
        [
            0.13050788640975952,
            0.06738673150539398,
            0.049551427364349365
        ],
        [
            0.12221342325210571,
            0.07251608371734619,
            0.05078635364770889
        ],
        [
            0.12198963016271591,
            0.07349704951047897,
            0.054529473185539246
        ],
        [
            0.12776559591293335,
            0.07219768315553665,
            0.05592399090528488
        ],
        [
            0.11374221742153168,
            0.051175594329833984,
            0.09317859262228012
        ],
        [
            0.10937704145908356,
            0.04710465669631958,
            0.09433531761169434
        ],
        [
            0.10759861767292023,
            0.04888106882572174,
            0.09529954940080643
        ],
        [
            0.11128813773393631,
            0.053703673183918,
            0.09520547837018967
        ],
        [
            0.11646704375743866,
            0.027827316895127296,
            0.0881786197423935
        ],
        [
            0.11779272556304932,
            0.022911719977855682,
            0.09167498350143433
        ],
        [
            0.11601363122463226,
            0.026549167931079865,
            0.09355880320072174
        ],
        [
            0.1158585473895073,
            0.031174311414361,
            0.08934597671031952
        ],
        [
            0.12223509699106216,
            0.0211777463555336,
            0.09493206441402435
        ],
        [
            0.1203705370426178,
            0.024893077090382576,
            0.09808986634016037
        ],
        [
            0.11904951930046082,
            0.05378752201795578,
            0.09588451683521271
        ],
        [
            0.12298646569252014,
            0.05269709974527359,
            0.10237087309360504
        ],
        [
            0.13209836184978485,
            0.043548062443733215,
            0.09245362877845764
        ],
        [
            0.12542285025119781,
            0.04577343910932541,
            0.08836924284696579
        ],
        [
            0.12405728548765182,
            0.02827215939760208,
            0.014640145003795624
        ],
        [
            0.1191159039735794,
            0.036003872752189636,
            0.008031867444515228
        ],
        [
            0.1229272410273552,
            0.04585368186235428,
            0.019209589809179306
        ],
        [
            0.12774382531642914,
            0.0560951791703701,
            0.02964012324810028
        ],
        [
            0.13140790164470673,
            0.06490388512611389,
            0.040720079094171524
        ],
        [
            0.13906539976596832,
            0.05732337385416031,
            0.04764234647154808
        ],
        [
            0.11824597418308258,
            0.05023345351219177,
            0.013791777193546295
        ],
        [
            0.1309576779603958,
            0.04122215881943703,
            0.083501897752285
        ],
        [
            0.13764077425003052,
            0.037350885570049286,
            0.08530929684638977
        ],
        [
            0.1367993801832199,
            0.04026961699128151,
            0.08170191943645477
        ],
        [
            0.09521603584289551,
            0.03880845010280609,
            0.034481748938560486
        ],
        [
            0.11254671216011047,
            0.03697279840707779,
            0.10825499892234802
        ],
        [
            0.11546215415000916,
            -0.015527933835983276,
            0.010746359825134277
        ],
        [
            0.11944185942411423,
            -0.005169454962015152,
            0.0023520290851593018
        ],
        [
            0.12111911177635193,
            -0.0024548396468162537,
            0.010701559484004974
        ],
        [
            0.11565738916397095,
            -0.013908926397562027,
            0.020803391933441162
        ],
        [
            0.1073097288608551,
            0.04159627854824066,
            0.09856660664081573
        ],
        [
            0.10845500975847244,
            0.03746534883975983,
            0.10340288281440735
        ],
        [
            0.11284429579973221,
            0.0665501281619072,
            0.05458923056721687
        ],
        [
            0.11511072516441345,
            0.06862930953502655,
            0.058199841529130936
        ],
        [
            0.11621399968862534,
            0.07228484749794006,
            0.05592506378889084
        ],
        [
            0.11239206790924072,
            0.07281842827796936,
            0.05297936126589775
        ],
        [
            0.1153840497136116,
            0.038877665996551514,
            0.004132673144340515
        ],
        [
            0.11514604091644287,
            0.07740088552236557,
            0.031038707122206688
        ],
        [
            0.1256525218486786,
            0.07436569780111313,
            0.034757159650325775
        ],
        [
            0.11602137982845306,
            0.027156174182891846,
            -0.0014056041836738586
        ],
        [
            0.12086814641952515,
            0.02034739777445793,
            0.003935523331165314
        ],
        [
            0.11851746588945389,
            0.01514531672000885,
            -0.0041236430406570435
        ],
        [
            0.1402575820684433,
            0.05229305475950241,
            0.0620834119617939
        ],
        [
            0.12741295993328094,
            0.023742374032735825,
            0.021458469331264496
        ],
        [
            0.12319182604551315,
            0.01572345197200775,
            0.009778536856174469
        ],
        [
            0.12047949433326721,
            0.00928594172000885,
            0.0004209652543067932
        ],
        [
            0.11903262138366699,
            0.005288206040859222,
            -0.006874755024909973
        ],
        [
            0.11692722886800766,
            0.012103341519832611,
            -0.011063873767852783
        ],
        [
            0.12290440499782562,
            0.048561155796051025,
            0.10721848160028458
        ],
        [
            0.11882371455430984,
            0.056129612028598785,
            0.10484261810779572
        ],
        [
            0.1165599673986435,
            0.008869539946317673,
            -0.019673720002174377
        ],
        [
            0.11832533031702042,
            0.0012968257069587708,
            -0.014383144676685333
        ],
        [
            0.12477299571037292,
            0.009438153356313705,
            0.01654057204723358
        ],
        [
            0.1248699203133583,
            0.001507829874753952,
            0.02561420202255249
        ],
        [
            0.12850266695022583,
            0.017443682998418808,
            0.027708228677511215
        ],
        [
            0.12928922474384308,
            0.010378990322351456,
            0.03727324306964874
        ],
        [
            0.14723868668079376,
            0.04378008097410202,
            0.0655505359172821
        ],
        [
            0.10094548016786575,
            0.06399007886648178,
            0.10749559104442596
        ],
        [
            0.11100342124700546,
            0.060553811490535736,
            0.10269496589899063
        ],
        [
            0.10812042653560638,
            0.05744539946317673,
            0.09843061864376068
        ],
        [
            0.09970776736736298,
            0.06304018944501877,
            0.10346817970275879
        ],
        [
            0.1153922826051712,
            0.05662660300731659,
            0.09841636568307877
        ],
        [
            0.11367759108543396,
            0.058894358575344086,
            0.10777922719717026
        ],
        [
            0.12484212219715118,
            0.000948561355471611,
            0.04917963221669197
        ],
        [
            0.12283501774072647,
            0.04196987673640251,
            0.0838996097445488
        ],
        [
            0.11650662869215012,
            -0.010189678519964218,
            0.038936857134103775
        ],
        [
            0.11831291764974594,
            -0.0033890772610902786,
            0.06519882380962372
        ],
        [
            0.10955172032117844,
            -0.010982608422636986,
            0.05839499086141586
        ],
        [
            0.10620765388011932,
            -0.022018490359187126,
            0.029333099722862244
        ],
        [
            0.10116972774267197,
            -0.02017861418426037,
            0.04733893275260925
        ],
        [
            0.10678553581237793,
            -0.024725621566176414,
            0.009435437619686127
        ],
        [
            0.10773840546607971,
            -0.022290177643299103,
            0.01850362867116928
        ],
        [
            0.09442412108182907,
            -0.013321846723556519,
            0.06384647637605667
        ],
        [
            0.09640944749116898,
            0.04812714830040932,
            0.1049528419971466
        ],
        [
            0.09710259735584259,
            0.052660804241895676,
            0.10094701498746872
        ],
        [
