{
    "pred_cam": [
        9.67000675201416,
        0.04702083766460419,
        -0.064756840467453
    ],
    "pred_mano_params": {
        "global_orient": [
            [
                [
                    0.7622887492179871,
                    -0.5610852241516113,
                    0.3226442039012909
                ],
                [
                    -0.4665805995464325,
                    -0.8218604922294617,
                    -0.3268759846687317
                ],
                [
                    0.4485737979412079,
                    0.09863434731960297,
                    -0.8882864713668823
                ]
            ]
        ],
        "hand_pose": [
            [
                [
                    0.9377890229225159,
                    -0.1593896746635437,
                    -0.30845847725868225
                ],
                [
                    0.11488194018602371,
                    0.9808070659637451,
                    -0.15754298865795135
                ],
                [
                    0.32764893770217896,
                    0.11230578273534775,
                    0.9381011128425598
                ]
            ],
            [
                [
                    0.7588655352592468,
                    -0.6161268353462219,
                    0.21097587049007416
                ],
                [
                    0.651125431060791,
                    0.7240753769874573,
                    -0.22748742997646332
                ],
                [
                    -0.012601329945027828,
                    0.3100041151046753,
                    0.9506517052650452
                ]
            ],
            [
                [
                    0.7718662023544312,
                    -0.6351904273033142,
                    -0.027489501982927322
                ],
                [
                    0.6348118782043457,
                    0.767572820186615,
                    0.08857689052820206
                ],
                [
                    -0.035162996500730515,
                    -0.08582016825675964,
                    0.9956899285316467
                ]
            ],
            [
                [
                    0.938938319683075,
                    -0.298269122838974,
                    -0.17155282199382782
                ],
                [
                    0.2815929651260376,
                    0.9526121616363525,
                    -0.11504542827606201
                ],
                [
                    0.19773781299591064,
                    0.0597124844789505,
                    0.9784345626831055
                ]
            ],
            [
                [
                    0.7060949802398682,
                    -0.6726452112197876,
                    -0.22131036221981049
                ],
                [
                    0.7080606818199158,
                    0.6746170520782471,
                    0.20866705477237701
                ],
                [
                    0.00894083734601736,
                    -0.30403992533683777,
                    0.952617347240448
                ]
            ],
            [
                [
                    0.8434284329414368,
                    -0.5304884314537048,
                    0.08491488546133041
                ],
                [
                    0.5335049629211426,
                    0.8456432223320007,
                    -0.016126109287142754
                ],
                [
                    -0.06325297802686691,
                    0.058903731405735016,
                    0.9962577223777771
                ]
            ],
            [
                [
                    0.5494110584259033,
                    -0.8343951106071472,
                    -0.04395853728055954
                ],
                [
                    0.7218436002731323,
                    0.4474887549877167,
                    0.5279163122177124
                ],
                [
                    -0.42081981897354126,
                    -0.3217742443084717,
                    0.848158061504364
                ]
            ],
            [
                [
                    0.9632608294487,
                    -0.2318994700908661,
                    -0.1354665607213974
                ],
                [
                    0.21394900977611542,
                    0.9674884676933289,
                    -0.13487733900547028
                ],
                [
                    0.16234031319618225,
                    0.10093913227319717,
                    0.9815583825111389
                ]
            ],
            [
                [
                    0.9437566995620728,
                    0.06538194417953491,
                    0.3241119682788849
                ],
                [
                    -0.1399690806865692,
                    0.9670894742012024,
                    0.21247762441635132
                ],
                [
                    -0.2995530366897583,
                    -0.24589280784130096,
                    0.9218485951423645
                ]
            ],
            [
                [
                    0.7705456018447876,
                    -0.6373633146286011,
                    -0.005248407833278179
                ],
                [
                    0.6372277140617371,
                    0.7705122828483582,
                    -0.015863284468650818
                ],
                [
                    0.014154637232422829,
                    0.008878951892256737,
                    0.999860405921936
                ]
            ],
            [
                [
                    0.9814711213111877,
                    -0.15322579443454742,
                    -0.1150495707988739
                ],
                [
                    0.1834074705839157,
                    0.9250597357749939,
                    0.33260512351989746
                ],
                [
                    0.05546403303742409,
                    -0.34754323959350586,
                    0.936022162437439
                ]
            ],
            [
                [
                    0.8817151188850403,
                    -0.45046210289001465,
                    0.14022231101989746
                ],
                [
                    0.42407941818237305,
                    0.8869816064834595,
                    0.18281206488609314
                ],
                [
                    -0.20672452449798584,
                    -0.10172276943922043,
                    0.9730967879295349
                ]
            ],
            [
                [
                    0.9227362275123596,
                    -0.36491358280181885,
                    0.12407980114221573
                ],
                [
                    0.1543426811695099,
                    0.054844822734594345,
                    -0.9864939451217651
                ],
                [
                    0.3531799018383026,
                    0.9294246435165405,
                    0.10692904144525528
                ]
            ],
            [
                [
                    0.9520853757858276,
                    -0.3050248324871063,
                    -0.02220919169485569
                ],
                [
                    0.25049564242362976,
                    0.7360963821411133,
                    0.6288195848464966
                ],
                [
                    -0.17545747756958008,
                    -0.6042532324790955,
                    0.7772340178489685
                ]
            ],
            [
                [
                    0.9671080708503723,
                    0.23535726964473724,
                    0.09648274630308151
                ],
                [
                    -0.23580403625965118,
                    0.971776008605957,
                    -0.0069087594747543335
                ],
                [
                    -0.09538565576076508,
                    -0.016069505363702774,
                    0.9953106045722961
                ]
            ]
        ],
        "betas": [
            0.023371264338493347,
            0.013276606798171997,
            -0.04244720935821533,
            -0.027002006769180298,
            0.023721009492874146,
            -0.03410256654024124,
            0.03424236178398132,
            -0.061164408922195435,
            0.019418224692344666,
            -0.056377112865448
        ]
    },
    "pred_cam_t": [
        -0.04702083766460419,
        -0.064756840467453,
        4.039552688598633
    ],
    "focal_length": [
        5000.0,
        5000.0
    ],
    "pred_keypoints_3d": [
        [
            0.09562921524047852,
            0.006367911584675312,
            0.006182176060974598
        ],
        [
            0.09427670389413834,
            0.021929264068603516,
            -0.02901323139667511
        ],
        [
            0.09603825956583023,
            0.051984693855047226,
            -0.035321056842803955
        ],
        [
            0.09411943703889847,
            0.07864810526371002,
            -0.039709124714136124
        ],
        [
            0.09191998839378357,
            0.10913186520338058,
            -0.05908390134572983
        ],
        [
            0.038090672343969345,
            0.04497414082288742,
            -0.05217527970671654
        ],
        [
            0.011153791099786758,
            0.06269144266843796,
            -0.05926327407360077
        ],
        [
            0.008750252425670624,
            0.08473272621631622,
            -0.06014998257160187
        ],
        [
            0.019242029637098312,
            0.10665750503540039,
            -0.05509158596396446
        ],
        [
            0.023246601223945618,
            0.05279625952243805,
            -0.03342121094465256
        ],
        [
            0.0010987315326929092,
            0.07523003220558167,
            -0.036766137927770615
        ],
        [
            0.0045060510747134686,
            0.09820929169654846,
            -0.03562837466597557
        ],
        [
            0.017031043767929077,
            0.12035243213176727,
            -0.03678024560213089
        ],
        [
            0.026977509260177612,
            0.05641438439488411,
            -0.007201218046247959
        ],
        [
            0.01675555855035782,
            0.08240401744842529,
            -0.014319907873868942
        ],
        [
            0.016727497801184654,
            0.10718624293804169,
            -0.014168478548526764
        ],
        [
            0.023035483434796333,
            0.1310184746980667,
            -0.01915888860821724
        ],
        [
            0.034892063587903976,
            0.060722168534994125,
            0.012666103430092335
        ],
        [
            0.03761560097336769,
            0.08146372437477112,
            0.009904209524393082
        ],
        [
            0.042652130126953125,
            0.09971588850021362,
            0.00974680483341217
        ],
        [
            0.047234226018190384,
            0.11820707470178604,
            0.0019201859831809998
        ]
    ],
    "pred_vertices": [
        [
            0.07247546315193176,
            0.03911607712507248,
            -0.03154093027114868
        ],
        [
            0.08054225146770477,
            0.03470847010612488,
            -0.025458093732595444
        ],
        [
            0.08096688240766525,
            0.04136405885219574,
            -0.028596315532922745
        ],
        [
            0.07272033393383026,
            0.04341545328497887,
            -0.03795740008354187
        ],
        [
            0.10060325264930725,
            0.03672436252236366,
            -0.01604415848851204
        ],
        [
            0.1099976897239685,
            0.032385505735874176,
            -0.021938439458608627
        ],
        [
            0.10744385421276093,
            0.0471985824406147,
            -0.026095516979694366
        ],
        [
            0.10066279768943787,
            0.0493103489279747,
            -0.019107775762677193
        ],
        [
            0.07259881496429443,
            0.04710433632135391,
            -0.04156893491744995
        ],
        [
            0.08167596161365509,
            0.04803203046321869,
            -0.030905086547136307
        ],
        [
            0.07376676797866821,
            0.048499539494514465,
            -0.041368477046489716
        ],
        [
            0.060863327234983444,
            0.03923609480261803,
            -0.05280887335538864
        ],
        [
            0.06274847686290741,
            0.043016158044338226,
            -0.05034072697162628
        ],
        [
            0.05173628777265549,
            0.036952320486307144,
            -0.05696382746100426
        ],
        [
            0.0611768439412117,
            0.029225511476397514,
            -0.05170905962586403
        ],
        [
            0.04625929147005081,
            0.030253766104578972,
            -0.053639523684978485
        ],
        [
            0.04928237572312355,
            0.015749920159578323,
            -0.02793845534324646
        ],
        [
            0.047179512679576874,
            0.017148219048976898,
            -0.014342078939080238
        ],
        [
            0.03447150066494942,
            0.026167336851358414,
            -0.020182795822620392
        ],
        [
            0.0384037122130394,
            0.024345295503735542,
            -0.03325827792286873
        ],
        [
            0.038121387362480164,
            0.02993713691830635,
            -0.00014620274305343628
        ],
        [
            0.03523370623588562,
            0.028234831988811493,
            -0.011427372694015503
        ],
        [
            0.04759198799729347,
            0.01823735237121582,
            -0.005418108776211739
        ],
        [
            0.0499064177274704,
            0.020397964864969254,
            0.004300005733966827
        ],
        [
            0.07300171256065369,
            0.036403849720954895,
            -0.016271846368908882
        ],
        [
            0.08122289180755615,
            0.032125651836395264,
            -0.011779502034187317
        ],
        [
            0.08030501753091812,
            0.031337521970272064,
            -0.018053000792860985
        ],
        [
            0.0731101781129837,
            0.03616709262132645,
            -0.02201993577182293
        ],
        [
            0.083831787109375,
            0.05531148612499237,
            -0.04292317479848862
        ],
        [
            0.07996377348899841,
            0.038016341626644135,
            -0.048372894525527954
        ],
        [
            0.07458177208900452,
            0.042852096259593964,
            -0.046070508658885956
        ],
        [
            0.0829625055193901,
            0.058140937238931656,
            -0.03813308849930763
        ],
        [
            0.10350585728883743,
            0.02910376898944378,
            0.008116967976093292
        ],
        [
            0.10990782082080841,
            0.017803918570280075,
            0.012024741619825363
        ],
        [
            0.11083624511957169,
            0.015608035027980804,
            0.006495412439107895
        ],
        [
            0.10434088110923767,
            0.02588341012597084,
            0.0038514137268066406
        ],
        [
            0.11240355670452118,
            0.016902416944503784,
            -0.014670155942440033
        ],
        [
            0.11489176750183105,
            0.008692797273397446,
            -0.010066293179988861
        ],
        [
            0.11673369258642197,
            -0.0025157928466796875,
            -0.015488222241401672
        ],
        [
            0.11378955096006393,
            0.00504833459854126,
            -0.02245524898171425
        ],
        [
            0.11040561646223068,
            0.024142418056726456,
            -0.019135799258947372
        ],
        [
            0.11340021342039108,
            0.016047559678554535,
            -0.02787826955318451
        ],
        [
            0.112433522939682,
            0.02686271443963051,
            -0.030954381451010704
        ],
        [
            0.10898172855377197,
            0.04415009543299675,
            -0.03443439304828644
        ],
        [
            0.10587747395038605,
            0.01969211921095848,
            0.024040643125772476
        ],
        [
            0.10103587806224823,
            0.028639934957027435,
            0.022967390716075897
        ],
        [
            0.02097444422543049,
            0.07089592516422272,
            -0.06217494234442711
        ],
        [
            0.0199421476572752,
            0.07248833030462265,
            -0.056441474705934525
        ],
        [
            0.022519966587424278,
            0.06999059021472931,
            -0.05641019344329834
        ],
        [
            0.022796526551246643,
            0.06882261484861374,
            -0.06207849830389023
        ],
        [
            0.08864326775074005,
            0.015256799757480621,
            0.033618275076150894
        ],
        [
            0.08227336406707764,
            0.007478203624486923,
            0.03304595872759819
        ],
        [
            0.08830659836530685,
            0.005044076591730118,
            0.03630684316158295
        ],
        [
            0.09500662982463837,
            0.011527687311172485,
            0.03525097668170929
        ],
        [
            0.0802651047706604,
            0.020183973014354706,
            0.03135804086923599
        ],
        [
            0.07433619350194931,
            0.011198468506336212,
            0.028013575822114944
        ],
        [
            0.010296152904629707,
            0.0660073310136795,
            -0.06737114489078522
        ],
        [
            0.014999601058661938,
            0.06801560521125793,
            -0.06823041290044785
        ],
        [
            0.016086317598819733,
            0.06356334686279297,
            -0.06777399778366089
        ],
        [
            0.012028375640511513,
            0.06073673814535141,
            -0.06581387668848038
        ],
        [
            0.06448229402303696,
            0.04396824911236763,
            -0.0452209897339344
        ],
        [
            0.06531397998332977,
            0.04315875098109245,
            -0.036703139543533325
        ],
        [
            0.0480094775557518,
            0.05117318779230118,
            -0.05242689698934555
        ],
        [
            0.054679691791534424,
            0.04718562588095665,
            -0.045062582939863205
        ],
        [
            0.056546904146671295,
            0.04470464214682579,
            -0.05119514465332031
        ],
        [
            0.04988652840256691,
            0.04695288836956024,
            -0.05678020790219307
        ],
        [
            0.05404803156852722,
            0.047745462507009506,
            -0.02129190042614937
        ],
        [
            0.06324192881584167,
            0.041768211871385574,
            -0.017137903720140457
        ],
        [
            0.06286276876926422,
            0.041447125375270844,
            -0.023800130933523178
        ],
        [
            0.0536193922162056,
            0.04820427671074867,
            -0.029943078756332397
        ],
        [
            0.06393980979919434,
            0.0461738258600235,
            -0.003738218918442726
        ],
        [
            0.05454767867922783,
            0.05121437832713127,
            -0.008830349892377853
        ],
        [
            0.056159745901823044,
            0.05301012471318245,
            -0.0006514918059110641
        ],
        [
            0.0630866289138794,
            0.049983616918325424,
            0.001416107639670372
        ],
        [
            0.03871123492717743,
            0.058827899396419525,
            -0.020504746586084366
        ],
        [
            0.031796324998140335,
            0.06121736764907837,
            -0.02321738749742508
        ],
        [
            0.032266512513160706,
            0.06264299154281616,
            -0.020121389999985695
        ],
        [
            0.03896119445562363,
            0.05898760259151459,
            -0.016887996345758438
        ],
        [
            0.0937526673078537,
            0.0015861466526985168,
            0.03923983871936798
        ],
        [
            0.10095714032649994,
            0.007393382489681244,
            0.036033716052770615
        ],
        [
            0.043942954391241074,
            0.037338003516197205,
            0.019511085003614426
        ],
        [
            0.052131522446870804,
            0.041687726974487305,
            0.025480471551418304
        ],
        [
            0.04306316375732422,
            0.050460364669561386,
            0.02346331812441349
        ],
        [
            0.03569255769252777,
            0.04322561249136925,
            0.01772969402372837
        ],
        [
            0.07764933258295059,
            0.0006861463189125061,
            0.026731710880994797
        ],
        [
            0.08265548944473267,
            -0.0020784810185432434,
            0.03207024186849594
        ],
        [
            0.0061216093599796295,
            0.06509251892566681,
            -0.06282483041286469
        ],
        [
            0.008510848507285118,
            0.05993950739502907,
            -0.060885220766067505
        ],
        [
            0.10694287717342377,
            0.01757073774933815,
            -0.0390450581908226
        ],
        [
            0.10524527728557587,
            0.03962859883904457,
            -0.042530618607997894
        ],
        [
            0.1079358235001564,
            0.0032557398080825806,
            -0.03171990066766739
        ],
        [
            0.10772304981946945,
            -0.005618829280138016,
            -0.02404586598277092
        ],
        [
            0.1102401614189148,
            -0.012425798922777176,
            -0.017837565392255783
        ],
        [
            0.050414398312568665,
            0.05069443956017494,
            -0.04123065620660782
        ],
        [
            0.06680011749267578,
            0.040320925414562225,
            -0.028106750920414925
        ],
        [
            0.07310350984334946,
            0.03740784525871277,
            -0.011148752644658089
        ],
        [
            0.07192573696374893,
            0.0508183129131794,
            0.016492575407028198
        ],
        [
            0.08056995272636414,
            0.04590511694550514,
            0.01960008218884468
        ],
        [
            0.07933685183525085,
            0.04581625014543533,
            0.00901709496974945
        ],
        [
            0.07160282880067825,
            0.04963532090187073,
            0.008560512214899063
        ],
        [
            0.05841147154569626,
            0.049555644392967224,
            0.025716671720147133
        ],
        [
            0.06159655749797821,
            0.05416562035679817,
            0.02007986418902874
        ],
        [
            0.055061426013708115,
            0.05805171653628349,
            0.01764872297644615
        ],
        [
            0.05067484825849533,
            0.05523539334535599,
            0.02312629483640194
        ],
        [
            0.08926714211702347,
            0.05443201959133148,
            -0.04789302870631218
        ],
        [
            0.08648689091205597,
            0.034889258444309235,
            -0.050027258694171906
        ],
        [
            0.09585124254226685,
            0.02235201746225357,
            0.030484316870570183
        ],
        [
            0.10169252753257751,
            0.017188262194395065,
            0.03015076369047165
        ],
        [
            0.10668140649795532,
            0.010501489043235779,
            0.03184615820646286
        ],
        [
            0.09283994883298874,
            0.030193619430065155,
            -0.0035357922315597534
        ],
        [
            0.10488011687994003,
            0.0236053466796875,
            0.0007518045604228973
        ],
        [
            0.10469017177820206,
            0.022509261965751648,
            -0.0038769394159317017
        ],
        [
            0.0915297195315361,
            0.027979739010334015,
            -0.007207497954368591
        ],
        [
            0.08909048140048981,
            0.030538832768797874,
            -0.01726958528161049
        ],
        [
            0.10077420622110367,
            0.026855874806642532,
            -0.013835716992616653
        ],
        [
            0.08946944028139114,
            0.039915699511766434,
            -0.017864596098661423
        ],
        [
            0.11319530010223389,
            0.011595666408538818,
            -0.00046102702617645264
        ],
        [
            0.11769859492778778,
            0.008479814976453781,
            0.009425859898328781
        ],
        [
            0.11908386647701263,
            0.0044924914836883545,
            0.0015436150133609772
        ],
        [
            0.11491300165653229,
            0.010707579553127289,
            0.018554113805294037
        ],
        [
            0.11118519306182861,
            0.01172773540019989,
            0.026567909866571426
        ],
        [
            0.08647340536117554,
            -0.007634557783603668,
            0.03726699575781822
        ],
        [
            0.11889978498220444,
            0.0005894973874092102,
            -0.005738452076911926
        ],
        [
            0.10018463432788849,
            0.05780499428510666,
            -0.023599116131663322
        ],
        [
            0.10016876459121704,
            0.06574254482984543,
            -0.02798439934849739
        ],
        [
            0.09289252758026123,
            0.06520954519510269,
            -0.02668684720993042
        ],
        [
            0.09205223619937897,
            0.05768951028585434,
            -0.022998174652457237
        ],
        [
            0.041793398559093475,
            0.0381290428340435,
            -0.060473453253507614
        ],
        [
            0.04678690806031227,
            0.04357531666755676,
            -0.06030559912323952
        ],
        [
            0.05635262280702591,
            0.040947314351797104,
            -0.0557628758251667
        ],
        [
            0.09473159909248352,
            0.03666967898607254,
            0.009441900998353958
        ],
        [
            0.09318278729915619,
            0.03605671226978302,
            0.021911224350333214
        ],
        [
            0.0432312935590744,
            0.053935226052999496,
            -0.0483529269695282
        ],
        [
            0.013176079839468002,
            0.05627402290701866,
            -0.06498430669307709
        ],
        [
            0.017754288390278816,
            0.059288833290338516,
            -0.06749992072582245
        ],
        [
            0.02871762216091156,
            0.04721072316169739,
            -0.06463352590799332
        ],
        [
            0.023434877395629883,
            0.04394751042127609,
            -0.06183794513344765
        ],
        [
            0.031454067677259445,
            0.05459291487932205,
            -0.0463845320045948
        ],
        [
            0.03745490312576294,
            0.05549367517232895,
            -0.04914772883057594
        ],
        [
            0.034050486981868744,
            0.055986255407333374,
            -0.04890916869044304
        ],
        [
            0.02863300032913685,
            0.05607111006975174,
            -0.04528068006038666
        ],
        [
            0.035856179893016815,
            0.06338168680667877,
            -0.011403379961848259
        ],
        [
            0.04157672077417374,
            0.05999494716525078,
            -0.008717156015336514
        ],
        [
            0.029029464349150658,
            0.03564293682575226,
            -0.03833169490098953
        ],
        [
            0.03299225494265556,
            0.028816090896725655,
            -0.049139685928821564
        ],
        [
            0.042018745094537735,
            0.024547908455133438,
            -0.044662028551101685
        ],
        [
            0.05470816045999527,
            0.04898201674222946,
            -0.013959352858364582
        ],
        [
            0.04639008641242981,
            0.054667554795742035,
            -0.01696837693452835
        ],
        [
            0.046397361904382706,
            0.055385783314704895,
            -0.012920499779284
        ],
        [
            0.046237461268901825,
            0.05280345678329468,
            -0.03955021873116493
        ],
        [
            0.03958699852228165,
            0.055135566741228104,
            -0.043832506984472275
        ],
        [
            0.040595196187496185,
            0.054919496178627014,
            -0.03859522566199303
        ],
        [
            0.04643558710813522,
            0.05250689014792442,
            -0.033889006823301315
        ],
        [
            0.061625756323337555,
            0.03318003565073013,
            0.02851576916873455
        ],
        [
            0.06856255978345871,
            0.04260867089033127,
            0.029055343940854073
        ],
        [
            0.019041933119297028,
            0.06957066059112549,
            -0.06638466566801071
        ],
        [
            0.02036590501666069,
            0.0664704442024231,
            -0.06630542129278183
        ],
        [
            0.06374406814575195,
            0.04314470291137695,
            -0.010071875527501106
        ],
        [
            0.053122974932193756,
            0.01843142881989479,
            -0.03926587104797363
        ],
        [
            0.07339363545179367,
            0.038886912167072296,
            -0.005831955000758171
        ],
        [
            0.028281187638640404,
            0.04957963526248932,
            0.001477017067372799
        ],
        [
            0.03268415480852127,
            0.05758757144212723,
            0.0026793954893946648
        ],
        [
            0.029256442561745644,
            0.060844890773296356,
            -0.00039010681211948395
        ],
        [
            0.024347426369786263,
            0.05654014274477959,
            -0.0014961897395551205
        ],
        [
            0.017936663702130318,
            0.06435562670230865,
            -0.04724429175257683
        ],
        [
            0.02153594419360161,
            0.06750759482383728,
            -0.0504024475812912
        ],
        [
            0.019746903330087662,
            0.06967080384492874,
            -0.050807833671569824
        ],
        [
            0.01502207387238741,
            0.06731686741113663,
            -0.04810795560479164
        ],
        [
            0.04056526720523834,
            0.054303985089063644,
            -0.05392603203654289
        ],
        [
            0.04237012937664986,
            0.050836119800806046,
            -0.05919966474175453
        ],
        [
            0.036435287445783615,
            0.054905056953430176,
            -0.05942157283425331
        ],
        [
            0.0354078970849514,
            0.05630538612604141,
            -0.05380778759717941
        ],
        [
            0.038652680814266205,
            0.046882420778274536,
            -0.06259706616401672
        ],
        [
            0.03364666923880577,
            0.051041681319475174,
            -0.06354361027479172
        ],
        [
            0.01322261244058609,
            0.06000654399394989,
            -0.047686755657196045
        ],
        [
            0.009791696444153786,
            0.056130461394786835,
            -0.053150054067373276
        ],
        [
            0.01922382414340973,
            0.045632608234882355,
            -0.04890672117471695
        ],
        [
            0.02199861779808998,
            0.05208089202642441,
            -0.04541965201497078
        ],
        [
            0.06027199700474739,
            0.010265909135341644,
            0.008810214698314667
        ],
        [
            0.06211262196302414,
            0.014782916754484177,
            0.018807826563715935
        ],
        [
            0.051636382937431335,
            0.024925578385591507,
            0.014658231288194656
        ],
        [
            0.04055827856063843,
            0.03443775698542595,
            0.011296313256025314
        ],
        [
            0.03120705857872963,
            0.04377507418394089,
            0.0069168126210570335
        ],
        [
            0.02771003544330597,
            0.03743115812540054,
            -0.003100525587797165
        ],
        [
            0.05453244596719742,
            0.027630481868982315,
            0.021818382665514946
        ],
        [
            0.02712615579366684,
            0.049324244260787964,
            -0.04233187437057495
        ],
        [
            0.026748444885015488,
            0.03990824520587921,
            -0.0458221361041069
        ],
        [
            0.025958474725484848,
            0.04286275804042816,
            -0.04068199172616005
        ],
        [
            0.07403358817100525,
            0.042559392750263214,
            0.0006402265280485153
        ],
        [
            0.021753214299678802,
            0.06265740841627121,
            -0.06673578172922134
        ],
        [
            0.0894608348608017,
            -0.016086161136627197,
            -0.011317659169435501
        ],
        [
            0.08315076678991318,
            -0.015641111880540848,
            0.0010595545172691345
        ],
        [
            0.078504279255867,
            -0.010525122284889221,
            -0.00449153408408165
        ],
        [
            0.08619295060634613,
            -0.009827114641666412,
            -0.018886364996433258
        ],
        [
            0.024304192513227463,
            0.06823021918535233,
            -0.056789569556713104
        ],
        [
            0.02483026683330536,
            0.06641285866498947,
            -0.06279405951499939
        ],
        [
            0.04156047850847244,
            0.06269735842943192,
            -0.0029498087242245674
        ],
        [
            0.03589141368865967,
            0.06511655449867249,
            -0.00586311100050807
        ],
        [
            0.033455993980169296,
            0.0655849426984787,
            -0.0027162907645106316
        ],
        [
            0.03986416384577751,
            0.0660131573677063,
            0.001112750731408596
        ],
        [
            0.06465538591146469,
            0.016718588769435883,
            0.023854194208979607
        ],
        [
            0.04095207899808884,
            0.05826812982559204,
            0.021675104275345802
        ],
        [
            0.033000484108924866,
            0.05135664343833923,
            0.016465872526168823
        ],
        [
            0.07114871591329575,
            0.005808044224977493,
            0.022021688520908356
        ],
        [
            0.06918586790561676,
            0.0013312064111232758,
            0.013562001287937164
        ],
        [
            0.07555461674928665,
            -0.004879847168922424,
            0.017535055056214333
        ],
        [
            0.024739567190408707,
            0.03967568278312683,
            -0.01809101551771164
        ],
        [
            0.058144569396972656,
            0.008827745914459229,
            0.0005243625491857529
        ],
        [
            0.06815338134765625,
            -7.89351761341095e-05,
            0.006094083189964294
        ],
        [
            0.07570206373929977,
            -0.0075718313455581665,
            0.010498691350221634
        ],
        [
            0.08055254817008972,
            -0.013098608702421188,
            0.014390960335731506
        ],
        [
            0.08002238720655441,
            -0.009472288191318512,
            0.021678052842617035
        ],
        [
            0.01051655225455761,
            0.055522847920656204,
            -0.059282902628183365
        ],
        [
            0.006610088050365448,
            0.061048224568367004,
            -0.05417988821864128
        ],
        [
            0.08390994369983673,
            -0.015712793916463852,
            0.026994574815034866
        ],
        [
            0.08485119044780731,
            -0.019093558192253113,
            0.01840343326330185
        ],
        [
            0.06835198402404785,
            -0.001692797988653183,
            -0.003011126071214676
        ],
        [
            0.06998724490404129,
            -0.0021885111927986145,
            -0.015035726130008698
        ],
        [
            0.05881837010383606,
            0.007175896316766739,
            -0.008052317425608635
        ],
        [
            0.05941986292600632,
            0.007066793739795685,
            -0.019921498373150826
        ],
        [
            0.025654921308159828,
            0.03218240663409233,
            -0.02575480379164219
        ],
        [
            0.0026908013969659805,
            0.07968471944332123,
            -0.05475137382745743
        ],
        [
            0.005900495685636997,
            0.06917352974414825,
            -0.051449649035930634
        ],
        [
            0.011143743991851807,
            0.07097066193819046,
            -0.049621228128671646
        ],
        [
            0.005894080735743046,
            0.08015114068984985,
            -0.05183231085538864
        ],
        [
            0.010154599323868752,
            0.064181387424469,
            -0.04899165779352188
        ],
        [
            0.004177517257630825,
            0.0664912685751915,
            -0.05618923157453537
        ],
        [
            0.06526917964220047,
            0.010376498103141785,
            -0.03461690619587898
        ],
        [
            0.03337285667657852,
            0.056751664727926254,
            -0.04165877401828766
        ],
        [
            0.07985106110572815,
            0.0024760067462921143,
            -0.03198593109846115
        ],
        [
            0.0703783854842186,
            0.021039031445980072,
            -0.0483412891626358
        ],
        [
            0.0829259380698204,
            0.017210204154253006,
            -0.046078454703092575
        ],
        [
            0.09633312374353409,
            -0.005244918167591095,
            -0.02947632595896721
        ],
        [
            0.09650833904743195,
            0.009092777967453003,
            -0.04156024381518364
        ],
        [
            0.10144905745983124,
            -0.0181892067193985,
            -0.014523431658744812
        ],
        [
            0.09742337465286255,
            -0.012279696762561798,
            -0.020857270807027817
        ],
        [
