{
    "pred_cam": [
        8.2792387008667,
        0.047331757843494415,
        -0.062379226088523865
    ],
    "pred_mano_params": {
        "global_orient": [
            [
                [
                    0.7769558429718018,
                    -0.5668895244598389,
                    0.2738174498081207
                ],
                [
                    -0.4861365258693695,
                    -0.8165940046310425,
                    -0.3112000823020935
                ],
                [
                    0.4000137448310852,
                    0.10867602378129959,
                    -0.9100431799888611
                ]
            ]
        ],
        "hand_pose": [
            [
                [
                    0.9389171004295349,
                    -0.1976470947265625,
                    -0.28172731399536133
                ],
                [
                    0.14860817790031433,
                    0.97122722864151,
                    -0.18610012531280518
                ],
                [
                    0.31040337681770325,
                    0.13286560773849487,
                    0.9412738084793091
                ]
            ],
            [
                [
                    0.7396928668022156,
                    -0.6401299834251404,
                    0.20757687091827393
                ],
                [
                    0.6726704835891724,
                    0.7121416926383972,
                    -0.2009197324514389
                ],
                [
                    -0.019209394231438637,
                    0.2882497012615204,
                    0.957362711429596
                ]
            ],
            [
                [
                    0.7794691324234009,
                    -0.6261628866195679,
                    -0.01865330897271633
                ],
                [
                    0.6245813369750977,
                    0.7745183706283569,
                    0.10009731352329254
                ],
                [
                    -0.048229895532131195,
                    -0.08967326581478119,
                    0.9948028326034546
                ]
            ],
            [
                [
                    0.9603322744369507,
                    -0.24220970273017883,
                    -0.13819001615047455
                ],
                [
                    0.22500136494636536,
                    0.9657663106918335,
                    -0.12911146879196167
                ],
                [
                    0.16473132371902466,
                    0.0928969532251358,
                    0.9819540977478027
                ]
            ],
            [
                [
                    0.6813027858734131,
                    -0.6991916298866272,
                    -0.21669694781303406
                ],
                [
                    0.7319419980049133,
                    0.6469326019287109,
                    0.21386690437793732
                ],
                [
                    -0.009345623664557934,
                    -0.30431774258613586,
                    0.952524721622467
                ]
            ],
            [
                [
                    0.8298491835594177,
                    -0.5494222640991211,
                    0.09739383310079575
                ],
                [
                    0.5526793003082275,
                    0.8333559036254883,
                    -0.007969452068209648
                ],
                [
                    -0.0767851322889328,
                    0.060440998524427414,
                    0.99521404504776
                ]
            ],
            [
                [
                    0.35785895586013794,
                    -0.9130710959434509,
                    -0.19554577767848969
                ],
                [
                    0.7297330498695374,
                    0.1428029090166092,
                    0.668653130531311
                ],
                [
                    -0.5826033353805542,
                    -0.38197973370552063,
                    0.7174014449119568
                ]
            ],
            [
                [
                    0.9349859356880188,
                    -0.34717467427253723,
                    -0.072601817548275
                ],
                [
                    0.32739153504371643,
                    0.9235062003135681,
                    -0.1998775452375412
                ],
                [
                    0.13644064962863922,
                    0.16311347484588623,
                    0.9771273732185364
                ]
            ],
            [
                [
                    0.9546800255775452,
                    0.17968234419822693,
                    0.23727688193321228
                ],
                [
                    -0.2500990331172943,
                    0.9164916276931763,
                    0.3122396767139435
                ],
                [
                    -0.16135834157466888,
                    -0.35743170976638794,
                    0.9198946356773376
                ]
            ],
            [
                [
                    0.785682737827301,
                    -0.6184022426605225,
                    0.01677575148642063
                ],
                [
                    0.6184757351875305,
                    0.7858033180236816,
                    0.0010059783235192299
                ],
                [
                    -0.013804539106786251,
                    0.00958501361310482,
                    0.9998589158058167
                ]
            ],
            [
                [
                    0.9851580262184143,
                    -0.1177283450961113,
                    -0.12491451948881149
                ],
                [
                    0.15241342782974243,
                    0.9346981644630432,
                    0.321106493473053
                ],
                [
                    0.0789540559053421,
                    -0.33537933230400085,
                    0.9387688040733337
                ]
            ],
            [
                [
                    0.8894181251525879,
                    -0.425042062997818,
                    0.16815032064914703
                ],
                [
                    0.393667995929718,
                    0.8992388844490051,
                    0.1907748132944107
                ],
                [
                    -0.23229461908340454,
                    -0.10348320007324219,
                    0.9671248197555542
                ]
            ],
            [
                [
                    0.9218467473983765,
                    -0.370770663022995,
                    0.11281709372997284
                ],
                [
                    0.1322857290506363,
                    0.02741406112909317,
                    -0.9908324480056763
                ],
                [
                    0.3642788529396057,
                    0.9283197522163391,
                    0.07431922852993011
                ]
            ],
            [
                [
                    0.9566890597343445,
                    -0.29073283076286316,
                    0.014850353822112083
                ],
                [
                    0.21091483533382416,
                    0.7273937463760376,
                    0.6530032753944397
                ],
                [
                    -0.20065152645111084,
                    -0.6215888857841492,
                    0.7572094798088074
                ]
            ],
            [
                [
                    0.976076602935791,
                    0.19991269707679749,
                    0.08549480140209198
                ],
                [
                    -0.20029491186141968,
                    0.9797267913818359,
                    -0.004171433392912149
                ],
                [
                    -0.0845954641699791,
                    -0.013052535243332386,
                    0.9963299036026001
                ]
            ]
        ],
        "betas": [
            0.033851221203804016,
            0.018502861261367798,
            -0.07930856943130493,
            -0.02657344937324524,
            0.021825283765792847,
            -0.06832196563482285,
            0.06320582330226898,
            -0.0791333019733429,
            0.03180472552776337,
            -0.06550022959709167
        ]
    },
    "pred_cam_t": [
        -0.047331757843494415,
        -0.062379226088523865,
        4.718127250671387
    ],
    "focal_length": [
        5000.0,
        5000.0
    ],
    "pred_keypoints_3d": [
        [
            0.09561574459075928,
            0.006359384395182133,
            0.0061780596151947975
        ],
        [
            0.09273114055395126,
            0.022727008908987045,
            -0.02851736545562744
        ],
        [
            0.09392330050468445,
            0.053078148514032364,
            -0.03338873013854027
        ],
        [
            0.0920102521777153,
            0.07976220548152924,
            -0.037698760628700256
        ],
        [
            0.0894945040345192,
            0.1107366755604744,
            -0.05607270821928978
        ],
        [
            0.03580789640545845,
            0.04698865860700607,
            -0.04836594685912132
        ],
        [
            0.009541137143969536,
            0.066044881939888,
            -0.05451108142733574
        ],
        [
            0.008724805898964405,
            0.08822806179523468,
            -0.054673776030540466
        ],
        [
            0.020833609625697136,
            0.10932189226150513,
            -0.0497329905629158
        ],
        [
            0.022033996880054474,
            0.05456070974469185,
            -0.028749529272317886
        ],
        [
            -0.0012726504355669022,
            0.07584058493375778,
            -0.031594712287187576
        ],
        [
            0.0018581226468086243,
            0.09887119382619858,
            -0.030746465548872948
        ],
        [
            0.014571340754628181,
            0.12080992758274078,
            -0.03269774466753006
        ],
        [
            0.02712244540452957,
            0.05753667280077934,
            -0.0027007581666111946
        ],
        [
            0.01647358201444149,
            0.08340125530958176,
            -0.009616847150027752
        ],
        [
            0.015422206372022629,
            0.10816669464111328,
            -0.009377831593155861
        ],
        [
            0.01970403641462326,
            0.13226425647735596,
            -0.015191290527582169
        ],
        [
            0.036071501672267914,
            0.06129975616931915,
            0.016812659800052643
        ],
        [
            0.045214682817459106,
            0.0797518938779831,
            0.012221300043165684
        ],
        [
            0.056809186935424805,
            0.0945468470454216,
            0.009936625137925148
        ],
        [
            0.06801270693540573,
            0.11140149086713791,
            0.0012026578187942505
        ]
    ],
    "pred_vertices": [
        [
            0.07100234925746918,
            0.0401083342730999,
            -0.02955504134297371
        ],
        [
            0.07923255860805511,
            0.035336561501026154,
            -0.023975849151611328
        ],
        [
            0.07934707403182983,
            0.042009592056274414,
            -0.026756014674901962
        ],
        [
            0.07086558640003204,
            0.04450707510113716,
            -0.03577352687716484
        ],
        [
            0.09937122464179993,
            0.03712465614080429,
            -0.015007259324193
        ],
        [
            0.1084926575422287,
            0.03304013982415199,
            -0.021385692059993744
        ],
        [
            0.10562390089035034,
            0.04802735894918442,
            -0.02476363256573677
        ],
        [
            0.09913161396980286,
            0.049983419477939606,
            -0.017546722665429115
        ],
        [
            0.07044471800327301,
            0.04833748936653137,
            -0.039163362234830856
        ],
        [
            0.079817995429039,
            0.04884452000260353,
            -0.028775637969374657
        ],
        [
            0.07150702178478241,
            0.04984869807958603,
            -0.03891104832291603
        ],
        [
            0.05824767053127289,
            0.0409487709403038,
            -0.050087787210941315
        ],
        [
            0.06033334136009216,
            0.0446353442966938,
            -0.047664038836956024
        ],
        [
            0.049035314470529556,
            0.038876861333847046,
            -0.053907230496406555
        ],
        [
            0.058532536029815674,
            0.030961018055677414,
            -0.04923658072948456
        ],
        [
            0.043625857681035995,
            0.03219493106007576,
            -0.05052816867828369
        ],
        [
            0.04780378192663193,
            0.01711319014430046,
            -0.025357680395245552
        ],
        [
            0.04636995494365692,
            0.01821126416325569,
            -0.011662907898426056
        ],
        [
            0.033617399632930756,
            0.027498461306095123,
            -0.01663576439023018
        ],
        [
            0.03684776648879051,
            0.025953007861971855,
            -0.029923107475042343
        ],
        [
            0.03799072653055191,
            0.030797362327575684,
            0.0032670600339770317
        ],
        [
            0.03474286198616028,
            0.029353067278862,
            -0.00789673998951912
        ],
        [
            0.0471990704536438,
            0.019098006188869476,
            -0.002766713500022888
        ],
        [
            0.04993690922856331,
            0.021016716957092285,
            0.006861990317702293
        ],
        [
            0.07231134921312332,
            0.03713413327932358,
            -0.014431299641728401
        ],
        [
            0.08070625364780426,
            0.032645393162965775,
            -0.010480333119630814
        ],
        [
            0.0794534683227539,
            0.031923700124025345,
            -0.016744134947657585
        ],
        [
            0.07212376594543457,
            0.036993689835071564,
            -0.020187582820653915
        ],
        [
            0.08141163736581802,
            0.056531161069869995,
            -0.04064752534031868
        ],
        [
            0.07735559344291687,
            0.03949624300003052,
            -0.04632054641842842
        ],
        [
            0.0720871314406395,
            0.04429919272661209,
            -0.043741073459386826
        ],
        [
            0.08072933554649353,
            0.059342287480831146,
            -0.035822510719299316
        ],
        [
            0.10388419032096863,
            0.02890816517174244,
            0.008260607719421387
        ],
        [
            0.11031936854124069,
            0.017448142170906067,
            0.011590788140892982
        ],
        [
            0.11094781011343002,
            0.015372838824987411,
            0.005970213562250137
        ],
        [
            0.10448939353227615,
            0.025780819356441498,
            0.003870021551847458
        ],
        [
            0.11149510741233826,
            0.01727473735809326,
            -0.015201251953840256
        ],
        [
            0.11413851380348206,
            0.008904244750738144,
            -0.010933171957731247
        ],
        [
            0.11552052199840546,
            -0.002163320779800415,
            -0.01667860522866249
        ],
        [
            0.11236308515071869,
            0.005713567137718201,
            -0.023282863199710846
        ],
        [
            0.10917285084724426,
            0.024621881544589996,
            -0.019184274598956108
        ],
        [
            0.11174602806568146,
            0.016920942813158035,
            -0.02826511673629284
        ],
        [
            0.11057142913341522,
            0.027851033955812454,
            -0.030613847076892853
        ],
        [
            0.1068158745765686,
            0.045105885714292526,
            -0.033191051334142685
        ],
        [
            0.10690055787563324,
            0.019093941897153854,
            0.023822540417313576
        ],
        [
            0.1021280437707901,
            0.0281280055642128,
            0.02319745533168316
        ],
        [
            0.019814128056168556,
            0.07366016507148743,
            -0.057444363832473755
        ],
        [
            0.01905139721930027,
            0.07512544840574265,
            -0.051640745252370834
        ],
        [
            0.021316874772310257,
            0.07259909808635712,
            -0.05167001858353615
        ],
        [
            0.021404938772320747,
            0.07158029079437256,
            -0.05739178508520126
        ],
        [
            0.09006673097610474,
            0.014653827995061874,
            0.034114476293325424
        ],
        [
            0.08358490467071533,
            0.006993841379880905,
            0.03364570438861847
        ],
        [
            0.08973079919815063,
            0.004395484924316406,
            0.036540575325489044
        ],
        [
            0.09645340591669083,
            0.010796740651130676,
            0.03532950580120087
        ],
        [
            0.08163304626941681,
            0.01972462609410286,
            0.03244326263666153
        ],
        [
            0.07545205950737,
            0.010929562151432037,
            0.029132017865777016
        ],
        [
            0.008679679594933987,
            0.0697660893201828,
            -0.06252111494541168
        ],
        [
            0.013495118357241154,
            0.07145753502845764,
            -0.06342551112174988
        ],
        [
            0.014230224303901196,
            0.06697984784841537,
            -0.06313128769397736
        ],
        [
            0.00999717228114605,
            0.06439657509326935,
            -0.061208441853523254
        ],
        [
            0.06240513548254967,
            0.04542472958564758,
            -0.04266887158155441
        ],
        [
            0.0636925920844078,
            0.044413622468709946,
            -0.03427481651306152
        ],
        [
            0.04590776562690735,
            0.05302092805504799,
            -0.04876668378710747
        ],
        [
            0.05274692922830582,
            0.048785533756017685,
            -0.04199310764670372
        ],
        [
            0.054274458438158035,
            0.046413522213697433,
            -0.048207495361566544
        ],
        [
            0.04753468185663223,
            0.048906199634075165,
            -0.05331594496965408
        ],
        [
            0.053293824195861816,
            0.048800960183143616,
            -0.018262241035699844
        ],
        [
            0.06259523332118988,
            0.042625073343515396,
            -0.014692405238747597
        ],
        [
            0.06188424676656723,
            0.042463526129722595,
            -0.021335819736123085
        ],
        [
            0.05244328826665878,
            0.049479395151138306,
            -0.026867058128118515
        ],
        [
            0.06404927372932434,
            0.04666445031762123,
            -0.001257156953215599
        ],
        [
            0.05449232459068298,
            0.05187780037522316,
            -0.005770375020802021
        ],
        [
            0.056627094745635986,
            0.0533570758998394,
            0.0023456737399101257
        ],
        [
            0.06355442106723785,
            0.05031701177358627,
            0.0040097469463944435
        ],
        [
            0.03813358396291733,
            0.06019192561507225,
            -0.016458580270409584
        ],
        [
            0.030807137489318848,
            0.06275509297847748,
            -0.018761467188596725
        ],
        [
            0.03170143812894821,
            0.06393810361623764,
            -0.015762075781822205
        ],
        [
            0.03870879486203194,
            0.060170624405145645,
            -0.012918699532747269
        ],
        [
            0.09525471925735474,
            0.000787883996963501,
            0.039122555404901505
        ],
        [
            0.10237173736095428,
            0.006557885557413101,
            0.03572195768356323
        ],
        [
            0.04455146938562393,
            0.03773782029747963,
            0.022913066670298576
        ],
        [
            0.05322766304016113,
            0.04156523942947388,
            0.02850710228085518
        ],
        [
            0.044326525181531906,
            0.05081550031900406,
            0.02687472477555275
        ],
        [
            0.03604552894830704,
            0.04396573081612587,
            0.021574338898062706
        ],
        [
            0.07858020812273026,
            0.0004422217607498169,
            0.02741599828004837
        ],
        [
            0.08379950374364853,
            -0.002514846622943878,
            0.03241864591836929
        ],
        [
            0.004546484909951687,
            0.06898796558380127,
            -0.05791307985782623
        ],
        [
            0.006432831287384033,
            0.06369722634553909,
            -0.0562579445540905
        ],
        [
            0.10476908087730408,
            0.01887037232518196,
            -0.03886701166629791
        ],
        [
            0.10281990468502045,
            0.04080957919359207,
            -0.04128735512495041
        ],
        [
            0.10607375204563141,
            0.00430687889456749,
            -0.03224235028028488
        ],
        [
            0.10609731078147888,
            -0.004856910556554794,
            -0.02485857531428337
        ],
        [
            0.10877176374197006,
            -0.011919431388378143,
            -0.01895711198449135
        ],
        [
            0.048701122403144836,
            0.052237752825021744,
            -0.037866875529289246
        ],
        [
            0.06557618081569672,
            0.0413745641708374,
            -0.025844454765319824
        ],
        [
            0.0726858526468277,
            0.038028910756111145,
            -0.009295208379626274
        ],
        [
            0.07308854162693024,
            0.0506683886051178,
            0.01870477944612503
        ],
        [
            0.08173993974924088,
            0.04565979540348053,
            0.021276094019412994
        ],
        [
            0.08003737032413483,
            0.04585444927215576,
            0.010734712705016136
        ],
        [
            0.0723920613527298,
            0.04971303790807724,
            0.010739363729953766
        ],
        [
            0.059836648404598236,
            0.04925122112035751,
            0.02861175872385502
        ],
        [
            0.0630459189414978,
            0.053850576281547546,
            0.022946804761886597
        ],
        [
            0.05688052624464035,
            0.05759561061859131,
            0.020873146131634712
        ],
        [
            0.05227039009332657,
            0.05499109625816345,
            0.02641269750893116
        ],
        [
            0.086672343313694,
            0.055674534291028976,
            -0.045757945626974106
        ],
        [
            0.08380194008350372,
            0.03642122820019722,
            -0.04825331270694733
        ],
        [
            0.09721162170171738,
            0.02172655612230301,
            0.030815409496426582
        ],
        [
            0.10297320038080215,
            0.016495950520038605,
            0.030072815716266632
        ],
        [
            0.10793130099773407,
            0.009688667953014374,
            0.03134917840361595
        ],
        [
            0.09270216524600983,
            0.03038954921066761,
            -0.0028736665844917297
        ],
        [
            0.10486200451850891,
            0.0235716812312603,
            0.0006769970059394836
        ],
        [
            0.10444743931293488,
            0.022589873522520065,
            -0.003991968929767609
        ],
        [
            0.09120010584592819,
            0.028246711939573288,
            -0.006571618840098381
        ],
        [
            0.08803253620862961,
            0.03081362321972847,
            -0.01626761257648468
        ],
        [
            0.09987998008728027,
            0.02707100287079811,
            -0.013501901179552078
        ],
        [
            0.08818916976451874,
            0.04025060683488846,
            -0.01632562279701233
        ],
        [
            0.11292089521884918,
            0.011522147804498672,
            -0.0011909864842891693
        ],
        [
            0.11782220005989075,
            0.00807667151093483,
            0.00839342549443245
        ],
        [
            0.11876262724399567,
            0.004278749227523804,
            0.00036649033427238464
        ],
        [
            0.11551816761493683,
            0.010117679834365845,
            0.017689356580376625
        ],
        [
            0.11219432950019836,
            0.010985814034938812,
            0.025887586176395416
        ],
        [
            0.0877685397863388,
            -0.00824795663356781,
            0.037288445979356766
        ],
        [
            0.11817923188209534,
            0.0005857385694980621,
            -0.0069845691323280334
        ],
        [
            0.09841663390398026,
            0.05862830579280853,
            -0.021858341991901398
        ],
        [
            0.09831827878952026,
            0.06667183339595795,
            -0.026205241680145264
        ],
        [
            0.09108231961727142,
            0.06620751321315765,
            -0.02467508614063263
        ],
        [
            0.09032921493053436,
            0.05856885761022568,
            -0.02097936160862446
        ],
        [
            0.03917556628584862,
            0.040384165942668915,
            -0.05698208883404732
        ],
        [
            0.04427577927708626,
            0.04571567848324776,
            -0.056805483996868134
        ],
        [
            0.05376653000712395,
            0.04277927055954933,
            -0.05282319337129593
        ],
        [
            0.09528671205043793,
            0.03655250370502472,
            0.01019342802464962
        ],
        [
            0.0943254679441452,
            0.03566386178135872,
            0.022705290466547012
        ],
        [
            0.04131058603525162,
            0.05574128404259682,
            -0.04443756863474846
        ],
        [
            0.01109423115849495,
            0.05984871834516525,
            -0.06050753965973854
        ],
        [
            0.015807203948497772,
            0.06268368661403656,
            -0.06297343224287033
        ],
        [
            0.026561569422483444,
            0.0501096248626709,
            -0.060604844242334366
        ],
        [
            0.021173648536205292,
            0.04694719240069389,
            -0.05785951390862465
        ],
        [
            0.029576091095805168,
            0.056643348187208176,
            -0.04211339354515076
        ],
        [
            0.03561852499842644,
            0.057491470128297806,
            -0.044951051473617554
        ],
        [
            0.03228611499071121,
            0.05808575451374054,
            -0.04464195668697357
        ],
        [
            0.026901938021183014,
            0.05823924392461777,
            -0.04096236079931259
        ],
        [
            0.03602335602045059,
            0.06473756581544876,
            -0.007301271427422762
        ],
        [
            0.042075641453266144,
            0.06101970374584198,
            -0.004973136819899082
        ],
        [
            0.027414927259087563,
            0.037503745406866074,
            -0.03426051884889603
        ],
        [
            0.030576959252357483,
            0.030895648524165154,
            -0.0455225370824337
        ],
        [
            0.03979826346039772,
            0.026352684944868088,
            -0.04150388389825821
        ],
        [
            0.0543401837348938,
            0.04982069134712219,
            -0.010949650779366493
        ],
        [
            0.04598132520914078,
            0.0556953102350235,
            -0.01343089621514082
        ],
        [
            0.04627123102545738,
            0.05625629052519798,
            -0.009391670115292072
        ],
        [
            0.04462612420320511,
            0.05437423288822174,
            -0.035949818789958954
        ],
        [
            0.037786804139614105,
            0.056894510984420776,
            -0.03979702293872833
        ],
        [
            0.03904831409454346,
            0.05662737786769867,
            -0.034669000655412674
        ],
        [
            0.04512496292591095,
            0.05398057401180267,
            -0.030350394546985626
        ],
        [
            0.06287281215190887,
            0.03294295445084572,
            0.0308751929551363
        ],
        [
            0.07004750519990921,
            0.04222041368484497,
            0.03126746416091919
        ],
        [
            0.017680145800113678,
            0.07263533771038055,
            -0.0616348534822464
        ],
        [
            0.018730979412794113,
            0.0695420578122139,
            -0.061647672206163406
        ],
        [
            0.06347526609897614,
            0.043810583651065826,
            -0.0076369792222976685
        ],
        [
            0.05108888819813728,
            0.019993305206298828,
            -0.0367853045463562
        ],
        [
            0.07326576858758926,
            0.03938089683651924,
            -0.003968946635723114
        ],
        [
            0.028898173943161964,
            0.05079308897256851,
            0.005735304206609726
        ],
        [
            0.03406572341918945,
            0.05882773548364639,
            0.006638862192630768
        ],
        [
            0.030217915773391724,
            0.06220318377017975,
            0.0039099641144275665
        ],
        [
            0.025005660951137543,
            0.05780910700559616,
            0.003071325831115246
        ],
        [
            0.016535017639398575,
            0.06704003363847733,
            -0.042558636516332626
        ],
        [
            0.02026563510298729,
            0.07011493295431137,
            -0.04563017934560776
        ],
        [
            0.01860646903514862,
            0.07224644720554352,
            -0.04603949934244156
        ],
        [
            0.013767248019576073,
            0.07011173665523529,
            -0.043336570262908936
        ],
        [
            0.03865299001336098,
            0.05639922618865967,
            -0.04981221631169319
        ],
        [
            0.04024875909090042,
            0.05309327691793442,
            -0.055256448686122894
        ],
        [
            0.03457091748714447,
            0.057337358593940735,
            -0.05518981069326401
        ],
        [
            0.03362979739904404,
            0.058548327535390854,
            -0.049519915133714676
        ],
        [
            0.036412544548511505,
            0.04938488081097603,
            -0.05871228501200676
        ],
        [
            0.031634844839572906,
            0.05372197926044464,
            -0.05943046137690544
        ],
        [
            0.011550240218639374,
            0.06298795342445374,
            -0.043074831366539
        ],
        [
            0.0077940188348293304,
            0.05953279510140419,
            -0.0486203134059906
        ],
        [
            0.017143994569778442,
            0.04835750162601471,
            -0.04481730982661247
        ],
        [
            0.020132899284362793,
            0.05454365164041519,
            -0.04114989563822746
        ],
        [
            0.06044112890958786,
            0.010654877871274948,
            0.01062079519033432
        ],
        [
            0.06279813498258591,
            0.014896012842655182,
            0.020619235932826996
        ],
        [
            0.05212917923927307,
            0.025267697870731354,
            0.017236817628145218
        ],
        [
            0.04083992540836334,
            0.03511132299900055,
            0.014650614932179451
        ],
        [
            0.03137725591659546,
            0.044776447117328644,
            0.010937266983091831
        ],
        [
            0.027689944952726364,
            0.03846445679664612,
            0.0010243570432066917
        ],
        [
            0.05538790673017502,
            0.027743175625801086,
            0.024340486153960228
        ],
        [
            0.025324055925011635,
            0.05112002417445183,
            -0.03789849579334259
        ],
        [
            0.024728994816541672,
            0.04208448529243469,
            -0.04177522286772728
        ],
        [
            0.024327117949724197,
            0.04458293691277504,
            -0.03626519814133644
        ],
        [
            0.07428248226642609,
            0.04287330061197281,
            0.0025519486516714096
        ],
        [
            0.020030144602060318,
            0.06583011150360107,
            -0.06213534623384476
        ],
        [
            0.08827108144760132,
            -0.015515975654125214,
            -0.01151854544878006
        ],
        [
            0.08257937431335449,
            -0.015301909297704697,
            0.0011616945266723633
        ],
        [
            0.07775290310382843,
            -0.010001927614212036,
            -0.004015736281871796
        ],
        [
            0.0847572609782219,
            -0.00901871919631958,
            -0.01876433566212654
        ],
        [
            0.022995147854089737,
            0.07094055414199829,
            -0.05200805142521858
        ],
        [
            0.02336069382727146,
            0.06929267197847366,
            -0.05809827521443367
        ],
        [
            0.04285495728254318,
            0.06362319737672806,
            0.0006599854677915573
        ],
        [
            0.03660351783037186,
            0.0665389746427536,
            -0.0018069618381559849
        ],
        [
            0.034326568245887756,
            0.06704357266426086,
            0.0014341026544570923
        ],
        [
            0.041776061058044434,
            0.06692234426736832,
            0.004750696010887623
        ],
        [
            0.06558936834335327,
            0.016666512936353683,
            0.025605889037251472
        ],
        [
            0.04343682527542114,
            0.05927614867687225,
            0.02503729611635208
        ],
        [
            0.0343065969645977,
            0.05297166109085083,
            0.020055867731571198
        ],
        [
            0.07191616296768188,
            0.005754400044679642,
            0.023162100464105606
        ],
        [
            0.06949420273303986,
            0.0015167705714702606,
            0.01471317745745182
        ],
        [
            0.07597515732049942,
            -0.004854332655668259,
            0.01821289211511612
        ],
        [
            0.024203024804592133,
            0.04100869968533516,
            -0.013760974630713463
        ],
        [
            0.05792263150215149,
            0.009440626949071884,
            0.0024261772632598877
        ],
        [
            0.06808070093393326,
            0.0002964511513710022,
            0.007285198196768761
        ],
        [
            0.07573310285806656,
            -0.007381439208984375,
            0.011132428422570229
        ],
        [
            0.08068276941776276,
            -0.013049498200416565,
            0.01464126631617546
        ],
        [
            0.08056776225566864,
            -0.00959409773349762,
            0.022008538246154785
        ],
        [
            0.008396713063120842,
            0.0590793751180172,
            -0.05480584874749184
        ],
        [
            0.004753319546580315,
            0.06469105184078217,
            -0.049457039684057236
        ],
        [
            0.08459694683551788,
            -0.016008451581001282,
            0.02697022072970867
        ],
        [
            0.08505856990814209,
            -0.019187908619642258,
            0.018282450735569
        ],
        [
            0.06781172007322311,
            -0.0011012889444828033,
            -0.0018368959426879883
        ],
        [
            0.06886748969554901,
            -0.0013148337602615356,
            -0.013926651328802109
        ],
        [
            0.05815946310758591,
            0.007979311048984528,
            -0.006189621984958649
        ],
        [
            0.05819452553987503,
            0.008143261075019836,
            -0.018065132200717926
        ],
        [
            0.024853063747286797,
            0.03376953303813934,
            -0.02157994545996189
        ],
        [
            0.0025353189557790756,
            0.08343440294265747,
            -0.049208901822566986
        ],
        [
            0.004928805865347385,
            0.07266475260257721,
            -0.04637255519628525
        ],
        [
            0.010339444503188133,
            0.07400214672088623,
            -0.044640544801950455
        ],
        [
            0.005858965218067169,
            0.08361341059207916,
            -0.04640685394406319
        ],
        [
            0.008660310879349709,
            0.06736819446086884,
            -0.04422721266746521
        ],
        [
            0.002874479629099369,
            0.07028930634260178,
            -0.051156897097826004
        ],
        [
            0.06334812939167023,
            0.011730436235666275,
            -0.03293043375015259
        ],
        [
            0.03158041089773178,
            0.058565426617860794,
            -0.03731699660420418
        ],
        [
            0.07796895503997803,
            0.0036888979375362396,
            -0.031214842572808266
        ],
        [
            0.06781093776226044,
            0.022671885788440704,
            -0.04647297039628029
        ],
        [
            0.08044134080410004,
            0.01875520497560501,
            -0.044890742748975754
        ],
        [
            0.09449377655982971,
            -0.004185117781162262,
            -0.029699986800551414
        ],
        [
            0.09422518312931061,
            0.01052996888756752,
            -0.041283465921878815
        ],
        [
            0.10006047040224075,
            -0.017674311995506287,
            -0.015355914831161499
        ],
        [
            0.09585502743721008,
            -0.011516585946083069,
            -0.021334942430257797
        ],
        [
            0.09442239999771118,
