{
    "pred_cam": [
        12.738693237304688,
        0.10193478316068649,
        -0.04519259184598923
    ],
    "pred_mano_params": {
        "global_orient": [
            [
                [
                    -0.5590683817863464,
                    0.7799437046051025,
                    0.28130096197128296
                ],
                [
                    -0.4912206530570984,
                    -0.0382583923637867,
                    -0.8701944351196289
                ],
                [
                    -0.667940616607666,
                    -0.6246791481971741,
                    0.40451353788375854
                ]
            ]
        ],
        "hand_pose": [
            [
                [
                    0.4385484457015991,
                    -0.7796595692634583,
                    -0.4469969570636749
                ],
                [
                    0.8157340288162231,
                    0.5540667176246643,
                    -0.16609638929367065
                ],
                [
                    0.3771648108959198,
                    -0.29178935289382935,
                    0.8789799213409424
                ]
            ],
            [
                [
                    0.8030474185943604,
                    -0.5585623979568481,
                    0.20766064524650574
                ],
                [
                    0.5937526822090149,
                    0.7203201055526733,
                    -0.35860395431518555
                ],
                [
                    0.050720538944005966,
                    0.41127505898475647,
                    0.9100991487503052
                ]
            ],
            [
                [
                    0.9423492550849915,
                    -0.22687438130378723,
                    0.2459796518087387
                ],
                [
                    0.186332106590271,
                    0.966331422328949,
                    0.17743724584579468
                ],
                [
                    -0.2779538333415985,
                    -0.12137393653392792,
                    0.9528957009315491
                ]
            ],
            [
                [
                    0.407112717628479,
                    -0.8367220759391785,
                    -0.36627233028411865
                ],
                [
                    0.8955684304237366,
                    0.444476455450058,
                    -0.01994691602885723
                ],
                [
                    0.17948946356773376,
                    -0.3199012875556946,
                    0.9302939176559448
                ]
            ],
            [
                [
                    0.7768269777297974,
                    -0.6087122559547424,
                    -0.1612738072872162
                ],
                [
                    0.6290426850318909,
                    0.7619414925575256,
                    0.15411214530467987
                ],
                [
                    0.02907123602926731,
                    -0.22116658091545105,
                    0.9748026728630066
                ]
            ],
            [
                [
                    0.8774645328521729,
                    -0.45027390122413635,
                    0.1652558147907257
                ],
                [
                    0.44856151938438416,
                    0.8923688530921936,
                    0.04970254376530647
                ],
                [
                    -0.16984890401363373,
                    0.030515175312757492,
                    0.984997570514679
                ]
            ],
            [
                [
                    0.5486825704574585,
                    -0.8285030126571655,
                    -0.11193819344043732
                ],
                [
                    0.8337315917015076,
                    0.5521698594093323,
                    -0.00018190787523053586
                ],
                [
                    0.061959605664014816,
                    -0.0932266041636467,
                    0.9937151074409485
                ]
            ],
            [
                [
                    0.6857059001922607,
                    -0.727256715297699,
                    -0.030083710327744484
                ],
                [
                    0.6203007102012634,
                    0.5622369647026062,
                    0.546915590763092
                ],
                [
                    -0.38083386421203613,
                    -0.3936842083930969,
                    0.8366470336914062
                ]
            ],
            [
                [
                    0.9522343277931213,
                    -0.3034924864768982,
                    0.03379662707448006
                ],
                [
                    0.23370139300823212,
                    0.7955141067504883,
                    0.5590536594390869
                ],
                [
                    -0.1965542882680893,
                    -0.5244516730308533,
                    0.8284424543380737
                ]
            ],
            [
                [
                    0.38410913944244385,
                    -0.9212968349456787,
                    -0.06059912219643593
                ],
                [
                    0.9110963344573975,
                    0.3888506293296814,
                    -0.13674317300319672
                ],
                [
                    0.1495450735092163,
                    -0.0026873406022787094,
                    0.988751232624054
                ]
            ],
            [
                [
                    0.7639962434768677,
                    -0.6446159482002258,
                    -0.027928050607442856
                ],
                [
                    0.566163182258606,
                    0.6489967107772827,
                    0.5081952810287476
                ],
                [
                    -0.30946558713912964,
                    -0.4040711224079132,
                    0.860788881778717
                ]
            ],
            [
                [
                    0.88481605052948,
                    -0.4432450532913208,
                    0.14364676177501678
                ],
                [
                    0.4148228168487549,
                    0.8897684216499329,
                    0.1903526782989502
                ],
                [
                    -0.21218524873256683,
                    -0.10883914679288864,
                    0.9711495637893677
                ]
            ],
            [
                [
                    0.7999868988990784,
                    0.21181368827819824,
                    -0.5613874197006226
                ],
                [
                    -0.5096421837806702,
                    0.7336732149124146,
                    -0.44943130016326904
                ],
                [
                    0.3166792094707489,
                    0.6456459164619446,
                    0.6948781609535217
                ]
            ],
            [
                [
                    0.8903424143791199,
                    -0.2727242112159729,
                    -0.36457088589668274
                ],
                [
                    0.3851354718208313,
                    0.8782004714012146,
                    0.2836100161075592
                ],
                [
                    0.24281901121139526,
                    -0.3929192125797272,
                    0.8869348764419556
                ]
            ],
            [
                [
                    0.8268128633499146,
                    -0.5435994863510132,
                    0.1444997489452362
                ],
                [
                    0.547678530216217,
                    0.719499409198761,
                    -0.42704665660858154
                ],
                [
                    0.12817484140396118,
                    0.4322270452976227,
                    0.8926091194152832
                ]
            ]
        ],
        "betas": [
            0.053034067153930664,
            -0.07770729064941406,
            0.05853623151779175,
            0.002983957529067993,
            0.08022618293762207,
            0.12261069566011429,
            0.07057683169841766,
            -0.0475083589553833,
            0.03611026704311371,
            -0.07694345712661743
        ]
    },
    "pred_cam_t": [
        -0.10193478316068649,
        -0.04519259184598923,
        3.0664448738098145
    ],
    "focal_length": [
        5000.0,
        5000.0
    ],
    "pred_keypoints_3d": [
        [
            0.09547965228557587,
            0.006360519677400589,
            0.006195977795869112
        ],
        [
            0.1041792556643486,
            -0.0037100249901413918,
            0.04224546626210213
        ],
        [
            0.12322622537612915,
            0.0010372847318649292,
            0.06573252379894257
        ],
        [
            0.13666623830795288,
            0.019698310643434525,
            0.07985696941614151
        ],
        [
            0.13527704775333405,
            0.0388922393321991,
            0.10803713649511337
        ],
        [
            0.1463545262813568,
            0.03183396905660629,
            0.07650767266750336
        ],
        [
            0.13407401740550995,
            0.05185478925704956,
            0.09956096112728119
        ],
        [
            0.11395236849784851,
            0.053981561213731766,
            0.10848047584295273
        ],
        [
            0.09250383824110031,
            0.049477990716695786,
            0.1194661408662796
        ],
        [
            0.14620059728622437,
            0.0557858981192112,
            0.06889835745096207
        ],
        [
            0.1288146674633026,
            0.07267719507217407,
            0.08921269327402115
        ],
        [
            0.1068505123257637,
            0.07098949700593948,
            0.09646924585103989
        ],
        [
            0.08495202660560608,
            0.060826610773801804,
            0.10454356670379639
        ],
        [
            0.1306198239326477,
            0.06979654729366302,
            0.05244722217321396
        ],
        [
            0.11608979851007462,
            0.0848383754491806,
            0.07220824807882309
        ],
        [
            0.09256625175476074,
            0.0815650001168251,
            0.07887854427099228
        ],
        [
            0.07120651006698608,
            0.07047487795352936,
            0.08578599989414215
        ],
        [
            0.11409904062747955,
            0.07803241908550262,
            0.040868669748306274
        ],
        [
            0.10374000668525696,
            0.09416405856609344,
            0.04955953732132912
        ],
        [
            0.08559799194335938,
            0.0922260507941246,
            0.05437377467751503
        ],
        [
            0.06915467232465744,
            0.08080971240997314,
            0.05876564979553223
        ]
    ],
    "pred_vertices": [
        [
            0.11439134925603867,
            0.017736991867423058,
            0.054464004933834076
        ],
        [
            0.10643123835325241,
            0.013432910665869713,
            0.04759816825389862
        ],
        [
            0.11181734502315521,
            0.013481643050909042,
            0.05584539473056793
        ],
        [
            0.11817924678325653,
            0.0155582744628191,
            0.06167934834957123
        ],
        [
            0.0963948518037796,
            0.003028063103556633,
            0.05748536065220833
        ],
        [
            0.0953299030661583,
            -0.00920330174267292,
            0.05863577872514725
        ],
        [
            0.10780055075883865,
            -0.00316513329744339,
            0.07043895870447159
        ],
        [
            0.10615520924329758,
            0.006646856665611267,
            0.06754063814878464
        ],
        [
            0.12407378852367401,
            0.014190047979354858,
            0.06571578234434128
        ],
        [
            0.1168261170387268,
            0.0137417521327734,
            0.062386952340602875
        ],
        [
            0.12957094609737396,
            0.01230565644800663,
            0.062464624643325806
        ],
        [
            0.1398155689239502,
            0.011933449655771255,
            0.0660037100315094
        ],
        [
            0.13261137902736664,
            0.014777857810258865,
            0.06932447850704193
        ],
        [
            0.14628171920776367,
            0.015540100634098053,
            0.07004723697900772
        ],
        [
            0.1433744877576828,
            0.006882647052407265,
            0.0567559152841568
        ],
        [
            0.1527126133441925,
            0.018110768869519234,
            0.06363406777381897
        ],
        [
            0.1419592648744583,
            0.022452736273407936,
            0.03752654790878296
        ],
        [
            0.1368991732597351,
            0.03200346603989601,
            0.029915563762187958
        ],
        [
            0.14625093340873718,
            0.04284507781267166,
            0.04107477143406868
        ],
        [
            0.14980719983577728,
            0.032096851617097855,
            0.04851439222693443
        ],
        [
            0.13213126361370087,
            0.05277527868747711,
            0.029005903750658035
        ],
        [
            0.14032641053199768,
            0.04786057770252228,
            0.03623226657509804
        ],
        [
            0.132146418094635,
            0.037211641669273376,
            0.024254441261291504
        ],
        [
            0.1250794529914856,
            0.042168937623500824,
            0.018646452575922012
        ],
        [
            0.10794614255428314,
            0.024683628231287003,
            0.04344703257083893
        ],
        [
            0.10025574266910553,
            0.019745025783777237,
            0.03643923997879028
        ],
        [
            0.10257697105407715,
            0.016535243019461632,
            0.03949149698019028
        ],
        [
            0.1100831925868988,
            0.021341554820537567,
            0.04660353064537048
        ],
        [
            0.13406924903392792,
            0.007231332361698151,
            0.06141102313995361
        ],
        [
            0.13403256237506866,
            -0.0016831271350383759,
            0.057231221348047256
        ],
        [
            0.1343088448047638,
            0.005758516490459442,
            0.05882443115115166
        ],
        [
            0.1310502290725708,
            0.011747397482395172,
            0.06245969608426094
        ],
        [
            0.07775166630744934,
            0.014869734644889832,
            0.020533431321382523
        ],
        [
            0.07652153074741364,
            0.006806962192058563,
            0.009810090065002441
        ],
        [
            0.07888390123844147,
            0.0020178109407424927,
            0.012386269867420197
        ],
        [
            0.079706110060215,
            0.01039469987154007,
            0.021463964134454727
        ],
        [
            0.08452387154102325,
            -0.012298531830310822,
            0.03321182727813721
        ],
        [
            0.08515682816505432,
            -0.013667907565832138,
            0.02062394842505455
        ],
        [
            0.092653788626194,
            -0.024211328476667404,
            0.015521056950092316
        ],
        [
            0.09568674862384796,
            -0.02320987358689308,
            0.026494361460208893
        ],
        [
            0.08818148076534271,
            -0.011236878111958504,
            0.04737783223390579
        ],
        [
            0.09585177153348923,
            -0.022199846804142,
            0.04199330881237984
        ],
        [
            0.10201798379421234,
            -0.01868491992354393,
            0.05618021637201309
        ],
        [
            0.11379716545343399,
            -0.010520204901695251,
            0.06922584027051926
        ],
        [
            0.07359220832586288,
            0.016960345208644867,
            0.0025603994727134705
        ],
        [
            0.07362102717161179,
            0.024310968816280365,
            0.009617079049348831
        ],
        [
            0.1251930296421051,
            0.04112591966986656,
            0.10058137774467468
        ],
        [
            0.1219104528427124,
            0.0445009283721447,
            0.0967809334397316
        ],
        [
            0.12453716993331909,
            0.04171290621161461,
            0.09412208199501038
        ],
        [
            0.12739558517932892,
            0.03912445530295372,
            0.09842696040868759
        ],
        [
            0.08484163880348206,
            0.030787907540798187,
            -0.0070291683077812195
        ],
        [
            0.09364017844200134,
            0.030307725071907043,
            -0.011906176805496216
        ],
        [
            0.08868800848722458,
            0.026945479214191437,
            -0.01609448343515396
        ],
        [
            0.08092144131660461,
            0.02562014013528824,
            -0.010936655104160309
        ],
        [
            0.09000778198242188,
            0.03753005340695381,
            -0.0017658323049545288
        ],
        [
            0.10019255429506302,
            0.03459043428301811,
            -0.005486972630023956
        ],
        [
            0.1339585781097412,
            0.048382293432950974,
            0.10658913850784302
        ],
        [
            0.13139913976192474,
            0.04384439438581467,
            0.10652576386928558
        ],
        [
            0.13544726371765137,
            0.0426744669675827,
            0.10371019691228867
        ],
        [
            0.13820432126522064,
            0.04704252630472183,
            0.10240603238344193
        ],
        [
            0.1255948543548584,
            0.01774359494447708,
            0.06807199865579605
        ],
        [
            0.1202128678560257,
            0.02185152843594551,
            0.06223739683628082
        ],
        [
            0.13531972467899323,
            0.02591034024953842,
            0.07786531001329422
        ],
        [
            0.13002635538578033,
            0.02605997398495674,
            0.07149830460548401
        ],
        [
            0.1331488937139511,
            0.020020365715026855,
            0.07327228784561157
        ],
        [
            0.1380125731229782,
            0.021209750324487686,
            0.0783463716506958
        ],
        [
            0.11970870196819305,
            0.040113355964422226,
            0.05564258247613907
        ],
        [
            0.11365630477666855,
            0.03333991765975952,
            0.048422396183013916
        ],
        [
            0.11686483025550842,
            0.029751742258667946,
            0.052744776010513306
        ],
        [
            0.12347046285867691,
            0.035823315382003784,
            0.06206487864255905
        ],
        [
            0.10544893890619278,
            0.0427505224943161,
            0.04177505522966385
        ],
        [
            0.11246123909950256,
            0.048660844564437866,
            0.04913356155157089
        ],
        [
            0.10703698545694351,
            0.05330740287899971,
            0.044419966638088226
        ],
        [
            0.10219680517911911,
            0.04827600717544556,
            0.04069552570581436
        ],
        [
            0.12629921734333038,
            0.05516074597835541,
            0.06235167384147644
        ],
        [
            0.12977257370948792,
            0.05675159767270088,
            0.06545079499483109
        ],
        [
            0.12611426413059235,
            0.061004314571619034,
            0.06511041522026062
        ],
        [
            0.12399403750896454,
            0.05752286687493324,
            0.06032509729266167
        ],
        [
            0.08479057252407074,
            0.02320447936654091,
            -0.020722277462482452
        ],
        [
            0.07786442339420319,
            0.02002241089940071,
            -0.014511063694953918
        ],
        [
            0.11540298163890839,
            0.06346326321363449,
            0.019202198833227158
        ],
        [
            0.10425886511802673,
            0.06406731903553009,
            0.017847277224063873
        ],
        [
            0.10879727452993393,
            0.07377265393733978,
            0.02460559271275997
        ],
        [
            0.12053122371435165,
            0.07116758823394775,
            0.024279136210680008
        ],
        [
            0.10309536755084991,
            0.02606409415602684,
            -0.011980019509792328
        ],
        [
            0.09822459518909454,
            0.024315744638442993,
            -0.017895184457302094
        ],
        [
            0.13409017026424408,
            0.054053373634815216,
            0.103839211165905
        ],
        [
            0.13797752559185028,
            0.05213918536901474,
            0.0992632731795311
        ],
        [
            0.11065392196178436,
            -0.02310134842991829,
            0.04681483656167984
        ],
        [
            0.12038193643093109,
            -0.0146557055413723,
            0.06399033963680267
        ],
        [
            0.10616752505302429,
            -0.02493428625166416,
            0.030763383954763412
        ],
        [
            0.1048528403043747,
            -0.024497002363204956,
            0.018596693873405457
        ],
        [
            0.10299749672412872,
            -0.026461681351065636,
            0.009436450898647308
        ],
        [
            0.12990252673625946,
            0.03230920061469078,
            0.07107272744178772
        ],
        [
            0.11620067805051804,
            0.02422080747783184,
            0.054481588304042816
        ],
        [
            0.10547883808612823,
            0.027993474155664444,
            0.040778905153274536
        ],
        [
            0.08862419426441193,
            0.051409535109996796,
            0.030288243666291237
        ],
        [
            0.08287446200847626,
            0.04486861824989319,
            0.024463802576065063
        ],
        [
            0.0883871465921402,
            0.03975754976272583,
            0.031990792602300644
        ],
        [
            0.09279534220695496,
            0.04658517241477966,
            0.03513949736952782
        ],
        [
            0.09576913714408875,
            0.06458985060453415,
            0.023007813841104507
        ],
        [
            0.09364865720272064,
            0.06203616037964821,
            0.030305778607726097
        ],
        [
            0.09835363924503326,
            0.0676569938659668,
            0.03464358299970627
        ],
        [
            0.10073398798704147,
            0.07170288264751434,
            0.028389355167746544
        ],
        [
            0.13647858798503876,
            0.0010045692324638367,
            0.06407090276479721
        ],
        [
            0.13284127414226532,
            -0.008465105667710304,
            0.05683204531669617
        ],
        [
            0.07731075584888458,
            0.028309307992458344,
            5.37186861038208e-06
        ],
        [
            0.07535582035779953,
            0.021616358309984207,
            -0.003470979630947113
        ],
        [
            0.07379418611526489,
            0.015771206468343735,
            -0.009448155760765076
        ],
        [
            0.08836066722869873,
            0.01596727967262268,
            0.02968202903866768
        ],
        [
            0.08075608313083649,
            0.007152702659368515,
            0.022379476577043533
        ],
        [
            0.08175257593393326,
            0.003757566213607788,
            0.025889765471220016
        ],
        [
            0.08990402519702911,
            0.013565748929977417,
            0.03083142265677452
        ],
        [
            0.09645797312259674,
            0.009496506303548813,
            0.04535186290740967
        ],
        [
            0.08712457120418549,
            0.0007245801389217377,
            0.044124096632003784
        ],
        [
            0.10392677038908005,
            0.012198204174637794,
            0.05534551665186882
        ],
        [
            0.08113254606723785,
            -0.0055700913071632385,
            0.014999765902757645
        ],
        [
            0.0757388323545456,
            -0.004567544907331467,
            0.005176126956939697
        ],
        [
            0.0797060877084732,
            -0.012006901204586029,
            0.008114755153656006
        ],
        [
            0.07304000854492188,
            0.003409154713153839,
            0.0001441165804862976
        ],
        [
            0.07201623916625977,
            0.01069670170545578,
            -0.004894465208053589
        ],
        [
            0.09560754895210266,
            0.021704494953155518,
            -0.02560478448867798
        ],
        [
            0.08499553799629211,
            -0.01807873696088791,
            0.010497212409973145
        ],
        [
            0.11314821988344193,
            0.008634056895971298,
            0.07244566828012466
        ],
        [
            0.11904710531234741,
            0.011190686374902725,
            0.07536933571100235
        ],
        [
            0.12033019959926605,
            0.015821324661374092,
            0.06952334195375443
        ],
        [
            0.11601365357637405,
            0.013805285096168518,
            0.06682438403367996
        ],
        [
            0.15054750442504883,
            0.021863307803869247,
            0.07640944421291351
        ],
        [
            0.14344888925552368,
            0.019979797303676605,
            0.07897263020277023
        ],
        [
            0.13886478543281555,
            0.01542960200458765,
            0.0727512538433075
        ],
        [
            0.08055799454450607,
            0.025231972336769104,
            0.025010444223880768
        ],
        [
            0.07669450342655182,
            0.0327497273683548,
            0.015664290636777878
        ],
        [
            0.1346370130777359,
            0.03168073296546936,
            0.07675178349018097
        ],
        [
            0.14225953817367554,
            0.0461353063583374,
            0.09945932030677795
        ],
        [
            0.13954484462738037,
            0.040884144604206085,
            0.10095944255590439
        ],
        [
            0.14789126813411713,
            0.03025185503065586,
            0.08897459506988525
        ],
        [
            0.15121646225452423,
            0.036361970007419586,
            0.08744841814041138
        ],
        [
            0.1373639553785324,
            0.039898987859487534,
            0.0766918733716011
        ],
        [
            0.13442018628120422,
            0.03292825445532799,
            0.0774901732802391
        ],
        [
            0.13383759558200836,
            0.034610334783792496,
            0.07741730660200119
        ],
        [
            0.13379307091236115,
            0.04128510132431984,
            0.07615981996059418
        ],
        [
            0.12086932361125946,
            0.06441278010606766,
            0.058334868401288986
        ],
        [
            0.11870448291301727,
            0.06120112165808678,
            0.054834622889757156
        ],
        [
            0.15317678451538086,
            0.04202786460518837,
            0.06131427735090256
        ],
        [
            0.1595347821712494,
            0.03145997226238251,
            0.06459251046180725
        ],
        [
            0.15361112356185913,
            0.02279835380613804,
            0.054507508873939514
        ],
        [
            0.11552533507347107,
            0.04444771260023117,
            0.05125416815280914
        ],
        [
            0.12063941359519958,
            0.05098305642604828,
            0.057317376136779785
        ],
        [
            0.1185426339507103,
            0.05369183421134949,
            0.05502207204699516
        ],
        [
            0.13089831173419952,
            0.03683433681726456,
            0.07139814645051956
        ],
        [
            0.13492514193058014,
            0.037885140627622604,
            0.07526339590549469
        ],
        [
            0.13354985415935516,
            0.04181487485766411,
            0.07251851260662079
        ],
        [
            0.12850214540958405,
            0.04027627035975456,
            0.06781254708766937
        ],
        [
            0.09952811896800995,
            0.054916106164455414,
            0.00970037654042244
        ],
        [
            0.08958931267261505,
            0.05593850836157799,
            0.015726447105407715
        ],
        [
            0.12839704751968384,
            0.0410333089530468,
            0.1042027696967125
        ],
        [
            0.13150890171527863,
            0.039496760815382004,
            0.10194653272628784
        ],
        [
            0.1096516102552414,
            0.0376925989985466,
            0.044276461005210876
        ],
        [
            0.14395758509635925,
            0.014675192534923553,
            0.04457983002066612
        ],
        [
            0.10241040587425232,
            0.03156023472547531,
            0.03800007700920105
        ],
        [
            0.12990862131118774,
            0.07065047323703766,
            0.04232767969369888
        ],
        [
            0.12197063863277435,
            0.07437030971050262,
            0.04622739925980568
        ],
        [
            0.12263210117816925,
            0.0748201459646225,
            0.04970239847898483
        ],
        [
            0.1285931020975113,
            0.0746176466345787,
            0.04913895204663277
        ],
        [
            0.12809160351753235,
            0.049876004457473755,
            0.08575111627578735
        ],
        [
            0.125615194439888,
            0.045069411396980286,
            0.0882631316781044
        ],
        [
            0.12338840961456299,
            0.04653439298272133,
            0.09031586349010468
        ],
        [
            0.12552660703659058,
            0.051864176988601685,
            0.08885575085878372
        ],
        [
            0.13539813458919525,
            0.027603451162576675,
            0.07977166771888733
        ],
        [
            0.13882216811180115,
            0.023556046187877655,
            0.08230370283126831
        ],
        [
            0.13695627450942993,
            0.026779577136039734,
            0.08490695804357529
        ],
        [
            0.13430538773536682,
            0.03080453723669052,
            0.0811038538813591
        ],
        [
            0.1443013697862625,
            0.023260563611984253,
            0.08364863693714142
        ],
        [
            0.14269986748695374,
            0.02676733024418354,
            0.08765143901109695
        ],
        [
            0.13308504223823547,
            0.05381502956151962,
            0.08644622564315796
        ],
        [
            0.13903877139091492,
            0.05431113392114639,
            0.09095148742198944
        ],
        [
            0.14662067592144012,
            0.04703294858336449,
            0.07878301292657852
        ],
        [
            0.13861945271492004,
            0.047079626470804214,
            0.077225461602211
        ],
        [
            0.11977337300777435,
            0.03246597200632095,
            0.008057411760091782
        ],
        [
            0.11192941665649414,
            0.039254121482372284,
            0.003913532942533493
        ],
        [
            0.11712773144245148,
            0.04917656257748604,
            0.01415538415312767
        ],
        [
            0.12305684387683868,
            0.05966849997639656,
            0.023392584174871445
        ],
        [
            0.12847629189491272,
            0.0686328336596489,
            0.033541709184646606
        ],
        [
            0.13864898681640625,
            0.06241496279835701,
            0.03729131817817688
        ],
        [
            0.1105194240808487,
            0.052722617983818054,
            0.010757680982351303
        ],
        [
            0.14519545435905457,
            0.04484615474939346,
            0.07301156967878342
        ],
        [
            0.15162333846092224,
            0.04212328791618347,
            0.07094596326351166
        ],
        [
            0.15014228224754333,
            0.04509536176919937,
            0.0691162571310997
        ],
        [
            0.09751272201538086,
            0.03672868013381958,
            0.03588118031620979
        ],
        [
            0.13550671935081482,
            0.03761676698923111,
            0.1000850722193718
        ],
        [
            0.11774718761444092,
            -0.011430978775024414,
            0.0024769455194473267
        ],
        [
            0.11741363257169724,
            -0.0003903433680534363,
            -0.005309842526912689
        ],
        [
            0.12095960229635239,
            0.0023307204246520996,
            0.00223376601934433
        ],
        [
            0.12056490778923035,
            -0.01007474958896637,
            0.011463694274425507
        ],
        [
            0.12658311426639557,
            0.03975455462932587,
            0.09280145913362503
        ],
        [
            0.1301417350769043,
            0.03660289943218231,
            0.09698386490345001
        ],
        [
            0.11539866775274277,
            0.06661446392536163,
            0.05223168805241585
        ],
        [
            0.11829369515180588,
            0.0687127336859703,
            0.05526081100106239
        ],
        [
            0.11803426593542099,
            0.07247902452945709,
            0.05274592339992523
        ],
        [
            0.11357207596302032,
            0.07288161665201187,
            0.05116478353738785
        ],
        [
            0.10688355565071106,
            0.041456397622823715,
            0.0015614964067935944
        ],
        [
            0.10963810980319977,
            0.07918517291545868,
            0.029939578846096992
        ],
        [
            0.12050828337669373,
            0.07742906361818314,
            0.030319305136799812
        ],
        [
            0.10774155706167221,
            0.030382081866264343,
            -0.004844196140766144
        ],
        [
            0.11499925702810287,
            0.024534109979867935,
            -0.0018239617347717285
        ],
        [
            0.11126895248889923,
            0.01929636299610138,
            -0.009206846356391907
        ],
        [
            0.14508767426013947,
            0.057463984936475754,
            0.05004502087831497
        ],
        [
            0.1256997287273407,
            0.028530005365610123,
            0.013070628046989441
        ],
        [
            0.1196790486574173,
            0.020335592329502106,
            0.002575233578681946
        ],
        [
            0.11544279754161835,
            0.013874731957912445,
            -0.006033442914485931
        ],
        [
            0.11256804317235947,
            0.009923290461301804,
            -0.01285603642463684
        ],
        [
            0.10816473513841629,
            0.016240235418081284,
            -0.015546813607215881
        ],
        [
            0.14148400723934174,
            0.05092351883649826,
            0.09546713531017303
        ],
        [
            0.13500690460205078,
            0.05672214552760124,
            0.09474246948957443
        ],
        [
            0.10577318072319031,
            0.013302870094776154,
            -0.02386888861656189
        ],
        [
            0.11028468608856201,
            0.006122671067714691,
            -0.02009909600019455
        ],
        [
            0.12418573349714279,
            0.014346551150083542,
            0.007910624146461487
        ],
        [
            0.12803108990192413,
            0.006437048316001892,
            0.014963414520025253
        ],
        [
            0.1296083927154541,
            0.02249285951256752,
            0.018010519444942474
        ],
        [
            0.13428333401679993,
            0.015516012907028198,
            0.025672078132629395
        ],
        [
            0.15386787056922913,
            0.050234515219926834,
            0.05032085254788399
        ],
        [
            0.11868863552808762,
            0.06122872978448868,
            0.10424777865409851
        ],
        [
            0.1262357532978058,
            0.05904947593808174,
            0.0957784578204155
        ],
        [
            0.12266574800014496,
            0.055089130997657776,
            0.09323662519454956
        ],
        [
            0.11599471420049667,
            0.059657398611307144,
            0.10134762525558472
        ],
        [
            0.12966090440750122,
            0.05584436282515526,
            0.09023891389369965
        ],
        [
            0.13090872764587402,
            0.05858180299401283,
            0.09934961050748825
        ],
        [
            0.13555562496185303,
            0.005068054422736168,
            0.0348176509141922
        ],
        [
            0.1375046968460083,
            0.04354473575949669,
            0.07603314518928528
        ],
        [
            0.1263885796070099,
            -0.0070040784776210785,
            0.02634153887629509
        ],
        [
            0.13830916583538055,
            -0.0019778870046138763,
            0.04765994846820831
        ],
        [
            0.1300775557756424,
            -0.01085050217807293,
            0.04368966072797775
        ],
        [
            0.11643754690885544,
            -0.019961897283792496,
            0.020629502832889557
        ],
        [
            0.12001601606607437,
            -0.0204999390989542,
            0.03709081932902336
        ],
        [
            0.11106205731630325,
            -0.0220040213316679,
            0.002894870936870575
        ],
        [
            0.11420070379972458,
            -0.019699065014719963,
            0.010989762842655182
        ],
        [
            0.1246887594461441,
            -0.017326857894659042,
            0.05221829190850258
        ],
        [
            0.11665159463882446,
            0.04519932344555855,
            0.10452890396118164
        ],
        [
            0.11467468738555908,
            0.049085408449172974,
            0.10059197247028351
        ],
        [
