{
    "pred_cam": [
        9.922030448913574,
        0.13491472601890564,
        -0.04168524593114853
    ],
    "pred_mano_params": {
        "global_orient": [
            [
                [
                    -0.9400988221168518,
                    0.26867276430130005,
                    0.20983095467090607
                ],
                [
                    -0.2732565402984619,
                    -0.2258753478527069,
                    -0.9350460171699524
                ],
                [
                    -0.20382577180862427,
                    -0.9363734722137451,
                    0.2857617437839508
                ]
            ]
        ],
        "hand_pose": [
            [
                [
                    0.44347235560417175,
                    -0.8334555625915527,
                    -0.329672634601593
                ],
                [
                    0.8902962803840637,
                    0.452086478471756,
                    0.05468388646841049
                ],
                [
                    0.10346395522356033,
                    -0.31775712966918945,
                    0.9425102472305298
                ]
            ],
            [
                [
                    0.6283937692642212,
                    -0.706753134727478,
                    0.32499420642852783
                ],
                [
                    0.7778899669647217,
                    0.5724774599075317,
                    -0.2591460943222046
                ],
                [
                    -0.0028995343018323183,
                    0.41565555334091187,
                    0.9095174670219421
                ]
            ],
            [
                [
                    0.9799937009811401,
                    -0.08701242506504059,
                    0.17900049686431885
                ],
                [
                    0.0675681009888649,
                    0.991408109664917,
                    0.11200250685214996
                ],
                [
                    -0.1872081458568573,
                    -0.09766702353954315,
                    0.9774529933929443
                ]
            ],
            [
                [
                    0.28725117444992065,
                    -0.9013346433639526,
                    -0.32416459918022156
                ],
                [
                    0.952739953994751,
                    0.2339283972978592,
                    0.1938146948814392
                ],
                [
                    -0.09886056184768677,
                    -0.36451804637908936,
                    0.9259337186813354
                ]
            ],
            [
                [
                    0.7784613966941833,
                    -0.612525463104248,
                    -0.1371506005525589
                ],
                [
                    0.6257852911949158,
                    0.7403241395950317,
                    0.24558687210083008
                ],
                [
                    -0.048892319202423096,
                    -0.27700677514076233,
                    0.9596231579780579
                ]
            ],
            [
                [
                    0.9747164249420166,
                    -0.1884235292673111,
                    0.12010174989700317
                ],
                [
                    0.1870204359292984,
                    0.9820878505706787,
                    0.02295188419520855
                ],
                [
                    -0.12227514386177063,
                    8.990278729470447e-05,
                    0.9924961924552917
                ]
            ],
            [
                [
                    0.5710824131965637,
                    -0.8012893199920654,
                    0.17832614481449127
                ],
                [
                    0.7371554970741272,
                    0.5961665511131287,
                    0.31809914112091064
                ],
                [
                    -0.36120158433914185,
                    -0.050206732004880905,
                    0.9311350584030151
                ]
            ],
            [
                [
                    0.7202856540679932,
                    -0.693578839302063,
                    0.011701763607561588
                ],
                [
                    0.51015305519104,
                    0.5410767197608948,
                    0.6685654520988464
                ],
                [
                    -0.4700343906879425,
                    -0.47558847069740295,
                    0.7435611486434937
                ]
            ],
            [
                [
                    0.9446020126342773,
                    -0.3165297210216522,
                    0.0868096873164177
                ],
                [
                    0.2876518666744232,
                    0.9257441163063049,
                    0.24546745419502258
                ],
                [
                    -0.15806128084659576,
                    -0.20689809322357178,
                    0.9655101299285889
                ]
            ],
            [
                [
                    0.3338099718093872,
                    -0.9409343004226685,
                    0.05668732896447182
                ],
                [
                    0.9328423738479614,
                    0.3383904993534088,
                    0.12368082255125046
                ],
                [
                    -0.13555799424648285,
                    0.011594448238611221,
                    0.9907014966011047
                ]
            ],
            [
                [
                    0.8235185742378235,
                    -0.5604615211486816,
                    0.08774978667497635
                ],
                [
                    0.3956604301929474,
                    0.6783061027526855,
                    0.6191555857658386
                ],
                [
                    -0.4065341353416443,
                    -0.47516700625419617,
                    0.7803501486778259
                ]
            ],
            [
                [
                    0.9586362838745117,
                    -0.2711547315120697,
                    0.08655448257923126
                ],
                [
                    0.26961785554885864,
                    0.9625245332717896,
                    0.029203183948993683
                ],
                [
                    -0.0912293866276741,
                    -0.004658601246774197,
                    0.995819091796875
                ]
            ],
            [
                [
                    0.8773272037506104,
                    0.007120547816157341,
                    -0.47983983159065247
                ],
                [
                    -0.37133482098579407,
                    0.6434487104415894,
                    -0.6693909764289856
                ],
                [
                    0.3039858639240265,
                    0.7654561400413513,
                    0.5671591758728027
                ]
            ],
            [
                [
                    0.8889169692993164,
                    -0.3255116641521454,
                    -0.3222868740558624
                ],
                [
                    0.4467795193195343,
                    0.7713499665260315,
                    0.45321884751319885
                ],
                [
                    0.10106795281171799,
                    -0.5468650460243225,
                    0.8310980200767517
                ]
            ],
            [
                [
                    0.8543150424957275,
                    -0.4794805645942688,
                    0.20060984790325165
                ],
                [
                    0.5177570581436157,
                    0.7512698173522949,
                    -0.40929362177848816
                ],
                [
                    0.04553619772195816,
                    0.4535328149795532,
                    0.8900755643844604
                ]
            ]
        ],
        "betas": [
            -0.019677594304084778,
            -0.036195576190948486,
            0.04879415035247803,
            0.005700856447219849,
            -0.024612724781036377,
            -0.021138321608304977,
            0.000483781099319458,
            -0.034542590379714966,
            0.030813351273536682,
            -0.02123364806175232
        ]
    },
    "pred_cam_t": [
        -0.13491472601890564,
        -0.04168524593114853,
        3.936946153640747
    ],
    "focal_length": [
        5000.0,
        5000.0
    ],
    "pred_keypoints_3d": [
        [
            0.09572084248065948,
            0.006384546402841806,
            0.006197444628924131
        ],
        [
            0.11958299577236176,
            -0.007696452084928751,
            0.03307095915079117
        ],
        [
            0.14602215588092804,
            -0.00573395099490881,
            0.0487455353140831
        ],
        [
            0.1680707037448883,
            0.007565435953438282,
            0.057200439274311066
        ],
        [
            0.18374432623386383,
            0.021504972130060196,
            0.08463660627603531
        ],
        [
            0.18150946497917175,
            0.012302948161959648,
            0.03493880107998848
        ],
        [
            0.19112589955329895,
            0.025891361758112907,
            0.06341908872127533
        ],
        [
            0.17781871557235718,
            0.02422257699072361,
            0.08109971880912781
        ],
        [
            0.16447803378105164,
            0.018369201570749283,
            0.1011725589632988
        ],
        [
            0.18366791307926178,
            0.03576761856675148,
            0.025918345898389816
        ],
        [
            0.18324096500873566,
            0.04761248081922531,
            0.05536576360464096
        ],
        [
            0.16900745034217834,
            0.04415867477655411,
            0.07346706092357635
        ],
        [
            0.15564888715744019,
            0.03812485188245773,
            0.09485402703285217
        ],
        [
            0.1659587174654007,
            0.054643768817186356,
            0.018927620723843575
        ],
        [
            0.16963881254196167,
            0.06486826390028,
            0.04566606879234314
        ],
        [
            0.15738828480243683,
            0.061349742114543915,
            0.06693478673696518
        ],
        [
            0.14590713381767273,
            0.05481594055891037,
            0.08871687948703766
        ],
        [
            0.14868837594985962,
            0.06794705986976624,
            0.0171649307012558
        ],
        [
            0.1543879210948944,
            0.08008360117673874,
            0.03351512923836708
        ],
        [
            0.14511431753635406,
            0.07777628302574158,
            0.049894072115421295
        ],
        [
            0.13432316482067108,
            0.0701804831624031,
            0.06358476728200912
        ]
    ],
    "pred_vertices": [
        [
            0.14052146673202515,
            0.009363248944282532,
            0.0356360487639904
        ],
        [
            0.12913604080677032,
            0.007971479557454586,
            0.034372810274362564
        ],
        [
            0.13689343631267548,
            0.007050727494060993,
            0.03972867876291275
        ],
        [
            0.1466292291879654,
            0.006261523813009262,
            0.04064487665891647
        ],
        [
            0.1200673058629036,
            0.0029580052942037582,
            0.049565378576517105
        ],
        [
            0.11654586344957352,
            -0.008213747292757034,
            0.05311381071805954
        ],
        [
            0.13341987133026123,
            -0.005266991443932056,
            0.05901986360549927
        ],
        [
            0.13316479325294495,
            0.0044595832005143166,
            0.05563579127192497
        ],
        [
            0.15276524424552917,
            0.0038378597237169743,
            0.04252931848168373
        ],
        [
            0.1437465101480484,
            0.0065105208195745945,
            0.044156335294246674
        ],
        [
            0.15489496290683746,
            0.0016905004158616066,
            0.039342429488897324
        ],
        [
            0.16565382480621338,
            -0.0034164153039455414,
            0.034354083240032196
        ],
        [
            0.1622147262096405,
            0.0009468849748373032,
            0.03973112255334854
        ],
        [
            0.17379169166088104,
            -0.0026004896499216557,
            0.03252407908439636
        ],
        [
            0.16253916919231415,
            -0.008852588944137096,
            0.025301974266767502
        ],
        [
            0.17644339799880981,
            -0.0016992026939988136,
            0.023333966732025146
        ],
        [
            0.15461480617523193,
            0.006696226075291634,
            0.005742453038692474
        ],
        [
            0.14876362681388855,
            0.017830094322562218,
            0.0007878988981246948
        ],
        [
            0.16546644270420074,
            0.02517535351216793,
            0.003621794283390045
        ],
        [
            0.1694963425397873,
            0.013325733132660389,
            0.009428448975086212
        ],
        [
            0.1501113325357437,
            0.03950298950076103,
            8.798018097877502e-05
        ],
        [
            0.15927408635616302,
            0.03198304772377014,
            0.0022447817027568817
        ],
        [
            0.14323928952217102,
            0.02453094720840454,
            -0.0019823871552944183
        ],
        [
            0.1358761191368103,
            0.03163871914148331,
            -0.0034743063151836395
        ],
        [
            0.13096460700035095,
            0.018411939963698387,
            0.028667407110333443
        ],
        [
            0.11990638822317123,
            0.016151543706655502,
            0.02731715887784958
        ],
        [
            0.12284998595714569,
            0.012084005400538445,
            0.028821123763918877
        ],
        [
            0.1336842179298401,
            0.014343580231070518,
            0.030585382133722305
        ],
        [
            0.1564057618379593,
            -0.0025167930871248245,
            0.040392376482486725
        ],
        [
            0.15233922004699707,
            -0.0124532300978899,
            0.03453509137034416
        ],
        [
            0.155492901802063,
            -0.005582461133599281,
            0.0348389632999897
        ],
        [
            0.15525290369987488,
            0.002563880756497383,
            0.04221581667661667
        ],
        [
            0.09162284433841705,
            0.01894287019968033,
            0.026717614382505417
        ],
        [
            0.08258898556232452,
            0.012099772691726685,
            0.01926414854824543
        ],
        [
            0.08459566533565521,
            0.006674971431493759,
            0.02064739167690277
        ],
        [
            0.09250293672084808,
            0.01396954245865345,
            0.026806030422449112
        ],
        [
            0.09579504281282425,
            -0.00880739837884903,
            0.03606117516756058
        ],
        [
            0.08970650285482407,
            -0.01050446555018425,
            0.025800734758377075
        ],
        [
            0.09018751233816147,
            -0.022418519482016563,
            0.019160781055688858
        ],
        [
            0.09858919680118561,
            -0.022393304854631424,
            0.026942454278469086
        ],
        [
            0.10548215359449387,
            -0.00854378379881382,
            0.046175576746463776
        ],
        [
            0.10659942030906677,
            -0.02120242454111576,
            0.040083665400743484
        ],
        [
            0.11885922402143478,
            -0.01918826438486576,
            0.049704659730196
        ],
        [
            0.13639706373214722,
            -0.013972925022244453,
            0.056577302515506744
        ],
        [
            0.07906720787286758,
            0.02304878644645214,
            0.013534575700759888
        ],
        [
            0.08490312844514847,
            0.029779816046357155,
            0.01863016001880169
        ],
        [
            0.18072868883609772,
            0.015559511259198189,
            0.06503704190254211
        ],
        [
            0.17689816653728485,
            0.02034807577729225,
            0.06485217809677124
        ],
        [
            0.17693492770195007,
            0.019185513257980347,
            0.06173834949731827
        ],
        [
            0.1808050274848938,
            0.014883220195770264,
            0.0626550018787384
        ],
        [
            0.08657832443714142,
            0.03353402018547058,
            -0.00213492289185524
        ],
        [
            0.09085444360971451,
            0.030758321285247803,
            -0.010871028527617455
        ],
        [
            0.08374913036823273,
            0.02916952222585678,
            -0.011394549161195755
        ],
        [
            0.07996103912591934,
            0.029886675998568535,
            -0.002774149179458618
        ],
        [
            0.09535179287195206,
            0.038278497755527496,
            -0.0012355539947748184
        ],
        [
            0.10071877390146255,
            0.03266313672065735,
            -0.009452346712350845
        ],
        [
            0.19290605187416077,
            0.019454719498753548,
            0.06746423989534378
        ],
        [
            0.18949471414089203,
            0.015476533211767673,
            0.06734710186719894
        ],
        [
            0.1911325454711914,
            0.015403328463435173,
            0.06324905157089233
        ],
        [
            0.19398607313632965,
            0.019633563235402107,
            0.06203322857618332
        ],
        [
            0.156685009598732,
            0.00555005157366395,
            0.04122864454984665
        ],
        [
            0.15032973885536194,
            0.01118046697229147,
            0.0383506715297699
        ],
        [
            0.17150424420833588,
            0.009880784898996353,
            0.04196745902299881
        ],
        [
            0.16416552662849426,
            0.011902065947651863,
            0.040073148906230927
        ],
        [
            0.16596367955207825,
            0.005206073634326458,
            0.04059847071766853
        ],
        [
            0.17259545624256134,
            0.004473390989005566,
            0.041438885033130646
        ],
        [
            0.15102580189704895,
            0.029116123914718628,
            0.030727636069059372
        ],
        [
            0.14044710993766785,
            0.024801068007946014,
            0.02875584550201893
        ],
        [
            0.1444726437330246,
            0.020168203860521317,
            0.031058641150593758
        ],
        [
            0.15639053285121918,
            0.02355029433965683,
            0.034581687301397324
        ],
        [
            0.13276731967926025,
            0.036544572561979294,
            0.0265404861420393
        ],
        [
            0.1439305990934372,
            0.03973974287509918,
            0.028180750086903572
        ],
        [
            0.13823188841342926,
            0.046022772789001465,
            0.026608649641275406
        ],
        [
            0.13104191422462463,
            0.042847245931625366,
            0.026728656142950058
        ],
        [
            0.16379670798778534,
            0.041427671909332275,
            0.030824489891529083
        ],
        [
            0.16845835745334625,
            0.04120553657412529,
            0.03133182227611542
        ],
        [
            0.16645750403404236,
            0.045172955840826035,
            0.032251060009002686
        ],
        [
            0.16135349869728088,
            0.04420563206076622,
            0.030103454366326332
        ],
        [
            0.07714206725358963,
            0.026931282132864,
            -0.012794764712452888
        ],
        [
            0.0741029754281044,
            0.025559373199939728,
            -0.0035256482660770416
        ],
        [
            0.13432340323925018,
            0.055050328373909,
            -0.00036273524165153503
        ],
        [
            0.12472052127122879,
            0.05890434980392456,
            0.004302883520722389
        ],
        [
            0.13512134552001953,
            0.06684562563896179,
            0.006760875694453716
        ],
        [
            0.14347991347312927,
            0.06079111993312836,
            0.0004383530467748642
        ],
        [
            0.0972575768828392,
            0.023966090753674507,
            -0.015498640015721321
        ],
        [
            0.08971528708934784,
            0.02398587390780449,
            -0.017690550535917282
        ],
        [
            0.193200945854187,
            0.025747504085302353,
            0.06697241216897964
        ],
        [
            0.19388903677463531,
            0.025635045021772385,
            0.06130579113960266
        ],
        [
            0.12135977298021317,
            -0.026616910472512245,
            0.038046449422836304
        ],
        [
            0.1394437700510025,
            -0.020049434155225754,
            0.049925509840250015
        ],
        [
            0.1091022789478302,
            -0.027516398578882217,
            0.025598160922527313
        ],
        [
            0.10180116444826126,
            -0.02654183655977249,
            0.015540560707449913
        ],
        [
            0.09483260661363602,
            -0.027435194700956345,
            0.00891631655395031
        ],
        [
            0.16541211307048798,
            0.018085263669490814,
            0.03899965435266495
        ],
        [
            0.1435059756040573,
            0.014972785487771034,
            0.03359171748161316
        ],
        [
            0.12833817303180695,
            0.022476188838481903,
            0.02738688327372074
        ],
        [
            0.11537328362464905,
            0.050417058169841766,
            0.024829477071762085
        ],
        [
            0.10584905743598938,
            0.04612390697002411,
            0.023767968639731407
        ],
        [
            0.11299856007099152,
            0.039187584072351456,
            0.027808155864477158
        ],
        [
            0.12005165219306946,
            0.0442860946059227,
            0.02730674296617508
        ],
        [
            0.12082264572381973,
            0.061557017266750336,
            0.013143394142389297
        ],
        [
            0.12230975925922394,
            0.05923236906528473,
            0.02077779546380043
        ],
        [
            0.1299833357334137,
            0.06314955651760101,
            0.021234169602394104
        ],
        [
            0.12991619110107422,
            0.06688695400953293,
            0.014295632019639015
        ],
        [
            0.157903254032135,
            -0.009160429239273071,
            0.042665380984544754
        ],
        [
            0.14925070106983185,
            -0.01849660649895668,
            0.0359935462474823
        ],
        [
            0.08369697630405426,
            0.03301304578781128,
            0.008082253858447075
        ],
        [
            0.07846296578645706,
            0.02730454131960869,
            0.006959248334169388
        ],
        [
            0.07244597375392914,
            0.02239074371755123,
            0.003390321508049965
        ],
        [
            0.10557253658771515,
            0.016307391226291656,
            0.028273655101656914
        ],
        [
            0.09298782795667648,
            0.01046101376414299,
            0.02716224268078804
        ],
        [
            0.09473194926977158,
            0.0068121980875730515,
            0.029550157487392426
        ],
        [
            0.10694964975118637,
            0.01339671015739441,
            0.028285132721066475
        ],
        [
            0.11786309629678726,
            0.007669427432119846,
            0.03713573142886162
        ],
        [
            0.10673847794532776,
            0.002605241723358631,
            0.04171402379870415
        ],
        [
            0.12817472219467163,
            0.009036480449140072,
            0.043111223727464676
        ],
        [
            0.08578289300203323,
            -0.0013904515653848648,
            0.0223245732486248
        ],
        [
            0.07641122490167618,
            0.001589559018611908,
            0.017010927200317383
        ],
        [
            0.07920417934656143,
            -0.006822042167186737,
            0.018206916749477386
        ],
        [
            0.07367319613695145,
            0.010267896577715874,
            0.013307597488164902
        ],
        [
            0.0721300020813942,
            0.017794571816921234,
            0.00876082107424736
        ],
        [
            0.08277984708547592,
            0.022642232477664948,
            -0.022471699863672256
        ],
        [
            0.08307237923145294,
            -0.014257185161113739,
            0.01819794811308384
        ],
        [
            0.14200495183467865,
            0.004300327971577644,
            0.05823078751564026
        ],
        [
            0.149068683385849,
            0.004879763349890709,
            0.05958353728055954
        ],
        [
            0.1492140144109726,
            0.009216519072651863,
            0.053426459431648254
        ],
        [
            0.14374446868896484,
            0.00845057237893343,
            0.051511749625205994
        ],
        [
            0.18186640739440918,
            0.0012763566337525845,
            0.03372256085276604
        ],
        [
            0.1769292801618576,
            0.0014298693276941776,
            0.03939845412969589
        ],
        [
            0.16909608244895935,
            -0.0007467060349881649,
            0.03826799616217613
        ],
        [
            0.09908821433782578,
            0.02784816548228264,
            0.027792660519480705
        ],
        [
            0.0929059162735939,
            0.03669561818242073,
            0.021080834791064262
        ],
        [
            0.1719866394996643,
            0.015632791444659233,
            0.04131444916129112
        ],
        [
            0.19524867832660675,
            0.018955957144498825,
            0.05753432586789131
        ],
        [
            0.1922394037246704,
            0.013967650011181831,
            0.05908959358930588
        ],
        [
            0.18879756331443787,
            0.006059540435671806,
            0.04351970925927162
        ],
        [
            0.19257394969463348,
            0.011732706800103188,
            0.041110165417194366
        ],
        [
            0.17667149007320404,
            0.021708518266677856,
            0.0403062142431736
        ],
        [
            0.17278699576854706,
            0.01559998095035553,
            0.04273605719208717
        ],
        [
            0.17287740111351013,
            0.016676539555191994,
            0.04349726065993309
        ],
        [
            0.1743428111076355,
            0.023374103009700775,
            0.043369121849536896
        ],
        [
            0.15943098068237305,
            0.050895124673843384,
            0.029493100941181183
        ],
        [
            0.1550048291683197,
            0.049733079969882965,
            0.028062190860509872
        ],
        [
            0.18151935935020447,
            0.021563347429037094,
            0.017253393307328224
        ],
        [
            0.18574318289756775,
            0.009194590151309967,
            0.018138252198696136
        ],
        [
            0.17362774908542633,
            0.002788688987493515,
            0.014090251177549362
        ],
        [
            0.1464363932609558,
            0.03471226617693901,
            0.028795624151825905
        ],
        [
            0.15552154183387756,
            0.039159439504146576,
            0.03030497580766678
        ],
        [
            0.1532580554485321,
            0.04246122017502785,
            0.02920999564230442
        ],
        [
            0.16756822168827057,
            0.022064968943595886,
            0.03830082342028618
        ],
        [
            0.1731843203306198,
            0.02168365940451622,
            0.03957110643386841
        ],
        [
            0.17158955335617065,
            0.025894438847899437,
            0.036956705152988434
        ],
        [
            0.1646852195262909,
            0.02603815868496895,
            0.03611151874065399
        ],
        [
            0.11392030864953995,
            0.05175304412841797,
            0.001165604218840599
        ],
        [
            0.10948751866817474,
            0.055309027433395386,
            0.011447077617049217
        ],
        [
            0.1851489543914795,
            0.013907385058701038,
            0.06620144844055176
        ],
        [
            0.1860855221748352,
            0.013497548177838326,
            0.06327202916145325
        ],
        [
            0.1361422836780548,
            0.030346620827913284,
            0.02693955972790718
        ],
        [
            0.15840820968151093,
            -0.0016898475587368011,
            0.012131409719586372
        ],
        [
            0.12531469762325287,
            0.02693088911473751,
            0.026351511478424072
        ],
        [
            0.15999215841293335,
            0.056592896580696106,
            0.010925820097327232
        ],
        [
            0.15697498619556427,
            0.06104537844657898,
            0.018031634390354156
        ],
        [
            0.15909931063652039,
            0.06128605455160141,
            0.02179335057735443
        ],
        [
            0.16341428458690643,
            0.05989135056734085,
            0.01820947229862213
        ],
        [
            0.1776968091726303,
            0.029260389506816864,
            0.055659934878349304
        ],
        [
            0.1755247414112091,
            0.024270260706543922,
            0.05821128934621811
        ],
        [
            0.17546866834163666,
            0.025193143635988235,
            0.06061389297246933
        ],
        [
            0.1780555695295334,
            0.03056473843753338,
            0.059730663895606995
        ],
        [
            0.17308534681797028,
            0.009787708520889282,
            0.043540794402360916
        ],
        [
            0.17588533461093903,
            0.0048577203415334225,
            0.04349442943930626
        ],
        [
            0.1768064647912979,
            0.006361489649862051,
            0.04659070074558258
        ],
        [
            0.1739657074213028,
            0.011825960129499435,
            0.045655421912670135
        ],
        [
            0.18091751635074615,
            0.002367377746850252,
            0.04142069071531296
        ],
        [
            0.18283328413963318,
            0.004203591495752335,
            0.04521464928984642
        ],
        [
            0.18329937756061554,
            0.03211481124162674,
            0.05419917404651642
        ],
        [
            0.19068679213523865,
            0.030213188380002975,
            0.05467918515205383
        ],
        [
            0.18767671287059784,
            0.025394443422555923,
            0.038549814373254776
        ],
        [
            0.18061508238315582,
            0.027591919526457787,
            0.04212037846446037
        ],
        [
            0.1232043206691742,
            0.024344846606254578,
            -0.00837012380361557
        ],
        [
            0.11649826914072037,
            0.03331214189529419,
            -0.008399872109293938
        ],
        [
            0.12897127866744995,
            0.040876612067222595,
            -0.0037718024104833603
        ],
        [
            0.14171135425567627,
            0.048997893929481506,
            -0.0004934612661600113
        ],
        [
            0.15391677618026733,
            0.055575937032699585,
            0.003914780914783478
        ],
        [
            0.16238842904567719,
            0.04665030911564827,
            0.002444365993142128
        ],
        [
            0.12274879217147827,
            0.04638542979955673,
            -0.0034864917397499084
        ],
        [
            0.1816379874944687,
            0.024664727970957756,
            0.03003843128681183
        ],
        [
            0.1855688840150833,
            0.021371493116021156,
            0.027282841503620148
        ],
        [
            0.18375055491924286,
            0.02444828860461712,
            0.024374475702643394
        ],
        [
            0.12161343544721603,
            0.03342293202877045,
            0.026614561676979065
        ],
        [
            0.18741321563720703,
            0.011733015067875385,
            0.06024353578686714
        ],
        [
            0.10704156756401062,
            -0.017043499276041985,
            -0.0066676028072834015
        ],
        [
            0.10531695187091827,
            -0.005897875875234604,
            -0.014381233602762222
        ],
        [
            0.11298342794179916,
            -0.004693910479545593,
            -0.010239090770483017
        ],
        [
            0.11470497399568558,
            -0.017060216516256332,
            -0.0006441846489906311
        ],
        [
            0.17703726887702942,
            0.017574137076735497,
            0.06035012751817703
        ],
        [
            0.18113934993743896,
            0.012684416025876999,
            0.060797251760959625
        ],
        [
            0.15232820808887482,
            0.05589719116687775,
            0.02749830298125744
        ],
        [
            0.15687575936317444,
            0.0561666414141655,
            0.028629299253225327
        ],
        [
            0.15644435584545135,
            0.05947965011000633,
            0.027123948559165
        ],
        [
            0.15225917100906372,
            0.061637889593839645,
            0.027448710054159164
        ],
        [
            0.11175388097763062,
            0.03700317069888115,
            -0.007914932444691658
        ],
        [
            0.1405942738056183,
            0.07179158926010132,
            0.011791921220719814
        ],
        [
            0.14845798909664154,
            0.06624092906713486,
            0.005628528073430061
        ],
        [
            0.10599131882190704,
            0.026423975825309753,
            -0.012473344802856445
        ],
        [
            0.11186522245407104,
            0.018586572259664536,
            -0.013134781271219254
        ],
        [
            0.10350167751312256,
            0.014999467879533768,
            -0.01674652472138405
        ],
        [
            0.17284266650676727,
            0.039180248975753784,
            0.010252637788653374
        ],
        [
            0.1296011209487915,
            0.018593672662973404,
            -0.0068406518548727036
        ],
        [
            0.1168690100312233,
            0.012983499094843864,
            -0.011430198326706886
        ],
        [
            0.10709274560213089,
            0.008435357362031937,
            -0.015648216009140015
        ],
        [
            0.10009755939245224,
            0.005802039057016373,
            -0.01942642219364643
        ],
        [
            0.0968167707324028,
            0.013271704316139221,
            -0.02009536512196064
        ],
        [
            0.19410228729248047,
            0.025032512843608856,
            0.056009333580732346
        ],
        [
            0.19043660163879395,
            0.032081179320812225,
            0.06064014881849289
        ],
        [
            0.08964978903532028,
            0.011555194854736328,
            -0.025440281257033348
        ],
        [
            0.0934029147028923,
            0.0031815841794013977,
            -0.023841284215450287
        ],
        [
            0.12178922444581985,
            0.0056548211723566055,
            -0.008644655346870422
        ],
        [
            0.12685437500476837,
            -0.00347217358648777,
            -0.003764774650335312
        ],
        [
            0.13384279608726501,
            0.011390594765543938,
            -0.004096753895282745
        ],
        [
            0.14003458619117737,
            0.0029027648270130157,
            0.0007216595113277435
        ],
        [
            0.1786946952342987,
            0.030019717290997505,
            0.006527610123157501
        ],
        [
            0.18164779245853424,
            0.03257795423269272,
            0.07758261263370514
        ],
        [
            0.18370872735977173,
            0.03411732614040375,
            0.06625866889953613
        ],
        [
            0.17845764756202698,
            0.03153536841273308,
            0.06492553651332855
        ],
        [
            0.17754314839839935,
            0.03232568874955177,
            0.07621205598115921
        ],
        [
            0.18330740928649902,
            0.03339868038892746,
            0.059690479189157486
        ],
        [
            0.1894095540046692,
            0.03206298500299454,
            0.0664685070514679
        ],
        [
            0.1438591480255127,
            -0.008001552894711494,
            0.009651172906160355
        ],
        [
            0.1769624501466751,
            0.025409821420907974,
            0.03685944899916649
        ],
        [
            0.12885832786560059,
            -0.016560545191168785,
            0.008976280689239502
        ],
        [
            0.1513572782278061,
            -0.01533421128988266,
            0.021548110991716385
        ],
        [
            0.14013129472732544,
            -0.021247809752821922,
            0.02382470667362213
        ],
        [
            0.11388938874006271,
            -0.025765929371118546,
            0.01089547947049141
        ],
        [
            0.1255832314491272,
            -0.02750513143837452,
            0.024294596165418625
        ],
        [
            0.09901933372020721,
            -0.0252237431704998,
            -0.0013869889080524445
        ],
        [
            0.10668434202671051,
            -0.02435409463942051,
            0.0035631246864795685
        ],
        [
            0.13783159852027893,
            -0.024858251214027405,
            0.03669070452451706
        ],
        [
            0.1761978715658188,
            0.017664557322859764,
