{
    "pred_cam": [
        8.35905647277832,
        0.04593349248170853,
        -0.05580893158912659
    ],
    "pred_mano_params": {
        "global_orient": [
            [
                [
                    0.7629638314247131,
                    -0.49595189094543457,
                    0.4146299958229065
                ],
                [
                    -0.3724742531776428,
                    -0.8615016937255859,
                    -0.34507647156715393
                ],
                [
                    0.5283457636833191,
                    0.10884185135364532,
                    -0.8420239686965942
                ]
            ]
        ],
        "hand_pose": [
            [
                [
                    0.9307416081428528,
                    -0.2674104869365692,
                    -0.24942262470722198
                ],
                [
                    0.22722208499908447,
                    0.9573460817337036,
                    -0.17848962545394897
                ],
                [
                    0.2865138053894043,
                    0.10945339500904083,
                    0.9518033862113953
                ]
            ],
            [
                [
                    0.7473508715629578,
                    -0.6275479197502136,
                    0.21828952431678772
                ],
                [
                    0.6643500328063965,
                    0.71086585521698,
                    -0.2308872491121292
                ],
                [
                    -0.010281743481755257,
                    0.3175744414329529,
                    0.948177695274353
                ]
            ],
            [
                [
                    0.7952941060066223,
                    -0.6050605177879333,
                    -0.03753848001360893
                ],
                [
                    0.605615496635437,
                    0.7901979684829712,
                    0.09389960765838623
                ],
                [
                    -0.027152113616466522,
                    -0.09741168469190598,
                    0.9948738217353821
                ]
            ],
            [
                [
                    0.9097527265548706,
                    -0.38206946849823,
                    -0.1623970866203308
                ],
                [
                    0.3708992898464203,
                    0.9237492084503174,
                    -0.09550471603870392
                ],
                [
                    0.186503604054451,
                    0.026652714237570763,
                    0.9820926785469055
                ]
            ],
            [
                [
                    0.7135580778121948,
                    -0.6653010249137878,
                    -0.21956628561019897
                ],
                [
                    0.7004789710044861,
                    0.6832258701324463,
                    0.20623180270195007
                ],
                [
                    0.012807144783437252,
                    -0.3009599447250366,
                    0.9535506963729858
                ]
            ],
            [
                [
                    0.8730414509773254,
                    -0.48296472430229187,
                    0.06740736216306686
                ],
                [
                    0.4850514829158783,
                    0.8743001222610474,
                    -0.018008312210440636
                ],
                [
                    -0.05023689195513725,
                    0.048418041318655014,
                    0.9975630044937134
                ]
            ],
            [
                [
                    0.545283854007721,
                    -0.835507869720459,
                    -0.06776534020900726
                ],
                [
                    0.7552420496940613,
                    0.45460307598114014,
                    0.47217097878456116
                ],
                [
                    -0.36369624733924866,
                    -0.30864644050598145,
                    0.8788983821868896
                ]
            ],
            [
                [
                    0.9658398628234863,
                    -0.22499480843544006,
                    -0.12857194244861603
                ],
                [
                    0.21625754237174988,
                    0.973177433013916,
                    -0.07847528904676437
                ],
                [
                    0.14277984201908112,
                    0.04798991233110428,
                    0.9885903596878052
                ]
            ],
            [
                [
                    0.9613267779350281,
                    0.0735623836517334,
                    0.26540419459342957
                ],
                [
                    -0.13634952902793884,
                    0.9644038677215576,
                    0.22657012939453125
                ],
                [
                    -0.2392897754907608,
                    -0.2539956867694855,
                    0.9371374845504761
                ]
            ],
            [
                [
                    0.6668923497200012,
                    -0.7445665597915649,
                    -0.029585838317871094
                ],
                [
                    0.7442535161972046,
                    0.6675125360488892,
                    -0.02266487292945385
                ],
                [
                    0.036624424159526825,
                    -0.006904336158186197,
                    0.9993053078651428
                ]
            ],
            [
                [
                    0.9919854998588562,
                    -0.09928527474403381,
                    -0.0781487375497818
                ],
                [
                    0.12007880210876465,
                    0.9332491159439087,
                    0.3385665714740753
                ],
                [
                    0.03931755945086479,
                    -0.345237135887146,
                    0.9376916289329529
                ]
            ],
            [
                [
                    0.9395204186439514,
                    -0.32065829634666443,
                    0.1203312799334526
                ],
                [
                    0.3038557171821594,
                    0.9425030946731567,
                    0.13913920521736145
                ],
                [
                    -0.1580287367105484,
                    -0.0941607877612114,
                    0.9829347729682922
                ]
            ],
            [
                [
                    0.9230849146842957,
                    -0.36718302965164185,
                    0.114415243268013
                ],
                [
                    0.15157468616962433,
                    0.07391323894262314,
                    -0.9856784343719482
                ],
                [
                    0.35346755385398865,
                    0.9272074103355408,
                    0.12388384342193604
                ]
            ],
            [
                [
                    0.950023889541626,
                    -0.31214529275894165,
                    0.0044492874294519424
                ],
                [
                    0.23699615895748138,
                    0.7304353713989258,
                    0.6405442357063293
                ],
                [
                    -0.2031928300857544,
                    -0.6074779629707336,
                    0.7679082751274109
                ]
            ],
            [
                [
                    0.9691624045372009,
                    0.22261016070842743,
                    0.10568308085203171
                ],
                [
                    -0.22285091876983643,
                    0.9748045206069946,
                    -0.009676177985966206
                ],
                [
                    -0.10517435520887375,
                    -0.014173788018524647,
                    0.9943527579307556
                ]
            ]
        ],
        "betas": [
            0.005681946873664856,
            -0.006898015737533569,
            -0.028217554092407227,
            -0.04384031891822815,
            -0.004829049110412598,
            -0.04097769409418106,
            0.06041513383388519,
            -0.07967862486839294,
            0.004494279623031616,
            -0.0870952308177948
        ]
    },
    "pred_cam_t": [
        -0.04593349248170853,
        -0.05580893158912659,
        4.673075199127197
    ],
    "focal_length": [
        5000.0,
        5000.0
    ],
    "pred_keypoints_3d": [
        [
            0.09571446478366852,
            0.006368502043187618,
            0.006192175205796957
        ],
        [
            0.09571929275989532,
            0.019830048084259033,
            -0.02991643361747265
        ],
        [
            0.09536579996347427,
            0.04942658543586731,
            -0.03834972903132439
        ],
        [
            0.09221483767032623,
            0.07543940097093582,
            -0.04529407247900963
        ],
        [
            0.09004275500774384,
            0.10399923473596573,
            -0.06742790341377258
        ],
        [
            0.039629824459552765,
            0.036545734852552414,
            -0.05832047387957573
        ],
        [
            0.014303460717201233,
            0.0542474202811718,
            -0.06997321546077728
        ],
        [
            0.012826669961214066,
            0.07629525661468506,
            -0.07201738655567169
        ],
        [
            0.022419726476073265,
            0.09855999052524567,
            -0.06655794382095337
        ],
        [
            0.022780627012252808,
            0.04405033588409424,
            -0.041163306683301926
        ],
        [
            0.0012312140315771103,
            0.0664248988032341,
            -0.04760748893022537
        ],
        [
            0.004500448238104582,
            0.08946505188941956,
            -0.04735226929187775
        ],
        [
            0.015787089243531227,
            0.11238832026720047,
            -0.048298127949237823
        ],
        [
            0.024208232760429382,
            0.04942120984196663,
            -0.014987427741289139
        ],
        [
            0.015863070264458656,
            0.07596108317375183,
            -0.022699911147356033
        ],
        [
            0.015635214745998383,
            0.1007676050066948,
            -0.023157183080911636
        ],
        [
            0.01868584379553795,
            0.12559741735458374,
            -0.02746214158833027
        ],
        [
            0.030238188803195953,
            0.0554877407848835,
            0.005115685518831015
        ],
        [
            0.031071409583091736,
            0.07644066214561462,
            0.002629650291055441
        ],
        [
            0.03486667573451996,
            0.09499819576740265,
            0.002741712611168623
        ],
        [
            0.03845197707414627,
            0.11444917321205139,
            -0.0037104059010744095
        ]
    ],
    "pred_vertices": [
        [
            0.0727614164352417,
            0.03490985184907913,
            -0.03494904190301895
        ],
        [
            0.08074552565813065,
            0.031631458550691605,
            -0.02801981382071972
        ],
        [
            0.0808669775724411,
            0.03815867379307747,
            -0.031636644154787064
        ],
        [
            0.07312087714672089,
            0.03888477385044098,
            -0.04162827879190445
        ],
        [
            0.0999986082315445,
            0.03604556620121002,
            -0.017675571143627167
        ],
        [
            0.1100858747959137,
            0.032152678817510605,
            -0.0226699560880661
        ],
        [
            0.1065797433257103,
            0.04635240137577057,
            -0.02810767851769924
        ],
        [
            0.09919606149196625,
            0.0484003871679306,
            -0.021725140511989594
        ],
        [
            0.07297167181968689,
            0.0423976331949234,
            -0.045567821711301804
        ],
        [
            0.08119060844182968,
            0.04475639387965202,
            -0.034443750977516174
        ],
        [
            0.07404739409685135,
            0.04395918920636177,
            -0.04552746191620827
        ],
        [
            0.06274916231632233,
            0.03279069811105728,
            -0.05707329511642456
        ],
        [
            0.06413374096155167,
            0.03687531501054764,
            -0.05464734509587288
        ],
        [
            0.05420651286840439,
            0.029413621872663498,
            -0.061641890555620193
        ],
        [
            0.06375560164451599,
            0.022868933156132698,
            -0.05535964295268059
        ],
        [
            0.04887818172574043,
            0.02243918366730213,
            -0.05844789743423462
        ],
        [
            0.051260583102703094,
            0.009751226752996445,
            -0.0316368043422699
        ],
        [
            0.04804129898548126,
            0.011718079447746277,
            -0.018334170803427696
        ],
        [
            0.03484205901622772,
            0.01925281435251236,
            -0.02563139796257019
        ],
        [
            0.03993897885084152,
            0.017051154747605324,
            -0.03825872391462326
        ],
        [
            0.03670483082532883,
            0.024438917636871338,
            -0.005606519058346748
        ],
        [
            0.03477754816412926,
            0.02189180813729763,
            -0.01698162965476513
        ],
        [
            0.047691404819488525,
            0.013340916484594345,
            -0.009456817060709
        ],
        [
            0.0491052009165287,
            0.016225937753915787,
            0.0002688504755496979
        ],
        [
            0.07237892597913742,
            0.033076416701078415,
            -0.019559690728783607
        ],
        [
            0.0805865004658699,
            0.02980494312942028,
            -0.01421966403722763
        ],
        [
            0.0802140161395073,
            0.028608985245227814,
            -0.02044050768017769
        ],
        [
            0.07293441891670227,
            0.03253765404224396,
            -0.02524517849087715
        ],
        [
            0.08362243324518204,
            0.05131164938211441,
            -0.04703444242477417
        ],
        [
            0.08148019015789032,
            0.03346144035458565,
            -0.05136621743440628
        ],
        [
            0.07559385895729065,
            0.03802698850631714,
            -0.0497683510184288
        ],
        [
            0.08223849534988403,
            0.054469719529151917,
            -0.04256286844611168
        ],
        [
            0.10152877122163773,
            0.02981722354888916,
            0.007303483784198761
        ],
        [
            0.10854652523994446,
            0.01931607909500599,
            0.012316673994064331
        ],
        [
            0.11005477607250214,
            0.01690523885190487,
            0.00699547678232193
        ],
        [
            0.10294148325920105,
            0.02644924633204937,
            0.0033069998025894165
        ],
        [
            0.1131499856710434,
            0.01723446696996689,
            -0.014063496142625809
        ],
        [
            0.11590315401554108,
            0.009483814239501953,
            -0.008815947920084
        ],
        [
            0.11904361844062805,
            -0.0018185600638389587,
            -0.01344059407711029
        ],
        [
            0.11601347476243973,
            0.005079995840787888,
            -0.02104915678501129
        ],
        [
            0.11097817122936249,
            0.0241142138838768,
            -0.019192103296518326
        ],
        [
            0.1151629313826561,
            0.015734199434518814,
            -0.02719947323203087
        ],
        [
            0.11351633816957474,
            0.02622143179178238,
            -0.031123675405979156
        ],
        [
            0.10886817425489426,
            0.04276915639638901,
            -0.03606989234685898
        ],
        [
            0.10350024700164795,
            0.02150910347700119,
            0.02390953339636326
        ],
        [
            0.09800507128238678,
            0.029952149838209152,
            0.021982524544000626
        ],
        [
            0.024817531928420067,
            0.06213323026895523,
            -0.07170134782791138
        ],
        [
            0.023011531680822372,
            0.06401443481445312,
            -0.06624539941549301
        ],
        [
            0.025476636365056038,
            0.061497174203395844,
            -0.0657157301902771
        ],
        [
            0.02652359940111637,
            0.060057736933231354,
            -0.07123023271560669
        ],
        [
            0.08598826080560684,
            0.016115233302116394,
            0.03254198282957077
        ],
        [
            0.08033652603626251,
            0.007780738174915314,
            0.031987182796001434
        ],
        [
            0.08630608767271042,
            0.006059546023607254,
            0.03579290211200714
        ],
        [
            0.09251908212900162,
            0.01303938776254654,
            0.0348181277513504
        ],
        [
            0.07739335298538208,
            0.02016599103808403,
            0.0294354185461998
        ],
        [
            0.07249602675437927,
            0.010516416281461716,
            0.026213083416223526
        ],
        [
            0.014888514764606953,
            0.05717358738183975,
            -0.07817259430885315
        ],
        [
            0.019713452085852623,
            0.05906663089990616,
            -0.07842562347650528
        ],
        [
            0.020595386624336243,
            0.05462288483977318,
            -0.07761217653751373
        ],
        [
            0.016253817826509476,
            0.05195043981075287,
            -0.0761503130197525
        ],
        [
            0.06540320068597794,
            0.03824868053197861,
            -0.04943826422095299
        ],
        [
            0.06567417830228806,
            0.037984736263751984,
            -0.04084983095526695
        ],
        [
            0.04939249902963638,
            0.043383195996284485,
            -0.057790420949459076
        ],
        [
            0.055393293499946594,
            0.04050241783261299,
            -0.050100330263376236
        ],
        [
            0.05794496834278107,
            0.03782370314002037,
            -0.055834632366895676
        ],
        [
            0.051940228790044785,
            0.03915625438094139,
            -0.06175718083977699
        ],
        [
            0.05293784663081169,
            0.04237505793571472,
            -0.026573747396469116
        ],
        [
            0.06227753683924675,
            0.03749145567417145,
            -0.02143731527030468
        ],
        [
            0.06242228299379349,
            0.03677000105381012,
            -0.028073614463210106
        ],
        [
            0.05312557518482208,
            0.04231412336230278,
            -0.03524161875247955
        ],
        [
            0.06158916652202606,
            0.04266176000237465,
            -0.008297821506857872
        ],
        [
            0.052203163504600525,
            0.04655241221189499,
            -0.014326516538858414
        ],
        [
            0.053026869893074036,
            0.04892091825604439,
            -0.006158782169222832
        ],
        [
            0.0600249357521534,
            0.04665137827396393,
            -0.003441348671913147
        ],
        [
            0.036863796412944794,
            0.051951222121715546,
            -0.027492165565490723
        ],
        [
            0.030381523072719574,
            0.053748950362205505,
            -0.030765146017074585
        ],
        [
            0.03071141429245472,
            0.055487874895334244,
            -0.027625152841210365
        ],
        [
            0.03685673698782921,
            0.052338939160108566,
            -0.023911602795124054
        ],
        [
            0.09179434925317764,
            0.0032450631260871887,
            0.03929367661476135
        ],
        [
            0.09872257709503174,
            0.009477205574512482,
            0.03625250607728958
        ],
        [
            0.04060456529259682,
            0.03333325684070587,
            0.014031751081347466
        ],
        [
            0.04799322783946991,
            0.03874020278453827,
            0.020298169925808907
        ],
        [
            0.038328513503074646,
            0.04644060879945755,
            0.01716248318552971
        ],
        [
            0.03192903473973274,
            0.03828636556863785,
            0.011322470381855965
        ],
        [
            0.07677058130502701,
            0.00027599185705184937,
            0.02577102929353714
        ],
        [
            0.08158694952726364,
            -0.0017508603632450104,
            0.03159821778535843
        ],
        [
            0.010074087418615818,
            0.05653196573257446,
            -0.07423628121614456
        ],
        [
            0.012033052742481232,
            0.051434773951768875,
            -0.0717773288488388
        ],
        [
            0.10930664837360382,
            0.015951842069625854,
            -0.03890097886323929
        ],
        [
            0.10604269802570343,
            0.03739231079816818,
            -0.04403228312730789
        ],
        [
            0.11097893863916397,
            0.0022406578063964844,
            -0.030593391507864
        ],
        [
            0.11094406992197037,
            -0.006179522722959518,
            -0.022407636046409607
        ],
        [
            0.11356157064437866,
            -0.012382220476865768,
            -0.015635203570127487
        ],
        [
            0.05057894065976143,
            0.04377039521932602,
            -0.04673806577920914
        ],
        [
            0.06675697863101959,
            0.03576909005641937,
            -0.03201301395893097
        ],
        [
            0.07201175391674042,
            0.034363552927970886,
            -0.014518653973937035
        ],
        [
            0.0676155611872673,
            0.04909427464008331,
            0.012153621762990952
        ],
        [
            0.07640782743692398,
            0.04514620825648308,
            0.016157416626811028
        ],
        [
            0.0759856104850769,
            0.044364724308252335,
            0.005515392869710922
        ],
        [
            0.0679921880364418,
            0.0474538654088974,
            0.004291251301765442
        ],
        [
            0.053557466715574265,
            0.04713781177997589,
            0.020495431497693062
        ],
        [
            0.056756243109703064,
            0.05169983208179474,
            0.014807144179940224
        ],
        [
            0.050055500119924545,
            0.05483228340744972,
            0.011713095009326935
        ],
        [
            0.045530807226896286,
            0.05189912021160126,
            0.017058279365301132
        ],
        [
            0.08943239599466324,
            0.05041160061955452,
            -0.05155586451292038
        ],
        [
            0.08831609785556793,
            0.030749350786209106,
            -0.052355531603097916
        ],
        [
            0.09281046688556671,
            0.023644883185625076,
            0.029494108632206917
        ],
        [
            0.0990867018699646,
            0.018984463065862656,
            0.029863670468330383
        ],
        [
            0.10447049140930176,
            0.012835092842578888,
            0.03228805214166641
        ],
        [
            0.09169679880142212,
            0.029350126162171364,
            -0.00508652999997139
        ],
        [
            0.10389834642410278,
            0.02406196855008602,
            0.00040344148874282837
        ],
        [
            0.10416863858699799,
            0.022714754566550255,
            -0.004129335284233093
        ],
        [
            0.0908646434545517,
            0.02684735506772995,
            -0.008660364896059036
        ],
        [
            0.0891009271144867,
            0.02877090871334076,
            -0.019035842269659042
        ],
        [
            0.10081081092357635,
            0.0263085775077343,
            -0.014628488570451736
        ],
        [
            0.08875814080238342,
            0.03814645856618881,
            -0.020364921540021896
        ],
        [
            0.11324908584356308,
            0.012738190591335297,
            0.0004688836634159088
        ],
        [
            0.11724688112735748,
            0.010553229600191116,
            0.010815244168043137
        ],
        [
            0.11953869462013245,
            0.006279278546571732,
            0.0032916776835918427
        ],
        [
            0.1136200875043869,
            0.013025369495153427,
            0.019591722637414932
        ],
        [
            0.10923866182565689,
            0.01415572315454483,
            0.02726142853498459
        ],
        [
            0.0854576900601387,
            -0.006669633090496063,
            0.03737105056643486
        ],
        [
            0.12022379785776138,
            0.001988030970096588,
            -0.0037526190280914307
        ],
        [
            0.0983843058347702,
            0.05648522824048996,
            -0.02697458490729332
        ],
        [
            0.09819379448890686,
            0.06403417140245438,
            -0.03208364546298981
        ],
        [
            0.09086984395980835,
            0.06311105191707611,
            -0.031200557947158813
        ],
        [
            0.09024058282375336,
            0.05580751225352287,
            -0.0268496572971344
        ],
        [
            0.04485993832349777,
            0.029760710895061493,
            -0.06589563935995102
        ],
        [
            0.04952126368880272,
            0.03549430891871452,
            -0.06540738791227341
        ],
        [
            0.05839960277080536,
            0.03385324031114578,
            -0.0602397546172142
        ],
        [
            0.09205703437328339,
            0.0366516187787056,
            0.0075609274208545685
        ],
        [
            0.08962951600551605,
            0.03658468648791313,
            0.019944965839385986
        ],
        [
            0.04412487894296646,
            0.04604227468371391,
            -0.05431355535984039
        ],
        [
            0.017263446003198624,
            0.04750507324934006,
            -0.0749768391251564
        ],
        [
            0.022199369966983795,
            0.05035434290766716,
            -0.07692617177963257
        ],
        [
            0.03279229253530502,
            0.038386277854442596,
            -0.07197513431310654
        ],
        [
            0.027117546647787094,
            0.035211995244026184,
            -0.06980440020561218
        ],
        [
            0.0323750339448452,
            0.04636343568563461,
            -0.053650155663490295
        ],
        [
            0.03876214846968651,
            0.04739483445882797,
            -0.055739231407642365
        ],
        [
            0.035584062337875366,
            0.047846321016550064,
            -0.055963508784770966
        ],
        [
            0.02969341352581978,
            0.04805346950888634,
            -0.05311837047338486
        ],
        [
            0.03354881703853607,
            0.05663970112800598,
            -0.018692152574658394
        ],
        [
            0.03873048722743988,
            0.05385058745741844,
            -0.01565788872539997
        ],
        [
            0.0299716517329216,
            0.027258411049842834,
            -0.04468289017677307
        ],
        [
            0.035101473331451416,
            0.020206553861498833,
            -0.05495575815439224
        ],
        [
            0.04438141733407974,
            0.01684585027396679,
            -0.049483075737953186
        ],
        [
            0.05294250696897507,
            0.04407130926847458,
            -0.01929771900177002
        ],
        [
            0.04443596303462982,
            0.04877186939120293,
            -0.023210808634757996
        ],
        [
            0.044081252068281174,
            0.04970061779022217,
            -0.019227758049964905
        ],
        [
            0.04615996032953262,
            0.045623667538166046,
            -0.04549742862582207
        ],
        [
            0.03987621143460274,
            0.04722672700881958,
            -0.05030873045325279
        ],
        [
            0.04041352495551109,
            0.0472862645983696,
            -0.04510578140616417
        ],
        [
            0.045950859785079956,
            0.04571061581373215,
            -0.03991568833589554
        ],
        [
            0.0579424649477005,
            0.03129594027996063,
            0.024514585733413696
        ],
        [
            0.06401517987251282,
            0.041316673159599304,
            0.024958867579698563
        ],
        [
            0.02347787283360958,
            0.06063968688249588,
            -0.07608095556497574
        ],
        [
            0.0246689785271883,
            0.057539090514183044,
            -0.07565973699092865
        ],
        [
            0.062131114304065704,
            0.039291683584451675,
            -0.014447052031755447
        ],
        [
            0.055694736540317535,
            0.012095395475625992,
            -0.04284503310918808
        ],
        [
            0.07177718728780746,
            0.03614797815680504,
            -0.00929097831249237
        ],
        [
            0.025275878608226776,
            0.04329928755760193,
            -0.005980019457638264
        ],
        [
            0.02902386337518692,
            0.05170903354883194,
            -0.004819602705538273
        ],
        [
            0.026239966973662376,
            0.054534003138542175,
            -0.008064589463174343
        ],
        [
            0.021683035418391228,
            0.050103649497032166,
            -0.009467477910220623
        ],
        [
            0.019498419016599655,
            0.056352440267801285,
            -0.05705462396144867
        ],
        [
            0.023586343973875046,
            0.0593411847949028,
            -0.05980481952428818
        ],
        [
            0.021926505491137505,
            0.06147190183401108,
            -0.06056284159421921
        ],
        [
            0.016805605962872505,
            0.05931038782000542,
            -0.05846910923719406
        ],
        [
            0.04257924482226372,
            0.04613330215215683,
            -0.059999749064445496
        ],
        [
            0.045113228261470795,
            0.04258890077471733,
            -0.06489130854606628
        ],
        [
            0.03956722468137741,
            0.046437982469797134,
            -0.06599075347185135
        ],
        [
            0.037685900926589966,
            0.04802754521369934,
            -0.060617249459028244
        ],
        [
            0.042135898023843765,
            0.03837529569864273,
            -0.06857849657535553
        ],
        [
            0.03749150410294533,
            0.04233388602733612,
            -0.07034409791231155
        ],
        [
            0.014817574992775917,
            0.05203891173005104,
            -0.05800057202577591
        ],
        [
            0.012157073244452477,
            0.04797160625457764,
            -0.06375861167907715
        ],
        [
            0.020997416228055954,
            0.03746282309293747,
            -0.05761842429637909
        ],
        [
            0.0231571514159441,
            0.04407424107193947,
            -0.05404539778828621
        ],
        [
            0.05998609960079193,
            0.00730263814330101,
            0.006108269095420837
        ],
        [
            0.060694362968206406,
            0.012499548494815826,
            0.015950309112668037
        ],
        [
            0.04968702048063278,
            0.021430298686027527,
            0.010467009618878365
        ],
        [
            0.03800344467163086,
            0.02971339412033558,
            0.005744835361838341
        ],
        [
            0.028090553358197212,
            0.03790583834052086,
            8.933059871196747e-05
        ],
        [
            0.02564532682299614,
            0.030870873481035233,
            -0.009855739772319794
        ],
        [
            0.051833104342222214,
            0.024771414697170258,
            0.017658619210124016
        ],
        [
            0.027942242100834846,
            0.040770966559648514,
            -0.04955384135246277
        ],
        [
            0.0280478373169899,
            0.03146546334028244,
            -0.05287124589085579
        ],
        [
            0.026873379945755005,
            0.034313831478357315,
            -0.04768284410238266
        ],
        [
            0.07161790132522583,
            0.04020513594150543,
            -0.0030142981559038162
        ],
        [
            0.026112521067261696,
            0.053745850920677185,
            -0.07574723660945892
        ],
        [
            0.09270766377449036,
            -0.01746787503361702,
            -0.010337568819522858
        ],
        [
            0.08547081798315048,
            -0.016911137849092484,
            0.001527443528175354
        ],
        [
            0.0808422639966011,
            -0.012520208954811096,
            -0.004608791321516037
        ],
        [
            0.0895022451877594,
            -0.011941924691200256,
            -0.0184672512114048
        ],
        [
            0.02726779505610466,
            0.05976948142051697,
            -0.06576011329889297
        ],
        [
            0.02864525467157364,
            0.05766782909631729,
            -0.07155536115169525
        ],
        [
            0.03804830461740494,
            0.056853994727134705,
            -0.010031943209469318
        ],
        [
            0.033041294664144516,
            0.058627862483263016,
            -0.013269048184156418
        ],
        [
            0.030534308403730392,
            0.05913877859711647,
            -0.010137919336557388
        ],
        [
            0.03585482016205788,
            0.060202836990356445,
            -0.00621529296040535
        ],
        [
            0.06269112229347229,
            0.014925535768270493,
            0.021057844161987305
        ],
        [
            0.03557079657912254,
            0.05373639240860939,
            0.0148550346493721
        ],
        [
            0.02859429642558098,
            0.046005330979824066,
            0.009410686790943146
        ],
        [
            0.07022019475698471,
            0.004549376666545868,
            0.02031867206096649
        ],
        [
            0.06926829367876053,
            -0.0005410164594650269,
            0.01200687512755394
        ],
        [
            0.07583224028348923,
            -0.00594736635684967,
            0.01677922159433365
        ],
        [
            0.023931104689836502,
            0.03219220042228699,
            -0.025096053257584572
        ],
        [
            0.058592721819877625,
            0.005229625850915909,
            -0.0022122450172901154
        ],
        [
            0.0689098909497261,
            -0.00244106724858284,
            0.004574626684188843
        ],
        [
            0.07671719789505005,
            -0.009001962840557098,
            0.009930998086929321
        ],
        [
            0.08170963823795319,
            -0.013866044580936432,
            0.014476161450147629
        ],
        [
            0.08034486323595047,
            -0.009906098246574402,
            0.021489161998033524
        ],
        [
            0.013774963095784187,
            0.04705650731921196,
            -0.06970041990280151
        ],
        [
            0.009193647652864456,
            0.05289238691329956,
            -0.06544394791126251
        ],
        [
            0.08432675898075104,
            -0.015490587800741196,
            0.027428042143583298
        ],
        [
            0.08617296814918518,
            -0.01924077421426773,
            0.019129306077957153
        ],
        [
            0.06990616023540497,
            -0.004534192383289337,
            -0.004375532269477844
        ],
        [
            0.07246437668800354,
            -0.005547422915697098,
            -0.016212336719036102
        ],
        [
            0.06003490090370178,
            0.003173425793647766,
            -0.010610204190015793
        ],
        [
            0.061523035168647766,
            0.0024519897997379303,
            -0.022396333515644073
        ],
        [
            0.025718972086906433,
            0.024204706773161888,
            -0.03222222626209259
        ],
        [
            0.005899952724575996,
            0.07158689200878143,
            -0.06737919896841049
        ],
        [
            0.00832714606076479,
            0.06117519736289978,
            -0.06316088885068893
        ],
        [
            0.013303486630320549,
            0.06296946108341217,
            -0.060681771486997604
        ],
        [
            0.008669894188642502,
            0.07214441895484924,
            -0.06406532227993011
        ],
        [
            0.012037293054163456,
            0.05621403455734253,
            -0.05991533771157265
        ],
        [
            0.00722262728959322,
            0.05828505754470825,
            -0.06798431277275085
        ],
        [
            0.06813450157642365,
            0.005416892468929291,
            -0.03683040663599968
        ],
        [
            0.033627208322286606,
            0.04848558455705643,
            -0.04876859858632088
        ],
        [
            0.08310115337371826,
            -0.0010236091911792755,
            -0.032694704830646515
        ],
        [
            0.0733233392238617,
            0.015700355172157288,
            -0.05084064230322838
        ],
        [
            0.0859396904706955,
            0.01307748630642891,
            -0.04748288169503212
        ],
        [
            0.09996889531612396,
            -0.0071289800107479095,
            -0.02861732244491577
        ],
        [
            0.09978783875703812,
            0.006428152322769165,
            -0.04155133664608002
        ],
        [
            0.10505089163780212,
            -0.018697425723075867,
            -0.01259038969874382
        ],
        [
            0.10101496428251266,
            -0.013529282063245773,
            -0.01953110098838806
        ],
        [
            0.09913447499275208,
            0.02407582476735115,
