{
    "pred_cam": [
        8.49629020690918,
        0.05021169036626816,
        -0.04945037513971329
    ],
    "pred_mano_params": {
        "global_orient": [
            [
                [
                    0.7442547678947449,
                    -0.3870207667350769,
                    0.544334352016449
                ],
                [
                    -0.31101781129837036,
                    -0.9220685362815857,
                    -0.23034226894378662
                ],
                [
                    0.5910608172416687,
                    0.002135645365342498,
                    -0.8066242337226868
                ]
            ]
        ],
        "hand_pose": [
            [
                [
                    0.901634693145752,
                    -0.3801913559436798,
                    -0.20617832243442535
                ],
                [
                    0.3520180881023407,
                    0.9220641851425171,
                    -0.16087573766708374
                ],
                [
                    0.25127318501472473,
                    0.07247264683246613,
                    0.9651992917060852
                ]
            ],
            [
                [
                    0.7861466407775879,
                    -0.5751579403877258,
                    0.2262008786201477
                ],
                [
                    0.6168175935745239,
                    0.7531616687774658,
                    -0.22865596413612366
                ],
                [
                    -0.038852546364068985,
                    0.31928178668022156,
                    0.946863055229187
                ]
            ],
            [
                [
                    0.7852787375450134,
                    -0.6178085207939148,
                    -0.040620241314172745
                ],
                [
                    0.6185885071754456,
                    0.7801110148429871,
                    0.09367553144693375
                ],
                [
                    -0.02618524432182312,
                    -0.09868860989809036,
                    0.9947738647460938
                ]
            ],
            [
                [
                    0.8778185248374939,
                    -0.4266350269317627,
                    -0.21775466203689575
                ],
                [
                    0.41488397121429443,
                    0.9044187664985657,
                    -0.09948785603046417
                ],
                [
                    0.2393864542245865,
                    -0.0030106373596936464,
                    0.9709196090698242
                ]
            ],
            [
                [
                    0.6763639450073242,
                    -0.7092157006263733,
                    -0.19885893166065216
                ],
                [
                    0.7345775961875916,
                    0.6296563744544983,
                    0.25284090638160706
                ],
                [
                    -0.054105933755636215,
                    -0.31708982586860657,
                    0.9468508362770081
                ]
            ],
            [
                [
                    0.8332591652870178,
                    -0.5507458448410034,
                    0.048560816794633865
                ],
                [
                    0.55008864402771,
                    0.8346632122993469,
                    0.027200601994991302
                ],
                [
                    -0.05551254376769066,
                    0.004047601018100977,
                    0.9984498023986816
                ]
            ],
            [
                [
                    0.6314441561698914,
                    -0.77103590965271,
                    0.0823523998260498
                ],
                [
                    0.7281684875488281,
                    0.6261187195777893,
                    0.27882975339889526
                ],
                [
                    -0.26655012369155884,
                    -0.11609898507595062,
                    0.956803023815155
                ]
            ],
            [
                [
                    0.9565870761871338,
                    -0.2723654508590698,
                    -0.1037217453122139
                ],
                [
                    0.2884441018104553,
                    0.9357019662857056,
                    0.20312979817390442
                ],
                [
                    0.041727107018232346,
                    -0.22422927618026733,
                    0.9736425876617432
                ]
            ],
            [
                [
                    0.9419354200363159,
                    -0.12475214153528214,
                    0.3117605447769165
                ],
                [
                    0.05589822307229042,
                    0.9737266898155212,
                    0.22075270116329193
                ],
                [
                    -0.3311089277267456,
                    -0.1905079185962677,
                    0.9241610765457153
                ]
            ],
            [
                [
                    0.6318466663360596,
                    -0.7732715010643005,
                    -0.05311331897974014
                ],
                [
                    0.7717757821083069,
                    0.6339966058731079,
                    -0.04909591004252434
                ],
                [
                    0.07163813710212708,
                    -0.00997049082070589,
                    0.9973808526992798
                ]
            ],
            [
                [
                    0.9667978882789612,
                    -0.2481933981180191,
                    -0.06084296852350235
                ],
                [
                    0.2517484128475189,
                    0.8841800093650818,
                    0.3935079276561737
                ],
                [
                    -0.04386993870139122,
                    -0.3957597613334656,
                    0.9173056483268738
                ]
            ],
            [
                [
                    0.9260885715484619,
                    -0.3622486889362335,
                    0.10552685707807541
                ],
                [
                    0.34224992990493774,
                    0.9242500066757202,
                    0.1691950261592865
                ],
                [
                    -0.1588238626718521,
                    -0.1205730065703392,
                    0.9799169301986694
                ]
            ],
            [
                [
                    0.9649161696434021,
                    -0.23358239233493805,
                    0.1199001744389534
                ],
                [
                    0.17430101335048676,
                    0.22835507988929749,
                    -0.9578482508659363
                ],
                [
                    0.1963566243648529,
                    0.9451419711112976,
                    0.26105716824531555
                ]
            ],
            [
                [
                    0.9375990629196167,
                    -0.34554776549339294,
                    -0.03879065066576004
                ],
                [
                    0.2955017387866974,
                    0.7330299615859985,
                    0.6126546859741211
                ],
                [
                    -0.183266744017601,
                    -0.5858871340751648,
                    0.789398193359375
                ]
            ],
            [
                [
                    0.9744375348091125,
                    0.22452926635742188,
                    0.00762477982789278
                ],
                [
                    -0.22457803785800934,
                    0.9744358658790588,
                    0.006282686721533537
                ],
                [
                    -0.00601921183988452,
                    -0.00783444382250309,
                    0.9999512434005737
                ]
            ]
        ],
        "betas": [
            0.028266414999961853,
            -0.10245621204376221,
            0.04231905937194824,
            -0.046081095933914185,
            -0.015179038047790527,
            0.021174252033233643,
            0.08083634078502655,
            -0.09511116147041321,
            -0.00792074203491211,
            -0.08338257670402527
        ]
    },
    "pred_cam_t": [
        -0.05021169036626816,
        -0.04945037513971329,
        4.597594738006592
    ],
    "focal_length": [
        5000.0,
        5000.0
    ],
    "pred_keypoints_3d": [
        [
            0.09558504074811935,
            0.006360067054629326,
            0.006210497580468655
        ],
        [
            0.0977349802851677,
            0.02214178256690502,
            -0.02878677099943161
        ],
        [
            0.09731654822826385,
            0.05029159039258957,
            -0.04095682129263878
        ],
        [
            0.0933605283498764,
            0.07540542632341385,
            -0.050169605761766434
        ],
        [
            0.08906113356351852,
            0.1027471125125885,
            -0.073232002556324
        ],
        [
            0.043341971933841705,
            0.033782511949539185,
            -0.0623575896024704
        ],
        [
            0.019990893080830574,
            0.052372124046087265,
            -0.07630324363708496
        ],
        [
            0.017718790099024773,
            0.07432827353477478,
            -0.07802452892065048
        ],
        [
            0.02540016733109951,
            0.09662770479917526,
            -0.07035258412361145
        ],
        [
            0.023907102644443512,
            0.037939444184303284,
            -0.046945471316576004
        ],
        [
            0.0009963829070329666,
            0.05910882353782654,
            -0.05253216624259949
        ],
        [
            0.004010340664535761,
            0.08206963539123535,
            -0.05051460117101669
        ],
        [
            0.01693720556795597,
            0.10396121442317963,
            -0.0489848330616951
        ],
        [
            0.021733447909355164,
            0.04157048463821411,
            -0.020600084215402603
        ],
        [
            0.011389759369194508,
            0.06788714230060577,
            -0.026353083550930023
        ],
        [
            0.012616782449185848,
            0.0925271213054657,
            -0.024228535592556
        ],
        [
            0.018696468323469162,
            0.11707714945077896,
            -0.025263918563723564
        ],
        [
            0.024690695106983185,
            0.046859949827194214,
            0.0003512529656291008
        ],
        [
            0.017986562103033066,
            0.0668276995420456,
            -0.000710916705429554
        ],
        [
            0.018810883164405823,
            0.08560595661401749,
            0.0013304674066603184
        ],
        [
            0.02292662486433983,
            0.10401230305433273,
            -0.0031438488513231277
        ]
    ],
    "pred_vertices": [
        [
            0.07393768429756165,
            0.03480236977338791,
            -0.03615443408489227
        ],
        [
            0.08143636584281921,
            0.03269285336136818,
            -0.028941184282302856
        ],
        [
            0.08175714313983917,
            0.0396328866481781,
            -0.03387320786714554
        ],
        [
            0.07482665777206421,
            0.03935433179140091,
            -0.04338373988866806
        ],
        [
            0.0992075502872467,
            0.03945676609873772,
            -0.018206696957349777
        ],
        [
            0.11026862263679504,
            0.036291271448135376,
            -0.021447520703077316
        ],
        [
            0.10685268044471741,
            0.0495728999376297,
            -0.028831902891397476
        ],
        [
            0.09845329821109772,
            0.051200225949287415,
            -0.023708954453468323
        ],
        [
            0.07522106170654297,
            0.04295545071363449,
            -0.048386842012405396
        ],
        [
            0.08220414817333221,
            0.0461190901696682,
            -0.03758617863059044
        ],
        [
            0.07680541276931763,
            0.04409274086356163,
            -0.04939919710159302
        ],
        [
            0.067337766289711,
            0.03233161196112633,
            -0.06047172099351883
        ],
        [
            0.06764481961727142,
            0.036650512367486954,
            -0.057200394570827484
        ],
        [
            0.05941179022192955,
            0.028342541307210922,
            -0.06524139642715454
        ],
        [
            0.06941055506467819,
            0.02217719703912735,
            -0.05889984965324402
        ],
        [
            0.05446877330541611,
            0.02053062990307808,
            -0.06300662457942963
        ],
        [
            0.055411193519830704,
            0.006782490760087967,
            -0.03612327203154564
        ],
        [
            0.0505625382065773,
            0.007556430995464325,
            -0.02321529947221279
        ],
        [
            0.037270646542310715,
            0.013909347355365753,
            -0.031594231724739075
        ],
        [
            0.04385925829410553,
            0.013132788240909576,
            -0.04365396499633789
        ],
        [
            0.036486994475126266,
            0.017864570021629333,
            -0.011256515979766846
        ],
        [
            0.03597021847963333,
            0.015911446884274483,
            -0.022894492372870445
        ],
        [
            0.04907211288809776,
            0.0085061676800251,
            -0.014357974752783775
        ],
        [
            0.04912099614739418,
            0.010870169848203659,
            -0.004391361027956009
        ],
        [
            0.071941077709198,
            0.03174228221178055,
            -0.02051985263824463
        ],
        [
            0.07979238033294678,
            0.02921203523874283,
            -0.014364000409841537
        ],
        [
            0.08021481335163116,
            0.028653502464294434,
            -0.020698312669992447
        ],
        [
            0.07318565249443054,
            0.03171897679567337,
            -0.026184316724538803
        ],
        [
            0.08685685694217682,
            0.05116145312786102,
            -0.051091231405735016
        ],
        [
            0.0862383171916008,
            0.033829465508461,
            -0.054153960198163986
        ],
        [
            0.07964850217103958,
            0.038025908172130585,
            -0.05335583910346031
        ],
        [
            0.08456648141145706,
            0.054410528391599655,
            -0.047054532915353775
        ],
        [
            0.09814506769180298,
            0.03023650124669075,
            0.0092325359582901
        ],
        [
            0.10588709264993668,
            0.0203600712120533,
            0.014384865760803223
        ],
        [
            0.10822726786136627,
            0.0185271967202425,
            0.009193114936351776
        ],
        [
            0.10030137002468109,
            0.027371685951948166,
            0.005359578877687454
        ],
        [
            0.11343637108802795,
            0.020736726000905037,
            -0.010898608714342117
        ],
        [
            0.11651351302862167,
            0.01281379908323288,
            -0.005910448729991913
        ],
        [
            0.12171021103858948,
            0.002092316746711731,
            -0.010851424187421799
        ],
        [
            0.11866765469312668,
            0.008686695247888565,
            -0.01832263171672821
        ],
        [
            0.11119604110717773,
            0.02830619551241398,
            -0.016725104302167892
        ],
        [
            0.11742938309907913,
            0.01967216655611992,
            -0.024226367473602295
        ],
        [
            0.1154891699552536,
            0.030057325959205627,
            -0.029057566076517105
        ],
        [
            0.11074312776327133,
            0.045622337609529495,
            -0.036043792963027954
        ],
        [
            0.0994352325797081,
            0.02115432545542717,
            0.025428038090467453
        ],
        [
            0.09313014894723892,
            0.02894570305943489,
            0.023367613554000854
        ],
        [
            0.03008519485592842,
            0.06056464836001396,
            -0.07614225149154663
        ],
        [
            0.027397554367780685,
            0.06215507537126541,
            -0.07102359086275101
        ],
        [
            0.029929302632808685,
            0.05949782580137253,
            -0.07012354582548141
        ],
        [
            0.031812913715839386,
            0.058370254933834076,
            -0.07546637952327728
        ],
        [
            0.08198221027851105,
            0.013097800314426422,
            0.03173861652612686
        ],
        [
            0.07754406332969666,
            0.004195168614387512,
            0.03012556955218315
        ],
        [
            0.08324690163135529,
            0.0029836148023605347,
            0.03448960557579994
        ],
        [
            0.08857952058315277,
            0.01071905717253685,
            0.03457329049706459
        ],
        [
            0.07332368940114975,
            0.01626390591263771,
            0.027882708236575127
        ],
        [
            0.07008998095989227,
            0.006336092948913574,
            0.023652322590351105
        ],
        [
            0.021524149924516678,
            0.055649496614933014,
            -0.08432580530643463
        ],
        [
            0.02624051831662655,
            0.057659368962049484,
            -0.08370956033468246
        ],
        [
            0.027146507054567337,
            0.053165286779403687,
            -0.0829494372010231
        ],
        [
            0.022766295820474625,
            0.05040431395173073,
            -0.08231547474861145
        ],
        [
            0.06784839183092117,
            0.03797753527760506,
            -0.051180560141801834
        ],
        [
            0.06707330048084259,
            0.037242405116558075,
            -0.04231031984090805
        ],
        [
            0.05247652530670166,
            0.04142800718545914,
            -0.059960030019283295
        ],
        [
            0.05751577019691467,
            0.038977041840553284,
            -0.0522228367626667
        ],
        [
            0.061080969870090485,
            0.03690360113978386,
            -0.05782955139875412
        ],
        [
            0.055921539664268494,
            0.037833381444215775,
            -0.0639018639922142
        ],
        [
            0.052291397005319595,
            0.039065100252628326,
            -0.029128968715667725
        ],
        [
            0.06159009039402008,
            0.03502073511481285,
            -0.023264512419700623
        ],
        [
            0.0625515878200531,
            0.034776750952005386,
            -0.02986074425280094
        ],
        [
            0.05342235788702965,
            0.03960105776786804,
            -0.037668872624635696
        ],
        [
            0.058734215795993805,
            0.03913131728768349,
            -0.010053440928459167
        ],
        [
            0.04961191117763519,
            0.04231097921729088,
            -0.016875160858035088
        ],
        [
            0.049075376242399216,
            0.04418471083045006,
            -0.008548438549041748
        ],
        [
            0.05607495456933975,
            0.042536694556474686,
            -0.005190007388591766
        ],
        [
            0.03539034724235535,
            0.04653804749250412,
            -0.03138960152864456
        ],
        [
            0.02943456918001175,
            0.0477113239467144,
            -0.03519303351640701
        ],
        [
            0.028914490714669228,
            0.04944971203804016,
            -0.03185074403882027
        ],
        [
            0.034776654094457626,
            0.046714071184396744,
            -0.027785487473011017
        ],
        [
            0.08865427225828171,
            0.0006489939987659454,
            0.038429535925388336
        ],
        [
            0.09500019997358322,
            0.007867354899644852,
            0.03650810569524765
        ],
        [
            0.03711272031068802,
            0.02559577114880085,
            0.009201403707265854
        ],
        [
            0.04282618314027786,
            0.03162040188908577,
            0.016649622470140457
        ],
        [
            0.03205125406384468,
            0.03769703954458237,
            0.013044321909546852
        ],
        [
            0.02804926037788391,
            0.0292657557874918,
            0.005856471136212349
        ],
        [
            0.07567112892866135,
            -0.0032413452863693237,
            0.02315562590956688
        ],
        [
            0.08005417138338089,
            -0.0050527192652225494,
            0.02938077226281166
        ],
        [
            0.01619880273938179,
            0.054762743413448334,
            -0.08126768469810486
        ],
        [
            0.01803440973162651,
            0.04962339252233505,
            -0.07867700606584549
        ],
        [
            0.11342760920524597,
            0.018880993127822876,
            -0.036792222410440445
        ],
        [
            0.10951932519674301,
            0.03957483172416687,
            -0.04390667378902435
        ],
        [
            0.11518487334251404,
            0.005443170666694641,
            -0.028174184262752533
        ],
        [
            0.11524008959531784,
            -0.002974405884742737,
            -0.020539555698633194
        ],
        [
            0.11794179677963257,
            -0.008936725556850433,
            -0.014064110815525055
        ],
        [
            0.05198417976498604,
            0.04136200249195099,
            -0.049159057438373566
        ],
        [
            0.06742141395807266,
            0.03458890691399574,
            -0.033406585454940796
        ],
        [
            0.07084254920482635,
            0.0326068177819252,
            -0.015488643199205399
        ],
        [
            0.06157023087143898,
            0.044785648584365845,
            0.011229852214455605
        ],
        [
            0.07041946798563004,
            0.041678521782159805,
            0.01598133146762848
        ],
        [
            0.07123340666294098,
            0.04154843091964722,
            0.005341332405805588
        ],
        [
            0.06299663335084915,
            0.043731920421123505,
            0.003399871289730072
        ],
        [
            0.04698171466588974,
            0.04057253897190094,
            0.017870677635073662
        ],
        [
            0.05000888183712959,
            0.045918598771095276,
            0.012749966233968735
        ],
        [
            0.04262024536728859,
            0.04839511215686798,
            0.009200284257531166
        ],
        [
            0.03816094994544983,
            0.04432687535881996,
            0.013986997306346893
        ],
        [
            0.09336317330598831,
            0.05045159161090851,
            -0.05482343211770058
        ],
        [
            0.09347402304410934,
            0.03153733164072037,
            -0.054242223501205444
        ],
        [
            0.08805675804615021,
            0.02158094197511673,
            0.029874850064516068
        ],
        [
            0.0947980284690857,
            0.017722172662615776,
            0.03069257363677025
        ],
        [
            0.10064023733139038,
            0.012153316289186478,
            0.033407606184482574
        ],
        [
            0.08971071243286133,
            0.02951641194522381,
            -0.003940898925065994
        ],
        [
            0.10178565979003906,
            0.02536780759692192,
            0.0026063285768032074
        ],
        [
            0.1026371493935585,
            0.02448849193751812,
            -0.0017104335129261017
        ],
        [
            0.08948957920074463,
            0.027369920164346695,
            -0.007527295500040054
        ],
        [
            0.08880079537630081,
            0.03125845640897751,
            -0.01942211389541626
        ],
        [
            0.10001784563064575,
            0.029757507145404816,
            -0.013182319700717926
        ],
        [
            0.08827666938304901,
            0.0406024232506752,
            -0.022573385387659073
        ],
        [
            0.1125720962882042,
            0.015225773677229881,
            0.0030087903141975403
        ],
        [
            0.11576859652996063,
            0.012911977246403694,
            0.013433858752250671
        ],
        [
            0.11938318610191345,
            0.009439487010240555,
            0.006050147116184235
        ],
        [
            0.11094340682029724,
            0.014313478022813797,
            0.0218532532453537
        ],
        [
            0.10568466037511826,
            0.014381017535924911,
            0.029033280909061432
        ],
        [
            0.08388594537973404,
            -0.009830150753259659,
            0.03528137505054474
        ],
        [
            0.1213487908244133,
            0.005641628056764603,
            -0.0010614842176437378
        ],
        [
            0.09804932028055191,
            0.05876155197620392,
            -0.029808375984430313
        ],
        [
            0.09820641577243805,
            0.06576227396726608,
            -0.03548938408493996
        ],
        [
            0.09094646573066711,
            0.06413403153419495,
            -0.03556094318628311
        ],
        [
            0.09005726873874664,
            0.057265013456344604,
            -0.03077239729464054
        ],
        [
            0.05061802268028259,
            0.028214052319526672,
            -0.06990158557891846
        ],
        [
            0.054547056555747986,
            0.03428955376148224,
            -0.06822969019412994
        ],
        [
            0.06270822882652283,
            0.03326771408319473,
            -0.06282670795917511
        ],
        [
            0.08791354298591614,
            0.03578721359372139,
            0.008761785924434662
        ],
        [
            0.08420250564813614,
            0.03457499295473099,
            0.02078373357653618
        ],
        [
            0.046664636582136154,
            0.04336681589484215,
            -0.05701356381177902
        ],
        [
            0.023768726736307144,
            0.04587932303547859,
            -0.0812029242515564
        ],
        [
            0.02881469950079918,
            0.048911359161138535,
            -0.08217774331569672
        ],
        [
            0.03931710124015808,
            0.036734797060489655,
            -0.07641387730836868
        ],
        [
            0.03345676511526108,
            0.033292561769485474,
            -0.07536867260932922
        ],
        [
            0.03517908230423927,
            0.04299118369817734,
            -0.057921793311834335
        ],
        [
            0.04194755479693413,
            0.04455257207155228,
            -0.0589517280459404
        ],
        [
            0.03908056393265724,
            0.044948264956474304,
            -0.059579163789749146
        ],
        [
            0.03281202167272568,
            0.044840894639492035,
            -0.057656969875097275
        ],
        [
            0.030330616980791092,
            0.04995075613260269,
            -0.022651363164186478
        ],
        [
            0.03522378206253052,
            0.04771070182323456,
            -0.019294098019599915
        ],
        [
            0.03325537592172623,
            0.022597236558794975,
            -0.05066702887415886
        ],
        [
            0.040082961320877075,
            0.01688401587307453,
            -0.06076805666089058
        ],
        [
            0.049589067697525024,
            0.013938643038272858,
            -0.0546065978705883
        ],
        [
            0.051265034824609756,
            0.04027625545859337,
            -0.021841121837496758
        ],
        [
            0.042680561542510986,
            0.04413343966007233,
            -0.026419086381793022
        ],
        [
            0.041689999401569366,
            0.0447562076151371,
            -0.022470830008387566
        ],
        [
            0.04728976637125015,
            0.042626991868019104,
            -0.048340197652578354
        ],
        [
            0.04168698936700821,
            0.04389991611242294,
            -0.05365696921944618
        ],
        [
            0.04141252487897873,
            0.04361985996365547,
            -0.04861723631620407
        ],
        [
            0.04643888771533966,
            0.042387571185827255,
            -0.042920228093862534
        ],
        [
            0.05328086018562317,
            0.025237534195184708,
            0.02145041897892952
        ],
        [
            0.0578090064227581,
            0.03583974391222,
            0.023091411218047142
        ],
        [
            0.029515743255615234,
            0.05922221019864082,
            -0.08072567731142044
        ],
        [
            0.03073401004076004,
            0.05603407695889473,
            -0.08023560047149658
        ],
        [
            0.06042160838842392,
            0.03630664199590683,
            -0.01626669429242611
        ],
        [
            0.06089300662279129,
            0.010076729580760002,
            -0.046883389353752136
        ],
        [
            0.0697908028960228,
            0.03396201133728027,
            -0.010238159447908401
        ],
        [
            0.022378241643309593,
            0.034871071577072144,
            -0.012012218125164509
        ],
        [
            0.02410401962697506,
            0.04333893209695816,
            -0.009759796783328056
        ],
        [
            0.021942758932709694,
            0.04614969342947006,
            -0.013106569647789001
        ],
        [
            0.018412470817565918,
            0.04151375591754913,
            -0.015417186543345451
        ],
        [
            0.023033224046230316,
            0.05350961163640022,
            -0.06271354109048843
        ],
        [
            0.027437368407845497,
            0.0567198172211647,
            -0.06456930190324783
        ],
        [
            0.02563834935426712,
            0.05913917347788811,
            -0.06562700122594833
        ],
        [
            0.020346499979496002,
            0.056757256388664246,
            -0.06452390551567078
        ],
        [
            0.046479616314172745,
            0.0438416413962841,
            -0.06262172013521194
        ],
        [
            0.04986783489584923,
            0.04092508926987648,
            -0.06733908504247665
        ],
        [
            0.044703517109155655,
            0.044512320309877396,
            -0.06888476014137268
        ],
        [
            0.04191135987639427,
            0.04559477046132088,
            -0.06378116458654404
        ],
        [
            0.04792007803916931,
            0.036860141903162,
            -0.07173238694667816
        ],
        [
            0.04354482144117355,
            0.04067695513367653,
            -0.07380235195159912
        ],
        [
            0.018688462674617767,
            0.04922119900584221,
            -0.06468331813812256
        ],
        [
            0.017070209607481956,
            0.04549603909254074,
            -0.07097664475440979
        ],
        [
            0.02538193389773369,
            0.03448066487908363,
            -0.06417609751224518
        ],
        [
            0.026654541492462158,
            0.04090326651930809,
            -0.05988018214702606
        ],
        [
            0.06034603714942932,
            0.0029859840869903564,
            0.0021310485899448395
        ],
        [
            0.05932696908712387,
            0.007543247193098068,
            0.012266172096133232
        ],
        [
            0.04796819016337395,
            0.01536654680967331,
            0.006090667098760605
        ],
        [
            0.03591468185186386,
            0.022289101034402847,
            0.0005335398018360138
        ],
        [
            0.02551107108592987,
            0.02941560186445713,
            -0.005872124806046486
        ],
        [
            0.02503545954823494,
            0.023143287748098373,
            -0.016505882143974304
        ],
        [
            0.04886952042579651,
            0.018435828387737274,
            0.01363530382514
        ],
        [
            0.03034595586359501,
            0.03638217970728874,
            -0.05489117652177811
        ],
        [
            0.03177586942911148,
            0.027787063270807266,
            -0.05878983810544014
        ],
        [
            0.029744300991296768,
            0.0296668391674757,
            -0.05365249142050743
        ],
        [
            0.06841164082288742,
            0.037514667958021164,
            -0.0038266293704509735
        ],
        [
            0.03242320567369461,
            0.05228160321712494,
            -0.08021003007888794
        ],
        [
            0.09748463332653046,
            -0.01662813499569893,
            -0.011545389890670776
        ],
        [
            0.08899422734975815,
            -0.01763598993420601,
            -0.0007459856569766998
        ],
        [
            0.08451603353023529,
            -0.01345742866396904,
            -0.007080812007188797
        ],
        [
            0.09449857473373413,
            -0.011208411306142807,
            -0.019540734589099884
        ],
        [
            0.03197037801146507,
            0.05758798122406006,
            -0.06979114562273026
        ],
        [
            0.034215860068798065,
            0.05595598369836807,
            -0.07543770968914032
        ],
        [
            0.03303978592157364,
            0.050038550049066544,
            -0.013483917340636253
        ],
        [
            0.02877063676714897,
            0.0512569397687912,
            -0.01721900887787342
        ],
        [
            0.025884073227643967,
            0.051145508885383606,
            -0.014353103935718536
        ],
        [
            0.029416151344776154,
            0.0526362843811512,
            -0.009668559767305851
        ],
        [
            0.060437947511672974,
            0.009833835065364838,
            0.017670467495918274
        ],
        [
            0.02720075473189354,
            0.04375164955854416,
            0.01064976304769516
        ],
        [
            0.023014716804027557,
            0.03589581325650215,
            0.003990987315773964
        ],
        [
            0.06925393640995026,
            0.0005536116659641266,
            0.017237462103366852
        ],
        [
            0.06984679400920868,
            -0.004052013158798218,
            0.008611015975475311
        ],
        [
            0.0764957144856453,
            -0.008925896137952805,
            0.013803601264953613
        ],
        [
            0.0247342512011528,
            0.025344623252749443,
            -0.03168712556362152
        ],
        [
            0.060087136924266815,
            0.0013125091791152954,
            -0.006373878568410873
        ],
        [
            0.07051549851894379,
            -0.005477771162986755,
            0.0011128820478916168
        ],
        [
            0.07847776263952255,
            -0.011387873440980911,
            0.006953570991754532
        ],
        [
            0.08355110138654709,
            -0.015898659825325012,
            0.011777542531490326
        ],
        [
            0.08095896989107132,
            -0.012604407966136932,
            0.01878618448972702
        ],
        [
            0.019554967060685158,
            0.045038409531116486,
            -0.07657679915428162
        ],
        [
            0.014209393411874771,
            0.05058429017663002,
            -0.07287677377462387
        ],
        [
            0.08496135473251343,
            -0.018051736056804657,
            0.02483910322189331
        ],
        [
            0.08815531432628632,
            -0.02098846435546875,
            0.016626115888357162
        ],
        [
            0.07270243018865585,
            -0.006845779716968536,
            -0.0077290162444114685
        ],
        [
            0.07665055990219116,
            -0.006907947361469269,
            -0.019112277776002884
        ],
        [
            0.06265167891979218,
            1.2058764696121216e-05,
            -0.014620915055274963
        ],
        [
            0.06548265367746353,
            0.00017832964658737183,
            -0.02615087851881981
        ],
        [
            0.028166230767965317,
            0.01809109002351761,
            -0.03902941942214966
        ],
        [
            0.010366911999881268,
            0.06922300904989243,
            -0.07471749931573868
        ],
        [
            0.012586339376866817,
            0.0587165392935276,
            -0.07051066309213638
        ],
        [
            0.017004210501909256,
            0.06056339666247368,
            -0.06719653308391571
        ],
        [
            0.01254761591553688,
            0.06974101811647415,
            -0.07098334282636642
        ],
        [
            0.01598760485649109,
            0.053625430911779404,
            -0.0668804794549942
        ],
        [
            0.012382552027702332,
            0.056040093302726746,
            -0.07555857300758362
        ],
        [
            0.07338277995586395,
            0.004423368722200394,
            -0.03962630033493042
        ],
        [
            0.03506332263350487,
            0.044459402561187744,
            -0.05299273505806923
        ],
        [
            0.08851954340934753,
            -0.0007757022976875305,
            -0.03380398824810982
        ],
        [
            0.07936786115169525,
            0.015532707795500755,
            -0.05342306196689606
        ],
        [
            0.09179547429084778,
            0.013823378831148148,
            -0.04846138507127762
        ],
        [
            0.10528146475553513,
            -0.005217660218477249,
            -0.02789590135216713
        ],
        [
            0.10532116889953613,
            0.008237745612859726,
            -0.04049066826701164
        ],
        [
            0.11003491282463074,
            -0.016294989734888077,
            -0.012414280325174332
        ],
        [
            0.10612668842077255,
            -0.0114944688975811,
            -0.01931207999587059
        ],
        [
            0.10426162928342819,
