{
    "pred_cam": [
        4.892974376678467,
        -0.1676645278930664,
        -0.044853512197732925
    ],
    "pred_mano_params": {
        "global_orient": [
            [
                [
                    -0.7094524502754211,
                    -0.5161005854606628,
                    0.4799138307571411
                ],
                [
                    -0.2875293791294098,
                    -0.40974926948547363,
                    -0.8656975626945496
                ],
                [
                    0.6434314250946045,
                    -0.7521606087684631,
                    0.14230354130268097
                ]
            ]
        ],
        "hand_pose": [
            [
                [
                    0.793527364730835,
                    -0.570366621017456,
                    -0.2121230661869049
                ],
                [
                    0.5746824741363525,
                    0.8170238733291626,
                    -0.047033291310071945
                ],
                [
                    0.20013581216335297,
                    -0.08458119630813599,
                    0.9761105179786682
                ]
            ],
            [
                [
                    0.9667937755584717,
                    -0.21876312792301178,
                    0.1321079581975937
                ],
                [
                    0.24293433129787445,
                    0.9471780061721802,
                    -0.20937208831310272
                ],
                [
                    -0.07932686060667038,
                    0.23451317846775055,
                    0.9688708782196045
                ]
            ],
            [
                [
                    0.797298014163971,
                    -0.5890818238258362,
                    0.13152360916137695
                ],
                [
                    0.5838354825973511,
                    0.8079631328582764,
                    0.07957181334495544
                ],
                [
                    -0.15314054489135742,
                    0.013345698826014996,
                    0.9881142973899841
                ]
            ],
            [
                [
                    0.7217372059822083,
                    -0.6708592176437378,
                    -0.17042119801044464
                ],
                [
                    0.6851465106010437,
                    0.7274026870727539,
                    0.03820454329252243
                ],
                [
                    0.09833497554063797,
                    -0.14433711767196655,
                    0.9846304059028625
                ]
            ],
            [
                [
                    0.9137617945671082,
                    -0.39532849192619324,
                    -0.09356654435396194
                ],
                [
                    0.40483802556991577,
                    0.8669168949127197,
                    0.2907941937446594
                ],
                [
                    -0.03384481370449066,
                    -0.30359596014022827,
                    0.9521995186805725
                ]
            ],
            [
                [
                    0.7585943341255188,
                    -0.65151047706604,
                    0.008290274068713188
                ],
                [
                    0.6513370275497437,
                    0.7586049437522888,
                    0.01669139601290226
                ],
                [
                    -0.017163660377264023,
                    -0.007262235973030329,
                    0.9998263120651245
                ]
            ],
            [
                [
                    0.676747739315033,
                    -0.5949782729148865,
                    0.43360504508018494
                ],
                [
                    0.4795183539390564,
                    0.8031286001205444,
                    0.3536193072795868
                ],
                [
                    -0.5586364269256592,
                    -0.03138948231935501,
                    0.8288184404373169
                ]
            ],
            [
                [
                    0.979931652545929,
                    -0.18255740404129028,
                    -0.08004173636436462
                ],
                [
                    0.1931389421224594,
                    0.9688962697982788,
                    0.15471677482128143
                ],
                [
                    0.049307458102703094,
                    -0.16707105934619904,
                    0.9847110509872437
                ]
            ],
            [
                [
                    0.9324883222579956,
                    -0.3611742854118347,
                    -0.004342269618064165
                ],
                [
                    0.3361474573612213,
                    0.8633489608764648,
                    0.3763422667980194
                ],
                [
                    -0.1321762204170227,
                    -0.35239437222480774,
                    0.9264706373214722
                ]
            ],
            [
                [
                    0.7550569176673889,
                    -0.6535519957542419,
                    0.052523255348205566
                ],
                [
                    0.6542528867721558,
                    0.7562599778175354,
                    0.004894713871181011
                ],
                [
                    -0.04292019084095955,
                    0.030667703598737717,
                    0.9986076354980469
                ]
            ],
            [
                [
                    0.9471604824066162,
                    -0.32026082277297974,
                    -0.017888808622956276
                ],
                [
                    0.28503182530403137,
                    0.8147708177566528,
                    0.5048815011978149
                ],
                [
                    -0.147118479013443,
                    -0.4833027124404907,
                    0.8630032539367676
                ]
            ],
            [
                [
                    0.7531762719154358,
                    -0.6475070118904114,
                    -0.11601747572422028
                ],
                [
                    0.6574667692184448,
                    0.7352046966552734,
                    0.16495925188064575
                ],
                [
                    -0.02151569537818432,
                    -0.20052103698253632,
                    0.9794530868530273
                ]
            ],
            [
                [
                    0.932066798210144,
                    -0.14206168055534363,
                    -0.3332717716693878
                ],
                [
                    -0.22915537655353546,
                    0.48132890462875366,
                    -0.846055805683136
                ],
                [
                    0.2806054353713989,
                    0.8649514317512512,
                    0.4160764813423157
                ]
            ],
            [
                [
                    0.813313901424408,
                    -0.4624788761138916,
                    -0.35303521156311035
                ],
                [
                    0.5803042650222778,
                    0.6009486317634583,
                    0.5496432185173035
                ],
                [
                    -0.04204230755567551,
                    -0.6519002318382263,
                    0.7571383714675903
                ]
            ],
            [
                [
                    0.9008119702339172,
                    0.3809804320335388,
                    -0.2083069086074829
                ],
                [
                    -0.4061688780784607,
                    0.9089451432228088,
                    -0.09405095130205154
                ],
                [
                    0.15350797772407532,
                    0.16932998597621918,
                    0.9735310673713684
                ]
            ]
        ],
        "betas": [
            -0.06103849411010742,
            -0.04473385214805603,
            -0.07241153717041016,
            0.029092222452163696,
            0.05704742670059204,
            0.03193383291363716,
            0.07226598262786865,
            -0.032628536224365234,
            -0.0017382651567459106,
            -0.08080428838729858
        ]
    },
    "pred_cam_t": [
        -0.1676645278930664,
        -0.044853512197732925,
        7.9833855628967285
    ],
    "focal_length": [
        5000.0,
        5000.0
    ],
    "pred_keypoints_3d": [
        [
            0.09608389437198639,
            0.006411302834749222,
            0.006211963482201099
        ],
        [
            0.1336939036846161,
            -0.002689613960683346,
            0.006024795584380627
        ],
        [
            0.16272345185279846,
            0.006701761856675148,
            0.0011624796316027641
        ],
        [
            0.18254303932189941,
            0.024081356823444366,
            -0.005515124183148146
        ],
        [
            0.206189826130867,
            0.042787857353687286,
            -0.026235975325107574
        ],
        [
            0.1715087741613388,
            0.01607448421418667,
            -0.04387340694665909
        ],
        [
            0.197762131690979,
            0.034901440143585205,
            -0.05128691717982292
        ],
        [
            0.2152022123336792,
            0.04806271567940712,
            -0.04691026359796524
        ],
        [
            0.2296355962753296,
            0.058947138488292694,
            -0.02969220280647278
        ],
        [
            0.16266506910324097,
            0.037298597395420074,
            -0.054331663995981216
        ],
        [
            0.18507850170135498,
            0.05983983725309372,
            -0.05500197783112526
        ],
        [
            0.19967219233512878,
            0.07328063249588013,
            -0.04270635545253754
        ],
        [
            0.21091218292713165,
            0.07916781306266785,
            -0.020564496517181396
        ],
        [
            0.1435282975435257,
            0.054785389453172684,
            -0.047460053116083145
        ],
        [
            0.1668962985277176,
            0.07170703262090683,
            -0.05004928633570671
        ],
        [
            0.1842202991247177,
            0.08522584289312363,
            -0.038382239639759064
        ],
        [
            0.19628076255321503,
            0.09149372577667236,
            -0.016889706254005432
        ],
        [
            0.12947207689285278,
            0.06785392016172409,
            -0.03692761808633804
        ],
        [
            0.1476491540670395,
            0.07862350344657898,
            -0.03852029889822006
        ],
        [
            0.16329459846019745,
            0.08869542181491852,
            -0.034552764147520065
        ],
        [
            0.1778828352689743,
            0.09550173580646515,
            -0.023018619045615196
        ]
    ],
    "pred_vertices": [
        [
            0.1470794826745987,
            0.014010550454258919,
            -0.01106354221701622
        ],
        [
            0.13877220451831818,
            0.012347492389380932,
            -0.003207627683877945
        ],
        [
            0.14739032089710236,
            0.013300465419888496,
            -0.0042144134640693665
        ],
        [
            0.15523695945739746,
            0.012182366102933884,
            -0.011595703661441803
        ],
        [
            0.14131583273410797,
            0.01259102113544941,
            0.016119077801704407
        ],
        [
            0.14381030201911926,
            0.0027685975655913353,
            0.023062527179718018
        ],
        [
            0.1595020890235901,
            0.00891340896487236,
            0.016735445708036423
        ],
        [
            0.1543143093585968,
            0.017281461507081985,
            0.013238266110420227
        ],
        [
            0.16099892556667328,
            0.01098657213151455,
            -0.013293996453285217
        ],
        [
            0.15477517247200012,
            0.014529521577060223,
            -0.004609137773513794
        ],
        [
            0.16095764935016632,
            0.010053484700620174,
            -0.014503495767712593
        ],
        [
            0.16464917361736298,
            0.0022304458543658257,
            -0.027707846835255623
        ],
        [
            0.16552557051181793,
            0.006947952322661877,
            -0.02304651215672493
        ],
        [
            0.1678115874528885,
            0.001673341728746891,
            -0.03596106916666031
        ],
        [
            0.15688586235046387,
            -0.004715874791145325,
            -0.030173806473612785
        ],
        [
            0.16185079514980316,
            0.00037031807005405426,
            -0.04326276481151581
        ],
        [
            0.13303497433662415,
            0.005356963723897934,
            -0.03949715942144394
        ],
        [
            0.12372957170009613,
            0.015394391492009163,
            -0.039576202630996704
        ],
        [
            0.1351543366909027,
            0.022399403154850006,
            -0.050732631236314774
        ],
        [
            0.1439375877380371,
            0.01194264367222786,
            -0.04887327179312706
        ],
        [
            0.12091727554798126,
            0.03604115918278694,
            -0.043302271515131
        ],
        [
            0.12923283874988556,
            0.028922582045197487,
            -0.0480654202401638
        ],
        [
            0.11718417704105377,
            0.021492648869752884,
            -0.03796564042568207
        ],
        [
            0.1104559525847435,
            0.02830006368458271,
            -0.034131065011024475
        ],
        [
            0.1339811235666275,
            0.0216886755079031,
            -0.009282957762479782
        ],
        [
            0.1263454705476761,
            0.019110465422272682,
            -0.001561131328344345
        ],
        [
            0.13016344606876373,
            0.015089505352079868,
            -0.0027070902287960052
        ],
        [
            0.13794447481632233,
            0.01793433353304863,
            -0.009733445942401886
        ],
        [
            0.16592174768447876,
            0.009573079645633698,
            -0.011106699705123901
        ],
        [
            0.1589425802230835,
            -0.003908954560756683,
            -0.014145471155643463
        ],
        [
            0.15999090671539307,
            0.0027425382286310196,
            -0.016923073679208755
        ],
        [
            0.16475196182727814,
            0.014644693583250046,
            -0.009236903861165047
        ],
        [
            0.10742291063070297,
            0.02268025651574135,
            0.02022700011730194
        ],
        [
            0.0969872698187828,
            0.014744782820343971,
            0.023690272122621536
        ],
        [
            0.10001378506422043,
            0.009599441662430763,
            0.02362613007426262
        ],
        [
            0.10869503766298294,
            0.017677102237939835,
            0.02011984959244728
        ],
        [
            0.11971516907215118,
            -0.0023877453058958054,
            0.025981929153203964
        ],
        [
            0.10920660942792892,
            -0.00634661503136158,
            0.02495337277650833
        ],
        [
            0.10635454207658768,
            -0.01913386955857277,
            0.0224870964884758
        ],
        [
            0.11746204644441605,
            -0.01742720603942871,
            0.020919889211654663
        ],
        [
            0.13216641545295715,
            0.0003055427223443985,
            0.02533632144331932
        ],
        [
            0.13158564269542694,
            -0.01312214881181717,
            0.02310531586408615
        ],
        [
            0.1459254026412964,
            -0.008334826678037643,
            0.021087646484375
        ],
        [
            0.16284096240997314,
            0.0005726180970668793,
            0.014338310807943344
        ],
        [
            0.08887812495231628,
            0.024497967213392258,
            0.02145783230662346
        ],
        [
            0.09554176032543182,
            0.03193322569131851,
            0.019069358706474304
        ],
        [
            0.20375514030456543,
            0.03389725461602211,
            -0.04134834185242653
        ],
        [
            0.20122505724430084,
            0.039192043244838715,
            -0.040820393711328506
        ],
        [
            0.19747015833854675,
            0.035924285650253296,
            -0.03988420218229294
        ],
        [
            0.2007681131362915,
            0.031288549304008484,
            -0.041029300540685654
        ],
        [
            0.08021201938390732,
            0.03161071240901947,
            0.004505295306444168
        ],
        [
            0.07656855136156082,
            0.027146615087985992,
            -0.003827076405286789
        ],
        [
            0.0719200074672699,
            0.025635216385126114,
            0.0016329586505889893
        ],
        [
            0.07605572789907455,
            0.02804243564605713,
            0.009779136627912521
        ],
        [
            0.08578911423683167,
            0.036268435418605804,
            -0.0024059265851974487
        ],
        [
            0.08360122889280319,
            0.029073208570480347,
            -0.010908141732215881
        ],
        [
            0.2067607343196869,
            0.03171664476394653,
            -0.05363614857196808
        ],
        [
            0.2074403017759323,
            0.03030790574848652,
            -0.04870423302054405
        ],
        [
            0.20351432263851166,
            0.027326928451657295,
            -0.04999147355556488
        ],
        [
            0.20168453454971313,
            0.029026802629232407,
            -0.05454746633768082
        ],
        [
            0.16217637062072754,
            0.01135156862437725,
            -0.01922198385000229
        ],
        [
            0.15491983294487,
            0.016251808032393456,
            -0.01716243103146553
        ],
        [
            0.17257174849510193,
            0.01675785332918167,
            -0.03144867718219757
        ],
        [
            0.16497384011745453,
            0.01721143163740635,
            -0.026902450248599052
        ],
        [
            0.16775894165039062,
            0.010790972039103508,
            -0.026705117896199226
        ],
        [
            0.1733475774526596,
            0.010640986263751984,
            -0.03163740038871765
        ],
        [
            0.14685481786727905,
            0.032413847744464874,
            -0.025002436712384224
        ],
        [
            0.13912290334701538,
            0.027915168553590775,
            -0.01738850399851799
        ],
        [
            0.14415156841278076,
            0.023734569549560547,
            -0.018457546830177307
        ],
        [
            0.15400560200214386,
            0.027617299929261208,
            -0.026072312146425247
        ],
        [
            0.1310092955827713,
            0.03920156508684158,
            -0.014370851218700409
        ],
        [
            0.13903915882110596,
            0.042545996606349945,
            -0.02248363383114338
        ],
        [
            0.13349206745624542,
            0.04856650531291962,
            -0.019843287765979767
        ],
        [
            0.12927652895450592,
            0.04549644887447357,
            -0.013771060854196548
        ],
        [
            0.15383945405483246,
            0.04492524638772011,
            -0.03662080317735672
        ],
        [
            0.1580525040626526,
            0.04637516289949417,
            -0.041249170899391174
        ],
        [
            0.15707792341709137,
            0.04991089180111885,
            -0.04089381545782089
        ],
        [
            0.1513354629278183,
            0.0475836843252182,
            -0.03597481921315193
        ],
        [
            0.06698490679264069,
            0.023301225155591965,
            0.006218891590833664
        ],
        [
            0.07238173484802246,
            0.02377425879240036,
            0.01446661725640297
        ],
        [
            0.10902833193540573,
            0.05168115720152855,
            -0.03376494720578194
        ],
        [
            0.10604580491781235,
            0.05686283856630325,
            -0.024261411279439926
        ],
        [
            0.11361140757799149,
            0.06490600854158401,
            -0.03182166814804077
        ],
        [
            0.11461517214775085,
            0.05712147802114487,
            -0.04045183211565018
        ],
        [
            0.07796203345060349,
            0.019454818218946457,
            -0.010747373104095459
        ],
        [
            0.07154425233602524,
            0.019231967628002167,
            -0.006177231669425964
        ],
        [
            0.20434759557247162,
            0.03621191531419754,
            -0.05711683630943298
        ],
        [
            0.1987932026386261,
            0.03361275792121887,
            -0.057072825729846954
        ],
        [
            0.14179320633411407,
            -0.018530333414673805,
            0.012434471398591995
        ],
        [
            0.16271355748176575,
            -0.006761327385902405,
            0.00818634033203125
        ],
        [
            0.12423687428236008,
            -0.022914929315447807,
            0.013044655323028564
        ],
        [
            0.1117987260222435,
            -0.024167560040950775,
            0.011947713792324066
        ],
        [
            0.1023428663611412,
            -0.026238176971673965,
            0.013275470584630966
        ],
        [
            0.16425074636936188,
            0.023279089480638504,
            -0.029516424983739853
        ],
        [
            0.14630748331546783,
            0.019107302650809288,
            -0.015425115823745728
        ],
        [
            0.1306876391172409,
            0.02552425116300583,
            -0.008521940559148788
        ],
        [
            0.11694355309009552,
            0.05282643064856529,
            -0.003680635243654251
        ],
        [
            0.11061854660511017,
            0.04854577034711838,
            0.003681439906358719
        ],
        [
            0.11912111192941666,
            0.042401526123285294,
            0.0014738664031028748
        ],
        [
            0.12256677448749542,
            0.047202132642269135,
            -0.00503167137503624
        ],
        [
            0.110084168612957,
            0.06133546680212021,
            -0.01632757857441902
        ],
        [
            0.11724957823753357,
            0.06061914935708046,
            -0.012664653360843658
        ],
        [
            0.12228475511074066,
            0.06466126441955566,
            -0.0190640389919281
        ],
        [
            0.11635954678058624,
            0.06681647151708603,
            -0.023436356335878372
        ],
        [
            0.17035642266273499,
            0.003964830189943314,
            -0.009882573038339615
        ],
        [
            0.15924318134784698,
            -0.009553542360663414,
            -0.009855661541223526
        ],
        [
            0.08628679066896439,
            0.033117011189460754,
            0.01311851292848587
        ],
        [
            0.08289247006177902,
            0.02741541899740696,
            0.0173136368393898
        ],
        [
            0.07706799358129501,
            0.022028207778930664,
            0.02044382318854332
        ],
        [
            0.11780427396297455,
            0.01975427381694317,
            0.010134201496839523
        ],
        [
            0.10967867076396942,
            0.01417088508605957,
            0.02022431418299675
        ],
        [
            0.11282126605510712,
            0.01090344786643982,
            0.020411260426044464
        ],
        [
            0.11903828382492065,
            0.016564834862947464,
            0.008966933935880661
        ],
        [
            0.1320117712020874,
            0.012832901440560818,
            0.0067808181047439575
        ],
        [
            0.128243550658226,
            0.009410061873495579,
            0.018891222774982452
        ],
        [
            0.14182013273239136,
            0.016709083691239357,
            0.004882562905550003
        ],
        [
            0.10301725566387177,
            0.00193076953291893,
            0.024645529687404633
        ],
        [
            0.09279056638479233,
            0.0041086263954639435,
            0.028500672429800034
        ],
        [
            0.09658553451299667,
            -0.003981558606028557,
            0.028160758316516876
        ],
        [
            0.0870649516582489,
            0.0119960717856884,
            0.027201063930988312
        ],
        [
            0.08159004151821136,
            0.01856604777276516,
            0.024621285498142242
        ],
        [
            0.06367995589971542,
            0.01712220162153244,
            -0.003517281264066696
        ],
        [
            0.1000535637140274,
            -0.01131228543817997,
            0.026213862001895905
        ],
        [
            0.16408845782279968,
            0.01854025572538376,
            0.010319840162992477
        ],
        [
            0.17182624340057373,
            0.02085072547197342,
            0.007607476785778999
        ],
        [
            0.16693450510501862,
            0.023278826847672462,
            0.002824552357196808
        ],
        [
            0.1599159687757492,
            0.020795073360204697,
            0.0040891654789447784
        ],
        [
            0.1727723330259323,
            0.0043948073871433735,
            -0.043236568570137024
        ],
        [
            0.174697607755661,
            0.006772308144718409,
            -0.036012232303619385
        ],
        [
            0.1689852774143219,
            0.004604604560881853,
            -0.029391663148999214
        ],
        [
            0.11178421974182129,
            0.03153401240706444,
            0.013873901218175888
        ],
        [
            0.10159769654273987,
            0.03902396559715271,
            0.013393584638834
        ],
        [
            0.17184506356716156,
            0.022731542587280273,
            -0.03407610207796097
        ],
        [
            0.1972179412841797,
            0.026433758437633514,
            -0.05567098408937454
        ],
        [
            0.19930745661258698,
            0.024278007447719574,
            -0.05059981718659401
        ],
        [
            0.18472380936145782,
            0.012708919122815132,
            -0.04752466082572937
        ],
        [
            0.18285343050956726,
            0.015356168150901794,
            -0.0536700077354908
        ],
        [
            0.17363213002681732,
            0.02864161692559719,
            -0.042456723749637604
        ],
        [
            0.17462827265262604,
            0.02467057667672634,
            -0.03647396340966225
        ],
        [
            0.17586034536361694,
            0.026255790144205093,
            -0.038061100989580154
        ],
        [
            0.17529675364494324,
            0.03143594413995743,
            -0.042120013386011124
        ],
        [
            0.1500629484653473,
            0.0550098679959774,
            -0.03738648071885109
        ],
        [
            0.14517571032047272,
            0.05291067063808441,
            -0.032919324934482574
        ],
        [
            0.15605545043945312,
            0.02061985433101654,
            -0.05515493452548981
        ],
        [
            0.1605694442987442,
            0.007955208420753479,
            -0.055473241955041885
        ],
        [
            0.15207546949386597,
            0.003083036281168461,
            -0.047394055873155594
        ],
        [
            0.1417277306318283,
            0.03764210641384125,
            -0.023371372371912003
        ],
        [
            0.14820125699043274,
            0.04230990260839462,
            -0.030147282406687737
        ],
        [
            0.1454993188381195,
            0.045442406088113785,
            -0.029585227370262146
        ],
        [
            0.1646084189414978,
            0.027051670476794243,
            -0.03252623230218887
        ],
        [
            0.16995100677013397,
            0.02780112996697426,
            -0.03714041784405708
        ],
        [
            0.16557739675045013,
            0.03052949719130993,
            -0.037037115544080734
        ],
        [
            0.1602434515953064,
            0.030325066298246384,
            -0.03206478804349899
        ],
        [
            0.0976865142583847,
            0.04948524758219719,
            -0.01702219620347023
        ],
        [
            0.10229606926441193,
            0.05510726571083069,
            -0.00779477134346962
        ],
        [
            0.20618556439876556,
            0.030888861045241356,
            -0.0442209467291832
        ],
        [
            0.20290428400039673,
            0.028089063242077827,
            -0.04484259709715843
        ],
        [
            0.13426989316940308,
            0.033110372722148895,
            -0.015907876193523407
        ],
        [
            0.14219345152378082,
            -0.0013755019754171371,
            -0.037068840116262436
        ],
        [
            0.12732024490833282,
            0.029779084026813507,
            -0.007408786565065384
        ],
        [
            0.1322241872549057,
            0.05444028228521347,
            -0.0478619784116745
        ],
        [
            0.13508881628513336,
            0.05969429016113281,
            -0.042575690895318985
        ],
        [
            0.14060497283935547,
            0.06147138774394989,
            -0.04425305873155594
        ],
        [
            0.13972698152065277,
            0.059035684913396835,
            -0.049789443612098694
        ],
        [
            0.1874375343322754,
            0.04054562374949455,
            -0.045711178332567215
        ],
        [
            0.19013172388076782,
            0.038301389664411545,
            -0.04105708748102188
        ],
        [
            0.19423241913318634,
            0.040974460542201996,
            -0.04177061468362808
        ],
        [
            0.19231796264648438,
            0.043513327836990356,
            -0.04665914177894592
        ],
        [
            0.17651604115962982,
            0.019449593499302864,
            -0.03437410295009613
        ],
        [
            0.17829087376594543,
            0.013416608795523643,
            -0.03478032723069191
        ],
        [
            0.18230921030044556,
            0.017344476655125618,
            -0.03660435602068901
        ],
        [
            0.1792120635509491,
            0.02252526581287384,
            -0.03662905842065811
        ],
        [
            0.1796686202287674,
            0.009724275209009647,
            -0.03970073163509369
        ],
        [
            0.18423832952976227,
            0.013407088816165924,
            -0.04123605415225029
        ],
        [
            0.18707935512065887,
            0.03985922783613205,
            -0.052181318402290344
        ],
        [
            0.18973276019096375,
            0.03556656837463379,
            -0.05775652825832367
        ],
        [
            0.17587736248970032,
            0.027058841660618782,
            -0.05594306439161301
        ],
        [
            0.17608961462974548,
            0.03222537785768509,
            -0.04966328293085098
        ],
        [
            0.09975604712963104,
            0.02057003229856491,
            -0.026501517742872238
        ],
        [
            0.09430946409702301,
            0.02951950393617153,
            -0.022520452737808228
        ],
        [
            0.1047142744064331,
            0.037469372153282166,
            -0.030155865475535393
        ],
        [
            0.11404573917388916,
            0.04552915692329407,
            -0.03858919069170952
        ],
        [
            0.12388403713703156,
            0.052341360598802567,
            -0.045694682747125626
        ],
        [
            0.1288592368364334,
            0.042815081775188446,
            -0.051785655319690704
        ],
        [
            0.1003526896238327,
            0.04306621104478836,
            -0.025953765958547592
        ],
        [
            0.16727067530155182,
            0.02834303118288517,
            -0.05000289902091026
        ],
        [
            0.16621379554271698,
            0.021353885531425476,
            -0.054775722324848175
        ],
        [
            0.16284264624118805,
            0.02541394531726837,
            -0.05424199998378754
        ],
        [
            0.12432871013879776,
            0.03630132973194122,
            -0.005243729799985886
        ],
        [
            0.19923794269561768,
            0.024668235331773758,
            -0.045268550515174866
        ],
        [
            0.09671510010957718,
            -0.01936146430671215,
            -0.0072804950177669525
        ],
        [
            0.08803308010101318,
            -0.00983564555644989,
            -0.012191902846097946
        ],
        [
            0.09589601308107376,
            -0.00804450735449791,
            -0.01581868901848793
        ],
        [
            0.10641611367464066,
            -0.01838495582342148,
            -0.009537119418382645
        ],
        [
            0.19390235841274261,
            0.032980144023895264,
            -0.038797251880168915
        ],
        [
            0.19740934669971466,
            0.02786191552877426,
            -0.040057651698589325
        ],
        [
            0.14210589230060577,
            0.05876708775758743,
            -0.03241956979036331
        ],
        [
            0.14663273096084595,
            0.05966655910015106,
            -0.03693161904811859
        ],
        [
            0.14486545324325562,
            0.06231300160288811,
            -0.0390704870223999
        ],
        [
            0.1410841941833496,
            0.0639253705739975,
            -0.0338849276304245
        ],
        [
            0.0911981612443924,
            0.03333108127117157,
            -0.019057314842939377
        ],
        [
            0.12040087580680847,
            0.07010889053344727,
            -0.03464137762784958
        ],
        [
            0.12036273628473282,
            0.06293556094169617,
            -0.0426890030503273
        ],
        [
            0.08544613420963287,
            0.022239595651626587,
            -0.016028419137001038
        ],
        [
            0.0897117331624031,
            0.01427384838461876,
            -0.019924264401197433
        ],
        [
            0.08217943459749222,
            0.010256785899400711,
            -0.015113864094018936
        ],
        [
            0.14251501858234406,
            0.03671397641301155,
            -0.05565740540623665
        ],
        [
            0.10572804510593414,
            0.0150834321975708,
            -0.029758596792817116
        ],
        [
            0.09493483603000641,
            0.008989647030830383,
            -0.022007111459970474
        ],
        [
            0.08616940677165985,
            0.003932550549507141,
            -0.016361717134714127
        ],
        [
            0.07925287634134293,
            0.0008006840944290161,
            -0.01279948279261589
        ],
        [
            0.07565100491046906,
            0.008075222373008728,
            -0.011690743267536163
        ],
        [
            0.19357779622077942,
            0.031131304800510406,
            -0.05789623036980629
        ],
        [
            0.19525928795337677,
            0.03925547003746033,
            -0.05753091722726822
        ],
        [
            0.06725285202264786,
            0.005508456379175186,
            -0.009147901087999344
        ],
        [
            0.07199060916900635,
            -0.0024868398904800415,
            -0.009929921478033066
        ],
        [
            0.10117649286985397,
            0.0022347941994667053,
            -0.023117974400520325
        ],
        [
            0.10971255600452423,
            -0.005925558507442474,
            -0.022793956100940704
        ],
        [
            0.11149833351373672,
            0.008481480181217194,
            -0.030368447303771973
        ],
        [
            0.12047886848449707,
            0.0009710993617773056,
            -0.03102097101509571
        ],
        [
            0.14437852799892426,
            0.02655409276485443,
            -0.05934033915400505
        ],
        [
            0.20918796956539154,
            0.0512789711356163,
            -0.053350724279880524
        ],
        [
            0.19888024032115936,
            0.04612719640135765,
            -0.05412666127085686
        ],
        [
            0.1976170688867569,
            0.04663155972957611,
            -0.0484427884221077
        ],
        [
            0.2071305215358734,
            0.05270649492740631,
            -0.04981027916073799
        ],
        [
            0.1924973875284195,
            0.04304489493370056,
            -0.05260816961526871
        ],
        [
            0.20098192989826202,
            0.04193170741200447,
            -0.05749506875872612
        ],
        [
            0.13216175138950348,
            -0.007866417989134789,
            -0.026766911149024963
        ],
        [
            0.16979871690273285,
            0.03157929703593254,
            -0.04193780571222305
        ],
        [
            0.12357534468173981,
            -0.01611955463886261,
            -0.014469929039478302
        ],
        [
            0.14810983836650848,
            -0.011608107015490532,
            -0.023237809538841248
        ],
        [
            0.14365729689598083,
            -0.016784561797976494,
            -0.012179318815469742
        ],
        [
            0.11639413237571716,
            -0.02452675625681877,
            -0.00027832016348838806
        ],
        [
            0.1351218968629837,
            -0.02294633910059929,
            0.00013042986392974854
        ],
        [
            0.09683717042207718,
            -0.02618102729320526,
            0.0033642053604125977
        ],
        [
            0.10556448996067047,
            -0.024525152519345284,
            0.00036726146936416626
        ],
        [
            0.15323445200920105,
            -0.016024887561798096,
