{
    "pred_cam": [
        8.290571212768555,
        0.06095544248819351,
        -0.05579760670661926
    ],
    "pred_mano_params": {
        "global_orient": [
            [
                [
                    0.6926792860031128,
                    -0.44246014952659607,
                    0.5695826411247253
                ],
                [
                    -0.3328794538974762,
                    -0.8967012166976929,
                    -0.2917501926422119
                ],
                [
                    0.6398332715034485,
                    0.012486970983445644,
                    -0.7684122323989868
                ]
            ]
        ],
        "hand_pose": [
            [
                [
                    0.920165479183197,
                    -0.2961364984512329,
                    -0.2561224102973938
                ],
                [
                    0.26176193356513977,
                    0.9517708420753479,
                    -0.1600400060415268
                ],
                [
                    0.2911635935306549,
                    0.08022017776966095,
                    0.9533039331436157
                ]
            ],
            [
                [
                    0.8753038048744202,
                    -0.45938387513160706,
                    0.15102866291999817
                ],
                [
                    0.48299872875213623,
                    0.8457522988319397,
                    -0.2267494648694992
                ],
                [
                    -0.023567775264382362,
                    0.27142134308815,
                    0.9621720314025879
                ]
            ],
            [
                [
                    0.8280027508735657,
                    -0.560634434223175,
                    -0.010025979951024055
                ],
                [
                    0.5607178211212158,
                    0.8279457092285156,
                    0.010073102079331875
                ],
                [
                    0.002653638832271099,
                    -0.013962301425635815,
                    0.9998990297317505
                ]
            ],
            [
                [
                    0.8688417673110962,
                    -0.4571843147277832,
                    -0.18999096751213074
                ],
                [
                    0.4440276026725769,
                    0.8893076181411743,
                    -0.10941454023122787
                ],
                [
                    0.2189830094575882,
                    0.010702690109610558,
                    0.9756700396537781
                ]
            ],
            [
                [
                    0.7113679051399231,
                    -0.6737714409828186,
                    -0.19996948540210724
                ],
                [
                    0.7023696899414062,
                    0.6713470816612244,
                    0.23657961189746857
                ],
                [
                    -0.025151649489998817,
                    -0.30874761939048767,
                    0.9508114457130432
                ]
            ],
            [
                [
                    0.8606199622154236,
                    -0.507300078868866,
                    0.04449598863720894
                ],
                [
                    0.5068010091781616,
                    0.8617642521858215,
                    0.022697104141116142
                ],
                [
                    -0.049859289079904556,
                    0.0030170320533216,
                    0.998751699924469
                ]
            ],
            [
                [
                    0.6143924593925476,
                    -0.7834650278091431,
                    0.09329716861248016
                ],
                [
                    0.744972288608551,
                    0.6149861216545105,
                    0.25847312808036804
                ],
                [
                    -0.2598811388015747,
                    -0.08930014073848724,
                    0.9615025520324707
                ]
            ],
            [
                [
                    0.9574832320213318,
                    -0.275043785572052,
                    -0.0870450884103775
                ],
                [
                    0.28698864579200745,
                    0.9388440251350403,
                    0.19028757512569427
                ],
                [
                    0.029384352266788483,
                    -0.20717810094356537,
                    0.9778618812561035
                ]
            ],
            [
                [
                    0.9150731563568115,
                    -0.23088978230953217,
                    0.3306524157524109
                ],
                [
                    0.14852358400821686,
                    0.9552065134048462,
                    0.25597116351127625
                ],
                [
                    -0.37494248151779175,
                    -0.18512265384197235,
                    0.9083763957023621
                ]
            ],
            [
                [
                    0.6174954771995544,
                    -0.7851473689079285,
                    -0.047361064702272415
                ],
                [
                    0.7838801145553589,
                    0.6192431449890137,
                    -0.045496147125959396
                ],
                [
                    0.0650491937994957,
                    -0.00903173629194498,
                    0.9978412389755249
                ]
            ],
            [
                [
                    0.9750608801841736,
                    -0.2121572494506836,
                    -0.0651586651802063
                ],
                [
                    0.22083637118339539,
                    0.8982536196708679,
                    0.37996286153793335
                ],
                [
                    -0.022082870826125145,
                    -0.3848762810230255,
                    0.9227039813995361
                ]
            ],
            [
                [
                    0.936102032661438,
                    -0.34203100204467773,
                    0.08202224224805832
                ],
                [
                    0.3283211290836334,
                    0.9333631992340088,
                    0.14504629373550415
                ],
                [
                    -0.12616686522960663,
                    -0.10884851962327957,
                    0.9860191941261292
                ]
            ],
            [
                [
                    0.9661256670951843,
                    -0.21297796070575714,
                    0.14574502408504486
                ],
                [
                    0.19918131828308105,
                    0.2562689781188965,
                    -0.9458609819412231
                ],
                [
                    0.1640976369380951,
                    0.9428502321243286,
                    0.2900092601776123
                ]
            ],
            [
                [
                    0.9170998930931091,
                    -0.3909819424152374,
                    -0.07785102725028992
                ],
                [
                    0.360595166683197,
                    0.7302945852279663,
                    0.5802075862884521
                ],
                [
                    -0.16999655961990356,
                    -0.5601810812950134,
                    0.810739278793335
                ]
            ],
            [
                [
                    0.966402530670166,
                    0.25642186403274536,
                    -0.017720244824886322
                ],
                [
                    -0.2569688856601715,
                    0.9654061794281006,
                    -0.04424745962023735
                ],
                [
                    0.005761217791587114,
                    0.04731440544128418,
                    0.9988633990287781
                ]
            ]
        ],
        "betas": [
            0.07506667077541351,
            -0.08130252361297607,
            -0.019959628582000732,
            -0.0420745313167572,
            -0.03554779291152954,
            0.03816837817430496,
            0.05144956707954407,
            -0.0512864887714386,
            0.0008562654256820679,
            -0.0640212893486023
        ]
    },
    "pred_cam_t": [
        -0.06095544248819351,
        -0.05579760670661926,
        4.711677551269531
    ],
    "focal_length": [
        5000.0,
        5000.0
    ],
    "pred_keypoints_3d": [
        [
            0.09538700431585312,
            0.006343266926705837,
            0.006197956390678883
        ],
        [
            0.10020572692155838,
            0.02063864842057228,
            -0.029039699584245682
        ],
        [
            0.10333343595266342,
            0.04784952849149704,
            -0.04273077845573425
        ],
        [
            0.10200327634811401,
            0.07322356104850769,
            -0.051885440945625305
        ],
        [
            0.10061588883399963,
            0.10146205127239227,
            -0.07435108721256256
        ],
        [
            0.048570554703474045,
            0.03422742336988449,
            -0.06575322151184082
        ],
        [
            0.024787886068224907,
            0.051371701061725616,
            -0.0807095542550087
        ],
        [
            0.018734155222773552,
            0.07224123179912567,
            -0.08487781882286072
        ],
        [
            0.020970288664102554,
            0.09687177836894989,
            -0.08115183562040329
        ],
        [
            0.028754569590091705,
            0.04009135439991951,
            -0.05158185586333275
        ],
        [
            0.008320637047290802,
            0.06292417645454407,
            -0.05951164662837982
        ],
        [
            0.011808646842837334,
            0.08580227941274643,
            -0.05767587572336197
        ],
        [
            0.024063246324658394,
            0.10807358473539352,
            -0.05551522970199585
        ],
        [
            0.02551969140768051,
            0.04478653147816658,
            -0.025609765201807022
        ],
        [
            0.017673417925834656,
            0.07158789038658142,
            -0.03265054151415825
        ],
        [
            0.019699666649103165,
            0.09618768841028214,
            -0.031146444380283356
        ],
        [
            0.026071472093462944,
            0.12069986760616302,
            -0.03187936544418335
        ],
        [
            0.027704231441020966,
            0.05060192570090294,
            -0.004789113067090511
        ],
        [
            0.02231653220951557,
            0.07086198031902313,
            -0.006621308624744415
        ],
        [
            0.024044957011938095,
            0.08958997577428818,
            -0.005018916446715593
        ],
        [
            0.03150789439678192,
            0.10647435486316681,
            -0.009290126152336597
        ]
    ],
    "pred_vertices": [
        [
            0.07784248143434525,
            0.034405484795570374,
            -0.03823225945234299
        ],
        [
            0.08482959866523743,
            0.03225407749414444,
            -0.030682474374771118
        ],
        [
            0.08618122339248657,
            0.038946863263845444,
            -0.036011479794979095
        ],
        [
            0.0795629471540451,
            0.03864157944917679,
            -0.045644037425518036
        ],
        [
            0.10272414237260818,
            0.0379815548658371,
            -0.019453968852758408
        ],
        [
            0.11369118094444275,
            0.03382068872451782,
            -0.021909553557634354
        ],
        [
            0.1120665892958641,
            0.04694733768701553,
            -0.030093088746070862
        ],
        [
            0.10351315140724182,
            0.049314964562654495,
            -0.025393221527338028
        ],
        [
            0.08070825040340424,
            0.04196939244866371,
            -0.050783783197402954
        ],
        [
            0.08752962946891785,
            0.04510387033224106,
            -0.03993728384375572
        ],
        [
            0.08263757824897766,
            0.04293680563569069,
            -0.05166640877723694
        ],
        [
            0.0726609081029892,
            0.03148781508207321,
            -0.06271299719810486
        ],
        [
            0.07296162098646164,
            0.03587469458580017,
            -0.059614479541778564
        ],
        [
            0.06457515805959702,
            0.027842214331030846,
            -0.06772047281265259
        ],
        [
            0.07397837936878204,
            0.02131623588502407,
            -0.06060176342725754
        ],
        [
            0.05915741249918938,
            0.020427022129297256,
            -0.06531291455030441
        ],
        [
            0.05769672244787216,
            0.00763312354683876,
            -0.03805550932884216
        ],
        [
            0.0522337481379509,
            0.00914718210697174,
            -0.025489287450909615
        ],
        [
            0.03978033363819122,
            0.01593860238790512,
            -0.034758299589157104
        ],
        [
            0.04700605571269989,
            0.014354215934872627,
            -0.04636250436306
        ],
        [
            0.03825676068663597,
            0.02067108266055584,
            -0.014729030430316925
        ],
        [
            0.03821901977062225,
            0.018348684534430504,
            -0.02625482901930809
        ],
        [
            0.05037960782647133,
            0.010499581694602966,
            -0.01682143285870552
        ],
        [
            0.05006364732980728,
            0.013196967542171478,
            -0.0070045627653598785
        ],
        [
            0.07475633919239044,
            0.03195662051439285,
            -0.022545017302036285
        ],
        [
            0.08205189555883408,
            0.029239699244499207,
            -0.015911974012851715
        ],
        [
            0.0827646404504776,
            0.028527311980724335,
            -0.0222347229719162
        ],
        [
            0.07629670202732086,
            0.031698036938905716,
            -0.0281510092318058
        ],
        [
            0.09362947940826416,
            0.04958166927099228,
            -0.05304392799735069
        ],
        [
            0.09151991456747055,
            0.0320383682847023,
            -0.05560368299484253
        ],
        [
            0.08526471257209778,
            0.03667641431093216,
            -0.055246658623218536
        ],
        [
            0.0914076417684555,
            0.052980124950408936,
            -0.04918096214532852
        ],
        [
            0.0991482362151146,
            0.02998577617108822,
            0.008516311645507812
        ],
        [
            0.10600320249795914,
            0.019941486418247223,
            0.01441015675663948
        ],
        [
            0.10849262773990631,
            0.017811894416809082,
            0.009449683129787445
        ],
        [
            0.10129246115684509,
            0.02688700146973133,
            0.00490909069776535
        ],
        [
            0.11474868655204773,
            0.018857553601264954,
            -0.010355833917856216
        ],
        [
            0.11709827184677124,
            0.011054126545786858,
            -0.004897765815258026
        ],
        [
            0.12195730954408646,
            -0.00014032423496246338,
            -0.009169705212116241
        ],
        [
            0.11967947334051132,
            0.0061676762998104095,
            -0.017024751752614975
        ],
        [
            0.11347609758377075,
            0.026222804561257362,
            -0.016652576625347137
        ],
        [
            0.11951866000890732,
            0.016805490478873253,
            -0.023413818329572678
        ],
        [
            0.1188356876373291,
            0.02690189704298973,
            -0.028973020613193512
        ],
        [
            0.11612892150878906,
            0.042657021433115005,
            -0.03698108717799187
        ],
        [
            0.09908312559127808,
            0.021500466391444206,
            0.025024108588695526
        ],
        [
            0.09338110685348511,
            0.029507610946893692,
            0.022336963564157486
        ],
        [
            0.03307466208934784,
            0.06041959673166275,
            -0.08220767974853516
        ],
        [
            0.030414465814828873,
            0.062104567885398865,
            -0.07719195634126663
        ],
        [
            0.03344587981700897,
            0.05936417728662491,
            -0.07600125670433044
        ],
        [
            0.035249292850494385,
            0.0580226331949234,
            -0.081288643181324
        ],
        [
            0.08096084743738174,
            0.014735117554664612,
            0.03059721738100052
        ],
        [
            0.07610075175762177,
            0.00609215721487999,
            0.02906981110572815
        ],
        [
            0.08146592974662781,
            0.00471140444278717,
            0.03376983106136322
        ],
        [
            0.08722122758626938,
            0.012092221528291702,
            0.033872924745082855
        ],
        [
            0.07276041060686111,
            0.018250107765197754,
            0.026158200576901436
        ],
        [
            0.06916484236717224,
            0.008423689752817154,
            0.022134829312562943
        ],
        [
            0.024866880849003792,
            0.05394413694739342,
            -0.08950713276863098
        ],
        [
            0.029339995235204697,
            0.0564650297164917,
            -0.0892927423119545
        ],
        [
            0.030823998153209686,
            0.051961202174425125,
            -0.0881689265370369
        ],
        [
            0.026669414713978767,
            0.04893117398023605,
            -0.0871778130531311
        ],
        [
            0.07279272377490997,
            0.0373806357383728,
            -0.05361456423997879
        ],
        [
            0.07143387198448181,
            0.03699290752410889,
            -0.04473438858985901
        ],
        [
            0.05775200575590134,
            0.041550274938344955,
            -0.06354071199893951
        ],
        [
            0.06250585615634918,
            0.038990095257759094,
            -0.05517317354679108
        ],
        [
            0.06623861193656921,
            0.03657602146267891,
            -0.06060711666941643
        ],
        [
            0.06116964668035507,
            0.03760789707303047,
            -0.06717873364686966
        ],
        [
            0.05613210052251816,
            0.04012526199221611,
            -0.03239542990922928
        ],
        [
            0.06482064723968506,
            0.03573106974363327,
            -0.025924034416675568
        ],
        [
            0.06609921157360077,
            0.03520858660340309,
            -0.03244420513510704
        ],
        [
            0.05771518126130104,
            0.04028630256652832,
            -0.04086378589272499
        ],
        [
            0.06156938523054123,
            0.040470246225595474,
            -0.013062041252851486
        ],
        [
            0.05305839702486992,
            0.04395575076341629,
            -0.020452875643968582
        ],
        [
            0.052206896245479584,
            0.046145349740982056,
            -0.012259097769856453
        ],
        [
            0.058888815343379974,
            0.04419317469000816,
            -0.008486174046993256
        ],
        [
            0.039870910346508026,
            0.048404619097709656,
            -0.035738907754421234
        ],
        [
            0.03423234820365906,
            0.04980490356683731,
            -0.03980489820241928
        ],
        [
            0.03379116579890251,
            0.05170959234237671,
            -0.036620475351810455
        ],
        [
            0.03914966434240341,
            0.04878395423293114,
            -0.032221198081970215
        ],
        [
            0.08650246262550354,
            0.0022191591560840607,
            0.038065530359745026
        ],
        [
            0.09333645552396774,
            0.00896010547876358,
            0.03625009208917618
        ],
        [
            0.03826197609305382,
            0.029004402458667755,
            0.005389034748077393
        ],
        [
            0.043915994465351105,
            0.03490745276212692,
            0.012881316244602203
        ],
        [
            0.03365781530737877,
            0.041401974856853485,
            0.00855427235364914
        ],
        [
            0.029557524248957634,
            0.03302678465843201,
            0.001455327495932579
        ],
        [
            0.07416795194149017,
            -0.0014396943151950836,
            0.02229560911655426
        ],
        [
            0.07809118926525116,
            -0.00327155739068985,
            0.028797321021556854
        ],
        [
            0.01976798288524151,
            0.05282212048768997,
            -0.08620792627334595
        ],
        [
            0.022167762741446495,
            0.04809727892279625,
            -0.08327506482601166
        ],
        [
            0.1163422241806984,
            0.01566723734140396,
            -0.036206841468811035
        ],
        [
            0.11481558531522751,
            0.03648858517408371,
            -0.04466085135936737
        ],
        [
            0.11652418226003647,
            0.0026879869401454926,
            -0.026824824512004852
        ],
        [
            0.11568983644247055,
            -0.005220208317041397,
            -0.01890237256884575
        ],
        [
            0.11774876713752747,
            -0.010989245027303696,
            -0.012133494019508362
        ],
        [
            0.05699140578508377,
            0.041804276406764984,
            -0.05252205953001976
        ],
        [
            0.07111809402704239,
            0.03462012857198715,
            -0.03573083505034447
        ],
        [
            0.07346785068511963,
            0.03305309638381004,
            -0.01761038228869438
        ],
        [
            0.06363878399133682,
            0.046681128442287445,
            0.008043194189667702
        ],
        [
            0.0719987154006958,
            0.04323716461658478,
            0.013336338102817535
        ],
        [
            0.07333776354789734,
            0.04267372190952301,
            0.0028178803622722626
        ],
        [
            0.06539544463157654,
            0.0452624186873436,
            0.0003780163824558258
        ],
        [
            0.04852651432156563,
            0.04360423982143402,
            0.014020318165421486
        ],
        [
            0.05213029682636261,
            0.048550061881542206,
            0.008910471573472023
        ],
        [
            0.04506353288888931,
            0.051310379058122635,
            0.004947749897837639
        ],
        [
            0.0400950126349926,
            0.04768023267388344,
            0.009613212198019028
        ],
        [
            0.10023424029350281,
            0.04835200309753418,
            -0.05653480440378189
        ],
        [
            0.09858323633670807,
            0.02919079177081585,
            -0.055317848920822144
        ],
        [
            0.08758876472711563,
            0.022737734019756317,
            0.028790853917598724
        ],
        [
            0.09401150792837143,
            0.018548786640167236,
            0.03011937439441681
        ],
        [
            0.09935750812292099,
            0.012797843664884567,
            0.03332909941673279
        ],
        [
            0.09135620296001434,
            0.02932864800095558,
            -0.00498364120721817
        ],
        [
            0.10276657342910767,
            0.024723751470446587,
            0.0023347660899162292
        ],
        [
            0.10373902320861816,
            0.023673348128795624,
            -0.0018858164548873901
        ],
        [
            0.0911414623260498,
            0.02714112587273121,
            -0.008499421179294586
        ],
        [
            0.0915248841047287,
            0.03082132898271084,
            -0.020802855491638184
        ],
        [
            0.10214981436729431,
            0.02873380109667778,
            -0.013817921280860901
        ],
        [
            0.09220077842473984,
            0.03989170491695404,
            -0.024510297924280167
        ],
        [
            0.1129254549741745,
            0.014063393697142601,
            0.0036644861102104187
        ],
        [
            0.11546677350997925,
            0.011980824172496796,
            0.014264646917581558
        ],
        [
            0.11923681199550629,
            0.008048411458730698,
            0.007243171334266663
        ],
        [
            0.11031198501586914,
            0.013944339007139206,
            0.02232576161623001
        ],
        [
            0.10472780466079712,
            0.01457519456744194,
            0.029188044369220734
        ],
        [
            0.08132275193929672,
            -0.0080411396920681,
            0.03504207357764244
        ],
        [
            0.12131595611572266,
            0.0038648508489131927,
            0.0004135221242904663
        ],
        [
            0.10428427904844284,
            0.05667005479335785,
            -0.03162653371691704
        ],
        [
            0.10537808388471603,
            0.06352421641349792,
            -0.037190038710832596
        ],
        [
            0.09803417325019836,
            0.06236330792307854,
            -0.03759988397359848
        ],
        [
            0.09624607861042023,
            0.05564205348491669,
            -0.032936450093984604
        ],
        [
            0.05566778406500816,
            0.02787276729941368,
            -0.07285226881504059
        ],
        [
            0.05974322557449341,
            0.03388601914048195,
            -0.07141108065843582
        ],
        [
            0.0679798573255539,
            0.0326610691845417,
            -0.06538492441177368
        ],
        [
            0.08937139809131622,
            0.03608422726392746,
            0.0073114074766635895
        ],
        [
            0.08500950038433075,
            0.03554316237568855,
            0.01908014714717865
        ],
        [
            0.051909249275922775,
            0.04380921274423599,
            -0.06091083586215973
        ],
        [
            0.02807934582233429,
            0.04449424892663956,
            -0.08548090606927872
        ],
        [
            0.032866109162569046,
            0.0477142371237278,
            -0.0868125855922699
        ],
        [
            0.04390125721693039,
            0.03613220155239105,
            -0.08006732910871506
        ],
        [
            0.03819063678383827,
            0.032679930329322815,
            -0.07881013303995132
        ],
        [
            0.040393225848674774,
            0.04358558729290962,
            -0.062029361724853516
        ],
        [
            0.046950917690992355,
            0.04493420943617821,
            -0.06309985369443893
        ],
        [
            0.04384448751807213,
            0.04527902603149414,
            -0.06384041905403137
        ],
        [
            0.03763945400714874,
            0.04522058367729187,
            -0.06194506958127022
        ],
        [
            0.034790877252817154,
            0.05245514214038849,
            -0.02742350473999977
        ],
        [
            0.03923451155424118,
            0.05005890503525734,
            -0.023780420422554016
        ],
        [
            0.03744935244321823,
            0.02406187169253826,
            -0.05417788028717041
        ],
        [
            0.04461506009101868,
            0.01758692041039467,
            -0.06352096796035767
        ],
        [
            0.05342835560441017,
            0.014475535601377487,
            -0.05691952630877495
        ],
        [
            0.05481831729412079,
            0.041641317307949066,
            -0.02523578330874443
        ],
        [
            0.04675274342298508,
            0.045823775231838226,
            -0.030374757945537567
        ],
        [
            0.04562624543905258,
            0.04665830358862877,
            -0.026522375643253326
        ],
        [
            0.0523470938205719,
            0.043321914970874786,
            -0.05197916924953461
        ],
        [
            0.047004856169223785,
            0.04463435709476471,
            -0.05764380469918251
        ],
        [
            0.046573296189308167,
            0.04454507306218147,
            -0.05249825119972229
        ],
        [
            0.05120379477739334,
            0.04327735677361488,
            -0.04655604809522629
        ],
        [
            0.05371992290019989,
            0.028131656348705292,
            0.018384190276265144
        ],
        [
            0.05877432972192764,
            0.03846509009599686,
            0.01991713047027588
        ],
        [
            0.03250296786427498,
            0.058624930679798126,
            -0.08660908043384552
        ],
        [
            0.03424418717622757,
            0.055245958268642426,
            -0.0857892781496048
        ],
        [
            0.06338690221309662,
            0.03733675926923752,
            -0.019061090424656868
        ],
        [
            0.06394325941801071,
            0.010194126516580582,
            -0.04856205731630325
        ],
        [
            0.07223744690418243,
            0.03464331105351448,
            -0.012478519231081009
        ],
        [
            0.025335034355521202,
            0.038455404341220856,
            -0.016844380646944046
        ],
        [
            0.027468666434288025,
            0.04686448350548744,
            -0.014754705131053925
        ],
        [
            0.0257549025118351,
            0.0496802031993866,
            -0.018264207988977432
        ],
        [
            0.02208290807902813,
            0.04522351548075676,
            -0.02063567563891411
        ],
        [
            0.027297433465719223,
            0.05330010876059532,
            -0.06775438785552979
        ],
        [
            0.03150846064090729,
            0.056527651846408844,
            -0.0698448047041893
        ],
        [
            0.029286164790391922,
            0.0590563639998436,
            -0.0714007169008255
        ],
        [
            0.024316301569342613,
            0.05637438967823982,
            -0.06996826082468033
        ],
        [
            0.051414605230093,
            0.04396481812000275,
            -0.06671358644962311
        ],
        [
            0.05483212694525719,
            0.040700554847717285,
            -0.07118583470582962
        ],
        [
            0.049298178404569626,
            0.044296592473983765,
            -0.07311519235372543
        ],
        [
            0.04657599702477455,
            0.045665353536605835,
            -0.0681035965681076
        ],
        [
            0.052736517041921616,
            0.03646291047334671,
            -0.0753718838095665
        ],
        [
            0.048082854598760605,
            0.0402352437376976,
            -0.07774944603443146
        ],
        [
            0.023220868781208992,
            0.04864631965756416,
            -0.06938555091619492
        ],
        [
            0.02169845439493656,
            0.044307272881269455,
            -0.0752369835972786
        ],
        [
            0.03032062202692032,
            0.03430131822824478,
            -0.06784737855195999
        ],
        [
            0.031582217663526535,
            0.04102325439453125,
            -0.06399442255496979
        ],
        [
            0.06039972975850105,
            0.004917040467262268,
            0.0003547370433807373
        ],
        [
            0.05915277451276779,
            0.009874336421489716,
            0.010207902640104294
        ],
        [
            0.04866551607847214,
            0.018126707524061203,
            0.003193400800228119
        ],
        [
            0.037355031818151474,
            0.025523168966174126,
            -0.0031959544867277145
        ],
        [
            0.02772260084748268,
            0.03299202397465706,
            -0.010380232706665993
        ],
        [
            0.027413848787546158,
            0.02643246203660965,
            -0.02076130360364914
        ],
        [
            0.049337178468704224,
            0.021365154534578323,
            0.010634522885084152
        ],
        [
            0.0357116237282753,
            0.037853632122278214,
            -0.058897677809000015
        ],
        [
            0.036696381866931915,
            0.02852681279182434,
            -0.06230015307664871
        ],
        [
            0.03463049978017807,
            0.031323257833719254,
            -0.05756036937236786
        ],
        [
            0.0707525908946991,
            0.038482047617435455,
            -0.006292611360549927
        ],
        [
            0.036339711397886276,
            0.05129721015691757,
            -0.0851026400923729
        ],
        [
            0.09685258567333221,
            -0.017271127551794052,
            -0.010506819933652878
        ],
        [
            0.08783107995986938,
            -0.01733224093914032,
            -0.0002216733992099762
        ],
        [
            0.08392958343029022,
            -0.013158142566680908,
            -0.006927095353603363
        ],
        [
            0.09456950426101685,
            -0.012041803449392319,
            -0.018792327493429184
        ],
        [
            0.03593963012099266,
            0.05718167871236801,
            -0.07505235821008682
        ],
        [
            0.03808121383190155,
            0.05534438416361809,
            -0.08064690977334976
        ],
        [
            0.03690830618143082,
            0.052718523889780045,
            -0.01816886104643345
        ],
        [
            0.033041201531887054,
            0.05407438799738884,
            -0.022146858274936676
        ],
        [
            0.030068710446357727,
            0.05429618060588837,
            -0.01943030022084713
        ],
        [
            0.0332864373922348,
            0.05571180582046509,
            -0.01461766380816698
        ],
        [
            0.060106366872787476,
            0.012264583259820938,
            0.015551518648862839
        ],
        [
            0.029243502765893936,
            0.04758451506495476,
            0.00565226748585701
        ],
        [
            0.02501291036605835,
            0.0398566909134388,
            -0.0009757485240697861
        ],
        [
            0.06832395493984222,
            0.002498418092727661,
            0.015930138528347015
        ],
        [
            0.06907578557729721,
            -0.002422396093606949,
            0.007549267262220383
        ],
        [
            0.07513394951820374,
            -0.007467765361070633,
            0.01324305310845375
        ],
        [
            0.028035081923007965,
            0.028121640905737877,
            -0.03592731058597565
        ],
        [
            0.06048276647925377,
            0.0029722191393375397,
            -0.008057523518800735
        ],
        [
            0.07004071027040482,
            -0.00414014607667923,
            0.00018442794680595398
        ],
        [
            0.07730987668037415,
            -0.010261423885822296,
            0.006637103855609894
        ],
        [
            0.08184940367937088,
            -0.014871902763843536,
            0.011863648891448975
        ],
        [
            0.07910683006048203,
            -0.011205293238162994,
            0.01857076585292816
        ],
        [
            0.02400732785463333,
            0.04371368885040283,
            -0.0807528868317604
        ],
        [
            0.018589884042739868,
            0.049123551696538925,
            -0.0775478333234787
        ],
        [
            0.08247042447328568,
            -0.016643613576889038,
            0.025003783404827118
        ],
        [
            0.08590254932641983,
            -0.02003469318151474,
            0.017118826508522034
        ],
        [
            0.07260602712631226,
            -0.005919869989156723,
            -0.008448198437690735
        ],
        [
            0.07707714289426804,
            -0.00665900856256485,
            -0.019524432718753815
        ],
        [
            0.06337299197912216,
            0.0012382753193378448,
            -0.016063176095485687
        ],
        [
            0.06678324937820435,
            0.0008214488625526428,
            -0.027369119226932526
        ],
        [
            0.03128151595592499,
            0.020382650196552277,
            -0.042840197682380676
        ],
        [
            0.012378780171275139,
            0.06663205474615097,
            -0.0808282122015953
        ],
        [
            0.01627044938504696,
            0.057032544165849686,
            -0.07579754292964935
        ],
        [
            0.020470626652240753,
            0.05969519168138504,
            -0.07282848656177521
        ],
        [
            0.014488046988844872,
            0.06788978725671768,
            -0.07723923027515411
        ],
        [
            0.020223183557391167,
            0.05269039422273636,
            -0.07194896042346954
        ],
        [
            0.016148753464221954,
            0.05401488393545151,
            -0.08058831840753555
        ],
        [
            0.07560643553733826,
            0.00405212864279747,
            -0.0404820591211319
        ],
        [
            0.040649961680173874,
            0.045553795993328094,
            -0.057044245302677155
        ],
        [
            0.08998969942331314,
            -0.0018924996256828308,
            -0.03364641219377518
        ],
        [
            0.08312831073999405,
            0.014220912009477615,
            -0.054372675716876984
        ],
        [
            0.09509576857089996,
            0.01183054968714714,
            -0.04869157820940018
        ],
        [
            0.10598452389240265,
            -0.007176611572504044,
            -0.026654496788978577
        ],
        [
            0.10764560103416443,
            0.005565378814935684,
            -0.03975009545683861
        ],
        [
            0.10937565565109253,
            -0.017733048647642136,
            -0.010667160153388977
        ],
        [
            0.10608038306236267,
            -0.013039730489253998,
            -0.017877008765935898
        ],
        [
            0.10851860791444778,
            0.02258535847067833,
