{
    "pred_cam": [
        5.439221382141113,
        0.1662151962518692,
        -0.02917957305908203
    ],
    "pred_mano_params": {
        "global_orient": [
            [
                [
                    -0.9852166175842285,
                    0.1523318737745285,
                    0.07837782800197601
                ],
                [
                    -0.12294523417949677,
                    -0.3101091980934143,
                    -0.9427176713943481
                ],
                [
                    -0.11930032074451447,
                    -0.9384174346923828,
                    0.3242532014846802
                ]
            ]
        ],
        "hand_pose": [
            [
                [
                    0.9937200546264648,
                    -0.10388898104429245,
                    -0.04156308248639107
                ],
                [
                    0.10702870041131973,
                    0.9908486008644104,
                    0.0822436511516571
                ],
                [
                    0.03263850510120392,
                    -0.08617561310529709,
                    0.9957452416419983
                ]
            ],
            [
                [
                    0.9668882489204407,
                    -0.22494985163211823,
                    0.12051811814308167
                ],
                [
                    0.2454673945903778,
                    0.9489499926567078,
                    -0.19809000194072723
                ],
                [
                    -0.06980535387992859,
                    0.22111418843269348,
                    0.9727464318275452
                ]
            ],
            [
                [
                    0.8950459361076355,
                    -0.41384509205818176,
                    0.16620780527591705
                ],
                [
                    0.39785248041152954,
                    0.9093400835990906,
                    0.12171288579702377
                ],
                [
                    -0.20150968432426453,
                    -0.04281242936849594,
                    0.9785504341125488
                ]
            ],
            [
                [
                    0.9445835947990417,
                    -0.3282594084739685,
                    -0.0027675393503159285
                ],
                [
                    0.3276549279689789,
                    0.9422608017921448,
                    0.06918628513813019
                ],
                [
                    -0.02010330557823181,
                    -0.06625902652740479,
                    0.9975998997688293
                ]
            ],
            [
                [
                    0.9413675665855408,
                    -0.33379223942756653,
                    -0.049090515822172165
                ],
                [
                    0.3315347731113434,
                    0.8882320523262024,
                    0.3180070221424103
                ],
                [
                    -0.06254450231790543,
                    -0.3156367242336273,
                    0.9468165636062622
                ]
            ],
            [
                [
                    0.8683170676231384,
                    -0.4860348701477051,
                    0.0989728793501854
                ],
                [
                    0.48964178562164307,
                    0.8718026280403137,
                    -0.014527401886880398
                ],
                [
                    -0.07922399789094925,
                    0.06107565015554428,
                    0.9949840903282166
                ]
            ],
            [
                [
                    0.8974127173423767,
                    -0.2759268283843994,
                    0.3442598283290863
                ],
                [
                    0.2708298861980438,
                    0.9605068564414978,
                    0.06385722011327744
                ],
                [
                    -0.3482838571071625,
                    0.03592955693602562,
                    0.9367002844810486
                ]
            ],
            [
                [
                    0.7345214486122131,
                    -0.6764304041862488,
                    -0.05403752624988556
                ],
                [
                    0.5004923939704895,
                    0.4862526059150696,
                    0.7162859439849854
                ],
                [
                    -0.4582417905330658,
                    -0.5531728267669678,
                    0.6957112550735474
                ]
            ],
            [
                [
                    0.8347426652908325,
                    -0.5462949275970459,
                    0.06904048472642899
                ],
                [
                    0.46240657567977905,
                    0.7635300755500793,
                    0.4507794678211212
                ],
                [
                    -0.2989729642868042,
                    -0.3443600833415985,
                    0.8899614810943604
                ]
            ],
            [
                [
                    0.9638800621032715,
                    -0.26633596420288086,
                    -0.0005096268141642213
                ],
                [
                    0.2658657729625702,
                    0.9622886776924133,
                    -0.05758298933506012
                ],
                [
                    0.01582682877779007,
                    0.0553676076233387,
                    0.9983404874801636
                ]
            ],
            [
                [
                    0.8298003077507019,
                    -0.5577307939529419,
                    0.01917874440550804
                ],
                [
                    0.4392368495464325,
                    0.6739307641983032,
                    0.594044029712677
                ],
                [
                    -0.34424176812171936,
                    -0.48451393842697144,
                    0.8042038679122925
                ]
            ],
            [
                [
                    0.7691978216171265,
                    -0.6389137506484985,
                    -0.011130295693874359
                ],
                [
                    0.6321617960929871,
                    0.758294939994812,
                    0.15924930572509766
                ],
                [
                    -0.0933065190911293,
                    -0.1295303851366043,
                    0.987175703048706
                ]
            ],
            [
                [
                    0.7192249894142151,
                    0.10970571637153625,
                    -0.6860612630844116
                ],
                [
                    -0.6272262334823608,
                    0.5272456407546997,
                    -0.573235809803009
                ],
                [
                    0.29883554577827454,
                    0.8426011204719543,
                    0.44801855087280273
                ]
            ],
            [
                [
                    0.7726936936378479,
                    -0.3933214545249939,
                    -0.4982394874095917
                ],
                [
                    0.610306978225708,
                    0.6761561632156372,
                    0.4127204120159149
                ],
                [
                    0.1745559275150299,
                    -0.6229855418205261,
                    0.7625084519386292
                ]
            ],
            [
                [
                    0.6362097263336182,
                    -0.7553156614303589,
                    0.15727517008781433
                ],
                [
                    0.7709389328956604,
                    0.6145003437995911,
                    -0.16745878756046295
                ],
                [
                    0.02983858250081539,
                    0.22778846323490143,
                    0.9732533693313599
                ]
            ]
        ],
        "betas": [
            -0.09242379665374756,
            -0.1147894561290741,
            0.052068859338760376,
            -0.02451738715171814,
            0.03569871187210083,
            0.0023731552064418793,
            0.07082347571849823,
            -0.02200832962989807,
            -0.04661315679550171,
            -0.05483955144882202
        ]
    },
    "pred_cam_t": [
        -0.1662151962518692,
        -0.02917957305908203,
        7.181634426116943
    ],
    "focal_length": [
        5000.0,
        5000.0
    ],
    "pred_keypoints_3d": [
        [
            0.09613965451717377,
            0.006422416307032108,
            0.006230759434401989
        ],
        [
            0.11961010098457336,
            -0.010289934463799,
            0.032165445387363434
        ],
        [
            0.14985650777816772,
            -0.01156897284090519,
            0.03835580497980118
        ],
        [
            0.1734849214553833,
            0.0016121426597237587,
            0.03571246936917305
        ],
        [
            0.19818642735481262,
            0.012799740768969059,
            0.05570643022656441
        ],
        [
            0.18414604663848877,
            -0.0006082532927393913,
            0.028425205498933792
        ],
        [
            0.21689669787883759,
            0.0024619498290121555,
            0.03206375613808632
        ],
        [
            0.23574358224868774,
            0.0067405784502625465,
            0.04309868440032005
        ],
        [
            0.2509640157222748,
            0.009792512282729149,
            0.06260455399751663
        ],
        [
            0.18937106430530548,
            0.02181180939078331,
            0.017883189022541046
        ],
        [
            0.21732944250106812,
            0.033037345856428146,
            0.02820643037557602
        ],
        [
            0.23106896877288818,
            0.04095982760190964,
            0.04537391662597656
        ],
        [
            0.24053484201431274,
            0.045223869383335114,
            0.06886888295412064
        ],
        [
            0.1744396686553955,
            0.04308560863137245,
            0.011030429042875767
        ],
        [
            0.2008458375930786,
            0.05324064940214157,
            0.017537295818328857
        ],
        [
            0.21147479116916656,
            0.05980541557073593,
            0.03907978534698486
        ],
        [
            0.21201753616333008,
            0.060087818652391434,
            0.06433891505002975
        ],
        [
            0.15939629077911377,
            0.05902881175279617,
            0.00974712148308754
        ],
        [
            0.17753946781158447,
            0.06856148689985275,
            0.015271823853254318
        ],
        [
            0.18008466064929962,
            0.07133490592241287,
            0.03393924981355667
        ],
        [
            0.17385812103748322,
            0.06598009169101715,
            0.05069752410054207
        ]
    ],
    "pred_vertices": [
        [
            0.14229726791381836,
            0.0025582273956388235,
            0.03119673952460289
        ],
        [
            0.13035981357097626,
            0.0025976430624723434,
            0.02989412285387516
        ],
        [
            0.13887734711170197,
            0.0006564799696207047,
            0.03210846334695816
        ],
        [
            0.14808568358421326,
            -0.0015105048660188913,
            0.03458777070045471
        ],
        [
            0.1267007440328598,
            0.002340978942811489,
            0.044815242290496826
        ],
        [
            0.12283612042665482,
            -0.007419003639370203,
            0.05127663537859917
        ],
        [
            0.14207491278648376,
            -0.006799797527492046,
            0.051795706152915955
        ],
        [
            0.14169250428676605,
            0.002321881242096424,
            0.04656121879816055
        ],
        [
            0.15373122692108154,
            -0.004888042341917753,
            0.03450737148523331
        ],
        [
            0.1463099718093872,
            -0.0006391815841197968,
            0.03433777391910553
        ],
        [
            0.15458102524280548,
            -0.007140182889997959,
            0.029885422438383102
        ],
        [
            0.16411694884300232,
            -0.014079115353524685,
            0.02752036415040493
        ],
        [
            0.1625993847846985,
            -0.009030252695083618,
            0.0336037240922451
        ],
        [
            0.17229214310646057,
            -0.014530562795698643,
            0.026569319888949394
        ],
        [
            0.1591634750366211,
            -0.019330449402332306,
            0.019806012511253357
        ],
        [
            0.17220714688301086,
            -0.014391153119504452,
            0.0176403746008873
        ],
        [
            0.1531755030155182,
            -0.0031279893592000008,
            0.0018411390483379364
        ],
        [
            0.14907622337341309,
            0.008688094094395638,
            -0.0032331589609384537
        ],
        [
            0.16501954197883606,
            0.012859818525612354,
            -0.0009551756083965302
        ],
        [
            0.16766376793384552,
            0.0008920533582568169,
            0.004821745678782463
        ],
        [
            0.15246379375457764,
            0.02908511832356453,
            -0.004360999912023544
        ],
        [
            0.16038954257965088,
            0.020487481728196144,
            -0.002668660134077072
        ],
        [
            0.14454975724220276,
            0.01602080650627613,
            -0.006041217595338821
        ],
        [
            0.13827385008335114,
            0.024126222357153893,
            -0.007325882092118263
        ],
        [
            0.13448749482631683,
            0.013251470401883125,
            0.025439966470003128
        ],
        [
            0.12269151210784912,
            0.012485992163419724,
            0.02499373070895672
        ],
        [
            0.12445224821567535,
            0.00766926072537899,
            0.0262505654245615
        ],
        [
            0.13632208108901978,
            0.008661037310957909,
            0.027196329087018967
        ],
        [
            0.15583452582359314,
            -0.009880315512418747,
            0.027501337230205536
        ],
        [
            0.15024492144584656,
            -0.02059205248951912,
            0.02703201398253441
        ],
        [
            0.1535695195198059,
            -0.014451522380113602,
            0.026261944323778152
        ],
        [
            0.15552732348442078,
            -0.004724949598312378,
            0.029032278805971146
        ],
        [
            0.09569518268108368,
            0.020288269966840744,
            0.02632451429963112
        ],
        [
            0.08510591089725494,
            0.01471315324306488,
            0.019937608391046524
        ],
        [
            0.08635514229536057,
            0.009099734015762806,
            0.021524250507354736
        ],
        [
            0.09574101120233536,
            0.015234454534947872,
            0.026796726509928703
        ],
        [
            0.09723595529794693,
            -0.006493752356618643,
            0.03849545866250992
        ],
        [
            0.08938389271497726,
            -0.008109782822430134,
            0.02810533531010151
        ],
        [
            0.08732392638921738,
            -0.020308129489421844,
            0.021865367889404297
        ],
        [
            0.09672975540161133,
            -0.021129272878170013,
            0.029591098427772522
        ],
        [
            0.10945875942707062,
            -0.0066599128767848015,
            0.04705391079187393
        ],
        [
            0.1074269637465477,
            -0.02007463574409485,
            0.04229824244976044
        ],
        [
            0.12303443253040314,
            -0.01901739463210106,
            0.049626078456640244
        ],
        [
            0.14363418519496918,
            -0.01610255427658558,
            0.050419408828020096
        ],
        [
            0.08287020772695541,
            0.02591021917760372,
            0.013938561081886292
        ],
        [
            0.09011876583099365,
            0.03178559988737106,
            0.018177634105086327
        ],
        [
            0.21784533560276031,
            0.00018445216119289398,
            0.043481647968292236
        ],
        [
            0.2181168496608734,
            0.006055817473679781,
            0.04331103712320328
        ],
        [
            0.21329043805599213,
            0.005106974858790636,
            0.04241596534848213
        ],
        [
            0.21409901976585388,
            -0.0005489187315106392,
            0.042516712099313736
        ],
        [
            0.09070774167776108,
            0.03439275920391083,
            -0.0027954308316111565
        ],
        [
            0.09377598017454147,
            0.03066306933760643,
            -0.011756127700209618
        ],
        [
            0.0864550843834877,
            0.030246028676629066,
            -0.011634082533419132
        ],
        [
            0.08355365693569183,
            0.0318501777946949,
            -0.002751130610704422
        ],
        [
            0.10019181668758392,
            0.03765388950705528,
            -0.002694128081202507
        ],
        [
            0.10391639173030853,
            0.030949098989367485,
            -0.011130668222904205
        ],
        [
            0.22338393330574036,
            -0.004745321813970804,
            0.033064521849155426
        ],
        [
            0.22162488102912903,
            -0.00564702320843935,
            0.03782295435667038
        ],
        [
            0.21764595806598663,
            -0.006567421834915876,
            0.03516538813710213
        ],
        [
            0.2185836136341095,
            -0.004951526410877705,
            0.030254492536187172
        ],
        [
            0.15851932764053345,
            -0.0033498425036668777,
            0.036180440336465836
        ],
        [
            0.1530592143535614,
            0.0032890501897782087,
            0.03392098844051361
        ],
        [
            0.17827926576137543,
            0.00020990829216316342,
            0.03833027929067612
        ],
        [
            0.16768474876880646,
            0.002327609108760953,
            0.03563615679740906
        ],
        [
            0.16829410195350647,
            -0.004723837133497,
            0.03657729551196098
        ],
        [
            0.17710712552070618,
            -0.006280486471951008,
            0.037359487265348434
        ],
        [
            0.15664252638816833,
            0.020967330783605576,
            0.02588244155049324
        ],
        [
            0.14517910778522491,
            0.018230099231004715,
            0.024711132049560547
        ],
        [
            0.14847756922245026,
            0.013045907020568848,
            0.026950905099511147
        ],
        [
            0.1614191234111786,
            0.0147800138220191,
            0.02967544086277485
        ],
        [
            0.1394394040107727,
            0.0310813058167696,
            0.022446513175964355
        ],
        [
            0.1513136774301529,
            0.032654259353876114,
            0.023408617824316025
        ],
        [
            0.14678093791007996,
            0.039850980043411255,
            0.02205071598291397
        ],
        [
            0.13888977468013763,
            0.03767823055386543,
            0.022495003417134285
        ],
        [
            0.17265374958515167,
            0.03232854977250099,
            0.025140885263681412
        ],
        [
            0.180803120136261,
            0.03300975263118744,
            0.02448718249797821
        ],
        [
            0.18053673207759857,
            0.036206040531396866,
            0.023114679381251335
        ],
        [
            0.1711735874414444,
            0.03534475341439247,
            0.023682449012994766
        ],
        [
            0.07947545498609543,
            0.02906178869307041,
            -0.012421573512256145
        ],
        [
            0.07704931497573853,
            0.028504211455583572,
            -0.0028421059250831604
        ],
        [
            0.14026936888694763,
            0.046958375722169876,
            -0.004328389652073383
        ],
        [
            0.13241524994373322,
            0.053232770413160324,
            0.0007530981674790382
        ],
        [
            0.1437724083662033,
            0.05942649021744728,
            0.0020713983103632927
        ],
        [
            0.14896494150161743,
            0.05099858343601227,
            -0.003740786574780941
        ],
        [
            0.09863691031932831,
            0.022707287222146988,
            -0.016543371602892876
        ],
        [
            0.09100119769573212,
            0.02390986680984497,
            -0.018147286027669907
        ],
        [
            0.22473928332328796,
            -0.00015339290257543325,
            0.029179593548178673
        ],
        [
            0.2192915976047516,
            -7.378752343356609e-06,
            0.02694683149456978
        ],
        [
            0.12116838991641998,
            -0.028167162090539932,
            0.03924538195133209
        ],
        [
            0.14354339241981506,
            -0.02349875122308731,
            0.04474377632141113
        ],
        [
            0.1063784584403038,
            -0.02788579650223255,
            0.02835848554968834
        ],
        [
            0.09788747876882553,
            -0.02640165574848652,
            0.01819692552089691
        ],
        [
            0.09010521322488785,
            -0.02658679336309433,
            0.011472178623080254
        ],
        [
            0.17060133814811707,
            0.008666688576340675,
            0.034711480140686035
        ],
        [
            0.1466386318206787,
            0.008011458441615105,
            0.029650051146745682
        ],
        [
            0.1326151341199875,
            0.017745060846209526,
            0.0241449773311615
        ],
        [
            0.1243610829114914,
            0.04752504453063011,
            0.02140464261174202
        ],
        [
            0.11397455632686615,
            0.04468519985675812,
            0.021133173257112503
        ],
        [
            0.12032213062047958,
            0.03687958046793938,
            0.024869345128536224
        ],
        [
            0.12823063135147095,
            0.04084782674908638,
            0.023699041455984116
        ],
        [
            0.13026182353496552,
            0.05703148990869522,
            0.009509677067399025
        ],
        [
            0.1325545310974121,
            0.05502686649560928,
            0.01695769466459751
        ],
        [
            0.14179585874080658,
            0.05817357450723648,
            0.016961481422185898
        ],
        [
            0.1405995935201645,
            0.06113472580909729,
            0.010125754401087761
        ],
        [
            0.157957524061203,
            -0.016198869794607162,
            0.029494384303689003
        ],
        [
            0.14754199981689453,
            -0.025875063613057137,
            0.02958511933684349
        ],
        [
            0.088585764169693,
            0.034742921590805054,
            0.007653756067156792
        ],
        [
            0.08242614567279816,
            0.029918648302555084,
            0.007221235893666744
        ],
        [
            0.07546741515398026,
            0.025922313332557678,
            0.004344169981777668
        ],
        [
            0.10888038575649261,
            0.015249839052557945,
            0.027233019471168518
        ],
        [
            0.09566028416156769,
            0.01171681098639965,
            0.027541618794202805
        ],
        [
            0.09698173403739929,
            0.007992724888026714,
            0.030429400503635406
        ],
        [
            0.10943277925252914,
            0.011951141059398651,
            0.027547989040613174
        ],
        [
            0.1206812858581543,
            0.004971211310476065,
            0.03353206068277359
        ],
        [
            0.11069679260253906,
            0.003093340899795294,
            0.041141681373119354
        ],
        [
            0.13289614021778107,
            0.005311859771609306,
            0.03519955277442932
        ],
        [
            0.08642709255218506,
            0.0011144373565912247,
            0.023846864700317383
        ],
        [
            0.07719042152166367,
            0.005286653526127338,
            0.0186935942620039
        ],
        [
            0.07871421426534653,
            -0.0033859414979815483,
            0.02023179456591606
        ],
        [
            0.07556553930044174,
            0.01414981484413147,
            0.014729754067957401
        ],
        [
            0.07484154403209686,
            0.021671811118721962,
            0.009945141151547432
        ],
        [
            0.08354946970939636,
            0.02352924644947052,
            -0.022332515567541122
        ],
        [
            0.08135586231946945,
            -0.011302266269922256,
            0.020441483706235886
        ],
        [
            0.15088039636611938,
            0.0005335002206265926,
            0.04676055163145065
        ],
        [
            0.157312273979187,
            0.0004293415695428848,
            0.04577171057462692
        ],
        [
            0.1548546403646469,
            0.0038387570530176163,
            0.039756447076797485
        ],
        [
            0.1499049961566925,
            0.0030039232224226,
            0.03946741297841072
        ],
        [
            0.1817566454410553,
            -0.013466376811265945,
            0.025408625602722168
        ],
        [
            0.1798720359802246,
            -0.011042162775993347,
            0.0332125723361969
        ],
        [
            0.16956846415996552,
            -0.011621017940342426,
            0.03332256153225899
        ],
        [
            0.10465283691883087,
            0.02790321223437786,
            0.026351654902100563
        ],
        [
            0.09937674552202225,
            0.037384431809186935,
            0.019689951092004776
        ],
        [
            0.181608185172081,
            0.006030770484358072,
            0.03668942302465439
        ],
        [
            0.21472930908203125,
            -0.005360547453165054,
            0.02728639543056488
        ],
        [
            0.21358150243759155,
            -0.007439372129738331,
            0.03264139965176582
        ],
        [
            0.19714128971099854,
            -0.010468514636158943,
            0.028025059029459953
        ],
        [
            0.1992131769657135,
            -0.007991932332515717,
            0.022097555920481682
        ],
        [
            0.19124524295330048,
            0.009598561562597752,
            0.031026458367705345
        ],
        [
            0.1879984438419342,
            0.006034032441675663,
            0.035930048674345016
        ],
        [
            0.1915113925933838,
            0.006307699251919985,
            0.03495504707098007
        ],
        [
            0.19512756168842316,
            0.010581083595752716,
            0.031733643263578415
        ],
        [
            0.17396976053714752,
            0.04269445687532425,
            0.021118180826306343
        ],
        [
            0.16609936952590942,
            0.042093630880117416,
            0.021855885162949562
        ],
        [
            0.18161560595035553,
            0.006758656818419695,
            0.01033719815313816
        ],
        [
            0.18086275458335876,
            -0.006584483198821545,
            0.011487733572721481
        ],
        [
            0.1694735288619995,
            -0.009296823292970657,
            0.009469928219914436
        ],
        [
            0.1529008150100708,
            0.027224335819482803,
            0.02404353767633438
        ],
        [
            0.16307221353054047,
            0.030540961772203445,
            0.02494349330663681
        ],
        [
            0.16153234243392944,
            0.034254029393196106,
            0.023752080276608467
        ],
        [
            0.17388172447681427,
            0.012177499011158943,
            0.03331395611166954
        ],
        [
            0.1828039139509201,
            0.01141256932169199,
            0.03386818617582321
        ],
        [
            0.1784035861492157,
            0.01532175112515688,
            0.031046101823449135
        ],
        [
            0.17059342563152313,
            0.016124771907925606,
            0.030549904331564903
        ],
        [
            0.1206098273396492,
            0.04784945398569107,
            -0.0017611710354685783
        ],
        [
            0.11787278950214386,
            0.052632059901952744,
            0.008483733050525188
        ],
        [
            0.2193741500377655,
            -0.003945366013795137,
            0.04158593714237213
        ],
        [
            0.21567416191101074,
            -0.004849791526794434,
            0.039751045405864716
        ],
        [
            0.1417350471019745,
            0.024385031312704086,
            0.022913290187716484
        ],
        [
            0.15540829300880432,
            -0.011885509826242924,
            0.008107000961899757
        ],
        [
            0.1303165853023529,
            0.022644001990556717,
            0.02305770479142666
        ],
        [
            0.166463702917099,
            0.044778063893318176,
            0.001995704136788845
        ],
        [
            0.16658547520637512,
            0.04996899515390396,
            0.007011071778833866
        ],
        [
            0.17245545983314514,
            0.049837127327919006,
            0.008983748033642769
        ],
        [
            0.17434562742710114,
            0.04712173342704773,
            0.004010912962257862
        ],
        [
            0.2099231332540512,
            0.012839100323617458,
            0.033537764102220535
        ],
        [
            0.20937448740005493,
            0.010294901207089424,
            0.03864307701587677
        ],
        [
            0.2137727439403534,
            0.010721314698457718,
            0.03965951129794121
        ],
        [
            0.2151467204093933,
            0.013119399547576904,
            0.03455229103565216
        ],
        [
            0.18655863404273987,
            0.0005363237578421831,
            0.0376700758934021
        ],
        [
            0.18559405207633972,
            -0.00587394880130887,
            0.03720308840274811
        ],
        [
            0.19238752126693726,
            -0.004335201811045408,
            0.03736460953950882
        ],
        [
            0.1920551061630249,
            0.0015597360907122493,
            0.036884669214487076
        ],
        [
            0.18826958537101746,
            -0.01038315612822771,
            0.0325910747051239
        ],
        [
            0.19438087940216064,
            -0.009103425778448582,
            0.033528804779052734
        ],
        [
            0.21156948804855347,
            0.011514508165419102,
            0.02739623747766018
        ],
        [
            0.21364057064056396,
            0.005766173824667931,
            0.02296343818306923
        ],
        [
            0.19947920739650726,
            0.005020664073526859,
            0.018764100968837738
        ],
        [
            0.19918666779994965,
            0.009888019412755966,
            0.02525320276618004
        ],
        [
            0.1246655210852623,
            0.018956433981657028,
            -0.011143337935209274
        ],
        [
            0.11949749290943146,
            0.028939951211214066,
            -0.011119315400719643
        ],
        [
            0.13292115926742554,
            0.034352123737335205,
            -0.007432915270328522
        ],
        [
            0.1459299921989441,
            0.03988572210073471,
            -0.004917155019938946
        ],
        [
            0.15828964114189148,
            0.044430118054151535,
            -0.001195041462779045
        ],
        [
            0.16423459351062775,
            0.03384261578321457,
            -0.0031024720519781113
        ],
        [
            0.12788009643554688,
            0.04080799221992493,
            -0.006932663731276989
        ],
        [
            0.18875639140605927,
            0.01145345252007246,
            0.020787585526704788
        ],
        [
            0.18874645233154297,
            0.004230421036481857,
            0.01584004983305931
        ],
        [
            0.18692128360271454,
            0.009561393409967422,
            0.014390578493475914
        ],
        [
            0.12779423594474792,
            0.029703984037041664,
            0.02329470030963421
        ],
        [
            0.21176615357398987,
            -0.006327331531792879,
            0.03746447339653969
        ],
        [
            0.10233061760663986,
            -0.019143693149089813,
            -0.00599471852183342
        ],
        [
            0.10188355296850204,
            -0.008154287934303284,
            -0.014459807425737381
        ],
        [
            0.10990855097770691,
            -0.008083618246018887,
            -0.010910151526331902
        ],
        [
            0.11023670434951782,
            -0.020221514627337456,
            -0.00024974532425403595
        ],
        [
            0.2090679407119751,
            0.004200666211545467,
            0.04180976375937462
        ],
        [
            0.20989759266376495,
            -0.0020262915641069412,
            0.04166782274842262
        ],
        [
            0.1651194542646408,
            0.04860527440905571,
            0.01994633674621582
        ],
        [
            0.17201128602027893,
            0.04779559746384621,
            0.018906790763139725
        ],
        [
            0.17286233603954315,
            0.05028325691819191,
            0.01586693339049816
        ],
        [
            0.16692544519901276,
            0.05388091877102852,
            0.017382990568876266
        ],
        [
            0.11549496650695801,
            0.033354632556438446,
            -0.010454881004989147
        ],
        [
            0.15150023996829987,
            0.0632377341389656,
            0.003333614207804203
        ],
        [
            0.15532347559928894,
            0.05592541769146919,
            -0.0020807133987545967
        ],
        [
            0.10785932838916779,
            0.023778021335601807,
            -0.014276156201958656
        ],
        [
            0.11234231293201447,
            0.015010382980108261,
            -0.014976155012845993
        ],
        [
            0.1032581552863121,
            0.012723535299301147,
            -0.017794650048017502
        ],
        [
            0.1760508120059967,
            0.025184202939271927,
            0.002244124189019203
        ],
        [
            0.13017964363098145,
            0.012290213257074356,
            -0.00984014943242073
        ],
        [
            0.1165144294500351,
            0.008703973144292831,
            -0.013351570814847946
        ],
        [
            0.10584854334592819,
            0.005655359476804733,
            -0.016649261116981506
        ],
        [
            0.09819415211677551,
            0.004084233194589615,
            -0.019716599956154823
        ],
        [
            0.09609656035900116,
            0.012005999684333801,
            -0.020526587963104248
        ],
        [
            0.2147398740053177,
            0.0001020908821374178,
            0.02405567653477192
        ],
        [
            0.21925632655620575,
            0.0064942617900669575,
            0.025442661717534065
        ],
        [
            0.08829868584871292,
            0.011285224929451942,
            -0.025251060724258423
        ],
        [
            0.09078550338745117,
            0.002430407330393791,
            -0.023496229201555252
        ],
        [
            0.12040524184703827,
            0.0007714293897151947,
            -0.0105570238083601
        ],
        [
            0.12408360838890076,
            -0.009021362289786339,
            -0.0052827876061201096
        ],
        [
            0.13340133428573608,
            0.004629156552255154,
            -0.007021674886345863
        ],
        [
            0.13835912942886353,
            -0.0046468814834952354,
            -0.0020998362451791763
        ],
        [
            0.17703112959861755,
            0.014825745485723019,
            0.000605504959821701
        ],
        [
            0.23425737023353577,
            0.011391719803214073,
            0.03506669029593468
        ],
        [
            0.2238430380821228,
            0.011487913317978382,
            0.030503802001476288
        ],
        [
            0.22120720148086548,
            0.013257916085422039,
            0.03537644073367119
        ],
        [
            0.2323431819677353,
            0.013971487991511822,
            0.03790554404258728
        ],
        [
            0.2171158641576767,
            0.011771762743592262,
            0.029101766645908356
        ],
        [
            0.2247481793165207,
            0.0063700126484036446,
            0.02787117287516594
        ],
        [
            0.14046576619148254,
            -0.015979690477252007,
            0.007062537595629692
        ],
        [
            0.18610543012619019,
            0.01495828852057457,
            0.029706601053476334
        ],
        [
            0.12456005066633224,
            -0.021943354979157448,
            0.008526145480573177
        ],
        [
            0.14731287956237793,
            -0.024258043617010117,
            0.0174728836864233
        ],
        [
            0.13630947470664978,
            -0.027951855212450027,
            0.02158309333026409
        ],
        [
            0.10917622596025467,
            -0.02810395322740078,
            0.012749331071972847
        ],
        [
            0.12194045633077621,
            -0.031134776771068573,
            0.025185903534293175
        ],
        [
            0.09363071620464325,
            -0.02565956674516201,
            0.00039194710552692413
        ],
        [
            0.10171401500701904,
            -0.02583049051463604,
            0.005210075527429581
        ],
        [
            0.13680361211299896,
            -0.029938850551843643,
            0.03401126712560654
        ],
        [
