{
    "pred_cam": [
        5.660201072692871,
        -0.17465609312057495,
        -0.04781591147184372
    ],
    "pred_mano_params": {
        "global_orient": [
            [
                [
                    -0.8297632932662964,
                    -0.3676568269729614,
                    0.4199063181877136
                ],
                [
                    -0.14954543113708496,
                    -0.5783924460411072,
                    -0.8019340634346008
                ],
                [
                    0.5377071499824524,
                    -0.7282105684280396,
                    0.4249474108219147
                ]
            ]
        ],
        "hand_pose": [
            [
                [
                    0.9287729859352112,
                    -0.2828635275363922,
                    -0.2395179271697998
                ],
                [
                    0.274340957403183,
                    0.9591586589813232,
                    -0.06893235445022583
                ],
                [
                    0.2492341548204422,
                    -0.0016870603431016207,
                    0.9684417247772217
                ]
            ],
            [
                [
                    0.9875481724739075,
                    -0.1295582503080368,
                    0.08923737704753876
                ],
                [
                    0.14844650030136108,
                    0.9552213549613953,
                    -0.25596046447753906
                ],
                [
                    -0.052079662680625916,
                    0.2660202383995056,
                    0.9625595808029175
                ]
            ],
            [
                [
                    0.8935394883155823,
                    -0.43216705322265625,
                    0.12173259258270264
                ],
                [
                    0.4077550768852234,
                    0.8945852518081665,
                    0.18290174007415771
                ],
                [
                    -0.18794430792331696,
                    -0.11379284411668777,
                    0.9755655527114868
                ]
            ],
            [
                [
                    0.7644671201705933,
                    -0.6354482769966125,
                    -0.10860664397478104
                ],
                [
                    0.6347299814224243,
                    0.7713897824287415,
                    -0.0455598458647728
                ],
                [
                    0.11272897571325302,
                    -0.03410688042640686,
                    0.9930402040481567
                ]
            ],
            [
                [
                    0.99501633644104,
                    -0.04669831320643425,
                    -0.08810058981180191
                ],
                [
                    0.06500779837369919,
                    0.9737697839736938,
                    0.218051478266716
                ],
                [
                    0.0756070613861084,
                    -0.22269202768802643,
                    0.9719526171684265
                ]
            ],
            [
                [
                    0.921337366104126,
                    -0.38718509674072266,
                    0.035000789910554886
                ],
                [
                    0.3879025876522064,
                    0.9215525388717651,
                    -0.01650640182197094
                ],
                [
                    -0.02586403489112854,
                    0.028784863650798798,
                    0.9992508888244629
                ]
            ],
            [
                [
                    0.7333893775939941,
                    -0.5894063711166382,
                    0.33873310685157776
                ],
                [
                    0.48550963401794434,
                    0.8028954267501831,
                    0.3458891212940216
                ],
                [
                    -0.47583654522895813,
                    -0.08921322971582413,
                    0.8749974370002747
                ]
            ],
            [
                [
                    0.9687410593032837,
                    -0.12991854548454285,
                    -0.21133355796337128
                ],
                [
                    0.13976557552814484,
                    0.9896582961082458,
                    0.03227926790714264
                ],
                [
                    0.2049543410539627,
                    -0.06080741062760353,
                    0.9768807888031006
                ]
            ],
            [
                [
                    0.9842154383659363,
                    -0.16812247037887573,
                    -0.05527171865105629
                ],
                [
                    0.17280466854572296,
                    0.8455529808998108,
                    0.50515216588974
                ],
                [
                    -0.03819221630692482,
                    -0.5067297220230103,
                    0.8612586259841919
                ]
            ],
            [
                [
                    0.7576985955238342,
                    -0.6486850380897522,
                    0.07141678035259247
                ],
                [
                    0.6525256037712097,
                    0.7547592520713806,
                    -0.06744515895843506
                ],
                [
                    -0.010151799768209457,
                    0.09770438820123672,
                    0.99516361951828
                ]
            ],
            [
                [
                    0.9992495775222778,
                    0.002474317792803049,
                    -0.038654059171676636
                ],
                [
                    0.012415566481649876,
                    0.9248390793800354,
                    0.380156010389328
                ],
                [
                    0.0366894006729126,
                    -0.38035064935684204,
                    0.9241143465042114
                ]
            ],
            [
                [
                    0.8936690092086792,
                    -0.44701889157295227,
                    -0.03911158815026283
                ],
                [
                    0.4471566379070282,
                    0.8798683881759644,
                    0.16088077425956726
                ],
                [
                    -0.037503693252801895,
                    -0.16126318275928497,
                    0.9861986041069031
                ]
            ],
            [
                [
                    0.7867052555084229,
                    -0.07919052243232727,
                    -0.612228512763977
                ],
                [
                    -0.4919683635234833,
                    0.5186551213264465,
                    -0.6992595791816711
                ],
                [
                    0.37291020154953003,
                    0.8513082265853882,
                    0.36906948685646057
                ]
            ],
            [
                [
                    0.8507154583930969,
                    -0.38643836975097656,
                    -0.3562985062599182
                ],
                [
                    0.5253735184669495,
                    0.6461704969406128,
                    0.5535759329795837
                ],
                [
                    0.016306616365909576,
                    -0.6581254005432129,
                    0.7527317404747009
                ]
            ],
            [
                [
                    0.90599524974823,
                    0.31944984197616577,
                    -0.27771273255348206
                ],
                [
                    -0.3622075021266937,
                    0.9245844483375549,
                    -0.11810746788978577
                ],
                [
                    0.2190394401550293,
                    0.20759443938732147,
                    0.9533762335777283
                ]
            ]
        ],
        "betas": [
            -0.10067933797836304,
            -0.15040963888168335,
            -0.05427885055541992,
            -0.023083657026290894,
            0.017882615327835083,
            0.0033231601119041443,
            0.03390100598335266,
            -0.02959170937538147,
            0.027503028512001038,
            -0.028405427932739258
        ]
    },
    "pred_cam_t": [
        -0.17465609312057495,
        -0.04781591147184372,
        6.901256561279297
    ],
    "focal_length": [
        5000.0,
        5000.0
    ],
    "pred_keypoints_3d": [
        [
            0.0962168350815773,
            0.006426095962524414,
            0.006255146116018295
        ],
        [
            0.13286598026752472,
            -0.001750723458826542,
            0.01562979444861412
        ],
        [
            0.161202073097229,
            0.004745136946439743,
            0.005081437528133392
        ],
        [
            0.17958393692970276,
            0.017483364790678024,
            -0.010450984351336956
        ],
        [
            0.1982158124446869,
            0.02904951572418213,
            -0.03960416093468666
        ],
        [
            0.18024232983589172,
            0.006103716790676117,
            -0.028770465403795242
        ],
        [
            0.20637838542461395,
            0.018836401402950287,
            -0.044754430651664734
        ],
        [
            0.22412094473838806,
            0.03154599666595459,
            -0.04951164126396179
        ],
        [
            0.24329757690429688,
            0.046993788331747055,
            -0.04537200555205345
        ],
        [
            0.17426669597625732,
            0.02429848536849022,
            -0.04526593163609505
        ],
        [
            0.19748827815055847,
            0.04583676904439926,
            -0.04902851954102516
        ],
        [
            0.21236281096935272,
            0.06389767676591873,
            -0.04773208126425743
        ],
        [
            0.22834478318691254,
            0.08327121287584305,
            -0.04099924862384796
        ],
        [
            0.154616117477417,
            0.042535580694675446,
            -0.046482570469379425
        ],
        [
            0.17821823060512543,
            0.059339746832847595,
            -0.048830773681402206
        ],
        [
            0.19441330432891846,
            0.07823117077350616,
            -0.04675952345132828
        ],
        [
            0.20947574079036713,
            0.09690526127815247,
            -0.037626899778842926
        ],
        [
            0.13909019529819489,
            0.057385049760341644,
            -0.04218557849526405
        ],
        [
            0.15657038986682892,
            0.0694924145936966,
            -0.04327186197042465
        ],
        [
            0.1696597933769226,
            0.08337350934743881,
            -0.04209163412451744
        ],
        [
            0.18324412405490875,
            0.09799497574567795,
            -0.03373580053448677
        ]
    ],
    "pred_vertices": [
        [
            0.14832435548305511,
            0.010542181320488453,
            -0.0020378604531288147
        ],
        [
            0.13786748051643372,
            0.010351596400141716,
            0.0043842121958732605
        ],
        [
            0.14598102867603302,
            0.010619034059345722,
            0.00243980810046196
        ],
        [
            0.1556667983531952,
            0.008426430635154247,
            -0.0016119405627250671
        ],
        [
            0.1410125494003296,
            0.015706900507211685,
            0.02003946155309677
        ],
        [
            0.14350926876068115,
            0.008297085762023926,
            0.02929127961397171
        ],
        [
            0.15929271280765533,
            0.011887140572071075,
            0.01962355524301529
        ],
        [
            0.15413188934326172,
            0.01885087415575981,
            0.013921715319156647
        ],
        [
            0.16096040606498718,
            0.006425261963158846,
            -0.0037704110145568848
        ],
        [
            0.15332385897636414,
            0.01146820466965437,
            0.0008450150489807129
        ],
        [
            0.160301074385643,
            0.0043465690687298775,
            -0.0069532133638858795
        ],
        [
            0.1674106866121292,
            -0.005098812282085419,
            -0.013848209753632545
        ],
        [
            0.1682325303554535,
            0.0009503945475444198,
            -0.009543897584080696
        ],
        [
            0.17316120862960815,
            -0.006809435319155455,
            -0.019702153280377388
        ],
        [
            0.16016508638858795,
            -0.0125114219263196,
            -0.015734631568193436
        ],
        [
            0.16828881204128265,
            -0.009687604382634163,
            -0.02688596211373806
        ],
        [
            0.1410149335861206,
            -0.004133833572268486,
            -0.029737448319792747
        ],
        [
            0.1325187385082245,
            0.005535736680030823,
            -0.03389642387628555
        ],
        [
            0.14603374898433685,
            0.0100777056068182,
            -0.04359651729464531
        ],
        [
            0.15365932881832123,
            0.0004169680178165436,
            -0.03767319396138191
        ],
        [
            0.13107559084892273,
            0.02470267191529274,
            -0.04260635748505592
        ],
        [
            0.1399700939655304,
            0.016897743567824364,
            -0.04384242743253708
        ],
        [
            0.12599049508571625,
            0.011699791997671127,
            -0.035055600106716156
        ],
        [
            0.11882606148719788,
            0.019058262929320335,
            -0.03425333648920059
        ],
        [
            0.13655179738998413,
            0.018581558018922806,
            -0.004319503903388977
        ],
        [
            0.12715552747249603,
            0.01765306107699871,
            0.0025707222521305084
        ],
        [
            0.13027323782444,
            0.013406787067651749,
            0.0034983977675437927
        ],
        [
            0.13999071717262268,
            0.014788761734962463,
            -0.0030466951429843903
        ],
        [
            0.1631326824426651,
            0.0030377302318811417,
            -0.007265638560056686
        ],
        [
            0.1582079976797104,
            -0.009225480258464813,
            -0.003525983542203903
        ],
        [
            0.1593685746192932,
            -0.0035454314202070236,
            -0.0076231807470321655
        ],
        [
            0.1622007191181183,
            0.00854873564094305,
            -0.0070765018463134766
        ],
        [
            0.10495173931121826,
            0.025681903585791588,
            0.018302518874406815
        ],
        [
            0.0938306376338005,
            0.018480271100997925,
            0.0212411992251873
        ],
        [
            0.09672148525714874,
            0.013555931858718395,
            0.023030370473861694
        ],
        [
            0.10612095147371292,
            0.02087341994047165,
            0.019812576472759247
        ],
        [
            0.11702686548233032,
            0.003504339139908552,
            0.032955020666122437
        ],
        [
            0.10578680783510208,
            -0.0011076387017965317,
            0.030236199498176575
        ],
        [
            0.10302014648914337,
            -0.014339568093419075,
            0.029800988733768463
        ],
        [
            0.11495619267225266,
            -0.012644466944038868,
            0.030151991173624992
        ],
        [
            0.13077816367149353,
            0.006385022774338722,
            0.03288730978965759
        ],
        [
            0.1298810839653015,
            -0.00742840301245451,
            0.03335054963827133
        ],
        [
            0.14564961194992065,
            -0.002938589546829462,
            0.03019234538078308
        ],
        [
            0.16223537921905518,
            0.0030554095283150673,
            0.019542504101991653
        ],
        [
            0.08656641840934753,
            0.027330495417118073,
            0.015330929309129715
        ],
        [
            0.09375496208667755,
            0.034190475940704346,
            0.0127188041806221
        ],
        [
            0.21357017755508423,
            0.022407464683055878,
            -0.03631455823779106
        ],
        [
            0.21112561225891113,
            0.027423642575740814,
            -0.038148555904626846
        ],
        [
            0.20702986419200897,
            0.02489253506064415,
            -0.03528085723519325
        ],
        [
            0.21028980612754822,
            0.02025410160422325,
            -0.034333303570747375
        ],
        [
            0.08163192868232727,
            0.03027748502790928,
            -0.00415792316198349
        ],
        [
            0.07960981130599976,
            0.023997535929083824,
            -0.011846896260976791
        ],
        [
            0.07392854243516922,
            0.02365029603242874,
            -0.0072303712368011475
        ],
        [
            0.07642443478107452,
            0.027881233021616936,
            0.0008363500237464905
        ],
        [
            0.08859670162200928,
            0.033399611711502075,
            -0.010685965418815613
        ],
        [
            0.08795356750488281,
            0.02444414608180523,
            -0.01762506365776062
        ],
        [
            0.21478895843029022,
            0.014387388713657856,
            -0.046112023293972015
        ],
        [
            0.21617276966571808,
            0.015474478714168072,
            -0.04126964882016182
        ],
        [
            0.21210403740406036,
            0.012488814070820808,
            -0.04048274829983711
        ],
        [
            0.20967334508895874,
            0.011841838248074055,
            -0.045130230486392975
        ],
        [
            0.1650814414024353,
            0.00645225727930665,
            -0.006621219217777252
        ],
        [
            0.1581200212240219,
            0.011767788790166378,
            -0.0067305415868759155
        ],
        [
            0.18032118678092957,
            0.010023384355008602,
            -0.017464207485318184
        ],
        [
            0.17064031958580017,
            0.010995645076036453,
            -0.014080841094255447
        ],
        [
            0.1730635017156601,
            0.004741118289530277,
            -0.01202031597495079
        ],
        [
            0.1805845946073532,
            0.0037380054127424955,
            -0.016074951738119125
        ],
        [
            0.15285193920135498,
            0.025865798816084862,
            -0.019268793985247612
        ],
        [
            0.14360962808132172,
            0.023005899041891098,
            -0.012538058683276176
        ],
        [
            0.14852707087993622,
            0.01875770092010498,
            -0.01159769669175148
        ],
        [
            0.1599721610546112,
            0.021092936396598816,
            -0.017793092876672745
        ],
        [
            0.13538876175880432,
            0.03452743962407112,
            -0.013806384056806564
        ],
        [
            0.14497198164463043,
            0.03615151345729828,
            -0.02070286124944687
        ],
        [
            0.13918565213680267,
            0.042498569935560226,
            -0.020624380558729172
        ],
        [
            0.13375049829483032,
            0.040769923478364944,
            -0.014973826706409454
        ],
        [
            0.1623360514640808,
            0.03576698526740074,
            -0.03191935271024704
        ],
        [
            0.16733986139297485,
            0.03641502931714058,
            -0.036390334367752075
        ],
        [
            0.1661922037601471,
            0.03990628570318222,
            -0.03661388158798218
        ],
        [
            0.15979383885860443,
            0.038404613733291626,
            -0.03237084299325943
        ],
        [
            0.06812838464975357,
            0.022285068407654762,
            -0.0033223405480384827
        ],
        [
            0.07179129123687744,
            0.02467481605708599,
            0.005514167249202728
        ],
        [
            0.11798413097858429,
            0.04184902459383011,
            -0.039267994463443756
        ],
        [
            0.11338406801223755,
            0.04895440489053726,
            -0.03190431743860245
        ],
        [
            0.12241379916667938,
            0.05520496889948845,
            -0.03916197270154953
        ],
        [
            0.12486583739519119,
            0.04577959328889847,
            -0.04558563232421875
        ],
        [
            0.08216378092765808,
            0.01498994417488575,
            -0.016442690044641495
        ],
        [
            0.07495661824941635,
            0.01566121354699135,
            -0.013324402272701263
        ],
        [
            0.21190258860588074,
            0.016788505017757416,
            -0.051029860973358154
        ],
        [
            0.2064327448606491,
            0.014735173434019089,
            -0.04923219978809357
        ],
        [
            0.14135020971298218,
            -0.015209829434752464,
            0.02461930364370346
        ],
        [
            0.16153867542743683,
            -0.00582814821973443,
            0.016239706426858902
        ],
        [
            0.12341786175966263,
            -0.019508738070726395,
            0.024847231805324554
        ],
        [
            0.11064126342535019,
            -0.021354472264647484,
            0.02195735089480877
        ],
        [
            0.10059559345245361,
            -0.023462017998099327,
            0.02175278216600418
        ],
        [
            0.17095847427845,
            0.016487114131450653,
            -0.017989421263337135
        ],
        [
            0.14963339269161224,
            0.014871190302073956,
            -0.007248785346746445
        ],
        [
            0.1334472894668579,
            0.022466832771897316,
            -0.005196843296289444
        ],
        [
            0.11983388662338257,
            0.04988934099674225,
            -0.009408660233020782
        ],
        [
            0.11204276978969574,
            0.047232095152139664,
            -0.0026783235371112823
        ],
        [
            0.12064102292060852,
            0.04092249274253845,
            -0.0017526894807815552
        ],
        [
            0.12546522915363312,
            0.04423117637634277,
            -0.00834634155035019
        ],
        [
            0.11589832603931427,
            0.055176567286252975,
            -0.024556424468755722
        ],
        [
            0.12217576056718826,
            0.055477503687143326,
            -0.019554629921913147
        ],
        [
            0.12855574488639832,
            0.058043550699949265,
            -0.025406982749700546
        ],
        [
            0.12360654771327972,
            0.05900072306394577,
            -0.031050849705934525
        ],
        [
            0.1674705594778061,
            -0.002061782404780388,
            -0.004822809249162674
        ],
        [
            0.15835002064704895,
            -0.013443104922771454,
            0.0015745647251605988
        ],
        [
            0.08589672297239304,
            0.033815834671258926,
            0.004945091903209686
        ],
        [
            0.08159712702035904,
            0.029120173305273056,
            0.009540580213069916
        ],
        [
            0.07513628900051117,
            0.024409731850028038,
            0.012540921568870544
        ],
        [
            0.11684176325798035,
            0.020860742777585983,
            0.012022849172353745
        ],
        [
            0.10705013573169708,
            0.01759093999862671,
            0.021209895610809326
        ],
        [
            0.11022894829511642,
            0.014697141014039516,
            0.02336341142654419
        ],
        [
            0.11800717562437057,
            0.01758233644068241,
            0.012543290853500366
        ],
        [
            0.13065186142921448,
            0.013383426703512669,
            0.012884300202131271
        ],
        [
            0.12676221132278442,
            0.013429654762148857,
            0.025103658437728882
        ],
        [
            0.1407187581062317,
            0.016226816922426224,
            0.008298389613628387
        ],
        [
            0.09948021918535233,
            0.006510448642075062,
            0.026587609201669693
        ],
        [
            0.08850167691707611,
            0.00910811498761177,
            0.027373336255550385
        ],
        [
            0.09216230362653732,
            0.0012793177738785744,
            0.029675371944904327
        ],
        [
            0.0833340734243393,
            0.016352929174900055,
            0.023204080760478973
        ],
        [
            0.07865369319915771,
            0.022064583376049995,
            0.018193010240793228
        ],
        [
            0.0666801780462265,
            0.014032062143087387,
            -0.011904124170541763
        ],
        [
            0.09583509713411331,
            -0.006180720403790474,
            0.03018227219581604
        ],
        [
            0.16331490874290466,
            0.018850795924663544,
            0.009353552013635635
        ],
        [
            0.17047029733657837,
            0.019584521651268005,
            0.00457281619310379
        ],
        [
            0.16507984697818756,
            0.020465070381760597,
            -0.00014174729585647583
        ],
        [
            0.15863296389579773,
            0.01913563534617424,
            0.0031929686665534973
        ],
        [
            0.18028371036052704,
            -0.005942872259765863,
            -0.026404794305562973
        ],
        [
            0.18196088075637817,
            -0.0014542085118591785,
            -0.01968773826956749
        ],
        [
            0.17386654019355774,
            -0.0022442094050347805,
            -0.01355019025504589
        ],
        [
            0.11071053147315979,
            0.03292252495884895,
            0.011044912040233612
        ],
        [
            0.10099156200885773,
            0.03993573039770126,
            0.00688958540558815
        ],
        [
            0.18032443523406982,
            0.015160753391683102,
            -0.021905973553657532
        ],
        [
            0.2053784728050232,
            0.00921003520488739,
            -0.0452464334666729
        ],
        [
            0.20790335536003113,
            0.00946834683418274,
            -0.03993447870016098
        ],
        [
            0.19388529658317566,
            0.0008673721458762884,
            -0.033189449459314346
        ],
        [
            0.19185522198677063,
            0.0009640669450163841,
            -0.039652932435274124
        ],
        [
            0.1831527203321457,
            0.018116019666194916,
            -0.032386645674705505
        ],
        [
            0.18396148085594177,
            0.01626897044479847,
            -0.02596917375922203
        ],
        [
            0.18552233278751373,
            0.0170852430164814,
            -0.028745416551828384
        ],
        [
            0.18500448763370514,
            0.02029670588672161,
            -0.03436151519417763
        ],
        [
            0.15875300765037537,
            0.04549147188663483,
            -0.03579620271921158
        ],
        [
            0.15327399969100952,
            0.04412750527262688,
            -0.031926751136779785
        ],
        [
            0.16706256568431854,
            0.0074790893122553825,
            -0.043095663189888
        ],
        [
            0.17015373706817627,
            -0.005085138604044914,
            -0.03914937749505043
        ],
        [
            0.16010332107543945,
            -0.0077736955136060715,
            -0.03284909203648567
        ],
        [
            0.1476394534111023,
            0.031226808205246925,
            -0.01991247944533825
        ],
        [
            0.1554686427116394,
            0.034424204379320145,
            -0.026151757687330246
        ],
        [
            0.1527966558933258,
            0.03753883019089699,
            -0.02687099017202854
        ],
        [
            0.17199906706809998,
            0.019434548914432526,
            -0.021767018362879753
        ],
        [
            0.17862065136432648,
            0.019205307587981224,
            -0.026080453768372536
        ],
        [
            0.17371989786624908,
            0.021781442686915398,
            -0.026786673814058304
        ],
        [
            0.16741512715816498,
            0.022516198456287384,
            -0.022929763421416283
        ],
        [
            0.10350500047206879,
            0.04326501488685608,
            -0.025144066661596298
        ],
        [
            0.10633812844753265,
            0.05087839439511299,
            -0.016732756048440933
        ],
        [
            0.2155754566192627,
            0.018251042813062668,
            -0.037561628967523575
        ],
        [
            0.21202251315116882,
            0.015596998855471611,
            -0.03630204498767853
        ],
        [
            0.13870969414710999,
            0.028305722400546074,
            -0.013267181813716888
        ],
        [
            0.14847995340824127,
            -0.01026083342730999,
            -0.02438299171626568
        ],
        [
            0.13010264933109283,
            0.026806993409991264,
            -0.005773760378360748
        ],
        [
            0.14352735877037048,
            0.04159219563007355,
            -0.04902375862002373
        ],
        [
            0.14541789889335632,
            0.04812658950686455,
            -0.04467195272445679
        ],
        [
            0.15112291276454926,
            0.04943154379725456,
            -0.0459442175924778
        ],
        [
            0.1513625532388687,
            0.04559245705604553,
            -0.050771526992321014
        ],
        [
            0.19658735394477844,
            0.026615656912326813,
            -0.041988804936409
        ],
        [
            0.19963699579238892,
            0.026464663445949554,
            -0.037043895572423935
        ],
        [
            0.20360726118087769,
            0.028657056391239166,
            -0.03898472711443901
        ],
        [
            0.20115849375724792,
            0.028735578060150146,
            -0.044216930866241455
        ],
        [
            0.18569903075695038,
            0.011914810165762901,
            -0.0224115289747715
        ],
        [
            0.18703168630599976,
            0.0057576424442231655,
            -0.020739153027534485
        ],
        [
            0.19178971648216248,
            0.009097780101001263,
            -0.024650895968079567
        ],
        [
            0.18884378671646118,
            0.013967236503958702,
            -0.026337409391999245
        ],
        [
            0.18851445615291595,
            0.0006761632394045591,
            -0.024683909490704536
        ],
        [
            0.19358152151107788,
            0.003808245062828064,
            -0.027638375759124756
        ],
        [
            0.19564475119113922,
            0.023095175623893738,
            -0.04737551510334015
        ],
        [
            0.197682186961174,
            0.01658637821674347,
            -0.050586484372615814
        ],
        [
            0.18502183258533478,
            0.010875136591494083,
            -0.04572410508990288
        ],
        [
            0.1855325847864151,
            0.017894119024276733,
            -0.04165976494550705
        ],
        [
            0.10665222257375717,
            0.013006281107664108,
            -0.02739216573536396
        ],
        [
            0.10075598955154419,
            0.022510584443807602,
            -0.026667889207601547
        ],
        [
            0.11266163736581802,
            0.028765659779310226,
            -0.033624790608882904
        ],
        [
            0.12365882098674774,
            0.03487632796168327,
            -0.04155268520116806
        ],
        [
            0.13489961624145508,
            0.04007989168167114,
            -0.047862179577350616
        ],
        [
            0.14074720442295074,
            0.029455015435814857,
            -0.050622306764125824
        ],
        [
            0.1077154204249382,
            0.03505629301071167,
            -0.03172779828310013
        ],
        [
            0.1775631606578827,
            0.0166383795440197,
            -0.038369376212358475
        ],
        [
            0.17622274160385132,
            0.0072806039825081825,
            -0.04196486249566078
        ],
        [
            0.17388126254081726,
            0.012506136670708656,
            -0.04216848313808441
        ],
        [
            0.12693744897842407,
            0.03359348326921463,
            -0.005753315985202789
        ],
        [
            0.20821723341941833,
            0.01208158303052187,
            -0.035451773554086685
        ],
        [
            0.09893744438886642,
            -0.021660497412085533,
            -0.000657934695482254
        ],
        [
            0.09158575534820557,
            -0.013678820803761482,
            -0.009310934692621231
        ],
        [
            0.10000873357057571,
            -0.012560242787003517,
            -0.011557279154658318
        ],
        [
            0.10887777805328369,
            -0.020979970693588257,
            -0.0009826980531215668
        ],
        [
            0.2034657746553421,
            0.02246401458978653,
            -0.03294496610760689
        ],
        [
            0.20682506263256073,
            0.01722252182662487,
            -0.032097239047288895
        ],
        [
            0.15034067630767822,
            0.04979528859257698,
            -0.03346554934978485
        ],
        [
            0.155446395277977,
            0.04991405829787254,
            -0.03728234022855759
        ],
        [
            0.1541929543018341,
            0.0519321970641613,
            -0.04044092819094658
        ],
        [
            0.1496591567993164,
            0.05448669567704201,
            -0.03637903556227684
        ],
        [
            0.0971217080950737,
            0.026920443400740623,
            -0.02484612911939621
        ],
        [
            0.12930050492286682,
            0.059835970401763916,
            -0.04160435125231743
        ],
        [
            0.13081082701683044,
            0.05110058933496475,
            -0.04789569973945618
        ],
        [
            0.09060625731945038,
            0.01667965017259121,
            -0.02061332017183304
        ],
        [
            0.09535130113363266,
            0.008130975067615509,
            -0.021719327196478844
        ],
        [
            0.08693161606788635,
            0.00513475202023983,
            -0.01772206462919712
        ],
        [
            0.15475070476531982,
            0.022884171456098557,
            -0.050193022936582565
        ],
        [
            0.11299726366996765,
            0.007055284455418587,
            -0.02808888629078865
        ],
        [
            0.10074468702077866,
            0.0026276279240846634,
            -0.021488498896360397
        ],
        [
            0.09092184901237488,
            -0.0012270435690879822,
            -0.016724681481719017
        ],
        [
            0.08337206393480301,
            -0.0036358777433633804,
            -0.014008525758981705
        ],
        [
            0.07981188595294952,
            0.003635615110397339,
            -0.015279166400432587
        ],
        [
            0.20147942006587982,
            0.012475925497710705,
            -0.048974595963954926
        ],
        [
            0.20287276804447174,
            0.01964375749230385,
            -0.051926687359809875
        ],
        [
            0.07102705538272858,
            0.0015178360044956207,
            -0.013970602303743362
        ],
        [
            0.0756257027387619,
            -0.006356235593557358,
            -0.011997170746326447
        ],
        [
            0.1068924069404602,
            -0.004086034372448921,
            -0.019821347668766975
        ],
        [
            0.11481714993715286,
            -0.01180583331733942,
            -0.015856562182307243
        ],
        [
            0.11856745928525925,
            0.0005901679396629333,
            -0.026065509766340256
        ],
        [
            0.12713508307933807,
            -0.006739076226949692,
            -0.023185115307569504
        ],
        [
            0.15691885352134705,
            0.01225205883383751,
            -0.050684042274951935
        ],
        [
            0.21706034243106842,
            0.03135279193520546,
            -0.05578211322426796
        ],
        [
            0.20693783462047577,
            0.02726542204618454,
            -0.05254240334033966
        ],
        [
            0.20648391544818878,
            0.030583087354898453,
            -0.04778730869293213
        ],
        [
            0.21583688259124756,
            0.034472547471523285,
            -0.053135596215724945
        ],
        [
            0.2006870061159134,
            0.025467541068792343,
            -0.04918687045574188
        ],
        [
            0.2085111141204834,
            0.021801169961690903,
            -0.05370955169200897
        ],
        [
            0.13674317300319672,
            -0.014421332627534866,
            -0.015045061707496643
        ],
        [
            0.1786995828151703,
            0.021951209753751755,
            -0.03127249330282211
        ],
        [
            0.12615573406219482,
            -0.019722016528248787,
            -0.0029600337147712708
        ],
        [
            0.1503857523202896,
            -0.017788976430892944,
            -0.009215658530592918
        ],
        [
            0.14462347328662872,
            -0.020118338987231255,
            0.0015165694057941437
        ],
        [
            0.11719650030136108,
            -0.024549337103962898,
            0.011172175407409668
        ],
        [
            0.13546419143676758,
            -0.02281102165579796,
            0.013610832393169403
        ],
        [
            0.09688585251569748,
            -0.02587757259607315,
            0.011061230674386024
        ],
        [
            0.1062420979142189,
            -0.02466031163930893,
            0.0096666868776083
        ],
        [
