{
    "pred_cam": [
        5.158030033111572,
        -0.1762179136276245,
        -0.04929416626691818
    ],
    "pred_mano_params": {
        "global_orient": [
            [
                [
                    -0.8726833462715149,
                    -0.3354048728942871,
                    0.3548623323440552
                ],
                [
                    -0.08508589118719101,
                    -0.6111752986907959,
                    -0.7869085073471069
                ],
                [
                    0.4808160960674286,
                    -0.7169157862663269,
                    0.5048242807388306
                ]
            ]
        ],
        "hand_pose": [
            [
                [
                    0.9302768111228943,
                    -0.2805793583393097,
                    -0.23634777963161469
                ],
                [
                    0.26494577527046204,
                    0.9594551920890808,
                    -0.09617363661527634
                ],
                [
                    0.25374945998191833,
                    0.026848753914237022,
                    0.9668972492218018
                ]
            ],
            [
                [
                    0.9863635897636414,
                    -0.14203953742980957,
                    0.08313580602407455
                ],
                [
                    0.15842828154563904,
                    0.9562711715698242,
                    -0.24585755169391632
                ],
                [
                    -0.044578876346349716,
                    0.2556760311126709,
                    0.9657341241836548
                ]
            ],
            [
                [
                    0.9006667733192444,
                    -0.41374486684799194,
                    0.13272003829479218
                ],
                [
                    0.3754134178161621,
                    0.8947736024856567,
                    0.24175404012203217
                ],
                [
                    -0.21877886354923248,
                    -0.16791492700576782,
                    0.9612182378768921
                ]
            ],
            [
                [
                    0.7927255034446716,
                    -0.5993275046348572,
                    -0.111323282122612
                ],
                [
                    0.5959686636924744,
                    0.8003677129745483,
                    -0.06506132334470749
                ],
                [
                    0.12809258699417114,
                    -0.014769412577152252,
                    0.9916523098945618
                ]
            ],
            [
                [
                    0.9806453585624695,
                    -0.1567339152097702,
                    -0.11734199523925781
                ],
                [
                    0.18034254014492035,
                    0.9564154148101807,
                    0.22966507077217102
                ],
                [
                    0.07623139768838882,
                    -0.2463817447423935,
                    0.9661701321601868
                ]
            ],
            [
                [
                    0.8935755491256714,
                    -0.4416537880897522,
                    0.0804029330611229
                ],
                [
                    0.4450077414512634,
                    0.8950516581535339,
                    -0.02916650101542473
                ],
                [
                    -0.059083279222249985,
                    0.06184240058064461,
                    0.9963356256484985
                ]
            ],
            [
                [
                    0.7331404089927673,
                    -0.6341331005096436,
                    0.24572432041168213
                ],
                [
                    0.5289515852928162,
                    0.758801281452179,
                    0.38004061579704285
                ],
                [
                    -0.4274522364139557,
                    -0.14864684641361237,
                    0.8917335867881775
                ]
            ],
            [
                [
                    0.9664154052734375,
                    -0.1527591347694397,
                    -0.2066541314125061
                ],
                [
                    0.16174238920211792,
                    0.9864582419395447,
                    0.0271943137049675
                ],
                [
                    0.1997014880180359,
                    -0.05970573425292969,
                    0.9780360460281372
                ]
            ],
            [
                [
                    0.9781572818756104,
                    -0.2064780443906784,
                    0.023982664570212364
                ],
                [
                    0.17015224695205688,
                    0.8616126179695129,
                    0.47819647192955017
                ],
                [
                    -0.11940083652734756,
                    -0.46367064118385315,
                    0.8779253363609314
                ]
            ],
            [
                [
                    0.7637090086936951,
                    -0.6445600390434265,
                    0.0359298400580883
                ],
                [
                    0.645467221736908,
                    0.7614679932594299,
                    -0.05948644503951073
                ],
                [
                    0.010983160696923733,
                    0.06862186640501022,
                    0.9975823760032654
                ]
            ],
            [
                [
                    0.9984976053237915,
                    -0.027546249330043793,
                    -0.04736843332648277
                ],
                [
                    0.043695345520973206,
                    0.9218994379043579,
                    0.38495728373527527
                ],
                [
                    0.03306480124592781,
                    -0.3864487111568451,
                    0.9217180013656616
                ]
            ],
            [
                [
                    0.869243323802948,
                    -0.49272727966308594,
                    0.040445078164339066
                ],
                [
                    0.47632789611816406,
                    0.8565962910652161,
                    0.1983797401189804
                ],
                [
                    -0.13239221274852753,
                    -0.15317516028881073,
                    0.9792903661727905
                ]
            ],
            [
                [
                    0.7589271068572998,
                    -0.09856555610895157,
                    -0.6436726450920105
                ],
                [
                    -0.5142658948898315,
                    0.5156379342079163,
                    -0.6853088140487671
                ],
                [
                    0.39944988489151,
                    0.8511183261871338,
                    0.34064269065856934
                ]
            ],
            [
                [
                    0.8759675025939941,
                    -0.4013926088809967,
                    -0.26751601696014404
                ],
                [
                    0.48020660877227783,
                    0.6731805205345154,
                    0.5623429417610168
                ],
                [
                    -0.045633714646101,
                    -0.6210571527481079,
                    0.7824356555938721
                ]
            ],
            [
                [
                    0.9578994512557983,
                    0.17018181085586548,
                    -0.23122870922088623
                ],
                [
                    -0.20794515311717987,
                    0.9665603637695312,
                    -0.15006598830223083
                ],
                [
                    0.19795802235603333,
                    0.19183103740215302,
                    0.9612561464309692
                ]
            ]
        ],
        "betas": [
            -0.07575488090515137,
            -0.15785613656044006,
            -0.020887166261672974,
            -0.008005470037460327,
            0.00995585322380066,
            0.04304198548197746,
            0.03934788703918457,
            -0.015743911266326904,
            0.0013534873723983765,
            -0.03733566403388977
        ]
    },
    "pred_cam_t": [
        -0.1762179136276245,
        -0.04929416626691818,
        7.573143005371094
    ],
    "focal_length": [
        5000.0,
        5000.0
    ],
    "pred_keypoints_3d": [
        [
            0.09608909487724304,
            0.006417631637305021,
            0.006247351877391338
        ],
        [
            0.13154363632202148,
            -0.002437393646687269,
            0.018872620537877083
        ],
        [
            0.16028015315532684,
            0.002835397608578205,
            0.008905721828341484
        ],
        [
            0.1807735711336136,
            0.013497813604772091,
            -0.005420872941613197
        ],
        [
            0.20495373010635376,
            0.024806924164295197,
            -0.029702462255954742
        ],
        [
            0.18230077624320984,
            0.0008880398236215115,
            -0.02211187034845352
        ],
        [
            0.20991823077201843,
            0.011488156393170357,
            -0.03699482977390289
        ],
        [
            0.22819827497005463,
            0.023493388667702675,
            -0.04129472002387047
        ],
        [
            0.2478446066379547,
            0.037993498146533966,
            -0.03696896880865097
        ],
        [
            0.1783168911933899,
            0.01815538853406906,
            -0.04009610041975975
        ],
        [
            0.2026389241218567,
            0.03812351077795029,
            -0.04499993473291397
        ],
        [
            0.2171204537153244,
            0.05632220208644867,
            -0.0425305999815464
        ],
        [
            0.23194490373134613,
            0.07513705641031265,
            -0.032910481095314026
        ],
        [
            0.15958911180496216,
            0.03692988306283951,
            -0.04394856095314026
        ],
        [
            0.18360882997512817,
            0.05310608074069023,
            -0.045960910618305206
        ],
        [
            0.19972728192806244,
            0.0719246193766594,
            -0.0433482863008976
        ],
        [
            0.2151678204536438,
            0.08883465826511383,
            -0.03230290114879608
        ],
        [
            0.14439040422439575,
            0.05252934992313385,
            -0.04180235415697098
        ],
        [
            0.1613326221704483,
            0.06533404439687729,
            -0.04142187535762787
        ],
        [
            0.17356829345226288,
            0.07972922921180725,
            -0.038860347121953964
        ],
        [
            0.18624013662338257,
            0.09340547770261765,
            -0.029031559824943542
        ]
    ],
    "pred_vertices": [
        [
            0.14850805699825287,
            0.008170785382390022,
            0.0017335936427116394
        ],
        [
            0.13744282722473145,
            0.008745050989091396,
            0.007385179400444031
        ],
        [
            0.1454339623451233,
            0.008711290545761585,
            0.005720000714063644
        ],
        [
            0.15552441775798798,
            0.0058713024482131,
            0.0026959963142871857
        ],
        [
            0.13984742760658264,
            0.015193664468824863,
            0.02235502004623413
        ],
        [
            0.14160993695259094,
            0.00839262641966343,
            0.03215935081243515
        ],
        [
            0.15771929919719696,
            0.010891331359744072,
            0.023023471236228943
        ],
        [
            0.15309655666351318,
            0.017524883151054382,
            0.016493286937475204
        ],
        [
            0.16076640784740448,
            0.0035992986522614956,
            0.000737115740776062
        ],
        [
            0.15282456576824188,
            0.00927276536822319,
            0.004223056137561798
        ],
        [
            0.16039201617240906,
            0.0012957076542079449,
            -0.0028283949941396713
        ],
        [
            0.1677010953426361,
            -0.008806180208921432,
            -0.007937155663967133
        ],
        [
            0.1684582382440567,
            -0.0025309405755251646,
            -0.003840755671262741
        ],
        [
            0.17388148605823517,
            -0.011087309569120407,
            -0.01296759769320488
        ],
        [
            0.1604262888431549,
            -0.01608206145465374,
            -0.009888773784041405
        ],
        [
            0.16948673129081726,
            -0.014272158965468407,
            -0.02025536820292473
        ],
        [
            0.14289651811122894,
            -0.007997031323611736,
            -0.02543666400015354
        ],
        [
            0.1351669728755951,
            0.0016583409160375595,
            -0.030816251412034035
        ],
        [
            0.14949986338615417,
            0.005091024562716484,
            -0.03962421789765358
        ],
        [
            0.15624785423278809,
            -0.004417413845658302,
            -0.03257053717970848
        ],
        [
            0.1351621001958847,
            0.02023671381175518,
            -0.04079671949148178
        ],
        [
            0.14378567039966583,
            0.012073347344994545,
            -0.04081351310014725
        ],
        [
            0.12900897860527039,
            0.007955841720104218,
            -0.03286610543727875
        ],
        [
            0.12211813032627106,
            0.015587393194437027,
            -0.03309064358472824
        ],
        [
            0.13750958442687988,
            0.016442472115159035,
            -0.0019026249647140503
        ],
        [
            0.12757615745067596,
            0.0162625964730978,
            0.004349038004875183
        ],
        [
            0.13031761348247528,
            0.011961730197072029,
            0.00583232194185257
        ],
        [
            0.14061471819877625,
            0.01262237224727869,
            -0.00012933462858200073
        ],
        [
            0.16326968371868134,
            -0.0002433396875858307,
            -0.0030036233365535736
        ],
        [
            0.15765108168125153,
            -0.011888861656188965,
            0.0014089904725551605
        ],
        [
            0.15928958356380463,
            -0.0066057778894901276,
            -0.0030281897634267807
        ],
        [
            0.1625363528728485,
            0.005277701653540134,
            -0.003443058580160141
        ],
        [
            0.10469315946102142,
            0.026081983000040054,
            0.017722569406032562
        ],
        [
            0.09310609847307205,
            0.019480982795357704,
            0.020214583724737167
        ],
        [
            0.09565362334251404,
            0.01458410918712616,
            0.022535521537065506
        ],
        [
            0.10555922240018845,
            0.02133021131157875,
            0.019646193832159042
        ],
        [
            0.11488088220357895,
            0.004553820006549358,
            0.034645818173885345
        ],
        [
            0.10364081710577011,
            0.00012110848911106586,
            0.03132850304245949
        ],
        [
            0.10038512200117111,
            -0.01296180672943592,
            0.03144574537873268
        ],
        [
            0.11239355802536011,
            -0.011590713635087013,
            0.03257887065410614
        ],
        [
            0.12868867814540863,
            0.0070398529060184956,
            0.035287611186504364
        ],
        [
            0.1272842288017273,
            -0.006622625049203634,
            0.036433495581150055
        ],
        [
            0.14331558346748352,
            -0.002772720530629158,
            0.03386804461479187
        ],
        [
            0.16039541363716125,
            0.0020414763130247593,
            0.023820292204618454
        ],
        [
            0.08667681366205215,
            0.028170648962259293,
            0.013234548270702362
        ],
        [
            0.09431112557649612,
            0.034593526273965836,
            0.010776765644550323
        ],
        [
            0.21653200685977936,
            0.015555566176772118,
            -0.028306324034929276
        ],
        [
            0.21436020731925964,
            0.020471682772040367,
            -0.030660614371299744
        ],
        [
            0.21000277996063232,
            0.01829180121421814,
            -0.02802703157067299
        ],
        [
            0.2130490094423294,
            0.013672432862222195,
            -0.026460593566298485
        ],
        [
            0.08331760764122009,
            0.03003888763487339,
            -0.006705537438392639
        ],
        [
            0.08161316066980362,
            0.023356162011623383,
            -0.014107108116149902
        ],
        [
            0.0755990520119667,
            0.023511389270424843,
            -0.009929969906806946
        ],
        [
            0.07766386866569519,
            0.028163310140371323,
            -0.0019839368760585785
        ],
        [
            0.09085638076066971,
            0.032477255910634995,
            -0.012864124029874802
        ],
        [
            0.0903685912489891,
            0.02312951348721981,
            -0.019243652001023293
        ],
        [
            0.21826931834220886,
            0.006804874166846275,
            -0.037355687469244
        ],
        [
            0.2193221151828766,
            0.008223786018788815,
            -0.032525770366191864
        ],
        [
            0.21516364812850952,
            0.005400856025516987,
            -0.03182988241314888
        ],
        [
            0.21311716735363007,
            0.004429932683706284,
            -0.036597657948732376
        ],
        [
            0.16541074216365814,
            0.003228948451578617,
            -0.001361282542347908
        ],
        [
            0.15878868103027344,
            0.008742946200072765,
            -0.002257606014609337
        ],
        [
            0.18170270323753357,
            0.005624834448099136,
            -0.011177181266248226
        ],
        [
            0.17184773087501526,
            0.0070700678043067455,
            -0.008556947112083435
        ],
        [
            0.17380525171756744,
            0.0009144428186118603,
            -0.005957579240202904
        ],
        [
            0.18159829080104828,
            -0.0005509061738848686,
            -0.009340323507785797
        ],
        [
            0.15516050159931183,
            0.022159118205308914,
            -0.01597600430250168
        ],
        [
            0.14534606039524078,
            0.02007162757217884,
            -0.009818149730563164
        ],
        [
            0.14998078346252441,
            0.015734603628516197,
            -0.008243726566433907
        ],
        [
            0.16194407641887665,
            0.017258141189813614,
            -0.013672424480319023
        ],
        [
            0.13771092891693115,
            0.03173699229955673,
            -0.0124275591224432
        ],
        [
            0.14782263338565826,
            0.03256702795624733,
            -0.01865239068865776
        ],
        [
            0.14229148626327515,
            0.03906829282641411,
            -0.01940670609474182
        ],
        [
            0.13640257716178894,
            0.037920910865068436,
            -0.014102812856435776
        ],
        [
            0.16600990295410156,
            0.03090343251824379,
            -0.02843829058110714
        ],
        [
            0.17142297327518463,
            0.03109837882220745,
            -0.03271467983722687
        ],
        [
            0.17045782506465912,
            0.03451673313975334,
            -0.033250175416469574
        ],
        [
            0.16362076997756958,
            0.03353153169155121,
            -0.029253993183374405
        ],
        [
            0.06947639584541321,
            0.022613661363720894,
            -0.006393682211637497
        ],
        [
            0.07256711274385452,
            0.025444895029067993,
            0.002524159848690033
        ],
        [
            0.12256018072366714,
            0.03800790756940842,
            -0.039565008133649826
        ],
        [
            0.11773928999900818,
            0.045654162764549255,
            -0.03298363834619522
        ],
        [
            0.1274656355381012,
            0.0511120967566967,
            -0.039666637778282166
        ],
        [
            0.1300346702337265,
            0.04130853712558746,
            -0.04547948017716408
        ],
        [
            0.08412901312112808,
            0.013994891196489334,
            -0.01791170798242092
        ],
        [
            0.07674548774957657,
            0.015118258073925972,
            -0.015408370643854141
        ],
        [
            0.21581420302391052,
            0.008879192173480988,
            -0.042635247111320496
        ],
        [
            0.21029427647590637,
            0.007044668309390545,
            -0.04118196666240692
        ],
        [
            0.13900159299373627,
            -0.015290037728846073,
            0.028845135122537613
        ],
        [
            0.15962554514408112,
            -0.007123810239136219,
            0.021108273416757584
        ],
        [
            0.12105286121368408,
            -0.019067425280809402,
            0.028287243098020554
        ],
        [
            0.10837248712778091,
            -0.020719468593597412,
            0.024630539119243622
        ],
        [
            0.09820781648159027,
            -0.02250191755592823,
            0.02380862832069397
        ],
        [
            0.17270442843437195,
            0.01227986253798008,
            -0.012772491201758385
        ],
        [
            0.15055632591247559,
            0.012103484012186527,
            -0.003598645329475403
        ],
        [
            0.1346660554409027,
            0.020362546667456627,
            -0.003258001059293747
        ],
        [
            0.12250269949436188,
            0.047852858901023865,
            -0.010197952389717102
        ],
        [
            0.1141594797372818,
            0.04593953490257263,
            -0.0039496049284935
        ],
        [
            0.1223955899477005,
            0.03941015154123306,
            -0.0019740238785743713
        ],
        [
            0.12780271470546722,
            0.04208983853459358,
            -0.008364729583263397
        ],
        [
            0.11992385983467102,
            0.052245382219552994,
            -0.025826502591371536
        ],
        [
            0.12577541172504425,
            0.05264522507786751,
            -0.02039136365056038
        ],
        [
            0.13259774446487427,
            0.054502006620168686,
            -0.02569221705198288
        ],
        [
            0.12816600501537323,
            0.05529633164405823,
            -0.03170590102672577
        ],
        [
            0.1671546846628189,
            -0.005201837047934532,
            0.0003715492784976959
        ],
        [
            0.15721899271011353,
            -0.015635598450899124,
            0.006833471357822418
        ],
        [
            0.08704796433448792,
            0.033989083021879196,
            0.002451244741678238
        ],
        [
            0.0822349414229393,
            0.029758185148239136,
            0.006983466446399689
        ],
        [
            0.07537113130092621,
            0.025512730702757835,
            0.009784135967493057
        ],
        [
            0.11678266525268555,
            0.020422454923391342,
            0.012778189033269882
        ],
        [
            0.10626177489757538,
            0.018110692501068115,
            0.02135145291686058
        ],
        [
            0.10917293280363083,
            0.015241122804582119,
            0.0239761620759964
        ],
        [
            0.1177462786436081,
            0.017120782285928726,
            0.013670768588781357
        ],
        [
            0.12980109453201294,
            0.012560571543872356,
            0.0151495561003685
        ],
        [
            0.12533681094646454,
            0.013578242622315884,
            0.027032583951950073
        ],
        [
            0.14005304872989655,
            0.014886844903230667,
            0.01066557690501213
        ],
        [
            0.09788255393505096,
            0.007691371254622936,
            0.02674204483628273
        ],
        [
            0.08695930987596512,
            0.010725654661655426,
            0.026489920914173126
        ],
        [
            0.09012618660926819,
            0.0029397006146609783,
            0.029541749507188797
        ],
        [
            0.08241741359233856,
            0.01786879450082779,
            0.02150830253958702
        ],
        [
            0.07835913449525833,
            0.023410964757204056,
            0.01582023873925209
        ],
        [
            0.06832648068666458,
            0.01387997716665268,
            -0.014519773423671722
        ],
        [
            0.09345648437738419,
            -0.004587314557284117,
            0.03078422322869301
        ],
        [
            0.162295401096344,
            0.01703016459941864,
            0.012419089674949646
        ],
        [
            0.1699238419532776,
            0.017062945291399956,
            0.008299913257360458
        ],
        [
            0.16503888368606567,
            0.01764792948961258,
            0.0028322935104370117
        ],
        [
            0.1580570638179779,
            0.0169498473405838,
            0.005741678178310394
        ],
        [
            0.18164877593517303,
            -0.010919137857854366,
            -0.018975630402565002
        ],
        [
            0.18299879133701324,
            -0.006001963745802641,
            -0.012484959326684475
        ],
        [
            0.17435063421726227,
            -0.006159087643027306,
            -0.00705614872276783
        ],
        [
            0.11124850809574127,
            0.03263786435127258,
            0.010496534407138824
        ],
        [
            0.10216683894395828,
            0.03969749063253403,
            0.005175415426492691
        ],
        [
            0.1822216510772705,
            0.010411523282527924,
            -0.015984445810317993
        ],
        [
            0.2087593525648117,
            0.0019141349475830793,
            -0.0367642417550087
        ],
        [
            0.2108539193868637,
            0.0025677825324237347,
            -0.03131471574306488
        ],
        [
            0.19609010219573975,
            -0.00503016822040081,
            -0.024999428540468216
        ],
        [
            0.19458772242069244,
            -0.005465487949550152,
            -0.0315837636590004
        ],
        [
            0.18594439327716827,
            0.012466056272387505,
            -0.026484517380595207
        ],
        [
            0.1861327737569809,
            0.011132344603538513,
            -0.0199208315461874
        ],
        [
            0.1879112720489502,
            0.011684543453156948,
            -0.022649049758911133
        ],
        [
            0.18794746696949005,
            0.014389163814485073,
            -0.0285362396389246
        ],
        [
            0.163174107670784,
            0.04034757986664772,
            -0.03316845744848251
        ],
        [
            0.1573166698217392,
            0.039443597197532654,
            -0.029576387256383896
        ],
        [
            0.17032165825366974,
            0.0017484920099377632,
            -0.03737153857946396
        ],
        [
            0.17258968949317932,
            -0.010624157264828682,
            -0.0323936864733696
        ],
        [
            0.1619044542312622,
            -0.012461390346288681,
            -0.02685546875
        ],
        [
            0.15023502707481384,
            0.02763759344816208,
            -0.0173447597771883
        ],
        [
            0.15863162279129028,
            0.030151333659887314,
            -0.023139791563153267
        ],
        [
            0.15614303946495056,
            0.03327499330043793,
            -0.02425665780901909
        ],
        [
            0.17414839565753937,
            0.014928719028830528,
            -0.01664615422487259
        ],
        [
            0.18102242052555084,
            0.014180609956383705,
            -0.020526111125946045
        ],
        [
            0.1763814091682434,
            0.01691039279103279,
            -0.021639320999383926
        ],
        [
            0.16980694234371185,
            0.01809135265648365,
            -0.018302105367183685
        ],
        [
            0.10716617852449417,
            0.04081230238080025,
            -0.026725545525550842
        ],
        [
            0.10966220498085022,
            0.048845354467630386,
            -0.01859316974878311
        ],
        [
            0.21851713955402374,
            0.011283962056040764,
            -0.029095454141497612
        ],
        [
            0.21482069790363312,
            0.008840562775731087,
            -0.027916111052036285
        ],
        [
            0.14073681831359863,
            0.025469716638326645,
            -0.011241750791668892
        ],
        [
            0.1496249884366989,
            -0.013998741284012794,
            -0.01922795921564102
        ],
        [
            0.13155591487884521,
            0.024761177599430084,
            -0.004360392689704895
        ],
        [
            0.14867064356803894,
            0.03628033399581909,
            -0.04715179279446602
        ],
        [
            0.15056580305099487,
            0.04314589500427246,
            -0.04293358325958252
        ],
        [
            0.15624916553497314,
            0.044049590826034546,
            -0.04395519942045212
        ],
        [
            0.15661434829235077,
            0.03990299627184868,
            -0.04859171062707901
        ],
        [
            0.20023085176944733,
            0.0197067242115736,
            -0.035692375153303146
        ],
        [
            0.20285871624946594,
            0.019927185028791428,
            -0.030529603362083435
        ],
        [
            0.20698882639408112,
            0.021793322637677193,
            -0.0322842113673687
        ],
        [
            0.20496805012226105,
            0.02149225026369095,
            -0.0376780703663826
        ],
        [
            0.1874411553144455,
            0.007060239091515541,
            -0.015895340591669083
        ],
        [
            0.18844354152679443,
            0.001023877877742052,
            -0.013630252331495285
        ],
        [
            0.1935712844133377,
            0.003957272507250309,
            -0.017409007996320724
        ],
        [
            0.19092363119125366,
            0.008716532960534096,
            -0.0197325237095356
        ],
        [
            0.1900504231452942,
            -0.004366775043308735,
            -0.017028890550136566
        ],
        [
            0.19543352723121643,
            -0.0016038492321968079,
            -0.019770074635744095
        ],
        [
            0.1996292620897293,
            0.01576738990843296,
            -0.04082087427377701
        ],
        [
            0.20173905789852142,
            0.008981194347143173,
            -0.043317101895809174
        ],
        [
            0.18857519328594208,
            0.0040468135848641396,
            -0.03899130970239639
        ],
        [
            0.18897666037082672,
            0.011343800462782383,
            -0.035523463040590286
        ],
        [
            0.10924113541841507,
            0.010433891788125038,
            -0.026823151856660843
        ],
        [
            0.1037013903260231,
            0.020159978419542313,
            -0.027151459828019142
        ],
        [
            0.11632055044174194,
            0.02551596239209175,
            -0.03356992080807686
        ],
        [
            0.1281202882528305,
            0.03071027807891369,
            -0.04096340760588646
        ],
        [
            0.14000236988067627,
            0.03512713685631752,
            -0.046609725803136826
        ],
        [
            0.1455497145652771,
            0.024126574397087097,
            -0.04830003157258034
        ],
        [
            0.11150912940502167,
            0.032073572278022766,
            -0.032454706728458405
        ],
        [
            0.18091917037963867,
            0.010825972072780132,
            -0.03271002322435379
        ],
        [
            0.17937743663787842,
            0.001179596409201622,
            -0.03560515493154526
        ],
        [
            0.17726832628250122,
            0.006551776546984911,
            -0.03641706705093384
        ],
        [
            0.12867113947868347,
            0.031629644334316254,
            -0.005011923611164093
        ],
        [
            0.21086907386779785,
            0.005557662807404995,
            -0.027046222239732742
        ],
        [
            0.09819701313972473,
            -0.02211705967783928,
            0.001309061422944069
        ],
        [
            0.0918056070804596,
            -0.014465742744505405,
            -0.008348502218723297
        ],
        [
            0.10041444003582001,
            -0.013802251778542995,
            -0.010002652183175087
        ],
        [
            0.10818590223789215,
            -0.021822232753038406,
            0.0017000287771224976
        ],
        [
            0.20622721314430237,
            0.016229085624217987,
            -0.02582012116909027
        ],
        [
            0.2093515694141388,
            0.01099821925163269,
            -0.024259356781840324
        ],
        [
            0.1546996384859085,
            0.04508615657687187,
            -0.031567417085170746
        ],
        [
            0.16008609533309937,
            0.04481044411659241,
            -0.03506042808294296
        ],
        [
            0.1590474545955658,
            0.0467340312898159,
            -0.038390472531318665
        ],
        [
            0.15435531735420227,
            0.04971162602305412,
            -0.034650783985853195
        ],
        [
            0.10013003647327423,
            0.02480032667517662,
            -0.025892019271850586
        ],
        [
            0.1344371736049652,
            0.05555025115609169,
            -0.0414813868701458
        ],
        [
            0.13627992570400238,
            0.04643011838197708,
            -0.04739875718951225
        ],
        [
            0.09291622787714005,
            0.015108045190572739,
            -0.02152199111878872
        ],
        [
            0.09737173467874527,
            0.0063444022089242935,
            -0.02173653058707714
        ],
        [
            0.08856425434350967,
            0.0039168354123830795,
            -0.018220530822873116
        ],
        [
            0.15921366214752197,
            0.017072003334760666,
            -0.04642539471387863
        ],
        [
            0.11536818742752075,
            0.004235541447997093,
            -0.026660412549972534
        ],
        [
            0.10249759256839752,
            0.0006843861192464828,
            -0.020755022764205933
        ],
        [
            0.09220597892999649,
            -0.002498505637049675,
            -0.016527479514479637
        ],
        [
            0.0843825712800026,
            -0.004451517015695572,
            -0.014252940192818642
        ],
        [
            0.0812259241938591,
            0.0028382558375597,
            -0.016237478703260422
        ],
        [
            0.20528118312358856,
            0.004936766345053911,
            -0.041074901819229126
        ],
        [
            0.20707035064697266,
            0.011797195300459862,
            -0.04451073706150055
        ],
        [
            0.07228429615497589,
            0.0011276770383119583,
            -0.01547139510512352
        ],
        [
            0.07639474421739578,
            -0.006754588335752487,
            -0.01266348548233509
        ],
        [
            0.10821693390607834,
            -0.006117859855294228,
            -0.01820952445268631
        ],
        [
            0.11551675945520401,
            -0.013855655677616596,
            -0.01318104937672615
        ],
        [
            0.12049601972103119,
            -0.0022718235850334167,
            -0.02380990982055664
        ],
        [
            0.1285088062286377,
            -0.009700072929263115,
            -0.01984018087387085
        ],
        [
            0.16088122129440308,
            0.006390303373336792,
            -0.04586319997906685
        ],
        [
            0.2214965522289276,
            0.0229785293340683,
            -0.047940343618392944
        ],
        [
            0.21123820543289185,
            0.019331537187099457,
            -0.04523979872465134
        ],
        [
            0.21051868796348572,
            0.022991836071014404,
            -0.04078880697488785
        ],
        [
            0.22028782963752747,
            0.026285886764526367,
            -0.04557144641876221
        ],
        [
            0.20481054484844208,
            0.01785418391227722,
            -0.04240410029888153
        ],
        [
            0.2127511203289032,
            0.013768480159342289,
            -0.04590320587158203
        ],
        [
            0.13713394105434418,
            -0.01714666560292244,
            -0.01059785671532154
        ],
        [
            0.18175308406352997,
            0.016636496409773827,
            -0.025882475078105927
        ],
        [
            0.1255931258201599,
            -0.0212953332811594,
            0.0009280163794755936
        ],
        [
            0.15007226169109344,
            -0.020562514662742615,
            -0.0038505885750055313
        ],
        [
            0.14351937174797058,
            -0.02193906158208847,
            0.006508005782961845
        ],
        [
            0.11557447165250778,
            -0.024847770109772682,
            0.014614475890994072
        ],
        [
            0.13363991677761078,
            -0.02349098213016987,
            0.018090680241584778
        ],
        [
            0.09515364468097687,
            -0.025492237880825996,
            0.01305931806564331
        ],
        [
            0.10468775033950806,
            -0.02469346486032009,
            0.01231265626847744
        ],
        [
