{
    "pred_cam": [
        7.817592620849609,
        0.05867055803537369,
        -0.05783568322658539
    ],
    "pred_mano_params": {
        "global_orient": [
            [
                [
                    0.6968061327934265,
                    -0.5530409216880798,
                    0.45673510432243347
                ],
                [
                    -0.34670257568359375,
                    -0.8171463012695312,
                    -0.46050968766212463
                ],
                [
                    0.6279001832008362,
                    0.1625347137451172,
                    -0.7611332535743713
                ]
            ]
        ],
        "hand_pose": [
            [
                [
                    0.9173784255981445,
                    -0.07965859770774841,
                    -0.3899632692337036
                ],
                [
                    0.03917906433343887,
                    0.9930822849273682,
                    -0.11069124191999435
                ],
                [
                    0.39608314633369446,
                    0.08626735955476761,
                    0.9141532182693481
                ]
            ],
            [
                [
                    0.781808078289032,
                    -0.6051945686340332,
                    0.15005233883857727
                ],
                [
                    0.6228957772254944,
                    0.7473137378692627,
                    -0.23135043680667877
                ],
                [
                    0.027875849977135658,
                    0.27433857321739197,
                    0.9612290859222412
                ]
            ],
            [
                [
                    0.7955661416053772,
                    -0.6030474305152893,
                    0.05838165804743767
                ],
                [
                    0.6004454493522644,
                    0.7976402044296265,
                    0.05688118934631348
                ],
                [
                    -0.08086960762739182,
                    -0.010197742842137814,
                    0.9966726303100586
                ]
            ],
            [
                [
                    0.771337628364563,
                    -0.5792096853256226,
                    -0.26373186707496643
                ],
                [
                    0.5871789455413818,
                    0.807508647441864,
                    -0.05613117665052414
                ],
                [
                    0.24547745287418365,
                    -0.11156170815229416,
                    0.9629615545272827
                ]
            ],
            [
                [
                    0.8147083520889282,
                    -0.5455419421195984,
                    -0.19655627012252808
                ],
                [
                    0.5784368515014648,
                    0.7884058356285095,
                    0.20934920012950897
                ],
                [
                    0.04075734689831734,
                    -0.28425392508506775,
                    0.9578824043273926
                ]
            ],
            [
                [
                    0.8667215704917908,
                    -0.4752023220062256,
                    0.15158024430274963
                ],
                [
                    0.4809950888156891,
                    0.8767215013504028,
                    -0.0017728244420140982
                ],
                [
                    -0.13205121457576752,
                    0.07444590330123901,
                    0.9884434342384338
                ]
            ],
            [
                [
                    0.6774417757987976,
                    -0.7123324275016785,
                    0.18345369398593903
                ],
                [
                    0.6116368174552917,
                    0.6840433478355408,
                    0.3974734842777252
                ],
                [
                    -0.40862351655960083,
                    -0.15705806016921997,
                    0.8990882635116577
                ]
            ],
            [
                [
                    0.9542276859283447,
                    -0.2475031316280365,
                    -0.16790394484996796
                ],
                [
                    0.2783816158771515,
                    0.9402357935905457,
                    0.19611281156539917
                ],
                [
                    0.10933077335357666,
                    -0.23387764394283295,
                    0.9660993218421936
                ]
            ],
            [
                [
                    0.8979654908180237,
                    -0.3397916555404663,
                    0.27964186668395996
                ],
                [
                    0.261328786611557,
                    0.923017144203186,
                    0.2823944091796875
                ],
                [
                    -0.3540695309638977,
                    -0.18050198256969452,
                    0.917634904384613
                ]
            ],
            [
                [
                    0.7077862024307251,
                    -0.7057570219039917,
                    0.030753040686249733
                ],
                [
                    0.7064191102981567,
                    0.7069048285484314,
                    -0.03546235337853432
                ],
                [
                    0.0032883298117667437,
                    0.046824295073747635,
                    0.9988977313041687
                ]
            ],
            [
                [
                    0.9433107376098633,
                    -0.30715376138687134,
                    -0.12578319013118744
                ],
                [
                    0.33183225989341736,
                    0.8644945025444031,
                    0.37754026055336
                ],
                [
                    -0.007224028930068016,
                    -0.39787667989730835,
                    0.9174104928970337
                ]
            ],
            [
                [
                    0.8107671141624451,
                    -0.5460021495819092,
                    0.21104085445404053
                ],
                [
                    0.5031149983406067,
                    0.8342657089233398,
                    0.2255571186542511
                ],
                [
                    -0.2992188334465027,
                    -0.0766964927315712,
                    0.9510970711708069
                ]
            ],
            [
                [
                    0.9904714226722717,
                    -0.13771535456180573,
                    0.0009209361160174012
                ],
                [
                    0.040850866585969925,
                    0.28740689158439636,
                    -0.9569370746612549
                ],
                [
                    0.13152022659778595,
                    0.9478564262390137,
                    0.2902941107749939
                ]
            ],
            [
                [
                    0.9216178059577942,
                    -0.3361520767211914,
                    -0.19396498799324036
                ],
                [
                    0.38413092494010925,
                    0.7188151478767395,
                    0.579437792301178
                ],
                [
                    -0.05535426363348961,
                    -0.6085281372070312,
                    0.7915992736816406
                ]
            ],
            [
                [
                    0.9434807300567627,
                    0.27137482166290283,
                    0.19026266038417816
                ],
                [
                    -0.2662831246852875,
                    0.9624729156494141,
                    -0.052337948232889175
                ],
                [
                    -0.19732584059238434,
                    -0.0012838803231716156,
                    0.9803372025489807
                ]
            ]
        ],
        "betas": [
            0.05966785550117493,
            -0.11352038383483887,
            -0.0377158522605896,
            -0.004442542791366577,
            -0.06625151634216309,
            -0.021769892424345016,
            0.030970454216003418,
            -0.02559158205986023,
            0.011095196008682251,
            -0.0205802321434021
        ]
    },
    "pred_cam_t": [
        -0.05867055803537369,
        -0.05783568322658539,
        4.9967427253723145
    ],
    "focal_length": [
        5000.0,
        5000.0
    ],
    "pred_keypoints_3d": [
        [
            0.09543534368276596,
            0.006352675147354603,
            0.00620008260011673
        ],
        [
            0.09899915754795074,
            0.01546723023056984,
            -0.030882947146892548
        ],
        [
            0.10051169991493225,
            0.03881930187344551,
            -0.050731975585222244
        ],
        [
            0.09482502192258835,
            0.06104319542646408,
            -0.06505370885133743
        ],
        [
            0.09284447878599167,
            0.07980402559041977,
            -0.09614145755767822
        ],
        [
            0.046480536460876465,
            0.03160611912608147,
            -0.0653090551495552
        ],
        [
            0.01862320303916931,
            0.04520590603351593,
            -0.07641937583684921
        ],
        [
            0.013526378199458122,
            0.06633681803941727,
            -0.08073949813842773
        ],
        [
            0.02075197547674179,
            0.09010370075702667,
            -0.08098075538873672
        ],
        [
            0.028951719403266907,
            0.04190333932638168,
            -0.05068403109908104
        ],
        [
            0.015577644109725952,
            0.069613516330719,
            -0.0581853985786438
        ],
        [
            0.022306598722934723,
            0.09186025708913803,
            -0.05880752578377724
        ],
        [
            0.03695918619632721,
            0.11238285899162292,
            -0.06260503083467484
        ],
        [
            0.028663285076618195,
            0.05013298615813255,
            -0.02539389580488205
        ],
        [
            0.021430782973766327,
            0.0749371275305748,
            -0.03815217316150665
        ],
        [
            0.026657961308956146,
            0.09900689870119095,
            -0.040721774101257324
        ],
        [
            0.041164983063936234,
            0.11794216185808182,
            -0.047870371490716934
        ],
        [
            0.033380620181560516,
            0.058055344969034195,
            -0.00574001669883728
        ],
        [
            0.030201654881238937,
            0.07732303440570831,
            -0.01369034219533205
        ],
        [
            0.033918097615242004,
            0.09550100564956665,
            -0.017398104071617126
        ],
        [
            0.043739840388298035,
            0.10913002490997314,
            -0.025547323748469353
        ]
    ],
    "pred_vertices": [
        [
            0.07759574055671692,
            0.030322622507810593,
            -0.04015347361564636
        ],
        [
            0.08475008606910706,
            0.027847770601511,
            -0.03290975093841553
        ],
        [
            0.08529666066169739,
            0.03317732736468315,
            -0.039921995252370834
        ],
        [
            0.07862746715545654,
            0.03292687609791756,
            -0.048447173088788986
        ],
        [
            0.10279333591461182,
            0.03444584086537361,
            -0.02568811923265457
        ],
        [
            0.11331691592931747,
            0.02937585674226284,
            -0.02835962176322937
        ],
        [
            0.11051593720912933,
            0.040842585265636444,
            -0.03942008689045906
        ],
        [
            0.10266939550638199,
            0.044376008212566376,
            -0.034405022859573364
        ],
        [
            0.07881931215524673,
            0.03484497219324112,
            -0.054454393684864044
        ],
        [
            0.08608438074588776,
            0.03835293650627136,
            -0.045378126204013824
        ],
        [
            0.07967030256986618,
            0.034480202943086624,
            -0.05578494071960449
        ],
        [
            0.06898586452007294,
            0.024365339428186417,
            -0.06391312181949615
        ],
        [
            0.07050687819719315,
            0.02950267121195793,
            -0.061445653438568115
        ],
        [
            0.0606304332613945,
            0.022066287696361542,
            -0.06774143129587173
        ],
        [
            0.06943801045417786,
            0.014451136812567711,
            -0.06032513082027435
        ],
        [
            0.05491055175662041,
            0.015892842784523964,
            -0.06358958780765533
        ],
        [
            0.05442073941230774,
            0.007424056529998779,
            -0.034960128366947174
        ],
        [
            0.05034384876489639,
            0.01136394590139389,
            -0.02240815758705139
        ],
        [
            0.0378996878862381,
            0.01861501857638359,
            -0.03157971799373627
        ],
        [
            0.04396786168217659,
            0.014550833031535149,
            -0.04332493245601654
        ],
        [
            0.03916556015610695,
            0.025968199595808983,
            -0.012251082807779312
        ],
        [
            0.03767312318086624,
            0.02226203866302967,
            -0.02332524210214615
        ],
        [
            0.04948859289288521,
            0.014011327177286148,
            -0.013894665986299515
        ],
        [
            0.05041952803730965,
            0.017887454479932785,
            -0.004526659846305847
        ],
        [
            0.07591727375984192,
            0.03085745871067047,
            -0.02406049519777298
        ],
        [
            0.08349540084600449,
            0.027847737073898315,
            -0.01750466600060463
        ],
        [
            0.08357895910739899,
            0.025959426537156105,
            -0.023593470454216003
        ],
        [
            0.07688908278942108,
            0.029507210478186607,
            -0.0296315997838974
        ],
        [
            0.08875377476215363,
            0.03832167387008667,
            -0.05951714888215065
        ],
        [
            0.08720303326845169,
            0.022241683676838875,
            -0.05870220810174942
        ],
        [
            0.08135589957237244,
            0.027338257059454918,
            -0.05847480893135071
        ],
        [
            0.08714129030704498,
            0.04255072772502899,
            -0.056150395423173904
        ],
        [
            0.10245277732610703,
            0.029318373650312424,
            0.005168884992599487
        ],
        [
            0.10844314843416214,
            0.019208358600735664,
            0.011829689145088196
        ],
        [
            0.11023053526878357,
            0.01621178537607193,
            0.007051955908536911
        ],
        [
            0.10395155847072601,
            0.025589391589164734,
            0.0019339732825756073
        ],
        [
            0.11536431312561035,
            0.014930319041013718,
            -0.013284359127283096
        ],
        [
            0.11689545214176178,
            0.007092377170920372,
            -0.0068507120013237
        ],
        [
            0.11972527205944061,
            -0.005272343754768372,
            -0.010006293654441833
        ],
        [
            0.11771179735660553,
            0.0005757324397563934,
            -0.01858941838145256
        ],
        [
            0.11388242244720459,
            0.022260043770074844,
            -0.021128293126821518
        ],
        [
            0.11824920028448105,
            0.010976403951644897,
            -0.026766065508127213
        ],
        [
            0.11733727157115936,
            0.020965134724974632,
            -0.03452349454164505
        ],
        [
            0.11353228986263275,
            0.03499244898557663,
            -0.0456794872879982
        ],
        [
            0.10273689031600952,
            0.022973557934165,
            0.02260316163301468
        ],
        [
            0.09789970517158508,
            0.03131028264760971,
            0.019294817000627518
        ],
        [
            0.02728796750307083,
            0.05380067229270935,
            -0.08081480115652084
        ],
        [
            0.026041049510240555,
            0.05612432211637497,
            -0.07541149109601974
        ],
        [
            0.028973449021577835,
            0.053832560777664185,
            -0.07487925887107849
        ],
        [
            0.02948148176074028,
            0.0518241748213768,
            -0.08027749508619308
        ],
        [
            0.08443504571914673,
            0.019534163177013397,
            0.03023669123649597
        ],
        [
            0.07836047559976578,
            0.01155349612236023,
            0.03019789606332779
        ],
        [
            0.08387141674757004,
            0.010000411421060562,
            0.034658320248126984
        ],
        [
            0.09054310619831085,
            0.01643628254532814,
            0.03338968753814697
        ],
        [
            0.0764206275343895,
            0.023627351969480515,
            0.02596200816333294
        ],
        [
            0.0712209939956665,
            0.013996358960866928,
            0.02351360395550728
        ],
        [
            0.0172450952231884,
            0.04713739454746246,
            -0.0849829688668251
        ],
        [
            0.02171441540122032,
            0.049432575702667236,
            -0.08624696731567383
        ],
        [
            0.02333926595747471,
            0.04513348639011383,
            -0.0850314348936081
        ],
        [
            0.019443964585661888,
            0.04226500540971756,
            -0.08261580765247345
        ],
        [
            0.07154332101345062,
            0.032239895313978195,
            -0.055570684373378754
        ],
        [
            0.07116863131523132,
            0.033384811133146286,
            -0.0465170182287693
        ],
        [
            0.05599445477128029,
            0.0380437858402729,
            -0.06568643450737
        ],
        [
            0.06178080663084984,
            0.03565960004925728,
            -0.05664515495300293
        ],
        [
            0.06452163308858871,
            0.032032158225774765,
            -0.0622042715549469
        ],
        [
            0.058422334492206573,
            0.03307751938700676,
            -0.06899917125701904
        ],
        [
            0.05769892409443855,
            0.040414053946733475,
            -0.03362660109996796
        ],
        [
            0.06627768278121948,
            0.03566073626279831,
            -0.027255814522504807
        ],
        [
            0.06688658893108368,
            0.03412042558193207,
            -0.03371518850326538
        ],
        [
            0.05852881819009781,
            0.03931450471282005,
            -0.04214843362569809
        ],
        [
            0.0648251473903656,
            0.042346544563770294,
            -0.014949597418308258
        ],
        [
            0.05622364580631256,
            0.04607908055186272,
            -0.02211926318705082
        ],
        [
            0.056405916810035706,
            0.0493689589202404,
            -0.014269115403294563
        ],
        [
            0.06307452917098999,
            0.04694521427154541,
            -0.010732557624578476
        ],
        [
            0.04254210367798805,
            0.050124842673540115,
            -0.036900848150253296
        ],
        [
            0.03755021467804909,
            0.05155547708272934,
            -0.04076924920082092
        ],
        [
            0.03684772923588753,
            0.054363902658224106,
            -0.03797345608472824
        ],
        [
            0.042103566229343414,
            0.05138254538178444,
            -0.03334685415029526
        ],
        [
            0.08888435363769531,
            0.007349193096160889,
            0.03887724503874779
        ],
        [
            0.09636792540550232,
            0.01276974007487297,
            0.03571435436606407
        ],
        [
            0.042075902223587036,
            0.036647919565439224,
            0.0063674356788396835
        ],
        [
            0.049053438007831573,
            0.04255704954266548,
            0.012604109942913055
        ],
        [
            0.039624057710170746,
            0.05016603693366051,
            0.007966650649905205
        ],
        [
            0.033995699137449265,
            0.04153946042060852,
            0.0025083981454372406
        ],
        [
            0.07486110925674438,
            0.0036201179027557373,
            0.024620726704597473
        ],
        [
            0.07904789596796036,
            0.002043548971414566,
            0.031017839908599854
        ],
        [
            0.013115361332893372,
            0.04651143029332161,
            -0.08031859248876572
        ],
        [
            0.015842707827687263,
            0.04194502905011177,
            -0.07762274146080017
        ],
        [
            0.11346038430929184,
            0.008456457406282425,
            -0.03912424296140671
        ],
        [
            0.1112593337893486,
            0.027431394904851913,
            -0.0515502393245697
        ],
        [
            0.11335599422454834,
            -0.0033964253962039948,
            -0.02754456177353859
        ],
        [
            0.11214953660964966,
            -0.010407481342554092,
            -0.01844218745827675
        ],
        [
            0.1138812005519867,
            -0.015786010771989822,
            -0.011166013777256012
        ],
        [
            0.05704500526189804,
            0.03967035189270973,
            -0.054105471819639206
        ],
        [
            0.07144222408533096,
            0.032309047877788544,
            -0.03722614049911499
        ],
        [
            0.07520526647567749,
            0.0327884815633297,
            -0.019263513386249542
        ],
        [
            0.06954795122146606,
            0.05069785937666893,
            0.004966214299201965
        ],
        [
            0.07780793309211731,
            0.04675377905368805,
            0.010097231715917587
        ],
        [
            0.07812274247407913,
            0.044740695506334305,
            -0.00033310428261756897
        ],
        [
            0.0704139769077301,
            0.048131491988897324,
            -0.0025487057864665985
        ],
        [
            0.054839588701725006,
            0.050594598054885864,
            0.012244857847690582
        ],
        [
            0.058557722717523575,
            0.05432814732193947,
            0.006309403106570244
        ],
        [
            0.051663100719451904,
            0.05770713835954666,
            0.0023595113307237625
        ],
        [
            0.04683127626776695,
            0.055501751601696014,
            0.007711650803685188
        ],
        [
            0.09458328783512115,
            0.03629102185368538,
            -0.06369049847126007
        ],
        [
            0.0939888283610344,
            0.019074279814958572,
            -0.05881020054221153
        ],
        [
            0.0918717011809349,
            0.026246430352330208,
            0.026960216462612152
        ],
        [
            0.09778228402137756,
            0.021384742110967636,
            0.028374508023262024
        ],
        [
            0.10257013142108917,
            0.015340268611907959,
            0.03191286325454712
        ],
        [
            0.09372016787528992,
            0.028119303286075592,
            -0.007357411086559296
        ],
        [
            0.10503378510475159,
            0.02301979623734951,
            -0.0003609992563724518
        ],
        [
            0.10574578493833542,
            0.021512262523174286,
            -0.004397682845592499
        ],
        [
            0.09314607083797455,
            0.025540601462125778,
            -0.01038680225610733
        ],
        [
            0.09204031527042389,
            0.027473870664834976,
            -0.023760966956615448
        ],
        [
            0.10339677333831787,
            0.025935973972082138,
            -0.017453715205192566
        ],
        [
            0.09183037281036377,
            0.0356103852391243,
            -0.02987658977508545
        ],
        [
            0.11375737190246582,
            0.011359885334968567,
            0.0015501156449317932
        ],
        [
            0.11674196273088455,
            0.010051555931568146,
            0.012063667178153992
        ],
        [
            0.11937154829502106,
            0.004874534904956818,
            0.005372665822505951
        ],
        [
            0.11259746551513672,
            0.013638883829116821,
            0.02013155072927475
        ],
        [
            0.10774896293878555,
            0.015839628875255585,
            0.02721334621310234
        ],
        [
            0.08213669061660767,
            -0.0023438632488250732,
            0.03758251667022705
        ],
        [
            0.12030068039894104,
            -0.00030351802706718445,
            -0.000986531376838684
        ],
        [
            0.10233936458826065,
            0.050119586288928986,
            -0.0423290990293026
        ],
        [
            0.10167795419692993,
            0.055243752896785736,
            -0.049285441637039185
        ],
        [
            0.09467452764511108,
            0.05397242307662964,
            -0.0480310320854187
        ],
        [
            0.09446693956851959,
            0.04886088892817497,
            -0.04218856245279312
        ],
        [
            0.050901081413030624,
            0.022751661017537117,
            -0.07209385186433792
        ],
        [
            0.055718399584293365,
            0.028636455535888672,
            -0.07235929369926453
        ],
        [
            0.06499392539262772,
            0.02691970020532608,
            -0.06652171164751053
        ],
        [
            0.09346343576908112,
            0.03651386499404907,
            0.003843490034341812
        ],
        [
            0.09012415260076523,
            0.03801845386624336,
            0.015874583274126053
        ],
        [
            0.050825200974941254,
            0.04125123843550682,
            -0.0627308189868927
        ],
        [
            0.021135808899998665,
            0.03807594254612923,
            -0.08084744215011597
        ],
        [
            0.02554546296596527,
            0.041006945073604584,
            -0.08379387110471725
        ],
        [
            0.03728707134723663,
            0.030590400099754333,
            -0.07820702344179153
        ],
        [
            0.03215792775154114,
            0.027474919334053993,
            -0.0751129686832428
        ],
        [
            0.03920838236808777,
            0.041449353098869324,
            -0.06174527853727341
        ],
        [
            0.04499161243438721,
            0.04217319190502167,
            -0.06425098329782486
        ],
        [
            0.04142533615231514,
            0.042358431965112686,
            -0.06423092633485794
        ],
        [
            0.03591440990567207,
            0.04266327992081642,
            -0.06085542216897011
        ],
        [
            0.03825373947620392,
            0.05654207989573479,
            -0.029019538313150406
        ],
        [
            0.04299364984035492,
            0.053932998329401016,
            -0.025141635909676552
        ],
        [
            0.03516889736056328,
            0.024386143311858177,
            -0.05163651332259178
        ],
        [
            0.0411602258682251,
            0.015757516026496887,
            -0.06011582911014557
        ],
        [
            0.04946519434452057,
            0.012155523523688316,
            -0.053994856774806976
        ],
        [
            0.057231783866882324,
            0.042963121086359024,
            -0.026654589921236038
        ],
        [
            0.04936017841100693,
            0.047543685883283615,
            -0.03171548992395401
        ],
        [
            0.04870433360338211,
            0.04906626045703888,
            -0.027930017560720444
        ],
        [
            0.05271172523498535,
            0.04178395867347717,
            -0.05336960777640343
        ],
        [
            0.046889275312423706,
            0.04297248646616936,
            -0.05885504558682442
        ],
        [
            0.04712050035595894,
            0.04339401423931122,
            -0.05352623760700226
        ],
        [
            0.05198058858513832,
            0.042404983192682266,
            -0.047735054045915604
        ],
        [
            0.05825522541999817,
            0.03511269390583038,
            0.018306251615285873
        ],
        [
            0.06472653150558472,
            0.044739775359630585,
            0.018121350556612015
        ],
        [
            0.025547225028276443,
            0.05165160074830055,
            -0.08472635596990585
        ],
        [
            0.027368102222681046,
            0.04860670119524002,
            -0.08405837416648865
        ],
        [
            0.06567477434873581,
            0.038274455815553665,
            -0.020583346486091614
        ],
        [
            0.059911228716373444,
            0.007334522902965546,
            -0.04601667821407318
        ],
        [
            0.07464765012264252,
            0.03517012298107147,
            -0.014333412051200867
        ],
        [
            0.028386250138282776,
            0.0448475256562233,
            -0.015721704810857773
        ],
        [
            0.03156866878271103,
            0.052693575620651245,
            -0.015129994601011276
        ],
        [
            0.02941376343369484,
            0.055669382214546204,
            -0.019232910126447678
        ],
        [
            0.02517147921025753,
            0.0513799786567688,
            -0.02060723677277565
        ],
        [
            0.024581080302596092,
            0.04944537207484245,
            -0.06478293985128403
        ],
        [
            0.028043653815984726,
            0.05226297676563263,
            -0.0683618038892746
        ],
        [
            0.02607627585530281,
            0.05417020991444588,
            -0.06934790313243866
        ],
        [
            0.021567024290561676,
            0.05189606919884682,
            -0.06630223989486694
        ],
        [
            0.04834432899951935,
            0.040317874401807785,
            -0.06853135675191879
        ],
        [
            0.05068010091781616,
            0.03599492087960243,
            -0.07287504523992538
        ],
        [
            0.04427637159824371,
            0.039571668952703476,
            -0.07424086332321167
        ],
        [
            0.042928241193294525,
            0.041879329830408096,
            -0.06906303018331528
        ],
        [
            0.04729890823364258,
            0.0311959907412529,
            -0.07571454346179962
        ],
        [
            0.04187646135687828,
            0.034863367676734924,
            -0.07764031738042831
        ],
        [
            0.02028258517384529,
            0.04470314830541611,
            -0.0646083801984787
        ],
        [
            0.017358986660838127,
            0.03964553028345108,
            -0.06930506974458694
        ],
        [
            0.027290932834148407,
            0.0309650469571352,
            -0.06294688582420349
        ],
        [
            0.029580067843198776,
            0.03810327127575874,
            -0.06055503338575363
        ],
        [
            0.0601741187274456,
            0.009180311113595963,
            0.003088325262069702
        ],
        [
            0.06048489362001419,
            0.015420928597450256,
            0.012246958911418915
        ],
        [
            0.050617337226867676,
            0.024172000586986542,
            0.004972532391548157
        ],
        [
            0.03995242714881897,
            0.03228507190942764,
            -0.0014916695654392242
        ],
        [
            0.03093673475086689,
            0.040096674114465714,
            -0.00875977985560894
        ],
        [
            0.028864379972219467,
            0.032367341220378876,
            -0.018114032223820686
        ],
        [
            0.05236474424600601,
            0.02815435826778412,
            0.011834770441055298
        ],
        [
            0.03522009402513504,
            0.037720054388046265,
            -0.05798584222793579
        ],
        [
            0.034348126500844955,
            0.027028514072299004,
            -0.05937270447611809
        ],
        [
            0.03313375636935234,
            0.03196859359741211,
            -0.05591537803411484
        ],
        [
            0.07422936707735062,
            0.0399065837264061,
            -0.008624553680419922
        ],
        [
            0.0292503722012043,
            0.04474173113703728,
            -0.08349712938070297
        ],
        [
            0.09240351617336273,
            -0.019027475267648697,
            -0.0072793737053871155
        ],
        [
            0.08430653810501099,
            -0.01658589392900467,
            0.0034820474684238434
        ],
        [
            0.08043554425239563,
            -0.012742061167955399,
            -0.0033861882984638214
        ],
        [
            0.09020017832517624,
            -0.014567382633686066,
            -0.015902414917945862
        ],
        [
            0.030994871631264687,
            0.052110083401203156,
            -0.07463794946670532
        ],
        [
            0.0318804532289505,
            0.04935196787118912,
            -0.0802222341299057
        ],
        [
            0.04142510145902634,
            0.05754169076681137,
            -0.01993672549724579
        ],
        [
            0.036940984427928925,
            0.058999571949243546,
            -0.02398688904941082
        ],
        [
            0.033980946987867355,
            0.059801604598760605,
            -0.02149033546447754
        ],
        [
            0.03835679590702057,
            0.061201147735118866,
            -0.016944654285907745
        ],
        [
            0.062213122844696045,
            0.018265094608068466,
            0.017138414084911346
        ],
        [
            0.036021359264850616,
            0.056870993226766586,
            0.00429251603782177
        ],
        [
            0.030327817425131798,
            0.048612914979457855,
            -0.00037998706102371216
        ],
        [
            0.06905998289585114,
            0.007554888725280762,
            0.018226880580186844
        ],
        [
            0.06841367483139038,
            0.0016165487468242645,
            0.010539136826992035
        ],
        [
            0.07421991974115372,
            -0.0035127997398376465,
            0.01639370247721672
        ],
        [
            0.028044283390045166,
            0.03201092779636383,
            -0.03339052200317383
        ],
        [
            0.059267714619636536,
            0.0062606967985630035,
            -0.004976429045200348
        ],
        [
            0.06849516183137894,
            -0.0010809339582920074,
            0.0034158453345298767
        ],
        [
            0.07542742043733597,
            -0.007346723228693008,
            0.010083075612783432
        ],
        [
            0.07974253594875336,
            -0.011904563754796982,
            0.015521332621574402
        ],
        [
            0.07809766381978989,
            -0.0071152374148368835,
            0.02186160907149315
        ],
        [
            0.01830158941447735,
            0.038094568997621536,
            -0.07517851889133453
        ],
        [
            0.013821020722389221,
            0.0439864881336689,
            -0.07126230001449585
        ],
        [
            0.0812537893652916,
            -0.012160126119852066,
            0.02867645025253296
        ],
        [
            0.08349902927875519,
            -0.01692364364862442,
            0.021079424768686295
        ],
        [
            0.07003331929445267,
            -0.004225872457027435,
            -0.005067460238933563
        ],
        [
            0.07345139980316162,
            -0.006989732384681702,
            -0.01611219346523285
        ],
        [
            0.0611654594540596,
            0.0031700655817985535,
            -0.012859467417001724
        ],
        [
            0.06349755823612213,
            0.0008328594267368317,
            -0.02415892481803894
        ],
        [
            0.028842829167842865,
            0.02311992086470127,
            -0.039653271436691284
        ],
        [
            0.008166644722223282,
            0.061608292162418365,
            -0.07460428774356842
        ],
        [
            0.012457852251827717,
            0.05222819000482559,
            -0.06980641931295395
        ],
        [
            0.01744876243174076,
            0.05482661724090576,
            -0.06831948459148407
        ],
        [
            0.011180596426129341,
            0.06298122555017471,
            -0.07182063907384872
        ],
        [
            0.017028970643877983,
            0.04823334515094757,
            -0.06667651236057281
        ],
        [
            0.011010268703103065,
            0.04871878772974014,
            -0.07403071224689484
        ],
        [
            0.07145711779594421,
            0.0007421784102916718,
            -0.03803294897079468
        ],
        [
            0.04134509712457657,
            0.044514644891023636,
            -0.05774324759840965
        ],
        [
            0.0857187882065773,
            -0.006087586283683777,
            -0.0314459428191185
        ],
        [
            0.07836345583200455,
            0.007067006081342697,
            -0.05380147695541382
        ],
        [
            0.09058558195829391,
            0.004237528890371323,
            -0.048857953399419785
        ],
        [
            0.10159662365913391,
            -0.012152519077062607,
            -0.025055821985006332
        ],
        [
            0.10346174985170364,
            -0.0015907809138298035,
            -0.040058739483356476
        ],
        [
            0.1047263890504837,
            -0.02120865508913994,
            -0.008251890540122986
        ],
        [
            0.10157601535320282,
            -0.016919970512390137,
            -0.015674281865358353
        ],
        [
            0.10444837808609009,
