{
    "pred_cam": [
        5.3679609298706055,
        -0.1670941561460495,
        -0.038989752531051636
    ],
    "pred_mano_params": {
        "global_orient": [
            [
                [
                    -0.8703142404556274,
                    -0.3470575213432312,
                    0.34943416714668274
                ],
                [
                    -0.027246424928307533,
                    -0.6744991540908813,
                    -0.7377727031707764
                ],
                [
                    0.49174264073371887,
                    -0.6516148447990417,
                    0.5775701403617859
                ]
            ]
        ],
        "hand_pose": [
            [
                [
                    0.920897364616394,
                    -0.31178298592567444,
                    -0.2339644432067871
                ],
                [
                    0.2952810227870941,
                    0.9497923851013184,
                    -0.10345830023288727
                ],
                [
                    0.2544741630554199,
                    0.026189221069216728,
                    0.9667249321937561
                ]
            ],
            [
                [
                    0.95854252576828,
                    -0.2667768597602844,
                    0.10013175755739212
                ],
                [
                    0.2827627956867218,
                    0.933975875377655,
                    -0.2184818983078003
                ],
                [
                    -0.0352347232401371,
                    0.23773770034313202,
                    0.9706901907920837
                ]
            ],
            [
                [
                    0.8044578433036804,
                    -0.5780274271965027,
                    0.13686449825763702
                ],
                [
                    0.5416218638420105,
                    0.8083842992782593,
                    0.2305656522512436
                ],
                [
                    -0.24391235411167145,
                    -0.11135153472423553,
                    0.9633833765983582
                ]
            ],
            [
                [
                    0.673128068447113,
                    -0.7293933629989624,
                    -0.12199990451335907
                ],
                [
                    0.7294397950172424,
                    0.6820036172866821,
                    -0.0528072789311409
                ],
                [
                    0.12172165513038635,
                    -0.05344553291797638,
                    0.9911242723464966
                ]
            ],
            [
                [
                    0.9906988739967346,
                    -0.08773905783891678,
                    -0.10400839149951935
                ],
                [
                    0.10866659134626389,
                    0.9701841473579407,
                    0.21664342284202576
                ],
                [
                    0.08189917355775833,
                    -0.2259305864572525,
                    0.9706946611404419
                ]
            ],
            [
                [
                    0.8660558462142944,
                    -0.4959053099155426,
                    0.06344463676214218
                ],
                [
                    0.49714234471321106,
                    0.8676580786705017,
                    -0.004362816922366619
                ],
                [
                    -0.052884701639413834,
                    0.035319454967975616,
                    0.9979758858680725
                ]
            ],
            [
                [
                    0.7070271968841553,
                    -0.6400680541992188,
                    0.30070820450782776
                ],
                [
                    0.535517692565918,
                    0.7623030543327332,
                    0.3634761571884155
                ],
                [
                    -0.46188023686408997,
                    -0.09595296531915665,
                    0.8817367553710938
                ]
            ],
            [
                [
                    0.9576002955436707,
                    -0.21072310209274292,
                    -0.19646236300468445
                ],
                [
                    0.24477151036262512,
                    0.9547324180603027,
                    0.16903531551361084
                ],
                [
                    0.15194933116436005,
                    -0.20995664596557617,
                    0.9658310413360596
                ]
            ],
            [
                [
                    0.9294456243515015,
                    -0.3688466548919678,
                    0.009113344363868237
                ],
                [
                    0.3262668251991272,
                    0.8331817388534546,
                    0.44649529457092285
                ],
                [
                    -0.17228136956691742,
                    -0.41201967000961304,
                    0.89473956823349
                ]
            ],
            [
                [
                    0.6961308121681213,
                    -0.7153493762016296,
                    0.06063894182443619
                ],
                [
                    0.7178407311439514,
                    0.6947858333587646,
                    -0.04446692392230034
                ],
                [
                    -0.010321690700948238,
                    0.07448390126228333,
                    0.997168779373169
                ]
            ],
            [
                [
                    0.990860641002655,
                    -0.1247280016541481,
                    -0.051363617181777954
                ],
                [
                    0.13480716943740845,
                    0.9023137092590332,
                    0.4094594120979309
                ],
                [
                    -0.004724958911538124,
                    -0.41264134645462036,
                    0.9108813405036926
                ]
            ],
            [
                [
                    0.8203598856925964,
                    -0.571800947189331,
                    -0.007313293404877186
                ],
                [
                    0.5571403503417969,
                    0.7963137626647949,
                    0.23553986847400665
                ],
                [
                    -0.12885823845863342,
                    -0.1973019540309906,
                    0.9718372821807861
                ]
            ],
            [
                [
                    0.7725891470909119,
                    -0.012968629598617554,
                    -0.6347739100456238
                ],
                [
                    -0.5357823371887207,
                    0.5231088995933533,
                    -0.6627929210662842
                ],
                [
                    0.34065136313438416,
                    0.8521671891212463,
                    0.3971998989582062
                ]
            ],
            [
                [
                    0.84388667345047,
                    -0.43803173303604126,
                    -0.3098122179508209
                ],
                [
                    0.5364939570426941,
                    0.6830813884735107,
                    0.4955543875694275
                ],
                [
                    -0.005441569723188877,
                    -0.5844040513038635,
                    0.8114446401596069
                ]
            ],
            [
                [
                    0.890194833278656,
                    0.10658743977546692,
                    -0.4429360628128052
                ],
                [
                    -0.22006027400493622,
                    0.9519020915031433,
                    -0.21320390701293945
                ],
                [
                    0.3989068865776062,
                    0.2872656285762787,
                    0.8708339929580688
                ]
            ]
        ],
        "betas": [
            -0.03792154788970947,
            -0.14049774408340454,
            -0.0017385482788085938,
            -0.01384231448173523,
            0.0365813672542572,
            0.03528806194663048,
            0.06458106637001038,
            0.0019199103116989136,
            0.00369417667388916,
            -0.024131178855895996
        ]
    },
    "pred_cam_t": [
        -0.1670941561460495,
        -0.038989752531051636,
        7.276971817016602
    ],
    "focal_length": [
        5000.0,
        5000.0
    ],
    "pred_keypoints_3d": [
        [
            0.09591273218393326,
            0.00640098936855793,
            0.006229570135474205
        ],
        [
            0.13129113614559174,
            -0.0015994859859347343,
            0.01941092498600483
        ],
        [
            0.1604708582162857,
            -0.00016778288409113884,
            0.009633270092308521
        ],
        [
            0.180990070104599,
            0.008842391893267632,
            -0.005660712718963623
        ],
        [
            0.19860656559467316,
            0.023041602224111557,
            -0.03327663987874985
        ],
        [
            0.18172518908977509,
            -0.0028725210577249527,
            -0.02186797745525837
        ],
        [
            0.2095041573047638,
            0.006598139181733131,
            -0.03708058223128319
        ],
        [
            0.22714756429195404,
            0.01987536810338497,
            -0.03975612297654152
        ],
        [
            0.24228234589099884,
            0.03669166937470436,
            -0.030010150745511055
        ],
        [
            0.17780812084674835,
            0.012555143795907497,
            -0.041408635675907135
        ],
        [
            0.20077189803123474,
            0.03442873805761337,
            -0.043648067861795425
        ],
        [
            0.21417725086212158,
            0.05337405949831009,
            -0.041134513914585114
        ],
        [
            0.22625213861465454,
            0.07330524176359177,
            -0.030255258083343506
        ],
        [
            0.15929672122001648,
            0.031041810289025307,
            -0.04697477072477341
        ],
        [
            0.18300120532512665,
            0.0476505383849144,
            -0.048041075468063354
        ],
        [
            0.19746553897857666,
            0.06721548736095428,
            -0.04297523573040962
        ],
        [
            0.20814794301986694,
            0.08442070335149765,
            -0.027763552963733673
        ],
        [
            0.14430706202983856,
            0.04692965745925903,
            -0.04627934843301773
        ],
        [
            0.16177862882614136,
            0.058900076895952225,
            -0.04703101888298988
        ],
        [
            0.1737048625946045,
            0.07320890575647354,
            -0.04319750517606735
        ],
        [
            0.18299734592437744,
            0.08565030246973038,
            -0.030630478635430336
        ]
    ],
    "pred_vertices": [
        [
            0.14841310679912567,
            0.006848888471722603,
            0.001300174742937088
        ],
        [
            0.1376810222864151,
            0.008037782274186611,
            0.006805110722780228
        ],
        [
            0.14597268402576447,
            0.007104877382516861,
            0.005247857421636581
        ],
        [
            0.15557466447353363,
            0.004234333522617817,
            0.002504367381334305
        ],
        [
            0.14077168703079224,
            0.015199494548141956,
            0.0211058109998703
        ],
        [
            0.14217698574066162,
            0.009309363551437855,
            0.03168335556983948
        ],
        [
            0.15853315591812134,
            0.009703838266432285,
            0.0226534903049469
        ],
        [
            0.15410065650939941,
            0.015864305198192596,
            0.015372522175312042
        ],
        [
            0.160848468542099,
            0.0012077940627932549,
            0.0009122602641582489
        ],
        [
            0.15338121354579926,
            0.006875516846776009,
            0.003893297165632248
        ],
        [
            0.16033099591732025,
            -0.0019101437646895647,
            -0.0021721255034208298
        ],
        [
            0.16727511584758759,
            -0.011703494004905224,
            -0.0065409112721681595
        ],
        [
            0.16816654801368713,
            -0.004882345907390118,
            -0.003181537613272667
        ],
        [
            0.17332881689071655,
            -0.01419483870267868,
            -0.011466439813375473
        ],
        [
            0.15975159406661987,
            -0.018970470875501633,
            -0.0076955705881118774
        ],
        [
            0.168853297829628,
            -0.017964046448469162,
            -0.018429769203066826
        ],
        [
            0.14227358996868134,
            -0.011592982336878777,
            -0.024134010076522827
        ],
        [
            0.1346646249294281,
            -0.0024220552295446396,
            -0.030422398820519447
        ],
        [
            0.14912091195583344,
            -0.00010730139911174774,
            -0.03990456461906433
        ],
        [
            0.15574318170547485,
            -0.008942201733589172,
            -0.03185557946562767
        ],
        [
            0.13487225770950317,
            0.015063636936247349,
            -0.042309317737817764
        ],
        [
            0.14343829452991486,
            0.006825312040746212,
            -0.041617780923843384
        ],
        [
            0.12857045233249664,
            0.0037126485258340836,
            -0.03302663564682007
        ],
        [
            0.12176550924777985,
            0.011364990845322609,
            -0.03394913300871849
        ],
        [
            0.13734924793243408,
            0.015052532777190208,
            -0.0030784718692302704
        ],
        [
            0.12749308347702026,
            0.015667825937271118,
            0.003163110464811325
        ],
        [
            0.13028712570667267,
            0.011505529284477234,
            0.004992865025997162
        ],
        [
            0.14045317471027374,
            0.011366533115506172,
            -0.0009655281901359558
        ],
        [
            0.1633327305316925,
            -0.004093483090400696,
            -0.0018092915415763855
        ],
        [
            0.1572680026292801,
            -0.014512653462588787,
            0.003454873338341713
        ],
        [
            0.15903043746948242,
            -0.009724144823849201,
            -0.0015054401010274887
        ],
        [
            0.16268572211265564,
            0.0012775775976479053,
            -0.0027924999594688416
        ],
        [
            0.10482636839151382,
            0.026957573369145393,
            0.015633251518011093
        ],
        [
            0.09321864694356918,
            0.020804837346076965,
            0.01884521171450615
        ],
        [
            0.0957188829779625,
            0.0161622054874897,
            0.021612264215946198
        ],
        [
            0.1056492030620575,
            0.022475525736808777,
            0.017975304275751114
        ],
        [
            0.1150001809000969,
            0.007122000213712454,
            0.034437596797943115
        ],
        [
            0.10355271399021149,
            0.0026292880065739155,
            0.03169702738523483
        ],
        [
            0.10004797577857971,
            -0.010423783212900162,
            0.033153604716062546
        ],
        [
            0.11201636493206024,
            -0.00925211887806654,
            0.03407658636569977
        ],
        [
            0.12910282611846924,
            0.009133469313383102,
            0.03473089262843132
        ],
        [
            0.1270865797996521,
            -0.004411689937114716,
            0.03741771727800369
        ],
        [
            0.14334774017333984,
            -0.0017100386321544647,
            0.0346657894551754
        ],
        [
            0.1609797328710556,
            0.0008976254612207413,
            0.024513423442840576
        ],
        [
            0.08684820681810379,
            0.028824083507061005,
            0.011102188378572464
        ],
        [
            0.0945175513625145,
            0.03485514223575592,
            0.00798291340470314
        ],
        [
            0.2150476574897766,
            0.011316675692796707,
            -0.027805885300040245
        ],
        [
            0.21274039149284363,
            0.016064252704381943,
            -0.030440790578722954
        ],
        [
            0.20883342623710632,
            0.014041049405932426,
            -0.02813342772424221
        ],
        [
            0.21189776062965393,
            0.009530496783554554,
            -0.02621730975806713
        ],
        [
            0.0833670049905777,
            0.028767988085746765,
            -0.008861932903528214
        ],
        [
            0.0815257653594017,
            0.021431364119052887,
            -0.01554829627275467
        ],
        [
            0.07554847747087479,
            0.02206839993596077,
            -0.011379603296518326
        ],
        [
            0.07773206382989883,
            0.02744385041296482,
            -0.003952652215957642
        ],
        [
            0.09088277816772461,
            0.03048374131321907,
            -0.015263896435499191
        ],
        [
            0.09023427218198776,
            0.020595256239175797,
            -0.02068319171667099
        ],
        [
            0.21823178231716156,
            0.0025737788528203964,
            -0.03658111393451691
        ],
        [
            0.21875672042369843,
            0.004136386327445507,
            -0.031684909015893936
        ],
        [
            0.21475082635879517,
            0.0011297250166535378,
            -0.031227566301822662
        ],
        [
            0.2131359726190567,
            -6.95972703397274e-05,
            -0.036099303513765335
        ],
        [
            0.16516074538230896,
            0.001388422679156065,
            -0.0013458095490932465
        ],
        [
            0.15854987502098083,
            0.00702022947371006,
            -0.0027740690857172012
        ],
        [
            0.18106333911418915,
            0.0029250560328364372,
            -0.011379873380064964
        ],
        [
            0.1714295893907547,
            0.004666673019528389,
            -0.008951114490628242
        ],
        [
            0.17335186898708344,
            -0.0012910831719636917,
            -0.00577230378985405
        ],
        [
            0.18096564710140228,
            -0.003064739052206278,
            -0.008971050381660461
        ],
        [
            0.15487751364707947,
            0.019141871482133865,
            -0.01772124692797661
        ],
        [
            0.1451321840286255,
            0.01779475063085556,
            -0.011339792981743813
        ],
        [
            0.14972800016403198,
            0.013576921075582504,
            -0.009374132379889488
        ],
        [
            0.1616067737340927,
            0.01442037709057331,
            -0.014981718733906746
        ],
        [
            0.13761486113071442,
            0.02922173961997032,
            -0.015048012137413025
        ],
        [
            0.14764456450939178,
            0.029306471347808838,
            -0.02136988937854767
        ],
        [
            0.14218099415302277,
            0.03576045110821724,
            -0.022757621482014656
        ],
        [
            0.13635651767253876,
            0.035217177122831345,
            -0.01732250303030014
        ],
        [
            0.16546893119812012,
            0.026257349178195,
            -0.03101266920566559
        ],
        [
            0.1704382598400116,
            0.025967862457036972,
            -0.034834135323762894
        ],
        [
            0.16973543167114258,
            0.029629739001393318,
            -0.035528432577848434
        ],
        [
            0.1631469577550888,
            0.028951192274689674,
            -0.031950756907463074
        ],
        [
            0.06944616883993149,
            0.02160751260817051,
            -0.0077370330691337585
        ],
        [
            0.07264125347137451,
            0.025255832821130753,
            0.0008286088705062866
        ],
        [
            0.12237778306007385,
            0.032986484467983246,
            -0.04275571182370186
        ],
        [
            0.11764831095933914,
            0.04131432995200157,
            -0.03693035989999771
        ],
        [
            0.12742391228675842,
            0.04591929167509079,
            -0.04442090541124344
        ],
        [
            0.129897341132164,
            0.03550871089100838,
            -0.04922368377447128
        ],
        [
            0.08389511704444885,
            0.011734165251255035,
            -0.018423251807689667
        ],
        [
            0.07654598355293274,
            0.013181669637560844,
            -0.016004208475351334
        ],
        [
            0.216074138879776,
            0.004378599114716053,
            -0.042096011340618134
        ],
        [
            0.21055957674980164,
            0.002295638434588909,
            -0.0409901887178421
        ],
        [
            0.13838811218738556,
            -0.014249087311327457,
            0.031022442504763603
        ],
        [
            0.15971824526786804,
            -0.0083981454372406,
            0.02278779074549675
        ],
        [
            0.1202995777130127,
            -0.017172154039144516,
            0.030624983832240105
        ],
        [
            0.10768600553274155,
            -0.018841372802853584,
            0.027148984372615814
        ],
        [
            0.0976029634475708,
            -0.020589645951986313,
            0.026536546647548676
        ],
        [
            0.17223848402500153,
            0.009429477155208588,
            -0.013643570244312286
        ],
        [
            0.15032486617565155,
            0.01038263738155365,
            -0.004405222833156586
        ],
        [
            0.1345357447862625,
            0.01885736547410488,
            -0.004794720560312271
        ],
        [
            0.12261468172073364,
            0.04563465714454651,
            -0.014373727142810822
        ],
        [
            0.11432503163814545,
            0.04444091022014618,
            -0.007916714996099472
        ],
        [
            0.12249203026294708,
            0.03803937882184982,
            -0.005338795483112335
        ],
        [
            0.12785866856575012,
            0.04002011567354202,
            -0.011995118111371994
        ],
        [
            0.1199517697095871,
            0.048525284975767136,
            -0.03046821802854538
        ],
        [
            0.12584280967712402,
            0.049372024834156036,
            -0.025089308619499207
        ],
        [
            0.132594496011734,
            0.05063963681459427,
            -0.030752744525671005
        ],
        [
            0.12816205620765686,
            0.05087994039058685,
            -0.03690585494041443
        ],
        [
            0.16716979444026947,
            -0.008826381526887417,
            0.002003926783800125
        ],
        [
            0.15672369301319122,
            -0.017778806388378143,
            0.0092693492770195
        ],
        [
            0.08720473200082779,
            0.03353730961680412,
            -0.0001782625913619995
        ],
        [
            0.08238760381937027,
            0.029841609299182892,
            0.004766840487718582
        ],
        [
            0.0754980593919754,
            0.02601027488708496,
            0.008015226572751999
        ],
        [
            0.1168072372674942,
            0.0208095982670784,
            0.011151134967803955
        ],
        [
            0.10632724314928055,
            0.01949622854590416,
            0.01995392143726349
        ],
        [
            0.10926538705825806,
            0.016931457445025444,
            0.022781670093536377
        ],
        [
            0.11778713762760162,
            0.01769409328699112,
            0.01229679211974144
        ],
        [
            0.13046951591968536,
            0.012777399271726608,
            0.013982895761728287
        ],
        [
            0.1259811967611313,
            0.015121543779969215,
            0.02567564696073532
        ],
        [
            0.14106912910938263,
            0.013679949566721916,
            0.009473863989114761
        ],
        [
            0.09787780791521072,
            0.00975593738257885,
            0.02645980939269066
        ],
        [
            0.08702757954597473,
            0.01283479668200016,
            0.025996524840593338
        ],
        [
            0.0901002585887909,
            0.005371267907321453,
            0.0297829732298851
        ],
        [
            0.0825391560792923,
            0.019492212682962418,
            0.020368825644254684
        ],
        [
            0.0784982368350029,
            0.024486303329467773,
            0.014200720936059952
        ],
        [
            0.06812325865030289,
            0.01214599423110485,
            -0.014951024204492569
        ],
        [
            0.0933137908577919,
            -0.002050772774964571,
            0.03171403706073761
        ],
        [
            0.16315476596355438,
            0.014415038749575615,
            0.011655449867248535
        ],
        [
            0.17055708169937134,
            0.01391319278627634,
            0.007722858339548111
        ],
        [
            0.1655200570821762,
            0.013969860039651394,
            0.002253148704767227
        ],
        [
            0.15874607861042023,
            0.013723703101277351,
            0.005034446716308594
        ],
        [
            0.18104326725006104,
            -0.014406785368919373,
            -0.017479779198765755
        ],
        [
            0.18236839771270752,
            -0.008846250362694263,
            -0.011514219455420971
        ],
        [
            0.17387712001800537,
            -0.008610671386122704,
            -0.006124851293861866
        ],
        [
            0.11139620095491409,
            0.03267589956521988,
            0.00778869166970253
        ],
        [
            0.10236985236406326,
            0.03927772864699364,
            0.0018637403845787048
        ],
        [
            0.18156035244464874,
            0.007233097683638334,
            -0.01657474786043167
        ],
        [
            0.20872311294078827,
            -0.0026698873843997717,
            -0.036008309572935104
        ],
        [
            0.21049180626869202,
            -0.0016585569828748703,
            -0.0304817333817482
        ],
        [
            0.19551607966423035,
            -0.008855311200022697,
            -0.023754743859171867
        ],
        [
            0.19418132305145264,
            -0.009889384731650352,
            -0.03033905103802681
        ],
        [
            0.18514734506607056,
            0.008357366546988487,
            -0.027036691084504128
        ],
        [
            0.18538130819797516,
            0.007626791018992662,
            -0.020431898534297943
        ],
        [
            0.18710699677467346,
            0.007929944433271885,
            -0.02310960739850998
        ],
        [
            0.18717838823795319,
            0.01010151021182537,
            -0.029224693775177002
        ],
        [
            0.162550687789917,
            0.03547748178243637,
            -0.03618375211954117
        ],
        [
            0.15689623355865479,
            0.0348680354654789,
            -0.03287379443645477
        ],
        [
            0.16990557312965393,
            -0.0033921757712960243,
            -0.03729952126741409
        ],
        [
            0.17208455502986908,
            -0.015330834314227104,
            -0.031126366928219795
        ],
        [
            0.1612599790096283,
            -0.01660361886024475,
            -0.025235403329133987
        ],
        [
            0.15000943839550018,
            0.02450539730489254,
            -0.019597576931118965
        ],
        [
            0.15831536054611206,
            0.026284219697117805,
            -0.025654004886746407
        ],
        [
            0.15585589408874512,
            0.02932661958038807,
            -0.027036039158701897
        ],
        [
            0.173642098903656,
            0.011660385876893997,
            -0.017728343605995178
        ],
        [
            0.18035846948623657,
            0.010519479401409626,
            -0.021442053839564323
        ],
        [
            0.17574451863765717,
            0.013017399236559868,
            -0.022858088836073875
        ],
        [
            0.16937024891376495,
            0.01467517577111721,
            -0.0196845680475235
        ],
        [
            0.10712087899446487,
            0.037229087203741074,
            -0.0300309881567955
        ],
        [
            0.10976564139127731,
            0.04596865177154541,
            -0.022745393216609955
        ],
        [
            0.2174173891544342,
            0.007178541272878647,
            -0.028369497507810593
        ],
        [
            0.21400658786296844,
            0.004706152714788914,
            -0.027406219393014908
        ],
        [
            0.1405758112668991,
            0.02307572402060032,
            -0.013266650959849358
        ],
        [
            0.1488897055387497,
            -0.017185784876346588,
            -0.017307236790657043
        ],
        [
            0.13146883249282837,
            0.023157766088843346,
            -0.0063084885478019714
        ],
        [
            0.14865386486053467,
            0.030297014862298965,
            -0.050177354365587234
        ],
        [
            0.1505754142999649,
            0.03750291466712952,
            -0.04669196158647537
        ],
        [
            0.15611740946769714,
            0.03851249814033508,
            -0.047317732125520706
        ],
        [
            0.15667283535003662,
            0.03402339667081833,
            -0.05142434313893318
        ],
        [
            0.19963213801383972,
            0.014943848364055157,
            -0.036330483853816986
        ],
        [
            0.20200946927070618,
            0.015583792701363564,
            -0.031104683876037598
        ],
        [
            0.2059692144393921,
            0.017195232212543488,
            -0.032730720937252045
        ],
        [
            0.2043551802635193,
            0.01660916581749916,
            -0.038275692611932755
        ],
        [
            0.18666937947273254,
            0.003966359421610832,
            -0.01603037863969803
        ],
        [
            0.18769706785678864,
            -0.0018194611184298992,
            -0.013219381682574749
        ],
        [
            0.19275109469890594,
            0.0007850723341107368,
            -0.0170571431517601
        ],
        [
            0.19009767472743988,
            0.005281885154545307,
            -0.01986127533018589
        ],
        [
            0.18933899700641632,
            -0.0075084138661623,
            -0.016036109998822212
        ],
        [
            0.19469456374645233,
            -0.00497290026396513,
            -0.018869487568736076
        ],
        [
            0.199404776096344,
            0.010770637542009354,
            -0.04126448184251785
        ],
        [
            0.20190803706645966,
            0.003992753569036722,
            -0.043282102793455124
        ],
        [
            0.18819542229175568,
            -0.0010510091669857502,
            -0.03870496153831482
        ],
        [
            0.1883556991815567,
            0.006476253736764193,
            -0.03592853620648384
        ],
        [
            0.10887327790260315,
            0.00701930932700634,
            -0.027092082425951958
        ],
        [
            0.10344535857439041,
            0.016716964542865753,
            -0.028345368802547455
        ],
        [
            0.11606796085834503,
            0.021250292658805847,
            -0.035374414175748825
        ],
        [
            0.12790094316005707,
            0.025526052340865135,
            -0.04344981163740158
        ],
        [
            0.13985159993171692,
            0.02916053682565689,
            -0.049758076667785645
        ],
        [
            0.14541350305080414,
            0.018055282533168793,
            -0.0503619909286499
        ],
        [
            0.11132100224494934,
            0.027939511463046074,
            -0.034891657531261444
        ],
        [
            0.18001258373260498,
            0.006318964995443821,
            -0.032664768397808075
        ],
        [
            0.17894373834133148,
            -0.003693932667374611,
            -0.03528546541929245
        ],
        [
            0.17681533098220825,
            0.0017781597562134266,
            -0.036140166223049164
        ],
        [
            0.1286574900150299,
            0.029949229210615158,
            -0.007617991417646408
        ],
        [
            0.21022264659404755,
            0.0016398653388023376,
            -0.02634790726006031
        ],
        [
            0.09750520437955856,
            -0.022400209680199623,
            0.004136934876441956
        ],
        [
            0.09123954176902771,
            -0.01568792201578617,
            -0.006180185824632645
        ],
        [
            0.09983515739440918,
            -0.015298059210181236,
            -0.007947694510221481
        ],
        [
            0.10740695893764496,
            -0.022187918424606323,
            0.004460938274860382
        ],
        [
            0.20531755685806274,
            0.01231525931507349,
            -0.026050636544823647
        ],
        [
            0.20843712985515594,
            0.007233425974845886,
            -0.023981111124157906
        ],
        [
            0.15435177087783813,
            0.04037152975797653,
            -0.03543025627732277
        ],
        [
            0.15961410105228424,
            0.03980967402458191,
            -0.038527678698301315
        ],
        [
            0.15863202512264252,
            0.041494615375995636,
            -0.04193815961480141
        ],
        [
            0.15415914356708527,
            0.04471578821539879,
            -0.03896123915910721
        ],
        [
            0.09994202107191086,
            0.02149481140077114,
            -0.027526546269655228
        ],
        [
            0.13468024134635925,
            0.04997333139181137,
            -0.046860385686159134
        ],
        [
            0.13636063039302826,
            0.040294159203767776,
            -0.05172140523791313
        ],
        [
            0.09266067296266556,
            0.012381022796034813,
            -0.022173874080181122
        ],
        [
            0.09700413793325424,
            0.0036018602550029755,
            -0.02155349589884281
        ],
        [
            0.0881962776184082,
            0.0016397498548030853,
            -0.017771517857909203
        ],
        [
            0.15897609293460846,
            0.0111952880397439,
            -0.04767793416976929
        ],
        [
            0.11491868644952774,
            0.0007954873144626617,
            -0.026374273002147675
        ],
        [
            0.10205800831317902,
            -0.0019941795617341995,
            -0.020065302029252052
        ],
        [
            0.09176302701234818,
            -0.004610931500792503,
            -0.015482572838664055
        ],
        [
            0.08393020927906036,
            -0.006232310086488724,
            -0.012984326109290123
        ],
        [
            0.08085625618696213,
            0.0008526667952537537,
            -0.015646250918507576
        ],
        [
            0.20546084642410278,
            7.952720625326037e-05,
            -0.04068080708384514
        ],
        [
            0.2073834240436554,
            0.0068784416653215885,
            -0.044699423015117645
        ],
        [
            0.07189995795488358,
            -0.0006599519401788712,
            -0.014668088406324387
        ],
        [
            0.07592148333787918,
            -0.008265525102615356,
            -0.011129263788461685
        ],
        [
            0.10769937187433243,
            -0.008564453572034836,
            -0.016898754984140396
        ],
        [
            0.11484348028898239,
            -0.01584404706954956,
            -0.011163325980305672
        ],
        [
            0.11997959762811661,
            -0.0054400768131017685,
            -0.022931257262825966
        ],
        [
            0.12788483500480652,
            -0.012537091970443726,
            -0.018282851204276085
        ],
        [
            0.16081443428993225,
            0.00045603327453136444,
            -0.0466107577085495
        ],
        [
            0.22124868631362915,
            0.019016336649656296,
            -0.04703672230243683
        ],
        [
            0.21110312640666962,
            0.014497683383524418,
            -0.04537375271320343
        ],
        [
            0.20968258380889893,
            0.018094878643751144,
            -0.04101094603538513
        ],
        [
            0.21934735774993896,
            0.022164814174175262,
            -0.04485766962170601
        ],
        [
            0.204686239361763,
            0.01288598868995905,
            -0.04289593547582626
        ],
        [
            0.21305173635482788,
            0.00909374374896288,
            -0.04575376585125923
        ],
        [
            0.13631422817707062,
            -0.01926128752529621,
            -0.008303571492433548
        ],
        [
            0.18071550130844116,
            0.012377142906188965,
            -0.02663971669971943
        ],
        [
            0.12462300062179565,
            -0.02205190435051918,
            0.0036779288202524185
        ],
        [
            0.14922626316547394,
            -0.022688107565045357,
            -0.0011044368147850037
        ],
        [
            0.14258238673210144,
            -0.022941920906305313,
            0.009434480220079422
        ],
        [
            0.11459844559431076,
            -0.02403845079243183,
            0.017611224204301834
        ],
        [
            0.1325744092464447,
            -0.022992394864559174,
            0.021109702065587044
        ],
        [
            0.09447010606527328,
            -0.024572649970650673,
            0.016142066568136215
        ],
        [
            0.10388985276222229,
            -0.02394823729991913,
