{
    "pred_cam": [
        9.728747367858887,
        0.0770130604505539,
        -0.050534509122371674
    ],
    "pred_mano_params": {
        "global_orient": [
            [
                [
                    0.541158139705658,
                    -0.7504452466964722,
                    0.37944674491882324
                ],
                [
                    -0.41422396898269653,
                    -0.6305732727050781,
                    -0.6563504338264465
                ],
                [
                    0.7318240404129028,
                    0.19801343977451324,
                    -0.6520922780036926
                ]
            ]
        ],
        "hand_pose": [
            [
                [
                    0.932336151599884,
                    0.007658721413463354,
                    -0.36151158809661865
                ],
                [
                    -0.04770051687955856,
                    0.9936432838439941,
                    -0.10196872800588608
                ],
                [
                    0.3584326207637787,
                    0.11231342703104019,
                    0.9267748594284058
                ]
            ],
            [
                [
                    0.8615748286247253,
                    -0.49614885449409485,
                    0.10735531896352768
                ],
                [
                    0.5070145726203918,
                    0.8306497931480408,
                    -0.2301240861415863
                ],
                [
                    0.02500111609697342,
                    0.2526998221874237,
                    0.9672216773033142
                ]
            ],
            [
                [
                    0.7286062836647034,
                    -0.68248450756073,
                    0.05785997584462166
                ],
                [
                    0.6806085109710693,
                    0.7308958172798157,
                    0.05062923952937126
                ],
                [
                    -0.07684328407049179,
                    0.0024912101216614246,
                    0.9970400929450989
                ]
            ],
            [
                [
                    0.8694082498550415,
                    -0.399129718542099,
                    -0.2912469506263733
                ],
                [
                    0.384856641292572,
                    0.9167037606239319,
                    -0.10742177069187164
                ],
                [
                    0.3098624348640442,
                    -0.018694940954446793,
                    0.9505975246429443
                ]
            ],
            [
                [
                    0.7275577783584595,
                    -0.6574380993843079,
                    -0.1960483342409134
                ],
                [
                    0.6859981417655945,
                    0.7005609273910522,
                    0.19652220606803894
                ],
                [
                    0.008142630569636822,
                    -0.27747002243995667,
                    0.9606998562812805
                ]
            ],
            [
                [
                    0.8063048720359802,
                    -0.5794727802276611,
                    0.11867476999759674
                ],
                [
                    0.5814991593360901,
                    0.813292384147644,
                    0.02035183273255825
                ],
                [
                    -0.10831062495708466,
                    0.05259949341416359,
                    0.9927245378494263
                ]
            ],
            [
                [
                    0.6974425315856934,
                    -0.7165479063987732,
                    0.011531271040439606
                ],
                [
                    0.6809043884277344,
                    0.6675955653190613,
                    0.3011401295661926
                ],
                [
                    -0.22347956895828247,
                    -0.2021762579679489,
                    0.9535101652145386
                ]
            ],
            [
                [
                    0.9708805084228516,
                    -0.16539423167705536,
                    -0.1733081191778183
                ],
                [
                    0.1889818012714386,
                    0.9733690023422241,
                    0.12976408004760742
                ],
                [
                    0.14723052084445953,
                    -0.15873751044273376,
                    0.976281464099884
                ]
            ],
            [
                [
                    0.9107773900032043,
                    -0.28416532278060913,
                    0.2995574176311493
                ],
                [
                    0.2076207995414734,
                    0.9422958493232727,
                    0.2626255452632904
                ],
                [
                    -0.35690075159072876,
                    -0.1769990473985672,
                    0.917220413684845
                ]
            ],
            [
                [
                    0.6950477957725525,
                    -0.7113246917724609,
                    -0.10452626645565033
                ],
                [
                    0.7045643925666809,
                    0.7028417587280273,
                    -0.09799229353666306
                ],
                [
                    0.14316976070404053,
                    -0.005536159034818411,
                    0.989682674407959
                ]
            ],
            [
                [
                    0.9745253920555115,
                    -0.2078932523727417,
                    -0.08414661139249802
                ],
                [
                    0.2242700755596161,
                    0.9062950015068054,
                    0.3582349419593811
                ],
                [
                    0.0017870183801278472,
                    -0.36798062920570374,
                    0.9298317432403564
                ]
            ],
            [
                [
                    0.8646446466445923,
                    -0.4783836603164673,
                    0.15342378616333008
                ],
                [
                    0.45379406213760376,
                    0.8747334480285645,
                    0.1700364649295807
                ],
                [
                    -0.215547576546669,
                    -0.07739830762147903,
                    0.9734212756156921
                ]
            ],
            [
                [
                    0.99013751745224,
                    -0.1004301905632019,
                    0.09768053889274597
                ],
                [
                    0.12678974866867065,
                    0.34574827551841736,
                    -0.9297217726707458
                ],
                [
                    0.059599265456199646,
                    0.9329372644424438,
                    0.35507187247276306
                ]
            ],
            [
                [
                    0.9251714944839478,
                    -0.28561216592788696,
                    -0.24996685981750488
                ],
                [
                    0.373244971036911,
                    0.8041688799858093,
                    0.46260201930999756
                ],
                [
                    0.06889078766107559,
                    -0.5212850570678711,
                    0.8505974411964417
                ]
            ],
            [
                [
                    0.954493522644043,
                    0.2966553568840027,
                    0.030621789395809174
                ],
                [
                    -0.2959021329879761,
                    0.9548410177230835,
                    -0.026843760162591934
                ],
                [
                    -0.03720228374004364,
                    0.016561143100261688,
                    0.9991705417633057
                ]
            ]
        ],
        "betas": [
            0.05635860562324524,
            -0.10206237435340881,
            -0.035376161336898804,
            -0.007571130990982056,
            -0.09803158044815063,
            0.01708180084824562,
            0.0499722957611084,
            -0.015945911407470703,
            0.0023210495710372925,
            -0.05700582265853882
        ]
    },
    "pred_cam_t": [
        -0.0770130604505539,
        -0.050534509122371674,
        4.015162467956543
    ],
    "focal_length": [
        5000.0,
        5000.0
    ],
    "pred_keypoints_3d": [
        [
            0.09545570611953735,
            0.006347093731164932,
            0.006201072596013546
        ],
        [
            0.10380052030086517,
            0.00917569175362587,
            -0.031134188175201416
        ],
        [
            0.11564373970031738,
            0.02628150023519993,
            -0.05367771536111832
        ],
        [
            0.11703571677207947,
            0.04715399444103241,
            -0.07081371545791626
        ],
        [
            0.11850858479738235,
            0.06434927135705948,
            -0.10269049555063248
        ],
        [
            0.05958183854818344,
            0.03256107494235039,
            -0.07242128252983093
        ],
        [
            0.0352197140455246,
            0.048109155148267746,
            -0.08820182830095291
        ],
        [
            0.031091265380382538,
            0.06799996644258499,
            -0.0970253199338913
        ],
        [
            0.041420869529247284,
            0.0902552530169487,
            -0.10069394111633301
        ],
        [
            0.044190794229507446,
            0.04867205768823624,
            -0.060958147048950195
        ],
        [
            0.03161012381315231,
            0.075431689620018,
            -0.07231035828590393
        ],
        [
            0.04187055304646492,
            0.09607666730880737,
            -0.0752200037240982
        ],
        [
            0.06180102378129959,
            0.11130006611347198,
            -0.07899808138608932
        ],
        [
            0.04419344291090965,
            0.06012016162276268,
            -0.036934107542037964
        ],
        [
            0.04312563315033913,
            0.08595640957355499,
            -0.0497051440179348
        ],
        [
            0.051423247903585434,
            0.10897806286811829,
            -0.05349162593483925
        ],
        [
            0.06674044579267502,
            0.12756678462028503,
            -0.060530148446559906
        ],
        [
            0.04934610426425934,
            0.0692792534828186,
            -0.0179135724902153
        ],
        [
            0.05120205879211426,
            0.08921027183532715,
            -0.024478912353515625
        ],
        [
            0.057207465171813965,
            0.10694468766450882,
            -0.027041597291827202
        ],
        [
            0.06798283755779266,
            0.12022954225540161,
            -0.034916557371616364
        ]
    ],
    "pred_vertices": [
        [
            0.08790560066699982,
            0.027499934658408165,
            -0.04458620399236679
        ],
        [
            0.09388591349124908,
            0.024671904742717743,
            -0.03674321994185448
        ],
        [
            0.0972159132361412,
            0.02831265702843666,
            -0.04457518085837364
        ],
        [
            0.0906543880701065,
            0.028487201780080795,
            -0.05322811007499695
        ],
        [
            0.11301511526107788,
            0.0261341854929924,
            -0.02813507616519928
        ],
        [
            0.1216345876455307,
            0.017698226496577263,
            -0.028426244854927063
        ],
        [
            0.12400692701339722,
            0.02694808691740036,
            -0.040967948734760284
        ],
        [
            0.11706743389368057,
            0.03342558443546295,
            -0.03777297958731651
        ],
        [
            0.09229472279548645,
            0.029006922617554665,
            -0.059578053653240204
        ],
        [
            0.10028087347745895,
            0.03173169493675232,
            -0.0505383126437664
        ],
        [
            0.09349822252988815,
            0.027366673573851585,
            -0.06092976778745651
        ],
        [
            0.0804624930024147,
            0.01998329535126686,
            -0.06836716085672379
        ],
        [
            0.08277110755443573,
            0.02514238841831684,
            -0.06632980704307556
        ],
        [
            0.07171256840229034,
            0.019579097628593445,
            -0.07248665392398834
        ],
        [
            0.07806982845067978,
            0.010755952447652817,
            -0.06349305808544159
        ],
        [
            0.06438601762056351,
            0.015555517747998238,
            -0.06805722415447235
        ],
        [
            0.05918297916650772,
            0.01154942624270916,
            -0.03878985717892647
        ],
        [
            0.05528518185019493,
            0.01802683249115944,
            -0.027252018451690674
        ],
        [
            0.0461307093501091,
            0.02668754756450653,
            -0.03838706761598587
        ],
        [
            0.0517810620367527,
            0.019743716344237328,
            -0.04887150228023529
        ],
        [
            0.047501809895038605,
            0.03607940673828125,
            -0.02009674906730652
        ],
        [
            0.0460050031542778,
            0.0313946008682251,
            -0.030766351148486137
        ],
        [
            0.05448751896619797,
            0.021943483501672745,
            -0.019242268055677414
        ],
        [
            0.05568452551960945,
            0.026719771325588226,
            -0.010343216359615326
        ],
        [
            0.08489532768726349,
            0.030479183420538902,
            -0.028592437505722046
        ],
        [
            0.09091240912675858,
            0.026813019067049026,
            -0.021062221378087997
        ],
        [
            0.09103335440158844,
            0.02437404915690422,
            -0.027068383991718292
        ],
        [
            0.0859656035900116,
            0.02827277034521103,
            -0.03394726291298866
        ],
        [
            0.10479291528463364,
            0.027150938287377357,
            -0.06394770741462708
        ],
        [
            0.09808232635259628,
            0.013021357357501984,
            -0.06118794158101082
        ],
        [
            0.09369686245918274,
            0.0194931048899889,
            -0.062444478273391724
        ],
        [
            0.10381613671779633,
            0.032098643481731415,
            -0.06141708791255951
        ],
        [
            0.10804080963134766,
            0.02660287171602249,
            0.003225218504667282
        ],
        [
            0.1108321025967598,
            0.016350500285625458,
            0.011585604399442673
        ],
        [
            0.11211457848548889,
            0.012390568852424622,
            0.007383458316326141
        ],
        [
            0.10868825018405914,
            0.02225426957011223,
            0.0006015896797180176
        ],
        [
            0.11776180565357208,
            0.006738781929016113,
            -0.011817015707492828
        ],
        [
            0.11694318056106567,
            -6.511062383651733e-05,
            -0.004473917186260223
        ],
        [
            0.1169053316116333,
            -0.013183046132326126,
            -0.0058389753103256226
        ],
        [
            0.11686966568231583,
            -0.008608490228652954,
            -0.01499023288488388
        ],
        [
            0.1191307008266449,
            0.012599345296621323,
            -0.02048429101705551
        ],
        [
            0.12070924043655396,
            -0.0004261322319507599,
            -0.023954004049301147
        ],
        [
            0.12363838404417038,
            0.007401447743177414,
            -0.032716717571020126
        ],
        [
            0.12601728737354279,
            0.0195319764316082,
            -0.04591633006930351
        ],
        [
            0.10552608966827393,
            0.022830668836832047,
            0.021236632019281387
        ],
        [
            0.10316727310419083,
            0.03154940530657768,
            0.016507387161254883
        ],
        [
            0.04397755116224289,
            0.0547393299639225,
            -0.09384380280971527
        ],
        [
            0.042738404124975204,
            0.05811112001538277,
            -0.08907663077116013
        ],
        [
            0.04557950422167778,
            0.05539405718445778,
            -0.08783965557813644
        ],
        [
            0.04606293514370918,
            0.05238281190395355,
            -0.09270700067281723
        ],
        [
            0.08643366396427155,
            0.0249711312353611,
            0.027331247925758362
        ],
        [
            0.07855875790119171,
            0.018746033310890198,
            0.027599666267633438
        ],
        [
            0.08319606631994247,
            0.016551118344068527,
            0.032745104283094406
        ],
        [
            0.09135071933269501,
            0.02096925675868988,
            0.0314234122633934
        ],
        [
            0.08001364767551422,
            0.030230611562728882,
            0.02181197702884674
        ],
        [
            0.07274045795202255,
            0.021876495331525803,
            0.01998157799243927
        ],
        [
            0.033503852784633636,
            0.0483383983373642,
            -0.09731601178646088
        ],
        [
            0.03822902962565422,
            0.049920454621315,
            -0.0987033024430275
        ],
        [
            0.039424873888492584,
            0.04565940797328949,
            -0.09655977785587311
        ],
        [
            0.03512725979089737,
            0.043768350034952164,
            -0.09392914175987244
        ],
        [
            0.08368866890668869,
            0.028527362272143364,
            -0.06058575585484505
        ],
        [
            0.0827416330575943,
            0.03099948540329933,
            -0.051683686673641205
        ],
        [
            0.07004992663860321,
            0.03662225604057312,
            -0.07288599014282227
        ],
        [
            0.07481864094734192,
            0.0340895839035511,
            -0.06286075711250305
        ],
        [
            0.07708064466714859,
            0.029208261519670486,
            -0.06774063408374786
        ],
        [
            0.07160329818725586,
            0.030748020857572556,
            -0.07530176639556885
        ],
        [
            0.07038256525993347,
            0.04271111264824867,
            -0.0410085953772068
        ],
        [
            0.07701832056045532,
            0.0369298942387104,
            -0.03325784206390381
        ],
        [
            0.07769767940044403,
            0.03444342687726021,
            -0.03942655026912689
        ],
        [
            0.07151119410991669,
            0.04030393064022064,
            -0.049229368567466736
        ],
        [
            0.07641223073005676,
            0.04538092762231827,
            -0.022005189210176468
        ],
        [
            0.06956303864717484,
            0.050081767141819,
            -0.030437134206295013
        ],
        [
            0.07001641392707825,
            0.05426476523280144,
            -0.023049350827932358
        ],
        [
            0.0755789652466774,
            0.05079690366983414,
            -0.018558263778686523
        ],
        [
            0.05841153860092163,
            0.055550675839185715,
            -0.04717184603214264
        ],
        [
            0.05352478101849556,
            0.05785490572452545,
            -0.05179456248879433
        ],
        [
            0.053476132452487946,
            0.061050403863191605,
            -0.049203451722860336
        ],
        [
            0.0579414963722229,
            0.05714816972613335,
            -0.04384440928697586
        ],
        [
            0.087090864777565,
            0.013384245336055756,
            0.03772534430027008
        ],
        [
            0.09590839594602585,
            0.016381394118070602,
            0.03473871201276779
        ],
        [
            0.0517384298145771,
            0.04817843437194824,
            -0.002599380910396576
        ],
        [
            0.05953411012887955,
            0.05305054038763046,
            0.003504205495119095
        ],
        [
            0.05293535441160202,
            0.06177806109189987,
            -0.002703621983528137
        ],
        [
            0.04561290144920349,
            0.054217398166656494,
            -0.007691286504268646
        ],
        [
            0.07358520478010178,
            0.011182315647602081,
            0.022645484656095505
        ],
        [
            0.07679565250873566,
            0.009552780538797379,
            0.029578380286693573
        ],
        [
            0.029147803783416748,
            0.049033746123313904,
            -0.09292376041412354
        ],
        [
            0.03143005818128586,
            0.04483501985669136,
            -0.08917403221130371
        ],
        [
            0.11669599264860153,
            -0.003939848393201828,
            -0.036116208881139755
        ],
        [
            0.12207585573196411,
            0.011999394744634628,
            -0.05108925327658653
        ],
        [
            0.11220663785934448,
            -0.01282878965139389,
            -0.023517362773418427
        ],
        [
            0.1087181568145752,
            -0.017619531601667404,
            -0.014091812074184418
        ],
        [
            0.10871624946594238,
            -0.0219917893409729,
            -0.00629347562789917
        ],
        [
            0.07094369828701019,
            0.03950563445687294,
            -0.061335667967796326
        ],
        [
            0.08195804059505463,
            0.03116394393146038,
            -0.042280592024326324
        ],
        [
            0.08434805274009705,
            0.03312038257718086,
            -0.024112503975629807
        ],
        [
            0.08170342445373535,
            0.054997846484184265,
            -0.0028438344597816467
        ],
        [
            0.08831711858510971,
            0.04993637651205063,
            0.003537505865097046
        ],
        [
            0.08882875740528107,
            0.046501703560352325,
            -0.006482452154159546
        ],
        [
            0.08239708840847015,
            0.051294393837451935,
            -0.009863007813692093
        ],
        [
            0.06715637445449829,
            0.05936978757381439,
            0.0028130263090133667
        ],
        [
            0.07202528417110443,
            0.06127655878663063,
            -0.003095090389251709
        ],
        [
            0.06665168702602386,
            0.06554929912090302,
            -0.008131233975291252
        ],
        [
            0.06122199445962906,
            0.06522245705127716,
            -0.0029828809201717377
        ],
        [
            0.1104564368724823,
            0.023128995671868324,
            -0.06684595346450806
        ],
        [
            0.10368925333023071,
            0.008071567863225937,
            -0.05983357131481171
        ],
        [
            0.09553481638431549,
            0.029185950756072998,
            0.02406187355518341
        ],
        [
            0.09993518888950348,
            0.023290805518627167,
            0.02662372961640358
        ],
        [
            0.10281768441200256,
            0.016837935894727707,
            0.0313011109828949
        ],
        [
            0.10004514455795288,
            0.02599460445344448,
            -0.009968593716621399
        ],
        [
            0.10914857685565948,
            0.01925019919872284,
            -0.0012636557221412659
        ],
        [
            0.10959310084581375,
            0.017126360908150673,
            -0.0050125569105148315
        ],
        [
            0.09893657267093658,
            0.023415641859173775,
            -0.012804672122001648
        ],
        [
            0.10011805593967438,
            0.023816153407096863,
            -0.026962745934724808
        ],
        [
            0.10969755053520203,
            0.02000655047595501,
            -0.01887848973274231
        ],
        [
            0.10361599922180176,
            0.030091136693954468,
            -0.03424425050616264
        ],
        [
            0.11459088325500488,
            0.006103787571191788,
            0.002894178032875061
        ],
        [
            0.11656434088945389,
            0.005611822009086609,
            0.013704128563404083
        ],
        [
            0.11825408041477203,
            -0.0009422078728675842,
            0.0079733207821846
        ],
        [
            0.11289621144533157,
            0.011168129742145538,
            0.02085302025079727
        ],
        [
            0.10827501863241196,
            0.015426389873027802,
            0.027122098952531815
        ],
        [
            0.078248031437397,
            0.005489569157361984,
            0.036888498812913895
        ],
        [
            0.11825291812419891,
            -0.007080651819705963,
            0.0024084746837615967
        ],
        [
            0.11910808831453323,
            0.03767981007695198,
            -0.04595222324132919
        ],
        [
            0.120216004550457,
            0.041689902544021606,
            -0.05333711951971054
        ],
        [
            0.1129823625087738,
            0.04232317581772804,
            -0.053238850086927414
        ],
        [
            0.11117161810398102,
            0.03865649551153183,
            -0.04710951820015907
        ],
        [
            0.062432050704956055,
            0.021778659895062447,
            -0.07771653681993484
        ],
        [
            0.06828972697257996,
            0.02645941823720932,
            -0.07835110276937485
        ],
        [
            0.07686416804790497,
            0.02345270849764347,
            -0.07144360989332199
        ],
        [
            0.10128701478242874,
            0.03549427539110184,
            0.00018137693405151367
        ],
        [
            0.09759560227394104,
            0.03939634561538696,
            0.011546436697244644
        ],
        [
            0.06544685363769531,
            0.04128938168287277,
            -0.07093916833400726
        ],
        [
            0.03614822402596474,
            0.039835281670093536,
            -0.09120015799999237
        ],
        [
            0.04099521413445473,
            0.04155872389674187,
            -0.0942925289273262
        ],
        [
            0.05055862292647362,
            0.030619395896792412,
            -0.08588986098766327
        ],
        [
            0.04483462870121002,
            0.02900969237089157,
            -0.08278164267539978
        ],
        [
            0.05377646163105965,
            0.044030122458934784,
            -0.07138160616159439
        ],
        [
            0.05973135307431221,
            0.04304911568760872,
            -0.07333622127771378
        ],
        [
            0.0560634471476078,
            0.04388666898012161,
            -0.07386515289545059
        ],
        [
            0.05049583688378334,
            0.045740559697151184,
            -0.07121120393276215
        ],
        [
            0.0550999753177166,
            0.06349475681781769,
            -0.04040013253688812
        ],
        [
            0.05890645086765289,
            0.06026072055101395,
            -0.03597445785999298
        ],
        [
            0.04636765271425247,
            0.03012426197528839,
            -0.059187524020671844
        ],
        [
            0.050834521651268005,
            0.01923433504998684,
            -0.06571151316165924
        ],
        [
            0.05735912173986435,
            0.014713563024997711,
            -0.05858413875102997
        ],
        [
            0.07008107006549835,
            0.04622720554471016,
            -0.03445795923471451
        ],
        [
            0.06400053203105927,
            0.051894646137952805,
            -0.04086155444383621
        ],
        [
            0.06344691663980484,
            0.053991880267858505,
            -0.03737419843673706
        ],
        [
            0.06716988980770111,
            0.04268506541848183,
            -0.06134571135044098
        ],
        [
            0.0618370920419693,
            0.04445364326238632,
            -0.0676996037364006
        ],
        [
            0.0621228963136673,
            0.045690637081861496,
            -0.06237313896417618
        ],
        [
            0.06632522493600845,
            0.044159431010484695,
            -0.05585150048136711
        ],
        [
            0.06597845256328583,
            0.04453342407941818,
            0.010988976806402206
        ],
        [
            0.07465803623199463,
            0.052221983671188354,
            0.010359097272157669
        ],
        [
            0.04219552502036095,
            0.05204440653324127,
            -0.0973803922533989
        ],
        [
            0.043765489012002945,
            0.04876165837049484,
            -0.0959436446428299
        ],
        [
            0.07661965489387512,
            0.04050126299262047,
            -0.027024146169424057
        ],
        [
            0.06543431431055069,
            0.008590582758188248,
            -0.04919600486755371
        ],
        [
            0.08405002951622009,
            0.0362016037106514,
            -0.019552387297153473
        ],
        [
            0.04211686551570892,
            0.05618209391832352,
            -0.026734570041298866
        ],
        [
            0.047200605273246765,
            0.06334169209003448,
            -0.02661910466849804
        ],
        [
            0.04591302573680878,
            0.06569226086139679,
            -0.030846741050481796
        ],
        [
            0.04071686044335365,
            0.06236952543258667,
            -0.03207362815737724
        ],
        [
            0.04045114666223526,
            0.05338698625564575,
            -0.07734119892120361
        ],
        [
            0.044468823820352554,
            0.054959699511528015,
            -0.08102639019489288
        ],
        [
            0.042500726878643036,
            0.05713150277733803,
            -0.08270733058452606
        ],
        [
            0.037673790007829666,
            0.05597860366106033,
            -0.07964185625314713
        ],
        [
            0.06286882609128952,
            0.03984549269080162,
            -0.076943539083004
        ],
        [
            0.06457308679819107,
            0.03446071222424507,
            -0.08034821599721909
        ],
        [
            0.05886054039001465,
            0.03881300985813141,
            -0.08291799575090408
        ],
        [
            0.05769587308168411,
            0.042236004024744034,
            -0.07836934924125671
        ],
        [
            0.060453370213508606,
            0.029956195503473282,
            -0.08275806158781052
        ],
        [
            0.055816907435655594,
            0.0340774767100811,
            -0.0856868103146553
        ],
        [
            0.03553904965519905,
            0.04933422803878784,
            -0.07666530460119247
        ],
        [
            0.0321655198931694,
            0.04384786635637283,
            -0.08046108484268188
        ],
        [
            0.04006810486316681,
            0.03541012853384018,
            -0.07201435416936874
        ],
        [
            0.04345349967479706,
            0.0424024872481823,
            -0.07080385088920593
        ],
        [
            0.06233600899577141,
            0.017072435468435287,
            -0.0008022859692573547
        ],
        [
            0.06353916972875595,
            0.02425236627459526,
            0.007567744702100754
        ],
        [
            0.05677808076143265,
            0.03401614725589752,
            -0.001649569720029831
        ],
        [
            0.04912243038415909,
            0.043427206575870514,
            -0.010078296065330505
        ],
        [
            0.04307672381401062,
            0.05208589881658554,
            -0.019143981859087944
        ],
        [
            0.03961104154586792,
            0.0438685268163681,
            -0.02771010436117649
        ],
        [
            0.058977268636226654,
            0.038357432931661606,
            0.004835780709981918
        ],
        [
            0.04861673712730408,
            0.04209914430975914,
            -0.06740528345108032
        ],
        [
            0.046363215893507004,
            0.03141959756612778,
            -0.06720951944589615
        ],
        [
            0.04557008296251297,
            0.03706357255578041,
            -0.06453561782836914
        ],
        [
            0.08442266285419464,
            0.04163052886724472,
            -0.014496512711048126
        ],
        [
            0.04518952965736389,
            0.044693708419799805,
            -0.09435467422008514
        ],
        [
            0.08705902844667435,
            -0.019219230860471725,
            -0.004372626543045044
        ],
        [
            0.07914353162050247,
            -0.01342473179101944,
            0.005068480968475342
        ],
        [
            0.07683224231004715,
            -0.00975046306848526,
            -0.002554081380367279
        ],
        [
            0.08657287061214447,
            -0.01563515141606331,
            -0.013569019734859467
        ],
        [
            0.04771024361252785,
            0.05318070575594902,
            -0.08683048188686371
        ],
        [
            0.048358749598264694,
            0.04939369112253189,
            -0.09177082031965256
        ],
        [
            0.057942699640989304,
            0.06471436470746994,
            -0.031268633902072906
        ],
        [
            0.05422962084412575,
            0.06656816601753235,
            -0.03559333086013794
        ],
        [
            0.05146009474992752,
            0.06834056228399277,
            -0.03302966058254242
        ],
        [
            0.055785395205020905,
            0.06940067559480667,
            -0.028645697981119156
        ],
        [
            0.06557288020849228,
            0.027246098965406418,
            0.01225188747048378
        ],
        [
            0.05132685974240303,
            0.06816206872463226,
            -0.006813839077949524
        ],
        [
            0.043956756591796875,
            0.06135034188628197,
            -0.01139599084854126
        ],
        [
            0.06941463053226471,
            0.015468675643205643,
            0.015273675322532654
        ],
        [
            0.06784611195325851,
            0.008851945400238037,
            0.008289773017168045
        ],
        [
            0.07176060974597931,
            0.003338415175676346,
            0.015268668532371521
        ],
        [
            0.039830680936574936,
            0.04170208051800728,
            -0.04291835054755211
        ],
        [
            0.06129986047744751,
            0.013376247137784958,
            -0.008531365543603897
        ],
        [
            0.06776455044746399,
            0.005262378603219986,
            0.001567065715789795
        ],
        [
            0.07241703569889069,
            -0.0015056319534778595,
            0.009591326117515564
        ],
        [
            0.07507089525461197,
            -0.006164301186800003,
            0.015941180288791656
        ],
        [
            0.0742276981472969,
            -0.00029742345213890076,
            0.021489053964614868
        ],
        [
            0.03311435878276825,
            0.041230786591768265,
            -0.08583132922649384
        ],
        [
            0.02943112514913082,
            0.04814067482948303,
            -0.08352333307266235
        ],
        [
            0.07555924355983734,
            -0.004965651780366898,
            0.029142823070287704
        ],
        [
            0.07707573473453522,
            -0.011124081909656525,
            0.022417332977056503
        ],
        [
            0.06906504929065704,
            0.0007081590592861176,
            -0.006286110728979111
        ],
        [
            0.07241228222846985,
            -0.004300743341445923,
            -0.01650771126151085
        ],
        [
            0.06293438374996185,
            0.00887829065322876,
            -0.01575968787074089
        ],
        [
            0.06541306525468826,
            0.004521600902080536,
            -0.026419907808303833
        ],
        [
            0.03966319561004639,
            0.0318962037563324,
            -0.04763426259160042
        ],
        [
            0.025215059518814087,
            0.06503816694021225,
            -0.09035925567150116
        ],
        [
            0.028616786003112793,
            0.05645092949271202,
            -0.08378240466117859
        ],
        [
            0.03372792527079582,
            0.05887370556592941,
            -0.08245838433504105
        ],
        [
            0.028218552470207214,
            0.06665157526731491,
            -0.08767293393611908
        ],
        [
            0.032796941697597504,
            0.05276145786046982,
            -0.07964280247688293
        ],
        [
            0.027035780251026154,
            0.05242861807346344,
            -0.08738012611865997
        ],
        [
            0.07417875528335571,
            0.0005277693271636963,
            -0.03929966688156128
        ],
        [
            0.05631516873836517,
            0.047709375619888306,
            -0.0675029456615448
        ],
        [
            0.08553147315979004,
            -0.008676238358020782,
            -0.03032827377319336
        ],
        [
            0.08423853665590286,
            0.002243226394057274,
            -0.055091794580221176
        ],
        [
            0.09472917765378952,
            -0.002924025058746338,
            -0.04827401787042618
        ],
        [
            0.0985887423157692,
            -0.017647776752710342,
            -0.021433748304843903
        ],
        [
            0.10439997911453247,
            -0.010610811412334442,
            -0.03710006922483444
        ],
        [
            0.0984276831150055,
            -0.024477727711200714,
            -0.003781847655773163
        ],
        [
            0.09684963524341583,
            -0.020731110125780106,
            -0.011821858584880829
        ],
        [
            0.11118856072425842,
            0.0008626580238342285,
            -0.05066005885601044
        ],
        [
