{
    "pred_cam": [
        8.533391952514648,
        0.06020452082157135,
        -0.05724581331014633
    ],
    "pred_mano_params": {
        "global_orient": [
            [
                [
                    0.6088482737541199,
                    -0.7930029034614563,
                    -0.021219922229647636
                ],
                [
                    -0.4334012567996979,
                    -0.31011244654655457,
                    -0.8461641073226929
                ],
                [
                    0.6644299626350403,
                    0.5243822336196899,
                    -0.5324999094009399
                ]
            ]
        ],
        "hand_pose": [
            [
                [
                    0.9391440749168396,
                    0.03958740830421448,
                    -0.34123507142066956
                ],
                [
                    -0.029675135388970375,
                    0.9989736676216125,
                    0.034221451729536057
                ],
                [
                    0.3422395586967468,
                    -0.022012675181031227,
                    0.9393549561500549
                ]
            ],
            [
                [
                    0.9964044690132141,
                    -0.08284234255552292,
                    0.017756761983036995
                ],
                [
                    0.0845930352807045,
                    0.9611184000968933,
                    -0.2628602087497711
                ],
                [
                    0.004709613975137472,
                    0.26341718435287476,
                    0.9646705389022827
                ]
            ],
            [
                [
                    0.9829161167144775,
                    -0.16327811777591705,
                    0.08494805544614792
                ],
                [
                    0.15771013498306274,
                    0.9850983619689941,
                    0.06862001121044159
                ],
                [
                    -0.09488634020090103,
                    -0.054050542414188385,
                    0.9940196871757507
                ]
            ],
            [
                [
                    0.9700255393981934,
                    -0.22303780913352966,
                    -0.0964597538113594
                ],
                [
                    0.21068285405635834,
                    0.9697177410125732,
                    -0.12353277951478958
                ],
                [
                    0.12109120190143585,
                    0.09950754791498184,
                    0.9876412153244019
                ]
            ],
            [
                [
                    0.9991284608840942,
                    -0.027678027749061584,
                    -0.031244652345776558
                ],
                [
                    0.03577718511223793,
                    0.9534352421760559,
                    0.2994682788848877
                ],
                [
                    0.021501056849956512,
                    -0.3003251254558563,
                    0.9535945057868958
                ]
            ],
            [
                [
                    0.9073796272277832,
                    -0.37522631883621216,
                    0.18938714265823364
                ],
                [
                    0.3805438280105591,
                    0.924720287322998,
                    0.00887933000922203
                ],
                [
                    -0.17846187949180603,
                    0.06401319056749344,
                    0.9818624258041382
                ]
            ],
            [
                [
                    0.9435691237449646,
                    -0.32842957973480225,
                    -0.042558345943689346
                ],
                [
                    0.32156798243522644,
                    0.9393281936645508,
                    -0.11940108239650726
                ],
                [
                    0.07919110357761383,
                    0.09897778183221817,
                    0.9919335246086121
                ]
            ],
            [
                [
                    0.9552728533744812,
                    -0.29463332891464233,
                    -0.025396982207894325
                ],
                [
                    0.2838536202907562,
                    0.8894451260566711,
                    0.3582100570201874
                ],
                [
                    -0.08295139670372009,
                    -0.34939733147621155,
                    0.9332955479621887
                ]
            ],
            [
                [
                    0.8677632808685303,
                    -0.4600660800933838,
                    0.18795272707939148
                ],
                [
                    0.3290005326271057,
                    0.8152496814727783,
                    0.4765779972076416
                ],
                [
                    -0.3724857568740845,
                    -0.35172027349472046,
                    0.8588057160377502
                ]
            ],
            [
                [
                    0.9443368911743164,
                    -0.3220163583755493,
                    -0.06732980906963348
                ],
                [
                    0.3074929714202881,
                    0.9367271065711975,
                    -0.16730326414108276
                ],
                [
                    0.11694404482841492,
                    0.1372871994972229,
                    0.9836037158966064
                ]
            ],
            [
                [
                    0.9738101363182068,
                    -0.22736169397830963,
                    0.0007428348762914538
                ],
                [
                    0.2065747082233429,
                    0.8861329555511475,
                    0.41484373807907104
                ],
                [
                    -0.09497782588005066,
                    -0.4038255512714386,
                    0.9098924398422241
                ]
            ],
            [
                [
                    0.7986735701560974,
                    -0.561389148235321,
                    0.21670889854431152
                ],
                [
                    0.5212967395782471,
                    0.8253559470176697,
                    0.2168808877468109
                ],
                [
                    -0.3006165623664856,
                    -0.06024741008877754,
                    0.951840341091156
                ]
            ],
            [
                [
                    0.9943357110023499,
                    0.09905897825956345,
                    -0.03851894289255142
                ],
                [
                    -0.09959397464990616,
                    0.741848886013031,
                    -0.663129985332489
                ],
                [
                    -0.037113748490810394,
                    0.6632101535797119,
                    0.7475125193595886
                ]
            ],
            [
                [
                    0.8873159885406494,
                    -0.44608184695243835,
                    -0.11696679890155792
                ],
                [
                    0.45226332545280457,
                    0.7921539545059204,
                    0.40981706976890564
                ],
                [
                    -0.09015626460313797,
                    -0.4165370762348175,
                    0.904637336730957
                ]
            ],
            [
                [
                    0.9904780983924866,
                    0.0718991756439209,
                    0.117403544485569
                ],
                [
                    -0.03865068778395653,
                    0.9637170433998108,
                    -0.26411277055740356
                ],
                [
                    -0.13213327527046204,
                    0.2570601999759674,
                    0.9573195576667786
                ]
            ]
        ],
        "betas": [
            0.029595494270324707,
            -0.04644492268562317,
            -0.015030592679977417,
            -0.02429237961769104,
            0.06825914978981018,
            0.030098194256424904,
            0.05642516911029816,
            -0.017483651638031006,
            0.027726486325263977,
            -0.02887362241744995
        ]
    },
    "pred_cam_t": [
        -0.06020452082157135,
        -0.05724581331014633,
        4.577605247497559
    ],
    "focal_length": [
        5000.0,
        5000.0
    ],
    "pred_keypoints_3d": [
        [
            0.09560589492321014,
            0.006370937451720238,
            0.006194128189235926
        ],
        [
            0.09263165295124054,
            -0.00022724084556102753,
            -0.03159074857831001
        ],
        [
            0.09021235257387161,
            -0.0033822963014245033,
            -0.062042977660894394
        ],
        [
            0.09019802510738373,
            0.0034969253465533257,
            -0.0882115438580513
        ],
        [
            0.09356852620840073,
            0.004000912420451641,
            -0.12399822473526001
        ],
        [
            0.04571691155433655,
            0.028692105785012245,
            -0.06599114090204239
        ],
        [
            0.022876497358083725,
            0.048474788665771484,
            -0.0792282372713089
        ],
        [
            0.012494898401200771,
            0.06489457190036774,
            -0.08993158489465714
        ],
        [
            0.00212135910987854,
            0.08291275799274445,
            -0.10413364320993423
        ],
        [
            0.0392787829041481,
            0.05067630857229233,
            -0.05563250929117203
        ],
        [
            0.02439168468117714,
            0.07268096506595612,
            -0.07292001694440842
        ],
        [
            0.017678827047348022,
            0.08989395946264267,
            -0.08705008029937744
        ],
        [
            0.013513539917767048,
            0.10469977557659149,
            -0.1076003909111023
        ],
        [
            0.04953652247786522,
            0.06552378833293915,
            -0.03597934544086456
        ],
        [
            0.03791005164384842,
            0.08585172891616821,
            -0.05278840288519859
        ],
        [
            0.03917473927140236,
            0.10499174892902374,
            -0.0684361457824707
        ],
        [
            0.04676783084869385,
            0.11557835340499878,
            -0.08959248661994934
        ],
        [
            0.0625038743019104,
            0.0757426843047142,
            -0.02174467034637928
        ],
        [
            0.056446801871061325,
            0.09531348943710327,
            -0.026804359629750252
        ],
        [
            0.05975685268640518,
            0.11214827746152878,
            -0.03481201082468033
        ],
        [
            0.06852183490991592,
            0.12104181945323944,
            -0.04911518096923828
        ]
    ],
    "pred_vertices": [
        [
            0.0786009132862091,
            0.0192917101085186,
            -0.04499360918998718
        ],
        [
            0.0864584669470787,
            0.016040997579693794,
            -0.039023369550704956
        ],
        [
            0.08604230731725693,
            0.014269119128584862,
            -0.04981347173452377
        ],
        [
            0.07783433794975281,
            0.016582155600190163,
            -0.054611802101135254
        ],
        [
            0.10561194270849228,
            0.007255260366946459,
            -0.0419628880918026
        ],
        [
            0.11001504957675934,
            -0.004278706386685371,
            -0.04113130271434784
        ],
        [
            0.10575948655605316,
            -0.003005293197929859,
            -0.05723672732710838
        ],
        [
            0.1038152426481247,
            0.0070359366945922375,
            -0.055559612810611725
        ],
        [
            0.07578666508197784,
            0.013414130546152592,
            -0.06192808225750923
        ],
        [
            0.08566269278526306,
            0.012877801433205605,
            -0.058198511600494385
        ],
        [
            0.07379595935344696,
            0.009155984967947006,
            -0.0636264979839325
        ],
        [
            0.06001516431570053,
            0.008496980182826519,
            -0.06326418370008469
        ],
        [
            0.06524446606636047,
            0.013585487380623817,
            -0.06379034370183945
        ],
        [
            0.051814254373311996,
            0.011483538895845413,
            -0.06467007100582123
        ],
        [
            0.05667005479335785,
            0.001978021115064621,
            -0.05466940626502037
        ],
        [
            0.04567703232169151,
            0.011300580576062202,
            -0.05733136832714081
        ],
        [
            0.050061579793691635,
            0.015020793303847313,
            -0.028332654386758804
        ],
        [
            0.05195002257823944,
            0.02426811307668686,
            -0.01863928511738777
        ],
        [
            0.04303576424717903,
            0.033129528164863586,
            -0.029139773920178413
        ],
        [
            0.04268171265721321,
            0.023213183507323265,
            -0.038344815373420715
        ],
        [
            0.05270657315850258,
            0.04422381520271301,
            -0.014755316078662872
        ],
        [
            0.04656610265374184,
            0.03872961923480034,
            -0.023097991943359375
        ],
        [
            0.05473123490810394,
            0.029488570988178253,
            -0.01193145290017128
        ],
        [
            0.05991943180561066,
            0.03505506366491318,
            -0.005088791251182556
        ],
        [
            0.08174961805343628,
            0.026187365874648094,
            -0.03014969825744629
        ],
        [
            0.08900798857212067,
            0.022530654445290565,
            -0.023279231041669846
        ],
        [
            0.0871843472123146,
            0.01953231729567051,
            -0.02820271998643875
        ],
        [
            0.08060765266418457,
            0.022945905104279518,
            -0.034690748900175095
        ],
        [
            0.0781766027212143,
            -0.0003646593540906906,
            -0.06863387674093246
        ],
        [
            0.07223859429359436,
            -0.005728535354137421,
            -0.058334559202194214
        ],
        [
            0.07038569450378418,
            0.0016198959201574326,
            -0.06131237745285034
        ],
        [
            0.08026780188083649,
            0.0048850588500499725,
            -0.06925362348556519
        ],
        [
            0.11154510080814362,
            0.020655039697885513,
            -0.004884097725152969
        ],
        [
            0.11402612179517746,
            0.011711984872817993,
            0.0048338137567043304
        ],
        [
            0.11298080533742905,
            0.0069629959762096405,
            0.0015744119882583618
        ],
        [
            0.11044731736183167,
            0.016193751245737076,
            -0.006385434418916702
        ],
        [
            0.11187098920345306,
            -0.005158180370926857,
            -0.017682593315839767
        ],
        [
            0.11081194877624512,
            -0.008354637771844864,
            -0.007603839039802551
        ],
        [
            0.10637351870536804,
            -0.021210120990872383,
            -0.00501607358455658
        ],
        [
            0.10415284335613251,
            -0.01955549232661724,
            -0.01472337543964386
        ],
        [
            0.11161673069000244,
            -0.00410383939743042,
            -0.02976798638701439
        ],
        [
            0.10662669688463211,
            -0.017004571855068207,
            -0.027379754930734634
        ],
        [
            0.10573778301477432,
            -0.01511232927441597,
            -0.040121808648109436
        ],
        [
            0.1023968756198883,
            -0.011824451386928558,
            -0.05746377259492874
        ],
        [
            0.11381222307682037,
            0.02116778865456581,
            0.01349533349275589
        ],
        [
            0.11244317889213562,
            0.02912696823477745,
            0.007422156631946564
        ],
        [
            0.026230931282043457,
            0.051466312259435654,
            -0.08983888477087021
        ],
        [
            0.027532372623682022,
            0.05616045743227005,
            -0.08663711696863174
        ],
        [
            0.03138931840658188,
            0.05219770967960358,
            -0.08485489338636398
        ],
        [
            0.02914820984005928,
            0.048190321773290634,
            -0.08821195363998413
        ],
        [
            0.0987803041934967,
            0.03037414327263832,
            0.023256465792655945
        ],
        [
            0.08998033404350281,
            0.02721397578716278,
            0.02709323540329933
        ],
        [
            0.09527460485696793,
            0.02460324391722679,
            0.03137084096670151
        ],
        [
            0.10350596904754639,
            0.0258377306163311,
            0.02695782482624054
        ],
        [
            0.09262411296367645,
            0.03629143536090851,
            0.018139366060495377
        ],
        [
            0.0831415057182312,
            0.030616503208875656,
            0.020481985062360764
        ],
        [
            0.015928152948617935,
            0.04599326103925705,
            -0.08519832044839859
        ],
        [
            0.019126100465655327,
            0.046299275010824203,
            -0.0891529768705368
        ],
        [
            0.021190686151385307,
            0.04247530549764633,
            -0.08640861511230469
        ],
        [
            0.01864168979227543,
            0.04238264262676239,
            -0.0816914364695549
        ],
        [
            0.06972214579582214,
            0.018411915749311447,
            -0.05950070917606354
        ],
        [
            0.07268758118152618,
            0.023119445890188217,
            -0.051488593220710754
        ],
        [
            0.0561206080019474,
            0.028494227677583694,
            -0.07025095820426941
        ],
        [
            0.06298267841339111,
            0.026716239750385284,
            -0.06103774532675743
        ],
        [
            0.06199375540018082,
            0.0202688816934824,
            -0.06483528763055801
        ],
        [
            0.055039986968040466,
            0.022028060629963875,
            -0.07107991725206375
        ],
        [
            0.06787083297967911,
            0.04018227010965347,
            -0.04174927622079849
        ],
        [
            0.07476617395877838,
            0.03391675651073456,
            -0.03451906889677048
        ],
        [
            0.07287521660327911,
            0.03030075505375862,
            -0.039758000522851944
        ],
        [
            0.06578002125024796,
            0.036105722188949585,
            -0.04908836632966995
        ],
        [
            0.0798412635922432,
            0.04408571869134903,
            -0.026076115667819977
        ],
        [
            0.07229577004909515,
            0.04935852438211441,
            -0.033718980848789215
        ],
        [
            0.07603013515472412,
            0.054631393402814865,
            -0.028170069679617882
        ],
        [
            0.0815364420413971,
            0.05012468248605728,
            -0.024151654914021492
        ],
        [
            0.057859569787979126,
            0.05590209364891052,
            -0.04806328937411308
        ],
        [
            0.051206741482019424,
            0.05922364071011543,
            -0.05178869515657425
        ],
        [
            0.05186506360769272,
            0.06226993724703789,
            -0.04995473474264145
        ],
        [
            0.05858134478330612,
            0.05820019543170929,
            -0.04526936635375023
        ],
        [
            0.09957341104745865,
            0.02131352201104164,
            0.03592200204730034
        ],
        [
            0.10751578211784363,
            0.020714476704597473,
            0.030147526413202286
        ],
        [
            0.06505024433135986,
            0.05706704407930374,
            -0.002831205725669861
        ],
        [
            0.07515285909175873,
            0.06088312715291977,
            -0.0003225840628147125
        ],
        [
            0.06952044367790222,
            0.06967682391405106,
            -0.006229933351278305
        ],
        [
            0.06016668677330017,
            0.06332970410585403,
            -0.007378771901130676
        ],
        [
            0.08185593038797379,
            0.020894482731819153,
            0.025670789182186127
        ],
        [
            0.08654823899269104,
            0.019590944051742554,
            0.031834736466407776
        ],
        [
            0.014400994405150414,
            0.048750609159469604,
            -0.07990380376577377
        ],
        [
            0.017941463738679886,
            0.045428309589624405,
            -0.07655686140060425
        ],
        [
            0.0952025055885315,
            -0.021537987515330315,
            -0.03504258394241333
        ],
        [
            0.09449702501296997,
            -0.017183315008878708,
            -0.05592760443687439
        ],
        [
            0.09529982507228851,
            -0.02310969866812229,
            -0.019495703279972076
        ],
        [
            0.09486071765422821,
            -0.023830130696296692,
            -0.008748218417167664
        ],
        [
            0.09654009342193604,
            -0.026578590273857117,
            -0.0006681010127067566
        ],
        [
            0.0614066943526268,
            0.03337604179978371,
            -0.06022876501083374
        ],
        [
            0.07502932846546173,
            0.025321105495095253,
            -0.042515650391578674
        ],
        [
            0.08322644233703613,
            0.02956336922943592,
            -0.026583515107631683
        ],
        [
            0.09312579035758972,
            0.0547122098505497,
            -0.012017466127872467
        ],
        [
            0.09980587661266327,
            0.04876844212412834,
            -0.006165709346532822
        ],
        [
            0.09621749818325043,
            0.04371204972267151,
            -0.014712180942296982
        ],
        [
            0.09055909514427185,
            0.04982975497841835,
            -0.017707569524645805
        ],
        [
            0.0831756740808487,
            0.06444679945707321,
            -0.004542846232652664
        ],
        [
            0.08594051003456116,
            0.063908152282238,
            -0.01195254735648632
        ],
        [
            0.08010347187519073,
            0.06957609206438065,
            -0.016844602301716805
        ],
        [
            0.0773397758603096,
            0.07117404788732529,
            -0.01007070206105709
        ],
        [
            0.07969990372657776,
            -0.007883962243795395,
            -0.06993415206670761
        ],
        [
            0.07571341097354889,
            -0.01250380277633667,
            -0.0561404749751091
        ],
        [
            0.10721906274557114,
            0.03074703738093376,
            0.0169018916785717
        ],
        [
            0.11048257350921631,
            0.0243426151573658,
            0.019767146557569504
        ],
        [
            0.11290951073169708,
            0.01830660179257393,
            0.025118455290794373
        ],
        [
            0.10072045028209686,
            0.020868824794888496,
            -0.015055149793624878
        ],
        [
            0.10983474552631378,
            0.013120606541633606,
            -0.007524378597736359
        ],
        [
            0.10923442244529724,
            0.010379619896411896,
            -0.010897871106863022
        ],
        [
            0.09894581139087677,
            0.018731415271759033,
            -0.0167737677693367
        ],
        [
            0.09663987904787064,
            0.014417446218430996,
            -0.033472564071416855
        ],
        [
            0.10724623501300812,
            0.00817563571035862,
            -0.027751870453357697
        ],
        [
            0.0960235670208931,
            0.014130293391644955,
            -0.045606836676597595
        ],
        [
            0.11253876984119415,
            -0.00039865076541900635,
            -0.00167064368724823
        ],
        [
            0.11726170033216476,
            0.0003565475344657898,
            0.008161865174770355
        ],
        [
            0.11544843763113022,
            -0.007329173386096954,
            0.004107460379600525
        ],
        [
            0.1174861267209053,
            0.007961813360452652,
            0.014334101229906082
        ],
        [
            0.11626607179641724,
            0.014514129608869553,
            0.02026209980249405
        ],
        [
            0.08910845220088959,
            0.016651462763547897,
            0.03940398246049881
        ],
        [
            0.11200085282325745,
            -0.014134466648101807,
            0.0006094202399253845
        ],
        [
            0.10153461992740631,
            0.005750677548348904,
            -0.06492959707975388
        ],
        [
            0.09985813498497009,
            0.004840517416596413,
            -0.0728193148970604
        ],
        [
            0.09409652650356293,
            0.009494390338659286,
            -0.07101734727621078
        ],
        [
            0.09481066465377808,
            0.010722814127802849,
            -0.06336355209350586
        ],
        [
            0.04289381206035614,
            0.016213390976190567,
            -0.06775999069213867
        ],
        [
            0.04948793351650238,
            0.018371857702732086,
            -0.07159034162759781
        ],
        [
            0.05841667205095291,
            0.013758196495473385,
            -0.0665048137307167
        ],
        [
            0.10670776665210724,
            0.030520275235176086,
            -0.008469484746456146
        ],
        [
            0.10789629817008972,
            0.03731175884604454,
            0.0020139627158641815
        ],
        [
            0.053895846009254456,
            0.03482145816087723,
            -0.06879899650812149
        ],
        [
            0.01979881152510643,
            0.03934529423713684,
            -0.07804526388645172
        ],
        [
            0.022739499807357788,
            0.03873785212635994,
            -0.08310490846633911
        ],
        [
            0.031985945999622345,
            0.027269965037703514,
            -0.07469560950994492
        ],
        [
            0.027917712926864624,
            0.028790099546313286,
            -0.0696975514292717
        ],
        [
            0.04417604207992554,
            0.04136694595217705,
            -0.06727603822946548
        ],
        [
            0.048474956303834915,
            0.037779923528432846,
            -0.07055579870939255
        ],
        [
            0.045170798897743225,
            0.039831340312957764,
            -0.07058771699666977
        ],
        [
            0.04185328260064125,
            0.04430601745843887,
            -0.06742633134126663
        ],
        [
            0.05651622638106346,
            0.06590002030134201,
            -0.04266711324453354
        ],
        [
            0.06219468265771866,
            0.06276223063468933,
            -0.0389237254858017
        ],
        [
            0.037695709615945816,
            0.03303731605410576,
            -0.04935512691736221
        ],
        [
            0.03655567392706871,
            0.020460549741983414,
            -0.053435031324625015
        ],
        [
            0.04276352375745773,
            0.014968203380703926,
            -0.046834640204906464
        ],
        [
            0.07051603496074677,
            0.04477478563785553,
            -0.036497484892606735
        ],
        [
            0.06443218141794205,
            0.05116206407546997,
            -0.04258989915251732
        ],
        [
            0.06544436514377594,
            0.05410236120223999,
            -0.03981775417923927
        ],
        [
            0.058779772371053696,
            0.0376439206302166,
            -0.06018702685832977
        ],
        [
            0.05255204439163208,
            0.03981930762529373,
            -0.0656404122710228
        ],
        [
            0.0545608326792717,
            0.04219137504696846,
            -0.0605367086827755
        ],
        [
            0.06002804636955261,
            0.040344756096601486,
            -0.0550725981593132
        ],
        [
            0.08069990575313568,
            0.052147239446640015,
            0.00742606446146965
        ],
        [
            0.09029345214366913,
            0.056516047567129135,
            0.002736952155828476
        ],
        [
            0.023043779656291008,
            0.04810663312673569,
            -0.09081657975912094
        ],
        [
            0.025418603792786598,
            0.04449709132313728,
            -0.08864140510559082
        ],
        [
            0.07721781730651855,
            0.038531482219696045,
            -0.029505319893360138
        ],
        [
            0.05106009915471077,
            0.008239001035690308,
            -0.03789560869336128
        ],
        [
            0.08511272072792053,
            0.03334096074104309,
            -0.023037079721689224
        ],
        [
            0.04966910928487778,
            0.06355205923318863,
            -0.024097776040434837
        ],
        [
            0.054083388298749924,
            0.06946626305580139,
            -0.0263112410902977
        ],
        [
            0.05076165497303009,
            0.07098934799432755,
            -0.030973579734563828
        ],
        [
            0.04552725702524185,
            0.0682573914527893,
            -0.02947009727358818
        ],
        [
            0.03187774866819382,
            0.05379059910774231,
            -0.07259848713874817
        ],
        [
            0.03410187363624573,
            0.05294007807970047,
            -0.07780926674604416
        ],
        [
            0.031369756907224655,
            0.05601596087217331,
            -0.0798887312412262
        ],
        [
            0.028702104464173317,
            0.056800685822963715,
            -0.07493359595537186
        ],
        [
            0.04896660894155502,
            0.03281103074550629,
            -0.07353531569242477
        ],
        [
            0.0477670393884182,
            0.026557888835668564,
            -0.07517959922552109
        ],
        [
            0.04257293418049812,
            0.031991396099328995,
            -0.07754208892583847
        ],
        [
            0.04431796446442604,
            0.036622725427150726,
            -0.07444465160369873
        ],
        [
            0.04183735325932503,
            0.02342374622821808,
            -0.07463095337152481
        ],
        [
            0.037516772747039795,
            0.028335636481642723,
            -0.07737482339143753
        ],
        [
            0.027170153334736824,
            0.051471956074237823,
            -0.06880386173725128
        ],
        [
            0.02172081358730793,
            0.04627632722258568,
            -0.06863483786582947
        ],
        [
            0.02964591793715954,
            0.03858600929379463,
            -0.06114926561713219
        ],
        [
            0.034976664930582047,
            0.04408935084939003,
            -0.06395074725151062
        ],
        [
            0.06611273437738419,
            0.025755632668733597,
            0.00475914403796196
        ],
        [
            0.07168970257043839,
            0.03353216126561165,
            0.010431081056594849
        ],
        [
            0.06564792990684509,
            0.04297862946987152,
            0.0008274242281913757
        ],
        [
            0.05921681225299835,
            0.05221839249134064,
            -0.007616501301527023
        ],
        [
            0.05376097559928894,
            0.060481518507003784,
            -0.01701243408024311
        ],
        [
            0.045914601534605026,
            0.05231610685586929,
            -0.02184576541185379
        ],
        [
            0.07077188789844513,
            0.04748066887259483,
            0.005150295794010162
        ],
        [
            0.03975335881114006,
            0.04143611341714859,
            -0.06033855304121971
        ],
        [
            0.03575792908668518,
            0.03307516872882843,
            -0.056991495192050934
        ],
        [
            0.03682152181863785,
            0.037997767329216,
            -0.05524131655693054
        ],
        [
            0.0884237289428711,
            0.03919161856174469,
            -0.019863147288560867
        ],
        [
            0.026844993233680725,
            0.040201108902692795,
            -0.085714191198349
        ],
        [
            0.07812255620956421,
            -0.01650756597518921,
            0.0055394768714904785
        ],
        [
            0.07523080706596375,
            -0.006968814879655838,
            0.014388635754585266
        ],
        [
            0.07167018949985504,
            -0.004127435386180878,
            0.006873726844787598
        ],
        [
            0.07557171583175659,
            -0.014498228207230568,
            -0.003397047519683838
        ],
        [
            0.03421762213110924,
            0.04871421307325363,
            -0.08317577093839645
        ],
        [
            0.03164507448673248,
            0.044051576405763626,
            -0.08636970072984695
        ],
        [
            0.06273169070482254,
            0.06847437471151352,
            -0.03501976653933525
        ],
        [
            0.057239215821027756,
            0.06984753161668777,
            -0.03832172602415085
        ],
        [
            0.055164635181427,
            0.07238077372312546,
            -0.03575960919260979
        ],
        [
            0.06102572754025459,
            0.07424504309892654,
            -0.03227641060948372
        ],
        [
            0.07579347491264343,
            0.03647375851869583,
            0.013495177030563354
        ],
        [
            0.06576128304004669,
            0.07466567307710648,
            -0.009469671174883842
        ],
        [
            0.05749528110027313,
            0.06943545490503311,
            -0.010552383959293365
        ],
        [
            0.07692228257656097,
            0.024888936430215836,
            0.018621675670146942
        ],
        [
            0.07161845266819,
            0.017987456172704697,
            0.014171358197927475
        ],
        [
            0.07586514204740524,
            0.012845862656831741,
            0.02125440537929535
        ],
        [
            0.03940960019826889,
            0.048216186463832855,
            -0.03539515286684036
        ],
        [
            0.06177041679620743,
            0.021281979978084564,
            -0.0012706294655799866
        ],
        [
            0.06852806359529495,
            0.013459257781505585,
            0.008814737200737
        ],
        [
            0.07345854490995407,
            0.0070858485996723175,
            0.017034880816936493
        ],
        [
            0.07666278630495071,
            0.003026127815246582,
            0.02360324189066887
        ],
        [
            0.07912573218345642,
            0.009775198996067047,
            0.027477048337459564
        ],
        [
            0.019839605316519737,
            0.04263569042086601,
            -0.07269318401813507
        ],
        [
            0.019217096269130707,
            0.050019729882478714,
            -0.07209130376577377
        ],
        [
            0.08151727169752121,
            0.006367933005094528,
            0.035585857927799225
        ],
        [
            0.07923947274684906,
            -0.001081179827451706,
            0.03053707629442215
        ],
        [
            0.06612905859947205,
            0.007401704788208008,
            0.002314392477273941
        ],
        [
            0.06470328569412231,
            1.6316771507263184e-05,
            -0.006197042763233185
        ],
        [
            0.0598764605820179,
            0.015315912663936615,
            -0.007285062223672867
        ],
        [
            0.057680174708366394,
            0.008676920086145401,
            -0.016451317816972733
        ],
        [
            0.036266349256038666,
            0.03841538354754448,
            -0.03739934414625168
        ],
        [
            0.011667231097817421,
            0.06426969170570374,
            -0.08058805763721466
        ],
        [
            0.018962278962135315,
            0.05807358771562576,
            -0.07479003071784973
        ],
        [
            0.023701682686805725,
            0.06029815599322319,
            -0.07717762887477875
        ],
        [
            0.01505010761320591,
            0.06671526283025742,
            -0.08117116987705231
        ],
        [
            0.024199292063713074,
            0.054622404277324677,
            -0.07177890092134476
        ],
        [
            0.015631821006536484,
            0.05339387431740761,
            -0.07546894252300262
        ],
        [
            0.059875477105379105,
            -0.00026895664632320404,
            -0.028159059584140778
        ],
        [
            0.047944579273462296,
            0.044761158525943756,
            -0.06414826959371567
        ],
        [
            0.0704483762383461,
            -0.010713661089539528,
            -0.019285235553979874
        ],
        [
            0.06214913725852966,
            -0.006398119032382965,
            -0.04501746967434883
        ],
        [
            0.07207101583480835,
            -0.01366913691163063,
            -0.03923323377966881
        ],
        [
            0.08261598646640778,
            -0.02167348749935627,
            -0.012061245739459991
        ],
        [
            0.08266475051641464,
            -0.02155477926135063,
            -0.029135599732398987
        ],
        [
            0.08726891875267029,
            -0.025029543787240982,
            0.004865430295467377
        ],
        [
            0.08404341340065002,
            -0.022333374246954918,
            -0.002776816487312317
        ],
        [
            0.08380930125713348,
