{
    "pred_cam": [
        8.411422729492188,
        0.15909385681152344,
        -0.012315601110458374
    ],
    "pred_mano_params": {
        "global_orient": [
            [
                [
                    -0.9761015772819519,
                    0.19439925253391266,
                    -0.09713207185268402
                ],
                [
                    0.06278286874294281,
                    -0.17564329504966736,
                    -0.9824499487876892
                ],
                [
                    -0.20804814994335175,
                    -0.9650691151618958,
                    0.1592407524585724
                ]
            ]
        ],
        "hand_pose": [
            [
                [
                    0.9829225540161133,
                    -0.1812409609556198,
                    0.03185909241437912
                ],
                [
                    0.17682227492332458,
                    0.9781615734100342,
                    0.10924190282821655
                ],
                [
                    -0.05096244812011719,
                    -0.1017429307103157,
                    0.993504524230957
                ]
            ],
            [
                [
                    0.2913581430912018,
                    -0.9159826636314392,
                    0.2758372128009796
                ],
                [
                    0.9565136432647705,
                    0.283131867647171,
                    -0.07012864202260971
                ],
                [
                    -0.013861695304512978,
                    0.2842745780944824,
                    0.9586426615715027
                ]
            ],
            [
                [
                    0.8696828484535217,
                    -0.46718573570251465,
                    0.1593400090932846
                ],
                [
                    0.4421222507953644,
                    0.8808092474937439,
                    0.16941967606544495
                ],
                [
                    -0.21949858963489532,
                    -0.07689361274242401,
                    0.9725779294967651
                ]
            ],
            [
                [
                    0.8543791174888611,
                    -0.5179744362831116,
                    0.04170125350356102
                ],
                [
                    0.4960942566394806,
                    0.8369065523147583,
                    0.23125317692756653
                ],
                [
                    -0.15468323230743408,
                    -0.17689010500907898,
                    0.9719996452331543
                ]
            ],
            [
                [
                    0.4054679274559021,
                    -0.87848299741745,
                    -0.2527121901512146
                ],
                [
                    0.9123053550720215,
                    0.37153691053390503,
                    0.17221851646900177
                ],
                [
                    -0.05739911273121834,
                    -0.30037978291511536,
                    0.9520910978317261
                ]
            ],
            [
                [
                    0.9507204294204712,
                    -0.3038894534111023,
                    0.061496831476688385
                ],
                [
                    0.3069399297237396,
                    0.950506865978241,
                    -0.04821470379829407
                ],
                [
                    -0.043801214545965195,
                    0.06471453607082367,
                    0.9969421029090881
                ]
            ],
            [
                [
                    0.9665942788124084,
                    -0.1725878119468689,
                    0.18949627876281738
                ],
                [
                    0.1843673586845398,
                    0.9817677736282349,
                    -0.04626641049981117
                ],
                [
                    -0.17805634438991547,
                    0.07965779304504395,
                    0.9807906746864319
                ]
            ],
            [
                [
                    0.8918696641921997,
                    -0.4508911967277527,
                    0.03557520732283592
                ],
                [
                    0.3727946877479553,
                    0.7773701548576355,
                    0.5066751837730408
                ],
                [
                    -0.2561104893684387,
                    -0.4386260211467743,
                    0.861402690410614
                ]
            ],
            [
                [
                    0.9537377953529358,
                    -0.29183632135391235,
                    0.07222051918506622
                ],
                [
                    0.2597914934158325,
                    0.9209164381027222,
                    0.29055342078208923
                ],
                [
                    -0.15130311250686646,
                    -0.2583495080471039,
                    0.9541293978691101
                ]
            ],
            [
                [
                    0.9128672480583191,
                    -0.40618565678596497,
                    -0.04106787592172623
                ],
                [
                    0.40578150749206543,
                    0.9137905836105347,
                    -0.018115272745490074
                ],
                [
                    0.04488559812307358,
                    -0.00012774391507264227,
                    0.9989921450614929
                ]
            ],
            [
                [
                    0.5191810131072998,
                    -0.8369625210762024,
                    -0.1730460524559021
                ],
                [
                    0.747909426689148,
                    0.3469325304031372,
                    0.5659235715866089
                ],
                [
                    -0.4136214554309845,
                    -0.42323946952819824,
                    0.8060929179191589
                ]
            ],
            [
                [
                    0.9095575213432312,
                    -0.4155605137348175,
                    -0.0038234747480601072
                ],
                [
                    0.41553983092308044,
                    0.9093102812767029,
                    0.02194376476109028
                ],
                [
                    -0.0056422376073896885,
                    -0.021547921001911163,
                    0.9997519254684448
                ]
            ],
            [
                [
                    0.999068021774292,
                    -0.011973993852734566,
                    -0.04147025942802429
                ],
                [
                    -0.031428173184394836,
                    0.4567713737487793,
                    -0.8890288472175598
                ],
                [
                    0.02958764135837555,
                    0.889503538608551,
                    0.45596936345100403
                ]
            ],
            [
                [
                    0.8511233329772949,
                    -0.19499191641807556,
                    -0.48740866780281067
                ],
                [
                    0.3872978389263153,
                    0.860003650188446,
                    0.332256019115448
                ],
                [
                    0.35438603162765503,
                    -0.4715631902217865,
                    0.8074890971183777
                ]
            ],
            [
                [
                    0.6478802561759949,
                    -0.7616464495658875,
                    0.012074674479663372
                ],
                [
                    0.7275663614273071,
                    0.6140404343605042,
                    -0.3059435784816742
                ],
                [
                    0.2256065160036087,
                    0.20699994266033173,
                    0.9519729614257812
                ]
            ]
        ],
        "betas": [
            -0.08633065223693848,
            -0.09076634049415588,
            0.02131199836730957,
            -0.06823274493217468,
            0.0674276351928711,
            0.009905841201543808,
            0.08419828116893768,
            -0.03446012735366821,
            0.005521848797798157,
            -0.03876948356628418
        ]
    },
    "pred_cam_t": [
        -0.15909385681152344,
        -0.012315601110458374,
        4.643982410430908
    ],
    "focal_length": [
        5000.0,
        5000.0
    ],
    "pred_keypoints_3d": [
        [
            0.0961313247680664,
            0.006414021365344524,
            0.006236025132238865
        ],
        [
            0.1141771599650383,
            -0.01787726581096649,
            0.030390184372663498
        ],
        [
            0.12936192750930786,
            -0.026520688086748123,
            0.05583954602479935
        ],
        [
            0.15272971987724304,
            -0.021277695894241333,
            0.06869203597307205
        ],
        [
            0.16307300329208374,
            -0.005254259333014488,
            0.09625868499279022
        ],
        [
            0.17945721745491028,
            -0.01860068365931511,
            0.03299441561102867
        ],
        [
            0.21090425550937653,
            -0.023824550211429596,
            0.042004603892564774
        ],
        [
            0.20762571692466736,
            -0.022264882922172546,
            0.06398125737905502
        ],
        [
            0.19407042860984802,
            -0.02195030264556408,
            0.08451924473047256
        ],
        [
            0.18900683522224426,
            0.00404322799295187,
            0.02691209688782692
        ],
        [
            0.21339623630046844,
            0.005858182907104492,
            0.04734044149518013
        ],
        [
            0.2035880982875824,
            0.007198544684797525,
            0.06852936744689941
        ],
        [
            0.19051027297973633,
            0.006427565589547157,
            0.09083449095487595
        ],
        [
            0.17819732427597046,
            0.028308242559432983,
            0.02284124121069908
        ],
        [
            0.20300401747226715,
            0.034552451223134995,
            0.03656885027885437
        ],
        [
            0.19753828644752502,
            0.03505486249923706,
            0.06086479127407074
        ],
        [
            0.18760809302330017,
            0.033165037631988525,
            0.08428259193897247
        ],
        [
            0.16593164205551147,
            0.046519119292497635,
            0.02334241196513176
        ],
        [
            0.1848330795764923,
            0.054874151945114136,
            0.028250358998775482
        ],
        [
            0.19472628831863403,
            0.05931320786476135,
            0.043916791677474976
        ],
        [
            0.2007073163986206,
            0.05975431203842163,
            0.06238510459661484
        ]
    ],
    "pred_vertices": [
        [
            0.14024637639522552,
            -0.009970376268029213,
            0.03606200963258743
        ],
        [
            0.1301002949476242,
            -0.008166443556547165,
            0.034951671957969666
        ],
        [
            0.13507875800132751,
            -0.01237192191183567,
            0.042412567883729935
        ],
        [
            0.14440616965293884,
            -0.01591894030570984,
            0.04196499288082123
        ],
        [
            0.11390648782253265,
            -0.0072359610348939896,
            0.04697783291339874
        ],
        [
            0.10478846728801727,
            -0.015431990846991539,
            0.048195742070674896
        ],
        [
            0.11648299545049667,
            -0.019167378544807434,
            0.05928930640220642
        ],
        [
            0.12171965837478638,
            -0.010861692950129509,
            0.057015299797058105
        ],
        [
            0.14789587259292603,
            -0.02083924598991871,
            0.045207906514406204
        ],
        [
            0.1388736367225647,
            -0.015481251291930676,
            0.04845798388123512
        ],
        [
            0.14730481803417206,
            -0.024009201675653458,
            0.04334251955151558
        ],
        [
            0.15797530114650726,
            -0.03041715733706951,
            0.03551190719008446
        ],
        [
            0.15683522820472717,
            -0.025415245443582535,
            0.04014693200588226
        ],
        [
            0.1662411391735077,
            -0.03102656453847885,
            0.03206467255949974
        ],
        [
            0.15322245657444,
            -0.0335068553686142,
            0.026132695376873016
        ],
        [
            0.16760307550430298,
            -0.029473261907696724,
            0.022696353495121002
        ],
        [
            0.1517621874809265,
            -0.011873546056449413,
            0.00475701130926609
        ],
        [
            0.14961683750152588,
            0.0013263734290376306,
            0.0010380931198596954
        ],
        [
            0.16618457436561584,
            0.002473212080076337,
            0.004875862970948219
        ],
        [
            0.16649721562862396,
            -0.010706909000873566,
            0.009050758555531502
        ],
        [
            0.1561799943447113,
            0.0208247322589159,
            0.0036442261189222336
        ],
        [
            0.16273212432861328,
            0.010921625420451164,
            0.004296166822314262
        ],
        [
            0.14646503329277039,
            0.009672051295638084,
            -0.0007573887705802917
        ],
        [
            0.14158691465854645,
            0.01879737339913845,
            -0.001013992354273796
        ],
        [
            0.13349950313568115,
            0.003450816497206688,
            0.0291096530854702
        ],
        [
            0.12303529679775238,
            0.004568888805806637,
            0.0275418683886528
        ],
        [
            0.1255924105644226,
            -0.0010610567405819893,
            0.02874569408595562
        ],
        [
            0.13519421219825745,
            -0.0018835780210793018,
            0.030778512358665466
        ],
        [
            0.1429036557674408,
            -0.02910962700843811,
            0.047985535115003586
        ],
        [
            0.13892415165901184,
            -0.03571705147624016,
            0.03816188499331474
        ],
        [
            0.14499056339263916,
            -0.03087969496846199,
            0.0389866977930069
        ],
        [
            0.14372572302818298,
            -0.023920878767967224,
            0.04935605451464653
        ],
        [
            0.09590597450733185,
            0.016675813123583794,
            0.02825332060456276
        ],
        [
            0.0852275937795639,
            0.014033394865691662,
            0.020303528755903244
        ],
        [
            0.0855402946472168,
            0.00811496376991272,
            0.020712759345769882
        ],
        [
            0.09550639241933823,
            0.01169595681130886,
            0.027355758473277092
        ],
        [
            0.09103111177682877,
            -0.010019457899034023,
            0.030818942934274673
        ],
        [
            0.08494657278060913,
            -0.009794620797038078,
            0.022176381200551987
        ],
        [
            0.08134127408266068,
            -0.020411932840943336,
            0.014651194214820862
        ],
        [
            0.08851374685764313,
            -0.023311369121074677,
            0.021581338718533516
        ],
        [
            0.09823715686798096,
            -0.0123717300593853,
            0.03992075100541115
        ],
        [
            0.09443789720535278,
            -0.024590354412794113,
            0.03379038721323013
        ],
        [
            0.10208915919065475,
            -0.026288596913218498,
            0.04473407566547394
        ],
        [
            0.11548619717359543,
            -0.02845543809235096,
            0.05755244195461273
        ],
        [
            0.08529984951019287,
            0.0262908898293972,
            0.01626584678888321
        ],
        [
            0.09289269149303436,
            0.030084609985351562,
            0.021975202485919
        ],
        [
            0.19831368327140808,
            -0.026540415361523628,
            0.04955402761697769
        ],
        [
            0.19881701469421387,
            -0.02042614296078682,
            0.05072475224733353
        ],
        [
            0.198525533080101,
            -0.020297475159168243,
            0.05016466602683067
        ],
        [
            0.19829384982585907,
            -0.02615024894475937,
            0.04919689521193504
        ],
        [
            0.09591377526521683,
            0.0359310507774353,
            0.0018962901085615158
        ],
        [
            0.09923793375492096,
            0.033246833831071854,
            -0.007336243987083435
        ],
        [
            0.09196893870830536,
            0.034041039645671844,
            -0.007793698459863663
        ],
        [
            0.08849567919969559,
            0.03465227037668228,
            0.0009999275207519531
        ],
        [
            0.10572642087936401,
            0.03747597336769104,
            0.0032378695905208588
        ],
        [
            0.10918588191270828,
            0.03173951432108879,
            -0.005972689017653465
        ],
        [
            0.20989206433296204,
            -0.031273480504751205,
            0.046144984662532806
        ],
        [
            0.20498138666152954,
            -0.03228145092725754,
            0.04787753149867058
        ],
        [
            0.20502232015132904,
            -0.032054007053375244,
            0.044299714267253876
        ],
        [
            0.2092040330171585,
            -0.030270157381892204,
            0.04129873961210251
        ],
        [
            0.15366131067276,
            -0.018956851214170456,
            0.04096972197294235
        ],
        [
            0.14958690106868744,
            -0.010951382108032703,
            0.038099803030490875
        ],
        [
            0.17235372960567474,
            -0.01822032406926155,
            0.04243917018175125
        ],
        [
            0.1630663126707077,
            -0.01422053761780262,
            0.03964191675186157
        ],
        [
            0.16254961490631104,
            -0.021434281021356583,
            0.040066659450531006
        ],
        [
            0.17039282619953156,
            -0.02427227608859539,
            0.040611207485198975
        ],
        [
            0.15590791404247284,
            0.007346962578594685,
            0.03220992535352707
        ],
        [
            0.1443522721529007,
            0.006767977960407734,
            0.029797643423080444
        ],
        [
            0.14677861332893372,
            0.0007402780465781689,
            0.03149223327636719
        ],
        [
            0.1592872440814972,
            -8.293148130178452e-05,
            0.035192836076021194
        ],
        [
            0.14087314903736115,
            0.020578721538186073,
            0.029465725645422935
        ],
        [
            0.15269052982330322,
            0.019991427659988403,
            0.03150928020477295
        ],
        [
            0.1494852602481842,
            0.027959508821368217,
            0.031200291588902473
        ],
        [
            0.1413411796092987,
            0.027066731825470924,
            0.030690468847751617
        ],
        [
            0.1731652319431305,
            0.015820899978280067,
            0.034533727914094925
        ],
        [
            0.18071560561656952,
            0.015074843540787697,
            0.03540484979748726
        ],
        [
            0.18151693046092987,
            0.018656695261597633,
            0.034768469631671906
        ],
        [
            0.17234835028648376,
            0.019160009920597076,
            0.033618636429309845
        ],
        [
            0.08501238375902176,
            0.034181706607341766,
            -0.009267367422580719
        ],
        [
            0.08161333948373795,
            0.03250354900956154,
            -0.00013592466711997986
        ],
        [
            0.1464373916387558,
            0.039987705647945404,
            0.0062697287648916245
        ],
        [
            0.13921406865119934,
            0.046583641320466995,
            0.011869759298861027
        ],
        [
            0.15069176256656647,
            0.0503123439848423,
            0.015065038576722145
        ],
        [
            0.1552485227584839,
            0.04227186366915703,
            0.008226154372096062
        ],
        [
            0.10327287018299103,
            0.025479955598711967,
            -0.013088492676615715
        ],
        [
            0.09610683470964432,
            0.028181908652186394,
            -0.014974066987633705
        ],
        [
            0.21415753662586212,
            -0.026525508612394333,
            0.04489967226982117
        ],
        [
            0.2133708894252777,
            -0.025509316474199295,
            0.03996303677558899
        ],
        [
            0.10404596477746964,
            -0.0346364751458168,
            0.03353323042392731
        ],
        [
            0.11782696843147278,
            -0.03595392405986786,
            0.05153822898864746
        ],
        [
            0.09566442668437958,
            -0.031003622338175774,
            0.01966913230717182
        ],
        [
            0.09059590101242065,
            -0.027302928268909454,
            0.010066350921988487
        ],
        [
            0.08435339480638504,
            -0.02536911889910698,
            0.003916390240192413
        ],
        [
            0.16680549085140228,
            -0.008259009569883347,
            0.03969861939549446
        ],
        [
            0.14432376623153687,
            -0.004457336850464344,
            0.0336080901324749
        ],
        [
            0.13210488855838776,
            0.008438012562692165,
            0.028330611065030098
        ],
        [
            0.1286449134349823,
            0.03916456922888756,
            0.030402207747101784
        ],
        [
            0.11802001297473907,
            0.03814322501420975,
            0.028875675052404404
        ],
        [
            0.12271831184625626,
            0.02895238995552063,
            0.031581535935401917
        ],
        [
            0.13121984899044037,
            0.03169361501932144,
            0.031709861010313034
        ],
        [
            0.13687977194786072,
            0.04924440756440163,
            0.02099711261689663
        ],
        [
            0.13823451101779938,
            0.04577019438147545,
            0.02808929793536663
        ],
        [
            0.14784042537212372,
            0.047268252819776535,
            0.02943401411175728
        ],
        [
            0.14738145470619202,
            0.05133327096700668,
            0.02319115400314331
        ],
        [
            0.1405152827501297,
            -0.03528923913836479,
            0.050847310572862625
        ],
        [
            0.13291917741298676,
            -0.03966989740729332,
            0.03888796269893646
        ],
        [
            0.09285862743854523,
            0.034933000802993774,
            0.01206190511584282
        ],
        [
            0.08611702919006348,
            0.03135763108730316,
            0.010359801352024078
        ],
        [
            0.07896662503480911,
            0.02909475564956665,
            0.006352566182613373
        ],
        [
            0.10936444997787476,
            0.009384196251630783,
            0.028476562350988388
        ],
        [
            0.09521155804395676,
            0.008236924186348915,
            0.026806196197867393
        ],
        [
            0.09626251459121704,
            0.00419317651540041,
            0.027774283662438393
        ],
        [
            0.11071940511465073,
            0.0060232640244066715,
            0.027549250051379204
        ],
        [
            0.11947695910930634,
            -0.0038395635783672333,
            0.035478375852108
        ],
        [
            0.10611778497695923,
            -0.003384089097380638,
            0.03706459701061249
        ],
        [
            0.12571755051612854,
            -0.006336960941553116,
            0.04437641426920891
        ],
        [
            0.0842912346124649,
            7.22147524356842e-05,
            0.020758338272571564
        ],
        [
            0.07614085078239441,
            0.006357055157423019,
            0.016819540411233902
        ],
        [
            0.07616375386714935,
            -0.0025732479989528656,
            0.016653748229146004
        ],
        [
            0.07627227902412415,
            0.015918880701065063,
            0.014446623623371124
        ],
        [
            0.07716300338506699,
            0.02415880188345909,
            0.011054133996367455
        ],
        [
            0.08912951499223709,
            0.029722785577178,
            -0.019674204289913177
        ],
        [
            0.07746763527393341,
            -0.010744795203208923,
            0.01546522043645382
        ],
        [
            0.12756934762001038,
            -0.014148522168397903,
            0.0618949830532074
        ],
        [
            0.13313624262809753,
            -0.016176002100110054,
            0.06479614973068237
        ],
        [
            0.13695082068443298,
            -0.013306912034749985,
            0.05905882641673088
        ],
        [
            0.1332392543554306,
            -0.012422040104866028,
            0.05659404397010803
        ],
        [
            0.17549847066402435,
            -0.03075079619884491,
            0.029800813645124435
        ],
        [
            0.17286589741706848,
            -0.029017500579357147,
            0.03698663040995598
        ],
        [
            0.16312623023986816,
            -0.028367027640342712,
            0.03769402951002121
        ],
        [
            0.10578658431768417,
            0.02258490025997162,
            0.030354121699929237
        ],
        [
            0.10269736498594284,
            0.03371614217758179,
            0.025122299790382385
        ],
        [
            0.176688551902771,
            -0.012927166186273098,
            0.0422840341925621
        ],
        [
            0.20711761713027954,
            -0.030100999400019646,
            0.037431322038173676
        ],
        [
            0.20309051871299744,
            -0.03252829238772392,
            0.04131505638360977
        ],
        [
            0.18956515192985535,
            -0.031217429786920547,
            0.033004943281412125
        ],
        [
            0.19358517229557037,
            -0.028334807604551315,
            0.028165023773908615
        ],
        [
            0.1872452199459076,
            -0.010535769164562225,
            0.03859713301062584
        ],
        [
            0.18280737102031708,
            -0.014211633242666721,
            0.04250212013721466
        ],
        [
            0.18597500026226044,
            -0.014524923637509346,
            0.04218529909849167
        ],
        [
            0.19088582694530487,
            -0.01050413865596056,
            0.04040032997727394
        ],
        [
            0.1761913150548935,
            0.026239464059472084,
            0.03294762969017029
        ],
        [
            0.16855165362358093,
            0.026775410398840904,
            0.03250366449356079
        ],
        [
            0.18047885596752167,
            -0.007882801815867424,
            0.016034523025155067
        ],
        [
            0.1779041290283203,
            -0.021350115537643433,
            0.015396878123283386
        ],
        [
            0.16672232747077942,
            -0.022425325587391853,
            0.0136887077242136
        ],
        [
            0.15336140990257263,
            0.014344423078000546,
            0.031239347532391548
        ],
        [
            0.1637309491634369,
            0.0157278124243021,
            0.03335421532392502
        ],
        [
            0.16290298104286194,
            0.019766684621572495,
            0.03277168422937393
        ],
        [
            0.1706380397081375,
            -0.005179408006370068,
            0.03920559957623482
        ],
        [
            0.17907331883907318,
            -0.007489920128136873,
            0.04054214060306549
        ],
        [
            0.17555375397205353,
            -0.0025574711617082357,
            0.037699729204177856
        ],
        [
            0.16832005977630615,
            -0.0004217000678181648,
            0.03689883276820183
        ],
        [
            0.1271774172782898,
            0.0437905453145504,
            0.007493084296584129
        ],
        [
            0.12423613667488098,
            0.04723674803972244,
            0.018191291019320488
        ],
        [
            0.20067189633846283,
            -0.03068701922893524,
            0.04885043203830719
        ],
        [
            0.20082244277000427,
            -0.030549388378858566,
            0.04725222662091255
        ],
        [
            0.14207012951374054,
            0.013616764917969704,
            0.028876135125756264
        ],
        [
            0.15261287987232208,
            -0.022425757721066475,
            0.01127622090280056
        ],
        [
            0.13060085475444794,
            0.013779054395854473,
            0.027939200401306152
        ],
        [
            0.1716899573802948,
            0.032722942531108856,
            0.0137697234749794
        ],
        [
            0.17182165384292603,
            0.036935754120349884,
            0.019504722207784653
        ],
        [
            0.1772901713848114,
            0.035868048667907715,
            0.02242392674088478
        ],
        [
            0.1795697808265686,
            0.03382287174463272,
            0.017538681626319885
        ],
        [
            0.20285971462726593,
            -0.011182896792888641,
            0.045337118208408356
        ],
        [
            0.20008611679077148,
            -0.014452713541686535,
            0.049466572701931
        ],
        [
            0.20100246369838715,
            -0.014539140276610851,
            0.049071118235588074
        ],
        [
            0.20555922389030457,
            -0.011512589640915394,
            0.04641173034906387
        ],
        [
            0.18007023632526398,
            -0.01949119195342064,
            0.042934104800224304
        ],
        [
            0.17817527055740356,
            -0.02539128251373768,
            0.041189610958099365
        ],
        [
            0.1841551959514618,
            -0.025437062606215477,
            0.04255751520395279
        ],
        [
            0.1850687861442566,
            -0.019546126946806908,
            0.04323262721300125
        ],
        [
            0.18063342571258545,
            -0.029729260131716728,
            0.03634290397167206
        ],
        [
            0.1858796775341034,
            -0.029991110786795616,
            0.038099490106105804
        ],
        [
            0.20710285007953644,
            -0.01167802419513464,
            0.04019073396921158
        ],
        [
            0.21066339313983917,
            -0.01768617331981659,
            0.03630527853965759
        ],
        [
            0.19725419580936432,
            -0.014598839916288853,
            0.027938637882471085
        ],
        [
            0.19616052508354187,
            -0.010623911395668983,
            0.03463111072778702
        ],
        [
            0.1277642697095871,
            0.01664200983941555,
            -0.006606031209230423
        ],
        [
            0.12418150156736374,
            0.027196407318115234,
            -0.005203379318118095
        ],
        [
            0.13780760765075684,
            0.0296152513474226,
            0.00034935586154460907
        ],
        [
            0.1511443704366684,
            0.03238389268517494,
            0.00470699742436409
        ],
        [
            0.163640096783638,
            0.03410466015338898,
            0.010027144104242325
        ],
        [
            0.16876302659511566,
            0.02339186705648899,
            0.00639580562710762
        ],
        [
            0.13374970853328705,
            0.03661869093775749,
            0.0016425810754299164
        ],
        [
            0.18583448231220245,
            -0.006340439897030592,
            0.028008608147501945
        ],
        [
            0.18665269017219543,
            -0.012547951191663742,
            0.02226724475622177
        ],
        [
            0.18511895835399628,
            -0.006521316710859537,
            0.021292055025696754
        ],
        [
            0.1291317343711853,
            0.021017014980316162,
            0.029249191284179688
        ],
        [
            0.19963151216506958,
            -0.03161488100886345,
            0.04559871926903725
        ],
        [
            0.09966718405485153,
            -0.017521223053336143,
            -0.010078825056552887
        ],
        [
            0.10162435472011566,
            -0.0054258438758552074,
            -0.01621800661087036
        ],
        [
            0.10924672335386276,
            -0.007268475368618965,
            -0.012198064476251602
        ],
        [
            0.1068372055888176,
            -0.020812856033444405,
            -0.00423431396484375
        ],
        [
            0.19793446362018585,
            -0.021159643307328224,
            0.0513838455080986
        ],
        [
            0.1972225159406662,
            -0.027372321113944054,
            0.049701057374477386
        ],
        [
            0.16887164115905762,
            0.03366108238697052,
            0.03166527301073074
        ],
        [
            0.17524759471416473,
            0.03193460404872894,
            0.031438976526260376
        ],
        [
            0.17671385407447815,
            0.03489195927977562,
            0.029049841687083244
        ],
        [
            0.17162135243415833,
            0.03906583786010742,
            0.03019014373421669
        ],
        [
            0.12084721028804779,
            0.03203945234417915,
            -0.004062078893184662
        ],
        [
            0.15806996822357178,
            0.05248662084341049,
            0.01667632907629013
        ],
        [
            0.1616196185350418,
            0.045621104538440704,
            0.010552547872066498
        ],
        [
            0.11227668076753616,
            0.024626733735203743,
            -0.010037852451205254
        ],
        [
            0.11542093008756638,
            0.015469611622393131,
            -0.011931875720620155
        ],
        [
            0.10641137510538101,
            0.015204736031591892,
            -0.015718497335910797
        ],
        [
            0.17861559987068176,
            0.012391027063131332,
            0.011324496939778328
        ],
        [
            0.1320706605911255,
            0.009031685069203377,
            -0.006124285981059074
        ],
        [
            0.11841703206300735,
            0.008377845399081707,
            -0.01115325465798378
        ],
        [
            0.10778386145830154,
            0.007710635662078857,
            -0.01565682515501976
        ],
        [
            0.10032011568546295,
            0.00795102957636118,
            -0.01946115493774414
        ],
        [
            0.09953099489212036,
            0.01613648049533367,
            -0.019017517566680908
        ],
        [
            0.20988550782203674,
            -0.024297472089529037,
            0.035909853875637054
        ],
        [
            0.21502220630645752,
            -0.018168939277529716,
            0.04074692726135254
        ],
        [
            0.09221342206001282,
            0.017494335770606995,
            -0.02433192916214466
        ],
        [
            0.09315019100904465,
            0.008188886567950249,
            -0.02397783100605011
        ],
        [
            0.1207890585064888,
            -0.00043942866614088416,
            -0.009519092738628387
        ],
        [
            0.12283264845609665,
            -0.011524965986609459,
            -0.005731407552957535
        ],
        [
            0.13385023176670074,
            0.0005857880460098386,
            -0.004456654191017151
        ],
        [
            0.13712720572948456,
            -0.010159063152968884,
            -0.0006807483732700348
        ],
        [
            0.17886166274547577,
            0.0024532584939152002,
            0.007392380386590958
        ],
        [
            0.2137283980846405,
            -0.01638028398156166,
            0.05914831906557083
        ],
        [
            0.212950199842453,
            -0.01399477943778038,
            0.04844198003411293
        ],
        [
            0.2072400599718094,
            -0.01254135649651289,
            0.049473732709884644
        ],
        [
            0.2101178914308548,
            -0.013939864933490753,
            0.059324994683265686
        ],
        [
            0.2105310559272766,
            -0.012470873072743416,
            0.0434989370405674
        ],
        [
            0.21562206745147705,
            -0.018988560885190964,
            0.04618468135595322
        ],
        [
            0.13722245395183563,
            -0.023554036393761635,
            0.007999066263437271
        ],
        [
            0.1825575828552246,
            -0.004163765348494053,
            0.03706561028957367
        ],
        [
            0.12016604095697403,
            -0.026599232107400894,
            0.006211934611201286
        ],
        [
            0.14040489494800568,
            -0.035586580634117126,
            0.021634481847286224
        ],
        [
            0.12700720131397247,
            -0.03699193522334099,
            0.0229260865598917
        ],
        [
            0.10224859416484833,
            -0.030004074797034264,
            0.006146971136331558
        ],
        [
            0.11048375070095062,
            -0.036926764994859695,
            0.02074063941836357
        ],
        [
            0.08933016657829285,
            -0.023372311145067215,
            -0.005767766386270523
        ],
        [
            0.09662072360515594,
            -0.025545421987771988,
            -0.00104575976729393
        ],
        [
            0.1191326230764389,
            -0.04019569978117943,
            0.03705798089504242
        ],
        [
