{
    "pred_cam": [
        7.4743757247924805,
        0.0378323495388031,
        -0.06090030446648598
    ],
    "pred_mano_params": {
        "global_orient": [
            [
                [
                    0.7687406539916992,
                    -0.49288520216941833,
                    -0.40755629539489746
                ],
                [
                    -0.5849900245666504,
                    -0.28432101011276245,
                    -0.7595711946487427
                ],
                [
                    0.2585045397281647,
                    0.8223295211791992,
                    -0.5069020390510559
                ]
            ]
        ],
        "hand_pose": [
            [
                [
                    0.9829618334770203,
                    -0.08258409053087234,
                    -0.16421279311180115
                ],
                [
                    0.07806791365146637,
                    0.9963756203651428,
                    -0.033779267221689224
                ],
                [
                    0.1664072573184967,
                    0.020383980125188828,
                    0.9858464002609253
                ]
            ],
            [
                [
                    0.9953126907348633,
                    -0.08244684338569641,
                    0.05054854229092598
                ],
                [
                    0.09255647659301758,
                    0.9636134505271912,
                    -0.25076380372047424
                ],
                [
                    -0.028034567832946777,
                    0.25426697731018066,
                    0.9667276740074158
                ]
            ],
            [
                [
                    0.985602617263794,
                    -0.16463793814182281,
                    0.03849530965089798
                ],
                [
                    0.16079911589622498,
                    0.9830954074859619,
                    0.08756162226200104
                ],
                [
                    -0.05226052179932594,
                    -0.08011094480752945,
                    0.9954150319099426
                ]
            ],
            [
                [
                    0.9374496340751648,
                    -0.3324867784976959,
                    0.10315386950969696
                ],
                [
                    0.33885297179222107,
                    0.9394303560256958,
                    -0.051470860838890076
                ],
                [
                    -0.07979249954223633,
                    0.08320533484220505,
                    0.9933328032493591
                ]
            ],
            [
                [
                    0.9914000630378723,
                    0.12550905346870422,
                    -0.03705744445323944
                ],
                [
                    -0.11329542845487595,
                    0.9648895859718323,
                    0.2369646281003952
                ],
                [
                    0.06549755483865738,
                    -0.23072834312915802,
                    0.9708111882209778
                ]
            ],
            [
                [
                    0.9728796482086182,
                    -0.21978038549423218,
                    0.07212264090776443
                ],
                [
                    0.22409838438034058,
                    0.9728119969367981,
                    -0.058453191071748734
                ],
                [
                    -0.057314906269311905,
                    0.0730304941534996,
                    0.9956814050674438
                ]
            ],
            [
                [
                    0.8122701048851013,
                    -0.5532199740409851,
                    0.18483765423297882
                ],
                [
                    0.5448535680770874,
                    0.8327702879905701,
                    0.09812341630458832
                ],
                [
                    -0.20821113884449005,
                    0.021006736904382706,
                    0.977858304977417
                ]
            ],
            [
                [
                    0.856472373008728,
                    -0.4975128769874573,
                    -0.13760797679424286
                ],
                [
                    0.4724791944026947,
                    0.6482101678848267,
                    0.5971490740776062
                ],
                [
                    -0.20789048075675964,
                    -0.5764586329460144,
                    0.7902385592460632
                ]
            ],
            [
                [
                    0.8277943134307861,
                    -0.4967898428440094,
                    0.26068443059921265
                ],
                [
                    0.4119662046432495,
                    0.8536642789840698,
                    0.3186552822589874
                ],
                [
                    -0.3808416724205017,
                    -0.15638788044452667,
                    0.9113190770149231
                ]
            ],
            [
                [
                    0.8679118752479553,
                    -0.47274428606033325,
                    0.152452751994133
                ],
                [
                    0.48639848828315735,
                    0.871098518371582,
                    -0.06785189360380173
                ],
                [
                    -0.10072477906942368,
                    0.13304226100444794,
                    0.9859788417816162
                ]
            ],
            [
                [
                    0.9992897510528564,
                    0.016483640298247337,
                    0.033887553960084915
                ],
                [
                    -0.027165468782186508,
                    0.9383430480957031,
                    0.3446367084980011
                ],
                [
                    -0.026117293164134026,
                    -0.3453124463558197,
                    0.9381243586540222
                ]
            ],
            [
                [
                    0.9524878263473511,
                    -0.28042691946029663,
                    0.11885966360569
                ],
                [
                    0.2691549062728882,
                    0.9576309323310852,
                    0.1024630069732666
                ],
                [
                    -0.1425570696592331,
                    -0.0656031146645546,
                    0.9876101016998291
                ]
            ],
            [
                [
                    0.8718304634094238,
                    0.1682116538286209,
                    -0.4600179195404053
                ],
                [
                    -0.442718505859375,
                    0.6724274158477783,
                    -0.593162477016449
                ],
                [
                    0.20955181121826172,
                    0.7207955718040466,
                    0.6607131361961365
                ]
            ],
            [
                [
                    0.8917807936668396,
                    -0.3606950342655182,
                    -0.2731776535511017
                ],
                [
                    0.44781479239463806,
                    0.7899543642997742,
                    0.4188483953475952
                ],
                [
                    0.06472132354974747,
                    -0.495853990316391,
                    0.8659906983375549
                ]
            ],
            [
                [
                    0.9544913172721863,
                    -0.12652090191841125,
                    0.27007171511650085
                ],
                [
                    0.22528713941574097,
                    0.8992605209350586,
                    -0.3749349117279053
                ],
                [
                    -0.19542771577835083,
                    0.41871583461761475,
                    0.8868398666381836
                ]
            ]
        ],
        "betas": [
            -0.03900626301765442,
            -0.057898372411727905,
            -0.03572365641593933,
            0.0007798969745635986,
            0.02067488431930542,
            0.06527850031852722,
            0.10805782675743103,
            0.0011504292488098145,
            -0.008352428674697876,
            -0.06666076183319092
        ]
    },
    "pred_cam_t": [
        -0.0378323495388031,
        -0.06090030446648598,
        5.226189136505127
    ],
    "focal_length": [
        5000.0,
        5000.0
    ],
    "pred_keypoints_3d": [
        [
            0.09595359116792679,
            0.006392730865627527,
            0.006212454754859209
        ],
        [
            0.07447555661201477,
            0.0052779861725866795,
            -0.025871984660625458
        ],
        [
            0.050408054143190384,
            0.013709885999560356,
            -0.04318298399448395
        ],
        [
            0.0323324128985405,
            0.0315469391644001,
            -0.05276697874069214
        ],
        [
            0.01402850728482008,
            0.047783806920051575,
            -0.0787171721458435
        ],
        [
            0.022162742912769318,
            0.043879441916942596,
            -0.03139503672719002
        ],
        [
            -0.002516208216547966,
            0.06514857709407806,
            -0.03717554733157158
        ],
        [
            -0.015025361441075802,
            0.08178042620420456,
            -0.0450107678771019
        ],
        [
            -0.028176158666610718,
            0.10062698274850845,
            -0.05551909655332565
        ],
        [
            0.025076299905776978,
            0.06495743244886398,
            -0.017833305522799492
        ],
        [
            0.0070753153413534164,
            0.08742737025022507,
            -0.03129483759403229
        ],
        [
            -0.005073980428278446,
            0.10470744222402573,
            -0.04116523638367653
        ],
        [
            -0.019495945423841476,
            0.12251774966716766,
            -0.05352189391851425
        ],
        [
            0.0457393117249012,
            0.07580234110355377,
            -0.004676100332289934
        ],
        [
            0.031929221004247665,
            0.09600295126438141,
            -0.020176224410533905
        ],
        [
            0.025275027379393578,
            0.11471962928771973,
            -0.03509528934955597
        ],
        [
            0.017558157444000244,
            0.13082242012023926,
            -0.053259190171957016
        ],
        [
            0.06543407589197159,
            0.08246695250272751,
            0.002157405484467745
        ],
        [
            0.06169542297720909,
            0.10150840133428574,
            -0.006251608487218618
        ],
        [
            0.06976819038391113,
            0.11001740396022797,
            -0.021170923486351967
        ],
        [
            0.07612867653369904,
            0.10805535316467285,
            -0.037799298763275146
        ]
    ],
    "pred_vertices": [
        [
            0.05979747325181961,
            0.027818875387310982,
            -0.02743772603571415
        ],
        [
            0.06941515952348709,
            0.022687530145049095,
            -0.025121431797742844
        ],
        [
            0.061846572905778885,
            0.024234380573034286,
            -0.03154098987579346
        ],
        [
            0.053640760481357574,
            0.02715648151934147,
            -0.033759333193302155
        ],
        [
            0.07789440453052521,
            0.01700371876358986,
            -0.04010238125920296
        ],
        [
            0.0793081596493721,
            0.0058572012931108475,
            -0.045154985040426254
        ],
        [
            0.06426282227039337,
            0.013069242238998413,
            -0.052135005593299866
        ],
        [
            0.06610863655805588,
            0.021936900913715363,
            -0.0470605306327343
        ],
        [
            0.04686668515205383,
            0.02638849802315235,
            -0.036848269402980804
        ],
        [
            0.05544939264655113,
            0.02570546604692936,
            -0.03673861175775528
        ],
        [
            0.04285208135843277,
            0.023708635941147804,
            -0.03441563621163368
        ],
        [
            0.032316192984580994,
            0.022697409614920616,
            -0.0322168804705143
        ],
        [
            0.03760043531656265,
            0.02705240249633789,
            -0.036308594048023224
        ],
        [
            0.02537158876657486,
            0.026182712987065315,
            -0.031662821769714355
        ],
        [
            0.032615553587675095,
            0.01510762982070446,
            -0.02415083535015583
        ],
        [
            0.023388387635350227,
            0.025457825511693954,
            -0.02266012504696846
        ],
        [
            0.04141341149806976,
            0.024758731946349144,
            -0.001039750874042511
        ],
        [
            0.04896359145641327,
            0.03254226967692375,
            0.00686877965927124
        ],
        [
            0.03753635287284851,
            0.04393116384744644,
            0.002809898927807808
        ],
        [
            0.03142618387937546,
            0.03525780141353607,
            -0.005637427791953087
        ],
        [
            0.0544540211558342,
            0.05210306495428085,
            0.011493108235299587
        ],
        [
            0.04436371847987175,
            0.04834696650505066,
            0.006766768172383308
        ],
        [
            0.05539635941386223,
            0.036556847393512726,
            0.011735774576663971
        ],
        [
            0.06402111053466797,
            0.040577661246061325,
            0.015596444718539715
        ],
        [
            0.07027953118085861,
            0.032383643090724945,
            -0.017437085509300232
        ],
        [
            0.079804927110672,
            0.026572484523057938,
            -0.015111463144421577
        ],
        [
            0.07609757781028748,
            0.02398957870900631,
            -0.017948780208826065
        ],
        [
            0.06692330539226532,
            0.029720881953835487,
            -0.02056037448346615
        ],
        [
            0.03947702422738075,
            0.018184123560786247,
            -0.03650178387761116
        ],
        [
            0.04121208190917969,
            0.008484426885843277,
            -0.031905222684144974
        ],
        [
            0.03988371789455414,
            0.016115287318825722,
            -0.03152967989444733
        ],
        [
            0.04181310534477234,
            0.023271525278687477,
            -0.037230558693408966
        ],
        [
            0.10711417347192764,
            0.02015557512640953,
            -0.010353793390095234
        ],
        [
            0.112332284450531,
            0.009703733026981354,
            -0.003557886928319931
        ],
        [
            0.10915819555521011,
            0.00554376095533371,
            -0.006327632814645767
        ],
        [
            0.10490979254245758,
            0.015913359820842743,
            -0.011633611284196377
        ],
        [
            0.09685841202735901,
            -0.0028016753494739532,
            -0.0262184776365757
        ],
        [
            0.10051262378692627,
            -0.007874958217144012,
            -0.01566486433148384
        ],
        [
            0.095481738448143,
            -0.020206674933433533,
            -0.011752571910619736
        ],
        [
            0.08892226964235306,
            -0.016500335186719894,
            -0.020183328539133072
        ],
        [
            0.0890609547495842,
            0.0017914064228534698,
            -0.03723384812474251
        ],
        [
            0.08391886949539185,
            -0.011106293648481369,
            -0.033658720552921295
        ],
        [
            0.07427626848220825,
            -0.004681255668401718,
            -0.043943632394075394
        ],
        [
            0.059470243752002716,
            0.004940137267112732,
            -0.05167422443628311
        ],
        [
            0.11778588593006134,
            0.017879556864500046,
            0.00475386343896389
        ],
        [
            0.11506730318069458,
            0.026807580143213272,
            0.0005920520052313805
        ],
        [
            -0.0025456147268414497,
            0.06756922602653503,
            -0.04846537858247757
        ],
        [
            -6.277114152908325e-05,
            0.07229273021221161,
            -0.046101268380880356
        ],
        [
            0.003918381407856941,
            0.06821991503238678,
            -0.04541245847940445
        ],
        [
            0.0004981597885489464,
            0.06427890062332153,
            -0.04766732454299927
        ],
        [
            0.11075865477323532,
            0.027460142970085144,
            0.02120674028992653
        ],
        [
            0.10434933006763458,
            0.024823136627674103,
            0.028598230332136154
        ],
        [
            0.11052599549293518,
            0.02101961523294449,
            0.029619859531521797
        ],
        [
            0.11585313081741333,
            0.02187526971101761,
            0.021858327090740204
        ],
        [
            0.1040089949965477,
            0.03478411212563515,
            0.020184030756354332
        ],
        [
            0.09585301578044891,
            0.029911119490861893,
            0.026374097913503647
        ],
        [
            -0.011176998727023602,
            0.06286130845546722,
            -0.04054256156086922
        ],
        [
            -0.00934893824160099,
            0.0628606304526329,
            -0.045315831899642944
        ],
        [
            -0.0067743705585598946,
            0.05908406898379326,
            -0.04316188395023346
        ],
        [
            -0.007700295187532902,
            0.05927003175020218,
            -0.037936244159936905
        ],
        [
            0.0445772260427475,
            0.030338287353515625,
            -0.036083538085222244
        ],
        [
            0.05180848389863968,
            0.033322758972644806,
            -0.03113764524459839
        ],
        [
            0.029944531619548798,
            0.043057240545749664,
            -0.03978193923830986
        ],
        [
            0.03933308273553848,
            0.03932725638151169,
            -0.035112928599119186
        ],
        [
            0.03581387549638748,
            0.03366853669285774,
            -0.037845779210329056
        ],
        [
            0.027701711282134056,
            0.03682701662182808,
            -0.04027803987264633
        ],
        [
            0.05479025840759277,
            0.049398403614759445,
            -0.02006571739912033
        ],
        [
            0.06318564713001251,
            0.04149895906448364,
            -0.017521891742944717
        ],
        [
            0.05854722112417221,
            0.038826607167720795,
            -0.021303843706846237
        ],
        [
            0.04883916676044464,
            0.04661295562982559,
            -0.025735801085829735
        ],
        [
            0.07328808307647705,
            0.0497538298368454,
            -0.011880818754434586
        ],
        [
            0.06397219002246857,
            0.05678107589483261,
            -0.014496841467916965
        ],
        [
            0.07074880599975586,
            0.060711320489645004,
            -0.010988863185048103
        ],
        [
            0.07668715715408325,
            0.055214039981365204,
            -0.010560666210949421
        ],
        [
            0.04603737220168114,
            0.06683097034692764,
            -0.019623015075922012
        ],
        [
            0.03924494609236717,
            0.07155546545982361,
            -0.020038263872265816
        ],
        [
            0.04184567183256149,
            0.07292283326387405,
            -0.018828023225069046
        ],
        [
            0.04859296232461929,
            0.06823913007974625,
            -0.01748313568532467
        ],
        [
            0.11585702747106552,
            0.016621120274066925,
            0.03131399303674698
        ],
        [
            0.12000645697116852,
            0.015887685120105743,
            0.02238362282514572
        ],
        [
            0.07292458415031433,
            0.061946507543325424,
            0.017117103561758995
        ],
        [
            0.08366422355175018,
            0.06388696283102036,
            0.014696411788463593
        ],
        [
            0.07691720128059387,
            0.07469901442527771,
            0.012922427617013454
        ],
        [
            0.06694190204143524,
            0.06983286142349243,
            0.016200730577111244
        ],
        [
            0.09553662687540054,
            0.019721824675798416,
            0.030858876183629036
        ],
        [
            0.10229093581438065,
            0.01703115552663803,
            0.03390195965766907
        ],
        [
            -0.010825840756297112,
            0.06589612364768982,
            -0.035183414816856384
        ],
        [
            -0.0065629612654447556,
            0.06248860061168671,
            -0.03300918638706207
        ],
        [
            0.06864092499017715,
            -0.012577183544635773,
            -0.03422736003994942
        ],
        [
            0.05438908189535141,
            -0.0010926388204097748,
            -0.046436481177806854
        ],
        [
            0.07787123322486877,
            -0.018242333084344864,
            -0.021065864711999893
        ],
        [
            0.08310132473707199,
            -0.020982403308153152,
            -0.010385243222117424
        ],
        [
            0.0880088359117508,
            -0.025122269988059998,
            -0.003386847674846649
        ],
        [
            0.039427317678928375,
            0.04603290557861328,
            -0.03329835459589958
        ],
        [
            0.05845663323998451,
            0.03397991508245468,
            -0.024736447259783745
        ],
        [
            0.07365399599075317,
            0.035145338624715805,
            -0.014974437654018402
        ],
        [
            0.09325549751520157,
            0.05688023567199707,
            -0.005193366669118404
        ],
        [
            0.10085686296224594,
            0.04955184459686279,
            -0.0037693241611123085
        ],
        [
            0.0928756594657898,
            0.046060528606176376,
            -0.009939496405422688
        ],
        [
            0.08754681050777435,
            0.05307809263467789,
            -0.00935504212975502
        ],
        [
            0.08943305909633636,
            0.06686536967754364,
            0.007278015837073326
        ],
        [
            0.08848515897989273,
            0.06675463169813156,
            -0.0006904574111104012
        ],
        [
            0.08214850723743439,
            0.07344453036785126,
            -0.0014818307245150208
        ],
        [
            0.0826365128159523,
            0.07508682459592819,
            0.00600694864988327
        ],
        [
            0.037195660173892975,
            0.01207222044467926,
            -0.04003508761525154
        ],
        [
            0.04315248876810074,
            0.0017392374575138092,
            -0.03389154374599457
        ],
        [
            0.11521486192941666,
            0.02771967649459839,
            0.011562957428395748
        ],
        [
            0.11834438145160675,
            0.020565424114465714,
            0.012078337371349335
        ],
        [
            0.12193994969129562,
            0.013543292880058289,
            0.015204060822725296
        ],
        [
            0.09353673458099365,
            0.022508099675178528,
            -0.014206314459443092
        ],
        [
            0.10354375839233398,
            0.012953843921422958,
            -0.012834334746003151
        ],
        [
            0.10130871832370758,
            0.010612241923809052,
            -0.016273904591798782
        ],
        [
            0.09143516421318054,
            0.02036282792687416,
            -0.01511198841035366
        ],
        [
            0.07997840642929077,
            0.019713275134563446,
            -0.026797736063599586
        ],
        [
            0.09007993340492249,
            0.012400899082422256,
            -0.030880939215421677
        ],
        [
            0.07045407593250275,
            0.024021198973059654,
            -0.033644989132881165
        ],
        [
            0.10613234341144562,
            -0.0012533776462078094,
            -0.009876137599349022
        ],
        [
            0.11477334797382355,
            -0.002359360456466675,
            -0.0029195845127105713
        ],
        [
            0.11002011597156525,
            -0.00913625955581665,
            -0.0062370989471673965
        ],
        [
            0.11913323402404785,
            0.004264608025550842,
            0.0028821174055337906
        ],
        [
            0.12194406986236572,
            0.010052993893623352,
            0.009081179276108742
        ],
        [
            0.10758589208126068,
            0.01277334988117218,
            0.03910690173506737
        ],
        [
            0.10426390916109085,
            -0.014884524047374725,
            -0.008254127576947212
        ],
        [
            0.057536531239748,
            0.0240338072180748,
            -0.05074407160282135
        ],
        [
            0.050523512065410614,
            0.026304619386792183,
            -0.05290232226252556
        ],
        [
            0.05007355660200119,
            0.029582636430859566,
            -0.04619906097650528
        ],
        [
            0.05579265579581261,
            0.027504077181220055,
            -0.04354316368699074
        ],
        [
            0.017388738691806793,
            0.03169555589556694,
            -0.03161359205842018
        ],
        [
            0.02207041159272194,
            0.033753182739019394,
            -0.03811381384730339
        ],
        [
            0.0307097677141428,
            0.02801569551229477,
            -0.03689586743712425
        ],
        [
            0.1028033196926117,
            0.03101242706179619,
            -0.010472288355231285
        ],
        [
            0.10990659892559052,
            0.03619265928864479,
            -0.001386348158121109
        ],
        [
            0.02940288558602333,
            0.049462541937828064,
            -0.03720635920763016
        ],
        [
            -0.0055328793823719025,
            0.056182052940130234,
            -0.034822676330804825
        ],
        [
            -0.004422474652528763,
            0.05537433549761772,
            -0.040512703359127045
        ],
        [
            0.006511669605970383,
            0.04312923550605774,
            -0.03544742614030838
        ],
        [
            0.004451394081115723,
            0.04488396272063255,
            -0.02934432402253151
        ],
        [
            0.021916011348366737,
            0.056648559868335724,
            -0.03189043328166008
        ],
        [
            0.02406129240989685,
            0.05294841527938843,
            -0.03683808445930481
        ],
        [
            0.02110077440738678,
            0.05505705624818802,
            -0.03595462813973427
        ],
        [
            0.019328340888023376,
            0.05971670523285866,
            -0.03193717449903488
        ],
        [
            0.04996339976787567,
            0.07547380030155182,
            -0.014676501974463463
        ],
        [
            0.05571556091308594,
            0.07142025977373123,
            -0.013522919267416
        ],
        [
            0.02352018840610981,
            0.047208212316036224,
            -0.012236240319907665
        ],
        [
            0.018184471875429153,
            0.03525514900684357,
            -0.016042795032262802
        ],
        [
            0.026276912540197372,
            0.027888286858797073,
            -0.012757444754242897
        ],
        [
            0.06033892184495926,
            0.05288940668106079,
            -0.016436977311968803
        ],
        [
            0.05328711122274399,
            0.06063438951969147,
            -0.018344562500715256
        ],
        [
            0.05604222044348717,
            0.06293024867773056,
            -0.016197247430682182
        ],
        [
            0.037848927080631256,
            0.05051860213279724,
            -0.03176794573664665
        ],
        [
            0.030217550694942474,
            0.0542164072394371,
            -0.03349741920828819
        ],
        [
            0.03497342765331268,
            0.05534243583679199,
            -0.029706010594964027
        ],
        [
            0.041765354573726654,
            0.052226047962903976,
            -0.027865121141076088
        ],
        [
            0.09096439927816391,
            0.053421299904584885,
            0.017920101061463356
        ],
        [
            0.09794497489929199,
            0.057178523391485214,
            0.009364604949951172
        ],
        [
            -0.006053905934095383,
            0.06438308954238892,
            -0.0482073649764061
        ],
        [
            -0.0033824648708105087,
            0.06082022935152054,
            -0.0467025525867939
        ],
        [
            0.06845694035291672,
            0.04506279155611992,
            -0.014027142897248268
        ],
        [
            0.03694642707705498,
            0.01900995895266533,
            -0.009357782080769539
        ],
        [
            0.07756516337394714,
            0.03819004446268082,
            -0.012566272169351578
        ],
        [
            0.05081270635128021,
            0.07319699972867966,
            0.005352204665541649
        ],
        [
            0.05490595102310181,
            0.07854630053043365,
            0.0007488168776035309
        ],
        [
            0.050460219383239746,
            0.0811663419008255,
            -0.0025533605366945267
        ],
        [
            0.04579605534672737,
            0.07926466315984726,
            0.0011557191610336304
        ],
        [
            0.008544686250388622,
            0.06992369890213013,
            -0.03400879725813866
        ],
        [
            0.008935261517763138,
            0.06889071315526962,
            -0.03965221717953682
        ],
        [
            0.005694345571100712,
            0.0721464604139328,
            -0.04086664319038391
        ],
        [
            0.004754817113280296,
            0.07321230322122574,
            -0.03532916307449341
        ],
        [
            0.023072656244039536,
            0.048025283962488174,
            -0.03993096947669983
        ],
        [
            0.020680222660303116,
            0.04203048720955849,
            -0.041220128536224365
        ],
        [
            0.01581638865172863,
            0.047449760138988495,
            -0.041700899600982666
        ],
        [
            0.01882024109363556,
            0.05194335803389549,
            -0.03933275118470192
        ],
        [
            0.015133480541408062,
            0.03910054266452789,
            -0.03857339173555374
        ],
        [
            0.010878588072955608,
            0.04393868148326874,
            -0.039863862097263336
        ],
        [
            0.0051431115716695786,
            0.06798099726438522,
            -0.028820592910051346
        ],
        [
            -0.00028811581432819366,
            0.06315387040376663,
            -0.02674030140042305
        ],
        [
            0.009619689546525478,
            0.05463728308677673,
            -0.02199719101190567
        ],
        [
            0.013924914412200451,
            0.059856634587049484,
            -0.026483183726668358
        ],
        [
            0.0726650059223175,
            0.02924215793609619,
            0.02056361734867096
        ],
        [
            0.08150206506252289,
            0.03552526980638504,
            0.02334761619567871
        ],
        [
            0.07308296114206314,
            0.04699913039803505,
            0.018616560846567154
        ],
        [
            0.06467950344085693,
            0.05842827260494232,
            0.015210451558232307
        ],
        [
            0.05654826760292053,
            0.06872239708900452,
            0.010523696430027485
        ],
        [
            0.046324338763952255,
            0.06209045648574829,
            0.009302412159740925
        ],
        [
            0.08038868010044098,
            0.0502859391272068,
            0.02028645947575569
        ],
        [
            0.022596031427383423,
            0.05590580776333809,
            -0.02280442789196968
        ],
        [
            0.01764124631881714,
            0.04844836890697479,
            -0.018921736627817154
        ],
        [
            0.021607069298624992,
            0.05250193923711777,
            -0.01688142493367195
        ],
        [
            0.08290831744670868,
            0.04316062107682228,
            -0.010988419875502586
        ],
        [
            -0.0013009831309318542,
            0.05655046924948692,
            -0.04440935328602791
        ],
        [
            0.07659344375133514,
            -0.014116335660219193,
            0.012332748621702194
        ],
        [
            0.07976196706295013,
            -0.005501881241798401,
            0.022366367280483246
        ],
        [
            0.07366384565830231,
            -0.0012997500598430634,
            0.01768561080098152
        ],
        [
            0.07064724713563919,
            -0.01075340062379837,
            0.005620788782835007
        ],
        [
            0.007057572714984417,
            0.06461501121520996,
            -0.04465791955590248
        ],
        [
            0.003285008482635021,
            0.0600862130522728,
            -0.046720951795578
        ],
        [
            0.05915450677275658,
            0.07645579427480698,
            -0.010612803511321545
        ],
        [
            0.05313803255558014,
            0.0792807787656784,
            -0.01167121808975935
        ],
        [
            0.052650779485702515,
            0.08209358155727386,
            -0.008925534784793854
        ],
        [
            0.0597764328122139,
            0.08224126696586609,
            -0.008152525871992111
        ],
        [
            0.08704933524131775,
            0.037560805678367615,
            0.024265499785542488
        ],
        [
            0.07295311987400055,
            0.08159435540437698,
            0.010650582611560822
        ],
        [
            0.06413939595222473,
            0.07732675224542618,
            0.013776527717709541
        ],
        [
            0.08856789767742157,
            0.02522186189889908,
            0.027340436354279518
        ],
        [
            0.08068734407424927,
            0.019611462950706482,
            0.025565432384610176
        ],
        [
            0.08688739687204361,
            0.013063743710517883,
            0.02935086376965046
        ],
        [
            0.03420456126332283,
            0.06013739854097366,
            1.866370439529419e-05
        ],
        [
            0.0652938187122345,
            0.026135046035051346,
            0.017086338251829147
        ],
        [
            0.07470901310443878,
            0.016221292316913605,
            0.02208484522998333
        ],
        [
            0.0818263441324234,
            0.008223488926887512,
            0.02645362913608551
        ],
        [
            0.0870424211025238,
            0.0029603242874145508,
            0.030372852459549904
        ],
        [
            0.09212297946214676,
            0.008804701268672943,
            0.033033981919288635
        ],
        [
            -0.0035904478281736374,
            0.059557754546403885,
            -0.02986178547143936
        ],
        [
            -0.0037003234028816223,
            0.06712257862091064,
            -0.02930814027786255
        ],
        [
            0.09744756668806076,
            0.004046276211738586,
            0.03875947371125221
        ],
        [
            0.09184829890727997,
            -0.0023455992341041565,
            0.03494315594434738
        ],
        [
            0.06855028867721558,
            0.011391062289476395,
            0.017204420641064644
        ],
        [
            0.06229617819190025,
            0.005205530673265457,
            0.009879611432552338
        ],
        [
            0.059847645461559296,
            0.021234583109617233,
            0.01235460489988327
        ],
        [
            0.052643463015556335,
            0.016024522483348846,
            0.005052749067544937
        ],
        [
            0.02855798974633217,
            0.05136920511722565,
            -0.000639449805021286
        ],
        [
            -0.012860920280218124,
            0.08155341446399689,
            -0.035804860293865204
        ],
        [
            -0.0043879300355911255,
            0.07511443644762039,
            -0.032228730618953705
        ],
        [
            -0.0005311276763677597,
            0.07695570588111877,
            -0.036108702421188354
        ],
        [
            -0.009692182764410973,
            0.08372141420841217,
            -0.03759153187274933
        ],
        [
            0.0013523325324058533,
            0.07141340523958206,
            -0.030780121684074402
        ],
        [
            -0.007994184270501137,
            0.0706094428896904,
            -0.03157377243041992
        ],
        [
            0.04789607599377632,
            0.008224613964557648,
            -0.0061796922236680984
        ],
        [
            0.028490761294960976,
            0.05875469371676445,
            -0.029619786888360977
        ],
        [
            0.059575844556093216,
            -0.0045314207673072815,
            -0.005228055641055107
        ],
        [
            0.040525924414396286,
            0.004805203527212143,
            -0.01993853971362114
        ],
        [
            0.050057973712682724,
            -0.003927469253540039,
            -0.02172984927892685
        ],
        [
            0.07139484584331512,
            -0.0173783116042614,
            -0.0070646945387125015
        ],
        [
            0.062402937561273575,
            -0.013940785080194473,
            -0.02156553789973259
        ],
        [
            0.0827724039554596,
            -0.023425936698913574,
            0.006556916981935501
        ],
        [
            0.07691261172294617,
            -0.01940559223294258,
