{
    "pred_cam": [
        5.930597305297852,
        -0.1604531854391098,
        -0.04691164195537567
    ],
    "pred_mano_params": {
        "global_orient": [
            [
                [
                    -0.7132928967475891,
                    -0.5221763253211975,
                    0.4674881398677826
                ],
                [
                    -0.11114834994077682,
                    -0.5742951035499573,
                    -0.8110679388046265
                ],
                [
                    0.6919966340065002,
                    -0.6304895281791687,
                    0.35160157084465027
                ]
            ]
        ],
        "hand_pose": [
            [
                [
                    0.8598676919937134,
                    -0.4523608088493347,
                    -0.23663699626922607
                ],
                [
                    0.4167908728122711,
                    0.8897078633308411,
                    -0.18629364669322968
                ],
                [
                    0.2948097586631775,
                    0.06155978888273239,
                    0.9535709023475647
                ]
            ],
            [
                [
                    0.9541316032409668,
                    -0.2843230962753296,
                    0.09377238899469376
                ],
                [
                    0.2988487482070923,
                    0.9232733249664307,
                    -0.24136212468147278
                ],
                [
                    -0.017952730879187584,
                    0.25831499695777893,
                    0.9658938646316528
                ]
            ],
            [
                [
                    0.7476866245269775,
                    -0.6529361009597778,
                    0.12099217623472214
                ],
                [
                    0.6226441860198975,
                    0.7526620030403137,
                    0.21404239535331726
                ],
                [
                    -0.23082222044467926,
                    -0.08470156788825989,
                    0.9693021774291992
                ]
            ],
            [
                [
                    0.6432929039001465,
                    -0.7394171953201294,
                    -0.1985858976840973
                ],
                [
                    0.7353176474571228,
                    0.6689378023147583,
                    -0.10876623541116714
                ],
                [
                    0.21326525509357452,
                    -0.07605518400669098,
                    0.9740294814109802
                ]
            ],
            [
                [
                    0.9673193097114563,
                    -0.20976468920707703,
                    -0.14245037734508514
                ],
                [
                    0.23758919537067413,
                    0.9460696578025818,
                    0.22023510932922363
                ],
                [
                    0.08857043832540512,
                    -0.2468823343515396,
                    0.9649892449378967
                ]
            ],
            [
                [
                    0.8255943655967712,
                    -0.5624731779098511,
                    0.044922199100255966
                ],
                [
                    0.5628662109375,
                    0.8265354633331299,
                    0.004560878500342369
                ],
                [
                    -0.03969516232609749,
                    0.021519750356674194,
                    0.9989801645278931
                ]
            ],
            [
                [
                    0.6195517182350159,
                    -0.7676138281822205,
                    0.16408686339855194
                ],
                [
                    0.6549023389816284,
                    0.620723307132721,
                    0.43105149269104004
                ],
                [
                    -0.4327336847782135,
                    -0.15959787368774414,
                    0.8872822523117065
                ]
            ],
            [
                [
                    0.9666990041732788,
                    -0.12485934793949127,
                    -0.2233901470899582
                ],
                [
                    0.12050867080688477,
                    0.9921616315841675,
                    -0.03305893391370773
                ],
                [
                    0.2257668673992157,
                    0.005037585273385048,
                    0.9741683006286621
                ]
            ],
            [
                [
                    0.9871367812156677,
                    -0.1596909612417221,
                    -0.007730377838015556
                ],
                [
                    0.14403223991394043,
                    0.8672728538513184,
                    0.47654226422309875
                ],
                [
                    -0.06939516216516495,
                    -0.47152581810951233,
                    0.8791176080703735
                ]
            ],
            [
                [
                    0.6001813411712646,
                    -0.7995845079421997,
                    0.021142955869436264
                ],
                [
                    0.7980349659919739,
                    0.5968130826950073,
                    -0.08339306712150574
                ],
                [
                    0.0540614128112793,
                    0.06692377477884293,
                    0.9962924718856812
                ]
            ],
            [
                [
                    0.9977278709411621,
                    -0.053084757179021835,
                    -0.04148641601204872
                ],
                [
                    0.06543555855751038,
                    0.9101346731185913,
                    0.40911272168159485
                ],
                [
                    0.016040576621890068,
                    -0.4108978509902954,
                    0.9115403890609741
                ]
            ],
            [
                [
                    0.8575119376182556,
                    -0.5134300589561462,
                    -0.0326007679104805
                ],
                [
                    0.5079396963119507,
                    0.8348754644393921,
                    0.2120853066444397
                ],
                [
                    -0.08167339861392975,
                    -0.19842490553855896,
                    0.9767071604728699
                ]
            ],
            [
                [
                    0.9385666251182556,
                    -0.21181997656822205,
                    -0.27244284749031067
                ],
                [
                    -0.16382001340389252,
                    0.4213707149028778,
                    -0.891969621181488
                ],
                [
                    0.3037364184856415,
                    0.8818044066429138,
                    0.3607841432094574
                ]
            ],
            [
                [
                    0.8571564555168152,
                    -0.4982180893421173,
                    -0.13061943650245667
                ],
                [
                    0.4776853919029236,
                    0.6741377115249634,
                    0.5633426308631897
                ],
                [
                    -0.19261203706264496,
                    -0.5452678203582764,
                    0.8158329725265503
                ]
            ],
            [
                [
                    0.8986526131629944,
                    0.3601663410663605,
                    -0.2504069209098816
                ],
                [
                    -0.39859363436698914,
                    0.908799946308136,
                    -0.12331174314022064
                ],
                [
                    0.1831570565700531,
                    0.2106250524520874,
                    0.9602554440498352
                ]
            ]
        ],
        "betas": [
            -0.05750805139541626,
            -0.13169634342193604,
            -0.040139734745025635,
            -0.013987511396408081,
            0.008050858974456787,
            0.002305608242750168,
            0.0006715357303619385,
            -0.028920412063598633,
            -0.018042072653770447,
            -0.04609650373458862
        ]
    },
    "pred_cam_t": [
        -0.1604531854391098,
        -0.04691164195537567,
        6.586604595184326
    ],
    "focal_length": [
        5000.0,
        5000.0
    ],
    "pred_keypoints_3d": [
        [
            0.09600889682769775,
            0.006415015552192926,
            0.006235081236809492
        ],
        [
            0.13342896103858948,
            -0.002970247995108366,
            0.00845705159008503
        ],
        [
            0.16213136911392212,
            0.007193784695118666,
            0.003348676487803459
        ],
        [
            0.18399138748645782,
            0.02238134853541851,
            -0.0021529626101255417
        ],
        [
            0.21245113015174866,
            0.03670115023851395,
            -0.02008863165974617
        ],
        [
            0.1713636964559555,
            0.002488266211003065,
            -0.04434777796268463
        ],
        [
            0.19521468877792358,
            0.01783062145113945,
            -0.061411052942276
        ],
        [
            0.21051497757434845,
            0.03384051471948624,
            -0.06384225189685822
        ],
        [
            0.22307953238487244,
            0.0510445237159729,
            -0.05142482370138168
        ],
        [
            0.162919819355011,
            0.020621884614229202,
            -0.05971110239624977
        ],
        [
            0.18278416991233826,
            0.044968485832214355,
            -0.06476327776908875
        ],
        [
            0.19399450719356537,
            0.06497061252593994,
            -0.06023353710770607
        ],
        [
            0.2046082317829132,
            0.08318483829498291,
            -0.04559584707021713
        ],
        [
            0.1440940946340561,
            0.03952544182538986,
            -0.057454418390989304
        ],
        [
            0.16551828384399414,
            0.058943942189216614,
            -0.05953110381960869
        ],
        [
            0.17943477630615234,
            0.0791153833270073,
            -0.05506009981036186
        ],
        [
            0.1923689842224121,
            0.09660927206277847,
            -0.041745562106370926
        ],
        [
            0.1302444338798523,
            0.05495872721076012,
            -0.0505511648952961
        ],
        [
            0.14623230695724487,
            0.06891386210918427,
            -0.05022290349006653
        ],
        [
            0.15774279832839966,
            0.08398286253213882,
            -0.048317067325115204
        ],
        [
            0.17071844637393951,
            0.09885689616203308,
            -0.03994486853480339
        ]
    ],
    "pred_vertices": [
        [
            0.14713409543037415,
            0.009043573401868343,
            -0.012114174664020538
        ],
        [
            0.1387537568807602,
            0.009446942247450352,
            -0.004160631448030472
        ],
        [
            0.14708244800567627,
            0.01059943251311779,
            -0.004913680255413055
        ],
        [
            0.1551973819732666,
            0.007356459274888039,
            -0.012016449123620987
        ],
        [
            0.1396188735961914,
            0.014869492501020432,
            0.015028513967990875
        ],
        [
            0.1418152153491974,
            0.007069945335388184,
            0.024231981486082077
        ],
        [
            0.1569410264492035,
            0.012196280993521214,
            0.01789187267422676
        ],
        [
            0.15192335844039917,
            0.019258011132478714,
            0.011990640312433243
        ],
        [
            0.1609918177127838,
            0.0061911712400615215,
            -0.0132204070687294
        ],
        [
            0.15428683161735535,
            0.012193644419312477,
            -0.00537177175283432
        ],
        [
            0.16170570254325867,
            0.00542415538802743,
            -0.014103835448622704
        ],
        [
            0.1649615317583084,
            -0.006101288832724094,
            -0.025021232664585114
        ],
        [
            0.1655346006155014,
            -0.000643346575088799,
            -0.021807903423905373
        ],
        [
            0.16786718368530273,
            -0.00901726447045803,
            -0.03287708759307861
        ],
        [
            0.15737345814704895,
            -0.013363336212933064,
            -0.02576901949942112
        ],
        [
            0.1618098020553589,
            -0.01205919124186039,
            -0.03949131444096565
        ],
        [
            0.1329246461391449,
            -0.006197563372552395,
            -0.03764292597770691
        ],
        [
            0.12374407798051834,
            0.003591500222682953,
            -0.04024195671081543
        ],
        [
            0.13535818457603455,
            0.007474604994058609,
            -0.0528109148144722
        ],
        [
            0.14387686550617218,
            -0.0023189038038253784,
            -0.048195432871580124
        ],
        [
            0.1213410496711731,
            0.022690799087285995,
            -0.04933299869298935
        ],
        [
            0.1296183466911316,
            0.014516379684209824,
            -0.05196283757686615
        ],
        [
            0.11732381582260132,
            0.009977247565984726,
            -0.040243253111839294
        ],
        [
            0.1107090562582016,
            0.01759950816631317,
            -0.038286320865154266
        ],
        [
            0.13408192992210388,
            0.016945376992225647,
            -0.012375138700008392
        ],
        [
            0.12650802731513977,
            0.016389235854148865,
            -0.0043703168630599976
        ],
        [
            0.1303206980228424,
            0.012115049175918102,
            -0.004560641944408417
        ],
        [
            0.13803455233573914,
            0.013156880624592304,
            -0.011900205165147781
        ],
        [
            0.1678141951560974,
            0.006261231377720833,
            -0.008520733565092087
        ],
        [
            0.15986268222332,
            -0.007850384339690208,
            -0.00982135720551014
        ],
        [
            0.16113770008087158,
            -0.00219130702316761,
            -0.014436827972531319
        ],
        [
            0.16641734540462494,
            0.01163724809885025,
            -0.008495565503835678
        ],
        [
            0.10757286101579666,
            0.02546958439052105,
            0.015853475779294968
        ],
        [
            0.09700082987546921,
            0.018732672557234764,
            0.021061964333057404
        ],
        [
            0.09993507713079453,
            0.013667535036802292,
            0.022269025444984436
        ],
        [
            0.10876339673995972,
            0.020512081682682037,
            0.016934040933847427
        ],
        [
            0.11897493898868561,
            0.002355714328587055,
            0.02738608792424202
        ],
        [
            0.10878246277570724,
            -0.0016556624323129654,
            0.02742643654346466
        ],
        [
            0.1058630421757698,
            -0.014496508054435253,
            0.028201110661029816
        ],
        [
            0.1168784499168396,
            -0.013200587593019009,
            0.02633371204137802
        ],
        [
            0.1307838410139084,
            0.004893220961093903,
            0.026385605335235596
        ],
        [
            0.13047611713409424,
            -0.008422743529081345,
            0.027545776218175888
        ],
        [
            0.14407894015312195,
            -0.003977472893893719,
            0.02515047788619995
        ],
        [
            0.16063937544822693,
            0.00379073154181242,
            0.01818918064236641
        ],
        [
            0.08905325829982758,
            0.027740858495235443,
            0.016478892415761948
        ],
        [
            0.0958276093006134,
            0.034302905201911926,
            0.01240580528974533
        ],
        [
            0.20156261324882507,
            0.021747684106230736,
            -0.052147600799798965
        ],
        [
            0.19831326603889465,
            0.026496054604649544,
            -0.05356188118457794
        ],
        [
            0.19514909386634827,
            0.02358299121260643,
            -0.051009006798267365
        ],
        [
            0.19895312190055847,
            0.019254662096500397,
            -0.050436653196811676
        ],
        [
            0.08051755279302597,
            0.030579909682273865,
            -0.0016974583268165588
        ],
        [
            0.07684233784675598,
            0.024261459708213806,
            -0.008666973561048508
        ],
        [
            0.07216162234544754,
            0.024180278182029724,
            -0.003047160804271698
        ],
        [
            0.07630784064531326,
            0.028447020798921585,
            0.004253461956977844
        ],
        [
            0.08614599704742432,
            0.033349089324474335,
            -0.009522568434476852
        ],
        [
            0.08389797061681747,
            0.02432539500296116,
            -0.015958718955516815
        ],
        [
            0.2042715847492218,
            0.01506978552788496,
            -0.06271757185459137
        ],
        [
            0.205397367477417,
            0.015875602141022682,
            -0.05773043632507324
        ],
        [
            0.20177604258060455,
            0.012233905494213104,
            -0.05725957453250885
        ],
        [
            0.19947275519371033,
            0.01162707805633545,
            -0.06196751818060875
        ],
        [
            0.16209731996059418,
            0.004326066933572292,
            -0.019286246970295906
        ],
        [
            0.15491391718387604,
            0.009532511234283447,
            -0.0185677632689476
        ],
        [
            0.1729353666305542,
            0.006731871515512466,
            -0.0329376757144928
        ],
        [
            0.16501808166503906,
            0.007933221757411957,
            -0.028212424367666245
        ],
        [
            0.1678103357553482,
            0.0018558298470452428,
            -0.026375852525234222
        ],
        [
            0.17371803522109985,
            0.0006768918829038739,
            -0.031408943235874176
        ],
        [
            0.1470525711774826,
            0.023300455883145332,
            -0.030157018452882767
        ],
        [
            0.13926684856414795,
            0.020922135561704636,
            -0.02172214910387993
        ],
        [
            0.1442427933216095,
            0.01654866151511669,
            -0.021712400019168854
        ],
        [
            0.1541403979063034,
            0.018305625766515732,
            -0.029994158074259758
        ],
        [
            0.131331205368042,
            0.03266914561390877,
            -0.021587513387203217
        ],
        [
            0.13933466374874115,
            0.03376316651701927,
            -0.030236022546887398
        ],
        [
            0.1338285654783249,
            0.040241509675979614,
            -0.029123790562152863
        ],
        [
            0.12966307997703552,
            0.038900844752788544,
            -0.02252594381570816
        ],
        [
            0.15405163168907166,
            0.03224453702569008,
            -0.044392939656972885
        ],
        [
            0.15767964720726013,
            0.03250165283679962,
            -0.049169912934303284
        ],
        [
            0.1568150818347931,
            0.03672817349433899,
            -0.048868488520383835
        ],
        [
            0.15160562098026276,
            0.035079341381788254,
            -0.044232871383428574
        ],
        [
            0.06718917936086655,
            0.023089054971933365,
            0.0019367560744285583
        ],
        [
            0.07256682962179184,
            0.02548609860241413,
            0.009814172983169556
        ],
        [
            0.1095394417643547,
            0.040400490164756775,
            -0.04385571554303169
        ],
        [
            0.1066705584526062,
            0.047539032995700836,
            -0.0357026644051075
        ],
        [
            0.11436402052640915,
            0.05330992117524147,
            -0.044557616114616394
        ],
        [
            0.11527381092309952,
            0.043961044400930405,
            -0.051792338490486145
        ],
        [
            0.07815148681402206,
            0.015122422948479652,
            -0.013438493013381958
        ],
        [
            0.07172030210494995,
            0.016082031652331352,
            -0.009012389928102493
        ],
        [
            0.20103678107261658,
            0.01741393655538559,
            -0.0674692690372467
        ],
        [
            0.1958787888288498,
            0.014394358731806278,
            -0.06590474396944046
        ],
        [
            0.14080995321273804,
            -0.016023103147745132,
            0.0189070925116539
        ],
        [
            0.16134454309940338,
            -0.005008034408092499,
            0.013841964304447174
        ],
        [
            0.12366259098052979,
            -0.020483190193772316,
            0.0201466903090477
        ],
        [
            0.11136265844106674,
            -0.022001564502716064,
            0.019246291369199753
        ],
        [
            0.10189546644687653,
            -0.023579712957143784,
            0.020990613847970963
        ],
        [
            0.1644160896539688,
            0.013177068904042244,
            -0.03225038945674896
        ],
        [
            0.14634843170642853,
            0.012796588242053986,
            -0.01763884723186493
        ],
        [
            0.1308288276195526,
            0.020898040384054184,
            -0.012590862810611725
        ],
        [
            0.11741264164447784,
            0.048618510365486145,
            -0.01462402194738388
        ],
        [
            0.1110718697309494,
            0.04641285911202431,
            -0.006506729871034622
        ],
        [
            0.1194860190153122,
            0.039814140647649765,
            -0.007082317024469376
        ],
        [
            0.1229742243885994,
            0.04278774559497833,
            -0.014520145952701569
        ],
        [
            0.11069612205028534,
            0.0537433847784996,
            -0.028950326144695282
        ],
        [
            0.11773459613323212,
            0.05383972451090813,
            -0.025105159729719162
        ],
        [
            0.12268215417861938,
            0.05581730604171753,
            -0.031741224229335785
        ],
        [
            0.11693679541349411,
            0.056968804448843,
            -0.036636512726545334
        ],
        [
            0.17180071771144867,
            0.001315239816904068,
            -0.004670480266213417
        ],
        [
            0.15957236289978027,
            -0.012069839984178543,
            -0.003953590989112854
        ],
        [
            0.08659279346466064,
            0.034089818596839905,
            0.0062929242849349976
        ],
        [
            0.08311925828456879,
            0.029624171555042267,
            0.011728234589099884
        ],
        [
            0.07719789445400238,
            0.025219272822141647,
            0.016048528254032135
        ],
        [
            0.1179255023598671,
            0.019925514236092567,
            0.006735503673553467
        ],
        [
            0.1096702367067337,
            0.01706361584365368,
            0.01784784346818924
        ],
        [
            0.11268064379692078,
            0.013828499242663383,
            0.01873781532049179
        ],
        [
            0.11912888288497925,
            0.01643279939889908,
            0.0062761977314949036
        ],
        [
            0.1314251720905304,
            0.012274332344532013,
            0.0052821338176727295
        ],
        [
            0.12723112106323242,
            0.011880777776241302,
            0.017718613147735596
        ],
        [
            0.14077074825763702,
            0.016197053715586662,
            0.0032197758555412292
        ],
        [
            0.10279426723718643,
            0.006398029159754515,
            0.025091636925935745
        ],
        [
            0.09261973947286606,
            0.009627600200474262,
            0.028310589492321014
        ],
        [
            0.09629430621862411,
            0.0016412129625678062,
            0.02994835376739502
        ],
        [
            0.08702065795660019,
            0.017025070264935493,
            0.025090817362070084
        ],
        [
            0.08166486769914627,
            0.022835809737443924,
            0.020963486284017563
        ],
        [
            0.06383176892995834,
            0.014780675992369652,
            -0.005989283323287964
        ],
        [
            0.09966929256916046,
            -0.005975496955215931,
            0.02987947314977646
        ],
        [
            0.1614498794078827,
            0.02054302953183651,
            0.009764183312654495
        ],
        [
            0.1700560599565506,
            0.022352464497089386,
            0.008149486035108566
        ],
        [
            0.16644541919231415,
            0.023248203098773956,
            0.001566953957080841
        ],
        [
            0.15825577080249786,
            0.021144337952136993,
            0.002200573682785034
        ],
        [
            0.17298480868339539,
            -0.008551876060664654,
            -0.0408162884414196
        ],
        [
            0.17502965033054352,
            -0.0041515761986374855,
            -0.03466279059648514
        ],
        [
            0.16903243958950043,
            -0.00464186305180192,
            -0.02734893001616001
        ],
        [
            0.11203636974096298,
            0.032418619841337204,
            0.007549572736024857
        ],
        [
            0.10194479674100876,
            0.039706937968730927,
            0.005180828273296356
        ],
        [
            0.17202775180339813,
            0.011739576235413551,
            -0.03734128177165985
        ],
        [
            0.19533273577690125,
            0.008434415794909,
            -0.06168162822723389
        ],
        [
            0.19789984822273254,
            0.008724123239517212,
            -0.05636405572295189
        ],
        [
            0.18480780720710754,
            -0.0012993599520996213,
            -0.04849592596292496
        ],
        [
            0.18244197964668274,
            -0.0014467556029558182,
            -0.054936349391937256
        ],
        [
            0.17300842702388763,
            0.014863356947898865,
            -0.04784850403666496
        ],
        [
            0.17436642944812775,
            0.013187576085329056,
            -0.04139399528503418
        ],
        [
            0.17526216804981232,
            0.014156282879412174,
            -0.044006843119859695
        ],
        [
            0.1740414798259735,
            0.017249012365937233,
            -0.04964330792427063
        ],
        [
            0.14974211156368256,
            0.042369239032268524,
            -0.04668022692203522
        ],
        [
            0.14544133841991425,
            0.040837615728378296,
            -0.042457498610019684
        ],
        [
            0.15625664591789246,
            0.004092566668987274,
            -0.05624166131019592
        ],
        [
            0.16029861569404602,
            -0.008540090173482895,
            -0.05301830917596817
        ],
        [
            0.15190476179122925,
            -0.01041366532444954,
            -0.044389430433511734
        ],
        [
            0.14198437333106995,
            0.02880829945206642,
            -0.029884956777095795
        ],
        [
            0.14848491549491882,
            0.03151296079158783,
            -0.03753957152366638
        ],
        [
            0.145802304148674,
            0.034661415964365005,
            -0.037731852382421494
        ],
        [
            0.1647842824459076,
            0.0160270556807518,
            -0.0361492782831192
        ],
        [
            0.16995733976364136,
            0.015603521838784218,
            -0.04140235856175423
        ],
        [
            0.16577394306659698,
            0.018225524574518204,
            -0.04131874442100525
        ],
        [
            0.16042442619800568,
            0.019329305738210678,
            -0.03644396364688873
        ],
        [
            0.09816639125347137,
            0.042405154556035995,
            -0.026948049664497375
        ],
        [
            0.1028163731098175,
            0.05000929534435272,
            -0.019347816705703735
        ],
        [
            0.20426835119724274,
            0.01812019944190979,
            -0.05377039685845375
        ],
        [
            0.20131784677505493,
            0.014996139332652092,
            -0.05278988182544708
        ],
        [
            0.13449862599372864,
            0.026363776996731758,
            -0.021580733358860016
        ],
        [
            0.14220453798770905,
            -0.012077361345291138,
            -0.03357035666704178
        ],
        [
            0.12755505740642548,
            0.02533765695989132,
            -0.01255752518773079
        ],
        [
            0.13322210311889648,
            0.03912966698408127,
            -0.05777539685368538
        ],
        [
            0.13621556758880615,
            0.04597083106637001,
            -0.05320586636662483
        ],
        [
            0.14084099233150482,
            0.04715276509523392,
            -0.05500537157058716
        ],
        [
            0.14043577015399933,
            0.043384648859500885,
            -0.05993149057030678
        ],
        [
            0.18465644121170044,
            0.024629054591059685,
            -0.05748944357037544
        ],
        [
            0.18782272934913635,
            0.024687230587005615,
            -0.05261735990643501
        ],
        [
            0.19123543798923492,
            0.02705935761332512,
            -0.05446702986955643
        ],
        [
            0.18877561390399933,
            0.027199409902095795,
            -0.059737566858530045
        ],
        [
            0.1766888052225113,
            0.009139289148151875,
            -0.03782014548778534
        ],
        [
            0.17873477935791016,
            0.003192019648849964,
            -0.03618583083152771
        ],
        [
            0.18246573209762573,
            0.006932503543794155,
            -0.040003255009651184
        ],
        [
            0.17897853255271912,
            0.011463925242424011,
            -0.0416625514626503
        ],
        [
            0.18016697466373444,
            -0.0016838256269693375,
            -0.039841197431087494
        ],
        [
            0.1845337450504303,
            0.0017345696687698364,
            -0.042952634394168854
        ],
        [
            0.18400554358959198,
            0.02133295312523842,
            -0.06302285194396973
        ],
        [
            0.18680475652217865,
            0.015338931232690811,
            -0.06655797362327576
        ],
        [
            0.174351766705513,
            0.007936947979032993,
            -0.060791391879320145
        ],
        [
            0.17432482540607452,
            0.014933478087186813,
            -0.05696491152048111
        ],
        [
            0.09990537166595459,
            0.012099402025341988,
            -0.028949450701475143
        ],
        [
            0.0945907011628151,
            0.021800853312015533,
            -0.027319032698869705
        ],
        [
            0.10508748888969421,
            0.02751517854630947,
            -0.03675694763660431
        ],
        [
            0.11460746824741364,
            0.03315887600183487,
            -0.04707977920770645
        ],
        [
            0.1247190460562706,
            0.03782983496785164,
            -0.05576830357313156
        ],
        [
            0.12966741621494293,
            0.02697676792740822,
            -0.05944618582725525
        ],
        [
            0.10079288482666016,
            0.0340031236410141,
            -0.03405695781111717
        ],
        [
            0.16757050156593323,
            0.013466456905007362,
            -0.052861157804727554
        ],
        [
            0.16590411961078644,
            0.003932227846235037,
            -0.056518662720918655
        ],
        [
            0.16357682645320892,
            0.009388777427375317,
            -0.05607311427593231
        ],
        [
            0.12465441226959229,
            0.03222019225358963,
            -0.012055378407239914
        ],
        [
            0.19802697002887726,
            0.011236931197345257,
            -0.051695700734853745
        ],
        [
            0.09639561176300049,
            -0.021867450326681137,
            -0.0006051883101463318
        ],
        [
            0.08778994530439377,
            -0.013715747743844986,
            -0.007683977484703064
        ],
        [
            0.09567506611347198,
            -0.012947162613272667,
            -0.011583894491195679
        ],
        [
            0.1061747595667839,
            -0.021568262949585915,
            -0.0029763057827949524
        ],
        [
            0.1922505795955658,
            0.02106119692325592,
            -0.04876886308193207
        ],
        [
            0.19614095985889435,
            0.01611887291073799,
            -0.04811195284128189
        ],
        [
            0.14244966208934784,
            0.04659341648221016,
            -0.043083637952804565
        ],
        [
            0.14637139439582825,
            0.04693198576569557,
            -0.04734942317008972
        ],
        [
            0.1442989856004715,
            0.04931853339076042,
            -0.04992057383060455
        ],
        [
            0.14131663739681244,
            0.05159134417772293,
            -0.04524949938058853
        ],
        [
            0.09152944386005402,
            0.026368705555796623,
            -0.024928543716669083
        ],
        [
            0.12088194489479065,
            0.05809825286269188,
            -0.04717486724257469
        ],
        [
            0.121360644698143,
            0.04932467266917229,
            -0.05451346933841705
        ],
        [
            0.08566626906394958,
            0.016444822773337364,
            -0.01921015977859497
        ],
        [
            0.0898020938038826,
            0.007733583450317383,
            -0.02102525532245636
        ],
        [
            0.0822296142578125,
            0.00510481558740139,
            -0.015406318008899689
        ],
        [
            0.1433272808790207,
            0.02001030743122101,
            -0.060935866087675095
        ],
        [
            0.10578853636980057,
            0.00592813640832901,
            -0.030706016346812248
        ],
        [
            0.09493641555309296,
            0.0020563174039125443,
            -0.021723464131355286
        ],
        [
            0.08611532300710678,
            -0.0013546235859394073,
            -0.01505640521645546
        ],
        [
            0.07916142791509628,
            -0.0034569930285215378,
            -0.010890517383813858
        ],
        [
            0.07567813992500305,
            0.003899764269590378,
            -0.011597894132137299
        ],
        [
            0.19109614193439484,
            0.011496820487082005,
            -0.06522874534130096
        ],
        [
            0.19169285893440247,
            0.01912277564406395,
            -0.06820420920848846
        ],
        [
            0.06726066768169403,
            0.0021264180541038513,
            -0.008572056889533997
        ],
        [
            0.07187829166650772,
            -0.005862681195139885,
            -0.007356710731983185
        ],
        [
            0.10106607526540756,
            -0.004841119050979614,
            -0.02112824097275734
        ],
        [
            0.10956233739852905,
            -0.012763328850269318,
            -0.018825937062501907
        ],
        [
            0.11143537610769272,
            -0.000705445185303688,
            -0.029664471745491028
        ],
        [
            0.12033611536026001,
            -0.00824614055454731,
            -0.02843393385410309
        ],
        [
            0.1450323611497879,
            0.009139101952314377,
            -0.062152087688446045
        ],
        [
            0.20377245545387268,
            0.033366184681653976,
            -0.07040497660636902
        ],
        [
            0.19455809891223907,
            0.02717938832938671,
            -0.06822872161865234
        ],
        [
            0.1934090554714203,
            0.029765315353870392,
            -0.06312523782253265
        ],
        [
            0.20170648396015167,
            0.035746898502111435,
            -0.06749115139245987
        ],
        [
            0.1887190192937851,
            0.024372193962335587,
            -0.06495469063520432
        ],
        [
            0.1970088928937912,
            0.022251885384321213,
            -0.06979683041572571
        ],
        [
            0.13217976689338684,
            -0.015719518065452576,
            -0.022102292627096176
        ],
        [
            0.16973745822906494,
            0.018413105979561806,
            -0.04627075418829918
        ],
        [
            0.12359277158975601,
            -0.020627964287996292,
            -0.008245527744293213
        ],
        [
            0.14857274293899536,
            -0.018182948231697083,
            -0.017510389909148216
        ],
        [
            0.14379340410232544,
            -0.0203188918530941,
            -0.005487550050020218
        ],
        [
            0.11616799235343933,
            -0.02530268020927906,
            0.007549583911895752
        ],
        [
            0.134929820895195,
            -0.02343399077653885,
            0.00788925215601921
        ],
        [
            0.09643543511629105,
            -0.025860901921987534,
            0.011379614472389221
        ],
        [
            0.10523773729801178,
            -0.02508150041103363,
            0.008087113499641418
        ],
        [
            0.152899831533432,
