{
    "pred_cam": [
        8.240396499633789,
        0.04726230353116989,
        -0.06640531122684479
    ],
    "pred_mano_params": {
        "global_orient": [
            [
                [
                    0.6993025541305542,
                    -0.3230166435241699,
                    -0.637680172920227
                ],
                [
                    -0.7012368440628052,
                    -0.4831102192401886,
                    -0.5242817401885986
                ],
                [
                    -0.13871803879737854,
                    0.8137964606285095,
                    -0.5643513798713684
                ]
            ]
        ],
        "hand_pose": [
            [
                [
                    0.9828809499740601,
                    -0.16125111281871796,
                    -0.08912483602762222
                ],
                [
                    0.15611352026462555,
                    0.9857956171035767,
                    -0.061931781470775604
                ],
                [
                    0.09784544259309769,
                    0.04695797339081764,
                    0.9940932393074036
                ]
            ],
            [
                [
                    0.9481059312820435,
                    -0.31547462940216064,
                    0.03963545709848404
                ],
                [
                    0.3170885443687439,
                    0.9289522767066956,
                    -0.1910565346479416
                ],
                [
                    0.02345404587686062,
                    0.19370976090431213,
                    0.9807785749435425
                ]
            ],
            [
                [
                    0.9320209622383118,
                    -0.3613681197166443,
                    0.02738775499165058
                ],
                [
                    0.35836437344551086,
                    0.930247962474823,
                    0.07882721722126007
                ],
                [
                    -0.05396305024623871,
                    -0.06365381926298141,
                    0.9965120553970337
                ]
            ],
            [
                [
                    0.8323944807052612,
                    -0.5541794896125793,
                    -0.002141996519640088
                ],
                [
                    0.5516502857208252,
                    0.8282140493392944,
                    0.098708875477314
                ],
                [
                    -0.05292839556932449,
                    -0.08334635198116302,
                    0.9951140880584717
                ]
            ],
            [
                [
                    0.851864218711853,
                    -0.49549153447151184,
                    -0.16975146532058716
                ],
                [
                    0.5212249755859375,
                    0.8338441252708435,
                    0.1817372441291809
                ],
                [
                    0.05149701610207558,
                    -0.2432941347360611,
                    0.9685845375061035
                ]
            ],
            [
                [
                    0.8352394104003906,
                    -0.542629599571228,
                    0.08904127031564713
                ],
                [
                    0.5465622544288635,
                    0.8370121121406555,
                    -0.0260869562625885
                ],
                [
                    -0.060373060405254364,
                    0.07045544683933258,
                    0.9956863522529602
                ]
            ],
            [
                [
                    0.5484963655471802,
                    -0.8302939534187317,
                    0.09881167858839035
                ],
                [
                    0.6263129115104675,
                    0.48626062273979187,
                    0.6093298196792603
                ],
                [
                    -0.5539710521697998,
                    -0.27232813835144043,
                    0.786736011505127
                ]
            ],
            [
                [
                    0.9482327699661255,
                    -0.3030659556388855,
                    -0.0948980376124382
                ],
                [
                    0.317547470331192,
                    0.9088402986526489,
                    0.27050480246543884
                ],
                [
                    0.004266364965587854,
                    -0.2866361737251282,
                    0.9580299854278564
                ]
            ],
            [
                [
                    0.9935954809188843,
                    -0.03538484871387482,
                    0.10731219500303268
                ],
                [
                    0.007713000755757093,
                    0.968726396560669,
                    0.24801158905029297
                ],
                [
                    -0.11273200809955597,
                    -0.24559549987316132,
                    0.962795078754425
                ]
            ],
            [
                [
                    0.5754209756851196,
                    -0.8177905082702637,
                    0.010455278679728508
                ],
                [
                    0.8118938207626343,
                    0.5727195143699646,
                    0.11322852969169617
                ],
                [
                    -0.09858516603708267,
                    -0.05666549876332283,
                    0.9935138821601868
                ]
            ],
            [
                [
                    0.9986265301704407,
                    -0.04753226414322853,
                    -0.022039709612727165
                ],
                [
                    0.05218832939863205,
                    0.9396045207977295,
                    0.33825990557670593
                ],
                [
                    0.004630360286682844,
                    -0.33894553780555725,
                    0.9407946467399597
                ]
            ],
            [
                [
                    0.957371711730957,
                    -0.2628938555717468,
                    0.11969208717346191
                ],
                [
                    0.2501427233219147,
                    0.9617538452148438,
                    0.11161649972200394
                ],
                [
                    -0.14445760846138,
                    -0.07691837847232819,
                    0.9865168929100037
                ]
            ],
            [
                [
                    0.8815236687660217,
                    0.09968990087509155,
                    -0.4614953398704529
                ],
                [
                    -0.4178163707256317,
                    0.6199154853820801,
                    -0.6641794443130493
                ],
                [
                    0.21987614035606384,
                    0.7783101797103882,
                    0.5881222486495972
                ]
            ],
            [
                [
                    0.9485216736793518,
                    -0.30855289101600647,
                    -0.07142645120620728
                ],
                [
                    0.2977956533432007,
                    0.7921175956726074,
                    0.5327920913696289
                ],
                [
                    -0.10781639069318771,
                    -0.5266353487968445,
                    0.843226432800293
                ]
            ],
            [
                [
                    0.9814864993095398,
                    -0.16294994950294495,
                    0.1006556823849678
                ],
                [
                    0.18603962659835815,
                    0.9360241293907166,
                    -0.2987441420555115
                ],
                [
                    -0.04553580656647682,
                    0.3119392991065979,
                    0.9490101933479309
                ]
            ]
        ],
        "betas": [
            -0.005678161978721619,
            0.015032529830932617,
            -0.0323311984539032,
            0.030459851026535034,
            0.021871089935302734,
            -0.018923010677099228,
            0.08845540881156921,
            0.004510834813117981,
            -0.05921745300292969,
            -0.02423068881034851
        ]
    },
    "pred_cam_t": [
        -0.04726230353116989,
        -0.06640531122684479,
        4.740366458892822
    ],
    "focal_length": [
        5000.0,
        5000.0
    ],
    "pred_keypoints_3d": [
        [
            0.0957740992307663,
            0.0063864486292004585,
            0.0061729224398732185
        ],
        [
            0.06743191182613373,
            0.0172815453261137,
            -0.017688419669866562
        ],
        [
            0.04338759928941727,
            0.03503350168466568,
            -0.025263475254178047
        ],
        [
            0.02439655177295208,
            0.054258763790130615,
            -0.02757466956973076
        ],
        [
            0.002184756100177765,
            0.07860109210014343,
            -0.040490567684173584
        ],
        [
            0.022565364837646484,
            0.059957750141620636,
            0.002488691359758377
        ],
        [
            0.0003962218761444092,
            0.08412869274616241,
            0.006463860161602497
        ],
        [
            -0.007046979386359453,
            0.10450737178325653,
            0.00175089156255126
        ],
        [
            -0.010474152863025665,
            0.1272042840719223,
            -0.008410559967160225
        ],
        [
            0.03212662786245346,
            0.07533705234527588,
            0.02001877874135971
        ],
        [
            0.021096253767609596,
            0.10420261323451996,
            0.012857427820563316
        ],
        [
            0.024497298523783684,
            0.12141285091638565,
            -0.0024313433095812798
        ],
        [
            0.031697411090135574,
            0.1324419230222702,
            -0.024235427379608154
        ],
        [
            0.05685045197606087,
            0.07966452836990356,
            0.029354780912399292
        ],
        [
            0.0529693141579628,
            0.10440199077129364,
            0.014993143267929554
        ],
        [
            0.05658084154129028,
            0.12385585904121399,
            4.9540773034095764e-05
        ],
        [
            0.05757948383688927,
            0.1419660449028015,
            -0.01779453083872795
        ],
        [
            0.07839591056108475,
            0.08211313188076019,
            0.032005514949560165
        ],
        [
            0.07710713148117065,
            0.09857849031686783,
            0.018894152715802193
        ],
        [
            0.08058822154998779,
            0.10749998688697815,
            0.0025606490671634674
        ],
        [
            0.0816398561000824,
            0.11552467197179794,
            -0.016284866258502007
        ]
    ],
    "pred_vertices": [
        [
            0.056786153465509415,
            0.04044182971119881,
            -0.008695879019796848
        ],
        [
            0.06574814021587372,
            0.03396723046898842,
            -0.010505786165595055
        ],
        [
            0.05771943926811218,
            0.03859126195311546,
            -0.013817824423313141
        ],
        [
            0.049435265362262726,
            0.04258298873901367,
            -0.012955373153090477
        ],
        [
            0.07069897651672363,
            0.033761098980903625,
            -0.02761368453502655
        ],
        [
            0.06941001117229462,
            0.025188131257891655,
            -0.035971056669950485
        ],
        [
            0.05535786598920822,
            0.0359356626868248,
            -0.03647320345044136
        ],
        [
            0.05898662284016609,
            0.04234744608402252,
            -0.02950754016637802
        ],
        [
            0.04201844707131386,
            0.04394813999533653,
            -0.014201171696186066
        ],
        [
            0.05070662125945091,
            0.04286489635705948,
            -0.016428319737315178
        ],
        [
            0.037601277232170105,
            0.04163334518671036,
            -0.011974841356277466
        ],
        [
            0.028206074610352516,
            0.0399760901927948,
            -0.007273509632796049
        ],
        [
            0.03324401378631592,
            0.044756438583135605,
            -0.011056856252253056
        ],
        [
            0.02248888835310936,
            0.043311480432748795,
            -0.0037462622858583927
        ],
        [
            0.0290415957570076,
            0.030255910009145737,
            -0.002133449772372842
        ],
        [
            0.02234770357608795,
            0.03999757021665573,
            0.004920041188597679
        ],
        [
            0.04470983147621155,
            0.03082943707704544,
            0.01981082744896412
        ],
        [
            0.055115438997745514,
            0.03505304455757141,
            0.027307268232107162
        ],
        [
            0.044683344662189484,
            0.04839951545000076,
            0.030510926619172096
        ],
        [
            0.03559928759932518,
            0.04318248853087425,
            0.021587267518043518
        ],
        [
            0.06429404020309448,
            0.05224006995558739,
            0.036391258239746094
        ],
        [
            0.052903108298778534,
            0.05086307227611542,
            0.033455610275268555
        ],
        [
            0.06306938827037811,
            0.03682203218340874,
            0.031157858669757843
        ],
        [
            0.07285251468420029,
            0.03873832896351814,
            0.03358590602874756
        ],
        [
            0.06996895372867584,
            0.04066305607557297,
            -0.001170317642390728
        ],
        [
            0.07858774065971375,
            0.03359541296958923,
            -0.00329727865755558
        ],
        [
            0.07384862750768661,
            0.032263319939374924,
            -0.005500335246324539
        ],
        [
            0.06551632285118103,
            0.03940008580684662,
            -0.0038300901651382446
        ],
        [
            0.03311784565448761,
            0.03715965896844864,
            -0.015932846814393997
        ],
        [
            0.03478631377220154,
            0.026486191898584366,
            -0.013920735567808151
        ],
        [
            0.034276001155376434,
            0.0336909219622612,
            -0.010917206294834614
        ],
        [
            0.03553582355380058,
            0.04228440672159195,
            -0.015451207756996155
        ],
        [
            0.10487286001443863,
            0.023675844073295593,
            -0.008224980905652046
        ],
        [
            0.10973524302244186,
            0.011198803782463074,
            -0.0063429102301597595
        ],
        [
            0.10537466406822205,
            0.008403085172176361,
            -0.00918455608189106
        ],
        [
            0.10175555944442749,
            0.020220231264829636,
            -0.009986510500311852
        ],
        [
            0.08792637288570404,
            0.0081876739859581,
            -0.02610865607857704
        ],
        [
            0.09274111688137054,
            -0.0005143880844116211,
            -0.019148627296090126
        ],
        [
            0.08677089959383011,
            -0.01281449943780899,
            -0.01769409514963627
        ],
        [
            0.07933580130338669,
            -0.005744211375713348,
            -0.022652029991149902
        ],
        [
            0.07920058071613312,
            0.017229188233613968,
            -0.03255405277013779
        ],
        [
            0.07282742112874985,
            0.004622559994459152,
            -0.031920384615659714
        ],
        [
            0.06333146244287491,
            0.015459150075912476,
            -0.03686615452170372
        ],
        [
            0.050101909786462784,
            0.028292182832956314,
            -0.03742320090532303
        ],
        [
            0.11818629503250122,
            0.015800684690475464,
            0.0021512992680072784
        ],
        [
            0.11613254994153976,
            0.025814533233642578,
            0.0015396829694509506
        ],
        [
            0.00020298827439546585,
            0.08813385665416718,
            -0.004697864409536123
        ],
        [
            0.004201149567961693,
            0.09163711965084076,
            -0.0021075857803225517
        ],
        [
            0.006647313013672829,
            0.0876193642616272,
            -0.002591954544186592
        ],
        [
            0.0021770037710666656,
            0.08478608727455139,
            -0.004813042003661394
        ],
        [
            0.11689672619104385,
            0.020256459712982178,
            0.02189917117357254
        ],
        [
            0.11202627420425415,
            0.01597551256418228,
            0.029628587886691093
        ],
        [
            0.11751409620046616,
            0.011497244238853455,
            0.027848981320858
        ],
        [
            0.12096938490867615,
            0.014306731522083282,
            0.01955290697515011
        ],
        [
            0.11148977279663086,
            0.028095588088035583,
            0.02494939975440502
        ],
        [
            0.10425158590078354,
            0.02225540578365326,
            0.031381528824567795
        ],
        [
            -0.008835483342409134,
            0.08495264500379562,
            0.003735757665708661
        ],
        [
            -0.007493644952774048,
            0.08514072000980377,
            -0.001241730758920312
        ],
        [
            -0.005808531306684017,
            0.08061161637306213,
            7.031112909317017e-05
        ],
        [
            -0.006251966580748558,
            0.08016926050186157,
            0.005392272956669331
        ],
        [
            0.04063580557703972,
            0.04691752418875694,
            -0.011747711338102818
        ],
        [
            0.04919690638780594,
            0.047432735562324524,
            -0.008347643539309502
        ],
        [
            0.0283719003200531,
            0.060968492180109024,
            -0.00750535074621439
        ],
        [
            0.037382230162620544,
            0.05531797185540199,
            -0.0068179890513420105
        ],
        [
            0.03250458091497421,
            0.051184408366680145,
            -0.009925425983965397
        ],
        [
            0.025060825049877167,
            0.05545283108949661,
            -0.009144997224211693
        ],
        [
            0.05739351734519005,
            0.05865519121289253,
            0.005543709732592106
        ],
        [
            0.06471007317304611,
            0.049805473536252975,
            0.003300675190985203
        ],
        [
            0.058903854340314865,
            0.04889042675495148,
            0.00036073382943868637
        ],
        [
            0.04988565295934677,
            0.05836055427789688,
            0.001180887222290039
        ],
        [
            0.07712669670581818,
            0.054814860224723816,
            0.007941463962197304
        ],
        [
            0.0687783882021904,
            0.06280247867107391,
            0.010225976817309856
        ],
        [
            0.07683251798152924,
            0.06455834209918976,
            0.012570454739034176
        ],
        [
            0.08165144920349121,
            0.05911526083946228,
            0.009708154946565628
        ],
        [
            0.052191924303770065,
            0.07485140860080719,
            0.012872796505689621
        ],
        [
            0.047192130237817764,
            0.07962755858898163,
            0.014386670663952827
        ],
        [
            0.05012413114309311,
            0.08024706691503525,
            0.015010998584330082
        ],
        [
            0.05532623082399368,
            0.07510782778263092,
            0.014317470602691174
        ],
        [
            0.12228592485189438,
            0.006330959498882294,
            0.026735028252005577
        ],
        [
            0.12407851964235306,
            0.008102692663669586,
            0.017220070585608482
        ],
        [
            0.08525696396827698,
            0.05814487487077713,
            0.0390780046582222
        ],
        [
            0.09528662264347076,
            0.05907723680138588,
            0.03422791510820389
        ],
        [
            0.09000355750322342,
            0.07089842855930328,
            0.036325909197330475
        ],
        [
            0.08019542694091797,
            0.06693091988563538,
            0.041939474642276764
        ],
        [
            0.1032978743314743,
            0.011240951716899872,
            0.03266226872801781
        ],
        [
            0.10998274385929108,
            0.007117725908756256,
            0.03287078067660332
        ],
        [
            -0.007151927798986435,
            0.0869058296084404,
            0.009388393722474575
        ],
        [
            -0.003987202420830727,
            0.08230174332857132,
            0.010636444203555584
        ],
        [
            0.058033689856529236,
            0.004996880888938904,
            -0.028994619846343994
        ],
        [
            0.045021217316389084,
            0.02112138271331787,
            -0.03339814394712448
        ],
        [
            0.06816232204437256,
            -0.006037872284650803,
            -0.021075334399938583
        ],
        [
            0.07498376071453094,
            -0.012795854359865189,
            -0.013388233259320259
        ],
        [
            0.08060487359762192,
            -0.019442453980445862,
            -0.00939665175974369
        ],
        [
            0.03908729553222656,
            0.060978762805461884,
            -0.003236081451177597
        ],
        [
            0.05717511102557182,
            0.04545273631811142,
            -0.004113591276109219
        ],
        [
            0.07427136600017548,
            0.042200010269880295,
            0.0009071510285139084
        ],
        [
            0.09911167621612549,
            0.057628780603408813,
            0.010685307905077934
        ],
        [
            0.10544434189796448,
            0.04981669783592224,
            0.00790993683040142
        ],
        [
            0.09576107561588287,
            0.049157481640577316,
            0.0033009573817253113
        ],
        [
            0.09201464056968689,
            0.05587487295269966,
            0.0072410497814416885
        ],
        [
            0.09986978769302368,
            0.0634085163474083,
            0.026318687945604324
        ],
        [
            0.09738034754991531,
            0.06552575528621674,
            0.018989499658346176
        ],
        [
            0.09253890812397003,
            0.0716945081949234,
            0.021142274141311646
        ],
        [
            0.09443792700767517,
            0.07177333533763885,
            0.028497181832790375
        ],
        [
            0.030245982110500336,
            0.032444875687360764,
            -0.02087578736245632
        ],
        [
            0.03578328713774681,
            0.020719215273857117,
            -0.01834280416369438
        ],
        [
            0.11895503103733063,
            0.023180082440376282,
            0.011915192008018494
        ],
        [
            0.12086361646652222,
            0.015968874096870422,
            0.009518671780824661
        ],
        [
            0.12388380616903305,
            0.008001439273357391,
            0.009434591978788376
        ],
        [
            0.09129977971315384,
            0.02822747454047203,
            -0.007358936592936516
        ],
        [
            0.09966418147087097,
            0.017883140593767166,
            -0.011512299999594688
        ],
        [
            0.09632164239883423,
            0.01692483201622963,
            -0.014604039490222931
        ],
        [
            0.08864366263151169,
            0.026585489511489868,
            -0.00811757892370224
        ],
        [
            0.07526499778032303,
            0.030758831650018692,
            -0.01536940224468708
        ],
        [
            0.08302517980337143,
            0.024541692808270454,
            -0.023894300684332848
        ],
        [
            0.06589708477258682,
            0.038509562611579895,
            -0.01779843494296074
        ],
        [
            0.10051853954792023,
            0.003361038863658905,
            -0.01349929254502058
        ],
        [
            0.11021776497364044,
            -0.0006551370024681091,
            -0.009797893464565277
        ],
        [
            0.10375991463661194,
            -0.005574576556682587,
            -0.013440550304949284
        ],
        [
            0.11683744192123413,
            0.003391370177268982,
            -0.003799566999077797
        ],
        [
            0.12189003080129623,
            0.006641358137130737,
            0.0027924049645662308
        ],
        [
            0.11554814130067825,
            0.0010012835264205933,
            0.03504453971982002
        ],
        [
            0.09683042019605637,
            -0.009822875261306763,
            -0.015364419668912888
        ],
        [
            0.05011722818017006,
            0.04638583958148956,
            -0.03037632256746292
        ],
        [
            0.04242502897977829,
            0.04949057847261429,
            -0.031162552535533905
        ],
        [
            0.04283275827765465,
            0.05075562000274658,
            -0.023672502487897873
        ],
        [
            0.049658194184303284,
            0.04776106774806976,
            -0.02223445288836956
        ],
        [
            0.016002094373106956,
            0.048983365297317505,
            -0.00021919561550021172
        ],
        [
            0.01963483914732933,
            0.052441295236349106,
            -0.006738967262208462
        ],
        [
            0.026835324242711067,
            0.046153370290994644,
            -0.009362160228192806
        ],
        [
            0.10256524384021759,
            0.034352857619524,
            -0.004119591787457466
        ],
        [
            0.11236024647951126,
            0.035759713500738144,
            0.0037883128970861435
        ],
        [
            0.02946624532341957,
            0.06628898531198502,
            -0.0032711606472730637
        ],
        [
            -0.003810584545135498,
            0.0758923590183258,
            0.006956096738576889
        ],
        [
            -0.0035012448206543922,
            0.07604198157787323,
            0.0010730721987783909
        ],
        [
            0.006679917685687542,
            0.06159093976020813,
            0.0009503783658146858
        ],
        [
            0.005782007239758968,
            0.061937447637319565,
            0.007647965103387833
        ],
        [
            0.024334432557225227,
            0.07221868634223938,
            0.005199152510613203
        ],
        [
            0.025014081969857216,
            0.0699467808008194,
            -0.000978777650743723
        ],
        [
            0.02263607084751129,
            0.07185637950897217,
            0.000831162091344595
        ],
        [
            0.02221665531396866,
            0.07545257359743118,
            0.006151980720460415
        ],
        [
            0.05940382555127144,
            0.07990618050098419,
            0.01681353524327278
        ],
        [
            0.0636974573135376,
            0.07557260990142822,
            0.01626734808087349
        ],
        [
            0.028310973197221756,
            0.057293057441711426,
            0.021222401410341263
        ],
        [
            0.020234808325767517,
            0.047602761536836624,
            0.015580208972096443
        ],
        [
            0.02769935503602028,
            0.03881528973579407,
            0.014112432487308979
        ],
        [
            0.06415683031082153,
            0.060225121676921844,
            0.008347458206117153
        ],
        [
            0.05825520306825638,
            0.06845247000455856,
            0.01069635059684515
        ],
        [
            0.06180853396654129,
            0.06947124749422073,
            0.012458737939596176
        ],
        [
            0.038694605231285095,
            0.06479395925998688,
            -0.0001736590638756752
        ],
        [
            0.03168226033449173,
            0.06952870637178421,
            0.001257394440472126
        ],
        [
            0.03717484697699547,
            0.06861923635005951,
            0.0037542618811130524
        ],
        [
            0.04357733577489853,
            0.06478500366210938,
            0.0027465354651212692
        ],
        [
            0.10147374868392944,
            0.0475815087556839,
            0.03212452679872513
        ],
        [
            0.10690431296825409,
            0.053084325045347214,
            0.023213759064674377
        ],
        [
            -0.004102618433535099,
            0.08607318252325058,
            -0.004335856530815363
        ],
        [
            -0.002407720312476158,
            0.08214779198169708,
            -0.0037738997489213943
        ],
        [
            0.07118856906890869,
            0.05154501646757126,
            0.00603022426366806
        ],
        [
            0.03739827126264572,
            0.028515662997961044,
            0.011636542156338692
        ],
        [
            0.07909823954105377,
            0.04397844150662422,
            0.00283917598426342
        ],
        [
            0.06375978142023087,
            0.0743694007396698,
            0.035730890929698944
        ],
        [
            0.0680931881070137,
            0.07920235395431519,
            0.0297994464635849
        ],
        [
            0.0652226135134697,
            0.08290455490350723,
            0.027826596051454544
        ],
        [
            0.061163801699876785,
            0.0819355845451355,
            0.03241368383169174
        ],
        [
            0.012741009704768658,
            0.08681517839431763,
            0.008014202117919922
        ],
        [
            0.012302220799028873,
            0.08699176460504532,
            0.0023082029074430466
        ],
        [
            0.009651907719671726,
            0.09017838537693024,
            0.002253724727779627
        ],
        [
            0.009509943425655365,
            0.09050065279006958,
            0.008031214587390423
        ],
        [
            0.022834938019514084,
            0.06620342284440994,
            -0.0049933772534132
        ],
        [
            0.019336042925715446,
            0.06113871932029724,
            -0.007267787586897612
        ],
        [
            0.015534504316747189,
            0.06660457700490952,
            -0.005632875487208366
        ],
        [
            0.019475620239973068,
            0.06998613476753235,
            -0.0027789808809757233
        ],
        [
            0.013995305635035038,
            0.0580148883163929,
            -0.004497124347835779
        ],
        [
            0.01046282984316349,
            0.06312694400548935,
            -0.0038679682184010744
        ],
        [
            0.009679507464170456,
            0.08454997092485428,
            0.013250701129436493
        ],
        [
            0.003621291369199753,
            0.08053213357925415,
            0.01524058822542429
        ],
        [
            0.01346609741449356,
            0.06913499534130096,
            0.01608404703438282
        ],
        [
            0.017768967896699905,
            0.07474321871995926,
            0.012407256290316582
        ],
        [
            0.08055765181779861,
            0.02556060254573822,
            0.03235643357038498
        ],
        [
            0.09068970382213593,
            0.029843240976333618,
            0.03426610678434372
        ],
        [
            0.08325562626123428,
            0.04309815168380737,
            0.03579385578632355
        ],
        [
            0.0760158970952034,
            0.05626460164785385,
            0.038570571690797806
        ],
        [
            0.0687532126903534,
            0.06833109259605408,
            0.039603181183338165
        ],
        [
            0.057337578386068344,
            0.06363952159881592,
            0.03975549340248108
        ],
        [
            0.09128332138061523,
            0.044996410608291626,
            0.03622710704803467
        ],
        [
            0.026999415829777718,
            0.06854736059904099,
            0.013355533592402935
        ],
        [
            0.021168498322367668,
            0.061382703483104706,
            0.016485586762428284
        ],
        [
            0.026580030098557472,
            0.0642455667257309,
            0.018421795219182968
        ],
        [
            0.08544942736625671,
            0.0476742684841156,
            0.004207465797662735
        ],
        [
            -0.0005593718960881233,
            0.07753189653158188,
            -0.0031144951935857534
        ],
        [
            0.07512202858924866,
            -0.013145804405212402,
            0.011331036686897278
        ],
        [
            0.08202804625034332,
            -0.008486241102218628,
            0.022099314257502556
        ],
        [
            0.07577162981033325,
            -0.0025030821561813354,
            0.0206465907394886
        ],
        [
            0.06833124160766602,
            -0.0073110684752464294,
            0.0076920283026993275
        ],
        [
            0.009058627299964428,
            0.08431565761566162,
            -0.0030885497108101845
        ],
        [
            0.0043512629345059395,
            0.0807824581861496,
            -0.0054207476787269115
        ],
        [
            0.06906122714281082,
            0.07864361256361008,
            0.017986316233873367
        ],
        [
            0.064432792365551,
            0.08218428492546082,
            0.018643056973814964
        ],
        [
            0.06617504358291626,
            0.08393597602844238,
            0.021297425031661987
        ],
        [
            0.071877121925354,
            0.08249153196811676,
            0.01970215141773224
        ],
        [
            0.09658852219581604,
            0.03099830076098442,
            0.03416606783866882
        ],
        [
            0.08817805349826813,
            0.07912448793649673,
            0.03334212303161621
        ],
        [
            0.07881108671426773,
            0.07539050281047821,
            0.0396149717271328
        ],
        [
            0.09672274440526962,
            0.0181889608502388,
            0.03291132301092148
        ],
        [
            0.08785708248615265,
            0.014152251183986664,
            0.03185949847102165
        ],
        [
            0.09358146786689758,
            0.006211884319782257,
            0.031785715371370316
        ],
        [
            0.04385800287127495,
            0.06538411229848862,
            0.032894596457481384
        ],
        [
            0.07219626009464264,
            0.024353686720132828,
            0.030247950926423073
        ],
        [
            0.08076253533363342,
            0.012567810714244843,
            0.029356935992836952
        ],
        [
            0.08728227019309998,
            0.0030073970556259155,
            0.02914048731327057
        ],
        [
            0.09228554368019104,
            -0.0036679282784461975,
            0.029860444366931915
        ],
        [
            0.09872199594974518,
            0.0005552694201469421,
            0.032550156116485596
        ],
        [
            -0.000815272331237793,
            0.07808360457420349,
            0.012131322175264359
        ],
        [
            0.0003927517682313919,
            0.0857127383351326,
            0.014430422335863113
        ],
        [
            0.1043335348367691,
            -0.006199672818183899,
            0.03503114730119705
        ],
        [
            0.09702949225902557,
            -0.010529577732086182,
            0.03126617148518562
        ],
        [
            0.07291904091835022,
            0.01008211076259613,
            0.0251848716288805
        ],
        [
            0.06409712135791779,
            0.007110200822353363,
            0.01843845658004284
        ],
        [
            0.06504575908184052,
            0.021665167063474655,
            0.025992169976234436
        ],
        [
            0.05553608760237694,
            0.019664417952299118,
            0.01978444680571556
        ],
        [
            0.03608613833785057,
            0.057733193039894104,
            0.032353319227695465
        ],
        [
            -0.0042694248259067535,
            0.10273328423500061,
            0.010574807412922382
        ],
        [
            0.0018794480711221695,
            0.09369365870952606,
            0.012616991996765137
        ],
        [
            0.005826977081596851,
            0.09477108716964722,
            0.008471994660794735
        ],
        [
            -0.0005769729614257812,
            0.10389067232608795,
            0.008705031126737595
        ],
        [
            0.006289142183959484,
            0.08889327198266983,
            0.01275662612169981
        ],
        [
            -0.002773003652691841,
            0.0903727188706398,
            0.013147253543138504
        ],
        [
            0.046850744634866714,
            0.01639353483915329,
            0.008408477529883385
        ],
        [
            0.03162301704287529,
            0.072219118475914,
            0.006083999760448933
        ],
        [
            0.056061338633298874,
            0.0030807852745056152,
            0.0023839089553803205
        ],
        [
            0.03600993752479553,
            0.01866794377565384,
            -0.0034102522768080235
        ],
        [
            0.0434771366417408,
            0.01028243824839592,
            -0.010195929557085037
        ],
        [
            0.06498663872480392,
            -0.009396500885486603,
            -0.006232612766325474
        ],
        [
            0.05380977690219879,
            -0.00029030442237854004,
            -0.016325607895851135
        ],
        [
            0.07816198468208313,
            -0.02058427780866623,
            0.001656154403463006
        ],
        [
            0.07189756631851196,
            -0.014488115906715393,
            -0.0007223079446703196
        ],
        [
            0.044216036796569824,
