{
    "pred_cam": [
        5.976095676422119,
        -0.16468973457813263,
        -0.044431235641241074
    ],
    "pred_mano_params": {
        "global_orient": [
            [
                [
                    -0.6508282423019409,
                    -0.5614963173866272,
                    0.5110230445861816
                ],
                [
                    -0.1315811425447464,
                    -0.5794803500175476,
                    -0.8042941093444824
                ],
                [
                    0.7477359175682068,
                    -0.5906983017921448,
                    0.30325984954833984
                ]
            ]
        ],
        "hand_pose": [
            [
                [
                    0.8598739504814148,
                    -0.4567192792892456,
                    -0.22808808088302612
                ],
                [
                    0.4132747948169708,
                    0.8850542902946472,
                    -0.2142028510570526
                ],
                [
                    0.29970091581344604,
                    0.08992442488670349,
                    0.9497857093811035
                ]
            ],
            [
                [
                    0.9186863899230957,
                    -0.37706834077835083,
                    0.11762099713087082
                ],
                [
                    0.39480704069137573,
                    0.8856105804443359,
                    -0.24458394944667816
                ],
                [
                    -0.011941542848944664,
                    0.27113357186317444,
                    0.962467610836029
                ]
            ],
            [
                [
                    0.7024821043014526,
                    -0.7057028412818909,
                    0.09220804274082184
                ],
                [
                    0.682174026966095,
                    0.7045935988426208,
                    0.1954135000705719
                ],
                [
                    -0.2028730809688568,
                    -0.0743725523352623,
                    0.9763765335083008
                ]
            ],
            [
                [
                    0.6167639493942261,
                    -0.7706870436668396,
                    -0.16013693809509277
                ],
                [
                    0.7631593346595764,
                    0.6353042721748352,
                    -0.11822126805782318
                ],
                [
                    0.19284726679325104,
                    -0.049295395612716675,
                    0.979989767074585
                ]
            ],
            [
                [
                    0.9521026611328125,
                    -0.24546082317829132,
                    -0.18234466016292572
                ],
                [
                    0.2817153036594391,
                    0.9360224008560181,
                    0.21094678342342377
                ],
                [
                    0.11889950186014175,
                    -0.252212256193161,
                    0.9603394865989685
                ]
            ],
            [
                [
                    0.8075413703918457,
                    -0.5897372364997864,
                    0.009326697327196598
                ],
                [
                    0.5897253155708313,
                    0.8075926303863525,
                    0.004275665618479252
                ],
                [
                    -0.010053690522909164,
                    0.0020474123302847147,
                    0.9999474287033081
                ]
            ],
            [
                [
                    0.6019595861434937,
                    -0.7890462875366211,
                    0.12268127501010895
                ],
                [
                    0.6853820085525513,
                    0.5893680453300476,
                    0.42766445875167847
                ],
                [
                    -0.40975144505500793,
                    -0.1733531504869461,
                    0.8955738544464111
                ]
            ],
            [
                [
                    0.9579983353614807,
                    -0.14768251776695251,
                    -0.245823472738266
                ],
                [
                    0.1344749629497528,
                    0.9884576797485352,
                    -0.06977017223834991
                ],
                [
                    0.25328993797302246,
                    0.033782605081796646,
                    0.9668003916740417
                ]
            ],
            [
                [
                    0.9909130930900574,
                    -0.13435402512550354,
                    -0.0063377730548381805
                ],
                [
                    0.12003909796476364,
                    0.8621121048927307,
                    0.4922940135002136
                ],
                [
                    -0.06067783385515213,
                    -0.4885813891887665,
                    0.870405912399292
                ]
            ],
            [
                [
                    0.5642282366752625,
                    -0.8235770463943481,
                    0.05803012102842331
                ],
                [
                    0.8249021172523499,
                    0.5594156980514526,
                    -0.08118269592523575
                ],
                [
                    0.03439723327755928,
                    0.09367471933364868,
                    0.9950085878372192
                ]
            ],
            [
                [
                    0.9975506067276001,
                    -0.03380490839481354,
                    -0.06123851612210274
                ],
                [
                    0.055721934884786606,
                    0.9132596850395203,
                    0.40354904532432556
                ],
                [
                    0.04228471219539642,
                    -0.4059728682041168,
                    0.9129064083099365
                ]
            ],
            [
                [
                    0.8517642617225647,
                    -0.5195416808128357,
                    -0.0676322877407074
                ],
                [
                    0.5204017758369446,
                    0.8240115642547607,
                    0.2240244746208191
                ],
                [
                    -0.060660261660814285,
                    -0.2260119915008545,
                    0.9722340106964111
                ]
            ],
            [
                [
                    0.9392150640487671,
                    -0.3279077410697937,
                    -0.10174324363470078
                ],
                [
                    0.0014799352502450347,
                    0.30020672082901,
                    -0.9538730382919312
                ],
                [
                    0.3433263599872589,
                    0.8957412838935852,
                    0.28244397044181824
                ]
            ],
            [
                [
                    0.8837478756904602,
                    -0.46687284111976624,
                    -0.03192709758877754
                ],
                [
                    0.3776783347129822,
                    0.6712987422943115,
                    0.6377437710762024
                ],
                [
                    -0.27631261944770813,
                    -0.5756629109382629,
                    0.7695865631103516
                ]
            ],
            [
                [
                    0.9152153730392456,
                    0.38135653734207153,
                    -0.130184143781662
                ],
                [
                    -0.3954772651195526,
                    0.9120338559150696,
                    -0.10859042406082153
                ],
                [
                    0.07732068002223969,
                    0.1508685052394867,
                    0.9855252504348755
                ]
            ]
        ],
        "betas": [
            -0.03579676151275635,
            -0.1359042227268219,
            -0.052625954151153564,
            -0.04407724738121033,
            -0.01069745421409607,
            -0.016513120383024216,
            0.0028046071529388428,
            -0.007581308484077454,
            -0.020891398191452026,
            -0.049895405769348145
        ]
    },
    "pred_cam_t": [
        -0.16468973457813263,
        -0.044431235641241074,
        6.536458492279053
    ],
    "focal_length": [
        5000.0,
        5000.0
    ],
    "pred_keypoints_3d": [
        [
            0.0959140881896019,
            0.006402331870049238,
            0.006231966428458691
        ],
        [
            0.13350802659988403,
            -0.002207260113209486,
            0.005214449018239975
        ],
        [
            0.16024722158908844,
            0.012987418100237846,
            0.0028270771726965904
        ],
        [
            0.18183906376361847,
            0.02934548445045948,
            0.0008119409903883934
        ],
        [
            0.21394562721252441,
            0.04282490164041519,
            -0.010716346092522144
        ],
        [
            0.16675007343292236,
            0.0044634691439569,
            -0.050403892993927
        ],
        [
            0.18873123824596405,
            0.02042885310947895,
            -0.06925937533378601
        ],
        [
            0.20283353328704834,
            0.03758564591407776,
            -0.07077715545892715
        ],
        [
            0.21248497068881989,
            0.05507834628224373,
            -0.056365277618169785
        ],
        [
            0.15673179924488068,
            0.022518455982208252,
            -0.06481168419122696
        ],
        [
            0.17609621584415436,
            0.04719972610473633,
            -0.07011603564023972
        ],
        [
            0.1861656904220581,
            0.06761682033538818,
            -0.06486303359270096
        ],
        [
            0.1947060525417328,
            0.08580538630485535,
            -0.04892899841070175
        ],
        [
            0.13782180845737457,
            0.04098645970225334,
            -0.060811471194028854
        ],
        [
            0.15889479219913483,
            0.06074400246143341,
            -0.06317862868309021
        ],
        [
            0.1722787618637085,
            0.08138744533061981,
            -0.05930207669734955
        ],
        [
            0.18443700671195984,
            0.09957276284694672,
            -0.04610889032483101
        ],
        [
            0.12430116534233093,
            0.05604906752705574,
            -0.05263741686940193
        ],
        [
            0.1394481658935547,
            0.0708964392542839,
            -0.05276252329349518
        ],
        [
            0.14975887537002563,
            0.08683279156684875,
            -0.051220208406448364
        ],
        [
            0.16206525266170502,
            0.10289214551448822,
            -0.04347022622823715
        ]
    ],
    "pred_vertices": [
        [
            0.145607128739357,
            0.010678659193217754,
            -0.01613333821296692
        ],
        [
            0.1378992795944214,
            0.01085061114281416,
            -0.007608868181705475
        ],
        [
            0.14558303356170654,
            0.013252127915620804,
            -0.007783100008964539
        ],
        [
            0.15362048149108887,
            0.009781993925571442,
            -0.016178064048290253
        ],
        [
            0.13674812018871307,
            0.016453076153993607,
            0.012990444898605347
        ],
        [
            0.1394425630569458,
            0.00863034836947918,
            0.021789904683828354
        ],
        [
            0.1533672958612442,
            0.015965823084115982,
            0.016932126134634018
        ],
        [
            0.14825427532196045,
            0.022796787321567535,
            0.01124848797917366
        ],
        [
            0.15931107103824615,
            0.009742317721247673,
            -0.016896292567253113
        ],
        [
            0.15238623321056366,
            0.01603092812001705,
            -0.0077116042375564575
        ],
        [
            0.16038778424263,
            0.01019191462546587,
            -0.01662442833185196
        ],
        [
            0.1630077064037323,
            -0.002687577623873949,
            -0.02945265732705593
        ],
        [
            0.1633623093366623,
            0.0021864662412554026,
            -0.02671777456998825
        ],
        [
            0.16502131521701813,
            -0.006248190999031067,
            -0.038160860538482666
        ],
        [
            0.15580198168754578,
            -0.010093929246068,
            -0.029814647510647774
        ],
        [
            0.15862710773944855,
            -0.009453682228922844,
            -0.04442558437585831
        ],
        [
            0.1294545829296112,
            -0.004906275309622288,
            -0.04062903672456741
        ],
        [
            0.11971552670001984,
            0.0045726727694272995,
            -0.042373232543468475
        ],
        [
            0.130150705575943,
            0.008794788271188736,
            -0.05587920546531677
        ],
        [
            0.1393030881881714,
            -0.0007718987762928009,
            -0.052024975419044495
        ],
        [
            0.11620216071605682,
            0.023665325716137886,
            -0.0510997548699379
        ],
        [
            0.12438437342643738,
            0.01570195145905018,
            -0.054468125104904175
        ],
        [
            0.11320272088050842,
            0.010805461555719376,
            -0.04176875948905945
        ],
        [
            0.10663976520299911,
            0.01825566403567791,
            -0.03919648751616478
        ],
        [
            0.13211661577224731,
            0.017866084352135658,
            -0.015415854752063751
        ],
        [
            0.12545707821846008,
            0.017010772600769997,
            -0.007051676511764526
        ],
        [
            0.1295824944972992,
            0.012844639830291271,
            -0.0077857449650764465
        ],
        [
            0.13633660972118378,
            0.014243070036172867,
            -0.015344347804784775
        ],
        [
            0.16693748533725739,
            0.012605220079421997,
            -0.00894780270755291
        ],
        [
            0.15928682684898376,
            -0.003011675551533699,
            -0.012315614148974419
        ],
        [
            0.16027095913887024,
            0.0027396734803915024,
            -0.01696046069264412
        ],
        [
            0.16525383293628693,
            0.017920320853590965,
            -0.008790692314505577
        ],
        [
            0.10782517492771149,
            0.02553624100983143,
            0.015008978545665741
        ],
        [
            0.09784802794456482,
            0.01855427213013172,
            0.021008506417274475
        ],
        [
            0.10095325112342834,
            0.013494132086634636,
            0.0218610018491745
        ],
        [
            0.10921338200569153,
            0.020493611693382263,
            0.015814833343029022
        ],
        [
            0.11962687224149704,
            0.002163519151508808,
            0.024583186954259872
        ],
        [
            0.11025485396385193,
            -0.0019161645323038101,
            0.025829017162322998
        ],
        [
            0.10782549530267715,
            -0.014543816447257996,
            0.026893720030784607
        ],
        [
            0.11836183071136475,
            -0.012847631238400936,
            0.024154044687747955
        ],
        [
            0.12984153628349304,
            0.005135766230523586,
            0.023237690329551697
        ],
        [
            0.1308545172214508,
            -0.007597624324262142,
            0.024471163749694824
        ],
        [
            0.1425788402557373,
            -0.0019882339984178543,
            0.022515643388032913
        ],
        [
            0.15757432579994202,
            0.007937295362353325,
            0.017002418637275696
        ],
        [
            0.08939103037118912,
            0.027434170246124268,
            0.017214201390743256
        ],
        [
            0.095675989985466,
            0.034159936010837555,
            0.01266477257013321
        ],
        [
            0.19489814341068268,
            0.024491069838404655,
            -0.05959548056125641
        ],
        [
            0.19132709503173828,
            0.02909543365240097,
            -0.06078268215060234
        ],
        [
            0.18868803977966309,
            0.02617543376982212,
            -0.058255843818187714
        ],
        [
            0.192692831158638,
            0.022011883556842804,
            -0.05790558457374573
        ],
        [
            0.07936592400074005,
            0.030240949243307114,
            -0.00013752281665802002
        ],
        [
            0.07526344060897827,
            0.023922791704535484,
            -0.006828233599662781
        ],
        [
            0.0710703432559967,
            0.023688092827796936,
            -0.0008529797196388245
        ],
        [
            0.07570884376764297,
            0.027965061366558075,
            0.006109803915023804
        ],
        [
            0.08426852524280548,
            0.03318847715854645,
            -0.00836578756570816
        ],
        [
            0.08167814463376999,
            0.024200502783060074,
            -0.014667004346847534
        ],
        [
            0.1977960169315338,
            0.018341392278671265,
            -0.07044898718595505
        ],
        [
            0.19898012280464172,
            0.019062569364905357,
            -0.06545902788639069
        ],
        [
            0.19560889899730682,
            0.015263579785823822,
            -0.06500579416751862
        ],
        [
            0.19317209720611572,
            0.014612635597586632,
            -0.06963592022657394
        ],
        [
            0.15982159972190857,
            0.006442920304834843,
            -0.02437049150466919
        ],
        [
            0.15255481004714966,
            0.011155959218740463,
            -0.023242555558681488
        ],
        [
            0.1691056787967682,
            0.008752729743719101,
            -0.03914743661880493
        ],
        [
            0.16169622540473938,
            0.009706455282866955,
            -0.0337434746325016
        ],
        [
            0.16481205821037292,
            0.0038537834770977497,
            -0.032108813524246216
        ],
        [
            0.17021238803863525,
            0.0027889052871614695,
            -0.03766636177897453
        ],
        [
            0.1433182954788208,
            0.024602841585874557,
            -0.03406490385532379
        ],
        [
            0.13631466031074524,
            0.021993551403284073,
            -0.02505609020590782
        ],
        [
            0.14139944314956665,
            0.017755405977368355,
            -0.025509368628263474
        ],
        [
            0.15048269927501678,
            0.019765444099903107,
            -0.03454117476940155
        ],
        [
            0.12820708751678467,
            0.03355114534497261,
            -0.024135008454322815
        ],
        [
            0.1354290097951889,
            0.03487955033779144,
            -0.0333898551762104
        ],
        [
            0.12990906834602356,
            0.041212718933820724,
            -0.03175397962331772
        ],
        [
            0.12634782493114471,
            0.039740871638059616,
            -0.02485891431570053
        ],
        [
            0.14882852137088776,
            0.03380774334073067,
            -0.04875370115041733
        ],
        [
            0.15190653502941132,
            0.0342496894299984,
            -0.05379927158355713
        ],
        [
            0.15096841752529144,
            0.03840157389640808,
            -0.053068626672029495
        ],
        [
            0.1463617980480194,
            0.0365690179169178,
            -0.04827083647251129
        ],
        [
            0.0665544718503952,
            0.02244228683412075,
            0.004503823816776276
        ],
        [
            0.07250241190195084,
            0.024874547496438026,
            0.011917978525161743
        ],
        [
            0.10452786833047867,
            0.04104018211364746,
            -0.04445914179086685
        ],
        [
            0.10221943259239197,
            0.047993551939725876,
            -0.035997819155454636
        ],
        [
            0.10901596397161484,
            0.05397840961813927,
            -0.04535961523652077
        ],
        [
            0.10950598865747452,
            0.044786568731069565,
            -0.052859045565128326
        ],
        [
            0.0763622373342514,
            0.014876654371619225,
            -0.011761140078306198
        ],
        [
            0.07030735164880753,
            0.0156558770686388,
            -0.006820429116487503
        ],
        [
            0.1942807286977768,
            0.020612556487321854,
            -0.0750434622168541
        ],
        [
            0.18930691480636597,
            0.01725274696946144,
            -0.07341476529836655
        ],
        [
            0.14089712500572205,
            -0.01401524804532528,
            0.015869706869125366
        ],
        [
            0.1595192849636078,
            -0.0005050785839557648,
            0.012241967022418976
        ],
        [
            0.1248466819524765,
            -0.019860191270709038,
            0.017527736723423004
        ],
        [
            0.1128634363412857,
            -0.021857377141714096,
            0.01743721216917038
        ],
        [
            0.10366876423358917,
            -0.023607466369867325,
            0.01994890347123146
        ],
        [
            0.16059954464435577,
            0.014891049824655056,
            -0.037699200212955475
        ],
        [
            0.14399847388267517,
            0.014097626321017742,
            -0.021664753556251526
        ],
        [
            0.12871049344539642,
            0.021727517247200012,
            -0.015282176434993744
        ],
        [
            0.11461873352527618,
            0.049111925065517426,
            -0.015887834131717682
        ],
        [
            0.10903525352478027,
            0.04671656712889671,
            -0.007311433553695679
        ],
        [
            0.11748649179935455,
            0.040310606360435486,
            -0.008645467460155487
        ],
        [
            0.12027496844530106,
            0.04340806230902672,
            -0.01630249246954918
        ],
        [
            0.10665375739336014,
            0.05420631542801857,
            -0.02952900156378746
        ],
        [
            0.11395588517189026,
            0.0544075183570385,
            -0.026273272931575775
        ],
        [
            0.11826984584331512,
            0.056508325040340424,
            -0.03320491686463356
        ],
        [
            0.11213792860507965,
            0.05758640915155411,
            -0.03761262819170952
        ],
        [
            0.17084169387817383,
            0.007784534245729446,
            -0.0048692915588617325
        ],
        [
            0.15914472937583923,
            -0.0072424523532390594,
            -0.006373751908540726
        ],
        [
            0.08599074184894562,
            0.03380972519516945,
            0.007346145808696747
        ],
        [
            0.08306685835123062,
            0.02923017367720604,
            0.01299961656332016
        ],
        [
            0.07762107253074646,
            0.024660026654601097,
            0.017736218869686127
        ],
        [
            0.11763031780719757,
            0.02011067606508732,
            0.004684112966060638
        ],
        [
            0.11025276780128479,
            0.016934597864747047,
            0.016449786722660065
        ],
        [
            0.11328630149364471,
            0.013558348640799522,
            0.016711268573999405
        ],
        [
            0.11896704137325287,
            0.016484050080180168,
            0.0037412792444229126
        ],
        [
            0.13015243411064148,
            0.012857656925916672,
            0.002196844667196274
        ],
        [
            0.12611228227615356,
            0.011751211248338223,
            0.014500632882118225
        ],
        [
            0.13826654851436615,
            0.01839260570704937,
            0.0013825595378875732
        ],
        [
            0.104120634496212,
            0.006144966930150986,
            0.024195082485675812
        ],
        [
            0.09424874931573868,
            0.009267403744161129,
            0.028461888432502747
        ],
        [
            0.09818457812070847,
            0.0013241739943623543,
            0.029657527804374695
        ],
        [
            0.08827953785657883,
            0.016586754471063614,
            0.025818102061748505
        ],
        [
            0.08250898122787476,
            0.022333648055791855,
            0.02223414182662964
        ],
        [
            0.06273121386766434,
            0.014153776690363884,
            -0.0031791403889656067
        ],
        [
            0.10169719904661179,
            -0.0061940355226397514,
            0.02923458442091942
        ],
        [
            0.15772107243537903,
            0.025335323065519333,
            0.009824074804782867
        ],
        [
            0.16665734350681305,
            0.027878204360604286,
            0.009274756535887718
        ],
        [
            0.1638183742761612,
            0.029122164472937584,
            0.0024120938032865524
        ],
        [
            0.15533287823200226,
            0.026321176439523697,
            0.0020537972450256348
        ],
        [
            0.16925112903118134,
            -0.006067655049264431,
            -0.04675096273422241
        ],
        [
            0.17149999737739563,
            -0.0017772676656022668,
            -0.040877364575862885
        ],
        [
            0.1662919670343399,
            -0.002176993526518345,
            -0.032914210110902786
        ],
        [
            0.1114395409822464,
            0.0326579324901104,
            0.00646856427192688
        ],
        [
            0.10106517374515533,
            0.039739854633808136,
            0.005016952753067017
        ],
        [
            0.16769513487815857,
            0.013725975528359413,
            -0.04345657303929329
        ],
        [
            0.18927158415317535,
            0.011211752891540527,
            -0.06917078047990799
        ],
        [
            0.19205370545387268,
            0.01158566027879715,
            -0.06395087391138077
        ],
        [
            0.17999881505966187,
            0.0011579806450754404,
            -0.05541009455919266
        ],
        [
            0.17723077535629272,
            0.0008585690520703793,
            -0.06167992949485779
        ],
        [
            0.16765807569026947,
            0.01687016710639,
            -0.05396648123860359
        ],
        [
            0.16956643760204315,
            0.015287734568119049,
            -0.04772932827472687
        ],
        [
            0.17018410563468933,
            0.016261927783489227,
            -0.050400957465171814
        ],
        [
            0.1684463620185852,
            0.019235815852880478,
            -0.055954672396183014
        ],
        [
            0.14398859441280365,
            0.043890878558158875,
            -0.05030043423175812
        ],
        [
            0.14024020731449127,
            0.04217641055583954,
            -0.04594132676720619
        ],
        [
            0.1507454365491867,
            0.005852853879332542,
            -0.06096764653921127
        ],
        [
            0.1554521769285202,
            -0.006646974943578243,
            -0.05817202106118202
        ],
        [
            0.1481560468673706,
            -0.008342025801539421,
            -0.0487874373793602
        ],
        [
            0.1381893903017044,
            0.02998759038746357,
            -0.03331673517823219
        ],
        [
            0.14395323395729065,
            0.032883498817682266,
            -0.041446294635534286
        ],
        [
            0.14120706915855408,
            0.03596816211938858,
            -0.041364967823028564
        ],
        [
            0.1605774611234665,
            0.017765088006854057,
            -0.041577622294425964
        ],
        [
            0.16520792245864868,
            0.017510876059532166,
            -0.047285012900829315
        ],
        [
            0.16103529930114746,
            0.0200259517878294,
            -0.04674869775772095
        ],
        [
            0.15616478025913239,
            0.020967695862054825,
            -0.04146221652626991
        ],
        [
            0.09459318220615387,
            0.04263199120759964,
            -0.026622798293828964
        ],
        [
            0.09968781471252441,
            0.05024436116218567,
            -0.019370123744010925
        ],
        [
            0.1977948248386383,
            0.021099543198943138,
            -0.06139836832880974
        ],
        [
            0.19519716501235962,
            0.01792849227786064,
            -0.06044044718146324
        ],
        [
            0.13148081302642822,
            0.02732452005147934,
            -0.024459701031446457
        ],
        [
            0.13960376381874084,
            -0.010182967409491539,
            -0.037241674959659576
        ],
        [
            0.12535668909549713,
            0.02608656696975231,
            -0.014917291700839996
        ],
        [
            0.12712374329566956,
            0.040421873331069946,
            -0.06028465926647186
        ],
        [
            0.13033172488212585,
            0.04736175015568733,
            -0.05581401661038399
        ],
        [
            0.1347082406282425,
            0.04868275299668312,
            -0.057918377220630646
        ],
        [
            0.13411858677864075,
            0.04491038620471954,
            -0.06279882788658142
        ],
        [
            0.17809195816516876,
            0.02690047398209572,
            -0.06432262063026428
        ],
        [
            0.18151012063026428,
            0.027103176340460777,
            -0.0596497617661953
        ],
        [
            0.18447710573673248,
            0.029478881508111954,
            -0.0614900179207325
        ],
        [
            0.1818227916955948,
            0.029601335525512695,
            -0.06669335067272186
        ],
        [
            0.1722792237997055,
            0.011363597586750984,
            -0.044319573789834976
        ],
        [
            0.17466481029987335,
            0.005506645888090134,
            -0.042819853872060776
        ],
        [
            0.17789898812770844,
            0.009379886090755463,
            -0.04685184732079506
        ],
        [
            0.1741424798965454,
            0.01374540664255619,
            -0.04829779267311096
        ],
        [
            0.1760169267654419,
            0.0007374635897576809,
            -0.04650094360113144
        ],
        [
            0.17996342480182648,
            0.004237120505422354,
            -0.04988689348101616
        ],
        [
            0.1772920936346054,
            0.02367083728313446,
            -0.06983964890241623
        ],
        [
            0.18023645877838135,
            0.017880737781524658,
            -0.07354623079299927
        ],
        [
            0.16840265691280365,
            0.00992573518306017,
            -0.06700470298528671
        ],
        [
            0.1682978719472885,
            0.01687542535364628,
            -0.06326373666524887
        ],
        [
            0.09677407145500183,
            0.012456085532903671,
            -0.029039938002824783
        ],
        [
            0.09142518788576126,
            0.022010212764143944,
            -0.026882022619247437
        ],
        [
            0.1009751707315445,
            0.028019564226269722,
            -0.03710772469639778
        ],
        [
            0.1094830334186554,
            0.033951353281736374,
            -0.04817383736371994
        ],
        [
            0.1187654584646225,
            0.03890465199947357,
            -0.057689301669597626
        ],
        [
            0.123625747859478,
            0.02819959446787834,
            -0.06189154088497162
        ],
        [
            0.0967835783958435,
            0.034373871982097626,
            -0.03400455415248871
        ],
        [
            0.16189239919185638,
            0.015500570647418499,
            -0.05808670073747635
        ],
        [
            0.1603708565235138,
            0.005790398921817541,
            -0.061998866498470306
        ],
        [
            0.15789912641048431,
            0.011339809745550156,
            -0.061048779636621475
        ],
        [
            0.12236717343330383,
            0.03288651630282402,
            -0.014100797474384308
        ],
        [
            0.19232235848903656,
            0.014101720415055752,
            -0.05928178131580353
        ],
        [
            0.09646373987197876,
            -0.02178315445780754,
            -0.0009931102395057678
        ],
        [
            0.08704471588134766,
            -0.013752616941928864,
            -0.007151741534471512
        ],
        [
            0.09457283467054367,
            -0.012780510820448399,
            -0.011691011488437653
        ],
        [
            0.10614042729139328,
            -0.021221747621893883,
            -0.004203684628009796
        ],
        [
            0.1863398253917694,
            0.023694325238466263,
            -0.056091245263814926
        ],
        [
            0.19041195511817932,
            0.01889181323349476,
            -0.055611174553632736
        ],
        [
            0.13713303208351135,
            0.04787037521600723,
            -0.04623934626579285
        ],
        [
            0.14058172702789307,
            0.04842362925410271,
            -0.05071272328495979
        ],
        [
            0.13832589983940125,
            0.050847359001636505,
            -0.05306365340948105
        ],
        [
            0.1357530951499939,
            0.05294294282793999,
            -0.048217885196208954
        ],
        [
            0.08848047256469727,
            0.026479080319404602,
            -0.02421317622065544
        ],
        [
            0.11514276266098022,
            0.05895603820681572,
            -0.04829741269350052
        ],
        [
            0.11528991162776947,
            0.05032650753855705,
            -0.05591750890016556
        ],
        [
            0.08333081752061844,
            0.016406606882810593,
            -0.01811693236231804
        ],
        [
            0.08746732771396637,
            0.007817521691322327,
            -0.020355958491563797
        ],
        [
            0.08046171814203262,
            0.0049846358597278595,
            -0.014155033975839615
        ],
        [
            0.13723179697990417,
            0.021555989980697632,
            -0.06442159414291382
        ],
        [
            0.10259797424077988,
            0.0064358823001384735,
            -0.03134293481707573
        ],
        [
            0.0926276296377182,
            0.0022678766399621964,
            -0.02153708040714264
        ],
        [
            0.08448329567909241,
            -0.0013778656721115112,
            -0.014200471341609955
        ],
        [
            0.0779607817530632,
            -0.00366375595331192,
            -0.009503133594989777
        ],
        [
            0.07428821176290512,
            0.0036063995212316513,
            -0.009835269302129745
        ],
        [
            0.1847565621137619,
            0.01413651928305626,
            -0.0724625363945961
        ],
        [
            0.1848110556602478,
            0.021909387782216072,
            -0.07548059523105621
        ],
        [
            0.06619968265295029,
            0.001623980700969696,
            -0.006148207932710648
        ],
        [
            0.07105997204780579,
            -0.006257679313421249,
            -0.005408719182014465
        ],
        [
            0.09892094880342484,
            -0.004484290257096291,
            -0.021521810442209244
        ],
        [
            0.1079430878162384,
            -0.012188088148832321,
            -0.0200980082154274
        ],
        [
            0.10843683779239655,
            -6.356090307235718e-05,
            -0.03085053153336048
        ],
        [
            0.1176852360367775,
            -0.007361322641372681,
            -0.030459560453891754
        ],
        [
            0.1390714943408966,
            0.010750766843557358,
            -0.06600894778966904
        ],
        [
            0.1960974782705307,
            0.03696499019861221,
            -0.0773555263876915
        ],
        [
            0.18729446828365326,
            0.030103372409939766,
            -0.0753953829407692
        ],
        [
            0.1860790103673935,
            0.03237026929855347,
            -0.0701647475361824
        ],
        [
            0.1937914937734604,
            0.038995563983917236,
            -0.07434111088514328
        ],
        [
            0.18170399963855743,
            0.0269429013133049,
            -0.07197001576423645
        ],
        [
            0.1899603307247162,
            0.02539334073662758,
            -0.0771484524011612
        ],
        [
            0.13071444630622864,
            -0.014173569157719612,
            -0.02512710727751255
        ],
        [
            0.16435787081718445,
            0.020395198836922646,
            -0.05184565484523773
        ],
        [
            0.12351380288600922,
            -0.019457051530480385,
            -0.010813262313604355
        ],
        [
            0.14791670441627502,
            -0.015108760446310043,
            -0.021046428009867668
        ],
        [
            0.1439361423254013,
            -0.017518803477287292,
            -0.008745945990085602
        ],
        [
            0.11714740842580795,
            -0.02470167726278305,
            0.005466815084218979
        ],
        [
            0.13579240441322327,
            -0.021593667566776276,
            0.004914678633213043
        ],
        [
            0.0975763276219368,
            -0.02586384117603302,
            0.010891452431678772
        ],
        [
            0.10613952577114105,
            -0.024858936667442322,
            0.006842397153377533
        ],
        [
            0.15282024443149567,
