{
    "pred_cam": [
        6.823506832122803,
        0.15991796553134918,
        -0.006576947867870331
    ],
    "pred_mano_params": {
        "global_orient": [
            [
                [
                    -0.9801347255706787,
                    0.07063348591327667,
                    -0.18532919883728027
                ],
                [
                    0.16572116315364838,
                    -0.22169816493988037,
                    -0.9609299898147583
                ],
                [
                    -0.10896097123622894,
                    -0.9725537896156311,
                    0.20558860898017883
                ]
            ]
        ],
        "hand_pose": [
            [
                [
                    0.9515072703361511,
                    -0.27523455023765564,
                    -0.13740454614162445
                ],
                [
                    0.2899746596813202,
                    0.9515939950942993,
                    0.10189920663833618
                ],
                [
                    0.10270716995000839,
                    -0.13680166006088257,
                    0.9852596521377563
                ]
            ],
            [
                [
                    0.3465272784233093,
                    -0.8953744173049927,
                    0.27968472242355347
                ],
                [
                    0.9379389882087708,
                    0.32635581493377686,
                    -0.11731340736150742
                ],
                [
                    0.01376267895102501,
                    0.3029794692993164,
                    0.9528977274894714
                ]
            ],
            [
                [
                    0.897074282169342,
                    -0.41095539927482605,
                    0.16239868104457855
                ],
                [
                    0.38170555233955383,
                    0.9058359861373901,
                    0.18374459445476532
                ],
                [
                    -0.22261738777160645,
                    -0.10284407436847687,
                    0.9694661498069763
                ]
            ],
            [
                [
                    0.8067033290863037,
                    -0.5909544229507446,
                    0.0016162055544555187
                ],
                [
                    0.575150728225708,
                    0.7857523560523987,
                    0.22758488357067108
                ],
                [
                    -0.13576222956180573,
                    -0.1826639175415039,
                    0.9737569093704224
                ]
            ],
            [
                [
                    0.4691304862499237,
                    -0.8454968929290771,
                    -0.2550520896911621
                ],
                [
                    0.8829073309898376,
                    0.44255882501602173,
                    0.15689589083194733
                ],
                [
                    -0.019779447466135025,
                    -0.2987920045852661,
                    0.954113245010376
                ]
            ],
            [
                [
                    0.953673779964447,
                    -0.2883302569389343,
                    0.08586043864488602
                ],
                [
                    0.2925701141357422,
                    0.9553437829017639,
                    -0.04148576036095619
                ],
                [
                    -0.07006462663412094,
                    0.06468407809734344,
                    0.9954431056976318
                ]
            ],
            [
                [
                    0.9520922899246216,
                    -0.22228971123695374,
                    0.2100180685520172
                ],
                [
                    0.23268114030361176,
                    0.9722104072570801,
                    -0.025814704596996307
                ],
                [
                    -0.19844341278076172,
                    0.07344523072242737,
                    0.9773566722869873
                ]
            ],
            [
                [
                    0.8654013276100159,
                    -0.49748578667640686,
                    -0.059903159737586975
                ],
                [
                    0.44316181540489197,
                    0.70409095287323,
                    0.5548544526100159
                ],
                [
                    -0.2338549643754959,
                    -0.5067185759544373,
                    0.8297879695892334
                ]
            ],
            [
                [
                    0.9508021473884583,
                    -0.3063449263572693,
                    0.04613026976585388
                ],
                [
                    0.28445902466773987,
                    0.9222806692123413,
                    0.2616894841194153
                ],
                [
                    -0.12271232903003693,
                    -0.23569276928901672,
                    0.9640490412712097
                ]
            ],
            [
                [
                    0.933104932308197,
                    -0.3502768874168396,
                    -0.0813710018992424
                ],
                [
                    0.3464296758174896,
                    0.9362913966178894,
                    -0.057834066450595856
                ],
                [
                    0.09644491970539093,
                    0.02577592059969902,
                    0.995004415512085
                ]
            ],
            [
                [
                    0.5918393731117249,
                    -0.7894434332847595,
                    -0.16280415654182434
                ],
                [
                    0.7229109406471252,
                    0.43051037192344666,
                    0.5404263138771057
                ],
                [
                    -0.35654711723327637,
                    -0.4375385344028473,
                    0.8254902958869934
                ]
            ],
            [
                [
                    0.8834733366966248,
                    -0.46795162558555603,
                    0.022272370755672455
                ],
                [
                    0.4658389389514923,
                    0.8825393319129944,
                    0.06417480856180191
                ],
                [
                    -0.04968694597482681,
                    -0.04632139950990677,
                    0.9976900815963745
                ]
            ],
            [
                [
                    0.9196844100952148,
                    0.019236549735069275,
                    -0.39218661189079285
                ],
                [
                    -0.3388780653476715,
                    0.5434207916259766,
                    -0.7680203914642334
                ],
                [
                    0.19834834337234497,
                    0.8392399549484253,
                    0.5062944889068604
                ]
            ],
            [
                [
                    0.8394465446472168,
                    -0.19504696130752563,
                    -0.5072337985038757
                ],
                [
                    0.4092411398887634,
                    0.8410051465034485,
                    0.3538813889026642
                ],
                [
                    0.35756275057792664,
                    -0.5046454668045044,
                    0.7858000993728638
                ]
            ],
            [
                [
                    0.5429521799087524,
                    -0.8174417614936829,
                    0.19233250617980957
                ],
                [
                    0.8282267451286316,
                    0.48342522978782654,
                    -0.28344395756721497
                ],
                [
                    0.1387205719947815,
                    0.3131914436817169,
                    0.9395039081573486
                ]
            ]
        ],
        "betas": [
            -0.020930111408233643,
            -0.037355244159698486,
            -0.015401989221572876,
            -0.05406758189201355,
            0.0465511679649353,
            -0.019647594541311264,
            0.05648462474346161,
            -0.009386599063873291,
            0.020915016531944275,
            0.005538910627365112
        ]
    },
    "pred_cam_t": [
        -0.15991796553134918,
        -0.006576947867870331,
        5.724695682525635
    ],
    "focal_length": [
        5000.0,
        5000.0
    ],
    "pred_keypoints_3d": [
        [
            0.0958133414387703,
            0.006387503817677498,
            0.006205935962498188
        ],
        [
            0.11356624960899353,
            -0.018987808376550674,
            0.02920791506767273
        ],
        [
            0.13796564936637878,
            -0.029557937756180763,
            0.044753532856702805
        ],
        [
            0.1646321713924408,
            -0.024965832009911537,
            0.046587154269218445
        ],
        [
            0.1824260801076889,
            -0.015439913608133793,
            0.07315616309642792
        ],
        [
            0.17804667353630066,
            -0.02694220282137394,
            0.025138385593891144
        ],
        [
            0.20988768339157104,
            -0.02949012629687786,
            0.03365076333284378
        ],
        [
            0.20831060409545898,
            -0.0260018240660429,
            0.05555221065878868
        ],
        [
            0.19786334037780762,
            -0.02470991760492325,
            0.07774877548217773
        ],
        [
            0.18921799957752228,
            -0.005746203474700451,
            0.017278499901294708
        ],
        [
            0.21402469277381897,
            -0.0047018988989293575,
            0.03712859004735947
        ],
        [
            0.20647117495536804,
            -0.0009237246122211218,
            0.05887504667043686
        ],
        [
            0.19602538645267487,
            0.0005224291235208511,
            0.08242956548929214
        ],
        [
            0.18071165680885315,
            0.01936125010251999,
            0.013456521555781364
        ],
        [
            0.20788852870464325,
            0.024045061320066452,
            0.022143643349409103
        ],
        [
            0.20904751121997833,
            0.027852430939674377,
            0.046659231185913086
        ],
        [
            0.20421870052814484,
            0.02834373526275158,
            0.07152159512042999
        ],
        [
            0.17065030336380005,
            0.03874971717596054,
            0.014499280601739883
        ],
        [
            0.1905529797077179,
            0.044924188405275345,
            0.018216321244835854
        ],
        [
            0.1999390572309494,
            0.04946371912956238,
            0.03409292548894882
        ],
        [
            0.20495763421058655,
            0.050876468420028687,
            0.05261189490556717
        ]
    ],
    "pred_vertices": [
        [
            0.14000651240348816,
            -0.0132711511105299,
            0.03038516268134117
        ],
        [
            0.1293669044971466,
            -0.009951701387763023,
            0.029862118884921074
        ],
        [
            0.13629862666130066,
            -0.014513032510876656,
            0.034597303718328476
        ],
        [
            0.14454153180122375,
            -0.019248614087700844,
            0.03465291112661362
        ],
        [
            0.11989501863718033,
            -0.009624386206269264,
            0.045227013528347015
        ],
        [
            0.11156532913446426,
            -0.01769188418984413,
            0.049136932939291
        ],
        [
            0.1277913898229599,
            -0.02269740402698517,
            0.0543719120323658
        ],
        [
            0.1320195198059082,
            -0.014246398583054543,
            0.050703343003988266
        ],
        [
            0.14876359701156616,
            -0.024278968572616577,
            0.03585051745176315
        ],
        [
            0.14222189784049988,
            -0.0181229617446661,
            0.03853772580623627
        ],
        [
            0.14843471348285675,
            -0.027024703100323677,
            0.03218310698866844
        ],
        [
            0.15629130601882935,
            -0.03524162992835045,
            0.026393931359052658
        ],
        [
            0.15596100687980652,
            -0.03029628098011017,
            0.03210611268877983
        ],
        [
            0.16390277445316315,
            -0.0373278446495533,
            0.023747242987155914
        ],
        [
            0.15017548203468323,
            -0.037981532514095306,
            0.017903098836541176
        ],
        [
            0.16444379091262817,
            -0.03621359542012215,
            0.01449982263147831
        ],
        [
            0.1483529806137085,
            -0.01778876967728138,
            -0.0005584564059972763
        ],
        [
            0.14736303687095642,
            -0.0047160554677248,
            -0.004247555509209633
        ],
        [
            0.1643584966659546,
            -0.005353426560759544,
            -0.002254962921142578
        ],
        [
            0.16368338465690613,
            -0.018281638622283936,
            0.002155924215912819
        ],
        [
            0.1561189889907837,
            0.013873385265469551,
            -0.00296630896627903
        ],
        [
            0.1616242229938507,
            0.003359684254974127,
            -0.0026446525007486343
        ],
        [
            0.14494653046131134,
            0.003808185923844576,
            -0.005973095074295998
        ],
        [
            0.14109547436237335,
            0.013364819809794426,
            -0.006075175479054451
        ],
        [
            0.13451117277145386,
            2.0531006157398224e-05,
            0.024999119341373444
        ],
        [
            0.12357456237077713,
            0.002511228434741497,
            0.024552516639232635
        ],
        [
            0.12484253942966461,
            -0.0028688404709100723,
            0.025335688143968582
        ],
        [
            0.1354648917913437,
            -0.005169445648789406,
            0.0263526551425457
        ],
        [
            0.14671486616134644,
            -0.031200755387544632,
            0.03302595764398575
        ],
        [
            0.13944172859191895,
            -0.03830914944410324,
            0.02840590663254261
        ],
        [
            0.14517714083194733,
            -0.03368217498064041,
            0.028050068765878677
        ],
        [
            0.1480484902858734,
            -0.02616177871823311,
            0.03452431410551071
        ],
        [
            0.09903537482023239,
            0.017178602516651154,
            0.027610089629888535
        ],
        [
            0.08740779012441635,
            0.01557836215943098,
            0.020960014313459396
        ],
        [
            0.08704646676778793,
            0.009730009362101555,
            0.021705569699406624
        ],
        [
            0.09777728468179703,
            0.012343253009021282,
            0.027205925434827805
        ],
        [
            0.09182446449995041,
            -0.009405463933944702,
            0.034243181347846985
        ],
        [
            0.08472117781639099,
            -0.0080617256462574,
            0.025024225935339928
        ],
        [
            0.07946609705686569,
            -0.01837562583386898,
            0.017903562635183334
        ],
        [
            0.0874611884355545,
            -0.02230832725763321,
            0.024725208058953285
        ],
        [
            0.10141438245773315,
            -0.013294970616698265,
            0.042998529970645905
        ],
        [
            0.09600501507520676,
            -0.024975132197141647,
            0.0370013602077961
        ],
        [
            0.10806254297494888,
            -0.028402261435985565,
            0.04607759788632393
        ],
        [
            0.1261901557445526,
            -0.03182452917098999,
            0.052223242819309235
        ],
        [
            0.08839594572782516,
            0.027545932680368423,
            0.016432272270321846
        ],
        [
            0.09690065681934357,
            0.030568789690732956,
            0.021132903173565865
        ],
        [
            0.19802723824977875,
            -0.03212139010429382,
            0.042354922741651535
        ],
        [
            0.19824068248271942,
            -0.025936570018529892,
            0.04299038648605347
        ],
        [
            0.19753386080265045,
            -0.026043275371193886,
            0.04220450669527054
        ],
        [
            0.1976364403963089,
            -0.03193452209234238,
            0.04174548387527466
        ],
        [
            0.0983486920595169,
            0.03545007109642029,
            0.0007537566125392914
        ],
        [
            0.10034008324146271,
            0.03217455744743347,
            -0.008619030937552452
        ],
        [
            0.09322734922170639,
            0.03377528861165047,
            -0.008369643241167068
        ],
        [
            0.09081608802080154,
            0.03501821309328079,
            0.000665023922920227
        ],
        [
            0.10831592977046967,
            0.03587799519300461,
            0.0010357778519392014
        ],
        [
            0.11011755466461182,
            0.02958517149090767,
            -0.008216725662350655
        ],
        [
            0.2095147967338562,
            -0.03646599128842354,
            0.038240812718868256
        ],
        [
            0.20485825836658478,
            -0.03760787099599838,
            0.04049493372440338
        ],
        [
            0.20440474152565002,
            -0.03776683285832405,
            0.03681028634309769
        ],
        [
            0.20821210741996765,
            -0.03596104681491852,
            0.03335895389318466
        ],
        [
            0.1533256620168686,
            -0.02379188872873783,
            0.03425935283303261
        ],
        [
            0.1497490108013153,
            -0.015636298805475235,
            0.032245516777038574
        ],
        [
            0.17152029275894165,
            -0.025671258568763733,
            0.03518317639827728
        ],
        [
            0.16292472183704376,
            -0.02062830701470375,
            0.032985374331474304
        ],
        [
            0.16173632442951202,
            -0.027676373720169067,
            0.03332517668604851
        ],
        [
            0.1691310554742813,
            -0.0314493402838707,
            0.03355981037020683
        ],
        [
            0.15751537680625916,
            0.0013272054493427277,
            0.025752807036042213
        ],
        [
            0.14582866430282593,
            0.001976783387362957,
            0.024563537910580635
        ],
        [
            0.14767347276210785,
            -0.004161212593317032,
            0.026119906455278397
        ],
        [
            0.16034665703773499,
            -0.006326771341264248,
            0.02862543798983097
        ],
        [
            0.143848717212677,
            0.016021065413951874,
            0.024085616692900658
        ],
        [
            0.15563035011291504,
            0.014173883944749832,
            0.02493850141763687
        ],
        [
            0.15329726040363312,
            0.02240712009370327,
            0.024660363793373108
        ],
        [
            0.14513379335403442,
            0.0224179457873106,
            0.02500930055975914
        ],
        [
            0.17562508583068848,
            0.007806519046425819,
            0.025829613208770752
        ],
        [
            0.18279607594013214,
            0.006308951415121555,
            0.025948908179998398
        ],
        [
            0.18458981812000275,
            0.009906798601150513,
            0.025212399661540985
        ],
        [
            0.17523767054080963,
            0.01123405247926712,
            0.025066008791327477
        ],
        [
            0.0862373635172844,
            0.03466658294200897,
            -0.009122906252741814
        ],
        [
            0.0836854800581932,
            0.03364257141947746,
            0.00033090822398662567
        ],
        [
            0.14898233115673065,
            0.034014031291007996,
            -0.0002129552885890007
        ],
        [
            0.143188014626503,
            0.041464753448963165,
            0.0057768020778894424
        ],
        [
            0.15531963109970093,
            0.044040497392416,
            0.00758663285523653
        ],
        [
            0.15815991163253784,
            0.03537728264927864,
            0.0007102843374013901
        ],
        [
            0.10284750908613205,
            0.02388855256140232,
            -0.014422476291656494
        ],
        [
            0.09588802605867386,
            0.02731964737176895,
            -0.015667283907532692
        ],
        [
            0.21332384645938873,
            -0.03160713240504265,
            0.03625476732850075
        ],
        [
            0.21186833083629608,
            -0.031063301488757133,
            0.03137077018618584
        ],
        [
            0.10605407506227493,
            -0.03607766330242157,
            0.034349892288446426
        ],
        [
            0.12563522160053253,
            -0.03875114023685455,
            0.04558410868048668
        ],
        [
            0.09423911571502686,
            -0.031055718660354614,
            0.022416818886995316
        ],
        [
            0.08762849122285843,
            -0.026494711637496948,
            0.012952499091625214
        ],
        [
            0.08066727966070175,
            -0.02386663854122162,
            0.006994748488068581
        ],
        [
            0.16708362102508545,
            -0.015278118662536144,
            0.03254816308617592
        ],
        [
            0.1447865068912506,
            -0.008835180662572384,
            0.02841252274811268
        ],
        [
            0.13374584913253784,
            0.004997564479708672,
            0.024282678961753845
        ],
        [
            0.13391351699829102,
            0.035793330520391464,
            0.02551829069852829
        ],
        [
            0.12319399416446686,
            0.03591841831803322,
            0.025115003809332848
        ],
        [
            0.12711215019226074,
            0.02638215571641922,
            0.027679849416017532
        ],
        [
            0.13577577471733093,
            0.028152361512184143,
            0.026847243309020996
        ],
        [
            0.14213287830352783,
            0.04460644721984863,
            0.014953618869185448
        ],
        [
            0.14381253719329834,
            0.04120735079050064,
            0.02197837643325329
        ],
        [
            0.15353688597679138,
            0.04168713837862015,
            0.022250734269618988
        ],
        [
            0.15294906497001648,
            0.045614227652549744,
            0.01591195911169052
        ],
        [
            0.145694762468338,
            -0.03758905082941055,
            0.03561977669596672
        ],
        [
            0.13431581854820251,
            -0.04219841957092285,
            0.03029727190732956
        ],
        [
            0.09632512927055359,
            0.035091400146484375,
            0.011149347759783268
        ],
        [
            0.08912195265293121,
            0.03228628635406494,
            0.010297627188265324
        ],
        [
            0.08140334486961365,
            0.030757248401641846,
            0.007168491370975971
        ],
        [
            0.11080382764339447,
            0.008693527430295944,
            0.02709539234638214
        ],
        [
            0.0968136191368103,
            0.008969705551862717,
            0.027169281616806984
        ],
        [
            0.09714812785387039,
            0.004830838181078434,
            0.028861884027719498
        ],
        [
            0.11098379641771317,
            0.005384882912039757,
            0.026527872309088707
        ],
        [
            0.11964830756187439,
            -0.005072280764579773,
            0.03303537517786026
        ],
        [
            0.10762415081262589,
            -0.0042821187525987625,
            0.03845435380935669
        ],
        [
            0.129632830619812,
            -0.008473742753267288,
            0.038381531834602356
        ],
        [
            0.0848403349518776,
            0.0018906518816947937,
            0.022634858265519142
        ],
        [
            0.0772470235824585,
            0.008937932550907135,
            0.018801841884851456
        ],
        [
            0.07626912742853165,
            0.00010554119944572449,
            0.019129063934087753
        ],
        [
            0.078168123960495,
            0.018288038671016693,
            0.016016382724046707
        ],
        [
            0.07958816736936569,
            0.02622155472636223,
            0.012215467169880867
        ],
        [
            0.08868648111820221,
            0.029503166675567627,
            -0.01967036910355091
        ],
        [
            0.0765790045261383,
            -0.00815623253583908,
            0.018228068947792053
        ],
        [
            0.13936516642570496,
            -0.017977029085159302,
            0.05233735963702202
        ],
        [
            0.14539209008216858,
            -0.020094942301511765,
            0.052174899727106094
        ],
        [
            0.14642512798309326,
            -0.016481615602970123,
            0.045799508690834045
        ],
        [
            0.142194926738739,
            -0.015649717301130295,
            0.04545037820935249
        ],
        [
            0.17319492995738983,
            -0.03817962855100632,
            0.021924342960119247
        ],
        [
            0.17108632624149323,
            -0.03624983876943588,
            0.0295324195176363
        ],
        [
            0.161546990275383,
            -0.03438402712345123,
            0.030208129435777664
        ],
        [
            0.10965503752231598,
            0.021946443244814873,
            0.02841075137257576
        ],
        [
            0.10726112127304077,
            0.033138666301965714,
            0.023123236373066902
        ],
        [
            0.1759175807237625,
            -0.02065436914563179,
            0.034477971494197845
        ],
        [
            0.20593498647212982,
            -0.03620867431163788,
            0.029598616063594818
        ],
        [
            0.20225116610527039,
            -0.0386122465133667,
            0.03382837772369385
        ],
        [
            0.1881411224603653,
            -0.038620732724666595,
            0.026061439886689186
        ],
        [
            0.19183076918125153,
            -0.035922348499298096,
            0.020862126722931862
        ],
        [
            0.1857459396123886,
            -0.018360424786806107,
            0.030063744634389877
        ],
        [
            0.18142366409301758,
            -0.021683301776647568,
            0.0344729945063591
        ],
        [
            0.18426108360290527,
            -0.021605661138892174,
            0.034022413194179535
        ],
        [
            0.18885354697704315,
            -0.01745707541704178,
            0.03169390186667442
        ],
        [
            0.17997054755687714,
            0.017914891242980957,
            0.02366204932332039
        ],
        [
            0.172247052192688,
            0.01917112059891224,
            0.024131828919053078
        ],
        [
            0.17854298651218414,
            -0.01692732609808445,
            0.007784977555274963
        ],
        [
            0.17493605613708496,
            -0.0299383532255888,
            0.007542559877038002
        ],
        [
            0.16310447454452515,
            -0.02953360415995121,
            0.0062169041484594345
        ],
        [
            0.1556582748889923,
            0.008505981415510178,
            0.024790529161691666
        ],
        [
            0.16624319553375244,
            0.008766362443566322,
            0.0257657989859581
        ],
        [
            0.16581667959690094,
            0.012846192345023155,
            0.025179851800203323
        ],
        [
            0.1710653007030487,
            -0.012603471986949444,
            0.031574562191963196
        ],
        [
            0.17862236499786377,
            -0.01551145687699318,
            0.03225534036755562
        ],
        [
            0.17611725628376007,
            -0.010527028702199459,
            0.029528765007853508
        ],
        [
            0.16933493316173553,
            -0.007627156097441912,
            0.029395395889878273
        ],
        [
            0.1305575966835022,
            0.039863426238298416,
            0.002818157896399498
        ],
        [
            0.1291688084602356,
            0.04390910267829895,
            0.013574925251305103
        ],
        [
            0.20056016743183136,
            -0.03617551922798157,
            0.04174887761473656
        ],
        [
            0.20029589533805847,
            -0.03630206733942032,
            0.03994283452630043
        ],
        [
            0.14421826601028442,
            0.0089866379275918,
            0.023631218820810318
        ],
        [
            0.14863809943199158,
            -0.027806449681520462,
            0.00520407035946846
        ],
        [
            0.1328365057706833,
            0.01041441224515438,
            0.023864012211561203
        ],
        [
            0.17367254197597504,
            0.024127230048179626,
            0.0049750106409192085
        ],
        [
            0.1750105321407318,
            0.028530124574899673,
            0.010495448485016823
        ],
        [
            0.18047569692134857,
            0.026881420984864235,
            0.01246623694896698
        ],
        [
            0.1817914992570877,
            0.024380197748541832,
            0.007368708960711956
        ],
        [
            0.20097778737545013,
            -0.01714792288839817,
            0.03622961789369583
        ],
        [
            0.19859251379966736,
            -0.02025848999619484,
            0.04069771617650986
        ],
        [
            0.1995728313922882,
            -0.02026188373565674,
            0.04054543375968933
        ],
        [
            0.20375202596187592,
            -0.01721584051847458,
            0.03734502196311951
        ],
        [
            0.17880064249038696,
            -0.026897013187408447,
            0.03545289486646652
        ],
        [
            0.17683126032352448,
            -0.032815974205732346,
            0.03410424292087555
        ],
        [
            0.18291161954402924,
            -0.032498229295015335,
            0.03536524996161461
        ],
        [
            0.1836327165365219,
            -0.026545468717813492,
            0.03553790599107742
        ],
        [
            0.17900924384593964,
            -0.037228915840387344,
            0.029351795092225075
        ],
        [
            0.18463385105133057,
            -0.037188995629549026,
            0.03116607666015625
        ],
        [
            0.2049465924501419,
            -0.017788207158446312,
            0.03097252920269966
        ],
        [
            0.20859366655349731,
            -0.02381758578121662,
            0.027386734262108803
        ],
        [
            0.19485342502593994,
            -0.022140931338071823,
            0.019290205091238022
        ],
        [
            0.19385462999343872,
            -0.01763623207807541,
            0.025738991796970367
        ],
        [
            0.1266772449016571,
            0.012613887898623943,
            -0.010138357058167458
        ],
        [
            0.12444513291120529,
            0.023469949141144753,
            -0.008785001933574677
        ],
        [
            0.13870126008987427,
            0.02450937032699585,
            -0.0047425515949726105
        ],
        [
            0.15257088840007782,
            0.02590271830558777,
            -0.0018660947680473328
        ],
        [
            0.1655948907136917,
            0.026367289945483208,
            0.002100696787238121
        ],
        [
            0.1689518392086029,
            0.015035323798656464,
            -0.0015181154012680054
        ],
        [
            0.13561619818210602,
            0.0319162979722023,
            -0.0033517740666866302
        ],
        [
            0.18476428091526031,
            -0.015408939681947231,
            0.01956089958548546
        ],
        [
            0.18447494506835938,
            -0.02136097103357315,
            0.013892075978219509
        ],
        [
            0.1837020367383957,
            -0.01589023508131504,
            0.012943609617650509
        ],
        [
            0.13232262432575226,
            0.01776399090886116,
            0.02502714842557907
        ],
        [
            0.1989658772945404,
            -0.03758892044425011,
            0.03815959393978119
        ],
        [
            0.09489108622074127,
            -0.018123917281627655,
            -0.009220466017723083
        ],
        [
            0.09749124199151993,
            -0.006541122682392597,
            -0.016052914783358574
        ],
        [
            0.10521621257066727,
            -0.009113735519349575,
            -0.012777045369148254
        ],
        [
            0.10221344977617264,
            -0.022013884037733078,
            -0.0040487367659807205
        ],
        [
            0.19692516326904297,
            -0.02687620185315609,
            0.043176356703042984
        ],
        [
            0.19650813937187195,
            -0.033215198665857315,
            0.042035672813653946
        ],
        [
            0.17315109074115753,
            0.0259354617446661,
            0.02294476330280304
        ],
        [
            0.17932331562042236,
            0.02357853390276432,
            0.021904505789279938
        ],
        [
            0.18069413304328918,
            0.026279950514435768,
            0.01913568191230297
        ],
        [
            0.17624501883983612,
            0.03100636787712574,
            0.02096514217555523
        ],
        [
            0.12181703001260757,
            0.028646938502788544,
            -0.007509758695960045
        ],
        [
            0.163157656788826,
            0.04543256759643555,
            0.008449269458651543
        ],
        [
            0.16520962119102478,
            0.03810173273086548,
            0.0023560933768749237
        ],
        [
            0.11194133013486862,
            0.02212284691631794,
            -0.012283649295568466
        ],
        [
            0.11384253203868866,
            0.012679170817136765,
            -0.014117445796728134
        ],
        [
            0.10454283654689789,
            0.013321069069206715,
            -0.016945328563451767
        ],
        [
            0.178249329328537,
            0.0032367415260523558,
            0.002667900174856186
        ],
        [
            0.13014009594917297,
            0.004621440544724464,
            -0.009794283658266068
        ],
        [
            0.1161046251654625,
            0.0053579555824398994,
            -0.013367341831326485
        ],
        [
            0.10507827252149582,
            0.0057747927494347095,
            -0.01670939102768898
        ],
        [
            0.09735020250082016,
            0.006729948800057173,
            -0.019736062735319138
        ],
        [
            0.09751101583242416,
            0.014918256551027298,
            -0.019540533423423767
        ],
        [
            0.20820200443267822,
            -0.03041732683777809,
            0.027536364272236824
        ],
        [
            0.21312429010868073,
            -0.023648524656891823,
            0.03146088123321533
        ],
        [
            0.08988028019666672,
            0.016931064426898956,
            -0.024101698771119118
        ],
        [
            0.08982497453689575,
            0.007636862341314554,
            -0.023476609960198402
        ],
        [
            0.11765161156654358,
            -0.003586143720895052,
            -0.011602738872170448
        ],
        [
            0.11871562153100967,
            -0.01456097885966301,
            -0.007747778668999672
        ],
        [
            0.13115787506103516,
            -0.003872430883347988,
            -0.008004026487469673
        ],
        [
            0.13353587687015533,
            -0.014666981063783169,
            -0.004322005435824394
        ],
        [
            0.17737248539924622,
            -0.006793784908950329,
            -0.0010906942188739777
        ],
        [
            0.21367183327674866,
            -0.020413415506482124,
            0.049615539610385895
        ],
        [
            0.211624875664711,
            -0.01899861730635166,
            0.038883090019226074
        ],
        [
            0.20596592128276825,
            -0.017782578244805336,
            0.040351711213588715
        ],
        [
            0.20997032523155212,
            -0.018165206536650658,
            0.04998781532049179
        ],
        [
            0.20856250822544098,
            -0.018072251230478287,
            0.03411921113729477
        ],
        [
            0.2143889218568802,
            -0.023978395387530327,
            0.03678932785987854
        ],
        [
            0.1329922080039978,
            -0.027363060042262077,
            0.00384729728102684
        ],
        [
            0.1824544370174408,
            -0.012717582285404205,
            0.028511997312307358
        ],
        [
            0.11580879241228104,
            -0.02872006967663765,
            0.004421759396791458
        ],
        [
            0.13710403442382812,
            -0.03890365734696388,
            0.015195978805422783
        ],
        [
            0.12464471906423569,
            -0.03935481235384941,
            0.018573913723230362
        ],
        [
            0.09836987406015396,
            -0.030521506443619728,
            0.007404569536447525
        ],
        [
            0.1087409034371376,
            -0.038246672600507736,
            0.020158223807811737
        ],
        [
            0.08460882306098938,
            -0.022644521668553352,
            -0.0035496465861797333
        ],
        [
            0.09215899556875229,
            -0.025533219799399376,
            0.0006593037396669388
        ],
        [
            0.12128686159849167,
            -0.042294275015592575,
