{
    "pred_cam": [
        6.640084266662598,
        0.16189715266227722,
        -0.0074518173933029175
    ],
    "pred_mano_params": {
        "global_orient": [
            [
                [
                    -0.9826859831809998,
                    0.07904287427663803,
                    -0.16757242381572723
                ],
                [
                    0.1477220207452774,
                    -0.2116570770740509,
                    -0.9661157131195068
                ],
                [
                    -0.11183241009712219,
                    -0.9741424918174744,
                    0.19631606340408325
                ]
            ]
        ],
        "hand_pose": [
            [
                [
                    0.9603754878044128,
                    -0.2598053514957428,
                    -0.10089613497257233
                ],
                [
                    0.26991981267929077,
                    0.9572010636329651,
                    0.10444830358028412
                ],
                [
                    0.06944165378808975,
                    -0.12754346430301666,
                    0.9893990755081177
                ]
            ],
            [
                [
                    0.4473784267902374,
                    -0.8567162752151489,
                    0.2566899061203003
                ],
                [
                    0.8943226337432861,
                    0.4265264570713043,
                    -0.13513773679733276
                ],
                [
                    0.006289677694439888,
                    0.29002130031585693,
                    0.9569994807243347
                ]
            ],
            [
                [
                    0.9025508761405945,
                    -0.4056771695613861,
                    0.1443190574645996
                ],
                [
                    0.3797084391117096,
                    0.90791916847229,
                    0.1774948686361313
                ],
                [
                    -0.2030356377363205,
                    -0.1053989827632904,
                    0.9734823107719421
                ]
            ],
            [
                [
                    0.8255478739738464,
                    -0.5618825554847717,
                    0.052522312849760056
                ],
                [
                    0.537699282169342,
                    0.8114274144172668,
                    0.2290525585412979
                ],
                [
                    -0.17131869494915009,
                    -0.16085267066955566,
                    0.971996009349823
                ]
            ],
            [
                [
                    0.5431281924247742,
                    -0.80511474609375,
                    -0.23833152651786804
                ],
                [
                    0.8393757939338684,
                    0.5133681893348694,
                    0.1786096841096878
                ],
                [
                    -0.021449493244290352,
                    -0.2970576584339142,
                    0.9546185731887817
                ]
            ],
            [
                [
                    0.9440686106681824,
                    -0.3212108016014099,
                    0.07455290853977203
                ],
                [
                    0.324890673160553,
                    0.9447414875030518,
                    -0.043699000030756
                ],
                [
                    -0.05639663711190224,
                    0.06547639518976212,
                    0.9962591528892517
                ]
            ],
            [
                [
                    0.9470149278640747,
                    -0.2451234757900238,
                    0.20755048096179962
                ],
                [
                    0.25260528922080994,
                    0.9675185680389404,
                    -0.009922836907207966
                ],
                [
                    -0.1983766108751297,
                    0.06182542443275452,
                    0.9781740307807922
                ]
            ],
            [
                [
                    0.8889383673667908,
                    -0.4564928114414215,
                    -0.03745491802692413
                ],
                [
                    0.4066266715526581,
                    0.748899519443512,
                    0.5232630968093872
                ],
                [
                    -0.210815891623497,
                    -0.48037880659103394,
                    0.8513476848602295
                ]
            ],
            [
                [
                    0.955451250076294,
                    -0.2916640341281891,
                    0.04522021487355232
                ],
                [
                    0.27242663502693176,
                    0.9304336905479431,
                    0.24510569870471954
                ],
                [
                    -0.11356295645236969,
                    -0.2218673825263977,
                    0.9684410691261292
                ]
            ],
            [
                [
                    0.9410083889961243,
                    -0.33417993783950806,
                    -0.053168777376413345
                ],
                [
                    0.3321422040462494,
                    0.942218005657196,
                    -0.043667618185281754
                ],
                [
                    0.06468942016363144,
                    0.02343200147151947,
                    0.9976302981376648
                ]
            ],
            [
                [
                    0.71518874168396,
                    -0.6916370391845703,
                    -0.1007135659456253
                ],
                [
                    0.6217197179794312,
                    0.5637071132659912,
                    0.5437819957733154
                ],
                [
                    -0.31932681798934937,
                    -0.4515223801136017,
                    0.8331613540649414
                ]
            ],
            [
                [
                    0.8887107968330383,
                    -0.4580424129962921,
                    0.019753389060497284
                ],
                [
                    0.45634928345680237,
                    0.8879196047782898,
                    0.05782776325941086
                ],
                [
                    -0.044026993215084076,
                    -0.042377714067697525,
                    0.9981310367584229
                ]
            ],
            [
                [
                    0.9164753556251526,
                    0.021171439439058304,
                    -0.39953047037124634
                ],
                [
                    -0.34663793444633484,
                    0.5406724214553833,
                    -0.7664955854415894
                ],
                [
                    0.19978728890419006,
                    0.8409668207168579,
                    0.5028517842292786
                ]
            ],
            [
                [
                    0.8414335250854492,
                    -0.19628317654132843,
                    -0.5034505724906921
                ],
                [
                    0.4148469567298889,
                    0.8316646218299866,
                    0.36910155415534973
                ],
                [
                    0.34625357389450073,
                    -0.5194293856620789,
                    0.7812179923057556
                ]
            ],
            [
                [
                    0.5417745113372803,
                    -0.8239741921424866,
                    0.1659722626209259
                ],
                [
                    0.8293189406394958,
                    0.49189212918281555,
                    -0.2650890648365021
                ],
                [
                    0.13678611814975739,
                    0.28126245737075806,
                    0.949832022190094
                ]
            ]
        ],
        "betas": [
            -0.0063041746616363525,
            -0.02768978476524353,
            -0.011826783418655396,
            -0.06929513812065125,
            0.04262495040893555,
            -0.012247961014509201,
            0.0674097090959549,
            -0.0015740543603897095,
            0.027006641030311584,
            0.011322498321533203
        ]
    },
    "pred_cam_t": [
        -0.16189715266227722,
        -0.0074518173933029175,
        5.882832050323486
    ],
    "focal_length": [
        5000.0,
        5000.0
    ],
    "pred_keypoints_3d": [
        [
            0.09574141353368759,
            0.00637780549004674,
            0.006202524062246084
        ],
        [
            0.11387978494167328,
            -0.018828094005584717,
            0.029023492708802223
        ],
        [
            0.1385326236486435,
            -0.02899358794093132,
            0.04437139630317688
        ],
        [
            0.1651192009449005,
            -0.024119973182678223,
            0.04631002992391586
        ],
        [
            0.18335673213005066,
            -0.015167167410254478,
            0.07270369678735733
        ],
        [
            0.1784573495388031,
            -0.02550533413887024,
            0.025193320587277412
        ],
        [
            0.21029461920261383,
            -0.028779294341802597,
            0.03338903188705444
        ],
        [
            0.2113838642835617,
            -0.025923514738678932,
            0.05539422482252121
        ],
        [
            0.2038963884115219,
            -0.024680782109498978,
            0.07879739254713058
        ],
        [
            0.18924668431282043,
            -0.004045659210532904,
            0.017570989206433296
        ],
        [
            0.2146432101726532,
            -0.004197121597826481,
            0.036670055240392685
        ],
        [
            0.2097288966178894,
            -0.001132790930569172,
            0.05925426632165909
        ],
        [
            0.2012089639902115,
            -0.00013792049139738083,
            0.08355430513620377
        ],
        [
            0.18027672171592712,
            0.020909838378429413,
            0.013934614136815071
        ],
        [
            0.20751291513442993,
            0.025063760578632355,
            0.022657334804534912
        ],
        [
            0.2129686027765274,
            0.02847866714000702,
            0.04662547633051872
        ],
        [
            0.21272768080234528,
            0.02894209697842598,
            0.07196301966905594
        ],
        [
            0.16983576118946075,
            0.04008017107844353,
            0.01509956642985344
        ],
        [
            0.18942461907863617,
            0.04675067216157913,
            0.019462406635284424
        ],
        [
            0.19927473366260529,
            0.05141148343682289,
            0.034993976354599
        ],
        [
            0.2052401602268219,
            0.05311468988656998,
            0.05321408435702324
        ]
    ],
    "pred_vertices": [
        [
            0.14014491438865662,
            -0.012633394449949265,
            0.030323829501867294
        ],
        [
            0.12943919003009796,
            -0.009519296698272228,
            0.029746215790510178
        ],
        [
            0.13646548986434937,
            -0.01395714096724987,
            0.034398920834064484
        ],
        [
            0.14477746188640594,
            -0.018539883196353912,
            0.034518804401159286
        ],
        [
            0.12009342014789581,
            -0.00945252738893032,
            0.04507507383823395
        ],
        [
            0.11196243017911911,
            -0.01768811047077179,
            0.04894859343767166
        ],
        [
            0.12833458185195923,
            -0.022414680570364,
            0.054124459624290466
        ],
        [
            0.13238312304019928,
            -0.013868249952793121,
            0.05052274838089943
        ],
        [
            0.14911618828773499,
            -0.023470047861337662,
            0.035669807344675064
        ],
        [
            0.14248348772525787,
            -0.017461009323596954,
            0.03830772638320923
        ],
        [
            0.1489037424325943,
            -0.02612566202878952,
            0.03199254348874092
        ],
        [
            0.15685997903347015,
            -0.03417380899190903,
            0.02621745690703392
        ],
        [
            0.1564212441444397,
            -0.02931912988424301,
            0.03197840601205826
        ],
        [
            0.1644669473171234,
            -0.036102116107940674,
            0.023632975295186043
        ],
        [
            0.15082699060440063,
            -0.03694184124469757,
            0.0176975280046463
        ],
        [
            0.16496966779232025,
            -0.03488682582974434,
            0.014425767585635185
        ],
        [
            0.14868491888046265,
            -0.01669779047369957,
            -0.0005206000059843063
        ],
        [
            0.1474737972021103,
            -0.003626737277954817,
            -0.004106307402253151
        ],
        [
            0.164382204413414,
            -0.0039449953474104404,
            -0.002015206962823868
        ],
        [
            0.16394463181495667,
            -0.016906030476093292,
            0.002278614789247513
        ],
        [
            0.1558539718389511,
            0.015109917148947716,
            -0.0026203710585832596
        ],
        [
            0.16152340173721313,
            0.004715245682746172,
            -0.0023598764091730118
        ],
        [
            0.14491090178489685,
            0.004851983394473791,
            -0.005766602233052254
        ],
        [
            0.14088690280914307,
            0.014323864132165909,
            -0.005799837410449982
        ],
        [
            0.1344451606273651,
            0.0005903569981455803,
            0.025074880570173264
        ],
        [
            0.12346334755420685,
            0.0028702225536108017,
            0.024602407589554787
        ],
        [
            0.12480711936950684,
            -0.0024934038519859314,
            0.02532370388507843
        ],
        [
            0.13548018038272858,
            -0.004592003300786018,
            0.026374727487564087
        ],
        [
            0.14730241894721985,
            -0.03027849830687046,
            0.03270897641777992
        ],
        [
            0.1401374340057373,
            -0.03751037269830704,
            0.028054745867848396
        ],
        [
            0.1457754373550415,
            -0.03277086466550827,
            0.02777661569416523
        ],
        [
            0.14855840802192688,
            -0.02524667978286743,
            0.034296054393053055
        ],
        [
            0.09867142140865326,
            0.017021559178829193,
            0.027691377326846123
        ],
        [
            0.08711782097816467,
            0.01526328083127737,
            0.02098446898162365
        ],
        [
            0.08686328679323196,
            0.009409913793206215,
            0.021680979058146477
        ],
        [
            0.09750515222549438,
            0.012172698974609375,
            0.0272422656416893
        ],
        [
            0.09198831766843796,
            -0.009711947292089462,
            0.03409862890839577
        ],
        [
            0.08487558364868164,
            -0.00842895545065403,
            0.024855662137269974
        ],
        [
            0.07985194027423859,
            -0.018762679770588875,
            0.017628338187932968
        ],
        [
            0.08790964633226395,
            -0.0225925762206316,
            0.024461910128593445
        ],
        [
            0.10167274624109268,
            -0.013471661135554314,
            0.04283752292394638
        ],
        [
            0.0965128168463707,
            -0.025187872350215912,
            0.03674953430891037
        ],
        [
            0.10867435485124588,
            -0.028416387736797333,
            0.04580916464328766
        ],
        [
            0.12688322365283966,
            -0.031532030552625656,
            0.05186493322253227
        ],
        [
            0.08788952231407166,
            0.027276430279016495,
            0.01657324843108654
        ],
        [
            0.09630870074033737,
            0.030411742627620697,
            0.02133237011730671
        ],
        [
            0.19965888559818268,
            -0.031538452953100204,
            0.04296262562274933
        ],
        [
            0.1999903917312622,
            -0.02542639710009098,
            0.04374825581908226
        ],
        [
            0.19870610535144806,
            -0.025498690083622932,
            0.042657919228076935
        ],
        [
            0.19878119230270386,
            -0.03135133534669876,
            0.042117729783058167
        ],
        [
            0.09774088859558105,
            0.03550224006175995,
            0.0010231062769889832
        ],
        [
            0.09982912242412567,
            0.03235363960266113,
            -0.008360784500837326
        ],
        [
            0.0926908403635025,
            0.03381423279643059,
            -0.008125962689518929
        ],
        [
            0.09022381901741028,
            0.03492970019578934,
            0.0009023994207382202
        ],
        [
            0.10769105702638626,
            0.036111343652009964,
            0.0013475064188241959
        ],
        [
            0.10964654386043549,
            0.029950276017189026,
            -0.007943177595734596
        ],
        [
            0.21066761016845703,
            -0.03593145310878754,
            0.03781108558177948
        ],
        [
            0.20622292160987854,
            -0.037079259753227234,
            0.040396761149168015
        ],
        [
            0.20528119802474976,
            -0.03715169057250023,
            0.03662378340959549
        ],
        [
            0.2088792324066162,
            -0.035309284925460815,
            0.032974012196063995
        ],
        [
            0.15365219116210938,
            -0.022908736020326614,
            0.03418569266796112
        ],
        [
            0.14992865920066833,
            -0.01482147816568613,
            0.03224101662635803
        ],
        [
            0.1719694286584854,
            -0.02440468594431877,
            0.035216886550188065
        ],
        [
            0.16320893168449402,
            -0.01953360065817833,
            0.03303622454404831
        ],
        [
            0.16214381158351898,
            -0.026586653664708138,
            0.03330482542514801
        ],
        [
            0.169618621468544,
            -0.03021107241511345,
            0.03353257477283478
        ],
        [
            0.15740439295768738,
            0.0023348252288997173,
            0.025958357378840446
        ],
        [
            0.1457199901342392,
            0.0027669682167470455,
            0.024716442450881004
        ],
        [
            0.14767016470432281,
            -0.0033434759825468063,
            0.026224303990602493
        ],
        [
            0.16037048399448395,
            -0.005280866287648678,
            0.02877950854599476
        ],
        [
            0.14347052574157715,
            0.01676004007458687,
            0.02435578964650631
        ],
        [
            0.15527184307575226,
            0.015134619548916817,
            0.025249531492590904
        ],
        [
            0.15277531743049622,
            0.02331160381436348,
            0.025030342862010002
        ],
        [
            0.1446228176355362,
            0.023163441568613052,
            0.02534358948469162
        ],
        [
            0.1754494458436966,
            0.009233403950929642,
            0.026200391352176666
        ],
        [
            0.18285764753818512,
            0.007881944999098778,
            0.026302749291062355
        ],
        [
            0.18425573408603668,
            0.011297795921564102,
            0.025458386167883873
        ],
        [
            0.17492792010307312,
            0.012596030719578266,
            0.025410309433937073
        ],
        [
            0.08569243550300598,
            0.03457833081483841,
            -0.008897054940462112
        ],
        [
            0.08312678337097168,
            0.033426180481910706,
            0.000530049204826355
        ],
        [
            0.14835627377033234,
            0.03506174311041832,
            0.00025709159672260284
        ],
        [
            0.14239315688610077,
            0.04231709986925125,
            0.006272252649068832
        ],
        [
            0.1544383317232132,
            0.04511362686753273,
            0.008171014487743378
        ],
        [
            0.15750297904014587,
            0.03660251945257187,
            0.001232055015861988
        ],
        [
            0.10251206904649734,
            0.02417801320552826,
            -0.01421835646033287
        ],
        [
            0.09549731761217117,
            0.027484435588121414,
            -0.015460018068552017
        ],
        [
            0.2143101543188095,
            -0.031068366020917892,
            0.0357135571539402
        ],
        [
            0.21237042546272278,
            -0.030375126749277115,
            0.03092796728014946
        ],
        [
            0.10678349435329437,
            -0.0360463410615921,
            0.03403560072183609
        ],
        [
            0.12643113732337952,
            -0.03839017450809479,
            0.04518977925181389
        ],
        [
            0.09486966580152512,
            -0.031177060678601265,
            0.0221237950026989
        ],
        [
            0.08818703889846802,
            -0.026670195162296295,
            0.012663036584854126
        ],
        [
            0.08118961751461029,
            -0.024128802120685577,
            0.006683476269245148
        ],
        [
            0.1673092246055603,
            -0.014091146178543568,
            0.03267274796962738
        ],
        [
            0.14486080408096313,
            -0.00809071771800518,
            0.02845054864883423
        ],
        [
            0.13359233736991882,
            0.005553359631448984,
            0.024407433345913887
        ],
        [
            0.1331508904695511,
            0.03630005195736885,
            0.025918956845998764
        ],
        [
            0.12245171517133713,
            0.03622015193104744,
            0.025471413508057594
        ],
        [
            0.1265372782945633,
            0.026750311255455017,
            0.027966296300292015
        ],
        [
            0.13515439629554749,
            0.028692778199911118,
            0.027187582105398178
        ],
        [
            0.1412256360054016,
            0.04535294696688652,
            0.015476109459996223
        ],
        [
            0.14292782545089722,
            0.04193007946014404,
            0.02247348427772522
        ],
        [
            0.15258319675922394,
            0.04257797449827194,
            0.02279837429523468
        ],
        [
            0.15196967124938965,
            0.04655374214053154,
            0.016496574506163597
        ],
        [
            0.14639703929424286,
            -0.0367322601377964,
            0.03518380597233772
        ],
        [
            0.13510003685951233,
            -0.04153302311897278,
            0.029906591400504112
        ],
        [
            0.09568634629249573,
            0.03501037880778313,
            0.011396394111216068
        ],
        [
            0.08854778856039047,
            0.03208012506365776,
            0.010491479188203812
        ],
        [
            0.08087675273418427,
            0.030438993126153946,
            0.007328549399971962
        ],
        [
            0.11058039218187332,
            0.008774877525866032,
            0.027154428884387016
        ],
        [
            0.0966041088104248,
            0.008785387501120567,
            0.02717837691307068
        ],
        [
            0.09701189398765564,
            0.004640303552150726,
            0.028843913227319717
        ],
        [
            0.11081544309854507,
            0.005477136932313442,
            0.026560453698039055
        ],
        [
            0.11965887248516083,
            -0.004850238561630249,
            0.032926712185144424
        ],
        [
            0.1076611578464508,
            -0.004331571981310844,
            0.038366563618183136
        ],
        [
            0.12974432110786438,
            -0.008067475631833076,
            0.03819773718714714
        ],
        [
            0.08480532467365265,
            0.0015293238684535027,
            0.022541314363479614
        ],
        [
            0.07710224390029907,
            0.008458264172077179,
            0.018735872581601143
        ],
        [
            0.07629019767045975,
            -0.00038340315222740173,
            0.018985241651535034
        ],
        [
            0.07785353064537048,
            0.017840391024947166,
            0.016039520502090454
        ],
        [
            0.07913028448820114,
            0.025830058380961418,
            0.012323475442826748
        ],
        [
            0.08827046304941177,
            0.02956159971654415,
            -0.01946971006691456
        ],
        [
            0.076762855052948,
            -0.008618012070655823,
            0.018014710396528244
        ],
        [
            0.13984589278697968,
            -0.017522484064102173,
            0.05214790999889374
        ],
        [
            0.145925372838974,
            -0.01957857608795166,
            0.05201571434736252
        ],
        [
            0.14686958491802216,
            -0.01583634689450264,
            0.04571972414851189
        ],
        [
            0.14259110391139984,
            -0.015045620501041412,
            0.04530275985598564
        ],
        [
            0.1736733466386795,
            -0.03683311864733696,
            0.021813325583934784
        ],
        [
            0.17159675061702728,
            -0.03497210517525673,
            0.029443124309182167
        ],
        [
            0.1620694398880005,
            -0.03326766565442085,
            0.03011281043291092
        ],
        [
            0.10918410867452621,
            0.02198062092065811,
            0.02858489751815796
        ],
        [
            0.10659980773925781,
            0.03315698727965355,
            0.023392127826809883
        ],
        [
            0.17636607587337494,
            -0.019354691728949547,
            0.034551095217466354
        ],
        [
            0.20641623437404633,
            -0.03535384312272072,
            0.02915518917143345
        ],
        [
            0.20282867550849915,
            -0.03776617348194122,
            0.03346423804759979
        ],
        [
            0.1885017454624176,
            -0.03739280626177788,
            0.02574077434837818
        ],
        [
            0.19214420020580292,
            -0.03465922176837921,
            0.02056143805384636
        ],
        [
            0.18624694645404816,
            -0.017079662531614304,
            0.030135460197925568
        ],
        [
            0.18199175596237183,
            -0.020464666187763214,
            0.03450522944331169
        ],
        [
            0.1849280446767807,
            -0.02049720101058483,
            0.034053072333335876
        ],
        [
            0.1895681470632553,
            -0.016419298946857452,
            0.03178999572992325
        ],
        [
            0.17947182059288025,
            0.019261235371232033,
            0.024058813229203224
        ],
        [
            0.1717773675918579,
            0.02048187144100666,
            0.024552110582590103
        ],
        [
            0.17872187495231628,
            -0.015288185328245163,
            0.0079470444470644
        ],
        [
            0.17530222237110138,
            -0.028372865170240402,
            0.007618678733706474
        ],
        [
            0.1635531634092331,
            -0.02816818468272686,
            0.0062382761389017105
        ],
        [
            0.1554129272699356,
            0.009476401843130589,
            0.025050945580005646
        ],
        [
            0.1659877896308899,
            0.009947367012500763,
            0.026085564866662025
        ],
        [
            0.1654743254184723,
            0.01401258260011673,
            0.025526344776153564
        ],
        [
            0.17125992476940155,
            -0.011345470324158669,
            0.03173253685235977
        ],
        [
            0.1789846122264862,
            -0.014149447903037071,
            0.03238145262002945
        ],
        [
            0.1762542426586151,
            -0.009122710675001144,
            0.029713599011301994
        ],
        [
            0.1693868339061737,
            -0.006400006823241711,
            0.02958429977297783
        ],
        [
            0.12982551753520966,
            0.04050325229763985,
            0.0032547982409596443
        ],
        [
            0.12830989062786102,
            0.04442126303911209,
            0.01403425820171833
        ],
        [
            0.20207494497299194,
            -0.035600584000349045,
            0.04204055294394493
        ],
        [
            0.201318621635437,
            -0.035687368363142014,
            0.040030743926763535
        ],
        [
            0.14397969841957092,
            0.009746472351253033,
            0.02384163811802864
        ],
        [
            0.14912594854831696,
            -0.026735151186585426,
            0.005133993923664093
        ],
        [
            0.13258133828639984,
            0.010949647054076195,
            0.024034081026911736
        ],
        [
            0.1731279194355011,
            0.025650525465607643,
            0.005517364479601383
        ],
        [
            0.1743476390838623,
            0.02999737113714218,
            0.01114824041724205
        ],
        [
            0.17991510033607483,
            0.028348980471491814,
            0.013089913874864578
        ],
        [
            0.18127578496932983,
            0.025957969948649406,
            0.007920397445559502
        ],
        [
            0.2019447386264801,
            -0.016533227637410164,
            0.03628703951835632
        ],
        [
            0.1995965540409088,
            -0.019626587629318237,
            0.04071344807744026
        ],
        [
            0.2007681131362915,
            -0.0197480246424675,
            0.041046448051929474
        ],
        [
            0.20483693480491638,
            -0.016765059903264046,
            0.03766779601573944
        ],
        [
            0.17933762073516846,
            -0.025677572935819626,
            0.0354098342359066
        ],
        [
            0.1773288995027542,
            -0.03157293424010277,
            0.033998001366853714
        ],
        [
            0.18345968425273895,
            -0.031374990940093994,
            0.03518959879875183
        ],
        [
            0.18425777554512024,
            -0.025448257103562355,
            0.035467758774757385
        ],
        [
            0.17946377396583557,
            -0.03596280887722969,
            0.029170801863074303
        ],
        [
            0.1850815862417221,
            -0.03602227568626404,
            0.030910663306713104
        ],
        [
            0.20572346448898315,
            -0.01714303158223629,
            0.030938539654016495
        ],
        [
            0.20907700061798096,
            -0.023058168590068817,
            0.027101922780275345
        ],
        [
            0.1953129768371582,
            -0.020989013835787773,
            0.01924118585884571
        ],
        [
            0.1944998949766159,
            -0.01663752645254135,
            0.0258195698261261
        ],
        [
            0.12651652097702026,
            0.013333883136510849,
            -0.009933574125170708
        ],
        [
            0.12407620251178741,
            0.02412380836904049,
            -0.008501911535859108
        ],
        [
            0.13828180730342865,
            0.02539890445768833,
            -0.004385419189929962
        ],
        [
            0.15209762752056122,
            0.027042323723435402,
            -0.00143338181078434
        ],
        [
            0.16506531834602356,
            0.02773996628820896,
            0.002606571651995182
        ],
        [
            0.16859722137451172,
            0.016536645591259003,
            -0.0011012628674507141
        ],
        [
            0.1350547969341278,
            0.032727401703596115,
            -0.0029552727937698364
        ],
        [
            0.1848876029253006,
            -0.013785261660814285,
            0.019574878737330437
        ],
        [
            0.18475565314292908,
            -0.01983358897268772,
            0.013952906243503094
        ],
        [
            0.18375083804130554,
            -0.01420442946255207,
            0.012931916862726212
        ],
        [
            0.13192042708396912,
            0.01826898381114006,
            0.02525804378092289
        ],
        [
            0.1996646374464035,
            -0.03678495064377785,
            0.03784759342670441
        ],
        [
            0.09533847123384476,
            -0.017984678968787193,
            -0.009425656870007515
        ],
        [
            0.0977417603135109,
            -0.006305452901870012,
            -0.016141556203365326
        ],
        [
            0.10549750179052353,
            -0.008760029450058937,
            -0.012861721217632294
        ],
        [
            0.10270977765321732,
            -0.021783359348773956,
            -0.004261886700987816
        ],
        [
            0.19786137342453003,
            -0.02619127929210663,
            0.04303983226418495
        ],
        [
            0.1973312348127365,
            -0.032484110444784164,
            0.04186047241091728
        ],
        [
            0.1725376844406128,
            0.027249235659837723,
            0.023478692397475243
        ],
        [
            0.1787828505039215,
            0.024951763451099396,
            0.022442098706960678
        ],
        [
            0.18016542494297028,
            0.02768169902265072,
            0.019785907119512558
        ],
        [
            0.17551493644714355,
            0.03238135203719139,
            0.02164827287197113
        ],
        [
            0.12134936451911926,
            0.029233330860733986,
            -0.007197258993983269
        ],
        [
            0.1621893048286438,
            0.046663735061883926,
            0.009168303571641445
        ],
        [
            0.16447465121746063,
            0.03944394737482071,
            0.0029936740174889565
        ],
        [
            0.11162418127059937,
            0.022570228204131126,
            -0.012061458081007004
        ],
        [
            0.1137111634016037,
            0.013190085999667645,
            -0.013970579952001572
        ],
        [
            0.10441584140062332,
            0.013678329065442085,
            -0.016826719045639038
        ],
        [
            0.1780821979045868,
            0.004863400477916002,
            0.002963392063975334
        ],
        [
            0.1301277130842209,
            0.005412609316408634,
            -0.009652504697442055
        ],
        [
            0.11610665917396545,
            0.005913376342505217,
            -0.013278646394610405
        ],
        [
            0.10509344935417175,
            0.006148274056613445,
            -0.016656670719385147
        ],
        [
            0.0973629429936409,
            0.006983185652643442,
            -0.01970010995864868
        ],
        [
            0.09736528247594833,
            0.015162546187639236,
            -0.019429994747042656
        ],
        [
            0.20865607261657715,
            -0.02957388572394848,
            0.027163347229361534
        ],
        [
            0.21367782354354858,
            -0.02306828275322914,
            0.03107168897986412
        ],
        [
            0.0897129476070404,
            0.017069414258003235,
            -0.024000832810997963
        ],
        [
            0.08983069658279419,
            0.007781457155942917,
            -0.02345692366361618
        ],
        [
            0.11781247705221176,
            -0.003004274796694517,
            -0.011585352942347527
        ],
        [
            0.11906436085700989,
            -0.013992596417665482,
            -0.007824983447790146
        ],
        [
            0.13129448890686035,
            -0.003061608411371708,
            -0.007929259911179543
        ],
        [
            0.1338549554347992,
            -0.013836942613124847,
            -0.004328696057200432
        ],
        [
            0.17729799449443817,
            -0.0051099928095936775,
            -0.0007699877023696899
        ],
        [
            0.21622754633426666,
            -0.020329654216766357,
            0.049109917134046555
        ],
        [
            0.21302399039268494,
            -0.018684132024645805,
            0.038660962134599686
        ],
        [
            0.20756810903549194,
            -0.01742793619632721,
            0.040657784789800644
        ],
        [
            0.21263757348060608,
            -0.01802733913064003,
            0.04988993704319
        ],
        [
            0.20945949852466583,
            -0.01759193278849125,
            0.034111589193344116
        ],
        [
            0.21547849476337433,
            -0.023603349924087524,
            0.03627043589949608
        ],
        [
            0.13351435959339142,
            -0.026593759655952454,
            0.003704054281115532
        ],
        [
            0.1826379895210266,
            -0.01116106752306223,
            0.028594763949513435
        ],
        [
            0.11638066917657852,
            -0.02829458750784397,
            0.004203103482723236
        ],
        [
            0.13781237602233887,
            -0.03809415549039841,
            0.01492295227944851
        ],
        [
            0.12538224458694458,
            -0.03883638605475426,
            0.018254971131682396
        ],
        [
            0.09900246560573578,
            -0.030446605756878853,
            0.0071238502860069275
        ],
        [
            0.1094893142580986,
            -0.03806311637163162,
            0.019833531230688095
        ],
        [
            0.08513494580984116,
            -0.02274255082011223,
            -0.003837812691926956
        ],
        [
            0.09272023290395737,
            -0.025523856282234192,
            0.00038768164813518524
        ],
        [
            0.12210267782211304,
            -0.041924938559532166,
            0.03198951482772827
        ],
        [
