{
    "pred_cam": [
        7.989848613739014,
        0.05216895788908005,
        -0.05162499472498894
    ],
    "pred_mano_params": {
        "global_orient": [
            [
                [
                    0.6138341426849365,
                    -0.06660931557416916,
                    -0.7866198420524597
                ],
                [
                    -0.6510717272758484,
                    -0.6062232851982117,
                    -0.4567262530326843
                ],
                [
                    -0.4464450478553772,
                    0.7925001978874207,
                    -0.41548800468444824
                ]
            ]
        ],
        "hand_pose": [
            [
                [
                    0.935566782951355,
                    -0.30683523416519165,
                    -0.1748342514038086
                ],
                [
                    0.29484692215919495,
                    0.9511529803276062,
                    -0.0915055200457573
                ],
                [
                    0.19437123835086823,
                    0.03406018391251564,
                    0.9803365468978882
                ]
            ],
            [
                [
                    0.8398715257644653,
                    -0.5420449376106262,
                    0.028339073061943054
                ],
                [
                    0.5232668519020081,
                    0.7946904897689819,
                    -0.307666540145874
                ],
                [
                    0.14424829185009003,
                    0.2732292711734772,
                    0.951072096824646
                ]
            ],
            [
                [
                    0.8756507635116577,
                    -0.4692479074001312,
                    0.1142028346657753
                ],
                [
                    0.460598886013031,
                    0.88254714012146,
                    0.09465324133634567
                ],
                [
                    -0.14520521461963654,
                    -0.03028147667646408,
                    0.9889381527900696
                ]
            ],
            [
                [
                    0.332172155380249,
                    -0.8735365271568298,
                    -0.35580265522003174
                ],
                [
                    0.941231369972229,
                    0.3314588665962219,
                    0.06495031714439392
                ],
                [
                    0.0611974373459816,
                    -0.3564673066139221,
                    0.93230140209198
                ]
            ],
            [
                [
                    0.9686341285705566,
                    -0.17274996638298035,
                    -0.17862074077129364
                ],
                [
                    0.19653958082199097,
                    0.9724551439285278,
                    0.12531207501888275
                ],
                [
                    0.15205301344394684,
                    -0.1564875990152359,
                    0.9759054183959961
                ]
            ],
            [
                [
                    0.9272096753120422,
                    -0.3639865517616272,
                    0.08829517662525177
                ],
                [
                    0.36756691336631775,
                    0.929580807685852,
                    -0.027824027463793755
                ],
                [
                    -0.07194992154836655,
                    0.05825309455394745,
                    0.9957057237625122
                ]
            ],
            [
                [
                    0.28451162576675415,
                    -0.9407517910003662,
                    -0.18449701368808746
                ],
                [
                    0.6483239531517029,
                    0.04704173654317856,
                    0.7599099278450012
                ],
                [
                    -0.7062075734138489,
                    -0.3358170688152313,
                    0.6232958436012268
                ]
            ],
            [
                [
                    0.9577765464782715,
                    -0.2829311192035675,
                    -0.05112810432910919
                ],
                [
                    0.2764316499233246,
                    0.9550782442092896,
                    -0.10682281106710434
                ],
                [
                    0.07905483990907669,
                    0.08817895501852036,
                    0.992962658405304
                ]
            ],
            [
                [
                    0.9737020134925842,
                    0.22416628897190094,
                    0.04066793993115425
                ],
                [
                    -0.22059853374958038,
                    0.8830693364143372,
                    0.4141557514667511
                ],
                [
                    0.0569271482527256,
                    -0.4122355580329895,
                    0.9092971682548523
                ]
            ],
            [
                [
                    0.16418147087097168,
                    -0.9833703637123108,
                    -0.07763465493917465
                ],
                [
                    0.9703075885772705,
                    0.14682579040527344,
                    0.19221191108226776
                ],
                [
                    -0.17761673033237457,
                    -0.10688710957765579,
                    0.9782778024673462
                ]
            ],
            [
                [
                    0.9990192651748657,
                    0.04339500889182091,
                    -0.008789105340838432
                ],
                [
                    -0.03790038824081421,
                    0.9407653212547302,
                    0.3369336724281311
                ],
                [
                    0.022889740765094757,
                    -0.33627015352249146,
                    0.9414873719215393
                ]
            ],
            [
                [
                    0.9833944439888,
                    -0.15133444964885712,
                    0.100166454911232
                ],
                [
                    0.14472946524620056,
                    0.9869740605354309,
                    0.07025348395109177
                ],
                [
                    -0.10949347168207169,
                    -0.05458984151482582,
                    0.992487370967865
                ]
            ],
            [
                [
                    0.9323214888572693,
                    -0.15311476588249207,
                    -0.32761648297309875
                ],
                [
                    -0.2583523690700531,
                    0.3519027829170227,
                    -0.8996769189834595
                ],
                [
                    0.253042995929718,
                    0.9234285354614258,
                    0.2885289788246155
                ]
            ],
            [
                [
                    0.9559285044670105,
                    -0.2672378122806549,
                    -0.12159203737974167
                ],
                [
                    0.2915700376033783,
                    0.8154729008674622,
                    0.4999907910823822
                ],
                [
                    -0.03446144238114357,
                    -0.5134080648422241,
                    0.8574523329734802
                ]
            ],
            [
                [
                    0.904106616973877,
                    -0.27593356370925903,
                    -0.32626962661743164
                ],
                [
                    0.07240316271781921,
                    0.8514321446418762,
                    -0.519443154335022
                ],
                [
                    0.42112818360328674,
                    0.4460090398788452,
                    0.7897639274597168
                ]
            ]
        ],
        "betas": [
            -0.07934451103210449,
            0.040072470903396606,
            -0.06790298223495483,
            -0.04784861207008362,
            0.00838056206703186,
            -0.021218623965978622,
            0.059527114033699036,
            -0.02917805314064026,
            -0.07668372988700867,
            0.012617707252502441
        ]
    },
    "pred_cam_t": [
        -0.05216895788908005,
        -0.05162499472498894,
        4.889016151428223
    ],
    "focal_length": [
        5000.0,
        5000.0
    ],
    "pred_keypoints_3d": [
        [
            0.09611038118600845,
            0.006415387615561485,
            0.006205929443240166
        ],
        [
            0.061906032264232635,
            0.01983064040541649,
            -0.006112291477620602
        ],
        [
            0.044682301580905914,
            0.045440830290317535,
            -0.008153477683663368
        ],
        [
            0.033416748046875,
            0.06973547488451004,
            -0.003315037116408348
        ],
        [
            0.034725770354270935,
            0.10350033640861511,
            0.005923018790781498
        ],
        [
            0.025741346180438995,
            0.057706162333488464,
            0.032942645251750946
        ],
        [
            0.009439660236239433,
            0.08428751677274704,
            0.04426650330424309
        ],
        [
            0.00896482728421688,
            0.10604408383369446,
            0.0394052155315876
        ],
        [
            0.012575050815939903,
            0.12635955214500427,
            0.025388117879629135
        ],
        [
            0.04047447815537453,
            0.07073536515235901,
            0.04889869689941406
        ],
        [
            0.042416512966156006,
            0.09856247901916504,
            0.03346838057041168
        ],
        [
            0.04903202876448631,
            0.11432849615812302,
            0.01751977764070034
        ],
        [
            0.05451636016368866,
            0.12829464673995972,
            -0.0035369321703910828
        ],
        [
            0.0670575499534607,
            0.07448061555624008,
            0.05082569271326065
        ],
        [
            0.06522593647241592,
            0.09588538855314255,
            0.031333088874816895
        ],
        [
            0.06880146265029907,
            0.1120990663766861,
            0.01273440569639206
        ],
        [
            0.06911984086036682,
            0.1296088546514511,
            -0.006116911768913269
        ],
        [
            0.08850164711475372,
            0.07725106924772263,
            0.0470968559384346
        ],
        [
            0.08493702113628387,
            0.08951207995414734,
            0.030198948457837105
        ],
        [
            0.08379227668046951,
            0.09755989164113998,
            0.012996731325984001
        ],
        [
            0.08036153763532639,
            0.10852064192295074,
            -0.0072236377745866776
        ]
    ],
    "pred_vertices": [
        [
            0.05448007583618164,
            0.04146530479192734,
            0.009087707847356796
        ],
        [
            0.06255258619785309,
            0.03500211238861084,
            0.00423813983798027
        ],
        [
            0.05640201270580292,
            0.04089564085006714,
            0.003536708652973175
        ],
        [
            0.0470578707754612,
            0.04453504458069801,
            0.0072843823581933975
        ],
        [
            0.06942108273506165,
            0.03772227466106415,
            -0.012740049511194229
        ],
        [
            0.06574838608503342,
            0.03126494586467743,
            -0.022327609360218048
        ],
        [
            0.055657438933849335,
            0.044621191918849945,
            -0.019634492695331573
        ],
        [
            0.06131310015916824,
            0.04856814444065094,
            -0.012101761996746063
        ],
        [
            0.04118947684764862,
            0.04689570143818855,
            0.007824111729860306
        ],
        [
            0.0512576699256897,
            0.04659510403871536,
            0.0028960518538951874
        ],
        [
            0.03907203674316406,
            0.045760974287986755,
            0.009734010323882103
        ],
        [
            0.028384743258357048,
            0.041781045496463776,
            0.017692532390356064
        ],
        [
            0.03217072784900665,
            0.04629700630903244,
            0.013985676690936089
        ],
        [
            0.023325858637690544,
            0.04344725236296654,
            0.023978618904948235
        ],
        [
            0.02980482392013073,
            0.03172532469034195,
            0.020630652084946632
        ],
        [
            0.02506428211927414,
            0.038958609104156494,
            0.03203260526061058
        ],
        [
            0.05120422691106796,
            0.02733885496854782,
            0.03847859799861908
        ],
        [
            0.0638054683804512,
            0.030588742345571518,
            0.0432274267077446
        ],
        [
            0.054597966372966766,
            0.043520182371139526,
            0.0525004044175148
        ],
        [
            0.04303973540663719,
            0.03923334553837776,
            0.045529745519161224
        ],
        [
            0.07554315030574799,
            0.04709255322813988,
            0.052388373762369156
        ],
        [
            0.06357555091381073,
            0.045806415379047394,
            0.052759528160095215
        ],
        [
            0.07267911732196808,
            0.0320763997733593,
            0.04471144452691078
        ],
        [
            0.08282768726348877,
            0.033961888402700424,
            0.04439245164394379
        ],
        [
            0.06955672055482864,
            0.040715862065553665,
            0.012333514168858528
        ],
        [
            0.07655566930770874,
            0.03409915417432785,
            0.006823286414146423
        ],
        [
            0.07083830237388611,
            0.03264189884066582,
            0.006271861493587494
        ],
        [
            0.06419773399829865,
            0.039711445569992065,
            0.011016707867383957
        ],
        [
            0.03573699668049812,
            0.046760402619838715,
            0.0035515688359737396
        ],
        [
            0.0341496467590332,
            0.03294368460774422,
            0.005012046545743942
        ],
        [
            0.03497539460659027,
            0.03882547467947006,
            0.009657764807343483
        ],
        [
            0.039486631751060486,
            0.050577469170093536,
            0.0048166681081056595
        ],
        [
            0.10072056949138641,
            0.02598237618803978,
            -0.0075720734894275665
        ],
        [
            0.10577334463596344,
            0.013419359922409058,
            -0.00905752182006836
        ],
        [
            0.10067614167928696,
            0.010841898620128632,
            -0.010788802057504654
        ],
        [
            0.09700004756450653,
            0.022509194910526276,
            -0.008685603737831116
        ],
        [
            0.08042475581169128,
            0.012355182319879532,
            -0.020421557128429413
        ],
        [
            0.08563018590211868,
            0.002900540828704834,
            -0.01747306063771248
        ],
        [
            0.08017505705356598,
            -0.009148828685283661,
            -0.016485966742038727
        ],
        [
            0.0723406970500946,
            -0.0010763518512248993,
            -0.018080782145261765
        ],
        [
            0.0729769766330719,
            0.022109773010015488,
            -0.02210162580013275
        ],
        [
            0.06547626852989197,
            0.010875117033720016,
            -0.023075934499502182
        ],
        [
            0.05804373323917389,
            0.023264214396476746,
            -0.024365350604057312
        ],
        [
            0.04841218143701553,
            0.039147090166807175,
            -0.021543972194194794
        ],
        [
            0.11647971719503403,
            0.016999974846839905,
            -0.002869926393032074
        ],
        [
            0.11451322585344315,
            0.027046434581279755,
            -0.0013956986367702484
        ],
        [
            0.009089181199669838,
            0.08863353729248047,
            0.03184237703680992
        ],
        [
            0.014474970288574696,
            0.09076876938343048,
            0.03371742367744446
        ],
        [
            0.0154503732919693,
            0.08660706877708435,
            0.03223578631877899
        ],
        [
            0.010015729814767838,
            0.08510597050189972,
            0.030961502343416214
        ],
        [
            0.12128932029008865,
            0.018491141498088837,
            0.01685333624482155
        ],
        [
            0.11884842813014984,
            0.012948453426361084,
            0.0249337051063776
        ],
        [
            0.12346106022596359,
            0.008891306817531586,
            0.020949319005012512
        ],
        [
            0.12434415519237518,
            0.013011336326599121,
            0.012527212500572205
        ],
        [
            0.11727580428123474,
            0.02568015083670616,
            0.022617630660533905
        ],
        [
            0.11210703104734421,
            0.018716275691986084,
            0.02992147020995617
        ],
        [
            0.00144197978079319,
            0.08723299950361252,
            0.04204210266470909
        ],
        [
            0.0016846377402544022,
            0.08748163282871246,
            0.03679237887263298
        ],
        [
            0.0025033648125827312,
            0.08238320052623749,
            0.037600595504045486
        ],
        [
            0.003229200839996338,
            0.08133869618177414,
            0.043067172169685364
        ],
        [
            0.03865573927760124,
            0.04801147058606148,
            0.011902755126357079
        ],
        [
            0.04764479026198387,
            0.047949761152267456,
            0.012811997905373573
        ],
        [
            0.028826504945755005,
            0.05979029834270477,
            0.02153313159942627
        ],
        [
            0.03706275671720505,
            0.05480155721306801,
            0.01906939595937729
        ],
        [
            0.03143538534641266,
            0.05118677765130997,
            0.016902856528759003
        ],
        [
            0.0248903539031744,
            0.05479884892702103,
            0.02027183771133423
        ],
        [
            0.06005806103348732,
            0.05691197142004967,
            0.02522638626396656
        ],
        [
            0.06622280180454254,
            0.04884909838438034,
            0.019534073770046234
        ],
        [
            0.05967000126838684,
            0.048216648399829865,
            0.01837535761296749
        ],
        [
            0.051535651087760925,
            0.05701401084661484,
            0.023315981030464172
        ],
        [
            0.07960771024227142,
            0.05346269905567169,
            0.020818503573536873
        ],
        [
            0.07248394936323166,
            0.06054117903113365,
            0.02679118514060974
        ],
        [
            0.08097116649150848,
            0.06204409897327423,
            0.026708265766501427
        ],
        [
            0.08455778658390045,
            0.0575343519449234,
            0.02169669046998024
        ],
        [
            0.057231757789850235,
            0.07033497095108032,
            0.03612721711397171
        ],
        [
            0.05337391421198845,
            0.07207714766263962,
            0.03838552534580231
        ],
        [
            0.05678436532616615,
            0.07391246408224106,
            0.03799400106072426
        ],
        [
            0.0608857199549675,
            0.07096109539270401,
            0.03621736913919449
        ],
        [
            0.1276019960641861,
            0.00404047966003418,
            0.017704520374536514
        ],
        [
            0.12651973962783813,
            0.007256239652633667,
            0.008464053273200989
        ],
        [
            0.09685151278972626,
            0.05304538458585739,
            0.049242112785577774
        ],
        [
            0.10501137375831604,
            0.05449850857257843,
            0.04148183390498161
        ],
        [
            0.10040425509214401,
            0.06587257236242294,
            0.046287499368190765
        ],
        [
            0.09262983500957489,
            0.061499886214733124,
            0.055093348026275635
        ],
        [
            0.11134372651576996,
            0.007559731602668762,
            0.029695682227611542
        ],
        [
            0.11769382655620575,
            0.0036029741168022156,
            0.02726525440812111
        ],
        [
            0.004814581014215946,
            0.08805709332227707,
            0.04742315784096718
        ],
        [
            0.007025782950222492,
            0.08234237134456635,
            0.04792767018079758
        ],
        [
            0.05170360207557678,
            0.012249637395143509,
            -0.017804250121116638
        ],
        [
            0.041752904653549194,
            0.03241553157567978,
            -0.018151499330997467
        ],
        [
            0.06170254945755005,
            -0.001469254493713379,
            -0.013974517583847046
        ],
        [
            0.06975046545267105,
            -0.009842868894338608,
            -0.009251546114683151
        ],
        [
            0.07623142749071121,
            -0.017051082104444504,
            -0.00786152109503746
        ],
        [
            0.040008217096328735,
            0.05960867553949356,
            0.022700633853673935
        ],
        [
            0.056487686932086945,
            0.045509688556194305,
            0.01415175385773182
        ],
        [
            0.07446500658988953,
            0.04206882789731026,
            0.013178352266550064
        ],
        [
            0.10159216821193695,
            0.05653182789683342,
            0.017181526869535446
        ],
        [
            0.10665149241685867,
            0.04954174906015396,
            0.011513974517583847
        ],
        [
            0.09594550728797913,
            0.049277301877737045,
            0.009882356971502304
        ],
        [
            0.09368344396352768,
            0.05511141195893288,
            0.015712756663560867
        ],
        [
            0.1071963980793953,
            0.05989202857017517,
            0.03296929597854614
        ],
        [
            0.102728933095932,
            0.06276273727416992,
            0.026805240660905838
        ],
        [
            0.09897345304489136,
            0.06778258085250854,
            0.030711058527231216
        ],
        [
            0.1026952713727951,
            0.06733943521976471,
            0.0375237762928009
        ],
        [
            0.03149495646357536,
            0.044764190912246704,
            -0.0020326972007751465
        ],
        [
            0.03380587697029114,
            0.02873266488313675,
            -0.0007228050380945206
        ],
        [
            0.1203121691942215,
            0.022955019026994705,
            0.007233999669551849
        ],
        [
            0.12128159403800964,
            0.016166672110557556,
            0.003320269286632538
        ],
        [
            0.12398993968963623,
            0.008297212421894073,
            0.001151997596025467
        ],
        [
            0.08752550184726715,
            0.029580295085906982,
            -0.001605212688446045
        ],
        [
            0.09437482059001923,
            0.02012917399406433,
            -0.00963839516043663
        ],
        [
            0.09024016559123993,
            0.01919027790427208,
            -0.011184349656105042
        ],
        [
            0.08433395624160767,
            0.02754363790154457,
            -0.0012877695262432098
        ],
        [
            0.07181519269943237,
            0.03152400255203247,
            -0.0022347718477249146
        ],
        [
            0.07773400098085403,
            0.026867933571338654,
            -0.013136010617017746
        ],
        [
            0.06615617126226425,
            0.040815096348524094,
            -0.0017912201583385468
        ],
        [
            0.09461069107055664,
            0.006176367402076721,
            -0.013923566788434982
        ],
        [
            0.10498721897602081,
            0.0020563825964927673,
            -0.014160346239805222
        ],
        [
            0.09761185199022293,
            -0.0024874135851860046,
            -0.016313988715410233
        ],
        [
            0.11318989098072052,
            0.005424909293651581,
            -0.009911816567182541
        ],
        [
            0.12004651129245758,
            0.007861532270908356,
            -0.004734568297863007
        ],
        [
            0.12356790900230408,
            -0.002644486725330353,
            0.026758188381791115
        ],
        [
            0.09035834670066833,
            -0.006522051990032196,
            -0.01676160842180252
        ],
        [
            0.05457083135843277,
            0.05466033145785332,
            -0.011135134845972061
        ],
        [
            0.048605211079120636,
            0.06027386337518692,
            -0.010371807962656021
        ],
        [
            0.04968562722206116,
            0.059360112994909286,
            -0.002747710794210434
        ],
        [
            0.05469461902976036,
            0.054267436265945435,
            -0.002804633229970932
        ],
        [
            0.01823621615767479,
            0.04820149764418602,
            0.030335314571857452
        ],
        [
            0.020253347232937813,
            0.05196342617273331,
            0.02352963760495186
        ],
        [
            0.026178359985351562,
            0.046616699546575546,
            0.01806800439953804
        ],
        [
            0.09995265305042267,
            0.035957492887973785,
            -0.0014182515442371368
        ],
        [
            0.11176490783691406,
            0.03648853302001953,
            0.0033560581505298615
        ],
        [
            0.03159354254603386,
            0.06436779350042343,
            0.02566484920680523
        ],
        [
            0.004864037968218327,
            0.07633905857801437,
            0.04410167783498764
        ],
        [
            0.0037520509213209152,
            0.07691000401973724,
            0.03808777034282684
        ],
        [
            0.010934154503047466,
            0.061191923916339874,
            0.03499346971511841
        ],
        [
            0.011830189265310764,
            0.06097758188843727,
            0.041814398020505905
        ],
        [
            0.030172627419233322,
            0.06938133388757706,
            0.035555414855480194
        ],
        [
            0.028940631076693535,
            0.0677349716424942,
            0.02913135662674904
        ],
        [
            0.027880968526005745,
            0.06941434741020203,
            0.03149450570344925
        ],
        [
            0.029629003256559372,
            0.07234352827072144,
            0.037090692669153214
        ],
        [
            0.06617946922779083,
            0.07349682599306107,
            0.037381965667009354
        ],
        [
            0.06938737630844116,
            0.07126108556985855,
            0.035533152520656586
        ],
        [
            0.03612145408987999,
            0.053312819451093674,
            0.04929392412304878
        ],
        [
            0.026122141629457474,
            0.04414815455675125,
            0.045234356075525284
        ],
        [
            0.0326688252389431,
            0.03598519414663315,
            0.039539240300655365
        ],
        [
            0.06742211431264877,
            0.05821306258440018,
            0.02606360800564289
        ],
        [
            0.06258415430784225,
            0.06551001965999603,
            0.03131057322025299
        ],
        [
            0.06656725704669952,
            0.06632895767688751,
            0.03190804272890091
        ],
        [
            0.04071781784296036,
            0.06283769011497498,
            0.026135139167308807
        ],
        [
            0.03498780354857445,
            0.0669577494263649,
            0.029791176319122314
        ],
        [
            0.04017150029540062,
            0.06577049195766449,
            0.030914386734366417
        ],
        [
            0.04608018323779106,
            0.06273343414068222,
            0.027586929500102997
        ],
        [
            0.11020438373088837,
            0.04366006702184677,
            0.03571716696023941
        ],
        [
            0.11279921978712082,
            0.050505585968494415,
            0.026316050440073013
        ],
        [
            0.004509582184255123,
            0.08774944394826889,
            0.03304575756192207
        ],
        [
            0.00522231450304389,
            0.08348570764064789,
            0.03296521306037903
        ],
        [
            0.07328096777200699,
            0.05034051835536957,
            0.020370380952954292
        ],
        [
            0.04119148105382919,
            0.026691779494285583,
            0.0320836566388607
        ],
        [
            0.07972264289855957,
            0.04371592774987221,
            0.013748422265052795
        ],
        [
            0.07517718523740768,
            0.06921292096376419,
            0.053544219583272934
        ],
        [
            0.0777229517698288,
            0.07394901663064957,
            0.04647737741470337
        ],
        [
            0.0756385400891304,
            0.07620889693498611,
            0.04515042155981064
        ],
        [
            0.07301781326532364,
            0.07573600858449936,
            0.05026073381304741
        ],
        [
            0.02324260212481022,
            0.08424396812915802,
            0.041613008826971054
        ],
        [
            0.021313486620783806,
            0.0850258469581604,
            0.03610065579414368
        ],
        [
            0.020025545731186867,
            0.08794860541820526,
            0.036343857645988464
        ],
        [
            0.02141425386071205,
            0.08785612136125565,
            0.04210688918828964
        ],
        [
            0.025325506925582886,
            0.06477326154708862,
            0.025516513735055923
        ],
        [
            0.020742395892739296,
            0.06037801131606102,
            0.02388947270810604
        ],
        [
            0.018537357449531555,
            0.06587095558643341,
            0.026610692963004112
        ],
        [
            0.023612942546606064,
            0.06842702627182007,
            0.028615746647119522
        ],
        [
            0.016117727383971214,
            0.057429634034633636,
            0.027618197724223137
        ],
        [
            0.013622082769870758,
            0.06278171390295029,
            0.029441213235259056
        ],
        [
            0.02122344821691513,
            0.08213422447443008,
            0.04739569127559662
        ],
        [
            0.015003550797700882,
            0.07917804270982742,
            0.0505254864692688
        ],
        [
            0.02272253856062889,
            0.06627710163593292,
            0.048645276576280594
        ],
        [
            0.027006590738892555,
            0.07149209827184677,
            0.04443172365427017
        ],
        [
            0.0897250548005104,
            0.02117886394262314,
            0.03864825516939163
        ],
        [
            0.10007672011852264,
            0.0254489965736866,
            0.03804109990596771
        ],
        [
            0.09355577826499939,
            0.0382760651409626,
            0.044049933552742004
        ],
        [
            0.08751173317432404,
            0.051127444952726364,
            0.05134034901857376
        ],
        [
            0.08084900677204132,
            0.06298509240150452,
            0.05647162348031998
        ],
        [
            0.06978577375411987,
            0.05825096741318703,
            0.05956963077187538
        ],
        [
            0.101506307721138,
            0.040321484208106995,
            0.042255379259586334
        ],
        [
            0.0335703007876873,
            0.06506239622831345,
            0.04164198413491249
        ],
        [
            0.028535161167383194,
            0.05837776139378548,
            0.04682144150137901
        ],
        [
            0.03376903757452965,
            0.06156587228178978,
            0.0463014617562294
        ],
        [
            0.08630480617284775,
            0.04736756533384323,
            0.013631675392389297
        ],
        [
            0.005823218263685703,
            0.0782400518655777,
            0.03337031975388527
        ],
        [
            0.07717947661876678,
            -0.014175787568092346,
            0.01439662091434002
        ],
        [
            0.08738374710083008,
            -0.01106959581375122,
            0.023203013464808464
        ],
        [
            0.08101741969585419,
            -0.005078338086605072,
            0.02460704743862152
        ],
        [
            0.06938225030899048,
            -0.007835209369659424,
            0.013691060245037079
        ],
        [
            0.016228025779128075,
            0.08351410180330276,
            0.031516723334789276
        ],
        [
            0.010582193732261658,
            0.08084218204021454,
            0.030125100165605545
        ],
        [
            0.07514157146215439,
            0.07395210862159729,
            0.03522461652755737
        ],
        [
            0.0716860368847847,
            0.07558143138885498,
            0.037501260638237
        ],
        [
            0.07501202076673508,
            0.07616972923278809,
            0.0387822687625885
        ],
        [
            0.07853108644485474,
            0.07641299068927765,
            0.03612427040934563
        ],
        [
            0.10576902329921722,
            0.026803776621818542,
            0.03633853420615196
        ],
        [
            0.09811881184577942,
            0.07430081069469452,
            0.04334346204996109
        ],
        [
            0.09030286222696304,
            0.07057182490825653,
            0.05264778435230255
        ],
        [
            0.10525190085172653,
            0.014248669147491455,
            0.03300163894891739
        ],
        [
            0.0963900238275528,
            0.010129228234291077,
            0.03407491743564606
        ],
        [
            0.10170283913612366,
            0.002421766519546509,
            0.031020207330584526
        ],
        [
            0.0551401823759079,
            0.06041169911623001,
            0.05620352551341057
        ],
        [
            0.08104854822158813,
            0.02002859115600586,
            0.038983818143606186
        ],
        [
            0.08881331980228424,
            0.008704259991645813,
            0.03363114595413208
        ],
        [
            0.09482011198997498,
            -0.0005570724606513977,
            0.029954958707094193
        ],
        [
            0.0997016653418541,
            -0.007134109735488892,
            0.028106242418289185
        ],
        [
            0.10673534870147705,
            -0.0031630098819732666,
            0.02935078740119934
        ],
        [
            0.009427851997315884,
            0.07757467776536942,
            0.048410817980766296
        ],
        [
            0.013007367961108685,
            0.08474144339561462,
            0.050587598234415054
        ],
        [
            0.11272364854812622,
            -0.01007603108882904,
            0.029010405763983727
        ],
        [
            0.10453343391418457,
            -0.014011897146701813,
            0.026990940794348717
        ],
        [
            0.07998781651258469,
            0.006599731743335724,
            0.031710244715213776
        ],
        [
            0.06903262436389923,
            0.004592832177877426,
            0.027430828660726547
        ],
        [
            0.07282625138759613,
            0.017742671072483063,
            0.036701276898384094
        ],
        [
            0.06157636642456055,
            0.016494665294885635,
            0.03332623466849327
        ],
        [
            0.04644181579351425,
            0.0531863272190094,
            0.059055063873529434
        ],
        [
            0.01235157623887062,
            0.10326410830020905,
            0.04782495275139809
        ],
        [
            0.015921730548143387,
            0.09263633191585541,
            0.048845935612916946
        ],
        [
            0.019121984019875526,
            0.09272444248199463,
            0.043905142694711685
        ],
        [
            0.015948202461004257,
            0.10319191962480545,
            0.0454605296254158
        ],
        [
            0.019136391580104828,
            0.08673285692930222,
            0.047459717839956284
        ],
        [
            0.010807064361870289,
            0.09051018208265305,
            0.05026352033019066
        ],
        [
            0.048994265496730804,
            0.015552110970020294,
            0.024077124893665314
        ],
        [
            0.03560616075992584,
            0.06832315027713776,
            0.03436492010951042
        ],
        [
            0.055496275424957275,
            0.0038059912621974945,
            0.013346796855330467
        ],
        [
            0.03552495315670967,
            0.021176226437091827,
            0.015120193362236023
        ],
        [
            0.04072093218564987,
            0.014552041888237,
            0.004906360059976578
        ],
        [
            0.06176961213350296,
            -0.007228568196296692,
            0.00048176199197769165
        ],
        [
            0.04881454259157181,
            0.004821382462978363,
            -0.005520660430192947
        ],
        [
            0.07708476483821869,
            -0.019935186952352524,
            0.0031230133026838303
        ],
        [
            0.07025765627622604,
            -0.0134798064827919,
            0.0034668277949094772
        ],
        [
            0.039677903056144714,
            0.02024899795651436,
            -0.009584136307239532
        ],
        [
            0.010529634542763233,
            0.09871585667133331,
