{
    "pred_cam": [
        5.389789581298828,
        -0.1585206687450409,
        -0.04579957574605942
    ],
    "pred_mano_params": {
        "global_orient": [
            [
                [
                    -0.7116467356681824,
                    -0.4667341113090515,
                    0.5250886082649231
                ],
                [
                    -0.15767033398151398,
                    -0.6222437024116516,
                    -0.7667807340621948
                ],
                [
                    0.6846157908439636,
                    -0.6284679770469666,
                    0.3692275881767273
                ]
            ]
        ],
        "hand_pose": [
            [
                [
                    0.9229707717895508,
                    -0.28317075967788696,
                    -0.26065173745155334
                ],
                [
                    0.24145770072937012,
                    0.9534221291542053,
                    -0.18078859150409698
                ],
                [
                    0.2997051477432251,
                    0.10392621904611588,
                    0.9483545422554016
                ]
            ],
            [
                [
                    0.8784195184707642,
                    -0.458598792552948,
                    0.13441094756126404
                ],
                [
                    0.47755566239356995,
                    0.8528931736946106,
                    -0.21098320186138153
                ],
                [
                    -0.017881525680422783,
                    0.2495204657316208,
                    0.9682044386863708
                ]
            ],
            [
                [
                    0.6888793110847473,
                    -0.7179167866706848,
                    0.10020344704389572
                ],
                [
                    0.6925846338272095,
                    0.6926718354225159,
                    0.2013261616230011
                ],
                [
                    -0.21394355595111847,
                    -0.06929005682468414,
                    0.9743854403495789
                ]
            ],
            [
                [
                    0.6797817349433899,
                    -0.714506208896637,
                    -0.16546231508255005
                ],
                [
                    0.7080686092376709,
                    0.6981667280197144,
                    -0.10583948343992233
                ],
                [
                    0.19114325940608978,
                    -0.045210931450128555,
                    0.9805203676223755
                ]
            ],
            [
                [
                    0.9467289447784424,
                    -0.2697513699531555,
                    -0.17589321732521057
                ],
                [
                    0.30324071645736694,
                    0.9306065440177917,
                    0.20497946441173553
                ],
                [
                    0.10839389264583588,
                    -0.2473980188369751,
                    0.9628317356109619
                ]
            ],
            [
                [
                    0.8491106033325195,
                    -0.5271375775337219,
                    0.03372159227728844
                ],
                [
                    0.5276249647140503,
                    0.8494486212730408,
                    -0.006988792680203915
                ],
                [
                    -0.024960706010460854,
                    0.023726612329483032,
                    0.9994067549705505
                ]
            ],
            [
                [
                    0.6626873016357422,
                    -0.7314143776893616,
                    0.16086824238300323
                ],
                [
                    0.6322929263114929,
                    0.661554753780365,
                    0.40317612886428833
                ],
                [
                    -0.401311993598938,
                    -0.16546382009983063,
                    0.9008721113204956
                ]
            ],
            [
                [
                    0.9625931978225708,
                    -0.13450555503368378,
                    -0.2352074235677719
                ],
                [
                    0.13230730593204498,
                    0.9908889532089233,
                    -0.02517741546034813
                ],
                [
                    0.2364509254693985,
                    -0.006884058937430382,
                    0.9716190099716187
                ]
            ],
            [
                [
                    0.9903445839881897,
                    -0.13846991956233978,
                    0.006604584399610758
                ],
                [
                    0.11931183189153671,
                    0.8756460547447205,
                    0.46798375248908997
                ],
                [
                    -0.0705849677324295,
                    -0.4626772105693817,
                    0.8837124109268188
                ]
            ],
            [
                [
                    0.6377274990081787,
                    -0.7691892981529236,
                    0.040637098252773285
                ],
                [
                    0.7692626714706421,
                    0.6333265900611877,
                    -0.08445312082767487
                ],
                [
                    0.039223890751600266,
                    0.08511868864297867,
                    0.9955983757972717
                ]
            ],
            [
                [
                    0.9935218095779419,
                    -0.08699386566877365,
                    -0.07311966270208359
                ],
                [
                    0.10937187820672989,
                    0.9066893458366394,
                    0.4073724150657654
                ],
                [
                    0.030857911333441734,
                    -0.4127306044101715,
                    0.9103302955627441
                ]
            ],
            [
                [
                    0.8512133359909058,
                    -0.5239233374595642,
                    -0.030662497505545616
                ],
                [
                    0.5164599418640137,
                    0.8258370757102966,
                    0.226411834359169
                ],
                [
                    -0.09330020844936371,
                    -0.2085607349872589,
                    0.973548948764801
                ]
            ],
            [
                [
                    0.9521647691726685,
                    -0.24988381564617157,
                    -0.17589905858039856
                ],
                [
                    -0.06815260648727417,
                    0.38746845722198486,
                    -0.9193604588508606
                ],
                [
                    0.2978886067867279,
                    0.8873704671859741,
                    0.3519035875797272
                ]
            ],
            [
                [
                    0.8963701725006104,
                    -0.4372222125530243,
                    -0.0731932669878006
                ],
                [
                    0.3852538764476776,
                    0.6866124272346497,
                    0.616557240486145
                ],
                [
                    -0.21931712329387665,
                    -0.5808614492416382,
                    0.7839004397392273
                ]
            ],
            [
                [
                    0.9279494881629944,
                    0.3034942150115967,
                    -0.21633543074131012
                ],
                [
                    -0.3366783559322357,
                    0.9315595030784607,
                    -0.13727547228336334
                ],
                [
                    0.15986700356006622,
                    0.20022015273571014,
                    0.9666200876235962
                ]
            ]
        ],
        "betas": [
            -0.042478203773498535,
            -0.15132945775985718,
            -0.03223991394042969,
            -0.045824259519577026,
            0.012569010257720947,
            0.00254102423787117,
            0.01390296220779419,
            -0.004201635718345642,
            -0.023487433791160583,
            -0.051811933517456055
        ]
    },
    "pred_cam_t": [
        -0.1585206687450409,
        -0.04579957574605942,
        7.247499942779541
    ],
    "focal_length": [
        5000.0,
        5000.0
    ],
    "pred_keypoints_3d": [
        [
            0.09594699740409851,
            0.006406883709132671,
            0.006236424203962088
        ],
        [
            0.133911594748497,
            2.3463740944862366e-05,
            0.009028879925608635
        ],
        [
            0.16148822009563446,
            0.013693636283278465,
            0.007057311944663525
        ],
        [
            0.18345364928245544,
            0.029326656833291054,
            0.003773478325456381
        ],
        [
            0.21376138925552368,
            0.04490838944911957,
            -0.009098146110773087
        ],
        [
            0.1719762086868286,
            0.007766718976199627,
            -0.0432908721268177
        ],
        [
            0.19298619031906128,
            0.0211787149310112,
            -0.06502239406108856
        ],
        [
            0.20675091445446014,
            0.03851062059402466,
            -0.06738016754388809
        ],
        [
            0.2160278856754303,
            0.05648544430732727,
            -0.05340219661593437
        ],
        [
            0.16237038373947144,
            0.024945992976427078,
            -0.05901481583714485
        ],
        [
            0.18120060861110687,
            0.0498039647936821,
            -0.06534269452095032
        ],
        [
            0.19048532843589783,
            0.07072176039218903,
            -0.06062929704785347
        ],
        [
            0.19892971217632294,
            0.09064538031816483,
            -0.046751588582992554
        ],
        [
            0.1421121507883072,
            0.04231223836541176,
            -0.057293329387903214
        ],
        [
            0.16258500516414642,
            0.06258489191532135,
            -0.06053342670202255
        ],
        [
            0.17476774752140045,
            0.0839158147573471,
            -0.056450553238391876
        ],
        [
            0.1860443651676178,
            0.10245466232299805,
            -0.043114107102155685
        ],
        [
            0.12699967622756958,
            0.056683771312236786,
            -0.0507977269589901
        ],
        [
            0.141595721244812,
            0.07205619663000107,
            -0.05168595537543297
        ],
        [
            0.1514480710029602,
            0.08832205086946487,
            -0.050629064440727234
        ],
        [
            0.1632942259311676,
            0.1048116534948349,
            -0.04367395490407944
        ]
    ],
    "pred_vertices": [
        [
            0.14722535014152527,
            0.013037470169365406,
            -0.011396005749702454
        ],
        [
            0.13886940479278564,
            0.012957585975527763,
            -0.0036146417260169983
        ],
        [
            0.1470644176006317,
            0.015178089961409569,
            -0.0035702064633369446
        ],
        [
            0.15548385679721832,
            0.012269462458789349,
            -0.010850414633750916
        ],
        [
            0.1375282257795334,
            0.018681561574339867,
            0.016220536082983017
        ],
        [
            0.13962888717651367,
            0.011167319491505623,
            0.02546161413192749
        ],
        [
            0.15427209436893463,
            0.017857257276773453,
            0.020729009062051773
        ],
        [
            0.14959126710891724,
            0.024491488933563232,
            0.014481279999017715
        ],
        [
            0.16155746579170227,
            0.011916915886104107,
            -0.011438790708780289
        ],
        [
            0.15417495369911194,
            0.017703451216220856,
            -0.003382369875907898
        ],
        [
            0.16274739801883698,
            0.01147048082202673,
            -0.01170094683766365
        ],
        [
            0.16665129363536835,
            -0.0003593210130929947,
            -0.02313391864299774
        ],
        [
            0.16657143831253052,
            0.004977877251803875,
            -0.020290901884436607
        ],
        [
            0.16963650286197662,
            -0.0033636214211583138,
            -0.03122408501803875
        ],
        [
            0.15967918932437897,
            -0.008217144757509232,
            -0.02390921674668789
        ],
        [
            0.163711279630661,
            -0.0069449590519070625,
            -0.03767068684101105
        ],
        [
            0.13435932993888855,
            -0.003728145733475685,
            -0.03684969246387482
        ],
        [
            0.12440832704305649,
            0.005193814635276794,
            -0.039732277393341064
        ],
        [
            0.1358031928539276,
            0.00980168767273426,
            -0.05207149684429169
        ],
        [
            0.14499957859516144,
            0.0008343718945980072,
            -0.04711592569947243
        ],
        [
            0.1206398606300354,
            0.023857757449150085,
            -0.04902379959821701
        ],
        [
            0.12953917682170868,
            0.016356877982616425,
            -0.051447898149490356
        ],
        [
            0.11751902848482132,
            0.011029977351427078,
            -0.03990881145000458
        ],
        [
            0.11031551659107208,
            0.0181196928024292,
            -0.03813239559531212
        ],
        [
            0.13334684073925018,
            0.01964082196354866,
            -0.012066937983036041
        ],
        [
            0.1258419305086136,
            0.018587516620755196,
            -0.00429023802280426
        ],
        [
            0.13017043471336365,
            0.014697995968163013,
            -0.004461541771888733
        ],
        [
            0.13768571615219116,
            0.016244839876890182,
            -0.011498656123876572
        ],
        [
            0.16850943863391876,
            0.012680266052484512,
            -0.004668759182095528
        ],
        [
            0.1614190638065338,
            -0.001996036618947983,
            -0.00707595981657505
        ],
        [
            0.16267544031143188,
            0.0037486935034394264,
            -0.011824099346995354
        ],
        [
            0.16694697737693787,
            0.018053097650408745,
            -0.004863843321800232
        ],
        [
            0.10583776235580444,
            0.026380380615592003,
            0.015698060393333435
        ],
        [
            0.09576613456010818,
            0.018914658576250076,
            0.02086711674928665
        ],
        [
            0.09905718266963959,
            0.014090598560869694,
            0.02214336395263672
        ],
        [
            0.1074003055691719,
            0.02151412144303322,
            0.01678125560283661
        ],
        [
            0.11829516291618347,
            0.004175702575594187,
            0.02725354954600334
        ],
        [
            0.10880554467439651,
            -0.0005529467016458511,
            0.027439072728157043
        ],
        [
            0.10695647448301315,
            -0.013460293412208557,
            0.02847464755177498
        ],
        [
            0.11764667183160782,
            -0.011307187378406525,
            0.026723287999629974
        ],
        [
            0.1292891502380371,
            0.0076981196179986,
            0.026680540293455124
        ],
        [
            0.130245640873909,
            -0.005384437739849091,
            0.02814853936433792
        ],
        [
            0.14261513948440552,
            0.00040751416236162186,
            0.026693195104599
        ],
        [
            0.15819600224494934,
            0.009628087282180786,
            0.02131974697113037
        ],
        [
            0.08721170574426651,
            0.027220595628023148,
            0.016091175377368927
        ],
        [
            0.09350250661373138,
            0.0342242605984211,
            0.012014098465442657
        ],
        [
            0.1991651952266693,
            0.025978388264775276,
            -0.055518653243780136
        ],
        [
            0.1954881101846695,
            0.030463339760899544,
            -0.056935377418994904
        ],
        [
            0.19317114353179932,
            0.027993332594633102,
            -0.054385535418987274
        ],
        [
            0.1972212791442871,
            0.023877492174506187,
            -0.05373164638876915
        ],
        [
            0.0787518322467804,
            0.02914309687912464,
            -0.0022013112902641296
        ],
        [
            0.07567053288221359,
            0.022484861314296722,
            -0.009121976792812347
        ],
        [
            0.07093830406665802,
            0.02210857905447483,
            -0.00356229767203331
        ],
        [
            0.07464511692523956,
            0.026765916496515274,
            0.003722086548805237
        ],
        [
            0.08426442742347717,
            0.03223331272602081,
            -0.009981997311115265
        ],
        [
            0.08279639482498169,
            0.02300547994673252,
            -0.016314059495925903
        ],
        [
            0.20211876928806305,
            0.01925192028284073,
            -0.06605624407529831
        ],
        [
            0.2033320516347885,
            0.020303312689065933,
            -0.061122097074985504
        ],
        [
            0.2001527100801468,
            0.01662236824631691,
            -0.06040685251355171
        ],
        [
            0.1976882815361023,
            0.01558611448854208,
            -0.06499427556991577
        ],
        [
            0.162532240152359,
            0.009455190040171146,
            -0.018185188993811607
        ],
        [
            0.15485545992851257,
            0.01393783837556839,
            -0.01777961105108261
        ],
        [
            0.1737961769104004,
            0.012521197088062763,
            -0.032497845590114594
        ],
        [
            0.16520537436008453,
            0.013036216609179974,
            -0.027296703308820724
        ],
        [
            0.16860230267047882,
            0.007324104197323322,
            -0.02527422271668911
        ],
        [
            0.17496339976787567,
            0.006492706947028637,
            -0.030742548406124115
        ],
        [
            0.14598411321640015,
            0.026777539402246475,
            -0.02972564473748207
        ],
        [
            0.138278990983963,
            0.023881560191512108,
            -0.02136867865920067
        ],
        [
            0.14360854029655457,
            0.0199396051466465,
            -0.02122783288359642
        ],
        [
            0.15344537794589996,
            0.022375619038939476,
            -0.02940279431641102
        ],
        [
            0.12946651875972748,
            0.034961216151714325,
            -0.02151244506239891
        ],
        [
            0.1374969780445099,
            0.036597177386283875,
            -0.030062222853302956
        ],
        [
            0.13150951266288757,
            0.04263928532600403,
            -0.02912762388586998
        ],
        [
            0.12734419107437134,
            0.041030943393707275,
            -0.022562015801668167
        ],
        [
            0.15245330333709717,
            0.036174893379211426,
            -0.044073425233364105
        ],
        [
            0.15616565942764282,
            0.03674811124801636,
            -0.04902030900120735
        ],
        [
            0.15494923293590546,
            0.04071863368153572,
            -0.048789843916893005
        ],
        [
            0.14978444576263428,
            0.038767509162425995,
            -0.04400908201932907
        ],
        [
            0.06600529700517654,
            0.020692933350801468,
            0.0013726726174354553
        ],
        [
            0.07107659429311752,
            0.023594295606017113,
            0.009270347654819489
        ],
        [
            0.10747583210468292,
            0.04061603546142578,
            -0.04393007606267929
        ],
        [
            0.10399070382118225,
            0.04764651134610176,
            -0.03595851734280586
        ],
        [
            0.11127261817455292,
            0.05386953800916672,
            -0.044726572930812836
        ],
        [
            0.11297473311424255,
            0.044518038630485535,
            -0.05171511322259903
        ],
        [
            0.0777532160282135,
            0.013429857790470123,
            -0.0137319415807724
        ],
        [
            0.07120674103498459,
            0.013938792049884796,
            -0.009405199438333511
        ],
        [
            0.1985054910182953,
            0.021160319447517395,
            -0.07074708491563797
        ],
        [
            0.19374483823776245,
            0.01788954809308052,
            -0.06900858134031296
        ],
        [
            0.14113669097423553,
            -0.011974703520536423,
            0.020326580852270126
        ],
        [
            0.1600811779499054,
            0.0009441766887903214,
            0.017055843025445938
        ],
        [
            0.12496636807918549,
            -0.018102336674928665,
            0.020840786397457123
        ],
        [
            0.11311150342226028,
            -0.020638737827539444,
            0.019698522984981537
        ],
        [
            0.10389477759599686,
            -0.02287512645125389,
            0.021367613226175308
        ],
        [
            0.16432106494903564,
            0.018204564228653908,
            -0.031455330550670624
        ],
        [
            0.14600107073783875,
            0.01645711436867714,
            -0.01706848293542862
        ],
        [
            0.1297559142112732,
            0.02330184355378151,
            -0.012366633862257004
        ],
        [
            0.11428245902061462,
            0.04982820898294449,
            -0.014941953122615814
        ],
        [
            0.10801859200000763,
            0.047225482761859894,
            -0.0068706125020980835
        ],
        [
            0.11690524220466614,
            0.041307732462882996,
            -0.0072671473026275635
        ],
        [
            0.1202581524848938,
            0.04445945471525192,
            -0.014704618602991104
        ],
        [
            0.10744090378284454,
            0.054234690964221954,
            -0.029302537441253662
        ],
        [
            0.1143987700343132,
            0.05494759976863861,
            -0.025446124374866486
        ],
        [
            0.11933506280183792,
            0.05726727470755577,
            -0.03207513689994812
        ],
        [
            0.11354364454746246,
            0.0578639842569828,
            -0.0369127094745636
        ],
        [
            0.1721838414669037,
            0.007956111803650856,
            -0.00025393255054950714
        ],
        [
            0.16090992093086243,
            -0.00613909587264061,
            -0.0010669976472854614
        ],
        [
            0.08441518992185593,
            0.033217404037714005,
            0.005807958543300629
        ],
        [
            0.08122903108596802,
            0.028569718822836876,
            0.011255495250225067
        ],
        [
            0.07562041282653809,
            0.023779431357979774,
            0.015555955469608307
        ],
        [
            0.11678194999694824,
            0.021508492529392242,
            0.006596364080905914
        ],
        [
            0.10854926705360413,
            0.018116861581802368,
            0.01765301823616028
        ],
        [
            0.11173269152641296,
            0.015067601576447487,
            0.018430382013320923
        ],
        [
            0.11832983791828156,
            0.01808861456811428,
            0.006007131189107895
        ],
        [
            0.1307668387889862,
            0.015098785981535912,
            0.005526404827833176
        ],
        [
            0.1258356124162674,
            0.014241025783121586,
            0.017629768699407578
        ],
        [
            0.13963940739631653,
            0.020217131823301315,
            0.004616230726242065
        ],
        [
            0.10238742083311081,
            0.007050984539091587,
            0.025004129856824875
        ],
        [
            0.0920136496424675,
            0.009586184285581112,
            0.028167307376861572
        ],
        [
            0.09625692665576935,
            0.0019212998449802399,
            0.029935576021671295
        ],
        [
            0.08590898662805557,
            0.016487520188093185,
            0.024792753159999847
        ],
        [
            0.08017832040786743,
            0.021823041141033173,
            0.020549800246953964
        ],
        [
            0.06340683251619339,
            0.012055743485689163,
            -0.006462369114160538
        ],
        [
            0.10019949078559875,
            -0.0054059214890003204,
            0.030006714165210724
        ],
        [
            0.15920211374759674,
            0.026631852611899376,
            0.013091102242469788
        ],
        [
            0.16806218028068542,
            0.028775135055184364,
            0.012326778843998909
        ],
        [
            0.16532891988754272,
            0.029641523957252502,
            0.005372365936636925
        ],
        [
            0.1570618599653244,
            0.02723485231399536,
            0.005222044885158539
        ],
        [
            0.17453929781913757,
            -0.003164935391396284,
            -0.03974933922290802
        ],
        [
            0.17653870582580566,
            0.0016131586162373424,
            -0.03394092619419098
        ],
        [
            0.17041462659835815,
            0.0010533358436077833,
            -0.025924086570739746
        ],
        [
            0.1098586842417717,
            0.03354792296886444,
            0.007373761385679245
        ],
        [
            0.09927956759929657,
            0.039983127266168594,
            0.004788726568222046
        ],
        [
            0.17252226173877716,
            0.017281197011470795,
            -0.03719053789973259
        ],
        [
            0.19394874572753906,
            0.012269020080566406,
            -0.06411396712064743
        ],
        [
            0.1968250572681427,
            0.013148421421647072,
            -0.05897188559174538
        ],
        [
            0.18531534075737,
            0.0037290293257683516,
            -0.049555446952581406
        ],
        [
            0.18238826096057892,
            0.002812010236084461,
            -0.05563708767294884
        ],
        [
            0.17288418114185333,
            0.019613265991210938,
            -0.04829728975892067
        ],
        [
            0.17482374608516693,
            0.01849118061363697,
            -0.042177122086286545
        ],
        [
            0.17553474009037018,
            0.019170628860592842,
            -0.04528641328215599
        ],
        [
            0.17363905906677246,
            0.021579714491963387,
            -0.051016151905059814
        ],
        [
            0.14745421707630157,
            0.04584567993879318,
            -0.04679834842681885
        ],
        [
            0.14316880702972412,
            0.044083692133426666,
            -0.04245538264513016
        ],
        [
            0.15677107870578766,
            0.007888657972216606,
            -0.05508711189031601
        ],
        [
            0.1614912897348404,
            -0.004293511621654034,
            -0.05108967050909996
        ],
        [
            0.15367186069488525,
            -0.006225233897566795,
            -0.04286236688494682
        ],
        [
            0.14050519466400146,
            0.03186797723174095,
            -0.029600445181131363
        ],
        [
            0.146884024143219,
            0.03500944375991821,
            -0.037219028919935226
        ],
        [
            0.14397406578063965,
            0.03793708607554436,
            -0.037508465349674225
        ],
        [
            0.16449663043022156,
            0.020972827449440956,
            -0.0354524664580822
        ],
        [
            0.16991715133190155,
            0.020821791142225266,
            -0.041088514029979706
        ],
        [
            0.16522978246212006,
            0.023096859455108643,
            -0.04069323092699051
        ],
        [
            0.15973493456840515,
            0.023818451911211014,
            -0.03581376001238823
        ],
        [
            0.09578186273574829,
            0.04197748377919197,
            -0.027304895222187042
        ],
        [
            0.09971308708190918,
            0.05000779777765274,
            -0.019800297915935516
        ],
        [
            0.20213396847248077,
            0.022551117464900017,
            -0.057157184928655624
        ],
        [
            0.1997864544391632,
            0.019647842273116112,
            -0.05599194020032883
        ],
        [
            0.1331074982881546,
            0.028930118307471275,
            -0.021371040493249893
        ],
        [
            0.14421354234218597,
            -0.008591525256633759,
            -0.032445427030324936
        ],
        [
            0.12613870203495026,
            0.02746165543794632,
            -0.01243593916296959
        ],
        [
            0.13124330341815948,
            0.04101886600255966,
            -0.05774596706032753
        ],
        [
            0.13363045454025269,
            0.04815259575843811,
            -0.0534539595246315
        ],
        [
            0.13834601640701294,
            0.04964137077331543,
            -0.05540521442890167
        ],
        [
            0.13823969662189484,
            0.04569249972701073,
            -0.06018730252981186
        ],
        [
            0.1826666295528412,
            0.028302893042564392,
            -0.06036975979804993
        ],
        [
            0.18619051575660706,
            0.02899443358182907,
            -0.05587025359272957
        ],
        [
            0.18885403871536255,
            0.030944842845201492,
            -0.05783750116825104
        ],
        [
            0.18612799048423767,
            0.030630283057689667,
            -0.06303592771291733
        ],
        [
            0.1776217520236969,
            0.014785969629883766,
            -0.03864242136478424
        ],
        [
            0.17997948825359344,
            0.00897173024713993,
            -0.03673355653882027
        ],
        [
            0.18335331976413727,
            0.012580325827002525,
            -0.04158409312367439
        ],
        [
            0.17955896258354187,
            0.016796264797449112,
            -0.043190691620111465
        ],
        [
            0.18144722282886505,
            0.0039188191294670105,
            -0.04038410633802414
        ],
        [
            0.1853853464126587,
            0.0072490074671804905,
            -0.044311657547950745
        ],
        [
            0.1817459613084793,
            0.02460608258843422,
            -0.06557239592075348
        ],
        [
            0.18471181392669678,
            0.01855684630572796,
            -0.06886792927980423
        ],
        [
            0.1733417809009552,
            0.01128968596458435,
            -0.06133532524108887
        ],
        [
            0.17324703931808472,
            0.018467606976628304,
            -0.05810020491480827
        ],
        [
            0.0998673141002655,
            0.011920088902115822,
            -0.02889150008559227
        ],
        [
            0.09379196166992188,
            0.021184731274843216,
            -0.027468636631965637
        ],
        [
            0.10392822325229645,
            0.027571571990847588,
            -0.03679767996072769
        ],
        [
            0.11308808624744415,
            0.03377498686313629,
            -0.04698750004172325
        ],
        [
            0.12289169430732727,
            0.0391177199780941,
            -0.05556097999215126
        ],
        [
            0.1286880075931549,
            0.02862328477203846,
            -0.059051498770713806
        ],
        [
            0.09911489486694336,
            0.03372030705213547,
            -0.034258030354976654
        ],
        [
            0.16733312606811523,
            0.018093742430210114,
            -0.05222520977258682
        ],
        [
            0.165951669216156,
            0.007808533497154713,
            -0.055641211569309235
        ],
        [
            0.16363050043582916,
            0.013676107861101627,
            -0.05519494041800499
        ],
        [
            0.12270812690258026,
            0.03409166634082794,
            -0.012066204100847244
        ],
        [
            0.19716759026050568,
            0.016126364469528198,
            -0.054546382278203964
        ],
        [
            0.09865864366292953,
            -0.021824713796377182,
            -0.00023054704070091248
        ],
        [
            0.08952593803405762,
            -0.014464231207966805,
            -0.007479861378669739
        ],
        [
            0.09737410396337509,
            -0.013133242726325989,
            -0.01129939779639244
        ],
        [
            0.10843988507986069,
            -0.02079096995294094,
            -0.0025097057223320007
        ],
        [
            0.19119344651699066,
            0.02598782256245613,
            -0.052169233560562134
        ],
        [
            0.19528637826442719,
            0.021234530955553055,
            -0.05131053179502487
        ],
        [
            0.13975995779037476,
            0.04956578090786934,
            -0.043327696621418
        ],
        [
            0.14376598596572876,
            0.05010486766695976,
            -0.047676194459199905
        ],
        [
            0.1416572630405426,
            0.052220866084098816,
            -0.05041603744029999
        ],
        [
            0.13830356299877167,
            0.054437801241874695,
            -0.045754484832286835
        ],
        [
            0.09035900235176086,
            0.02551540546119213,
            -0.025190863758325577
        ],
        [
            0.11723934859037399,
            0.05901478976011276,
            -0.047550588846206665
        ],
        [
            0.11844350397586823,
            0.050249580293893814,
            -0.054605625569820404
        ],
        [
            0.08521154522895813,
            0.015257829800248146,
            -0.019421443343162537
        ],
        [
            0.09003128111362457,
            0.006881812587380409,
            -0.0210641548037529
        ],
        [
            0.08262262493371964,
            0.0037450864911079407,
            -0.015503514558076859
        ],
        [
            0.14284032583236694,
            0.022712089121341705,
            -0.06040600687265396
        ],
        [
            0.10622059553861618,
            0.006211025640368462,
            -0.030501537024974823
        ],
        [
            0.0955917164683342,
            0.0016206540167331696,
            -0.021624106913805008
        ],
        [
            0.08698754012584686,
            -0.0023797694593667984,
            -0.015024326741695404
        ],
        [
            0.08017178624868393,
            -0.004960479214787483,
            -0.010912209749221802
        ],
        [
            0.07613839954137802,
            0.0020828023552894592,
            -0.011756915599107742
        ],
        [
            0.18932993710041046,
            0.014884117990732193,
            -0.06759154796600342
        ],
        [
            0.18912144005298615,
            0.022376293316483498,
            -0.0713612511754036
        ],
        [
            0.06784350425004959,
            -0.0003084801137447357,
            -0.008810583502054214
        ],
        [
            0.07305075973272324,
            -0.00788521021604538,
            -0.007429424673318863
        ],
        [
            0.10222244262695312,
            -0.004752729088068008,
            -0.02085758000612259
        ],
        [
            0.1113581582903862,
            -0.011932451277971268,
            -0.01837572455406189
        ],
        [
            0.11234162747859955,
            7.873773574829102e-05,
            -0.029299689456820488
        ],
        [
            0.12184230983257294,
            -0.0066908616572618484,
            -0.02785181812942028
        ],
        [
            0.14537520706653595,
            0.012046284973621368,
            -0.061236292123794556
        ],
        [
            0.19991271197795868,
            0.03747484087944031,
            -0.07382263243198395
        ],
        [
            0.19130976498126984,
            0.030566822737455368,
            -0.07159633189439774
        ],
        [
            0.1901039481163025,
            0.033078186213970184,
            -0.06646495312452316
        ],
        [
            0.197604238986969,
            0.039612527936697006,
            -0.07087688893079758
        ],
        [
            0.18596889078617096,
            0.027620740234851837,
            -0.06812186539173126
        ],
        [
            0.1940535455942154,
            0.02580423280596733,
            -0.07310398668050766
        ],
        [
            0.1343720257282257,
            -0.012929964810609818,
            -0.021197546273469925
        ],
        [
            0.1691451519727707,
            0.023460404947400093,
            -0.04582091048359871
        ],
        [
            0.12597183883190155,
            -0.018396949395537376,
            -0.007504347711801529
        ],
        [
            0.15109007060527802,
            -0.013650167733430862,
            -0.01580839417874813
        ],
        [
            0.1460476666688919,
            -0.016056545078754425,
            -0.003878958523273468
        ],
        [
            0.11845558136701584,
            -0.02359786443412304,
            0.008201003074645996
        ],
        [
            0.13685546815395355,
            -0.019997747614979744,
            0.009151242673397064
        ],
        [
            0.09883465617895126,
            -0.025649121031165123,
            0.011786416172981262
        ],
        [
            0.10756950080394745,
            -0.0242457315325737,
            0.008559845387935638
        ],
        [
            0.15373656153678894,
