{
    "pred_cam": [
        6.806283950805664,
        0.1653951108455658,
        -0.006296582520008087
    ],
    "pred_mano_params": {
        "global_orient": [
            [
                [
                    -0.9734786748886108,
                    -0.022115563973784447,
                    -0.2277061641216278
                ],
                [
                    0.22641679644584656,
                    -0.23575234413146973,
                    -0.945069432258606
                ],
                [
                    -0.032781537622213364,
                    -0.9715614914894104,
                    0.234507218003273
                ]
            ]
        ],
        "hand_pose": [
            [
                [
                    0.9263108968734741,
                    -0.3472639322280884,
                    -0.14613676071166992
                ],
                [
                    0.36231857538223267,
                    0.9274250864982605,
                    0.0927782952785492
                ],
                [
                    0.10331236571073532,
                    -0.1388896107673645,
                    0.9849041104316711
                ]
            ],
            [
                [
                    0.3774406611919403,
                    -0.8899521231651306,
                    0.25597628951072693
                ],
                [
                    0.9251874089241028,
                    0.35058748722076416,
                    -0.1453155279159546
                ],
                [
                    0.039581771939992905,
                    0.29167404770851135,
                    0.9556984305381775
                ]
            ],
            [
                [
                    0.8701136112213135,
                    -0.46122506260871887,
                    0.1737058013677597
                ],
                [
                    0.42836788296699524,
                    0.8820369243621826,
                    0.19624434411525726
                ],
                [
                    -0.24372774362564087,
                    -0.09634488821029663,
                    0.9650463461875916
                ]
            ],
            [
                [
                    0.7859908938407898,
                    -0.6150610446929932,
                    -0.06259634345769882
                ],
                [
                    0.6160499453544617,
                    0.7706727981567383,
                    0.16292890906333923
                ],
                [
                    -0.05196993052959442,
                    -0.1666231006383896,
                    0.9846501350402832
                ]
            ],
            [
                [
                    0.6080046892166138,
                    -0.7520962953567505,
                    -0.2543255388736725
                ],
                [
                    0.7937242388725281,
                    0.5831664800643921,
                    0.17297033965587616
                ],
                [
                    0.018223760649561882,
                    -0.30703112483024597,
                    0.9515250325202942
                ]
            ],
            [
                [
                    0.9340040683746338,
                    -0.34903740882873535,
                    0.07621924579143524
                ],
                [
                    0.35245969891548157,
                    0.9350981116294861,
                    -0.03692690283060074
                ],
                [
                    -0.05838360637426376,
                    0.06135408580303192,
                    0.9964070320129395
                ]
            ],
            [
                [
                    0.9316179156303406,
                    -0.3234030604362488,
                    0.16582664847373962
                ],
                [
                    0.33054235577583313,
                    0.9436442255973816,
                    -0.01665446162223816
                ],
                [
                    -0.15109524130821228,
                    0.07032832503318787,
                    0.9860143065452576
                ]
            ],
            [
                [
                    0.8873986601829529,
                    -0.4603162705898285,
                    -0.02515207603573799
                ],
                [
                    0.39406248927116394,
                    0.7290983200073242,
                    0.5595805048942566
                ],
                [
                    -0.2392457127571106,
                    -0.5064824223518372,
                    0.8283942341804504
                ]
            ],
            [
                [
                    0.9403419494628906,
                    -0.3337631821632385,
                    0.06602408736944199
                ],
                [
                    0.30597132444381714,
                    0.914443850517273,
                    0.2649037539958954
                ],
                [
                    -0.14879044890403748,
                    -0.22889862954616547,
                    0.9620118737220764
                ]
            ],
            [
                [
                    0.8870105147361755,
                    -0.45403096079826355,
                    -0.08407279849052429
                ],
                [
                    0.44850674271583557,
                    0.8904627561569214,
                    -0.076926589012146
                ],
                [
                    0.10979074984788895,
                    0.030527472496032715,
                    0.9934857487678528
                ]
            ],
            [
                [
                    0.7544064521789551,
                    -0.6492444276809692,
                    -0.09670881181955338
                ],
                [
                    0.5856518149375916,
                    0.5992037057876587,
                    0.5458633899688721
                ],
                [
                    -0.29645049571990967,
                    -0.46844053268432617,
                    0.832274317741394
                ]
            ],
            [
                [
                    0.8794304132461548,
                    -0.47533950209617615,
                    0.025582101196050644
                ],
                [
                    0.4717303514480591,
                    0.8774370551109314,
                    0.08703257143497467
                ],
                [
                    -0.06381670385599136,
                    -0.06447123736143112,
                    0.9958769083023071
                ]
            ],
            [
                [
                    0.8612205982208252,
                    0.05929800122976303,
                    -0.5047600865364075
                ],
                [
                    -0.44671493768692017,
                    0.5619590878486633,
                    -0.696166455745697
                ],
                [
                    0.2423732578754425,
                    0.8250367641448975,
                    0.5104600191116333
                ]
            ],
            [
                [
                    0.8344593048095703,
                    -0.24453650414943695,
                    -0.49384164810180664
                ],
                [
                    0.4575926661491394,
                    0.8068227767944336,
                    0.37369227409362793
                ],
                [
                    0.3070612847805023,
                    -0.5378093123435974,
                    0.7851588726043701
                ]
            ],
            [
                [
                    0.5513507723808289,
                    -0.8053725957870483,
                    0.21768641471862793
                ],
                [
                    0.8280500769615173,
                    0.49646860361099243,
                    -0.2604841887950897
                ],
                [
                    0.10171233117580414,
                    0.3238734006881714,
                    0.9406172037124634
                ]
            ]
        ],
        "betas": [
            -0.047304242849349976,
            -0.028668344020843506,
            -0.015037387609481812,
            -0.047127991914749146,
            0.03984558582305908,
            -0.020584087818861008,
            0.04842540621757507,
            -0.014648795127868652,
            0.013443872332572937,
            -0.00011494755744934082
        ]
    },
    "pred_cam_t": [
        -0.1653951108455658,
        -0.006296582520008087,
        5.7391815185546875
    ],
    "focal_length": [
        5000.0,
        5000.0
    ],
    "pred_keypoints_3d": [
        [
            0.09592975676059723,
            0.006398838013410568,
            0.006210217252373695
        ],
        [
            0.11388647556304932,
            -0.019852029159665108,
            0.028162315487861633
        ],
        [
            0.1403181403875351,
            -0.032327309250831604,
            0.03802967816591263
        ],
        [
            0.16720521450042725,
            -0.02909131534397602,
            0.03605528175830841
        ],
        [
            0.18972621858119965,
            -0.024030093103647232,
            0.06030689924955368
        ],
        [
            0.1772925704717636,
            -0.03195323422551155,
            0.019031822681427002
        ],
        [
            0.2090851068496704,
            -0.035703010857105255,
            0.02741081640124321
        ],
        [
            0.20861764252185822,
            -0.03105984814465046,
            0.049172136932611465
        ],
        [
            0.19790343940258026,
            -0.028422938659787178,
            0.07108235359191895
        ],
        [
            0.18910649418830872,
            -0.011551367118954659,
            0.009960930794477463
        ],
        [
            0.2151656299829483,
            -0.00892522931098938,
            0.028030596673488617
        ],
        [
            0.21282567083835602,
            -0.0029635094106197357,
            0.05048545449972153
        ],
        [
            0.2064543515443802,
            0.0009063188917934895,
            0.0751693844795227
        ],
        [
            0.18188543617725372,
            0.01405348815023899,
            0.00644524535164237
        ],
        [
            0.20901761949062347,
            0.018379725515842438,
            0.015560690313577652
        ],
        [
            0.21525795757770538,
            0.023670319467782974,
            0.0390436053276062
        ],
        [
            0.21529750525951385,
            0.025669340044260025,
            0.06433262676000595
        ],
        [
            0.17315688729286194,
            0.03408248722553253,
            0.008000160567462444
        ],
        [
            0.19303777813911438,
            0.040514491498470306,
            0.011524292640388012
        ],
        [
            0.20316162705421448,
            0.04525776952505112,
            0.026907362043857574
        ],
        [
            0.20858992636203766,
            0.04649060592055321,
            0.04516977816820145
        ]
    ],
    "pred_vertices": [
        [
            0.14031440019607544,
            -0.015590768307447433,
            0.026703279465436935
        ],
        [
            0.12964189052581787,
            -0.011500388383865356,
            0.026919912546873093
        ],
        [
            0.13694997131824493,
            -0.01656397059559822,
            0.030132025480270386
        ],
        [
            0.1448098123073578,
            -0.02180103212594986,
            0.030154868960380554
        ],
        [
            0.12343575805425644,
            -0.011488830670714378,
            0.042979322373867035
        ],
        [
            0.11552071571350098,
            -0.01936771720647812,
            0.04805193096399307
        ],
        [
            0.1326121687889099,
            -0.02554207481443882,
            0.05010884255170822
        ],
        [
            0.13648948073387146,
            -0.017021996900439262,
            0.04593318700790405
        ],
        [
            0.14895060658454895,
            -0.02707897312939167,
            0.0303945429623127
        ],
        [
            0.14331355690956116,
            -0.020648587495088577,
            0.03284630551934242
        ],
        [
            0.14834697544574738,
            -0.029652288183569908,
            0.026209086179733276
        ],
        [
            0.15493948757648468,
            -0.03855957090854645,
            0.020826827734708786
        ],
        [
            0.1554269641637802,
            -0.03362391144037247,
            0.026889324188232422
        ],
        [
            0.16223573684692383,
            -0.04130498692393303,
            0.018129711970686913
        ],
        [
            0.1479686200618744,
            -0.0409662164747715,
            0.012935224920511246
        ],
        [
            0.1621873527765274,
            -0.04039069637656212,
            0.008910836651921272
        ],
        [
            0.14616292715072632,
            -0.021169224753975868,
            -0.004507044330239296
        ],
        [
            0.14579454064369202,
            -0.008117057383060455,
            -0.008237469010055065
        ],
        [
            0.1629377007484436,
            -0.009859920479357243,
            -0.007651432417333126
        ],
        [
            0.16174808144569397,
            -0.022664686664938927,
            -0.003021175041794777
        ],
        [
            0.15594059228897095,
            0.009941955097019672,
            -0.008073460310697556
        ],
        [
            0.16076157987117767,
            -0.0009627414401620626,
            -0.007978360168635845
        ],
        [
            0.14379745721817017,
            0.0005524693988263607,
            -0.00990272406488657
        ],
        [
            0.14056028425693512,
            0.010358249768614769,
            -0.009861159138381481
        ],
        [
            0.13552619516849518,
            -0.00216562207788229,
            0.021962333470582962
        ],
        [
            0.12456665933132172,
            0.0010976139456033707,
            0.022459477186203003
        ],
        [
            0.12526410818099976,
            -0.004219690337777138,
            0.02319185808300972
        ],
        [
            0.13611559569835663,
            -0.0073286741971969604,
            0.023247655481100082
        ],
        [
            0.14706295728683472,
            -0.033510155975818634,
            0.025743234902620316
        ],
        [
            0.13864710927009583,
            -0.04045167192816734,
            0.023071276023983955
        ],
        [
            0.14438536763191223,
            -0.03603648021817207,
            0.022253356873989105
        ],
        [
            0.14882847666740417,
            -0.028617937117815018,
            0.027297016233205795
        ],
        [
            0.10155149549245834,
            0.01723761484026909,
            0.027178607881069183
        ],
        [
            0.08933122456073761,
            0.01629781723022461,
            0.02148338221013546
        ],
        [
            0.08866534382104874,
            0.010487090796232224,
            0.02240647003054619
        ],
        [
            0.09992918372154236,
            0.012491026893258095,
            0.027057956904172897
        ],
        [
            0.09363167732954025,
            -0.009183220565319061,
            0.035635802894830704
        ],
        [
            0.08565426617860794,
            -0.007197167724370956,
            0.02657502517104149
        ],
        [
            0.07920314371585846,
            -0.01724807359278202,
            0.019866203889250755
        ],
        [
            0.08770766854286194,
            -0.021795623004436493,
            0.026233330368995667
        ],
        [
            0.10432256758213043,
            -0.014007795602083206,
            0.0435338094830513
        ],
        [
            0.09765215963125229,
            -0.025315403938293457,
            0.037902481853961945
        ],
        [
            0.11123024672269821,
            -0.02990349382162094,
            0.04527456313371658
        ],
        [
            0.13032492995262146,
            -0.03454256057739258,
            0.047930002212524414
        ],
        [
            0.0906948447227478,
            0.0281415693461895,
            0.016674745827913284
        ],
        [
            0.09974215179681778,
            0.030691122636198997,
            0.02064109966158867
        ],
        [
            0.1975519359111786,
            -0.0375504232943058,
            0.03668377548456192
        ],
        [
            0.19800616800785065,
            -0.03133782744407654,
            0.03700053691864014
        ],
        [
            0.1970401406288147,
            -0.031569670885801315,
            0.036143168807029724
        ],
        [
            0.19694195687770844,
            -0.03747289255261421,
            0.035937368869781494
        ],
        [
            0.09983287006616592,
            0.03524790331721306,
            8.632801473140717e-05
        ],
        [
            0.10085189342498779,
            0.031731948256492615,
            -0.009375681169331074
        ],
        [
            0.09388375282287598,
            0.0337800607085228,
            -0.00858269538730383
        ],
        [
            0.09229213744401932,
            0.03528396785259247,
            0.0006098402664065361
        ],
        [
            0.10981213301420212,
            0.035066716372966766,
            -0.0004531797021627426
        ],
        [
            0.11046653985977173,
            0.02853582054376602,
            -0.009723727591335773
        ],
        [
            0.20874208211898804,
            -0.04245584085583687,
            0.03235525265336037
        ],
        [
            0.20412591099739075,
            -0.04336274415254593,
            0.03483555465936661
        ],
        [
            0.20341122150421143,
            -0.04369938746094704,
            0.031030667945742607
        ],
        [
            0.20719504356384277,
            -0.04213657230138779,
            0.027350712567567825
        ],
        [
            0.1534191220998764,
            -0.02700207009911537,
            0.029595622792840004
        ],
        [
            0.15024477243423462,
            -0.018675953149795532,
            0.02800585702061653
        ],
        [
            0.17131592333316803,
            -0.030024610459804535,
            0.02948523685336113
        ],
        [
            0.16318371891975403,
            -0.02456832118332386,
            0.027848107740283012
        ],
        [
            0.1615261435508728,
            -0.03148501366376877,
            0.028243809938430786
        ],
        [
            0.168512761592865,
            -0.03564941883087158,
            0.0281075332313776
        ],
        [
            0.15863928198814392,
            -0.0023732203990221024,
            0.020816216245293617
        ],
        [
            0.14695918560028076,
            -0.0009832549840211868,
            0.02058044821023941
        ],
        [
            0.1485070139169693,
            -0.007202107459306717,
            0.022060781717300415
        ],
        [
            0.1612110435962677,
            -0.0101738590747118,
            0.023575978353619576
        ],
        [
            0.14580628275871277,
            0.013176164589822292,
            0.020033206790685654
        ],
        [
            0.15746979415416718,
            0.010579192079603672,
            0.019930437207221985
        ],
        [
            0.15560752153396606,
            0.018953189253807068,
            0.019696291536092758
        ],
        [
            0.14754627645015717,
            0.019498024135828018,
            0.020738400518894196
        ],
        [
            0.17686724662780762,
            0.0028585996478796005,
            0.0192902572453022
        ],
        [
            0.18366597592830658,
            0.00104230223223567,
            0.018842598423361778
        ],
        [
            0.18552039563655853,
            0.004690653644502163,
            0.01841590367257595
        ],
        [
            0.1765846610069275,
            0.006361867766827345,
            0.018591688945889473
        ],
        [
            0.08691245317459106,
            0.035102613270282745,
            -0.008786140009760857
        ],
        [
            0.08507150411605835,
            0.034355856478214264,
            0.0008742734789848328
        ],
        [
            0.15023396909236908,
            0.030635584145784378,
            -0.005086824763566256
        ],
        [
            0.14533017575740814,
            0.03846630081534386,
            0.001264731865376234
        ],
        [
            0.1577129364013672,
            0.040289826691150665,
            0.0019522986840456724
        ],
        [
            0.15966039896011353,
            0.03140547126531601,
            -0.0050936853513121605
        ],
        [
            0.10236655175685883,
            0.023222465068101883,
            -0.015239526517689228
        ],
        [
            0.09554416686296463,
            0.027072833850979805,
            -0.015977967530488968
        ],
        [
            0.2126466929912567,
            -0.0378035232424736,
            0.02998826839029789
        ],
        [
            0.21095353364944458,
            -0.03740295395255089,
            0.02505091205239296
        ],
        [
            0.10704465210437775,
            -0.037080664187669754,
            0.03384912759065628
        ],
        [
            0.12822484970092773,
            -0.04111633822321892,
            0.041375674307346344
        ],
        [
            0.09393499791622162,
            -0.031053217127919197,
            0.023456186056137085
        ],
        [
            0.08652658760547638,
            -0.025960486382246017,
            0.014467854052782059
        ],
        [
            0.07911338657140732,
            -0.02289840392768383,
            0.008905083872377872
        ],
        [
            0.16759516298770905,
            -0.01950198970735073,
            0.027010710909962654
        ],
        [
            0.14545415341854095,
            -0.011622817255556583,
            0.024597417563199997
        ],
        [
            0.135076642036438,
            0.0028182268142700195,
            0.0212419331073761
        ],
        [
            0.13726341724395752,
            0.03360489383339882,
            0.021934062242507935
        ],
        [
            0.1265837848186493,
            0.034415990114212036,
            0.022404219955205917
        ],
        [
            0.13009339570999146,
            0.0246552973985672,
            0.024820074439048767
        ],
        [
            0.13874591886997223,
            0.025855768471956253,
            0.023253686726093292
        ],
        [
            0.14516234397888184,
            0.041782885789871216,
            0.010485809296369553
        ],
        [
            0.14713133871555328,
            0.03834936022758484,
            0.017444252967834473
        ],
        [
            0.15670639276504517,
            0.038198165595531464,
            0.01687702350318432
        ],
        [
            0.15596242249011993,
            0.042106516659259796,
            0.010463443584740162
        ],
        [
            0.1462095081806183,
            -0.04004378616809845,
            0.028005653992295265
        ],
        [
            0.13376566767692566,
            -0.04426218941807747,
            0.02543371543288231
        ],
        [
            0.09864053130149841,
            0.035136088728904724,
            0.010636575520038605
        ],
        [
            0.09121696650981903,
            0.03276986628770828,
            0.010409879498183727
        ],
        [
            0.08317282050848007,
            0.03168671578168869,
            0.007931625470519066
        ],
        [
            0.11252088844776154,
            0.008069492876529694,
            0.026060130447149277
        ],
        [
            0.09872427582740784,
            0.00918169878423214,
            0.027290955185890198
        ],
        [
            0.0988946333527565,
            0.005012156441807747,
            0.029295053333044052
        ],
        [
            0.11226091533899307,
            0.004798948764801025,
            0.02572588436305523
        ],
        [
            0.12086723744869232,
            -0.006227510049939156,
            0.031291037797927856
        ],
        [
            0.10994958132505417,
            -0.005034124478697777,
            0.038394149392843246
        ],
        [
            0.13175936043262482,
            -0.010440122336149216,
            0.03448612987995148
        ],
        [
            0.08607115596532822,
            0.002786681056022644,
            0.023798134177923203
        ],
        [
            0.07861974835395813,
            0.010284142568707466,
            0.020267775282263756
        ],
        [
            0.0771355852484703,
            0.0015213172882795334,
            0.020865295082330704
        ],
        [
            0.0798904150724411,
            0.019532151520252228,
            0.01724180206656456
        ],
        [
            0.08149200677871704,
            0.027319619432091713,
            0.01319118868559599
        ],
        [
            0.08817902207374573,
            0.02966621331870556,
            -0.019426055252552032
        ],
        [
            0.07687497138977051,
            -0.00677051767706871,
            0.02010398916900158
        ],
        [
            0.14397524297237396,
            -0.021368976682424545,
            0.04619353264570236
        ],
        [
            0.14981776475906372,
            -0.023773182183504105,
            0.04501322656869888
        ],
        [
            0.14983120560646057,
            -0.019770309329032898,
            0.0387842133641243
        ],
        [
            0.1454710066318512,
            -0.018704736605286598,
            0.03899841010570526
        ],
        [
            0.17139670252799988,
            -0.04277302697300911,
            0.01620587520301342
        ],
        [
            0.16986112296581268,
            -0.04058631509542465,
            0.023979268968105316
        ],
        [
            0.16062362492084503,
            -0.03815421834588051,
            0.024932153522968292
        ],
        [
            0.11249836534261703,
            0.02133953385055065,
            0.027024658396840096
        ],
        [
            0.11038291454315186,
            0.03263060376048088,
            0.02175411768257618
        ],
        [
            0.175867959856987,
            -0.025269366800785065,
            0.028430195525288582
        ],
        [
            0.20471206307411194,
            -0.04236636310815811,
            0.023551415652036667
        ],
        [
            0.200998917222023,
            -0.04452681168913841,
            0.02794424630701542
        ],
        [
            0.18644355237483978,
            -0.044021155685186386,
            0.02041134424507618
        ],
        [
            0.19017428159713745,
            -0.041644882410764694,
            0.015034869313240051
        ],
        [
            0.18549439311027527,
            -0.023521816357970238,
            0.023696085438132286
        ],
        [
            0.18102885782718658,
            -0.026510631665587425,
            0.028325790539383888
        ],
        [
            0.1837056577205658,
            -0.026535633951425552,
            0.02785494551062584
        ],
        [
            0.1884593367576599,
            -0.02266165241599083,
            0.025291437283158302
        ],
        [
            0.18128162622451782,
            0.012928812764585018,
            0.017114048823714256
        ],
        [
            0.1739157885313034,
            0.014463644474744797,
            0.017773229628801346
        ],
        [
            0.17720401287078857,
            -0.02230379916727543,
            0.001606551930308342
        ],
        [
            0.17294004559516907,
            -0.035049986094236374,
            0.0016092564910650253
        ],
        [
            0.16064883768558502,
            -0.033789437264204025,
            0.0009170379489660263
        ],
        [
            0.1571507751941681,
            0.004910615738481283,
            0.01988532766699791
        ],
        [
            0.1677376627922058,
            0.004479262512177229,
            0.019981101155281067
        ],
        [
            0.16748520731925964,
            0.008581935428082943,
            0.019361145794391632
        ],
        [
            0.1716310828924179,
            -0.01708652824163437,
            0.025714827701449394
        ],
        [
            0.17884424328804016,
            -0.020381111651659012,
            0.02595658414065838
        ],
        [
            0.17667344212532043,
            -0.015408694744110107,
            0.02334975078701973
        ],
        [
            0.17011839151382446,
            -0.012052415870130062,
            0.023650404065847397
        ],
        [
            0.1323946863412857,
            0.03765767812728882,
            -0.0005913088098168373
        ],
        [
            0.1321110725402832,
            0.041907165199518204,
            0.010217016562819481
        ],
        [
            0.19992661476135254,
            -0.04171900078654289,
            0.036174774169921875
        ],
        [
            0.199406236410141,
            -0.04199248552322388,
            0.03422032669186592
        ],
        [
            0.1457078754901886,
            0.006114516407251358,
            0.019667357206344604
        ],
        [
            0.1461019515991211,
            -0.03102647326886654,
            0.001069420948624611
        ],
        [
            0.13448700308799744,
            0.008278895169496536,
            0.0208151713013649
        ],
        [
            0.17471842467784882,
            0.019120708107948303,
            -0.0014991983771324158
        ],
        [
            0.17673704028129578,
            0.023665640503168106,
            0.004175543785095215
        ],
        [
            0.1819368600845337,
            0.021756714209914207,
            0.005935359746217728
        ],
        [
            0.1829349249601364,
            0.01898731105029583,
            0.0007958579808473587
        ],
        [
            0.20071715116500854,
            -0.02290273644030094,
            0.029669852927327156
        ],
        [
            0.19825530052185059,
            -0.025788526982069016,
            0.03428248316049576
        ],
        [
            0.19926299154758453,
            -0.02591782435774803,
            0.034210290759801865
        ],
        [
            0.2034740149974823,
            -0.023114880546927452,
            0.030771572142839432
        ],
        [
            0.17814534902572632,
            -0.0315331406891346,
            0.02959129586815834
        ],
        [
            0.17586036026477814,
            -0.03736305609345436,
            0.028509391471743584
        ],
        [
            0.18178914487361908,
            -0.03732893243432045,
            0.02965436317026615
        ],
        [
            0.18284152448177338,
            -0.031387872993946075,
            0.02958996221423149
        ],
        [
            0.17751939594745636,
            -0.04201490059494972,
            0.023821448907256126
        ],
        [
            0.1831347644329071,
            -0.04225054755806923,
            0.0255578700453043
        ],
        [
            0.20455296337604523,
            -0.02388070337474346,
            0.024359120056033134
        ],
        [
            0.20785433053970337,
            -0.030156243592500687,
            0.02088470198214054
        ],
        [
            0.19389472901821136,
            -0.02802792191505432,
            0.012932376936078072
        ],
        [
            0.19332672655582428,
            -0.023252829909324646,
            0.019264066591858864
        ],
        [
            0.1257772594690323,
            0.010485917329788208,
            -0.012722652405500412
        ],
        [
            0.12433814257383347,
            0.021497908979654312,
            -0.01136847399175167
        ],
        [
            0.13898064196109772,
            0.02167809195816517,
            -0.008538827300071716
        ],
        [
            0.15322932600975037,
            0.022228218615055084,
            -0.006879747845232487
        ],
        [
            0.16666077077388763,
            0.021849874407052994,
            -0.004078180529177189
        ],
        [
            0.1690780222415924,
            0.010227183811366558,
            -0.00777533371001482
        ],
        [
            0.13646456599235535,
            0.02930888906121254,
            -0.007016411051154137
        ],
        [
            0.18449530005455017,
            -0.02088361233472824,
            0.013305481523275375
        ],
        [
            0.18340468406677246,
            -0.026903947815299034,
            0.007679430767893791
        ],
        [
            0.18293094635009766,
            -0.021554777398705482,
            0.0067412154749035835
        ],
        [
            0.13452956080436707,
            0.01567225158214569,
            0.021896786987781525
        ],
        [
            0.19781769812107086,
            -0.04323237016797066,
            0.03229326754808426
        ],
        [
            0.0922243595123291,
            -0.018201224505901337,
            -0.008669599890708923
        ],
        [
            0.09499776363372803,
            -0.006872848607599735,
            -0.015933804214000702
        ],
        [
            0.1027897298336029,
            -0.009890131652355194,
            -0.01323629543185234
        ],
        [
            0.09966598451137543,
            -0.022474851459264755,
            -0.004004869610071182
        ],
        [
            0.19632388651371002,
            -0.032248854637145996,
            0.03699621558189392
        ],
        [
            0.19560140371322632,
            -0.03863559663295746,
            0.036079201847314835
        ],
        [
            0.17509013414382935,
            0.021188199520111084,
            0.016528993844985962
        ],
        [
            0.18093492090702057,
            0.018618416041135788,
            0.015401683747768402
        ],
        [
            0.18232060968875885,
            0.021334698423743248,
            0.01258389838039875
        ],
        [
            0.1783629059791565,
            0.026221072301268578,
            0.014511246234178543
        ],
        [
            0.12214024364948273,
            0.026866421103477478,
            -0.009962293319404125
        ],
        [
            0.16553941369056702,
            0.04123450070619583,
            0.002347378060221672
        ],
        [
            0.16703607141971588,
            0.03365331143140793,
            -0.003870198503136635
        ],
        [
            0.11149589717388153,
            0.020905064418911934,
            -0.013808653689920902
        ],
        [
            0.11265311390161514,
            0.01132168062031269,
            -0.015637023374438286
        ],
        [
            0.10319460928440094,
            0.012521198950707912,
            -0.017720943316817284
        ],
        [
            0.17769227921962738,
            -0.002160442993044853,
            -0.003865397535264492
        ],
        [
            0.12875592708587646,
            0.0022749784402549267,
            -0.012517120689153671
        ],
        [
            0.11451160907745361,
            0.0038649686612188816,
            -0.014947934076189995
        ],
        [
            0.10327647626399994,
            0.004944127984344959,
            -0.01740119233727455
        ],
        [
            0.09539079666137695,
            0.006355788558721542,
            -0.019819503650069237
        ],
        [
            0.0960795134305954,
            0.014532212167978287,
            -0.019778640940785408
        ],
        [
            0.2071886658668518,
            -0.03672773763537407,
            0.021262219175696373
        ],
        [
            0.21245117485523224,
            -0.03004196099936962,
            0.02485041320323944
        ],
        [
            0.0882330909371376,
            0.01697608456015587,
            -0.023745592683553696
        ],
        [
            0.08765042573213577,
            0.007697080262005329,
            -0.02296409383416176
        ],
        [
            0.11563673615455627,
            -0.005156147293746471,
            -0.013172844424843788
        ],
        [
            0.11623747646808624,
            -0.016104482114315033,
            -0.009232738986611366
        ],
        [
            0.1293742060661316,
            -0.006270327605307102,
            -0.010672702454030514
        ],
        [
            0.13130319118499756,
            -0.01714140549302101,
            -0.007049787789583206
        ],
        [
            0.17594800889492035,
            -0.012255842797458172,
            -0.007452082820236683
        ],
        [
            0.21395047008991241,
            -0.02595994435250759,
            0.042805399745702744
        ],
        [
            0.211501345038414,
            -0.02505972608923912,
            0.03211579471826553
        ],
        [
            0.20593886077404022,
            -0.02356865629553795,
            0.03369756415486336
        ],
        [
            0.2103576958179474,
            -0.02354622259736061,
            0.0431407168507576
        ],
        [
            0.20817168056964874,
            -0.024231962859630585,
            0.027429459616541862
        ],
        [
            0.21399301290512085,
            -0.030206559225916862,
            0.03017764911055565
        ],
        [
            0.13042251765727997,
            -0.029592912644147873,
            0.0010785963386297226
        ],
        [
            0.18285582959651947,
            -0.017896482720971107,
            0.022159550338983536
        ],
        [
            0.11332778632640839,
            -0.029869765043258667,
            0.003235451877117157
        ],
        [
            0.13474248349666595,
            -0.04111931845545769,
            0.0113648921251297
        ],
        [
            0.12283168733119965,
            -0.04095270112156868,
            0.015906566753983498
        ],
        [
            0.09640707820653915,
            -0.030691489577293396,
            0.007951239123940468
        ],
        [
            0.10758208483457565,
            -0.03907444700598717,
            0.019430574029684067
        ],
        [
            0.08218838274478912,
            -0.022018298506736755,
            -0.0020819082856178284
        ],
        [
            0.08990238606929779,
            -0.025347162038087845,
            0.0016354527324438095
        ],
        [
            0.1214006245136261,
