{
    "pred_cam": [
        6.063885688781738,
        -0.15714943408966064,
        -0.04699254408478737
    ],
    "pred_mano_params": {
        "global_orient": [
            [
                [
                    -0.6994626522064209,
                    -0.47795507311820984,
                    0.5313295125961304
                ],
                [
                    -0.14558976888656616,
                    -0.6325762271881104,
                    -0.760691225528717
                ],
                [
                    0.6996825933456421,
                    -0.6094312071800232,
                    0.3728780746459961
                ]
            ]
        ],
        "hand_pose": [
            [
                [
                    0.9175252318382263,
                    -0.32644474506378174,
                    -0.2271149754524231
                ],
                [
                    0.2818251848220825,
                    0.9366912841796875,
                    -0.20780755579471588
                ],
                [
                    0.28057432174682617,
                    0.12666195631027222,
                    0.9514382481575012
                ]
            ],
            [
                [
                    0.8676509261131287,
                    -0.47807061672210693,
                    0.13649272918701172
                ],
                [
                    0.4957011342048645,
                    0.852956235408783,
                    -0.16354191303253174
                ],
                [
                    -0.038237739354372025,
                    0.2095569223165512,
                    0.977048397064209
                ]
            ],
            [
                [
                    0.6513508558273315,
                    -0.7511786818504333,
                    0.10711043328046799
                ],
                [
                    0.7325746417045593,
                    0.6593371629714966,
                    0.16914179921150208
                ],
                [
                    -0.1976775974035263,
                    -0.03170426934957504,
                    0.9797542691230774
                ]
            ],
            [
                [
                    0.6925909519195557,
                    -0.7039556503295898,
                    -0.15736667811870575
                ],
                [
                    0.6941430568695068,
                    0.7097634673118591,
                    -0.12000499665737152
                ],
                [
                    0.19617131352424622,
                    -0.02612062357366085,
                    0.980221688747406
                ]
            ],
            [
                [
                    0.9204210042953491,
                    -0.3484846353530884,
                    -0.17715409398078918
                ],
                [
                    0.38225457072257996,
                    0.8972147703170776,
                    0.22110426425933838
                ],
                [
                    0.08189381659030914,
                    -0.2712269723415375,
                    0.9590251445770264
                ]
            ],
            [
                [
                    0.8297354578971863,
                    -0.556258499622345,
                    0.04599473625421524
                ],
                [
                    0.5565842986106873,
                    0.8307651281356812,
                    0.006575188133865595
                ],
                [
                    -0.04186832532286644,
                    0.020144280046224594,
                    0.9989200234413147
                ]
            ],
            [
                [
                    0.6377665400505066,
                    -0.755450963973999,
                    0.1501585692167282
                ],
                [
                    0.6427330374717712,
                    0.6294147968292236,
                    0.4367278218269348
                ],
                [
                    -0.4244385361671448,
                    -0.18201853334903717,
                    0.886972963809967
                ]
            ],
            [
                [
                    0.9609322547912598,
                    -0.14241039752960205,
                    -0.23733621835708618
                ],
                [
                    0.13301846385002136,
                    0.9895744919776917,
                    -0.05521269887685776
                ],
                [
                    0.2427247315645218,
                    0.021485567092895508,
                    0.9698572754859924
                ]
            ],
            [
                [
                    0.9946286082267761,
                    -0.09480005502700806,
                    0.04155666381120682
                ],
                [
                    0.06883372366428375,
                    0.9056270718574524,
                    0.4184514284133911
                ],
                [
                    -0.07730402797460556,
                    -0.41334325075149536,
                    0.9072880148887634
                ]
            ],
            [
                [
                    0.6578838229179382,
                    -0.751811146736145,
                    0.04437178745865822
                ],
                [
                    0.7525980472564697,
                    0.6540945172309875,
                    -0.07587190717458725
                ],
                [
                    0.028018003329634666,
                    0.08330902457237244,
                    0.9961297512054443
                ]
            ],
            [
                [
                    0.9881384372711182,
                    -0.1253233551979065,
                    -0.08874934911727905
                ],
                [
                    0.15075625479221344,
                    0.9016956686973572,
                    0.4052375555038452
                ],
                [
                    0.029239188879728317,
                    -0.4138103425502777,
                    0.9098934531211853
                ]
            ],
            [
                [
                    0.8425982594490051,
                    -0.5382946133613586,
                    -0.016337726265192032
                ],
                [
                    0.525549054145813,
                    0.8152667880058289,
                    0.24318359792232513
                ],
                [
                    -0.11758481711149216,
                    -0.21349239349365234,
                    0.9698426127433777
                ]
            ],
            [
                [
                    0.9691809415817261,
                    -0.22030948102474213,
                    -0.11023586243391037
                ],
                [
                    -0.014848778955638409,
                    0.394420862197876,
                    -0.9188098907470703
                ],
                [
                    0.24590185284614563,
                    0.8921300172805786,
                    0.3789938688278198
                ]
            ],
            [
                [
                    0.9024260640144348,
                    -0.42794138193130493,
                    -0.049934614449739456
                ],
                [
                    0.36847370862960815,
                    0.7065219283103943,
                    0.6041969060897827
                ],
                [
                    -0.22328093647956848,
                    -0.5636426210403442,
                    0.7952689528465271
                ]
            ],
            [
                [
                    0.9125521779060364,
                    0.2876124978065491,
                    -0.2907361090183258
                ],
                [
                    -0.33039361238479614,
                    0.9374527335166931,
                    -0.10964702069759369
                ],
                [
                    0.2410155087709427,
                    0.19611600041389465,
                    0.9504998922348022
                ]
            ]
        ],
        "betas": [
            -0.012751832604408264,
            -0.12933287024497986,
            -0.039162904024124146,
            -0.006659835577011108,
            0.03424301743507385,
            0.012642119079828262,
            0.015069693326950073,
            -0.0077029019594192505,
            -0.011804580688476562,
            -0.051972270011901855
        ]
    },
    "pred_cam_t": [
        -0.15714943408966064,
        -0.04699254408478737,
        6.441826343536377
    ],
    "focal_length": [
        5000.0,
        5000.0
    ],
    "pred_keypoints_3d": [
        [
            0.09581932425498962,
            0.00639814417809248,
            0.006219368427991867
        ],
        [
            0.13377919793128967,
            4.4075772166252136e-05,
            0.008433878421783447
        ],
        [
            0.16178742051124573,
            0.0128591638058424,
            0.007855222560465336
        ],
        [
            0.18440352380275726,
            0.02771182358264923,
            0.005897874012589455
        ],
        [
            0.21434445679187775,
            0.04343061149120331,
            -0.007109379395842552
        ],
        [
            0.17089390754699707,
            0.006878294982016087,
            -0.04461326822638512
        ],
        [
            0.19250060617923737,
            0.020261021330952644,
            -0.06572021543979645
        ],
        [
            0.20638561248779297,
            0.03756332769989967,
            -0.06718727201223373
        ],
        [
            0.21423599123954773,
            0.05496549606323242,
            -0.05169741436839104
        ],
        [
            0.16100692749023438,
            0.023763932287693024,
            -0.06041901186108589
        ],
        [
            0.17965561151504517,
            0.048275284469127655,
            -0.06816116720438004
        ],
        [
            0.18870966136455536,
            0.06900972127914429,
            -0.06250297278165817
        ],
        [
            0.19676753878593445,
            0.08771631866693497,
            -0.0469910092651844
        ],
        [
            0.14081379771232605,
            0.041129183024168015,
            -0.05862021818757057
        ],
        [
            0.16150355339050293,
            0.0608285516500473,
            -0.06311262398958206
        ],
        [
            0.17374654114246368,
            0.08208774030208588,
            -0.05918397754430771
        ],
        [
            0.1854197084903717,
            0.10008132457733154,
            -0.04563749581575394
        ],
        [
            0.12584859132766724,
            0.055587898939847946,
            -0.05211513489484787
        ],
        [
            0.1405993402004242,
            0.07077152281999588,
            -0.052549201995134354
        ],
        [
            0.1505795121192932,
            0.08690932393074036,
            -0.051386263221502304
        ],
        [
            0.16307267546653748,
            0.10329331457614899,
            -0.045744623988866806
        ]
    ],
    "pred_vertices": [
        [
            0.147104412317276,
            0.012709940783679485,
            -0.012321941554546356
        ],
        [
            0.13917700946331024,
            0.012836259789764881,
            -0.0044758133590221405
        ],
        [
            0.14767596125602722,
            0.0149129219353199,
            -0.0041285306215286255
        ],
        [
            0.1556127965450287,
            0.01189607847481966,
            -0.011685311794281006
        ],
        [
            0.13759121298789978,
            0.01851988583803177,
            0.0156426802277565
        ],
        [
            0.13921751081943512,
            0.011044823564589024,
            0.024995803833007812
        ],
        [
            0.15396301448345184,
            0.017290718853473663,
            0.021002717316150665
        ],
        [
            0.14977028965950012,
            0.023960143327713013,
            0.014518488198518753
        ],
        [
            0.16196881234645844,
            0.011402424424886703,
            -0.012006282806396484
        ],
        [
            0.15493375062942505,
            0.017268016934394836,
            -0.0036723874509334564
        ],
        [
            0.16348862648010254,
            0.010713307186961174,
            -0.011815978214144707
        ],
        [
            0.16659019887447357,
            -0.001059486996382475,
            -0.023662827908992767
        ],
        [
            0.16640347242355347,
            0.004402190446853638,
            -0.021122518926858902
        ],
        [
            0.16911742091178894,
            -0.004103325307369232,
            -0.031993765383958817
        ],
        [
            0.1594991385936737,
            -0.008934536948800087,
            -0.024198906496167183
        ],
        [
            0.16309389472007751,
            -0.007809489034116268,
            -0.03835797309875488
        ],
        [
            0.13347074389457703,
            -0.004489349201321602,
            -0.03726779669523239
        ],
        [
            0.1234307810664177,
            0.004371749237179756,
            -0.0401420034468174
        ],
        [
            0.1345900595188141,
            0.008750228211283684,
            -0.05270668491721153
        ],
        [
            0.14392240345478058,
            -0.00012123584747314453,
            -0.04780582711100578
        ],
        [
            0.1194973886013031,
            0.022854430601000786,
            -0.04967246204614639
        ],
        [
            0.12833011150360107,
            0.015302898362278938,
            -0.052086327224969864
        ],
        [
            0.11654644459486008,
            0.01019316166639328,
            -0.04029928892850876
        ],
        [
            0.10938821732997894,
            0.01730748452246189,
            -0.03853830322623253
        ],
        [
            0.13291329145431519,
            0.01928345486521721,
            -0.012961093336343765
        ],
        [
            0.12562251091003418,
            0.018407395109534264,
            -0.005138743668794632
        ],
        [
            0.13014212250709534,
            0.014579758048057556,
            -0.005385488271713257
        ],
        [
            0.13735949993133545,
            0.015921153128147125,
            -0.012417089194059372
        ],
        [
            0.16941902041435242,
            0.011464238166809082,
            -0.003606976941227913
        ],
        [
            0.1617567092180252,
            -0.002782033756375313,
            -0.006741765886545181
        ],
        [
            0.1632726937532425,
            0.0029128240421414375,
            -0.011663779616355896
        ],
        [
            0.16804684698581696,
            0.016877291724085808,
            -0.0040211305022239685
        ],
        [
            0.1058838963508606,
            0.026499560102820396,
            0.015124600380659103
        ],
        [
            0.09591955691576004,
            0.019155140966176987,
            0.0206139013171196
        ],
        [
            0.09921540319919586,
            0.014361151494085789,
            0.021898962557315826
        ],
        [
            0.1074536144733429,
            0.021676046773791313,
            0.016210950911045074
        ],
        [
            0.11818620562553406,
            0.004408749286085367,
            0.026548214256763458
        ],
        [
            0.1088571771979332,
            -0.00024053826928138733,
            0.027141135185956955
        ],
        [
            0.10700895637273788,
            -0.01314602792263031,
            0.02852848917245865
        ],
        [
            0.11747328191995621,
            -0.011123948730528355,
            0.026513606309890747
        ],
        [
            0.12902040779590607,
            0.007808854803442955,
            0.02587588131427765
        ],
        [
            0.12981563806533813,
            -0.0053046466782689095,
            0.027705185115337372
        ],
        [
            0.14186325669288635,
            0.00021548103541135788,
            0.026522643864154816
        ],
        [
            0.15756335854530334,
            0.008937515318393707,
            0.021944653242826462
        ],
        [
            0.08729901909828186,
            0.0273646991699934,
            0.015835613012313843
        ],
        [
            0.09351737052202225,
            0.034265078604221344,
            0.011533424258232117
        ],
        [
            0.19829824566841125,
            0.024803239852190018,
            -0.05605383589863777
        ],
        [
            0.19465434551239014,
            0.029286999255418777,
            -0.057506971061229706
        ],
        [
            0.1923576444387436,
            0.026940831914544106,
            -0.055267009884119034
        ],
        [
            0.1963818371295929,
            0.022789081558585167,
            -0.054524149745702744
        ],
        [
            0.07851854711771011,
            0.02896716818213463,
            -0.002313874661922455
        ],
        [
            0.07531292736530304,
            0.022198373451828957,
            -0.009046293795108795
        ],
        [
            0.0706833228468895,
            0.021934418007731438,
            -0.0034057870507240295
        ],
        [
            0.07451661676168442,
            0.02671719342470169,
            0.0037166327238082886
        ],
        [
            0.08388994634151459,
            0.031896669417619705,
            -0.010232783854007721
        ],
        [
            0.08230569213628769,
            0.02257636748254299,
            -0.016364779323339462
        ],
        [
            0.20191581547260284,
            0.018456609919667244,
            -0.06666546314954758
        ],
        [
            0.20283831655979156,
            0.019375832751393318,
            -0.06164267659187317
        ],
        [
            0.19971738755702972,
            0.01569138467311859,
            -0.06123325973749161
        ],
        [
            0.19757403433322906,
            0.014775448478758335,
            -0.06597390025854111
        ],
        [
            0.16218100488185883,
            0.008968072012066841,
            -0.01923319697380066
        ],
        [
            0.1543979048728943,
            0.013473954983055592,
            -0.018873773515224457
        ],
        [
            0.17265765368938446,
            0.01188610028475523,
            -0.03385069966316223
        ],
        [
            0.16440905630588531,
            0.012403283268213272,
            -0.028591148555278778
        ],
        [
            0.1678639054298401,
            0.006741652265191078,
            -0.026481643319129944
        ],
        [
            0.17393511533737183,
            0.005908702500164509,
            -0.03194209560751915
        ],
        [
            0.14517387747764587,
            0.026086948812007904,
            -0.030917812138795853
        ],
        [
            0.13762672245502472,
            0.023341920226812363,
            -0.02238820493221283
        ],
        [
            0.1429775208234787,
            0.01941240020096302,
            -0.02227526158094406
        ],
        [
            0.15263116359710693,
            0.021695613861083984,
            -0.03065480850636959
        ],
        [
            0.1288181096315384,
            0.03439899906516075,
            -0.022559501230716705
        ],
        [
            0.13668414950370789,
            0.03587563708424568,
            -0.03126572072505951
        ],
        [
            0.1307152509689331,
            0.04191208630800247,
            -0.03031618893146515
        ],
        [
            0.1266767382621765,
            0.040433987975120544,
            -0.023668751120567322
        ],
        [
            0.15139225125312805,
            0.035246726125478745,
            -0.04555158317089081
        ],
        [
            0.1550118625164032,
            0.03576218709349632,
            -0.05068302899599075
        ],
        [
            0.15386375784873962,
            0.039644867181777954,
            -0.05049493536353111
        ],
        [
            0.1487339586019516,
            0.0378246083855629,
            -0.0454680472612381
        ],
        [
            0.06583946943283081,
            0.020623326301574707,
            0.0016354173421859741
        ],
        [
            0.07104672491550446,
            0.023661766201257706,
            0.009381100535392761
        ],
        [
            0.10646742582321167,
            0.03969712182879448,
            -0.0447208508849144
        ],
        [
            0.10311703383922577,
            0.04680640995502472,
            -0.03681931272149086
        ],
        [
            0.11029019951820374,
            0.052903369069099426,
            -0.04576479643583298
        ],
        [
            0.11185699701309204,
            0.04347763955593109,
            -0.052666112780570984
        ],
        [
            0.07729955017566681,
            0.013072548434138298,
            -0.013528518378734589
        ],
        [
            0.07083893567323685,
            0.013670511543750763,
            -0.009099818766117096
        ],
        [
            0.19855862855911255,
            0.020456627011299133,
            -0.07147978246212006
        ],
        [
            0.1938759833574295,
            0.01717044599354267,
            -0.0701909065246582
        ],
        [
            0.1403988003730774,
            -0.01219276525080204,
            0.020315781235694885
        ],
        [
            0.1594482958316803,
            0.00015609897673130035,
            0.01779811456799507
        ],
        [
            0.12445774674415588,
            -0.018059251829981804,
            0.020733844488859177
        ],
        [
            0.1128319725394249,
            -0.020503776147961617,
            0.019783642143011093
        ],
        [
            0.10381332039833069,
            -0.02265053056180477,
            0.021670855581760406
        ],
        [
            0.16338269412517548,
            0.0174864511936903,
            -0.032867804169654846
        ],
        [
            0.14550413191318512,
            0.01601198874413967,
            -0.018096622079610825
        ],
        [
            0.12928538024425507,
            0.022924968972802162,
            -0.013244859874248505
        ],
        [
            0.11377130448818207,
            0.049359001219272614,
            -0.01598716527223587
        ],
        [
            0.10766802728176117,
            0.04691065102815628,
            -0.00778912752866745
        ],
        [
            0.11653310805559158,
            0.04099440947175026,
            -0.008230671286582947
        ],
        [
            0.11974214017391205,
            0.044000476598739624,
            -0.01576033979654312
        ],
        [
            0.10667803138494492,
            0.053495120257139206,
            -0.030303344130516052
        ],
        [
            0.11367526650428772,
            0.05426763743162155,
            -0.026551537215709686
        ],
        [
            0.118462473154068,
            0.05642165243625641,
            -0.03322255611419678
        ],
        [
            0.11263692378997803,
            0.05697132647037506,
            -0.03802675008773804
        ],
        [
            0.1726769506931305,
            0.006690749898552895,
            0.0011714044958353043
        ],
        [
            0.16093100607395172,
            -0.006880989298224449,
            -0.0005759596824645996
        ],
        [
            0.08432648330926895,
            0.03316114842891693,
            0.005505383014678955
        ],
        [
            0.08123506605625153,
            0.02863365411758423,
            0.01108456403017044
        ],
        [
            0.07570092380046844,
            0.02395341545343399,
            0.015575245022773743
        ],
        [
            0.11668917536735535,
            0.021515872329473495,
            0.005794588476419449
        ],
        [
            0.1085992306470871,
            0.018314078450202942,
            0.01705307513475418
        ],
        [
            0.11176379024982452,
            0.01528957113623619,
            0.017688635736703873
        ],
        [
            0.11828572303056717,
            0.018139472231268883,
            0.005096513777971268
        ],
        [
            0.13114774227142334,
            0.015150243416428566,
            0.004541415721178055
        ],
        [
            0.1258895993232727,
            0.0143998172134161,
            0.01653372123837471
        ],
        [
            0.14025241136550903,
            0.02000771090388298,
            0.004125870764255524
        ],
        [
            0.1025361493229866,
            0.007373202592134476,
            0.02477095276117325
        ],
        [
            0.09229486435651779,
            0.009986628778278828,
            0.028149712830781937
        ],
        [
            0.09653480350971222,
            0.0023467540740966797,
            0.029966946691274643
        ],
        [
            0.08614563941955566,
            0.0168304480612278,
            0.024764694273471832
        ],
        [
            0.08034542202949524,
            0.022083373740315437,
            0.020520582795143127
        ],
        [
            0.06309754401445389,
            0.011857345700263977,
            -0.0059866271913051605
        ],
        [
            0.10043630003929138,
            -0.005001458339393139,
            0.030083265155553818
        ],
        [
            0.15942957997322083,
            0.025875672698020935,
            0.013583308085799217
        ],
        [
            0.16839079558849335,
            0.027728606015443802,
            0.013374274596571922
        ],
        [
            0.16618582606315613,
            0.02855673059821129,
            0.006189664825797081
        ],
        [
            0.15780343115329742,
            0.026479925960302353,
            0.00553339347243309
        ],
        [
            0.17375750839710236,
            -0.003924294840544462,
            -0.040536172688007355
        ],
        [
            0.17562872171401978,
            0.0010023117065429688,
            -0.03491068631410599
        ],
        [
            0.16985438764095306,
            0.0004413663409650326,
            -0.02690049633383751
        ],
        [
            0.10975352674722672,
            0.03351302072405815,
            0.0066391341388225555
        ],
        [
            0.09916211664676666,
            0.03988919407129288,
            0.004128754138946533
        ],
        [
            0.17132805287837982,
            0.016544658690690994,
            -0.03865035995841026
        ],
        [
            0.19373264908790588,
            0.011466292664408684,
            -0.0649711862206459
        ],
        [
            0.1963375359773636,
            0.012342465110123158,
            -0.05971167981624603
        ],
        [
            0.18446694314479828,
            0.002984457416459918,
            -0.050129059702157974
        ],
        [
            0.1817619949579239,
            0.0019205273129045963,
            -0.05631416663527489
        ],
        [
            0.1717795431613922,
            0.018732501193881035,
            -0.049769703298807144
        ],
        [
            0.17358683049678802,
            0.017743170261383057,
            -0.04354892298579216
        ],
        [
            0.174359992146492,
            0.018374202772974968,
            -0.046583544462919235
        ],
        [
            0.1726381480693817,
            0.020650334656238556,
            -0.05242675915360451
        ],
        [
            0.14646506309509277,
            0.044864460825920105,
            -0.04838304594159126
        ],
        [
            0.14217442274093628,
            0.04318731650710106,
            -0.043826624751091
        ],
        [
            0.15556031465530396,
            0.0068075526505708694,
            -0.056141193956136703
        ],
        [
            0.16052201390266418,
            -0.005331595428287983,
            -0.052072856575250626
        ],
        [
            0.15284119546413422,
            -0.007137231528759003,
            -0.04351644590497017
        ],
        [
            0.13970115780830383,
            0.03116759844124317,
            -0.030781889334321022
        ],
        [
            0.1459435373544693,
            0.03417699411511421,
            -0.038556262850761414
        ],
        [
            0.14302590489387512,
            0.03708921745419502,
            -0.038834381848573685
        ],
        [
            0.1635027676820755,
            0.020185742527246475,
            -0.03691653907299042
        ],
        [
            0.1687646061182022,
            0.019983137026429176,
            -0.042650461196899414
        ],
        [
            0.16419047117233276,
            0.022259065881371498,
            -0.0421711765229702
        ],
        [
            0.158797487616539,
            0.023035285994410515,
            -0.03719659894704819
        ],
        [
            0.09508395195007324,
            0.04130205884575844,
            -0.027922917157411575
        ],
        [
            0.0991496741771698,
            0.0494534857571125,
            -0.020610112696886063
        ],
        [
            0.201395183801651,
            0.02146919071674347,
            -0.05766843259334564
        ],
        [
            0.19910025596618652,
            0.018619729205965996,
            -0.05676719918847084
        ],
        [
            0.13245846331119537,
            0.028381960466504097,
            -0.022382840514183044
        ],
        [
            0.1435411125421524,
            -0.009301751852035522,
            -0.03284912928938866
        ],
        [
            0.1256580501794815,
            0.027074802666902542,
            -0.013319186866283417
        ],
        [
            0.12994708120822906,
            0.039890531450510025,
            -0.058817166835069656
        ],
        [
            0.1324644833803177,
            0.04708853363990784,
            -0.05459517985582352
        ],
        [
            0.1371692717075348,
            0.04852987453341484,
            -0.05679021403193474
        ],
        [
            0.13690049946308136,
            0.04446057230234146,
            -0.0615280382335186
        ],
        [
            0.18210111558437347,
            0.02735438384115696,
            -0.06160397082567215
        ],
        [
            0.18537884950637817,
            0.028108980506658554,
            -0.05695221200585365
        ],
        [
            0.18819350004196167,
            0.0298832505941391,
            -0.0589032880961895
        ],
        [
            0.18575343489646912,
            0.02962234802544117,
            -0.06426015496253967
        ],
        [
            0.17633607983589172,
            0.01416637934744358,
            -0.039831165224313736
        ],
        [
            0.17877402901649475,
            0.008439692668616772,
            -0.037743378430604935
        ],
        [
            0.18212871253490448,
            0.011993199586868286,
            -0.04244266822934151
        ],
        [
            0.17833055555820465,
            0.016110822558403015,
            -0.044283654540777206
        ],
        [
            0.1803887039422989,
            0.003339300863444805,
            -0.04114879295229912
        ],
        [
            0.18431931734085083,
            0.006618432234972715,
            -0.0449538417160511
        ],
        [
            0.1814817637205124,
            0.023686137050390244,
            -0.06689533591270447
        ],
        [
            0.184686541557312,
            0.01772414520382881,
            -0.07014774531126022
        ],
        [
            0.1728299856185913,
            0.010227981023490429,
            -0.062486980110406876
        ],
        [
            0.1725415587425232,
            0.017434213310480118,
            -0.059453919529914856
        ],
        [
            0.09911587834358215,
            0.011283673346042633,
            -0.02902284264564514
        ],
        [
            0.09308452159166336,
            0.020560966804623604,
            -0.027662668377161026
        ],
        [
            0.10304197669029236,
            0.026771606877446175,
            -0.03728131949901581
        ],
        [
            0.11202274262905121,
            0.03280513733625412,
            -0.04772540554404259
        ],
        [
            0.12166360765695572,
            0.038017548620700836,
            -0.05652102082967758
        ],
        [
            0.1273292601108551,
            0.027444688603281975,
            -0.059838149696588516
        ],
        [
            0.09828513860702515,
            0.032953180372714996,
            -0.03477480262517929
        ],
        [
            0.16616594791412354,
            0.017137588933110237,
            -0.05366891622543335
        ],
        [
            0.16500023007392883,
            0.006774331443011761,
            -0.05683764070272446
        ],
        [
            0.16238106787204742,
            0.012619003653526306,
            -0.05645379796624184
        ],
        [
            0.12223298847675323,
            0.033699844032526016,
            -0.013005733489990234
        ],
        [
            0.1964484602212906,
            0.015353384427726269,
            -0.05520854890346527
        ],
        [
            0.09832306951284409,
            -0.021918553858995438,
            0.00021179765462875366
        ],
        [
            0.08913272619247437,
            -0.014673013240098953,
            -0.006981756538152695
        ],
        [
            0.09691663831472397,
            -0.013428835198283195,
            -0.010965496301651001
        ],
        [
            0.1080164685845375,
            -0.020957278087735176,
            -0.0022687576711177826
        ],
        [
            0.1902434080839157,
            0.02519512176513672,
            -0.053040169179439545
        ],
        [
            0.19436487555503845,
            0.020462404936552048,
            -0.05202222615480423
        ],
        [
            0.1387750208377838,
            0.048643577843904495,
            -0.04464459791779518
        ],
        [
            0.1427793800830841,
            0.04914359748363495,
            -0.04920519143342972
        ],
        [
            0.1406504511833191,
            0.05120690166950226,
            -0.05194396898150444
        ],
        [
            0.13731011748313904,
            0.05349336937069893,
            -0.04702814668416977
        ],
        [
            0.08970126509666443,
            0.02492518350481987,
            -0.025405630469322205
        ],
        [
            0.1163146048784256,
            0.058100100606679916,
            -0.04853886365890503
        ],
        [
            0.11739164590835571,
            0.049226101487874985,
            -0.05558804050087929
        ],
        [
            0.08465055376291275,
            0.014789462089538574,
            -0.01937241107225418
        ],
        [
            0.08942923694849014,
            0.006396288052201271,
            -0.020945336669683456
        ],
        [
            0.08211826533079147,
            0.003369595855474472,
            -0.01521279290318489
        ],
        [
            0.14144667983055115,
            0.021465055644512177,
            -0.061404842883348465
        ],
        [
            0.10543312132358551,
            0.005553046241402626,
            -0.030629023909568787
        ],
        [
            0.09496939927339554,
            0.0011286921799182892,
            -0.02150620147585869
        ],
        [
            0.08648139238357544,
            -0.0027385763823986053,
            -0.01469610258936882
        ],
        [
            0.07973960787057877,
            -0.005236364901065826,
            -0.010426513850688934
        ],
        [
            0.07570530474185944,
            0.0017870739102363586,
            -0.01132381334900856
        ],
        [
            0.18929608166217804,
            0.014083566144108772,
            -0.06872405111789703
        ],
        [
            0.18930086493492126,
            0.021620268002152443,
            -0.07266406714916229
        ],
        [
            0.06746858358383179,
            -0.0005357339978218079,
            -0.008191738277673721
        ],
        [
            0.07268431037664413,
            -0.008085250854492188,
            -0.006768893450498581
        ],
        [
            0.10161162912845612,
            -0.005227517336606979,
            -0.020735450088977814
        ],
        [
            0.11076018214225769,
            -0.012363674119114876,
            -0.01830422505736351
        ],
        [
            0.11157205700874329,
            -0.0005536377429962158,
            -0.029425228014588356
        ],
        [
            0.12109386920928955,
            -0.007288657128810883,
            -0.028026942163705826
        ],
        [
            0.14398187398910522,
            0.010824626311659813,
            -0.06199697405099869
        ],
        [
            0.19981339573860168,
            0.03679577633738518,
            -0.07389747351408005
        ],
        [
            0.1912369728088379,
            0.029742684215307236,
            -0.07241721451282501
        ],
        [
            0.18974031507968903,
            0.032079145312309265,
            -0.06726744771003723
        ],
        [
            0.1973167061805725,
            0.038824569433927536,
            -0.071003258228302
        ],
        [
            0.18590112030506134,
            0.026729360222816467,
            -0.0694296658039093
        ],
        [
            0.19415348768234253,
            0.025080453604459763,
            -0.0739256888628006
        ],
        [
            0.13380850851535797,
            -0.013450229540467262,
            -0.021385839208960533
        ],
        [
            0.16801729798316956,
            0.022617820650339127,
            -0.047404855489730835
        ],
        [
            0.125467449426651,
            -0.018710630014538765,
            -0.007500994950532913
        ],
        [
            0.1508646458387375,
            -0.01423606462776661,
            -0.01585603877902031
        ],
        [
            0.1457107812166214,
            -0.016489116474986076,
            -0.0038055069744586945
        ],
        [
            0.11796121299266815,
            -0.02365957200527191,
            0.008318722248077393
        ],
        [
            0.13625237345695496,
            -0.020235255360603333,
            0.009238887578248978
        ],
        [
            0.09866639226675034,
            -0.025546345859766006,
            0.012265827506780624
        ],
        [
            0.10724397748708725,
            -0.02424146793782711,
            0.008856646716594696
        ],
        [
            0.15324558317661285,
