{
    "pred_cam": [
        6.004942893981934,
        -0.15351450443267822,
        -0.044425010681152344
    ],
    "pred_mano_params": {
        "global_orient": [
            [
                [
                    -0.7246978282928467,
                    -0.46692049503326416,
                    0.5067526698112488
                ],
                [
                    -0.14959309995174408,
                    -0.6112716794013977,
                    -0.7771543264389038
                ],
                [
                    0.6726328134536743,
                    -0.6390087604522705,
                    0.3731391727924347
                ]
            ]
        ],
        "hand_pose": [
            [
                [
                    0.9043062925338745,
                    -0.3825894296169281,
                    -0.1893552839756012
                ],
                [
                    0.3364189565181732,
                    0.9117704629898071,
                    -0.23557808995246887
                ],
                [
                    0.26277822256088257,
                    0.14933206140995026,
                    0.953230082988739
                ]
            ],
            [
                [
                    0.8442274928092957,
                    -0.5187510848045349,
                    0.13482341170310974
                ],
                [
                    0.5357741117477417,
                    0.823817789554596,
                    -0.1851225048303604
                ],
                [
                    -0.015037433244287968,
                    0.22852037847042084,
                    0.9734230041503906
                ]
            ],
            [
                [
                    0.6288421154022217,
                    -0.7700313329696655,
                    0.10774680972099304
                ],
                [
                    0.747855007648468,
                    0.6369245052337646,
                    0.18718984723091125
                ],
                [
                    -0.21276862919330597,
                    -0.03713386133313179,
                    0.9763967394828796
                ]
            ],
            [
                [
                    0.6980445981025696,
                    -0.7006713151931763,
                    -0.14762568473815918
                ],
                [
                    0.6891103386878967,
                    0.7133694887161255,
                    -0.12740112841129303
                ],
                [
                    0.19457794725894928,
                    -0.012798693962395191,
                    0.9808035492897034
                ]
            ],
            [
                [
                    0.9124792218208313,
                    -0.3610905706882477,
                    -0.19234158098697662
                ],
                [
                    0.3974247872829437,
                    0.8939427733421326,
                    0.20717106759548187
                ],
                [
                    0.09713485091924667,
                    -0.2654806077480316,
                    0.9592105746269226
                ]
            ],
            [
                [
                    0.8025001883506775,
                    -0.5947468280792236,
                    0.04764259234070778
                ],
                [
                    0.5953152179718018,
                    0.8034875988960266,
                    0.002751941792666912
                ],
                [
                    -0.03991693630814552,
                    0.0261539239436388,
                    0.998860776424408
                ]
            ],
            [
                [
                    0.6510919332504272,
                    -0.7488090991973877,
                    0.12395240366458893
                ],
                [
                    0.6516127586364746,
                    0.6352118849754333,
                    0.4146162271499634
                ],
                [
                    -0.3892044723033905,
                    -0.189184308052063,
                    0.9015148878097534
                ]
            ],
            [
                [
                    0.9649438261985779,
                    -0.14765174686908722,
                    -0.21698471903800964
                ],
                [
                    0.1389898657798767,
                    0.9887797236442566,
                    -0.05473959073424339
                ],
                [
                    0.222632497549057,
                    0.022661956027150154,
                    0.9746389985084534
                ]
            ],
            [
                [
                    0.9880706071853638,
                    -0.14865626394748688,
                    0.04022043198347092
                ],
                [
                    0.11451728641986847,
                    0.883861780166626,
                    0.45351317524909973
                ],
                [
                    -0.10296691954135895,
                    -0.4434971511363983,
                    0.890341579914093
                ]
            ],
            [
                [
                    0.6494088172912598,
                    -0.7597998380661011,
                    0.031182682141661644
                ],
                [
                    0.758684515953064,
                    0.6445807814598083,
                    -0.09441045671701431
                ],
                [
                    0.05163329467177391,
                    0.08496879786252975,
                    0.9950448274612427
                ]
            ],
            [
                [
                    0.9907300472259521,
                    -0.11440127342939377,
                    -0.07325496524572372
                ],
                [
                    0.13436515629291534,
                    0.904633641242981,
                    0.4044550359249115
                ],
                [
                    0.019998731091618538,
                    -0.41054868698120117,
                    0.911619246006012
                ]
            ],
            [
                [
                    0.8390952944755554,
                    -0.5438839197158813,
                    -0.01046070083975792
                ],
                [
                    0.5304805636405945,
                    0.8138561248779297,
                    0.23712588846683502
                ],
                [
                    -0.12045543640851974,
                    -0.20452040433883667,
                    0.9714227318763733
                ]
            ],
            [
                [
                    0.942375659942627,
                    -0.25826019048690796,
                    -0.2126733362674713
                ],
                [
                    -0.1096315011382103,
                    0.3622031509876251,
                    -0.9256295561790466
                ],
                [
                    0.3160841464996338,
                    0.8956063389778137,
                    0.31301799416542053
                ]
            ],
            [
                [
                    0.8924665451049805,
                    -0.43595388531684875,
                    -0.11596409976482391
                ],
                [
                    0.4097720682621002,
                    0.6759328842163086,
                    0.6125370860099792
                ],
                [
                    -0.18865396082401276,
                    -0.5941876769065857,
                    0.7818892002105713
                ]
            ],
            [
                [
                    0.8916443586349487,
                    0.34643325209617615,
                    -0.29146915674209595
                ],
                [
                    -0.39332056045532227,
                    0.9115690588951111,
                    -0.11975273489952087
                ],
                [
                    0.22420795261859894,
                    0.22141768038272858,
                    0.9490547180175781
                ]
            ]
        ],
        "betas": [
            -0.03408592939376831,
            -0.12003582715988159,
            -0.024418652057647705,
            -0.009276896715164185,
            0.03148046135902405,
            0.003748718649148941,
            0.025355488061904907,
            -0.008644357323646545,
            0.002108246088027954,
            -0.05475601553916931
        ]
    },
    "pred_cam_t": [
        -0.15351450443267822,
        -0.044425010681152344,
        6.5050578117370605
    ],
    "focal_length": [
        5000.0,
        5000.0
    ],
    "pred_keypoints_3d": [
        [
            0.09590326249599457,
            0.006402303464710712,
            0.006221898831427097
        ],
        [
            0.13371388614177704,
            -0.000615428201854229,
            0.009568898007273674
        ],
        [
            0.16108347475528717,
            0.01330642681568861,
            0.006751613691449165
        ],
        [
            0.1823118031024933,
            0.029514841735363007,
            0.001892531756311655
        ],
        [
            0.20976807177066803,
            0.045700300484895706,
            -0.015754248946905136
        ],
        [
            0.17272669076919556,
            0.006770323030650616,
            -0.04211239516735077
        ],
        [
            0.19629761576652527,
            0.020891427993774414,
            -0.060493215918540955
        ],
        [
            0.20946139097213745,
            0.0387800894677639,
            -0.05924098193645477
        ],
        [
            0.21405035257339478,
            0.05510115250945091,
            -0.04151015728712082
        ],
        [
            0.16361376643180847,
            0.0241774283349514,
            -0.05788267403841019
        ],
        [
            0.18300467729568481,
            0.04841809719800949,
            -0.06470009684562683
        ],
        [
            0.19175291061401367,
            0.06910011172294617,
            -0.058347102254629135
        ],
        [
            0.19839860498905182,
            0.08700616657733917,
            -0.04136582463979721
        ],
        [
            0.1436023861169815,
            0.041856128722429276,
            -0.05636420100927353
        ],
        [
            0.164254829287529,
            0.061860017478466034,
            -0.05971118435263634
        ],
        [
            0.17651760578155518,
            0.0830039530992508,
            -0.055161457508802414
        ],
        [
            0.18794827163219452,
            0.1006607711315155,
            -0.040969036519527435
        ],
        [
            0.12862887978553772,
            0.05643809214234352,
            -0.050015904009342194
        ],
        [
            0.14310410618782043,
            0.07192064821720123,
            -0.04990826174616814
        ],
        [
            0.15306103229522705,
            0.08803144097328186,
            -0.048107586801052094
        ],
        [
            0.16517707705497742,
            0.10372285544872284,
            -0.04045303165912628
        ]
    ],
    "pred_vertices": [
        [
            0.147362619638443,
            0.012163566425442696,
            -0.01065964624285698
        ],
        [
            0.13870862126350403,
            0.01204958837479353,
            -0.0030523017048835754
        ],
        [
            0.14667168259620667,
            0.01420709490776062,
            -0.003264177590608597
        ],
        [
            0.15542897582054138,
            0.011240601539611816,
            -0.010171148926019669
        ],
        [
            0.13724912703037262,
            0.018270093947649002,
            0.016252223402261734
        ],
        [
            0.13947732746601105,
            0.010921774432063103,
            0.02561952918767929
        ],
        [
            0.15413424372673035,
            0.01774628646671772,
            0.02045922353863716
        ],
        [
            0.14922958612442017,
            0.02420988492667675,
            0.014155969023704529
        ],
        [
            0.16126148402690887,
            0.01084903348237276,
            -0.010947976261377335
        ],
        [
            0.1536414623260498,
            0.01674945093691349,
            -0.0032511353492736816
        ],
        [
            0.16207346320152283,
            0.010510586202144623,
            -0.01152130588889122
        ],
        [
            0.16653384268283844,
            -0.0014052013866603374,
            -0.022479703649878502
        ],
        [
            0.16660241782665253,
            0.003918074537068605,
            -0.019484560936689377
        ],
        [
            0.16982467472553253,
            -0.004426421131938696,
            -0.030280670151114464
        ],
        [
            0.15953770279884338,
            -0.00915325153619051,
            -0.023336036130785942
        ],
        [
            0.16412688791751862,
            -0.007973200641572475,
            -0.036911431699991226
        ],
        [
            0.13482406735420227,
            -0.004195895045995712,
            -0.03633473441004753
        ],
        [
            0.12505346536636353,
            0.004916917532682419,
            -0.03931843489408493
        ],
        [
            0.1367207169532776,
            0.0093914233148098,
            -0.051416750997304916
        ],
        [
            0.1457333266735077,
            0.00023884698748588562,
            -0.04646416753530502
        ],
        [
            0.12171096354722977,
            0.023699482902884483,
            -0.04855728521943092
        ],
        [
            0.13053050637245178,
            0.01604885421693325,
            -0.05086255073547363
        ],
        [
            0.11825206875801086,
            0.010871069505810738,
            -0.039571814239025116
        ],
        [
            0.11113157123327255,
            0.018074793741106987,
            -0.03787938132882118
        ],
        [
            0.13377705216407776,
            0.019101900979876518,
            -0.01141977310180664
        ],
        [
            0.12611182034015656,
            0.01807023584842682,
            -0.0037135742604732513
        ],
        [
            0.13028307259082794,
            0.013998027890920639,
            -0.0038214027881622314
        ],
        [
            0.13800260424613953,
            0.015581854619085789,
            -0.010804813355207443
        ],
        [
            0.16760139167308807,
            0.012205805629491806,
            -0.0051546841859817505
        ],
        [
            0.16087819635868073,
            -0.002764742821455002,
            -0.006900498643517494
        ],
        [
            0.16202089190483093,
            0.0028649568557739258,
            -0.011654915288090706
        ],
        [
            0.16589543223381042,
            0.017507029697299004,
            -0.005367303267121315
        ],
        [
            0.10596956312656403,
            0.02617817372083664,
            0.015962298959493637
        ],
        [
            0.09569700062274933,
            0.0188608281314373,
            0.020933974534273148
        ],
        [
            0.09889448434114456,
            0.01397769432514906,
            0.022248849272727966
        ],
        [
            0.1074482798576355,
            0.021269824355840683,
            0.017088688910007477
        ],
        [
            0.1180562674999237,
            0.0038699228316545486,
            0.02769845724105835
        ],
        [
            0.10842804610729218,
            -0.000785541720688343,
            0.027703631669282913
        ],
        [
            0.10634437203407288,
            -0.013634629547595978,
            0.028602786362171173
        ],
        [
            0.11720068752765656,
            -0.011532370932400227,
            0.027050279080867767
        ],
        [
            0.12909072637557983,
            0.007373216561973095,
            0.027061812579631805
        ],
        [
            0.12999066710472107,
            -0.005657536908984184,
            0.028581276535987854
        ],
        [
            0.14259177446365356,
            0.0002463310956954956,
            0.026975512504577637
        ],
        [
            0.158270001411438,
            0.009620726108551025,
            0.021108444780111313
        ],
        [
            0.08735684305429459,
            0.027316700667142868,
            0.01604386419057846
        ],
        [
            0.09382829815149307,
            0.034233056008815765,
            0.012107063084840775
        ],
        [
            0.20067942142486572,
            0.025231432169675827,
            -0.04971491917967796
        ],
        [
            0.19706028699874878,
            0.02970144897699356,
            -0.051420923322439194
        ],
        [
            0.19467240571975708,
            0.02727266028523445,
            -0.049500204622745514
        ],
        [
            0.19869358837604523,
            0.023168697953224182,
            -0.04846206679940224
        ],
        [
            0.07920116931200027,
            0.029466599225997925,
            -0.0023802518844604492
        ],
        [
            0.076121486723423,
            0.022883625701069832,
            -0.009380169212818146
        ],
        [
            0.0713004395365715,
            0.0225673820823431,
            -0.0038959868252277374
        ],
        [
            0.07496501505374908,
            0.027142176404595375,
            0.0034699514508247375
        ],
        [
            0.08488024771213531,
            0.03248753771185875,
            -0.010060504078865051
        ],
        [
            0.0833623856306076,
            0.02331162430346012,
            -0.01646396890282631
        ],
        [
            0.20562878251075745,
            0.019398674368858337,
            -0.06008294224739075
        ],
        [
            0.20597514510154724,
            0.020138051360845566,
            -0.05494403839111328
        ],
        [
            0.20288754999637604,
            0.01636482961475849,
            -0.055025093257427216
        ],
        [
            0.20124956965446472,
            0.015544435940682888,
            -0.06001824885606766
        ],
        [
            0.16273708641529083,
            0.008444307371973991,
            -0.01727030985057354
        ],
        [
            0.15520937740802765,
            0.013044462539255619,
            -0.016881119459867477
        ],
        [
            0.17386431992053986,
            0.011602859944105148,
            -0.031065061688423157
        ],
        [
            0.16565991938114166,
            0.012048749253153801,
            -0.026230497285723686
        ],
        [
            0.16880644857883453,
            0.006300557870417833,
            -0.024204298853874207
        ],
        [
            0.17498131096363068,
            0.005579684395343065,
            -0.029231149703264236
        ],
        [
            0.14680340886116028,
            0.026120303198695183,
            -0.028851928189396858
        ],
        [
            0.1389332413673401,
            0.023319058120250702,
            -0.020627222955226898
        ],
        [
            0.14418476819992065,
            0.019279303029179573,
            -0.02042899653315544
        ],
        [
            0.15418463945388794,
            0.021596910431981087,
            -0.028436342254281044
        ],
        [
            0.13029417395591736,
            0.034532126039266586,
            -0.020838502794504166
        ],
        [
            0.1384733021259308,
            0.03606865927577019,
            -0.02925848215818405
        ],
        [
            0.13256743550300598,
            0.042192939668893814,
            -0.02836614102125168
        ],
        [
            0.12828367948532104,
            0.04063484072685242,
            -0.0218818336725235
        ],
        [
            0.15366172790527344,
            0.03553419187664986,
            -0.043077364563941956
        ],
        [
            0.15745748579502106,
            0.03615735471248627,
            -0.04813609644770622
        ],
        [
            0.15635016560554504,
            0.04010477662086487,
            -0.04784611985087395
        ],
        [
            0.15104836225509644,
            0.03814033791422844,
            -0.043019942939281464
        ],
        [
            0.0662698969244957,
            0.021218862384557724,
            0.0009562745690345764
        ],
        [
            0.07125993818044662,
            0.02401244267821312,
            0.008951306343078613
        ],
        [
            0.10874967277050018,
            0.04066389799118042,
            -0.0435977429151535
        ],
        [
            0.10525261610746384,
            0.047672633081674576,
            -0.03563597425818443
        ],
        [
            0.11277517676353455,
            0.0538376048207283,
            -0.044144757091999054
        ],
        [
            0.11444319784641266,
            0.04452941566705704,
            -0.05123930796980858
        ],
        [
            0.07812540233135223,
            0.013809923082590103,
            -0.014012899249792099
        ],
        [
            0.07152696698904037,
            0.014413783326745033,
            -0.009782467037439346
        ],
        [
            0.20272693037986755,
            0.021489808335900307,
            -0.06519278138875961
        ],
        [
            0.19796854257583618,
            0.017997264862060547,
            -0.06456910073757172
        ],
        [
            0.14104999601840973,
            -0.012242306023836136,
            0.020791050046682358
        ],
        [
            0.16012832522392273,
            0.0008674096316099167,
            0.0170050710439682
        ],
        [
            0.12465112656354904,
            -0.018362216651439667,
            0.02126268297433853
        ],
        [
            0.11263152211904526,
            -0.020847102627158165,
            0.019925322383642197
        ],
        [
            0.10325004905462265,
            -0.023011688143014908,
            0.021387267857789993
        ],
        [
            0.16486519575119019,
            0.017245391383767128,
            -0.03042450360953808
        ],
        [
            0.146427184343338,
            0.015716996043920517,
            -0.016262557357549667
        ],
        [
            0.13026705384254456,
            0.022838272154331207,
            -0.011753518134355545
        ],
        [
            0.1152571439743042,
            0.04961672052741051,
            -0.014414120465517044
        ],
        [
            0.10883692651987076,
            0.04708414524793625,
            -0.006471041589975357
        ],
        [
            0.11763089150190353,
            0.041032660752534866,
            -0.0067531391978263855
        ],
        [
            0.12114187330007553,
            0.04415223002433777,
            -0.014111928641796112
        ],
        [
            0.10870428383350372,
            0.054176684468984604,
            -0.02884913980960846
        ],
        [
            0.11559630185365677,
            0.054761022329330444,
            -0.024860993027687073
        ],
        [
            0.12065614014863968,
            0.05697814002633095,
            -0.03130800276994705
        ],
        [
            0.11496809124946594,
            0.05771562084555626,
            -0.03625050187110901
        ],
        [
            0.17157801985740662,
            0.0077017005532979965,
            -0.0008524768054485321
        ],
        [
            0.16055183112621307,
            -0.006780320778489113,
            -0.0008913874626159668
        ],
        [
            0.08481483161449432,
            0.033402904868125916,
            0.00573623925447464
        ],
        [
            0.0814681351184845,
            0.02879178151488304,
            0.01111254096031189
        ],
        [
            0.07571352273225784,
            0.024084437638521194,
            0.015310458838939667
        ],
        [
            0.1169700175523758,
            0.021103311330080032,
            0.007078677415847778
        ],
        [
            0.10854506492614746,
            0.017841296270489693,
            0.018002554774284363
        ],
        [
            0.11169023811817169,
            0.014720065519213676,
            0.018863148987293243
        ],
        [
            0.11845013499259949,
            0.01758991926908493,
            0.0065574124455451965
        ],
        [
            0.13048221170902252,
            0.014306094497442245,
            0.005920823663473129
        ],
        [
            0.12564723193645477,
            0.013701393269002438,
            0.01806509494781494
        ],
        [
            0.13916486501693726,
            0.019488362595438957,
            0.0046064481139183044
        ],
        [
            0.1020956039428711,
            0.006878633983433247,
            0.025157824158668518
        ],
        [
            0.09167861193418503,
            0.009555407799780369,
            0.028122257441282272
        ],
        [
            0.09578066319227219,
            0.0018201284110546112,
            0.029926300048828125
        ],
        [
            0.08574157953262329,
            0.016575969755649567,
            0.024688810110092163
        ],
        [
            0.08016557991504669,
            0.02201933041214943,
            0.02036752551794052
        ],
        [
            0.06365732848644257,
            0.012652497738599777,
            -0.006961524486541748
        ],
        [
            0.09962020069360733,
            -0.005551165901124477,
            0.030034884810447693
        ],
        [
            0.15878552198410034,
            0.026449453085660934,
            0.012498632073402405
        ],
        [
            0.16752059757709503,
            0.028845034539699554,
            0.011297179386019707
        ],
        [
            0.16441431641578674,
            0.029439514502882957,
            0.004506159573793411
        ],
        [
            0.15635733306407928,
            0.026780489832162857,
            0.0047521330416202545
        ],
        [
            0.17510482668876648,
            -0.004068022593855858,
            -0.03810570016503334
        ],
        [
            0.1767009049654007,
            0.0007498105987906456,
            -0.032226525247097015
        ],
        [
            0.1705128252506256,
            8.23254231363535e-06,
            -0.024923497810959816
        ],
        [
            0.11023388803005219,
            0.03332870826125145,
            0.0077306777238845825
        ],
        [
            0.09981292486190796,
            0.039932847023010254,
            0.005009740591049194
        ],
        [
            0.1728045791387558,
            0.016383174806833267,
            -0.03582923486828804
        ],
        [
            0.19739694893360138,
            0.012097267434000969,
            -0.059586115181446075
        ],
        [
            0.19942991435527802,
            0.012823833152651787,
            -0.054017990827560425
        ],
        [
            0.1867303103208542,
            0.003100214060395956,
            -0.04600533843040466
        ],
        [
            0.18464051187038422,
            0.0021934187971055508,
            -0.052491653710603714
        ],
        [
            0.1739775836467743,
            0.018874242901802063,
            -0.04678977653384209
        ],
        [
            0.17526361346244812,
            0.01774251088500023,
            -0.04040127247571945
        ],
        [
            0.1762344092130661,
            0.01845448650419712,
            -0.04322052374482155
        ],
        [
            0.17505928874015808,
            0.02087712101638317,
            -0.049171436578035355
        ],
        [
            0.1489069163799286,
            0.045321594923734665,
            -0.045854855328798294
        ],
        [
            0.1445046216249466,
            0.04354371130466461,
            -0.04148847609758377
        ],
        [
            0.15786196291446686,
            0.007206106558442116,
            -0.05424541234970093
        ],
        [
            0.16261570155620575,
            -0.005175484344363213,
            -0.05043249577283859
        ],
        [
            0.1542435735464096,
            -0.007081527262926102,
            -0.04222298413515091
        ],
        [
            0.14140303432941437,
            0.03129349648952484,
            -0.028782133013010025
        ],
        [
            0.1479535847902298,
            0.03437329828739166,
            -0.036283742636442184
        ],
        [
            0.14509257674217224,
            0.03734174370765686,
            -0.03659551590681076
        ],
        [
            0.16518132388591766,
            0.020041529089212418,
            -0.03439856693148613
        ],
        [
            0.17057077586650848,
            0.019923754036426544,
            -0.03993942216038704
        ],
        [
            0.1661294847726822,
            0.02225765958428383,
            -0.039541132748126984
        ],
        [
            0.16059012711048126,
            0.02298669144511223,
            -0.03473649546504021
        ],
        [
            0.09682081639766693,
            0.04210485890507698,
            -0.02716369554400444
        ],
        [
            0.10077185928821564,
            0.05004219710826874,
            -0.01952498033642769
        ],
        [
            0.2040373682975769,
            0.022038357332348824,
            -0.05108766257762909
        ],
        [
            0.20173752307891846,
            0.01912759803235531,
            -0.05053982138633728
        ],
        [
            0.13383837044239044,
            0.028446175158023834,
            -0.020678631961345673
        ],
        [
            0.14449052512645721,
            -0.009276878088712692,
            -0.03184919059276581
        ],
        [
            0.12671852111816406,
            0.027058390900492668,
            -0.011855080723762512
        ],
        [
            0.13272109627723694,
            0.04075136035680771,
            -0.05697415769100189
        ],
        [
            0.13518962264060974,
            0.047889843583106995,
            -0.052530597895383835
        ],
        [
            0.13989385962486267,
            0.04926216974854469,
            -0.054537732154130936
        ],
        [
            0.13975843787193298,
            0.045284539461135864,
            -0.059365253895521164
        ],
        [
            0.18525324761867523,
            0.027841614559292793,
            -0.05701266974210739
        ],
        [
            0.18805217742919922,
            0.028466615825891495,
            -0.05199985206127167
        ],
        [
            0.19084309041500092,
            0.03027544543147087,
            -0.05345728248357773
        ],
        [
            0.18897177278995514,
            0.03019678220152855,
            -0.05907408893108368
        ],
        [
            0.1776883900165558,
            0.014104213565587997,
            -0.03648574277758598
        ],
        [
            0.18000857532024384,
            0.008341521956026554,
            -0.03433132544159889
        ],
        [
            0.1836114376783371,
            0.012002244591712952,
            -0.038412075489759445
        ],
        [
            0.17997169494628906,
            0.01616312749683857,
            -0.04055580124258995
        ],
        [
            0.18185575306415558,
            0.0032964975107461214,
            -0.03761439025402069
        ],
        [
            0.1860605627298355,
            0.006638927385210991,
            -0.04077938571572304
        ],
        [
            0.18521839380264282,
            0.024356868118047714,
            -0.062471482902765274
        ],
        [
            0.18886202573776245,
            0.018526561558246613,
            -0.0655335783958435
        ],
        [
            0.17627517879009247,
            0.010741185396909714,
            -0.05936551094055176
        ],
        [
            0.17565326392650604,
            0.01787085272371769,
            -0.05625870078802109
        ],
        [
            0.1004427894949913,
            0.012004673480987549,
            -0.02883550152182579
        ],
        [
            0.09449516236782074,
            0.02136029489338398,
            -0.027465760707855225
        ],
        [
            0.1048739105463028,
            0.027624471113085747,
            -0.036611318588256836
        ],
        [
            0.11430196464061737,
            0.0337381511926651,
            -0.04660426080226898
        ],
        [
            0.12432974576950073,
            0.03898322209715843,
            -0.05494391918182373
        ],
        [
            0.12997791171073914,
            0.028378402814269066,
            -0.05836626514792442
        ],
        [
            0.1001223772764206,
            0.03383921459317207,
            -0.034111328423023224
        ],
        [
            0.16849693655967712,
            0.017373796552419662,
            -0.05109592527151108
        ],
        [
            0.16763915121555328,
            0.007116807624697685,
            -0.054530952125787735
        ],
        [
            0.16473431885242462,
            0.012929342687129974,
            -0.05412480607628822
        ],
        [
            0.12338501214981079,
            0.033739782869815826,
            -0.011506695300340652
        ],
        [
            0.19904468953609467,
            0.015691442415118217,
            -0.04943283647298813
        ],
        [
            0.09830071777105331,
            -0.021854450926184654,
            -0.0003223046660423279
        ],
        [
            0.08936438709497452,
            -0.014314305037260056,
            -0.0076999664306640625
        ],
        [
            0.09730593860149384,
            -0.013104459270834923,
            -0.011382069438695908
        ],
        [
            0.10817589610815048,
            -0.020967518910765648,
            -0.00241735577583313
        ],
        [
            0.1925565004348755,
            0.025457777082920074,
            -0.04768142104148865
        ],
        [
            0.19657616317272186,
            0.020690664649009705,
            -0.04634177312254906
        ],
        [
            0.1411951333284378,
            0.049070026725530624,
            -0.04232564568519592
        ],
        [
            0.14527295529842377,
            0.049636900424957275,
            -0.04672546312212944
        ],
        [
            0.14318957924842834,
            0.051814187318086624,
            -0.04951038584113121
        ],
        [
            0.1398281455039978,
            0.05401753634214401,
            -0.04468441382050514
        ],
        [
            0.09109774231910706,
            0.02574009820818901,
            -0.025213561952114105
        ],
        [
            0.11882326006889343,
            0.058963365852832794,
            -0.04663856327533722
        ],
        [
            0.12006522715091705,
            0.05024880915880203,
            -0.053884945809841156
        ],
        [
            0.0856972187757492,
            0.015539688989520073,
            -0.01957789435982704
        ],
        [
            0.09041107445955276,
            0.007093733176589012,
            -0.021181251853704453
        ],
        [
            0.08286412805318832,
            0.004053790122270584,
            -0.015757780522108078
        ],
        [
            0.1440945267677307,
            0.0222293883562088,
            -0.059591714292764664
        ],
        [
            0.10673598945140839,
            0.0061970241367816925,
            -0.03036629594862461
        ],
        [
            0.09590013325214386,
            0.0017397012561559677,
            -0.02167554572224617
        ],
        [
            0.08712811768054962,
            -0.0021487604826688766,
            -0.01523130014538765
        ],
        [
            0.08020692318677902,
            -0.004633687436580658,
            -0.01124555990099907
        ],
        [
            0.07629817724227905,
            0.0024836361408233643,
            -0.012122869491577148
        ],
        [
            0.19334450364112854,
            0.014811411499977112,
            -0.0637049451470375
        ],
        [
            0.19358892738819122,
            0.02255559153854847,
            -0.06736524403095245
        ],
        [
            0.06792564690113068,
            0.00022132694721221924,
            -0.009312722831964493
        ],
        [
            0.07298988848924637,
            -0.007451364770531654,
            -0.007889784872531891
        ],
        [
            0.10242488235235214,
            -0.004750840365886688,
            -0.020832575857639313
        ],
        [
            0.11142807453870773,
            -0.01210362184792757,
            -0.018217775970697403
        ],
        [
            0.11275304108858109,
            -4.5340508222579956e-05,
            -0.029092444106936455
        ],
        [
            0.12212634086608887,
            -0.006984429433941841,
            -0.02752459980547428
        ],
        [
            0.14647631347179413,
            0.011539094150066376,
            -0.06030786409974098
        ],
        [
            0.20377381145954132,
            0.038103241473436356,
            -0.0667777732014656
        ],
        [
            0.19533994793891907,
            0.03076089546084404,
            -0.06663750857114792
        ],
        [
            0.19318118691444397,
            0.03281296044588089,
            -0.06159301847219467
        ],
        [
            0.20085270702838898,
            0.03988904878497124,
            -0.06413741409778595
        ],
        [
            0.1897311955690384,
            0.027525361627340317,
            -0.06430637836456299
        ],
        [
            0.1985148787498474,
            0.026218917220830917,
            -0.06796809285879135
        ],
        [
            0.13444313406944275,
            -0.013479752466082573,
            -0.020715398713946342
        ],
        [
            0.17014047503471375,
            0.022724298760294914,
            -0.04463774338364601
        ],
        [
            0.12585335969924927,
            -0.01882985234260559,
            -0.007108226418495178
        ],
        [
            0.15087354183197021,
            -0.014415828511118889,
            -0.01529361866414547
        ],
        [
            0.14584137499332428,
            -0.01669572852551937,
            -0.003396395593881607
        ],
        [
            0.11813784390687943,
            -0.023862887173891068,
            0.00851764902472496
        ],
        [
            0.13666518032550812,
            -0.020386453717947006,
            0.009640295058488846
        ],
        [
            0.09825398772954941,
            -0.025717802345752716,
            0.011687781661748886
        ],
        [
            0.10712780803442001,
            -0.02440897934138775,
            0.008655905723571777
        ],
        [
