{
    "pred_cam": [
        6.889017105102539,
        -0.15639594197273254,
        -0.04611438140273094
    ],
    "pred_mano_params": {
        "global_orient": [
            [
                [
                    -0.6808112263679504,
                    -0.5087648630142212,
                    0.5269291996955872
                ],
                [
                    -0.14509277045726776,
                    -0.6114670634269714,
                    -0.7778534889221191
                ],
                [
                    0.7179444432258606,
                    -0.606024980545044,
                    0.3424755334854126
                ]
            ]
        ],
        "hand_pose": [
            [
                [
                    0.8778132796287537,
                    -0.43818214535713196,
                    -0.19349472224712372
                ],
                [
                    0.3960937559604645,
                    0.891170859336853,
                    -0.2211882621049881
                ],
                [
                    0.2693575918674469,
                    0.11751995235681534,
                    0.9558428525924683
                ]
            ],
            [
                [
                    0.8601803183555603,
                    -0.49344852566719055,
                    0.128834530711174
                ],
                [
                    0.5098828077316284,
                    0.8269269466400146,
                    -0.237089142203331
                ],
                [
                    0.01045453641563654,
                    0.26962992548942566,
                    0.9629071950912476
                ]
            ],
            [
                [
                    0.6370735764503479,
                    -0.766159176826477,
                    0.08448271453380585
                ],
                [
                    0.740562915802002,
                    0.6387913227081299,
                    0.20859582722187042
                ],
                [
                    -0.21378442645072937,
                    -0.07032613456249237,
                    0.9743461608886719
                ]
            ],
            [
                [
                    0.6482248902320862,
                    -0.7442640066146851,
                    -0.16085870563983917
                ],
                [
                    0.7367660403251648,
                    0.6664085984230042,
                    -0.11434763669967651
                ],
                [
                    0.19230245053768158,
                    -0.044392239302396774,
                    0.9803310632705688
                ]
            ],
            [
                [
                    0.937428891658783,
                    -0.29570984840393066,
                    -0.1838008016347885
                ],
                [
                    0.33159884810447693,
                    0.91921067237854,
                    0.21235336363315582
                ],
                [
                    0.10615667700767517,
                    -0.2600143253803253,
                    0.9597516655921936
                ]
            ],
            [
                [
                    0.8007979393005371,
                    -0.598577082157135,
                    0.020691880956292152
                ],
                [
                    0.5987377166748047,
                    0.8009424805641174,
                    -0.002031109295785427
                ],
                [
                    -0.015357235446572304,
                    0.014015518128871918,
                    0.9997837543487549
                ]
            ],
            [
                [
                    0.6111723184585571,
                    -0.7883164286613464,
                    0.07089193910360336
                ],
                [
                    0.6967317461967468,
                    0.5783314108848572,
                    0.4243791997432709
                ],
                [
                    -0.37554413080215454,
                    -0.20997612178325653,
                    0.902705192565918
                ]
            ],
            [
                [
                    0.9647763967514038,
                    -0.1325167566537857,
                    -0.22725723683834076
                ],
                [
                    0.12067902833223343,
                    0.9905428886413574,
                    -0.06527964770793915
                ],
                [
                    0.23375867307186127,
                    0.03555508702993393,
                    0.971644401550293
                ]
            ],
            [
                [
                    0.9924913048744202,
                    -0.11576312780380249,
                    0.039494629949331284
                ],
                [
                    0.08618473261594772,
                    0.8909859657287598,
                    0.44577595591545105
                ],
                [
                    -0.08679360151290894,
                    -0.439024955034256,
                    0.8942728638648987
                ]
            ],
            [
                [
                    0.6042037010192871,
                    -0.7957690954208374,
                    0.04110099747776985
                ],
                [
                    0.7957403063774109,
                    0.5998778343200684,
                    -0.08333036303520203
                ],
                [
                    0.04165615886449814,
                    0.08305423706769943,
                    0.9956739544868469
                ]
            ],
            [
                [
                    0.9958227276802063,
                    -0.07473794370889664,
                    -0.05245286971330643
                ],
                [
                    0.08970613777637482,
                    0.9079315662384033,
                    0.4094058871269226
                ],
                [
                    0.017025474458932877,
                    -0.4124010503292084,
                    0.9108433127403259
                ]
            ],
            [
                [
                    0.8318570852279663,
                    -0.5539112091064453,
                    -0.03458604961633682
                ],
                [
                    0.5465371012687683,
                    0.8067602515220642,
                    0.22457733750343323
                ],
                [
                    -0.09649323672056198,
                    -0.20571880042552948,
                    0.9738422632217407
                ]
            ],
            [
                [
                    0.9502512812614441,
                    -0.27790674567222595,
                    -0.14067845046520233
                ],
                [
                    -0.03878200054168701,
                    0.34256550669670105,
                    -0.9386932253837585
                ],
                [
                    0.3090606927871704,
                    0.8974501490592957,
                    0.31474554538726807
                ]
            ],
            [
                [
                    0.9102609753608704,
                    -0.4124586880207062,
                    -0.0360950268805027
                ],
                [
                    0.3416387140750885,
                    0.6989880204200745,
                    0.6282504796981812
                ],
                [
                    -0.2338973730802536,
                    -0.5842033624649048,
                    0.7771733999252319
                ]
            ],
            [
                [
                    0.9181363582611084,
                    0.3357267379760742,
                    -0.21050702035427094
                ],
                [
                    -0.3609936535358429,
                    0.9277262687683105,
                    -0.09490843862295151
                ],
                [
                    0.16342957317829132,
                    0.16313058137893677,
                    0.972974419593811
                ]
            ]
        ],
        "betas": [
            -0.023042738437652588,
            -0.13639134168624878,
            -0.0354079008102417,
            -0.039591461420059204,
            -0.00546303391456604,
            -0.00446372851729393,
            0.0032876431941986084,
            -0.012645453214645386,
            -0.008642300963401794,
            -0.057682693004608154
        ]
    },
    "pred_cam_t": [
        -0.15639594197273254,
        -0.04611438140273094,
        5.670257568359375
    ],
    "focal_length": [
        5000.0,
        5000.0
    ],
    "pred_keypoints_3d": [
        [
            0.09584629535675049,
            0.006396020296961069,
            0.006228590849786997
        ],
        [
            0.13372647762298584,
            -0.0007169260643422604,
            0.007180103566497564
        ],
        [
            0.16080506145954132,
            0.013795807957649231,
            0.004784637596458197
        ],
        [
            0.18287032842636108,
            0.02920931950211525,
            0.0013033989816904068
        ],
        [
            0.2135445475578308,
            0.042979225516319275,
            -0.012745109386742115
        ],
        [
            0.16933585703372955,
            0.0063586183823645115,
            -0.046855296939611435
        ],
        [
            0.19213449954986572,
            0.02171345427632332,
            -0.06519126147031784
        ],
        [
            0.20490401983261108,
            0.039896704256534576,
            -0.06424544006586075
        ],
        [
            0.20970264077186584,
            0.05640702322125435,
            -0.04678451269865036
        ],
        [
            0.1593354046344757,
            0.02374003268778324,
            -0.06206098571419716
        ],
        [
            0.178137868642807,
            0.04865933209657669,
            -0.06807205826044083
        ],
        [
            0.18731610476970673,
            0.06933702528476715,
            -0.062326446175575256
        ],
        [
            0.19455617666244507,
            0.0874851644039154,
            -0.04580177739262581
        ],
        [
            0.13955241441726685,
            0.04148581251502037,
            -0.05932963266968727
        ],
        [
            0.1599894016981125,
            0.06176726147532463,
            -0.06239579990506172
        ],
        [
            0.17276665568351746,
            0.08270647376775742,
            -0.058256812393665314
        ],
        [
            0.18450891971588135,
            0.1003180593252182,
            -0.04418560117483139
        ],
        [
            0.1250714361667633,
            0.05612117052078247,
            -0.05210238695144653
        ],
        [
            0.1389826536178589,
            0.07210145145654678,
            -0.0515558160841465
        ],
        [
            0.1483176052570343,
            0.08856184780597687,
            -0.04960337653756142
        ],
        [
            0.16019457578659058,
            0.10490289330482483,
            -0.042497701942920685
        ]
    ],
    "pred_vertices": [
        [
            0.14633208513259888,
            0.012116135098040104,
            -0.013834457844495773
        ],
        [
            0.1383281946182251,
            0.012148706242442131,
            -0.0057287998497486115
        ],
        [
            0.14630936086177826,
            0.014508282765746117,
            -0.005915936082601547
        ],
        [
            0.15451553463935852,
            0.011338736861944199,
            -0.013636212795972824
        ],
        [
            0.13705439865589142,
            0.018208928406238556,
            0.014203514903783798
        ],
        [
            0.13938367366790771,
            0.010762052610516548,
            0.023361019790172577
        ],
        [
            0.15357787907123566,
            0.01770235039293766,
            0.018431909382343292
        ],
        [
            0.14886534214019775,
            0.024277420714497566,
            0.012265469878911972
        ],
        [
            0.16049018502235413,
            0.011133666150271893,
            -0.014412365853786469
        ],
        [
            0.15333451330661774,
            0.01721832901239395,
            -0.005933571606874466
        ],
        [
            0.16171757876873016,
            0.010927711613476276,
            -0.014555303379893303
        ],
        [
            0.16494634747505188,
            -0.0013402262702584267,
            -0.026333317160606384
        ],
        [
            0.16499964892864227,
            0.0038905604742467403,
            -0.0235727708786726
        ],
        [
            0.1674218475818634,
            -0.0045759654603898525,
            -0.034609369933605194
        ],
        [
            0.15790943801403046,
            -0.009070771746337414,
            -0.026786355301737785
        ],
        [
            0.1613907814025879,
            -0.008127245120704174,
            -0.041023898869752884
        ],
        [
            0.131972074508667,
            -0.004393843002617359,
            -0.03868597000837326
        ],
        [
            0.1220172569155693,
            0.004701618105173111,
            -0.04107263684272766
        ],
        [
            0.1329052746295929,
            0.00910676084458828,
            -0.054047517478466034
        ],
        [
            0.14220823347568512,
            -4.022940993309021e-05,
            -0.04961816594004631
        ],
        [
            0.11817863583564758,
            0.023468637838959694,
            -0.05025024339556694
        ],
        [
            0.12680791318416595,
            0.01579080894589424,
            -0.0530690997838974
        ],
        [
            0.11524836719036102,
            0.010675059631466866,
            -0.0409042090177536
        ],
        [
            0.10828617215156555,
            0.017896106466650963,
            -0.03879450261592865
        ],
        [
            0.13254930078983307,
            0.018923912197351456,
            -0.013840384781360626
        ],
        [
            0.12547942996025085,
            0.01797620765864849,
            -0.005758807063102722
        ],
        [
            0.12976029515266418,
            0.01396387629210949,
            -0.006193738430738449
        ],
        [
            0.13687096536159515,
            0.015443560667335987,
            -0.013497397303581238
        ],
        [
            0.1677386462688446,
            0.012414636090397835,
            -0.007158676162362099
        ],
        [
            0.16040997207164764,
            -0.002429123967885971,
            -0.009658202528953552
        ],
        [
            0.1615845113992691,
            0.0032312385737895966,
            -0.014566076919436455
        ],
        [
            0.16621464490890503,
            0.017809972167015076,
            -0.007424535229802132
        ],
        [
            0.10656347870826721,
            0.026141634210944176,
            0.01520807296037674
        ],
        [
            0.09660019725561142,
            0.018867498263716698,
            0.020839396864175797
        ],
        [
            0.09985046833753586,
            0.01397157646715641,
            0.02194693312048912
        ],
        [
            0.10808883607387543,
            0.021216953173279762,
            0.016194451600313187
        ],
        [
            0.11889946460723877,
            0.003669937141239643,
            0.025921516120433807
        ],
        [
            0.10952069610357285,
            -0.0008848365396261215,
            0.026708733290433884
        ],
        [
            0.10750982165336609,
            -0.01366904191672802,
            0.027858026325702667
        ],
        [
            0.11808600276708603,
            -0.011609102599322796,
            0.02560051903128624
        ],
        [
            0.12947982549667358,
            0.007113151252269745,
            0.02482370287179947
        ],
        [
            0.13054054975509644,
            -0.0057919081300497055,
            0.026384569704532623
        ],
        [
            0.14240704476833344,
            9.703263640403748e-05,
            0.02460658550262451
        ],
        [
            0.15747827291488647,
            0.009499462321400642,
            0.01900918036699295
        ],
        [
            0.08800110220909119,
            0.02733198180794716,
            0.016477905213832855
        ],
        [
            0.09422814846038818,
            0.03421783074736595,
            0.012117631733417511
        ],
        [
            0.1967833787202835,
            0.026062186807394028,
            -0.054412342607975006
        ],
        [
            0.19304458796977997,
            0.030489560216665268,
            -0.05594807118177414
        ],
        [
            0.19065870344638824,
            0.027773896232247353,
            -0.05377506464719772
        ],
        [
            0.194776251912117,
            0.023769499734044075,
            -0.05298804119229317
        ],
        [
            0.07871746271848679,
            0.029446188360452652,
            -0.0013730600476264954
        ],
        [
            0.07519302517175674,
            0.022858787328004837,
            -0.008129112422466278
        ],
        [
            0.07073142379522324,
            0.022565003484487534,
            -0.002357199788093567
        ],
        [
            0.07485762983560562,
            0.02714317850768566,
            0.00473485141992569
        ],
        [
            0.08389798551797867,
            0.032432086765766144,
            -0.009407885372638702
        ],
        [
            0.0819629579782486,
            0.02325223758816719,
            -0.015651442110538483
        ],
        [
            0.20123931765556335,
            0.020290281623601913,
            -0.06496849656105042
        ],
        [
            0.2018401026725769,
            0.02101192995905876,
            -0.059859104454517365
        ],
        [
            0.19869934022426605,
            0.01712101139128208,
            -0.05978323146700859
        ],
        [
            0.19676357507705688,
            0.016304856166243553,
            -0.06466706842184067
        ],
        [
            0.1611197292804718,
            0.00829404965043068,
            -0.0213313065469265
        ],
        [
            0.153595432639122,
            0.012836380861699581,
            -0.020575348287820816
        ],
        [
            0.1709788590669632,
            0.011065355502068996,
            -0.03569347411394119
        ],
        [
            0.16329017281532288,
            0.011680440977215767,
            -0.030578691512346268
        ],
        [
            0.16653703153133392,
            0.0059522115625441074,
            -0.028703417629003525
        ],
        [
            0.1722259372472763,
            0.0051089623011648655,
            -0.03397728502750397
        ],
        [
            0.14439710974693298,
            0.02580886147916317,
            -0.032049551606178284
        ],
        [
            0.13706859946250916,
            0.02306601218879223,
            -0.023345056921243668
        ],
        [
            0.1423204392194748,
            0.019021103158593178,
            -0.02347196266055107
        ],
        [
            0.1517581045627594,
            0.02126157283782959,
            -0.03208877891302109
        ],
        [
            0.1284804344177246,
            0.03429226949810982,
            -0.023038078099489212
        ],
        [
            0.13609284162521362,
            0.03576130419969559,
            -0.03195328637957573
        ],
        [
            0.1302613914012909,
            0.04188258945941925,
            -0.030700374394655228
        ],
        [
            0.12642104923725128,
            0.04038302227854729,
            -0.023963574320077896
        ],
        [
            0.15030847489833832,
            0.03504148870706558,
            -0.04663943871855736
        ],
        [
            0.15370067954063416,
            0.035556379705667496,
            -0.05165573209524155
        ],
        [
            0.15262338519096375,
            0.03962045535445213,
            -0.051218945533037186
        ],
        [
            0.14772476255893707,
            0.03768911957740784,
            -0.04637094959616661
        ],
        [
            0.06601812690496445,
            0.021237632259726524,
            0.0028012171387672424
        ],
        [
            0.07150013744831085,
            0.024033987894654274,
            0.010440938174724579
        ],
        [
            0.10556752234697342,
            0.04046925902366638,
            -0.04451974481344223
        ],
        [
            0.10260868072509766,
            0.04743977263569832,
            -0.03631991893053055
        ],
        [
            0.10959712415933609,
            0.05353860557079315,
            -0.045292459428310394
        ],
        [
            0.11078531295061111,
            0.044296927750110626,
            -0.05263030529022217
        ],
        [
            0.0768803060054779,
            0.013782696798443794,
            -0.012828607112169266
        ],
        [
            0.07056964188814163,
            0.014408469200134277,
            -0.008199479430913925
        ],
        [
            0.1980506330728531,
            0.022367455065250397,
            -0.06992266327142715
        ],
        [
            0.19319193065166473,
            0.01873055472970009,
            -0.06894214451313019
        ],
        [
            0.14094838500022888,
            -0.012318803928792477,
            0.018332459032535553
        ],
        [
            0.15939107537269592,
            0.0007726550102233887,
            0.014728344976902008
        ],
        [
            0.12502363324165344,
            -0.01848497986793518,
            0.019446659833192825
        ],
        [
            0.1131644994020462,
            -0.020930595695972443,
            0.018818318843841553
        ],
        [
            0.10399827361106873,
            -0.023017341271042824,
            0.02089989185333252
        ],
        [
            0.16219758987426758,
            0.016806811094284058,
            -0.03470467031002045
        ],
        [
            0.1448563188314438,
            0.015502726659178734,
            -0.01944565400481224
        ],
        [
            0.1290106177330017,
            0.022653814405202866,
            -0.013949327170848846
        ],
        [
            0.11392690241336823,
            0.04941486939787865,
            -0.015734519809484482
        ],
        [
            0.10803565382957458,
            0.046945273876190186,
            -0.00740446150302887
        ],
        [
            0.11677144467830658,
            0.040868744254112244,
            -0.008216097950935364
        ],
        [
            0.11980406939983368,
            0.04394159093499184,
            -0.01578088104724884
        ],
        [
            0.10647691041231155,
            0.053933918476104736,
            -0.02975940704345703
        ],
        [
            0.11358009278774261,
            0.05449097603559494,
            -0.02618212252855301
        ],
        [
            0.11817052215337753,
            0.05660991743206978,
            -0.032841842621564865
        ],
        [
            0.11222724616527557,
            0.0573686920106411,
            -0.03749281167984009
        ],
        [
            0.17138630151748657,
            0.007762281224131584,
            -0.002653321251273155
        ],
        [
            0.16000297665596008,
            -0.006460726261138916,
            -0.0035565346479415894
        ],
        [
            0.08483295142650604,
            0.03339427709579468,
            0.006346426904201508
        ],
        [
            0.08182256668806076,
            0.028806619346141815,
            0.011934779584407806
        ],
        [
            0.07633693516254425,
            0.024119483307003975,
            0.016496770083904266
        ],
        [
            0.11699692159891129,
            0.02101592719554901,
            0.005535043776035309
        ],
        [
            0.10921654105186462,
            0.0177677683532238,
            0.016978058964014053
        ],
        [
            0.1123565137386322,
            0.014609673991799355,
            0.01751529425382614
        ],
        [
            0.11847887933254242,
            0.017507432028651237,
            0.004789389669895172
        ],
        [
            0.13040517270565033,
            0.01430536899715662,
            0.0036357007920742035
        ],
        [
            0.12588176131248474,
            0.013498185202479362,
            0.015857107937335968
        ],
        [
            0.1389375627040863,
            0.019686104729771614,
            0.0025956034660339355
        ],
        [
            0.103171207010746,
            0.0068450747057795525,
            0.024606868624687195
        ],
        [
            0.0930171087384224,
            0.009592543356120586,
            0.028294004499912262
        ],
        [
            0.09718836843967438,
            0.0018468499183654785,
            0.02984023466706276
        ],
        [
            0.08690199255943298,
            0.016615163534879684,
            0.02522660791873932
        ],
        [
            0.081090047955513,
            0.022063739597797394,
            0.021262750029563904
        ],
        [
            0.06289520859718323,
            0.012671906501054764,
            -0.004891633987426758
        ],
        [
            0.10099323093891144,
            -0.005536661483347416,
            0.02972455322742462
        ],
        [
            0.15837708115577698,
            0.026599865406751633,
            0.010678324848413467
        ],
        [
            0.16733641922473907,
            0.028783217072486877,
            0.009808020666241646
        ],
        [
            0.1646767109632492,
            0.029612533748149872,
            0.0028267428278923035
        ],
        [
            0.15627947449684143,
            0.027206305414438248,
            0.0027917250990867615
        ],
        [
            0.1720397025346756,
            -0.004255316220223904,
            -0.04282137006521225
        ],
        [
            0.17384374141693115,
            0.0004024340305477381,
            -0.03699861839413643
        ],
        [
            0.16831131279468536,
            -0.00021703727543354034,
            -0.029383482411503792
        ],
        [
            0.11030557751655579,
            0.03324408456683159,
            0.006722062826156616
        ],
        [
            0.09975568950176239,
            0.039873022586107254,
            0.0046415776014328
        ],
        [
            0.16964533925056458,
            0.015882905572652817,
            -0.040263090282678604
        ],
        [
            0.19302497804164886,
            0.012753397226333618,
            -0.06438159197568893
        ],
        [
            0.1953117698431015,
            0.013341843150556087,
            -0.05889590084552765
        ],
        [
            0.18304990231990814,
            0.003061437513679266,
            -0.05096952244639397
        ],
        [
            0.180721715092659,
            0.0024125687777996063,
            -0.05740361288189888
        ],
        [
            0.17019972205162048,
            0.018631013110280037,
            -0.050986189395189285
        ],
        [
            0.17178349196910858,
            0.017349446192383766,
            -0.04461389034986496
        ],
        [
            0.17257201671600342,
            0.018182406201958656,
            -0.047296855598688126
        ],
        [
            0.17113099992275238,
            0.020846422761678696,
            -0.053090810775756836
        ],
        [
            0.14532911777496338,
            0.044876325875520706,
            -0.048821114003658295
        ],
        [
            0.14130783081054688,
            0.0430920384824276,
            -0.044415172189474106
        ],
        [
            0.15381978452205658,
            0.006883746944367886,
            -0.05817115679383278
        ],
        [
            0.15885266661643982,
            -0.005438204854726791,
            -0.05479789152741432
        ],
        [
            0.15110793709754944,
            -0.007336420938372612,
            -0.04584560543298721
        ],
        [
            0.1390342116355896,
            0.030991384759545326,
            -0.031652506440877914
        ],
        [
            0.1450830101966858,
            0.033998049795627594,
            -0.03954674303531647
        ],
        [
            0.14222045242786407,
            0.036965616047382355,
            -0.039664868265390396
        ],
        [
            0.16226866841316223,
            0.019601896405220032,
            -0.03865503519773483
        ],
        [
            0.1672363579273224,
            0.019459987059235573,
            -0.044286951422691345
        ],
        [
            0.16291001439094543,
            0.021780239418148994,
            -0.04383085295557976
        ],
        [
            0.15772901475429535,
            0.022587064653635025,
            -0.038758814334869385
        ],
        [
            0.09472927451133728,
            0.04195268452167511,
            -0.027286265045404434
        ],
        [
            0.09916386008262634,
            0.0498783253133297,
            -0.01994495466351509
        ],
        [
            0.20008444786071777,
            0.02289854921400547,
            -0.05592811480164528
        ],
        [
            0.19773802161216736,
            0.019803494215011597,
            -0.055244095623493195
        ],
        [
            0.13200707733631134,
            0.02820352278649807,
            -0.0230860635638237
        ],
        [
            0.1420486718416214,
            -0.009391095489263535,
            -0.034746646881103516
        ],
        [
            0.12547831237316132,
            0.026877475902438164,
            -0.013832870870828629
        ],
        [
            0.12878964841365814,
            0.040505968034267426,
            -0.05923670530319214
        ],
        [
            0.13157372176647186,
            0.04770956188440323,
            -0.05475817620754242
        ],
        [
            0.13602054119110107,
            0.0490744486451149,
            -0.05689914897084236
        ],
        [
            0.13567984104156494,
            0.04513208568096161,
            -0.061748914420604706
        ],
        [
            0.1809236854314804,
            0.02825569547712803,
            -0.06091023236513138
        ],
        [
            0.18395617604255676,
            0.028717108070850372,
            -0.05599640682339668
        ],
        [
            0.1866222321987152,
            0.030820149928331375,
            -0.05744972079992294
        ],
        [
            0.1844678670167923,
            0.03082655370235443,
            -0.06293363869190216
        ],
        [
            0.17438183724880219,
            0.01363440416753292,
            -0.04088859260082245
        ],
        [
            0.17684152722358704,
            0.007884063757956028,
            -0.03901226073503494
        ],
        [
            0.18017806112766266,
            0.011645521968603134,
            -0.04296078532934189
        ],
        [
            0.17642734944820404,
            0.015850283205509186,
            -0.044833846390247345
        ],
        [
            0.17855364084243774,
            0.0029588674660772085,
            -0.042415518313646317
        ],
        [
            0.18255984783172607,
            0.006391169503331184,
            -0.04560402035713196
        ],
        [
            0.18066859245300293,
            0.024924999102950096,
            -0.06641887873411179
        ],
        [
            0.18419195711612701,
            0.019198725000023842,
            -0.06972809135913849
        ],
        [
            0.17203685641288757,
            0.011127899400889874,
            -0.06367161124944687
        ],
        [
            0.17148414254188538,
            0.018164051696658134,
            -0.06028984114527702
        ],
        [
            0.09817978739738464,
            0.011882059276103973,
            -0.02904050424695015
        ],
        [
            0.09236261993646622,
            0.021244706586003304,
            -0.027330756187438965
        ],
        [
            0.10215111076831818,
            0.027452539652585983,
            -0.0371742770075798
        ],
        [
            0.11094824969768524,
            0.033525630831718445,
            -0.04785407334566116
        ],
        [
            0.1204729974269867,
            0.038720689713954926,
            -0.05690678954124451
        ],
        [
            0.12586720287799835,
            0.028108160942792892,
            -0.060676440596580505
        ],
        [
            0.09757797420024872,
            0.03367665037512779,
            -0.03439999371767044
        ],
        [
            0.16453522443771362,
            0.016987482085824013,
            -0.05523711070418358
        ],
        [
            0.1636127233505249,
            0.007046961225569248,
            -0.058854587376117706
        ],
        [
            0.16072632372379303,
            0.012611978687345982,
            -0.05820862576365471
        ],
        [
            0.12219086289405823,
            0.033559367060661316,
            -0.013291846960783005
        ],
        [
            0.19511061906814575,
            0.01602223329246044,
            -0.054270777851343155
        ],
        [
            0.09776872396469116,
            -0.021852029487490654,
            -0.0003957711160182953
        ],
        [
            0.08840933442115784,
            -0.014311004430055618,
            -0.007173050194978714
        ],
        [
            0.09609465301036835,
            -0.013123609125614166,
            -0.011353697627782822
        ],
        [
            0.1074891984462738,
            -0.020990097895264626,
            -0.0031288228929042816
        ],
        [
            0.1886516511440277,
            0.02559465914964676,
            -0.051969919353723526
        ],
        [
            0.19274649024009705,
            0.02086643874645233,
            -0.050947126001119614
        ],
        [
            0.1380007266998291,
            0.04863236844539642,
            -0.04496040195226669
        ],
        [
            0.14172153174877167,
            0.04925199970602989,
            -0.04944583773612976
        ],
        [
            0.13947086036205292,
            0.05152259021997452,
            -0.051999934017658234
        ],
        [
            0.1365126073360443,
            0.053648319095373154,
            -0.04708065092563629
        ],
        [
            0.0891231819987297,
            0.025633210316300392,
            -0.024893827736377716
        ],
        [
            0.1154848039150238,
            0.05870887264609337,
            -0.04788828641176224
        ],
        [
            0.11638236045837402,
            0.05006334185600281,
            -0.05544400215148926
        ],
        [
            0.08408103883266449,
            0.015477269887924194,
            -0.018867194652557373
        ],
        [
            0.08865109086036682,
            0.007025599479675293,
            -0.020741064101457596
        ],
        [
            0.08146730065345764,
            0.004023626446723938,
            -0.014836892485618591
        ],
        [
            0.13983416557312012,
            0.02195141464471817,
            -0.06257659941911697
        ],
        [
            0.10433576256036758,
            0.00606316514313221,
            -0.030944492667913437
        ],
        [
            0.09407295286655426,
            0.0016686152666807175,
            -0.021564651280641556
        ],
        [
            0.08573031425476074,
            -0.002172553911805153,
            -0.014567818492650986
        ],
        [
            0.07907990366220474,
            -0.00463438592851162,
            -0.010149728506803513
        ],
        [
            0.07515103369951248,
            0.0024788640439510345,
            -0.0107915960252285
        ],
        [
            0.1887444108724594,
            0.015500890091061592,
            -0.06815752387046814
        ],
        [
            0.1886862814426422,
            0.02331024780869484,
            -0.07146342098712921
        ],
        [
            0.06697782874107361,
            0.00024373456835746765,
            -0.007456637918949127
        ],
        [
            0.07209478318691254,
            -0.007424851879477501,
            -0.006337441504001617
        ],
        [
            0.10061198472976685,
            -0.00482538715004921,
            -0.021117519587278366
        ],
        [
            0.1097671389579773,
            -0.012170453555881977,
            -0.01909570023417473
        ],
        [
            0.11038778722286224,
            -0.00018685869872570038,
            -0.03004537895321846
        ],
        [
            0.11984091997146606,
            -0.007128030061721802,
            -0.02906690165400505
        ],
        [
            0.1421532928943634,
            0.011225232854485512,
            -0.06371022760868073
        ],
        [
            0.19900524616241455,
            0.03905673325061798,
            -0.07161347568035126
        ],
        [
            0.19062617421150208,
            0.03161262720823288,
            -0.07099193334579468
        ],
        [
            0.18867480754852295,
            0.033624857664108276,
            -0.06587102264165878
        ],
        [
            0.1961597353219986,
            0.04075813293457031,
            -0.06886832416057587
        ],
        [
            0.1849786788225174,
            0.028228173032402992,
            -0.0682036280632019
        ],
        [
            0.19372215867042542,
            0.027100250124931335,
            -0.07247214764356613
        ],
        [
            0.13269397616386414,
            -0.013516949489712715,
            -0.022992901504039764
        ],
        [
            0.1665460467338562,
            0.022187490016222,
            -0.048927973955869675
        ],
        [
            0.12491671741008759,
            -0.01882605254650116,
            -0.008903302252292633
        ],
        [
            0.14967182278633118,
            -0.014253867790102959,
            -0.018221421167254448
        ],
        [
            0.14512427151203156,
            -0.01652717776596546,
            -0.006040029227733612
        ],
        [
            0.11800073087215424,
            -0.02390950359404087,
            0.007149331271648407
        ],
        [
            0.13643577694892883,
            -0.020381921902298927,
            0.007373247295618057
        ],
        [
            0.09845475107431412,
            -0.025687536224722862,
            0.011592511087656021
        ],
        [
            0.10708321630954742,
            -0.024425681680440903,
            0.007971357554197311
        ],
        [
            0.15313729643821716,
