{
    "pred_cam": [
        6.377753734588623,
        0.16089047491550446,
        0.0026747025549411774
    ],
    "pred_mano_params": {
        "global_orient": [
            [
                [
                    -0.9627489447593689,
                    -0.09175847470760345,
                    -0.2543516457080841
                ],
                [
                    0.2696722745895386,
                    -0.2570217549800873,
                    -0.9280175566673279
                ],
                [
                    0.019779540598392487,
                    -0.962039589881897,
                    0.2721921503543854
                ]
            ]
        ],
        "hand_pose": [
            [
                [
                    0.9151314496994019,
                    -0.3583073318004608,
                    -0.18479813635349274
                ],
                [
                    0.3805294334888458,
                    0.9190839529037476,
                    0.1023813858628273
                ],
                [
                    0.1331610232591629,
                    -0.1640135496854782,
                    0.9774290919303894
                ]
            ],
            [
                [
                    0.4048753082752228,
                    -0.8768942356109619,
                    0.2590993344783783
                ],
                [
                    0.9140340685844421,
                    0.38043421506881714,
                    -0.14075373113155365
                ],
                [
                    0.024855898693203926,
                    0.2938132882118225,
                    0.9555396437644958
                ]
            ],
            [
                [
                    0.8488712310791016,
                    -0.4991970956325531,
                    0.17383882403373718
                ],
                [
                    0.4635719656944275,
                    0.8610639572143555,
                    0.20897360146045685
                ],
                [
                    -0.2540053427219391,
                    -0.09680487960577011,
                    0.9623461961746216
                ]
            ],
            [
                [
                    0.7683632373809814,
                    -0.638316810131073,
                    -0.04657789692282677
                ],
                [
                    0.6334899663925171,
                    0.748149573802948,
                    0.19738970696926117
                ],
                [
                    -0.09114993363618851,
                    -0.181173637509346,
                    0.9792179465293884
                ]
            ],
            [
                [
                    0.5998115539550781,
                    -0.7619485259056091,
                    -0.2442551702260971
                ],
                [
                    0.8001399040222168,
                    0.5717617273330688,
                    0.18128623068332672
                ],
                [
                    0.0015249875141307712,
                    -0.30417585372924805,
                    0.9526146650314331
                ]
            ],
            [
                [
                    0.9197646975517273,
                    -0.3792068362236023,
                    0.10116881132125854
                ],
                [
                    0.3838002681732178,
                    0.9229323267936707,
                    -0.029887044802308083
                ],
                [
                    -0.08203860372304916,
                    0.06631766259670258,
                    0.9944202303886414
                ]
            ],
            [
                [
                    0.9144101738929749,
                    -0.36845406889915466,
                    0.1676178127527237
                ],
                [
                    0.37621065974235535,
                    0.9263965487480164,
                    -0.01596611738204956
                ],
                [
                    -0.14939779043197632,
                    0.07765917479991913,
                    0.9857227802276611
                ]
            ],
            [
                [
                    0.8919312357902527,
                    -0.44838327169418335,
                    -0.058404769748449326
                ],
                [
                    0.3919121026992798,
                    0.7021676301956177,
                    0.594445526599884
                ],
                [
                    -0.2255294770002365,
                    -0.5530940890312195,
                    0.8020120859146118
                ]
            ],
            [
                [
                    0.9258664846420288,
                    -0.36908257007598877,
                    0.08092791587114334
                ],
                [
                    0.34290847182273865,
                    0.9107027649879456,
                    0.23029159009456635
                ],
                [
                    -0.15869788825511932,
                    -0.185468390583992,
                    0.969750702381134
                ]
            ],
            [
                [
                    0.8710430264472961,
                    -0.48261556029319763,
                    -0.09146743267774582
                ],
                [
                    0.47622987627983093,
                    0.8753458857536316,
                    -0.08351442217826843
                ],
                [
                    0.12037099897861481,
                    0.029185129329562187,
                    0.9922998547554016
                ]
            ],
            [
                [
                    0.869234561920166,
                    -0.4933127164840698,
                    -0.032768890261650085
                ],
                [
                    0.4287590980529785,
                    0.7191686630249023,
                    0.5467742085456848
                ],
                [
                    -0.24616430699825287,
                    -0.48932501673698425,
                    0.8366385698318481
                ]
            ],
            [
                [
                    0.8906842470169067,
                    -0.45334896445274353,
                    0.034005455672740936
                ],
                [
                    0.4490383565425873,
                    0.888966977596283,
                    0.09001269936561584
                ],
                [
                    -0.07103689014911652,
                    -0.0649031326174736,
                    0.9953599572181702
                ]
            ],
            [
                [
                    0.8401915431022644,
                    0.09653118252754211,
                    -0.5336290001869202
                ],
                [
                    -0.4805785119533539,
                    0.5884391069412231,
                    -0.6502182483673096
                ],
                [
                    0.2512418031692505,
                    0.802758514881134,
                    0.5407923460006714
                ]
            ],
            [
                [
                    0.8235928416252136,
                    -0.30135858058929443,
                    -0.4804975092411041
                ],
                [
                    0.4984128475189209,
                    0.7888718843460083,
                    0.3595355749130249
                ],
                [
                    0.2707018554210663,
                    -0.535597026348114,
                    0.7999102473258972
                ]
            ],
            [
                [
                    0.5443602800369263,
                    -0.8226915597915649,
                    0.16386108100414276
                ],
                [
                    0.8300144672393799,
                    0.4999699294567108,
                    -0.24719643592834473
                ],
                [
                    0.1214408278465271,
                    0.2705709934234619,
                    0.9550096392631531
                ]
            ]
        ],
        "betas": [
            -0.03690260648727417,
            -0.023650914430618286,
            -0.025106877088546753,
            -0.06090167164802551,
            0.020344257354736328,
            -0.011858474463224411,
            0.0792093276977539,
            -0.04100227355957031,
            0.005502954125404358,
            -0.024516284465789795
        ]
    },
    "pred_cam_t": [
        -0.16089047491550446,
        0.0026747025549411774,
        6.124805450439453
    ],
    "focal_length": [
        5000.0,
        5000.0
    ],
    "pred_keypoints_3d": [
        [
            0.09590314328670502,
            0.006388147361576557,
            0.0062109665013849735
        ],
        [
            0.1139926090836525,
            -0.020102839916944504,
            0.027700914070010185
        ],
        [
            0.14032615721225739,
            -0.034505341202020645,
            0.03469938039779663
        ],
        [
            0.16723030805587769,
            -0.03250179439783096,
            0.031719572842121124
        ],
        [
            0.19142422080039978,
            -0.029044372960925102,
            0.054466672241687775
        ],
        [
            0.1761108636856079,
            -0.03529627248644829,
            0.015115423128008842
        ],
        [
            0.20826780796051025,
            -0.03906877338886261,
            0.02194162830710411
        ],
        [
            0.20953156054019928,
            -0.0344899483025074,
            0.04367203265428543
        ],
        [
            0.1996072232723236,
            -0.03178541734814644,
            0.06588362902402878
        ],
        [
            0.18823988735675812,
            -0.01568809151649475,
            0.004821459762752056
        ],
        [
            0.21479760110378265,
            -0.014663398265838623,
            0.022298209369182587
        ],
        [
            0.2130020260810852,
            -0.008977607823908329,
            0.04486030340194702
        ],
        [
            0.2062644511461258,
            -0.005894074682146311,
            0.06947900354862213
        ],
        [
            0.18194983899593353,
            0.01011666376143694,
            0.0010944311507046223
        ],
        [
            0.209490105509758,
            0.013997191563248634,
            0.009132513776421547
        ],
        [
            0.22133880853652954,
            0.019685665145516396,
            0.03023684024810791
        ],
        [
            0.22804926335811615,
            0.022424153983592987,
            0.05458156019449234
        ],
        [
            0.17420923709869385,
            0.030541948974132538,
            0.0026539978571236134
        ],
        [
            0.1943320631980896,
            0.036429695785045624,
            0.005571477115154266
        ],
        [
            0.20452880859375,
            0.041604507714509964,
            0.02073700539767742
        ],
        [
            0.20974965393543243,
            0.04316936433315277,
            0.03864407539367676
        ]
    ],
    "pred_vertices": [
        [
            0.14031437039375305,
            -0.017027730122208595,
            0.02447276934981346
        ],
        [
            0.12984634935855865,
            -0.012425022199749947,
            0.02529386430978775
        ],
        [
            0.13708367943763733,
            -0.017993604764342308,
            0.027882255613803864
        ],
        [
            0.14468827843666077,
            -0.023438571020960808,
            0.027652528136968613
        ],
        [
            0.12501177191734314,
            -0.012760395184159279,
            0.04166499152779579
        ],
        [
            0.11717027425765991,
            -0.020421404391527176,
            0.0473063699901104
        ],
        [
            0.1341455727815628,
            -0.02767149731516838,
            0.0478360652923584
        ],
        [
            0.13799290359020233,
            -0.01912458799779415,
            0.0434030182659626
        ],
        [
            0.14855965971946716,
            -0.029009755700826645,
            0.027565445750951767
        ],
        [
            0.14335574209690094,
            -0.022521723061800003,
            0.030033918097615242
        ],
        [
            0.1476466804742813,
            -0.03164109215140343,
            0.0233195498585701
        ],
        [
            0.15346887707710266,
            -0.040790166705846786,
            0.017979424446821213
        ],
        [
            0.15457862615585327,
            -0.035789910703897476,
            0.024027399718761444
        ],
        [
            0.1605236977338791,
            -0.043942783027887344,
            0.01506583672016859
        ],
        [
            0.14591844379901886,
            -0.042979877442121506,
            0.010531650856137276
        ],
        [
            0.15998601913452148,
            -0.04320492595434189,
            0.0058633750304579735
        ],
        [
            0.14409321546554565,
            -0.023618843406438828,
            -0.006820482201874256
        ],
        [
            0.1441192626953125,
            -0.010705463588237762,
            -0.010828610509634018
        ],
        [
            0.16123555600643158,
            -0.013211364857852459,
            -0.011273733340203762
        ],
        [
            0.15971478819847107,
            -0.025808140635490417,
            -0.00625400897115469
        ],
        [
            0.15509209036827087,
            0.006856960244476795,
            -0.011769227683544159
        ],
        [
            0.15943461656570435,
            -0.004245099611580372,
            -0.011684141121804714
        ],
        [
            0.1424138993024826,
            -0.0019957134500145912,
            -0.012589549645781517
        ],
        [
            0.13961994647979736,
            0.007939139381051064,
            -0.012602213770151138
        ],
        [
            0.13593648374080658,
            -0.0035735201090574265,
            0.01976778171956539
        ],
        [
            0.12515617907047272,
            0.0002636127173900604,
            0.020896604284644127
        ],
        [
            0.1256035566329956,
            -0.00497317872941494,
            0.0217578262090683
        ],
        [
            0.13633592426776886,
            -0.008680382743477821,
            0.021140731871128082
        ],
        [
            0.14638647437095642,
            -0.03553919494152069,
            0.02256571501493454
        ],
        [
            0.1373659372329712,
            -0.04201480746269226,
            0.020667701959609985
        ],
        [
            0.14321176707744598,
            -0.03781382739543915,
            0.019585020840168
        ],
        [
            0.14843368530273438,
            -0.030785320326685905,
            0.024099744856357574
        ],
        [
            0.10326329618692398,
            0.017436783760786057,
            0.026514235883951187
        ],
        [
            0.09069105237722397,
            0.016914300620555878,
            0.021591948345303535
        ],
        [
            0.0898381769657135,
            0.011165076866745949,
            0.02272101491689682
        ],
        [
            0.10143690556287766,
            0.012783627957105637,
            0.02665078267455101
        ],
        [
            0.09485635161399841,
            -0.0087000522762537,
            0.03636268898844719
        ],
        [
            0.08637555688619614,
            -0.006306508556008339,
            0.027616089209914207
        ],
        [
            0.07906319946050644,
            -0.01621044985949993,
            0.021471772342920303
        ],
        [
            0.08775626868009567,
            -0.02113700658082962,
            0.027393916621804237
        ],
        [
            0.10588912665843964,
            -0.014224408194422722,
            0.04367755353450775
        ],
        [
            0.09830939024686813,
            -0.02522231452167034,
            0.03847578912973404
        ],
        [
            0.11223428696393967,
            -0.03078066185116768,
            0.04475356638431549
        ],
        [
            0.13137516379356384,
            -0.03658212721347809,
            0.045785561203956604
        ],
        [
            0.09226527065038681,
            0.028571728616952896,
            0.016415340825915337
        ],
        [
            0.10164562612771988,
            0.030807025730609894,
            0.01974986493587494
        ],
        [
            0.19754160940647125,
            -0.040781933814287186,
            0.031935978680849075
        ],
        [
            0.19808067381381989,
            -0.03459407389163971,
            0.03222227096557617
        ],
        [
            0.1969079077243805,
            -0.03478052839636803,
            0.03135215491056442
        ],
        [
            0.19677181541919708,
            -0.04069353640079498,
            0.03119441494345665
        ],
        [
            0.1006808876991272,
            0.03488431125879288,
            -0.0008704927749931812
        ],
        [
            0.10096932202577591,
            0.03110356628894806,
            -0.010274993255734444
        ],
        [
            0.09415759891271591,
            0.03347410261631012,
            -0.009109338745474815
        ],
        [
            0.09319233149290085,
            0.03526197746396065,
            0.0001137822400778532
        ],
        [
            0.11059106886386871,
            0.0342557430267334,
            -0.0020228575449436903
        ],
        [
            0.1103944256901741,
            0.027482498437166214,
            -0.011130889877676964
        ],
        [
            0.2083572894334793,
            -0.04585259407758713,
            0.026931466534733772
        ],
        [
            0.20390772819519043,
            -0.046684544533491135,
            0.029689529910683632
        ],
        [
            0.20289306342601776,
            -0.04703619331121445,
            0.02592627704143524
        ],
        [
            0.20644783973693848,
            -0.04553138464689255,
            0.022032665088772774
        ],
        [
            0.15307863056659698,
            -0.029018806293606758,
            0.02681760862469673
        ],
        [
            0.15021738409996033,
            -0.020578067749738693,
            0.025290295481681824
        ],
        [
            0.17077095806598663,
            -0.03296155110001564,
            0.025857921689748764
        ],
        [
            0.1628710925579071,
            -0.027094796299934387,
            0.024535831063985825
        ],
        [
            0.1609247624874115,
            -0.03393412008881569,
            0.025169353932142258
        ],
        [
            0.16771185398101807,
            -0.038459260016679764,
            0.024745842441916466
        ],
        [
            0.1589154750108719,
            -0.004886552691459656,
            0.017226340249180794
        ],
        [
            0.14732159674167633,
            -0.0029716258868575096,
            0.017664099112153053
        ],
        [
            0.1486695110797882,
            -0.009203718975186348,
            0.01920379139482975
        ],
        [
            0.16130079329013824,
            -0.012722303159534931,
            0.020026933401823044
        ],
        [
            0.14675548672676086,
            0.011205289512872696,
            0.01680746115744114
        ],
        [
            0.158259317278862,
            0.008076496422290802,
            0.016072966158390045
        ],
        [
            0.15674304962158203,
            0.016516197472810745,
            0.015712745487689972
        ],
        [
            0.14880383014678955,
            0.017453698441386223,
            0.01723276637494564
        ],
        [
            0.1771872639656067,
            -0.00050400011241436,
            0.014483755454421043
        ],
        [
            0.18380264937877655,
            -0.00263523799367249,
            0.013828033581376076
        ],
        [
            0.18576601147651672,
            0.000948253320530057,
            0.01326470635831356
        ],
        [
            0.1769866943359375,
            0.0029604542069137096,
            0.01374268252402544
        ],
        [
            0.08725341409444809,
            0.03510095924139023,
            -0.008928375318646431
        ],
        [
            0.08597061038017273,
            0.034665197134017944,
            0.0008339232299476862
        ],
        [
            0.15048281848430634,
            0.02788686752319336,
            -0.009047123603522778
        ],
        [
            0.14629106223583221,
            0.036065004765987396,
            -0.0026243538595736027
        ],
        [
            0.15881702303886414,
            0.03734629973769188,
            -0.0028326446190476418
        ],
        [
            0.1599944531917572,
            0.028213664889335632,
            -0.009753742255270481
        ],
        [
            0.10175172239542007,
            0.0224052295088768,
            -0.015989195555448532
        ],
        [
            0.09507253766059875,
            0.026534486562013626,
            -0.016404634341597557
        ],
        [
            0.21213017404079437,
            -0.04125926271080971,
            0.024342447519302368
        ],
        [
            0.2100662887096405,
            -0.040840934962034225,
            0.019512837752699852
        ],
        [
            0.1068815216422081,
            -0.03750993311405182,
            0.03372849151492119
        ],
        [
            0.1284414529800415,
            -0.042878974229097366,
            0.03937159478664398
        ],
        [
            0.0933966115117073,
            -0.03070271573960781,
            0.024362917989492416
        ],
        [
            0.08565135300159454,
            -0.02533022128045559,
            0.01582871749997139
        ],
        [
            0.07802183926105499,
            -0.022039975970983505,
            0.010660989210009575
        ],
        [
            0.16741125285625458,
            -0.022283028811216354,
            0.023318713530898094
        ],
        [
            0.14556269347667694,
            -0.013397479429841042,
            0.022022373974323273
        ],
        [
            0.1356799602508545,
            0.0013860948383808136,
            0.018948018550872803
        ],
        [
            0.13925138115882874,
            0.03203645348548889,
            0.01867225393652916
        ],
        [
            0.12868018448352814,
            0.03334744647145271,
            0.019773835316300392
        ],
        [
            0.13189157843589783,
            0.023489046841859818,
            0.022231969982385635
        ],
        [
            0.14046704769134521,
            0.024258289486169815,
            0.020107999444007874
        ],
        [
            0.14680999517440796,
            0.039591800421476364,
            0.0064995018765330315
        ],
        [
            0.1490151435136795,
            0.03622621297836304,
            0.013427643105387688
        ],
        [
            0.15847307443618774,
            0.03564388304948807,
            0.012236380949616432
        ],
        [
            0.15758363902568817,
            0.03943973034620285,
            0.005725754424929619
        ],
        [
            0.14540539681911469,
            -0.04213637113571167,
            0.024685844779014587
        ],
        [
            0.13246937096118927,
            -0.045712657272815704,
            0.02329060435295105
        ],
        [
            0.10012935101985931,
            0.03506823629140854,
            0.009727648459374905
        ],
        [
            0.09260525554418564,
            0.0330280177295208,
            0.010014813393354416
        ],
        [
            0.0843920111656189,
            0.032245926558971405,
            0.008052455261349678
        ],
        [
            0.11370912194252014,
            0.00782766379415989,
            0.025070209056138992
        ],
        [
            0.10011284798383713,
            0.009550094604492188,
            0.0270952507853508
        ],
        [
            0.10023202002048492,
            0.005409348756074905,
            0.02930452674627304
        ],
        [
            0.1132684275507927,
            0.004618523642420769,
            0.0249386765062809
        ],
        [
            0.12174402177333832,
            -0.006863884627819061,
            0.0303178858011961
        ],
        [
            0.11148099601268768,
            -0.0053009577095508575,
            0.0381617471575737
        ],
        [
            0.13266031444072723,
            -0.01187649741768837,
            0.03251155465841293
        ],
        [
            0.08701343834400177,
            0.003624364733695984,
            0.02451910637319088
        ],
        [
            0.07968831062316895,
            0.011366639286279678,
            0.02118600904941559
        ],
        [
            0.07786401361227036,
            0.0027018990367650986,
            0.022112170234322548
        ],
        [
            0.08116679638624191,
            0.020471706986427307,
            0.017848242074251175
        ],
        [
            0.08284955471754074,
            0.028081446886062622,
            0.013512207195162773
        ],
        [
            0.08763204514980316,
            0.029373757541179657,
            -0.01947048306465149
        ],
        [
            0.07719679176807404,
            -0.005587972700595856,
            0.021576376631855965
        ],
        [
            0.14530256390571594,
            -0.02401505410671234,
            0.04315054789185524
        ],
        [
            0.15095926821231842,
            -0.026693876832723618,
            0.04169655963778496
        ],
        [
            0.15065085887908936,
            -0.02252781391143799,
            0.035543713718652725
        ],
        [
            0.1462184637784958,
            -0.021164584904909134,
            0.035854704678058624
        ],
        [
            0.16964855790138245,
            -0.04581664130091667,
            0.012752706184983253
        ],
        [
            0.1686319261789322,
            -0.04349019005894661,
            0.020601915195584297
        ],
        [
            0.15949401259422302,
            -0.04060712084174156,
            0.021965142339468002
        ],
        [
            0.1143442913889885,
            0.021037422120571136,
            0.02559322863817215
        ],
        [
            0.11240935325622559,
            0.03229270875453949,
            0.020166484639048576
        ],
        [
            0.1753576695919037,
            -0.028396740555763245,
            0.02445688098669052
        ],
        [
            0.20371901988983154,
            -0.04575854539871216,
            0.018363120034337044
        ],
        [
            0.20023591816425323,
            -0.04783134162425995,
            0.02297395095229149
        ],
        [
            0.18513929843902588,
            -0.047330789268016815,
            0.01626664772629738
        ],
        [
            0.1885981261730194,
            -0.04506596550345421,
            0.01065830048173666
        ],
        [
            0.18458108603954315,
            -0.026934897527098656,
            0.019169336184859276
        ],
        [
            0.18034598231315613,
            -0.029732530936598778,
            0.02414684370160103
        ],
        [
            0.18294812738895416,
            -0.029747391119599342,
            0.023539969697594643
        ],
        [
            0.18757858872413635,
            -0.025944136083126068,
            0.0206588301807642
        ],
        [
            0.18176163733005524,
            0.009304343722760677,
            0.011976060457527637
        ],
        [
            0.1745861917734146,
            0.011125927790999413,
            0.012877777218818665
        ],
        [
            0.17540739476680756,
            -0.02600192278623581,
            -0.0025763697922229767
        ],
        [
            0.1706520915031433,
            -0.038528382778167725,
            -0.0020167622715234756
        ],
        [
            0.15827716886997223,
            -0.03673950582742691,
            -0.0020780637860298157
        ],
        [
            0.15769389271736145,
            0.002430073916912079,
            0.01620216853916645
        ],
        [
            0.16822516918182373,
            0.0015201829373836517,
            0.01566794142127037
        ],
        [
            0.1681024432182312,
            0.005605035461485386,
            0.014962807297706604
        ],
        [
            0.17144256830215454,
            -0.020063787698745728,
            0.021729126572608948
        ],
        [
            0.1783519834280014,
            -0.02365386299788952,
            0.021678006276488304
        ],
        [
            0.17638584971427917,
            -0.018630117177963257,
            0.01898488961160183
        ],
        [
            0.17008733749389648,
            -0.014991825446486473,
            0.019609540700912476
        ],
        [
            0.13322922587394714,
            0.035803861916065216,
            -0.0036230727564543486
        ],
        [
            0.13378207385540009,
            0.040300458669662476,
            0.007068474777042866
        ],
        [
            0.19982512295246124,
            -0.04498054087162018,
            0.031284403055906296
        ],
        [
            0.1990976482629776,
            -0.04525469243526459,
            0.029343441128730774
        ],
        [
            0.1463301032781601,
            0.0041495431214571,
            0.01664384827017784
        ],
        [
            0.14383356273174286,
            -0.033258870244026184,
            -0.0011296039447188377
        ],
        [
            0.13530509173870087,
            0.006852630525827408,
            0.01840502768754959
        ],
        [
            0.1745912879705429,
            0.015300408005714417,
            -0.006493052002042532
        ],
        [
            0.17716068029403687,
            0.019938848912715912,
            -0.0009491676464676857
        ],
        [
            0.18219608068466187,
            0.01783682219684124,
            0.0006078463047742844
        ],
        [
            0.18282265961170197,
            0.014874299056828022,
            -0.004535152576863766
        ],
        [
            0.2001623809337616,
            -0.02624264732003212,
            0.02445288375020027
        ],
        [
            0.19792823493480682,
            -0.029029130935668945,
            0.02921789139509201
        ],
        [
            0.19906315207481384,
            -0.02917572483420372,
            0.02925989031791687
        ],
        [
            0.20309096574783325,
            -0.02648245543241501,
            0.025552649050951004
        ],
        [
            0.17746950685977936,
            -0.034673742949962616,
            0.025666167959570885
        ],
        [
            0.17502406239509583,
            -0.040439505130052567,
            0.02480858750641346
        ],
        [
            0.18103523552417755,
            -0.04048577696084976,
            0.025638140738010406
        ],
        [
            0.1821414828300476,
            -0.03455982729792595,
            0.025414355099201202
        ],
        [
            0.1763276308774948,
            -0.045158687978982925,
            0.02010941132903099
        ],
        [
            0.18212459981441498,
            -0.04545852914452553,
            0.021547742187976837
        ],
        [
            0.2036958634853363,
            -0.02732006274163723,
            0.01896625943481922
        ],
        [
            0.20674464106559753,
            -0.03363242745399475,
            0.015396948903799057
        ],
        [
            0.1923002004623413,
            -0.031540051102638245,
            0.008103299885988235
        ],
        [
            0.19211436808109283,
            -0.026646887883543968,
            0.01439584419131279
        ],
        [
            0.12469537556171417,
            0.008677246049046516,
            -0.01455925777554512
        ],
        [
            0.1238250657916069,
            0.019775405526161194,
            -0.013423807919025421
        ],
        [
            0.13862283527851105,
            0.019349046051502228,
            -0.011506058275699615
        ],
        [
            0.15300211310386658,
            0.019284790381789207,
            -0.010764967650175095
        ],
        [
            0.16658662259578705,
            0.018327437341213226,
            -0.008814737200737
        ],
        [
            0.1682688444852829,
            0.006523597054183483,
            -0.012298597022891045
        ],
        [
            0.1365364044904709,
            0.027126500383019447,
            -0.010044842958450317
        ],
        [
            0.18316152691841125,
            -0.024628713726997375,
            0.00863184966146946
        ],
        [
            0.18164189159870148,
            -0.03055502474308014,
            0.003297490067780018
        ],
        [
            0.18132537603378296,
            -0.025355329737067223,
            0.0021884338930249214
        ],
        [
            0.13573578000068665,
            0.014254732057452202,
            0.019278064370155334
        ],
        [
            0.19730320572853088,
            -0.04646327346563339,
            0.027472669258713722
        ],
        [
            0.090210922062397,
            -0.018292352557182312,
            -0.00777193158864975
        ],
        [
            0.09305193275213242,
            -0.007312234491109848,
            -0.015477707609534264
        ],
        [
            0.10084467381238937,
            -0.010591988451778889,
            -0.01317821629345417
        ],
        [
            0.09769695997238159,
            -0.022752124816179276,
            -0.003476236015558243
        ],
        [
            0.19610530138015747,
            -0.0354270413517952,
            0.03209706395864487
        ],
        [
            0.19531197845935822,
            -0.04180794209241867,
            0.03132280707359314
        ],
        [
            0.17593896389007568,
            0.01777593232691288,
            0.01143431756645441
        ],
        [
            0.18154878914356232,
            0.014961905777454376,
            0.010167228057980537
        ],
        [
            0.18288113176822662,
            0.017601991072297096,
            0.007255737669765949
        ],
        [
            0.17930534482002258,
            0.022667039185762405,
            0.009194253012537956
        ],
        [
            0.1219535619020462,
            0.025278761982917786,
            -0.01203865185379982
        ],
        [
            0.16673707962036133,
            0.037910573184490204,
            -0.002870167139917612
        ],
        [
            0.1676163524389267,
            0.030108913779258728,
            -0.008946781046688557
        ],
        [
            0.11084238439798355,
            0.019713059067726135,
            -0.015056628733873367
        ],
        [
            0.11146615445613861,
            0.010045094415545464,
            -0.016697965562343597
        ],
        [
            0.10195940732955933,
            0.011623956263065338,
            -0.01823239028453827
        ],
        [
            0.17654255032539368,
            -0.006077807396650314,
            -0.008498300798237324
        ],
        [
            0.12731914222240448,
            0.00035217776894569397,
            -0.01433025486767292
        ],
        [
            0.11303535103797913,
            0.002536257728934288,
            -0.015932317823171616
        ],
        [
            0.10173340886831284,
            0.0040621068328619,
            -0.017730113118886948
        ],
        [
            0.09378614276647568,
            0.005772936157882214,
            -0.019696444272994995
        ],
        [
            0.09482855349779129,
            0.013902891427278519,
            -0.01990089938044548
        ],
        [
            0.2060866504907608,
            -0.04016704112291336,
            0.01589084230363369
        ],
        [
            0.211603581905365,
            -0.03352728486061096,
            0.019147949293255806
        ],
        [
            0.08687451481819153,
            0.016605965793132782,
            -0.02345346286892891
        ],
        [
            0.08593800663948059,
            0.00739151518791914,
            -0.022403746843338013
        ],
        [
            0.11386801302433014,
            -0.006464863196015358,
            -0.014001860283315182
        ],
        [
            0.1141832247376442,
            -0.017281893640756607,
            -0.00983940064907074
        ],
        [
            0.12766994535923004,
            -0.008148792199790478,
            -0.012308752164244652
        ],
        [
            0.12930473685264587,
            -0.018980666995048523,
            -0.008544698357582092
        ],
        [
            0.17420825362205505,
            -0.016142847016453743,
            -0.011818150989711285
        ],
        [
            0.21445594727993011,
            -0.02944296784698963,
            0.03698708117008209
        ],
        [
            0.21129420399665833,
            -0.028552230447530746,
            0.026464136317372322
        ],
        [
            0.2058763951063156,
            -0.02699042484164238,
            0.0283975787460804
        ],
        [
            0.21093079447746277,
            -0.0269877091050148,
            0.03752673417329788
        ],
        [
            0.2075737714767456,
            -0.027680978178977966,
            0.02193561941385269
        ],
        [
            0.21356195211410522,
            -0.03372396528720856,
            0.024396589025855064
        ],
        [
            0.12825089693069458,
            -0.03108935058116913,
            -0.00021757837384939194
        ],
        [
            0.18217651546001434,
            -0.021424494683742523,
            0.01748652383685112
        ],
        [
            0.11132100969552994,
            -0.030513213947415352,
            0.0029689595103263855
        ],
        [
            0.1326090544462204,
            -0.04254976660013199,
            0.009682601317763329
        ],
        [
            0.12102952599525452,
            -0.041852597147226334,
            0.014895498752593994
        ],
        [
            0.09481696039438248,
            -0.030564837157726288,
            0.008749246597290039
        ],
        [
            0.10624668747186661,
            -0.03933286294341087,
            0.019407592713832855
        ],
        [
            0.0804387778043747,
            -0.021519163623452187,
            -0.000518525019288063
        ],
        [
            0.08819964528083801,
            -0.025093689560890198,
            0.0027986476197838783
        ],
        [
            0.12046565115451813,
            -0.04502703621983528,
