{
    "pred_cam": [
        5.817196846008301,
        0.1600300371646881,
        0.00044627487659454346
    ],
    "pred_mano_params": {
        "global_orient": [
            [
                [
                    -0.9453291893005371,
                    -0.22562433779239655,
                    -0.23547063767910004
                ],
                [
                    0.3004351258277893,
                    -0.32166168093681335,
                    -0.8979268074035645
                ],
                [
                    0.12685227394104004,
                    -0.9195800423622131,
                    0.37186166644096375
                ]
            ]
        ],
        "hand_pose": [
            [
                [
                    0.902640700340271,
                    -0.3827154338359833,
                    -0.19689777493476868
                ],
                [
                    0.40657851099967957,
                    0.908302366733551,
                    0.09839119017124176
                ],
                [
                    0.1411868780851364,
                    -0.16886629164218903,
                    0.9754745364189148
                ]
            ],
            [
                [
                    0.4847487211227417,
                    -0.8411945700645447,
                    0.2396043986082077
                ],
                [
                    0.8745869994163513,
                    0.4627935290336609,
                    -0.14463642239570618
                ],
                [
                    0.010780010372400284,
                    0.2796672284603119,
                    0.9600363969802856
                ]
            ],
            [
                [
                    0.7969833016395569,
                    -0.5725569128990173,
                    0.19234374165534973
                ],
                [
                    0.5341322422027588,
                    0.816775381565094,
                    0.21812979876995087
                ],
                [
                    -0.28199338912963867,
                    -0.07110881060361862,
                    0.9567774534225464
                ]
            ],
            [
                [
                    0.7985964417457581,
                    -0.5980414152145386,
                    -0.06775055825710297
                ],
                [
                    0.5998144745826721,
                    0.7815263271331787,
                    0.17157860100269318
                ],
                [
                    -0.0496622733771801,
                    -0.17765982449054718,
                    0.9828380346298218
                ]
            ],
            [
                [
                    0.5846521854400635,
                    -0.7756121158599854,
                    -0.23792365193367004
                ],
                [
                    0.8110254406929016,
                    0.5513622164726257,
                    0.19554413855075836
                ],
                [
                    -0.02048429101705551,
                    -0.30728742480278015,
                    0.9513962864875793
                ]
            ],
            [
                [
                    0.861912727355957,
                    -0.49177566170692444,
                    0.1235446184873581
                ],
                [
                    0.495307058095932,
                    0.8687145709991455,
                    0.0024375123903155327
                ],
                [
                    -0.10852371156215668,
                    0.05909160524606705,
                    0.992336094379425
                ]
            ],
            [
                [
                    0.8933318257331848,
                    -0.428050696849823,
                    0.13686038553714752
                ],
                [
                    0.4324015974998474,
                    0.9016781449317932,
                    -0.0022957446053624153
                ],
                [
                    -0.12242133170366287,
                    0.06122952327132225,
                    0.990587592124939
                ]
            ],
            [
                [
                    0.8962240815162659,
                    -0.4422350823879242,
                    -0.034793585538864136
                ],
                [
                    0.3705441951751709,
                    0.7031953930854797,
                    0.6068058013916016
                ],
                [
                    -0.2438841313123703,
                    -0.5567265152931213,
                    0.7940883040428162
                ]
            ],
            [
                [
                    0.9187546968460083,
                    -0.3816472291946411,
                    0.10116998106241226
                ],
                [
                    0.3465840518474579,
                    0.902305543422699,
                    0.25636735558509827
                ],
                [
                    -0.1891281008720398,
                    -0.20047475397586823,
                    0.961270272731781
                ]
            ],
            [
                [
                    0.8197768330574036,
                    -0.5665165781974792,
                    -0.08381500840187073
                ],
                [
                    0.5620726943016052,
                    0.8239667415618896,
                    -0.07178494334220886
                ],
                [
                    0.109728142619133,
                    0.011737502180039883,
                    0.9938923716545105
                ]
            ],
            [
                [
                    0.8959172964096069,
                    -0.44419917464256287,
                    0.00438755564391613
                ],
                [
                    0.36641934514045715,
                    0.7445529103279114,
                    0.5580123662948608
                ],
                [
                    -0.25113537907600403,
                    -0.49832525849342346,
                    0.829820990562439
                ]
            ],
            [
                [
                    0.8827589750289917,
                    -0.4650995135307312,
                    0.0664755180478096
                ],
                [
                    0.4563860595226288,
                    0.8824799656867981,
                    0.11375804245471954
                ],
                [
                    -0.11157212406396866,
                    -0.07008244097232819,
                    0.991282045841217
                ]
            ],
            [
                [
                    0.7888382077217102,
                    0.10202550143003464,
                    -0.6060734391212463
                ],
                [
                    -0.5393519401550293,
                    0.5877225995063782,
                    -0.603060245513916
                ],
                [
                    0.2946755588054657,
                    0.8026039004325867,
                    0.518645703792572
                ]
            ],
            [
                [
                    0.8249692320823669,
                    -0.3655615448951721,
                    -0.4310341775417328
                ],
                [
                    0.538667619228363,
                    0.7394027709960938,
                    0.40388211607933044
                ],
                [
                    0.1710640788078308,
                    -0.565374493598938,
                    0.806900680065155
                ]
            ],
            [
                [
                    0.5920336842536926,
                    -0.7939355969429016,
                    0.1384282410144806
                ],
                [
                    0.7885611057281494,
                    0.5352256894111633,
                    -0.3028281033039093
                ],
                [
                    0.16633565723896027,
                    0.28844353556632996,
                    0.9429383873939514
                ]
            ]
        ],
        "betas": [
            -0.016998618841171265,
            -0.017992615699768066,
            -0.03544074296951294,
            -0.07554414868354797,
            0.02502533793449402,
            0.008619572967290878,
            0.08201751112937927,
            -0.037431925535202026,
            0.011621326208114624,
            -0.05726698040962219
        ]
    },
    "pred_cam_t": [
        -0.1600300371646881,
        0.00044627487659454346,
        6.715003967285156
    ],
    "focal_length": [
        5000.0,
        5000.0
    ],
    "pred_keypoints_3d": [
        [
            0.09583263099193573,
            0.00637785391882062,
            0.006207806058228016
        ],
        [
            0.11605962365865707,
            -0.01905331388115883,
            0.02697617933154106
        ],
        [
            0.14323481917381287,
            -0.03340240195393562,
            0.02877270057797432
        ],
        [
            0.16960683465003967,
            -0.032764799892902374,
            0.022472620010375977
        ],
        [
            0.19708837568759918,
            -0.028617117553949356,
            0.04110521823167801
        ],
        [
            0.175531268119812,
            -0.03702874854207039,
            0.007498078513890505
        ],
        [
            0.20820964872837067,
            -0.0406685471534729,
            0.011019599623978138
        ],
        [
            0.21378758549690247,
            -0.034996867179870605,
            0.03176925331354141
        ],
        [
            0.20627890527248383,
            -0.031147461384534836,
            0.05465788394212723
        ],
        [
            0.1865805685520172,
            -0.018617551773786545,
            -0.005732497200369835
        ],
        [
            0.21597576141357422,
            -0.01663335971534252,
            0.006195555441081524
        ],
        [
            0.21801796555519104,
            -0.009446787647902966,
            0.028278693556785583
        ],
        [
            0.21230390667915344,
            -0.005740247201174498,
            0.0528724268078804
        ],
        [
            0.18041031062602997,
            0.00700600678101182,
            -0.010500852949917316
        ],
        [
            0.20819441974163055,
            0.011562462896108627,
            -0.0038337931036949158
        ],
        [
            0.22215159237384796,
            0.018172388896346092,
            0.015624258667230606
        ],
        [
            0.23109669983386993,
            0.021113211289048195,
            0.039124730974435806
        ],
        [
            0.1733912080526352,
            0.02770516462624073,
            -0.009456421248614788
        ],
        [
            0.193496435880661,
            0.034218594431877136,
            -0.008726706728339195
        ],
        [
            0.20495343208312988,
            0.04030749574303627,
            0.0051124198362231255
        ],
        [
            0.21148893237113953,
            0.042309701442718506,
            0.02248699963092804
        ]
    ],
    "pred_vertices": [
        [
            0.14139455556869507,
            -0.016879869624972343,
            0.01988060772418976
        ],
        [
            0.1309979408979416,
            -0.01179107092320919,
            0.02168990671634674
        ],
        [
            0.13835906982421875,
            -0.0172177255153656,
            0.022983770817518234
        ],
        [
            0.14590340852737427,
            -0.023054061457514763,
            0.022569358348846436
        ],
        [
            0.1296299546957016,
            -0.01125076413154602,
            0.038091205060482025
        ],
        [
            0.12304547429084778,
            -0.018570896238088608,
            0.0454360693693161
        ],
        [
            0.14003078639507294,
            -0.026152532547712326,
            0.04294368252158165
        ],
        [
            0.14293545484542847,
            -0.017742380499839783,
            0.03746914118528366
        ],
        [
            0.1496725082397461,
            -0.028578467667102814,
            0.021951405331492424
        ],
        [
            0.14490699768066406,
            -0.021681392565369606,
            0.02408161573112011
        ],
        [
            0.14852406084537506,
            -0.03121470846235752,
            0.01773979887366295
        ],
        [
            0.15314091742038727,
            -0.04118237644433975,
            0.012979756109416485
        ],
        [
            0.15515491366386414,
            -0.035947591066360474,
            0.018655700609087944
        ],
        [
            0.15969207882881165,
            -0.04494467005133629,
            0.009729540906846523
        ],
        [
            0.14467072486877441,
            -0.04364371672272682,
            0.006835601292550564
        ],
        [
            0.15797975659370422,
            -0.04488399252295494,
            0.0007319659925997257
        ],
        [
            0.1410677433013916,
            -0.025924552232027054,
            -0.01080405618995428
        ],
        [
            0.1409059762954712,
            -0.013387207873165607,
            -0.015720641240477562
        ],
        [
            0.15771745145320892,
            -0.016465220600366592,
            -0.01821417734026909
        ],
        [
            0.15656866133213043,
            -0.02857133187353611,
            -0.012116367928683758
        ],
        [
            0.15216541290283203,
            0.003664841875433922,
            -0.0195549875497818
        ],
        [
            0.1561722308397293,
            -0.007529063615947962,
            -0.019133741036057472
        ],
        [
            0.1391948014497757,
            -0.004792357794940472,
            -0.01789684221148491
        ],
        [
            0.13666151463985443,
            0.005184256471693516,
            -0.018297238275408745
        ],
        [
            0.1370086371898651,
            -0.003840828314423561,
            0.015018027275800705
        ],
        [
            0.12646040320396423,
            0.00043596886098384857,
            0.017366917803883553
        ],
        [
            0.1266818791627884,
            -0.004642872139811516,
            0.01856817863881588
        ],
        [
            0.1373632550239563,
            -0.008789420127868652,
            0.016681581735610962
        ],
        [
            0.14772313833236694,
            -0.034930519759655,
            0.01666063815355301
        ],
        [
            0.1379944086074829,
            -0.041403546929359436,
            0.017027096822857857
        ],
        [
            0.14360441267490387,
            -0.03737901896238327,
            0.01497676782310009
        ],
        [
            0.15005643665790558,
            -0.030208347365260124,
            0.017707955092191696
        ],
        [
            0.10609564930200577,
            0.018584761768579483,
            0.024460412561893463
        ],
        [
            0.0929885059595108,
            0.018118249252438545,
            0.021291254088282585
        ],
        [
            0.09217531979084015,
            0.01249711588025093,
            0.022979112342000008
        ],
        [
            0.1041935384273529,
            0.014013387262821198,
            0.025257738307118416
        ],
        [
            0.0989459976553917,
            -0.0066948458552360535,
            0.03765701502561569
        ],
        [
            0.08919787406921387,
            -0.00451241061091423,
            0.02979072742164135
        ],
        [
            0.08091660588979721,
            -0.014549853280186653,
            0.025342315435409546
        ],
        [
            0.0904400572180748,
            -0.019412606954574585,
            0.030467960983514786
        ],
        [
            0.11110851168632507,
            -0.012202128767967224,
            0.043582238256931305
        ],
        [
            0.10273297131061554,
            -0.02325792796909809,
            0.04019865393638611
        ],
        [
            0.11778387427330017,
            -0.028970511630177498,
            0.04423517733812332
        ],
        [
            0.13694921135902405,
            -0.035107821226119995,
            0.04180324450135231
        ],
        [
            0.09409672021865845,
            0.02931394800543785,
            0.015106666833162308
        ],
        [
            0.103882797062397,
            0.03147372603416443,
            0.016988692805171013
        ],
        [
            0.19977881014347076,
            -0.04166487976908684,
            0.022604133933782578
        ],
        [
            0.20039699971675873,
            -0.03552427142858505,
            0.022425558418035507
        ],
        [
            0.19865863025188446,
            -0.0357406921684742,
            0.02159438282251358
        ],
        [
            0.19854238629341125,
            -0.041645441204309464,
            0.021860577166080475
        ],
        [
            0.10024059563875198,
            0.03411262482404709,
            -0.0035483152605593204
        ],
        [
            0.0991765484213829,
            0.02967146411538124,
            -0.012585420161485672
        ],
        [
            0.0926356166601181,
            0.03232898563146591,
            -0.010701434686779976
        ],
        [
            0.09296362847089767,
            0.0347970649600029,
            -0.0016008056700229645
        ],
        [
            0.10988383740186691,
            0.03308172523975372,
            -0.005966543219983578
        ],
        [
            0.10831387341022491,
            0.025703273713588715,
            -0.014417264610528946
        ],
        [
            0.20959044992923737,
            -0.04724603146314621,
            0.016323816031217575
        ],
        [
            0.20564574003219604,
            -0.04782490432262421,
            0.019770624116063118
        ],
        [
            0.20386743545532227,
            -0.04842299595475197,
            0.016151774674654007
        ],
        [
            0.20681136846542358,
            -0.04721761867403984,
            0.011705176904797554
        ],
        [
            0.15422585606575012,
            -0.02909202128648758,
            0.02135736495256424
        ],
        [
            0.1514338105916977,
            -0.02077309973537922,
            0.01974978670477867
        ],
        [
            0.17161479592323303,
            -0.03375900164246559,
            0.018632400780916214
        ],
        [
            0.16381923854351044,
            -0.027769669890403748,
            0.017895348370075226
        ],
        [
            0.16177594661712646,
            -0.03443560376763344,
            0.01920922100543976
        ],
        [
            0.16833770275115967,
            -0.0391884483397007,
            0.018312841653823853
        ],
        [
            0.15943770110607147,
            -0.006073835305869579,
            0.009564301930367947
        ],
        [
            0.14806044101715088,
            -0.0037721479311585426,
            0.011377712711691856
        ],
        [
            0.1494433879852295,
            -0.009897906333208084,
            0.01318704430013895
        ],
        [
            0.16201049089431763,
            -0.013749467208981514,
            0.01260723453015089
        ],
        [
            0.14767368137836456,
            0.010304683819413185,
            0.009535910561680794
        ],
        [
            0.15888510644435883,
            0.0067688156850636005,
            0.007522464729845524
        ],
        [
            0.15748898684978485,
            0.015190278179943562,
            0.006719429977238178
        ],
        [
            0.14988106489181519,
            0.016488637775182724,
            0.009215041995048523
        ],
        [
            0.17718718945980072,
            -0.002505327109247446,
            0.004208978731185198
        ],
        [
            0.18364444375038147,
            -0.00486052967607975,
            0.002865131013095379
        ],
        [
            0.18516714870929718,
            -0.0012816013768315315,
            0.002017482416704297
        ],
        [
            0.1768389195203781,
            0.0008961539715528488,
            0.003202090971171856
        ],
        [
            0.08585488051176071,
            0.03417963534593582,
            -0.009722241200506687
        ],
        [
            0.08589344471693039,
            0.03448496758937836,
            0.00011884979903697968
        ],
        [
            0.14836575090885162,
            0.024995610117912292,
            -0.017832346260547638
        ],
        [
            0.14519242942333221,
            0.03367985785007477,
            -0.011513018980622292
        ],
        [
            0.15758204460144043,
            0.03455068916082382,
            -0.013491547666490078
        ],
        [
            0.15777617692947388,
            0.024942539632320404,
            -0.01993507519364357
        ],
        [
            0.09898781031370163,
            0.02057790942490101,
            -0.017669662833213806
        ],
        [
            0.09240378439426422,
            0.024873189628124237,
            -0.017497848719358444
        ],
        [
            0.21290373802185059,
            -0.04289102181792259,
            0.012956978753209114
        ],
        [
            0.20997335016727448,
            -0.04271136596798897,
            0.008449005894362926
        ],
        [
            0.1104913279414177,
            -0.036100082099437714,
            0.03477083519101143
        ],
        [
            0.132816880941391,
            -0.04157578945159912,
            0.036431536078453064
        ],
        [
            0.09559421241283417,
            -0.029423469677567482,
            0.027380984276533127
        ],
        [
            0.08661485463380814,
            -0.024303710088133812,
            0.01963629201054573
        ],
        [
            0.07825711369514465,
            -0.021084574982523918,
            0.015225077047944069
        ],
        [
            0.16826583445072174,
            -0.023235561326146126,
            0.015745874494314194
        ],
        [
            0.1465904712677002,
            -0.013744106516242027,
            0.016662782058119774
        ],
        [
            0.13679498434066772,
            0.001031573861837387,
            0.013871539384126663
        ],
        [
            0.14095157384872437,
            0.031410448253154755,
            0.010817185044288635
        ],
        [
            0.13069137930870056,
            0.03312898054718971,
            0.013219376094639301
        ],
        [
            0.13397622108459473,
            0.02338830754160881,
            0.01595776155591011
        ],
        [
            0.14217311143875122,
            0.023728372529149055,
            0.012655803933739662
        ],
        [
            0.14696507155895233,
            0.037826355546712875,
            -0.002808588556945324
        ],
        [
            0.14996062219142914,
            0.03490149974822998,
            0.004007112234830856
        ],
        [
            0.1590338796377182,
            0.03393378481268883,
            0.0016327295452356339
        ],
        [
            0.15744008123874664,
            0.037281379103660583,
            -0.004997025243937969
        ],
        [
            0.1469734013080597,
            -0.04149823635816574,
            0.019069980829954147
        ],
        [
            0.1335875391960144,
            -0.04493935778737068,
            0.020538929849863052
        ],
        [
            0.10112660378217697,
            0.03506375104188919,
            0.006978115066885948
        ],
        [
            0.09366802871227264,
            0.03329424932599068,
            0.008414790034294128
        ],
        [
            0.0852549821138382,
            0.03263920173048973,
            0.007636416237801313
        ],
        [
            0.1159292683005333,
            0.00859166495501995,
            0.022513948380947113
        ],
        [
            0.10286946594715118,
            0.010855276137590408,
            0.026205765083432198
        ],
        [
            0.10320698469877243,
            0.006851501762866974,
            0.028839752078056335
        ],
        [
            0.11530210822820663,
            0.005414078012108803,
            0.0228254534304142
        ],
        [
            0.12399235367774963,
            -0.005761351436376572,
            0.027507632970809937
        ],
        [
            0.11549323052167892,
            -0.0036479607224464417,
            0.03686818480491638
        ],
        [
            0.13516446948051453,
            -0.01078483834862709,
            0.027588291093707085
        ],
        [
            0.08949515968561172,
            0.005184289067983627,
            0.02578440122306347
        ],
        [
            0.08192521333694458,
            0.012918353080749512,
            0.0227741040289402
        ],
        [
            0.08007108420133591,
            0.004412457346916199,
            0.024603163823485374
        ],
        [
            0.08313322812318802,
            0.021701112389564514,
            0.018598390743136406
        ],
        [
            0.0843740850687027,
            0.028928076848387718,
            0.01353965699672699
        ],
        [
            0.08467130362987518,
            0.02771712653338909,
            -0.01974489726126194
        ],
        [
            0.07918016612529755,
            -0.0038561969995498657,
            0.024800457060337067
        ],
        [
            0.15022146701812744,
            -0.023042593151330948,
            0.03621409833431244
        ],
        [
            0.1557462513446808,
            -0.026088297367095947,
            0.034278273582458496
        ],
        [
            0.1544509083032608,
            -0.022048696875572205,
            0.028110813349485397
        ],
        [
            0.1496884822845459,
            -0.020301345735788345,
            0.0287715345621109
        ],
        [
            0.16851048171520233,
            -0.047325585037469864,
            0.006665907800197601
        ],
        [
            0.16857139766216278,
            -0.044458236545324326,
            0.014422575011849403
        ],
        [
            0.15971387922763824,
            -0.04116129130125046,
            0.01653977856040001
        ],
        [
            0.11701809614896774,
            0.021757910028100014,
            0.021801680326461792
        ],
        [
            0.1146262139081955,
            0.03263187035918236,
            0.01586811989545822
        ],
        [
            0.17603081464767456,
            -0.029443921521306038,
            0.01631743460893631
        ],
        [
            0.2034812718629837,
            -0.0475737638771534,
            0.008353139273822308
        ],
        [
            0.20060206949710846,
            -0.049255210906267166,
            0.013504300266504288
        ],
        [
            0.1844632476568222,
            -0.048981498926877975,
            0.008634245954453945
        ],
        [
            0.18724693357944489,
            -0.04719994589686394,
            0.002505422569811344
        ],
        [
            0.18455809354782104,
            -0.02857276238501072,
            0.00990100484341383
        ],
        [
            0.18081335723400116,
            -0.030856071040034294,
            0.015564903616905212
        ],
        [
            0.18330933153629303,
            -0.030938969925045967,
            0.014690486714243889
        ],
        [
            0.18761339783668518,
            -0.027459215372800827,
            0.011022759601473808
        ],
        [
            0.1811443418264389,
            0.007057115435600281,
            0.0006753816269338131
        ],
        [
            0.17440587282180786,
            0.009017998352646828,
            0.0020497930236160755
        ],
        [
            0.17262724041938782,
            -0.02904835343360901,
            -0.010487349703907967
        ],
        [
            0.1678040325641632,
            -0.04128187522292137,
            -0.008484343066811562
        ],
        [
            0.15539459884166718,
            -0.03902493044734001,
            -0.007166981231421232
        ],
        [
            0.15823675692081451,
            0.0011737672612071037,
            0.008155791088938713
        ],
        [
            0.16855111718177795,
            -0.00010987557470798492,
            0.006320090964436531
        ],
        [
            0.1683819741010666,
            0.003904202952980995,
            0.005315518006682396
        ],
        [
            0.1721007227897644,
            -0.02126143127679825,
            0.013488397933542728
        ],
        [
            0.17879027128219604,
            -0.02503286488354206,
            0.012827001512050629
        ],
        [
            0.17673809826374054,
            -0.020200319588184357,
            0.010086181573569775
        ],
        [
            0.17061607539653778,
            -0.016315825283527374,
            0.01122478861361742
        ],
        [
            0.13212358951568604,
            0.033780328929424286,
            -0.010706871747970581
        ],
        [
            0.1341859996318817,
            0.03899255394935608,
            -0.0005442574620246887
        ],
        [
            0.2018912136554718,
            -0.04593566060066223,
            0.021865438669919968
        ],
        [
            0.20057910680770874,
            -0.046350158751010895,
            0.01995796337723732
        ],
        [
            0.14708884060382843,
            0.003277820535004139,
            0.009966625832021236
        ],
        [
            0.14125706255435944,
            -0.03499259427189827,
            -0.0045960769057273865
        ],
        [
            0.13647250831127167,
            0.006447619758546352,
            0.012967055663466454
        ],
        [
            0.17245742678642273,
            0.011872460134327412,
            -0.01734604313969612
        ],
        [
            0.17581160366535187,
            0.01692475751042366,
            -0.012307031080126762
        ],
        [
            0.18077272176742554,
            0.014908317476511002,
            -0.010979686863720417
        ],
        [
            0.18087467551231384,
            0.01153331808745861,
            -0.015905342996120453
        ],
        [
            0.20077893137931824,
            -0.02778015285730362,
            0.013436034321784973
        ],
        [
            0.1991051286458969,
            -0.030126243829727173,
            0.018595874309539795
        ],
        [
            0.2005499005317688,
            -0.03035007230937481,
            0.018864549696445465
        ],
        [
            0.20403456687927246,
            -0.028046097606420517,
            0.014444490894675255
        ],
        [
            0.17808428406715393,
            -0.03558649867773056,
            0.017817310988903046
        ],
        [
            0.1755044162273407,
            -0.04132107272744179,
            0.017719890922307968
        ],
        [
            0.18156033754348755,
            -0.04141565039753914,
            0.017851032316684723
        ],
        [
            0.18268896639347076,
            -0.03555918484926224,
            0.01702607236802578
        ],
        [
            0.17613713443279266,
            -0.046365607529878616,
            0.013291237875819206
        ],
        [
            0.1821163147687912,
            -0.04668106883764267,
            0.014067057520151138
        ],
        [
            0.20358560979366302,
            -0.029303111135959625,
            0.007673494517803192
        ],
        [
            0.20607194304466248,
            -0.035809699445962906,
            0.0041962880641222
        ],
        [
            0.19072946906089783,
            -0.03403951972723007,
            -0.0014978302642703056
        ],
        [
            0.19138509035110474,
            -0.028711412101984024,
            0.0043916283175349236
        ],
        [
            0.12160921841859818,
            0.006264757364988327,
            -0.018284721300005913
        ],
        [
            0.12114293873310089,
            0.017428230494260788,
            -0.017893068492412567
        ],
        [
            0.1360730677843094,
            0.01666259765625,
            -0.01796139031648636
        ],
        [
            0.15049369633197784,
            0.016188353300094604,
            -0.01921265944838524
        ],
        [
            0.1642746776342392,
            0.01490754820406437,
            -0.019115660339593887
        ],
        [
            0.16528059542179108,
            0.0028443445917218924,
            -0.021909750998020172
        ],
        [
            0.13436158001422882,
            0.024583393707871437,
            -0.016833806410431862
        ],
        [
            0.1821310669183731,
            -0.02718096598982811,
            -0.0006755434442311525
        ],
        [
            0.17956392467021942,
            -0.03327779471874237,
            -0.005111572332680225
        ],
        [
            0.17928041517734528,
            -0.02830255962908268,
            -0.006743741221725941
        ],
        [
            0.1371743232011795,
            0.013866523280739784,
            0.013208486139774323
        ],
        [
            0.19823573529720306,
            -0.047534119337797165,
            0.01819596253335476
        ],
        [
            0.08779093623161316,
            -0.019005581736564636,
            -0.0049449848011136055
        ],
        [
            0.08978572487831116,
            -0.008692596107721329,
            -0.01378089003264904
        ],
        [
            0.09773972630500793,
            -0.012050604447722435,
            -0.01229591853916645
        ],
        [
            0.0956980511546135,
            -0.02339738979935646,
            -0.0013389275409281254
        ],
        [
            0.19759251177310944,
            -0.03621849790215492,
            0.022083014249801636
        ],
        [
            0.19671723246574402,
            -0.04260709136724472,
            0.02192782238125801
        ],
        [
            0.17567196488380432,
            0.01553485356271267,
            8.808169513940811e-05
        ],
        [
            0.18092767894268036,
            0.012607449665665627,
            -0.0013738111592829227
        ],
        [
            0.18200068175792694,
            0.015124151483178139,
            -0.004476902075111866
        ],
        [
            0.178878054022789,
            0.02027048170566559,
            -0.002676687203347683
        ],
        [
            0.1195961982011795,
            0.023072751238942146,
            -0.016698943451046944
        ],
        [
            0.16538408398628235,
            0.03495601564645767,
            -0.01439787819981575
        ],
        [
            0.1655229926109314,
            0.026658471673727036,
            -0.02009214647114277
        ],
        [
            0.1080598309636116,
            0.017669104039669037,
            -0.017759568989276886
        ],
        [
            0.10824299603700638,
            0.007902760058641434,
            -0.018738314509391785
        ],
        [
            0.09865076839923859,
            0.009673770517110825,
            -0.01909860596060753
        ],
        [
            0.17344704270362854,
            -0.009673649445176125,
            -0.018018363043665886
        ],
        [
            0.12405262142419815,
            -0.0020924992859363556,
            -0.01778336428105831
        ],
        [
            0.10973364859819412,
            0.00043133925646543503,
            -0.01763112284243107
        ],
        [
            0.09833188354969025,
            0.002188856713473797,
            -0.018012389540672302
        ],
        [
            0.09022913873195648,
            0.004011034034192562,
            -0.019019396975636482
        ],
        [
            0.09140896797180176,
            0.012055708095431328,
            -0.019963737577199936
        ],
        [
            0.20551832020282745,
            -0.04221106693148613,
            0.005240333266556263
        ],
        [
            0.21142207086086273,
            -0.03554989770054817,
            0.00736450357362628
        ],
        [
            0.08310146629810333,
            0.014752598479390144,
            -0.022616365924477577
        ],
        [
            0.08211392164230347,
            0.005685464479029179,
            -0.020766809582710266
        ],
        [
            0.11061672866344452,
            -0.008415896445512772,
            -0.015157703310251236
        ],
        [
            0.11121820658445358,
            -0.018902158364653587,
            -0.010263805277645588
        ],
        [
            0.12447411566972733,
            -0.01041555218398571,
            -0.015188571996986866
        ],
        [
            0.12632420659065247,
            -0.02097681723535061,
            -0.010880271904170513
        ],
        [
            0.17027951776981354,
            -0.01984160766005516,
            -0.02015325054526329
        ],
        [
            0.2174951732158661,
            -0.030442014336586,
            0.024136153981089592
        ],
        [
            0.21254652738571167,
            -0.030231868848204613,
            0.014270901679992676
        ],
        [
            0.2075555920600891,
            -0.028443213552236557,
            0.016928810626268387
        ],
        [
            0.21416506171226501,
            -0.027866728603839874,
            0.025040119886398315
        ],
        [
            0.20794636011123657,
            -0.02955300733447075,
            0.010287776589393616
        ],
        [
            0.2143489569425583,
            -0.03552442789077759,
            0.012268485501408577
        ],
        [
            0.12603990733623505,
            -0.032310500741004944,
            -0.0017449143342673779
        ],
        [
            0.1824130415916443,
            -0.023299923166632652,
            0.008047198876738548
        ],
        [
            0.10983248054981232,
            -0.031050005927681923,
            0.0037018810398876667
        ],
        [
            0.13148105144500732,
            -0.04289182648062706,
            0.007723427377641201
        ],
        [
            0.12092633545398712,
            -0.041650280356407166,
            0.01442794781178236
        ],
        [
            0.09454163908958435,
            -0.030307678505778313,
            0.011754943989217281
        ],
        [
            0.10732010006904602,
            -0.03866518288850784,
            0.021032223477959633
        ],
        [
            0.07906010001897812,
            -0.021411413326859474,
            0.003763358574360609
        ],
        [
            0.08718547224998474,
            -0.025020040571689606,
            0.0063358694314956665
        ],
        [
            0.12270085513591766,
