{
    "pred_cam": [
        9.205461502075195,
        0.06087978184223175,
        -0.049805596470832825
    ],
    "pred_mano_params": {
        "global_orient": [
            [
                [
                    0.8079940676689148,
                    -0.5773411989212036,
                    0.1175701767206192
                ],
                [
                    -0.548719048500061,
                    -0.8100391626358032,
                    -0.20674628019332886
                ],
                [
                    0.21459956467151642,
                    0.10253677517175674,
                    -0.9713049530982971
                ]
            ]
        ],
        "hand_pose": [
            [
                [
                    0.7129149436950684,
                    -0.5922608375549316,
                    -0.3754723370075226
                ],
                [
                    0.5957698822021484,
                    0.7939611077308655,
                    -0.1211775690317154
                ],
                [
                    0.3698791563510895,
                    -0.13730581104755402,
                    0.918877899646759
                ]
            ],
            [
                [
                    0.8383248448371887,
                    -0.5249195694923401,
                    0.14721086621284485
                ],
                [
                    0.5408188700675964,
                    0.7666872143745422,
                    -0.3459852635860443
                ],
                [
                    0.06874972581863403,
                    0.36966240406036377,
                    0.9266193509101868
                ]
            ],
            [
                [
                    0.8201732635498047,
                    -0.570611298084259,
                    0.041455481201410294
                ],
                [
                    0.5707273483276367,
                    0.8210769295692444,
                    0.010144767351448536
                ],
                [
                    -0.03982686251401901,
                    0.01533930841833353,
                    0.9990888237953186
                ]
            ],
            [
                [
                    0.4346379041671753,
                    -0.8735795617103577,
                    -0.21897150576114655
                ],
                [
                    0.9006032347679138,
                    0.42108622193336487,
                    0.10770387947559357
                ],
                [
                    -0.0018820373807102442,
                    -0.24401867389678955,
                    0.9697686433792114
                ]
            ],
            [
                [
                    0.879772424697876,
                    -0.39915934205055237,
                    -0.25820982456207275
                ],
                [
                    0.4365943372249603,
                    0.8933199644088745,
                    0.1066056415438652
                ],
                [
                    0.18811136484146118,
                    -0.2065216451883316,
                    0.9601889848709106
                ]
            ],
            [
                [
                    0.7986789345741272,
                    -0.4593590795993805,
                    0.38871726393699646
                ],
                [
                    0.47030067443847656,
                    0.8794813752174377,
                    0.07300543040037155
                ],
                [
                    -0.37540528178215027,
                    0.12450609356164932,
                    0.9184601306915283
                ]
            ],
            [
                [
                    0.3831097483634949,
                    -0.8387070894241333,
                    0.38703659176826477
                ],
                [
                    0.5232865214347839,
                    0.5423482060432434,
                    0.6572896242141724
                ],
                [
                    -0.7611820697784424,
                    -0.04928303882479668,
                    0.6466630101203918
                ]
            ],
            [
                [
                    0.8828124403953552,
                    -0.36393454670906067,
                    -0.2969744801521301
                ],
                [
                    0.4622257649898529,
                    0.7855918407440186,
                    0.41133052110671997
                ],
                [
                    0.08360334485769272,
                    -0.5003969669342041,
                    0.8617501854896545
                ]
            ],
            [
                [
                    0.9092191457748413,
                    -0.33858349919319153,
                    0.24224330484867096
                ],
                [
                    0.22528524696826935,
                    0.8894596099853516,
                    0.3976280093193054
                ],
                [
                    -0.3500959575176239,
                    -0.3069571256637573,
                    0.8849915862083435
                ]
            ],
            [
                [
                    0.43710023164749146,
                    -0.8854855895042419,
                    0.15766628086566925
                ],
                [
                    0.8543389439582825,
                    0.4635642468929291,
                    0.23497483134269714
                ],
                [
                    -0.2811552584171295,
                    0.031992875039577484,
                    0.9591288566589355
                ]
            ],
            [
                [
                    0.8619843125343323,
                    -0.4397973120212555,
                    -0.2521136701107025
                ],
                [
                    0.5017647743225098,
                    0.8110450506210327,
                    0.30072909593582153
                ],
                [
                    0.07221569120883942,
                    -0.38572555780410767,
                    0.9197829365730286
                ]
            ],
            [
                [
                    0.6489843130111694,
                    -0.6178258061408997,
                    0.4439714848995209
                ],
                [
                    0.4500313997268677,
                    0.7822608947753906,
                    0.43074312806129456
                ],
                [
                    -0.6134257316589355,
                    -0.07974442094564438,
                    0.7857160568237305
                ]
            ],
            [
                [
                    0.9676366448402405,
                    -0.04853067174553871,
                    -0.24763703346252441
                ],
                [
                    -0.2049519568681717,
                    0.42137405276298523,
                    -0.8834243416786194
                ],
                [
                    0.14722099900245667,
                    0.9055874347686768,
                    0.3977905213832855
                ]
            ],
            [
                [
                    0.9612967371940613,
                    -0.21686483919620514,
                    -0.16993576288223267
                ],
                [
                    0.2753726840019226,
                    0.7760930061340332,
                    0.5673178434371948
                ],
                [
                    0.008854654617607594,
                    -0.5921565294265747,
                    0.8057743310928345
                ]
            ],
            [
                [
                    0.9886205792427063,
                    0.14789119362831116,
                    -0.02752581611275673
                ],
                [
                    -0.15043091773986816,
                    0.9720207452774048,
                    -0.18040570616722107
                ],
                [
                    7.525612454628572e-05,
                    0.18249350786209106,
                    0.983207106590271
                ]
            ]
        ],
        "betas": [
            0.00045993924140930176,
            -0.03837546706199646,
            0.01055172085762024,
            0.07716801762580872,
            0.01664486527442932,
            0.01339263841509819,
            0.03906235098838806,
            -0.07983162999153137,
            -0.07829290628433228,
            -0.034500956535339355
        ]
    },
    "pred_cam_t": [
        -0.06087978184223175,
        -0.049805596470832825,
        4.243404865264893
    ],
    "focal_length": [
        5000.0,
        5000.0
    ],
    "pred_keypoints_3d": [
        [
            0.09571903944015503,
            0.006395653821527958,
            0.00618403498083353
        ],
        [
            0.08829598873853683,
            0.02686057984828949,
            -0.025699719786643982
        ],
        [
            0.07858208566904068,
            0.05241263657808304,
            -0.03987574204802513
        ],
        [
            0.06340685486793518,
            0.0737355649471283,
            -0.046896569430828094
        ],
        [
            0.04305802285671234,
            0.09935513883829117,
            -0.0619758740067482
        ],
        [
            0.029917024075984955,
            0.054750822484493256,
            -0.03332607448101044
        ],
        [
            0.01679901033639908,
            0.08488894999027252,
            -0.03040735237300396
        ],
        [
            0.02446739375591278,
            0.10539840906858444,
            -0.026852989569306374
        ],
        [
            0.04326598346233368,
            0.12091709673404694,
            -0.021436644718050957
        ],
        [
            0.019636325538158417,
            0.06030607596039772,
            -0.010998672805726528
        ],
        [
            0.02376435324549675,
            0.09171295166015625,
            -0.011192042380571365
        ],
        [
            0.039174750447273254,
            0.10883836448192596,
            -0.008083606138825417
        ],
        [
            0.05873909965157509,
            0.12242241203784943,
            -0.016516363248229027
        ],
        [
            0.028758101165294647,
            0.06005048006772995,
            0.014141521416604519
        ],
        [
            0.03104936145246029,
            0.08739696443080902,
            0.005345786921679974
        ],
        [
            0.04839193820953369,
            0.10499277710914612,
            0.0070635913871228695
        ],
        [
            0.06817631423473358,
            0.11147041618824005,
            -0.005605343729257584
        ],
        [
            0.04071811959147453,
            0.06120426580309868,
            0.032340455800294876
        ],
        [
            0.04189848527312279,
            0.08024110645055771,
            0.02337772771716118
        ],
        [
            0.054741255939006805,
            0.09363174438476562,
            0.01964847557246685
        ],
        [
            0.07015083730220795,
            0.10002335160970688,
            0.010238952934741974
        ]
    ],
    "pred_vertices": [
        [
            0.06693685054779053,
            0.043819330632686615,
            -0.021640580147504807
        ],
        [
            0.07592593878507614,
            0.03883206099271774,
            -0.018240004777908325
        ],
        [
            0.07281574606895447,
            0.045573778450489044,
            -0.023891732096672058
        ],
        [
            0.06462325155735016,
            0.048340413719415665,
            -0.028879184275865555
        ],
        [
            0.09353258460760117,
            0.045450154691934586,
            -0.01943914033472538
        ],
        [
            0.10185500979423523,
            0.04183317348361015,
            -0.027267176657915115
        ],
        [
            0.09288900345563889,
            0.054473988711833954,
            -0.033910974860191345
        ],
        [
            0.08774068206548691,
            0.05646732822060585,
            -0.025667408481240273
        ],
        [
            0.06131555885076523,
            0.05121393874287605,
            -0.03432727977633476
        ],
        [
            0.07028186321258545,
            0.051738277077674866,
            -0.028475504368543625
        ],
        [
            0.05953400582075119,
            0.04962132126092911,
            -0.036686211824417114
        ],
        [
            0.0481293648481369,
            0.04418443515896797,
            -0.04216860979795456
        ],
        [
            0.051917240023612976,
            0.04917851835489273,
            -0.03881606459617615
        ],
        [
            0.039608120918273926,
            0.04437394440174103,
            -0.043096430599689484
        ],
        [
            0.04853000491857529,
            0.03334799408912659,
            -0.04185815155506134
        ],
        [
            0.0338299497961998,
            0.03771188110113144,
            -0.03943389281630516
        ],
        [
            0.043291252106428146,
            0.021458256989717484,
            -0.015921900048851967
        ],
        [
            0.0441628023982048,
            0.021581489592790604,
            -0.0021733716130256653
        ],
        [
            0.029393618926405907,
            0.03188004717230797,
            -0.003628239966928959
        ],
        [
            0.030726468190550804,
            0.03146873041987419,
            -0.01757391169667244
        ],
        [
            0.03825228661298752,
            0.032739683985710144,
            0.015575195662677288
        ],
        [
            0.032718099653720856,
            0.032739169895648956,
            0.0049688252620399
        ],
        [
            0.04652120918035507,
            0.021433167159557343,
            0.006620228756219149
        ],
        [
            0.050941359251737595,
            0.022096890956163406,
            0.01589934155344963
        ],
        [
            0.07099141925573349,
            0.040032848715782166,
            -0.006806604564189911
        ],
        [
            0.08021001517772675,
            0.03475525230169296,
            -0.004267456941306591
        ],
        [
            0.07833965122699738,
            0.03455782309174538,
            -0.00993624608963728
        ],
        [
            0.06994359195232391,
            0.04023958370089531,
            -0.012336188927292824
        ],
        [
            0.06401924043893814,
            0.05100966989994049,
            -0.04319086670875549
        ],
        [
            0.06465543806552887,
            0.03809230402112007,
            -0.045228227972984314
        ],
        [
            0.059547312557697296,
            0.042805302888154984,
            -0.04155278205871582
        ],
        [
            0.06358679383993149,
            0.05465014651417732,
            -0.038795121014118195
        ],
        [
            0.1052362322807312,
            0.028558652848005295,
            0.009525613859295845
        ],
        [
            0.11163356155157089,
            0.016607820987701416,
            0.01039983332157135
        ],
        [
            0.11142659187316895,
            0.015299554914236069,
            0.004626566544175148
        ],
        [
            0.1052783876657486,
            0.026095207780599594,
            0.005047902464866638
        ],
        [
            0.11027009785175323,
            0.02174096181988716,
            -0.016549982130527496
        ],
        [
            0.11225274205207825,
            0.011393297463655472,
            -0.013002503663301468
        ],
        [
            0.11183888465166092,
            0.00023029744625091553,
            -0.020398622378706932
        ],
        [
            0.10790698975324631,
            0.008890822529792786,
            -0.025995785370469093
        ],
        [
            0.10639992356300354,
            0.032379429787397385,
            -0.022039128467440605
        ],
        [
            0.10673294961452484,
            0.022268228232860565,
            -0.031397026032209396
        ],
        [
            0.10242664813995361,
            0.034855566918849945,
            -0.03618210554122925
        ],
        [
            0.09292188286781311,
            0.04939230903983116,
            -0.041642192751169205
        ],
        [
            0.11020450294017792,
            0.016840368509292603,
            0.02314196154475212
        ],
        [
            0.10576332360506058,
            0.026028156280517578,
            0.02437310665845871
        ],
        [
            0.02867310680449009,
            0.08886411041021347,
            -0.034904468804597855
        ],
        [
            0.029594162479043007,
            0.08918117731809616,
            -0.028925247490406036
        ],
        [
            0.030903149396181107,
            0.08495538681745529,
            -0.03040628880262375
        ],
        [
            0.02933615818619728,
            0.08539974689483643,
            -0.035934802144765854
        ],
        [
            0.09498508274555206,
            0.011598054319620132,
            0.0355026051402092
        ],
        [
            0.08817768096923828,
            0.004161559045314789,
            0.03522380441427231
        ],
        [
            0.09459180384874344,
            0.0010690242052078247,
            0.036812517791986465
        ],
        [
            0.1013348326086998,
            0.00744541734457016,
            0.03524799644947052
        ],
        [
            0.08661166578531265,
            0.017069336026906967,
            0.03581886738538742
        ],
        [
            0.0795939490199089,
            0.00884394720196724,
            0.03251294791698456
        ],
        [
            0.016130970790982246,
            0.08985716104507446,
            -0.037236958742141724
        ],
        [
            0.02093243971467018,
            0.09005774557590485,
            -0.039259154349565506
        ],
        [
            0.019892212003469467,
            0.08498626947402954,
            -0.03984615579247475
        ],
        [
            0.015524135902523994,
            0.08353421092033386,
            -0.03703399375081062
        ],
        [
            0.05610531195998192,
            0.05067128688097,
            -0.03298288956284523
        ],
        [
            0.05927104502916336,
            0.04930991679430008,
            -0.024412453174591064
        ],
        [
            0.041796907782554626,
            0.058580655604600906,
            -0.034856390208005905
        ],
        [
            0.04762118682265282,
            0.05467323958873749,
            -0.0295712947845459
        ],
        [
            0.047747280448675156,
            0.052448175847530365,
            -0.0363771952688694
        ],
        [
            0.041782110929489136,
            0.05526318401098251,
            -0.03985368460416794
        ],
        [
            0.051983628422021866,
            0.05246659368276596,
            -0.006243461277335882
        ],
        [
            0.06146937981247902,
            0.04587603732943535,
            -0.00496653001755476
        ],
        [
            0.05971480906009674,
            0.04639582335948944,
            -0.011358444578945637
        ],
        [
            0.049864329397678375,
            0.05408342927694321,
            -0.014471577480435371
        ],
        [
            0.06507639586925507,
            0.04826502501964569,
            0.008539732545614243
        ],
        [
            0.05516014248132706,
            0.05408225953578949,
            0.006272810511291027
        ],
        [
            0.05839828774333,
            0.0545843243598938,
            0.014248100109398365
        ],
        [
            0.06544721871614456,
            0.05124056339263916,
            0.014325068332254887
        ],
        [
            0.0381966307759285,
            0.062376827001571655,
            -0.0008215410634875298
        ],
        [
            0.03382972627878189,
            0.06435298174619675,
            -0.0024778321385383606
        ],
        [
            0.035043757408857346,
            0.06576231122016907,
            0.0005343049997463822
        ],
        [
            0.0395226925611496,
            0.06248979642987251,
            0.0027352748438715935
        ],
        [
            0.10033401846885681,
            -0.0029555782675743103,
            0.03806794807314873
        ],
        [
            0.10710632055997849,
            0.0030390918254852295,
            0.03421277552843094
        ],
        [
            0.04854685440659523,
            0.0367078073322773,
            0.03463869169354439
        ],
        [
            0.05823759734630585,
            0.0398397333920002,
            0.03960033133625984
        ],
        [
            0.04813050851225853,
            0.049329973757267,
            0.04072124511003494
        ],
        [
            0.03943224251270294,
            0.04301384836435318,
            0.035337984561920166
        ],
        [
            0.08194420486688614,
            -0.0015199556946754456,
            0.029150810092687607
        ],
        [
            0.08775131404399872,
            -0.005218915641307831,
            0.032914504408836365
        ],
        [
            0.013011107221245766,
            0.08949083089828491,
            -0.03176204115152359
        ],
        [
            0.013344701379537582,
            0.08291943371295929,
            -0.031425993889570236
        ],
        [
            0.09643448889255524,
            0.0228450708091259,
            -0.041238609701395035
        ],
        [
            0.08868831396102905,
            0.04239172115921974,
            -0.04715912044048309
        ],
        [
            0.10000181943178177,
            0.00810382142663002,
            -0.03363047540187836
        ],
        [
            0.10120914876461029,
            -0.0017378516495227814,
            -0.02671927399933338
        ],
        [
            0.10447806864976883,
            -0.009431235492229462,
            -0.02232249267399311
        ],
        [
            0.044827334582805634,
            0.05745306238532066,
            -0.02446070872247219
        ],
        [
            0.06257344037294388,
            0.04555576667189598,
            -0.016539517790079117
        ],
        [
            0.07211178541183472,
            0.04042786359786987,
            -0.0017874501645565033
        ],
        [
            0.07706926763057709,
            0.04964453727006912,
            0.027389679104089737
        ],
        [
            0.0859437957406044,
            0.04413674771785736,
            0.027921991422772408
        ],
        [
            0.08265449851751328,
            0.045617833733558655,
            0.017722558230161667
        ],
        [
            0.07516966760158539,
            0.0496557243168354,
            0.0194698553532362
        ],
        [
            0.06493140757083893,
            0.047347940504550934,
            0.039540477097034454
        ],
        [
            0.06741426140069962,
            0.052636224776506424,
            0.033811263740062714
        ],
        [
            0.06009335815906525,
            0.05697529762983322,
            0.03388621658086777
        ],
        [
            0.05608587712049484,
            0.053680241107940674,
            0.03980507329106331
        ],
        [
            0.06762462109327316,
            0.050171442329883575,
            -0.04955592378973961
        ],
        [
            0.07056833058595657,
            0.03534233570098877,
            -0.0486234612762928
        ],
        [
            0.10183016955852509,
            0.01886080577969551,
            0.03189212828874588
        ],
        [
            0.10717707872390747,
            0.013589445501565933,
            0.029617689549922943
        ],
        [
            0.11204962432384491,
            0.006545819342136383,
            0.029352355748414993
        ],
        [
            0.09329842776060104,
            0.03173799067735672,
            0.0012058531865477562
        ],
        [
            0.10543020814657211,
            0.02448345348238945,
            0.0018907096236944199
        ],
        [
            0.10503527522087097,
            0.02458135038614273,
            -0.0024661272764205933
        ],
        [
            0.09192849695682526,
            0.030272826552391052,
            -0.0018750382587313652
        ],
        [
            0.08618180453777313,
            0.036768198013305664,
            -0.013494541868567467
        ],
        [
            0.09923569858074188,
            0.034399308264255524,
            -0.013145318254828453
        ],
        [
            0.08182327449321747,
            0.04618704319000244,
            -0.017889654263854027
        ],
        [
            0.11249114573001862,
            0.012530878186225891,
            -0.0029791854321956635
        ],
        [
            0.11828051507472992,
            0.007587529718875885,
            0.005026748403906822
        ],
        [
            0.11790922284126282,
            0.004784595221281052,
            -0.003410203382372856
        ],
        [
            0.11748512834310532,
            0.008507933467626572,
            0.01475935522466898
        ],
        [
            0.11547183245420456,
            0.008402455598115921,
            0.023440774530172348
        ],
        [
            0.09219741076231003,
            -0.011588767170906067,
            0.0364518016576767
        ],
        [
            0.11598744988441467,
            0.00187581405043602,
            -0.010963516309857368
        ],
        [
            0.08274827897548676,
            0.06255423277616501,
            -0.03131707012653351
        ],
        [
            0.07793215662240982,
            0.06764646619558334,
            -0.03634647652506828
        ],
        [
            0.07221722602844238,
            0.06520738452672958,
            -0.032444972544908524
        ],
        [
            0.07575083523988724,
            0.06041327491402626,
            -0.02806275710463524
        ],
        [
            0.030966514721512794,
            0.04864562302827835,
            -0.04308018833398819
        ],
        [
            0.037467747926712036,
            0.05296137183904648,
            -0.04324737563729286
        ],
        [
            0.04541965574026108,
            0.04862159863114357,
            -0.04190889000892639
        ],
        [
            0.09730768203735352,
            0.03609710559248924,
            0.013631122186779976
        ],
        [
            0.09826979041099548,
            0.03372564911842346,
            0.026094790548086166
        ],
        [
            0.039248112589120865,
            0.061094142496585846,
            -0.029594598338007927
        ],
        [
            0.014401794411242008,
            0.07849752902984619,
            -0.03704841807484627
        ],
        [
            0.01918424665927887,
            0.07972482591867447,
            -0.04063908010721207
        ],
        [
            0.02389325387775898,
            0.06265318393707275,
            -0.04271455854177475
        ],
        [
            0.018232911825180054,
            0.061535175889730453,
            -0.038752131164073944
        ],
        [
            0.03104190155863762,
            0.0635451078414917,
            -0.024578940123319626
        ],
        [
            0.036667350679636,
            0.06341096013784409,
            -0.02898688241839409
        ],
        [
            0.03510957956314087,
            0.06459027528762817,
            -0.02775248885154724
        ],
        [
            0.031308941543102264,
            0.06605583429336548,
            -0.022461937740445137
        ],
        [
            0.0394929014146328,
            0.06538423895835876,
            0.00881685595959425
        ],
        [
            0.04358469694852829,
            0.06233486533164978,
            0.010559683665633202
        ],
        [
            0.021328579634428024,
            0.04443664848804474,
            -0.018669620156288147
        ],
        [
            0.021165838465094566,
            0.03919965773820877,
            -0.031178323552012444
        ],
        [
            0.03153640776872635,
            0.03153837472200394,
            -0.03019692935049534
        ],
        [
            0.054181672632694244,
            0.05264798551797867,
            0.0009158286266028881
        ],
        [
            0.04581977799534798,
            0.05855782702565193,
            0.0005273469723761082
        ],
        [
            0.046765103936195374,
            0.05874863266944885,
            0.004586649592965841
        ],
        [
            0.04159856587648392,
            0.05943748354911804,
            -0.02163134142756462
        ],
        [
            0.036357712000608444,
            0.06220392510294914,
            -0.024220513179898262
        ],
        [
            0.03666410595178604,
            0.061222948133945465,
            -0.01925787143409252
        ],
        [
            0.04251214861869812,
            0.05878409370779991,
            -0.016194740310311317
        ],
        [
            0.0681937113404274,
            0.03079642355442047,
            0.039006926119327545
        ],
        [
            0.07572922855615616,
            0.039873916655778885,
            0.039318013936281204
        ],
        [
            0.02552388794720173,
            0.08944737911224365,
            -0.038507960736751556
        ],
        [
            0.025210564956068993,
            0.08535459637641907,
            -0.0394439771771431
        ],
        [
            0.06346683204174042,
            0.046211302280426025,
            0.0019796653650701046
        ],
        [
            0.04452255368232727,
            0.02395183965563774,
            -0.027689840644598007
        ],
        [
            0.07352393865585327,
            0.04114675521850586,
            0.0035062897950410843
        ],
        [
            0.030636657029390335,
            0.05303928256034851,
            0.021470433101058006
        ],
        [
            0.03572915494441986,
            0.05964689701795578,
            0.022646985948085785
        ],
        [
            0.034779105335474014,
            0.06445974856615067,
            0.020215511322021484
        ],
        [
            0.02950081042945385,
            0.06186707317829132,
            0.019265901297330856
        ],
        [
            0.026108799502253532,
            0.0792151540517807,
            -0.020790323615074158
        ],
        [
            0.030082615092396736,
            0.08103138953447342,
            -0.024761436507105827
        ],
        [
            0.02967803180217743,
            0.08445724099874496,
            -0.024276740849018097
        ],
        [
            0.02521224319934845,
            0.08364490419626236,
            -0.020496245473623276
        ],
        [
            0.03833494335412979,
            0.06237088143825531,
            -0.03452011197805405
        ],
        [
            0.03760576993227005,
            0.06015380471944809,
            -0.040306296199560165
        ],
        [
            0.03513700142502785,
            0.06520835310220718,
            -0.03888596221804619
        ],
        [
            0.03578714281320572,
            0.06556102633476257,
            -0.03287386894226074
        ],
        [
            0.03263942152261734,
            0.05814424157142639,
            -0.04326990991830826
        ],
        [
            0.030154988169670105,
            0.06371905654668808,
            -0.042568158358335495
        ],
        [
            0.0199002455919981,
            0.07765458524227142,
            -0.020346317440271378
        ],
        [
            0.013995235785841942,
            0.07701954990625381,
            -0.024930249899625778
        ],
        [
            0.017578085884451866,
            0.06182383745908737,
            -0.02460784651339054
        ],
        [
            0.023751098662614822,
            0.06563747674226761,
            -0.021033121272921562
        ],
        [
            0.06168097257614136,
            0.011069189757108688,
            0.016699928790330887
        ],
        [
            0.0658297911286354,
            0.014078818261623383,
            0.026642123237252235
        ],
        [
            0.0550079420208931,
            0.02497989684343338,
            0.026272783055901527
        ],
        [
            0.04328889399766922,
            0.03526248037815094,
            0.026846297085285187
        ],
        [
            0.03297330439090729,
            0.04531817510724068,
            0.025876708328723907
        ],
        [
            0.027097944170236588,
            0.041374288499355316,
            0.01591428555548191
        ],
        [
            0.05954057723283768,
            0.026547972112894058,
            0.033072441816329956
        ],
        [
            0.025121087208390236,
            0.05776762217283249,
            -0.02086867392063141
        ],
        [
            0.020160898566246033,
            0.051854610443115234,
            -0.024405742064118385
        ],
        [
            0.021489161998033524,
            0.052819639444351196,
            -0.019910041242837906
        ],
        [
            0.07564440369606018,
            0.04383023828268051,
            0.010179084725677967
        ],
        [
            0.02434811368584633,
            0.08063077181577682,
            -0.040847934782505035
        ],
        [
            0.0850183293223381,
            -0.013429757207632065,
            -0.012134252116084099
        ],
        [
            0.08115415275096893,
            -0.014317043125629425,
            0.0010007582604885101
        ],
        [
            0.0757952407002449,
            -0.008349131792783737,
            -0.002668410539627075
        ],
        [
            0.0807732418179512,
            -0.006454020738601685,
            -0.017719227820634842
        ],
        [
            0.03143749013543129,
            0.08185689896345139,
            -0.031626902520656586
        ],
        [
            0.02968871220946312,
            0.08156146109104156,
            -0.03768951818346977
        ],
        [
            0.044919826090335846,
            0.06450815498828888,
            0.01660422794520855
        ],
        [
            0.040658749639987946,
            0.06710993498563766,
            0.014306299388408661
        ],
        [
            0.039588578045368195,
            0.0676024854183197,
            0.017171377316117287
        ],
        [
            0.0441601499915123,
            0.06720291078090668,
            0.020745305344462395
        ],
        [
            0.069504514336586,
            0.01520991325378418,
            0.031294889748096466
        ],
        [
            0.04511699080467224,
            0.058898795396089554,
            0.039156265556812286
        ],
        [
            0.03658530116081238,
            0.051951199769973755,
            0.03473770245909691
        ],
        [
            0.07491407543420792,
            0.004467472434043884,
            0.02661760523915291
        ],
        [
            0.07098722457885742,
            0.0012900754809379578,
            0.018207956105470657
        ],
        [
            0.07766455411911011,
            -0.00566505640745163,
            0.019923467189073563
        ],
        [
            0.022225990891456604,
            0.045958615839481354,
            0.0023829233832657337
        ],
        [
            0.057804301381111145,
            0.010910563170909882,
            0.008901684544980526
        ],
        [
            0.068348728120327,
            0.0009833499789237976,
            0.010996364057064056
        ],
        [
            0.07622292637825012,
            -0.007331006228923798,
            0.012702994979918003
        ],
        [
            0.0814405083656311,
            -0.013551883399486542,
            0.014750976115465164
        ],
        [
            0.08259864151477814,
            -0.010986685752868652,
            0.02242080494761467
        ],
        [
            0.013084360398352146,
            0.07763805240392685,
            -0.030935028567910194
        ],
        [
            0.013779246248304844,
            0.08304019272327423,
            -0.024470563977956772
        ],
        [
            0.08708807080984116,
            -0.018064185976982117,
            0.025961128994822502
        ],
        [
            0.08608467876911163,
            -0.02022908627986908,
            0.01696562021970749
        ],
        [
            0.06658341735601425,
            0.0006318762898445129,
            0.0019215214997529984
        ],
        [
            0.0659027174115181,
            0.001253623515367508,
            -0.009830471128225327
        ],
        [
            0.05661317706108093,
            0.010423805564641953,
            0.00019290577620267868
        ],
        [
            0.05479376018047333,
            0.011572908610105515,
            -0.011339042335748672
        ],
        [
            0.01804281771183014,
            0.03974347561597824,
            -0.0060424236580729485
        ],
        [
            0.017737239599227905,
            0.10205326974391937,
            -0.02104649320244789
        ],
        [
            0.01694955676794052,
            0.09032051265239716,
            -0.020434116944670677
        ],
        [
            0.022722171619534492,
            0.08945709466934204,
            -0.01994958519935608
        ],
        [
            0.021210141479969025,
            0.10051071643829346,
            -0.018937190994620323
        ],
        [
            0.019385136663913727,
            0.08308533579111099,
            -0.020245861262083054
        ],
        [
            0.013305013068020344,
            0.08982020616531372,
            -0.02478848583996296
        ],
        [
            0.05755944550037384,
            0.014852911233901978,
            -0.026388492435216904
        ],
        [
            0.03178337216377258,
            0.06290619820356369,
            -0.020965130999684334
        ],
        [
            0.07245615124702454,
            0.0059766098856925964,
            -0.027396023273468018
        ],
        [
            0.058501824736595154,
            0.0241115540266037,
            -0.04121974855661392
        ],
        [
            0.07126171886920929,
            0.019955795258283615,
            -0.0420507937669754
        ],
        [
            0.08876368403434753,
            -0.001514628529548645,
            -0.029273195192217827
        ],
        [
            0.0859837681055069,
            0.012629099190235138,
            -0.040557295083999634
        ],
        [
            0.0959998220205307,
            -0.015488401055335999,
            -0.01801981031894684
        ],
        [
            0.09126010537147522,
            -0.008932460099458694,
            -0.022276639938354492
        ],
        [
            0.08276267349720001,
            0.028911221772432327,
