{
    "pred_cam": [
        9.759204864501953,
        0.06911052018404007,
        -0.05277823656797409
    ],
    "pred_mano_params": {
        "global_orient": [
            [
                [
                    0.7629245519638062,
                    -0.6423004865646362,
                    0.07345931231975555
                ],
                [
                    -0.6375737190246582,
                    -0.7663362622261047,
                    -0.07892128080129623
                ],
                [
                    0.10698570311069489,
                    0.013375256210565567,
                    -0.9941706657409668
                ]
            ]
        ],
        "hand_pose": [
            [
                [
                    0.577657163143158,
                    -0.7684179544448853,
                    -0.2754017412662506
                ],
                [
                    0.7638911604881287,
                    0.6278079152107239,
                    -0.14942412078380585
                ],
                [
                    0.2877195477485657,
                    -0.12406103312969208,
                    0.9496454000473022
                ]
            ],
            [
                [
                    0.8193457722663879,
                    -0.5534916520118713,
                    0.14939723908901215
                ],
                [
                    0.5674281716346741,
                    0.7457347512245178,
                    -0.3491489887237549
                ],
                [
                    0.08184033632278442,
                    0.3708459138870239,
                    0.9250813722610474
                ]
            ],
            [
                [
                    0.7509279251098633,
                    -0.649770200252533,
                    -0.11792324483394623
                ],
                [
                    0.6561455726623535,
                    0.7543155550956726,
                    0.021931983530521393
                ],
                [
                    0.07470058649778366,
                    -0.09384416043758392,
                    0.9927804470062256
                ]
            ],
            [
                [
                    0.2605951130390167,
                    -0.9487403631210327,
                    -0.1788346916437149
                ],
                [
                    0.9626315832138062,
                    0.24119921028614044,
                    0.12313956022262573
                ],
                [
                    -0.073692686855793,
                    -0.20424148440361023,
                    0.9761428236961365
                ]
            ],
            [
                [
                    0.8676584959030151,
                    -0.4004090130329132,
                    -0.2946886420249939
                ],
                [
                    0.4416435956954956,
                    0.8929595351219177,
                    0.08703015744686127
                ],
                [
                    0.22829735279083252,
                    -0.20565980672836304,
                    0.9516220092773438
                ]
            ],
            [
                [
                    0.7746036648750305,
                    -0.49230828881263733,
                    0.3970159888267517
                ],
                [
                    0.5027204751968384,
                    0.8601803183555603,
                    0.08580191433429718
                ],
                [
                    -0.38374632596969604,
                    0.13312560319900513,
                    0.9137923121452332
                ]
            ],
            [
                [
                    0.19602064788341522,
                    -0.9378184676170349,
                    0.28648293018341064
                ],
                [
                    0.5696355104446411,
                    0.34670382738113403,
                    0.7451925277709961
                ],
                [
                    -0.7981799840927124,
                    0.017117731273174286,
                    0.602175772190094
                ]
            ],
            [
                [
                    0.8412486910820007,
                    -0.3990928828716278,
                    -0.36472681164741516
                ],
                [
                    0.5265237092971802,
                    0.75795978307724,
                    0.3850582540035248
                ],
                [
                    0.12277424335479736,
                    -0.5159670114517212,
                    0.8477645516395569
                ]
            ],
            [
                [
                    0.8417367935180664,
                    -0.4394175112247467,
                    0.31367406249046326
                ],
                [
                    0.29612523317337036,
                    0.8615739941596985,
                    0.41231074929237366
                ],
                [
                    -0.45142993330955505,
                    -0.25417032837867737,
                    0.8553411364555359
                ]
            ],
            [
                [
                    0.26219913363456726,
                    -0.9463903903961182,
                    0.1886712610721588
                ],
                [
                    0.8969498872756958,
                    0.3111271262168884,
                    0.31413495540618896
                ],
                [
                    -0.3559950590133667,
                    0.08686275035142899,
                    0.9304419755935669
                ]
            ],
            [
                [
                    0.8295735716819763,
                    -0.4728492498397827,
                    -0.29702073335647583
                ],
                [
                    0.5490744113922119,
                    0.7875452041625977,
                    0.27980342507362366
                ],
                [
                    0.1016123816370964,
                    -0.39520394802093506,
                    0.9129561185836792
                ]
            ],
            [
                [
                    0.5658990144729614,
                    -0.5992102026939392,
                    0.5663084387779236
                ],
                [
                    0.4310322105884552,
                    0.8005465865135193,
                    0.41633665561676025
                ],
                [
                    -0.7028295993804932,
                    0.008492682129144669,
                    0.7113074064254761
                ]
            ],
            [
                [
                    0.9629502892494202,
                    -0.1853448450565338,
                    -0.19589278101921082
                ],
                [
                    -0.14172184467315674,
                    0.27020278573036194,
                    -0.9523157477378845
                ],
                [
                    0.22943758964538574,
                    0.9447950720787048,
                    0.23392443358898163
                ]
            ],
            [
                [
                    0.9646210670471191,
                    -0.24372988939285278,
                    -0.10050741583108902
                ],
                [
                    0.25380608439445496,
                    0.7553600072860718,
                    0.6041635870933533
                ],
                [
                    -0.07133345305919647,
                    -0.6082984805107117,
                    0.790496289730072
                ]
            ],
            [
                [
                    0.9553388357162476,
                    0.13036388158798218,
                    -0.2652033567428589
                ],
                [
                    -0.22038748860359192,
                    0.9121683835983276,
                    -0.3455115556716919
                ],
                [
                    0.19686785340309143,
                    0.38852810859680176,
                    0.9001604318618774
                ]
            ]
        ],
        "betas": [
            -0.008638456463813782,
            -0.01071542501449585,
            -0.022192448377609253,
            0.03209015727043152,
            0.02065792679786682,
            0.016412939876317978,
            0.052342623472213745,
            -0.018214315176010132,
            -0.016403451561927795,
            -0.007702469825744629
        ]
    },
    "pred_cam_t": [
        -0.06911052018404007,
        -0.05277823656797409,
        4.002631187438965
    ],
    "focal_length": [
        5000.0,
        5000.0
    ],
    "pred_keypoints_3d": [
        [
            0.0957597866654396,
            0.006388777866959572,
            0.006188063882291317
        ],
        [
            0.08923181146383286,
            0.03161388263106346,
            -0.022279594093561172
        ],
        [
            0.08382097631692886,
            0.061578210443258286,
            -0.026940535753965378
        ],
        [
            0.07372324168682098,
            0.08672868460416794,
            -0.0276360884308815
        ],
        [
            0.056458376348018646,
            0.11829030513763428,
            -0.025522110983729362
        ],
        [
            0.03332757577300072,
            0.06499563902616501,
            -0.023870296776294708
        ],
        [
            0.03016379475593567,
            0.09749265015125275,
            -0.01883251965045929
        ],
        [
            0.04427456483244896,
            0.11376965790987015,
            -0.013416639529168606
        ],
        [
            0.0667753517627716,
            0.11845023185014725,
            -0.003522658720612526
        ],
        [
            0.024171367287635803,
            0.06821351498365402,
            -0.0006073815748095512
        ],
        [
            0.03657172992825508,
            0.09733907878398895,
            0.001556862611323595
        ],
        [
            0.05591882765293121,
            0.10913831740617752,
            0.006889447569847107
        ],
        [
            0.07904623448848724,
            0.1164969876408577,
            -5.072355270385742e-05
        ],
        [
            0.03391963988542557,
            0.06369677186012268,
            0.02391326054930687
        ],
        [
            0.04335542768239975,
            0.09006717056035995,
            0.016953015699982643
        ],
        [
            0.06488054245710373,
            0.10157597810029984,
            0.021295350044965744
        ],
        [
            0.08487681299448013,
            0.10270853340625763,
            0.007727243006229401
        ],
        [
            0.04643649235367775,
            0.06132178753614426,
            0.04164925217628479
        ],
        [
            0.05374370887875557,
            0.07983116805553436,
            0.03461095318198204
        ],
        [
            0.07058283686637878,
            0.08851060271263123,
            0.03417230024933815
        ],
        [
            0.08741624653339386,
            0.08825481683015823,
            0.026382340118288994
        ]
    ],
    "pred_vertices": [
        [
            0.06952811032533646,
            0.04956309124827385,
            -0.014987947419285774
        ],
        [
            0.07807833701372147,
            0.04296501725912094,
            -0.012526770122349262
        ],
        [
            0.0760166198015213,
            0.05056190490722656,
            -0.015503625385463238
        ],
        [
            0.06766755878925323,
            0.055255331099033356,
            -0.020744532346725464
        ],
        [
            0.09692816436290741,
            0.04686067998409271,
            -0.010400179773569107
        ],
        [
            0.10475347936153412,
            0.044307101517915726,
            -0.019050732254981995
        ],
        [
            0.09811180830001831,
            0.05935702100396156,
            -0.021287444978952408
        ],
        [
            0.09319258481264114,
            0.059831492602825165,
            -0.012654583901166916
        ],
        [
            0.06495094299316406,
            0.05947771295905113,
            -0.024503976106643677
        ],
        [
            0.07449530810117722,
            0.057803817093372345,
            -0.01769455149769783
        ],
        [
            0.06354133784770966,
            0.05935242772102356,
            -0.025865821167826653
        ],
        [
            0.050793662667274475,
            0.055344000458717346,
            -0.033533111214637756
        ],
        [
            0.05489886552095413,
            0.05893669277429581,
            -0.029967335984110832
        ],
        [
            0.04207177832722664,
            0.05591936782002449,
            -0.034774985164403915
        ],
        [
            0.05010579526424408,
            0.04493308812379837,
            -0.03501034155488014
        ],
        [
            0.03537193685770035,
            0.0495900958776474,
            -0.03220990300178528
        ],
        [
            0.04405504837632179,
            0.028838742524385452,
            -0.011743107810616493
        ],
        [
            0.04527565464377403,
            0.026786625385284424,
            0.0019267078023403883
        ],
        [
            0.031032824888825417,
            0.03844685107469559,
            0.0025231787003576756
        ],
        [
            0.03201834112405777,
            0.03999580815434456,
            -0.011444258503615856
        ],
        [
            0.040462132543325424,
            0.03590391203761101,
            0.021415669471025467
        ],
        [
            0.034748539328575134,
            0.03785628825426102,
            0.011048592627048492
        ],
        [
            0.047853387892246246,
            0.02522977814078331,
            0.010534376837313175
        ],
        [
            0.052526287734508514,
            0.024233024567365646,
            0.01966477744281292
        ],
        [
            0.07357154786586761,
            0.04336977005004883,
            -0.0011586914770305157
        ],
        [
            0.08226942270994186,
            0.037056393921375275,
            6.793858483433723e-05
        ],
        [
            0.08012916147708893,
            0.03768623620271683,
            -0.005676255561411381
        ],
        [
            0.07237572968006134,
            0.04445955157279968,
            -0.006628416478633881
        ],
        [
            0.06931676715612411,
            0.06351816654205322,
            -0.03053925558924675
        ],
        [
            0.06741611659526825,
            0.04992680251598358,
            -0.03635460510849953
        ],
        [
            0.06277846544981003,
            0.054108865559101105,
            -0.03182854875922203
        ],
        [
            0.0693584457039833,
            0.06580530107021332,
            -0.025415033102035522
        ],
        [
            0.10720965266227722,
            0.02697959542274475,
            0.012175081297755241
        ],
        [
            0.11257360130548477,
            0.014529451727867126,
            0.011197413317859173
        ],
        [
            0.11209259182214737,
            0.014036953449249268,
            0.005275552161037922
        ],
        [
            0.10688469558954239,
            0.0251140296459198,
            0.007284943480044603
        ],
        [
            0.11066390573978424,
            0.023062732070684433,
            -0.01441799383610487
        ],
        [
            0.11205567419528961,
            0.012557491660118103,
            -0.012816786766052246
        ],
        [
            0.11059541255235672,
            0.0029208287596702576,
            -0.021523211151361465
        ],
        [
            0.10736984014511108,
            0.012808147817850113,
            -0.02546720579266548
        ],
        [
            0.1077735498547554,
            0.03393084555864334,
            -0.01704617217183113
        ],
        [
            0.10722288489341736,
            0.026619691401720047,
            -0.02807524800300598
        ],
        [
            0.10457033663988113,
            0.03991992026567459,
            -0.029277563095092773
        ],
        [
            0.0975244790315628,
            0.05677090957760811,
            -0.030100524425506592
        ],
        [
            0.11150406301021576,
            0.013089410960674286,
            0.02389395609498024
        ],
        [
            0.10789768397808075,
            0.022377148270606995,
            0.026526205241680145
        ],
        [
            0.04298191890120506,
            0.09745639562606812,
            -0.02278018742799759
        ],
        [
            0.04369328171014786,
            0.09698893129825592,
            -0.016758710145950317
        ],
        [
            0.04373248666524887,
            0.09281232953071594,
            -0.018578803166747093
        ],
        [
            0.04256387799978256,
            0.09411143511533737,
            -0.02406661957502365
        ],
        [
            0.09618877619504929,
            0.007453233003616333,
            0.035949017852544785
        ],
        [
            0.08877573907375336,
            0.0007247030735015869,
            0.03488972783088684
        ],
        [
            0.0949336588382721,
            -0.0030916407704353333,
            0.03579277917742729
        ],
        [
            0.1021585613489151,
            0.0028632506728172302,
            0.03488479182124138
        ],
        [
            0.08829758316278458,
            0.013475146144628525,
            0.03734523057937622
        ],
        [
            0.08054482936859131,
            0.006423734128475189,
            0.03318648040294647
        ],
        [
            0.03155576437711716,
            0.10281245410442352,
            -0.02527102455496788
        ],
        [
            0.03626733645796776,
            0.10152453184127808,
            -0.027170628309249878
        ],
        [
            0.03363563492894173,
            0.09707356989383698,
            -0.028178231790661812
        ],
        [
            0.028906114399433136,
            0.0969565361738205,
            -0.025594089180231094
        ],
        [
            0.0591370090842247,
            0.05887980759143829,
            -0.024621790274977684
        ],
        [
            0.06228146702051163,
            0.055959589779376984,
            -0.01674468442797661
        ],
        [
            0.0458279624581337,
            0.0669471025466919,
            -0.02480757050216198
        ],
        [
            0.05099873244762421,
            0.06273810565471649,
            -0.02066105045378208
        ],
        [
            0.050805315375328064,
            0.06146010011434555,
            -0.027493417263031006
        ],
        [
            0.04555221274495125,
            0.06469875574111938,
            -0.03019850328564644
        ],
        [
            0.05576884001493454,
            0.05698974430561066,
            0.0018520292360335588
        ],
        [
            0.06466639041900635,
            0.04957450181245804,
            0.001863991841673851
        ],
        [
            0.06279044598340988,
            0.0511532723903656,
            -0.004349571652710438
        ],
        [
            0.053596898913383484,
            0.05990873649716377,
            -0.006003400310873985
        ],
        [
            0.06885570287704468,
            0.049716949462890625,
            0.015420380979776382
        ],
        [
            0.05942550301551819,
            0.056506697088479996,
            0.014334283769130707
        ],
        [
            0.06293801963329315,
            0.055542171001434326,
            0.022171584889292717
        ],
        [
            0.06966210901737213,
            0.051789335906505585,
            0.02152722328901291
        ],
        [
            0.04295258969068527,
            0.06695222109556198,
            0.00922338292002678
        ],
        [
            0.038832832127809525,
            0.0689195767045021,
            0.008240967988967896
        ],
        [
            0.04089728370308876,
            0.06944946199655533,
            0.01114550232887268
        ],
        [
            0.04461541026830673,
            0.06640064716339111,
            0.012613203376531601
        ],
        [
            0.100346639752388,
            -0.007718026638031006,
            0.03625739738345146
        ],
        [
            0.10751812905073166,
            -0.0018200576305389404,
            0.03304199129343033
        ],
        [
            0.051503051072359085,
            0.03613306209445,
            0.04065916687250137
        ],
        [
            0.061695396900177,
            0.03754310682415962,
            0.04553862661123276
        ],
        [
            0.05234592780470848,
            0.0476643368601799,
            0.04826226830482483
        ],
        [
            0.04248479753732681,
            0.04307471588253975,
            0.04257044568657875
        ],
        [
            0.0819464698433876,
            -0.003503665328025818,
            0.02832220308482647
        ],
        [
            0.08750387281179428,
            -0.008169323205947876,
            0.03131731227040291
        ],
        [
            0.028185952454805374,
            0.10308673977851868,
            -0.019898544996976852
        ],
        [
            0.026366300880908966,
            0.09673736989498138,
            -0.02008906938135624
        ],
        [
            0.09718784689903259,
            0.03054475039243698,
            -0.037079885601997375
        ],
        [
            0.09236429631710052,
            0.052203454077243805,
            -0.037319034337997437
        ],
        [
            0.09929527342319489,
            0.014170113950967789,
            -0.03299473971128464
        ],
        [
            0.09968174993991852,
            0.003086678683757782,
            -0.02786172740161419
        ],
        [
            0.10234151035547256,
            -0.00560355931520462,
            -0.02463451772928238
        ],
        [
            0.048516564071178436,
            0.06481597572565079,
            -0.015083362348377705
        ],
        [
            0.06541422754526138,
            0.050858210772275925,
            -0.009690571576356888
        ],
        [
            0.0748894065618515,
            0.04294932633638382,
            0.003855261020362377
        ],
        [
            0.08139121532440186,
            0.04744914174079895,
            0.03384578600525856
        ],
        [
            0.08974096179008484,
            0.04130430147051811,
            0.03327416256070137
        ],
        [
            0.08637918531894684,
            0.04447440803050995,
            0.023485638201236725
        ],
        [
            0.07934098690748215,
            0.04875540733337402,
            0.026041027158498764
        ],
        [
            0.06917630136013031,
            0.04433838650584221,
            0.04620622470974922
        ],
        [
            0.07215673476457596,
            0.05008681118488312,
            0.041078854352235794
        ],
        [
            0.06539114564657211,
            0.05466180667281151,
            0.04203629493713379
        ],
        [
            0.06087571755051613,
            0.05109325796365738,
            0.04770404472947121
        ],
        [
            0.07304316759109497,
            0.06398002058267593,
            -0.036856941878795624
        ],
        [
            0.07311056554317474,
            0.04753148928284645,
            -0.040217284113168716
        ],
        [
            0.10354962944984436,
            0.014567214995622635,
            0.033141620457172394
        ],
        [
            0.10837794095277786,
            0.009233511984348297,
            0.029972322285175323
        ],
        [
            0.11262772232294083,
            0.001920841634273529,
            0.028532523661851883
        ],
        [
            0.09519805014133453,
            0.03216066211462021,
            0.004520673304796219
        ],
        [
            0.10674183070659637,
            0.023881934583187103,
            0.003812147304415703
        ],
        [
            0.10607005655765533,
            0.02445979416370392,
            -0.0005792099982500076
        ],
        [
            0.0934380292892456,
            0.031100496649742126,
            0.0010879854671657085
        ],
        [
            0.08805660903453827,
            0.03830541670322418,
            -0.008074305951595306
        ],
        [
            0.10074104368686676,
            0.0347391739487648,
            -0.008427010849118233
        ],
        [
            0.08542399108409882,
            0.0485064722597599,
            -0.008667593821883202
        ],
        [
            0.11263344436883926,
            0.01223982498049736,
            -0.0027508223429322243
        ],
        [
            0.11826101690530777,
            0.005800068378448486,
            0.004369916394352913
        ],
        [
            0.11740706115961075,
            0.00425662100315094,
            -0.004363657906651497
        ],
        [
            0.11780662089586258,
            0.005426526069641113,
            0.014158738777041435
        ],
        [
            0.11604317277669907,
            0.004291407763957977,
            0.02281283214688301
        ],
        [
            0.0914890468120575,
            -0.015336684882640839,
            0.033756669610738754
        ],
        [
            0.11507991701364517,
            0.0026798024773597717,
            -0.012155227363109589
        ],
        [
            0.089511938393116,
            0.06794460862874985,
            -0.016157537698745728
        ],
        [
            0.08617366850376129,
            0.07539134472608566,
            -0.0194532573223114
        ],
        [
            0.07982668280601501,
            0.07298749685287476,
            -0.016299361363053322
        ],
        [
            0.08206840604543686,
            0.06619332730770111,
            -0.013477361761033535
        ],
        [
            0.03455547243356705,
            0.060753196477890015,
            -0.03426934406161308
        ],
        [
            0.041420288383960724,
            0.06370516121387482,
            -0.033813148736953735
        ],
        [
            0.04820987582206726,
            0.059017762541770935,
            -0.03318151831626892
        ],
        [
            0.10006631165742874,
            0.03451159596443176,
            0.01758582890033722
        ],
        [
            0.10112331807613373,
            0.030353210866451263,
            0.02953970432281494
        ],
        [
            0.04372675344347954,
            0.06884588301181793,
            -0.019211480394005775
        ],
        [
            0.026408949866890907,
            0.09233132004737854,
            -0.026087092235684395
        ],
        [
            0.031497422605752945,
            0.09221342206001282,
            -0.02946954406797886
        ],
        [
            0.031522542238235474,
            0.07420949637889862,
            -0.03306901454925537
        ],
        [
            0.025478657335042953,
            0.07446590065956116,
            -0.029346570372581482
        ],
        [
            0.036803238093853,
            0.07167786359786987,
            -0.013959980569779873
        ],
        [
            0.04247920960187912,
            0.07080048322677612,
            -0.018425246700644493
        ],
        [
            0.04168058931827545,
            0.0719786062836647,
            -0.017260875552892685
        ],
        [
            0.03809581324458122,
            0.07402321696281433,
            -0.011925139464437962
        ],
        [
            0.04554256796836853,
            0.06759911775588989,
            0.019181005656719208
        ],
        [
            0.048921793699264526,
            0.06479290872812271,
            0.020203663036227226
        ],
        [
            0.023940589278936386,
            0.053977057337760925,
            -0.010364075191318989
        ],
        [
            0.02253320813179016,
            0.05107652768492699,
            -0.02367432415485382
        ],
        [
            0.03246038034558296,
            0.04209088161587715,
            -0.024132654070854187
        ],
        [
            0.05815555900335312,
            0.05594909191131592,
            0.008876560255885124
        ],
        [
            0.05034605413675308,
            0.062453724443912506,
            0.00961294025182724
        ],
        [
            0.05148448050022125,
            0.061970654875040054,
            0.013595851138234138
        ],
        [
            0.04564954340457916,
            0.06666334718465805,
            -0.01191141176968813
        ],
        [
            0.04085862264037132,
            0.06982561945915222,
            -0.01373298093676567
        ],
        [
            0.041062891483306885,
            0.06853633373975754,
            -0.009137989953160286
        ],
        [
            0.046710845082998276,
            0.06535174697637558,
            -0.006777591072022915
        ],
        [
            0.0710219144821167,
            0.027999356389045715,
            0.04321574419736862
        ],
        [
            0.07939499616622925,
            0.036270420998334885,
            0.044443413615226746
        ],
        [
            0.04035281762480736,
            0.09933371841907501,
            -0.026367636397480965
        ],
        [
            0.03877251595258713,
            0.09565594792366028,
            -0.02764130011200905
        ],
        [
            0.06688334047794342,
            0.048757072538137436,
            0.008708419278264046
        ],
        [
            0.045207493007183075,
            0.03329512104392052,
            -0.02306562475860119
        ],
        [
            0.0765196830034256,
            0.04280458018183708,
            0.009143657982349396
        ],
        [
            0.03535255417227745,
            0.056130122393369675,
            0.030042674392461777
        ],
        [
            0.041613079607486725,
            0.061837971210479736,
            0.03195999562740326
        ],
        [
            0.0416153222322464,
            0.06658710539340973,
            0.030320078134536743
        ],
        [
            0.03606358915567398,
            0.0650239884853363,
            0.029019784182310104
        ],
        [
            0.03700977936387062,
            0.08823150396347046,
            -0.00949892494827509
        ],
        [
            0.04158002510666847,
            0.0889798253774643,
            -0.013245303183794022
        ],
        [
            0.04215093329548836,
            0.09230779111385345,
            -0.01254944410175085
        ],
        [
            0.0374905988574028,
            0.09274143725633621,
            -0.008892226032912731
        ],
        [
            0.04427499324083328,
            0.06994446367025375,
            -0.024021154269576073
        ],
        [
            0.04332216456532478,
            0.06898946315050125,
            -0.0300498828291893
        ],
        [
            0.042811863124370575,
            0.07340829074382782,
            -0.02842087298631668
        ],
        [
            0.043075062334537506,
            0.0730941966176033,
            -0.022278770804405212
        ],
        [
            0.038639117032289505,
            0.06829755008220673,
            -0.033538177609443665
        ],
        [
            0.03787824138998985,
            0.07353073358535767,
            -0.03255033120512962
        ],
        [
            0.03059665486216545,
            0.08872328698635101,
            -0.009287280030548573
        ],
        [
            0.025009598582983017,
            0.09034804254770279,
            -0.014054532162845135
        ],
        [
            0.024078216403722763,
            0.07397927343845367,
            -0.015029547736048698
        ],
        [
            0.030694082379341125,
            0.07573014497756958,
            -0.010778611525893211
        ],
        [
            0.062434300780296326,
            0.012324396520853043,
            0.018522588536143303
        ],
        [
            0.06707064807415009,
            0.013545267283916473,
            0.02863117679953575
        ],
        [
            0.05705910548567772,
            0.025268632918596268,
            0.030218597501516342
        ],
        [
            0.04593908041715622,
            0.036395035684108734,
            0.032775357365608215
        ],
        [
            0.036264121532440186,
            0.04742293059825897,
            0.03349623084068298
        ],
        [
            0.02994687482714653,
            0.045521900057792664,
            0.023272112011909485
        ],
        [
            0.06188415363430977,
            0.025433536618947983,
            0.03705399110913277
        ],
        [
            0.02997329831123352,
            0.06598187983036041,
            -0.010711971670389175
        ],
        [
            0.024015475064516068,
            0.06293774396181107,
            -0.01525583304464817
        ],
        [
            0.02559066005051136,
            0.06197817996144295,
            -0.010504909791052341
        ],
        [
            0.07904892414808273,
            0.044329121708869934,
            0.016040461137890816
        ],
        [
            0.03674464300274849,
            0.09148523211479187,
            -0.029498575255274773
        ],
        [
            0.082855224609375,
            -0.009524241089820862,
            -0.01443979237228632
        ],
        [
            0.07935675978660583,
            -0.012054160237312317,
            -0.001313658431172371
        ],
        [
            0.07440534234046936,
            -0.005199305713176727,
            -0.003944794647395611
        ],
        [
            0.07906218618154526,
            -0.0013043060898780823,
            -0.018957069143652916
        ],
        [
            0.043481264263391495,
            0.0898338183760643,
            -0.019992411136627197
        ],
        [
            0.04198963940143585,
            0.090488001704216,
            -0.026131851598620415
        ],
        [
            0.05091959983110428,
            0.06600119918584824,
            0.02635553479194641
        ],
        [
            0.04721076786518097,
            0.06872277706861496,
            0.024765580892562866
        ],
        [
            0.04682191088795662,
            0.06884834170341492,
            0.02756090834736824
        ],
        [
            0.0508822463452816,
            0.06793386489152908,
            0.030953969806432724
        ],
        [
            0.07094191759824753,
            0.01369284838438034,
            0.03328220546245575
        ],
        [
            0.05099613592028618,
            0.05816062167286873,
            0.04792138561606407
        ],
        [
            0.04103115573525429,
            0.05291030555963516,
            0.04265277832746506
        ],
        [
            0.07537095993757248,
            0.0033355355262756348,
            0.026915855705738068
        ],
        [
            0.07097810506820679,
            0.0017059966921806335,
            0.018301906064152718
        ],
        [
            0.07711903750896454,
            -0.005929343402385712,
            0.018771395087242126
        ],
        [
            0.025692379102110863,
            0.052362482994794846,
            0.010632779449224472
        ],
        [
            0.05835018306970596,
            0.013575710356235504,
            0.010911856777966022
        ],
        [
            0.06812897324562073,
            0.0026261061429977417,
            0.011214085854589939
        ],
        [
            0.0753520131111145,
            -0.00643949955701828,
            0.011449170298874378
        ],
        [
            0.08008372783660889,
            -0.01327863335609436,
            0.012420362792909145
        ],
        [
            0.081637442111969,
            -0.01194191724061966,
            0.020318154245615005
        ],
        [
            0.024590661749243736,
            0.09157983958721161,
            -0.020077137276530266
        ],
        [
            0.026566995307803154,
            0.0962475910782814,
            -0.013070396147668362
        ],
        [
            0.08561165630817413,
            -0.01980692893266678,
            0.02266763150691986
        ],
        [
            0.0842079371213913,
            -0.020572170615196228,
            0.013509528711438179
        ],
        [
            0.06610313802957535,
            0.003699757158756256,
            0.002245856449007988
        ],
        [
            0.06512460857629776,
            0.006227836012840271,
            -0.009426765143871307
        ],
        [
            0.05691112205386162,
            0.014424934983253479,
            0.002259341534227133
        ],
        [
            0.05489138886332512,
            0.017446666955947876,
            -0.009008416905999184
        ],
        [
            0.020250752568244934,
            0.047902218997478485,
            0.0016026083612814546
        ],
        [
            0.03643853962421417,
            0.11255818605422974,
            -0.007969997823238373
        ],
        [
            0.03175178915262222,
            0.10186989605426788,
            -0.00843283161520958
        ],
        [
            0.03683653473854065,
            0.09898659586906433,
            -0.007915770635008812
        ],
        [
            0.03897986188530922,
            0.10953667759895325,
            -0.006065806373953819
        ],
        [
            0.03177252039313316,
            0.09413392841815948,
            -0.008746124804019928
        ],
        [
            0.028332803398370743,
            0.10290079563856125,
            -0.012836199253797531
        ],
        [
            0.05754663795232773,
            0.02319452166557312,
            -0.023589273914694786
        ],
        [
            0.03668064624071121,
            0.07012850046157837,
            -0.010214158333837986
        ],
        [
            0.0716046541929245,
            0.01364867016673088,
            -0.02653861790895462
        ],
        [
            0.05928549915552139,
            0.03529895097017288,
            -0.03612474352121353
        ],
        [
            0.0716971755027771,
            0.03049500659108162,
            -0.037979695945978165
        ],
        [
            0.08729588985443115,
            0.005122840404510498,
            -0.030058875679969788
        ],
        [
            0.08575212210416794,
            0.021718595176935196,
            -0.03847845643758774
        ],
        [
            0.09349970519542694,
            -0.01154530793428421,
            -0.020924463868141174
        ],
        [
            0.08923305571079254,
            -0.0038566067814826965,
            -0.024148188531398773
        ],
        [
            0.08445128798484802,
            0.03992530331015587,
            -0.0413537472486496
        ],
        [
