{
    "pred_cam": [
        6.910503387451172,
        -0.15323948860168457,
        -0.045539647340774536
    ],
    "pred_mano_params": {
        "global_orient": [
            [
                [
                    -0.6817554235458374,
                    -0.5133114457130432,
                    0.5212686657905579
                ],
                [
                    -0.15982599556446075,
                    -0.5908087491989136,
                    -0.7908229231834412
                ],
                [
                    0.7139084935188293,
                    -0.6224600672721863,
                    0.3207465708255768
                ]
            ]
        ],
        "hand_pose": [
            [
                [
                    0.9274094104766846,
                    -0.29320088028907776,
                    -0.23226088285446167
                ],
                [
                    0.2568644881248474,
                    0.950590193271637,
                    -0.17435283958911896
                ],
                [
                    0.2719053328037262,
                    0.10203686356544495,
                    0.9568991661071777
                ]
            ],
            [
                [
                    0.8253045678138733,
                    -0.5403289198875427,
                    0.16406375169754028
                ],
                [
                    0.5646724104881287,
                    0.7875407338142395,
                    -0.24682916700839996
                ],
                [
                    0.004162070341408253,
                    0.2963515520095825,
                    0.9550698399543762
                ]
            ],
            [
                [
                    0.6456559300422668,
                    -0.7588452100753784,
                    0.08533685654401779
                ],
                [
                    0.7284438014030457,
                    0.6455798149108887,
                    0.22933900356292725
                ],
                [
                    -0.2291245460510254,
                    -0.08591098338365555,
                    0.9695985317230225
                ]
            ],
            [
                [
                    0.6923373341560364,
                    -0.6961288452148438,
                    -0.18993045389652252
                ],
                [
                    0.6919366121292114,
                    0.7151520252227783,
                    -0.09890105575323105
                ],
                [
                    0.20467700064182281,
                    -0.06294693052768707,
                    0.9768034815788269
                ]
            ],
            [
                [
                    0.9378275275230408,
                    -0.2984097898006439,
                    -0.17728835344314575
                ],
                [
                    0.33054640889167786,
                    0.9236730933189392,
                    0.1938222050666809
                ],
                [
                    0.1059180423617363,
                    -0.24037382006645203,
                    0.964884340763092
                ]
            ],
            [
                [
                    0.8370436429977417,
                    -0.5469053387641907,
                    0.015888214111328125
                ],
                [
                    0.5471318364143372,
                    0.8367984294891357,
                    -0.020375294610857964
                ],
                [
                    -0.0021518750581890345,
                    0.025747960433363914,
                    0.999666154384613
                ]
            ],
            [
                [
                    0.6359614729881287,
                    -0.7711849808692932,
                    0.02875114604830742
                ],
                [
                    0.7067732214927673,
                    0.596994936466217,
                    0.37956374883651733
                ],
                [
                    -0.3098781704902649,
                    -0.22106744349002838,
                    0.9247186779975891
                ]
            ],
            [
                [
                    0.9688535332679749,
                    -0.1239609569311142,
                    -0.2143748253583908
                ],
                [
                    0.1197298988699913,
                    0.9922690391540527,
                    -0.032662004232406616
                ],
                [
                    0.2167663425207138,
                    0.005977621302008629,
                    0.9762051701545715
                ]
            ],
            [
                [
                    0.9935987591743469,
                    -0.10973192751407623,
                    0.02684205211699009
                ],
                [
                    0.0881924107670784,
                    0.9019643068313599,
                    0.4227084517478943
                ],
                [
                    -0.0705951601266861,
                    -0.4176352918148041,
                    0.9058681130409241
                ]
            ],
            [
                [
                    0.618951141834259,
                    -0.7850098013877869,
                    0.02567214146256447
                ],
                [
                    0.7832520604133606,
                    0.6144733428955078,
                    -0.09454528987407684
                ],
                [
                    0.05844413861632347,
                    0.07862667739391327,
                    0.9951894879341125
                ]
            ],
            [
                [
                    0.9985249638557434,
                    -0.043713830411434174,
                    -0.03220360353589058
                ],
                [
                    0.053043946623802185,
                    0.9120007157325745,
                    0.40674450993537903
                ],
                [
                    0.01158934086561203,
                    -0.4078527092933655,
                    0.9129742383956909
                ]
            ],
            [
                [
                    0.8699097037315369,
                    -0.49059972167015076,
                    -0.05068512633442879
                ],
                [
                    0.4908463656902313,
                    0.8511046171188354,
                    0.18625447154045105
                ],
                [
                    -0.04823805019259453,
                    -0.1869031935930252,
                    0.9811932444572449
                ]
            ],
            [
                [
                    0.9480576515197754,
                    -0.2869245111942291,
                    -0.13733543455600739
                ],
                [
                    -0.03144226223230362,
                    0.3450978994369507,
                    -0.9380398392677307
                ],
                [
                    0.31654080748558044,
                    0.893634021282196,
                    0.3181511461734772
                ]
            ],
            [
                [
                    0.9178422689437866,
                    -0.39476603269577026,
                    -0.0415368489921093
                ],
                [
                    0.3282957673072815,
                    0.6961179971694946,
                    0.6384680867195129
                ],
                [
                    -0.2231309860944748,
                    -0.5996493697166443,
                    0.768526554107666
                ]
            ],
            [
                [
                    0.9348721504211426,
                    0.30905407667160034,
                    -0.1746412068605423
                ],
                [
                    -0.3309674561023712,
                    0.9367283582687378,
                    -0.11401962488889694
                ],
                [
                    0.12835314869880676,
                    0.1643943339586258,
                    0.9780080914497375
                ]
            ]
        ],
        "betas": [
            -0.01832883059978485,
            -0.13659852743148804,
            -0.014573395252227783,
            -0.06344124674797058,
            -0.017779260873794556,
            0.02056680992245674,
            0.012224942445755005,
            -0.005674302577972412,
            -0.012634500861167908,
            -0.0626232922077179
        ]
    },
    "pred_cam_t": [
        -0.15323948860168457,
        -0.045539647340774536,
        5.652627468109131
    ],
    "focal_length": [
        5000.0,
        5000.0
    ],
    "pred_keypoints_3d": [
        [
            0.09581147879362106,
            0.006389670539647341,
            0.006231553852558136
        ],
        [
            0.13361868262290955,
            -0.001034922432154417,
            0.0069628553465008736
        ],
        [
            0.16072669625282288,
            0.013432612642645836,
            0.005103010684251785
        ],
        [
            0.18300607800483704,
            0.0285164937376976,
            0.0016958904452621937
        ],
        [
            0.21434028446674347,
            0.04215862974524498,
            -0.010822847485542297
        ],
        [
            0.16926603019237518,
            0.0072651696391403675,
            -0.046829529106616974
        ],
        [
            0.19034694135189056,
            0.02033601514995098,
            -0.06862761825323105
        ],
        [
            0.20405007898807526,
            0.03782618045806885,
            -0.06877108663320541
        ],
        [
            0.2113347053527832,
            0.05400579795241356,
            -0.051978446543216705
        ],
        [
            0.15940432250499725,
            0.025132056325674057,
            -0.06156151741743088
        ],
        [
            0.17822639644145966,
            0.04973990097641945,
            -0.06870633363723755
        ],
        [
            0.18815229833126068,
            0.07022716104984283,
            -0.0635932981967926
        ],
        [
            0.19702714681625366,
            0.0893125832080841,
            -0.04893246665596962
        ],
        [
            0.13975593447685242,
            0.04294634982943535,
            -0.05834682285785675
        ],
        [
            0.16008619964122772,
            0.0633312538266182,
            -0.06151014566421509
        ],
        [
            0.173398956656456,
            0.0840468481183052,
            -0.05805699899792671
        ],
        [
            0.18594768643379211,
            0.10290504992008209,
            -0.04630446434020996
        ],
        [
            0.125369593501091,
            0.057482413947582245,
            -0.050709523260593414
        ],
        [
            0.1383787989616394,
            0.07419291138648987,
            -0.050338778644800186
        ],
        [
            0.14706821739673615,
            0.09094072133302689,
            -0.048064880073070526
        ],
        [
            0.1582351177930832,
            0.10771292448043823,
            -0.041082706302404404
        ]
    ],
    "pred_vertices": [
        [
            0.14630675315856934,
            0.012330466881394386,
            -0.013653773814439774
        ],
        [
            0.13828745484352112,
            0.012219206430017948,
            -0.005525324493646622
        ],
        [
            0.1462656557559967,
            0.014582598581910133,
            -0.005587451159954071
        ],
        [
            0.15446169674396515,
            0.01152602955698967,
            -0.013437330722808838
        ],
        [
            0.13705511391162872,
            0.01767246052622795,
            0.014665570110082626
        ],
        [
            0.13931632041931152,
            0.009934455156326294,
            0.02353283017873764
        ],
        [
            0.1535513699054718,
            0.016940852627158165,
            0.018840543925762177
        ],
        [
            0.14896750450134277,
            0.02376502938568592,
            0.012926295399665833
        ],
        [
            0.16041475534439087,
            0.011337527073919773,
            -0.014174684882164001
        ],
        [
            0.15332037210464478,
            0.01727285236120224,
            -0.005497083067893982
        ],
        [
            0.16161911189556122,
            0.011143096722662449,
            -0.014325430616736412
        ],
        [
            0.16478009521961212,
            -0.0008431482128798962,
            -0.026447927579283714
        ],
        [
            0.16491641104221344,
            0.004267503507435322,
            -0.02356366440653801
        ],
        [
            0.1672644466161728,
            -0.0038791275583207607,
            -0.03483191132545471
        ],
        [
            0.15767702460289001,
            -0.008498470298945904,
            -0.027109110727906227
        ],
        [
            0.16101528704166412,
            -0.007146912626922131,
            -0.041115667670965195
        ],
        [
            0.1318206787109375,
            -0.003410493955016136,
            -0.03889542818069458
        ],
        [
            0.12194511294364929,
            0.0058065298944711685,
            -0.04104844108223915
        ],
        [
            0.13284441828727722,
            0.010478336364030838,
            -0.05376890301704407
        ],
        [
            0.14203529059886932,
            0.0011648181825876236,
            -0.049528177827596664
        ],
        [
            0.1182575449347496,
            0.024823198094964027,
            -0.049645911902189255
        ],
        [
            0.12682075798511505,
            0.017177153378725052,
            -0.05267614126205444
        ],
        [
            0.11522717773914337,
            0.011821867898106575,
            -0.04072380065917969
        ],
        [
            0.10832486301660538,
            0.019031446427106857,
            -0.038406290113925934
        ],
        [
            0.13259942829608917,
            0.0191919207572937,
            -0.013495255261659622
        ],
        [
            0.12552376091480255,
            0.018078889697790146,
            -0.005450494587421417
        ],
        [
            0.12976107001304626,
            0.014069892466068268,
            -0.005986835807561874
        ],
        [
            0.13688719272613525,
            0.015684563666582108,
            -0.013244319707155228
        ],
        [
            0.16752418875694275,
            0.012285852804780006,
            -0.0070558879524469376
        ],
        [
            0.16015426814556122,
            -0.002391958609223366,
            -0.009862011298537254
        ],
        [
            0.16137978434562683,
            0.0034249452874064445,
            -0.014576958492398262
        ],
        [
            0.1660977005958557,
            0.017729580402374268,
            -0.007122693583369255
        ],
        [
            0.10669496655464172,
            0.025789201259613037,
            0.01574796810746193
        ],
        [
            0.09667614102363586,
            0.01843421347439289,
            0.021165307611227036
        ],
        [
            0.09988800436258316,
            0.013481666333973408,
            0.022134240716695786
        ],
        [
            0.10818067193031311,
            0.020819799974560738,
            0.0165870301425457
        ],
        [
            0.11881797760725021,
            0.0028786472976207733,
            0.025801844894886017
        ],
        [
            0.10942493379116058,
            -0.0016074320301413536,
            0.026456471532583237
        ],
        [
            0.10732027888298035,
            -0.014379153028130531,
            0.027258478105068207
        ],
        [
            0.11789527535438538,
            -0.012345608323812485,
            0.025052156299352646
        ],
        [
            0.12940257787704468,
            0.006261096801608801,
            0.024854537099599838
        ],
        [
            0.13037827610969543,
            -0.006665540859103203,
            0.02600083127617836
        ],
        [
            0.14223612844944,
            -0.0007931943982839584,
            0.024416446685791016
        ],
        [
            0.15729504823684692,
            0.008641090244054794,
            0.019074808806180954
        ],
        [
            0.08814462274312973,
            0.02708880789577961,
            0.017058663070201874
        ],
        [
            0.09442396461963654,
            0.034046582877635956,
            0.012893259525299072
        ],
        [
            0.19607439637184143,
            0.02469158172607422,
            -0.058058902621269226
        ],
        [
            0.1924826055765152,
            0.02933528460562229,
            -0.05936277657747269
        ],
        [
            0.19032490253448486,
            0.02692228928208351,
            -0.056937817484140396
        ],
        [
            0.19424830377101898,
            0.022707125172019005,
            -0.05639585480093956
        ],
        [
            0.07886558026075363,
            0.029780669137835503,
            -0.0007097423076629639
        ],
        [
            0.07528088241815567,
            0.02341306209564209,
            -0.007643699645996094
        ],
        [
            0.07082408666610718,
            0.0229948740452528,
            -0.0018751397728919983
        ],
        [
            0.07499512284994125,
            0.02734234370291233,
            0.00533737987279892
        ],
        [
            0.08407150208950043,
            0.032940082252025604,
            -0.008660797029733658
        ],
        [
            0.08204983174800873,
            0.023959431797266006,
            -0.01515468955039978
        ],
        [
            0.1991247683763504,
            0.018376411870121956,
            -0.06880199909210205
        ],
        [
            0.2002624273300171,
            0.019193114712834358,
            -0.0637998953461647
        ],
        [
            0.19701474905014038,
            0.015618698671460152,
            -0.06330326944589615
        ],
        [
            0.19449475407600403,
            0.014757896773517132,
            -0.0679127499461174
        ],
        [
            0.16109727323055267,
            0.008603367023169994,
            -0.021233992651104927
        ],
        [
            0.15360167622566223,
            0.013160263188183308,
            -0.020370952785015106
        ],
        [
            0.17166389524936676,
            0.011669473722577095,
            -0.03598397225141525
        ],
        [
            0.16341328620910645,
            0.012252829037606716,
            -0.03040066361427307
        ],
        [
            0.16671335697174072,
            0.006452121771872044,
            -0.02868478372693062
        ],
        [
            0.172723650932312,
            0.005579061806201935,
            -0.03442222625017166
        ],
        [
            0.14451707899570465,
            0.026500238105654716,
            -0.031499721109867096
        ],
        [
            0.1371573805809021,
            0.023562133312225342,
            -0.022876892238855362
        ],
        [
            0.142377108335495,
            0.019489457830786705,
            -0.023111864924430847
        ],
        [
            0.1518537849187851,
            0.021909579634666443,
            -0.03166494891047478
        ],
        [
            0.12865594029426575,
            0.03483876958489418,
            -0.02226686105132103
        ],
        [
            0.13629455864429474,
            0.03651351481676102,
            -0.031134121119976044
        ],
        [
            0.13051694631576538,
            0.04264456033706665,
            -0.029723722487688065
        ],
        [
            0.12664952874183655,
            0.04097011312842369,
            -0.02302694320678711
        ],
        [
            0.15058554708957672,
            0.0361298993229866,
            -0.04578239470720291
        ],
        [
            0.15412916243076324,
            0.036750428378582,
            -0.05082080513238907
        ],
        [
            0.15292052924633026,
            0.04081086441874504,
            -0.050418246537446976
        ],
        [
            0.1479736566543579,
            0.038773201406002045,
            -0.04552849382162094
        ],
        [
            0.06610877811908722,
            0.02156290039420128,
            0.0032528191804885864
        ],
        [
            0.07161825150251389,
            0.024108650162816048,
            0.01096123456954956
        ],
        [
            0.10578450560569763,
            0.04173813760280609,
            -0.04341568797826767
        ],
        [
            0.10292372107505798,
            0.04852260649204254,
            -0.03504233434796333
        ],
        [
            0.10985954105854034,
            0.05477624759078026,
            -0.04375356435775757
        ],
        [
            0.11097587645053864,
            0.04574405774474144,
            -0.051330842077732086
        ],
        [
            0.07689427584409714,
            0.014455853030085564,
            -0.012587480247020721
        ],
        [
            0.07059089839458466,
            0.015003753826022148,
            -0.007937442511320114
        ],
        [
            0.19557610154151917,
            0.020527053624391556,
            -0.0734749436378479
        ],
        [
            0.190618097782135,
            0.017240887507796288,
            -0.07187600433826447
        ],
        [
            0.14070048928260803,
            -0.013012685813009739,
            0.017743896692991257
        ],
        [
            0.15910343825817108,
            5.926750600337982e-05,
            0.014513101428747177
        ],
        [
            0.12478494644165039,
            -0.019112925976514816,
            0.018685251474380493
        ],
        [
            0.11291445046663284,
            -0.021442245692014694,
            0.018001891672611237
        ],
        [
            0.10373373329639435,
            -0.023496564477682114,
            0.020048394799232483
        ],
        [
            0.1624668389558792,
            0.01755255088210106,
            -0.034375257790088654
        ],
        [
            0.14487959444522858,
            0.015846243128180504,
            -0.019181519746780396
        ],
        [
            0.1290951669216156,
            0.02294427528977394,
            -0.013500254601240158
        ],
        [
            0.11424249410629272,
            0.049853190779685974,
            -0.014531854540109634
        ],
        [
            0.10833382606506348,
            0.04719315841794014,
            -0.006267603486776352
        ],
        [
            0.1170085072517395,
            0.041078485548496246,
            -0.007262635976076126
        ],
        [
            0.12006425857543945,
            0.04434077441692352,
            -0.014744371175765991
        ],
        [
            0.10685205459594727,
            0.05481364205479622,
            -0.028336886316537857
        ],
        [
            0.11396420747041702,
            0.05522821098566055,
            -0.024798549711704254
        ],
        [
            0.11860010027885437,
            0.05750194936990738,
            -0.0313916876912117
        ],
        [
            0.11261306703090668,
            0.05840044096112251,
            -0.03590811416506767
        ],
        [
            0.1711125671863556,
            0.007433507591485977,
            -0.0027446262538433075
        ],
        [
            0.15972165763378143,
            -0.006603999063372612,
            -0.0039069317281246185
        ],
        [
            0.0850212424993515,
            0.033459343016147614,
            0.007110163569450378
        ],
        [
            0.08197975903749466,
            0.02874096855521202,
            0.012567691504955292
        ],
        [
            0.07646247744560242,
            0.023984353989362717,
            0.01701033115386963
        ],
        [
            0.11707913875579834,
            0.020853376016020775,
            0.005924854427576065
        ],
        [
            0.10928031802177429,
            0.017336294054985046,
            0.017267942428588867
        ],
        [
            0.11238771677017212,
            0.014129944145679474,
            0.017708446830511093
        ],
        [
            0.11852630972862244,
            0.01735984906554222,
            0.0050760842859745026
        ],
        [
            0.13037851452827454,
            0.014131376519799232,
            0.003943406045436859
        ],
        [
            0.1258581578731537,
            0.012949901632964611,
            0.016105279326438904
        ],
        [
            0.13894298672676086,
            0.019529737532138824,
            0.0031291916966438293
        ],
        [
            0.10315119475126266,
            0.006246417760848999,
            0.02458345517516136
        ],
        [
            0.09302835911512375,
            0.008987854234874249,
            0.028363589197397232
        ],
        [
            0.09713567048311234,
            0.001166732981801033,
            0.029690995812416077
        ],
        [
            0.08696851879358292,
            0.016144253313541412,
            0.02550157532095909
        ],
        [
            0.08119909465312958,
            0.021757349371910095,
            0.021709449589252472
        ],
        [
            0.06290604919195175,
            0.013232391327619553,
            -0.00466214120388031
        ],
        [
            0.1008777916431427,
            -0.006240701302886009,
            0.029364876449108124
        ],
        [
            0.15851609408855438,
            0.026030922308564186,
            0.011341992765665054
        ],
        [
            0.16747546195983887,
            0.028072314336895943,
            0.01039184257388115
        ],
        [
            0.16478626430034637,
            0.029216011986136436,
            0.003497827798128128
        ],
        [
            0.15643788874149323,
            0.02695542201399803,
            0.003520447760820389
        ],
        [
            0.1716986745595932,
            -0.0037292391061782837,
            -0.043546490371227264
        ],
        [
            0.17403581738471985,
            0.0007925600511953235,
            -0.03774283453822136
        ],
        [
            0.1683420091867447,
            0.0002779053756967187,
            -0.02952081337571144
        ],
        [
            0.11048950254917145,
            0.03309754654765129,
            0.0074668265879154205
        ],
        [
            0.0999927967786789,
            0.039862483739852905,
            0.005577951669692993
        ],
        [
            0.1703636646270752,
            0.016596201807260513,
            -0.04049064964056015
        ],
        [
            0.1908494532108307,
            0.0114732775837183,
            -0.06739132851362228
        ],
        [
            0.1937742680311203,
            0.012084637768566608,
            -0.06219377741217613
        ],
        [
            0.18229253590106964,
            0.0028114444576203823,
            -0.05338433384895325
        ],
        [
            0.1792086362838745,
            0.0022142352536320686,
            -0.05943846330046654
        ],
        [
            0.17051662504673004,
            0.01922205649316311,
            -0.05154786258935928
        ],
        [
            0.17259173095226288,
            0.017845045775175095,
            -0.045465946197509766
        ],
        [
            0.17325527966022491,
            0.018573405221104622,
            -0.04849066212773323
        ],
        [
            0.17132143676280975,
            0.02123003453016281,
            -0.054107874631881714
        ],
        [
            0.1456153839826584,
            0.046018678694963455,
            -0.0478922538459301
        ],
        [
            0.14158053696155548,
            0.04415605962276459,
            -0.04347105324268341
        ],
        [
            0.15357446670532227,
            0.008119550533592701,
            -0.057903554290533066
        ],
        [
            0.15815973281860352,
            -0.004228129051625729,
            -0.05445421487092972
        ],
        [
            0.15077972412109375,
            -0.006125413812696934,
            -0.04585883021354675
        ],
        [
            0.13919603824615479,
            0.031712353229522705,
            -0.030959295108914375
        ],
        [
            0.14528609812259674,
            0.034909479320049286,
            -0.038762759417295456
        ],
        [
            0.14244410395622253,
            0.037900377064943314,
            -0.03881995752453804
        ],
        [
            0.16254344582557678,
            0.02042902633547783,
            -0.03829251974821091
        ],
        [
            0.1677381992340088,
            0.02031741850078106,
            -0.04420054703950882
        ],
        [
            0.1631392389535904,
            0.0226688701659441,
            -0.04348648339509964
        ],
        [
            0.15786835551261902,
            0.023381609469652176,
            -0.03831876814365387
        ],
        [
            0.09498858451843262,
            0.04285898432135582,
            -0.02622416242957115
        ],
        [
            0.09948694705963135,
            0.05054457485675812,
            -0.018686771392822266
        ],
        [
            0.19902251660823822,
            0.021288378164172173,
            -0.059771813452243805
        ],
        [
            0.19673003256320953,
            0.018511062487959862,
            -0.05878308787941933
        ],
        [
            0.13213759660720825,
            0.028729572892189026,
            -0.02247757464647293
        ],
        [
            0.14182612299919128,
            -0.008521787822246552,
            -0.03507660701870918
        ],
        [
            0.1255948841571808,
            0.027186065912246704,
            -0.013267934322357178
        ],
        [
            0.12893183529376984,
            0.04199758172035217,
            -0.05823564901947975
        ],
        [
            0.1317717730998993,
            0.04916773736476898,
            -0.05367714911699295
        ],
        [
            0.13620035350322723,
            0.05044025182723999,
            -0.055859826505184174
        ],
        [
            0.13578377664089203,
            0.04658548906445503,
            -0.06079467758536339
        ],
        [
            0.18014703691005707,
            0.027816511690616608,
            -0.0630946010351181
        ],
        [
            0.18378391861915588,
            0.028217114508152008,
            -0.05863114073872566
        ],
        [
            0.18609318137168884,
            0.030104445293545723,
            -0.06025193631649017
        ],
        [
            0.18336468935012817,
            0.030100500211119652,
            -0.06548728048801422
        ],
        [
            0.17533595860004425,
            0.013935837894678116,
            -0.04210342839360237
        ],
        [
            0.1775413453578949,
            0.008004470728337765,
            -0.04043184965848923
        ],
        [
            0.18086440861225128,
            0.011543101631104946,
            -0.045140817761421204
        ],
        [
            0.17721441388130188,
            0.01596841774880886,
            -0.04654134064912796
        ],
        [
            0.17871063947677612,
            0.0029770955443382263,
            -0.04421817138791084
        ],
        [
            0.1826094388961792,
            0.006179522722959518,
            -0.048045579344034195
        ],
        [
            0.1790163815021515,
            0.02438357099890709,
            -0.06840420514345169
        ],
        [
            0.18182061612606049,
            0.018359415233135223,
            -0.07187475264072418
        ],
        [
            0.1703885793685913,
            0.011335673741996288,
            -0.06469720602035522
        ],
        [
            0.1706172525882721,
            0.018381688743829727,
            -0.06126786023378372
        ],
        [
            0.09817331284284592,
            0.012832341715693474,
            -0.028844516724348068
        ],
        [
            0.09242446720600128,
            0.02218853123486042,
            -0.026878856122493744
        ],
        [
            0.10226059705018997,
            0.028585052117705345,
            -0.03651230409741402
        ],
        [
            0.11109408736228943,
            0.03485870733857155,
            -0.04695070534944534
        ],
        [
            0.12066210061311722,
            0.04023405537009239,
            -0.055802468210458755
        ],
        [
            0.1259501725435257,
            0.02967558242380619,
            -0.059917014092206955
        ],
        [
            0.09774027019739151,
            0.03476043790578842,
            -0.03356969729065895
        ],
        [
            0.16463176906108856,
            0.017907364293932915,
            -0.05545723810791969
        ],
        [
            0.16284172236919403,
            0.007880429737269878,
            -0.05893465876579285
        ],
        [
            0.16057926416397095,
            0.01370709203183651,
            -0.05834336578845978
        ],
        [
            0.12236179411411285,
            0.033872298896312714,
            -0.01254282146692276
        ],
        [
            0.1942865550518036,
            0.014894426800310612,
            -0.05772952362895012
        ],
        [
            0.09749730676412582,
            -0.0216823797672987,
            -0.001173257827758789
        ],
        [
            0.08819252252578735,
            -0.013888705521821976,
            -0.007727243006229401
        ],
        [
            0.09588292986154556,
            -0.01264762133359909,
            -0.011880338191986084
        ],
        [
            0.1072264015674591,
            -0.020827222615480423,
            -0.003901839256286621
        ],
        [
            0.18878008425235748,
            0.024896297603845596,
            -0.055112361907958984
        ],
        [
            0.19261740148067474,
            0.0199492946267128,
            -0.05437709391117096
        ],
        [
            0.13828349113464355,
            0.04973366856575012,
            -0.043935276567935944
        ],
        [
            0.14198921620845795,
            0.0504116415977478,
            -0.048425935208797455
        ],
        [
            0.13971468806266785,
            0.05277421325445175,
            -0.050944991409778595
        ],
        [
            0.13677658140659332,
            0.0548742450773716,
            -0.04598856717348099
        ],
        [
            0.08922411501407623,
            0.026532623916864395,
            -0.024321116507053375
        ],
        [
            0.11549364775419235,
            0.05986175313591957,
            -0.046331390738487244
        ],
        [
            0.11640651524066925,
            0.05151910334825516,
            -0.05409455671906471
        ],
        [
            0.08410361409187317,
            0.016258331015706062,
            -0.018582016229629517
        ],
        [
            0.08860351890325546,
            0.007821675390005112,
            -0.020694971084594727
        ],
        [
            0.08139908313751221,
            0.004714360460639,
            -0.014869589358568192
        ],
        [
            0.13983067870140076,
            0.023459721356630325,
            -0.062031518667936325
        ],
        [
            0.10427652299404144,
            0.007016722112894058,
            -0.030922677367925644
        ],
        [
            0.09398005157709122,
            0.002445654943585396,
            -0.021668963134288788
        ],
        [
            0.08561421930789948,
            -0.001523863524198532,
            -0.014775734394788742
        ],
        [
            0.07894673198461533,
            -0.004050077870488167,
            -0.010416015982627869
        ],
        [
            0.07507231831550598,
            0.0031102150678634644,
            -0.010857272893190384
        ],
        [
            0.1862969696521759,
            0.014372240751981735,
            -0.07068802416324615
        ],
        [
            0.18615400791168213,
            0.022081512957811356,
            -0.07413280010223389
        ],
        [
            0.06687799096107483,
            0.0008489601314067841,
            -0.007567711174488068
        ],
        [
            0.07193387299776077,
            -0.006886094808578491,
            -0.006659388542175293
        ],
        [
            0.10045991092920303,
            -0.004107417538762093,
            -0.021403834223747253
        ],
        [
            0.1095690056681633,
            -0.01158536970615387,
            -0.019598424434661865
        ],
        [
            0.11027485132217407,
            0.0007058382034301758,
            -0.030189435929059982
        ],
        [
            0.11967885494232178,
            -0.006332751363515854,
            -0.029402906075119972
        ],
        [
            0.14196714758872986,
            0.012732304632663727,
            -0.06327807903289795
        ],
        [
            0.19749239087104797,
            0.037199024111032486,
            -0.07561784237623215
        ],
        [
            0.18870249390602112,
            0.030322052538394928,
            -0.07412214577198029
        ],
        [
            0.18739640712738037,
            0.03254416584968567,
            -0.06888902187347412
        ],
        [
            0.19502177834510803,
            0.039104364812374115,
            -0.07266750931739807
        ],
        [
            0.18313737213611603,
            0.027348630130290985,
            -0.07068032771348953
        ],
        [
            0.19131755828857422,
            0.02554604411125183,
            -0.07575063407421112
        ],
        [
            0.13247457146644592,
            -0.012943224981427193,
            -0.023524824529886246
        ],
        [
            0.16695068776607513,
            0.023060373961925507,
            -0.048884931951761246
        ],
        [
            0.12467686831951141,
            -0.018612926825881004,
            -0.009635280817747116
        ],
        [
            0.14941173791885376,
            -0.01389649510383606,
            -0.018761934712529182
        ],
        [
            0.1448628455400467,
            -0.016506563872098923,
            -0.006697371602058411
        ],
        [
            0.11773066222667694,
            -0.024124613031744957,
            0.006261255592107773
        ],
        [
            0.13616469502449036,
            -0.020721834152936935,
            0.006554149091243744
        ],
        [
            0.09816458821296692,
            -0.02585948072373867,
            0.010694105178117752
        ],
        [
            0.10680749267339706,
            -0.02457515336573124,
            0.0070894211530685425
        ],
        [
            0.152826189994812,
