{
    "pred_cam": [
        7.028939247131348,
        -0.15469248592853546,
        -0.04055196791887283
    ],
    "pred_mano_params": {
        "global_orient": [
            [
                [
                    -0.6622888445854187,
                    -0.5391756892204285,
                    0.5202530026435852
                ],
                [
                    -0.15439359843730927,
                    -0.5812541842460632,
                    -0.7989407777786255
                ],
                [
                    0.7331685423851013,
                    -0.6094532608985901,
                    0.30171287059783936
                ]
            ]
        ],
        "hand_pose": [
            [
                [
                    0.8880715370178223,
                    -0.41718000173568726,
                    -0.19310595095157623
                ],
                [
                    0.38227203488349915,
                    0.9034889340400696,
                    -0.19384491443634033
                ],
                [
                    0.25533729791641235,
                    0.09832911938428879,
                    0.9618390798568726
                ]
            ],
            [
                [
                    0.844596803188324,
                    -0.5069692134857178,
                    0.17215801775455475
                ],
                [
                    0.5353425145149231,
                    0.8044790625572205,
                    -0.25733596086502075
                ],
                [
                    -0.008036100305616856,
                    0.30950865149497986,
                    0.9508626461029053
                ]
            ],
            [
                [
                    0.6397113800048828,
                    -0.7628790140151978,
                    0.0937277153134346
                ],
                [
                    0.7302194237709045,
                    0.6412792205810547,
                    0.23567050695419312
                ],
                [
                    -0.23989374935626984,
                    -0.08231931179761887,
                    0.967302680015564
                ]
            ],
            [
                [
                    0.6876135468482971,
                    -0.7041676640510559,
                    -0.17701880633831024
                ],
                [
                    0.7001916170120239,
                    0.7076085209846497,
                    -0.09498334676027298
                ],
                [
                    0.1921442151069641,
                    -0.05863526090979576,
                    0.9796134829521179
                ]
            ],
            [
                [
                    0.9416841864585876,
                    -0.2879128158092499,
                    -0.17417563498020172
                ],
                [
                    0.31968170404434204,
                    0.927038311958313,
                    0.19596856832504272
                ],
                [
                    0.1050456091761589,
                    -0.24022124707698822,
                    0.9650177955627441
                ]
            ],
            [
                [
                    0.8240987062454224,
                    -0.5663883090019226,
                    0.008097417652606964
                ],
                [
                    0.5664462447166443,
                    0.8240121603012085,
                    -0.011944584548473358
                ],
                [
                    9.290346497436985e-05,
                    0.014430267736315727,
                    0.9998958706855774
                ]
            ],
            [
                [
                    0.6226879358291626,
                    -0.7812111377716064,
                    0.044371433556079865
                ],
                [
                    0.7051792740821838,
                    0.5848514437675476,
                    0.40083780884742737
                ],
                [
                    -0.33908966183662415,
                    -0.21830710768699646,
                    0.915073812007904
                ]
            ],
            [
                [
                    0.9684023857116699,
                    -0.12392150610685349,
                    -0.21642591059207916
                ],
                [
                    0.11116491258144379,
                    0.9913194179534912,
                    -0.07020142674446106
                ],
                [
                    0.22324666380882263,
                    0.04392426833510399,
                    0.9737718105316162
                ]
            ],
            [
                [
                    0.9967206716537476,
                    -0.0807766541838646,
                    0.004796517547219992
                ],
                [
                    0.06956466287374496,
                    0.8856369256973267,
                    0.4591383934020996
                ],
                [
                    -0.04133564233779907,
                    -0.45729905366897583,
                    0.8883518576622009
                ]
            ],
            [
                [
                    0.59464430809021,
                    -0.803205132484436,
                    0.0354921817779541
                ],
                [
                    0.8025534749031067,
                    0.5903671383857727,
                    -0.08587494492530823
                ],
                [
                    0.04802177473902702,
                    0.07954941689968109,
                    0.9956735372543335
                ]
            ],
            [
                [
                    0.9996175169944763,
                    -0.01572163961827755,
                    -0.02274974249303341
                ],
                [
                    0.023509882390499115,
                    0.9163058996200562,
                    0.39978843927383423
                ],
                [
                    0.014560402370989323,
                    -0.4001704156398773,
                    0.916325032711029
                ]
            ],
            [
                [
                    0.878917396068573,
                    -0.4738400876522064,
                    -0.054586466401815414
                ],
                [
                    0.47496187686920166,
                    0.8589590191841125,
                    0.191312775015831
                ],
                [
                    -0.04376411810517311,
                    -0.1940746307373047,
                    0.9800099730491638
                ]
            ],
            [
                [
                    0.9405738115310669,
                    -0.31495535373687744,
                    -0.12698030471801758
                ],
                [
                    -0.03235431760549545,
                    0.2891097068786621,
                    -0.9567490816116333
                ],
                [
                    0.33804449439048767,
                    0.9040015339851379,
                    0.2617388665676117
                ]
            ],
            [
                [
                    0.918008029460907,
                    -0.3927215039730072,
                    -0.05505375191569328
                ],
                [
                    0.33430206775665283,
                    0.6917113661766052,
                    0.6401386260986328
                ],
                [
                    -0.2133149355649948,
                    -0.6060570478439331,
                    0.766284167766571
                ]
            ],
            [
                [
                    0.9200571179389954,
                    0.3345925509929657,
                    -0.2038206309080124
                ],
                [
                    -0.35862353444099426,
                    0.9287098050117493,
                    -0.09427260607481003
                ],
                [
                    0.1577472984790802,
                    0.15983103215694427,
                    0.9744588136672974
                ]
            ]
        ],
        "betas": [
            -0.01175495982170105,
            -0.14788848161697388,
            -0.03335794806480408,
            -0.0683225691318512,
            -0.014972865581512451,
            0.012661769986152649,
            0.00708383321762085,
            -0.0019740909337997437,
            0.002550557255744934,
            -0.05521443486213684
        ]
    },
    "pred_cam_t": [
        -0.15469248592853546,
        -0.04055196791887283,
        5.557382106781006
    ],
    "focal_length": [
        5000.0,
        5000.0
    ],
    "pred_keypoints_3d": [
        [
            0.09579041600227356,
            0.00638735294342041,
            0.006234176456928253
        ],
        [
            0.1334734857082367,
            -0.0015148259699344635,
            0.005800276063382626
        ],
        [
            0.15978826582431793,
            0.014236975461244583,
            0.003219256177544594
        ],
        [
            0.18112194538116455,
            0.030417559668421745,
            -0.0010873973369598389
        ],
        [
            0.21072115004062653,
            0.045298054814338684,
            -0.016234377399086952
        ],
        [
            0.16760051250457764,
            0.006580593064427376,
            -0.048966191709041595
        ],
        [
            0.19022732973098755,
            0.02144073136150837,
            -0.06788308918476105
        ],
        [
            0.20401661098003387,
            0.03879966959357262,
            -0.06626895070075989
        ],
        [
            0.21015559136867523,
            0.05396991968154907,
            -0.04813269153237343
        ],
        [
            0.1575532853603363,
            0.024629535153508186,
            -0.06330547481775284
        ],
        [
            0.17679639160633087,
            0.048878543078899384,
            -0.0705544576048851
        ],
        [
            0.18735748529434204,
            0.06911349296569824,
            -0.0656842514872551
        ],
        [
            0.19673720002174377,
            0.08771277219057083,
            -0.05072557553648949
        ],
        [
            0.1382560133934021,
            0.042659223079681396,
            -0.05943521112203598
        ],
        [
            0.15884527564048767,
            0.0628383681178093,
            -0.062188439071178436
        ],
        [
            0.17269229888916016,
            0.08325439691543579,
            -0.05903041735291481
        ],
        [
            0.18594001233577728,
            0.10206539928913116,
            -0.0479094535112381
        ],
        [
            0.12430478632450104,
            0.0573323518037796,
            -0.05132385715842247
        ],
        [
            0.13797049224376678,
            0.07352042198181152,
            -0.0509178452193737
        ],
        [
            0.14734028279781342,
            0.08996214717626572,
            -0.049071189016103745
        ],
        [
            0.15913532674312592,
            0.10697949677705765,
            -0.042433079332113266
        ]
    ],
    "pred_vertices": [
        [
            0.14562752842903137,
            0.011728848330676556,
            -0.015155918896198273
        ],
        [
            0.1377115249633789,
            0.011546147055923939,
            -0.006876949220895767
        ],
        [
            0.1452960968017578,
            0.01409530732780695,
            -0.00722874328494072
        ],
        [
            0.1535804718732834,
            0.010937332175672054,
            -0.01522839069366455
        ],
        [
            0.13627606630325317,
            0.017500368878245354,
            0.013155341148376465
        ],
        [
            0.138951376080513,
            0.00991208478808403,
            0.022037550806999207
        ],
        [
            0.1527489274740219,
            0.01749034970998764,
            0.017003197222948074
        ],
        [
            0.14778074622154236,
            0.024092650040984154,
            0.011151574552059174
        ],
        [
            0.15922494232654572,
            0.010942090302705765,
            -0.016167715191841125
        ],
        [
            0.1520681381225586,
            0.017051294445991516,
            -0.0073415301740169525
        ],
        [
            0.16012534499168396,
            0.011123617179691792,
            -0.016328604891896248
        ],
        [
            0.1633743792772293,
            -0.0012350194156169891,
            -0.02855025790631771
        ],
        [
            0.16366402804851532,
            0.003708884585648775,
            -0.025660885497927666
        ],
        [
            0.16571247577667236,
            -0.004450533073395491,
            -0.036996230483055115
        ],
        [
            0.15633055567741394,
            -0.008776606060564518,
            -0.0289988461881876
        ],
        [
            0.1594642847776413,
            -0.0076684001833200455,
            -0.043294720351696014
        ],
        [
            0.13034288585186005,
            -0.0036273449659347534,
            -0.03998883441090584
        ],
        [
            0.12049628794193268,
            0.005704915151000023,
            -0.041798725724220276
        ],
        [
            0.1310657560825348,
            0.010300498455762863,
            -0.05486809089779854
        ],
        [
            0.1402890980243683,
            0.0008603166788816452,
            -0.05101998522877693
        ],
        [
            0.11680573970079422,
            0.024801941588521004,
            -0.05025692284107208
        ],
        [
            0.1251717209815979,
            0.017067408189177513,
            -0.05355248227715492
        ],
        [
            0.11387576162815094,
            0.011795703321695328,
            -0.04124375432729721
        ],
        [
            0.10714639723300934,
            0.019075464457273483,
            -0.03869647905230522
        ],
        [
            0.13210731744766235,
            0.01877218671143055,
            -0.014528382569551468
        ],
        [
            0.1253017783164978,
            0.017634445801377296,
            -0.006290148943662643
        ],
        [
            0.12945662438869476,
            0.013469723984599113,
            -0.007000293582677841
        ],
        [
            0.1363532543182373,
            0.015181703492999077,
            -0.014428902417421341
        ],
        [
            0.16613054275512695,
            0.013154326006770134,
            -0.009157923981547356
        ],
        [
            0.15910188853740692,
            -0.002144448459148407,
            -0.011723443865776062
        ],
        [
            0.16003136336803436,
            0.003555329516530037,
            -0.016528205946087837
        ],
        [
            0.16446299850940704,
            0.01849277876317501,
            -0.009222498163580894
        ],
        [
            0.10718081146478653,
            0.025572914630174637,
            0.01549682766199112
        ],
        [
            0.0972299799323082,
            0.018332846462726593,
            0.02117178589105606
        ],
        [
            0.1004045382142067,
            0.01332821324467659,
            0.022022977471351624
        ],
        [
            0.10864090174436569,
            0.020549708977341652,
            0.01627478376030922
        ],
        [
            0.11924487352371216,
            0.00253418181091547,
            0.024994339793920517
        ],
        [
            0.10991871356964111,
            -0.0018663480877876282,
            0.026006225496530533
        ],
        [
            0.1077008992433548,
            -0.014528188854455948,
            0.026832088828086853
        ],
        [
            0.11826428771018982,
            -0.012491580098867416,
            0.024348683655261993
        ],
        [
            0.12942805886268616,
            0.005940325558185577,
            0.02362527698278427
        ],
        [
            0.13065829873085022,
            -0.006787572056055069,
            0.024877235293388367
        ],
        [
            0.1422058641910553,
            -0.000624513253569603,
            0.022980019450187683
        ],
        [
            0.1568724513053894,
            0.00941396877169609,
            0.017229001969099045
        ],
        [
            0.08870244026184082,
            0.02710850164294243,
            0.017359621822834015
        ],
        [
            0.09494846314191818,
            0.0339948870241642,
            0.013040237128734589
        ],
        [
            0.19512739777565002,
            0.02525128796696663,
            -0.05678543448448181
        ],
        [
            0.19168157875537872,
            0.029966847971081734,
            -0.05813053995370865
        ],
        [
            0.18922756612300873,
            0.02732459269464016,
            -0.05593908950686455
        ],
        [
            0.19310437142848969,
            0.023090455681085587,
            -0.05536055564880371
        ],
        [
            0.07896441221237183,
            0.029989052563905716,
            -0.00010595470666885376
        ],
        [
            0.07510387897491455,
            0.02370855212211609,
            -0.006950214505195618
        ],
        [
            0.07081256061792374,
            0.023319195955991745,
            -0.0010610446333885193
        ],
        [
            0.07524076104164124,
            0.02757260389626026,
            0.006037794053554535
        ],
        [
            0.08397303521633148,
            0.033116526901721954,
            -0.008192040026187897
        ],
        [
            0.08165083080530167,
            0.024205533787608147,
            -0.014650750905275345
        ],
        [
            0.19896811246871948,
            0.01940583623945713,
            -0.06753227859735489
        ],
        [
            0.19971051812171936,
            0.019982902333140373,
            -0.062433402985334396
        ],
        [
            0.19638144969940186,
            0.01636205054819584,
            -0.06236587464809418
        ],
        [
            0.19422772526741028,
            0.015758438035845757,
            -0.06713758409023285
        ],
        [
            0.16007263958454132,
            0.007943804375827312,
            -0.02318575046956539
        ],
        [
            0.15275070071220398,
            0.01252742949873209,
            -0.022066671401262283
        ],
        [
            0.16979333758354187,
            0.010847567580640316,
            -0.03776105120778084
        ],
        [
            0.16216418147087097,
            0.011512582190334797,
            -0.032366346567869186
        ],
        [
            0.1653151661157608,
            0.005685392767190933,
            -0.030773069709539413
        ],
        [
            0.17088811099529266,
            0.0048140184953808784,
            -0.03628990799188614
        ],
        [
            0.14355729520320892,
            0.02602655068039894,
            -0.03283451125025749
        ],
        [
            0.1364251971244812,
            0.023143216967582703,
            -0.02401711791753769
        ],
        [
            0.14157985150814056,
            0.01900133304297924,
            -0.024425439536571503
        ],
        [
            0.1508106291294098,
            0.021341046318411827,
            -0.03323562070727348
        ],
        [
            0.12810489535331726,
            0.034515075385570526,
            -0.02310115098953247
        ],
        [
            0.13548925518989563,
            0.03612906113266945,
            -0.03217880055308342
        ],
        [
            0.12983594834804535,
            0.042316269129514694,
            -0.03056705743074417
        ],
        [
            0.1261596828699112,
            0.04066864401102066,
            -0.02376914769411087
        ],
        [
            0.1493007093667984,
            0.035647567361593246,
            -0.04722554236650467
        ],
        [
            0.15269459784030914,
            0.03627965226769447,
            -0.05232785642147064
        ],
        [
            0.1514953076839447,
            0.040267523378133774,
            -0.051745399832725525
        ],
        [
            0.14672911167144775,
            0.03828597441315651,
            -0.046857431530952454
        ],
        [
            0.06623104214668274,
            0.021919894963502884,
            0.0041908398270606995
        ],
        [
            0.0719875767827034,
            0.024352824315428734,
            0.01173737645149231
        ],
        [
            0.10474042594432831,
            0.04183078929781914,
            -0.043588459491729736
        ],
        [
            0.1022031158208847,
            0.04858062416315079,
            -0.03509370982646942
        ],
        [
            0.1089952141046524,
            0.05479994788765907,
            -0.044016771018505096
        ],
        [
            0.10976669192314148,
            0.04580560326576233,
            -0.051696449518203735
        ],
        [
            0.07645965367555618,
            0.01476728729903698,
            -0.011967435479164124
        ],
        [
            0.07030550390481949,
            0.015371691435575485,
            -0.00713677704334259
        ],
        [
            0.19581329822540283,
            0.02180933766067028,
            -0.07233867049217224
        ],
        [
            0.19066554307937622,
            0.018448706716299057,
            -0.07117554545402527
        ],
        [
            0.14083331823349,
            -0.012883421964943409,
            0.016467969864606857
        ],
        [
            0.1588674783706665,
            0.0008479617536067963,
            0.012708649039268494
        ],
        [
            0.12500624358654022,
            -0.01921537145972252,
            0.017842479050159454
        ],
        [
            0.11306045204401016,
            -0.021565016359090805,
            0.01744604855775833
        ],
        [
            0.10384179651737213,
            -0.023577148094773293,
            0.019699938595294952
        ],
        [
            0.16110023856163025,
            0.016793157905340195,
            -0.036287665367126465
        ],
        [
            0.14414142072200775,
            0.015303070656955242,
            -0.02059684321284294
        ],
        [
            0.12864923477172852,
            0.022582195699214935,
            -0.014410514384508133
        ],
        [
            0.11413203179836273,
            0.049657970666885376,
            -0.01488414779305458
        ],
        [
            0.10844646394252777,
            0.04703852906823158,
            -0.006466381251811981
        ],
        [
            0.11699961125850677,
            0.04082496464252472,
            -0.0077390410006046295
        ],
        [
            0.11987132579088211,
            0.044078435748815536,
            -0.015287447720766068
        ],
        [
            0.1064019724726677,
            0.05477461963891983,
            -0.028466351330280304
        ],
        [
            0.11360755562782288,
            0.05507846176624298,
            -0.025117624551057816
        ],
        [
            0.11805607378482819,
            0.05731944367289543,
            -0.03182557597756386
        ],
        [
            0.11198121309280396,
            0.058331456035375595,
            -0.036207474768161774
        ],
        [
            0.17008602619171143,
            0.008568571880459785,
            -0.004924612119793892
        ],
        [
            0.15898816287517548,
            -0.006221601739525795,
            -0.0057309456169605255
        ],
        [
            0.08538153022527695,
            0.03355534374713898,
            0.007540769875049591
        ],
        [
            0.08243738859891891,
            0.028857674449682236,
            0.013064421713352203
        ],
        [
            0.07699502259492874,
            0.024143965914845467,
            0.017637498676776886
        ],
        [
            0.1172390803694725,
            0.02044883742928505,
            0.0053383782505989075
        ],
        [
            0.10973133146762848,
            0.01701388508081436,
            0.016905594617128372
        ],
        [
            0.11281648278236389,
            0.013713503256440163,
            0.017208725214004517
        ],
        [
            0.11863938719034195,
            0.01683717407286167,
            0.004407748579978943
        ],
        [
            0.1298196017742157,
            0.013406654819846153,
            0.0026718750596046448
        ],
        [
            0.12569186091423035,
            0.012330795638263226,
            0.01495169848203659
        ],
        [
            0.13784806430339813,
            0.01918412558734417,
            0.001582898199558258
        ],
        [
            0.10366176813840866,
            0.006033771671354771,
            0.024335235357284546
        ],
        [
            0.09366732835769653,
            0.008894565515220165,
            0.02841990441083908
        ],
        [
            0.09771685302257538,
            0.0010245786979794502,
            0.029585901647806168
        ],
        [
            0.08762691169977188,
            0.01613616943359375,
            0.02577165514230728
        ],
        [
            0.08183230459690094,
            0.021839022636413574,
            0.02218180149793625
        ],
        [
            0.0627000480890274,
            0.013678908348083496,
            -0.003653489053249359
        ],
        [
            0.10136763006448746,
            -0.006399250589311123,
            0.029130205512046814
        ],
        [
            0.15714533627033234,
            0.02677425555884838,
            0.009339306503534317
        ],
        [
            0.16597296297550201,
            0.029302600771188736,
            0.008116349577903748
        ],
        [
            0.16300848126411438,
            0.030213359743356705,
            0.0013256818056106567
        ],
        [
            0.15482456982135773,
            0.027491547167301178,
            0.0015921778976917267
        ],
        [
            0.1700606495141983,
            -0.004171917214989662,
            -0.045426998287439346
        ],
        [
            0.17223012447357178,
            0.00018774985801428556,
            -0.0395330972969532
        ],
        [
            0.16685910522937775,
            -0.00038566766306757927,
            -0.031688712537288666
        ],
        [
            0.11082088947296143,
            0.0328671857714653,
            0.0071373507380485535
        ],
        [
            0.10037636756896973,
            0.039763785898685455,
            0.005588114261627197
        ],
        [
            0.1684863269329071,
            0.015848129987716675,
            -0.04212372004985809
        ],
        [
            0.19053979218006134,
            0.012413661926984787,
            -0.0670577809214592
        ],
        [
            0.19304579496383667,
            0.012746092863380909,
            -0.06166161224246025
        ],
        [
            0.1809515804052353,
            0.002772598061710596,
            -0.05392948165535927
        ],
        [
            0.17831113934516907,
            0.0024769105948507786,
            -0.06024639308452606
        ],
        [
            0.16886372864246368,
            0.01887533813714981,
            -0.05282607674598694
        ],
        [
            0.1706494688987732,
            0.01732034981250763,
            -0.04652511700987816
        ],
        [
            0.17140768468379974,
            0.018204590305685997,
            -0.049213163554668427
        ],
        [
            0.16984541714191437,
            0.021142153069376945,
            -0.05482904985547066
        ],
        [
            0.14433428645133972,
            0.04553889110684395,
            -0.048978425562381744
        ],
        [
            0.14046962559223175,
            0.04371415451169014,
            -0.04457421600818634
        ],
        [
            0.15171074867248535,
            0.0077751921489834785,
            -0.05972664803266525
        ],
        [
            0.15650662779808044,
            -0.004644749686121941,
            -0.056849345564842224
        ],
        [
            0.14914065599441528,
            -0.006604976020753384,
            -0.04775358363986015
        ],
        [
            0.1383267343044281,
            0.031294967979192734,
            -0.03211619332432747
        ],
        [
            0.14421287178993225,
            0.03444504737854004,
            -0.04007444903254509
        ],
        [
            0.1414136439561844,
            0.03746219351887703,
            -0.04002454876899719
        ],
        [
            0.16112691164016724,
            0.01971197873353958,
            -0.04015420377254486
        ],
        [
            0.16602467000484467,
            0.019631240516901016,
            -0.04594770446419716
        ],
        [
            0.16168811917304993,
            0.022035513073205948,
            -0.04530157521367073
        ],
        [
            0.15662507712841034,
            0.022770265117287636,
            -0.040031760931015015
        ],
        [
            0.09447692334651947,
            0.04297886788845062,
            -0.026039600372314453
        ],
        [
            0.09928802400827408,
            0.05055609345436096,
            -0.018606770783662796
        ],
        [
            0.19817328453063965,
            0.021901845932006836,
            -0.05842526629567146
        ],
        [
            0.19574379920959473,
            0.01901431754231453,
            -0.05777717009186745
        ],
        [
            0.13149325549602509,
            0.028367383405566216,
            -0.023445546627044678
        ],
        [
            0.1404455006122589,
            -0.008841022849082947,
            -0.03650519624352455
        ],
        [
            0.12521585822105408,
            0.026867685839533806,
            -0.014054212719202042
        ],
        [
            0.12749549746513367,
            0.041873201727867126,
            -0.05902238190174103
        ],
        [
            0.1305476874113083,
            0.048909444361925125,
            -0.0544264055788517
        ],
        [
            0.1349107027053833,
            0.050203774124383926,
            -0.0566200353205204
        ],
        [
            0.13436450064182281,
            0.046440064907073975,
            -0.061574786901474
        ],
        [
            0.17943260073661804,
            0.028393909335136414,
            -0.06271681189537048
        ],
        [
            0.18270578980445862,
            0.028556615114212036,
            -0.05795375257730484
        ],
        [
            0.18526248633861542,
            0.030691038817167282,
            -0.05936618894338608
        ],
        [
            0.1829504519701004,
            0.030947454273700714,
            -0.06477721780538559
        ],
        [
            0.17323629558086395,
            0.013361090794205666,
            -0.04306117445230484
        ],
        [
            0.17549794912338257,
            0.007467614486813545,
            -0.04149329662322998
        ],
        [
            0.17886097729206085,
            0.011161157861351967,
            -0.04549936577677727
        ],
        [
            0.1752464920282364,
            0.015600413084030151,
            -0.04702793061733246
        ],
        [
            0.17686162889003754,
            0.0025849691592156887,
            -0.045171722769737244
        ],
        [
            0.18086189031600952,
            0.005909761879593134,
            -0.04844341427087784
        ],
        [
            0.17875632643699646,
            0.02526223659515381,
            -0.06827178597450256
        ],
        [
            0.18185269832611084,
            0.019454069435596466,
            -0.07181395590305328
        ],
        [
            0.16979500651359558,
            0.011808624491095543,
            -0.06577969342470169
        ],
        [
            0.16973307728767395,
            0.01872892491519451,
            -0.062114398926496506
        ],
        [
            0.09721039235591888,
            0.012960685417056084,
            -0.028850700706243515
        ],
        [
            0.09164819866418839,
            0.022369282320141792,
            -0.026676885783672333
        ],
        [
            0.1012723445892334,
            0.028687184676527977,
            -0.0365854874253273
        ],
        [
            0.1098674088716507,
            0.03490517660975456,
            -0.04730760306119919
        ],
        [
            0.11922920495271683,
            0.04019001126289368,
            -0.05647086724638939
        ],
        [
            0.12427569180727005,
            0.029615718871355057,
            -0.060775093734264374
        ],
        [
            0.0969168022274971,
            0.034895360469818115,
            -0.033489521592855453
        ],
        [
            0.16286560893058777,
            0.017400141805410385,
            -0.057208266109228134
        ],
        [
            0.1614260971546173,
            0.0077628446742892265,
            -0.060792166739702225
        ],
        [
            0.15869741141796112,
            0.01323268748819828,
            -0.060116834938526154
        ],
        [
            0.12209372967481613,
            0.03358516842126846,
            -0.013203117996454239
        ],
        [
            0.19321352243423462,
            0.01529352180659771,
            -0.05702302232384682
        ],
        [
            0.0969829112291336,
            -0.021637553349137306,
            -0.0013277418911457062
        ],
        [
            0.08754166215658188,
            -0.013704799115657806,
            -0.007565554231405258
        ],
        [
            0.09512578696012497,
            -0.012540144845843315,
            -0.011931046843528748
        ],
        [
            0.10669918358325958,
            -0.020866533741354942,
            -0.004308752715587616
        ],
        [
            0.18742384016513824,
            0.02507217600941658,
            -0.05424746870994568
        ],
        [
            0.19125738739967346,
            0.02014010399580002,
            -0.05351753532886505
        ],
        [
            0.13725821673870087,
            0.049329306930303574,
            -0.044862374663352966
        ],
        [
            0.14080272614955902,
            0.04999667778611183,
            -0.04936447739601135
        ],
        [
            0.13851065933704376,
            0.0524224191904068,
            -0.05174540728330612
        ],
        [
            0.13578853011131287,
            0.05446305125951767,
            -0.04677775129675865
        ],
        [
            0.08857768774032593,
            0.026732631027698517,
            -0.02401595562696457
        ],
        [
            0.11474689841270447,
            0.05987687408924103,
            -0.04664866253733635
        ],
        [
            0.11529256403446198,
            0.05152168869972229,
            -0.05452390015125275
        ],
        [
            0.08350536227226257,
            0.01650727540254593,
            -0.01816200092434883
        ],
        [
            0.0878290981054306,
            0.008035117760300636,
            -0.02044053003191948
        ],
        [
            0.08077065646648407,
            0.004994465038180351,
            -0.014415118843317032
        ],
        [
            0.1379891186952591,
            0.023247005417943,
            -0.06321515142917633
        ],
        [
            0.10316919535398483,
            0.007085070013999939,
            -0.031129583716392517
        ],
        [
            0.09310013055801392,
            0.0026032421737909317,
            -0.021597333252429962
        ],
        [
            0.08489975333213806,
            -0.0012878533452749252,
            -0.014476973563432693
        ],
        [
            0.07834088802337646,
            -0.0037505533546209335,
            -0.009935591369867325
        ],
        [
            0.07455198466777802,
            0.003451179713010788,
            -0.010228835046291351
        ],
        [
            0.18623562157154083,
            0.01545732095837593,
            -0.07050040364265442
        ],
        [
            0.1863844096660614,
            0.02336924895644188,
            -0.07353441417217255
        ],
        [
            0.06643500179052353,
            0.0012736804783344269,
            -0.0067174360156059265
        ],
        [
            0.07141391187906265,
            -0.006519300863146782,
            -0.005994345992803574
        ],
        [
            0.09950028359889984,
            -0.004025613889098167,
            -0.02155314013361931
        ],
        [
            0.1086241826415062,
            -0.011607663705945015,
            -0.02003675326704979
        ],
        [
            0.10910006612539291,
            0.0007003024220466614,
            -0.03060825541615486
        ],
        [
            0.11845864355564117,
            -0.006446331739425659,
            -0.030127765610814095
        ],
        [
            0.1399535834789276,
            0.012507496401667595,
            -0.06464160233736038
        ],
        [
            0.19801564514636993,
            0.03851467743515968,
            -0.0736151859164238
        ],
        [
            0.18904583156108856,
            0.03162982314825058,
            -0.07305146008729935
        ],
        [
            0.18736137449741364,
            0.03363088518381119,
            -0.06784544140100479
        ],
        [
            0.19533772766590118,
            0.04031721130013466,
            -0.07079313695430756
        ],
        [
            0.18312537670135498,
            0.028449952602386475,
            -0.07010037451982498
        ],
        [
            0.19175727665424347,
            0.026906490325927734,
            -0.07468617707490921
        ],
        [
            0.13144102692604065,
            -0.01315356232225895,
            -0.02463456802070141
        ],
        [
            0.16533757746219635,
            0.022457385435700417,
            -0.050674520432949066
        ],
        [
            0.12411540001630783,
            -0.01873636059463024,
            -0.010494694113731384
        ],
        [
            0.14841154217720032,
            -0.014018956571817398,
            -0.02033768966794014
        ],
        [
            0.14431726932525635,
            -0.016513768583536148,
            -0.008099816739559174
        ],
        [
            0.11760590970516205,
            -0.02419508807361126,
            0.005617011338472366
        ],
        [
            0.13611657917499542,
            -0.02068188041448593,
            0.005450878292322159
        ],
        [
            0.09795688837766647,
            -0.025853831321001053,
            0.010498475283384323
        ],
        [
            0.106580950319767,
            -0.024615578353405,
            0.006685405969619751
        ],
        [
            0.15265506505966187,
