{
    "pred_cam": [
        6.857241630554199,
        -0.1581588238477707,
        -0.04446995258331299
    ],
    "pred_mano_params": {
        "global_orient": [
            [
                [
                    -0.6382531523704529,
                    -0.5490544438362122,
                    0.5396036505699158
                ],
                [
                    -0.1565188467502594,
                    -0.5937485098838806,
                    -0.7892810106277466
                ],
                [
                    0.7537471055984497,
                    -0.5882192254066467,
                    0.293024480342865
                ]
            ]
        ],
        "hand_pose": [
            [
                [
                    0.9027700424194336,
                    -0.3792453408241272,
                    -0.2029263824224472
                ],
                [
                    0.3438127338886261,
                    0.919747531414032,
                    -0.18936005234718323
                ],
                [
                    0.25845497846603394,
                    0.10117992013692856,
                    0.9607098698616028
                ]
            ],
            [
                [
                    0.8603076934814453,
                    -0.4899824261665344,
                    0.14066970348358154
                ],
                [
                    0.5094755291938782,
                    0.8169584274291992,
                    -0.2702103853225708
                ],
                [
                    0.017477042973041534,
                    0.3041318356990814,
                    0.9524697065353394
                ]
            ],
            [
                [
                    0.6621249914169312,
                    -0.7455541491508484,
                    0.07575954496860504
                ],
                [
                    0.7184720039367676,
                    0.6602925062179565,
                    0.21865953505039215
                ],
                [
                    -0.21304596960544586,
                    -0.09034883975982666,
                    0.9728559851646423
                ]
            ],
            [
                [
                    0.6580156087875366,
                    -0.7355343103408813,
                    -0.16126009821891785
                ],
                [
                    0.7311974763870239,
                    0.6753005981445312,
                    -0.09653659909963608
                ],
                [
                    0.17990504205226898,
                    -0.05439039692282677,
                    0.9821791648864746
                ]
            ],
            [
                [
                    0.9487721920013428,
                    -0.26385393738746643,
                    -0.17381730675697327
                ],
                [
                    0.29518255591392517,
                    0.9364026188850403,
                    0.1897822469472885
                ],
                [
                    0.11268819868564606,
                    -0.23136794567108154,
                    0.9663178324699402
                ]
            ],
            [
                [
                    0.8458955883979797,
                    -0.5333333015441895,
                    -0.004027090966701508
                ],
                [
                    0.5332786440849304,
                    0.8458829522132874,
                    -0.009794504381716251
                ],
                [
                    0.008630182594060898,
                    0.006137567106634378,
                    0.9999439120292664
                ]
            ],
            [
                [
                    0.6291108727455139,
                    -0.7759914398193359,
                    0.04535083845257759
                ],
                [
                    0.709062933921814,
                    0.5968003869056702,
                    0.3755781948566437
                ],
                [
                    -0.31851089000701904,
                    -0.20412375032901764,
                    0.9256803393363953
                ]
            ],
            [
                [
                    0.9688927531242371,
                    -0.10464581102132797,
                    -0.22426773607730865
                ],
                [
                    0.10025306046009064,
                    0.9944815039634705,
                    -0.030917681753635406
                ],
                [
                    0.22626550495624542,
                    0.007472389377653599,
                    0.9740369915962219
                ]
            ],
            [
                [
                    0.995539128780365,
                    -0.09270086884498596,
                    0.017561888322234154
                ],
                [
                    0.0767403393983841,
                    0.9038681387901306,
                    0.4208720326423645
                ],
                [
                    -0.05488881468772888,
                    -0.4176468551158905,
                    0.9069499969482422
                ]
            ],
            [
                [
                    0.5763117074966431,
                    -0.8161312937736511,
                    0.0423605814576149
                ],
                [
                    0.8159234523773193,
                    0.5716871619224548,
                    -0.08627109974622726
                ],
                [
                    0.04619155079126358,
                    0.0842820480465889,
                    0.995370626449585
                ]
            ],
            [
                [
                    0.9997227787971497,
                    -0.004759489092975855,
                    -0.023060215637087822
                ],
                [
                    0.013421067968010902,
                    0.9198749661445618,
                    0.3919820189476013
                ],
                [
                    0.019346872344613075,
                    -0.3921828269958496,
                    0.9196838140487671
                ]
            ],
            [
                [
                    0.8825390338897705,
                    -0.4649887681007385,
                    -0.07007437944412231
                ],
                [
                    0.4690706431865692,
                    0.8600161671638489,
                    0.20086026191711426
                ],
                [
                    -0.03313266858458519,
                    -0.21013681590557098,
                    0.9771104454994202
                ]
            ],
            [
                [
                    0.933125376701355,
                    -0.31072288751602173,
                    -0.18090960383415222
                ],
                [
                    -0.06823653727769852,
                    0.34096843004226685,
                    -0.9375948905944824
                ],
                [
                    0.3530166745185852,
                    0.8872382640838623,
                    0.296963632106781
                ]
            ],
            [
                [
                    0.9076927900314331,
                    -0.4001864790916443,
                    -0.12627212703227997
                ],
                [
                    0.3873593807220459,
                    0.6833167672157288,
                    0.6188949346542358
                ],
                [
                    -0.16138949990272522,
                    -0.6106790900230408,
                    0.7752577066421509
                ]
            ],
            [
                [
                    0.8990089893341064,
                    0.4047059118747711,
                    -0.1673201322555542
                ],
                [
                    -0.4195250868797302,
                    0.9054881930351257,
                    -0.06395166367292404
                ],
                [
                    0.12562479078769684,
                    0.12768810987472534,
                    0.9838262796401978
                ]
            ]
        ],
        "betas": [
            -0.019351482391357422,
            -0.14701753854751587,
            -0.01864802837371826,
            -0.06321212649345398,
            -0.02730467915534973,
            -0.0021873600780963898,
            0.006302624940872192,
            -0.012540414929389954,
            0.00034236907958984375,
            -0.05421599745750427
        ]
    },
    "pred_cam_t": [
        -0.1581588238477707,
        -0.04446995258331299,
        5.696532726287842
    ],
    "focal_length": [
        5000.0,
        5000.0
    ],
    "pred_keypoints_3d": [
        [
            0.09580875933170319,
            0.0063889650627970695,
            0.006233947351574898
        ],
        [
            0.13358929753303528,
            -0.0010145707055926323,
            0.004775758367031813
        ],
        [
            0.1599631905555725,
            0.01410363707691431,
            -0.00011266721412539482
        ],
        [
            0.18001218140125275,
            0.030942436307668686,
            -0.007205130532383919
        ],
        [
            0.20778512954711914,
            0.044025968760252,
            -0.027118226513266563
        ],
        [
            0.1659698784351349,
            0.007029254920780659,
            -0.05107764154672623
        ],
        [
            0.1872747242450714,
            0.02134542539715767,
            -0.07185570895671844
        ],
        [
            0.20073167979717255,
            0.03902627155184746,
            -0.0724605917930603
        ],
        [
            0.20815278589725494,
            0.05600631982088089,
            -0.05644161254167557
        ],
        [
            0.1552562564611435,
            0.024823922663927078,
            -0.06528031080961227
        ],
        [
            0.17422351241111755,
            0.04944212734699249,
            -0.07201048731803894
        ],
        [
            0.1844765543937683,
            0.06989659368991852,
            -0.06739331781864166
        ],
        [
            0.19372278451919556,
            0.08945521712303162,
            -0.05350159853696823
        ],
        [
            0.13582944869995117,
            0.04265151172876358,
            -0.06099279224872589
        ],
        [
            0.1560327112674713,
            0.0631977915763855,
            -0.06392082571983337
        ],
        [
            0.16954216361045837,
            0.08390717208385468,
            -0.06120562180876732
        ],
        [
            0.1823604255914688,
            0.10333795845508575,
            -0.05056195333600044
        ],
        [
            0.12192107737064362,
            0.05722179636359215,
            -0.052592791616916656
        ],
        [
            0.13506320118904114,
            0.0738411545753479,
            -0.05311233550310135
        ],
        [
            0.1438753306865692,
            0.09064362198114395,
            -0.05182714760303497
        ],
        [
            0.15534968674182892,
            0.1078803762793541,
            -0.04626408964395523
        ]
    ],
    "pred_vertices": [
        [
            0.14475035667419434,
            0.01222177967429161,
            -0.01664644107222557
        ],
        [
            0.13703052699565887,
            0.012080391868948936,
            -0.007969491183757782
        ],
        [
            0.1446799635887146,
            0.014518463984131813,
            -0.008769005537033081
        ],
        [
            0.15268529951572418,
            0.01144021563231945,
            -0.017018787562847137
        ],
        [
            0.13728958368301392,
            0.017732633277773857,
            0.012012500315904617
        ],
        [
            0.14062879979610443,
            0.010078132152557373,
            0.020683694630861282
        ],
        [
            0.15434736013412476,
            0.017508506774902344,
            0.014364242553710938
        ],
        [
            0.1487518548965454,
            0.024139830842614174,
            0.009002979844808578
        ],
        [
            0.15820205211639404,
            0.011310897767543793,
            -0.018288414925336838
        ],
        [
            0.15145255625247955,
            0.017302531749010086,
            -0.009312909096479416
        ],
        [
            0.15876835584640503,
            0.011280388571321964,
            -0.018748238682746887
        ],
        [
            0.16203825175762177,
            -0.0008741309866309166,
            -0.030784647911787033
        ],
        [
            0.1625186949968338,
            0.004178948234766722,
            -0.02779000997543335
        ],
        [
            0.16436047852039337,
            -0.004026974085718393,
            -0.039141904562711716
        ],
        [
            0.15502864122390747,
            -0.0085276048630476,
            -0.030996285378932953
        ],
        [
            0.1578950434923172,
            -0.00735853798687458,
            -0.04515373706817627
        ],
        [
            0.12904804944992065,
            -0.0036008041352033615,
            -0.04096175730228424
        ],
        [
            0.11909137666225433,
            0.0056016817688941956,
            -0.04254264384508133
        ],
        [
            0.12922361493110657,
            0.010224156081676483,
            -0.05602496117353439
        ],
        [
            0.13863509893417358,
            0.000923527404665947,
            -0.05232051759958267
        ],
        [
            0.11489774286746979,
            0.024593811482191086,
            -0.05106624215841293
        ],
        [
            0.12327659130096436,
            0.016934756189584732,
            -0.05457239970564842
        ],
        [
            0.11240573227405548,
            0.011619366705417633,
            -0.041841037571430206
        ],
        [
            0.10564969480037689,
            0.01883814111351967,
            -0.039147719740867615
        ],
        [
            0.13130590319633484,
            0.019101286306977272,
            -0.015668518841266632
        ],
        [
            0.12468510121107101,
            0.01799706742167473,
            -0.007144927978515625
        ],
        [
            0.12875299155712128,
            0.013935524970293045,
            -0.007853809744119644
        ],
        [
            0.1355312317609787,
            0.015579195693135262,
            -0.01564706116914749
        ],
        [
            0.16484352946281433,
            0.013336265459656715,
            -0.012913459911942482
        ],
        [
            0.15823392570018768,
            -0.0020532216876745224,
            -0.014400484040379524
        ],
        [
            0.1587306261062622,
            0.0036878958344459534,
            -0.01909146085381508
        ],
        [
            0.16304627060890198,
            0.018635684624314308,
            -0.012704534456133842
        ],
        [
            0.10721193253993988,
            0.02583288587629795,
            0.01501375436782837
        ],
        [
            0.09753303229808807,
            0.01850125938653946,
            0.02104225754737854
        ],
        [
            0.10080696642398834,
            0.013551950454711914,
            0.02185354381799698
        ],
        [
            0.10875758528709412,
            0.020856602117419243,
            0.015830062329769135
        ],
        [
            0.12019643932580948,
            0.0029853805899620056,
            0.024639461189508438
        ],
        [
            0.1107347309589386,
            -0.0014863787218928337,
            0.025754056870937347
        ],
        [
            0.10867618024349213,
            -0.014233561232686043,
            0.026670709252357483
        ],
        [
            0.11924019455909729,
            -0.012186883017420769,
            0.0238506942987442
        ],
        [
            0.13076922297477722,
            0.006355769466608763,
            0.022976774722337723
        ],
        [
            0.13196660578250885,
            -0.006502370350062847,
            0.02398030459880829
        ],
        [
            0.1440134197473526,
            -0.0005230698734521866,
            0.021250851452350616
        ],
        [
            0.15861962735652924,
            0.009479202330112457,
            0.014105405658483505
        ],
        [
            0.08877156674861908,
            0.02713044360280037,
            0.017402641475200653
        ],
        [
            0.09478659927845001,
            0.034071434289216995,
            0.01283939927816391
        ],
        [
            0.19307968020439148,
            0.02575612999498844,
            -0.0615045428276062
        ],
        [
            0.18940970301628113,
            0.03032541088759899,
            -0.06278276443481445
        ],
        [
            0.187128946185112,
            0.027643579989671707,
            -0.060220010578632355
        ],
        [
            0.19113127887248993,
            0.02352375164628029,
            -0.05976434797048569
        ],
        [
            0.07846709340810776,
            0.029730597510933876,
            0.00019884109497070312
        ],
        [
            0.07449069619178772,
            0.023330362513661385,
            -0.006483554840087891
        ],
        [
            0.07038191705942154,
            0.022936491295695305,
            -0.00046528875827789307
        ],
        [
            0.07496125251054764,
            0.027315793558955193,
            0.006470784544944763
        ],
        [
            0.08319121599197388,
            0.03285752236843109,
            -0.008059896528720856
        ],
        [
            0.08080107718706131,
            0.023847738280892372,
            -0.01438075676560402
        ],
        [
            0.19607457518577576,
            0.019475173205137253,
            -0.07225455343723297
        ],
        [
            0.19726385176181793,
            0.020299460738897324,
            -0.06726943701505661
        ],
        [
            0.19397029280662537,
            0.016571588814258575,
            -0.0667303055524826
        ],
        [
            0.19141967594623566,
            0.01570911705493927,
            -0.07131577283143997
        ],
        [
            0.15907889604568481,
            0.008487273007631302,
            -0.025137269869446754
        ],
        [
            0.15177088975906372,
            0.013037559576332569,
            -0.02379434183239937
        ],
        [
            0.16860225796699524,
            0.011452645063400269,
            -0.04010694473981857
        ],
        [
            0.16097748279571533,
            0.012057045474648476,
            -0.03436661511659622
        ],
        [
            0.16425181925296783,
            0.006266249809414148,
            -0.03284113109111786
        ],
        [
            0.16978037357330322,
            0.005411477293819189,
            -0.03861788660287857
        ],
        [
            0.14214807748794556,
            0.02632615715265274,
            -0.03439672663807869
        ],
        [
            0.13532495498657227,
            0.02343488298356533,
            -0.02534036710858345
        ],
        [
            0.14050142467021942,
            0.019354501739144325,
            -0.02586519345641136
        ],
        [
            0.14945431053638458,
            0.021730225533246994,
            -0.034972064197063446
        ],
        [
            0.12687557935714722,
            0.03471249341964722,
            -0.02428213134407997
        ],
        [
            0.1339617222547531,
            0.03633910417556763,
            -0.03359181806445122
        ],
        [
            0.12827153503894806,
            0.042477723211050034,
            -0.03187504783272743
        ],
        [
            0.12482155859470367,
            0.04083991423249245,
            -0.024951696395874023
        ],
        [
            0.14726121723651886,
            0.03585928678512573,
            -0.049064286053180695
        ],
        [
            0.15040448307991028,
            0.0364794097840786,
            -0.05420605465769768
        ],
        [
            0.14922909438610077,
            0.04049208015203476,
            -0.053531721234321594
        ],
        [
            0.14469030499458313,
            0.03848367556929588,
            -0.04860439896583557
        ],
        [
            0.06597820669412613,
            0.021522995084524155,
            0.004931420087814331
        ],
        [
            0.07192457467317581,
            0.024100039154291153,
            0.012289725244045258
        ],
        [
            0.10278107225894928,
            0.04151282459497452,
            -0.04414324462413788
        ],
        [
            0.10040457546710968,
            0.04833601787686348,
            -0.035629887133836746
        ],
        [
            0.10679728537797928,
            0.054538335651159286,
            -0.044845908880233765
        ],
        [
            0.10749077796936035,
            0.045463792979717255,
            -0.05245044082403183
        ],
        [
            0.07581976801156998,
            0.014355577528476715,
            -0.01147366687655449
        ],
        [
            0.0698033943772316,
            0.014920616522431374,
            -0.0064674243330955505
        ],
        [
            0.19245222210884094,
            0.021583981812000275,
            -0.0768902376294136
        ],
        [
            0.18747036159038544,
            0.01816205307841301,
            -0.07517169415950775
        ],
        [
            0.1419946849346161,
            -0.012735292315483093,
            0.014787077903747559
        ],
        [
            0.16015198826789856,
            0.0009737387299537659,
            0.00943494588136673
        ],
        [
            0.12591814994812012,
            -0.018956024199724197,
            0.017016008496284485
        ],
        [
            0.1138392835855484,
            -0.021327299997210503,
            0.017110612243413925
        ],
        [
            0.10467498749494553,
            -0.02339700609445572,
            0.019707810133695602
        ],
        [
            0.1597633808851242,
            0.017308618873357773,
            -0.038286708295345306
        ],
        [
            0.14318902790546417,
            0.01572582870721817,
            -0.02207617089152336
        ],
        [
            0.12783071398735046,
            0.022862620651721954,
            -0.015495486557483673
        ],
        [
            0.11292904615402222,
            0.04975784569978714,
            -0.01578988879919052
        ],
        [
            0.10752299427986145,
            0.0471343994140625,
            -0.007175751030445099
        ],
        [
            0.1161293089389801,
            0.04101597145199776,
            -0.008648552000522614
        ],
        [
            0.11873600631952286,
            0.04424697533249855,
            -0.01631409302353859
        ],
        [
            0.1047169491648674,
            0.05465440824627876,
            -0.02919638529419899
        ],
        [
            0.11202922463417053,
            0.05508634075522423,
            -0.026074014604091644
        ],
        [
            0.11623934656381607,
            0.05734078958630562,
            -0.032978564500808716
        ],
        [
            0.10999062657356262,
            0.05821191146969795,
            -0.037173762917518616
        ],
        [
            0.16936683654785156,
            0.008804066106677055,
            -0.009314119815826416
        ],
        [
            0.15867188572883606,
            -0.006191663444042206,
            -0.008577030152082443
        ],
        [
            0.08506257832050323,
            0.033452242612838745,
            0.007626399397850037
        ],
        [
            0.08235235512256622,
            0.028757577762007713,
            0.013274334371089935
        ],
        [
            0.07710962742567062,
            0.024005727842450142,
            0.01804320514202118
        ],
        [
            0.11698012053966522,
            0.020817089825868607,
            0.004719533026218414
        ],
        [
            0.10991594940423965,
            0.017363915219902992,
            0.016511760652065277
        ],
        [
            0.11308149993419647,
            0.014141542837023735,
            0.01687779650092125
        ],
        [
            0.11835256218910217,
            0.017277270555496216,
            0.003908231854438782
        ],
        [
            0.1297551393508911,
            0.013977918773889542,
            0.0021075867116451263
        ],
        [
            0.12637794017791748,
            0.012883197516202927,
            0.014617439359426498
        ],
        [
            0.13791602849960327,
            0.019511640071868896,
            0.0003392621874809265
        ],
        [
            0.1042550578713417,
            0.006330549716949463,
            0.02417284995317459
        ],
        [
            0.09431986510753632,
            0.00907830148935318,
            0.028472725301980972
        ],
        [
            0.09852000325918198,
            0.0012717992067337036,
            0.029595784842967987
        ],
        [
            0.08809718489646912,
            0.016213906928896904,
            0.02593960613012314
        ],
        [
            0.08211584389209747,
            0.02180187776684761,
            0.022463597357273102
        ],
        [
            0.06233074516057968,
            0.013161823153495789,
            -0.002748943865299225
        ],
        [
            0.10226204991340637,
            -0.0061196573078632355,
            0.02909213677048683
        ],
        [
            0.1579689234495163,
            0.026832548901438713,
            0.006313759833574295
        ],
        [
            0.16640760004520416,
            0.02953476831316948,
            0.0039687491953372955
        ],
        [
            0.16255491971969604,
            0.030362438410520554,
            -0.002286583185195923
        ],
        [
            0.15473981201648712,
            0.027479950338602066,
            -0.0010397732257843018
        ],
        [
            0.16853326559066772,
            -0.003788992762565613,
            -0.04772081598639488
        ],
        [
            0.17098034918308258,
            0.0007065428653731942,
            -0.04193831607699394
        ],
        [
            0.1657382845878601,
            0.00013928895350545645,
            -0.033833298832178116
        ],
        [
            0.11050203442573547,
            0.03309781849384308,
            0.006474427878856659
        ],
        [
            0.09990468621253967,
            0.039851222187280655,
            0.005175352096557617
        ],
        [
            0.16708305478096008,
            0.016390621662139893,
            -0.044492416083812714
        ],
        [
            0.18772515654563904,
            0.012316849082708359,
            -0.07086458802223206
        ],
        [
            0.19063884019851685,
            0.012866116128861904,
            -0.06567428261041641
        ],
        [
            0.17906582355499268,
            0.0030736373737454414,
            -0.05699789151549339
        ],
        [
            0.1760454773902893,
            0.002587354276329279,
            -0.06311540305614471
        ],
        [
            0.1669103056192398,
            0.01920405589044094,
            -0.05529002845287323
        ],
        [
            0.16908273100852966,
            0.0177776962518692,
            -0.049176882952451706
        ],
        [
            0.1697063148021698,
            0.01858418807387352,
            -0.05201801657676697
        ],
        [
            0.1677854210138321,
            0.021363765001296997,
            -0.0575929619371891
        ],
        [
            0.14206378161907196,
            0.045679785311222076,
            -0.05064583197236061
        ],
        [
            0.13841316103935242,
            0.04385038837790489,
            -0.0462152361869812
        ],
        [
            0.14972622692584991,
            0.00791090726852417,
            -0.061376046389341354
        ],
        [
            0.15464523434638977,
            -0.004467370919883251,
            -0.05842570215463638
        ],
        [
            0.14750567078590393,
            -0.006419469602406025,
            -0.049253158271312714
        ],
        [
            0.1368681788444519,
            0.03153861314058304,
            -0.03356826305389404
        ],
        [
            0.1424592137336731,
            0.03468327224254608,
            -0.041732318699359894
        ],
        [
            0.1396218091249466,
            0.03767058625817299,
            -0.0416257381439209
        ],
        [
            0.15962010622024536,
            0.020181819796562195,
            -0.04218187928199768
        ],
        [
            0.16437050700187683,
            0.02009856328368187,
            -0.04819030314683914
        ],
        [
            0.15991778671741486,
            0.022426269948482513,
            -0.04736160486936569
        ],
        [
            0.15503671765327454,
            0.023162154480814934,
            -0.04195740818977356
        ],
        [
            0.09302796423435211,
            0.04270698502659798,
            -0.026297081261873245
        ],
        [
            0.09795643389225006,
            0.05042247846722603,
            -0.01907818764448166
        ],
        [
            0.19604326784610748,
            0.02238825522363186,
            -0.06324135512113571
        ],
        [
            0.19364488124847412,
            0.019395217299461365,
            -0.06220494955778122
        ],
        [
            0.13033747673034668,
            0.028602173551917076,
            -0.02467101812362671
        ],
        [
            0.1391502469778061,
            -0.00869840756058693,
            -0.037797488272190094
        ],
        [
            0.12435950338840485,
            0.027106570079922676,
            -0.015079088509082794
        ],
        [
            0.1251213401556015,
            0.0417310893535614,
            -0.06030448153614998
        ],
        [
            0.12817764282226562,
            0.048885613679885864,
            -0.0559142529964447
        ],
        [
            0.13244138658046722,
            0.05021648108959198,
            -0.05812477320432663
        ],
        [
            0.13187064230442047,
            0.04640704393386841,
            -0.06300342828035355
        ],
        [
            0.17679689824581146,
            0.028365546837449074,
            -0.06633131951093674
        ],
        [
            0.1803988814353943,
            0.028701595962047577,
            -0.061811547726392746
        ],
        [
            0.18285201489925385,
            0.030817650258541107,
            -0.06346549838781357
        ],
        [
            0.18009912967681885,
            0.03083115816116333,
            -0.06865911185741425
        ],
        [
            0.17188915610313416,
            0.013885767199099064,
            -0.045818205922842026
        ],
        [
            0.17424428462982178,
            0.008006250485777855,
            -0.04425687715411186
        ],
        [
            0.1774248480796814,
            0.011647211387753487,
            -0.048642612993717194
        ],
        [
            0.17369581758975983,
            0.01603596843779087,
            -0.050035975873470306
        ],
        [
            0.175446018576622,
            0.0030505103059113026,
            -0.047981806099414825
        ],
        [
            0.1792868673801422,
            0.006345156580209732,
            -0.05159330368041992
        ],
        [
            0.17575812339782715,
            0.02500241994857788,
            -0.07169581949710846
        ],
        [
            0.17862370610237122,
            0.01907118782401085,
            -0.0752376914024353
        ],
        [
            0.16713327169418335,
            0.011693479493260384,
            -0.0683235451579094
        ],
        [
            0.16724848747253418,
            0.018709518015384674,
            -0.06480113416910172
        ],
        [
            0.09609177708625793,
            0.012674860656261444,
            -0.02895376831293106
        ],
        [
            0.09046368300914764,
            0.022034287452697754,
            -0.02669212594628334
        ],
        [
            0.09970169514417648,
            0.028391798958182335,
            -0.036938656121492386
        ],
        [
            0.10789056122303009,
            0.03462415933609009,
            -0.047974467277526855
        ],
        [
            0.11691906303167343,
            0.039946652948856354,
            -0.057486798614263535
        ],
        [
            0.1220221221446991,
            0.029419437050819397,
            -0.061886776238679886
        ],
        [
            0.09535585343837738,
            0.03457718342542648,
            -0.03375648334622383
        ],
        [
            0.16073912382125854,
            0.017737392336130142,
            -0.05903629958629608
        ],
        [
            0.15925182402133942,
            0.007880943827331066,
            -0.06273577362298965
        ],
        [
            0.15665936470031738,
            0.013506372459232807,
            -0.06183416023850441
        ],
        [
            0.12117238342761993,
            0.033793359994888306,
            -0.01419619470834732
        ],
        [
            0.19107875227928162,
            0.015557538717985153,
            -0.06115301325917244
        ],
        [
            0.09712399542331696,
            -0.02170410566031933,
            -0.0011373870074748993
        ],
        [
            0.0874132513999939,
            -0.013946935534477234,
            -0.007166437804698944
        ],
        [
            0.0948423519730568,
            -0.01271384209394455,
            -0.011762924492359161
        ],
        [
            0.10670112073421478,
            -0.02084166742861271,
            -0.004440054297447205
        ],
        [
            0.1853797435760498,
            0.025370784103870392,
            -0.05831209942698479
        ],
        [
            0.18931834399700165,
            0.020497027784585953,
            -0.057682301849126816
        ],
        [
            0.13510791957378387,
            0.04943990334868431,
            -0.046505048871040344
        ],
        [
            0.1384759396314621,
            0.05009652301669121,
            -0.051010578870773315
        ],
        [
            0.13608336448669434,
            0.052491676062345505,
            -0.05333808809518814
        ],
        [
            0.13349953293800354,
            0.05455925315618515,
            -0.04847598075866699
        ],
        [
            0.0874139815568924,
            0.02638525888323784,
            -0.023970570415258408
        ],
        [
            0.11231671273708344,
            0.05959951505064964,
            -0.0478329136967659
        ],
        [
            0.11279569566249847,
            0.05120105296373367,
            -0.055578626692295074
        ],
        [
            0.08265683799982071,
            0.01613673008978367,
            -0.017888173460960388
        ],
        [
            0.08703131973743439,
            0.007698189467191696,
            -0.0202246755361557
        ],
        [
            0.08019111305475235,
            0.004612812772393227,
            -0.013974133878946304
        ],
        [
            0.13576608896255493,
            0.023231860250234604,
            -0.06466128677129745
        ],
        [
            0.10206449031829834,
            0.006856631487607956,
            -0.031359925866127014
        ],
        [
            0.09234441071748734,
            0.0023247189819812775,
            -0.021489422768354416
        ],
        [
            0.08440651744604111,
            -0.0016185585409402847,
            -0.014101624488830566
        ],
        [
            0.0780138373374939,
            -0.004134530201554298,
            -0.009355351328849792
        ],
        [
            0.07411868125200272,
            0.003020722419023514,
            -0.009596940129995346
        ],
        [
            0.18313990533351898,
            0.015184961259365082,
            -0.07409945130348206
        ],
        [
            0.1829490065574646,
            0.022923626005649567,
            -0.07733411341905594
        ],
        [
            0.06614375859498978,
            0.0007683932781219482,
            -0.005831949412822723
        ],
        [
            0.07124796509742737,
            -0.00695866160094738,
            -0.005194414407014847
        ],
        [
            0.09883228689432144,
            -0.0042216964066028595,
            -0.021580297499895096
        ],
        [
            0.10803563892841339,
            -0.011676618829369545,
            -0.020285699516534805
        ],
        [
            0.10809503495693207,
            0.0005499664694070816,
            -0.030963286757469177
        ],
        [
            0.11751808226108551,
            -0.006478259339928627,
            -0.030710991472005844
        ],
        [
            0.13786062598228455,
            0.012496755458414555,
            -0.06616080552339554
        ],
        [
            0.19414646923542023,
            0.03821652755141258,
            -0.07924503087997437
        ],
        [
            0.18545615673065186,
            0.031213119626045227,
            -0.07746715843677521
        ],
        [
            0.18416665494441986,
            0.033449508249759674,
            -0.07224278151988983
        ],
        [
            0.19167499244213104,
            0.04011199623346329,
            -0.07628634572029114
        ],
        [
            0.1798865795135498,
            0.0281032957136631,
            -0.0738610103726387
        ],
        [
            0.18812255561351776,
            0.02648880146443844,
            -0.07911469787359238
        ],
        [
            0.13056856393814087,
            -0.013032428920269012,
            -0.02564409002661705
        ],
        [
            0.16328363120555878,
            0.02283398248255253,
            -0.052724502980709076
        ],
        [
            0.12375453114509583,
            -0.018613366410136223,
            -0.011278647929430008
        ],
        [
            0.14747834205627441,
            -0.013861212879419327,
            -0.022123241797089577
        ],
        [
            0.14397597312927246,
            -0.01637841761112213,
            -0.009837351739406586
        ],
        [
            0.11796049773693085,
            -0.024044094607234,
            0.005045000463724136
        ],
        [
            0.13648104667663574,
            -0.020516281947493553,
            0.003986578434705734
        ],
        [
            0.0985131561756134,
            -0.02581918239593506,
            0.010693836957216263
        ],
        [
            0.10699393600225449,
            -0.02452888712286949,
            0.0065728724002838135
        ],
        [
            0.1531333476305008,
