{
    "pred_cam": [
        6.635871887207031,
        -0.1554342359304428,
        -0.053792767226696014
    ],
    "pred_mano_params": {
        "global_orient": [
            [
                [
                    -0.6436530351638794,
                    -0.5854656100273132,
                    0.49289020895957947
                ],
                [
                    -0.13227567076683044,
                    -0.5492372512817383,
                    -0.8251312375068665
                ],
                [
                    0.7537996172904968,
                    -0.5962955951690674,
                    0.2760753631591797
                ]
            ]
        ],
        "hand_pose": [
            [
                [
                    0.9315841794013977,
                    -0.2515677213668823,
                    -0.2624203860759735
                ],
                [
                    0.21415357291698456,
                    0.9630988240242004,
                    -0.16303041577339172
                ],
                [
                    0.29374995827674866,
                    0.09567832201719284,
                    0.9510817527770996
                ]
            ],
            [
                [
                    0.9059913754463196,
                    -0.40772363543510437,
                    0.11375880986452103
                ],
                [
                    0.4230538308620453,
                    0.8630693554878235,
                    -0.2759287655353546
                ],
                [
                    0.014320927672088146,
                    0.29811516404151917,
                    0.9544224143028259
                ]
            ],
            [
                [
                    0.7478390336036682,
                    -0.6574350595474243,
                    0.0922822579741478
                ],
                [
                    0.6285350918769836,
                    0.7459014654159546,
                    0.22039683163166046
                ],
                [
                    -0.21373005211353302,
                    -0.10681870579719543,
                    0.9710352420806885
                ]
            ],
            [
                [
                    0.6683547496795654,
                    -0.717893660068512,
                    -0.19475802779197693
                ],
                [
                    0.7171427011489868,
                    0.6914059519767761,
                    -0.08754555135965347
                ],
                [
                    0.19750523567199707,
                    -0.08115780353546143,
                    0.9769366383552551
                ]
            ],
            [
                [
                    0.9676256775856018,
                    -0.20512303709983826,
                    -0.14705494046211243
                ],
                [
                    0.23163031041622162,
                    0.9531349539756775,
                    0.19463104009628296
                ],
                [
                    0.10023988038301468,
                    -0.22239235043525696,
                    0.9697905778884888
                ]
            ],
            [
                [
                    0.8877661824226379,
                    -0.45947274565696716,
                    0.027495037764310837
                ],
                [
                    0.4599849581718445,
                    0.8877755999565125,
                    -0.016380218788981438
                ],
                [
                    -0.016883159056305885,
                    0.027189107611775398,
                    0.9994876980781555
                ]
            ],
            [
                [
                    0.6430895328521729,
                    -0.7645601630210876,
                    0.04340125620365143
                ],
                [
                    0.7008078098297119,
                    0.6104199886322021,
                    0.3691285252571106
                ],
                [
                    -0.3087139427661896,
                    -0.20696674287319183,
                    0.9283644556999207
                ]
            ],
            [
                [
                    0.9695770740509033,
                    -0.12693484127521515,
                    -0.2093033492565155
                ],
                [
                    0.12049631029367447,
                    0.9917696714401245,
                    -0.04328489303588867
                ],
                [
                    0.21307507157325745,
                    0.01674775965511799,
                    0.9768922924995422
                ]
            ],
            [
                [
                    0.9957438707351685,
                    -0.09206075221300125,
                    0.004359557293355465
                ],
                [
                    0.07837063074111938,
                    0.8706648349761963,
                    0.4855932295322418
                ],
                [
                    -0.048499785363674164,
                    -0.483184814453125,
                    0.8741740584373474
                ]
            ],
            [
                [
                    0.6335126757621765,
                    -0.7733882665634155,
                    0.02307189628481865
                ],
                [
                    0.7714563608169556,
                    0.6290827989578247,
                    -0.09544612467288971
                ],
                [
                    0.05930277705192566,
                    0.07826528698205948,
                    0.9951671957969666
                ]
            ],
            [
                [
                    0.9988682270050049,
                    -0.036119431257247925,
                    -0.03094477951526642
                ],
                [
                    0.04543153569102287,
                    0.9171273112297058,
                    0.3959967792034149
                ],
                [
                    0.014077136293053627,
                    -0.3969545066356659,
                    0.9177302718162537
                ]
            ],
            [
                [
                    0.8808481693267822,
                    -0.4696866273880005,
                    -0.05916867032647133
                ],
                [
                    0.47167152166366577,
                    0.8600847721099854,
                    0.19437140226364136
                ],
                [
                    -0.0404035821557045,
                    -0.19911988079547882,
                    0.979141891002655
                ]
            ],
            [
                [
                    0.9217445254325867,
                    -0.29414328932762146,
                    -0.2527189552783966
                ],
                [
                    -0.1300661861896515,
                    0.379440575838089,
                    -0.9160283207893372
                ],
                [
                    0.3653353750705719,
                    0.8772141337394714,
                    0.31148916482925415
                ]
            ],
            [
                [
                    0.8842240571975708,
                    -0.4291689097881317,
                    -0.184287428855896
                ],
                [
                    0.4465324282646179,
                    0.6610735654830933,
                    0.602984607219696
                ],
                [
                    -0.13695470988750458,
                    -0.6154638528823853,
                    0.7761749625205994
                ]
            ],
            [
                [
                    0.9100959300994873,
                    0.37379544973373413,
                    -0.1788916438817978
                ],
                [
                    -0.4003227949142456,
                    0.9045966267585754,
                    -0.14644642174243927
                ],
                [
                    0.1070837751030922,
                    0.20489472150802612,
                    0.9729085564613342
                ]
            ]
        ],
        "betas": [
            -0.04750227928161621,
            -0.15386533737182617,
            -0.039753496646881104,
            -0.046986013650894165,
            -0.014133810997009277,
            0.00011492893099784851,
            0.009762227535247803,
            0.004322066903114319,
            -0.003557726740837097,
            -0.0458490252494812
        ]
    },
    "pred_cam_t": [
        -0.1554342359304428,
        -0.053792767226696014,
        5.886566162109375
    ],
    "focal_length": [
        5000.0,
        5000.0
    ],
    "pred_keypoints_3d": [
        [
            0.09595669060945511,
            0.006404359824955463,
            0.006240438669919968
        ],
        [
            0.1332879513502121,
            -0.0032160375267267227,
            0.004462423734366894
        ],
        [
            0.160512313246727,
            0.009561009705066681,
            -0.0024101296439766884
        ],
        [
            0.180472269654274,
            0.0258139930665493,
            -0.011098392307758331
        ],
        [
            0.20691198110580444,
            0.04043843224644661,
            -0.031876418739557266
        ],
        [
            0.16593214869499207,
            0.003942863084375858,
            -0.051486626267433167
        ],
        [
            0.18515974283218384,
            0.0159858837723732,
            -0.07555527985095978
        ],
        [
            0.19967176020145416,
            0.03203976899385452,
            -0.08080140501260757
        ],
        [
            0.2134244740009308,
            0.04999940097332001,
            -0.07106336951255798
        ],
        [
            0.15622034668922424,
            0.02262910082936287,
            -0.06531213223934174
        ],
        [
            0.17615462839603424,
            0.04648794233798981,
            -0.07215727865695953
        ],
        [
            0.1882963627576828,
            0.06618630886077881,
            -0.06883885711431503
        ],
        [
            0.20137137174606323,
            0.08572523295879364,
            -0.058147720992565155
        ],
        [
            0.13786976039409637,
            0.04150945693254471,
            -0.06059814617037773
        ],
        [
            0.15917256474494934,
            0.060629721730947495,
            -0.0652972161769867
        ],
        [
            0.17405307292938232,
            0.08049158751964569,
            -0.06310974806547165
        ],
        [
            0.18868348002433777,
            0.09890329837799072,
            -0.0529702752828598
        ],
        [
            0.12486660480499268,
            0.05673661455512047,
            -0.05186094716191292
        ],
        [
            0.13890299201011658,
            0.07264986634254456,
            -0.052491120994091034
        ],
        [
            0.14883939921855927,
            0.08884087949991226,
            -0.05100544914603233
        ],
        [
            0.16157673299312592,
            0.10528911650180817,
            -0.044359613209962845
        ]
    ],
    "pred_vertices": [
        [
            0.14488160610198975,
            0.009653459303081036,
            -0.016822442412376404
        ],
        [
            0.1370880901813507,
            0.009795140475034714,
            -0.00799071416258812
        ],
        [
            0.14486369490623474,
            0.01156487874686718,
            -0.009242035448551178
        ],
        [
            0.15266454219818115,
            0.008272936567664146,
            -0.01742224395275116
        ],
        [
            0.1390005499124527,
            0.014955181628465652,
            0.011597070842981339
        ],
        [
            0.142319917678833,
            0.0069206091575324535,
            0.020023323595523834
        ],
        [
            0.15648451447486877,
            0.013364778831601143,
            0.012602213770151138
        ],
        [
            0.15084505081176758,
            0.02046181447803974,
            0.007718469947576523
        ],
        [
            0.15800374746322632,
            0.007656663190573454,
            -0.019016094505786896
        ],
        [
            0.15177947282791138,
            0.013739066198468208,
            -0.010160911828279495
        ],
        [
            0.1582181304693222,
            0.007487984374165535,
            -0.019836649298667908
        ],
        [
            0.1610497236251831,
            -0.0043759956024587154,
            -0.03169805556535721
        ],
        [
            0.1620725691318512,
            0.0006493338150903583,
            -0.02844143472611904
        ],
        [
            0.16343210637569427,
            -0.007370452396571636,
            -0.03996748849749565
        ],
        [
            0.15353547036647797,
            -0.011574037373065948,
            -0.031983815133571625
        ],
        [
            0.1565818041563034,
            -0.010134604759514332,
            -0.04575326666235924
        ],
        [
            0.12832990288734436,
            -0.0046967631205916405,
            -0.041326798498630524
        ],
        [
            0.11899550259113312,
            0.005141567438840866,
            -0.04268992692232132
        ],
        [
            0.12932968139648438,
            0.009405672550201416,
            -0.056080810725688934
        ],
        [
            0.13814353942871094,
            -0.0005236566066741943,
            -0.052538324147462845
        ],
        [
            0.1158880889415741,
            0.024494951590895653,
            -0.05074524134397507
        ],
        [
            0.12378492951393127,
            0.016424031928181648,
            -0.05446353927254677
        ],
        [
            0.11267471313476562,
            0.011530136689543724,
            -0.04184756428003311
        ],
        [
            0.10635873675346375,
            0.0190881434828043,
            -0.03898438811302185
        ],
        [
            0.1320638209581375,
            0.01739582046866417,
            -0.015610020607709885
        ],
        [
            0.12532547116279602,
            0.016530975699424744,
            -0.006957381963729858
        ],
        [
            0.12901735305786133,
            0.01223836001008749,
            -0.007651165127754211
        ],
        [
            0.13599959015846252,
            0.013610533438622952,
            -0.01564563438296318
        ],
        [
            0.16421633958816528,
            0.009134948253631592,
            -0.01530708372592926
        ],
        [
            0.1570727825164795,
            -0.005842043086886406,
            -0.01608050987124443
        ],
        [
            0.1576850712299347,
            -4.513561725616455e-05,
            -0.02048894390463829
        ],
        [
            0.16272272169589996,
            0.014465123414993286,
            -0.014752145856618881
        ],
        [
            0.1085188239812851,
            0.024995364248752594,
            0.015334300696849823
        ],
        [
            0.09844551980495453,
            0.0181380957365036,
            0.021290302276611328
        ],
        [
            0.101438969373703,
            0.012996564619243145,
            0.022017065435647964
        ],
        [
            0.10977685451507568,
            0.019940931349992752,
            0.016110822558403015
        ],
        [
            0.12064585089683533,
            0.0013046348467469215,
            0.02479800581932068
        ],
        [
            0.11064258962869644,
            -0.0026241010054945946,
            0.025703001767396927
        ],
        [
            0.10778460651636124,
            -0.015316164121031761,
            0.026315979659557343
        ],
        [
            0.11860811710357666,
            -0.013906605541706085,
            0.02345889061689377
        ],
        [
            0.13187654316425323,
            0.0039998628199100494,
            0.022955622524023056
        ],
        [
            0.1320994347333908,
            -0.009067544713616371,
            0.023530196398496628
        ],
        [
            0.1450689136981964,
            -0.0039553409442305565,
            0.020139403641223907
        ],
        [
            0.16032177209854126,
            0.005103258416056633,
            0.011843390762805939
        ],
        [
            0.09017907083034515,
            0.027345940470695496,
            0.017846718430519104
        ],
        [
            0.09658245742321014,
            0.03400430828332901,
            0.013365723192691803
        ],
        [
            0.1931954175233841,
            0.020467247813940048,
            -0.06722532212734222
        ],
        [
            0.18974904716014862,
            0.025241754949092865,
            -0.06822248548269272
        ],
        [
            0.18746215105056763,
            0.022720852866768837,
            -0.06497567147016525
        ],
        [
            0.19120268523693085,
            0.01834319531917572,
            -0.06487394124269485
        ],
        [
            0.07997985929250717,
            0.030864637345075607,
            0.0007099434733390808
        ],
        [
            0.07559826225042343,
            0.024833427742123604,
            -0.0060819461941719055
        ],
        [
            0.07148779928684235,
            0.024572329595685005,
            -4.351884126663208e-05
        ],
        [
            0.07635346055030823,
            0.028541430830955505,
            0.006960324943065643
        ],
        [
            0.08485481142997742,
            0.03387172147631645,
            -0.007518768310546875
        ],
        [
            0.08190960437059402,
            0.025121713057160378,
            -0.014007654041051865
        ],
        [
            0.1935519427061081,
            0.013142650946974754,
            -0.0777030661702156
        ],
        [
            0.19573310017585754,
            0.014201242476701736,
            -0.07311929017305374
        ],
        [
            0.19228744506835938,
            0.010785555467009544,
            -0.07165641337633133
        ],
        [
            0.18890203535556793,
            0.009873121976852417,
            -0.0756852924823761
        ],
        [
            0.15907776355743408,
            0.005218716338276863,
            -0.025535987690091133
        ],
        [
            0.1520976424217224,
            0.010245471261441708,
            -0.023998674005270004
        ],
        [
            0.16945455968379974,
            0.007959127426147461,
            -0.04089788720011711
        ],
        [
            0.1614084392786026,
            0.00896763987839222,
            -0.03464393690228462
        ],
        [
            0.1644205003976822,
            0.002916180994361639,
            -0.033292390406131744
        ],
        [
            0.17018423974514008,
            0.0017690507229417562,
            -0.039544444531202316
        ],
        [
            0.14333176612854004,
            0.024337435141205788,
            -0.034309353679418564
        ],
        [
            0.13635806739330292,
            0.02167789824306965,
            -0.025258906185626984
        ],
        [
            0.14127609133720398,
            0.01730416528880596,
            -0.025877706706523895
        ],
        [
            0.15037283301353455,
            0.019322771579027176,
            -0.035011813044548035
        ],
        [
            0.12858496606349945,
            0.033431001007556915,
            -0.02394958585500717
        ],
        [
            0.13574805855751038,
            0.0348188616335392,
            -0.03327905386686325
        ],
        [
            0.13044720888137817,
            0.04126380383968353,
            -0.03141479939222336
        ],
        [
            0.12690357863903046,
            0.03969205170869827,
            -0.0244968980550766
        ],
        [
            0.14902551472187042,
            0.03380763903260231,
            -0.048853520303964615
        ],
        [
            0.15226802229881287,
            0.03424009680747986,
            -0.05400729179382324
        ],
        [
            0.15142294764518738,
            0.038455188274383545,
            -0.05359989404678345
        ],
        [
            0.1466258317232132,
            0.03664347901940346,
            -0.048393622040748596
        ],
        [
            0.0670216977596283,
            0.023319276049733162,
            0.005355760455131531
        ],
        [
            0.07314901053905487,
            0.025401150807738304,
            0.01274389773607254
        ],
        [
            0.10485872626304626,
            0.042001187801361084,
            -0.04348861053586006
        ],
        [
            0.10293219983577728,
            0.04882119968533516,
            -0.03486025333404541
        ],
        [
            0.10964947938919067,
            0.05481560900807381,
            -0.04396490752696991
        ],
        [
            0.10976113379001617,
            0.04583822190761566,
            -0.051662541925907135
        ],
        [
            0.07637275755405426,
            0.01587868109345436,
            -0.011254467070102692
        ],
        [
            0.07041016966104507,
            0.016710028052330017,
            -0.006201200187206268
        ],
        [
            0.18933719396591187,
            0.015276774764060974,
            -0.081779345870018
        ],
        [
            0.18451276421546936,
            0.012436283752322197,
            -0.07894253730773926
        ],
        [
            0.14169296622276306,
            -0.01587608829140663,
            0.01361747458577156
        ],
        [
            0.16088712215423584,
            -0.0033719688653945923,
            0.007036902010440826
        ],
        [
            0.12491224706172943,
            -0.020953157916665077,
            0.016320429742336273
        ],
        [
            0.11250782757997513,
            -0.022525159642100334,
            0.01656365394592285
        ],
        [
            0.10315299779176712,
            -0.024105148389935493,
            0.01919500157237053
        ],
        [
            0.1606016457080841,
            0.01439383439719677,
            -0.03845048323273659
        ],
        [
            0.1437123566865921,
            0.013433137908577919,
            -0.022158261388540268
        ],
        [
            0.12884144484996796,
            0.021358579397201538,
            -0.01536911353468895
        ],
        [
            0.1155838891863823,
            0.049136947840452194,
            -0.015093613415956497
        ],
        [
            0.11004143953323364,
            0.046672701835632324,
            -0.006490789353847504
        ],
        [
            0.1182696521282196,
            0.04008015990257263,
            -0.008127275854349136
        ],
        [
            0.12105287611484528,
            0.04329716041684151,
            -0.015752866864204407
        ],
        [
            0.1076461672782898,
            0.054764021188020706,
            -0.028342589735984802
        ],
        [
            0.11499279737472534,
            0.054711051285266876,
            -0.02526973932981491
        ],
        [
            0.11934572458267212,
            0.05685243383049965,
            -0.0321669802069664
        ],
        [
            0.11312450468540192,
            0.05816403403878212,
            -0.03626883402466774
        ],
        [
            0.16881385445594788,
            0.004275057464838028,
            -0.012382298707962036
        ],
        [
            0.15761908888816833,
            -0.01016329973936081,
            -0.010527137666940689
        ],
        [
            0.0868149846792221,
            0.0340580940246582,
            0.00818704068660736
        ],
        [
            0.08384649455547333,
            0.02942434698343277,
            0.013772614300251007
        ],
        [
            0.07834894955158234,
            0.024893678724765778,
            0.018482089042663574
        ],
        [
            0.11790487170219421,
            0.019625261425971985,
            0.005039416253566742
        ],
        [
            0.11074855923652649,
            0.016392907127738,
            0.0167953222990036
        ],
        [
            0.11378476768732071,
            0.013016886077821255,
            0.01724078133702278
        ],
        [
            0.1190272867679596,
            0.016047082841396332,
            0.0043215155601501465
        ],
        [
            0.13037319481372833,
            0.012046629562973976,
            0.0023599639534950256
        ],
        [
            0.12747395038604736,
            0.011022648774087429,
            0.01502138376235962
        ],
        [
            0.1389567255973816,
            0.016837626695632935,
            -0.00010531023144721985
        ],
        [
            0.10451208055019379,
            0.005563857965171337,
            0.024251822382211685
        ],
        [
            0.0947149246931076,
            0.008787554688751698,
            0.02858024463057518
        ],
        [
            0.09847179800271988,
            0.0007284395396709442,
            0.029555540531873703
        ],
        [
            0.0889018103480339,
            0.01632293500006199,
            0.026196137070655823
        ],
        [
            0.08323566615581512,
            0.022317081689834595,
            0.022845111787319183
        ],
        [
            0.06284987181425095,
            0.015325181186199188,
            -0.0024712085723876953
        ],
        [
            0.10178319364786148,
            -0.006866741925477982,
            0.028898071497678757
        ],
        [
            0.1600782722234726,
            0.022443337365984917,
            0.004407372325658798
        ],
        [
            0.16824181377887726,
            0.024737495929002762,
            0.0014096945524215698
        ],
        [
            0.16374972462654114,
            0.025891199707984924,
            -0.004339128732681274
        ],
        [
            0.15615826845169067,
            0.023336421698331833,
            -0.0025308318436145782
        ],
        [
            0.1675681322813034,
            -0.00733451172709465,
            -0.048921696841716766
        ],
        [
            0.17078626155853271,
            -0.0030669255647808313,
            -0.04317983239889145
        ],
        [
            0.16533109545707703,
            -0.0033732024021446705,
            -0.03452283516526222
        ],
        [
            0.11221230030059814,
            0.03221341595053673,
            0.006886616349220276
        ],
        [
            0.10202334821224213,
            0.039615463465452194,
            0.00577179342508316
        ],
        [
            0.16811703145503998,
            0.013037551194429398,
            -0.045223262161016464
        ],
        [
            0.18504011631011963,
            0.006853049620985985,
            -0.07460633665323257
        ],
        [
            0.1887911856174469,
            0.007400542497634888,
            -0.06999961286783218
        ],
        [
            0.17779596149921417,
            -0.0012369973119348288,
            -0.05978534743189812
        ],
        [
            0.17399629950523376,
            -0.0015990277752280235,
            -0.0653899535536766
        ],
        [
            0.16740889847278595,
            0.01580234430730343,
            -0.05625929683446884
        ],
        [
            0.1699834018945694,
            0.014205344021320343,
            -0.050508733838796616
        ],
        [
            0.1703917533159256,
            0.014935844577848911,
            -0.053718362003564835
        ],
        [
            0.1680227816104889,
            0.017768461257219315,
            -0.05904669687151909
        ],
        [
            0.1446273922920227,
            0.04407487064599991,
            -0.05057389289140701
        ],
        [
            0.1407208889722824,
            0.04238469526171684,
            -0.045861437916755676
        ],
        [
            0.14955882728099823,
            0.005902320146560669,
            -0.061506494879722595
        ],
        [
            0.1534583568572998,
            -0.0067800236865878105,
            -0.05846551060676575
        ],
        [
            0.1463494896888733,
            -0.008410144597291946,
            -0.04962742701172829
        ],
        [
            0.13836319744586945,
            0.029845021665096283,
            -0.03335830941796303
        ],
        [
            0.14412811398506165,
            0.03281524032354355,
            -0.04150950163602829
        ],
        [
            0.14147734642028809,
            0.03598196059465408,
            -0.04134012758731842
        ],
        [
            0.16057810187339783,
            0.017323657870292664,
            -0.04232882708311081
        ],
        [
            0.16538773477077484,
            0.016977326944470406,
            -0.04860083758831024
        ],
        [
            0.1609092503786087,
            0.0195765383541584,
            -0.047542229294776917
        ],
        [
            0.15603512525558472,
            0.020545152947306633,
            -0.04203426092863083
        ],
        [
            0.09523189067840576,
            0.0434635654091835,
            -0.02562209591269493
        ],
        [
            0.10064296424388885,
            0.05075346678495407,
            -0.018280241638422012
        ],
        [
            0.19548463821411133,
            0.016702085733413696,
            -0.06914610415697098
        ],
        [
            0.19293645024299622,
            0.013881009072065353,
            -0.06736628711223602
        ],
        [
            0.13167926669120789,
            0.02712586149573326,
            -0.024469133466482162
        ],
        [
            0.13792292773723602,
            -0.010501466691493988,
            -0.038358911871910095
        ],
        [
            0.12562884390354156,
            0.02579992637038231,
            -0.01486276090145111
        ],
        [
            0.1269698143005371,
            0.04115914925932884,
            -0.05980031192302704
        ],
        [
            0.13051708042621613,
            0.04806220903992653,
            -0.055373869836330414
        ],
        [
            0.1349140852689743,
            0.04910130053758621,
            -0.057877931743860245
        ],
        [
            0.13391360640525818,
            0.045350220054388046,
            -0.06282643228769302
        ],
        [
            0.17618991434574127,
            0.023860886693000793,
            -0.06933975964784622
        ],
        [
            0.18044209480285645,
            0.02407350391149521,
            -0.06544283032417297
        ],
        [
            0.18295159935951233,
            0.026087172329425812,
            -0.06769371032714844
        ],
        [
            0.179366335272789,
            0.02601536177098751,
            -0.07230086624622345
        ],
        [
            0.17281214892864227,
            0.010064944624900818,
            -0.04753005504608154
        ],
        [
            0.17475499212741852,
            0.003957933280616999,
            -0.04614898934960365
        ],
        [
            0.17788457870483398,
            0.007400795817375183,
            -0.0513678714632988
        ],
        [
            0.1743870973587036,
            0.012057792395353317,
            -0.052292600274086
        ],
        [
            0.17519952356815338,
            -0.0010530004510656,
            -0.05018444359302521
        ],
        [
            0.17895182967185974,
            0.002023168606683612,
            -0.054516758769750595
        ],
        [
            0.17408326268196106,
            0.02031192183494568,
            -0.0742572620511055
        ],
        [
            0.17582686245441437,
            0.013979131355881691,
            -0.07783957570791245
        ],
        [
            0.16522440314292908,
            0.007939999923110008,
            -0.06952889263629913
        ],
        [
            0.16636431217193604,
            0.014972888864576817,
            -0.06608234345912933
        ],
        [
            0.09647609293460846,
            0.013316048309206963,
            -0.02887362614274025
        ],
        [
            0.0914219468832016,
            0.022961752489209175,
            -0.026403047144412994
        ],
        [
            0.10100245475769043,
            0.028953183442354202,
            -0.036556586623191833
        ],
        [
            0.10951228439807892,
            0.03488604351878166,
            -0.04744585230946541
        ],
        [
            0.11880309879779816,
            0.03984816372394562,
            -0.05681172013282776
        ],
        [
            0.1231796070933342,
            0.029075024649500847,
            -0.061415545642375946
        ],
        [
            0.09704519808292389,
            0.03533124923706055,
            -0.03324426710605621
        ],
        [
            0.1612950712442398,
            0.014937685802578926,
            -0.05953606590628624
        ],
        [
            0.1584678292274475,
            0.0050385016947984695,
            -0.06312614679336548
        ],
        [
            0.15689578652381897,
            0.011087831109762192,
            -0.06225575506687164
        ],
        [
            0.1228519082069397,
            0.03265853598713875,
            -0.013841509819030762
        ],
        [
            0.19007998704910278,
            0.010198371484875679,
            -0.06576846539974213
        ],
        [
            0.09555847942829132,
            -0.021598251536488533,
            -0.0016303099691867828
        ],
        [
            0.08630476891994476,
            -0.013159334659576416,
            -0.007493782788515091
        ],
        [
            0.09377462416887283,
            -0.012287204153835773,
            -0.012114573270082474
        ],
        [
            0.10514122992753983,
            -0.021244071424007416,
            -0.004971008747816086
        ],
        [
            0.18558619916439056,
            0.020471543073654175,
            -0.06254255771636963
        ],
        [
            0.1892426311969757,
            0.015368710272014141,
            -0.06231733411550522
        ],
        [
            0.13772788643836975,
            0.048158999532461166,
            -0.04607198387384415
        ],
        [
            0.1412162184715271,
            0.04867502674460411,
            -0.05082764849066734
        ],
        [
            0.13893236219882965,
            0.051181990653276443,
            -0.053194768726825714
        ],
        [
            0.13638795912265778,
            0.0534074492752552,
            -0.04799667000770569
        ],
        [
            0.0886441096663475,
            0.027438417077064514,
            -0.02358311042189598
        ],
        [
            0.11539104580879211,
            0.059593409299850464,
            -0.04694517329335213
        ],
        [
            0.11531025171279907,
            0.05131009593605995,
            -0.05477862432599068
        ],
        [
            0.08329077810049057,
            0.017369061708450317,
            -0.01767461746931076
        ],
        [
            0.08715514093637466,
            0.008720051497220993,
            -0.02018771693110466
        ],
        [
            0.08016058057546616,
            0.005930084735155106,
            -0.013951286673545837
        ],
        [
            0.13653312623500824,
            0.022129949182271957,
            -0.06456854194402695
        ],
        [
            0.10209697484970093,
            0.007193285971879959,
            -0.031416118144989014
        ],
        [
            0.09214542806148529,
            0.003057539463043213,
            -0.021578434854745865
        ],
        [
            0.08400405943393707,
            -0.0005459710955619812,
            -0.014212679117918015
        ],
        [
            0.07748519629240036,
            -0.0027617868036031723,
            -0.009467925876379013
        ],
        [
            0.07401034235954285,
            0.004619177430868149,
            -0.009571082890033722
        ],
        [
            0.1801799237728119,
            0.009891805239021778,
            -0.07721656560897827
        ],
        [
            0.18006229400634766,
            0.017346274107694626,
            -0.08063320815563202
        ],
        [
            0.06591759622097015,
            0.0027706101536750793,
            -0.0058005861937999725
        ],
        [
            0.07056668400764465,
            -0.005263317376375198,
            -0.005323115736246109
        ],
        [
            0.09823869168758392,
            -0.0038680266588926315,
            -0.021823711693286896
        ],
        [
            0.1069435179233551,
            -0.011886532418429852,
            -0.02068658173084259
        ],
        [
            0.10774916410446167,
            0.0005267150700092316,
            -0.031161857768893242
        ],
        [
            0.11670549213886261,
            -0.007063528522849083,
            -0.031077420338988304
        ],
        [
            0.13797231018543243,
            0.011320621706545353,
            -0.06623852998018265
        ],
        [
            0.1918293684720993,
            0.03126930445432663,
            -0.08604785799980164
        ],
        [
            0.183114692568779,
            0.0253634974360466,
            -0.08184891939163208
        ],
        [
            0.1830592304468155,
            0.02816012129187584,
            -0.07673858851194382
        ],
        [
            0.1903003454208374,
            0.033734679222106934,
            -0.08288823813199997
        ],
        [
            0.17805013060569763,
            0.02295130491256714,
            -0.07715749740600586
        ],
        [
            0.1850450485944748,
            0.020289309322834015,
            -0.08355898410081863
        ],
        [
            0.12917017936706543,
            -0.01456369273364544,
            -0.02625519409775734
        ],
        [
            0.16434645652770996,
            0.019770722836256027,
            -0.05310259014368057
        ],
        [
            0.12213219702243805,
            -0.019981948658823967,
            -0.01194353774189949
        ],
        [
            0.145751491189003,
            -0.016670651733875275,
            -0.023226812481880188
        ],
        [
            0.1423759162425995,
            -0.01921761967241764,
            -0.011024322360754013
        ],
        [
            0.11629831790924072,
            -0.025318944826722145,
            0.004324458539485931
        ],
        [
            0.13505767285823822,
            -0.023057565093040466,
            0.0028710849583148956
        ],
        [
            0.09675586223602295,
            -0.026003865525126457,
            0.010131001472473145
        ],
        [
            0.10530053824186325,
            -0.025139914825558662,
            0.005977176129817963
        ],
        [
            0.1523928940296173,
