{
    "pred_cam": [
        6.356932640075684,
        0.16364552080631256,
        -0.0187373086810112
    ],
    "pred_mano_params": {
        "global_orient": [
            [
                [
                    -0.9653412103652954,
                    -0.24580152332782745,
                    -0.08773783594369888
                ],
                [
                    0.20712079107761383,
                    -0.516959547996521,
                    -0.8305743932723999
                ],
                [
                    0.15879954397678375,
                    -0.8199600577354431,
                    0.5499529838562012
                ]
            ]
        ],
        "hand_pose": [
            [
                [
                    0.7946084141731262,
                    -0.5419501066207886,
                    -0.27365565299987793
                ],
                [
                    0.5385663509368896,
                    0.8372848629951477,
                    -0.09434200078248978
                ],
                [
                    0.28025639057159424,
                    -0.0724167749285698,
                    0.957189679145813
                ]
            ],
            [
                [
                    0.8365998864173889,
                    -0.5382774472236633,
                    0.1017741709947586
                ],
                [
                    0.5437964200973511,
                    0.793546199798584,
                    -0.27307483553886414
                ],
                [
                    0.06622753292322159,
                    0.28379881381988525,
                    0.9565939903259277
                ]
            ],
            [
                [
                    0.7508531212806702,
                    -0.6199299693107605,
                    0.22782978415489197
                ],
                [
                    0.5546773076057434,
                    0.7791393995285034,
                    0.29201874136924744
                ],
                [
                    -0.3585422933101654,
                    -0.09289119392633438,
                    0.9288803339004517
                ]
            ],
            [
                [
                    0.6471936106681824,
                    -0.7347815036773682,
                    -0.2030681073665619
                ],
                [
                    0.7476315498352051,
                    0.6638344526290894,
                    -0.019259408116340637
                ],
                [
                    0.1489550620317459,
                    -0.13935554027557373,
                    0.9789752960205078
                ]
            ],
            [
                [
                    0.8809923529624939,
                    -0.42645007371902466,
                    -0.20492130517959595
                ],
                [
                    0.46276792883872986,
                    0.8668307065963745,
                    0.18560785055160522
                ],
                [
                    0.09847961366176605,
                    -0.258350133895874,
                    0.9610186219215393
                ]
            ],
            [
                [
                    0.8580575585365295,
                    -0.4889300763607025,
                    0.15711335837841034
                ],
                [
                    0.49136900901794434,
                    0.8705742359161377,
                    0.025630926713347435
                ],
                [
                    -0.14931057393550873,
                    0.055207837373018265,
                    0.987247884273529
                ]
            ],
            [
                [
                    0.6357162594795227,
                    -0.7671911120414734,
                    -0.08533890545368195
                ],
                [
                    0.7715486288070679,
                    0.6280713081359863,
                    0.10118884593248367
                ],
                [
                    -0.024032259359955788,
                    -0.13017050921916962,
                    0.9912003874778748
                ]
            ],
            [
                [
                    0.968638002872467,
                    -0.24546030163764954,
                    -0.03859690576791763
                ],
                [
                    0.23974406719207764,
                    0.882434606552124,
                    0.4047617018222809
                ],
                [
                    -0.06529368460178375,
                    -0.4013209342956543,
                    0.9136073589324951
                ]
            ],
            [
                [
                    0.9499543309211731,
                    -0.2630913257598877,
                    0.16843347251415253
                ],
                [
                    0.1994795948266983,
                    0.9258130192756653,
                    0.32105785608291626
                ],
                [
                    -0.24040544033050537,
                    -0.27139124274253845,
                    0.9319614171981812
                ]
            ],
            [
                [
                    0.5195322632789612,
                    -0.8434793949127197,
                    -0.13648751378059387
                ],
                [
                    0.8308781981468201,
                    0.5359743237495422,
                    -0.1495761126279831
                ],
                [
                    0.19931815564632416,
                    -0.03569489344954491,
                    0.9792845845222473
                ]
            ],
            [
                [
                    0.9738807082176208,
                    -0.22694902122020721,
                    -0.007115095853805542
                ],
                [
                    0.20523057878017426,
                    0.8664113879203796,
                    0.4552052319049835
                ],
                [
                    -0.09714380651712418,
                    -0.44477578997612,
                    0.8903582096099854
                ]
            ],
            [
                [
                    0.8896723389625549,
                    -0.4298950731754303,
                    0.15386144816875458
                ],
                [
                    0.397943377494812,
                    0.8952614068984985,
                    0.20037001371383667
                ],
                [
                    -0.22388428449630737,
                    -0.11703551560640335,
                    0.9675632119178772
                ]
            ],
            [
                [
                    0.8100875020027161,
                    0.10451143980026245,
                    -0.5769190192222595
                ],
                [
                    -0.5202621221542358,
                    0.5818433165550232,
                    -0.6251285076141357
                ],
                [
                    0.2703433930873871,
                    0.8065578937530518,
                    0.5257173180580139
                ]
            ],
            [
                [
                    0.8403231501579285,
                    -0.45198923349380493,
                    -0.29927048087120056
                ],
                [
                    0.5387333035469055,
                    0.7576291561126709,
                    0.3684624135494232
                ],
                [
                    0.06019502878189087,
                    -0.4708544611930847,
                    0.8801549673080444
                ]
            ],
            [
                [
                    0.8258846402168274,
                    -0.4919391870498657,
                    -0.27551859617233276
                ],
                [
                    0.33623984456062317,
                    0.821956992149353,
                    -0.4597059190273285
                ],
                [
                    0.4526117444038391,
                    0.2870236933231354,
                    0.8442512154579163
                ]
            ]
        ],
        "betas": [
            -0.026964962482452393,
            -0.06474223732948303,
            -0.015881866216659546,
            -0.049911707639694214,
            -0.004119813442230225,
            0.002059105783700943,
            0.035359352827072144,
            -6.012618541717529e-05,
            0.00415666401386261,
            -0.07440653443336487
        ]
    },
    "pred_cam_t": [
        -0.16364552080631256,
        -0.0187373086810112,
        6.144865989685059
    ],
    "focal_length": [
        5000.0,
        5000.0
    ],
    "pred_keypoints_3d": [
        [
            0.09585023671388626,
            0.006387113593518734,
            0.006212722510099411
        ],
        [
            0.12067775428295135,
            -0.012046183459460735,
            0.029302025213837624
        ],
        [
            0.1494893878698349,
            -0.022568626329302788,
            0.032281819730997086
        ],
        [
            0.1761474460363388,
            -0.020004425197839737,
            0.02791941910982132
        ],
        [
            0.20379598438739777,
            0.00011783139780163765,
            0.02852788008749485
        ],
        [
            0.18046656250953674,
            -0.02634938806295395,
            0.007827787660062313
        ],
        [
            0.21245664358139038,
            -0.018754836171865463,
            0.01110019814223051
        ],
        [
            0.22433723509311676,
            -0.004659046418964863,
            0.023504234850406647
        ],
        [
            0.22448574006557465,
            0.006699848920106888,
            0.04498086869716644
        ],
        [
            0.18804550170898438,
            -0.009672940708696842,
            -0.00949348695576191
        ],
        [
            0.2141055017709732,
            0.00608567800372839,
            -0.00038199126720428467
        ],
        [
            0.22199705243110657,
            0.022752199321985245,
            0.013890519738197327
        ],
        [
            0.22508805990219116,
            0.03620331734418869,
            0.03540676459670067
        ],
        [
            0.17823925614356995,
            0.013650353066623211,
            -0.018262460827827454
        ],
        [
            0.19980597496032715,
            0.030508212745189667,
            -0.008841276168823242
        ],
        [
            0.20908784866333008,
            0.048492126166820526,
            0.0055864714086055756
        ],
        [
            0.21635639667510986,
            0.061424557119607925,
            0.02600967139005661
        ],
        [
            0.1686406433582306,
            0.033190514892339706,
            -0.020394127815961838
        ],
        [
            0.1827063113451004,
            0.04858590289950371,
            -0.016746394336223602
        ],
        [
            0.18968059122562408,
            0.06275686621665955,
            -0.0062016816809773445
        ],
        [
            0.1958656907081604,
            0.07234440743923187,
            0.009582562372088432
        ]
    ],
    "pred_vertices": [
        [
            0.14510749280452728,
            -0.008400626480579376,
            0.01959960348904133
        ],
        [
            0.13438613712787628,
            -0.004381721839308739,
            0.021463148295879364
        ],
        [
            0.14235369861125946,
            -0.00865844078361988,
            0.02335326559841633
        ],
        [
            0.15060387551784515,
            -0.013490628451108932,
            0.02306729555130005
        ],
        [
            0.13325440883636475,
            -0.0007785670459270477,
            0.03782263398170471
        ],
        [
            0.12797048687934875,
            -0.007336191833019257,
            0.04695279151201248
        ],
        [
            0.14534012973308563,
            -0.013009076938033104,
            0.04515556991100311
        ],
        [
            0.1466955542564392,
            -0.005401246249675751,
            0.03776497393846512
        ],
        [
            0.15509654581546783,
            -0.01866401545703411,
            0.023255709558725357
        ],
        [
            0.14927589893341064,
            -0.011970335617661476,
            0.02487136237323284
        ],
        [
            0.15453238785266876,
            -0.022440269589424133,
            0.019937889650464058
        ],
        [
            0.15973451733589172,
            -0.03226371109485626,
            0.016322024166584015
        ],
        [
            0.16120420396327972,
            -0.02571602165699005,
            0.02061046101152897
        ],
        [
            0.16632892191410065,
            -0.03570302203297615,
            0.013121210969984531
        ],
        [
            0.15130917727947235,
            -0.03687281906604767,
            0.011489401571452618
        ],
        [
            0.1642812192440033,
            -0.03784632682800293,
            0.004343964625149965
        ],
        [
            0.1438104212284088,
            -0.023188533261418343,
            -0.008957687765359879
        ],
        [
            0.14166978001594543,
            -0.011936789378523827,
            -0.016075722873210907
        ],
        [
            0.1589033156633377,
            -0.013607094995677471,
            -0.019788680598139763
        ],
        [
            0.1596367359161377,
            -0.02435816079378128,
            -0.011356910690665245
        ],
        [
            0.15085801482200623,
            0.0051482729613780975,
            -0.024654626846313477
        ],
        [
            0.1562429517507553,
            -0.005238390993326902,
            -0.022227812558412552
        ],
        [
            0.1387380212545395,
            -0.004172128159552813,
            -0.019661545753479004
        ],
        [
            0.13493743538856506,
            0.005162927322089672,
            -0.021744683384895325
        ],
        [
            0.13859069347381592,
            0.002980964258313179,
            0.012774626724421978
        ],
        [
            0.12782981991767883,
            0.006373785436153412,
            0.015276717022061348
        ],
        [
            0.12889495491981506,
            0.0016080979257822037,
            0.01735280454158783
        ],
        [
            0.1397632658481598,
            -0.0015120916068553925,
            0.01528770849108696
        ],
        [
            0.1552927941083908,
            -0.02679562382400036,
            0.021720420569181442
        ],
        [
            0.1455475389957428,
            -0.03364739939570427,
            0.022359944880008698
        ],
        [
            0.15059764683246613,
            -0.029577750712633133,
            0.018992837518453598
        ],
        [
            0.1568160504102707,
            -0.02166917361319065,
            0.021305067464709282
        ],
        [
            0.10572967678308487,
            0.023075029253959656,
            0.020844504237174988
        ],
        [
            0.09258905798196793,
            0.020444711670279503,
            0.019054057076573372
        ],
        [
            0.09264249354600906,
            0.015199912711977959,
            0.02182319015264511
        ],
        [
            0.10451284050941467,
            0.01854051649570465,
            0.022618010640144348
        ],
        [
            0.10275378078222275,
            9.07648354768753e-05,
            0.03894264996051788
        ],
        [
            0.09237929433584213,
            -0.0004111509770154953,
            0.03184095025062561
        ],
        [
            0.08518975228071213,
            -0.012044858187437057,
            0.030163506045937538
        ],
        [
            0.09554862976074219,
            -0.014685606583952904,
            0.035105712711811066
        ],
        [
            0.11565480381250381,
            -0.0027643777430057526,
            0.044718317687511444
        ],
        [
            0.10860851407051086,
            -0.015138532966375351,
            0.04420703649520874
        ],
        [
            0.12410049140453339,
            -0.018288981169462204,
            0.04817158356308937
        ],
        [
            0.1438080072402954,
            -0.02228844165802002,
            0.04647345095872879
        ],
        [
            0.09175440669059753,
            0.030271999537944794,
            0.010819297283887863
        ],
        [
            0.10129955410957336,
            0.03392379730939865,
            0.01135132648050785
        ],
        [
            0.20947447419166565,
            -0.016189921647310257,
            0.023519977927207947
        ],
        [
            0.20852366089820862,
            -0.010761786252260208,
            0.021036159247159958
        ],
        [
            0.20469607412815094,
            -0.01274317130446434,
            0.02054118737578392
        ],
        [
            0.20641516149044037,
            -0.01781606487929821,
            0.022835643962025642
        ],
        [
            0.0958692654967308,
            0.03202827647328377,
            -0.008944744244217873
        ],
        [
            0.09476470947265625,
            0.025797273963689804,
            -0.016830699518322945
        ],
        [
            0.08806269615888596,
            0.027975503355264664,
            -0.014867179095745087
        ],
        [
            0.08870556950569153,
            0.03220752254128456,
            -0.006460703909397125
        ],
        [
            0.10536675155162811,
            0.03170798718929291,
            -0.012110564857721329
        ],
        [
            0.10420770943164825,
            0.02265707403421402,
            -0.018781039863824844
        ],
        [
            0.21812114119529724,
            -0.022652089595794678,
            0.01662200316786766
        ],
        [
            0.21557173132896423,
            -0.022338777780532837,
            0.021163059398531914
        ],
        [
            0.21227271854877472,
            -0.02516389824450016,
            0.018503572791814804
        ],
        [
            0.21376191079616547,
            -0.025259748101234436,
            0.01327274926006794
        ],
        [
            0.1594320684671402,
            -0.01851785182952881,
            0.022014040499925613
        ],
        [
            0.15543720126152039,
            -0.010991358198225498,
            0.019145071506500244
        ],
        [
            0.17620256543159485,
            -0.021062096580863,
            0.018297428265213966
        ],
        [
            0.16830922663211823,
            -0.0167626291513443,
            0.017294058576226234
        ],
        [
            0.1672877073287964,
            -0.023212723433971405,
            0.02000662311911583
        ],
        [
            0.17406858503818512,
            -0.026766248047351837,
            0.019574809819459915
        ],
        [
            0.16054445505142212,
            0.0023122811689972878,
            0.0056569501757621765
        ],
        [
            0.14918003976345062,
            0.0036152061074972153,
            0.008112465962767601
        ],
        [
            0.1515137255191803,
            -0.0018429113551974297,
            0.01088588498532772
        ],
        [
            0.1643287092447281,
            -0.004269483499228954,
            0.009806934744119644
        ],
        [
            0.14671778678894043,
            0.016888514161109924,
            0.0037438934668898582
        ],
        [
            0.15799619257450104,
            0.014283683151006699,
            0.001274053007364273
        ],
        [
            0.15525245666503906,
            0.022097524255514145,
            -0.0009422730654478073
        ],
        [
            0.1479567587375641,
            0.023071547970175743,
            0.002064245752990246
        ],
        [
            0.1766296774148941,
            0.006408341694623232,
            -0.0018706601113080978
        ],
        [
            0.18218955397605896,
            0.004906928166747093,
            -0.003345668315887451
        ],
        [
            0.18296900391578674,
            0.009416410699486732,
            -0.003776692785322666
        ],
        [
            0.1756676435470581,
            0.009637013077735901,
            -0.0031199026852846146
        ],
        [
            0.08116303384304047,
            0.029166094958782196,
            -0.013593397103250027
        ],
        [
            0.08185502141714096,
            0.03140956163406372,
            -0.004030025564134121
        ],
        [
            0.14410366117954254,
            0.026040539145469666,
            -0.02670714631676674
        ],
        [
            0.1398760974407196,
            0.03505725786089897,
            -0.02153998240828514
        ],
        [
            0.1518903225660324,
            0.0368877649307251,
            -0.024680549278855324
        ],
        [
            0.15374931693077087,
            0.026485318318009377,
            -0.03012196719646454
        ],
        [
            0.0954291820526123,
            0.01593748852610588,
            -0.020068110898137093
        ],
        [
            0.0883447527885437,
            0.019362248480319977,
            -0.020086491480469704
        ],
        [
            0.21923288702964783,
            -0.0195542611181736,
            0.011230629868805408
        ],
        [
            0.21441973745822906,
            -0.02177562564611435,
            0.008235272951424122
        ],
        [
            0.11758359521627426,
            -0.027871757745742798,
            0.0407324843108654
        ],
        [
            0.14050596952438354,
            -0.030411651358008385,
            0.04263051971793175
        ],
        [
            0.10166209936141968,
            -0.024393858388066292,
            0.0334412083029747
        ],
        [
            0.09168391674757004,
            -0.021944846957921982,
            0.025794364511966705
        ],
        [
            0.0827193483710289,
            -0.02066788449883461,
            0.021717220544815063
        ],
        [
            0.17173542082309723,
            -0.012319342233240604,
            0.013826863840222359
        ],
        [
            0.14949265122413635,
            -0.005265642888844013,
            0.015280796214938164
        ],
        [
            0.13762855529785156,
            0.007489612326025963,
            0.010778985917568207
        ],
        [
            0.1372966468334198,
            0.036907974630594254,
            0.0016602296382188797
        ],
        [
            0.12724809348583221,
            0.03792069852352142,
            0.0046842582523822784
        ],
        [
            0.13196446001529694,
            0.029348764568567276,
            0.008927353657782078
        ],
        [
            0.13967035710811615,
            0.02993258833885193,
            0.004839634522795677
        ],
        [
            0.14140896499156952,
            0.041058462113142014,
            -0.013735504820942879
        ],
        [
            0.1449296474456787,
            0.039927251636981964,
            -0.006650811061263084
        ],
        [
            0.15303245186805725,
            0.03933468088507652,
            -0.009361226111650467
        ],
        [
            0.1511601060628891,
            0.04108569771051407,
            -0.01661968231201172
        ],
        [
            0.15541303157806396,
            -0.03257142752408981,
            0.026086803525686264
        ],
        [
            0.14150428771972656,
            -0.036744315177202225,
            0.027006249874830246
        ],
        [
            0.09737986326217651,
            0.035130083560943604,
            0.0011016279458999634
        ],
        [
            0.09032487124204636,
            0.03280148282647133,
            0.0035575218498706818
        ],
        [
            0.08200238645076752,
            0.031017865985631943,
            0.0037373099476099014
        ],
        [
            0.11666765809059143,
            0.01410762220621109,
            0.019786030054092407
        ],
        [
            0.10368207097053528,
            0.015489870682358742,
            0.02421729639172554
        ],
        [
            0.10472072660923004,
            0.012136988341808319,
            0.027440618723630905
        ],
        [
            0.11652941256761551,
            0.010974697768688202,
            0.02067255973815918
        ],
        [
            0.1269245743751526,
            0.0018242038786411285,
            0.026620589196681976
        ],
        [
            0.11864995956420898,
            0.004785824567079544,
            0.03605850785970688
        ],
        [
            0.1383538842201233,
            -0.0017306692898273468,
            0.027059845626354218
        ],
        [
            0.09114610403776169,
            0.008307408541440964,
            0.026150161400437355
        ],
        [
            0.08241137117147446,
            0.014372720383107662,
            0.0225486122071743
        ],
        [
            0.08183885365724564,
            0.006211627274751663,
            0.026070600375533104
        ],
        [
            0.08214382082223892,
            0.022252561524510384,
            0.01671065390110016
        ],
        [
            0.0820465013384819,
            0.028446320444345474,
            0.010297145694494247
        ],
        [
            0.08014939725399017,
            0.020780466496944427,
            -0.02207297645509243
        ],
        [
            0.08206012845039368,
            -0.0019298549741506577,
            0.027862634509801865
        ],
        [
            0.15479891002178192,
            -0.009721390902996063,
            0.0374787300825119
        ],
        [
            0.1616050899028778,
            -0.012384416535496712,
            0.036642886698246
        ],
        [
            0.1598380208015442,
            -0.010628233663737774,
            0.029343118891119957
        ],
        [
            0.15378524363040924,
            -0.008817016147077084,
            0.0292738676071167
        ],
        [
            0.1755041778087616,
            -0.037030816078186035,
            0.010470774956047535
        ],
        [
            0.1751265972852707,
            -0.032443564385175705,
            0.01719694584608078
        ],
        [
            0.16613872349262238,
            -0.03053789958357811,
            0.0189654678106308
        ],
        [
            0.11589589715003967,
            0.026935603469610214,
            0.01660127565264702
        ],
        [
            0.11168181896209717,
            0.03610150143504143,
            0.008982464671134949
        ],
        [
            0.17936716973781586,
            -0.0167086161673069,
            0.014588338322937489
        ],
        [
            0.20991787314414978,
            -0.027575558051466942,
            0.010399458929896355
        ],
        [
            0.20819397270679474,
            -0.027896124869585037,
            0.016219984740018845
        ],
        [
            0.19140496850013733,
            -0.033799201250076294,
            0.012788782827556133
        ],
        [
            0.19368258118629456,
            -0.03358463943004608,
            0.0062208231538534164
        ],
        [
            0.1867617964744568,
            -0.015215275809168816,
            0.007380032911896706
        ],
        [
            0.1833636462688446,
            -0.01651862822473049,
            0.013500088825821877
        ],
        [
            0.18548466265201569,
            -0.01594163477420807,
            0.012347454205155373
        ],
        [
            0.1887744963169098,
            -0.012894846498966217,
            0.007463798392564058
        ],
        [
            0.17759889364242554,
            0.016417978331446648,
            -0.006165910977870226
        ],
        [
            0.17174190282821655,
            0.016766909509897232,
            -0.005264407955110073
        ],
        [
            0.1759045422077179,
            -0.022783704102039337,
            -0.010774483904242516
        ],
        [
            0.17334149777889252,
            -0.03522350266575813,
            -0.006340235937386751
        ],
        [
            0.16025440394878387,
            -0.0339648462831974,
            -0.004480931907892227
        ],
        [
            0.15824449062347412,
            0.008928438648581505,
            0.003027684986591339
        ],
        [
            0.16831845045089722,
            0.008403560146689415,
            0.000489640049636364
        ],
        [
            0.1674133539199829,
            0.012046918272972107,
            -0.0011722035706043243
        ],
        [
            0.17502233386039734,
            -0.01035262644290924,
            0.01092785969376564
        ],
        [
            0.1814071089029312,
            -0.013031244277954102,
            0.01009356789290905
        ],
        [
            0.17934514582157135,
            -0.009420753456652164,
            0.007258424069732428
        ],
        [
            0.1729941964149475,
            -0.006086182780563831,
            0.0081377187743783
        ],
        [
            0.12698742747306824,
            0.033985160291194916,
            -0.019345274195075035
        ],
        [
            0.1289433240890503,
            0.04128433018922806,
            -0.010442379862070084
        ],
        [
            0.21222011744976044,
            -0.020146401599049568,
            0.02360706217586994
        ],
        [
            0.20920376479625702,
            -0.02243852987885475,
            0.022041089832782745
        ],
        [
            0.14715078473091125,
            0.010075145401060581,
            0.0055282218381762505
        ],
        [
            0.145718052983284,
            -0.030888695269823074,
            -0.001190034206956625
        ],
        [
            0.13652347028255463,
            0.012550530023872852,
            0.008944736793637276
        ],
        [
            0.16997259855270386,
            0.016116727143526077,
            -0.024693593382835388
        ],
        [
            0.17240381240844727,
            0.023367401212453842,
            -0.019535157829523087
        ],
        [
            0.1762363463640213,
            0.02252223528921604,
            -0.01830293983221054
        ],
        [
            0.17740900814533234,
            0.018168805167078972,
            -0.022504322230815887
        ],
        [
            0.20248199999332428,
            -0.008976714685559273,
            0.009067747741937637
        ],
        [
            0.20166338980197906,
            -0.009649756364524364,
            0.014839447103440762
        ],
        [
            0.20469580590724945,
            -0.008510940708220005,
            0.01590784639120102
        ],
        [
            0.20655794441699982,
            -0.007650439627468586,
            0.010349991731345654
        ],
        [
            0.18185481429100037,
            -0.020691823214292526,
            0.017378579825162888
        ],
        [
            0.18088103830814362,
            -0.02664857544004917,
            0.01929205283522606
        ],
        [
            0.18649962544441223,
            -0.02465629205107689,
            0.019109761342406273
        ],
        [
            0.1860843151807785,
            -0.019390003755688667,
            0.016200192272663116
        ],
        [
            0.1825624704360962,
            -0.03218445926904678,
            0.016729068011045456
        ],
        [
            0.18848994374275208,
            -0.03047621063888073,
            0.01733260229229927
        ],
        [
            0.2050556242465973,
            -0.011944495141506195,
            0.003935511689633131
        ],
        [
            0.2084667980670929,
            -0.01845247484743595,
            0.0023180667776614428
        ],
        [
            0.1936357319355011,
            -0.022414103150367737,
            -0.002263071946799755
        ],
        [
            0.1929199993610382,
            -0.015380844473838806,
            0.001509187277406454
        ],
        [
            0.11974284052848816,
            0.004502440337091684,
            -0.020335225388407707
        ],
        [
            0.11782500147819519,
            0.015393789857625961,
            -0.021991059184074402
        ],
        [
            0.13286460936069489,
            0.016336588189005852,
            -0.02361496165394783
        ],
        [
            0.1475558578968048,
            0.017268456518650055,
            -0.026510650292038918
        ],
        [
            0.1617645025253296,
            0.017464730888605118,
            -0.02772952988743782
        ],
        [
            0.16438999772071838,
            0.005226387642323971,
            -0.02824709191918373
        ],
        [
            0.13013043999671936,
            0.02409505471587181,
            -0.023821309208869934
        ],
        [
            0.18540778756141663,
            -0.01666782796382904,
            -0.0013194706989452243
        ],
        [
            0.18350370228290558,
            -0.024752017110586166,
            -0.005020275712013245
        ],
        [
            0.18292245268821716,
            -0.01987295225262642,
            -0.006566421128809452
        ],
        [
            0.1362188309431076,
            0.019908664748072624,
            0.007729021832346916
        ],
        [
            0.2056802362203598,
            -0.025374475866556168,
            0.020229384303092957
        ],
        [
            0.09049542993307114,
            -0.021427679806947708,
            0.0007004584185779095
        ],
        [
            0.09048337489366531,
            -0.012859630398452282,
            -0.010003210976719856
        ],
        [
            0.09891408681869507,
            -0.014906888827681541,
            -0.008697805926203728
        ],
        [
            0.09915472567081451,
            -0.024052849039435387,
            0.004282924346625805
        ],
        [
            0.20179873704910278,
            -0.014214594848453999,
            0.02012220397591591
        ],
        [
            0.20296120643615723,
            -0.020070087164640427,
            0.022383322939276695
        ],
        [
            0.17158293724060059,
            0.023014340549707413,
            -0.0078092822805047035
        ],
        [
            0.1764523983001709,
            0.021479429677128792,
            -0.00879482738673687
        ],
        [
            0.1765114665031433,
            0.02424836903810501,
            -0.012255803681910038
        ],
        [
            0.17343230545520782,
            0.02824062667787075,
            -0.010613679885864258
        ],
        [
            0.11561595648527145,
            0.020961012691259384,
            -0.021738797426223755
        ],
        [
            0.15906178951263428,
            0.038870919495821,
            -0.024592839181423187
        ],
        [
            0.1614842712879181,
            0.029508622363209724,
            -0.029776515439152718
        ],
        [
            0.10480797290802002,
            0.014149058610200882,
            -0.020502610132098198
        ],
        [
            0.10621721297502518,
            0.004473978653550148,
            -0.01967761665582657
        ],
        [
            0.09644781053066254,
            0.005007892847061157,
            -0.019418731331825256
        ],
        [
            0.1737806797027588,
            -0.004974923096597195,
            -0.021706530824303627
        ],
        [
            0.12330064922571182,
            -0.0032368472311645746,
            -0.018483974039554596
        ],
        [
            0.10876307636499405,
            -0.0024009228218346834,
            -0.017350148409605026
        ],
        [
            0.0972060114145279,
            -0.002085084328427911,
            -0.0169396810233593
        ],
        [
            0.08886606991291046,
            -0.001468616770580411,
            -0.017508110031485558
        ],
        [
            0.08889862895011902,
            0.0062994626350700855,
            -0.020034614950418472
        ],
        [
            0.2098948210477829,
            -0.023515885695815086,
            0.005493455566465855
        ],
        [
            0.2136227786540985,
            -0.015853140503168106,
            0.004628773778676987
        ],
        [
            0.08013079315423965,
            0.007428084500133991,
            -0.02233588509261608
        ],
        [
            0.08049263060092926,
            -0.0011458508670330048,
            -0.018758529797196388
        ],
        [
            0.11097746342420578,
            -0.010435473173856735,
            -0.013394614681601524
        ],
        [
            0.1133081316947937,
            -0.019625365734100342,
            -0.006774039939045906
        ],
        [
            0.12497939169406891,
            -0.010803958401083946,
            -0.01443985104560852
        ],
        [
            0.1284995973110199,
            -0.020051300525665283,
            -0.008478167466819286
        ],
        [
            0.17210817337036133,
            -0.016083605587482452,
            -0.02204247936606407
        ],
        [
            0.22426480054855347,
            -0.003678280860185623,
            0.01408828143030405
        ],
        [
            0.21616683900356293,
            -0.008279940113425255,
            0.00805907603353262
        ],
        [
            0.2119344174861908,
            -0.005984295159578323,
            0.011391038075089455
        ],
        [
            0.22099097073078156,
            -0.0012095551937818527,
            0.015154225751757622
        ],
        [
            0.20976155996322632,
            -0.010090949013829231,
            0.0060121119022369385
        ],
        [
            0.2185172140598297,
            -0.013508795760571957,
            0.0076994216069579124
        ],
        [
            0.1304301917552948,
            -0.029371347278356552,
            0.0026250879745930433
        ],
        [
            0.1850585639476776,
            -0.011418174020946026,
            0.005700291600078344
        ],
        [
            0.11454372853040695,
            -0.028904959559440613,
            0.009281076490879059
        ],
        [
            0.1381383091211319,
            -0.03739369288086891,
            0.013485501520335674
        ],
        [
            0.12778352200984955,
            -0.03595694899559021,
            0.02087145298719406
        ],
        [
            0.09978940337896347,
            -0.02838755212724209,
            0.018428683280944824
        ],
        [
            0.11413615942001343,
            -0.033298660069704056,
            0.027999257668852806
        ],
        [
            0.08278118073940277,
            -0.023108065128326416,
            0.010488484054803848
        ],
        [
            0.09146133065223694,
            -0.02515484020113945,
            0.012866809964179993
        ],
