{
    "pred_cam": [
        6.63399600982666,
        -0.1570192277431488,
        -0.04617919772863388
    ],
    "pred_mano_params": {
        "global_orient": [
            [
                [
                    -0.620638906955719,
                    -0.6207479238510132,
                    0.47904008626937866
                ],
                [
                    -0.11898886412382126,
                    -0.5293068885803223,
                    -0.840045154094696
                ],
                [
                    0.7750155329704285,
                    -0.5783650875091553,
                    0.254646360874176
                ]
            ]
        ],
        "hand_pose": [
            [
                [
                    0.9202713966369629,
                    -0.2739209234714508,
                    -0.27940645813941956
                ],
                [
                    0.23835532367229462,
                    0.9587509632110596,
                    -0.1548653095960617
                ],
                [
                    0.31030207872390747,
                    0.07592008262872696,
                    0.9476016163825989
                ]
            ],
            [
                [
                    0.8973701596260071,
                    -0.425815224647522,
                    0.11579364538192749
                ],
                [
                    0.44122666120529175,
                    0.8617956638336182,
                    -0.250254362821579
                ],
                [
                    0.006771668326109648,
                    0.27566203474998474,
                    0.9612307548522949
                ]
            ],
            [
                [
                    0.735962450504303,
                    -0.6723341941833496,
                    0.0795358344912529
                ],
                [
                    0.6512131690979004,
                    0.7351322770118713,
                    0.1884196549654007
                ],
                [
                    -0.18515034019947052,
                    -0.08687502145767212,
                    0.9788626432418823
                ]
            ],
            [
                [
                    0.6573805212974548,
                    -0.7165476679801941,
                    -0.2332601696252823
                ],
                [
                    0.7203994989395142,
                    0.6884006261825562,
                    -0.08443453162908554
                ],
                [
                    0.2210777997970581,
                    -0.11253490298986435,
                    0.968741774559021
                ]
            ],
            [
                [
                    0.9746403098106384,
                    -0.17859980463981628,
                    -0.13482703268527985
                ],
                [
                    0.20428358018398285,
                    0.9560609459877014,
                    0.21027542650699615
                ],
                [
                    0.09134771674871445,
                    -0.23248587548732758,
                    0.9683005213737488
                ]
            ],
            [
                [
                    0.8894987106323242,
                    -0.4564805030822754,
                    0.020437132567167282
                ],
                [
                    0.4567171335220337,
                    0.8895692229270935,
                    -0.008724996820092201
                ],
                [
                    -0.014197452925145626,
                    0.017094861716032028,
                    0.9997531771659851
                ]
            ],
            [
                [
                    0.628091037273407,
                    -0.7759273052215576,
                    0.058638837188482285
                ],
                [
                    0.7069715857505798,
                    0.6005076169967651,
                    0.3736063838005066
                ],
                [
                    -0.3251044750213623,
                    -0.19320277869701385,
                    0.9257319569587708
                ]
            ],
            [
                [
                    0.969697117805481,
                    -0.1343027651309967,
                    -0.20408368110656738
                ],
                [
                    0.13638991117477417,
                    0.9906476736068726,
                    -0.0038698697462677956
                ],
                [
                    0.20269475877285004,
                    -0.02408236265182495,
                    0.9789457321166992
                ]
            ],
            [
                [
                    0.9852298498153687,
                    -0.16920027136802673,
                    0.026334334164857864
                ],
                [
                    0.14032772183418274,
                    0.885918378829956,
                    0.4421049952507019
                ],
                [
                    -0.09813433140516281,
                    -0.43187955021858215,
                    0.8965767025947571
                ]
            ],
            [
                [
                    0.5983232259750366,
                    -0.8010097742080688,
                    0.019813254475593567
                ],
                [
                    0.7987126111984253,
                    0.5942742824554443,
                    -0.09431968629360199
                ],
                [
                    0.06377649307250977,
                    0.07225876301527023,
                    0.9953446984291077
                ]
            ],
            [
                [
                    0.9990746974945068,
                    -0.03454551100730896,
                    -0.025618867948651314
                ],
                [
                    0.041956279426813126,
                    0.9138017296791077,
                    0.40398773550987244
                ],
                [
                    0.00945460144430399,
                    -0.4046888053417206,
                    0.9144055843353271
                ]
            ],
            [
                [
                    0.8763611316680908,
                    -0.4778478443622589,
                    -0.060436610132455826
                ],
                [
                    0.4799421727657318,
                    0.8557724356651306,
                    0.1931554526090622
                ],
                [
                    -0.0405789352953434,
                    -0.19828002154827118,
                    0.9793050289154053
                ]
            ],
            [
                [
                    0.9452537298202515,
                    -0.30782243609428406,
                    -0.10835447907447815
                ],
                [
                    0.0036616066936403513,
                    0.34201669692993164,
                    -0.9396867156028748
                ],
                [
                    0.326315701007843,
                    0.8878456354141235,
                    0.32441967725753784
                ]
            ],
            [
                [
                    0.8993452191352844,
                    -0.42723265290260315,
                    -0.09300754219293594
                ],
                [
                    0.3893192708492279,
                    0.6856312155723572,
                    0.6150937080383301
                ],
                [
                    -0.19901926815509796,
                    -0.5893912315368652,
                    0.7829490900039673
                ]
            ],
            [
                [
                    0.9149690270423889,
                    0.37050601840019226,
                    -0.15986573696136475
                ],
                [
                    -0.3897794783115387,
                    0.914005696773529,
                    -0.11254151910543442
                ],
                [
                    0.10442087799310684,
                    0.16528438031673431,
                    0.9807025790214539
                ]
            ]
        ],
        "betas": [
            -0.03089234232902527,
            -0.16375890374183655,
            -0.0339716374874115,
            -0.057183414697647095,
            -0.02438288927078247,
            -0.000680830329656601,
            0.013820260763168335,
            -0.004198059439659119,
            -0.023918375372886658,
            -0.04700985550880432
        ]
    },
    "pred_cam_t": [
        -0.1570192277431488,
        -0.04617919772863388,
        5.888230800628662
    ],
    "focal_length": [
        5000.0,
        5000.0
    ],
    "pred_keypoints_3d": [
        [
            0.09588180482387543,
            0.006397821009159088,
            0.006239231675863266
        ],
        [
            0.132809579372406,
            -0.004226619377732277,
            0.00312102772295475
        ],
        [
            0.1607787311077118,
            0.008278069086372852,
            -0.00020138639956712723
        ],
        [
            0.18297681212425232,
            0.02325788326561451,
            -0.004647241905331612
        ],
        [
            0.21378354728221893,
            0.03569730743765831,
            -0.020017629489302635
        ],
        [
            0.1636565923690796,
            0.0023706741631031036,
            -0.05383255332708359
        ],
        [
            0.18239247798919678,
            0.014919538982212543,
            -0.0779927596449852
        ],
        [
            0.19724416732788086,
            0.03082921728491783,
            -0.08260128647089005
        ],
        [
            0.21113164722919464,
            0.048132944852113724,
            -0.07183489203453064
        ],
        [
            0.15401813387870789,
            0.021379906684160233,
            -0.0672161877155304
        ],
        [
            0.17372097074985504,
            0.04533030092716217,
            -0.0743228942155838
        ],
        [
            0.18646593391895294,
            0.0647137314081192,
            -0.07156547158956528
        ],
        [
            0.20066773891448975,
            0.08383764326572418,
            -0.06159048527479172
        ],
        [
            0.13639965653419495,
            0.040714047849178314,
            -0.06178570166230202
        ],
        [
            0.15790879726409912,
            0.05970829725265503,
            -0.06592852622270584
        ],
        [
            0.173137366771698,
            0.07920751720666885,
            -0.06312444061040878
        ],
        [
            0.18808679282665253,
            0.09688588976860046,
            -0.0522242933511734
        ],
        [
            0.12414149194955826,
            0.05622197687625885,
            -0.05253799259662628
        ],
        [
            0.1387813538312912,
            0.07154175639152527,
            -0.053366176784038544
        ],
        [
            0.14943817257881165,
            0.08718297630548477,
            -0.05134013295173645
        ],
        [
            0.16273336112499237,
            0.10168153792619705,
            -0.043661173433065414
        ]
    ],
    "pred_vertices": [
        [
            0.1446409374475479,
            0.00864997785538435,
            -0.01836591213941574
        ],
        [
            0.1374897062778473,
            0.009054377675056458,
            -0.009423431009054184
        ],
        [
            0.14555947482585907,
            0.010788612999022007,
            -0.009872108697891235
        ],
        [
            0.15268820524215698,
            0.007209540344774723,
            -0.018795978277921677
        ],
        [
            0.13824079930782318,
            0.01355880219489336,
            0.011432640254497528
        ],
        [
            0.14072072505950928,
            0.0051871975883841515,
            0.019770987331867218
        ],
        [
            0.15508098900318146,
            0.011400015093386173,
            0.014311164617538452
        ],
        [
            0.15026938915252686,
            0.018840176984667778,
            0.009208869189023972
        ],
        [
            0.15839186310768127,
            0.006624991074204445,
            -0.019807957112789154
        ],
        [
            0.1526394784450531,
            0.012891307473182678,
            -0.010064788162708282
        ],
        [
            0.15935656428337097,
            0.006585319526493549,
            -0.019711202010512352
        ],
        [
            0.16053222119808197,
            -0.00551666459068656,
            -0.03291172906756401
        ],
        [
            0.16137850284576416,
            -0.0006592879071831703,
            -0.030045833438634872
        ],
        [
            0.16194374859333038,
            -0.00869503803551197,
            -0.041802190244197845
        ],
        [
            0.1528044044971466,
            -0.01250509638339281,
            -0.0330892950296402
        ],
        [
            0.15482918918132782,
            -0.01122563611716032,
            -0.047522034496068954
        ],
        [
            0.12637975811958313,
            -0.005218294449150562,
            -0.04242468625307083
        ],
        [
            0.11716905236244202,
            0.004822865128517151,
            -0.043430257588624954
        ],
        [
            0.12714612483978271,
            0.008881845511496067,
            -0.05717480927705765
        ],
        [
            0.13585929572582245,
            -0.001272766850888729,
            -0.05396517366170883
        ],
        [
            0.11434118449687958,
            0.02428995445370674,
            -0.05133892968297005
        ],
        [
            0.12187625467777252,
            0.016033075749874115,
            -0.05534513294696808
        ],
        [
            0.11106438934803009,
            0.011370686814188957,
            -0.04233887791633606
        ],
        [
            0.10507144033908844,
            0.019075509160757065,
            -0.03922535479068756
        ],
        [
            0.13157640397548676,
            0.01654117740690708,
            -0.016813047230243683
        ],
        [
            0.125262051820755,
            0.015843069180846214,
            -0.008156388998031616
        ],
        [
            0.12911783158779144,
            0.011557091027498245,
            -0.009183641523122787
        ],
        [
            0.13558170199394226,
            0.012714668177068233,
            -0.017042867839336395
        ],
        [
            0.16620612144470215,
            0.007784264162182808,
            -0.012758709490299225
        ],
        [
            0.15753979980945587,
            -0.006833113729953766,
            -0.015720585361123085
        ],
        [
            0.1586419641971588,
            -0.0009451471269130707,
            -0.02024216577410698
        ],
        [
            0.1649441421031952,
            0.013212619349360466,
            -0.01234307698905468
        ],
        [
            0.10926175117492676,
            0.024550454691052437,
            0.014957226812839508
        ],
        [
            0.09921462833881378,
            0.017935611307621002,
            0.021230563521385193
        ],
        [
            0.10206061601638794,
            0.012694312259554863,
            0.021781854331493378
        ],
        [
            0.11038234829902649,
            0.019441379234194756,
            0.015540540218353271
        ],
        [
            0.12016822397708893,
            0.00022585177794098854,
            0.02332630380988121
        ],
        [
            0.11059044301509857,
            -0.0033350493758916855,
            0.024829506874084473
        ],
        [
            0.10748215019702911,
            -0.015891827642917633,
            0.025641925632953644
        ],
        [
            0.11790162324905396,
            -0.014807125553488731,
            0.022431518882513046
        ],
        [
            0.13074591755867004,
            0.0025189598090946674,
            0.021635808050632477
        ],
        [
            0.13080084323883057,
            -0.010430890135467052,
            0.02234775573015213
        ],
        [
            0.14300265908241272,
            -0.005747673101723194,
            0.019951030611991882
        ],
        [
            0.15854711830615997,
            0.0030055567622184753,
            0.01379723846912384
        ],
        [
            0.09110894799232483,
            0.02739045023918152,
            0.01813638210296631
        ],
        [
            0.0975317731499672,
            0.03389665111899376,
            0.01347709447145462
        ],
        [
            0.1907256692647934,
            0.018634533509612083,
            -0.06968474388122559
        ],
        [
            0.18738381564617157,
            0.023534195497632027,
            -0.0702979564666748
        ],
        [
            0.18518425524234772,
            0.021010566502809525,
            -0.0672471672296524
        ],
        [
            0.18879517912864685,
            0.016509609296917915,
            -0.06748423725366592
        ],
        [
            0.08043894916772842,
            0.03130050748586655,
            0.001401744782924652
        ],
        [
            0.07566483318805695,
            0.025442184880375862,
            -0.005256086587905884
        ],
        [
            0.07176173478364944,
            0.02525310404598713,
            0.0009126514196395874
        ],
        [
            0.07696928828954697,
            0.029035093262791634,
            0.007755763828754425
        ],
        [
            0.08510161191225052,
            0.034228626638650894,
            -0.006970256567001343
        ],
        [
            0.08169890940189362,
            0.02561265602707863,
            -0.013387184590101242
        ],
        [
            0.19075405597686768,
            0.012035967782139778,
            -0.08064338564872742
        ],
        [
            0.1930244266986847,
            0.01274159550666809,
            -0.0760398730635643
        ],
        [
            0.18955786526203156,
            0.009341347962617874,
            -0.07474663108587265
        ],
        [
            0.18611544370651245,
            0.00877890270203352,
            -0.07877601683139801
        ],
        [
            0.15821543335914612,
            0.003835037350654602,
            -0.02741028182208538
        ],
        [
            0.15124766528606415,
            0.008964900858700275,
            -0.025801092386245728
        ],
        [
            0.16761447489261627,
            0.006133371964097023,
            -0.04324299842119217
        ],
        [
            0.15991702675819397,
            0.0074087949469685555,
            -0.03680139407515526
        ],
        [
            0.16290283203125,
            0.00129981548525393,
            -0.03551129996776581
        ],
        [
            0.16827961802482605,
            -3.089709207415581e-05,
            -0.04196882247924805
        ],
        [
            0.14227525889873505,
            0.023253999650478363,
            -0.03579383343458176
        ],
        [
            0.13555707037448883,
            0.020735515281558037,
            -0.02652929350733757
        ],
        [
            0.14036458730697632,
            0.01625007577240467,
            -0.027345869690179825
        ],
        [
            0.1491338461637497,
            0.01805713400244713,
            -0.03676409646868706
        ],
        [
            0.12817032635211945,
            0.03268008306622505,
            -0.024899903684854507
        ],
        [
            0.13502947986125946,
            0.033922579139471054,
            -0.03445429727435112
        ],
        [
            0.12996628880500793,
            0.04049122706055641,
            -0.03238612785935402
        ],
        [
            0.12663649022579193,
            0.03898092359304428,
            -0.02536054700613022
        ],
        [
            0.14774096012115479,
            0.03255976736545563,
            -0.05039823055267334
        ],
        [
            0.1508294641971588,
            0.032834332436323166,
            -0.055492863059043884
        ],
        [
            0.15000800788402557,
            0.03719121217727661,
            -0.05500250682234764
        ],
        [
            0.14540396630764008,
            0.03548117354512215,
            -0.04985467344522476
        ],
        [
            0.06745140254497528,
            0.024089321494102478,
            0.0064499229192733765
        ],
        [
            0.07387927919626236,
            0.025947177782654762,
            0.013622783124446869
        ],
        [
            0.10401631891727448,
            0.04203624278306961,
            -0.04363160580396652
        ],
        [
            0.10256680846214294,
            0.04884899780154228,
            -0.03489654138684273
        ],
        [
            0.1091185212135315,
            0.05470452830195427,
            -0.044289395213127136
        ],
        [
            0.10872965306043625,
            0.04576937109231949,
            -0.052044279873371124
        ],
        [
            0.07601263374090195,
            0.016515187919139862,
            -0.010487981140613556
        ],
        [
            0.07025639712810516,
            0.017472857609391212,
            -0.005234360694885254
        ],
        [
            0.1865372508764267,
            0.01451951079070568,
            -0.0845000222325325
        ],
        [
            0.18175756931304932,
            0.011663166806101799,
            -0.08183516561985016
        ],
        [
            0.13991808891296387,
            -0.0173537265509367,
            0.013005316257476807
        ],
        [
            0.15939897298812866,
            -0.005353160202503204,
            0.008665487170219421
        ],
        [
            0.12355297803878784,
            -0.022009091451764107,
            0.015261165797710419
        ],
        [
            0.11152469366788864,
            -0.02319326438009739,
            0.01572030782699585
        ],
        [
            0.1024504005908966,
            -0.024456363171339035,
            0.018661588430404663
        ],
        [
            0.15906377136707306,
            0.012830805964767933,
            -0.040548764169216156
        ],
        [
            0.14293023943901062,
            0.012332276441156864,
            -0.023731444031000137
        ],
        [
            0.12841053307056427,
            0.02056717313826084,
            -0.016410991549491882
        ],
        [
            0.11590859293937683,
            0.04866933822631836,
            -0.015543125569820404
        ],
        [
            0.11061109602451324,
            0.04631204158067703,
            -0.0067673176527023315
        ],
        [
            0.118594691157341,
            0.03950057923793793,
            -0.008713681250810623
        ],
        [
            0.12119106948375702,
            0.04268677160143852,
            -0.01641404628753662
        ],
        [
            0.10765477269887924,
            0.054606642574071884,
            -0.028520870953798294
        ],
        [
            0.11509709805250168,
            0.054318834096193314,
            -0.02568739280104637
        ],
        [
            0.11922284960746765,
            0.056387946009635925,
            -0.03274688124656677
        ],
        [
            0.11291094124317169,
            0.057902753353118896,
            -0.03667796775698662
        ],
        [
            0.17008692026138306,
            0.002584420144557953,
            -0.00917448103427887
        ],
        [
            0.15746599435806274,
            -0.011289035901427269,
            -0.009964384138584137
        ],
        [
            0.0876070186495781,
            0.03425229713320732,
            0.008644767105579376
        ],
        [
            0.08470776677131653,
            0.029665566980838776,
            0.014299750328063965
        ],
        [
            0.07924854755401611,
            0.02526458352804184,
            0.019168004393577576
        ],
        [
            0.11819597333669662,
            0.01900280825793743,
            0.0040248483419418335
        ],
        [
            0.11123192310333252,
            0.01584203913807869,
            0.016025133430957794
        ],
        [
            0.11406692862510681,
            0.012340869754552841,
            0.016070298850536346
        ],
        [
            0.11926670372486115,
            0.015420978888869286,
            0.002940230071544647
        ],
        [
            0.1305818110704422,
            0.011228468269109726,
            0.0008979029953479767
        ],
        [
            0.12703341245651245,
            0.009884276427328587,
            0.013341087847948074
        ],
        [
            0.1393236368894577,
            0.015925494953989983,
            -0.00015600398182868958
        ],
        [
            0.10489515960216522,
            0.005122817121446133,
            0.023747518658638
        ],
        [
            0.09546776860952377,
            0.00864237267524004,
            0.028585635125637054
        ],
        [
            0.09898784756660461,
            0.00045857951045036316,
            0.02935617044568062
        ],
        [
            0.08980339020490646,
            0.016358448192477226,
            0.02645624428987503
        ],
        [
            0.08420374244451523,
            0.02253093011677265,
            0.02334330976009369
        ],
        [
            0.06279487907886505,
            0.016275204718112946,
            -0.0012652948498725891
        ],
        [
            0.10202130675315857,
            -0.007239804603159428,
            0.028532475233078003
        ],
        [
            0.1597825586795807,
            0.020686492323875427,
            0.0070695169270038605
        ],
        [
            0.16860195994377136,
            0.022588010877370834,
            0.005485169589519501
        ],
        [
            0.16522377729415894,
            0.02419658750295639,
            -0.0009712651371955872
        ],
        [
            0.15692465007305145,
            0.022098664194345474,
            -0.0004189237952232361
        ],
        [
            0.16541340947151184,
            -0.008759760297834873,
            -0.05120091140270233
        ],
        [
            0.1687839925289154,
            -0.004745790269225836,
            -0.045566022396087646
        ],
        [
            0.16389864683151245,
            -0.004878354258835316,
            -0.036553941667079926
        ],
        [
            0.11285947263240814,
            0.03171859681606293,
            0.006459318101406097
        ],
        [
            0.10284622013568878,
            0.039407141506671906,
            0.005730725824832916
        ],
        [
            0.1662645787000656,
            0.011289793998003006,
            -0.04741619527339935
        ],
        [
            0.18218810856342316,
            0.0058234515599906445,
            -0.07755791395902634
        ],
        [
            0.18604034185409546,
            0.006045998074114323,
            -0.07301312685012817
        ],
        [
            0.17512907087802887,
            -0.002703905338421464,
            -0.06251049786806107
        ],
        [
            0.17116159200668335,
            -0.0027901246212422848,
            -0.06802038848400116
        ],
        [
            0.16527137160301208,
            0.014301128685474396,
            -0.058313995599746704
        ],
        [
            0.16795963048934937,
            0.012529668398201466,
            -0.05259384959936142
        ],
        [
            0.1682552695274353,
            0.013360779732465744,
            -0.055729299783706665
        ],
        [
            0.16578002274036407,
            0.016421159729361534,
            -0.06088978052139282
        ],
        [
            0.1434345543384552,
            0.04294633865356445,
            -0.05176530033349991
        ],
        [
            0.13972705602645874,
            0.041332852095365524,
            -0.04710598289966583
        ],
        [
            0.1470598578453064,
            0.004856911487877369,
            -0.06332308053970337
        ],
        [
            0.15079933404922485,
            -0.007851029746234417,
            -0.06052212417125702
        ],
        [
            0.14427849650382996,
            -0.009286235086619854,
            -0.05125345289707184
        ],
        [
            0.13750457763671875,
            0.02888697385787964,
            -0.034644048660993576
        ],
        [
            0.14305666089057922,
            0.03172833472490311,
            -0.042960025370121
        ],
        [
            0.14049741625785828,
            0.03495858237147331,
            -0.04268457740545273
        ],
        [
            0.15898972749710083,
            0.015788743272423744,
            -0.044393040239810944
        ],
        [
            0.16355912387371063,
            0.015336424112319946,
            -0.05070776119828224
        ],
        [
            0.1592564582824707,
            0.018051939085125923,
            -0.049622561782598495
        ],
        [
            0.15457578003406525,
            0.019154172390699387,
            -0.04395987093448639
        ],
        [
            0.09507835656404495,
            0.04364614188671112,
            -0.025383245199918747
        ],
        [
            0.10093194991350174,
            0.05072649568319321,
            -0.018206752836704254
        ],
        [
            0.19289447367191315,
            0.014964042231440544,
            -0.07190227508544922
        ],
        [
            0.1903696358203888,
            0.012156534940004349,
            -0.07028112560510635
        ],
        [
            0.13106879591941833,
            0.026301534846425056,
            -0.025552965700626373
        ],
        [
            0.1362803876399994,
            -0.011177826672792435,
            -0.0396675169467926
        ],
        [
            0.1253303587436676,
            0.02508421428501606,
            -0.015764426440000534
        ],
        [
            0.12562106549739838,
            0.04068196564912796,
            -0.0606473907828331
        ],
        [
            0.12947171926498413,
            0.04743734002113342,
            -0.05626725032925606
        ],
        [
            0.1337461769580841,
            0.04840519651770592,
            -0.058693431317806244
        ],
        [
            0.13257542252540588,
            0.04477712884545326,
            -0.0636376217007637
        ],
        [
            0.17385636270046234,
            0.022736195474863052,
            -0.07122576236724854
        ],
        [
            0.17818525433540344,
            0.022686343640089035,
            -0.0674227923154831
        ],
        [
            0.18070434033870697,
            0.02461693435907364,
            -0.06969702243804932
        ],
        [
            0.17703931033611298,
            0.024891510605812073,
            -0.07424081861972809
        ],
        [
            0.17078307271003723,
            0.008271965198218822,
            -0.04980126768350601
        ],
        [
            0.17262940108776093,
            0.002123778685927391,
            -0.048626165837049484
        ],
        [
            0.1756538301706314,
            0.005632339511066675,
            -0.05382245406508446
        ],
        [
            0.17223015427589417,
            0.010375840589404106,
            -0.0545041598379612
        ],
        [
            0.17285466194152832,
            -0.0027559641748666763,
            -0.05275159701704979
        ],
        [
            0.17650550603866577,
            0.0003515139687806368,
            -0.05717186629772186
        ],
        [
            0.17157487571239471,
            0.01948973536491394,
            -0.07627788186073303
        ],
        [
            0.17310108244419098,
            0.013336680829524994,
            -0.08024606853723526
        ],
        [
            0.16247022151947021,
            0.007052429486066103,
            -0.07159928977489471
        ],
        [
            0.16384688019752502,
            0.01393578015267849,
            -0.06796066462993622
        ],
        [
            0.09539707005023956,
            0.013516329228878021,
            -0.028798352926969528
        ],
        [
            0.09070370346307755,
            0.023274900391697884,
            -0.026108846068382263
        ],
        [
            0.10007505118846893,
            0.029059138149023056,
            -0.036574237048625946
        ],
        [
            0.10835747420787811,
            0.03482067212462425,
            -0.04777763783931732
        ],
        [
            0.11745426803827286,
            0.039564598351716995,
            -0.0575103797018528
        ],
        [
            0.12142243981361389,
            0.028736785054206848,
            -0.062297526746988297
        ],
        [
            0.09640945494174957,
            0.03552005812525749,
            -0.03309808298945427
        ],
        [
            0.15915922820568085,
            0.013520370237529278,
            -0.06174682453274727
        ],
        [
            0.1558728963136673,
            0.003925279248505831,
            -0.0652092695236206
        ],
        [
            0.15455837547779083,
            0.009854864329099655,
            -0.06436862796545029
        ],
        [
            0.12277702987194061,
            0.03200260177254677,
            -0.014610975980758667
        ],
        [
            0.18749643862247467,
            0.00863224919885397,
            -0.0686500072479248
        ],
        [
            0.0944095253944397,
            -0.021513372659683228,
            -0.0018067657947540283
        ],
        [
            0.08522829413414001,
            -0.012787419371306896,
            -0.007258519530296326
        ],
        [
            0.09255557507276535,
            -0.01208400633186102,
            -0.012133046984672546
        ],
        [
            0.103876493871212,
            -0.021399684250354767,
            -0.005488049238920212
        ],
        [
            0.18331420421600342,
            0.0188670065253973,
            -0.06482101231813431
        ],
        [
            0.1868620663881302,
            0.013665643520653248,
            -0.06492805480957031
        ],
        [
            0.13688161969184875,
            0.047193143516778946,
            -0.047159209847450256
        ],
        [
            0.1401630938053131,
            0.04763695225119591,
            -0.0518665686249733
        ],
        [
            0.13784922659397125,
            0.05025358498096466,
            -0.05406240373849869
        ],
        [
            0.13562047481536865,
            0.052473850548267365,
            -0.048972439020872116
        ],
        [
            0.08815090358257294,
            0.027804726734757423,
            -0.023177117109298706
        ],
        [
            0.11496619880199432,
            0.05935031548142433,
            -0.04746313765645027
        ],
        [
            0.11440536379814148,
            0.051107410341501236,
            -0.05531824380159378
        ],
        [
            0.08273914456367493,
            0.01785653457045555,
            -0.017131444066762924
        ],
        [
            0.08626523613929749,
            0.009127357974648476,
            -0.019822880625724792
        ],
        [
            0.07941906154155731,
            0.006492547690868378,
            -0.013368874788284302
        ],
        [
            0.13443341851234436,
            0.021450135856866837,
            -0.06578714400529861
        ],
        [
            0.1007423996925354,
            0.007264263927936554,
            -0.03156609460711479
        ],
        [
            0.09103428572416306,
            0.003345996141433716,
            -0.021417494863271713
        ],
        [
            0.08306119590997696,
            -7.702969014644623e-05,
            -0.013801701366901398
        ],
        [
            0.07665537297725677,
            -0.002143796533346176,
            -0.008851513266563416
        ],
        [
            0.07339505106210709,
            0.005324173718690872,
            -0.008786775171756744
        ],
        [
            0.17736907303333282,
            0.009122584946453571,
            -0.0799541026353836
        ],
        [
            0.17738565802574158,
            0.016753433272242546,
            -0.08312976360321045
        ],
        [
            0.0653919130563736,
            0.0036766845732927322,
            -0.004761211574077606
        ],
        [
            0.06982157379388809,
            -0.004478661343455315,
            -0.004490062594413757
        ],
        [
            0.09691167622804642,
            -0.003733450546860695,
            -0.021910808980464935
        ],
        [
            0.10548579692840576,
            -0.011968027800321579,
            -0.021161817014217377
        ],
        [
            0.10620489716529846,
            0.00045353546738624573,
            -0.031547848135232925
        ],
        [
            0.11500394344329834,
            -0.007353282533586025,
            -0.031821444630622864
        ],
        [
            0.13546082377433777,
            0.010602312162518501,
            -0.06763670593500137
        ],
        [
            0.18929778039455414,
            0.03065595030784607,
            -0.08770113438367844
        ],
        [
            0.18052904307842255,
            0.024683384224772453,
            -0.08378248661756516
        ],
        [
            0.18062517046928406,
            0.027128877118229866,
            -0.07849763333797455
        ],
        [
            0.18784871697425842,
            0.03293111175298691,
            -0.08434927463531494
        ],
        [
            0.17556647956371307,
            0.022163929417729378,
            -0.07925152033567429
        ],
        [
            0.1823255866765976,
            0.019713936373591423,
            -0.08586900681257248
        ],
        [
            0.12775225937366486,
            -0.015092829242348671,
            -0.027346082031726837
        ],
        [
            0.16260458528995514,
            0.018149161711335182,
            -0.055309735238552094
        ],
        [
            0.12087617814540863,
            -0.020462920889258385,
            -0.012907527387142181
        ],
        [
            0.14500278234481812,
            -0.017447611317038536,
            -0.024135248735547066
        ],
        [
            0.14145898818969727,
            -0.020067451521754265,
            -0.011783089488744736
        ],
        [
            0.11498021334409714,
            -0.025906382128596306,
            0.003454502671957016
        ],
        [
            0.13367214798927307,
            -0.024085521697998047,
            0.002049058675765991
        ],
        [
            0.09583780914545059,
            -0.026046793907880783,
            0.009868554770946503
        ],
        [
            0.10417115688323975,
            -0.02542165294289589,
            0.00540764257311821
        ],
        [
