{
    "pred_cam": [
        8.967988014221191,
        0.06168118864297867,
        -0.051319293677806854
    ],
    "pred_mano_params": {
        "global_orient": [
            [
                [
                    0.7007116079330444,
                    -0.3706745207309723,
                    -0.6095930933952332
                ],
                [
                    -0.6984967589378357,
                    -0.5304188132286072,
                    -0.4803730547428131
                ],
                [
                    -0.14527757465839386,
                    0.7624017000198364,
                    -0.6305855512619019
                ]
            ]
        ],
        "hand_pose": [
            [
                [
                    0.9243017435073853,
                    -0.2813971936702728,
                    -0.25784093141555786
                ],
                [
                    0.2591530978679657,
                    0.9586904048919678,
                    -0.11727055162191391
                ],
                [
                    0.28018924593925476,
                    0.041573092341423035,
                    0.9590441584587097
                ]
            ],
            [
                [
                    0.9718886017799377,
                    -0.2331012785434723,
                    -0.03311087563633919
                ],
                [
                    0.21684178709983826,
                    0.9410003423690796,
                    -0.25980374217033386
                ],
                [
                    0.09171793609857559,
                    0.24532048404216766,
                    0.9650936126708984
                ]
            ],
            [
                [
                    0.8785305023193359,
                    -0.4611698389053345,
                    0.12452526390552521
                ],
                [
                    0.47008925676345825,
                    0.880972683429718,
                    -0.05388243868947029
                ],
                [
                    -0.08485439419746399,
                    0.10587535053491592,
                    0.9907523393630981
                ]
            ],
            [
                [
                    0.5868144631385803,
                    -0.7714914679527283,
                    -0.24586541950702667
                ],
                [
                    0.7899823784828186,
                    0.6121150851249695,
                    -0.035256776958703995
                ],
                [
                    0.17769820988178253,
                    -0.1735401600599289,
                    0.9686626195907593
                ]
            ],
            [
                [
                    0.965000569820404,
                    -0.16068331897258759,
                    -0.20725536346435547
                ],
                [
                    0.1872793436050415,
                    0.9754668474197388,
                    0.11571940034627914
                ],
                [
                    0.1835765391588211,
                    -0.15048393607139587,
                    0.9714187383651733
                ]
            ],
            [
                [
                    0.8297586441040039,
                    -0.427982896566391,
                    0.35823366045951843
                ],
                [
                    0.44624069333076477,
                    0.894238293170929,
                    0.03474440425634384
                ],
                [
                    -0.3352162539958954,
                    0.13102896511554718,
                    0.9329853653907776
                ]
            ],
            [
                [
                    0.3090677857398987,
                    -0.9483132362365723,
                    -0.07196584343910217
                ],
                [
                    0.7015855312347412,
                    0.17625951766967773,
                    0.6904421448707581
                ],
                [
                    -0.6420707702636719,
                    -0.2638836205005646,
                    0.7197989821434021
                ]
            ],
            [
                [
                    0.9522304534912109,
                    -0.24148984253406525,
                    -0.1869218647480011
                ],
                [
                    0.24664056301116943,
                    0.9690967798233032,
                    0.00444906298071146
                ],
                [
                    0.18007099628448486,
                    -0.05033905431628227,
                    0.9823646545410156
                ]
            ],
            [
                [
                    0.9762774109840393,
                    0.09824322164058685,
                    0.19295264780521393
                ],
                [
                    -0.1688653826713562,
                    0.9032413363456726,
                    0.39451169967651367
                ],
                [
                    -0.135524719953537,
                    -0.41773587465286255,
                    0.8984040021896362
                ]
            ],
            [
                [
                    0.3658706545829773,
                    -0.9306506514549255,
                    -0.00529860332608223
                ],
                [
                    0.9160929918289185,
                    0.3591322600841522,
                    0.1783190667629242
                ],
                [
                    -0.16404984891414642,
                    -0.0700957179069519,
                    0.9839584827423096
                ]
            ],
            [
                [
                    0.9798495769500732,
                    -0.07386607676744461,
                    -0.1855766773223877
                ],
                [
                    0.11749015748500824,
                    0.9645168781280518,
                    0.2364387959241867
                ],
                [
                    0.16152700781822205,
                    -0.2534778416156769,
                    0.9537599682807922
                ]
            ],
            [
                [
                    0.8431152105331421,
                    -0.3802347779273987,
                    0.38023442029953003
                ],
                [
                    0.30236342549324036,
                    0.9199569821357727,
                    0.24951036274433136
                ],
                [
                    -0.4446718692779541,
                    -0.095396988093853,
                    0.8905988335609436
                ]
            ],
            [
                [
                    0.9491668343544006,
                    -0.099738210439682,
                    -0.29855403304100037
                ],
                [
                    -0.22317348420619965,
                    0.4556424915790558,
                    -0.8617328405380249
                ],
                [
                    0.22198155522346497,
                    0.8845576643943787,
                    0.41022181510925293
                ]
            ],
            [
                [
                    0.8832167387008667,
                    -0.384290486574173,
                    -0.26879164576530457
                ],
                [
                    0.4493582248687744,
                    0.8574846982955933,
                    0.2505936622619629
                ],
                [
                    0.13418394327163696,
                    -0.342112272977829,
                    0.9300289154052734
                ]
            ],
            [
                [
                    0.8474057912826538,
                    -0.434188574552536,
                    -0.30558738112449646
                ],
                [
                    0.11054675281047821,
                    0.7072227597236633,
                    -0.6982946991920471
                ],
                [
                    0.5193098783493042,
                    0.5579573512077332,
                    0.6473028063774109
                ]
            ]
        ],
        "betas": [
            0.02792280912399292,
            0.031128734350204468,
            0.037104278802871704,
            0.057347387075424194,
            -0.060372769832611084,
            -0.04712340980768204,
            0.03709810972213745,
            0.023588836193084717,
            -0.026995375752449036,
            0.011390149593353271
        ]
    },
    "pred_cam_t": [
        -0.06168118864297867,
        -0.051319293677806854,
        4.355770587921143
    ],
    "focal_length": [
        5000.0,
        5000.0
    ],
    "pred_keypoints_3d": [
        [
            0.09549643099308014,
            0.006364720873534679,
            0.006154417060315609
        ],
        [
            0.06868381053209305,
            0.0190420001745224,
            -0.01846693456172943
        ],
        [
            0.05264826864004135,
            0.04237842559814453,
            -0.03052615001797676
        ],
        [
            0.0463150255382061,
            0.06867055594921112,
            -0.029600873589515686
        ],
        [
            0.05951811373233795,
            0.09857400506734848,
            -0.018940210342407227
        ],
        [
            0.023192115128040314,
            0.060675133019685745,
            0.001947830431163311
        ],
        [
            0.006828596815466881,
            0.08876323699951172,
            0.0071608866564929485
        ],
        [
            0.003964826464653015,
            0.11070749163627625,
            0.006694811396300793
        ],
        [
            0.007726055569946766,
            0.13437527418136597,
            -0.0008352138102054596
        ],
        [
            0.031865887343883514,
            0.07480182498693466,
            0.020886242389678955
        ],
        [
            0.03447691351175308,
            0.10533404350280762,
            0.012919576838612556
        ],
        [
            0.04403132200241089,
            0.12496082484722137,
            0.0050202589482069016
        ],
        [
            0.05009222775697708,
            0.14131659269332886,
            -0.013330906629562378
        ],
        [
            0.05606311559677124,
            0.07827737182378769,
            0.03179160878062248
        ],
        [
            0.05745752155780792,
            0.1008647233247757,
            0.014017296954989433
        ],
        [
            0.06877268850803375,
            0.1180325448513031,
            0.000291711650788784
        ],
        [
            0.07319613546133041,
            0.1296040415763855,
            -0.021189190447330475
        ],
        [
            0.0774121955037117,
            0.08030138909816742,
            0.03579706698656082
        ],
        [
            0.08073320239782333,
            0.09333619475364685,
            0.01961646042764187
        ],
        [
            0.08843505382537842,
            0.10231585800647736,
            0.004904954694211483
        ],
        [
            0.09289161115884781,
            0.11167090386152267,
            -0.014433306641876698
        ]
    ],
    "pred_vertices": [
        [
            0.05750483274459839,
            0.04214873164892197,
            -0.008990191854536533
        ],
        [
            0.06641867756843567,
            0.03550931066274643,
            -0.010439814999699593
        ],
        [
            0.0607888288795948,
            0.04094085469841957,
            -0.014612646773457527
        ],
        [
            0.05119773745536804,
            0.04497558996081352,
            -0.013951223343610764
        ],
        [
            0.07768049091100693,
            0.03457358479499817,
            -0.025687504559755325
        ],
        [
            0.07671716064214706,
            0.02643812820315361,
            -0.03510104864835739
        ],
        [
            0.0665711760520935,
            0.0394895002245903,
            -0.03806313872337341
        ],
        [
            0.07039343565702438,
            0.04416172206401825,
            -0.02930811047554016
        ],
        [
            0.04554738849401474,
            0.04680885374546051,
            -0.01605319045484066
        ],
        [
            0.056322239339351654,
            0.045745279639959335,
            -0.017939092591404915
        ],
        [
            0.0429353192448616,
            0.045020781457424164,
            -0.014898344874382019
        ],
        [
            0.03015383891761303,
            0.043093763291835785,
            -0.010343395173549652
        ],
        [
            0.035163745284080505,
            0.047274425625801086,
            -0.012865823693573475
        ],
        [
            0.02333097532391548,
            0.04571643844246864,
            -0.006259941961616278
        ],
        [
            0.029942868277430534,
            0.033357299864292145,
            -0.006156277842819691
        ],
        [
            0.022110987454652786,
            0.041970353573560715,
            0.0022440114989876747
        ],
        [
            0.04366719722747803,
            0.030647311359643936,
            0.01846989057958126
        ],
        [
            0.05382879823446274,
            0.03408150374889374,
            0.026997286826372147
        ],
        [
            0.04291867837309837,
            0.04753674194216728,
            0.030886106193065643
        ],
        [
            0.034321654587984085,
            0.0429982915520668,
            0.02086125686764717
        ],
        [
            0.062424786388874054,
            0.05085980147123337,
            0.03807768225669861
        ],
        [
            0.05116473510861397,
            0.049730751663446426,
            0.03430015966296196
        ],
        [
            0.06159470975399017,
            0.0355398915708065,
            0.031390972435474396
        ],
        [
            0.07121284306049347,
            0.03721136227250099,
            0.034525539726018906
        ],
        [
            0.0703735426068306,
            0.04135601967573166,
            -0.00036878231912851334
        ],
        [
            0.07859675586223602,
            0.03434634953737259,
            -0.002386702224612236
        ],
        [
            0.07349584996700287,
            0.033186234533786774,
            -0.004862493835389614
        ],
        [
            0.06584393233060837,
            0.04040157422423363,
            -0.0034191301092505455
        ],
        [
            0.04191964119672775,
            0.04588288068771362,
            -0.022022128105163574
        ],
        [
            0.0385630764067173,
            0.03239437937736511,
            -0.019863402470946312
        ],
        [
            0.03850887343287468,
            0.038536250591278076,
            -0.015769071877002716
        ],
        [
            0.04558166489005089,
            0.049039214849472046,
            -0.019900847226381302
        ],
        [
            0.10551896691322327,
            0.024454325437545776,
            -0.006552292034029961
        ],
        [
            0.11016488820314407,
            0.011802278459072113,
            -0.005161663517355919
        ],
        [
            0.10592126846313477,
            0.009172342717647552,
            -0.00836293213069439
        ],
        [
            0.10233549028635025,
            0.021010957658290863,
            -0.00859011709690094
        ],
        [
            0.09020446240901947,
            0.009556345641613007,
            -0.024795791134238243
        ],
        [
            0.09382831305265427,
            0.0006907060742378235,
            -0.019151000306010246
        ],
        [
            0.08782690763473511,
            -0.011263653635978699,
            -0.019153520464897156
        ],
        [
            0.08123520761728287,
            -0.0037541165947914124,
            -0.023966645821928978
        ],
        [
            0.08381932973861694,
            0.01855027675628662,
            -0.030663566663861275
        ],
        [
            0.07659947872161865,
            0.006941903382539749,
            -0.032544560730457306
        ],
        [
            0.06936770677566528,
            0.018242355436086655,
            -0.038509517908096313
        ],
        [
            0.05954737216234207,
            0.034762002527713776,
            -0.04208853095769882
        ],
        [
            0.11809822916984558,
            0.015755511820316315,
            0.00408320315182209
        ],
        [
            0.11619634926319122,
            0.025839142501354218,
            0.00396336056292057
        ],
        [
            0.008127056993544102,
            0.09473955631256104,
            -0.002918148646131158
        ],
        [
            0.012536438181996346,
            0.09671412408351898,
            0.0005461201071739197
        ],
        [
            0.014255727641284466,
            0.09191026538610458,
            -0.0009939009323716164
        ],
        [
            0.009403820149600506,
            0.0905919149518013,
            -0.003778269048780203
        ],
        [
            0.1157415434718132,
            0.018926307559013367,
            0.023965805768966675
        ],
        [
            0.1103912889957428,
            0.014197930693626404,
            0.03105962835252285
        ],
        [
            0.11591453105211258,
            0.009789712727069855,
            0.0293307863175869
        ],
        [
            0.11988711357116699,
            0.013101130723953247,
            0.0214809849858284
        ],
        [
            0.1102447360754013,
            0.026591770350933075,
            0.027246445417404175
        ],
        [
            0.10259834676980972,
            0.02043554186820984,
            0.032787490636110306
        ],
        [
            -0.0018124133348464966,
            0.09202471375465393,
            0.004440472926944494
        ],
        [
            -0.00017235800623893738,
            0.09281923621892929,
            -0.0003969671670347452
        ],
        [
            0.0005543334409594536,
            0.08747832477092743,
            0.00010841712355613708
        ],
        [
            -0.00016506854444742203,
            0.08616365492343903,
            0.005340503994375467
        ],
        [
            0.042044512927532196,
            0.04892096295952797,
            -0.012529213912785053
        ],
        [
            0.050154201686382294,
            0.04890061914920807,
            -0.008380688726902008
        ],
        [
            0.029920993372797966,
            0.06180145591497421,
            -0.007792486809194088
        ],
        [
            0.038405951112508774,
            0.05642339959740639,
            -0.006818635389208794
        ],
        [
            0.033671729266643524,
            0.052706528455019,
            -0.010577047243714333
        ],
        [
            0.02642454206943512,
            0.05685795098543167,
            -0.009951317682862282
        ],
        [
            0.05776095762848854,
            0.05876869708299637,
            0.0068604592233896255
        ],
        [
            0.06510563939809799,
            0.05011904984712601,
            0.00442893523722887
        ],
        [
            0.05940696597099304,
            0.04948248714208603,
            0.0011087972670793533
        ],
        [
            0.050519078969955444,
            0.05883028358221054,
            0.002076811157166958
        ],
        [
            0.07727257162332535,
            0.05461150407791138,
            0.010047187097370625
        ],
        [
            0.06889919191598892,
            0.06235921382904053,
            0.012442127801477909
        ],
        [
            0.07685071229934692,
            0.06373246014118195,
            0.01534455455839634
        ],
        [
            0.08174385875463486,
            0.05864706635475159,
            0.01235448569059372
        ],
        [
            0.05209717899560928,
            0.07348425686359406,
            0.014832166954874992
        ],
        [
            0.047781310975551605,
            0.07671494781970978,
            0.015975292772054672
        ],
        [
            0.05083183944225311,
            0.07803389430046082,
            0.01660657301545143
        ],
        [
            0.05540613457560539,
            0.07397298514842987,
            0.016332827508449554
        ],
        [
            0.12069143354892731,
            0.004659056663513184,
            0.028151988983154297
        ],
        [
            0.12307682633399963,
            0.007027357816696167,
            0.018925447016954422
        ],
        [
            0.08336962759494781,
            0.056218430399894714,
            0.042489733546972275
        ],
        [
            0.09368883818387985,
            0.05699431151151657,
            0.0381585918366909
        ],
        [
            0.08824528753757477,
            0.06875329464673996,
            0.04058622568845749
        ],
        [
            0.07784485816955566,
            0.0650823637843132,
            0.04586812108755112
        ],
        [
            0.10148133337497711,
            0.009388081729412079,
            0.03324742242693901
        ],
        [
            0.1080734133720398,
            0.005182437598705292,
            0.033586613833904266
        ],
        [
            -0.00018635671585798264,
            0.09247312694787979,
            0.010462363250553608
        ],
        [
            0.0022252267226576805,
            0.08681178092956543,
            0.010878934524953365
        ],
        [
            0.06134591996669769,
            0.00860564038157463,
            -0.032655470073223114
        ],
        [
            0.05174142122268677,
            0.02886892482638359,
            -0.039903465658426285
        ],
        [
            0.0697644054889679,
            -0.0038987360894680023,
            -0.023668168112635612
        ],
        [
            0.07557334005832672,
            -0.011386692523956299,
            -0.015803413465619087
        ],
        [
            0.08087468147277832,
            -0.018253624439239502,
            -0.01182290818542242
        ],
        [
            0.04004792124032974,
            0.06148262321949005,
            -0.002812011167407036
        ],
        [
            0.057809896767139435,
            0.04647018015384674,
            -0.0037348372861742973
        ],
        [
            0.07467253506183624,
            0.04267852380871773,
            0.0020375363528728485
        ],
        [
            0.09908732771873474,
            0.05693573132157326,
            0.014311533421278
        ],
        [
            0.10545888543128967,
            0.049391116946935654,
            0.0113823302090168
        ],
        [
            0.09607106447219849,
            0.04914122819900513,
            0.006114168092608452
        ],
        [
            0.09219081699848175,
            0.05551506578922272,
            0.01027747243642807
        ],
        [
            0.09890830516815186,
            0.06161898747086525,
            0.030673973262310028
        ],
        [
            0.09702020138502121,
            0.06404582411050797,
            0.023197786882519722
        ],
        [
            0.09230995923280716,
            0.06959201395511627,
            0.025390345603227615
        ],
        [
            0.09343758225440979,
            0.06957012414932251,
            0.03312467783689499
        ],
        [
            0.039124343544244766,
            0.04403100535273552,
            -0.028446517884731293
        ],
        [
            0.0394706167280674,
            0.027489908039569855,
            -0.024887731298804283
        ],
        [
            0.1183740496635437,
            0.022481538355350494,
            0.014345033094286919
        ],
        [
            0.1203472688794136,
            0.015422962605953217,
            0.01159946620464325
        ],
        [
            0.12332625687122345,
            0.007423669099807739,
            0.011157596483826637
        ],
        [
            0.09151072800159454,
            0.02889937534928322,
            -0.005902165547013283
        ],
        [
            0.10017755627632141,
            0.018646012991666794,
            -0.010191785171627998
        ],
        [
            0.09686510264873505,
            0.017677664756774902,
            -0.01302957721054554
        ],
        [
            0.08845312893390656,
            0.027152571827173233,
            -0.006570145487785339
        ],
        [
            0.07701724022626877,
            0.031341105699539185,
            -0.013469301164150238
        ],
        [
            0.08585520833730698,
            0.02507001906633377,
            -0.02099238894879818
        ],
        [
            0.07143982499837875,
            0.03975972160696983,
            -0.016869831830263138
        ],
        [
            0.10118415951728821,
            0.004317931830883026,
            -0.013040927238762379
        ],
        [
            0.11072210967540741,
            0.00011857599020004272,
            -0.009314064867794514
        ],
        [
            0.10440891981124878,
            -0.004515163600444794,
            -0.013561115600168705
        ],
        [
            0.11702641099691391,
            0.0037248507142066956,
            -0.002732686698436737
        ],
        [
            0.12168897688388824,
            0.0065060630440711975,
            0.004331180825829506
        ],
        [
            0.11343348026275635,
            -0.0011056885123252869,
            0.035659369081258774
        ],
        [
            0.097597636282444,
            -0.008535578846931458,
            -0.016164688393473625
        ],
        [
            0.06475575268268585,
            0.050080955028533936,
            -0.03116215392947197
        ],
        [
            0.06045021116733551,
            0.05590935796499252,
            -0.03193467855453491
        ],
        [
            0.059018611907958984,
            0.05534972995519638,
            -0.024248499423265457
        ],
        [
            0.06230427324771881,
            0.05033267289400101,
            -0.022998299449682236
        ],
        [
            0.016516320407390594,
            0.05137494206428528,
            -0.0023196525871753693
        ],
        [
            0.02082773856818676,
            0.05448401719331741,
            -0.008256802335381508
        ],
        [
            0.028140027076005936,
            0.04831144958734512,
            -0.011041543446481228
        ],
        [
            0.10312163829803467,
            0.034861970692873,
            -0.001904267817735672
        ],
        [
            0.1124279722571373,
            0.03563747927546501,
            0.006670918315649033
        ],
        [
            0.031331054866313934,
            0.06654819846153259,
            -0.0032317526638507843
        ],
        [
            0.0011993879452347755,
            0.08115452527999878,
            0.006653130054473877
        ],
        [
            0.0017558736726641655,
            0.08196873962879181,
            0.0007811430841684341
        ],
        [
            0.008909886702895164,
            0.0655137374997139,
            -0.0004959637299180031
        ],
        [
            0.007663862779736519,
            0.06544040888547897,
            0.006183466874063015
        ],
        [
            0.0271773561835289,
            0.07233819365501404,
            0.005418454296886921
        ],
        [
            0.02805311232805252,
            0.07025323063135147,
            -0.0007917564362287521
        ],
        [
            0.026466544717550278,
            0.07224398851394653,
            0.0012272442691028118
        ],
        [
            0.02653445303440094,
            0.07530663907527924,
            0.006954477168619633
        ],
        [
            0.05992699787020683,
            0.07765983790159225,
            0.018994111567735672
        ],
        [
            0.06371663510799408,
            0.07417945563793182,
            0.01869022846221924
        ],
        [
            0.02708875946700573,
            0.05719452723860741,
            0.020736154168844223
        ],
        [
            0.019012676551938057,
            0.04823094978928566,
            0.014252657070755959
        ],
        [
            0.02666637673974037,
            0.03961185738444328,
            0.012107430957257748
        ],
        [
            0.06436219811439514,
            0.06004196032881737,
            0.010136814787983894
        ],
        [
            0.058386944234371185,
            0.06792882829904556,
            0.012673974968492985
        ],
        [
            0.061900146305561066,
            0.0687539130449295,
            0.014644802547991276
        ],
        [
            0.03963031619787216,
            0.06502080708742142,
            0.00041230209171772003
        ],
        [
            0.033267270773649216,
            0.06938940286636353,
            0.0015700184740126133
        ],
        [
            0.03776083514094353,
            0.06860292702913284,
            0.0043206773698329926
        ],
        [
            0.04418763518333435,
            0.06504572927951813,
            0.0036555686965584755
        ],
        [
            0.09996581077575684,
            0.045646555721759796,
            0.035405561327934265
        ],
        [
            0.10599488019943237,
            0.051585324108600616,
            0.027117598801851273
        ],
        [
            0.003494290169328451,
            0.09358014166355133,
            -0.0031425035558640957
        ],
        [
            0.004351641517132521,
            0.0888170599937439,
            -0.0033268583938479424
        ],
        [
            0.0714266300201416,
            0.05157732963562012,
            0.007605520077049732
        ],
        [
            0.03658342361450195,
            0.02953016385436058,
            0.009120593778789043
        ],
        [
            0.07940821349620819,
            0.044272541999816895,
            0.004307430237531662
        ],
        [
            0.06248117983341217,
            0.07301308214664459,
            0.03781670331954956
        ],
        [
            0.06761033087968826,
            0.07755571603775024,
            0.0318472720682621
        ],
        [
            0.06568770855665207,
            0.08070892095565796,
            0.029723089188337326
        ],
        [
            0.06121322512626648,
            0.08013048022985458,
            0.03384644538164139
        ],
        [
            0.019457582384347916,
            0.08816995471715927,
            0.009669343009591103
        ],
        [
            0.01929938793182373,
            0.08905287086963654,
            0.003928189165890217
        ],
        [
            0.017508337274193764,
            0.0930062085390091,
            0.004246239550411701
        ],
        [
            0.0172318983823061,
            0.0924447625875473,
            0.009950689040124416
        ],
        [
            0.025618314743041992,
            0.06733570992946625,
            -0.005236769560724497
        ],
        [
            0.021571334451436996,
            0.06307661533355713,
            -0.008084375411272049
        ],
        [
            0.018926652148365974,
            0.06918314099311829,
            -0.006163239013403654
        ],
        [
            0.02324805222451687,
            0.07144027203321457,
            -0.0027481094002723694
        ],
        [
            0.01587934046983719,
            0.06077462062239647,
            -0.00589514896273613
        ],
        [
            0.013228476978838444,
            0.06668224930763245,
            -0.004959720652550459
        ],
        [
            0.015697479248046875,
            0.08589959889650345,
            0.0144200399518013
        ],
        [
            0.00888832751661539,
            0.08292312920093536,
            0.01564774662256241
        ],
        [
            0.016000011935830116,
            0.07002583146095276,
            0.01586085557937622
        ],
        [
            0.02169516682624817,
            0.07493565231561661,
            0.013005047105252743
        ],
        [
            0.07893970608711243,
            0.02397966757416725,
            0.03274305537343025
        ],
        [
            0.08895394206047058,
            0.027999334037303925,
            0.03550370782613754
        ],
        [
            0.08146794140338898,
            0.04128323495388031,
            0.03768962621688843
        ],
        [
            0.0740114152431488,
            0.05459703132510185,
            0.041185952723026276
        ],
        [
            0.06661085039377213,
            0.066848985850811,
            0.04263956472277641
        ],
        [
            0.055192623287439346,
            0.06234823167324066,
            0.04176455736160278
        ],
        [
            0.08951328694820404,
            0.04302062839269638,
            0.038708701729774475
        ],
        [
            0.02776322141289711,
            0.06936344504356384,
            0.012219962663948536
        ],
        [
            0.021232815459370613,
            0.06196654960513115,
            0.015700044110417366
        ],
        [
            0.02611425146460533,
            0.06531919538974762,
            0.016850344836711884
        ],
        [
            0.08571569621562958,
            0.04776338115334511,
            0.006282106041908264
        ],
        [
            0.0051017943769693375,
            0.0832374319434166,
            -0.0030319669749587774
        ],
        [
            0.07418689876794815,
            -0.01316072791814804,
            0.00881581287831068
        ],
        [
            0.08067187666893005,
            -0.009340666234493256,
            0.020250994712114334
        ],
        [
            0.07452872395515442,
            -0.0031874850392341614,
            0.01880617067217827
        ],
        [
            0.06748157739639282,
            -0.006905853748321533,
            0.005040264222770929
        ],
        [
            0.015869824215769768,
            0.08771242946386337,
            -0.0018798699602484703
        ],
        [
            0.010673816315829754,
            0.08561274409294128,
            -0.004766675643622875
        ],
        [
            0.06923079490661621,
            0.07688146084547043,
            0.020477117970585823
        ],
        [
            0.06506145745515823,
            0.07983515411615372,
            0.020947018638253212
        ],
        [
            0.06722258776426315,
            0.08107566088438034,
            0.0234038345515728
        ],
        [
            0.07233336567878723,
            0.08002234995365143,
            0.02224000170826912
        ],
        [
            0.09486468136310577,
            0.02908867597579956,
            0.035815514624118805
        ],
        [
            0.0872393250465393,
            0.07709901034832001,
            0.036946024745702744
        ],
        [
            0.07673732936382294,
            0.0739462599158287,
            0.04264311492443085
        ],
        [
            0.09498052299022675,
            0.016387179493904114,
            0.033600103110075
        ],
        [
            0.08617812395095825,
            0.012543797492980957,
            0.03180137649178505
        ],
        [
            0.09180949628353119,
            0.004557393491268158,
            0.031528253108263016
        ],
        [
            0.042387705296278,
            0.06430383026599884,
            0.03372339904308319
        ],
        [
            0.07072745263576508,
            0.023013077676296234,
            0.030059490352869034
        ],
        [
            0.07924872636795044,
            0.011213041841983795,
            0.028792494907975197
        ],
        [
            0.08567775785923004,
            0.0016192421317100525,
            0.028303761035203934
        ],
        [
            0.09052561223506927,
            -0.005152955651283264,
            0.02890368551015854
        ],
        [
            0.0968158096075058,
            -0.001193217933177948,
            0.03222241252660751
        ],
        [
            0.004326539114117622,
            0.08192047476768494,
            0.012094656936824322
        ],
        [
            0.006930762901902199,
            0.0885872021317482,
            0.015144765377044678
        ],
        [
            0.10219217836856842,
            -0.00813758373260498,
            0.03454658016562462
        ],
        [
            0.09509459137916565,
            -0.012120284140110016,
            0.03010684624314308
        ],
        [
            0.0716375857591629,
            0.00909203290939331,
            0.024021226912736893
        ],
        [
            0.06290170550346375,
            0.006806381046772003,
            0.016506938263773918
        ],
        [
            0.06379275023937225,
            0.02067890763282776,
            0.025227226316928864
        ],
        [
            0.054493725299835205,
            0.01928962767124176,
            0.018292400985956192
        ],
        [
            0.03362410515546799,
            0.05718500167131424,
            0.03294878080487251
        ],
        [
            0.005337061360478401,
            0.10701876878738403,
            0.015096334740519524
        ],
        [
            0.009576507844030857,
            0.09646166861057281,
            0.015343202278017998
        ],
        [
            0.014023959636688232,
            0.09744635224342346,
            0.011686651036143303
        ],
        [
            0.009476730599999428,
            0.10756215453147888,
            0.013988666236400604
        ],
        [
            0.013468168675899506,
            0.09075484424829483,
            0.014174291864037514
        ],
        [
            0.0043634697794914246,
            0.09420248121023178,
            0.014971377328038216
        ],
        [
            0.04604220390319824,
            0.017589006572961807,
            0.005520899314433336
        ],
        [
            0.032755326479673386,
            0.07227569073438644,
            0.005886492785066366
        ],
        [
            0.05522821471095085,
            0.004627838730812073,
            -0.0009566838853061199
        ],
        [
            0.03651013970375061,
            0.022138740867376328,
            -0.00827176682651043
        ],
        [
            0.044379059225320816,
            0.014255527406930923,
            -0.015233408659696579
        ],
        [
            0.0648871585726738,
            -0.007803507149219513,
            -0.009566787630319595
        ],
        [
            0.05499846115708351,
            0.003190837800502777,
            -0.020825516432523727
        ],
        [
            0.0777444839477539,
            -0.01998031884431839,
            -0.0011565724853426218
        ],
        [
            0.07154807448387146,
            -0.013610057532787323,
            -0.003602720331400633
        ],
        [
            0.04718119651079178,
            0.017826523631811142,
