{
    "pred_cam": [
        8.762815475463867,
        0.048211097717285156,
        -0.05418166518211365
    ],
    "pred_mano_params": {
        "global_orient": [
            [
                [
                    0.6939142942428589,
                    -0.32743439078330994,
                    -0.6413031220436096
                ],
                [
                    -0.7023735046386719,
                    -0.5039682388305664,
                    -0.5026803016662598
                ],
                [
                    -0.1586015820503235,
                    0.7992513179779053,
                    -0.579692006111145
                ]
            ]
        ],
        "hand_pose": [
            [
                [
                    0.928641676902771,
                    -0.2543777823448181,
                    -0.2700307071208954
                ],
                [
                    0.23501665890216827,
                    0.9665895700454712,
                    -0.10233159363269806
                ],
                [
                    0.28703975677490234,
                    0.03156767413020134,
                    0.9573983550071716
                ]
            ],
            [
                [
                    0.9853155016899109,
                    -0.16265200078487396,
                    -0.0519389733672142
                ],
                [
                    0.1446932852268219,
                    0.9569149613380432,
                    -0.251749187707901
                ],
                [
                    0.09064868837594986,
                    0.24053716659545898,
                    0.9663978219032288
                ]
            ],
            [
                [
                    0.8980792164802551,
                    -0.4214479923248291,
                    0.125838503241539
                ],
                [
                    0.4366268217563629,
                    0.8887501955032349,
                    -0.13957153260707855
                ],
                [
                    -0.05301683396100998,
                    0.18029075860977173,
                    0.982183575630188
                ]
            ],
            [
                [
                    0.5913808345794678,
                    -0.7700504064559937,
                    -0.2393556535243988
                ],
                [
                    0.7854288220405579,
                    0.6172881126403809,
                    -0.04535248875617981
                ],
                [
                    0.18267510831356049,
                    -0.16117626428604126,
                    0.9698721170425415
                ]
            ],
            [
                [
                    0.9776067733764648,
                    -0.05581670254468918,
                    -0.20290283858776093
                ],
                [
                    0.07898257672786713,
                    0.9910164475440979,
                    0.10792656987905502
                ],
                [
                    0.19505594670772552,
                    -0.1215355172753334,
                    0.9732329249382019
                ]
            ],
            [
                [
                    0.8301663398742676,
                    -0.4368559420108795,
                    0.34638237953186035
                ],
                [
                    0.4529964327812195,
                    0.8907156586647034,
                    0.0376809723675251
                ],
                [
                    -0.32498934864997864,
                    0.1256285011768341,
                    0.9373363256454468
                ]
            ],
            [
                [
                    0.38877907395362854,
                    -0.921245813369751,
                    0.012528936378657818
                ],
                [
                    0.7309761047363281,
                    0.316703200340271,
                    0.6044608950614929
                ],
                [
                    -0.560824990272522,
                    -0.2258434146642685,
                    0.7965362668037415
                ]
            ],
            [
                [
                    0.9680867791175842,
                    -0.13096490502357483,
                    -0.21367304027080536
                ],
                [
                    0.1361420750617981,
                    0.9906425476074219,
                    0.00963131058961153
                ],
                [
                    0.21041221916675568,
                    -0.03841383755207062,
                    0.9768577814102173
                ]
            ],
            [
                [
                    0.9726935625076294,
                    0.11071304231882095,
                    0.20398488640785217
                ],
                [
                    -0.174643874168396,
                    0.9280017614364624,
                    0.32910820841789246
                ],
                [
                    -0.15286177396774292,
                    -0.35574615001678467,
                    0.9219967126846313
                ]
            ],
            [
                [
                    0.4065074026584625,
                    -0.9135730862617493,
                    0.011662822216749191
                ],
                [
                    0.9048983454704285,
                    0.4043441116809845,
                    0.13290905952453613
                ],
                [
                    -0.12613792717456818,
                    -0.04347483441233635,
                    0.9910596609115601
                ]
            ],
            [
                [
                    0.9817005395889282,
                    0.028209052979946136,
                    -0.18833062052726746
                ],
                [
                    0.009862231090664864,
                    0.9801093339920044,
                    0.19821324944496155
                ],
                [
                    0.19017598032951355,
                    -0.1964433640241623,
                    0.9618956446647644
                ]
            ],
            [
                [
                    0.8784002065658569,
                    -0.33499765396118164,
                    0.34086599946022034
                ],
                [
                    0.2723919153213501,
                    0.9369592070579529,
                    0.21888373792171478
                ],
                [
                    -0.3927030861377716,
                    -0.09941837191581726,
                    0.9142758250236511
                ]
            ],
            [
                [
                    0.9681273102760315,
                    -0.03989558294415474,
                    -0.24726082384586334
                ],
                [
                    -0.19132430851459503,
                    0.5192974209785461,
                    -0.8329017162322998
                ],
                [
                    0.1616310179233551,
                    0.853661835193634,
                    0.4951130151748657
                ]
            ],
            [
                [
                    0.8228182196617126,
                    -0.444928377866745,
                    -0.35356608033180237
                ],
                [
                    0.5163573026657104,
                    0.8451630473136902,
                    0.13811053335666656
                ],
                [
                    0.23737169802188873,
                    -0.2962062954902649,
                    0.9251575469970703
                ]
            ],
            [
                [
                    0.8175716996192932,
                    -0.48130929470062256,
                    -0.31609785556793213
                ],
                [
                    0.12393349409103394,
                    0.6831614971160889,
                    -0.7196741700172424
                ],
                [
                    0.5623317360877991,
                    0.5492101311683655,
                    0.6181838512420654
                ]
            ]
        ],
        "betas": [
            0.0015085488557815552,
            0.022039562463760376,
            0.016911625862121582,
            0.036763936281204224,
            -0.08269143104553223,
            -0.0728389099240303,
            0.01644521951675415,
            0.034693777561187744,
            -0.027405977249145508,
            0.025536835193634033
        ]
    },
    "pred_cam_t": [
        -0.048211097717285156,
        -0.05418166518211365,
        4.457756996154785
    ],
    "focal_length": [
        5000.0,
        5000.0
    ],
    "pred_keypoints_3d": [
        [
            0.09561139345169067,
            0.006374946795403957,
            0.006166103761643171
        ],
        [
            0.06745883822441101,
            0.0181899331510067,
            -0.01743231527507305
        ],
        [
            0.04924744740128517,
            0.03882361203432083,
            -0.0313282385468483
        ],
        [
            0.04432150349020958,
            0.06546975672245026,
            -0.030858075246214867
        ],
        [
            0.06148204207420349,
            0.09373588114976883,
            -0.021800020709633827
        ],
        [
            0.022959202527999878,
            0.060467805713415146,
            0.003999249543994665
        ],
        [
            0.006637386977672577,
            0.08848213404417038,
            0.009956307709217072
        ],
        [
            0.002453422639518976,
            0.11024916917085648,
            0.01058928482234478
        ],
        [
            0.0036667981185019016,
            0.1348913013935089,
            0.004736056551337242
        ],
        [
            0.03260958939790726,
            0.07527876645326614,
            0.021948473528027534
        ],
        [
            0.03459193930029869,
            0.10565856099128723,
            0.013041939586400986
        ],
        [
            0.04226502403616905,
            0.12643833458423615,
            0.005941729061305523
        ],
        [
            0.0465514212846756,
            0.1442292183637619,
            -0.011650215834379196
        ],
        [
            0.0573849156498909,
            0.07916656136512756,
            0.03141280636191368
        ],
        [
            0.057394903153181076,
            0.10222232341766357,
            0.014098158106207848
        ],
        [
            0.06613291800022125,
            0.1219637393951416,
            0.001931140199303627
        ],
        [
            0.0687781274318695,
            0.13759496808052063,
            -0.017370514571666718
        ],
        [
            0.07893366366624832,
            0.0813608393073082,
            0.03419255465269089
        ],
        [
            0.08097679913043976,
            0.0964299812912941,
            0.019582599401474
        ],
        [
            0.08697369694709778,
            0.10891768336296082,
            0.006690263748168945
        ],
        [
            0.08873459696769714,
            0.12285549938678741,
            -0.00978827103972435
        ]
    ],
    "pred_vertices": [
        [
            0.056531872600317,
            0.04172962158918381,
            -0.008429404348134995
        ],
        [
            0.06521126627922058,
            0.03532004356384277,
            -0.010398577898740768
        ],
        [
            0.05886591225862503,
            0.040193863213062286,
            -0.01519232802093029
        ],
        [
            0.049699749797582626,
            0.04424673318862915,
            -0.013531206175684929
        ],
        [
            0.07510121911764145,
            0.03251299262046814,
            -0.026982607319951057
        ],
        [
            0.07369867712259293,
            0.02334832400083542,
            -0.035661883652210236
        ],
        [
            0.06280474364757538,
            0.035648226737976074,
            -0.039499927312135696
        ],
        [
            0.06729727983474731,
            0.04114099591970444,
            -0.03129973262548447
        ],
        [
            0.04373326897621155,
            0.04553142935037613,
            -0.015814928337931633
        ],
        [
            0.05400090664625168,
            0.04422806203365326,
            -0.01891225390136242
        ],
        [
            0.041226424276828766,
            0.043092429637908936,
            -0.014690556563436985
        ],
        [
            0.029001887887716293,
            0.042040593922138214,
            -0.008632323704659939
        ],
        [
            0.03387578949332237,
            0.04633558914065361,
            -0.011481373570859432
        ],
        [
            0.022524487227201462,
            0.045042842626571655,
            -0.003973699174821377
        ],
        [
            0.02915934845805168,
            0.03240307420492172,
            -0.003917820751667023
        ],
        [
            0.021910104900598526,
            0.04158393666148186,
            0.004808392841368914
        ],
        [
            0.04445771872997284,
            0.031016211956739426,
            0.020427584648132324
        ],
        [
            0.05506721884012222,
            0.034770894795656204,
            0.02825222909450531
        ],
        [
            0.044356122612953186,
            0.048323675990104675,
            0.03221822902560234
        ],
        [
            0.03522409871220589,
            0.04343363270163536,
            0.02285757102072239
        ],
        [
            0.06427417695522308,
            0.05182435363531113,
            0.038109809160232544
        ],
        [
            0.05279048532247543,
            0.05061105266213417,
            0.03506603464484215
        ],
        [
            0.06306548416614532,
            0.03637313470244408,
            0.03214622288942337
        ],
        [
            0.07285618782043457,
            0.03813931345939636,
            0.03466414660215378
        ],
        [
            0.07004694640636444,
            0.04113288223743439,
            -0.00020614732056856155
        ],
        [
            0.07820214331150055,
            0.03420161083340645,
            -0.0023804698139429092
        ],
        [
            0.07292403280735016,
            0.03317047655582428,
            -0.0046335868537425995
        ],
        [
            0.06532635539770126,
            0.040144793689250946,
            -0.0030319225043058395
        ],
        [
            0.03973424434661865,
            0.0431714691221714,
            -0.022064365446567535
        ],
        [
            0.03654874116182327,
            0.030190985649824142,
            -0.018619652837514877
        ],
        [
            0.03679686784744263,
            0.03656195104122162,
            -0.014912104234099388
        ],
        [
            0.043596941977739334,
            0.04624169319868088,
            -0.020444504916667938
        ],
        [
            0.10487329959869385,
            0.024027761071920395,
            -0.007657986134290695
        ],
        [
            0.10963036119937897,
            0.011429138481616974,
            -0.006112232804298401
        ],
        [
            0.10522829741239548,
            0.008705206215381622,
            -0.008979208767414093
        ],
        [
            0.10161211341619492,
            0.020570959895849228,
            -0.009347731247544289
        ],
        [
            0.08849897235631943,
            0.008194010704755783,
            -0.024523988366127014
        ],
        [
            0.0926056057214737,
            -0.00025156140327453613,
            -0.01867046020925045
        ],
        [
            0.08662782609462738,
            -0.012379135936498642,
            -0.017949583008885384
        ],
        [
            0.07966287434101105,
            -0.00539417564868927,
            -0.022548075765371323
        ],
        [
            0.08148467540740967,
            0.016482170671224594,
            -0.03078624978661537
        ],
        [
            0.07433666288852692,
            0.004426524043083191,
            -0.03146576136350632
        ],
        [
            0.06619574129581451,
            0.014674026519060135,
            -0.038003817200660706
        ],
        [
            0.05544305220246315,
            0.030705798417329788,
            -0.042878903448581696
        ],
        [
            0.1180725246667862,
            0.01570706069469452,
            0.002544516697525978
        ],
        [
            0.116129070520401,
            0.02577074244618416,
            0.002200966700911522
        ],
        [
            0.006557570304721594,
            0.09470322728157043,
            0.0001840449112933129
        ],
        [
            0.011150406673550606,
            0.09678004682064056,
            0.003313608467578888
        ],
        [
            0.012961002066731453,
            0.09186353534460068,
            0.0015247724950313568
        ],
        [
            0.00792541354894638,
            0.09043718129396439,
            -0.00084352632984519
        ],
        [
            0.11677674949169159,
            0.019554302096366882,
            0.022402100265026093
        ],
        [
            0.1118307039141655,
            0.01507502794265747,
            0.029961775988340378
        ],
        [
            0.11726976931095123,
            0.010614849627017975,
            0.028087344020605087
        ],
        [
            0.120796337723732,
            0.013649195432662964,
            0.019905971363186836
        ],
        [
            0.11143143475055695,
            0.027334123849868774,
            0.02567778341472149
        ],
        [
            0.10411562770605087,
            0.021362967789173126,
            0.03187461197376251
        ],
        [
            -0.002575731836259365,
            0.09146377444267273,
            0.008303162641823292
        ],
        [
            -0.0013911044225096703,
            0.09239647537469864,
            0.0033611799590289593
        ],
        [
            -0.0004295269027352333,
            0.0870211124420166,
            0.0037337406538426876
        ],
        [
            -0.000647340901196003,
            0.085645392537117,
            0.00900346226990223
        ],
        [
            0.04087083041667938,
            0.048202939331531525,
            -0.01136473286896944
        ],
        [
            0.04930457845330238,
            0.0484035387635231,
            -0.007503450848162174
        ],
        [
            0.028998427093029022,
            0.06132291257381439,
            -0.006157232448458672
        ],
        [
            0.03767286241054535,
            0.05594733729958534,
            -0.005487618036568165
        ],
        [
            0.032679639756679535,
            0.05208056420087814,
            -0.008933903649449348
        ],
        [
            0.025384778156876564,
            0.05627766251564026,
            -0.007960674352943897
        ],
        [
            0.05779021233320236,
            0.05879342555999756,
            0.0070826830342411995
        ],
        [
            0.06502316892147064,
            0.05004170536994934,
            0.0045635392889380455
        ],
        [
            0.05913913995027542,
            0.04929012060165405,
            0.001570485532283783
        ],
        [
            0.05028703808784485,
            0.05866982787847519,
            0.0026995232328772545
        ],
        [
            0.07747119665145874,
            0.054783452302217484,
            0.009356731548905373
        ],
        [
            0.0692107230424881,
            0.06265293061733246,
            0.011907998472452164
        ],
        [
            0.07729592174291611,
            0.06420779228210449,
            0.014334622770547867
        ],
        [
            0.08204390108585358,
            0.058943651616573334,
            0.011277183890342712
        ],
        [
            0.05251456797122955,
            0.07383131235837936,
            0.014878259971737862
        ],
        [
            0.04825311154127121,
            0.07714333385229111,
            0.01620514690876007
        ],
        [
            0.051437556743621826,
            0.07872110605239868,
            0.016581637784838676
        ],
        [
            0.05591873079538345,
            0.07444079965353012,
            0.016184639185667038
        ],
        [
            0.1219857856631279,
            0.005450285971164703,
            0.026828192174434662
        ],
        [
            0.12384901195764542,
            0.007495485246181488,
            0.017395101487636566
        ],
        [
            0.08540095388889313,
            0.057314012199640274,
            0.041117992252111435
        ],
        [
            0.09546823799610138,
            0.058113694190979004,
            0.03623836860060692
        ],
        [
            0.09016066044569016,
            0.06986207515001297,
            0.0388493575155735
        ],
        [
            0.08013741672039032,
            0.06616233289241791,
            0.04452015459537506
        ],
        [
            0.10305403172969818,
            0.010330967605113983,
            0.032806362956762314
        ],
        [
            0.10967672616243362,
            0.006147943437099457,
            0.032935433089733124
        ],
        [
            -0.0004874616861343384,
            0.09190025925636292,
            0.014182094484567642
        ],
        [
            0.0021784473210573196,
            0.08633952587842941,
            0.014318760484457016
        ],
        [
            0.05898062884807587,
            0.0055950842797756195,
            -0.030838338658213615
        ],
        [
            0.04792043939232826,
            0.025008320808410645,
            -0.03957280144095421
        ],
        [
            0.06838966906070709,
            -0.0057638175785541534,
            -0.021442627534270287
        ],
        [
            0.07473048567771912,
            -0.012555837631225586,
            -0.013740869238972664
        ],
        [
            0.08021901547908783,
            -0.019108813256025314,
            -0.009979349561035633
        ],
        [
            0.0395246222615242,
            0.06115907430648804,
            -0.0017388919368386269
        ],
        [
            0.05726233497262001,
            0.046133968979120255,
            -0.003123689442873001
        ],
        [
            0.07447725534439087,
            0.04251675307750702,
            0.0019351579248905182
        ],
        [
            0.09947583079338074,
            0.05730237066745758,
            0.012322645634412766
        ],
        [
            0.10571934282779694,
            0.049598485231399536,
            0.009313706308603287
        ],
        [
            0.09605273604393005,
            0.04916170611977577,
            0.0046088192611932755
        ],
        [
            0.09237484633922577,
            0.05572892352938652,
            0.00874527357518673
        ],
        [
            0.10020387172698975,
            0.06256825476884842,
            0.028402380645275116
        ],
        [
            0.09783650934696198,
            0.06482391059398651,
            0.021020464599132538
        ],
        [
            0.09316281229257584,
            0.07066009938716888,
            0.023420240730047226
        ],
        [
            0.0948411226272583,
            0.07069237530231476,
            0.03104155883193016
        ],
        [
            0.03630641847848892,
            0.04107695072889328,
            -0.028088577091693878
        ],
        [
            0.03703354299068451,
            0.024877354502677917,
            -0.02334730513393879
        ],
        [
            0.1188894659280777,
            0.022775888442993164,
            0.012533290311694145
        ],
        [
            0.1207275390625,
            0.015629388391971588,
            0.00993121974170208
        ],
        [
            0.12367920577526093,
            0.007625401020050049,
            0.009607939049601555
        ],
        [
            0.09095430374145508,
            0.028650198131799698,
            -0.006339412182569504
        ],
        [
            0.09939393401145935,
            0.018198292702436447,
            -0.010702032595872879
        ],
        [
            0.09594936668872833,
            0.017195891588926315,
            -0.013307182118296623
        ],
        [
            0.08789331465959549,
            0.027052611112594604,
            -0.006761651486158371
        ],
        [
            0.0755486786365509,
            0.031131738796830177,
            -0.0140621867030859
        ],
        [
            0.08408766239881516,
            0.02417677640914917,
            -0.021520772948861122
        ],
        [
            0.06920969486236572,
            0.0387209877371788,
            -0.018348755314946175
        ],
        [
            0.10028283298015594,
            0.003689408302307129,
            -0.01319465134292841
        ],
        [
            0.11000707745552063,
            -0.0003711804747581482,
            -0.009917103685438633
        ],
        [
            0.10349326580762863,
            -0.0051704347133636475,
            -0.013653130270540714
        ],
        [
            0.1166457012295723,
            0.00345592200756073,
            -0.003794262185692787
        ],
        [
            0.12168297916650772,
            0.0064774975180625916,
            0.0029146596789360046
        ],
        [
            0.11515860259532928,
            -5.863606929779053e-05,
            0.03492910787463188
        ],
        [
            0.09654809534549713,
            -0.009337276220321655,
            -0.01570468582212925
        ],
        [
            0.0615115612745285,
            0.046466000378131866,
            -0.033482857048511505
        ],
        [
            0.057599082589149475,
            0.05202297866344452,
            -0.033991798758506775
        ],
        [
            0.05681459233164787,
            0.05176987498998642,
            -0.026219021528959274
        ],
        [
            0.05964052677154541,
            0.047143541276454926,
            -0.025167908519506454
        ],
        [
            0.015952521935105324,
            0.05090386047959328,
            0.00041548721492290497
        ],
        [
            0.01985037699341774,
            0.05389251559972763,
            -0.005872550420463085
        ],
        [
            0.027056630700826645,
            0.04755700007081032,
            -0.00908138882368803
        ],
        [
            0.10269182920455933,
            0.03457151725888252,
            -0.003258589655160904
        ],
        [
            0.11247128248214722,
            0.03565514087677002,
            0.004756739363074303
        ],
        [
            0.030649445950984955,
            0.0662304237484932,
            -0.001845451071858406
        ],
        [
            0.0009738784283399582,
            0.08071436733007431,
            0.010255565866827965
        ],
        [
            0.0009906161576509476,
            0.08151167631149292,
            0.0043728952296078205
        ],
        [
            0.008358392864465714,
            0.06513337045907974,
            0.0027334922924637794
        ],
        [
            0.007665660697966814,
            0.06517333537340164,
            0.009471356868743896
        ],
        [
            0.027006689459085464,
            0.07225335389375687,
            0.00690581975504756
        ],
        [
            0.027418045327067375,
            0.07001073658466339,
            0.0007348679937422276
        ],
        [
            0.025909356772899628,
            0.07207850366830826,
            0.002853615442290902
        ],
        [
            0.02637845277786255,
            0.07527276873588562,
            0.008481199853122234
        ],
        [
            0.060631684958934784,
            0.07853985577821732,
            0.01859850436449051
        ],
        [
            0.0643274337053299,
            0.07482080161571503,
            0.018189018592238426
        ],
        [
            0.027957238256931305,
            0.057603273540735245,
            0.022617504000663757
        ],
        [
            0.019635582342743874,
            0.04834817349910736,
            0.016908125951886177
        ],
        [
            0.027094312012195587,
            0.03966396301984787,
            0.014604919590055943
        ],
        [
            0.06456214934587479,
            0.0602094866335392,
            0.00994662195444107
        ],
        [
            0.05870123580098152,
            0.06820704787969589,
            0.012537687085568905
        ],
        [
            0.06231223791837692,
            0.06915450096130371,
            0.014291690662503242
        ],
        [
            0.03927206993103027,
            0.06480923295021057,
            0.0013860585168004036
        ],
        [
            0.03290943056344986,
            0.06921583414077759,
            0.002733672969043255
        ],
        [
            0.0376187302172184,
            0.06851843744516373,
            0.0052940635941922665
        ],
        [
            0.044018082320690155,
            0.06493933498859406,
            0.004408477805554867
        ],
        [
            0.10158708691596985,
            0.04666578769683838,
            0.0335962250828743
        ],
        [
            0.10712605714797974,
            0.05235813930630684,
            0.024842554703354836
        ],
        [
            0.001976585015654564,
            0.09335289895534515,
            0.00032596103847026825
        ],
        [
            0.003003873862326145,
            0.08848804235458374,
            1.6619451344013214e-05
        ],
        [
            0.07150954008102417,
            0.05163613706827164,
            0.007346101105213165
        ],
        [
            0.0368574894964695,
            0.029462020844221115,
            0.0114826001226902
        ],
        [
            0.07932763546705246,
            0.0441955029964447,
            0.003892984241247177
        ],
        [
            0.06407076865434647,
            0.07391785085201263,
            0.037413205951452255
        ],
        [
            0.06885397434234619,
            0.0785307064652443,
            0.031229380518198013
        ],
        [
            0.06662848591804504,
            0.0818023756146431,
            0.0292496420443058
        ],
        [
            0.062325917184352875,
            0.08115561306476593,
            0.03360490873456001
        ],
        [
            0.019227314740419388,
            0.08817082643508911,
            0.011675536632537842
        ],
        [
            0.018563201650977135,
            0.08898460865020752,
            0.005949887912720442
        ],
        [
            0.016633838415145874,
            0.0930522009730339,
            0.006478347349911928
        ],
        [
            0.01688333787024021,
            0.09244780242443085,
            0.012160896323621273
        ],
        [
            0.024672845378518105,
            0.06695369631052017,
            -0.003422390203922987
        ],
        [
            0.02047976665198803,
            0.06255964934825897,
            -0.0058473558165133
        ],
        [
            0.017823493108153343,
            0.06876488029956818,
            -0.0038127624429762363
        ],
        [
            0.022378530353307724,
            0.07114864885807037,
            -0.0008189482614398003
        ],
        [
            0.014952964149415493,
            0.06027789041399956,
            -0.003169253934174776
        ],
        [
            0.012273665517568588,
            0.0662505030632019,
            -0.0020926580764353275
        ],
        [
            0.015901152044534683,
            0.08580873906612396,
            0.016730954870581627
        ],
        [
            0.009295054711401463,
            0.08262649178504944,
            0.018574070185422897
        ],
        [
            0.016628138720989227,
            0.06999965757131577,
            0.018338609486818314
        ],
        [
            0.022008905187249184,
            0.07495370507240295,
            0.014894792810082436
        ],
        [
            0.08048371970653534,
            0.02487778291106224,
            0.032971933484077454
        ],
        [
            0.09063046425580978,
            0.02899881824851036,
            0.0350257083773613
        ],
        [
            0.08327743411064148,
            0.042319200932979584,
            0.037064969539642334
        ],
        [
            0.07604297995567322,
            0.055629026144742966,
            0.04043035954236984
        ],
        [
            0.06869444996118546,
            0.06784098595380783,
            0.04187733680009842
        ],
        [
            0.0571909174323082,
            0.06336590647697449,
            0.04179493337869644
        ],
        [
            0.09134761989116669,
            0.044104233384132385,
            0.03757750615477562
        ],
        [
            0.028095994144678116,
            0.06953220814466476,
            0.013682717457413673
        ],
        [
            0.021859880536794662,
            0.062096282839775085,
            0.017846357077360153
        ],
        [
            0.02670368365943432,
            0.06560689210891724,
            0.018511705100536346
        ],
        [
            0.08572283387184143,
            0.04777282848954201,
            0.005391089245676994
        ],
        [
            0.003964936826378107,
            0.08281731605529785,
            0.00029623485170304775
        ],
        [
            0.07462290674448013,
            -0.013132676482200623,
            0.010720422491431236
        ],
        [
            0.08163826912641525,
            -0.008858561515808105,
            0.02158883772790432
        ],
        [
            0.07541859894990921,
            -0.002758316695690155,
            0.020286787301301956
        ],
        [
            0.06777306646108627,
            -0.007058627903461456,
            0.007192468270659447
        ],
        [
            0.014712825417518616,
            0.0874859169125557,
            0.000453802989795804
        ],
        [
            0.009311487898230553,
            0.08529600501060486,
            -0.001935607404448092
        ],
        [
            0.0698532834649086,
            0.07770220935344696,
            0.019826918840408325
        ],
        [
            0.06574837118387222,
            0.08081475645303726,
            0.02040763944387436
        ],
        [
            0.06791996210813522,
            0.08229371905326843,
            0.022879011929035187
        ],
        [
            0.07303983718156815,
            0.08117640763521194,
            0.021460792049765587
        ],
        [
            0.0965394377708435,
            0.030099574476480484,
            0.03497055172920227
        ],
        [
            0.08862892538309097,
            0.078057661652565,
            0.03570244088768959
        ],
        [
            0.07869936525821686,
            0.07479281723499298,
            0.0417642705142498
        ],
        [
            0.09656263887882233,
            0.017330743372440338,
            0.03325645998120308
        ],
        [
            0.08768052607774734,
            0.013421997427940369,
            0.03207342326641083
        ],
        [
            0.09330795705318451,
            0.005434907972812653,
            0.03177913650870323
        ],
        [
            0.04388875514268875,
            0.06514837592840195,
            0.03449871763586998
        ],
        [
            0.0721324160695076,
            0.023818019777536392,
            0.030778907239437103
        ],
        [
            0.0805991142988205,
            0.01198665052652359,
            0.029484480619430542
        ],
        [
            0.08701832592487335,
            0.0023825764656066895,
            0.02899063006043434
        ],
        [
            0.09190884232521057,
            -0.004367336630821228,
            0.029563117772340775
        ],
        [
            0.09835995733737946,
            -0.0002875104546546936,
            0.03240463137626648
        ],
        [
            0.0045176055282354355,
            0.0815477967262268,
            0.015424010343849659
        ],
        [
            0.0071388110518455505,
            0.08817072957754135,
            0.018162310123443604
        ],
        [
            0.10387621819972992,
            -0.007145240902900696,
            0.034666575491428375
        ],
        [
            0.0965559184551239,
            -0.011287599802017212,
            0.030756521970033646
        ],
        [
            0.0727439671754837,
            0.009700112044811249,
            0.025206275284290314
        ],
        [
            0.06368530541658401,
            0.0071287602186203,
            0.018329843878746033
        ],
        [
            0.06494630128145218,
            0.021317854523658752,
            0.02642747387290001
        ],
        [
            0.05530783534049988,
            0.019676823168992996,
            0.020078450441360474
        ],
        [
            0.0351199209690094,
            0.05802452564239502,
            0.03444412350654602
        ],
        [
            0.004662573337554932,
            0.10646602511405945,
            0.018731340765953064
        ],
        [
            0.00949610210955143,
            0.09607046842575073,
            0.018287314102053642
        ],
        [
            0.013584641739726067,
            0.09736962616443634,
            0.014311962760984898
        ],
        [
            0.008707837201654911,
            0.10726828128099442,
            0.01738126575946808
        ],
        [
            0.013512341305613518,
            0.09056786447763443,
            0.016657985746860504
        ],
        [
            0.004324773326516151,
            0.09363088011741638,
            0.01832360029220581
        ],
        [
            0.04621823504567146,
            0.01737416535615921,
            0.007884427905082703
        ],
        [
            0.03271058201789856,
            0.07225272059440613,
            0.007019826676696539
        ],
        [
            0.05523042008280754,
            0.004087075591087341,
            0.001561911078169942
        ],
        [
            0.03568952530622482,
            0.020965080708265305,
            -0.005836156662553549
        ],
        [
            0.04326338693499565,
            0.012633442878723145,
            -0.012774884700775146
        ],
        [
            0.0644657090306282,
            -0.008785512298345566,
            -0.006912314333021641
        ],
        [
            0.053752265870571136,
            0.0011984556913375854,
            -0.01812562346458435
        ],
        [
            0.07768155634403229,
            -0.02035580575466156,
            0.0008543055737391114
        ],
        [
            0.0714004710316658,
            -0.014171697199344635,
            -0.0013282722793519497
        ],
        [
            0.044562727212905884,
            0.014790717512369156,
            -0.02843295969069004
