{
    "pred_cam": [
        6.895647048950195,
        0.05216711759567261,
        -0.053685616701841354
    ],
    "pred_mano_params": {
        "global_orient": [
            [
                [
                    0.6798833608627319,
                    -0.2919957935810089,
                    -0.6726790070533752
                ],
                [
                    -0.6967792510986328,
                    -0.5431808233261108,
                    -0.4684583246707916
                ],
                [
                    -0.2285984605550766,
                    0.7872058153152466,
                    -0.5727562308311462
                ]
            ]
        ],
        "hand_pose": [
            [
                [
                    0.6607754826545715,
                    -0.6748852729797363,
                    -0.32848989963531494
                ],
                [
                    0.6518240571022034,
                    0.7329555153846741,
                    -0.1946835070848465
                ],
                [
                    0.3721575140953064,
                    -0.08547551184892654,
                    0.9242255091667175
                ]
            ],
            [
                [
                    0.9754536151885986,
                    -0.20949847996234894,
                    -0.0678277388215065
                ],
                [
                    0.16694578528404236,
                    0.9044310450553894,
                    -0.3925984501838684
                ],
                [
                    0.14359429478645325,
                    0.3716380298137665,
                    0.9172053933143616
                ]
            ],
            [
                [
                    0.9216732382774353,
                    -0.3465161919593811,
                    0.17448487877845764
                ],
                [
                    0.3640395402908325,
                    0.9279294013977051,
                    -0.08013815432786942
                ],
                [
                    -0.1341404914855957,
                    0.13738058507442474,
                    0.9813932776451111
                ]
            ],
            [
                [
                    0.3336871564388275,
                    -0.9050807356834412,
                    -0.2635941207408905
                ],
                [
                    0.9287422895431519,
                    0.3635506331920624,
                    -0.07258601486682892
                ],
                [
                    0.16152597963809967,
                    -0.22058998048305511,
                    0.9618989825248718
                ]
            ],
            [
                [
                    0.9758620858192444,
                    -0.09131041169166565,
                    -0.19838258624076843
                ],
                [
                    0.11995159834623337,
                    0.9832109808921814,
                    0.13750557601451874
                ],
                [
                    0.18249623477458954,
                    -0.1579827517271042,
                    0.9704311490058899
                ]
            ],
            [
                [
                    0.8055586814880371,
                    -0.47000887989997864,
                    0.36078640818595886
                ],
                [
                    0.47217491269111633,
                    0.8770689964294434,
                    0.08832278847694397
                ],
                [
                    -0.35794705152511597,
                    0.09920506924390793,
                    0.9284569621086121
                ]
            ],
            [
                [
                    0.259988009929657,
                    -0.9652397036552429,
                    -0.026806091889739037
                ],
                [
                    0.7680239677429199,
                    0.18988211452960968,
                    0.6116241216659546
                ],
                [
                    -0.5852738618850708,
                    -0.17960263788700104,
                    0.7906942963600159
                ]
            ],
            [
                [
                    0.972587525844574,
                    -0.199331134557724,
                    -0.11975201219320297
                ],
                [
                    0.21387775242328644,
                    0.9689282774925232,
                    0.1242346465587616
                ],
                [
                    0.09126729518175125,
                    -0.14644137024879456,
                    0.9850000739097595
                ]
            ],
            [
                [
                    0.9829824566841125,
                    0.009918736293911934,
                    0.18343164026737213
                ],
                [
                    -0.08589815348386765,
                    0.907468318939209,
                    0.41124534606933594
                ],
                [
                    -0.16237935423851013,
                    -0.42000338435173035,
                    0.892877459526062
                ]
            ],
            [
                [
                    0.23350867629051208,
                    -0.9720397591590881,
                    -0.02474524825811386
                ],
                [
                    0.963947057723999,
                    0.22807519137859344,
                    0.13706852495670319
                ],
                [
                    -0.1275922954082489,
                    -0.055859796702861786,
                    0.9902523756027222
                ]
            ],
            [
                [
                    0.9800660610198975,
                    -0.05991572141647339,
                    -0.1894219070672989
                ],
                [
                    0.10774240642786026,
                    0.9613493084907532,
                    0.2533751130104065
                ],
                [
                    0.1669194996356964,
                    -0.26873311400413513,
                    0.948641300201416
                ]
            ],
            [
                [
                    0.8235114812850952,
                    -0.4267268180847168,
                    0.373808890581131
                ],
                [
                    0.34847232699394226,
                    0.9004661440849304,
                    0.26024556159973145
                ],
                [
                    -0.4476560056209564,
                    -0.0840531587600708,
                    0.8902466893196106
                ]
            ],
            [
                [
                    0.9829093813896179,
                    0.037786442786455154,
                    -0.18017062544822693
                ],
                [
                    -0.16683122515678406,
                    0.596585750579834,
                    -0.7850176692008972
                ],
                [
                    0.07782423496246338,
                    0.8016592264175415,
                    0.5926936864852905
                ]
            ],
            [
                [
                    0.7522290349006653,
                    -0.5398736000061035,
                    -0.37774065136909485
                ],
                [
                    0.5944979190826416,
                    0.8033004403114319,
                    0.03578614071011543
                ],
                [
                    0.28411924839019775,
                    -0.2514854073524475,
                    0.9252196550369263
                ]
            ],
            [
                [
                    0.7386785745620728,
                    -0.6103761196136475,
                    -0.28599825501441956
                ],
                [
                    0.135578453540802,
                    0.5501613616943359,
                    -0.8239787817001343
                ],
                [
                    0.6602821350097656,
                    0.5698802471160889,
                    0.48914626240730286
                ]
            ]
        ],
        "betas": [
            0.05922824144363403,
            0.017933279275894165,
            0.031713128089904785,
            0.027658432722091675,
            -0.08964836597442627,
            -0.09395738691091537,
            -0.008676260709762573,
            0.019650474190711975,
            -0.05512794852256775,
            0.050792574882507324
        ]
    },
    "pred_cam_t": [
        -0.05216711759567261,
        -0.053685616701841354,
        5.6648054122924805
    ],
    "focal_length": [
        5000.0,
        5000.0
    ],
    "pred_keypoints_3d": [
        [
            0.09532640874385834,
            0.006356700323522091,
            0.006151465233415365
        ],
        [
            0.0662495493888855,
            0.019491255283355713,
            -0.015330502763390541
        ],
        [
            0.0456969179213047,
            0.03769882023334503,
            -0.02915291115641594
        ],
        [
            0.04208799824118614,
            0.06448988616466522,
            -0.029276009649038315
        ],
        [
            0.06567197293043137,
            0.08730323612689972,
            -0.021047931164503098
        ],
        [
            0.023334912955760956,
            0.060693807899951935,
            0.01032748818397522
        ],
        [
            0.018790699541568756,
            0.09310641884803772,
            0.007252137642353773
        ],
        [
            0.024485737085342407,
            0.11396057158708572,
            0.0025821812450885773
        ],
        [
            0.0347590334713459,
            0.13417015969753265,
            -0.008259618654847145
        ],
        [
            0.03391144424676895,
            0.07446650415658951,
            0.028462892398238182
        ],
        [
            0.0420345738530159,
            0.10202205181121826,
            0.015185126103460789
        ],
        [
            0.0541105642914772,
            0.11879278719425201,
            0.0046235863119363785
        ],
        [
            0.06156918779015541,
            0.1306849718093872,
            -0.016392230987548828
        ],
        [
            0.05905333161354065,
            0.07773533463478088,
            0.03685707226395607
        ],
        [
            0.06233891844749451,
            0.09925325959920883,
            0.01809445396065712
        ],
        [
            0.07502247393131256,
            0.11474918574094772,
            0.0036064842715859413
        ],
        [
            0.08050933480262756,
            0.12398168444633484,
            -0.018684573471546173
        ],
        [
            0.08064338564872742,
            0.07966824620962143,
            0.03869247063994408
        ],
        [
            0.08376037329435349,
            0.09375470876693726,
            0.02339984104037285
        ],
        [
            0.09038207679986954,
            0.1026795357465744,
            0.008150549605488777
        ],
        [
            0.09377288073301315,
            0.11037766933441162,
            -0.011607322841882706
        ]
    ],
    "pred_vertices": [
        [
            0.055677883327007294,
            0.04265046864748001,
            -0.004955170676112175
        ],
        [
            0.06388650834560394,
            0.03665976971387863,
            -0.008017400279641151
        ],
        [
            0.05671622231602669,
            0.04122604429721832,
            -0.013010971248149872
        ],
        [
            0.048263516277074814,
            0.045262716710567474,
            -0.00996081531047821
        ],
        [
            0.07228615880012512,
            0.03313683345913887,
            -0.025885241106152534
        ],
        [
            0.070606529712677,
            0.02358098328113556,
            -0.03441059961915016
        ],
        [
            0.058836955577135086,
            0.035105541348457336,
            -0.0382084921002388
        ],
        [
            0.06381002813577652,
            0.04096017777919769,
            -0.03026391565799713
        ],
        [
            0.04185084253549576,
            0.046153474599123,
            -0.012328490614891052
        ],
        [
            0.051361843943595886,
            0.044694676995277405,
            -0.016749201342463493
        ],
        [
            0.03933435305953026,
            0.043085791170597076,
            -0.011560043320059776
        ],
        [
            0.02790052257478237,
            0.042451485991477966,
            -0.003920302726328373
        ],
        [
            0.032839566469192505,
            0.04699772596359253,
            -0.0066696107387542725
        ],
        [
            0.021824460476636887,
            0.04550350457429886,
            0.0016359207220375538
        ],
        [
            0.028327660635113716,
            0.03256450593471527,
            0.0005853960756212473
        ],
        [
            0.020916473120450974,
            0.042162634432315826,
            0.010660486295819283
        ],
        [
            0.04515773057937622,
            0.030524536967277527,
            0.024297501891851425
        ],
        [
            0.05615470930933952,
            0.03380260616540909,
            0.0316786989569664
        ],
        [
            0.04546486213803291,
            0.04746812582015991,
            0.03724433854222298
        ],
        [
            0.03573472052812576,
            0.04315664619207382,
            0.02820776402950287
        ],
        [
            0.0658152848482132,
            0.05041436105966568,
            0.0420900359749794
        ],
        [
            0.054164107888936996,
            0.049471765756607056,
            0.039547208696603775
        ],
        [
            0.0643458217382431,
            0.03515099361538887,
            0.03520119935274124
        ],
        [
            0.07424020022153854,
            0.03673003986477852,
            0.037326909601688385
        ],
        [
            0.06981028616428375,
            0.04149597883224487,
            0.002808723598718643
        ],
        [
            0.07778297364711761,
            0.03487534448504448,
            -9.414181113243103e-05
        ],
        [
            0.07231533527374268,
            0.03424203395843506,
            -0.0022174660116434097
        ],
        [
            0.06491507589817047,
            0.04076549410820007,
            0.00014248676598072052
        ],
        [
            0.037362612783908844,
            0.04274258762598038,
            -0.019576219841837883
        ],
        [
            0.03458783030509949,
            0.030156210064888,
            -0.015378997661173344
        ],
        [
            0.03502553701400757,
            0.03653733804821968,
            -0.011600044555962086
        ],
        [
            0.04127214848995209,
            0.04565058648586273,
            -0.018238818272948265
        ],
        [
            0.10398120433092117,
            0.02466784045100212,
            -0.007109778001904488
        ],
        [
            0.10870198905467987,
            0.012019500136375427,
            -0.006475774571299553
        ],
        [
            0.10418185591697693,
            0.009499900043010712,
            -0.009253200143575668
        ],
        [
            0.10065773129463196,
            0.021407563239336014,
            -0.00876396894454956
        ],
        [
            0.08654701709747314,
            0.009520955383777618,
            -0.0239137914031744
        ],
        [
            0.091106116771698,
            0.0010627061128616333,
            -0.018591390922665596
        ],
        [
            0.0851181223988533,
            -0.01125326007604599,
            -0.01817605271935463
        ],
        [
            0.07789671421051025,
            -0.0044058747589588165,
            -0.021907230839133263
        ],
        [
            0.07899001240730286,
            0.017471984028816223,
            -0.02977413684129715
        ],
        [
            0.07200708985328674,
            0.005160529166460037,
            -0.0302114374935627
        ],
        [
            0.06312184035778046,
            0.014601040631532669,
            -0.03627239540219307
        ],
        [
            0.05131624639034271,
            0.030000217258930206,
            -0.041331950575113297
        ],
        [
            0.11754265427589417,
            0.015774324536323547,
            0.0019519049674272537
        ],
        [
            0.11567258834838867,
            0.02581162005662918,
            0.0022297240793704987
        ],
        [
            0.02298649773001671,
            0.0959630161523819,
            -0.004017925821244717
        ],
        [
            0.02767091616988182,
            0.09703017771244049,
            -0.0005068648606538773
        ],
        [
            0.027572128921747208,
            0.09078743308782578,
            -0.0011968277394771576
        ],
        [
            0.022636912763118744,
            0.09085319936275482,
            -0.004035439342260361
        ],
        [
            0.11725238710641861,
            0.018550552427768707,
            0.02194511517882347
        ],
        [
            0.11266447603702545,
            0.013714157044887543,
            0.029452038928866386
        ],
        [
            0.11795558035373688,
            0.009336777031421661,
            0.027107762172818184
        ],
        [
            0.12109073996543884,
            0.012777432799339294,
            0.018970167264342308
        ],
        [
            0.11215128004550934,
            0.02615664154291153,
            0.025874415412545204
        ],
        [
            0.10512547194957733,
            0.01992826908826828,
            0.03205065056681633
        ],
        [
            0.01260419376194477,
            0.09760455787181854,
            0.002818234032019973
        ],
        [
            0.014496566727757454,
            0.09703950583934784,
            -0.0019484830554574728
        ],
        [
            0.013345934450626373,
            0.09154502302408218,
            -0.00031221634708344936
        ],
        [
            0.01221533864736557,
            0.09129026532173157,
            0.005070848856121302
        ],
        [
            0.040048420429229736,
            0.04901862144470215,
            -0.006614996120333672
        ],
        [
            0.048764266073703766,
            0.04912906885147095,
            -0.0030933674424886703
        ],
        [
            0.030167821794748306,
            0.0599786676466465,
            -0.00023735221475362778
        ],
        [
            0.03751082718372345,
            0.05619649961590767,
            0.00013708136975765228
        ],
        [
            0.03235267847776413,
            0.0523764006793499,
            -0.0031226836144924164
        ],
        [
            0.02627471834421158,
            0.05579819530248642,
            -0.0020723212510347366
        ],
        [
            0.058155886828899384,
            0.05862138420343399,
            0.011631461791694164
        ],
        [
            0.06514011323451996,
            0.050065480172634125,
            0.008290480822324753
        ],
        [
            0.05911937355995178,
            0.04949750378727913,
            0.005570708774030209
        ],
        [
            0.05050105229020119,
            0.05870872735977173,
            0.007649620063602924
        ],
        [
            0.0778035968542099,
            0.05447796732187271,
            0.012703979387879372
        ],
        [
            0.06978335976600647,
            0.06214689463376999,
            0.016080116853117943
        ],
        [
            0.07797777652740479,
            0.06349211931228638,
            0.018215298652648926
        ],
        [
            0.08249492943286896,
            0.05846717953681946,
            0.01462830975651741
        ],
        [
            0.05323738232254982,
            0.07287873327732086,
            0.02061927504837513
        ],
        [
            0.04931872338056564,
            0.07515949010848999,
            0.02227986976504326
        ],
        [
            0.052802085876464844,
            0.07710597664117813,
            0.02212950587272644
        ],
        [
            0.05679944157600403,
            0.07349878549575806,
            0.021532166749238968
        ],
        [
            0.12256350368261337,
            0.004235118627548218,
            0.02536601945757866
        ],
        [
            0.1239674985408783,
            0.0067595019936561584,
            0.01600758172571659
        ],
        [
            0.08717453479766846,
            0.05549454689025879,
            0.04448443278670311
        ],
        [
            0.09703201055526733,
            0.05637006461620331,
            0.039137281477451324
        ],
        [
            0.09182116389274597,
            0.06801742315292358,
            0.04276671260595322
        ],
        [
            0.08192692697048187,
            0.06426481902599335,
            0.048881739377975464
        ],
        [
            0.10404585301876068,
            0.008890494704246521,
            0.032443493604660034
        ],
        [
            0.1106070727109909,
            0.004667893052101135,
            0.03204851597547531
        ],
        [
            0.014150787144899368,
            0.09849444776773453,
            0.008845087140798569
        ],
        [
            0.01460002176463604,
            0.09199275821447372,
            0.01049931813031435
        ],
        [
            0.05677343159914017,
            0.005700480192899704,
            -0.028676267713308334
        ],
        [
            0.044212110340595245,
            0.024328060448169708,
            -0.037402525544166565
        ],
        [
            0.06701347231864929,
            -0.005033161491155624,
            -0.02000175043940544
        ],
        [
            0.07371260225772858,
            -0.011737704277038574,
            -0.013174222782254219
        ],
        [
            0.07923634350299835,
            -0.018342390656471252,
            -0.010244622826576233
        ],
        [
            0.03966645151376724,
            0.06076774746179581,
            0.004133572801947594
        ],
        [
            0.056948401033878326,
            0.046648286283016205,
            0.0007958002388477325
        ],
        [
            0.0743519738316536,
            0.042713712900877,
            0.004809828475117683
        ],
        [
            0.09989693760871887,
            0.05669301003217697,
            0.014820098876953125
        ],
        [
            0.10589361935853958,
            0.04918394237756729,
            0.011110769584774971
        ],
        [
            0.09602128714323044,
            0.04903367906808853,
            0.006822725757956505
        ],
        [
            0.09263278543949127,
            0.05535316467285156,
            0.01147242821753025
        ],
        [
            0.10143966972827911,
            0.0611201748251915,
            0.03131314367055893
        ],
        [
            0.09877178072929382,
            0.0636783167719841,
            0.024093590676784515
        ],
        [
            0.09436357021331787,
            0.06924860179424286,
            0.027118390426039696
        ],
        [
            0.09626687318086624,
            0.06903364509344101,
            0.03482528030872345
        ],
        [
            0.03351045027375221,
            0.040624406188726425,
            -0.025355199351906776
        ],
        [
            0.03477519750595093,
            0.02471671625971794,
            -0.02017310820519924
        ],
        [
            0.11889741569757462,
            0.022270075976848602,
            0.012211963534355164
        ],
        [
            0.12054111063480377,
            0.015285231173038483,
            0.009165728464722633
        ],
        [
            0.12343868613243103,
            0.007315590977668762,
            0.008285127580165863
        ],
        [
            0.09028692543506622,
            0.029487714171409607,
            -0.00485057570040226
        ],
        [
            0.09839575737714767,
            0.019199732691049576,
            -0.010088467970490456
        ],
        [
            0.09481227397918701,
            0.01844673603773117,
            -0.012558326125144958
        ],
        [
            0.08720215409994125,
            0.028165094554424286,
            -0.005202893167734146
        ],
        [
            0.07383386045694351,
            0.03274532034993172,
            -0.012603450566530228
        ],
        [
            0.08208119869232178,
            0.025644294917583466,
            -0.02041555754840374
        ],
        [
            0.06660304218530655,
            0.03969061002135277,
            -0.017146266996860504
        ],
        [
            0.09906337410211563,
            0.004767797887325287,
            -0.013441823422908783
        ],
        [
            0.10885339230298996,
            0.0004822462797164917,
            -0.010931117460131645
        ],
        [
            0.1021699383854866,
            -0.0040922388434410095,
            -0.014570079743862152
        ],
        [
            0.11577755212783813,
            0.0039327144622802734,
            -0.00494728609919548
        ],
        [
            0.12113001197576523,
            0.006550155580043793,
            0.0016543548554182053
        ],
        [
            0.11611868441104889,
            -0.0016375631093978882,
            0.03347267955541611
        ],
        [
            0.09511342644691467,
            -0.008178196847438812,
            -0.016422787681221962
        ],
        [
            0.05778714641928673,
            0.04555083066225052,
            -0.032517362385988235
        ],
        [
            0.05448940023779869,
            0.050714392215013504,
            -0.03288518264889717
        ],
        [
            0.054104357957839966,
            0.05050736665725708,
            -0.02502848394215107
        ],
        [
            0.056376852095127106,
            0.04622628539800644,
            -0.02400590479373932
        ],
        [
            0.016600925475358963,
            0.05230853706598282,
            0.0056414417922496796
        ],
        [
            0.020886359736323357,
            0.05418490618467331,
            -0.0004818541929125786
        ],
        [
            0.02651793882250786,
            0.048047516494989395,
            -0.0034139947965741158
        ],
        [
            0.10211120545864105,
            0.034913282841444016,
            -0.0020983293652534485
        ],
        [
            0.11226090788841248,
            0.03552626445889473,
            0.005483563989400864
        ],
        [
            0.032562702894210815,
            0.06424663960933685,
            0.0038088615983724594
        ],
        [
            0.01145516149699688,
            0.08639844506978989,
            0.007981179282069206
        ],
        [
            0.012173352763056755,
            0.08575668931007385,
            0.0019816062413156033
        ],
        [
            0.013280423358082771,
            0.06723802536725998,
            0.0044847275130450726
        ],
        [
            0.012183141894638538,
            0.0690312460064888,
            0.011098017916083336
        ],
        [
            0.03124353289604187,
            0.07036451250314713,
            0.011337862350046635
        ],
        [
            0.03178391233086586,
            0.06708360463380814,
            0.005080653820186853
        ],
        [
            0.03178400173783302,
            0.0689825564622879,
            0.006332633085548878
        ],
        [
            0.03302159532904625,
            0.07294376939535141,
            0.011519774794578552
        ],
        [
            0.06192848086357117,
            0.07661416381597519,
            0.023901592940092087
        ],
        [
            0.06519189476966858,
            0.07365623861551285,
            0.02316856198012829
        ],
        [
            0.028735123574733734,
            0.05778476595878601,
            0.028739023953676224
        ],
        [
            0.018946535885334015,
            0.04993097111582756,
            0.023714181035757065
        ],
        [
            0.0265822596848011,
            0.039636045694351196,
            0.020311366766691208
        ],
        [
            0.06504075229167938,
            0.059856023639440536,
            0.014222054742276669
        ],
        [
            0.05938350409269333,
            0.06761066615581512,
            0.017534907907247543
        ],
        [
            0.06307728588581085,
            0.06844137609004974,
            0.01910201832652092
        ],
        [
            0.03977219760417938,
            0.0642336755990982,
            0.007268989458680153
        ],
        [
            0.034592144191265106,
            0.06756763905286789,
            0.00853387638926506
        ],
        [
            0.038361161947250366,
            0.06801120936870575,
            0.011208157055079937
        ],
        [
            0.04449038952589035,
            0.06476323306560516,
            0.009941956028342247
        ],
        [
            0.1029142290353775,
            0.045058898627758026,
            0.03539952263236046
        ],
        [
            0.10805007815361023,
            0.0511280857026577,
            0.026710843667387962
        ],
        [
            0.018254462629556656,
            0.09620587527751923,
            -0.004458918701857328
        ],
        [
            0.01731959357857704,
            0.09091399610042572,
            -0.00359098007902503
        ],
        [
            0.07174544781446457,
            0.05148039758205414,
            0.010826807469129562
        ],
        [
            0.036965347826480865,
            0.029309600591659546,
            0.01572236604988575
        ],
        [
            0.07928811758756638,
            0.04425731673836708,
            0.006609965115785599
        ],
        [
            0.06578690558671951,
            0.07249432057142258,
            0.04205528274178505
        ],
        [
            0.07053355872631073,
            0.07713115960359573,
            0.035833247005939484
        ],
        [
            0.06882071495056152,
            0.07970346510410309,
            0.03397626057267189
        ],
        [
            0.06465882807970047,
            0.07924286276102066,
            0.03818733990192413
        ],
        [
            0.030918510630726814,
            0.08760076761245728,
            0.010700710117816925
        ],
        [
            0.030874397605657578,
            0.08721739798784256,
            0.004761367570608854
        ],
        [
            0.031063001602888107,
            0.0916488841176033,
            0.0038780104368925095
        ],
        [
            0.030681811273097992,
            0.09223060309886932,
            0.009553487412631512
        ],
        [
            0.02889450080692768,
            0.06422781944274902,
            0.0008419482037425041
        ],
        [
            0.02398495003581047,
            0.06115586683154106,
            -0.001554323360323906
        ],
        [
            0.023891285061836243,
            0.06679315865039825,
            -0.0012201229110360146
        ],
        [
            0.02866094559431076,
            0.06838258355855942,
            0.0021630004048347473
        ],
        [
            0.018480941653251648,
            0.06018667668104172,
            0.0004160392563790083
        ],
        [
            0.017745988443493843,
            0.06619978696107864,
            0.0001052110455930233
        ],
        [
            0.026678109541535378,
            0.08770696818828583,
            0.015574619174003601
        ],
        [
            0.019289616495370865,
            0.087369404733181,
            0.016830243170261383
        ],
        [
            0.021652838215231895,
            0.07296650111675262,
            0.02056383527815342
        ],
        [
            0.0286763496696949,
            0.07545742392539978,
            0.017286349087953568
        ],
        [
            0.08169068396091461,
            0.023518025875091553,
            0.034503478556871414
        ],
        [
            0.09192102402448654,
            0.027458861470222473,
            0.036272089928388596
        ],
        [
            0.08476221561431885,
            0.04070029407739639,
            0.03947038948535919
        ],
        [
            0.07770445942878723,
            0.053969576954841614,
            0.04406660795211792
        ],
        [
            0.0703698992729187,
            0.06623737514019012,
            0.046606916934251785
        ],
        [
            0.05884913355112076,
            0.062035877257585526,
            0.046694379299879074
        ],
        [
            0.09286816418170929,
            0.042395077645778656,
            0.03969568759202957
        ],
        [
            0.030155804008245468,
            0.06852810084819794,
            0.019077936187386513
        ],
        [
            0.02363591641187668,
            0.06356748938560486,
            0.022990141063928604
        ],
        [
            0.02811608649790287,
            0.06539954245090485,
            0.023915592581033707
        ],
        [
            0.08576187491416931,
            0.04769739508628845,
            0.007984878495335579
        ],
        [
            0.015552932396531105,
            0.08504080772399902,
            -0.001738925464451313
        ],
        [
            0.07467728853225708,
            -0.013249844312667847,
            0.010805350728332996
        ],
        [
            0.08211368322372437,
            -0.009539403021335602,
            0.02138155698776245
        ],
        [
            0.07590503245592117,
            -0.0033390000462532043,
            0.02072136104106903
        ],
        [
            0.06781019270420074,
            -0.007025882601737976,
            0.008072142489254475
        ],
        [
            0.027060896158218384,
            0.08587788045406342,
            -0.0008544651791453362
        ],
        [
            0.02151091955602169,
            0.08504493534564972,
            -0.0035832528956234455
        ],
        [
            0.07090303301811218,
            0.07632763683795929,
            0.02460288628935814
        ],
        [
            0.06718787550926208,
            0.07868628203868866,
            0.025531386956572533
        ],
        [
            0.06994165480136871,
            0.07964915037155151,
            0.02779003232717514
        ],
        [
            0.07432100921869278,
            0.07938308268785477,
            0.02629835158586502
        ],
        [
            0.09781010448932648,
            0.028527047485113144,
            0.03599492460489273
        ],
        [
            0.09024093300104141,
            0.07653424143791199,
            0.03982996195554733
        ],
        [
            0.08033300191164017,
            0.07326310127973557,
            0.04608193412423134
        ],
        [
            0.09765710681676865,
            0.015885815024375916,
            0.033567968755960464
        ],
        [
            0.08873756229877472,
            0.012105338275432587,
            0.03262605890631676
        ],
        [
            0.09426960349082947,
            0.004122592508792877,
            0.03165745735168457
        ],
        [
            0.045478854328393936,
            0.06435462832450867,
            0.03982624039053917
        ],
        [
            0.07326905429363251,
            0.022623222321271896,
            0.032674018293619156
        ],
        [
            0.08156077563762665,
            0.010850779712200165,
            0.03033449500799179
        ],
        [
            0.0878707692027092,
            0.001269608736038208,
            0.029035517945885658
        ],
        [
            0.09271354973316193,
            -0.005533598363399506,
            0.029035618528723717
        ],
        [
            0.09929406642913818,
            -0.0016494616866111755,
            0.03173881024122238
        ],
        [
            0.014721501618623734,
            0.08708929270505905,
            0.013221640139818192
        ],
        [
            0.019627170637249947,
            0.0929439514875412,
            0.014594431966543198
        ],
        [
            0.10484037548303604,
            -0.00862479954957962,
            0.033388860523700714
        ],
        [
            0.09734578430652618,
            -0.012517973780632019,
            0.02964768372476101
        ],
        [
            0.07352548092603683,
            0.008841648697853088,
            0.026338111609220505
        ],
        [
            0.06425229460000992,
            0.006655409932136536,
            0.01994522474706173
        ],
        [
            0.0658797025680542,
            0.02039642259478569,
            0.028588153421878815
        ],
        [
            0.05598842352628708,
            0.01912965252995491,
            0.02272767387330532
        ],
        [
            0.036137133836746216,
            0.05769682675600052,
            0.040469251573085785
        ],
        [
            0.02374616451561451,
            0.11166548728942871,
            0.011525830253958702
        ],
        [
            0.024553479626774788,
            0.10025367885828018,
            0.013789317570626736
        ],
        [
            0.029167398810386658,
            0.0991651713848114,
            0.010426128283143044
        ],
        [
            0.027858838438987732,
            0.11075839400291443,
            0.010919765569269657
        ],
        [
            0.026561297476291656,
            0.09268553555011749,
            0.01370391808450222
        ],
        [
            0.018908796831965446,
            0.09958439320325851,
            0.013346321880817413
        ],
        [
            0.04636877030134201,
            0.01731988787651062,
            0.011041627265512943
        ],
        [
            0.03428134694695473,
            0.07082170993089676,
            0.012817153707146645
        ],
        [
            0.05522006005048752,
            0.0042103491723537445,
            0.003827739506959915
        ],
        [
            0.034950196743011475,
            0.021069884300231934,
            -0.0021576592698693275
        ],
        [
            0.04227431118488312,
            0.012783791869878769,
            -0.009688682854175568
        ],
        [
            0.06398385763168335,
            -0.008341342210769653,
            -0.005461349152028561
        ],
        [
            0.05266590416431427,
            0.0014626123011112213,
            -0.015658194199204445
        ],
        [
            0.07722438871860504,
            -0.020026959478855133,
            0.0005293595604598522
        ],
        [
            0.07100437581539154,
            -0.013810954988002777,
            -0.0008388068526983261
        ],
        [
            0.04215901717543602,
            0.014484621584415436,
            -0.025592699646949768
