{
    "pred_cam": [
        6.971099853515625,
        0.055241659283638,
        -0.05107751116156578
    ],
    "pred_mano_params": {
        "global_orient": [
            [
                [
                    0.6657302379608154,
                    -0.25967004895210266,
                    -0.6995531916618347
                ],
                [
                    -0.6965941190719604,
                    -0.5523595213890076,
                    -0.4578816592693329
                ],
                [
                    -0.2675066888332367,
                    0.7921303510665894,
                    -0.5486070513725281
                ]
            ]
        ],
        "hand_pose": [
            [
                [
                    0.6987321376800537,
                    -0.6434142589569092,
                    -0.3127163350582123
                ],
                [
                    0.6265172362327576,
                    0.7613816261291504,
                    -0.16665592789649963
                ],
                [
                    0.3453252613544464,
                    -0.0794743224978447,
                    0.935111939907074
                ]
            ],
            [
                [
                    0.9540415406227112,
                    -0.2949373424053192,
                    -0.0530722513794899
                ],
                [
                    0.2530354857444763,
                    0.8877123594284058,
                    -0.3846293091773987
                ],
                [
                    0.160554438829422,
                    0.3535231947898865,
                    0.921544075012207
                ]
            ],
            [
                [
                    0.9195027351379395,
                    -0.36600354313850403,
                    0.1433742344379425
                ],
                [
                    0.378711998462677,
                    0.9225797057151794,
                    -0.07364791631698608
                ],
                [
                    -0.10531874746084213,
                    0.12201698124408722,
                    0.9869244694709778
                ]
            ],
            [
                [
                    0.3211211860179901,
                    -0.9014777541160583,
                    -0.2902050018310547
                ],
                [
                    0.9367073178291321,
                    0.3474767506122589,
                    -0.042887069284915924
                ],
                [
                    0.13950124382972717,
                    -0.25806519389152527,
                    0.956002950668335
                ]
            ],
            [
                [
                    0.9655498266220093,
                    -0.1391986906528473,
                    -0.2198573797941208
                ],
                [
                    0.16424132883548737,
                    0.9813400506973267,
                    0.0999826192855835
                ],
                [
                    0.20183739066123962,
                    -0.13264785706996918,
                    0.9703949093818665
                ]
            ],
            [
                [
                    0.8543989062309265,
                    -0.4152179956436157,
                    0.31240445375442505
                ],
                [
                    0.4185711145401001,
                    0.9062194228172302,
                    0.05970442295074463
                ],
                [
                    -0.30789732933044434,
                    0.07975208014249802,
                    0.9480711221694946
                ]
            ],
            [
                [
                    0.20493146777153015,
                    -0.9733464121818542,
                    -0.10295513272285461
                ],
                [
                    0.7593383193016052,
                    0.09173393994569778,
                    0.6441972851753235
                ],
                [
                    -0.6175826787948608,
                    -0.21019408106803894,
                    0.7578983902931213
                ]
            ],
            [
                [
                    0.9686982035636902,
                    -0.2117060124874115,
                    -0.12963151931762695
                ],
                [
                    0.22032062709331512,
                    0.9738180041313171,
                    0.056012481451034546
                ],
                [
                    0.11437931656837463,
                    -0.08281967788934708,
                    0.9899789690971375
                ]
            ],
            [
                [
                    0.9822436571121216,
                    0.08328864723443985,
                    0.16810855269432068
                ],
                [
                    -0.14596201479434967,
                    0.9022101163864136,
                    0.4058471620082855
                ],
                [
                    -0.11786677688360214,
                    -0.42317822575569153,
                    0.8983471393585205
                ]
            ],
            [
                [
                    0.16432568430900574,
                    -0.9856566786766052,
                    -0.038444120436906815
                ],
                [
                    0.9720249772071838,
                    0.15517601370811462,
                    0.17631761729717255
                ],
                [
                    -0.16782303154468536,
                    -0.06634215265512466,
                    0.9835823178291321
                ]
            ],
            [
                [
                    0.9796908497810364,
                    -0.06867877393960953,
                    -0.18838514387607574
                ],
                [
                    0.11577419191598892,
                    0.9608308672904968,
                    0.2517942786216736
                ],
                [
                    0.16371335089206696,
                    -0.268490731716156,
                    0.9492684602737427
                ]
            ],
            [
                [
                    0.8724970817565918,
                    -0.3537873327732086,
                    0.3370213210582733
                ],
                [
                    0.29301661252975464,
                    0.9307989478111267,
                    0.2185284048318863
                ],
                [
                    -0.39101165533065796,
                    -0.09191255271434784,
                    0.9157849550247192
                ]
            ],
            [
                [
                    0.9759767651557922,
                    -0.012777254916727543,
                    -0.21749956905841827
                ],
                [
                    -0.174094095826149,
                    0.554486095905304,
                    -0.8137791156768799
                ],
                [
                    0.13099832832813263,
                    0.8320949077606201,
                    0.5389410853385925
                ]
            ],
            [
                [
                    0.8125657439231873,
                    -0.4848955273628235,
                    -0.3234397768974304
                ],
                [
                    0.5418514013290405,
                    0.83289635181427,
                    0.11260905116796494
                ],
                [
                    0.21478813886642456,
                    -0.2667585611343384,
                    0.9395243525505066
                ]
            ],
            [
                [
                    0.7787866592407227,
                    -0.5452368259429932,
                    -0.31017449498176575
                ],
                [
                    0.11175213754177094,
                    0.6071519255638123,
                    -0.7866880297660828
                ],
                [
                    0.6172543168067932,
                    0.5779994130134583,
                    0.5337731838226318
                ]
            ]
        ],
        "betas": [
            0.07692694664001465,
            0.035218238830566406,
            0.04744464159011841,
            0.035760074853897095,
            -0.09817862510681152,
            -0.08927720040082932,
            0.003308504819869995,
            0.005064681172370911,
            -0.05859532952308655,
            0.041961491107940674
        ]
    },
    "pred_cam_t": [
        -0.055241659283638,
        -0.05107751116156578,
        5.60349178314209
    ],
    "focal_length": [
        5000.0,
        5000.0
    ],
    "pred_keypoints_3d": [
        [
            0.0952364057302475,
            0.006346510723233223,
            0.006141923367977142
        ],
        [
            0.06533105671405792,
            0.0198832955211401,
            -0.013850269839167595
        ],
        [
            0.04552660137414932,
            0.04026132822036743,
            -0.025485802441835403
        ],
        [
            0.04110021889209747,
            0.06689678877592087,
            -0.024937668815255165
        ],
        [
            0.061905041337013245,
            0.09235457330942154,
            -0.016346313059329987
        ],
        [
            0.023813210427761078,
            0.06089259684085846,
            0.014188882894814014
        ],
        [
            0.017676521092653275,
            0.0931018516421318,
            0.012326565571129322
        ],
        [
            0.023541241884231567,
            0.11362536251544952,
            0.006652195937931538
        ],
        [
            0.03424535319209099,
            0.1331081986427307,
            -0.004988022148609161
        ],
        [
            0.035236913710832596,
            0.07436304539442062,
            0.03201926499605179
        ],
        [
            0.04291582852602005,
            0.10160373896360397,
            0.01793663203716278
        ],
        [
            0.05528551712632179,
            0.11730772256851196,
            0.00621171947568655
        ],
        [
            0.063413105905056,
            0.12963765859603882,
            -0.014401420950889587
        ],
        [
            0.06073004752397537,
            0.07741116732358932,
            0.03932580351829529
        ],
        [
            0.06395558267831802,
            0.09754139930009842,
            0.01912478357553482
        ],
        [
            0.07658760249614716,
            0.11143577098846436,
            0.003109445795416832
        ],
        [
            0.08226325362920761,
            0.1209501326084137,
            -0.01915164291858673
        ],
        [
            0.08237992972135544,
            0.07921747118234634,
            0.04022703692317009
        ],
        [
            0.08553758263587952,
            0.0918731689453125,
            0.023784089833498
        ],
        [
            0.09196914732456207,
            0.0998578742146492,
            0.007987143471837044
        ],
        [
            0.0953003391623497,
            0.10796032100915909,
            -0.012086218222975731
        ]
    ],
    "pred_vertices": [
        [
            0.05555056780576706,
            0.04291824996471405,
            -0.00254872627556324
        ],
        [
            0.06377649307250977,
            0.03678681701421738,
            -0.005879370495676994
        ],
        [
            0.05685868859291077,
            0.04181336611509323,
            -0.010079395025968552
        ],
        [
            0.048179470002651215,
            0.04577871412038803,
            -0.006963580846786499
        ],
        [
            0.0717482790350914,
            0.03428558260202408,
            -0.02375805377960205
        ],
        [
            0.06949719786643982,
            0.025332309305667877,
            -0.03255053609609604
        ],
        [
            0.05822313576936722,
            0.037459924817085266,
            -0.03507031500339508
        ],
        [
            0.0635063424706459,
            0.04277702793478966,
            -0.027153005823493004
        ],
        [
            0.0418623723089695,
            0.047117121517658234,
            -0.008782843127846718
        ],
        [
            0.05156213790178299,
            0.045853957533836365,
            -0.013259109109640121
        ],
        [
            0.03929484263062477,
            0.04456653445959091,
            -0.0078111253678798676
        ],
        [
            0.027949897572398186,
            0.04327605664730072,
            -0.00016190670430660248
        ],
        [
            0.032766371965408325,
            0.04766884818673134,
            -0.003102317452430725
        ],
        [
            0.022043004631996155,
            0.0460318997502327,
            0.005523206200450659
        ],
        [
            0.028409045189619064,
            0.0333574041724205,
            0.004059624392539263
        ],
        [
            0.021506275981664658,
            0.04252488166093826,
            0.014450416900217533
        ],
        [
            0.04603048041462898,
            0.030485883355140686,
            0.026789061725139618
        ],
        [
            0.05734767019748688,
            0.03360097110271454,
            0.033748459070920944
        ],
        [
            0.04697222635149956,
            0.04726286977529526,
            0.04000844806432724
        ],
        [
            0.036881569772958755,
            0.04308408498764038,
            0.031292419880628586
        ],
        [
            0.0674968808889389,
            0.05012728273868561,
            0.04406198486685753
        ],
        [
            0.055760130286216736,
            0.049237027764320374,
            0.041967734694480896
        ],
        [
            0.0656881034374237,
            0.03488153964281082,
            0.03693697601556778
        ],
        [
            0.07566297799348831,
            0.03640061989426613,
            0.03866618499159813
        ],
        [
            0.06980911642313004,
            0.041617050766944885,
            0.004395399242639542
        ],
        [
            0.07760272920131683,
            0.03491887450218201,
            0.0010396745055913925
        ],
        [
            0.07211652398109436,
            0.0342070609331131,
            -0.0007759593427181244
        ],
        [
            0.06483682990074158,
            0.0409039705991745,
            0.001978158950805664
        ],
        [
            0.037010423839092255,
            0.04477744922041893,
            -0.01564762368798256
        ],
        [
            0.034284286201000214,
            0.03176248073577881,
            -0.011879080906510353
        ],
        [
            0.034877050668001175,
            0.038042694330215454,
            -0.007910776883363724
        ],
        [
            0.04095473513007164,
            0.04776585102081299,
            -0.014269029721617699
        ],
        [
            0.10340096056461334,
            0.02479032427072525,
            -0.007259337231516838
        ],
        [
            0.10807879269123077,
            0.012112073600292206,
            -0.00697854720056057
        ],
        [
            0.10342729091644287,
            0.009632475674152374,
            -0.009591782465577126
        ],
        [
            0.09997949004173279,
            0.021518394351005554,
            -0.008838310837745667
        ],
        [
            0.08528879284858704,
            0.010111816227436066,
            -0.023442409932613373
        ],
        [
            0.0898938775062561,
            0.0014118403196334839,
            -0.01853197067975998
        ],
        [
            0.0838664323091507,
            -0.010735176503658295,
            -0.018012771382927895
        ],
        [
            0.0765899121761322,
            -0.0035677552223205566,
            -0.0214061439037323
        ],
        [
            0.07773839682340622,
            0.0185442753136158,
            -0.02864655666053295
        ],
        [
            0.07052929699420929,
            0.0065301209688186646,
            -0.02917255088686943
        ],
        [
            0.061816513538360596,
            0.016690988093614578,
            -0.03443180397152901
        ],
        [
            0.05060028284788132,
            0.03257875144481659,
            -0.03800739720463753
        ],
        [
            0.11727498471736908,
            0.015715427696704865,
            0.0011080466210842133
        ],
        [
            0.11547839641571045,
            0.02576647698879242,
            0.0015866458415985107
        ],
        [
            0.021319054067134857,
            0.09559036791324615,
            0.0005750460550189018
        ],
        [
            0.026257159188389778,
            0.09667494893074036,
            0.0037583429366350174
        ],
        [
            0.026148295029997826,
            0.0907880961894989,
            0.003099832683801651
        ],
        [
            0.02104065753519535,
            0.09072549641132355,
            0.0005794540047645569
        ],
        [
            0.11788222193717957,
            0.018230319023132324,
            0.021131059154868126
        ],
        [
            0.11359512060880661,
            0.013310708105564117,
            0.028749290853738785
        ],
        [
            0.11874912679195404,
            0.008943013846874237,
            0.026119964197278023
        ],
        [
            0.12155382335186005,
            0.01248132437467575,
            0.017912326380610466
        ],
        [
            0.11300945281982422,
            0.025797270238399506,
            0.02539835125207901
        ],
        [
            0.10621968656778336,
            0.019520066678524017,
            0.0317704901099205
        ],
        [
            0.011401058174669743,
            0.09747453778982162,
            0.008068494498729706
        ],
        [
            0.01297540869563818,
            0.09681646525859833,
            0.0031863090116530657
        ],
        [
            0.011954519897699356,
            0.09140802174806595,
            0.004922807682305574
        ],
        [
            0.011150148697197437,
            0.09122086316347122,
            0.010378658771514893
        ],
        [
            0.039877407252788544,
            0.04947458580136299,
            -0.0034540165215730667
        ],
        [
            0.048644039779901505,
            0.04942133650183678,
            -0.00040251389145851135
        ],
        [
            0.030115433037281036,
            0.06046094745397568,
            0.0033335797488689423
        ],
        [
            0.03752433508634567,
            0.056511908769607544,
            0.0033430401235818863
        ],
        [
            0.032258011400699615,
            0.052787937223911285,
            0.000292900949716568
        ],
        [
            0.026151038706302643,
            0.05623091757297516,
            0.0016590487211942673
        ],
        [
            0.05862674117088318,
            0.05864331126213074,
            0.013943735510110855
        ],
        [
            0.06541502475738525,
            0.0501302033662796,
            0.010182579979300499
        ],
        [
            0.059290044009685516,
            0.049621351063251495,
            0.007733600214123726
        ],
        [
            0.050810039043426514,
            0.05882886052131653,
            0.010302096605300903
        ],
        [
            0.07827658951282501,
            0.05439958721399307,
            0.014083528891205788
        ],
        [
            0.07045607268810272,
            0.06201312690973282,
            0.017923858016729355
        ],
        [
            0.07874824106693268,
            0.06324926018714905,
            0.019698070362210274
        ],
        [
            0.08307155966758728,
            0.058314088732004166,
            0.01584859937429428
        ],
        [
            0.05417287349700928,
            0.07271506637334824,
            0.023287219926714897
        ],
        [
            0.05028756335377693,
            0.0748266950249672,
            0.0249953456223011
        ],
        [
            0.05378847196698189,
            0.07645522058010101,
            0.02488715946674347
        ],
        [
            0.05776246637105942,
            0.07326070964336395,
            0.024078544229269028
        ],
        [
            0.12324953079223633,
            0.00384657084941864,
            0.024113865569233894
        ],
        [
            0.12427034974098206,
            0.0064909085631370544,
            0.01474829949438572
        ],
        [
            0.08899074792861938,
            0.05505396053195,
            0.045578502118587494
        ],
        [
            0.09860256314277649,
            0.05585215985774994,
            0.039780035614967346
        ],
        [
            0.09359681606292725,
            0.0674804300069809,
            0.04357331991195679
        ],
        [
            0.08393390476703644,
            0.06385232508182526,
            0.05027961730957031
        ],
        [
            0.10509562492370605,
            0.008489444851875305,
            0.03204474598169327
        ],
        [
            0.11160044372081757,
            0.004244595766067505,
            0.03130488097667694
        ],
        [
            0.013353239744901657,
            0.09842152148485184,
            0.013984591700136662
        ],
        [
            0.013865035027265549,
            0.0920032262802124,
            0.015684714540839195
        ],
        [
            0.055391825735569,
            0.007485121488571167,
            -0.026977280154824257
        ],
        [
            0.0434514619410038,
            0.026844602078199387,
            -0.03415520116686821
        ],
        [
            0.06560495495796204,
            -0.004034347832202911,
            -0.019152337685227394
        ],
        [
            0.07252465933561325,
            -0.011145208030939102,
            -0.012644868344068527
        ],
        [
            0.07819587737321854,
            -0.017901387065649033,
            -0.009945811703801155
        ],
        [
            0.03987050801515579,
            0.06104721128940582,
            0.007269269786775112
        ],
        [
            0.056929342448711395,
            0.04684256762266159,
            0.0030535347759723663
        ],
        [
            0.07442627847194672,
            0.04280364513397217,
            0.0061929915100336075
        ],
        [
            0.10045760869979858,
            0.05647144839167595,
            0.01526983454823494
        ],
        [
            0.10623930394649506,
            0.049030330032110214,
            0.011214472353458405
        ],
        [
            0.09618999063968658,
            0.048981234431266785,
            0.007338779047131538
        ],
        [
            0.09304612874984741,
            0.05521531030535698,
            0.012212289497256279
        ],
        [
            0.10272520035505295,
            0.06064150854945183,
            0.031776249408721924
        ],
        [
            0.09979617595672607,
            0.06325633078813553,
            0.024675386026501656
        ],
        [
            0.09558296203613281,
            0.06865204870700836,
            0.027831392362713814
        ],
        [
            0.09774899482727051,
            0.0684354156255722,
            0.035474471747875214
        ],
        [
            0.03310771286487579,
            0.042771339416503906,
            -0.021452153101563454
        ],
        [
            0.034326136112213135,
            0.02653396502137184,
            -0.016859419643878937
        ],
        [
            0.11911025643348694,
            0.022073760628700256,
            0.011389918625354767
        ],
        [
            0.12058116495609283,
            0.01512109488248825,
            0.008182024583220482
        ],
        [
            0.12340430170297623,
            0.007147453725337982,
            0.007070261985063553
        ],
        [
            0.0898251086473465,
            0.029520884156227112,
            -0.004369920119643211
        ],
        [
            0.09764022380113602,
            0.019295111298561096,
            -0.010113740339875221
        ],
        [
            0.09395287930965424,
            0.018532518297433853,
            -0.012426771223545074
        ],
        [
            0.08672323822975159,
            0.028097428381443024,
            -0.004599753767251968
        ],
        [
            0.0735873430967331,
            0.032794058322906494,
            -0.010842952877283096
        ],
        [
            0.08129867911338806,
            0.02601272240281105,
            -0.019288644194602966
        ],
        [
            0.06670740246772766,
            0.04035206884145737,
            -0.014476628974080086
        ],
        [
            0.09808581322431564,
            0.0049636587500572205,
            -0.013625040650367737
        ],
        [
            0.10796342045068741,
            0.0006159394979476929,
            -0.011560160666704178
        ],
        [
            0.10109856724739075,
            -0.0038704872131347656,
            -0.014962317422032356
        ],
        [
            0.11516053974628448,
            0.003963015973567963,
            -0.005855640396475792
        ],
        [
            0.12079915404319763,
            0.006474949419498444,
            0.0005371086299419403
        ],
        [
            0.11713249981403351,
            -0.002100229263305664,
            0.03240378573536873
        ],
        [
            0.09395362436771393,
            -0.007859490811824799,
            -0.016589341685175896
        ],
        [
            0.05755143240094185,
            0.047973692417144775,
            -0.028744619339704514
        ],
        [
            0.05384816974401474,
            0.05345869064331055,
            -0.028992000967264175
        ],
        [
            0.05359711870551109,
            0.053123220801353455,
            -0.021119652315974236
        ],
        [
            0.056400228291749954,
            0.04849569872021675,
            -0.020194806158542633
        ],
        [
            0.01687074825167656,
            0.05253429710865021,
            0.009874590672552586
        ],
        [
            0.02084719017148018,
            0.05455908924341202,
            0.003552802838385105
        ],
        [
            0.026477180421352386,
            0.04856715351343155,
            0.0002863844856619835
        ],
        [
            0.10181309282779694,
            0.03498679772019386,
            -0.0020323731005191803
        ],
        [
            0.11227668821811676,
            0.03545038029551506,
            0.005118340253829956
        ],
        [
            0.032654572278261185,
            0.06475091725587845,
            0.007312464527785778
        ],
        [
            0.010709939524531364,
            0.08627211302518845,
            0.013160121627151966
        ],
        [
            0.011083383113145828,
            0.08563780784606934,
            0.0071182334795594215
        ],
        [
            0.012973344884812832,
            0.06729960441589355,
            0.009255411103367805
        ],
        [
            0.012216172181069851,
            0.06893467158079147,
            0.015958398580551147
        ],
        [
            0.031410377472639084,
            0.07082249969244003,
            0.01503286324441433
        ],
        [
            0.03165784105658531,
            0.06773165613412857,
            0.008682777173817158
        ],
        [
            0.031553931534290314,
            0.06963494420051575,
            0.009979935362935066
        ],
        [
            0.03296668455004692,
            0.07352570444345474,
            0.015165751799941063
        ],
        [
            0.0629827082157135,
            0.07581493258476257,
            0.02631295658648014
        ],
        [
            0.0662001222372055,
            0.07331863045692444,
            0.025335311889648438
        ],
        [
            0.030001437291502953,
            0.05770236626267433,
            0.03238064795732498
        ],
        [
            0.02006414346396923,
            0.04983514919877052,
            0.027598032727837563
        ],
        [
            0.02747662365436554,
            0.03978067636489868,
            0.02373325079679489
        ],
        [
            0.06562308967113495,
            0.059797510504722595,
            0.01624315232038498
        ],
        [
            0.060158394277095795,
            0.06749795377254486,
            0.019897956401109695
        ],
        [
            0.06392160803079605,
            0.06825919449329376,
            0.021306928247213364
        ],
        [
            0.04011370986700058,
            0.06446361541748047,
            0.010450240224599838
        ],
        [
            0.034918926656246185,
            0.06795242428779602,
            0.011981519870460033
        ],
        [
            0.038842279464006424,
            0.06812983006238937,
            0.014536358416080475
        ],
        [
            0.04493103548884392,
            0.06486786901950836,
            0.012939726933836937
        ],
        [
            0.10427621006965637,
            0.044591616839170456,
            0.03562955930829048
        ],
        [
            0.10906966030597687,
            0.05073363333940506,
            0.026771409437060356
        ],
        [
            0.016566339880228043,
            0.09589210897684097,
            0.00044753262773156166
        ],
        [
            0.01574687659740448,
            0.09077088534832001,
            0.001352636143565178
        ],
        [
            0.07212750613689423,
            0.05146937817335129,
            0.012436913326382637
        ],
        [
            0.03750407695770264,
            0.029534727334976196,
            0.01857001706957817
        ],
        [
            0.07943882048130035,
            0.04430052265524864,
            0.00778634287416935
        ],
        [
            0.06768166273832321,
            0.07223014533519745,
            0.04400553181767464
        ],
        [
            0.07216279208660126,
            0.07668700069189072,
            0.03753044828772545
        ],
        [
            0.07055344432592392,
            0.07895650714635849,
            0.0357329435646534
        ],
        [
            0.06662677228450775,
            0.07867240905761719,
            0.04004703834652901
        ],
        [
            0.03031756728887558,
            0.08793485909700394,
            0.014713473618030548
        ],
        [
            0.029934782534837723,
            0.08760528266429901,
            0.008803553879261017
        ],
        [
            0.029909035190939903,
            0.0917292982339859,
            0.00795716978609562
        ],
        [
            0.029874250292778015,
            0.0923779159784317,
            0.013663900084793568
        ],
        [
            0.02857951819896698,
            0.06487330049276352,
            0.004586556926369667
        ],
        [
            0.023631025105714798,
            0.06167067959904671,
            0.0024347808212041855
        ],
        [
            0.02325763739645481,
            0.067326121032238,
            0.00291207293048501
        ],
        [
            0.028180798515677452,
            0.0690067782998085,
            0.006014188285917044
        ],
        [
            0.018192961812019348,
            0.06053559482097626,
            0.004746011923998594
        ],
        [
            0.01720651052892208,
            0.06649233400821686,
            0.004600482992827892
        ],
        [
            0.026420747861266136,
            0.08794113993644714,
            0.01983499340713024
        ],
        [
            0.0191398523747921,
            0.08748386055231094,
            0.02151234820485115
        ],
        [
            0.022173335775732994,
            0.07302152365446091,
            0.024877134710550308
        ],
        [
            0.028889095410704613,
            0.07575830072164536,
            0.021253198385238647
        ],
        [
            0.08293184638023376,
            0.0231829471886158,
            0.03530881926417351
        ],
        [
            0.09324420988559723,
            0.027052264660596848,
            0.03669187054038048
        ],
        [
            0.08627897500991821,
            0.04029286652803421,
            0.040432367473840714
        ],
        [
            0.07946322113275528,
            0.05360739678144455,
            0.04555181413888931
        ],
        [
            0.07230985164642334,
            0.06593465805053711,
            0.04853386804461479
        ],
        [
            0.06080634519457817,
            0.06180183216929436,
            0.04909049719572067
        ],
        [
            0.09440696239471436,
            0.041942983865737915,
            0.04031837731599808
        ],
        [
            0.03082217462360859,
            0.06852971017360687,
            0.02288583666086197
        ],
        [
            0.024573657661676407,
            0.0635751411318779,
            0.027016393840312958
        ],
        [
            0.029124576598405838,
            0.06540922075510025,
            0.027798080816864967
        ],
        [
            0.08598403632640839,
            0.047682106494903564,
            0.008926421403884888
        ],
        [
            0.014287404716014862,
            0.08502039313316345,
            0.0031704457942396402
        ],
        [
            0.07461614906787872,
            -0.013182520866394043,
            0.01139870472252369
        ],
        [
            0.0825875848531723,
            -0.009685516357421875,
            0.021724259480834007
        ],
        [
            0.07638629525899887,
            -0.003454148769378662,
            0.021402975544333458
        ],
        [
            0.06760570406913757,
            -0.006868928670883179,
            0.008993703871965408
        ],
        [
            0.025821346789598465,
            0.0862416923046112,
            0.0034051164984703064
        ],
        [
            0.02013433165848255,
            0.08519832789897919,
            0.0009901681914925575
        ],
        [
            0.07200699299573898,
            0.07587280869483948,
            0.02637895941734314
        ],
        [
            0.06836872547864914,
            0.07785126566886902,
            0.02759493701159954
        ],
        [
            0.07136643677949905,
            0.07856328785419464,
            0.029549676924943924
        ],
        [
            0.07548779994249344,
            0.07861929386854172,
            0.027907438576221466
        ],
        [
            0.09912823140621185,
            0.028100769966840744,
            0.036173537373542786
        ],
        [
            0.09210456907749176,
            0.07597998529672623,
            0.04045799747109413
        ],
        [
            0.08232928067445755,
            0.07294425368309021,
            0.047232646495103836
        ],
        [
            0.09880228340625763,
            0.015497095882892609,
            0.033549290150403976
        ],
        [
            0.08983418345451355,
            0.011769838631153107,
            0.03294708579778671
        ],
        [
            0.09527438879013062,
            0.003778301179409027,
            0.03162940591573715
        ],
        [
            0.047272663563489914,
            0.06415298581123352,
            0.04273012652993202
        ],
        [
            0.07443936169147491,
            0.022346477955579758,
            0.03383265435695648
        ],
        [
            0.08256179094314575,
            0.010576017200946808,
            0.030956178903579712
        ],
        [
            0.0887536108493805,
            0.0009899437427520752,
            0.02925083413720131
        ],
        [
            0.0935489684343338,
            -0.005828864872455597,
            0.02895246259868145
        ],
        [
            0.10026122629642487,
            -0.002011999487876892,
            0.031411122530698776
        ],
        [
            0.01428942009806633,
            0.08708304911851883,
            0.018198896199464798
        ],
        [
            0.019209405407309532,
            0.09309177845716476,
            0.019442807883024216
        ],
        [
            0.10583141446113586,
            -0.009026318788528442,
            0.032725222408771515
        ],
        [
            0.09816195070743561,
            -0.01283261924982071,
            0.02926778793334961
        ],
        [
            0.07435253262519836,
            0.00865492969751358,
            0.027287449687719345
        ],
        [
            0.06473752111196518,
            0.0066109299659729,
            0.02124030329287052
        ],
        [
            0.06687027215957642,
            0.02020445466041565,
            0.03003590553998947
        ],
        [
            0.05670864135026932,
            0.01906510815024376,
            0.024583876132965088
        ],
        [
            0.03791100159287453,
            0.05750327184796333,
            0.043811943382024765
        ],
        [
            0.023361267521977425,
            0.1115587055683136,
            0.0156997162848711
        ],
        [
            0.024117570370435715,
            0.10025506466627121,
            0.018190452829003334
        ],
        [
            0.02846451662480831,
            0.09900952130556107,
            0.014534708112478256
        ],
        [
            0.027402006089687347,
            0.1105024516582489,
            0.014832125045359135
        ],
        [
            0.02607649937272072,
            0.09286108613014221,
            0.01808687299489975
        ],
        [
            0.018476910889148712,
            0.09962799400091171,
            0.01814243569970131
        ],
        [
            0.0465364009141922,
            0.01759583130478859,
            0.013277199119329453
        ],
        [
            0.03464723005890846,
            0.070906862616539,
            0.01636950857937336
        ],
        [
            0.05483769625425339,
            0.0046117790043354034,
            0.0053946590051054955
        ],
        [
            0.034759510308504105,
            0.02198014408349991,
            0.0007880190387368202
        ],
        [
            0.04161452129483223,
            0.01389540359377861,
            -0.007253546267747879
        ],
        [
            0.06307336688041687,
            -0.0077786631882190704,
            -0.004573537036776543
        ],
        [
            0.05149471014738083,
            0.0026726089417934418,
            -0.014061801135540009
        ],
        [
            0.07665256410837173,
            -0.019785113632678986,
            0.0009005134925246239
        ],
        [
            0.07034359872341156,
            -0.013473406434059143,
            -0.0002020886167883873
        ],
        [
            0.04129203408956528,
            0.016481846570968628,
            -0.022914811968803406
        ],
        [
            0.025525128468871117,
