{
    "pred_cam": [
        7.126980781555176,
        0.0637936219573021,
        -0.06129728630185127
    ],
    "pred_mano_params": {
        "global_orient": [
            [
                [
                    0.5345868468284607,
                    -0.6493459939956665,
                    -0.5408943295478821
                ],
                [
                    -0.8331257700920105,
                    -0.2975066304206848,
                    -0.4662523865699768
                ],
                [
                    0.14183947443962097,
                    0.699885368347168,
                    -0.7000300288200378
                ]
            ]
        ],
        "hand_pose": [
            [
                [
                    0.9295529723167419,
                    -0.09969809651374817,
                    -0.3549531102180481
                ],
                [
                    0.06259692460298538,
                    0.9914439916610718,
                    -0.11454451084136963
                ],
                [
                    0.3633359968662262,
                    0.08425620198249817,
                    0.927840530872345
                ]
            ],
            [
                [
                    0.8385738730430603,
                    -0.5442100167274475,
                    0.025087540969252586
                ],
                [
                    0.5377102494239807,
                    0.8194025754928589,
                    -0.19861312210559845
                ],
                [
                    0.08753044158220291,
                    0.1800415962934494,
                    0.9797568917274475
                ]
            ],
            [
                [
                    0.4499717056751251,
                    -0.861117959022522,
                    0.23664607107639313
                ],
                [
                    0.8904734253883362,
                    0.45272430777549744,
                    -0.04580207169055939
                ],
                [
                    -0.06769441813230515,
                    0.23133666813373566,
                    0.970515787601471
                ]
            ],
            [
                [
                    0.8328270316123962,
                    -0.5117884874343872,
                    -0.2108829915523529
                ],
                [
                    0.4885678291320801,
                    0.858727216720581,
                    -0.15456072986125946
                ],
                [
                    0.2601933777332306,
                    0.025691716000437737,
                    0.9652146100997925
                ]
            ],
            [
                [
                    0.9013327956199646,
                    -0.39903345704078674,
                    -0.16843853890895844
                ],
                [
                    0.4288989305496216,
                    0.8764843940734863,
                    0.21867963671684265
                ],
                [
                    0.060373272746801376,
                    -0.2693462371826172,
                    0.9611491560935974
                ]
            ],
            [
                [
                    0.6211149096488953,
                    -0.7524152994155884,
                    0.21928834915161133
                ],
                [
                    0.7551260590553284,
                    0.6494401097297668,
                    0.0895104929804802
                ],
                [
                    -0.20976372063159943,
                    0.10999403893947601,
                    0.9715453386306763
                ]
            ],
            [
                [
                    0.7275426387786865,
                    -0.6406073570251465,
                    0.24556857347488403
                ],
                [
                    0.6100710034370422,
                    0.7678317427635193,
                    0.19557058811187744
                ],
                [
                    -0.31383928656578064,
                    0.007528305519372225,
                    0.9494463205337524
                ]
            ],
            [
                [
                    0.9641085863113403,
                    -0.23046107590198517,
                    -0.1318422555923462
                ],
                [
                    0.2648630738258362,
                    0.8694128394126892,
                    0.417095810174942
                ],
                [
                    0.018500959500670433,
                    -0.43704575300216675,
                    0.8992490172386169
                ]
            ],
            [
                [
                    0.9072875380516052,
                    -0.32659912109375,
                    0.26488161087036133
                ],
                [
                    0.2125398963689804,
                    0.8996841907501221,
                    0.3813072443008423
                ],
                [
                    -0.36284440755844116,
                    -0.2896574139595032,
                    0.8856875896453857
                ]
            ],
            [
                [
                    0.7965735793113708,
                    -0.6039822101593018,
                    0.025999268516898155
                ],
                [
                    0.604213535785675,
                    0.7939882278442383,
                    -0.06714610010385513
                ],
                [
                    0.01991194114089012,
                    0.06919592618942261,
                    0.9974042773246765
                ]
            ],
            [
                [
                    0.9368773698806763,
                    -0.30959489941596985,
                    -0.16251707077026367
                ],
                [
                    0.34620583057403564,
                    0.8864933848381042,
                    0.30703577399253845
                ],
                [
                    0.04901359975337982,
                    -0.34391921758651733,
                    0.9377191662788391
                ]
            ],
            [
                [
                    0.6714637875556946,
                    -0.6900328993797302,
                    0.2701684236526489
                ],
                [
                    0.6009268760681152,
                    0.7203641533851624,
                    0.3463559150695801
                ],
                [
                    -0.43361666798591614,
                    -0.07021398097276688,
                    0.8983577489852905
                ]
            ],
            [
                [
                    0.9861260652542114,
                    0.1373033970594406,
                    0.09329119324684143
                ],
                [
                    -0.031674131751060486,
                    0.7073110938072205,
                    -0.7061924934387207
                ],
                [
                    -0.16294851899147034,
                    0.6934398412704468,
                    0.7018468976020813
                ]
            ],
            [
                [
                    0.6854298710823059,
                    -0.5545024871826172,
                    -0.471924751996994
                ],
                [
                    0.6043820381164551,
                    0.7947258353233337,
                    -0.05597490444779396
                ],
                [
                    0.40608900785446167,
                    -0.2468559890985489,
                    0.8798601627349854
                ]
            ],
            [
                [
                    0.5609320402145386,
                    -0.7709333300590515,
                    -0.3016902208328247
                ],
                [
                    0.2577415704727173,
                    0.5089375972747803,
                    -0.8213109970092773
                ],
                [
                    0.7867176532745361,
                    0.38294151425361633,
                    0.4841809570789337
                ]
            ]
        ],
        "betas": [
            -0.020922690629959106,
            -0.03324759006500244,
            -0.011943578720092773,
            0.04217633605003357,
            -0.034785687923431396,
            -0.0336962565779686,
            0.0818687230348587,
            0.014437034726142883,
            0.04407908022403717,
            0.012644588947296143
        ]
    },
    "pred_cam_t": [
        -0.0637936219573021,
        -0.06129728630185127,
        5.480932235717773
    ],
    "focal_length": [
        5000.0,
        5000.0
    ],
    "pred_keypoints_3d": [
        [
            0.09577450901269913,
            0.006378541700541973,
            0.006191120482981205
        ],
        [
            0.07902792096138,
            0.019044768065214157,
            -0.02617703750729561
        ],
        [
            0.06890588998794556,
            0.028305742889642715,
            -0.0537850484251976
        ],
        [
            0.07154342532157898,
            0.05339609831571579,
            -0.06374886631965637
        ],
        [
            0.09798728674650192,
            0.07037496566772461,
            -0.0527619868516922
        ],
        [
            0.040843088179826736,
            0.07180307805538177,
            -0.024400796741247177
        ],
        [
            0.027978336438536644,
            0.1020524874329567,
            -0.021097252145409584
        ],
        [
            0.03435629978775978,
            0.12277127057313919,
            -0.02599281072616577
        ],
        [
            0.05512857437133789,
            0.1274067908525467,
            -0.03865529224276543
        ],
        [
            0.047932110726833344,
            0.0873735249042511,
            -0.0058959247544407845
        ],
        [
            0.049744851887226105,
            0.11890405416488647,
            -0.009130759164690971
        ],
        [
            0.06251516938209534,
            0.13688212633132935,
            -0.016657745465636253
        ],
        [
            0.07865868508815765,
            0.14182546734809875,
            -0.035195089876651764
        ],
        [
            0.06907955557107925,
            0.08818423748016357,
            0.010544251650571823
        ],
        [
            0.06906667351722717,
            0.11521387100219727,
            0.0003501530736684799
        ],
        [
            0.08278816193342209,
            0.1333324909210205,
            -0.009594513103365898
        ],
        [
            0.09512130916118622,
            0.1385420262813568,
            -0.0302538201212883
        ],
        [
            0.08883412182331085,
            0.08685196936130524,
            0.01979794353246689
        ],
        [
            0.09236810356378555,
            0.10662297904491425,
            0.013193520717322826
        ],
        [
            0.10253071784973145,
            0.11927714943885803,
            0.0033750543370842934
        ],
        [
            0.10947296023368835,
            0.12612159550189972,
            -0.01306457445025444
        ]
    ],
    "pred_vertices": [
        [
            0.07104333490133286,
            0.04546551778912544,
            -0.025445042178034782
        ],
        [
            0.07785449922084808,
            0.03800421953201294,
            -0.025354677811264992
        ],
        [
            0.07383807748556137,
            0.040706463158130646,
            -0.03523179888725281
        ],
        [
            0.06635044515132904,
            0.0473373718559742,
            -0.034396275877952576
        ],
        [
            0.09089715033769608,
            0.025637995451688766,
            -0.037361957132816315
        ],
        [
            0.09029903262853622,
            0.01342155784368515,
            -0.042066995054483414
        ],
        [
            0.08368851244449615,
            0.02230095863342285,
            -0.05460037663578987
        ],
        [
            0.08657953143119812,
            0.030751582235097885,
            -0.04809049516916275
        ],
        [
            0.06141158938407898,
            0.04742546007037163,
            -0.04031422734260559
        ],
        [
            0.07100491225719452,
            0.04229418560862541,
            -0.04222113639116287
        ],
        [
            0.0581539012491703,
            0.0435028038918972,
            -0.04079042375087738
        ],
        [
            0.045477498322725296,
            0.04852859675884247,
            -0.03569166734814644
        ],
        [
            0.0518009290099144,
            0.052150387316942215,
            -0.036786261945962906
        ],
        [
            0.03903981298208237,
            0.05459156632423401,
            -0.03229939937591553
        ],
        [
            0.04234014078974724,
            0.039873577654361725,
            -0.02926945686340332
        ],
        [
            0.03554386645555496,
            0.05279037728905678,
            -0.023399464786052704
        ],
        [
            0.04982353746891022,
            0.041803017258644104,
            0.0007595308125019073
        ],
        [
            0.05833655595779419,
            0.04475809261202812,
            0.011114013381302357
        ],
        [
            0.05082430690526962,
            0.05987555533647537,
            0.009581354446709156
        ],
        [
            0.043647851794958115,
            0.05557961016893387,
            -0.0014534294605255127
        ],
        [
            0.06839174777269363,
            0.06031879410147667,
            0.020914418622851372
        ],
        [
            0.05823296681046486,
            0.06094936653971672,
            0.014807699248194695
        ],
        [
            0.06501737982034683,
            0.04541203752160072,
            0.01714201457798481
        ],
        [
            0.07387525588274002,
            0.04565805196762085,
            0.022333379834890366
        ],
        [
            0.08146139234304428,
            0.04374997690320015,
            -0.011662889271974564
        ],
        [
            0.0880168080329895,
            0.035745780915021896,
            -0.010480469092726707
        ],
        [
            0.083347849547863,
            0.036051973700523376,
            -0.014997407793998718
        ],
        [
            0.07757966220378876,
            0.04341324046254158,
            -0.016169458627700806
        ],
        [
            0.05901392549276352,
            0.03797679767012596,
            -0.04983067512512207
        ],
        [
            0.052343688905239105,
            0.029825929552316666,
            -0.04249721020460129
        ],
        [
            0.052872031927108765,
            0.03734913468360901,
            -0.04076940566301346
        ],
        [
            0.06275945156812668,
            0.04085709899663925,
            -0.04813900589942932
        ],
        [
            0.11224552989006042,
            0.019499875605106354,
            -0.005737667437642813
        ],
        [
            0.11345990002155304,
            0.00667225569486618,
            -0.0015788692981004715
        ],
        [
            0.10952522605657578,
            0.004456579685211182,
            -0.005334221292287111
        ],
        [
            0.10886109620332718,
            0.01676701009273529,
            -0.007863948121666908
        ],
        [
            0.0975445806980133,
            0.0034577324986457825,
            -0.024105984717607498
        ],
        [
            0.09827698767185211,
            -0.003646962344646454,
            -0.016643503680825233
        ],
        [
            0.0897974967956543,
            -0.01481693983078003,
            -0.016600163653492928
        ],
        [
            0.08576759696006775,
            -0.008553378283977509,
            -0.022972963750362396
        ],
        [
            0.09459368139505386,
            0.009398505091667175,
            -0.03324614092707634
        ],
        [
            0.08552134037017822,
            -0.0018262863159179688,
            -0.03357963263988495
        ],
        [
            0.08218996226787567,
            0.004595126956701279,
            -0.04387517273426056
        ],
        [
            0.07688996195793152,
            0.016420353204011917,
            -0.058478303253650665
        ],
        [
            0.11991652846336365,
            0.010717548429965973,
            0.00879483763128519
        ],
        [
            0.12037090957164764,
            0.020715974271297455,
            0.0068809110671281815
        ],
        [
            0.03343743085861206,
            0.10491707921028137,
            -0.0317038856446743
        ],
        [
            0.03772170469164848,
            0.10595230013132095,
            -0.027516357600688934
        ],
        [
            0.0380561426281929,
            0.10230989009141922,
            -0.02851976454257965
        ],
        [
            0.033533725887537,
            0.101753830909729,
            -0.032144270837306976
        ],
        [
            0.11389687657356262,
            0.01798427850008011,
            0.026742612943053246
        ],
        [
            0.10613307356834412,
            0.015831157565116882,
            0.03287303075194359
        ],
        [
            0.11079500615596771,
            0.010231614112854004,
            0.03324001282453537
        ],
        [
            0.1170768290758133,
            0.011145293712615967,
            0.026244640350341797
        ],
        [
            0.10967332124710083,
            0.027023226022720337,
            0.027250027284026146
        ],
        [
            0.09977389872074127,
            0.02361074835062027,
            0.03156450763344765
        ],
        [
            0.021967433393001556,
            0.10761328786611557,
            -0.026488522067666054
        ],
        [
            0.02464304305613041,
            0.10674689710140228,
            -0.030929427593946457
        ],
        [
            0.023460272699594498,
            0.10191772878170013,
            -0.029733607545495033
        ],
        [
            0.021366318687796593,
            0.10178510844707489,
            -0.024573279544711113
        ],
        [
            0.058881040662527084,
            0.053581543266773224,
            -0.03359941393136978
        ],
        [
            0.06583406776189804,
            0.05328182876110077,
            -0.026555374264717102
        ],
        [
            0.04915706813335419,
            0.07066431641578674,
            -0.032405879348516464
        ],
        [
            0.056263018399477005,
            0.06323258578777313,
            -0.02863430790603161
        ],
        [
            0.05161217972636223,
            0.05976055562496185,
            -0.03353475034236908
        ],
        [
            0.045147303491830826,
            0.06597962230443954,
            -0.03498384356498718
        ],
        [
            0.07205551862716675,
            0.06443635374307632,
            -0.010421584360301495
        ],
        [
            0.07750915735960007,
            0.054058365523815155,
            -0.00956008117645979
        ],
        [
            0.07270801067352295,
            0.05393071472644806,
            -0.014275762252509594
        ],
        [
            0.06629249453544617,
            0.0649392157793045,
            -0.01691598631441593
        ],
        [
            0.0887640118598938,
            0.05733935162425041,
            -0.0015325126005336642
        ],
        [
            0.08219367265701294,
            0.06717050075531006,
            -0.002716019283980131
        ],
        [
            0.08933135867118835,
            0.06790544092655182,
            0.0019973611924797297
        ],
        [
            0.09338632225990295,
            0.061025287955999374,
            0.0012847918551415205
        ],
        [
            0.06836985796689987,
            0.08229082822799683,
            -0.006329881027340889
        ],
        [
            0.06395523995161057,
            0.08777143061161041,
            -0.005968835670500994
        ],
        [
            0.06684660166501999,
            0.08960719406604767,
            -0.00450050737708807
        ],
        [
            0.07113383710384369,
            0.08276141434907913,
            -0.003815242787823081
        ],
        [
            0.11440858244895935,
            0.004184432327747345,
            0.03404814004898071
        ],
        [
            0.1192617267370224,
            0.004245281219482422,
            0.02546052262187004
        ],
        [
            0.08811777085065842,
            0.06248350441455841,
            0.029796309769153595
        ],
        [
            0.09915073961019516,
            0.061392996460199356,
            0.028478048741817474
        ],
        [
            0.09590793401002884,
            0.07400374114513397,
            0.029097851365804672
        ],
        [
            0.08459344506263733,
            0.07194298505783081,
            0.03060717135667801
        ],
        [
            0.09604206681251526,
            0.013293027877807617,
            0.03332594037055969
        ],
        [
            0.10130588710308075,
            0.00808793306350708,
            0.03594820201396942
        ],
        [
            0.02255401760339737,
            0.1085980087518692,
            -0.020266206935048103
        ],
        [
            0.022724315524101257,
            0.10275634378194809,
            -0.018515635281801224
        ],
        [
            0.07180704176425934,
            3.3020973205566406e-05,
            -0.037491947412490845
        ],
        [
            0.0677269846200943,
            0.013515397906303406,
            -0.05603145435452461
        ],
        [
            0.07552746683359146,
            -0.0073436349630355835,
            -0.024117911234498024
        ],
        [
            0.07783153653144836,
            -0.012442655861377716,
            -0.015200503170490265
        ],
        [
            0.08039587736129761,
            -0.01880878210067749,
            -0.0101997721940279
        ],
        [
            0.058069512248039246,
            0.06877186894416809,
            -0.024928487837314606
        ],
        [
            0.07153578102588654,
            0.05044250562787056,
            -0.019281908869743347
        ],
        [
            0.08531395345926285,
            0.04453807696700096,
            -0.008220892399549484
        ],
        [
            0.1089368462562561,
            0.056349016726017,
            0.007791520562022924
        ],
        [
            0.11389923840761185,
            0.04699397087097168,
            0.007712396793067455
        ],
        [
            0.10610680282115936,
            0.04757064953446388,
            0.0004229755140841007
        ],
        [
            0.10296626389026642,
            0.05550743266940117,
            0.002474929438903928
        ],
        [
            0.10647592693567276,
            0.06397901475429535,
            0.022304942831397057
        ],
        [
            0.10661535710096359,
            0.0658448189496994,
            0.014483911916613579
        ],
        [
            0.10261122137308121,
            0.07392659783363342,
            0.015102735720574856
        ],
        [
            0.1024371013045311,
            0.07389349490404129,
            0.0228574201464653
        ],
        [
            0.05694550275802612,
            0.033947087824344635,
            -0.0556645393371582
        ],
        [
            0.052928000688552856,
            0.022689662873744965,
            -0.045044176280498505
        ],
        [
            0.11939811706542969,
            0.0190436989068985,
            0.01773802563548088
        ],
        [
            0.12028923630714417,
            0.011382736265659332,
            0.016592402011156082
        ],
        [
            0.12134125828742981,
            0.0030974000692367554,
            0.018030954524874687
        ],
        [
            0.09981557726860046,
            0.02747558429837227,
            -0.009276075288653374
        ],
        [
            0.10658948868513107,
            0.014938980340957642,
            -0.009443547576665878
        ],
        [
            0.10376167297363281,
            0.014501430094242096,
            -0.012742619961500168
        ],
        [
            0.09661814570426941,
            0.027138080447912216,
            -0.010583288967609406
        ],
        [
            0.08745266497135162,
            0.03164379671216011,
            -0.025064662098884583
        ],
        [
            0.09598908573389053,
            0.020880844444036484,
            -0.02606379985809326
        ],
        [
            0.08395981043577194,
            0.03601280599832535,
            -0.03523368015885353
        ],
        [
            0.10496565699577332,
            -0.0001050904393196106,
            -0.010106866247951984
        ],
        [
            0.1123262271285057,
            -0.005388930439949036,
            -0.003901112824678421
        ],
        [
            0.10623770952224731,
            -0.009533435106277466,
            -0.008898966014385223
        ],
        [
            0.11762887984514236,
            -0.001871548593044281,
            0.0035938196815550327
        ],
        [
            0.1211237907409668,
            0.0012436062097549438,
            0.011218897998332977
        ],
        [
            0.1044829934835434,
            0.0014160200953483582,
            0.04017123207449913
        ],
        [
            0.09930071979761124,
            -0.012802347540855408,
            -0.012401686049997807
        ],
        [
            0.08281640708446503,
            0.033645149320364,
            -0.05434058606624603
        ],
        [
            0.08108819276094437,
            0.03799627348780632,
            -0.057343240827322006
        ],
        [
            0.07803571969270706,
            0.04090684652328491,
            -0.05075766518712044
        ],
        [
            0.07856478542089462,
            0.03779295086860657,
            -0.04810623079538345
        ],
        [
            0.03274540230631828,
            0.0629672035574913,
            -0.029695669189095497
        ],
        [
            0.03868219628930092,
            0.06471025198698044,
            -0.034672100096940994
        ],
        [
            0.04525098204612732,
            0.055782098323106766,
            -0.035740938037633896
        ],
        [
            0.11129890382289886,
            0.030791878700256348,
            -0.0033843405544757843
        ],
        [
            0.118381567299366,
            0.031386785209178925,
            0.007089081220328808
        ],
        [
            0.05041396617889404,
            0.07576938718557358,
            -0.028027651831507683
        ],
        [
            0.02132953330874443,
            0.09664498269557953,
            -0.02312970533967018
        ],
        [
            0.02326010726392269,
            0.09659266471862793,
            -0.02893039770424366
        ],
        [
            0.027354039251804352,
            0.07944443821907043,
            -0.028598107397556305
        ],
        [
            0.02490677870810032,
            0.07986379414796829,
            -0.022253917530179024
        ],
        [
            0.04545161500573158,
            0.08332677185535431,
            -0.020503733307123184
        ],
        [
            0.04707251861691475,
            0.08052543550729752,
            -0.02608463540673256
        ],
        [
            0.04537693411111832,
            0.08300699293613434,
            -0.02413049153983593
        ],
        [
            0.04489099979400635,
            0.08621194213628769,
            -0.018466293811798096
        ],
        [
            0.07465900480747223,
            0.08843817561864853,
            0.00048127101035788655
        ],
        [
            0.07836834341287613,
            0.08249358087778091,
            0.001039163558743894
        ],
        [
            0.04002157598733902,
            0.07047424465417862,
            -0.005406275391578674
        ],
        [
            0.032073989510536194,
            0.06194332242012024,
            -0.01258173119276762
        ],
        [
            0.037538643926382065,
            0.05203402042388916,
            -0.011710635386407375
        ],
        [
            0.0778697207570076,
            0.06514482945203781,
            -0.005744650028645992
        ],
        [
            0.07351835817098618,
            0.07471758127212524,
            -0.006035120226442814
        ],
        [
            0.07656101882457733,
            0.07551538199186325,
            -0.003273424692451954
        ],
        [
            0.0576922781765461,
            0.07297372072935104,
            -0.02237197570502758
        ],
        [
            0.05202517658472061,
            0.07882573455572128,
            -0.023249126970767975
        ],
        [
            0.055943965911865234,
            0.07787349820137024,
            -0.019545407965779305
        ],
        [
            0.06137048453092575,
            0.07266329228878021,
            -0.017962131649255753
        ],
        [
            0.1027941033244133,
            0.04874485358595848,
            0.029215753078460693
        ],
        [
            0.11158581078052521,
            0.05198720097541809,
            0.02223176509141922
        ],
        [
            0.02876724861562252,
            0.10550709813833237,
            -0.032852884382009506
        ],
        [
            0.028103692457079887,
            0.1016114130616188,
            -0.03262237459421158
        ],
        [
            0.08310238271951675,
            0.05496177077293396,
            -0.005007314495742321
        ],
        [
            0.04486599564552307,
            0.03984740749001503,
            -0.01028933934867382
        ],
        [
            0.08964024484157562,
            0.04559116065502167,
            -0.004922510124742985
        ],
        [
            0.07193170487880707,
            0.08211737871170044,
            0.01968582160770893
        ],
        [
            0.07828185707330704,
            0.08633751422166824,
            0.016312547028064728
        ],
        [
            0.07591574639081955,
            0.09080703556537628,
            0.013740120455622673
        ],
        [
            0.0704125314950943,
            0.09016170352697372,
            0.01665310561656952
        ],
        [
            0.04024665802717209,
            0.09961316734552383,
            -0.016998326405882835
        ],
        [
            0.04136387258768082,
            0.10009991377592087,
            -0.02263500913977623
        ],
        [
            0.04040597751736641,
            0.10317456722259521,
            -0.022723451256752014
        ],
        [
            0.0389171838760376,
            0.10369114577770233,
            -0.0170004703104496
        ],
        [
            0.04492972418665886,
            0.07778080552816391,
            -0.030741866677999496
        ],
        [
            0.04073382914066315,
            0.07388804107904434,
            -0.0341171957552433
        ],
        [
            0.03875325620174408,
            0.08090808242559433,
            -0.03253476694226265
        ],
        [
            0.04277285560965538,
            0.08255524188280106,
            -0.028526686131954193
        ],
        [
            0.03427906706929207,
            0.07289939373731613,
            -0.03285147622227669
        ],
        [
            0.03255423530936241,
            0.07955820113420486,
            -0.03224281594157219
        ],
        [
            0.03534466028213501,
            0.09884403645992279,
            -0.012769395485520363
        ],
        [
            0.027811741456389427,
            0.09791203588247299,
            -0.012726735323667526
        ],
        [
            0.032280635088682175,
            0.08335890620946884,
            -0.011335354298353195
        ],
        [
            0.03916192799806595,
            0.08687470853328705,
            -0.013142923824489117
        ],
        [
            0.07830359041690826,
            0.0313795804977417,
            0.024669233709573746
        ],
        [
            0.08811406791210175,
            0.03387140482664108,
            0.029374871402978897
        ],
        [
            0.08390381187200546,
            0.04816579073667526,
            0.027334492653608322
        ],
        [
            0.07947926223278046,
            0.06220357120037079,
            0.026580248028039932
        ],
        [
            0.07512166351079941,
            0.07526431977748871,
            0.02430446818470955
        ],
        [
            0.06355921924114227,
            0.07267667353153229,
            0.020883003249764442
        ],
        [
            0.09157649427652359,
            0.04858233407139778,
            0.030154237523674965
        ],
        [
            0.04387931153178215,
            0.08224691450595856,
            -0.013908139429986477
        ],
        [
            0.03610273450613022,
            0.07484640926122665,
            -0.011508314870297909
        ],
        [
            0.040726855397224426,
            0.07837517559528351,
            -0.009510312229394913
        ],
        [
            0.09595120698213577,
            0.04818094149231911,
            -0.0018705114489421248
        ],
        [
            0.027593959122896194,
            0.09679097682237625,
            -0.03216128796339035
        ],
        [
            0.070779949426651,
            -0.008107483386993408,
            0.006338929757475853
        ],
        [
            0.07502534985542297,
            -0.0033277496695518494,
            0.01801445335149765
        ],
        [
            0.07097399979829788,
            0.0035189613699913025,
            0.014268018305301666
        ],
        [
            0.06685454398393631,
            -0.0016031339764595032,
            0.0006579142063856125
        ],
        [
            0.03874831274151802,
            0.09923390299081802,
            -0.029014814645051956
        ],
        [
            0.03382318839430809,
            0.09778983891010284,
            -0.03282361477613449
        ],
        [
            0.08296830207109451,
            0.08523920178413391,
            0.005137011408805847
        ],
        [
            0.0786455050110817,
            0.09000890702009201,
            0.004460291936993599
        ],
        [
            0.07906422019004822,
            0.09193618595600128,
            0.007972316816449165
        ],
        [
            0.0853462740778923,
            0.08954309672117233,
            0.008650781586766243
        ],
        [
            0.09384219348430634,
            0.03385191410779953,
            0.031048918142914772
        ],
        [
            0.09466473758220673,
            0.08219251781702042,
            0.027676694095134735
        ],
        [
            0.08450164645910263,
            0.08032310009002686,
            0.029383502900600433
        ],
        [
            0.09142966568470001,
            0.021284066140651703,
            0.030960433185100555
        ],
        [
            0.08259996771812439,
            0.018905073404312134,
            0.02743498608469963
        ],
        [
            0.08614394813776016,
            0.010125577449798584,
            0.029776442795991898
        ],
        [
            0.0526815727353096,
            0.07648453861474991,
            0.010414943099021912
        ],
        [
            0.07087722420692444,
            0.03152383118867874,
            0.020127270370721817
        ],
        [
            0.07641176879405975,
            0.018369309604167938,
            0.022902781143784523
        ],
        [
            0.08036468923091888,
            0.007833585143089294,
            0.025485927239060402
        ],
        [
            0.08329135924577713,
            0.0005099847912788391,
            0.028248822316527367
        ],
        [
            0.08942455053329468,
            0.0037824586033821106,
            0.03254189342260361
        ],
        [
            0.023536555469036102,
            0.09743509441614151,
            -0.017115017399191856
        ],
        [
            0.02717222273349762,
            0.10402355343103409,
            -0.013425194658339024
        ],
        [
            0.09241248667240143,
            -0.003486037254333496,
            0.037127453833818436
        ],
        [
            0.08576187491416931,
            -0.0068408772349357605,
            0.03156531602144241
        ],
        [
            0.06980405747890472,
            0.01687830686569214,
            0.016650643199682236
        ],
        [
            0.0628616064786911,
            0.014926701784133911,
            0.007797297090291977
        ],
        [
            0.06487782299518585,
            0.029731981456279755,
            0.01405104249715805
        ],
        [
            0.057379838079214096,
            0.02887706458568573,
            0.005213592201471329
        ],
        [
            0.04412102699279785,
            0.07047437131404877,
            0.007522725500166416
        ],
        [
            0.03324435278773308,
            0.12094521522521973,
            -0.01687457598745823
        ],
        [
            0.03223393112421036,
            0.1103605180978775,
            -0.013646348379552364
        ],
        [
            0.037201136350631714,
            0.1086532473564148,
            -0.01631726324558258
        ],
        [
            0.037303563207387924,
            0.11922433972358704,
            -0.016727173700928688
        ],
        [
            0.03427770733833313,
            0.1039678305387497,
            -0.013372375629842281
        ],
        [
            0.02679547667503357,
            0.10997137427330017,
            -0.014996149577200413
        ],
        [
            0.051915522664785385,
            0.02581608295440674,
            -0.008853953331708908
        ],
        [
            0.051204320043325424,
            0.08355793356895447,
            -0.019262012094259262
        ],
        [
            0.05936439335346222,
            0.010072194039821625,
            -0.009442176669836044
        ],
        [
            0.04650546982884407,
            0.026799369603395462,
            -0.02672453597187996
        ],
        [
            0.05387834832072258,
            0.015482190996408463,
            -0.028719337657094002
        ],
        [
            0.06741079688072205,
            -0.005795195698738098,
            -0.01193246804177761
        ],
        [
            0.06276828050613403,
            0.0014860108494758606,
            -0.02680390514433384
        ],
        [
            0.07478058338165283,
            -0.01749933511018753,
            -0.0010112598538398743
        ],
        [
            0.07097399234771729,
            -0.010870270431041718,
            -0.004995541647076607
        ],
        [
            0.059498131275177,
            0.010145235806703568,
            -0.04344647377729416
        ],
        [
