{
    "pred_cam": [
        6.50779914855957,
        -0.05282421410083771,
        0.012699201703071594
    ],
    "pred_mano_params": {
        "global_orient": [
            [
                [
                    0.5904712677001953,
                    0.806257426738739,
                    0.03595434129238129
                ],
                [
                    0.28208330273628235,
                    -0.16443666815757751,
                    -0.9451929330825806
                ],
                [
                    -0.7561565637588501,
                    0.5682513117790222,
                    -0.3245268762111664
                ]
            ]
        ],
        "hand_pose": [
            [
                [
                    0.6128014922142029,
                    -0.7598409652709961,
                    -0.2170621156692505
                ],
                [
                    0.7738572955131531,
                    0.6326528191566467,
                    -0.029920639470219612
                ],
                [
                    0.16005989909172058,
                    -0.14963969588279724,
                    0.9756990671157837
                ]
            ],
            [
                [
                    0.6623206734657288,
                    -0.7279794812202454,
                    0.17713622748851776
                ],
                [
                    0.7431319952011108,
                    0.6082333922386169,
                    -0.27893900871276855
                ],
                [
                    0.09532169252634048,
                    0.31638264656066895,
                    0.9438304305076599
                ]
            ],
            [
                [
                    0.9199395775794983,
                    -0.3849693536758423,
                    0.07422821968793869
                ],
                [
                    0.3731025755405426,
                    0.9177841544151306,
                    0.13589227199554443
                ],
                [
                    -0.12043985724449158,
                    -0.09731793403625488,
                    0.9879390001296997
                ]
            ],
            [
                [
                    0.09665191173553467,
                    -0.9476845860481262,
                    -0.30422404408454895
                ],
                [
                    0.9939205050468445,
                    0.07570426166057587,
                    0.07994305342435837
                ],
                [
                    -0.052729759365320206,
                    -0.310101181268692,
                    0.9492400884628296
                ]
            ],
            [
                [
                    0.9167513251304626,
                    -0.3595540225505829,
                    -0.17403414845466614
                ],
                [
                    0.3839401304721832,
                    0.9133701920509338,
                    0.13544295728206635
                ],
                [
                    0.110258549451828,
                    -0.19098620116710663,
                    0.975380539894104
                ]
            ],
            [
                [
                    0.9523192644119263,
                    -0.30510130524635315,
                    -0.00109483627602458
                ],
                [
                    0.3049083352088928,
                    0.9518329501152039,
                    -0.03232480213046074
                ],
                [
                    0.010904441587626934,
                    0.03044970892369747,
                    0.9994767904281616
                ]
            ],
            [
                [
                    0.31972455978393555,
                    -0.9474518895149231,
                    -0.010538716800510883
                ],
                [
                    0.7101870179176331,
                    0.23226527869701385,
                    0.6645956039428711
                ],
                [
                    -0.6272246241569519,
                    -0.2199719399213791,
                    0.7471289038658142
                ]
            ],
            [
                [
                    0.9603477120399475,
                    -0.2654944062232971,
                    -0.08511687070131302
                ],
                [
                    0.27654001116752625,
                    0.9459049701690674,
                    0.1696738451719284
                ],
                [
                    0.03546502813696861,
                    -0.18648412823677063,
                    0.9818174839019775
                ]
            ],
            [
                [
                    0.9914390444755554,
                    0.1269923746585846,
                    -0.030357101932168007
                ],
                [
                    -0.1112726554274559,
                    0.9434001445770264,
                    0.31243324279785156
                ],
                [
                    0.0683155357837677,
                    -0.30638059973716736,
                    0.9494545459747314
                ]
            ],
            [
                [
                    0.10305572301149368,
                    -0.9945210814476013,
                    0.017531760036945343
                ],
                [
                    0.9606373906135559,
                    0.10408512502908707,
                    0.2575695812702179
                ],
                [
                    -0.25798317790031433,
                    -0.00970236025750637,
                    0.9661006927490234
                ]
            ],
            [
                [
                    0.9565481543540955,
                    -0.28597167134284973,
                    -0.05688460171222687
                ],
                [
                    0.28437501192092896,
                    0.8719164133071899,
                    0.398613303899765
                ],
                [
                    -0.06439350545406342,
                    -0.3974693715572357,
                    0.9153532385826111
                ]
            ],
            [
                [
                    0.9705382585525513,
                    -0.23946942389011383,
                    0.02664255164563656
                ],
                [
                    0.23553335666656494,
                    0.9662221074104309,
                    0.10458886623382568
                ],
                [
                    -0.050788458436727524,
                    -0.095232293009758,
                    0.9941585659980774
                ]
            ],
            [
                [
                    0.9899731874465942,
                    0.028009364381432533,
                    -0.13845084607601166
                ],
                [
                    -0.12392990291118622,
                    0.6425551772117615,
                    -0.7561509013175964
                ],
                [
                    0.06778302788734436,
                    0.7657272815704346,
                    0.6395835876464844
                ]
            ],
            [
                [
                    0.946195662021637,
                    -0.32246431708335876,
                    0.02703084610402584
                ],
                [
                    0.2766292095184326,
                    0.8493808507919312,
                    0.4494757056236267
                ],
                [
                    -0.16789937019348145,
                    -0.41781437397003174,
                    0.8928835391998291
                ]
            ],
            [
                [
                    0.9662837386131287,
                    -0.044962868094444275,
                    -0.25352323055267334
                ],
                [
                    -0.03315787389874458,
                    0.9547058939933777,
                    -0.2956976890563965
                ],
                [
                    0.25533556938171387,
                    0.2941341698169708,
                    0.9210259318351746
                ]
            ]
        ],
        "betas": [
            -0.036768972873687744,
            -0.01962357759475708,
            0.00011548399925231934,
            0.05513456463813782,
            -0.0015496909618377686,
            -0.03560686856508255,
            0.008303225040435791,
            -0.07416573166847229,
            -0.014607354998588562,
            -0.0103970468044281
        ]
    },
    "pred_cam_t": [
        -0.05282421410083771,
        0.012699201703071594,
        6.002413272857666
    ],
    "focal_length": [
        5000.0,
        5000.0
    ],
    "pred_keypoints_3d": [
        [
            0.09585022181272507,
            0.006403068546205759,
            0.006193453911691904
        ],
        [
            0.06995101273059845,
            -0.022290507331490517,
            0.007135368417948484
        ],
        [
            0.04499240964651108,
            -0.040007367730140686,
            0.011096218600869179
        ],
        [
            0.02069719322025776,
            -0.05085363984107971,
            0.016485363245010376
        ],
        [
            -0.012171872891485691,
            -0.06014850735664368,
            0.026167795062065125
        ],
        [
            0.04026118293404579,
            -0.037211205810308456,
            0.06327106058597565
        ],
        [
            0.007769949734210968,
            -0.0366353765130043,
            0.06931856274604797
        ],
        [
            -0.006538716144859791,
            -0.029549341648817062,
            0.05384474992752075
        ],
        [
            -0.01607021689414978,
            -0.02202289178967476,
            0.032196007668972015
        ],
        [
            0.03852829709649086,
            -0.01690133661031723,
            0.0781773254275322
        ],
        [
            0.011309709399938583,
            -0.00862074550241232,
            0.06409048289060593
        ],
        [
            0.00012873392552137375,
            -0.0009333062916994095,
            0.045145608484745026
        ],
        [
            -0.010115232318639755,
            0.0067069921642541885,
            0.022576116025447845
        ],
        [
            0.04332588240504265,
            0.009243084117770195,
            0.07454746961593628
        ],
        [
            0.017569411545991898,
            0.010213767178356647,
            0.061551742255687714
        ],
        [
            0.004145808517932892,
            0.015516757033765316,
            0.04135332256555557
        ],
        [
            -0.00917714461684227,
            0.01946321129798889,
            0.019778799265623093
        ],
        [
            0.04553333297371864,
            0.02953086979687214,
            0.06670895963907242
        ],
        [
            0.02594602294266224,
            0.030067872256040573,
            0.05875544995069504
        ],
        [
            0.012134741060435772,
            0.03132689744234085,
            0.045788541436195374
        ],
        [
            -0.004735248163342476,
            0.03269843012094498,
            0.03155064955353737
        ]
    ],
    "pred_vertices": [
        [
            0.05287737399339676,
            -0.02005056105554104,
            0.029094137251377106
        ],
        [
            0.05738046020269394,
            -0.015873746946454048,
            0.02045201137661934
        ],
        [
            0.04951488971710205,
            -0.022736895829439163,
            0.021181397140026093
        ],
        [
            0.04677300155162811,
            -0.027567222714424133,
            0.029402170330286026
        ],
        [
            0.05270411819219589,
            -0.016340099275112152,
            0.00041513144969940186
        ],
        [
            0.057270899415016174,
            -0.02288547158241272,
            -0.00882449746131897
        ],
        [
            0.0446087121963501,
            -0.03140029311180115,
            -0.002785228192806244
        ],
        [
            0.04195761680603027,
            -0.02402055636048317,
            0.0037193112075328827
        ],
        [
            0.04280202463269234,
            -0.03448180854320526,
            0.030886497348546982
        ],
        [
            0.043038010597229004,
            -0.02831965498626232,
            0.022063978016376495
        ],
        [
            0.04392241686582565,
            -0.03932063654065132,
            0.03153859078884125
        ],
        [
            0.04907126724720001,
            -0.04518052190542221,
            0.04275833070278168
        ],
        [
            0.044673457741737366,
            -0.03976210951805115,
            0.03996925801038742
        ],
        [
            0.04900969937443733,
            -0.04687286168336868,
            0.05126332491636276
        ],
        [
            0.06029989570379257,
            -0.04632324352860451,
            0.042701855301856995
        ],
        [
            0.05605485662817955,
            -0.045728374272584915,
            0.05808635801076889
        ],
        [
            0.07636753469705582,
            -0.02339896745979786,
            0.05349096655845642
        ],
        [
            0.07862134277820587,
            -0.010017260909080505,
            0.05551911145448685
        ],
        [
            0.06779170036315918,
            -0.012801084667444229,
            0.07052474468946457
        ],
        [
            0.06582231819629669,
            -0.025985389947891235,
            0.06609269231557846
        ],
        [
            0.07052703946828842,
            0.007851587608456612,
            0.06586813181638718
        ],
        [
            0.06844443082809448,
            -0.0036281049251556396,
            0.06896091997623444
        ],
        [
            0.08032975345849991,
            -0.001057324931025505,
            0.05506487935781479
        ],
        [
            0.08138968050479889,
            0.008960317820310593,
            0.05276346206665039
        ],
        [
            0.059938423335552216,
            -0.005341984331607819,
            0.028442256152629852
        ],
        [
            0.06534305214881897,
            -0.0015243291854858398,
            0.01995067298412323
        ],
        [
            0.06385987997055054,
            -0.007211968302726746,
            0.020541176199913025
        ],
        [
            0.058485113084316254,
            -0.010787399485707283,
            0.028290890157222748
        ],
        [
            0.043103285133838654,
            -0.04719831794500351,
            0.02351929061114788
        ],
        [
            0.05603131651878357,
            -0.04764538258314133,
            0.025278709828853607
        ],
        [
            0.05070563405752182,
            -0.04485456645488739,
            0.030852576717734337
        ],
        [
            0.039347149431705475,
            -0.04307437688112259,
            0.024626383557915688
        ],
        [
            0.074693962931633,
            0.015592621639370918,
            -0.0018400400876998901
        ],
        [
            0.08672218024730682,
            0.01566288247704506,
            -0.008207522332668304
        ],
        [
            0.08694528043270111,
            0.009848587214946747,
            -0.009253211319446564
        ],
        [
            0.07624736428260803,
            0.010974790900945663,
            -0.00280105322599411
        ],
        [
            0.07762981951236725,
            -0.010595716536045074,
            -0.012778714299201965
        ],
        [
            0.08810999244451523,
            -0.007731486111879349,
            -0.013739295303821564
        ],
        [
            0.09810729324817657,
            -0.017046229913830757,
            -0.015166841447353363
        ],
        [
            0.08940544724464417,
            -0.022159753367304802,
            -0.012193560600280762
        ],
        [
            0.0666128545999527,
            -0.016459427773952484,
            -0.011205367743968964
        ],
        [
            0.07635073363780975,
            -0.02648121863603592,
            -0.012602489441633224
        ],
        [
            0.06447846442461014,
            -0.03189390152692795,
            -0.010139554738998413
        ],
        [
            0.04979999363422394,
            -0.03912857174873352,
            -0.004018254578113556
        ],
        [
            0.08875797688961029,
            0.027686476707458496,
            -0.004085078835487366
        ],
        [
            0.07985694706439972,
            0.029553737491369247,
            0.0007304772734642029
        ],
        [
            0.009718654677271843,
            -0.03840130567550659,
            0.05526579171419144
        ],
        [
            0.009900683537125587,
            -0.03224937617778778,
            0.055483847856521606
        ],
        [
            0.013249829411506653,
            -0.03322158753871918,
            0.05554085224866867
        ],
        [
            0.012452419847249985,
            -0.03902193158864975,
            0.05559398606419563
        ],
        [
            0.09592597186565399,
            0.03541673347353935,
            0.013332709670066833
        ],
        [
            0.10309213399887085,
            0.03234943747520447,
            0.019757837057113647
        ],
        [
            0.10652212798595428,
            0.03469899296760559,
            0.01375114917755127
        ],
        [
            0.10006144642829895,
            0.03578516095876694,
            0.006968095898628235
        ],
        [
            0.09049400687217712,
            0.03491814434528351,
            0.0217474102973938
        ],
        [
            0.09788142144680023,
            0.028749389573931694,
            0.02770160138607025
        ],
        [
            0.003725660964846611,
            -0.042865656316280365,
            0.06580355018377304
        ],
        [
            0.005420107394456863,
            -0.0439368411898613,
            0.060911595821380615
        ],
        [
            0.009338995441794395,
            -0.04496382921934128,
            0.06351245194673538
        ],
        [
            0.008875938132405281,
            -0.04331832379102707,
            0.06873738020658493
        ],
        [
            0.04441865533590317,
            -0.03234116733074188,
            0.037416011095047
        ],
        [
            0.04741609841585159,
            -0.023360073566436768,
            0.036282870918512344
        ],
        [
            0.03753702715039253,
            -0.03487100824713707,
            0.0511239655315876
        ],
        [
            0.041471827775239944,
            -0.02971303090453148,
            0.04681241512298584
        ],
        [
            0.04257306829094887,
            -0.03658951818943024,
            0.04514847695827484
        ],
        [
            0.03978942334651947,
            -0.04032469540834427,
            0.04986485093832016
        ],
        [
            0.04777364432811737,
            -0.006776469759643078,
            0.0474034883081913
        ],
        [
            0.054552339017391205,
            -0.004672849550843239,
            0.038256075233221054
        ],
        [
            0.05283255875110626,
            -0.011106744408607483,
            0.038634996861219406
        ],
        [
            0.04469785839319229,
            -0.014882663264870644,
            0.04774768278002739
        ],
        [
            0.054660774767398834,
            0.00951419211924076,
            0.037593912333250046
        ],
        [
            0.048525370657444,
            0.0062180012464523315,
            0.04693710803985596
        ],
        [
            0.04953646659851074,
            0.01463322527706623,
            0.04535042867064476
        ],
        [
            0.05277244746685028,
            0.015660755336284637,
            0.038459546864032745
        ],
        [
            0.03916366025805473,
            -0.003047533333301544,
            0.0624588206410408
        ],
        [
            0.03822500258684158,
            -0.005557171069085598,
            0.06616706401109695
        ],
        [
            0.03721841052174568,
            -0.0018218280747532845,
            0.06481989473104477
        ],
        [
            0.039640337228775024,
            0.0006180703639984131,
            0.061598144471645355
        ],
        [
            0.11079193651676178,
            0.03641853481531143,
            0.00830424576997757
        ],
        [
            0.10429821908473969,
            0.035242609679698944,
            0.0009940341114997864
        ],
        [
            0.07027554512023926,
            0.02919294685125351,
            0.05946757644414902
        ],
        [
            0.06836090981960297,
            0.0363132618367672,
            0.050800785422325134
        ],
        [
            0.05905068665742874,
            0.03683069348335266,
            0.06033451855182648
        ],
        [
            0.0639190673828125,
            0.02902527153491974,
            0.0686786025762558
        ],
        [
            0.10750769078731537,
            0.024167384952306747,
            0.024425465613603592
        ],
        [
            0.111910879611969,
            0.028369784355163574,
            0.01946205645799637
        ],
        [
            0.002905234694480896,
            -0.038119565695524216,
            0.07007970660924911
        ],
        [
            0.008170129731297493,
            -0.03838631138205528,
            0.07256599515676498
        ],
        [
            0.07537205517292023,
            -0.0381278395652771,
            -0.003988698124885559
        ],
        [
            0.056347958743572235,
            -0.04546614736318588,
            0.00011962279677391052
        ],
        [
            0.08959007263183594,
            -0.03098750300705433,
            -0.005647189915180206
        ],
        [
            0.09939779341220856,
            -0.02536682039499283,
            -0.00580994039773941
        ],
        [
            0.10717201232910156,
            -0.02185651659965515,
            -0.008579850196838379
        ],
        [
            0.03973723575472832,
            -0.02475716918706894,
            0.05075296759605408
        ],
        [
            0.052628859877586365,
            -0.015627898275852203,
            0.034707210958004
        ],
        [
            0.06054551154375076,
            -0.0002559628337621689,
            0.028397206217050552
        ],
        [
            0.05679231882095337,
            0.03044372797012329,
            0.029833443462848663
        ],
        [
            0.06238275766372681,
            0.031902655959129333,
            0.021232686936855316
        ],
        [
            0.05906040221452713,
            0.021663252264261246,
            0.022288981825113297
        ],
        [
            0.055328674614429474,
            0.02242383547127247,
            0.030000559985637665
        ],
        [
            0.06108897924423218,
            0.039028607308864594,
            0.044140469282865524
        ],
        [
            0.055001478642225266,
            0.035023774951696396,
            0.04047343134880066
        ],
        [
            0.050906673073768616,
            0.03402465954422951,
            0.046991199254989624
        ],
        [
            0.05499294400215149,
            0.03830337896943092,
            0.05219365656375885
        ],
        [
            0.04495203495025635,
            -0.0523843877017498,
            0.018218088895082474
        ],
        [
            0.059780582785606384,
            -0.049761611968278885,
            0.018846668303012848
        ],
        [
            0.08822011947631836,
            0.03470669314265251,
            0.006030358374118805
        ],
        [
            0.09308187663555145,
            0.03272377699613571,
            0.00018773972988128662
        ],
        [
            0.1000390350818634,
            0.032236889004707336,
            -0.0048087239265441895
        ],
        [
            0.06954969465732574,
            0.00598006509244442,
            0.008260846138000488
        ],
        [
            0.07720616459846497,
            0.007783450186252594,
            -0.003586091101169586
        ],
        [
            0.07618873566389084,
            0.003561798483133316,
            -0.004143700003623962
        ],
        [
            0.07002143561840057,
            0.0027606934309005737,
            0.008982665836811066
        ],
        [
            0.059896089136600494,
            -0.010174635797739029,
            0.01045960932970047
        ],
        [
            0.06404314935207367,
            -0.007930506020784378,
            -0.0022019296884536743
        ],
        [
            0.04996567219495773,
            -0.016509007662534714,
            0.012305080890655518
        ],
        [
            0.08837583661079407,
            0.002287866547703743,
            -0.011948607861995697
        ],
        [
            0.09468768537044525,
            0.010319076478481293,
            -0.01612260937690735
        ],
        [
            0.0959896594285965,
            0.0016134455800056458,
            -0.01762937754392624
        ],
        [
            0.09553462266921997,
            0.019683483988046646,
            -0.01322057843208313
        ],
        [
            0.09719192981719971,
            0.027592867612838745,
            -0.009377218782901764
        ],
        [
            0.11887401342391968,
            0.03159356117248535,
            0.01570942997932434
        ],
        [
            0.09764628112316132,
            -0.006637852638959885,
            -0.017367534339427948
        ],
        [
            0.03549244627356529,
            -0.030501456931233406,
            0.006449665874242783
        ],
        [
            0.02976541966199875,
            -0.036585163325071335,
            0.008096210658550262
        ],
        [
            0.030949950218200684,
            -0.03475048393011093,
            0.015626464039087296
        ],
        [
            0.0364043265581131,
            -0.02882923185825348,
            0.014840912073850632
        ],
        [
            0.044792234897613525,
            -0.04756990820169449,
            0.059140048921108246
        ],
        [
            0.04116572439670563,
            -0.045221805572509766,
            0.0528409406542778
        ],
        [
            0.04517674818634987,
            -0.04349401965737343,
            0.04593101143836975
        ],
        [
            0.06791724264621735,
            0.019160840660333633,
            0.006928876042366028
        ],
        [
            0.07247117906808853,
            0.030954519286751747,
            0.008589863777160645
        ],
        [
            0.03565539792180061,
            -0.03001733310520649,
            0.054604507982730865
        ],
        [
            0.013627121224999428,
            -0.04397013038396835,
            0.07076523452997208
        ],
        [
            0.014103604480624199,
            -0.046220581978559494,
            0.06503891944885254
        ],
        [
            0.03205861523747444,
            -0.04778200760483742,
            0.06337793916463852
        ],
        [
            0.031862206757068634,
            -0.04553522914648056,
            0.07017271220684052
        ],
        [
            0.03284619003534317,
            -0.02725825272500515,
            0.06270761042833328
        ],
        [
            0.033447034657001495,
            -0.030230000615119934,
            0.056008387356996536
        ],
        [
            0.03221866860985756,
            -0.0296759195625782,
            0.05703809857368469
        ],
        [
            0.030014339834451675,
            -0.02546735852956772,
            0.06189144030213356
        ],
        [
            0.03972504287958145,
            0.0069214822724461555,
            0.06222166121006012
        ],
        [
            0.0414603129029274,
            0.008724735118448734,
            0.05923490971326828
        ],
        [
            0.05202659219503403,
            -0.026628142222762108,
            0.07508806884288788
        ],
        [
            0.055037256330251694,
            -0.03993779048323631,
            0.07286816835403442
        ],
        [
            0.06377048790454865,
            -0.03828338906168938,
            0.06257513165473938
        ],
        [
            0.0489371195435524,
            0.0006117532029747963,
            0.04677412286400795
        ],
        [
            0.04304806888103485,
            -0.0005733128637075424,
            0.05499107763171196
        ],
        [
            0.043618280440568924,
            0.0035174936056137085,
            0.054838426411151886
        ],
        [
            0.03817674145102501,
            -0.02240198850631714,
            0.05442791059613228
        ],
        [
            0.034895773977041245,
            -0.025448614731431007,
            0.05880686268210411
        ],
        [
            0.036744602024555206,
            -0.021084308624267578,
            0.05980365723371506
        ],
        [
            0.03971601650118828,
            -0.01729559153318405,
            0.05461886525154114
        ],
        [
            0.07730317115783691,
            0.03644973784685135,
            0.040861766785383224
        ],
        [
            0.06854584068059921,
            0.039931438863277435,
            0.033642347902059555
        ],
        [
            0.007848650217056274,
            -0.04242697358131409,
            0.05716480687260628
        ],
        [
            0.010973723605275154,
            -0.043381866067647934,
            0.05854973942041397
        ],
        [
            0.05549919977784157,
            0.0025020958855748177,
            0.03776969388127327
        ],
        [
            0.07202170044183731,
            -0.03408334404230118,
            0.049941666424274445
        ],
        [
            0.06079594045877457,
            0.005246220156550407,
            0.028134461492300034
        ],
        [
            0.051001161336898804,
            0.015310967341065407,
            0.07382594794034958
        ],
        [
            0.044880613684654236,
            0.018714595586061478,
            0.06838713586330414
        ],
        [
            0.04163524881005287,
            0.017484046518802643,
            0.06809233874082565
        ],
        [
            0.043094880878925323,
            0.015152445994317532,
            0.0730031207203865
        ],
        [
            0.016104213893413544,
            -0.024845877662301064,
            0.06394196301698685
        ],
        [
            0.015581557527184486,
            -0.027610691264271736,
            0.058618076145648956
        ],
        [
            0.01319669559597969,
            -0.027567803859710693,
            0.05839079990983009
        ],
        [
            0.012235360220074654,
            -0.024806123226881027,
            0.06370674073696136
        ],
        [
            0.03452930971980095,
            -0.035194385796785355,
            0.05292278155684471
        ],
        [
            0.03585556149482727,
            -0.041150812059640884,
            0.052377667278051376
        ],
        [
            0.03163689747452736,
            -0.04046805202960968,
            0.05341075360774994
        ],
        [
            0.031437069177627563,
            -0.03437794744968414,
            0.05455402284860611
        ],
        [
            0.037158895283937454,
            -0.04592081904411316,
            0.056048303842544556
        ],
        [
            0.03226351737976074,
            -0.04572410136461258,
            0.05726348236203194
        ],
        [
            0.015569016337394714,
            -0.02600756473839283,
            0.07031475007534027
        ],
        [
            0.014157356694340706,
            -0.03206624463200569,
            0.07476627081632614
        ],
        [
            0.031195592135190964,
            -0.03172677010297775,
            0.07481024414300919
        ],
        [
            0.028738781809806824,
            -0.02619479037821293,
            0.06949042528867722
        ],
        [
            0.09259312599897385,
            0.01009242981672287,
            0.04199615865945816
        ],
        [
            0.09147423505783081,
            0.021078871563076973,
            0.04013065993785858
        ],
        [
            0.08048221468925476,
            0.02033861353993416,
            0.051068633794784546
        ],
        [
            0.0701034814119339,
            0.0202069990336895,
            0.06315845996141434
        ],
        [
            0.05957288295030594,
            0.018783293664455414,
            0.07323797792196274
        ],
        [
            0.06143631786108017,
            0.007260149344801903,
            0.07727640867233276
        ],
        [
            0.08023440092802048,
            0.02814611792564392,
            0.04804345592856407
        ],
        [
            0.03979913890361786,
            -0.0257111806422472,
            0.07011773437261581
        ],
        [
            0.042585212737321854,
            -0.031220436096191406,
            0.07437243312597275
        ],
        [
            0.04364262893795967,
            -0.026430506259202957,
            0.07415780425071716
        ],
        [
            0.059377964586019516,
            0.012589055113494396,
            0.027513958513736725
        ],
        [
            0.014763407409191132,
            -0.044988665729761124,
            0.05975302308797836
        ],
        [
            0.11217698454856873,
            -0.016807187348604202,
            0.012428130954504013
        ],
        [
            0.11509887874126434,
            -0.005299428477883339,
            0.01887635886669159
        ],
        [
            0.10851342976093292,
            -0.008875077590346336,
            0.023532018065452576
        ],
        [
            0.10450880229473114,
            -0.02165483869612217,
            0.015750836580991745
        ],
        [
            0.015197079628705978,
            -0.03389831632375717,
            0.055211953818798065
        ],
        [
            0.015315623953938484,
            -0.04039779305458069,
            0.055351659655570984
        ],
        [
            0.040465012192726135,
            0.015097181312739849,
            0.058678917586803436
        ],
        [
            0.03906010091304779,
            0.01281505636870861,
            0.06186132878065109
        ],
        [
            0.039650652557611465,
            0.016089120879769325,
            0.062411319464445114
        ],
        [
            0.0391809418797493,
            0.019456030800938606,
            0.059678591787815094
        ],
        [
            0.09125169366598129,
            0.026566699147224426,
            0.03754512965679169
        ],
        [
            0.04983477666974068,
            0.03720885515213013,
            0.061615534126758575
        ],
        [
            0.05455872043967247,
            0.029691381379961967,
            0.07035486400127411
        ],
        [
            0.10105298459529877,
            0.02129095047712326,
            0.03092212975025177
        ],
        [
            0.10261410474777222,
            0.011802027001976967,
            0.0328880175948143
        ],
        [
            0.1098691001534462,
            0.013645339757204056,
            0.026535630226135254
        ],
        [
            0.05409226566553116,
            -0.005882437340915203,
            0.07844487577676773
        ],
        [
            0.09128687530755997,
            0.0017156833782792091,
            0.04410236328840256
        ],
        [
            0.1015852838754654,
            0.004238013178110123,
            0.03391715884208679
        ],
        [
            0.11019642651081085,
            0.006099196150898933,
            0.02635844796895981
        ],
        [
            0.11678096652030945,
            0.008081111125648022,
            0.02156050130724907
        ],
        [
            0.11564131081104279,
            0.016153471544384956,
            0.022134333848953247
        ],
        [
            0.013558035716414452,
            -0.0383550263941288,
            0.07394951581954956
        ],
        [
            0.00813998468220234,
            -0.031213421374559402,
            0.07365375757217407
        ],
        [
            0.12330068647861481,
            0.01926296390593052,
            0.018325697630643845
        ],
        [
            0.12381528317928314,
            0.010020075365900993,
            0.017345692962408066
        ],
        [
            0.10030177235603333,
            -0.004932325333356857,
            0.03371487557888031
        ],
        [
            0.09777551889419556,
            -0.0160302072763443,
            0.03207100182771683
        ],
        [
            0.09021341800689697,
            -0.00701525155454874,
            0.0434061735868454
        ],
        [
            0.08708788454532623,
            -0.01820167899131775,
            0.04283088818192482
        ],
        [
            0.058698609471321106,
            -0.016096629202365875,
            0.08151359111070633
        ],
        [
            -0.005824223160743713,
            -0.025270041078329086,
            0.0625019371509552
        ],
        [
            0.003928020596504211,
            -0.02579258382320404,
            0.06822091341018677
        ],
        [
            0.00711287185549736,
            -0.024460114538669586,
            0.0633900910615921
        ],
        [
            -0.0031389333307743073,
            -0.022939061746001244,
            0.06003909558057785
        ],
        [
            0.010440632700920105,
            -0.025772221386432648,
            0.0692833885550499
        ],
        [
            0.002783050760626793,
            -0.030814219266176224,
            0.0710245668888092
        ],
        [
            0.08166183531284332,
            -0.031341541558504105,
            0.03725513815879822
        ],
        [
            0.035478610545396805,
            -0.023771172389388084,
            0.06403990834951401
        ],
        [
            0.09102698415517807,
            -0.030310053378343582,
            0.022492408752441406
        ],
        [
            0.0703921765089035,
            -0.04478783532977104,
            0.033225104212760925
        ],
        [
            0.0755874365568161,
            -0.0433320514857769,
            0.02064954861998558
        ],
        [
            0.09887732565402985,
            -0.03005627915263176,
            0.006208397448062897
        ],
        [
            0.0843566358089447,
            -0.03981291130185127,
            0.006884042173624039
        ],
        [
            0.11349782347679138,
            -0.020477553829550743,
            0.0004051104187965393
        ],
        [
            0.10664484649896622,
            -0.024267833679914474,
            0.004582695662975311
        ],
        [
