{
    "pred_cam": [
        7.094799518585205,
        0.15918287634849548,
        -0.03518752381205559
    ],
    "pred_mano_params": {
        "global_orient": [
            [
                [
                    -0.9940337538719177,
                    -0.04127797111868858,
                    -0.10096092522144318
                ],
                [
                    0.0958794355392456,
                    -0.7719752192497253,
                    -0.6283800005912781
                ],
                [
                    -0.05200108513236046,
                    -0.6343109607696533,
                    0.7713271379470825
                ]
            ]
        ],
        "hand_pose": [
            [
                [
                    0.6892262101173401,
                    -0.5849609971046448,
                    -0.42753681540489197
                ],
                [
                    0.5673660039901733,
                    0.8027245998382568,
                    -0.18365450203418732
                ],
                [
                    0.45062506198883057,
                    -0.11599034816026688,
                    0.8851457834243774
                ]
            ],
            [
                [
                    0.7685770988464355,
                    -0.6259768605232239,
                    0.13206882774829865
                ],
                [
                    0.6329301595687866,
                    0.7139191031455994,
                    -0.2995312511920929
                ],
                [
                    0.09321319311857224,
                    0.31380319595336914,
                    0.9449015259742737
                ]
            ],
            [
                [
                    0.8524178266525269,
                    -0.45104238390922546,
                    0.26447051763534546
                ],
                [
                    0.3763576149940491,
                    0.8804194927215576,
                    0.2884727418422699
                ],
                [
                    -0.3629583716392517,
                    -0.14636380970478058,
                    0.9202384948730469
                ]
            ],
            [
                [
                    0.4886907637119293,
                    -0.7860887050628662,
                    -0.3784782290458679
                ],
                [
                    0.8390815258026123,
                    0.5423085689544678,
                    -0.042938232421875
                ],
                [
                    0.2390052080154419,
                    -0.29659053683280945,
                    0.9246137142181396
                ]
            ],
            [
                [
                    0.9208314418792725,
                    -0.3369405269622803,
                    -0.19631758332252502
                ],
                [
                    0.36751076579093933,
                    0.9181761145591736,
                    0.14794717729091644
                ],
                [
                    0.13040472567081451,
                    -0.2083832174539566,
                    0.969314694404602
                ]
            ],
            [
                [
                    0.9263494610786438,
                    -0.33118879795074463,
                    0.179417684674263
                ],
                [
                    0.3349928557872772,
                    0.942172110080719,
                    0.009566400200128555
                ],
                [
                    -0.17221061885356903,
                    0.05124181509017944,
                    0.9837265014648438
                ]
            ],
            [
                [
                    0.5897461771965027,
                    -0.806835412979126,
                    -0.034871213138103485
                ],
                [
                    0.7882612347602844,
                    0.5657051801681519,
                    0.24211950600147247
                ],
                [
                    -0.1756237894296646,
                    -0.1702766716480255,
                    0.9696195125579834
                ]
            ],
            [
                [
                    0.9572308659553528,
                    -0.23174582421779633,
                    -0.1732136309146881
                ],
                [
                    0.27590256929397583,
                    0.9113945364952087,
                    0.3053487539291382
                ],
                [
                    0.08710263669490814,
                    -0.34007933735847473,
                    0.9363542199134827
                ]
            ],
            [
                [
                    0.994145393371582,
                    -0.04862063005566597,
                    0.09649329632520676
                ],
                [
                    0.009846234694123268,
                    0.9300877451896667,
                    0.36720553040504456
                ],
                [
                    -0.10760099440813065,
                    -0.36410561203956604,
                    0.9251211881637573
                ]
            ],
            [
                [
                    0.4303138554096222,
                    -0.8975579142570496,
                    -0.09601937234401703
                ],
                [
                    0.8889353275299072,
                    0.43984925746917725,
                    -0.12777583301067352
                ],
                [
                    0.15692025423049927,
                    -0.030371297150850296,
                    0.9871441721916199
                ]
            ],
            [
                [
                    0.9829500913619995,
                    -0.17253082990646362,
                    -0.06357935070991516
                ],
                [
                    0.18287520110607147,
                    0.8813421130180359,
                    0.43565213680267334
                ],
                [
                    -0.01912827044725418,
                    -0.4398513436317444,
                    0.8978669047355652
                ]
            ],
            [
                [
                    0.94537752866745,
                    -0.27071088552474976,
                    0.1815953105688095
                ],
                [
                    0.23901522159576416,
                    0.9544597268104553,
                    0.17854516208171844
                ],
                [
                    -0.22165951132774353,
                    -0.12538854777812958,
                    0.967028796672821
                ]
            ],
            [
                [
                    0.8002422451972961,
                    0.17748473584651947,
                    -0.5728101134300232
                ],
                [
                    -0.5424594283103943,
                    0.6214391589164734,
                    -0.5652884840965271
                ],
                [
                    0.2556365728378296,
                    0.7630940079689026,
                    0.5935801267623901
                ]
            ],
            [
                [
                    0.9128198623657227,
                    -0.3478725850582123,
                    -0.21387992799282074
                ],
                [
                    0.4078753590583801,
                    0.8022542595863342,
                    0.43591946363449097
                ],
                [
                    0.019941668957471848,
                    -0.4851522445678711,
                    0.8742022514343262
                ]
            ],
            [
                [
                    0.7764036059379578,
                    -0.6009134650230408,
                    -0.19000092148780823
                ],
                [
                    0.40292444825172424,
                    0.7050946950912476,
                    -0.5835179686546326
                ],
                [
                    0.48461252450942993,
                    0.37648946046829224,
                    0.7895607948303223
                ]
            ]
        ],
        "betas": [
            -0.02937602996826172,
            -0.008334457874298096,
            -0.052205175161361694,
            -0.05248329043388367,
            -0.04421529173851013,
            0.07334411889314651,
            0.0065198540687561035,
            -0.050123900175094604,
            -0.02265407145023346,
            -0.080050528049469
        ]
    },
    "pred_cam_t": [
        -0.15918287634849548,
        -0.03518752381205559,
        5.505793571472168
    ],
    "focal_length": [
        5000.0,
        5000.0
    ],
    "pred_keypoints_3d": [
        [
            0.09586656093597412,
            0.006388186477124691,
            0.006216961890459061
        ],
        [
            0.11788574606180191,
            -0.0001556267961859703,
            0.03723177686333656
        ],
        [
            0.1459742933511734,
            -0.007329392246901989,
            0.04763241112232208
        ],
        [
            0.1731034517288208,
            -0.007680188864469528,
            0.04817033186554909
        ],
        [
            0.19894598424434662,
            0.014367226511240005,
            0.04973914101719856
        ],
        [
            0.18171991407871246,
            -0.011100727133452892,
            0.03007001057267189
        ],
        [
            0.20944590866565704,
            0.006900406442582607,
            0.031162872910499573
        ],
        [
            0.2124551683664322,
            0.027744848281145096,
            0.03827831894159317
        ],
        [
            0.20831625163555145,
            0.045922163873910904,
            0.053890690207481384
        ],
        [
            0.1905689239501953,
            0.0005209380760788918,
            0.009483314119279385
        ],
        [
            0.20745693147182465,
            0.026705387979745865,
            0.015868054702878
        ],
        [
            0.20839270949363708,
            0.04863891750574112,
            0.02370649203658104
        ],
        [
            0.2086411863565445,
            0.07007816433906555,
            0.03795371204614639
        ],
        [
            0.18016406893730164,
            0.018357809633016586,
            -0.007602323777973652
        ],
        [
            0.1956251859664917,
            0.04136855900287628,
            0.0007479200139641762
        ],
        [
            0.19833964109420776,
            0.06476883590221405,
            0.008699382655322552
        ],
        [
            0.20220854878425598,
            0.08608873188495636,
            0.02192283794283867
        ],
        [
            0.16917310655117035,
            0.0346374548971653,
            -0.017235999926924706
        ],
        [
            0.1803501397371292,
            0.05215108394622803,
            -0.013357572257518768
        ],
        [
            0.18259429931640625,
            0.069999560713768,
            -0.007343460340052843
        ],
        [
            0.18504935503005981,
            0.08809728920459747,
            0.0031073912978172302
        ]
    ],
    "pred_vertices": [
        [
            0.14323660731315613,
            0.004068954847753048,
            0.03033602051436901
        ],
        [
            0.13222280144691467,
            0.006922915577888489,
            0.02945263870060444
        ],
        [
            0.1403462290763855,
            0.00409480556845665,
            0.03392785042524338
        ],
        [
            0.1486051380634308,
            0.0009228307753801346,
            0.036059267818927765
        ],
        [
            0.12858986854553223,
            0.01410912349820137,
            0.04417547583580017
        ],
        [
            0.12199416756629944,
            0.010028423741459846,
            0.053655579686164856
        ],
        [
            0.13949482142925262,
            0.00533217191696167,
            0.05617278069257736
        ],
        [
            0.1424817442893982,
            0.01026950590312481,
            0.04749584197998047
        ],
        [
            0.15374739468097687,
            -0.0038091596215963364,
            0.03860977664589882
        ],
        [
            0.14753536880016327,
            0.0017265472561120987,
            0.03745801001787186
        ],
        [
            0.1542941778898239,
            -0.009516705758869648,
            0.03668339177966118
        ],
        [
            0.16042464971542358,
            -0.01801130548119545,
            0.03703392669558525
        ],
        [
            0.16057084500789642,
            -0.009945322759449482,
            0.039134345948696136
        ],
        [
            0.16794338822364807,
            -0.020819934085011482,
            0.036053143441677094
        ],
        [
            0.15323062241077423,
            -0.025004638358950615,
            0.03265945613384247
        ],
        [
            0.16785070300102234,
            -0.02584112621843815,
            0.028202326968312263
        ],
        [
            0.1485685110092163,
            -0.018887996673583984,
            0.008182656951248646
        ],
        [
            0.14667794108390808,
            -0.01076340302824974,
            -0.00240410678088665
        ],
        [
            0.16466471552848816,
            -0.010938174091279507,
            -0.0031184591352939606
        ],
        [
            0.16487127542495728,
            -0.018418531864881516,
            0.008449047803878784
        ],
        [
            0.1556997299194336,
            0.004147064872086048,
            -0.014854882843792439
        ],
        [
            0.16155892610549927,
            -0.004116734489798546,
            -0.008411051705479622
        ],
        [
            0.14367514848709106,
            -0.00495501421391964,
            -0.008686408400535583
        ],
        [
            0.13940957188606262,
            0.002619282342493534,
            -0.014207766391336918
        ],
        [
            0.13691593706607819,
            0.011715566739439964,
            0.01935875602066517
        ],
        [
            0.12563040852546692,
            0.014185415580868721,
            0.019107595086097717
        ],
        [
            0.12683281302452087,
            0.010643862187862396,
            0.02273976244032383
        ],
        [
            0.1380683332681656,
            0.008479620330035686,
            0.02330857329070568
        ],
        [
            0.15362995862960815,
            -0.015042605809867382,
            0.039944037795066833
        ],
        [
            0.14468610286712646,
            -0.020436052232980728,
            0.0409860834479332
        ],
        [
            0.1504446119070053,
            -0.017136188223958015,
            0.03736026957631111
        ],
        [
            0.15569601953029633,
            -0.010289473459124565,
            0.03827090561389923
        ],
        [
            0.10130580514669418,
            0.02806544490158558,
            0.015875114127993584
        ],
        [
            0.08900522440671921,
            0.023028850555419922,
            0.013219327665865421
        ],
        [
            0.08908247947692871,
            0.01898869499564171,
            0.017543688416481018
        ],
        [
            0.10026977956295013,
            0.024204356595873833,
            0.01883288472890854
        ],
        [
            0.09756411612033844,
            0.0113824512809515,
            0.040070630609989166
        ],
        [
            0.0886107012629509,
            0.007314094342291355,
            0.03196457400918007
        ],
        [
            0.08295320719480515,
            -0.005322285927832127,
            0.033119820058345795
        ],
        [
            0.09245096892118454,
            -0.004837987944483757,
            0.039977751672267914
        ],
        [
            0.10964802652597427,
            0.01215069368481636,
            0.04840819537639618
        ],
        [
            0.10364702343940735,
            -0.0007014721632003784,
            0.05048418790102005
        ],
        [
            0.11815619468688965,
            -0.00037803687155246735,
            0.05720267817378044
        ],
        [
            0.1370777189731598,
            -0.0032456088811159134,
            0.059473149478435516
        ],
        [
            0.08868485689163208,
            0.029617218300700188,
            0.002190240425989032
        ],
        [
            0.09758096188306808,
            0.03468744829297066,
            0.0028290841728448868
        ],
        [
            0.2026122659444809,
            0.012194111943244934,
            0.041831664741039276
        ],
        [
            0.20043551921844482,
            0.01581413671374321,
            0.03742912411689758
        ],
        [
            0.19771941006183624,
            0.012677676975727081,
            0.03751303255558014
        ],
        [
            0.20042946934700012,
            0.009572867304086685,
            0.0416804663836956
        ],
        [
            0.09605615586042404,
            0.025900106877088547,
            -0.016326434910297394
        ],
        [
            0.09700420498847961,
            0.017457932233810425,
            -0.021808039397001266
        ],
        [
            0.08987168222665787,
            0.01907944120466709,
            -0.021599669009447098
        ],
        [
            0.08857528865337372,
            0.02573383040726185,
            -0.01504561211913824
        ],
        [
            0.10594720393419266,
            0.026089075952768326,
            -0.017911288887262344
        ],
        [
            0.10691934823989868,
            0.015348085202276707,
            -0.02132881060242653
        ],
        [
            0.2138967216014862,
            0.007200807332992554,
            0.03820018842816353
        ],
        [
            0.21062999963760376,
            0.00813685730099678,
            0.042201340198516846
        ],
        [
            0.20890215039253235,
            0.0036631282418966293,
            0.04066869243979454
        ],
        [
            0.21124230325222015,
            0.0022733937948942184,
            0.03588127717375755
        ],
        [
            0.1578076332807541,
            -0.0027294373139739037,
            0.037852734327316284
        ],
        [
            0.15364433825016022,
            0.0029807910323143005,
            0.03216876834630966
        ],
        [
            0.17491821944713593,
            -0.003833714872598648,
            0.03780830278992653
        ],
        [
            0.16711686551570892,
            -0.0011794865131378174,
            0.034152764827013016
        ],
        [
            0.16636352241039276,
            -0.0066077508963644505,
            0.03869686275720596
        ],
        [
            0.1735047847032547,
            -0.008967914618551731,
            0.04052460566163063
        ],
        [
            0.15968015789985657,
            0.012144766747951508,
            0.015941791236400604
        ],
        [
            0.14801791310310364,
            0.012431495822966099,
            0.01625620387494564
        ],
        [
            0.15036217868328094,
            0.008497370406985283,
            0.020935485139489174
        ],
        [
            0.16329523921012878,
            0.007777311373502016,
            0.022482238709926605
        ],
        [
            0.14501269161701202,
            0.023225076496601105,
            0.0075290813110768795
        ],
        [
            0.15671125054359436,
            0.021684780716896057,
            0.0075999414548277855
        ],
        [
            0.15358103811740875,
            0.027936846017837524,
            0.002613562159240246
        ],
        [
            0.14587810635566711,
            0.028709910809993744,
            0.004122755490243435
        ],
        [
            0.17606249451637268,
            0.015741458162665367,
            0.010061949491500854
        ],
        [
            0.18105237185955048,
            0.014256078749895096,
            0.01050426997244358
        ],
        [
            0.1815004050731659,
            0.019215337932109833,
            0.008466391824185848
        ],
        [
            0.1749740093946457,
            0.018556691706180573,
            0.007631752640008926
        ],
        [
            0.0827636867761612,
            0.019542595371603966,
            -0.021750392392277718
        ],
        [
            0.08149861544370651,
            0.02469620108604431,
            -0.013458955101668835
        ],
        [
            0.1473049819469452,
            0.02219807356595993,
            -0.024520179256796837
        ],
        [
            0.14119745790958405,
            0.031522344797849655,
            -0.023171231150627136
        ],
        [
            0.1535249948501587,
            0.034233640879392624,
            -0.02487064152956009
        ],
        [
            0.15751710534095764,
            0.023043649271130562,
            -0.026509840041399002
        ],
        [
            0.09921768307685852,
            0.007293868809938431,
            -0.021540667861700058
        ],
        [
            0.09194113314151764,
            0.009430374018847942,
            -0.023633185774087906
        ],
        [
            0.21489402651786804,
            0.00844181701540947,
            0.03202413022518158
        ],
        [
            0.2117699831724167,
            0.003812015987932682,
            0.029869841411709785
        ],
        [
            0.11355052888393402,
            -0.01245228759944439,
            0.05203099548816681
        ],
        [
            0.13449722528457642,
            -0.012247413396835327,
            0.05766550824046135
        ],
        [
            0.09947145730257034,
            -0.013510466553270817,
            0.04216679930686951
        ],
        [
            0.09097133576869965,
            -0.014941910281777382,
            0.032978545874357224
        ],
        [
            0.08285852521657944,
            -0.01633312925696373,
            0.02761891297996044
        ],
        [
            0.17050305008888245,
            0.0023388159461319447,
            0.03000619262456894
        ],
        [
            0.14795422554016113,
            0.006335692014545202,
            0.025868237018585205
        ],
        [
            0.13586407899856567,
            0.015176285058259964,
            0.015921739861369133
        ],
        [
            0.1341574490070343,
            0.04001393914222717,
            -0.0022307662293314934
        ],
        [
            0.12372493743896484,
            0.040381256490945816,
            -0.001121321227401495
        ],
        [
            0.12843695282936096,
            0.03432949259877205,
            0.006321801338344812
        ],
        [
            0.1366073042154312,
            0.0347835011780262,
            0.003371025901287794
        ],
        [
            0.14058491587638855,
            0.03979934751987457,
            -0.017553213983774185
        ],
        [
            0.14274948835372925,
            0.04143331199884415,
            -0.010000601410865784
        ],
        [
            0.15104596316814423,
            0.04126143828034401,
            -0.01115814596414566
        ],
        [
            0.1506424844264984,
            0.04044673591852188,
            -0.018822526559233665
        ],
        [
            0.15232568979263306,
            -0.019122300669550896,
            0.04585638642311096
        ],
        [
            0.1397063434123993,
            -0.022323355078697205,
            0.045560017228126526
        ],
        [
            0.09544378519058228,
            0.0320962630212307,
            -0.0077199689112603664
        ],
        [
            0.08832366019487381,
            0.0295734703540802,
            -0.005639077164232731
        ],
        [
            0.08030222356319427,
            0.026703087612986565,
            -0.006027521099895239
        ],
        [
            0.11314608156681061,
            0.021144919097423553,
            0.01931767538189888
        ],
        [
            0.09950362145900726,
            0.021756447851657867,
            0.021219199523329735
        ],
        [
            0.1003403514623642,
            0.019815098494291306,
            0.025531884282827377
        ],
        [
            0.11323393136262894,
            0.018593804910779,
            0.021152444183826447
        ],
        [
            0.12374509871006012,
            0.013197563588619232,
            0.03164803609251976
        ],
        [
            0.11358699202537537,
            0.017453718930482864,
            0.038407858461141586
        ],
        [
            0.13565072417259216,
            0.010738536715507507,
            0.035133130848407745
        ],
        [
            0.08753783255815506,
            0.013641787692904472,
            0.023649469017982483
        ],
        [
            0.07899919897317886,
            0.016874734312295914,
            0.017084598541259766
        ],
        [
            0.07861538976430893,
            0.010195039212703705,
            0.02295774780213833
        ],
        [
            0.07899733632802963,
            0.022451771423220634,
            0.009011119604110718
        ],
        [
            0.07943883538246155,
            0.026290273293852806,
            0.0009709063451737165
        ],
        [
            0.08411683142185211,
            0.008918057195842266,
            -0.02708400785923004
        ],
        [
            0.07931336015462875,
            0.0030871378257870674,
            0.027293317019939423
        ],
        [
            0.15058889985084534,
            0.0062034111469984055,
            0.04944648593664169
        ],
        [
            0.15732476115226746,
            0.0029746871441602707,
            0.050698548555374146
        ],
        [
            0.1574578881263733,
            0.002366643399000168,
            0.0429222472012043
        ],
        [
            0.15161404013633728,
            0.004612619057297707,
            0.04132399708032608
        ],
        [
            0.17806078493595123,
            -0.0207731481641531,
            0.03527645394206047
        ],
        [
            0.17578966915607452,
            -0.014642221853137016,
            0.040202416479587555
        ],
        [
            0.16617631912231445,
            -0.014101197943091393,
            0.039867740124464035
        ],
        [
            0.11159857362508774,
            0.03196745738387108,
            0.012061878107488155
        ],
        [
            0.10792554914951324,
            0.03763182461261749,
            0.001353786326944828
        ],
        [
            0.17770610749721527,
            -0.0004363781772553921,
            0.033223215490579605
        ],
        [
            0.2089523822069168,
            -0.002026989124715328,
            0.03397759795188904
        ],
        [
            0.20641441643238068,
            -0.0009266464039683342,
            0.03948293253779411
        ],
        [
            0.19285555183887482,
            -0.01249399222433567,
            0.03788099065423012
        ],
        [
            0.19600628316402435,
            -0.013879640027880669,
            0.03176753595471382
        ],
        [
            0.18511521816253662,
            0.00041787559166550636,
            0.026205427944660187
        ],
        [
            0.18091662228107452,
            0.00047560781240463257,
            0.03206504136323929
        ],
        [
            0.1825256496667862,
            0.0013791155070066452,
            0.030543848872184753
        ],
        [
            0.185494065284729,
            0.003357131499797106,
            0.024863742291927338
        ],
        [
            0.1762203723192215,
            0.02444441057741642,
            0.0029581354465335608
        ],
        [
            0.17077073454856873,
            0.02408251166343689,
            0.0027505659963935614
        ],
        [
            0.1805841475725174,
            -0.014251633547246456,
            0.01083061657845974
        ],
        [
            0.17877374589443207,
            -0.024996938183903694,
            0.018580526113510132
        ],
        [
            0.16506358981132507,
            -0.025434063747525215,
            0.018081191927194595
        ],
        [
            0.15721583366394043,
            0.017225950956344604,
            0.011018967255949974
        ],
        [
            0.16751614212989807,
            0.017416007816791534,
            0.010240497067570686
        ],
        [
            0.16650593280792236,
            0.020233577117323875,
            0.007386513985693455
        ],
        [
            0.17393653094768524,
            0.00383898988366127,
            0.02709401771426201
        ],
        [
            0.18003882467746735,
            0.0019091716967523098,
            0.028052769601345062
        ],
        [
            0.17886994779109955,
            0.0042259348556399345,
            0.024052435532212257
        ],
        [
            0.17221000790596008,
            0.0068450020626187325,
            0.022748272866010666
        ],
        [
            0.12824884057044983,
            0.029254069551825523,
            -0.022499930113554
        ],
        [
            0.12777867913246155,
            0.039161548018455505,
            -0.016217950731515884
        ],
        [
            0.20639078319072723,
            0.009708013385534286,
            0.0435144305229187
        ],
        [
            0.20456944406032562,
            0.00620201975107193,
            0.04282760247588158
        ],
        [
            0.14582334458827972,
            0.017421536147594452,
            0.011476934887468815
        ],
        [
            0.14965789020061493,
            -0.023539043962955475,
            0.01810658536851406
        ],
        [
            0.13458600640296936,
            0.019207509234547615,
            0.012411756440997124
        ],
        [
            0.17315465211868286,
            0.017559964209794998,
            -0.015427686274051666
        ],
        [
            0.17353348433971405,
            0.02618888020515442,
            -0.012239843606948853
        ],
        [
            0.17684388160705566,
            0.026638828217983246,
            -0.010318654589354992
        ],
        [
            0.17941947281360626,
            0.021649930626153946,
            -0.01262667216360569
        ],
        [
            0.1967562735080719,
            0.011579997837543488,
            0.025296619161963463
        ],
        [
            0.19531209766864777,
            0.012710212729871273,
            0.03093986213207245
        ],
        [
            0.19720450043678284,
            0.01481672003865242,
            0.031597159802913666
        ],
        [
            0.19962714612483978,
            0.014340732246637344,
            0.026149606332182884
        ],
        [
            0.17986837029457092,
            -0.0023025190457701683,
            0.037105996161699295
        ],
        [
            0.18000636994838715,
            -0.007258882280439138,
            0.04092012718319893
        ],
        [
            0.1847672164440155,
            -0.0036989860236644745,
            0.040197841823101044
        ],
        [
            0.1834292858839035,
            -0.00013146409764885902,
            0.035482846200466156
        ],
        [
            0.18316134810447693,
            -0.01245437003672123,
            0.040444280952215195
        ],
        [
            0.188473641872406,
            -0.008856737054884434,
            0.04071724787354469
        ],
        [
            0.20085710287094116,
            0.00806419923901558,
            0.02172662317752838
        ],
        [
            0.20627743005752563,
            0.0029289801605045795,
            0.022921161726117134
        ],
        [
            0.19423352181911469,
            -0.006903765723109245,
            0.0194877739995718
        ],
        [
            0.19094200432300568,
            0.00039355631452053785,
            0.020233239978551865
        ],
        [
            0.12426707148551941,
            0.00013225432485342026,
            -0.014753703027963638
        ],
        [
            0.12159612774848938,
            0.009583670645952225,
            -0.020101290196180344
        ],
        [
            0.13660618662834167,
            0.012244715355336666,
            -0.019894832745194435
        ],
        [
            0.15160197019577026,
            0.014498642645776272,
            -0.0209782924503088
        ],
        [
            0.16575303673744202,
            0.016432931646704674,
            -0.02027786895632744
        ],
        [
            0.1697159707546234,
            0.005203028209507465,
            -0.016355887055397034
        ],
        [
            0.13316334784030914,
            0.019091226160526276,
            -0.022986728698015213
        ],
        [
            0.18729090690612793,
            -0.0039830333553254604,
            0.01931815780699253
        ],
        [
            0.18669171631336212,
            -0.012774012982845306,
            0.017546698451042175
        ],
        [
            0.18666982650756836,
            -0.008704681880772114,
            0.015121044591069221
        ],
        [
            0.13375449180603027,
            0.025715287774801254,
            0.008838007226586342
        ],
        [
            0.2027023434638977,
            0.001881210133433342,
            0.0421600416302681
        ],
        [
            0.0943354070186615,
            -0.022237468510866165,
            0.009308360517024994
        ],
        [
            0.09543020278215408,
            -0.017471911385655403,
            -0.0034368596971035004
        ],
        [
            0.10366006940603256,
            -0.017712648957967758,
            -0.00039448775351047516
        ],
        [
            0.1023728996515274,
            -0.02228648029267788,
            0.014628184959292412
        ],
        [
            0.19598916172981262,
            0.010558940470218658,
            0.037639692425727844
        ],
        [
            0.1983168125152588,
            0.00645207054913044,
            0.04201357811689377
        ],
        [
            0.17033658921718597,
            0.02924143522977829,
            -0.0014479372184723616
        ],
        [
            0.1751657873392105,
            0.02833249233663082,
            -0.0012108928058296442
        ],
        [
            0.17545898258686066,
            0.030017798766493797,
            -0.005246199667453766
        ],
        [
            0.17197541892528534,
            0.03350861370563507,
            -0.005147826857864857
        ],
        [
            0.11882361769676208,
            0.014583839103579521,
            -0.021989209577441216
        ],
        [
            0.1603890359401703,
            0.03783072531223297,
            -0.023702362552285194
        ],
        [
            0.16468773782253265,
            0.027520302683115005,
            -0.0254654698073864
        ],
        [
            0.10867482423782349,
            0.006904208101332188,
            -0.020077038556337357
        ],
        [
            0.11087270826101303,
            -0.0017373673617839813,
            -0.015967361629009247
        ],
        [
            0.10118875652551651,
            -0.002633837051689625,
            -0.01724257878959179
        ],
        [
            0.17839473485946655,
            -0.0008717626333236694,
            -0.005363568663597107
        ],
        [
            0.12819227576255798,
            -0.006046059541404247,
            -0.009998449124395847
        ],
        [
            0.11363399028778076,
            -0.0071075777523219585,
            -0.01120082475244999
        ],
        [
            0.10219809412956238,
            -0.008432338014245033,
            -0.012504741549491882
        ],
        [
            0.09406018257141113,
            -0.009284229949116707,
            -0.014377987943589687
        ],
        [
            0.09377016127109528,
            -0.0027477163821458817,
            -0.019271330907940865
        ],
        [
            0.20855510234832764,
            -0.00010147737339138985,
            0.027900421991944313
        ],
        [
            0.20982401072978973,
            0.00764168705791235,
            0.024190563708543777
        ],
        [
            0.08547008782625198,
            -0.003708804026246071,
            -0.022997520864009857
        ],
        [
            0.08602984249591827,
            -0.010616673156619072,
            -0.016802426427602768
        ],
        [
            0.11589284241199493,
            -0.013130467385053635,
            -0.004570586606860161
        ],
        [
            0.11783852428197861,
            -0.01937035843729973,
            0.004848744720220566
        ],
        [
            0.12985491752624512,
            -0.011693505570292473,
            -0.0035033579915761948
        ],
        [
            0.13311827182769775,
            -0.018040252849459648,
            0.0055166203528642654
        ],
        [
            0.17852647602558136,
            -0.012000467628240585,
            -0.0027290955185890198
        ],
        [
            0.2139514982700348,
            0.02522856742143631,
            0.029155492782592773
        ],
        [
            0.20892158150672913,
            0.016399508342146873,
            0.024708248674869537
        ],
        [
            0.2036692202091217,
            0.018023500218987465,
            0.026829678565263748
        ],
        [
            0.20996977388858795,
            0.02669506147503853,
            0.029193205758929253
        ],
        [
            0.20412173867225647,
            0.011883419007062912,
            0.02314458042383194
        ],
        [
            0.21286892890930176,
            0.012452250346541405,
            0.026365768164396286
        ],
        [
            0.1337233930826187,
            -0.02318038046360016,
            0.01903475448489189
        ],
        [
            0.18482302129268646,
            0.0025857649743556976,
            0.02438642457127571
        ],
        [
            0.11678307503461838,
            -0.02303229831159115,
            0.02279464155435562
        ],
        [
            0.1397448182106018,
            -0.026661213487386703,
            0.03270820900797844
        ],
        [
            0.1279328167438507,
            -0.0245815422385931,
            0.0375601090490818
        ],
        [
            0.10067569464445114,
            -0.021979235112667084,
            0.029150553047657013
        ],
        [
            0.11304345726966858,
            -0.02182689495384693,
            0.04139481112360954
        ],
        [
            0.08517610281705856,
            -0.022030819207429886,
            0.017937462776899338
        ],
        [
            0.093380868434906,
            -0.021894872188568115,
            0.021937906742095947
        ],
        [
            0.12733930349349976,
