{
    "pred_cam": [
        8.15664291381836,
        0.15218788385391235,
        -0.03856579586863518
    ],
    "pred_mano_params": {
        "global_orient": [
            [
                [
                    -0.987209141254425,
                    0.023891102522611618,
                    -0.15763071179389954
                ],
                [
                    0.07254374027252197,
                    -0.8131148219108582,
                    -0.5775653719902039
                ],
                [
                    -0.14197053015232086,
                    -0.5816128253936768,
                    0.8009812235832214
                ]
            ]
        ],
        "hand_pose": [
            [
                [
                    0.6127909421920776,
                    -0.5975449085235596,
                    -0.5171337723731995
                ],
                [
                    0.6154353022575378,
                    0.7713552117347717,
                    -0.1620202362537384
                ],
                [
                    0.4957081377506256,
                    -0.21897785365581512,
                    0.8404297232627869
                ]
            ],
            [
                [
                    0.7828987836837769,
                    -0.6053988337516785,
                    0.14339374005794525
                ],
                [
                    0.6116514205932617,
                    0.7068052291870117,
                    -0.35539963841438293
                ],
                [
                    0.1138070821762085,
                    0.3659489154815674,
                    0.9236500263214111
                ]
            ],
            [
                [
                    0.7833383679389954,
                    -0.48103809356689453,
                    0.3936794400215149
                ],
                [
                    0.3624289035797119,
                    0.8679966330528259,
                    0.3394513726234436
                ],
                [
                    -0.505001425743103,
                    -0.12322445958852768,
                    0.8542771935462952
                ]
            ],
            [
                [
                    0.39805135130882263,
                    -0.7869166731834412,
                    -0.4715052545070648
                ],
                [
                    0.8645907640457153,
                    0.4936201572418213,
                    -0.09392542392015457
                ],
                [
                    0.3066559433937073,
                    -0.3702719509601593,
                    0.8768470883369446
                ]
            ],
            [
                [
                    0.9470892548561096,
                    -0.25649294257164,
                    -0.19295956194400787
                ],
                [
                    0.2869563400745392,
                    0.9459654092788696,
                    0.1510147899389267
                ],
                [
                    0.1437988430261612,
                    -0.19839541614055634,
                    0.9695159196853638
                ]
            ],
            [
                [
                    0.9197570085525513,
                    -0.3302755057811737,
                    0.21204955875873566
                ],
                [
                    0.334909051656723,
                    0.9421349167823792,
                    0.014756365679204464
                ],
                [
                    -0.20465295016765594,
                    0.05744505301117897,
                    0.9771474599838257
                ]
            ],
            [
                [
                    0.5698366165161133,
                    -0.8188661932945251,
                    -0.06887944787740707
                ],
                [
                    0.8068317174911499,
                    0.5416142344474792,
                    0.23595871031284332
                ],
                [
                    -0.15591251850128174,
                    -0.19003205001354218,
                    0.9693188071250916
                ]
            ],
            [
                [
                    0.9530454277992249,
                    -0.23040466010570526,
                    -0.1965150684118271
                ],
                [
                    0.28045088052749634,
                    0.9163551926612854,
                    0.2857280671596527
                ],
                [
                    0.1142444983124733,
                    -0.3274246156215668,
                    0.9379453063011169
                ]
            ],
            [
                [
                    0.9907085299491882,
                    -0.0903913825750351,
                    0.10161712020635605
                ],
                [
                    0.03473382443189621,
                    0.8905577659606934,
                    0.4535420536994934
                ],
                [
                    -0.13149219751358032,
                    -0.44579842686653137,
                    0.8854228258132935
                ]
            ],
            [
                [
                    0.4377414286136627,
                    -0.8920363783836365,
                    -0.11248817294836044
                ],
                [
                    0.875158429145813,
                    0.4514170289039612,
                    -0.1741277128458023
                ],
                [
                    0.20610731840133667,
                    -0.02222205325961113,
                    0.9782770872116089
                ]
            ],
            [
                [
                    0.9628401398658752,
                    -0.25495490431785583,
                    -0.08908886462450027
                ],
                [
                    0.2653365433216095,
                    0.8315076231956482,
                    0.48804858326911926
                ],
                [
                    -0.050352320075035095,
                    -0.4935513138771057,
                    0.8682577610015869
                ]
            ],
            [
                [
                    0.9019151329994202,
                    -0.3811062276363373,
                    0.20324170589447021
                ],
                [
                    0.33585894107818604,
                    0.9147012829780579,
                    0.22476743161678314
                ],
                [
                    -0.271565705537796,
                    -0.13446059823036194,
                    0.9529808759689331
                ]
            ],
            [
                [
                    0.74956876039505,
                    0.11558490991592407,
                    -0.6517567038536072
                ],
                [
                    -0.5785059332847595,
                    0.5929012298583984,
                    -0.5601776242256165
                ],
                [
                    0.3216792941093445,
                    0.7969367504119873,
                    0.5112867951393127
                ]
            ],
            [
                [
                    0.8956270217895508,
                    -0.41455724835395813,
                    -0.16122807562351227
                ],
                [
                    0.4412606954574585,
                    0.7823957800865173,
                    0.43948352336883545
                ],
                [
                    -0.05604694411158562,
                    -0.46475693583488464,
                    0.8836626410484314
                ]
            ],
            [
                [
                    0.7371670603752136,
                    -0.6578330397605896,
                    -0.1544031947851181
                ],
                [
                    0.4527217447757721,
                    0.6504645943641663,
                    -0.6098678708076477
                ],
                [
                    0.5016250610351562,
                    0.3796728551387787,
                    0.7773163914680481
                ]
            ]
        ],
        "betas": [
            0.02311401069164276,
            -0.03096795082092285,
            -0.038458555936813354,
            -0.04225996136665344,
            -0.04150283336639404,
            0.04513717070221901,
            -0.007929503917694092,
            -0.03281095623970032,
            0.004653826355934143,
            -0.035650670528411865
        ]
    },
    "pred_cam_t": [
        -0.15218788385391235,
        -0.03856579586863518,
        4.789041519165039
    ],
    "focal_length": [
        5000.0,
        5000.0
    ],
    "pred_keypoints_3d": [
        [
            0.09559507668018341,
            0.006368708331137896,
            0.006204301491379738
        ],
        [
            0.1149054765701294,
            0.0023453007452189922,
            0.03922377526760101
        ],
        [
            0.14347714185714722,
            -0.002411109860986471,
            0.04945841431617737
        ],
        [
            0.17038854956626892,
            -0.0001313057728111744,
            0.051330067217350006
        ],
        [
            0.19200849533081055,
            0.0257334653288126,
            0.05330334231257439
        ],
        [
            0.1790665090084076,
            -0.007716080639511347,
            0.03821713477373123
        ],
        [
            0.20432403683662415,
            0.01347167044878006,
            0.039455678313970566
        ],
        [
            0.20498138666152954,
            0.034834980964660645,
            0.04540928453207016
        ],
        [
            0.19844499230384827,
            0.05064113438129425,
            0.06225612014532089
        ],
        [
            0.18944914638996124,
            0.0026541543193161488,
            0.017793919891119003
        ],
        [
            0.2023317515850067,
            0.0313391275703907,
            0.022078609094023705
        ],
        [
            0.20168407261371613,
            0.05411180481314659,
            0.02682134509086609
        ],
        [
            0.20076648890972137,
            0.07689253240823746,
            0.038636207580566406
        ],
        [
            0.18033531308174133,
            0.019039837643504143,
            -0.0012192381545901299
        ],
        [
            0.19499394297599792,
            0.04300687089562416,
            0.005380162503570318
        ],
        [
            0.19458945095539093,
            0.06697313487529755,
            0.011724184267222881
        ],
        [
            0.19318155944347382,
            0.08800381422042847,
            0.02544981613755226
        ],
        [
            0.17003141343593597,
            0.034354548901319504,
            -0.012808794155716896
        ],
        [
            0.17988817393779755,
            0.052705492824316025,
            -0.00946073792874813
        ],
        [
            0.18063902854919434,
            0.0711500346660614,
            -0.005255176220089197
        ],
        [
            0.18012437224388123,
            0.08993764221668243,
            0.004581883549690247
        ]
    ],
    "pred_vertices": [
        [
            0.14023007452487946,
            0.006577314808964729,
            0.03391217812895775
        ],
        [
            0.12891018390655518,
            0.009121812880039215,
            0.03166424483060837
        ],
        [
            0.13665226101875305,
            0.007020844146609306,
            0.03597341477870941
        ],
        [
            0.14502553641796112,
            0.004041077569127083,
            0.03973500803112984
        ],
        [
            0.12502360343933105,
            0.01769881695508957,
            0.04458380490541458
        ],
        [
            0.11853058636188507,
            0.014189967885613441,
            0.05430132895708084
        ],
        [
            0.13627535104751587,
            0.010503794997930527,
            0.05715376138687134
        ],
        [
            0.13893644511699677,
            0.014873314648866653,
            0.04794984310865402
        ],
        [
            0.15005888044834137,
            -0.00016298890113830566,
            0.04232951998710632
        ],
        [
            0.14377355575561523,
            0.0053399112075567245,
            0.03947583585977554
        ],
        [
            0.15127445757389069,
            -0.005559645593166351,
            0.04027799516916275
        ],
        [
            0.157434344291687,
            -0.014324302785098553,
            0.042845796793699265
        ],
        [
            0.15709421038627625,
            -0.006305627524852753,
            0.044624410569667816
        ],
        [
            0.16509515047073364,
            -0.017224596813321114,
            0.04309474676847458
        ],
        [
            0.15095636248588562,
            -0.021736277267336845,
            0.03858422115445137
        ],
        [
            0.1658988893032074,
            -0.022707955911755562,
            0.035717010498046875
        ],
        [
            0.14812350273132324,
            -0.017542216926813126,
            0.014243384823203087
        ],
        [
            0.14702895283699036,
            -0.010202154517173767,
            0.0030691977590322495
        ],
        [
            0.16505207121372223,
            -0.010098904371261597,
            0.0038635171949863434
        ],
        [
            0.16439059376716614,
            -0.01676180213689804,
            0.01580638438463211
        ],
        [
            0.15682357549667358,
            0.003960995003581047,
            -0.009470250457525253
        ],
        [
            0.16223633289337158,
            -0.0037042303010821342,
            -0.0020362306386232376
        ],
        [
            0.1444890797138214,
            -0.004910358227789402,
            -0.0037754159420728683
        ],
        [
            0.14061620831489563,
            0.0021700235083699226,
            -0.010112066753208637
        ],
        [
            0.13508349657058716,
            0.013344651088118553,
            0.022311678156256676
        ],
        [
            0.12369925528764725,
            0.015527145937085152,
            0.021018272265791893
        ],
        [
            0.12433905899524689,
            0.012213271111249924,
            0.024888720363378525
        ],
        [
            0.1358126997947693,
            0.01038679201155901,
            0.026484860107302666
        ],
        [
            0.15172818303108215,
            -0.010057501494884491,
            0.043176475912332535
        ],
        [
            0.1424322873353958,
            -0.01631416194140911,
            0.04494323581457138
        ],
        [
            0.14800973236560822,
            -0.013141283765435219,
            0.041370585560798645
        ],
        [
            0.15344804525375366,
            -0.005392900202423334,
            0.04114247485995293
        ],
        [
            0.09985670447349548,
            0.0286636333912611,
            0.014771191403269768
        ],
        [
            0.08794767409563065,
            0.02324528992176056,
            0.011420642957091331
        ],
        [
            0.08768928050994873,
            0.019519103690981865,
            0.01600394770503044
        ],
        [
            0.09856611490249634,
            0.02500278502702713,
            0.01794191636145115
        ],
        [
            0.09455326944589615,
            0.013923062942922115,
            0.03981035575270653
        ],
        [
            0.08625609427690506,
            0.008964695036411285,
            0.031259600073099136
        ],
        [
            0.08081468939781189,
            -0.003599335439503193,
            0.03272157534956932
        ],
        [
            0.08992326259613037,
            -0.0022998275235295296,
            0.04041129723191261
        ],
        [
            0.10621072351932526,
            0.015623059123754501,
            0.04865790158510208
        ],
        [
            0.10060658305883408,
            0.0028790906071662903,
            0.05135902017354965
        ],
        [
            0.11521937698125839,
            0.0039922017604112625,
            0.05863184481859207
        ],
        [
            0.13454599678516388,
            0.002210419625043869,
            0.06134098395705223
        ],
        [
            0.08850091695785522,
            0.0290408693253994,
            2.7191825211048126e-05
        ],
        [
            0.09720560163259506,
            0.03428730368614197,
            0.001086005475372076
        ],
        [
            0.19629940390586853,
            0.018698852509260178,
            0.04952891170978546
        ],
        [
            0.19404301047325134,
            0.021895887330174446,
            0.04485025629401207
        ],
        [
            0.19147349894046783,
            0.018202250823378563,
            0.04513855278491974
        ],
        [
            0.1942775994539261,
            0.01563924178481102,
            0.04951871931552887
        ],
        [
            0.09745509177446365,
            0.024250246584415436,
            -0.017416125163435936
        ],
        [
            0.09897714108228683,
            0.01552252285182476,
            -0.02219528518617153
        ],
        [
            0.09186036139726639,
            0.01700979843735695,
            -0.022719254717230797
        ],
        [
            0.08992164582014084,
            0.024029675871133804,
            -0.0167863629758358
        ],
        [
            0.1074136272072792,
            0.024515358731150627,
            -0.018137548118829727
        ],
        [
            0.10881094634532928,
            0.0136524997651577,
            -0.020725930109620094
        ],
        [
            0.20800825953483582,
            0.01434086449444294,
            0.04654242470860481
        ],
        [
            0.20455171167850494,
            0.015240977518260479,
            0.05039364844560623
        ],
        [
            0.2031661421060562,
            0.01045013777911663,
            0.049045681953430176
        ],
        [
            0.20568813383579254,
            0.008956175297498703,
            0.04439007118344307
        ],
        [
            0.1543346494436264,
            0.0006292425096035004,
            0.04299991950392723
        ],
        [
            0.15065453946590424,
            0.005835647229105234,
            0.036849841475486755
        ],
        [
            0.17137973010540009,
            -0.0005002315156161785,
            0.04514935985207558
        ],
        [
            0.1640218049287796,
            0.0020548473112285137,
            0.040368933230638504
        ],
        [
            0.16297969222068787,
            -0.003133406862616539,
            0.04508025199174881
        ],
        [
            0.16999898850917816,
            -0.005361772608011961,
            0.04781986027956009
        ],
        [
            0.15804362297058105,
            0.014029803685843945,
            0.020817361772060394
        ],
        [
            0.146436870098114,
            0.014093838632106781,
            0.02012859843671322
        ],
        [
            0.14838442206382751,
            0.0105267483741045,
            0.025212910026311874
        ],
        [
            0.1611245572566986,
            0.010185323655605316,
            0.027894528582692146
        ],
        [
            0.1440620869398117,
            0.02418585866689682,
            0.010510378517210484
        ],
        [
            0.1556898057460785,
            0.022898763418197632,
            0.01166624017059803
        ],
        [
            0.15292173624038696,
            0.028712645173072815,
            0.006039483938366175
        ],
        [
            0.1451311856508255,
            0.029429074376821518,
            0.006840590387582779
        ],
        [
            0.1747703105211258,
            0.017330355942249298,
            0.016270501539111137
        ],
        [
            0.1794159710407257,
            0.0156441330909729,
            0.017444657161831856
        ],
        [
            0.1803421527147293,
            0.021181127056479454,
            0.014814663678407669
        ],
        [
            0.17389027774333954,
            0.020169582217931747,
            0.013512955978512764
        ],
        [
            0.08480924367904663,
            0.01732143573462963,
            -0.023510675877332687
        ],
        [
            0.0827731266617775,
            0.022958610206842422,
            -0.015750102698802948
        ],
        [
            0.14908359944820404,
            0.021083295345306396,
            -0.021001195535063744
        ],
        [
            0.14276912808418274,
            0.030292531475424767,
            -0.020785316824913025
        ],
        [
            0.15509001910686493,
            0.03313334286212921,
            -0.021603284403681755
        ],
        [
            0.15938906371593475,
            0.021994074806571007,
            -0.022173037752509117
        ],
        [
            0.10128498822450638,
            0.005493885837495327,
            -0.021050715819001198
        ],
        [
            0.09421441704034805,
            0.007328958250582218,
            -0.02389972284436226
        ],
        [
            0.20911873877048492,
            0.015306155197322369,
            0.04033903777599335
        ],
        [
            0.20617380738258362,
            0.010130709037184715,
            0.038385290652513504
        ],
        [
            0.11113909631967545,
            -0.008593428879976273,
            0.054440081119537354
        ],
        [
            0.13240152597427368,
            -0.0070700328797101974,
            0.060410045087337494
        ],
        [
            0.0972217246890068,
            -0.010728790424764156,
            0.043954312801361084
        ],
        [
            0.08917365223169327,
            -0.013031748123466969,
            0.03413814306259155
        ],
        [
            0.08137264847755432,
            -0.014982210472226143,
            0.0280616357922554
        ],
        [
            0.1676424741744995,
            0.005286050029098988,
            0.03642555698752403
        ],
        [
            0.14553549885749817,
            0.008636735379695892,
            0.029990117996931076
        ],
        [
            0.13434477150440216,
            0.01655215583741665,
            0.018586916849017143
        ],
        [
            0.13386699557304382,
            0.039982449263334274,
            -0.0012220952194184065
        ],
        [
            0.12341391295194626,
            0.040206681936979294,
            -0.0010246036108583212
        ],
        [
            0.12753631174564362,
            0.03478299081325531,
            0.007153534796088934
        ],
        [
            0.13589638471603394,
            0.035209476947784424,
            0.004886915907263756
        ],
        [
            0.14155685901641846,
            0.03888188302516937,
            -0.015821518376469612
        ],
        [
            0.14302904903888702,
            0.04105740040540695,
            -0.008280794136226177
        ],
        [
            0.15132378041744232,
            0.040967922657728195,
            -0.008692094124853611
        ],
        [
            0.1516006588935852,
            0.03963559865951538,
            -0.016263199970126152
        ],
        [
            0.15061064064502716,
            -0.01362649817019701,
            0.04937181621789932
        ],
        [
            0.13753479719161987,
            -0.017954835668206215,
            0.049430638551712036
        ],
        [
            0.09602692723274231,
            0.03096429631114006,
            -0.009368796832859516
        ],
        [
            0.08881739526987076,
            0.028465118259191513,
            -0.0077504925429821014
        ],
        [
            0.08091531693935394,
            0.025432664901018143,
            -0.008636999875307083
        ],
        [
            0.11122278869152069,
            0.022211939096450806,
            0.01976514421403408
        ],
        [
            0.097579225897789,
            0.0227192435413599,
            0.020487001165747643
        ],
        [
            0.09800633788108826,
            0.02111714519560337,
            0.02507278136909008
        ],
        [
            0.11100010573863983,
            0.019775360822677612,
            0.02186969853937626
        ],
        [
            0.12018250674009323,
            0.015405960381031036,
            0.032628826797008514
        ],
        [
            0.11006197333335876,
            0.02008010819554329,
            0.03867826610803604
        ],
        [
            0.13196797668933868,
            0.013781242072582245,
            0.03588554263114929
        ],
        [
            0.085714191198349,
            0.014592577703297138,
            0.022365959361195564
        ],
        [
            0.0777527466416359,
            0.017170432955026627,
            0.014804020524024963
        ],
        [
            0.07697579264640808,
            0.010918048210442066,
            0.021063346415758133
        ],
        [
            0.07837235927581787,
            0.02218134142458439,
            0.006432513706386089
        ],
        [
            0.07945942878723145,
            0.02547285333275795,
            -0.0017500687390565872
        ],
        [
            0.08676213771104813,
            0.006430690176784992,
            -0.02796025574207306
        ],
        [
            0.0774204432964325,
            0.004190620966255665,
            0.025928974151611328
        ],
        [
            0.14714506268501282,
            0.011571643874049187,
            0.05034881830215454
        ],
        [
            0.1539917290210724,
            0.00920066237449646,
            0.05225863307714462
        ],
        [
            0.15433087944984436,
            0.007812202908098698,
            0.044504694640636444
        ],
        [
            0.14820906519889832,
            0.00929592177271843,
            0.04230936989188194
        ],
        [
            0.1754104197025299,
            -0.016861319541931152,
            0.04319231957197189
        ],
        [
            0.17249497771263123,
            -0.010804114863276482,
            0.04778926074504852
        ],
        [
            0.16281890869140625,
            -0.01041319314390421,
            0.04643871262669563
        ],
        [
            0.11036472767591476,
            0.0324770025908947,
            0.011588112451136112
        ],
        [
            0.10756142437458038,
            0.03731226176023483,
            0.00028867064975202084
        ],
        [
            0.17417006194591522,
            0.0026852693408727646,
            0.040737174451351166
        ],
        [
            0.20420724153518677,
            0.004378302488476038,
            0.04256768524646759
        ],
        [
            0.20142784714698792,
            0.005442436318844557,
            0.04797201231122017
        ],
        [
            0.18955890834331512,
            -0.007612251676619053,
            0.0464351586997509
        ],
        [
            0.19302122294902802,
            -0.008820444345474243,
            0.04046539217233658
        ],
        [
            0.18146584928035736,
            0.003750202478840947,
            0.03424841910600662
        ],
        [
            0.17682522535324097,
            0.0037078997120261192,
            0.03991691395640373
        ],
        [
            0.17814470827579498,
            0.004771627020090818,
            0.03837304562330246
        ],
        [
            0.18102392554283142,
            0.006881502456963062,
            0.03267143666744232
        ],
        [
            0.17559757828712463,
            0.02594476006925106,
            0.008453983813524246
        ],
        [
            0.17006510496139526,
            0.025285203009843826,
            0.007952871732413769
        ],
        [
            0.17976932227611542,
            -0.012018811888992786,
            0.019263477995991707
        ],
        [
            0.17761759459972382,
            -0.02210683561861515,
            0.027138998731970787
        ],
        [
            0.16390585899353027,
            -0.02310750260949135,
            0.02566239982843399
        ],
        [
            0.15595391392707825,
            0.018701596185564995,
            0.015387614257633686
        ],
        [
            0.16624777019023895,
            0.019024740904569626,
            0.015486204996705055
        ],
        [
            0.1654554009437561,
            0.021641481667757034,
            0.012391619384288788
        ],
        [
            0.17122484743595123,
            0.0066848560236394405,
            0.033735595643520355
        ],
        [
            0.17687302827835083,
            0.004865314811468124,
            0.03560006991028786
        ],
        [
            0.1765013188123703,
            0.007001699414104223,
            0.03116726502776146
        ],
        [
            0.1699545830488205,
            0.00943894125521183,
            0.028995037078857422
        ],
        [
            0.12988875806331635,
            0.027821211144328117,
            -0.021040506660938263
        ],
        [
            0.12875333428382874,
            0.0380631685256958,
            -0.015533706173300743
        ],
        [
            0.20016591250896454,
            0.01657632738351822,
            0.05149020254611969
        ],
        [
            0.1986076533794403,
            0.01270678173750639,
            0.05094834044575691
        ],
        [
            0.1446048766374588,
            0.018692564219236374,
            0.014870314858853817
        ],
        [
            0.14846248924732208,
            -0.021499108523130417,
            0.0243619903922081
        ],
        [
            0.13334068655967712,
            0.02030453272163868,
            0.014739356003701687
        ],
        [
            0.1740524172782898,
            0.01752360723912716,
            -0.009460624307394028
        ],
        [
            0.17403291165828705,
            0.02643710747361183,
            -0.006890968419611454
        ],
        [
            0.17721006274223328,
            0.026961319148540497,
            -0.004942739382386208
        ],
        [
            0.180007204413414,
            0.0218123160302639,
            -0.006612792145460844
        ],
        [
            0.1910984218120575,
            0.01628767140209675,
            0.03304937854409218
        ],
        [
            0.189439594745636,
            0.017455145716667175,
            0.03864108771085739
        ],
        [
            0.1909169852733612,
            0.02000185288488865,
            0.03914404660463333
        ],
        [
            0.19349460303783417,
            0.019470341503620148,
            0.03380298614501953
        ],
        [
            0.17581632733345032,
            0.0010860220063477755,
            0.04498574137687683
        ],
        [
            0.17620423436164856,
            -0.0035559991374611855,
            0.04884948208928108
        ],
        [
            0.18055452406406403,
            0.00030285492539405823,
            0.048270463943481445
        ],
        [
            0.17902666330337524,
            0.0035476493649184704,
            0.04340020939707756
        ],
        [
            0.17969749867916107,
            -0.008395310491323471,
            0.048618827015161514
        ],
        [
            0.18474432826042175,
            -0.004394577816128731,
            0.049005843698978424
        ],
        [
            0.1955571323633194,
            0.013048797845840454,
            0.029752759262919426
        ],
        [
            0.2013326734304428,
            0.008500892668962479,
            0.031337205320596695
        ],
        [
            0.19095730781555176,
            -0.002529546618461609,
            0.02784140594303608
        ],
        [
            0.1868414431810379,
            0.004442888777703047,
            0.028226913884282112
        ],
        [
            0.1256674975156784,
            -0.0006527267396450043,
            -0.011746719479560852
        ],
        [
            0.1233442947268486,
            0.008328506723046303,
            -0.017901357263326645
        ],
        [
            0.13819199800491333,
            0.01129680685698986,
            -0.016626615077257156
        ],
        [
            0.15313880145549774,
            0.01376000139862299,
            -0.016583209857344627
        ],
        [
            0.16713131964206696,
            0.016014769673347473,
            -0.014818909578025341
        ],
        [
            0.17084166407585144,
            0.0051697418093681335,
            -0.009791271761059761
        ],
        [
            0.13494810461997986,
            0.017805341631174088,
            -0.02044680528342724
        ],
        [
            0.18549832701683044,
            -0.0009921577293425798,
            0.02785196341574192
        ],
        [
            0.18483659625053406,
            -0.009493275545537472,
            0.026119031012058258
        ],
        [
            0.1855543702840805,
            -0.005897678900510073,
            0.023938585072755814
        ],
        [
            0.13273252546787262,
            0.026515373960137367,
            0.010689254850149155
        ],
        [
            0.19747893512248993,
            0.007932420819997787,
            0.05042094364762306
        ],
        [
            0.0942859947681427,
            -0.02193775400519371,
            0.011178229004144669
        ],
        [
            0.09632513672113419,
            -0.01799437776207924,
            -0.0017594397068023682
        ],
        [
            0.10424602776765823,
            -0.017867952585220337,
            0.001992117613554001
        ],
        [
            0.10188470035791397,
            -0.021486766636371613,
            0.017227062955498695
        ],
        [
            0.19016240537166595,
            0.01562962681055069,
            0.04542766138911247
        ],
        [
            0.19272883236408234,
            0.011997353285551071,
            0.04998186603188515
        ],
        [
            0.16991323232650757,
            0.030079614371061325,
            0.0033662160858511925
        ],
        [
            0.17481371760368347,
            0.02937527373433113,
            0.0038879094645380974
        ],
        [
            0.17541296780109406,
            0.03070373274385929,
            -0.000366660620784387
        ],
        [
            0.17177587747573853,
            0.03414887189865112,
            -0.0005306595703586936
        ],
        [
            0.12069118767976761,
            0.013097240589559078,
            -0.02033846266567707
        ],
        [
            0.1616467833518982,
            0.0369613841176033,
            -0.02009536698460579
        ],
        [
            0.16633841395378113,
            0.026731491088867188,
            -0.020816808566451073
        ],
        [
            0.11055104434490204,
            0.0053984979167580605,
            -0.018777882680296898
        ],
        [
            0.11250293254852295,
            -0.0028680628165602684,
            -0.013946682214736938
        ],
        [
            0.10301342606544495,
            -0.004044808447360992,
            -0.01596955582499504
        ],
        [
            0.17866657674312592,
            7.122289389371872e-05,
            0.0022290274500846863
        ],
        [
            0.1292400360107422,
            -0.006393715739250183,
            -0.006291136145591736
        ],
        [
            0.11491186171770096,
            -0.007830862887203693,
            -0.008634693920612335
        ],
        [
            0.10368706285953522,
            -0.009463139809668064,
            -0.010804777964949608
        ],
        [
            0.09578436613082886,
            -0.010617810301482677,
            -0.013295892626047134
        ],
        [
            0.09582319110631943,
            -0.004443498328328133,
            -0.01859818398952484
        ],
        [
            0.20369382202625275,
            0.0059357332065701485,
            0.03647004812955856
        ],
        [
            0.2041531503200531,
            0.013503766618669033,
            0.032490476965904236
        ],
        [
            0.08792594820261002,
            -0.0058239903301000595,
            -0.022933172062039375
        ],
        [
            0.08804710954427719,
            -0.012274686247110367,
            -0.01628354750573635
        ],
        [
            0.11667343974113464,
            -0.01332769077271223,
            -0.0014557130634784698
        ],
        [
            0.11791545897722244,
            -0.018893932923674583,
            0.00852150097489357
        ],
        [
            0.13042399287223816,
            -0.011547662317752838,
            0.0006531290709972382
        ],
        [
            0.1329898238182068,
            -0.01720244251191616,
            0.010303206741809845
        ],
        [
            0.17894795536994934,
            -0.010891016572713852,
            0.0054654283449053764
        ],
        [
            0.20708277821540833,
            0.03189452737569809,
            0.03657769039273262
        ],
        [
            0.2028791606426239,
            0.022445864975452423,
            0.032391346991062164
        ],
        [
            0.19744980335235596,
            0.023792387917637825,
            0.03424949198961258
        ],
        [
            0.20306964218616486,
            0.03313647210597992,
            0.03635532408952713
        ],
        [
            0.19822335243225098,
            0.017236405983567238,
            0.031064782291650772
        ],
        [
            0.20701973140239716,
            0.018848776817321777,
            0.03442642092704773
        ],
        [
            0.1326083093881607,
            -0.021400325000286102,
            0.024057142436504364
        ],
        [
            0.18240462243556976,
            0.0055151283740997314,
            0.032408297061920166
        ],
        [
            0.11565146595239639,
            -0.021385585889220238,
            0.026609446853399277
        ],
        [
            0.13780538737773895,
            -0.023657426238059998,
            0.03782813251018524
        ],
        [
            0.12594753503799438,
            -0.021485287696123123,
            0.04176464304327965
        ],
        [
            0.09933193773031235,
            -0.020177841186523438,
            0.031704433262348175
        ],
        [
            0.11112606525421143,
            -0.018800195306539536,
            0.044691264629364014
        ],
        [
            0.0844939798116684,
            -0.021299690008163452,
            0.01897716335952282
        ],
        [
            0.09243270754814148,
            -0.020724933594465256,
            0.023762432858347893
        ],
        [
            0.12536503374576569,
            -0.016358671709895134,
            0.05322692170739174
        ],
        [
