{
    "pred_cam": [
        7.6421709060668945,
        -0.060147836804389954,
        0.006245940923690796
    ],
    "pred_mano_params": {
        "global_orient": [
            [
                [
                    0.6026750206947327,
                    0.7944490909576416,
                    0.07505594938993454
                ],
                [
                    0.291989803314209,
                    -0.13201215863227844,
                    -0.9472669363021851
                ],
                [
                    -0.742647111415863,
                    0.5928097367286682,
                    -0.3115314841270447
                ]
            ]
        ],
        "hand_pose": [
            [
                [
                    0.6588924527168274,
                    -0.7285423278808594,
                    -0.18731486797332764
                ],
                [
                    0.7409704923629761,
                    0.671515941619873,
                    -0.005381545051932335
                ],
                [
                    0.12970563769340515,
                    -0.13524892926216125,
                    0.9822851419448853
                ]
            ],
            [
                [
                    0.6609933376312256,
                    -0.7289425134658813,
                    0.1781308799982071
                ],
                [
                    0.7439677715301514,
                    0.6056074500083923,
                    -0.2824031710624695
                ],
                [
                    0.09797829389572144,
                    0.31919026374816895,
                    0.9426122307777405
                ]
            ],
            [
                [
                    0.9129370450973511,
                    -0.4027695655822754,
                    0.06574657559394836
                ],
                [
                    0.39068886637687683,
                    0.9091260433197021,
                    0.1444023996591568
                ],
                [
                    -0.11793281137943268,
                    -0.10614383965730667,
                    0.9873324036598206
                ]
            ],
            [
                [
                    0.113335981965065,
                    -0.938511312007904,
                    -0.32611575722694397
                ],
                [
                    0.9933900237083435,
                    0.10102576017379761,
                    0.05449889972805977
                ],
                [
                    -0.018201718106865883,
                    -0.33013680577278137,
                    0.9437576532363892
                ]
            ],
            [
                [
                    0.9275608062744141,
                    -0.33239832520484924,
                    -0.170710951089859
                ],
                [
                    0.3554953336715698,
                    0.9257223606109619,
                    0.12907828390598297
                ],
                [
                    0.11512554436922073,
                    -0.18041492998600006,
                    0.9768298268318176
                ]
            ],
            [
                [
                    0.9546450972557068,
                    -0.2977393567562103,
                    -0.0020047293510288
                ],
                [
                    0.29754117131233215,
                    0.9542161822319031,
                    -0.030669650062918663
                ],
                [
                    0.011044506914913654,
                    0.02868214063346386,
                    0.9995275139808655
                ]
            ],
            [
                [
                    0.34626540541648865,
                    -0.9381317496299744,
                    -0.0030275783501565456
                ],
                [
                    0.7431373000144958,
                    0.2723202109336853,
                    0.6112189888954163
                ],
                [
                    -0.5725794434547424,
                    -0.21389390528202057,
                    0.7914558053016663
                ]
            ],
            [
                [
                    0.9640577435493469,
                    -0.2564676105976105,
                    -0.0694044679403305
                ],
                [
                    0.26535090804100037,
                    0.9426334500312805,
                    0.20256099104881287
                ],
                [
                    0.013472639955580235,
                    -0.21369704604148865,
                    0.9768069982528687
                ]
            ],
            [
                [
                    0.9949103593826294,
                    0.09793311357498169,
                    -0.02371321991086006
                ],
                [
                    -0.08592189103364944,
                    0.9474800825119019,
                    0.30805665254592896
                ],
                [
                    0.052636731415987015,
                    -0.3044513165950775,
                    0.9510723352432251
                ]
            ],
            [
                [
                    0.12578508257865906,
                    -0.9919742345809937,
                    0.012856652028858662
                ],
                [
                    0.9694395065307617,
                    0.1256585419178009,
                    0.21070580184459686
                ],
                [
                    -0.21063025295734406,
                    -0.014039905741810799,
                    0.9774649739265442
                ]
            ],
            [
                [
                    0.9658475518226624,
                    -0.2565665543079376,
                    -0.03622380644083023
                ],
                [
                    0.24958476424217224,
                    0.8836426734924316,
                    0.3960847854614258
                ],
                [
                    -0.06961319595575333,
                    -0.3915984034538269,
                    0.9174992442131042
                ]
            ],
            [
                [
                    0.9708479046821594,
                    -0.23865504562854767,
                    0.02231648936867714
                ],
                [
                    0.23525932431221008,
                    0.9665691256523132,
                    0.10196629166603088
                ],
                [
                    -0.04590519890189171,
                    -0.09374360740184784,
                    0.9945374131202698
                ]
            ],
            [
                [
                    0.9852675795555115,
                    0.03682577610015869,
                    -0.16700801253318787
                ],
                [
                    -0.15291236340999603,
                    0.6270163655281067,
                    -0.76385098695755
                ],
                [
                    0.07658734172582626,
                    0.7781351804733276,
                    0.6234099864959717
                ]
            ],
            [
                [
                    0.9414491653442383,
                    -0.3371363878250122,
                    -0.0035491364542394876
                ],
                [
                    0.30494311451911926,
                    0.8469650149345398,
                    0.43549951910972595
                ],
                [
                    -0.1438167542219162,
                    -0.4110828936100006,
                    0.9001819491386414
                ]
            ],
            [
                [
                    0.9623599052429199,
                    -0.07148545980453491,
                    -0.2622082531452179
                ],
                [
                    -0.013741923496127129,
                    0.9507549405097961,
                    -0.30963876843452454
                ],
                [
                    0.27143046259880066,
                    0.30158719420433044,
                    0.913986086845398
                ]
            ]
        ],
        "betas": [
            -0.06348904967308044,
            -0.018005728721618652,
            -0.012579590082168579,
            0.0490289032459259,
            0.011607259511947632,
            -0.05369076877832413,
            0.02861306071281433,
            -0.08764579892158508,
            -0.011875569820404053,
            -0.010248661041259766
        ]
    },
    "pred_cam_t": [
        -0.060147836804389954,
        0.006245940923690796,
        5.111440181732178
    ],
    "focal_length": [
        5000.0,
        5000.0
    ],
    "pred_keypoints_3d": [
        [
            0.09599153697490692,
            0.006412620656192303,
            0.006200331263244152
        ],
        [
            0.07095100730657578,
            -0.023117292672395706,
            0.006766294129192829
        ],
        [
            0.0463317446410656,
            -0.04130431264638901,
            0.011071376502513885
        ],
        [
            0.021960239857435226,
            -0.05172190070152283,
            0.017111919820308685
        ],
        [
            -0.01115703210234642,
            -0.05933992564678192,
            0.027295125648379326
        ],
        [
            0.04011118412017822,
            -0.03835803642868996,
            0.06231331452727318
        ],
        [
            0.007713992148637772,
            -0.040323637425899506,
            0.06884414702653885
        ],
        [
            -0.007314783520996571,
            -0.034276895225048065,
            0.05356336385011673
        ],
        [
            -0.01723559945821762,
            -0.027193065732717514,
            0.03191271424293518
        ],
        [
            0.037321411073207855,
            -0.017907310277223587,
            0.07692985981702805
        ],
        [
            0.010090827941894531,
            -0.009774911217391491,
            0.06269591301679611
        ],
        [
            -0.0016643032431602478,
            -0.0021424517035484314,
            0.04403671622276306
        ],
        [
            -0.012752929702401161,
            0.005514366552233696,
            0.021814264357089996
        ],
        [
            0.041404739022254944,
            0.008375697769224644,
            0.07310102134943008
        ],
        [
            0.01551825925707817,
            0.009522169828414917,
            0.06028144806623459
        ],
        [
            0.001213383860886097,
            0.014640850946307182,
            0.04059692472219467
        ],
        [
            -0.013029908761382103,
            0.01852009817957878,
            0.019539158791303635
        ],
        [
            0.04318021610379219,
            0.028659727424383163,
            0.06504848599433899
        ],
        [
            0.02343335561454296,
            0.029705198481678963,
            0.057455550879240036
        ],
        [
            0.009507790207862854,
            0.03099515102803707,
            0.04456530883908272
        ],
        [
            -0.007039784453809261,
            0.032135892659425735,
            0.030210744589567184
        ]
    ],
    "pred_vertices": [
        [
            0.05333530157804489,
            -0.02114403061568737,
            0.02828913927078247
        ],
        [
            0.05808955430984497,
            -0.016893917694687843,
            0.0197741761803627
        ],
        [
            0.050497133284807205,
            -0.02390476129949093,
            0.020639311522245407
        ],
        [
            0.047541797161102295,
            -0.02880566008388996,
            0.028640083968639374
        ],
        [
            0.05360092967748642,
            -0.01761167123913765,
            -2.1047890186309814e-05
        ],
        [
            0.058372460305690765,
            -0.024237241595983505,
            -0.009208399802446365
        ],
        [
            0.04577229917049408,
            -0.03295890986919403,
            -0.0030088424682617188
        ],
        [
            0.04304634407162666,
            -0.025406870990991592,
            0.003408685326576233
        ],
        [
            0.04385736584663391,
            -0.035707905888557434,
            0.03027086704969406
        ],
        [
            0.044225890189409256,
            -0.029561784118413925,
            0.0215969979763031
        ],
        [
            0.04522106051445007,
            -0.040293000638484955,
            0.031191986054182053
        ],
        [
            0.04999531805515289,
            -0.046142395585775375,
            0.042305078357458115
        ],
        [
            0.04544484615325928,
            -0.04094744101166725,
            0.039277639240026474
        ],
        [
            0.04965714365243912,
            -0.047819118946790695,
            0.05069880560040474
        ],
        [
            0.06122148036956787,
            -0.04697229713201523,
            0.04250218719244003
        ],
        [
            0.056517429649829865,
            -0.04634646698832512,
            0.05760359764099121
        ],
        [
            0.07611019909381866,
            -0.023484166711568832,
            0.05333486944437027
        ],
        [
            0.07786521315574646,
            -0.00999472662806511,
            0.055270977318286896
        ],
        [
            0.06669828295707703,
            -0.012963276356458664,
            0.06996427476406097
        ],
        [
            0.0652870386838913,
            -0.02625390700995922,
            0.06563084572553635
        ],
        [
            0.06893027573823929,
            0.007729162462055683,
            0.06509566307067871
        ],
        [
            0.06711480021476746,
            -0.0037864428013563156,
            0.06831159442663193
        ],
        [
            0.07930873334407806,
            -0.0009754830971360207,
            0.05474904924631119
        ],
        [
            0.08011860400438309,
            0.009060172364115715,
            0.05233105272054672
        ],
        [
            0.05983099341392517,
            -0.0062314048409461975,
            0.02759164199233055
        ],
        [
            0.06541448086500168,
            -0.002346418797969818,
            0.01916436478495598
        ],
        [
            0.06419023871421814,
            -0.0080788005143404,
            0.01977972686290741
        ],
        [
            0.05860020965337753,
            -0.011730605736374855,
            0.02746620401740074
        ],
        [
            0.044513262808322906,
            -0.04807613044977188,
            0.023670483380556107
        ],
        [
            0.05743240565061569,
            -0.04852590337395668,
            0.02526356279850006
        ],
        [
            0.05204665660858154,
            -0.04571881145238876,
            0.030703876167535782
        ],
        [
            0.04079068452119827,
            -0.04392361640930176,
            0.02466665767133236
        ],
        [
            0.074787437915802,
            0.01484543178230524,
            -0.0025799348950386047
        ],
        [
            0.0869944766163826,
            0.015220120549201965,
            -0.0086149200797081
        ],
        [
            0.08742906153202057,
            0.00939304381608963,
            -0.009577825665473938
        ],
        [
            0.07651317119598389,
            0.010256478562951088,
            -0.0034556835889816284
        ],
        [
            0.07863529026508331,
            -0.011382214725017548,
            -0.013161055743694305
        ],
        [
            0.0891713798046112,
            -0.008216746151447296,
            -0.013862617313861847
        ],
        [
            0.09950350224971771,
            -0.01723841205239296,
            -0.014863356947898865
        ],
        [
            0.09077376872301102,
            -0.02260999009013176,
            -0.012103274464607239
        ],
        [
            0.06762579828500748,
            -0.017554443329572678,
            -0.011650227010250092
        ],
        [
            0.07769443839788437,
            -0.02736726962029934,
            -0.0127706378698349
        ],
        [
            0.06574034690856934,
            -0.03317539766430855,
            -0.010361626744270325
        ],
        [
            0.050948649644851685,
            -0.040732018649578094,
            -0.004117410629987717
        ],
        [
            0.0885305181145668,
            0.02737216278910637,
            -0.004588223993778229
        ],
        [
            0.07943377643823624,
            0.029019521549344063,
            -4.124641418457031e-05
        ],
        [
            0.009609375149011612,
            -0.04186797887086868,
            0.05474073439836502
        ],
        [
            0.00931783951818943,
            -0.03571058809757233,
            0.05500025302171707
        ],
        [
            0.012717431411147118,
            -0.03644727170467377,
            0.054994404315948486
        ],
        [
            0.01236301101744175,
            -0.04228225722908974,
            0.05502310395240784
        ],
        [
            0.09494919329881668,
            0.03554314002394676,
            0.012958280742168427
        ],
        [
            0.10202939808368683,
            0.03277908265590668,
            0.01964253932237625
        ],
        [
            0.10555662214756012,
            0.03516339510679245,
            0.013695262372493744
        ],
        [
            0.09925870597362518,
            0.035959213972091675,
            0.006703570485115051
        ],
        [
            0.08928599208593369,
            0.03498078137636185,
            0.02122911810874939
        ],
        [
            0.09670553356409073,
            0.02911260724067688,
            0.027491915971040726
        ],
        [
            0.004113325849175453,
            -0.04684440419077873,
            0.06534360349178314
        ],
        [
            0.005821969360113144,
            -0.047758664935827255,
            0.06041413173079491
        ],
        [
            0.009830987080931664,
            -0.04848380386829376,
            0.06296077370643616
        ],
        [
            0.009334653615951538,
            -0.04690396040678024,
            0.06821316480636597
        ],
        [
            0.044949743896722794,
            -0.033614110201597214,
            0.03654906898736954
        ],
        [
            0.04766561836004257,
            -0.024561770260334015,
            0.03534425422549248
        ],
        [
            0.03744789585471153,
            -0.03620615229010582,
            0.050114501267671585
        ],
        [
            0.04153367877006531,
            -0.03098507784307003,
            0.045775942504405975
        ],
        [
            0.042912714183330536,
            -0.03784093260765076,
            0.0442252978682518
        ],
        [
            0.04004524275660515,
            -0.041630495339632034,
            0.048961639404296875
        ],
        [
            0.047122467309236526,
            -0.007834003306925297,
            0.046262845396995544
        ],
        [
            0.05410674959421158,
            -0.00561852753162384,
            0.03726460039615631
        ],
        [
            0.052588775753974915,
            -0.012109864503145218,
            0.03767472878098488
        ],
        [
            0.0442875474691391,
            -0.01604437455534935,
            0.04662473499774933
        ],
        [
            0.05377478897571564,
            0.008580277673900127,
            0.03642633557319641
        ],
        [
            0.0474560521543026,
            0.00519585981965065,
            0.045652762055397034
        ],
        [
            0.04821954295039177,
            0.013635932467877865,
            0.04399201646447182
        ],
        [
            0.051647961139678955,
            0.014682807959616184,
            0.03716367110610008
        ],
        [
            0.03794979676604271,
            -0.00427992083132267,
            0.0610072985291481
        ],
        [
            0.03692847490310669,
            -0.006857600994408131,
            0.06467661261558533
        ],
        [
            0.03560011461377144,
            -0.0029253859538584948,
            0.06329626590013504
        ],
        [
            0.03829265385866165,
            -0.0005591362714767456,
            0.060139015316963196
        ],
        [
            0.10993215441703796,
            0.03695255145430565,
            0.008350357413291931
        ],
        [
            0.10368847846984863,
            0.03547447919845581,
            0.0008619204163551331
        ],
        [
            0.06816919147968292,
            0.029001900926232338,
            0.05837704986333847
        ],
        [
            0.06622692942619324,
            0.03599176183342934,
            0.049586858600378036
        ],
        [
            0.05674246698617935,
            0.036384183913469315,
            0.0589103139936924
        ],
        [
            0.061623215675354004,
            0.028775207698345184,
            0.0674002468585968
        ],
        [
            0.10657332837581635,
            0.024787932634353638,
            0.024558432400226593
        ],
        [
            0.1109810397028923,
            0.02907152846455574,
            0.019657302647829056
        ],
        [
            0.0029894020408391953,
            -0.04218871518969536,
            0.0696675032377243
        ],
        [
            0.008324917405843735,
            -0.042051199823617935,
            0.07207924127578735
        ],
        [
            0.07675144076347351,
            -0.03903689980506897,
            -0.0040331631898880005
        ],
        [
            0.057594917714595795,
            -0.0469028539955616,
            0.00013236701488494873
        ],
        [
            0.09096865355968475,
            -0.03140814229846001,
            -0.005490526556968689
        ],
        [
            0.1007293313741684,
            -0.0254498478025198,
            -0.005413427948951721
        ],
        [
            0.10854896903038025,
            -0.021705519407987595,
            -0.00794936716556549
        ],
        [
            0.03946501016616821,
            -0.0260145366191864,
            0.049613382667303085
        ],
        [
            0.05266667902469635,
            -0.016684984788298607,
            0.03379463404417038
        ],
        [
            0.06026213616132736,
            -0.0011189449578523636,
            0.02750556915998459
        ],
        [
            0.05544111877679825,
            0.02950134128332138,
            0.028437182307243347
        ],
        [
            0.061257995665073395,
            0.031037326902151108,
            0.01995731145143509
        ],
        [
            0.05823201686143875,
            0.02070074900984764,
            0.021062850952148438
        ],
        [
            0.05423247069120407,
            0.021433532238006592,
            0.02867327630519867
        ],
        [
            0.059041932225227356,
            0.03839728981256485,
            0.04272635653614998
        ],
        [
            0.05316179245710373,
            0.03414718806743622,
            0.038982391357421875
        ],
        [
            0.04887722432613373,
            0.03311082348227501,
            0.04547762870788574
        ],
        [
            0.05276322364807129,
            0.03760838881134987,
            0.05067235603928566
        ],
        [
            0.04631654918193817,
            -0.05342835932970047,
            0.018533185124397278
        ],
        [
            0.06123632937669754,
            -0.05072451010346413,
            0.01892320066690445
        ],
        [
            0.08747643977403641,
            0.034504637122154236,
            0.0054315850138664246
        ],
        [
            0.09257186204195023,
            0.03260120004415512,
            -0.00025250762701034546
        ],
        [
            0.09969612956047058,
            0.0322609543800354,
            -0.005028888583183289
        ],
        [
            0.06968504190444946,
            0.005160251632332802,
            0.007476016879081726
        ],
        [
            0.0775928869843483,
            0.007076803594827652,
            -0.004190094769001007
        ],
        [
            0.07671058177947998,
            0.0028123948723077774,
            -0.004754655063152313
        ],
        [
            0.07027959823608398,
            0.0019526351243257523,
            0.00821579247713089
        ],
        [
            0.0606292262673378,
            -0.011199038475751877,
            0.009853020310401917
        ],
        [
            0.06478241086006165,
            -0.008988909423351288,
            -0.0028253942728042603
        ],
        [
            0.05088888108730316,
            -0.017678268253803253,
            0.011890195310115814
        ],
        [
            0.08915458619594574,
            0.0018381625413894653,
            -0.012152418494224548
        ],
        [
            0.09536556154489517,
            0.010025650262832642,
            -0.016218915581703186
        ],
        [
            0.09697197377681732,
            0.001338474452495575,
            -0.01758083701133728
        ],
        [
            0.0958346500992775,
            0.019457226619124413,
            -0.013413436710834503
        ],
        [
            0.09713104367256165,
            0.027468811720609665,
            -0.00962115079164505
        ],
        [
            0.11795009672641754,
            0.032473258674144745,
            0.016065098345279694
        ],
        [
            0.09885630756616592,
            -0.006859906017780304,
            -0.017175965011119843
        ],
        [
            0.03670689836144447,
            -0.03188122808933258,
            0.006248362362384796
        ],
        [
            0.031029008328914642,
            -0.037827953696250916,
            0.00811627134680748
        ],
        [
            0.03233113884925842,
            -0.03574571758508682,
            0.015569843351840973
        ],
        [
            0.03772731497883797,
            -0.029992206022143364,
            0.014589466154575348
        ],
        [
            0.045358940958976746,
            -0.04867299646139145,
            0.058493342250585556
        ],
        [
            0.04164851829409599,
            -0.04648784548044205,
            0.0520809069275856
        ],
        [
            0.045794785022735596,
            -0.04464872553944588,
            0.04521259665489197
        ],
        [
            0.06763354688882828,
            0.01829986833035946,
            0.0059714168310165405
        ],
        [
            0.07176734507083893,
            0.03027120977640152,
            0.007602512836456299
        ],
        [
            0.03519051522016525,
            -0.03141055256128311,
            0.053571105003356934
        ],
        [
            0.014090869575738907,
            -0.04720792919397354,
            0.07021575421094894
        ],
        [
            0.014652488753199577,
            -0.04940343275666237,
            0.06447189301252365
        ],
        [
            0.032535385340452194,
            -0.049624696373939514,
            0.0627913698554039
        ],
        [
            0.03223525732755661,
            -0.04737803712487221,
            0.06956947594881058
        ],
        [
            0.031886026263237,
            -0.028937216848134995,
            0.061841025948524475
        ],
        [
            0.03271443024277687,
            -0.03190302103757858,
            0.055190086364746094
        ],
        [
            0.03136022761464119,
            -0.03155147284269333,
            0.05632966756820679
        ],
        [
            0.028873056173324585,
            -0.027517639100551605,
            0.061178382486104965
        ],
        [
            0.037954140454530716,
            0.005875193048268557,
            0.060719165951013565
        ],
        [
            0.03993707150220871,
            0.00756977591663599,
            0.057757847011089325
        ],
        [
            0.051236592233181,
            -0.0272666085511446,
            0.07429546862840652
        ],
        [
            0.05492303520441055,
            -0.04049213230609894,
            0.07220962643623352
        ],
        [
            0.06378567218780518,
            -0.03861738368868828,
            0.06217806786298752
        ],
        [
            0.04806523025035858,
            -0.0004069339483976364,
            0.04557158052921295
        ],
        [
            0.04196775704622269,
            -0.0016951961442828178,
            0.05365067720413208
        ],
        [
            0.042398981750011444,
            0.0024217218160629272,
            0.053472474217414856
        ],
        [
            0.03771629557013512,
            -0.023684818297624588,
            0.05324484035372734
        ],
        [
            0.034191153943538666,
            -0.026840971782803535,
            0.057685382664203644
        ],
        [
            0.036114491522312164,
            -0.022419754415750504,
            0.05857276916503906
        ],
        [
            0.039170995354652405,
            -0.01855025254189968,
            0.05340570956468582
        ],
        [
            0.07546784728765488,
            0.0363045260310173,
            0.03992504999041557
        ],
        [
            0.06679902970790863,
            0.03942066431045532,
            0.032427821308374405
        ],
        [
            0.008076386526226997,
            -0.046040650457143784,
            0.056639038026332855
        ],
        [
            0.011260278522968292,
            -0.04675570875406265,
            0.0579766146838665
        ],
        [
            0.05483930557966232,
            0.0015905415639281273,
            0.03671642392873764
        ],
        [
            0.07226169109344482,
            -0.03435299172997475,
            0.04978342354297638
        ],
        [
            0.06034116446971893,
            0.00439616572111845,
            0.02718127891421318
        ],
        [
            0.049030277878046036,
            0.01464091707020998,
            0.07257229089736938
        ],
        [
            0.042808160185813904,
            0.017895273864269257,
            0.0669855922460556
        ],
        [
            0.03962559998035431,
            0.01657162234187126,
            0.06675997376441956
        ],
        [
            0.041112981736660004,
            0.014300353825092316,
            0.07175323367118835
        ],
        [
            0.015011409297585487,
            -0.02791799232363701,
            0.06338296830654144
        ],
        [
            0.014626244083046913,
            -0.03071748837828636,
            0.058062851428985596
        ],
        [
            0.01227526180446148,
            -0.030817922204732895,
            0.05786961689591408
        ],
        [
            0.011178852990269661,
            -0.028146255761384964,
            0.06321445852518082
        ],
        [
            0.03413655608892441,
            -0.036818645894527435,
            0.05214628204703331
        ],
        [
            0.035918474197387695,
            -0.04269767925143242,
            0.05161380022764206
        ],
        [
            0.03153451904654503,
            -0.04238201305270195,
            0.0527937151491642
        ],
        [
            0.030907277017831802,
            -0.03631741926074028,
            0.05389535054564476
        ],
        [
            0.03749917447566986,
            -0.04743541032075882,
            0.055409736931324005
        ],
        [
            0.032552774995565414,
            -0.047584258019924164,
            0.056668657809495926
        ],
        [
            0.014659453183412552,
            -0.02911650761961937,
            0.06976958364248276
        ],
        [
            0.013781441375613213,
            -0.035280320793390274,
            0.07423458248376846
        ],
        [
            0.03060520812869072,
            -0.03365262597799301,
            0.07413491606712341
        ],
        [
            0.027720779180526733,
            -0.02835163101553917,
            0.06879852712154388
        ],
        [
            0.09159186482429504,
            0.01042703166604042,
            0.04188122972846031
        ],
        [
            0.09017962962388992,
            0.021369852125644684,
            0.03983726352453232
        ],
        [
            0.07889271527528763,
            0.020399631932377815,
            0.05044189468026161
        ],
        [
            0.06820051372051239,
            0.020060356706380844,
            0.062190841883420944
        ],
        [
            0.057452671229839325,
            0.018406087532639503,
            0.07199765741825104
        ],
        [
            0.059572137892246246,
            0.006962647661566734,
            0.07626923173666
        ],
        [
            0.07847663015127182,
            0.02816864475607872,
            0.04730433225631714
        ],
        [
            0.038773104548454285,
            -0.02691035531461239,
            0.06911823153495789
        ],
        [
            0.04195219278335571,
            -0.032320328056812286,
            0.07357026636600494
        ],
        [
            0.042679671198129654,
            -0.02739705890417099,
            0.07320927828550339
        ],
        [
            0.058697499334812164,
            0.011690624058246613,
            0.02642352506518364
        ],
        [
            0.015147749334573746,
            -0.04812118783593178,
            0.059182703495025635
        ],
        [
            0.11285047978162766,
            -0.01624404639005661,
            0.013191144913434982
        ],
        [
            0.11524523794651031,
            -0.004546167328953743,
            0.019610967487096786
        ],
        [
            0.1086418405175209,
            -0.008270639926195145,
            0.024116475135087967
        ],
        [
            0.10522359609603882,
            -0.02130545862019062,
            0.01631418615579605
        ],
        [
            0.014679854735732079,
            -0.037028539925813675,
            0.05465250462293625
        ],
        [
            0.015295734629034996,
            -0.04349985346198082,
            0.054782744497060776
        ],
        [
            0.03877808526158333,
            0.013943761587142944,
            0.0572054423391819
        ],
        [
            0.03721265867352486,
            0.011750051751732826,
            0.06037386134266853
        ],
        [
            0.03767163306474686,
            0.015175113454461098,
            0.06106295436620712
        ],
        [
            0.03723818063735962,
            0.018382113426923752,
            0.05819850414991379
        ],
        [
            0.08985664695501328,
            0.02682694047689438,
            0.03716832026839256
        ],
        [
            0.047692954540252686,
            0.036542464047670364,
            0.060213811695575714
        ],
        [
            0.052354760468006134,
            0.02926422469317913,
            0.06903249025344849
        ],
        [
            0.10002388060092926,
            0.021782057359814644,
            0.030910532921552658
        ],
        [
            0.10182422399520874,
            0.01235269010066986,
            0.03304204344749451
        ],
        [
            0.10920068621635437,
            0.01435045339167118,
            0.026870213449001312
        ],
        [
            0.05257143825292587,
            -0.006412079557776451,
            0.07743973284959793
        ],
        [
            0.09049254655838013,
            0.0020241448655724525,
            0.04406716302037239
        ],
        [
            0.1010046899318695,
            0.0047563426196575165,
            0.034143656492233276
        ],
        [
            0.10977626591920853,
            0.006798555143177509,
            0.02680559828877449
        ],
        [
            0.11642872542142868,
            0.008934500627219677,
            0.022165436297655106
        ],
        [
            0.1150178387761116,
            0.016988277435302734,
            0.022602014243602753
        ],
        [
            0.013655511662364006,
            -0.0416097566485405,
            0.07341178506612778
        ],
        [
            0.007742293179035187,
            -0.03489060699939728,
            0.07319996505975723
        ],
        [
            0.12268747389316559,
            0.02029576525092125,
            0.018977969884872437
        ],
        [
            0.12352116405963898,
            0.0110464533790946,
            0.018137872219085693
        ],
        [
            0.100019171833992,
            -0.004463816061615944,
            0.034031059592962265
        ],
        [
            0.09787943959236145,
            -0.015681572258472443,
            0.03241203352808952
        ],
        [
            0.08971245586872101,
            -0.006756914779543877,
            0.04345692694187164
        ],
        [
            0.08695673942565918,
            -0.018065612763166428,
            0.04291601479053497
        ],
        [
            0.05744916573166847,
            -0.016418427228927612,
            0.08075278997421265
        ],
        [
            -0.006838018074631691,
            -0.02998085506260395,
            0.06225333362817764
        ],
        [
            0.0030058622360229492,
            -0.029786203056573868,
            0.06786192953586578
        ],
        [
            0.006025990471243858,
            -0.028185255825519562,
            0.06299901753664017
        ],
        [
            -0.004341183230280876,
            -0.027442462742328644,
            0.059784211218357086
        ],
        [
            0.009547153487801552,
            -0.029262850061058998,
            0.06881685554981232
        ],
        [
            0.0022963471710681915,
            -0.03490101546049118,
            0.07065080106258392
        ],
        [
            0.08214987069368362,
            -0.03147464618086815,
            0.03731332719326019
        ],
        [
            0.034554481506347656,
            -0.02520022541284561,
            0.06285024434328079
        ],
        [
            0.09183092415332794,
            -0.030336685478687286,
            0.02273552119731903
        ],
        [
            0.0714743435382843,
            -0.04529291391372681,
            0.03323575109243393
        ],
        [
            0.07683944702148438,
            -0.04386577010154724,
            0.02072817087173462
        ],
        [
            0.10002461075782776,
            -0.030039746314287186,
            0.006621580570936203
        ],
        [
            0.08569259941577911,
            -0.04027397930622101,
            0.007038947194814682
        ],
        [
            0.11461363732814789,
            -0.020017381757497787,
            0.0012348666787147522
        ],
        [
            0.10772044956684113,
            -0.023990467190742493,
            0.005216151475906372
        ],
        [
