{
    "pred_cam": [
        6.595857620239258,
        -0.062895268201828,
        0.008435040712356567
    ],
    "pred_mano_params": {
        "global_orient": [
            [
                [
                    0.6414647698402405,
                    0.763972818851471,
                    0.06977479159832001
                ],
                [
                    0.2824462354183197,
                    -0.15062814950942993,
                    -0.947383463382721
                ],
                [
                    -0.7132651805877686,
                    0.6274206638336182,
                    -0.3124038875102997
                ]
            ]
        ],
        "hand_pose": [
            [
                [
                    0.599546492099762,
                    -0.7728365063667297,
                    -0.2080088108778
                ],
                [
                    0.7845847606658936,
                    0.6188619136810303,
                    -0.037902649492025375
                ],
                [
                    0.15802130103111267,
                    -0.14047615230083466,
                    0.9773921966552734
                ]
            ],
            [
                [
                    0.7274476885795593,
                    -0.667088508605957,
                    0.16066338121891022
                ],
                [
                    0.6816163659095764,
                    0.675628662109375,
                    -0.2809360921382904
                ],
                [
                    0.07886046171188354,
                    0.3138771057128906,
                    0.9461829662322998
                ]
            ],
            [
                [
                    0.9347735047340393,
                    -0.35153117775917053,
                    0.05122777074575424
                ],
                [
                    0.3434234857559204,
                    0.9311137795448303,
                    0.12283070385456085
                ],
                [
                    -0.0908777117729187,
                    -0.09722607582807541,
                    0.9911045432090759
                ]
            ],
            [
                [
                    0.0740295797586441,
                    -0.9504198431968689,
                    -0.30202943086624146
                ],
                [
                    0.9954133629798889,
                    0.05201973021030426,
                    0.08028823137283325
                ],
                [
                    -0.06059602275490761,
                    -0.306587815284729,
                    0.9499115943908691
                ]
            ],
            [
                [
                    0.9460597634315491,
                    -0.27974647283554077,
                    -0.16343998908996582
                ],
                [
                    0.30176860094070435,
                    0.9444432854652405,
                    0.13024036586284637
                ],
                [
                    0.11792552471160889,
                    -0.17253625392913818,
                    0.9779185056686401
                ]
            ],
            [
                [
                    0.9659577012062073,
                    -0.25869983434677124,
                    -0.0002812391030602157
                ],
                [
                    0.2585754692554474,
                    0.9655259847640991,
                    -0.029971878975629807
                ],
                [
                    0.00802526343613863,
                    0.028878847137093544,
                    0.9995507001876831
                ]
            ],
            [
                [
                    0.3537083566188812,
                    -0.9350898265838623,
                    0.022302107885479927
                ],
                [
                    0.7100432515144348,
                    0.28395020961761475,
                    0.6443686485290527
                ],
                [
                    -0.6088752746582031,
                    -0.21208307147026062,
                    0.7643897533416748
                ]
            ],
            [
                [
                    0.9659526944160461,
                    -0.2434699833393097,
                    -0.08750839531421661
                ],
                [
                    0.25675418972969055,
                    0.9437205791473389,
                    0.2084914892911911
                ],
                [
                    0.03182205185294151,
                    -0.22386106848716736,
                    0.9741013646125793
                ]
            ],
            [
                [
                    0.9933850169181824,
                    0.11033107340335846,
                    -0.031830884516239166
                ],
                [
                    -0.09594880044460297,
                    0.949801504611969,
                    0.29777663946151733
                ],
                [
                    0.06308703124523163,
                    -0.292752742767334,
                    0.9541047215461731
                ]
            ],
            [
                [
                    0.12385210394859314,
                    -0.9922694563865662,
                    0.007869252003729343
                ],
                [
                    0.9621517658233643,
                    0.12202537059783936,
                    0.24366721510887146
                ],
                [
                    -0.24274379014968872,
                    -0.022607294842600822,
                    0.9698269367218018
                ]
            ],
            [
                [
                    0.9683182835578918,
                    -0.2450261116027832,
                    -0.048186417669057846
                ],
                [
                    0.24454541504383087,
                    0.8913587331771851,
                    0.38167673349380493
                ],
                [
                    -0.05056937411427498,
                    -0.3813683092594147,
                    0.9230389595031738
                ]
            ],
            [
                [
                    0.973797082901001,
                    -0.22629554569721222,
                    0.02257249876856804
                ],
                [
                    0.2227090746164322,
                    0.9690170884132385,
                    0.1068016067147255
                ],
                [
                    -0.046041861176490784,
                    -0.09897599369287491,
                    0.9940240979194641
                ]
            ],
            [
                [
                    0.973185658454895,
                    0.03338874876499176,
                    -0.22758491337299347
                ],
                [
                    -0.1964053213596344,
                    0.6356119513511658,
                    -0.7466071844100952
                ],
                [
                    0.11972741782665253,
                    0.7712863087654114,
                    0.6251261830329895
                ]
            ],
            [
                [
                    0.9482541680335999,
                    -0.3175080418586731,
                    0.001632571336813271
                ],
                [
                    0.2867628335952759,
                    0.8586167693138123,
                    0.42490512132644653
                ],
                [
                    -0.1363125592470169,
                    -0.40244990587234497,
                    0.9052364230155945
                ]
            ],
            [
                [
                    0.9613325595855713,
                    -0.09096238762140274,
                    -0.25993382930755615
                ],
                [
                    -0.002768627367913723,
                    0.9406347870826721,
                    -0.3394092917442322
                ],
                [
                    0.27537623047828674,
                    0.3270048499107361,
                    0.9040110111236572
                ]
            ]
        ],
        "betas": [
            -0.05745682120323181,
            -0.019573867321014404,
            -0.0005740523338317871,
            0.03792944550514221,
            0.00272563099861145,
            -0.03566696494817734,
            0.013364315032958984,
            -0.07489058375358582,
            -0.01587153971195221,
            -0.030979543924331665
        ]
    },
    "pred_cam_t": [
        -0.062895268201828,
        0.008435040712356567,
        5.922277450561523
    ],
    "focal_length": [
        5000.0,
        5000.0
    ],
    "pred_keypoints_3d": [
        [
            0.095955491065979,
            0.006409572437405586,
            0.00620034197345376
        ],
        [
            0.07033348083496094,
            -0.022600768133997917,
            0.005500513594597578
        ],
        [
            0.04533570259809494,
            -0.04004813730716705,
            0.010510755702853203
        ],
        [
            0.02086428552865982,
            -0.0497809499502182,
            0.017198173329234123
        ],
        [
            -0.012508157640695572,
            -0.05555081367492676,
            0.02761797234416008
        ],
        [
            0.03672471269965172,
            -0.037413112819194794,
            0.05949116498231888
        ],
        [
            0.003783777356147766,
            -0.03708301857113838,
            0.06254119426012039
        ],
        [
            -0.010701215825974941,
            -0.03049498237669468,
            0.046988245099782944
        ],
        [
            -0.021286988630890846,
            -0.0228236336261034,
            0.025759894400835037
        ],
        [
            0.0336834080517292,
            -0.016977829858660698,
            0.07406903803348541
        ],
        [
            0.007852310314774513,
            -0.009140904992818832,
            0.0572991743683815
        ],
        [
            -0.0032640965655446053,
            -0.0014426568523049355,
            0.03829497843980789
        ],
        [
            -0.01450471393764019,
            0.006544888950884342,
            0.016222894191741943
        ],
        [
            0.038462456315755844,
            0.009224019944667816,
            0.0705646201968193
        ],
        [
            0.013358363881707191,
            0.010089206509292126,
            0.05625687539577484
        ],
        [
            -2.7731060981750488e-05,
            0.015233424492180347,
            0.035954829305410385
        ],
        [
            -0.013533297926187515,
            0.019176747649908066,
            0.014431197196245193
        ],
        [
            0.04101985692977905,
            0.029500460252165794,
            0.06270371377468109
        ],
        [
            0.021574705839157104,
            0.029935616999864578,
            0.054337892681360245
        ],
        [
            0.00807247869670391,
            0.030994471162557602,
            0.0410025417804718
        ],
        [
            -0.008233252912759781,
            0.0321187824010849,
            0.026341328397393227
        ]
    ],
    "pred_vertices": [
        [
            0.05202867463231087,
            -0.02012721449136734,
            0.026272617280483246
        ],
        [
            0.057362571358680725,
            -0.015819376334547997,
            0.017945460975170135
        ],
        [
            0.049692898988723755,
            -0.022555645555257797,
            0.018910549581050873
        ],
        [
            0.046189434826374054,
            -0.027545850723981857,
            0.02654615044593811
        ],
        [
            0.05313283950090408,
            -0.016905643045902252,
            -0.0015498772263526917
        ],
        [
            0.05788874626159668,
            -0.023828018456697464,
            -0.010496366769075394
        ],
        [
            0.045044995844364166,
            -0.032151296734809875,
            -0.003933031111955643
        ],
        [
            0.04242878407239914,
            -0.024393195286393166,
            0.0022955238819122314
        ],
        [
            0.04243357107043266,
            -0.03426274657249451,
            0.02839086577296257
        ],
        [
            0.04330993443727493,
            -0.02805326133966446,
            0.02005588635802269
        ],
        [
            0.04388386756181717,
            -0.03879624605178833,
            0.029880713671445847
        ],
        [
            0.047748714685440063,
            -0.04497922584414482,
            0.040492236614227295
        ],
        [
            0.04333473742008209,
            -0.03974350541830063,
            0.03709147125482559
        ],
        [
            0.046789832413196564,
            -0.04683062434196472,
            0.04858681187033653
        ],
        [
            0.05891226604580879,
            -0.046085722744464874,
            0.04114716127514839
        ],
        [
            0.05328764766454697,
            -0.04561254009604454,
            0.0558437705039978
        ],
        [
            0.07340925186872482,
            -0.02323615550994873,
            0.052276164293289185
        ],
        [
            0.07530514895915985,
            -0.009825404733419418,
            0.05433390289545059
        ],
        [
            0.06340795010328293,
            -0.012611945159733295,
            0.06856150925159454
        ],
        [
            0.061945848166942596,
            -0.025851210579276085,
            0.06413242220878601
        ],
        [
            0.06628891825675964,
            0.008054783567786217,
            0.06385188549757004
        ],
        [
            0.06409036368131638,
            -0.0034302310086786747,
            0.06694367527961731
        ],
        [
            0.0769483894109726,
            -0.0008340934291481972,
            0.053918518126010895
        ],
        [
            0.07807081192731857,
            0.009188846684992313,
            0.05158914625644684
        ],
        [
            0.05865611881017685,
            -0.005540845915675163,
            0.025862909853458405
        ],
        [
            0.06473574787378311,
            -0.0016938094049692154,
            0.017631400376558304
        ],
        [
            0.0634874776005745,
            -0.007287655025720596,
            0.018093779683113098
        ],
        [
            0.057390034198760986,
            -0.0109467264264822,
            0.02564561367034912
        ],
        [
            0.04349282756447792,
            -0.046527184545993805,
            0.023211056366562843
        ],
        [
            0.05601473152637482,
            -0.04740137234330177,
            0.024396076798439026
        ],
        [
            0.05061926692724228,
            -0.04438970237970352,
            0.029662754386663437
        ],
        [
            0.03985166549682617,
            -0.042280860245227814,
            0.024119624868035316
        ],
        [
            0.07533551007509232,
            0.015304962173104286,
            -0.003487102687358856
        ],
        [
            0.08781156688928604,
            0.015454817563295364,
            -0.008944258093833923
        ],
        [
            0.08816372603178024,
            0.009621158242225647,
            -0.009935930371284485
        ],
        [
            0.07700255513191223,
            0.010681619867682457,
            -0.004357345402240753
        ],
        [
            0.07886646687984467,
            -0.011147022247314453,
            -0.014205679297447205
        ],
        [
            0.08963218331336975,
            -0.008074378594756126,
            -0.014320164918899536
        ],
        [
            0.09981648623943329,
            -0.017282744869589806,
            -0.01482260599732399
        ],
        [
            0.09075523912906647,
            -0.02256128564476967,
            -0.012482739984989166
        ],
        [
            0.06747737526893616,
            -0.0172572024166584,
            -0.013035692274570465
        ],
        [
            0.0774288922548294,
            -0.027231214568018913,
            -0.01363293081521988
        ],
        [
            0.06507371366024017,
            -0.03295048326253891,
            -0.011270709335803986
        ],
        [
            0.05007554218173027,
            -0.04004916548728943,
            -0.004746377468109131
        ],
        [
            0.0894107073545456,
            0.02755521610379219,
            -0.004800036549568176
        ],
        [
            0.08014875650405884,
            0.029370656237006187,
            -0.0006622076034545898
        ],
        [
            0.00591060146689415,
            -0.03888697922229767,
            0.048832233995199203
        ],
        [
            0.005931943655014038,
            -0.03276447951793671,
            0.04901721328496933
        ],
        [
            0.009679341688752174,
            -0.03367450460791588,
            0.049342893064022064
        ],
        [
            0.008934136480093002,
            -0.039490893483161926,
            0.04937385022640228
        ],
        [
            0.09519650042057037,
            0.0355277843773365,
            0.013047978281974792
        ],
        [
            0.10191178321838379,
            0.03259511664509773,
            0.020026355981826782
        ],
        [
            0.10575231164693832,
            0.034929320216178894,
            0.014253363013267517
        ],
        [
            0.0997898280620575,
            0.035882215946912766,
            0.006991736590862274
        ],
        [
            0.08915598690509796,
            0.03503771126270294,
            0.021053537726402283
        ],
        [
            0.09616489708423615,
            0.02900061383843422,
            0.027607828378677368
        ],
        [
            -0.0003069639205932617,
            -0.04349179565906525,
            0.05915393680334091
        ],
        [
            0.00157826766371727,
            -0.04452836513519287,
            0.05435226857662201
        ],
        [
            0.005520995706319809,
            -0.04549966752529144,
            0.05714871361851692
        ],
        [
            0.004775196313858032,
            -0.043850574642419815,
            0.06230755150318146
        ],
        [
            0.042989518493413925,
            -0.03249762952327728,
            0.03416508063673973
        ],
        [
            0.04586575925350189,
            -0.02357723005115986,
            0.03302815183997154
        ],
        [
            0.03495422750711441,
            -0.03512923792004585,
            0.04716060683131218
        ],
        [
            0.03911454975605011,
            -0.029991390183568,
            0.04311702027916908
        ],
        [
            0.04047108441591263,
            -0.03681669756770134,
            0.04165416955947876
        ],
        [
            0.0373547226190567,
            -0.04055508226156235,
            0.04611536115407944
        ],
        [
            0.04507206380367279,
            -0.006986131891608238,
            0.043937571346759796
        ],
        [
            0.052492715418338776,
            -0.004879692569375038,
            0.035283055156469345
        ],
        [
            0.05084442347288132,
            -0.011320680379867554,
            0.0355922095477581
        ],
        [
            0.042067039757966995,
            -0.015131218358874321,
            0.044126708060503006
        ],
        [
            0.05249043554067612,
            0.009321199730038643,
            0.03450237959623337
        ],
        [
            0.04569818824529648,
            0.006031143479049206,
            0.04341120272874832
        ],
        [
            0.04671405255794525,
            0.014458969235420227,
            0.041834209114313126
        ],
        [
            0.05046377331018448,
            0.01546221412718296,
            0.035176876932382584
        ],
        [
            0.03532274812459946,
            -0.0032283193431794643,
            0.058350060135126114
        ],
        [
            0.03419017046689987,
            -0.00572880869731307,
            0.06205928698182106
        ],
        [
            0.0330381914973259,
            -0.002046378096565604,
            0.06055397912859917
        ],
        [
            0.035797640681266785,
            0.00042889080941677094,
            0.0574638694524765
        ],
        [
            0.11039742827415466,
            0.03664621710777283,
            0.00911211222410202
        ],
        [
            0.1044648140668869,
            0.03533069044351578,
            0.001346006989479065
        ],
        [
            0.06626985967159271,
            0.029348161071538925,
            0.057201530784368515
        ],
        [
            0.06487718224525452,
            0.03640993684530258,
            0.04836629331111908
        ],
        [
            0.05492548272013664,
            0.03693334758281708,
            0.05724087357521057
        ],
        [
            0.05928944796323776,
            0.029202595353126526,
            0.0658964216709137
        ],
        [
            0.10606548935174942,
            0.024489307776093483,
            0.025093764066696167
        ],
        [
            0.11078000068664551,
            0.028702877461910248,
            0.020417090505361557
        ],
        [
            -0.0014087855815887451,
            -0.03875081613659859,
            0.06330440938472748
        ],
        [
            0.0038520414382219315,
            -0.03890557587146759,
            0.06599089503288269
        ],
        [
            0.07589620351791382,
            -0.038871318101882935,
            -0.004622213542461395
        ],
        [
            0.056618161499500275,
            -0.04621737822890282,
            -0.00034050270915031433
        ],
        [
            0.09039761126041412,
            -0.031473107635974884,
            -0.005821190774440765
        ],
        [
            0.10039268434047699,
            -0.025610923767089844,
            -0.005359470844268799
        ],
        [
            0.10846800357103348,
            -0.021954067051410675,
            -0.007525496184825897
        ],
        [
            0.03701667860150337,
            -0.025036606937646866,
            0.046872176229953766
        ],
        [
            0.051046017557382584,
            -0.01584002375602722,
            0.03170734643936157
        ],
        [
            0.05916836857795715,
            -0.00046611763536930084,
            0.02583082765340805
        ],
        [
            0.05493944138288498,
            0.03022771142423153,
            0.026708967983722687
        ],
        [
            0.06115138530731201,
            0.031676605343818665,
            0.01850706711411476
        ],
        [
            0.05787339806556702,
            0.021402131766080856,
            0.01942450925707817
        ],
        [
            0.05356166511774063,
            0.02218695916235447,
            0.026850450783967972
        ],
        [
            0.05806559696793556,
            0.03898997604846954,
            0.04119683429598808
        ],
        [
            0.05228297412395477,
            0.034877993166446686,
            0.03716475889086723
        ],
        [
            0.04767462611198425,
            0.03390687331557274,
            0.043450724333524704
        ],
        [
            0.05137499421834946,
            0.03828701749444008,
            0.048838887363672256
        ],
        [
            0.045185938477516174,
            -0.05201340094208717,
            0.018236469477415085
        ],
        [
            0.05987032502889633,
            -0.04976382851600647,
            0.018238957971334457
        ],
        [
            0.08804769814014435,
            0.03467012196779251,
            0.0051898956298828125
        ],
        [
            0.09335567057132721,
            0.032684989273548126,
            -0.00026688724756240845
        ],
        [
            0.10067392885684967,
            0.03222053870558739,
            -0.004730314016342163
        ],
        [
            0.06962551176548004,
            0.005718115717172623,
            0.006150916218757629
        ],
        [
            0.07803872972726822,
            0.007476717233657837,
            -0.0051215291023254395
        ],
        [
            0.07706933468580246,
            0.003214538097381592,
            -0.00585685670375824
        ],
        [
            0.0701574832201004,
            0.0025307107716798782,
            0.006776057183742523
        ],
        [
            0.060279730707407,
            -0.010307354852557182,
            0.008019793778657913
        ],
        [
            0.06468619406223297,
            -0.008449491113424301,
            -0.0045678019523620605
        ],
        [
            0.05036596208810806,
            -0.016540247946977615,
            0.010311819612979889
        ],
        [
            0.08981712907552719,
            0.0020209159702062607,
            -0.012517780065536499
        ],
        [
            0.09640330076217651,
            0.010120324790477753,
            -0.016193777322769165
        ],
        [
            0.09787935018539429,
            0.001403670758008957,
            -0.017536520957946777
        ],
        [
            0.09693983197212219,
            0.019528090953826904,
            -0.01332496851682663
        ],
        [
            0.09822247922420502,
            0.027500128373503685,
            -0.009451977908611298
        ],
        [
            0.11797410994768143,
            0.03197227045893669,
            0.017145328223705292
        ],
        [
            0.09956085681915283,
            -0.006834708154201508,
            -0.017090201377868652
        ],
        [
            0.036000706255435944,
            -0.03056250885128975,
            0.005463339388370514
        ],
        [
            0.030260493978857994,
            -0.03628811985254288,
            0.007674165070056915
        ],
        [
            0.031635887920856476,
            -0.03404382988810539,
            0.015080783516168594
        ],
        [
            0.03705307096242905,
            -0.028465593233704567,
            0.013757333159446716
        ],
        [
            0.04180779308080673,
            -0.04764428734779358,
            0.05586601793766022
        ],
        [
            0.03861028701066971,
            -0.045377083122730255,
            0.04925856739282608
        ],
        [
            0.04322925955057144,
            -0.04358266666531563,
            0.042858608067035675
        ],
        [
            0.06788253039121628,
            0.018872670829296112,
            0.0047574713826179504
        ],
        [
            0.07217691093683243,
            0.030745118856430054,
            0.006631582975387573
        ],
        [
            0.03278479725122452,
            -0.030262542888522148,
            0.05045945942401886
        ],
        [
            0.00951068289577961,
            -0.04438357800245285,
            0.06470340490341187
        ],
        [
            0.010367458686232567,
            -0.04660559445619583,
            0.05903095752000809
        ],
        [
            0.028684811666607857,
            -0.04802880436182022,
            0.05880387872457504
        ],
        [
            0.027911661192774773,
            -0.04579370468854904,
            0.06556502729654312
        ],
        [
            0.029365019872784615,
            -0.027472592890262604,
            0.058268800377845764
        ],
        [
            0.03053823672235012,
            -0.030448362231254578,
            0.05164264887571335
        ],
        [
            0.02920752763748169,
            -0.029908455908298492,
            0.05254919081926346
        ],
        [
            0.026549143716692924,
            -0.025735709816217422,
            0.0571964830160141
        ],
        [
            0.03563568741083145,
            0.006677581463009119,
            0.058034420013427734
        ],
        [
            0.03770173713564873,
            0.008533602580428123,
            0.05517299473285675
        ],
        [
            0.04744589328765869,
            -0.02659883350133896,
            0.07207544893026352
        ],
        [
            0.05078800022602081,
            -0.039930108934640884,
            0.0702490285038948
        ],
        [
            0.06046988070011139,
            -0.03813481703400612,
            0.06068221479654312
        ],
        [
            0.0461929552257061,
            0.0004189973697066307,
            0.043327391147613525
        ],
        [
            0.039717674255371094,
            -0.0007640570402145386,
            0.05111848935484886
        ],
        [
            0.04024273157119751,
            0.003338412381708622,
            0.050975386053323746
        ],
        [
            0.03516168147325516,
            -0.022666022181510925,
            0.05039851367473602
        ],
        [
            0.03164524585008621,
            -0.025687869638204575,
            0.05457039922475815
        ],
        [
            0.03332313895225525,
            -0.021321766078472137,
            0.055652208626270294
        ],
        [
            0.03661426901817322,
            -0.017544522881507874,
            0.050643160939216614
        ],
        [
            0.074547678232193,
            0.03657088801264763,
            0.03912215679883957
        ],
        [
            0.06629537045955658,
            0.039896514266729355,
            0.03125544264912605
        ],
        [
            0.0040873195976018906,
            -0.042955078184604645,
            0.05068887025117874
        ],
        [
            0.007390383630990982,
            -0.04387412220239639,
            0.05229112505912781
        ],
        [
            0.05339343845844269,
            0.002310022711753845,
            0.03480181470513344
        ],
        [
            0.069623664021492,
            -0.03390969708561897,
            0.048608988523483276
        ],
        [
            0.05937037616968155,
            0.0050390660762786865,
            0.025541145354509354
        ],
        [
            0.04621505364775658,
            0.015384267084300518,
            0.07036960124969482
        ],
        [
            0.040411949157714844,
            0.01868423819541931,
            0.06453736871480942
        ],
        [
            0.037147216498851776,
            0.017348602414131165,
            0.06403020024299622
        ],
        [
            0.03831983730196953,
            0.015107804909348488,
            0.06907645612955093
        ],
        [
            0.012225665152072906,
            -0.025303997099399567,
            0.05806771293282509
        ],
        [
            0.012148667126893997,
            -0.02803775481879711,
            0.05272141844034195
        ],
        [
            0.009356938302516937,
            -0.028019258752465248,
            0.05215094983577728
        ],
        [
            0.0080817099660635,
            -0.02533077262341976,
            0.05739802122116089
        ],
        [
            0.03191355615854263,
            -0.03540562465786934,
            0.04864827170968056
        ],
        [
            0.033303115516901016,
            -0.04136598855257034,
            0.0482199490070343
        ],
        [
            0.029025984928011894,
            -0.040701091289520264,
            0.04884715378284454
        ],
        [
            0.028674950823187828,
            -0.03461024537682533,
            0.04998896270990372
        ],
        [
            0.03436907380819321,
            -0.04611954838037491,
            0.0519632026553154
        ],
        [
            0.029370909556746483,
            -0.04596461355686188,
            0.052721165120601654
        ],
        [
            0.011278491467237473,
            -0.02651756815612316,
            0.06437671929597855
        ],
        [
            0.00971732847392559,
            -0.032561466097831726,
            0.06872635334730148
        ],
        [
            0.026736974716186523,
            -0.03204868361353874,
            0.0701666995882988
        ],
        [
            0.02462496981024742,
            -0.026533620432019234,
            0.06464654207229614
        ],
        [
            0.09003311395645142,
            0.01036444865167141,
            0.041664283722639084
        ],
        [
            0.0889374315738678,
            0.02134035713970661,
            0.03961348906159401
        ],
        [
            0.07716737687587738,
            0.020557481795549393,
            0.04970506578683853
        ],
        [
            0.06594550609588623,
            0.020400458946824074,
            0.0609733909368515
        ],
        [
            0.05474792420864105,
            0.018942754715681076,
            0.07025781273841858
        ],
        [
            0.056411467492580414,
            0.007468155585229397,
            0.07459400594234467
        ],
        [
            0.07705177366733551,
            0.0283462256193161,
            0.04658817872405052
        ],
        [
            0.035742729902267456,
            -0.025827333331108093,
            0.06619518995285034
        ],
        [
            0.038111794739961624,
            -0.031340498477220535,
            0.07067230343818665
        ],
        [
            0.0391908697783947,
            -0.026496315374970436,
            0.07051397114992142
        ],
        [
            0.05791395157575607,
            0.01236635260283947,
            0.024751603603363037
        ],
        [
            0.011405287310481071,
            -0.04537196457386017,
            0.053821563720703125
        ],
        [
            0.11200356483459473,
            -0.01661963015794754,
            0.013805549591779709
        ],
        [
            0.11435938626527786,
            -0.004988357424736023,
            0.020391039550304413
        ],
        [
            0.10748676210641861,
            -0.008601156994700432,
            0.024574611335992813
        ],
        [
            0.10413913428783417,
            -0.021547695621848106,
            0.016557440161705017
        ],
        [
            0.01213320903480053,
            -0.03429900109767914,
            0.049320608377456665
        ],
        [
            0.012244489043951035,
            -0.04078526794910431,
            0.049443554133176804
        ],
        [
            0.036682192236185074,
            0.014918140135705471,
            0.05455125868320465
        ],
        [
            0.03498123958706856,
            0.012570656836032867,
            0.057599686086177826
        ],
        [
            0.0354682095348835,
            0.01587369292974472,
            0.05823018401861191
        ],
        [
            0.035217367112636566,
            0.019274689257144928,
            0.05545109137892723
        ],
        [
            0.08884510397911072,
            0.02681363746523857,
            0.03695984184741974
        ],
        [
            0.04569941386580467,
            0.03721023350954056,
            0.05805934965610504
        ],
        [
            0.04995344579219818,
            0.029825961217284203,
            0.0670623779296875
        ],
        [
            0.0991760715842247,
            0.021589044481515884,
            0.03113224357366562
        ],
        [
            0.10069116950035095,
            0.012118530459702015,
            0.033299271017313004
        ],
        [
            0.10837812721729279,
            0.01399160735309124,
            0.027470000088214874
        ],
        [
            0.04905765503644943,
            -0.005759282968938351,
            0.07540909945964813
        ],
        [
            0.08866604417562485,
            0.0019788239151239395,
            0.043759509921073914
        ],
        [
            0.09966906160116196,
            0.004538926295936108,
            0.034323737025260925
        ],
        [
            0.10879997909069061,
            0.006432975642383099,
            0.027393203228712082
        ],
        [
            0.11570020020008087,
            0.008453214541077614,
            0.02306395024061203
        ],
        [
            0.11443743854761124,
            0.01653047651052475,
            0.023477032780647278
        ],
        [
            0.009191326797008514,
            -0.03878365829586983,
            0.0678568184375763
        ],
        [
            0.003691539168357849,
            -0.03180479630827904,
            0.06707495450973511
        ],
        [
            0.12233082950115204,
            0.01969718188047409,
            0.02020275965332985
        ],
        [
            0.12301245331764221,
            0.010439617559313774,
            0.019352711737155914
        ],
        [
            0.09850392490625381,
            -0.004656784236431122,
            0.034117359668016434
        ],
        [
            0.0962378978729248,
            -0.01581449806690216,
            0.03234510123729706
        ],
        [
            0.08773911744356155,
            -0.006780218333005905,
            0.043064720928668976
        ],
        [
            0.08480867743492126,
            -0.01801307499408722,
            0.042352136224508286
        ],
        [
            0.05350527912378311,
            -0.015916649252176285,
            0.07891156524419785
        ],
        [
            -0.010274279862642288,
            -0.02624063938856125,
            0.05566278472542763
        ],
        [
            -0.0005404893308877945,
            -0.02652590163052082,
            0.06152059882879257
        ],
        [
            0.00271734781563282,
            -0.02509715035557747,
            0.05678945407271385
        ],
        [
            -0.007629211992025375,
            -0.02382727526128292,
            0.05323956161737442
        ],
        [
            0.006045211106538773,
            -0.026361115276813507,
            0.0628918707370758
        ],
        [
            -0.0016626156866550446,
            -0.03155679628252983,
            0.06426435708999634
        ],
        [
            0.0800820142030716,
            -0.03120303526520729,
            0.03655901551246643
        ],
        [
            0.031888898462057114,
            -0.023979688063263893,
            0.059839099645614624
        ],
        [
            0.09035585820674896,
            -0.030274469405412674,
            0.022399980574846268
        ],
        [
            0.06951586902141571,
            -0.044635847210884094,
            0.032304830849170685
        ],
        [
            0.07531051337718964,
            -0.043386563658714294,
            0.02006194368004799
        ],
        [
            0.09910173714160919,
            -0.030216632410883904,
            0.00662604346871376
        ],
        [
            0.08454953134059906,
            -0.040150947868824005,
            0.006662670522928238
        ],
        [
            0.11420285701751709,
            -0.020399298518896103,
            0.0019314400851726532
        ],
        [
            0.10702279210090637,
            -0.024278370663523674,
            0.005571488291025162
        ],
        [
