{
    "pred_cam": [
        7.240085124969482,
        0.06995027512311935,
        -0.07625019550323486
    ],
    "pred_mano_params": {
        "global_orient": [
            [
                [
                    0.45712924003601074,
                    -0.7868000268936157,
                    -0.4147030711174011
                ],
                [
                    -0.8578340411186218,
                    -0.26692211627960205,
                    -0.4391736388206482
                ],
                [
                    0.23484838008880615,
                    0.5565054416656494,
                    -0.796961784362793
                ]
            ]
        ],
        "hand_pose": [
            [
                [
                    0.9052555561065674,
                    -0.12942416965961456,
                    -0.40467479825019836
                ],
                [
                    0.10811150819063187,
                    0.9912911057472229,
                    -0.07519238442182541
                ],
                [
                    0.41088223457336426,
                    0.02431831881403923,
                    0.9113640189170837
                ]
            ],
            [
                [
                    0.8633008003234863,
                    -0.5004775524139404,
                    0.06506796181201935
                ],
                [
                    0.5040120482444763,
                    0.8482682704925537,
                    -0.16251970827579498
                ],
                [
                    0.02614237554371357,
                    0.17309845983982086,
                    0.9845573902130127
                ]
            ],
            [
                [
                    0.5192409753799438,
                    -0.8252725005149841,
                    0.22206784784793854
                ],
                [
                    0.8520386219024658,
                    0.5200978517532349,
                    -0.059400588274002075
                ],
                [
                    -0.06647533178329468,
                    0.22005361318588257,
                    0.97322016954422
                ]
            ],
            [
                [
                    0.8698254227638245,
                    -0.45889708399772644,
                    -0.1811549961566925
                ],
                [
                    0.4414289593696594,
                    0.8878844976425171,
                    -0.12962085008621216
                ],
                [
                    0.22032734751701355,
                    0.03278045356273651,
                    0.9748749732971191
                ]
            ],
            [
                [
                    0.8857757449150085,
                    -0.4361284077167511,
                    -0.15872398018836975
                ],
                [
                    0.463681161403656,
                    0.8463471531867981,
                    0.26209983229637146
                ],
                [
                    0.020026398822665215,
                    -0.3057590126991272,
                    0.9518982768058777
                ]
            ],
            [
                [
                    0.6583589315414429,
                    -0.7157017588615417,
                    0.23309767246246338
                ],
                [
                    0.7169920802116394,
                    0.6905505061149597,
                    0.09519648551940918
                ],
                [
                    -0.22909800708293915,
                    0.10445572435855865,
                    0.9677825570106506
                ]
            ],
            [
                [
                    0.8951502442359924,
                    -0.31976518034935,
                    0.3105738162994385
                ],
                [
                    0.3327024281024933,
                    0.9429563283920288,
                    0.011932436376810074
                ],
                [
                    -0.29667314887046814,
                    0.09264735877513885,
                    0.9504742622375488
                ]
            ],
            [
                [
                    0.9607890844345093,
                    -0.2575521767139435,
                    -0.10271906852722168
                ],
                [
                    0.27606701850891113,
                    0.8539085388183594,
                    0.4411659240722656
                ],
                [
                    -0.025910576805472374,
                    -0.4522247314453125,
                    0.8915276527404785
                ]
            ],
            [
                [
                    0.841898500919342,
                    -0.4666324853897095,
                    0.27103689312934875
                ],
                [
                    0.345464289188385,
                    0.851901650428772,
                    0.39359623193740845
                ],
                [
                    -0.41456156969070435,
                    -0.23773452639579773,
                    0.8784195780754089
                ]
            ],
            [
                [
                    0.9055415391921997,
                    -0.42073938250541687,
                    0.054524000734090805
                ],
                [
                    0.42394936084747314,
                    0.9022777676582336,
                    -0.07849600911140442
                ],
                [
                    -0.016169438138604164,
                    0.09419681131839752,
                    0.9954221844673157
                ]
            ],
            [
                [
                    0.8939964175224304,
                    -0.42051443457603455,
                    -0.15471892058849335
                ],
                [
                    0.44807329773902893,
                    0.8395913243293762,
                    0.30711033940315247
                ],
                [
                    0.000756352033931762,
                    -0.3438810110092163,
                    0.9390129446983337
                ]
            ],
            [
                [
                    0.6534754037857056,
                    -0.6943770051002502,
                    0.3013479709625244
                ],
                [
                    0.6029472351074219,
                    0.7181841135025024,
                    0.34737035632133484
                ],
                [
                    -0.4576292932033539,
                    -0.04530101269483566,
                    0.8879883289337158
                ]
            ],
            [
                [
                    0.9761586785316467,
                    0.15226955711841583,
                    0.15468749403953552
                ],
                [
                    -0.015403775498270988,
                    0.7594547271728516,
                    -0.6503778100013733
                ],
                [
                    -0.21651089191436768,
                    0.6324891448020935,
                    0.7436938285827637
                ]
            ],
            [
                [
                    0.7904460430145264,
                    -0.49685579538345337,
                    -0.3582308292388916
                ],
                [
                    0.5660922527313232,
                    0.8159366846084595,
                    0.11741717159748077
                ],
                [
                    0.2339542955160141,
                    -0.2956036329269409,
                    0.9262201189994812
                ]
            ],
            [
                [
                    0.7505496144294739,
                    -0.5609041452407837,
                    -0.349373459815979
                ],
                [
                    0.22623524069786072,
                    0.7148588299751282,
                    -0.6616603136062622
                ],
                [
                    0.6208807826042175,
                    0.41756829619407654,
                    0.663433313369751
                ]
            ]
        ],
        "betas": [
            0.010562852025032043,
            -0.06044468283653259,
            -0.026212841272354126,
            0.030091971158981323,
            -0.022746294736862183,
            -0.06850182265043259,
            0.026643961668014526,
            0.002741903066635132,
            0.033480241894721985,
            0.024913400411605835
        ]
    },
    "pred_cam_t": [
        -0.06995027512311935,
        -0.07625019550323486,
        5.3953094482421875
    ],
    "focal_length": [
        5000.0,
        5000.0
    ],
    "pred_keypoints_3d": [
        [
            0.09563155472278595,
            0.006376071833074093,
            0.006189348176121712
        ],
        [
            0.08617647737264633,
            0.019833650439977646,
            -0.028627028688788414
        ],
        [
            0.08120781183242798,
            0.027034645900130272,
            -0.05815692991018295
        ],
        [
            0.08497805148363113,
            0.048368051648139954,
            -0.07444243878126144
        ],
        [
            0.10634786635637283,
            0.0747167244553566,
            -0.07446206361055374
        ],
        [
            0.0509624257683754,
            0.07423931360244751,
            -0.03376133739948273
        ],
        [
            0.041256725788116455,
            0.10572050511837006,
            -0.03189026564359665
        ],
        [
            0.0491827167570591,
            0.12600097060203552,
            -0.03627871349453926
        ],
        [
            0.07117544114589691,
            0.13137423992156982,
            -0.04650293290615082
        ],
        [
            0.0550057552754879,
            0.08941148966550827,
            -0.01413479633629322
        ],
        [
            0.05671544000506401,
            0.12094293534755707,
            -0.017097651958465576
        ],
        [
            0.07067829370498657,
            0.13843345642089844,
            -0.023548748344182968
        ],
        [
            0.08857734501361847,
            0.14381074905395508,
            -0.04032304137945175
        ],
        [
            0.07248938083648682,
            0.08921530097723007,
            0.00606798380613327
        ],
        [
            0.06971786171197891,
            0.11671698093414307,
            -0.002150310203433037
        ],
        [
            0.08363037556409836,
            0.13556595146656036,
            -0.01027609035372734
        ],
        [
            0.0979725569486618,
            0.14103083312511444,
            -0.029398828744888306
        ],
        [
            0.08991336822509766,
            0.0869702473282814,
            0.01895054243505001
        ],
        [
            0.08847901225090027,
            0.10793587565422058,
            0.016684498637914658
        ],
        [
            0.0957244336605072,
            0.12413424253463745,
            0.009972638450562954
        ],
        [
            0.10278429836034775,
            0.13247798383235931,
            -0.004818888381123543
        ]
    ],
    "pred_vertices": [
        [
            0.07946418225765228,
            0.046481769531965256,
            -0.02951749786734581
        ],
        [
            0.0858047604560852,
            0.03877125307917595,
            -0.02851094864308834
        ],
        [
            0.08381389081478119,
            0.04118984192609787,
            -0.03943851962685585
        ],
        [
            0.07667220383882523,
            0.048427797853946686,
            -0.0394672229886055
        ],
        [
            0.10006200522184372,
            0.025048960000276566,
            -0.03804067522287369
        ],
        [
            0.09973511099815369,
            0.012832928448915482,
            -0.04201037436723709
        ],
        [
            0.09571290761232376,
            0.02074713259935379,
            -0.055949680507183075
        ],
        [
            0.09780976176261902,
            0.029566340148448944,
            -0.050153590738773346
        ],
        [
            0.07291508466005325,
            0.04868268966674805,
            -0.04677315056324005
        ],
        [
            0.08235661685466766,
            0.04270774498581886,
            -0.047274380922317505
        ],
        [
            0.06952342391014099,
            0.04502099007368088,
            -0.048810891807079315
        ],
        [
            0.05644131824374199,
            0.05055864155292511,
            -0.044821012765169144
        ],
        [
            0.06306719779968262,
            0.05392054095864296,
            -0.04446888342499733
        ],
        [
            0.049781493842601776,
            0.05700168013572693,
            -0.042184796184301376
        ],
        [
            0.05175788700580597,
            0.04211168736219406,
            -0.03887505829334259
        ],
        [
            0.04459196701645851,
            0.05552511662244797,
            -0.03404978662729263
        ],
        [
            0.053561486303806305,
            0.043838828802108765,
            -0.007678281515836716
        ],
        [
            0.06006082892417908,
            0.046311650425195694,
            0.004080187529325485
        ],
        [
            0.05389540269970894,
            0.061600036919116974,
            0.0012241657823324203
        ],
        [
            0.04863479733467102,
            0.05782417207956314,
            -0.01092720590531826
        ],
        [
            0.06903226673603058,
            0.06092805787920952,
            0.015485396608710289
        ],
        [
            0.06023310869932175,
            0.06218736618757248,
            0.007726683281362057
        ],
        [
            0.06545870006084442,
            0.04658123850822449,
            0.011240690015256405
        ],
        [
            0.07315607368946075,
            0.046344444155693054,
            0.01799120008945465
        ],
        [
            0.0868619829416275,
            0.044298186898231506,
            -0.013764732517302036
        ],
        [
            0.09268800169229507,
            0.03610385209321976,
            -0.011436437256634235
        ],
        [
            0.08908602595329285,
            0.03675821051001549,
            -0.01691616326570511
        ],
        [
            0.08395083248615265,
            0.04418977349996567,
            -0.01899346336722374
        ],
        [
            0.07108299434185028,
            0.037267208099365234,
            -0.058408819139003754
        ],
        [
            0.06338346749544144,
            0.030729733407497406,
            -0.05022662505507469
        ],
        [
            0.06397607177495956,
            0.0387021042406559,
            -0.049194224178791046
        ],
        [
            0.07466655224561691,
            0.04072453826665878,
            -0.05677785724401474
        ],
        [
            0.11460927128791809,
            0.01867077499628067,
            -0.0021627843379974365
        ],
        [
            0.11442048847675323,
            0.005840010941028595,
            0.0020117759704589844
        ],
        [
            0.11120858788490295,
            0.0038420334458351135,
            -0.0024370085448026657
        ],
        [
            0.11161331832408905,
            0.01617387682199478,
            -0.004914417862892151
        ],
        [
            0.10296841710805893,
            0.0032561123371124268,
            -0.023063551634550095
        ],
        [
            0.10200893878936768,
            -0.0036738216876983643,
            -0.0156428050249815
        ],
        [
            0.09316158294677734,
            -0.014507174491882324,
            -0.017322402447462082
        ],
        [
            0.09062729775905609,
            -0.008171826601028442,
            -0.02410988137125969
        ],
        [
            0.10205907374620438,
            0.008933819830417633,
            -0.03249058872461319
        ],
        [
            0.0927070677280426,
            -0.0017383173108100891,
            -0.03421034663915634
        ],
        [
            0.09173668920993805,
            0.004227060824632645,
            -0.04439669847488403
        ],
        [
            0.08939531445503235,
            0.014369867742061615,
            -0.05969943478703499
        ],
        [
            0.11891624331474304,
            0.009563066065311432,
            0.01344404835253954
        ],
        [
            0.12015874683856964,
            0.01946742832660675,
            0.011756154708564281
        ],
        [
            0.047995131462812424,
            0.10803847014904022,
            -0.04154694825410843
        ],
        [
            0.0517522394657135,
            0.10890748351812363,
            -0.03693174943327904
        ],
        [
            0.05189020186662674,
            0.1051650419831276,
            -0.037695422768592834
        ],
        [
            0.047839436680078506,
            0.10488618910312653,
            -0.04187503829598427
        ],
        [
            0.10989756882190704,
            0.017048358917236328,
            0.029857270419597626
        ],
        [
            0.10102696716785431,
            0.015280447900295258,
            0.03437240421772003
        ],
        [
            0.1052609235048294,
            0.00949181616306305,
            0.03559381514787674
        ],
        [
            0.11278367042541504,
            0.010101869702339172,
            0.02995186299085617
        ],
        [
            0.10610082745552063,
            0.02624645084142685,
            0.02951860800385475
        ],
        [
            0.09543533623218536,
            0.02331971377134323,
            0.0318802148103714
        ],
        [
            0.03616032749414444,
            0.11170623451471329,
            -0.0379771962761879
        ],
        [
            0.03933025151491165,
            0.11051065474748611,
            -0.04195650294423103
        ],
        [
            0.03762272000312805,
            0.10591422021389008,
            -0.04089026153087616
        ],
        [
            0.03492572531104088,
            0.10614725202322006,
            -0.03615285083651543
        ],
        [
            0.06949033588171005,
            0.055075787007808685,
            -0.03970778360962868
        ],
        [
            0.07494199275970459,
            0.05452972650527954,
            -0.031358689069747925
        ],
        [
            0.060564059764146805,
            0.07243824005126953,
            -0.04020494222640991
        ],
        [
            0.06644140183925629,
            0.06489324569702148,
            -0.03508347272872925
        ],
        [
            0.06260168552398682,
            0.06158561259508133,
            -0.04084862023591995
        ],
        [
            0.05682683363556862,
            0.06804607063531876,
            -0.043444205075502396
        ],
        [
            0.07845909893512726,
            0.06544647365808487,
            -0.014191635884344578
        ],
        [
            0.08310006558895111,
            0.054789334535598755,
            -0.012370919808745384
        ],
        [
            0.07931124418973923,
            0.05487924441695213,
            -0.01791871339082718
        ],
        [
            0.07409542798995972,
            0.06619755178689957,
            -0.02163657173514366
        ],
        [
            0.09270776063203812,
            0.05761640891432762,
            -0.0023378850892186165
        ],
        [
            0.087040014564991,
            0.06782706081867218,
            -0.004731796681880951
        ],
        [
            0.09315330535173416,
            0.0683836042881012,
            0.001223584869876504
        ],
        [
            0.096859410405159,
            0.06115085259079933,
            0.001328120008111
        ],
        [
            0.0748218446969986,
            0.08376387506723404,
            -0.010628197342157364
        ],
        [
            0.07033243775367737,
            0.08958905935287476,
            -0.011007890105247498
        ],
        [
            0.07232420146465302,
            0.09137357771396637,
            -0.008758717216551304
        ],
        [
            0.07693628966808319,
            0.08427101373672485,
            -0.007542225997895002
        ],
        [
            0.10835166275501251,
            0.0033069923520088196,
            0.03704114258289337
        ],
        [
            0.11472772806882858,
            0.0031377747654914856,
            0.029550079256296158
        ],
        [
            0.086636982858181,
            0.0621146485209465,
            0.027649682015180588
        ],
        [
            0.09766528010368347,
            0.06089416518807411,
            0.028619620949029922
        ],
        [
            0.09503433108329773,
            0.07340861856937408,
            0.028716929256916046
        ],
        [
            0.0839308574795723,
            0.07128553837537766,
            0.027648556977510452
        ],
        [
            0.09095114469528198,
            0.013222955167293549,
            0.03285412862896919
        ],
        [
            0.09535449743270874,
            0.0077950432896614075,
            0.036407336592674255
        ],
        [
            0.03603612259030342,
            0.11288134008646011,
            -0.03183700889348984
        ],
        [
            0.03560062497854233,
            0.10716459900140762,
            -0.030064668506383896
        ],
        [
            0.08013308048248291,
            0.0004807189106941223,
            -0.03993876650929451
        ],
        [
            0.07997108995914459,
            0.012009117752313614,
            -0.05863587185740471
        ],
        [
            0.08093688637018204,
            -0.006456412374973297,
            -0.0267498642206192
        ],
        [
            0.08133076131343842,
            -0.011510379612445831,
            -0.017981598153710365
        ],
        [
            0.08261687308549881,
            -0.018018417060375214,
            -0.012880425900220871
        ],
        [
            0.06775626540184021,
            0.07029955834150314,
            -0.031084991991519928
        ],
        [
            0.07897210121154785,
            0.05144765228033066,
            -0.023118291050195694
        ],
        [
            0.08998386561870575,
            0.044898778200149536,
            -0.009608106687664986
        ],
        [
            0.11056390404701233,
            0.05568535998463631,
            0.010612430050969124
        ],
        [
            0.11496460437774658,
            0.04598512500524521,
            0.011448773555457592
        ],
        [
            0.10874898731708527,
            0.046960148960351944,
            0.0028828023932874203
        ],
        [
            0.10568530112504959,
            0.055134233087301254,
            0.004325550515204668
        ],
        [
            0.10596563667058945,
            0.06336131691932678,
            0.02410411462187767
        ],
        [
            0.1075429618358612,
            0.06548930704593658,
            0.016566693782806396
        ],
        [
            0.10381896048784256,
            0.07439481467008591,
            0.016427630558609962
        ],
        [
            0.10242646932601929,
            0.07375406473875046,
            0.023850582540035248
        ],
        [
            0.06980080157518387,
            0.03182339295744896,
            -0.06362227350473404
        ],
        [
            0.06413868069648743,
            0.023093145340681076,
            -0.051913656294345856
        ],
        [
            0.11706341803073883,
            0.01783793419599533,
            0.022133778780698776
        ],
        [
            0.11780036985874176,
            0.010189339518547058,
            0.021132420748472214
        ],
        [
            0.1181546077132225,
            0.0019062459468841553,
            0.022688981145620346
        ],
        [
            0.10358542203903198,
            0.027330636978149414,
            -0.007984200492501259
        ],
        [
            0.10963834077119827,
            0.014515213668346405,
            -0.006915675476193428
        ],
        [
            0.10751795023679733,
            0.014272354543209076,
            -0.010732857510447502
        ],
        [
            0.10076393932104111,
            0.027271803468465805,
            -0.00996708869934082
        ],
        [
            0.09489123523235321,
            0.03197106719017029,
            -0.0265648253262043
        ],
        [
            0.10276508331298828,
            0.02068043127655983,
            -0.025512654334306717
        ],
        [
            0.09347416460514069,
            0.03581278771162033,
            -0.03790220618247986
        ],
        [
            0.1074918881058693,
            -0.00045665353536605835,
            -0.008011098951101303
        ],
        [
            0.11323598772287369,
            -0.006109453737735748,
            -0.0005835238844156265
        ],
        [
            0.1080714762210846,
            -0.009957648813724518,
            -0.006681367754936218
        ],
        [
            0.11711199581623077,
            -0.0028587281703948975,
            0.007812589406967163
        ],
        [
            0.11919094622135162,
            8.100271224975586e-05,
            0.015977326780557632
        ],
        [
            0.09732528030872345,
            0.0010180771350860596,
            0.041110653430223465
        ],
        [
            0.10179304331541061,
            -0.012910313904285431,
            -0.01145385392010212
        ],
        [
            0.09512157738208771,
            0.032330360263586044,
            -0.05784236639738083
        ],
        [
            0.0937047079205513,
            0.03602118790149689,
            -0.0630958154797554
        ],
        [
            0.08982696384191513,
            0.04037639871239662,
            -0.057879168540239334
        ],
        [
            0.09030735492706299,
            0.037707407027482986,
            -0.053079500794410706
        ],
        [
            0.04358379542827606,
            0.065919429063797,
            -0.04045186936855316
        ],
        [
            0.050375375896692276,
            0.06718422472476959,
            -0.04430470988154411
        ],
        [
            0.056592971086502075,
            0.057877007871866226,
            -0.044365789741277695
        ],
        [
            0.11372929811477661,
            0.029936090111732483,
            4.957616329193115e-05
        ],
        [
            0.11866755783557892,
            0.030178740620613098,
            0.011651183478534222
        ],
        [
            0.061364807188510895,
            0.07741770148277283,
            -0.03568689525127411
        ],
        [
            0.03431476652622223,
            0.10108524560928345,
            -0.03478667512536049
        ],
        [
            0.0370016023516655,
            0.10078267753124237,
            -0.040188368409872055
        ],
        [
            0.03945492208003998,
            0.08316303789615631,
            -0.039790429174900055
        ],
        [
            0.036161649972200394,
            0.08382970094680786,
            -0.03388618677854538
        ],
        [
            0.05586451664566994,
            0.08520957082509995,
            -0.02906898967921734
        ],
        [
            0.058322906494140625,
            0.0822698101401329,
            -0.034387655556201935
        ],
        [
            0.056693147867918015,
            0.08485614508390427,
            -0.03267114609479904
        ],
        [
            0.05569572001695633,
            0.08809186518192291,
            -0.027096295729279518
        ],
        [
            0.07881303131580353,
            0.09003494679927826,
            -0.0022490592673420906
        ],
        [
            0.08290217071771622,
            0.0840199887752533,
            -0.0012297341600060463
        ],
        [
            0.046578388661146164,
            0.07283058762550354,
            -0.015258941799402237
        ],
        [
            0.039689626544713974,
            0.06495997309684753,
            -0.02379525825381279
        ],
        [
            0.04436781257390976,
            0.05469515919685364,
            -0.022155731916427612
        ],
        [
            0.08328435570001602,
            0.06592604517936707,
            -0.008505894802510738
        ],
        [
            0.07954896986484528,
            0.07579211890697479,
            -0.009530079551041126
        ],
        [
            0.08201528340578079,
            0.07657849043607712,
            -0.006226484198123217
        ],
        [
            0.06712033599615097,
            0.07452668994665146,
            -0.028609704226255417
        ],
        [
            0.06219085305929184,
            0.08045253157615662,
            -0.03061567433178425
        ],
        [
            0.0651065930724144,
            0.07962217926979065,
            -0.026070475578308105
        ],
        [
            0.06984938681125641,
            0.07415821403265,
            -0.0235273577272892
        ],
        [
            0.10025880485773087,
            0.04813632741570473,
            0.030076203867793083
        ],
        [
            0.11026589572429657,
            0.05105631425976753,
            0.025058692321181297
        ],
        [
            0.043566666543483734,
            0.10891596972942352,
            -0.043302930891513824
        ],
        [
            0.042533908039331436,
            0.10517016053199768,
            -0.04307316243648529
        ],
        [
            0.08772767335176468,
            0.055464230477809906,
            -0.006827830336987972
        ],
        [
            0.05070195347070694,
            0.042165037244558334,
            -0.019431695342063904
        ],
        [
            0.09361177682876587,
            0.04575442150235176,
            -0.005524445325136185
        ],
        [
            0.07312703877687454,
            0.08251289278268814,
            0.015762079507112503
        ],
        [
            0.07904571294784546,
            0.0865427553653717,
            0.01442177128046751
        ],
        [
            0.0769474133849144,
            0.09156550467014313,
            0.011346258223056793
        ],
        [
            0.07134713232517242,
            0.09069512039422989,
            0.013149334117770195
        ],
        [
            0.052290864288806915,
            0.10215578973293304,
            -0.026090892031788826
        ],
        [
            0.05426306650042534,
            0.10248556733131409,
            -0.031453415751457214
        ],
        [
            0.05349837616086006,
            0.10595771670341492,
            -0.03165372461080551
        ],
        [
            0.05123289301991463,
            0.10670891404151917,
            -0.02625179849565029
        ],
        [
            0.05676044896245003,
            0.07973632216453552,
            -0.03934841975569725
        ],
        [
            0.05290646106004715,
            0.07621338963508606,
            -0.04334746301174164
        ],
        [
            0.05132123455405235,
            0.08345242589712143,
            -0.041980016976594925
        ],
        [
            0.05478818342089653,
            0.08468737453222275,
            -0.037402283400297165
        ],
        [
            0.04633461311459541,
            0.07579230517148972,
            -0.04311498999595642
        ],
        [
            0.04509274661540985,
            0.08274666219949722,
            -0.04260856658220291
        ],
        [
            0.046785611659288406,
            0.10191814601421356,
            -0.02264326624572277
        ],
        [
            0.03930087760090828,
            0.10173399746417999,
            -0.023661023005843163
        ],
        [
            0.04199562594294548,
            0.08649522811174393,
            -0.021963896229863167
        ],
        [
            0.04941121116280556,
            0.08935823291540146,
            -0.022665245458483696
        ],
        [
            0.07624050974845886,
            0.032022349536418915,
            0.021044474095106125
        ],
        [
            0.0850452110171318,
            0.034034669399261475,
            0.02752915769815445
        ],
        [
            0.08216094225645065,
            0.04832860082387924,
            0.024730484932661057
        ],
        [
            0.07888606935739517,
            0.06217098981142044,
            0.023092396557331085
        ],
        [
            0.07596222311258316,
            0.07523074746131897,
            0.020086556673049927
        ],
        [
            0.06515000760555267,
            0.07325021922588348,
            0.014629828743636608
        ],
        [
            0.08910615742206573,
            0.048412568867206573,
            0.02890583500266075
        ],
        [
            0.05220926180481911,
            0.08431397378444672,
            -0.02266170084476471
        ],
        [
            0.04440470039844513,
            0.0774465799331665,
            -0.02179669216275215
        ],
        [
            0.048131413757801056,
            0.08050286769866943,
            -0.018899032846093178
        ],
        [
            0.09930910170078278,
            0.04805758222937584,
            -0.0013117818161845207
        ],
        [
            0.04175233468413353,
            0.10055898874998093,
            -0.04277954250574112
        ],
        [
            0.0705435499548912,
            -0.006877563893795013,
            0.0014412552118301392
        ],
        [
            0.07264545559883118,
            -0.0023357346653938293,
            0.013663161545991898
        ],
        [
            0.06973922252655029,
            0.00469488650560379,
            0.009272683411836624
        ],
        [
            0.06810803711414337,
            -0.00016866624355316162,
            -0.004702463746070862
        ],
        [
            0.05253227427601814,
            0.10184380412101746,
            -0.03810754045844078
        ],
        [
            0.04808041453361511,
            0.10094298422336578,
            -0.042562298476696014
        ],
        [
            0.08622029423713684,
            0.08682359755039215,
            0.0040458859875798225
        ],
        [
            0.08161019533872604,
            0.09140298515558243,
            0.0026885801926255226
        ],
        [
            0.08094018697738647,
            0.09315025061368942,
            0.006188264116644859
        ],
        [
            0.08702512085437775,
            0.09096682071685791,
            0.008461205288767815
        ],
        [
            0.09029138088226318,
            0.03374302387237549,
            0.03023865632712841
        ],
        [
            0.09304153919219971,
            0.08136682957410812,
            0.028257329016923904
        ],
        [
            0.08364088833332062,
            0.07921558618545532,
            0.027649838477373123
        ],
        [
            0.08729265630245209,
            0.021381914615631104,
            0.029696563258767128
        ],
        [
            0.07923898100852966,
            0.019435212016105652,
            0.024529248476028442
        ],
        [
            0.08181409537792206,
            0.010535173118114471,
            0.027449842542409897
        ],
        [
            0.056168053299188614,
            0.07795001566410065,
            0.0027465801686048508
        ],
        [
            0.06987161934375763,
            0.03252917155623436,
            0.015185666270554066
        ],
        [
            0.07405519485473633,
            0.01920178532600403,
            0.018895933404564857
        ],
        [
            0.07690238207578659,
            0.008530229330062866,
            0.022120999172329903
        ],
        [
            0.0788651555776596,
            0.0010861456394195557,
            0.0253306832164526
        ],
        [
            0.08419522643089294,
            0.0040596723556518555,
            0.030737105756998062
        ],
        [
            0.03570674732327461,
            0.10170836746692657,
            -0.028549136593937874
        ],
        [
            0.03926534950733185,
            0.10807283967733383,
            -0.02439836785197258
        ],
        [
            0.08587857335805893,
            -0.003313995897769928,
            0.03574419021606445
        ],
        [
            0.08028772473335266,
            -0.006350062787532806,
            0.028987552970647812
        ],
        [
            0.06875360012054443,
            0.018043555319309235,
            0.011462152004241943
        ],
        [
            0.06360720843076706,
            0.01648113876581192,
            0.00154145248234272
        ],
        [
            0.06508190184831619,
            0.031060393899679184,
            0.008086025714874268
        ],
        [
            0.05943061038851738,
            0.03061414137482643,
            -0.001973213627934456
        ],
        [
            0.04828669875860214,
            0.07238452881574631,
            -0.001909869723021984
        ],
        [
            0.04688011854887009,
            0.12449364364147186,
            -0.027370791882276535
        ],
        [
            0.04482211545109749,
            0.11394312232732773,
            -0.024045253172516823
        ],
        [
            0.04995950311422348,
            0.11189614236354828,
            -0.026029231026768684
        ],
        [
            0.05081954598426819,
            0.1225886344909668,
            -0.026745425537228584
        ],
        [
            0.046160709112882614,
            0.1074296236038208,
            -0.02333604358136654
        ],
        [
            0.03955354169011116,
            0.11392010748386383,
            -0.026102770119905472
        ],
        [
            0.05664922669529915,
            0.02785928174853325,
            -0.016664013266563416
        ],
        [
            0.06053727865219116,
            0.08544476330280304,
            -0.02662826143205166
        ],
        [
            0.0632769837975502,
            0.011836327612400055,
            -0.01569047011435032
        ],
        [
            0.05472873896360397,
            0.028823282569646835,
            -0.03521532565355301
        ],
        [
            0.06176077574491501,
            0.017050981521606445,
            -0.035430245101451874
        ],
        [
            0.07079154253005981,
            -0.004348136484622955,
            -0.016529271379113197
        ],
        [
            0.0693540871143341,
            0.0027330592274665833,
            -0.03156556189060211
        ],
        [
            0.07543271780014038,
            -0.01644405722618103,
            -0.005021370947360992
        ],
        [
            0.07276304066181183,
            -0.009607963263988495,
            -0.009428657591342926
        ],
        [
            0.06966113299131393,
            0.0103631392121315,
            -0.04801526665687561
        ],
        [
