{
    "pred_cam": [
        9.930006980895996,
        0.09519404917955399,
        -0.06479523330926895
    ],
    "pred_mano_params": {
        "global_orient": [
            [
                [
                    0.37237346172332764,
                    -0.8523734211921692,
                    -0.3671480417251587
                ],
                [
                    -0.8829822540283203,
                    -0.20355474948883057,
                    -0.422975093126297
                ],
                [
                    0.28579795360565186,
                    0.48168984055519104,
                    -0.8284289836883545
                ]
            ]
        ],
        "hand_pose": [
            [
                [
                    0.832859456539154,
                    -0.29917389154434204,
                    -0.46566104888916016
                ],
                [
                    0.28042542934417725,
                    0.9534361958503723,
                    -0.11099975556135178
                ],
                [
                    0.4771863520145416,
                    -0.03813602030277252,
                    0.8779743313789368
                ]
            ],
            [
                [
                    0.9546471834182739,
                    -0.2905735969543457,
                    0.06492889672517776
                ],
                [
                    0.2975940704345703,
                    0.9380303621292114,
                    -0.17758584022521973
                ],
                [
                    -0.00930352695286274,
                    0.18885426223278046,
                    0.9819610118865967
                ]
            ],
            [
                [
                    0.8083294034004211,
                    -0.5602133870124817,
                    0.18100984394550323
                ],
                [
                    0.5886818766593933,
                    0.773061990737915,
                    -0.2362811267375946
                ],
                [
                    -0.0075639826245605946,
                    0.2975502014160156,
                    0.9546762108802795
                ]
            ],
            [
                [
                    0.6758228540420532,
                    -0.6900642514228821,
                    -0.2589878737926483
                ],
                [
                    0.6796582341194153,
                    0.7194016575813293,
                    -0.14326860010623932
                ],
                [
                    0.28518086671829224,
                    -0.07919904589653015,
                    0.9551959037780762
                ]
            ],
            [
                [
                    0.9548691511154175,
                    -0.25085723400115967,
                    -0.1590460240840912
                ],
                [
                    0.2868882417678833,
                    0.9176245331764221,
                    0.2750645577907562
                ],
                [
                    0.076942577958107,
                    -0.30827903747558594,
                    0.9481793642044067
                ]
            ],
            [
                [
                    0.7386398315429688,
                    -0.6138126254081726,
                    0.27864891290664673
                ],
                [
                    0.6267327070236206,
                    0.7775352001190186,
                    0.0514308363199234
                ],
                [
                    -0.24822823703289032,
                    0.13664953410625458,
                    0.9590149521827698
                ]
            ],
            [
                [
                    0.6271389126777649,
                    -0.6433507204055786,
                    0.43908607959747314
                ],
                [
                    0.6016131639480591,
                    0.7581420540809631,
                    0.2515594959259033
                ],
                [
                    -0.4947306513786316,
                    0.10639719665050507,
                    0.8625086545944214
                ]
            ],
            [
                [
                    0.9438667893409729,
                    -0.24723225831985474,
                    -0.2190699279308319
                ],
                [
                    0.3260971009731293,
                    0.8031734824180603,
                    0.49857088923454285
                ],
                [
                    0.052688390016555786,
                    -0.5420226454734802,
                    0.8387104868888855
                ]
            ],
            [
                [
                    0.8600623607635498,
                    -0.41034239530563354,
                    0.30316972732543945
                ],
                [
                    0.3108116090297699,
                    0.892646849155426,
                    0.3264622688293457
                ],
                [
                    -0.4045848548412323,
                    -0.18654920160770416,
                    0.8952711224555969
                ]
            ],
            [
                [
                    0.6694082617759705,
                    -0.7334046959877014,
                    0.11836466938257217
                ],
                [
                    0.7415566444396973,
                    0.6692251563072205,
                    -0.047237999737262726
                ],
                [
                    -0.04456804320216179,
                    0.11939561367034912,
                    0.9918460249900818
                ]
            ],
            [
                [
                    0.9372692108154297,
                    -0.2929818332195282,
                    -0.18891285359859467
                ],
                [
                    0.3415498435497284,
                    0.8802537322044373,
                    0.32938873767852783
                ],
                [
                    0.06978634744882584,
                    -0.3732490539550781,
                    0.9251025915145874
                ]
            ],
            [
                [
                    0.6881877779960632,
                    -0.6137008666992188,
                    0.3869999349117279
                ],
                [
                    0.539234459400177,
                    0.7895078063011169,
                    0.2930932343006134
                ],
                [
                    -0.48541101813316345,
                    0.006980535574257374,
                    0.874258279800415
                ]
            ],
            [
                [
                    0.9784174561500549,
                    0.1603730320930481,
                    0.13030709326267242
                ],
                [
                    -0.05480053648352623,
                    0.8094053268432617,
                    -0.5846877694129944
                ],
                [
                    -0.19923940300941467,
                    0.5649277567863464,
                    0.8007248044013977
                ]
            ],
            [
                [
                    0.765440046787262,
                    -0.5200073719024658,
                    -0.3790696859359741
                ],
                [
                    0.616428792476654,
                    0.7615936994552612,
                    0.19997645914554596
                ],
                [
                    0.1847078502178192,
                    -0.38673949241638184,
                    0.9035018086433411
                ]
            ],
            [
                [
                    0.9458144903182983,
                    -0.2265464961528778,
                    -0.23261933028697968
                ],
                [
                    0.1033858209848404,
                    0.8892196416854858,
                    -0.4456455111503601
                ],
                [
                    0.307809054851532,
                    0.3974483907222748,
                    0.8644585013389587
                ]
            ]
        ],
        "betas": [
            0.048232123255729675,
            -0.076994389295578,
            -0.06326058506965637,
            0.09394732117652893,
            -0.022525370121002197,
            0.024196747690439224,
            0.06275978684425354,
            -0.021096080541610718,
            0.04813523590564728,
            -0.021751195192337036
        ]
    },
    "pred_cam_t": [
        -0.09519404917955399,
        -0.06479523330926895,
        3.933783769607544
    ],
    "focal_length": [
        5000.0,
        5000.0
    ],
    "pred_keypoints_3d": [
        [
            0.09551871567964554,
            0.006361087318509817,
            0.006186307407915592
        ],
        [
            0.09031469374895096,
            0.01982741244137287,
            -0.029406048357486725
        ],
        [
            0.08610069751739502,
            0.02654004842042923,
            -0.05908530205488205
        ],
        [
            0.09186369180679321,
            0.04603901505470276,
            -0.07694072276353836
        ],
        [
            0.10879969596862793,
            0.0718887522816658,
            -0.09328652173280716
        ],
        [
            0.05967072769999504,
            0.07642622292041779,
            -0.03841361030936241
        ],
        [
            0.058526523411273956,
            0.10937964916229248,
            -0.03805221617221832
        ],
        [
            0.06782367825508118,
            0.1293577253818512,
            -0.04063040390610695
        ],
        [
            0.08814869821071625,
            0.14359787106513977,
            -0.04609765112400055
        ],
        [
            0.06289424002170563,
            0.09156911820173264,
            -0.01869860291481018
        ],
        [
            0.07660674303770065,
            0.1198895275592804,
            -0.021967275068163872
        ],
        [
            0.09468072652816772,
            0.13415522873401642,
            -0.025055566802620888
        ],
        [
            0.11515596508979797,
            0.13966533541679382,
            -0.0386631153523922
        ],
        [
            0.07828638702630997,
            0.09048455208539963,
            0.002995806746184826
        ],
        [
            0.08823206275701523,
            0.11445005983114243,
            -0.009458227083086967
        ],
        [
            0.10845857858657837,
            0.1275991052389145,
            -0.014900489710271358
        ],
        [
            0.12668770551681519,
            0.1287357360124588,
            -0.03119293972849846
        ],
        [
            0.09414675086736679,
            0.08724970370531082,
            0.017474178224802017
        ],
        [
            0.10030750185251236,
            0.10522100329399109,
            0.008358786813914776
        ],
        [
            0.11491097509860992,
            0.11439691483974457,
            0.0005898792296648026
        ],
        [
            0.12699732184410095,
            0.1156623587012291,
            -0.013027524575591087
        ]
    ],
    "pred_vertices": [
        [
            0.08559058606624603,
            0.04689673334360123,
            -0.03109832853078842
        ],
        [
            0.0913882926106453,
            0.03875042498111725,
            -0.029540233314037323
        ],
        [
            0.09010442346334457,
            0.0409667007625103,
            -0.040750764310359955
        ],
        [
            0.08366553485393524,
            0.04877692088484764,
            -0.04129856079816818
        ],
        [
            0.1046828180551529,
            0.023368988186120987,
            -0.03859759867191315
        ],
        [
            0.10343144088983536,
            0.011212922632694244,
            -0.04242183640599251
        ],
        [
            0.10022103786468506,
            0.01920987293124199,
            -0.05704430490732193
        ],
        [
            0.10312553495168686,
            0.027829553931951523,
            -0.051442477852106094
        ],
        [
            0.08045315742492676,
            0.04908495396375656,
            -0.049010783433914185
        ],
        [
            0.08912943303585052,
            0.042251236736774445,
            -0.048853956162929535
        ],
        [
            0.0771385207772255,
            0.04569121450185776,
            -0.0512847937643528
        ],
        [
            0.06408795714378357,
            0.05233728885650635,
            -0.04829033836722374
        ],
        [
            0.07098761200904846,
            0.05514714866876602,
            -0.04750354588031769
        ],
        [
            0.0576656237244606,
            0.0593055784702301,
            -0.046447090804576874
        ],
        [
            0.05826322361826897,
            0.0444529727101326,
            -0.042478691786527634
        ],
        [
            0.05142314359545708,
            0.058650895953178406,
            -0.038890521973371506
        ],
        [
            0.05749208480119705,
            0.046561677008867264,
            -0.011858029291033745
        ],
        [
            0.06297016143798828,
            0.048793841153383255,
            0.0003356020897626877
        ],
        [
            0.05768327787518501,
            0.06492222100496292,
            -0.0030844248831272125
        ],
        [
            0.05352868139743805,
            0.06112568452954292,
            -0.015659796074032784
        ],
        [
            0.07126301527023315,
            0.06363500654697418,
            0.012719826772809029
        ],
        [
            0.06344441324472427,
            0.065201535820961,
            0.003960620611906052
        ],
        [
            0.06765887141227722,
            0.048863548785448074,
            0.007989147678017616
        ],
        [
            0.07458231598138809,
            0.0482802577316761,
            0.015476491302251816
        ],
        [
            0.09132994711399078,
            0.044473227113485336,
            -0.014805753715336323
        ],
        [
            0.0964585393667221,
            0.03596891462802887,
            -0.011856505647301674
        ],
        [
            0.09357012808322906,
            0.03679304197430611,
            -0.017623165622353554
        ],
        [
            0.08897104114294052,
            0.044503796845674515,
            -0.020228933542966843
        ],
        [
            0.07786931842565536,
            0.037787847220897675,
            -0.060306135565042496
        ],
        [
            0.06941039860248566,
            0.03215429186820984,
            -0.05237890034914017
        ],
        [
            0.07093997299671173,
            0.04001512750983238,
            -0.051610659807920456
        ],
        [
            0.08200153708457947,
            0.04086891561746597,
            -0.058849185705184937
        ],
        [
            0.1159960925579071,
            0.017237216234207153,
            -0.00043466687202453613
        ],
        [
            0.11452782899141312,
            0.0045166015625,
            0.003815487027168274
        ],
        [
            0.11164897680282593,
            0.0026666149497032166,
            -0.0009147766977548599
        ],
        [
            0.11316131055355072,
            0.0148959681391716,
            -0.003455929458141327
        ],
        [
            0.10519364476203918,
            0.0020042434334754944,
            -0.022624175995588303
        ],
        [
            0.10322821140289307,
            -0.004445865750312805,
            -0.014934634789824486
        ],
        [
            0.0937749445438385,
            -0.01467721164226532,
            -0.017253313213586807
        ],
        [
            0.0921153873205185,
            -0.008366413414478302,
            -0.024349579587578773
        ],
        [
            0.10516425967216492,
            0.007275417447090149,
            -0.03244027867913246
        ],
        [
            0.09514258801937103,
            -0.002490915358066559,
            -0.034537479281425476
        ],
        [
            0.09472143650054932,
            0.0033891871571540833,
            -0.04493844881653786
        ],
        [
            0.09322062134742737,
            0.01345876231789589,
            -0.06054443120956421
        ],
        [
            0.11815003305673599,
            0.008100055158138275,
            0.015578163787722588
        ],
        [
            0.12022200971841812,
            0.01789753884077072,
            0.013927144929766655
        ],
        [
            0.06600841134786606,
            0.11146099865436554,
            -0.04658127948641777
        ],
        [
            0.06922771781682968,
            0.11191648244857788,
            -0.04165353253483772
        ],
        [
            0.06871692836284637,
            0.10729639232158661,
            -0.04232672601938248
        ],
        [
            0.0651712417602539,
            0.10769841820001602,
            -0.04690335690975189
        ],
        [
            0.10814934223890305,
            0.01647210121154785,
            0.031008966267108917
        ],
        [
            0.09882009029388428,
            0.015369929373264313,
            0.03461834788322449
        ],
        [
            0.1025083139538765,
            0.009318791329860687,
            0.03628947213292122
        ],
        [
            0.1105520948767662,
            0.009326852858066559,
            0.031420908868312836
        ],
        [
            0.10500959306955338,
            0.02590879052877426,
            0.030334122478961945
        ],
        [
            0.09404193609952927,
            0.02374308556318283,
            0.03157802298665047
        ],
        [
            0.05431513115763664,
            0.1160619705915451,
            -0.04424455761909485
        ],
        [
            0.0577414445579052,
            0.1146308034658432,
            -0.04784155637025833
        ],
        [
            0.05527714639902115,
            0.11010272800922394,
            -0.04707528278231621
        ],
        [
            0.0522911436855793,
            0.11069300025701523,
            -0.042728960514068604
        ],
        [
            0.07711014151573181,
            0.05591820552945137,
            -0.04224182665348053
        ],
        [
            0.08179748803377151,
            0.05516411364078522,
            -0.03346331790089607
        ],
        [
            0.06992015987634659,
            0.0729469433426857,
            -0.04374636709690094
        ],
        [
            0.07434764504432678,
            0.06584814190864563,
            -0.03804103657603264
        ],
        [
            0.0708056390285492,
            0.06270337849855423,
            -0.044034894555807114
        ],
        [
            0.066165491938591,
            0.06913425773382187,
            -0.04723115265369415
        ],
        [
            0.08437679708003998,
            0.06597037613391876,
            -0.01618288829922676
        ],
        [
            0.0881158858537674,
            0.05513874813914299,
            -0.013860825449228287
        ],
        [
            0.08491913974285126,
            0.05542882904410362,
            -0.01973310112953186
        ],
        [
            0.08082074671983719,
            0.06690061837434769,
            -0.024008162319660187
        ],
        [
            0.09683077037334442,
            0.0573650598526001,
            -0.002931930124759674
        ],
        [
            0.09205955266952515,
            0.06776601821184158,
            -0.005887077189981937
        ],
        [
            0.09750261902809143,
            0.06782904267311096,
            0.0007325257174670696
        ],
        [
            0.10079079121351242,
            0.06057059392333031,
            0.0011407434940338135
        ],
        [
            0.08160360902547836,
            0.08365149050951004,
            -0.013228466734290123
        ],
        [
            0.07848614454269409,
            0.08870682865381241,
            -0.014364469796419144
        ],
        [
            0.08163658529520035,
            0.09034082293510437,
            -0.012074626982212067
        ],
        [
            0.08381733298301697,
            0.08391150832176208,
            -0.009993109852075577
        ],
        [
            0.10502271354198456,
            0.002947211265563965,
            0.038080524653196335
        ],
        [
            0.11206917464733124,
            0.0022209063172340393,
            0.031275808811187744
        ],
        [
            0.08757621049880981,
            0.06381534039974213,
            0.027049148455262184
        ],
        [
            0.09829814732074738,
            0.06137920916080475,
            0.029033932834863663
        ],
        [
            0.09606195986270905,
            0.07474851608276367,
            0.02887440286576748
        ],
        [
            0.08462763577699661,
            0.07393607497215271,
            0.026959532871842384
        ],
        [
            0.08886195719242096,
            0.013980880379676819,
            0.03213931992650032
        ],
        [
            0.09251781553030014,
            0.00831574946641922,
            0.03613368794322014
        ],
        [
            0.053697217255830765,
            0.11725839972496033,
            -0.03820248693227768
        ],
        [
            0.052596256136894226,
            0.11147265136241913,
            -0.03672320768237114
        ],
        [
            0.08286559581756592,
            0.0008025690913200378,
            -0.04093935713171959
        ],
        [
            0.08383365720510483,
            0.012077894061803818,
            -0.059650570154190063
        ],
        [
            0.08272816240787506,
            -0.005910225212574005,
            -0.027679450809955597
        ],
        [
            0.08227623254060745,
            -0.010822124779224396,
            -0.018904294818639755
        ],
        [
            0.08270964026451111,
            -0.017372772097587585,
            -0.01369507610797882
        ],
        [
            0.07561838626861572,
            0.07096602767705917,
            -0.03398219496011734
        ],
        [
            0.08485154807567596,
            0.051979318261146545,
            -0.02487364411354065
        ],
        [
            0.09405157715082169,
            0.044895946979522705,
            -0.010406200774013996
        ],
        [
            0.113087497651577,
            0.054447103291749954,
            0.01181198563426733
        ],
        [
            0.11678357422351837,
            0.04465140029788017,
            0.0130764190107584
        ],
        [
            0.11154931783676147,
            0.045840855687856674,
            0.0038598766550421715
        ],
        [
            0.10887032747268677,
            0.05409637838602066,
            0.004992217756807804
        ],
        [
            0.10728153586387634,
            0.06288325786590576,
            0.025237934663891792
        ],
        [
            0.10992393642663956,
            0.06438363343477249,
            0.017752038314938545
        ],
        [
            0.1067192330956459,
            0.07298983633518219,
            0.017519572749733925
        ],
        [
            0.10412091761827469,
            0.07351985573768616,
            0.02493041567504406
        ],
        [
            0.07566963881254196,
            0.03236311301589012,
            -0.06527341902256012
        ],
        [
            0.06933246552944183,
            0.024396196007728577,
            -0.05392426252365112
        ],
        [
            0.11603854596614838,
            0.016654714941978455,
            0.023996278643608093
        ],
        [
            0.11636311560869217,
            0.008932933211326599,
            0.023133534938097
        ],
        [
            0.11602938175201416,
            0.0006498172879219055,
            0.024783678352832794
        ],
        [
            0.10635708272457123,
            0.026510000228881836,
            -0.007365047931671143
        ],
        [
            0.1113450825214386,
            0.013335518538951874,
            -0.005658166483044624
        ],
        [
            0.10965922474861145,
            0.01311500370502472,
            -0.009761251509189606
        ],
        [
            0.10387472808361053,
            0.026599455624818802,
            -0.009642323479056358
        ],
        [
            0.09988334774971008,
            0.031126171350479126,
            -0.027137381955981255
        ],
        [
            0.10658608376979828,
            0.019119545817375183,
            -0.02546488307416439
        ],
        [
            0.09912846237421036,
            0.03474586084485054,
            -0.03888078033924103
        ],
        [
            0.10823480784893036,
            -0.001466222107410431,
            -0.006813164800405502
        ],
        [
            0.11280485987663269,
            -0.0073580145835876465,
            0.0012174025177955627
        ],
        [
            0.10798941552639008,
            -0.010945640504360199,
            -0.00530347041785717
        ],
        [
            0.11607913672924042,
            -0.004248917102813721,
            0.009910071268677711
        ],
        [
            0.11756116151809692,
            -0.0013415217399597168,
            0.018207132816314697
        ],
        [
            0.09356310963630676,
            0.0014772117137908936,
            0.04106700420379639
        ],
        [
            0.10197563469409943,
            -0.013551346957683563,
            -0.010606326162815094
        ],
        [
            0.10073956102132797,
            0.030464347451925278,
            -0.059936169534921646
        ],
        [
            0.09966401010751724,
            0.033991359174251556,
            -0.06571106612682343
        ],
        [
            0.09670867025852203,
            0.038827084004879,
            -0.06064707413315773
        ],
        [
            0.09681558609008789,
            0.03630176559090614,
            -0.05524886026978493
        ],
        [
            0.05265878140926361,
            0.06899120658636093,
            -0.045606814324855804
        ],
        [
            0.05995206907391548,
            0.0690818652510643,
            -0.0487595833837986
        ],
        [
            0.06481987982988358,
            0.05949295312166214,
            -0.04798715561628342
        ],
        [
            0.1156974658370018,
            0.028559476137161255,
            0.0016073370352387428
        ],
        [
            0.11947959661483765,
            0.02868404984474182,
            0.013623536564409733
        ],
        [
            0.07093194872140884,
            0.07765014469623566,
            -0.03925982490181923
        ],
        [
            0.05061803385615349,
            0.10585303604602814,
            -0.04137171432375908
        ],
        [
            0.0536879301071167,
            0.10508830100297928,
            -0.04637693613767624
        ],
        [
            0.05232219398021698,
            0.08679519593715668,
            -0.04603802412748337
        ],
        [
            0.048577141016721725,
            0.0883408859372139,
            -0.040570709854364395
        ],
        [
            0.06664513051509857,
            0.08588127791881561,
            -0.0332861952483654
        ],
        [
            0.06920992583036423,
            0.08230192214250565,
            -0.03830639272928238
        ],
        [
            0.06825146824121475,
            0.08493486046791077,
            -0.03671678900718689
        ],
        [
            0.06739967316389084,
            0.08842049539089203,
            -0.031261786818504333
        ],
        [
            0.08726181089878082,
            0.08880607038736343,
            -0.004822581075131893
        ],
        [
            0.08923223614692688,
            0.08301752805709839,
            -0.0031636946368962526
        ],
        [
            0.053068459033966064,
            0.07624783366918564,
            -0.020464938133955002
        ],
        [
            0.046088140457868576,
            0.06915560364723206,
            -0.029404524713754654
        ],
        [
            0.049984320998191833,
            0.058013297617435455,
            -0.02716253325343132
        ],
        [
            0.0886162668466568,
            0.0661594569683075,
            -0.010045310482382774
        ],
        [
            0.08562356233596802,
            0.07600381970405579,
            -0.011496594175696373
        ],
        [
            0.08783963322639465,
            0.07650907337665558,
            -0.007973558269441128
        ],
        [
            0.0751541331410408,
            0.07516925036907196,
            -0.03162790462374687
        ],
        [
            0.07141315937042236,
            0.08081001788377762,
            -0.03421424701809883
        ],
        [
            0.0733199343085289,
            0.08029430359601974,
            -0.029450206086039543
        ],
        [
            0.07734557241201401,
            0.07494435459375381,
            -0.026364104822278023
        ],
        [
            0.10028296709060669,
            0.04831404238939285,
            0.03046991303563118
        ],
        [
            0.11097576469182968,
            0.05031831935048103,
            0.02631707862019539
        ],
        [
            0.061906784772872925,
            0.11271073669195175,
            -0.048764247447252274
        ],
        [
            0.06014259532094002,
            0.10867638140916824,
            -0.048623111099004745
        ],
        [
            0.09220869839191437,
            0.055541396141052246,
            -0.007909086532890797
        ],
        [
            0.05559420958161354,
            0.044903069734573364,
            -0.023595090955495834
        ],
        [
            0.0973009318113327,
            0.04553906247019768,
            -0.005986127071082592
        ],
        [
            0.07755253463983536,
            0.08496023714542389,
            0.012299830093979836
        ],
        [
            0.0849873349070549,
            0.08801079541444778,
            0.010881527327001095
        ],
        [
            0.08498020470142365,
            0.09244770556688309,
            0.007510520983487368
        ],
        [
            0.07896056026220322,
            0.0928424671292305,
            0.008268781937658787
        ],
        [
            0.06715632230043411,
            0.10356967151165009,
            -0.03075004182755947
        ],
        [
            0.069738008081913,
            0.10340075939893723,
            -0.03587550297379494
        ],
        [
            0.06983845680952072,
            0.10785830765962601,
            -0.03616296872496605
        ],
        [
            0.06713508069515228,
            0.10884610563516617,
            -0.031139489263296127
        ],
        [
            0.06792595982551575,
            0.08000098168849945,
            -0.043426573276519775
        ],
        [
            0.06409136205911636,
            0.07726873457431793,
            -0.04782504215836525
        ],
        [
            0.06406304985284805,
            0.08450761437416077,
            -0.04674095660448074
        ],
        [
            0.06705507636070251,
            0.08509093523025513,
            -0.04169975221157074
        ],
        [
            0.05777759477496147,
            0.07797785103321075,
            -0.04838957265019417
        ],
        [
            0.05800256133079529,
            0.08512426912784576,
            -0.048127681016922
        ],
        [
            0.06131522357463837,
            0.10437507182359695,
            -0.02808653563261032
        ],
        [
            0.054126888513565063,
            0.10544180870056152,
            -0.02992570772767067
        ],
        [
            0.05313507094979286,
            0.0899779349565506,
            -0.027955064550042152
        ],
        [
            0.0611116848886013,
            0.09121198207139969,
            -0.0276939757168293
        ],
        [
            0.07655008137226105,
            0.03364120423793793,
            0.018877986818552017
        ],
        [
            0.08478382974863052,
            0.03515779227018356,
            0.026187323033809662
        ],
        [
            0.08290264010429382,
            0.04980417340993881,
            0.02316577546298504
        ],
        [
            0.08028557896614075,
            0.06443065404891968,
            0.021394794806838036
        ],
        [
            0.07790206372737885,
            0.07801477611064911,
            0.018166251480579376
        ],
        [
            0.06787287443876266,
            0.07672610133886337,
            0.011282380670309067
        ],
        [
            0.08940444886684418,
            0.04943801090121269,
            0.0280821081250906
        ],
        [
            0.06203068420290947,
            0.08617251366376877,
            -0.027836399152874947
        ],
        [
            0.05289589613676071,
            0.08100384473800659,
            -0.027338426560163498
        ],
        [
            0.056892793625593185,
            0.08359551429748535,
            -0.024703172966837883
        ],
        [
            0.10267557203769684,
            0.047486186027526855,
            -0.0012272298336029053
        ],
        [
            0.05849248915910721,
            0.10394272953271866,
            -0.048412829637527466
        ],
        [
            0.07024300843477249,
            -0.005180127918720245,
            -0.0007054060697555542
        ],
        [
            0.07148604840040207,
            -0.0005957335233688354,
            0.011517833918333054
        ],
        [
            0.06949131190776825,
            0.0065633878111839294,
            0.006832994520664215
        ],
        [
            0.06884771585464478,
            0.001615367829799652,
            -0.007017768919467926
        ],
        [
            0.06869266927242279,
            0.10292775928974152,
            -0.04262835532426834
        ],
        [
            0.06470809876918793,
            0.10307052731513977,
            -0.04753461480140686
        ],
        [
            0.09281765669584274,
            0.08541204780340195,
            0.0020201783627271652
        ],
        [
            0.09005871415138245,
            0.09033709764480591,
            -3.543589264154434e-05
        ],
        [
            0.08982067555189133,
            0.09241342544555664,
            0.0031970031559467316
        ],
        [
            0.0945393294095993,
            0.08963187038898468,
            0.005773447919636965
        ],
        [
            0.08970998972654343,
            0.03455120325088501,
            0.02944636344909668
        ],
        [
            0.09602165967226028,
            0.08355988562107086,
            0.026286842301487923
        ],
        [
            0.08571646362543106,
            0.08245131373405457,
            0.025132078677415848
        ],
        [
            0.08606864511966705,
            0.022345170378684998,
            0.028586536645889282
        ],
        [
            0.07844075560569763,
            0.02086450904607773,
            0.022686205804347992
        ],
        [
            0.0801515206694603,
            0.011834412813186646,
            0.02590826153755188
        ],
        [
            0.06148039549589157,
            0.08107994496822357,
            -0.0019398946315050125
        ],
        [
            0.07084743678569794,
            0.034478455781936646,
            0.012423183768987656
        ],
        [
            0.0738176703453064,
            0.0208970308303833,
            0.016607346013188362
        ],
        [
            0.07564464211463928,
            0.01009322702884674,
            0.020175592973828316
        ],
        [
            0.07680539786815643,
            0.00257883220911026,
            0.0236215740442276
        ],
        [
            0.08176755905151367,
            0.005262456834316254,
            0.029464222490787506
        ],
        [
            0.051375698298215866,
            0.10613631457090378,
            -0.03506993502378464
        ],
        [
            0.05543932691216469,
            0.1116957738995552,
            -0.030754197388887405
        ],
        [
            0.08245339244604111,
            -0.002133473753929138,
            0.034688472747802734
        ],
        [
            0.07735994458198547,
            -0.004888676106929779,
            0.02747368812561035
        ],
        [
            0.06918258965015411,
            0.019973382353782654,
            0.008748169988393784
        ],
        [
            0.06492651253938675,
            0.018627122044563293,
            -0.0014687851071357727
        ],
        [
            0.06668657064437866,
            0.033194977790117264,
            0.004924243316054344
        ],
        [
            0.06199273094534874,
            0.0329631082713604,
            -0.005530651658773422
        ],
        [
            0.052808359265327454,
            0.07662931829690933,
            -0.006915321573615074
        ],
        [
            0.06416680663824081,
            0.1279837191104889,
            -0.03231211006641388
        ],
        [
            0.06145225092768669,
            0.11697502434253693,
            -0.02959511987864971
        ],
        [
            0.06664372980594635,
            0.11472843587398529,
            -0.031044745817780495
        ],
        [
            0.06800366938114166,
            0.126053124666214,
            -0.031280215829610825
        ],
        [
            0.06184493005275726,
            0.11018124222755432,
            -0.028880786150693893
        ],
        [
            0.05640070140361786,
            0.11754456907510757,
            -0.03219889476895332
        ],
        [
            0.06037420406937599,
            0.03021014854311943,
            -0.020072951912879944
        ],
        [
            0.07017309963703156,
            0.0858779326081276,
            -0.03078402578830719
        ],
        [
            0.06579047441482544,
            0.013797275722026825,
            -0.01822168566286564
        ],
        [
            0.059922367334365845,
            0.03109431266784668,
            -0.038261529058218
        ],
        [
            0.06587894260883331,
            0.018784858286380768,
            -0.037763841450214386
        ],
        [
            0.07212691009044647,
            -0.002884313464164734,
            -0.01829659566283226
        ],
        [
            0.07204423099756241,
            0.004075773060321808,
            -0.03321007639169693
        ],
        [
            0.0749843567609787,
            -0.01518617570400238,
            -0.006561167538166046
        ],
        [
            0.07318910956382751,
            -0.008223094046115875,
            -0.01118675246834755
        ],
        [
            0.07341157644987106,
            0.011429909616708755,
            -0.04944311082363129
        ],
        [
            0.07161696255207062,
