{
    "pred_cam": [
        9.672542572021484,
        0.07445601373910904,
        -0.05962526798248291
    ],
    "pred_mano_params": {
        "global_orient": [
            [
                [
                    0.45384910702705383,
                    -0.7767050862312317,
                    -0.43674951791763306
                ],
                [
                    -0.8492774963378906,
                    -0.228679358959198,
                    -0.47585028409957886
                ],
                [
                    0.26971977949142456,
                    0.5868857502937317,
                    -0.7634240984916687
                ]
            ]
        ],
        "hand_pose": [
            [
                [
                    0.8028872609138489,
                    -0.3499827980995178,
                    -0.48258066177368164
                ],
                [
                    0.3251543641090393,
                    0.9356027841567993,
                    -0.1375575065612793
                ],
                [
                    0.4996465742588043,
                    -0.0464700348675251,
                    0.864982008934021
                ]
            ],
            [
                [
                    0.954594075679779,
                    -0.29246336221694946,
                    0.05670439079403877
                ],
                [
                    0.2975770831108093,
                    0.9450884461402893,
                    -0.1351136863231659
                ],
                [
                    -0.014074861072003841,
                    0.14585264027118683,
                    0.9892062544822693
                ]
            ],
            [
                [
                    0.7706485390663147,
                    -0.605945348739624,
                    0.1973094344139099
                ],
                [
                    0.6372441053390503,
                    0.7349690198898315,
                    -0.23181983828544617
                ],
                [
                    -0.004546176642179489,
                    0.3043859302997589,
                    0.9525378942489624
                ]
            ],
            [
                [
                    0.8371432423591614,
                    -0.5230531692504883,
                    -0.16002023220062256
                ],
                [
                    0.5075163841247559,
                    0.8518683314323425,
                    -0.12941181659698486
                ],
                [
                    0.20400545001029968,
                    0.027123335748910904,
                    0.9785938858985901
                ]
            ],
            [
                [
                    0.9013462662696838,
                    -0.3997744023799896,
                    -0.16659952700138092
                ],
                [
                    0.4318251311779022,
                    0.8590286374092102,
                    0.27494895458221436
                ],
                [
                    0.03319622203707695,
                    -0.3197660744190216,
                    0.9469149112701416
                ]
            ],
            [
                [
                    0.7372620701789856,
                    -0.6497678160667419,
                    0.1850578486919403
                ],
                [
                    0.6554357409477234,
                    0.7543274164199829,
                    0.0373382531106472
                ],
                [
                    -0.1638554036617279,
                    0.09376545250415802,
                    0.9820180535316467
                ]
            ],
            [
                [
                    0.7424238324165344,
                    -0.4249974191188812,
                    0.5178649425506592
                ],
                [
                    0.42995887994766235,
                    0.8950817584991455,
                    0.11816930770874023
                ],
                [
                    -0.5137531161308289,
                    0.13492891192436218,
                    0.8472614288330078
                ]
            ],
            [
                [
                    0.9391356110572815,
                    -0.2857173681259155,
                    -0.19076138734817505
                ],
                [
                    0.3430293798446655,
                    0.7494145035743713,
                    0.5663115382194519
                ],
                [
                    -0.018845688551664352,
                    -0.5972800850868225,
                    0.8018112778663635
                ]
            ],
            [
                [
                    0.8617981672286987,
                    -0.42012810707092285,
                    0.28424733877182007
                ],
                [
                    0.3195969760417938,
                    0.8848741054534912,
                    0.3389034569263458
                ],
                [
                    -0.39390596747398376,
                    -0.20122171938419342,
                    0.8968545198440552
                ]
            ],
            [
                [
                    0.8124796748161316,
                    -0.5610120892524719,
                    0.15856334567070007
                ],
                [
                    0.5750969648361206,
                    0.8158687949180603,
                    -0.060179825872182846
                ],
                [
                    -0.0956052839756012,
                    0.1400841772556305,
                    0.9855131506919861
                ]
            ],
            [
                [
                    0.9160816669464111,
                    -0.3638007342815399,
                    -0.16865167021751404
                ],
                [
                    0.4003441035747528,
                    0.8536689877510071,
                    0.3331272602081299
                ],
                [
                    0.022780761122703552,
                    -0.37269049882888794,
                    0.9276760220527649
                ]
            ],
            [
                [
                    0.7649023532867432,
                    -0.5815483331680298,
                    0.2769942879676819
                ],
                [
                    0.5301425457000732,
                    0.8126076459884644,
                    0.24211087822914124
                ],
                [
                    -0.3658868670463562,
                    -0.03834473714232445,
                    0.9298689961433411
                ]
            ],
            [
                [
                    0.9286757707595825,
                    0.26644450426101685,
                    0.25800883769989014
                ],
                [
                    -0.1495385318994522,
                    0.9055807590484619,
                    -0.39694055914878845
                ],
                [
                    -0.3394104540348053,
                    0.3300468623638153,
                    0.8808346390724182
                ]
            ],
            [
                [
                    0.7500506639480591,
                    -0.5124620199203491,
                    -0.41809892654418945
                ],
                [
                    0.6047731637954712,
                    0.7873165607452393,
                    0.11992556601762772
                ],
                [
                    0.2677188813686371,
                    -0.34280526638031006,
                    0.900450587272644
                ]
            ],
            [
                [
                    0.9159031510353088,
                    -0.22734184563159943,
                    -0.33081260323524475
                ],
                [
                    0.04452839121222496,
                    0.8766077160835266,
                    -0.47914108633995056
                ],
                [
                    0.3989216983318329,
                    0.4241163432598114,
                    0.8130109310150146
                ]
            ]
        ],
        "betas": [
            0.0378984659910202,
            -0.14057493209838867,
            -0.016975224018096924,
            0.10398641228675842,
            -0.037663012742996216,
            0.01728859916329384,
            0.057119473814964294,
            0.019099190831184387,
            -0.02556861937046051,
            -0.03479328751564026
        ]
    },
    "pred_cam_t": [
        -0.07445601373910904,
        -0.05962526798248291,
        4.038493633270264
    ],
    "focal_length": [
        5000.0,
        5000.0
    ],
    "pred_keypoints_3d": [
        [
            0.09555438160896301,
            0.006373850163072348,
            0.006190708838403225
        ],
        [
            0.08541695028543472,
            0.01803417317569256,
            -0.0290253683924675
        ],
        [
            0.07229633629322052,
            0.01619512401521206,
            -0.05676988139748573
        ],
        [
            0.07055366039276123,
            0.03246445953845978,
            -0.07832825183868408
        ],
        [
            0.07949633151292801,
            0.05898229777812958,
            -0.09916233271360397
        ],
        [
            0.050756216049194336,
            0.07254417985677719,
            -0.03619140759110451
        ],
        [
            0.049663979560136795,
            0.10545194149017334,
            -0.037001535296440125
        ],
        [
            0.05859588086605072,
            0.12525621056556702,
            -0.04139004275202751
        ],
        [
            0.07878115028142929,
            0.1378113478422165,
            -0.05020003020763397
        ],
        [
            0.05538639798760414,
            0.08867128938436508,
            -0.0175711028277874
        ],
        [
            0.05914747342467308,
            0.11949828267097473,
            -0.0236167274415493
        ],
        [
            0.07373443245887756,
            0.13585513830184937,
            -0.031333617866039276
        ],
        [
            0.09240329265594482,
            0.14197856187820435,
            -0.04715888202190399
        ],
        [
            0.07323029637336731,
            0.08934799581766129,
            0.0021613361313939095
        ],
        [
            0.07385954260826111,
            0.11472126096487045,
            -0.011482523754239082
        ],
        [
            0.08939556032419205,
            0.13107770681381226,
            -0.021645590662956238
        ],
        [
            0.10525421798229218,
            0.13664685189723969,
            -0.03976638615131378
        ],
        [
            0.09081652760505676,
            0.08756285160779953,
            0.01477897446602583
        ],
        [
            0.08966375887393951,
            0.10663624107837677,
            0.005887896753847599
        ],
        [
            0.09962853044271469,
            0.11829502880573273,
            -0.005192295648157597
        ],
        [
            0.1077028214931488,
            0.12133876979351044,
            -0.02128424681723118
        ]
    ],
    "pred_vertices": [
        [
            0.07864142954349518,
            0.04435674473643303,
            -0.0316154845058918
        ],
        [
            0.08474412560462952,
            0.03645865246653557,
            -0.03141040354967117
        ],
        [
            0.08057273924350739,
            0.036391131579875946,
            -0.04297720640897751
        ],
        [
            0.07466632127761841,
            0.04482582211494446,
            -0.04191664233803749
        ],
        [
            0.09630519151687622,
            0.019456498324871063,
            -0.04145246744155884
        ],
        [
            0.09543664008378983,
            0.006654169410467148,
            -0.04269242286682129
        ],
        [
            0.08760113269090652,
            0.010865233838558197,
            -0.05728022754192352
        ],
        [
            0.09068015962839127,
            0.02059950865805149,
            -0.05448608845472336
        ],
        [
            0.069483183324337,
            0.043368786573410034,
            -0.049227453768253326
        ],
        [
            0.07741304486989975,
            0.035797104239463806,
            -0.050875019282102585
        ],
        [
            0.06502889841794968,
            0.03836182504892349,
            -0.05050153657793999
        ],
        [
            0.05395805090665817,
            0.04652051627635956,
            -0.04550260677933693
        ],
        [
            0.06108679994940758,
            0.0502484031021595,
            -0.04603374004364014
        ],
        [
            0.048137322068214417,
            0.05411403626203537,
            -0.04310058802366257
        ],
        [
            0.04965675249695778,
            0.0387687161564827,
            -0.03815029561519623
        ],
        [
            0.04307234287261963,
            0.05370541661977768,
            -0.03467675298452377
        ],
        [
            0.05358642339706421,
            0.04366724193096161,
            -0.008385661989450455
        ],
        [
            0.06034575775265694,
            0.04668101295828819,
            0.0027893204241991043
        ],
        [
            0.0541471466422081,
            0.062015317380428314,
            -0.0006539318710565567
        ],
        [
            0.048532821238040924,
            0.057665206491947174,
            -0.012344717979431152
        ],
        [
            0.06943422555923462,
            0.06206907704472542,
            0.013349692337214947
        ],
        [
            0.06056967377662659,
            0.06291650235652924,
            0.0056671323254704475
        ],
        [
            0.06588078290224075,
            0.047291241586208344,
            0.00980754941701889
        ],
        [
            0.07367628812789917,
            0.047342389822006226,
            0.016396859660744667
        ],
        [
            0.08679155260324478,
            0.043336641043424606,
            -0.015614300966262817
        ],
        [
            0.09280331432819366,
            0.035449039191007614,
            -0.013186843134462833
        ],
        [
            0.08921896666288376,
            0.03598339110612869,
            -0.019041258841753006
        ],
        [
            0.08378991484642029,
            0.04301499202847481,
            -0.020855946466326714
        ],
        [
            0.0630001500248909,
            0.026951037347316742,
            -0.05780177563428879
        ],
        [
            0.05840640515089035,
            0.023983940482139587,
            -0.04809252917766571
        ],
        [
            0.059380851686000824,
            0.0321284756064415,
            -0.048750244081020355
        ],
        [
            0.06692077219486237,
            0.03058040142059326,
            -0.05797773599624634
        ],
        [
            0.11442917585372925,
            0.018066972494125366,
            -0.0032688388600945473
        ],
        [
            0.11421819031238556,
            0.005456641316413879,
            0.001551775261759758
        ],
        [
            0.11093023419380188,
            0.0033331364393234253,
            -0.002772517502307892
        ],
        [
            0.11145009100437164,
            0.015630044043064117,
            -0.005923643708229065
        ],
        [
            0.10164392739534378,
            0.0008579641580581665,
            -0.023834150284528732
        ],
        [
            0.10132741928100586,
            -0.004662439227104187,
            -0.015375915914773941
        ],
        [
            0.09210056066513062,
            -0.015813082456588745,
            -0.01587107963860035
        ],
        [
            0.08892281353473663,
            -0.010322205722332,
            -0.022509697824716568
        ],
        [
            0.09959370642900467,
            0.004535514861345291,
            -0.03322750702500343
        ],
        [
            0.09001091122627258,
            -0.0058379583060741425,
            -0.03252517804503441
        ],
        [
            0.08715268969535828,
            -0.002017710357904434,
            -0.04189549386501312
        ],
        [
            0.08065487444400787,
            0.003890588879585266,
            -0.0576181598007679
        ],
        [
            0.11905165761709213,
            0.009691141545772552,
            0.012667166069149971
        ],
        [
            0.12033213675022125,
            0.019495762884616852,
            0.01047122199088335
        ],
        [
            0.05584979057312012,
            0.10721759498119354,
            -0.04632686823606491
        ],
        [
            0.05965207517147064,
            0.10775633901357651,
            -0.041852016001939774
        ],
        [
            0.05900542438030243,
            0.10332553088665009,
            -0.04223792254924774
        ],
        [
            0.05491677671670914,
            0.10356971621513367,
            -0.04636701941490173
        ],
        [
            0.11050281673669815,
            0.01815439760684967,
            0.028902946040034294
        ],
        [
            0.10175055265426636,
            0.01672806590795517,
            0.033696241676807404
        ],
        [
            0.10595960170030594,
            0.010951980948448181,
            0.0351230651140213
        ],
        [
            0.11333733052015305,
            0.011168710887432098,
            0.02927492931485176
        ],
        [
            0.10679352283477783,
            0.027381882071495056,
            0.028239436447620392
        ],
        [
            0.09618061780929565,
            0.024701327085494995,
            0.030924580991268158
        ],
        [
            0.044611889868974686,
            0.11233608424663544,
            -0.04279908165335655
        ],
        [
            0.04755774512887001,
            0.11064261198043823,
            -0.04671686142683029
        ],
        [
            0.045095983892679214,
            0.10622875392436981,
            -0.04547825828194618
        ],
        [
            0.042645543813705444,
            0.10716930031776428,
            -0.04087034985423088
        ],
        [
            0.06829061359167099,
            0.052255336195230484,
            -0.04166325926780701
        ],
        [
            0.07435014843940735,
            0.05251248925924301,
            -0.03344050049781799
        ],
        [
            0.06056755781173706,
            0.06919242441654205,
            -0.04255906119942665
        ],
        [
            0.06591740250587463,
            0.06272154301404953,
            -0.03727412223815918
        ],
        [
            0.061737723648548126,
            0.05895751714706421,
            -0.04267585277557373
        ],
        [
            0.056613802909851074,
            0.06504262238740921,
            -0.04544785991311073
        ],
        [
            0.07854660600423813,
            0.0644385814666748,
            -0.01685802824795246
        ],
        [
            0.08312685042619705,
            0.05387178808450699,
            -0.014611069113016129
        ],
        [
            0.07923869043588638,
            0.05373132973909378,
            -0.02006840892136097
        ],
        [
            0.07403187453746796,
            0.06483776867389679,
            -0.024195881560444832
        ],
        [
            0.09291709959506989,
            0.05708013102412224,
            -0.004896445199847221
        ],
        [
            0.08728926628828049,
            0.06717148423194885,
            -0.007668633945286274
        ],
        [
            0.09345696866512299,
            0.06790293753147125,
            -0.0017745145596563816
        ],
        [
            0.09713148325681686,
            0.06070889160037041,
            -0.0014334977604448795
        ],
        [
            0.07529617846012115,
            0.08268216252326965,
            -0.014131741598248482
        ],
        [
            0.07122736424207687,
            0.08839109539985657,
            -0.014832329005002975
        ],
        [
            0.0738428458571434,
            0.08975902199745178,
            -0.01293584331870079
        ],
        [
            0.0776011273264885,
            0.0831591933965683,
            -0.011128361336886883
        ],
        [
            0.10903632640838623,
            0.0047984495759010315,
            0.03680913895368576
        ],
        [
            0.11522913724184036,
            0.004155777394771576,
            0.029184207320213318
        ],
        [
            0.08715825527906418,
            0.06377580761909485,
            0.02542296051979065
        ],
        [
            0.09820806980133057,
            0.062290363013744354,
            0.026251336559653282
        ],
        [
            0.09519649296998978,
            0.07543809711933136,
            0.025942362844944
        ],
        [
            0.08398803323507309,
            0.07341691106557846,
            0.025213222950696945
        ],
        [
            0.0916535034775734,
            0.014714382588863373,
            0.032501544803380966
        ],
        [
            0.09608083963394165,
            0.009417280554771423,
            0.03624246269464493
        ],
        [
            0.044717270880937576,
            0.11381515860557556,
            -0.03678547218441963
        ],
        [
            0.043651387095451355,
            0.10829035192728043,
            -0.03496716916561127
        ],
        [
            0.0768737643957138,
            -0.004038650542497635,
            -0.03563015162944794
        ],
        [
            0.07213455438613892,
            0.0024813897907733917,
            -0.05414741858839989
        ],
        [
            0.0795523151755333,
            -0.008325695991516113,
            -0.023536089807748795
        ],
        [
            0.08062750101089478,
            -0.01246693730354309,
            -0.015433430671691895
        ],
        [
            0.08195658773183823,
            -0.01888270676136017,
            -0.01061955839395523
        ],
        [
            0.06738650053739548,
            0.06812895089387894,
            -0.0335511676967144
        ],
        [
            0.07871321588754654,
            0.05000443011522293,
            -0.025122009217739105
        ],
        [
            0.08996759355068207,
            0.04407872259616852,
            -0.01152426190674305
        ],
        [
            0.11093389987945557,
            0.055638089776039124,
            0.007882984355092049
        ],
        [
            0.1153174340724945,
            0.046016838401556015,
            0.009073874913156033
        ],
        [
            0.1089199036359787,
            0.046561188995838165,
            0.0005442891269922256
        ],
        [
            0.10593529790639877,
            0.05478808656334877,
            0.001682095229625702
        ],
        [
            0.10645833611488342,
            0.06428148597478867,
            0.021401112899184227
        ],
        [
            0.10798634588718414,
            0.06579451262950897,
            0.013648251071572304
        ],
        [
            0.1041993498802185,
            0.07466375827789307,
            0.0134538933634758
        ],
        [
            0.10264823585748672,
            0.07496228069067001,
            0.021026745438575745
        ],
        [
            0.06027274951338768,
            0.020419225096702576,
            -0.06096259132027626
        ],
        [
            0.058665864169597626,
            0.015927817672491074,
            -0.04827985167503357
        ],
        [
            0.1174769252538681,
            0.018449507653713226,
            0.020977549254894257
        ],
        [
            0.11812494695186615,
            0.010730654001235962,
            0.020341552793979645
        ],
        [
            0.11847865581512451,
            0.0025318339467048645,
            0.02231294848024845
        ],
        [
            0.10371672362089157,
            0.026838116347789764,
            -0.009575989097356796
        ],
        [
            0.1095552146434784,
            0.014045752584934235,
            -0.007954556494951248
        ],
        [
            0.10749083757400513,
            0.013681165874004364,
            -0.012156659737229347
        ],
        [
            0.10113443434238434,
            0.026950523257255554,
            -0.011906967498362064
        ],
        [
            0.09391333162784576,
            0.029501963406801224,
            -0.030495062470436096
        ],
        [
            0.10157550871372223,
            0.017767272889614105,
            -0.028219643980264664
        ],
        [
            0.0896473154425621,
            0.03043482080101967,
            -0.042977429926395416
        ],
        [
            0.10717873275279999,
            -0.0011013597249984741,
            -0.008149322122335434
        ],
        [
            0.11294862627983093,
            -0.006555117666721344,
            -0.00044416263699531555
        ],
        [
            0.10761880874633789,
            -0.010661639273166656,
            -0.006214981898665428
        ],
        [
            0.11704041063785553,
            -0.0029380545020103455,
            0.007705952972173691
        ],
        [
            0.11934113502502441,
            0.0003596842288970947,
            0.01567794755101204
        ],
        [
            0.09810414910316467,
            0.002857774496078491,
            0.04125267639756203
        ],
        [
            0.10107707977294922,
            -0.013856075704097748,
            -0.01057000644505024
        ],
        [
            0.08571937680244446,
            0.021029360592365265,
            -0.06227785348892212
        ],
        [
            0.08256448805332184,
            0.023363541811704636,
            -0.06778042018413544
        ],
        [
            0.0803665816783905,
            0.028823617845773697,
            -0.06302211433649063
        ],
        [
            0.08237388730049133,
            0.027450287714600563,
            -0.057906024158000946
        ],
        [
            0.0432831309735775,
            0.06415669620037079,
            -0.042197324335575104
        ],
        [
            0.050210654735565186,
            0.06448891013860703,
            -0.04622884839773178
        ],
        [
            0.05518190935254097,
            0.054839033633470535,
            -0.04570658877491951
        ],
        [
            0.1137191653251648,
            0.029393523931503296,
            -0.00157172791659832
        ],
        [
            0.1189354658126831,
            0.030211560428142548,
            0.009907374158501625
        ],
        [
            0.061834901571273804,
            0.07408057153224945,
            -0.038378309458494186
        ],
        [
            0.04131205752491951,
            0.10219161212444305,
            -0.039275284856557846
        ],
        [
            0.04379202052950859,
            0.10114140063524246,
            -0.044526033103466034
        ],
        [
            0.04290449619293213,
            0.08243511617183685,
            -0.04351160302758217
        ],
        [
            0.039701104164123535,
            0.08419923484325409,
            -0.037759751081466675
        ],
        [
            0.05788390710949898,
            0.08235225826501846,
            -0.03221360594034195
        ],
        [
            0.0602579191327095,
            0.07851473987102509,
            -0.03734079748392105
        ],
        [
            0.059550780802965164,
            0.08112359791994095,
            -0.03574047237634659
        ],
        [
            0.05918373167514801,
            0.08486024290323257,
            -0.030383657664060593
        ],
        [
            0.08039333671331406,
            0.0889173150062561,
            -0.006438801065087318
        ],
        [
            0.0837571769952774,
            0.08308593928813934,
            -0.0048987045884132385
        ],
        [
            0.04663069546222687,
            0.07249391824007034,
            -0.01754337176680565
        ],
        [
            0.03886023163795471,
            0.0649687647819519,
            -0.025332601740956306
        ],
        [
            0.04349319636821747,
            0.053822435438632965,
            -0.022902915254235268
        ],
        [
            0.0834856778383255,
            0.06515298038721085,
            -0.01131347380578518
        ],
        [
            0.07983247935771942,
            0.07490234076976776,
            -0.012733766809105873
        ],
        [
            0.08237326145172119,
            0.0757584422826767,
            -0.009502233937382698
        ],
        [
            0.06697095930576324,
            0.07245206087827682,
            -0.03130767494440079
        ],
        [
            0.06264432519674301,
            0.0776248574256897,
            -0.03353079408407211
        ],
        [
            0.06524521857500076,
            0.07781469076871872,
            -0.029069984331727028
        ],
        [
            0.06985858827829361,
            0.07265958935022354,
            -0.026376139372587204
        ],
        [
            0.10097137093544006,
            0.049439024180173874,
            0.028016749769449234
        ],
        [
            0.11091549694538116,
            0.051906973123550415,
            0.02259436435997486
        ],
        [
            0.05153370648622513,
            0.10852967202663422,
            -0.048047974705696106
        ],
        [
            0.04972497373819351,
            0.10459573566913605,
            -0.04753280431032181
        ],
        [
            0.08786457777023315,
            0.05477447435259819,
            -0.009216293692588806
        ],
        [
            0.050249937921762466,
            0.04116417467594147,
            -0.019383814185857773
        ],
        [
            0.09366066753864288,
            0.0450846403837204,
            -0.007528604008257389
        ],
        [
            0.07385051995515823,
            0.08382131159305573,
            0.01201075129210949
        ],
        [
            0.08003212511539459,
            0.08743933588266373,
            0.010025333613157272
        ],
        [
            0.07867228984832764,
            0.09229420125484467,
            0.0062888385728001595
        ],
        [
            0.07293345779180527,
            0.09191615134477615,
            0.007941349409520626
        ],
        [
            0.05891018733382225,
            0.10013094544410706,
            -0.03046572394669056
        ],
        [
            0.060953862965106964,
            0.09968414902687073,
            -0.035795893520116806
        ],
        [
            0.060798827558755875,
            0.10415054857730865,
            -0.0362553745508194
        ],
        [
            0.05869075283408165,
            0.10543759167194366,
            -0.031005149707198143
        ],
        [
            0.05860484391450882,
            0.07596015185117722,
            -0.04222038760781288
        ],
        [
            0.054453276097774506,
            0.07298548519611359,
            -0.04610474407672882
        ],
        [
            0.0545058511197567,
            0.080207459628582,
            -0.045269161462783813
        ],
        [
            0.057928554713726044,
            0.08104163408279419,
            -0.04056807607412338
        ],
        [
            0.04816615208983421,
            0.07346831262111664,
            -0.046032924205064774
        ],
        [
            0.048356685787439346,
            0.08070941269397736,
            -0.046077921986579895
        ],
        [
            0.053379256278276443,
            0.10116960853338242,
            -0.027226878330111504
        ],
        [
            0.04601581394672394,
            0.10231328010559082,
            -0.02825962007045746
        ],
        [
            0.04542435705661774,
            0.08641748130321503,
            -0.025721576064825058
        ],
        [
            0.053355541080236435,
            0.087791308760643,
            -0.026316950097680092
        ],
        [
            0.07678142935037613,
            0.03308352082967758,
            0.020087305456399918
        ],
        [
            0.08574806153774261,
            0.035335324704647064,
            0.0262694600969553
        ],
        [
            0.08278145641088486,
            0.04960152506828308,
            0.02291676215827465
        ],
        [
            0.07932241261005402,
            0.06368593871593475,
            0.020836444571614265
        ],
        [
            0.0760432556271553,
            0.07683305442333221,
            0.017421001568436623
        ],
        [
            0.06540700048208237,
            0.0746011734008789,
            0.011920521035790443
        ],
        [
            0.08981139957904816,
            0.04981522634625435,
            0.026978682726621628
        ],
        [
            0.053055793046951294,
            0.08291922509670258,
            -0.02589244209229946
        ],
        [
            0.045236632227897644,
            0.07704010605812073,
            -0.02454236149787903
        ],
        [
            0.04866770654916763,
            0.0796518623828888,
            -0.021874796599149704
        ],
        [
            0.09943708777427673,
            0.04752939194440842,
            -0.003522557206451893
        ],
        [
            0.04840286448597908,
            0.09982229769229889,
            -0.04704439640045166
        ],
        [
            0.07054275274276733,
            -0.006740212440490723,
            0.0031489133834838867
        ],
        [
            0.07281164824962616,
            -0.0016238763928413391,
            0.01474594883620739
        ],
        [
            0.06989742815494537,
            0.005262300372123718,
            0.010122150182723999
        ],
        [
            0.06817133724689484,
            -0.0001734122633934021,
            -0.0028706341981887817
        ],
        [
            0.05922788381576538,
            0.0989212840795517,
            -0.04235207661986351
        ],
        [
            0.054702527821063995,
            0.0989077091217041,
            -0.04681196063756943
        ],
        [
            0.08739723265171051,
            0.08610953390598297,
            -5.201296880841255e-05
        ],
        [
            0.08334064483642578,
            0.09083054214715958,
            -0.00193194136954844
        ],
        [
            0.08281045407056808,
            0.0930064395070076,
            0.001154446741566062
        ],
        [
            0.0884709507226944,
            0.09068135917186737,
            0.0035836640745401382
        ],
        [
            0.09104365110397339,
            0.03512438386678696,
            0.028898801654577255
        ],
        [
            0.0932200625538826,
            0.08411900699138641,
            0.02389414794743061
        ],
        [
            0.08374165743589401,
            0.0817880854010582,
            0.023890670388936996
        ],
        [
            0.08798980712890625,
            0.02275397628545761,
            0.02899567410349846
        ],
        [
            0.07979273051023483,
            0.02063024789094925,
            0.024132298305630684
        ],
        [
            0.08237096667289734,
            0.01185406744480133,
            0.027467548847198486
        ],
        [
            0.05672009289264679,
            0.07832619547843933,
            -0.00021319743245840073
        ],
        [
            0.0703069195151329,
            0.03336388245224953,
            0.014364227652549744
        ],
        [
            0.07448691874742508,
            0.02016952633857727,
            0.018665021285414696
        ],
        [
            0.07732253521680832,
            0.009639695286750793,
            0.022391734644770622
        ],
        [
            0.07931337505578995,
            0.0023360997438430786,
            0.025954242795705795
        ],
        [
            0.08477863669395447,
            0.005522213876247406,
            0.031051605939865112
        ],
        [
            0.04271887615323067,
            0.10284101217985153,
            -0.03307429701089859
        ],
        [
            0.047147154808044434,
            0.10866360366344452,
            -0.029378926381468773
        ],
        [
            0.08651426434516907,
            -0.0016075000166893005,
            0.03642209619283676
        ],
        [
            0.08075413852930069,
            -0.004938237369060516,
            0.029983634129166603
        ],
        [
            0.06901665031909943,
            0.018679648637771606,
            0.011480912566184998
        ],
        [
            0.06380461156368256,
            0.01676648110151291,
            0.002162415534257889
        ],
        [
            0.06536738574504852,
            0.03156820684671402,
            0.007501386106014252
        ],
        [
            0.05952897667884827,
            0.030678514391183853,
            -0.0021659303456544876
        ],
        [
            0.048545606434345245,
            0.0727846771478653,
            -0.004270562902092934
        ],
        [
            0.05613096058368683,
            0.12421669811010361,
            -0.032619934529066086
        ],
        [
            0.05343175306916237,
            0.11353316903114319,
            -0.029139265418052673
        ],
        [
            0.058369603008031845,
            0.11105994880199432,
            -0.03110094554722309
        ],
        [
            0.06003696098923683,
            0.12220059335231781,
            -0.032014310359954834
        ],
        [
            0.05370745062828064,
            0.10701679438352585,
            -0.028209850192070007
        ],
        [
            0.048107169568538666,
            0.11421897262334824,
            -0.03115217015147209
        ],
        [
            0.056398432701826096,
            0.02704203873872757,
            -0.015662048012018204
        ],
        [
            0.061207305639982224,
            0.08340055495500565,
            -0.029935002326965332
        ],
        [
            0.06322131305932999,
            0.011239252984523773,
            -0.013324029743671417
        ],
        [
            0.05282773822546005,
            0.0257037915289402,
            -0.032981157302856445
        ],
        [
            0.05970289930701256,
            0.013795927166938782,
            -0.03207281231880188
        ],
        [
            0.07039523124694824,
            -0.004906997084617615,
            -0.013245407491922379
        ],
        [
            0.06764154136180878,
            0.0002610012888908386,
            -0.027108777314424515
        ],
        [
            0.07504706084728241,
            -0.016791433095932007,
            -0.002771802246570587
        ],
        [
            0.07246259599924088,
            -0.009977765381336212,
            -0.006965041160583496
        ],
        [
            0.06489205360412598,
            0.004080932587385178,
            -0.04264780133962631
        ],
        [
