{
    "pred_cam": [
        6.477725028991699,
        -0.16687911748886108,
        -0.022518813610076904
    ],
    "pred_mano_params": {
        "global_orient": [
            [
                [
                    -0.5108323097229004,
                    -0.8373237252235413,
                    0.19478020071983337
                ],
                [
                    0.16875633597373962,
                    -0.31983378529548645,
                    -0.9323237538337708
                ],
                [
                    0.8429540991783142,
                    -0.4433906674385071,
                    0.304685115814209
                ]
            ]
        ],
        "hand_pose": [
            [
                [
                    0.7335861921310425,
                    -0.6364816427230835,
                    -0.2382064163684845
                ],
                [
                    0.6213480830192566,
                    0.7701379656791687,
                    -0.1442708671092987
                ],
                [
                    0.2752775549888611,
                    -0.042173974215984344,
                    0.9604392051696777
                ]
            ],
            [
                [
                    0.9444075226783752,
                    -0.2984851598739624,
                    0.1378440260887146
                ],
                [
                    0.3264167904853821,
                    0.9013869166374207,
                    -0.28452354669570923
                ],
                [
                    -0.03932474926114082,
                    0.313700795173645,
                    0.9487071633338928
                ]
            ],
            [
                [
                    0.853633463382721,
                    -0.5101178288459778,
                    0.10530775785446167
                ],
                [
                    0.48865023255348206,
                    0.8542929887771606,
                    0.1772131472826004
                ],
                [
                    -0.180363267660141,
                    -0.09981641173362732,
                    0.9785223007202148
                ]
            ],
            [
                [
                    0.5581636428833008,
                    -0.8042300343513489,
                    -0.2041264772415161
                ],
                [
                    0.8184217214584351,
                    0.5741148591041565,
                    -0.024040164425969124
                ],
                [
                    0.13652588427066803,
                    -0.15364320576190948,
                    0.978649377822876
                ]
            ],
            [
                [
                    0.9961901903152466,
                    -0.07098928838968277,
                    -0.050651732832193375
                ],
                [
                    0.08065777271986008,
                    0.9708635210990906,
                    0.22565126419067383
                ],
                [
                    0.0331570990383625,
                    -0.22887703776359558,
                    0.9728905558586121
                ]
            ],
            [
                [
                    0.8937515020370483,
                    -0.44735535979270935,
                    0.03288479149341583
                ],
                [
                    0.4476107954978943,
                    0.8942283391952515,
                    -0.0004572495527099818
                ],
                [
                    -0.029201960191130638,
                    0.015128257684409618,
                    0.9994590282440186
                ]
            ],
            [
                [
                    0.5939841270446777,
                    -0.791383683681488,
                    0.14454983174800873
                ],
                [
                    0.6593860387802124,
                    0.5818673968315125,
                    0.47606754302978516
                ],
                [
                    -0.460860937833786,
                    -0.1874624490737915,
                    0.8674473166465759
                ]
            ],
            [
                [
                    0.9775453209877014,
                    -0.16977132856845856,
                    -0.12483128905296326
                ],
                [
                    0.17355728149414062,
                    0.9846200942993164,
                    0.020025944337248802
                ],
                [
                    0.11951157450675964,
                    -0.04124164953827858,
                    0.9919758439064026
                ]
            ],
            [
                [
                    0.9816484451293945,
                    -0.19069692492485046,
                    0.0009988393867388368
                ],
                [
                    0.16796031594276428,
                    0.8670639991760254,
                    0.4690302312374115
                ],
                [
                    -0.09030869603157043,
                    -0.4602550268173218,
                    0.8831815719604492
                ]
            ],
            [
                [
                    0.6677438020706177,
                    -0.7412000894546509,
                    0.06885313242673874
                ],
                [
                    0.7435829639434814,
                    0.6684684157371521,
                    -0.015308190137147903
                ],
                [
                    -0.03467971459031105,
                    0.06141996011137962,
                    0.9975094199180603
                ]
            ],
            [
                [
                    0.9846571683883667,
                    -0.1744958609342575,
                    0.00122257717885077
                ],
                [
                    0.15811440348625183,
                    0.8951390385627747,
                    0.4168044328689575
                ],
                [
                    -0.07382501661777496,
                    -0.4102161228656769,
                    0.9089953899383545
                ]
            ],
            [
                [
                    0.787833034992218,
                    -0.6075155138969421,
                    -0.10121213644742966
                ],
                [
                    0.6139621138572693,
                    0.7617025971412659,
                    0.20702579617500305
                ],
                [
                    -0.04867783933877945,
                    -0.22524219751358032,
                    0.9730859994888306
                ]
            ],
            [
                [
                    0.9349170923233032,
                    -0.19867831468582153,
                    -0.29403582215309143
                ],
                [
                    -0.1747722029685974,
                    0.46333426237106323,
                    -0.8687785267829895
                ],
                [
                    0.30884429812431335,
                    0.8636251091957092,
                    0.3984556794166565
                ]
            ],
            [
                [
                    0.8254087567329407,
                    -0.5401518940925598,
                    -0.16412267088890076
                ],
                [
                    0.547187864780426,
                    0.6939727663993835,
                    0.46796080470085144
                ],
                [
                    -0.13887327909469604,
                    -0.47606492042541504,
                    0.8683757781982422
                ]
            ],
            [
                [
                    0.8944075107574463,
                    0.32491937279701233,
                    -0.3073475658893585
                ],
                [
                    -0.3896481990814209,
                    0.9034363031387329,
                    -0.17882145941257477
                ],
                [
                    0.21956640481948853,
                    0.2796967029571533,
                    0.9346444606781006
                ]
            ]
        ],
        "betas": [
            -0.03431594371795654,
            -0.169182687997818,
            -0.11247724294662476,
            -0.018012136220932007,
            0.0213298499584198,
            -0.018234234303236008,
            0.015712231397628784,
            -0.029518216848373413,
            0.014429569244384766,
            -0.005096495151519775
        ]
    },
    "pred_cam_t": [
        -0.16687911748886108,
        -0.022518813610076904,
        6.030280590057373
    ],
    "focal_length": [
        5000.0,
        5000.0
    ],
    "pred_keypoints_3d": [
        [
            0.09595134854316711,
            0.006407447624951601,
            0.006243099924176931
        ],
        [
            0.12624846398830414,
            -0.016747720539569855,
            0.000680574681609869
        ],
        [
            0.15415211021900177,
            -0.019511351361870766,
            -0.012181703001260757
        ],
        [
            0.17760014533996582,
            -0.011789605021476746,
            -0.02355160377919674
        ],
        [
            0.20327480137348175,
            -0.0037673823535442352,
            -0.048253923654556274
        ],
        [
            0.14935891330242157,
            -0.0259532630443573,
            -0.059561315923929214
        ],
        [
            0.17659297585487366,
            -0.018308356404304504,
            -0.07679455727338791
        ],
        [
            0.19689248502254486,
            -0.00913241133093834,
            -0.07803919911384583
        ],
        [
            0.217211052775383,
            0.0012964904308319092,
            -0.06816963106393814
        ],
        [
            0.1450059413909912,
            -0.005872528534382582,
            -0.07405131310224533
        ],
        [
            0.1726028323173523,
            0.008237987756729126,
            -0.0812530368566513
        ],
        [
            0.19301943480968475,
            0.01966138184070587,
            -0.08129929006099701
        ],
        [
            0.21561473608016968,
            0.030341247096657753,
            -0.07453380525112152
        ],
        [
            0.13593897223472595,
            0.018756074830889702,
            -0.06921455264091492
        ],
        [
            0.16231919825077057,
            0.025199422612786293,
            -0.0793326199054718
        ],
        [
            0.18531757593154907,
            0.034768734127283096,
            -0.07848756015300751
        ],
        [
            0.2058379352092743,
            0.04283928871154785,
            -0.06566645205020905
        ],
        [
            0.13112354278564453,
            0.038234271109104156,
            -0.060738515108823776
        ],
        [
            0.15111562609672546,
            0.044503115117549896,
            -0.06421232968568802
        ],
        [
            0.16868816316127777,
            0.05192316323518753,
            -0.0636836364865303
        ],
        [
            0.1879115253686905,
            0.05753665789961815,
            -0.05662601813673973
        ]
    ],
    "pred_vertices": [
        [
            0.13795417547225952,
            -0.010833746753633022,
            -0.023342274129390717
        ],
        [
            0.13265164196491241,
            -0.007221653126180172,
            -0.013684842735528946
        ],
        [
            0.14030495285987854,
            -0.0096468236297369,
            -0.01642509177327156
        ],
        [
            0.144484281539917,
            -0.01559747476130724,
            -0.024953212589025497
        ],
        [
            0.1403457522392273,
            -0.003716910257935524,
            0.0043364018201828
        ],
        [
            0.14151911437511444,
            -0.012206772342324257,
            0.013303153216838837
        ],
        [
            0.1552828848361969,
            -0.013595457188785076,
            0.0030164308845996857
        ],
        [
            0.15180516242980957,
            -0.004726609215140343,
            -0.0018426552414894104
        ],
        [
            0.14871327579021454,
            -0.01905800774693489,
            -0.027362745255231857
        ],
        [
            0.14701417088508606,
            -0.011203907430171967,
            -0.018662918359041214
        ],
        [
            0.14846695959568024,
            -0.02010328881442547,
            -0.0283254012465477
        ],
        [
            0.14471621811389923,
            -0.031650856137275696,
            -0.03879109397530556
        ],
        [
            0.14814303815364838,
            -0.02687988430261612,
            -0.03617794066667557
        ],
        [
            0.14438416063785553,
            -0.0353451669216156,
            -0.046889547258615494
        ],
        [
            0.13500988483428955,
            -0.035353437066078186,
            -0.03724542260169983
        ],
        [
            0.13638411462306976,
            -0.03578871488571167,
            -0.05208538845181465
        ],
        [
            0.11342161893844604,
            -0.019007686525583267,
            -0.043656911700963974
        ],
        [
            0.10836365818977356,
            -0.006451952271163464,
            -0.04486163333058357
        ],
        [
            0.1170472800731659,
            -0.0072305286303162575,
            -0.06025674194097519
        ],
        [
            0.12208221107721329,
            -0.0196045134216547,
            -0.057034932076931
        ],
        [
            0.11123791337013245,
            0.012132289819419384,
            -0.054679952561855316
        ],
        [
            0.11482594907283783,
            0.0014666684437543154,
            -0.058493513613939285
        ],
        [
            0.10507631301879883,
            0.001881653442978859,
            -0.04390687495470047
        ],
        [
            0.10255827009677887,
            0.011419203132390976,
            -0.041149068623781204
        ],
        [
            0.1292789876461029,
            0.0014763707295060158,
            -0.021329369395971298
        ],
        [
            0.12426194548606873,
            0.003900976851582527,
            -0.011769048869609833
        ],
        [
            0.12600940465927124,
            -0.0014241188764572144,
            -0.012409474700689316
        ],
        [
            0.13147534430027008,
            -0.0035080723464488983,
            -0.021431289613246918
        ],
        [
            0.1558191180229187,
            -0.02161935158073902,
            -0.02464110776782036
        ],
        [
            0.1431828737258911,
            -0.03170902281999588,
            -0.022916801273822784
        ],
        [
            0.14515963196754456,
            -0.02685907855629921,
            -0.028027936816215515
        ],
        [
            0.15632914006710052,
            -0.0161896999925375,
            -0.02456013113260269
        ],
        [
            0.11573363840579987,
            0.01931794360280037,
            0.011275984346866608
        ],
        [
            0.10505828261375427,
            0.01719599775969982,
            0.01931462436914444
        ],
        [
            0.10605102777481079,
            0.011400619521737099,
            0.02026229351758957
        ],
        [
            0.1151854395866394,
            0.014327118173241615,
            0.012501850724220276
        ],
        [
            0.12011771649122238,
            -0.006640192121267319,
            0.021984294056892395
        ],
        [
            0.10942195355892181,
            -0.00617619976401329,
            0.02458474040031433
        ],
        [
            0.10208097100257874,
            -0.01690780557692051,
            0.02706269919872284
        ],
        [
            0.11188564449548721,
            -0.020160868763923645,
            0.02262706309556961
        ],
        [
            0.13149327039718628,
            -0.009299976751208305,
            0.018173836171627045
        ],
        [
            0.12616097927093506,
            -0.021453510969877243,
            0.020336009562015533
        ],
        [
            0.13949435949325562,
            -0.023379310965538025,
            0.014318481087684631
        ],
        [
            0.15587350726127625,
            -0.02281440980732441,
            0.0028697289526462555
        ],
        [
            0.10028354823589325,
            0.02860424853861332,
            0.015916593372821808
        ],
        [
            0.10779762268066406,
            0.032009974122047424,
            0.009850896894931793
        ],
        [
            0.18404501676559448,
            -0.017996137961745262,
            -0.06705328822135925
        ],
        [
            0.18296292424201965,
            -0.012243394739925861,
            -0.0678231418132782
        ],
        [
            0.1787850558757782,
            -0.014031639322638512,
            -0.0652572438120842
        ],
        [
            0.1806468665599823,
            -0.019489647820591927,
            -0.06536705046892166
        ],
        [
            0.08938479423522949,
            0.034648649394512177,
            -1.8253922462463379e-06
        ],
        [
            0.08205228298902512,
            0.03034871444106102,
            -0.005371592938899994
        ],
        [
            0.07920245826244354,
            0.03204350173473358,
            0.0011328235268592834
        ],
        [
            0.08625885844230652,
            0.03426939994096756,
            0.006896257400512695
        ],
        [
            0.09355414658784866,
            0.035089097917079926,
            -0.00909818708896637
        ],
        [
            0.08659814298152924,
            0.027745209634304047,
            -0.014036156237125397
        ],
        [
            0.1834428459405899,
            -0.024104222655296326,
            -0.07822532951831818
        ],
        [
            0.1849682480096817,
            -0.024304214864969254,
            -0.0733090341091156
        ],
        [
            0.18019576370716095,
            -0.02627413347363472,
            -0.07290767133235931
        ],
        [
            0.1776220202445984,
            -0.02545498125255108,
            -0.07737874984741211
        ],
        [
            0.14768438041210175,
            -0.020957855507731438,
            -0.03333241865038872
        ],
        [
            0.14350438117980957,
            -0.013362318277359009,
            -0.03143790364265442
        ],
        [
            0.1542711853981018,
            -0.022930976003408432,
            -0.04838564246892929
        ],
        [
            0.14941953122615814,
            -0.018690820783376694,
            -0.04290829971432686
        ],
        [
            0.14988715946674347,
            -0.02539242058992386,
            -0.04127052426338196
        ],
        [
            0.15316611528396606,
            -0.02867809310555458,
            -0.04681314527988434
        ],
        [
            0.13895273208618164,
            0.0024520265869796276,
            -0.04205555468797684
        ],
        [
            0.13315361738204956,
            0.003195604309439659,
            -0.03191729262471199
        ],
        [
            0.13592520356178284,
            -0.002749900333583355,
            -0.03265544772148132
        ],
        [
            0.1433810144662857,
            -0.0048978812992572784,
            -0.04306710511445999
        ],
        [
            0.1305861920118332,
            0.017065176740288734,
            -0.030995488166809082
        ],
        [
            0.1360539346933365,
            0.015050893649458885,
            -0.0412818118929863
        ],
        [
            0.13387511670589447,
            0.02311582863330841,
            -0.039500169456005096
        ],
        [
            0.13125239312648773,
            0.023439165204763412,
            -0.03204607963562012
        ],
        [
            0.14504508674144745,
            0.00806109607219696,
            -0.058225326240062714
        ],
        [
            0.14725439250469208,
            0.006674147676676512,
            -0.06331333518028259
        ],
        [
            0.14832822978496552,
            0.010716204531490803,
            -0.06365671753883362
        ],
        [
            0.14409691095352173,
            0.011668701656162739,
            -0.057741567492485046
        ],
        [
            0.07554882764816284,
            0.032923996448516846,
            0.0071691349148750305
        ],
        [
            0.08313494920730591,
            0.032944560050964355,
            0.013370916247367859
        ],
        [
            0.10879980027675629,
            0.03289013355970383,
            -0.048306696116924286
        ],
        [
            0.11088227480649948,
            0.04042752832174301,
            -0.04036128520965576
        ],
        [
            0.11788712441921234,
            0.04286009445786476,
            -0.051167070865631104
        ],
        [
            0.11337864398956299,
            0.03406525403261185,
            -0.05763373151421547
        ],
        [
            0.0786224901676178,
            0.02150903269648552,
            -0.00949127972126007
        ],
        [
            0.07432499527931213,
            0.024847442284226418,
            -0.0038344934582710266
        ],
        [
            0.18124960362911224,
            -0.02017970383167267,
            -0.08248656243085861
        ],
        [
            0.17523342370986938,
            -0.021162953227758408,
            -0.08072064071893692
        ],
        [
            0.13030369579792023,
            -0.032613422721624374,
            0.009962517768144608
        ],
        [
            0.15196506679058075,
            -0.03097546473145485,
            -0.0009468197822570801
        ],
        [
            0.11360851675271988,
            -0.02946079894900322,
            0.015618935227394104
        ],
        [
            0.10192468017339706,
            -0.025833990424871445,
            0.017753757536411285
        ],
        [
            0.09335144609212875,
            -0.02357833832502365,
            0.021772153675556183
        ],
        [
            0.14977099001407623,
            -0.013650882989168167,
            -0.047063104808330536
        ],
        [
            0.13735303282737732,
            -0.007041659206151962,
            -0.02886512130498886
        ],
        [
            0.12782762944698334,
            0.006364964880049229,
            -0.021150656044483185
        ],
        [
            0.12591402232646942,
            0.03702649846673012,
            -0.022450555115938187
        ],
        [
            0.12139134854078293,
            0.03738301247358322,
            -0.012972936034202576
        ],
        [
            0.12623858451843262,
            0.02806715853512287,
            -0.014868803322315216
        ],
        [
            0.12868550419807434,
            0.029516903683543205,
            -0.023110099136829376
        ],
        [
            0.11843837797641754,
            0.04447197541594505,
            -0.03524142503738403
        ],
        [
            0.12565289437770844,
            0.04179614782333374,
            -0.033096492290496826
        ],
        [
            0.12922178208827972,
            0.0417417548596859,
            -0.04073923081159592
        ],
        [
            0.12341117858886719,
            0.045093197375535965,
            -0.04432721808552742
        ],
        [
            0.15878541767597198,
            -0.027798471972346306,
            -0.02174510434269905
        ],
        [
            0.14283262193202972,
            -0.035729870200157166,
            -0.016979672014713287
        ],
        [
            0.09803644567728043,
            0.03545837849378586,
            0.006061293184757233
        ],
        [
            0.09456560760736465,
            0.032671742141246796,
            0.012504935264587402
        ],
        [
            0.08865956962108612,
            0.030866635963320732,
            0.018386483192443848
        ],
        [
            0.12065526843070984,
            0.010375041514635086,
            0.0006300583481788635
        ],
        [
            0.11492571234703064,
            0.010820536874234676,
            0.01350780576467514
        ],
        [
            0.11665719747543335,
            0.006687073037028313,
            0.014032013714313507
        ],
        [
            0.12033865600824356,
            0.006769746541976929,
            0.00027852505445480347
        ],
        [
            0.12974518537521362,
            -0.0019682608544826508,
            -0.0029634833335876465
        ],
        [
            0.12894688546657562,
            -0.0010464955121278763,
            0.010098159313201904
        ],
        [
            0.1389661580324173,
            -0.0023864563554525375,
            -0.007488947361707687
        ],
        [
            0.10655173659324646,
            0.0035973098129034042,
            0.022998087108135223
        ],
        [
            0.0994735136628151,
            0.01047241035848856,
            0.028107687830924988
        ],
        [
            0.10012047737836838,
            0.001694636419415474,
            0.029550284147262573
        ],
        [
            0.09650024771690369,
            0.01946321129798889,
            0.025616027414798737
        ],
        [
            0.09292832016944885,
            0.026914279907941818,
            0.022338218986988068
        ],
        [
            0.06751597672700882,
            0.026683345437049866,
            0.0009654536843299866
        ],
        [
            0.10021078586578369,
            -0.006622780114412308,
            0.02936430275440216
        ],
        [
            0.1599593162536621,
            -0.006977207027375698,
            -0.0063436031341552734
        ],
        [
            0.16759876906871796,
            -0.007903249934315681,
            -0.0100584477186203
        ],
        [
            0.16282397508621216,
            -0.005662586539983749,
            -0.01556817814707756
        ],
        [
            0.15513230860233307,
            -0.0049613406881690025,
            -0.012877069413661957
        ],
        [
            0.14756421744823456,
            -0.036408353596925735,
            -0.05539558455348015
        ],
        [
            0.15202105045318604,
            -0.03343486785888672,
            -0.049840979278087616
        ],
        [
            0.1483149379491806,
            -0.03181031718850136,
            -0.042010821402072906
        ],
        [
            0.12033534049987793,
            0.024025186896324158,
            0.0016189441084861755
        ],
        [
            0.11354877054691315,
            0.03465098887681961,
            0.0009918585419654846
        ],
        [
            0.15444602072238922,
            -0.017860764637589455,
            -0.05247887223958969
        ],
        [
            0.17257362604141235,
            -0.026991581544280052,
            -0.07722015678882599
        ],
        [
            0.17529278993606567,
            -0.02824271470308304,
            -0.07210766524076462
        ],
        [
            0.1597660481929779,
            -0.0337936095893383,
            -0.06368298083543777
        ],
        [
            0.15709592401981354,
            -0.03236325457692146,
            -0.06991437822580338
        ],
        [
            0.15481187403202057,
            -0.014732739888131618,
            -0.062133848667144775
        ],
        [
            0.15631474554538727,
            -0.017200909554958344,
            -0.05563401058316231
        ],
        [
            0.1571570336818695,
            -0.016359196975827217,
            -0.05771079659461975
        ],
        [
            0.15675553679466248,
            -0.012429770082235336,
            -0.06299172341823578
        ],
        [
            0.1449892669916153,
            0.018871191889047623,
            -0.06057267636060715
        ],
        [
            0.14139217138290405,
            0.01945655047893524,
            -0.0550948902964592
        ],
        [
            0.13370159268379211,
            -0.018229475244879723,
            -0.068232461810112
        ],
        [
            0.13359801471233368,
            -0.031469207257032394,
            -0.06568975746631622
        ],
        [
            0.12700051069259644,
            -0.030447566881775856,
            -0.05469653010368347
        ],
        [
            0.13659709692001343,
            0.009470051154494286,
            -0.041122354567050934
        ],
        [
            0.14154286682605743,
            0.0095145208761096,
            -0.05025213956832886
        ],
        [
            0.1403464525938034,
            0.013462727889418602,
            -0.050077565014362335
        ],
        [
            0.15028703212738037,
            -0.011086542159318924,
            -0.05105886980891228
        ],
        [
            0.15338142216205597,
            -0.013396576046943665,
            -0.05654272809624672
        ],
        [
            0.15080545842647552,
            -0.009385807439684868,
            -0.05645639821887016
        ],
        [
            0.14776043593883514,
            -0.00632303673774004,
            -0.05077090486884117
        ],
        [
            0.10347986221313477,
            0.03892384469509125,
            -0.029493652284145355
        ],
        [
            0.11232006549835205,
            0.04400737211108208,
            -0.02384370192885399
        ],
        [
            0.1849862039089203,
            -0.022211432456970215,
            -0.0691310316324234
        ],
        [
            0.18103857338428497,
            -0.024037081748247147,
            -0.0682498887181282
        ],
        [
            0.13100776076316833,
            0.010046309791505337,
            -0.031171847134828568
        ],
        [
            0.12030692398548126,
            -0.02813507243990898,
            -0.04141359031200409
        ],
        [
            0.12659990787506104,
            0.011713417246937752,
            -0.0207628533244133
        ],
        [
            0.1260538548231125,
            0.022851955145597458,
            -0.06695137917995453
        ],
        [
            0.13255995512008667,
            0.02781374566257,
            -0.0637483149766922
        ],
        [
            0.13699090480804443,
            0.026928476989269257,
            -0.0669914036989212
        ],
        [
            0.13375358283519745,
            0.0237113144248724,
            -0.07130402326583862
        ],
        [
            0.16908875107765198,
            -0.008586358278989792,
            -0.07089677453041077
        ],
        [
            0.17229220271110535,
            -0.01027481909841299,
            -0.06631408631801605
        ],
        [
            0.17640440165996552,
            -0.008971436880528927,
            -0.06802884489297867
        ],
        [
            0.1739831268787384,
            -0.007352200336754322,
            -0.07306765764951706
        ],
        [
            0.15733423829078674,
            -0.02200908213853836,
            -0.05236542224884033
        ],
        [
            0.15736635029315948,
            -0.028216129168868065,
            -0.05123519152402878
        ],
        [
            0.16144105792045593,
            -0.026040788739919662,
            -0.054614774882793427
        ],
        [
            0.1597856879234314,
            -0.020386382937431335,
            -0.05576111376285553
        ],
        [
            0.1563417762517929,
            -0.03302759304642677,
            -0.0547637864947319
        ],
        [
            0.16108030080795288,
            -0.03138517588376999,
            -0.05798861384391785
        ],
        [
            0.16699668765068054,
            -0.010733015835285187,
            -0.07659276574850082
        ],
        [
            0.16718000173568726,
            -0.016914555802941322,
            -0.0807524174451828
        ],
        [
            0.15276700258255005,
            -0.020031679421663284,
            -0.07452782988548279
        ],
        [
            0.15570437908172607,
            -0.013793881982564926,
            -0.07039409875869751
        ],
        [
            0.09311802685260773,
            0.010457968339323997,
            -0.029175885021686554
        ],
        [
            0.09245157986879349,
            0.021407650783658028,
            -0.02722327783703804
        ],
        [
            0.10169553756713867,
            0.022682253271341324,
            -0.03924312815070152
        ],
        [
            0.10980921983718872,
            0.02430688962340355,
            -0.0519024059176445
        ],
        [
            0.11848889291286469,
            0.024844564497470856,
            -0.06298806518316269
        ],
        [
            0.1177423894405365,
            0.01303900871425867,
            -0.0666537880897522
        ],
        [
            0.10095137357711792,
            0.030268119648098946,
            -0.03623636066913605
        ],
        [
            0.1478145867586136,
            -0.014336361549794674,
            -0.06713251769542694
        ],
        [
            0.14305944740772247,
            -0.021523499861359596,
            -0.07004880160093307
        ],
        [
            0.14212936162948608,
            -0.016354162245988846,
            -0.06954894959926605
        ],
        [
            0.12674875557422638,
            0.01914910227060318,
            -0.02020549774169922
        ],
        [
            0.17662903666496277,
            -0.026517508551478386,
            -0.06732664257287979
        ],
        [
            0.08393792808055878,
            -0.01961020939052105,
            0.001955680549144745
        ],
        [
            0.07770412415266037,
            -0.008720709010958672,
            -0.0036284103989601135
        ],
        [
            0.08406040817499161,
            -0.011018946766853333,
            -0.009266931563615799
        ],
        [
            0.0921386331319809,
            -0.02308393269777298,
            -0.002603299915790558
        ],
        [
            0.1752067506313324,
            -0.01568647101521492,
            -0.06319532543420792
        ],
        [
            0.17693956196308136,
            -0.021720917895436287,
            -0.06324227899312973
        ],
        [
            0.14088104665279388,
            0.02588382549583912,
            -0.05548953637480736
        ],
        [
            0.14374257624149323,
            0.024480652064085007,
            -0.06086258217692375
        ],
        [
            0.14239639043807983,
            0.027316253632307053,
            -0.06320241838693619
        ],
        [
            0.1414438933134079,
            0.030895477160811424,
            -0.05774514004588127
        ],
        [
            0.09200507402420044,
            0.026755230501294136,
            -0.024629175662994385
        ],
        [
            0.12512391805648804,
            0.0448455810546875,
            -0.055358752608299255
        ],
        [
            0.12038084864616394,
            0.036709949374198914,
            -0.06197871267795563
        ],
        [
            0.08442031592130661,
            0.019868221133947372,
            -0.016894664615392685
        ],
        [
            0.0843752846121788,
            0.010289258323609829,
            -0.018838685005903244
        ],
        [
            0.07800876349210739,
            0.010758774355053902,
            -0.01144583523273468
        ],
        [
            0.12683328986167908,
            0.0013771418016403913,
            -0.07079792767763138
        ],
        [
            0.09559188783168793,
            0.002534252591431141,
            -0.031683072447776794
        ],
        [
            0.08662530779838562,
            0.0031002797186374664,
            -0.020202528685331345
        ],
        [
            0.0790957659482956,
            0.0033304523676633835,
            -0.011449012905359268
        ],
        [
            0.07312530279159546,
            0.004052444826811552,
            -0.00565241277217865
        ],
        [
            0.07264481484889984,
            0.012153467163443565,
            -0.006171338260173798
        ],
        [
            0.16968166828155518,
            -0.02221905067563057,
            -0.0800606980919838
        ],
        [
            0.17315424978733063,
            -0.014928770251572132,
            -0.08234616369009018
        ],
        [
            0.06518828123807907,
            0.013751913793385029,
            -0.0012083351612091064
        ],
        [
            0.06657099723815918,
            0.004619531333446503,
            -0.0003963559865951538
        ],
        [
            0.08961991965770721,
            -0.005606845021247864,
            -0.02043328434228897
        ],
        [
            0.0946982353925705,
            -0.016143638640642166,
            -0.01946258917450905
        ],
        [
            0.09834162890911102,
            -0.005740237422287464,
            -0.0314171202480793
        ],
        [
            0.10368600487709045,
            -0.016101332381367683,
            -0.03161700814962387
        ],
        [
            0.1240234524011612,
            -0.009254713542759418,
            -0.07202579081058502
        ],
        [
            0.19037173688411713,
            -0.006496766582131386,
            -0.08435536921024323
        ],
        [
            0.17928211390972137,
            -0.008562208153307438,
            -0.08194492757320404
        ],
        [
            0.17948786914348602,
            -0.006314895115792751,
            -0.07659226655960083
        ],
        [
            0.18958106637001038,
            -0.0037710443139076233,
            -0.08115410804748535
        ],
        [
            0.17263254523277283,
            -0.009329332038760185,
            -0.07848483324050903
        ],
        [
            0.17940759658813477,
            -0.013904375955462456,
            -0.08409341424703598
        ],
        [
            0.1127634197473526,
            -0.02762185037136078,
            -0.027609068900346756
        ],
        [
            0.1530861109495163,
            -0.010937824845314026,
            -0.061609018594026566
        ],
        [
            0.10657244920730591,
            -0.02890922874212265,
            -0.011810079216957092
        ],
        [
            0.12737105786800385,
            -0.036463215947151184,
            -0.02679172158241272
        ],
        [
            0.12523216009140015,
            -0.03675583750009537,
            -0.013904709368944168
        ],
        [
            0.10202507674694061,
            -0.030564231798052788,
            0.005519174039363861
        ],
        [
            0.11941240727901459,
            -0.03642287850379944,
            0.0012842118740081787
        ],
        [
            0.08531907945871353,
            -0.02339952066540718,
            0.013893425464630127
        ],
        [
            0.09260939061641693,
            -0.026067182421684265,
