{
    "pred_cam": [
        9.849390029907227,
        0.06732065230607986,
        -0.05475524067878723
    ],
    "pred_mano_params": {
        "global_orient": [
            [
                [
                    0.48554226756095886,
                    -0.6102505326271057,
                    -0.625973641872406
                ],
                [
                    -0.8017510175704956,
                    -0.025405779480934143,
                    -0.5971179604530334
                ],
                [
                    0.3484881818294525,
                    0.7918009757995605,
                    -0.5016045570373535
                ]
            ]
        ],
        "hand_pose": [
            [
                [
                    0.8715147972106934,
                    -0.37139707803726196,
                    -0.3201969563961029
                ],
                [
                    0.3372749388217926,
                    0.9279882311820984,
                    -0.15837761759757996
                ],
                [
                    0.3559599816799164,
                    0.030034052208065987,
                    0.9340184330940247
                ]
            ],
            [
                [
                    0.8749685287475586,
                    -0.48035404086112976,
                    0.06074606627225876
                ],
                [
                    0.48298749327659607,
                    0.8571176528930664,
                    -0.17908801138401031
                ],
                [
                    0.03395913541316986,
                    0.18603596091270447,
                    0.9819559454917908
                ]
            ],
            [
                [
                    0.7595342397689819,
                    -0.6484102606773376,
                    0.051690392196178436
                ],
                [
                    0.649292528629303,
                    0.7509910464286804,
                    -0.12013161182403564
                ],
                [
                    0.03907553851604462,
                    0.12480626255273819,
                    0.9914113283157349
                ]
            ],
            [
                [
                    0.8248839378356934,
                    -0.46367552876472473,
                    -0.32337504625320435
                ],
                [
                    0.39604687690734863,
                    0.8822002410888672,
                    -0.25469493865966797
                ],
                [
                    0.40337738394737244,
                    0.08202210813760757,
                    0.9113500714302063
                ]
            ],
            [
                [
                    0.731167197227478,
                    -0.6445302963256836,
                    -0.223551407456398
                ],
                [
                    0.6820559501647949,
                    0.6839560866355896,
                    0.2588508427143097
                ],
                [
                    -0.0139378746971488,
                    -0.3417378067970276,
                    0.939691960811615
                ]
            ],
            [
                [
                    0.7191928029060364,
                    -0.6926832795143127,
                    0.05432853102684021
                ],
                [
                    0.6920092105865479,
                    0.7211145162582397,
                    0.03342396393418312
                ],
                [
                    -0.062329307198524475,
                    0.013557568192481995,
                    0.997963547706604
                ]
            ],
            [
                [
                    0.7229117155075073,
                    -0.5790088772773743,
                    0.37702441215515137
                ],
                [
                    0.5907158851623535,
                    0.8009749054908752,
                    0.09743687510490417
                ],
                [
                    -0.35840389132499695,
                    0.15227606892585754,
                    0.9210638999938965
                ]
            ],
            [
                [
                    0.8855193853378296,
                    -0.39007803797721863,
                    -0.2523776888847351
                ],
                [
                    0.45606672763824463,
                    0.6261715292930603,
                    0.6323861479759216
                ],
                [
                    -0.08864821493625641,
                    -0.6750913262367249,
                    0.7323886156082153
                ]
            ],
            [
                [
                    0.8333232402801514,
                    -0.49253788590431213,
                    0.2509559392929077
                ],
                [
                    0.41978153586387634,
                    0.8592251539230347,
                    0.2924307584762573
                ],
                [
                    -0.3596608340740204,
                    -0.1383426934480667,
                    0.922770619392395
                ]
            ],
            [
                [
                    0.7953742146492004,
                    -0.6038856506347656,
                    -0.051980383694171906
                ],
                [
                    0.5838003754615784,
                    0.7863223552703857,
                    -0.20217393338680267
                ],
                [
                    0.16296328604221344,
                    0.13045775890350342,
                    0.9779691696166992
                ]
            ],
            [
                [
                    0.8296892642974854,
                    -0.5280749797821045,
                    -0.1809764802455902
                ],
                [
                    0.5542756915092468,
                    0.7408252954483032,
                    0.379415899515152
                ],
                [
                    -0.06628808379173279,
                    -0.41510817408561707,
                    0.907353937625885
                ]
            ],
            [
                [
                    0.7521945238113403,
                    -0.6539754271507263,
                    0.08074391633272171
                ],
                [
                    0.6312289834022522,
                    0.7502925992012024,
                    0.19649691879749298
                ],
                [
                    -0.1890857070684433,
                    -0.09683600068092346,
                    0.9771742224693298
                ]
            ],
            [
                [
                    0.9408795237541199,
                    0.2982708215713501,
                    0.16056203842163086
                ],
                [
                    -0.20999760925769806,
                    0.8855199217796326,
                    -0.4144337773323059
                ],
                [
                    -0.26579442620277405,
                    0.35621464252471924,
                    0.8958037495613098
                ]
            ],
            [
                [
                    0.8679479360580444,
                    -0.3551490008831024,
                    -0.34718215465545654
                ],
                [
                    0.45639246702194214,
                    0.8460511565208435,
                    0.27550554275512695
                ],
                [
                    0.19588834047317505,
                    -0.3975757956504822,
                    0.896415650844574
                ]
            ],
            [
                [
                    0.9722878336906433,
                    -0.1576688289642334,
                    -0.17261801660060883
                ],
                [
                    0.0789298340678215,
                    0.9163837432861328,
                    -0.39244237542152405
                ],
                [
                    0.22006024420261383,
                    0.367942214012146,
                    0.9034335613250732
                ]
            ]
        ],
        "betas": [
            0.09091173112392426,
            -0.11165407299995422,
            0.028723150491714478,
            0.04863777756690979,
            -0.022588074207305908,
            0.01695721223950386,
            0.03697657585144043,
            -0.02900061011314392,
            -0.07137155532836914,
            -0.07835277915000916
        ]
    },
    "pred_cam_t": [
        -0.06732065230607986,
        -0.05475524067878723,
        3.9659817218780518
    ],
    "focal_length": [
        5000.0,
        5000.0
    ],
    "pred_keypoints_3d": [
        [
            0.09530317783355713,
            0.006353577133268118,
            0.006174896378070116
        ],
        [
            0.07698836922645569,
            0.010594898834824562,
            -0.02727445587515831
        ],
        [
            0.05634867399930954,
            0.006362355314195156,
            -0.04952213540673256
        ],
        [
            0.04367867112159729,
            0.017542658373713493,
            -0.07056733220815659
        ],
        [
            0.03470819443464279,
            0.03396321088075638,
            -0.1001775711774826
        ],
        [
            0.04311125725507736,
            0.06460057199001312,
            -0.038772400468587875
        ],
        [
            0.03878301382064819,
            0.09488487243652344,
            -0.05070681869983673
        ],
        [
            0.04856417328119278,
            0.10937970876693726,
            -0.06418551504611969
        ],
        [
            0.06897462159395218,
            0.11409270763397217,
            -0.07799849659204483
        ],
        [
            0.05260471627116203,
            0.08404213190078735,
            -0.026192884892225266
        ],
        [
            0.057145606726408005,
            0.11444774270057678,
            -0.03336264193058014
        ],
        [
            0.07442457973957062,
            0.123695507645607,
            -0.04570895433425903
        ],
        [
            0.09291248023509979,
            0.11951375752687454,
            -0.06227286532521248
        ],
        [
            0.07478966563940048,
            0.08767565339803696,
            -0.012064654380083084
        ],
        [
            0.07760683447122574,
            0.11232651025056839,
            -0.026552531868219376
        ],
        [
            0.09582613408565521,
            0.12109649181365967,
            -0.04069031774997711
        ],
        [
            0.11359410732984543,
            0.11708226054906845,
            -0.05760565772652626
        ],
        [
            0.09491053223609924,
            0.08731718361377716,
            -0.003985136281698942
        ],
        [
            0.09679000079631805,
            0.10441095381975174,
            -0.01603676564991474
        ],
        [
            0.10917627066373825,
            0.10851485282182693,
            -0.02963121421635151
        ],
        [
            0.11721827834844589,
            0.1035134494304657,
            -0.04458342865109444
        ]
    ],
    "pred_vertices": [
        [
            0.07056771218776703,
            0.03628068044781685,
            -0.03391706198453903
        ],
        [
            0.07636120915412903,
            0.028340931981801987,
            -0.033019423484802246
        ],
        [
            0.06912289559841156,
            0.0269819013774395,
            -0.04278931766748428
        ],
        [
            0.06409957259893417,
            0.035248637199401855,
            -0.04255837947130203
        ],
        [
            0.08373783528804779,
            0.00990370288491249,
            -0.04293765500187874
        ],
        [
            0.08259198069572449,
            -0.0024433881044387817,
            -0.04165474697947502
        ],
        [
            0.07078039646148682,
            0.00037496164441108704,
            -0.05365702137351036
        ],
        [
            0.07400771230459213,
            0.009899644181132317,
            -0.05391652137041092
        ],
        [
            0.05681384354829788,
            0.033274125307798386,
            -0.047827497124671936
        ],
        [
            0.0635128989815712,
            0.025708993896842003,
            -0.04956251010298729
        ],
        [
            0.05130039155483246,
            0.02889201045036316,
            -0.0466432087123394
        ],
        [
            0.04299260675907135,
            0.03769151121377945,
            -0.041371721774339676
        ],
        [
            0.04997284710407257,
            0.04054100066423416,
            -0.044646915048360825
        ],
        [
            0.03849846497178078,
            0.04556979238986969,
            -0.03983718529343605
        ],
        [
            0.04061596095561981,
            0.031925298273563385,
            -0.031674131751060486
        ],
        [
            0.03574137017130852,
            0.04730789363384247,
            -0.030684644356369972
        ],
        [
            0.05213465541601181,
            0.042560089379549026,
            -0.006406132131814957
        ],
        [
            0.06149392947554588,
            0.047450680285692215,
            0.0017011575400829315
        ],
        [
            0.05504436790943146,
            0.06192158907651901,
            -0.003938894718885422
        ],
        [
            0.04664492607116699,
            0.05560070648789406,
            -0.012421401217579842
        ],
        [
            0.07317321747541428,
            0.06398244202136993,
            0.00570717453956604
        ],
        [
            0.0627412423491478,
            0.06374579668045044,
            0.00026678480207920074
        ],
        [
            0.06859336793422699,
            0.04918389767408371,
            0.006830807775259018
        ],
        [
            0.07776577770709991,
            0.05010869354009628,
            0.011173281818628311
        ],
        [
            0.08231639862060547,
            0.03797394037246704,
            -0.02102327160537243
        ],
        [
            0.08861040323972702,
            0.0302986241877079,
            -0.018187159672379494
        ],
        [
            0.08380655199289322,
            0.02979915961623192,
            -0.022667458280920982
        ],
        [
            0.07814721018075943,
            0.03674880787730217,
            -0.024986427277326584
        ],
        [
            0.046155236661434174,
            0.01661471277475357,
            -0.04869675263762474
        ],
        [
            0.04589097201824188,
            0.015375960618257523,
            -0.03899945691227913
        ],
        [
            0.046472616493701935,
            0.0232672318816185,
            -0.041727349162101746
        ],
        [
            0.04946445673704147,
            0.02024538442492485,
            -0.05126893147826195
        ],
        [
            0.11146138608455658,
            0.014013327658176422,
            -0.010027952492237091
        ],
        [
            0.11213020235300064,
            0.002927735447883606,
            -0.0024215541779994965
        ],
        [
            0.10783855617046356,
            0.00014319270849227905,
            -0.005194922909140587
        ],
        [
            0.10789339244365692,
            0.011241838335990906,
            -0.011237138882279396
        ],
        [
            0.09365944564342499,
            -0.006142180413007736,
            -0.022762715816497803
        ],
        [
            0.0953001081943512,
            -0.0097426176071167,
            -0.01306375302374363
        ],
        [
            0.08598792552947998,
            -0.01978561282157898,
            -0.008665505796670914
        ],
        [
            0.0814872533082962,
            -0.01561477780342102,
            -0.015778660774230957
        ],
        [
            0.08921366184949875,
            -0.003851272165775299,
            -0.03267967700958252
        ],
        [
            0.08012324571609497,
            -0.013086061924695969,
            -0.027153365314006805
        ],
        [
            0.07516966760158539,
            -0.010163847357034683,
            -0.03678690642118454
        ],
        [
            0.06456258893013,
            -0.005917679518461227,
            -0.04980845749378204
        ],
        [
            0.11966393887996674,
            0.009137481451034546,
            0.005855061113834381
        ],
        [
            0.12061755359172821,
            0.0180189311504364,
            0.0011398643255233765
        ],
        [
            0.04409836232662201,
            0.09147927165031433,
            -0.06098417937755585
        ],
        [
            0.04864170402288437,
            0.09342903643846512,
            -0.05768425762653351
        ],
        [
            0.04812661558389664,
            0.08963271230459213,
            -0.05650229752063751
        ],
        [
            0.04343899339437485,
            0.08847072720527649,
            -0.05969121307134628
        ],
        [
            0.11572737991809845,
            0.021660834550857544,
            0.021138019859790802
        ],
        [
            0.10844150185585022,
            0.022057130932807922,
            0.028066888451576233
        ],
        [
            0.11271798610687256,
            0.01642446219921112,
            0.0297747403383255
        ],
        [
            0.1183825135231018,
            0.014742806553840637,
            0.022471725940704346
        ],
        [
            0.11219305545091629,
            0.03075242042541504,
            0.019194308668375015
        ],
        [
            0.10256709903478622,
            0.029620788991451263,
            0.024887163192033768
        ],
        [
            0.03370290622115135,
            0.09831861406564713,
            -0.058163050562143326
        ],
        [
            0.03593216836452484,
            0.09506616741418839,
            -0.06150195375084877
        ],
        [
            0.033818408846855164,
            0.09175728261470795,
            -0.058319948613643646
        ],
        [
            0.03206045180559158,
            0.09442543238401413,
            -0.05401904881000519
        ],
        [
            0.058187976479530334,
            0.042591288685798645,
            -0.04290342703461647
        ],
        [
            0.06609991192817688,
            0.0439915731549263,
            -0.03683125972747803
        ],
        [
            0.05128275975584984,
            0.05928482860326767,
            -0.045986518263816833
        ],
        [
            0.05731559544801712,
            0.05368860065937042,
            -0.040991488844156265
        ],
        [
            0.051953159272670746,
            0.04919300600886345,
            -0.043993040919303894
        ],
        [
            0.04669185355305672,
            0.05466476082801819,
            -0.04680170118808746
        ],
        [
            0.07454811036586761,
            0.05883298069238663,
            -0.02534675970673561
        ],
        [
            0.07926388084888458,
            0.04872013255953789,
            -0.021791741251945496
        ],
        [
            0.07415476441383362,
            0.04767584055662155,
            -0.025918226689100266
        ],
        [
            0.06837929040193558,
            0.05795249715447426,
            -0.031265173107385635
        ],
        [
            0.09122569859027863,
            0.05320274084806442,
            -0.015734676271677017
        ],
        [
            0.08534397929906845,
            0.06281182169914246,
            -0.019405635073781013
        ],
        [
            0.09278666228055954,
            0.06430993974208832,
            -0.01546754501760006
        ],
        [
            0.09625055640935898,
            0.05713588371872902,
            -0.014330211095511913
        ],
        [
            0.07238920032978058,
            0.07739594578742981,
            -0.026600146666169167
        ],
        [
            0.06835562735795975,
            0.08314088732004166,
            -0.027217065915465355
        ],
        [
            0.0720386728644371,
            0.08577044308185577,
            -0.026620518416166306
        ],
        [
            0.07541479170322418,
            0.07851006090641022,
            -0.024436939507722855
        ],
        [
            0.11596927791833878,
            0.010589219629764557,
            0.032095350325107574
        ],
        [
            0.12001466006040573,
            0.007768735289573669,
            0.023607704788446426
        ],
        [
            0.09343603998422623,
            0.06705273687839508,
            0.012674622237682343
        ],
        [
            0.1042487621307373,
            0.06482622027397156,
            0.011141013354063034
        ],
        [
            0.10159444808959961,
            0.07769313454627991,
            0.0086651761084795
        ],
        [
            0.09042555838823318,
            0.0767127275466919,
            0.011114833876490593
        ],
        [
            0.09835241734981537,
            0.02065218985080719,
            0.02982616424560547
        ],
        [
            0.10342834889888763,
            0.015981711447238922,
            0.033547814935445786
        ],
        [
            0.03482195362448692,
            0.10190452635288239,
            -0.0532008558511734
        ],
        [
            0.033898353576660156,
            0.09771464020013809,
            -0.04916257783770561
        ],
        [
            0.066963329911232,
            -0.010715652257204056,
            -0.027225060388445854
        ],
        [
            0.05777963995933533,
            -0.006511565297842026,
            -0.04362357407808304
        ],
        [
            0.07222115993499756,
            -0.013246051967144012,
            -0.015235744416713715
        ],
        [
            0.07507771253585815,
            -0.0156395360827446,
            -0.006520256400108337
        ],
        [
            0.07737612724304199,
            -0.020801842212677002,
            -0.000580083578824997
        ],
        [
            0.059825699776411057,
            0.05977348983287811,
            -0.03911661356687546
        ],
        [
            0.07231315970420837,
            0.04299629107117653,
            -0.029545191675424576
        ],
        [
            0.08640480041503906,
            0.03936908766627312,
            -0.018171042203903198
        ],
        [
            0.11179427802562714,
            0.053186170756816864,
            -0.0076200515031814575
        ],
        [
            0.11608508229255676,
            0.04378771036863327,
            -0.005275272764265537
        ],
        [
            0.10778415203094482,
            0.04291874170303345,
            -0.011915495619177818
        ],
        [
            0.10539176315069199,
            0.05138099938631058,
            -0.012068717740476131
        ],
        [
            0.11105697602033615,
            0.0649663433432579,
            0.00418451614677906
        ],
        [
            0.11063218116760254,
            0.06451141834259033,
            -0.0038275159895420074
        ],
        [
            0.10719853639602661,
            0.07315942645072937,
            -0.005090361461043358
        ],
        [
            0.10757079720497131,
            0.07536575198173523,
            0.002424214966595173
        ],
        [
            0.043052788823843,
            0.009540978819131851,
            -0.049059487879276276
        ],
        [
            0.04628586024045944,
            0.007511042058467865,
            -0.03751546889543533
        ],
        [
            0.12046337127685547,
            0.019607052206993103,
            0.01195039413869381
        ],
        [
            0.12072523683309555,
            0.011940382421016693,
            0.013037029653787613
        ],
        [
            0.12139375507831573,
            0.004407256841659546,
            0.016772538423538208
        ],
        [
            0.09983975440263748,
            0.021837886422872543,
            -0.015430465340614319
        ],
        [
            0.1055571436882019,
            0.009342491626739502,
            -0.012326808646321297
        ],
        [
            0.10254716873168945,
            0.008145719766616821,
            -0.015720803290605545
        ],
        [
            0.09684886783361435,
            0.02152915671467781,
            -0.016944708302617073
        ],
        [
            0.08515644073486328,
            0.02110222354531288,
            -0.033112529665231705
        ],
        [
            0.0927986204624176,
            0.009509306401014328,
            -0.03087441995739937
        ],
        [
            0.07723557949066162,
            0.020737841725349426,
            -0.04410006105899811
        ],
        [
            0.10279715806245804,
            -0.005108430981636047,
            -0.00834098644554615
        ],
        [
            0.11011727899312973,
            -0.009057916700839996,
            -0.0011060945689678192
        ],
        [
            0.10344245284795761,
            -0.013905741274356842,
            -0.004294537007808685
        ],
        [
            0.11620207875967026,
            -0.004057005047798157,
            0.004706680774688721
        ],
        [
            0.12051329016685486,
            0.0007434487342834473,
            0.010849328711628914
        ],
        [
            0.10648299753665924,
            0.010587707161903381,
            0.039347656071186066
        ],
        [
            0.09597928822040558,
            -0.017433807253837585,
            -0.006101354956626892
        ],
        [
            0.06643105298280716,
            0.009965911507606506,
            -0.05979781597852707
        ],
        [
            0.06030425429344177,
            0.011205274611711502,
            -0.06411145627498627
        ],
        [
            0.05961984395980835,
            0.01764008030295372,
            -0.0603918693959713
        ],
        [
            0.06448784470558167,
            0.017206959426403046,
            -0.05629195645451546
        ],
        [
            0.034320540726184845,
            0.05512154474854469,
            -0.04064667969942093
        ],
        [
            0.04025410860776901,
            0.05421174690127373,
            -0.045981213450431824
        ],
        [
            0.044709183275699615,
            0.04516115412116051,
            -0.044180989265441895
        ],
        [
            0.11147908866405487,
            0.025430455803871155,
            -0.010969939641654491
        ],
        [
            0.11941280961036682,
            0.02837856113910675,
            -0.001605367287993431
        ],
        [
            0.053385112434625626,
            0.06521440297365189,
            -0.043605413287878036
        ],
        [
            0.03102686256170273,
            0.09053874015808105,
            -0.05046110972762108
        ],
        [
            0.032688919454813004,
            0.08750951290130615,
            -0.05533215403556824
        ],
        [
            0.03303749859333038,
            0.07107117772102356,
            -0.04747876897454262
        ],
        [
            0.030824650079011917,
            0.07475701719522476,
            -0.04217144846916199
        ],
        [
            0.05032837763428688,
            0.07560306042432785,
            -0.03971102088689804
        ],
        [
            0.05168947950005531,
            0.07000923901796341,
            -0.04376329481601715
        ],
        [
            0.05095986649394035,
            0.0729014053940773,
            -0.043195586651563644
        ],
        [
            0.05128993093967438,
            0.07830676436424255,
            -0.039525508880615234
        ],
        [
            0.07979152351617813,
            0.08526527136564255,
            -0.021695436909794807
        ],
        [
            0.0828055739402771,
            0.07906333357095718,
            -0.01998748816549778
        ],
        [
            0.043668054044246674,
            0.0691894143819809,
            -0.020787149667739868
        ],
        [
            0.034132398664951324,
            0.06049439311027527,
            -0.024194415658712387
        ],
        [
            0.03912341967225075,
            0.04998738318681717,
            -0.01992853358387947
        ],
        [
            0.08072023093700409,
            0.0603601299226284,
            -0.021471774205565453
        ],
        [
            0.07705268263816833,
            0.06979706883430481,
            -0.024338699877262115
        ],
        [
            0.08030785620212555,
            0.07113885879516602,
            -0.022092066705226898
        ],
        [
            0.060006026178598404,
            0.06456597149372101,
            -0.037993352860212326
        ],
        [
            0.05522332713007927,
            0.06994274258613586,
            -0.04028872400522232
        ],
        [
            0.05889878794550896,
            0.07048146426677704,
            -0.03705042600631714
        ],
        [
            0.06397835165262222,
            0.06543011963367462,
            -0.03424076363444328
        ],
        [
            0.10706955194473267,
            0.052541833370923996,
            0.015148868784308434
        ],
        [
            0.11534813046455383,
            0.05290582776069641,
            0.0071158576756715775
        ],
        [
            0.03960937261581421,
            0.09234681725502014,
            -0.06243661046028137
        ],
        [
            0.03811817988753319,
            0.08925585448741913,
            -0.0603460967540741
        ],
        [
            0.08520768582820892,
            0.050415653735399246,
            -0.018053850159049034
        ],
        [
            0.04614728316664696,
            0.03801501914858818,
            -0.015149673447012901
        ],
        [
            0.09099024534225464,
            0.040943682193756104,
            -0.015543259680271149
        ],
        [
            0.07753299921751022,
            0.0842854380607605,
            -0.0017584115266799927
        ],
        [
            0.08370012789964676,
            0.08724600821733475,
            -0.006098983809351921
        ],
        [
            0.08158954977989197,
            0.09072264283895493,
            -0.009342709556221962
        ],
        [
            0.07618926465511322,
            0.09113117307424545,
            -0.006381594575941563
        ],
        [
            0.05002446845173836,
            0.0917721837759018,
            -0.04480227082967758
        ],
        [
            0.05112273991107941,
            0.08939161896705627,
            -0.04988446086645126
        ],
        [
            0.050825752317905426,
            0.0925382450222969,
            -0.05167602747678757
        ],
        [
            0.049633562564849854,
            0.0958649292588234,
            -0.047024354338645935
        ],
        [
            0.04925783351063728,
            0.06593915075063705,
            -0.04713604599237442
        ],
        [
            0.04450887069106102,
            0.06194458529353142,
            -0.049064453691244125
        ],
        [
            0.04434219002723694,
            0.06861639022827148,
            -0.05058855190873146
        ],
        [
            0.04849573224782944,
            0.07107322663068771,
            -0.04724012315273285
        ],
        [
            0.038255225867033005,
            0.062357861548662186,
            -0.04793520271778107
        ],
        [
            0.038076967000961304,
            0.06862904876470566,
            -0.050319671630859375
        ],
        [
            0.045197054743766785,
            0.0940656065940857,
            -0.04119247943162918
        ],
        [
            0.037756290286779404,
            0.09488984942436218,
            -0.04136670380830765
        ],
        [
            0.03874240443110466,
            0.08126780390739441,
            -0.03316226601600647
        ],
        [
            0.04612122103571892,
            0.08239981532096863,
            -0.03567364439368248
        ],
        [
            0.081332266330719,
            0.03687271848320961,
            0.017310455441474915
        ],
        [
            0.09158407151699066,
            0.039728354662656784,
            0.020477354526519775
        ],
        [
            0.08822616934776306,
            0.05305488407611847,
            0.01464727520942688
        ],
        [
            0.08466456085443497,
            0.06651023030281067,
            0.010121656581759453
        ],
        [
            0.08083256334066391,
            0.07876032590866089,
            0.004428224638104439
        ],
        [
            0.06907259672880173,
            0.07607656717300415,
            0.0021599289029836655
        ],
        [
            0.0960429310798645,
            0.053608451038599014,
            0.01675119251012802
        ],
        [
            0.047867003828287125,
            0.07818830758333206,
            -0.03262212127447128
        ],
        [
            0.040200021117925644,
            0.07262516021728516,
            -0.02851380966603756
        ],
        [
            0.04462375119328499,
            0.07575590163469315,
            -0.02716943435370922
        ],
        [
            0.09763277322053909,
            0.04373730719089508,
            -0.013732018880546093
        ],
        [
            0.03686095029115677,
            0.08529631793498993,
            -0.057960670441389084
        ],
        [
            0.07007833570241928,
            -0.005046814680099487,
            0.012364864349365234
        ],
        [
            0.07528422027826309,
            0.0023693814873695374,
            0.02156812697649002
        ],
        [
            0.07148478925228119,
            0.008214116096496582,
            0.0162515789270401
        ],
        [
            0.06643284857273102,
            6.209313869476318e-05,
            0.005669727921485901
        ],
        [
            0.04829595983028412,
            0.08633486181497574,
            -0.05532573163509369
        ],
        [
            0.04311762750148773,
            0.08451031148433685,
            -0.05850514769554138
        ],
        [
            0.08774490654468536,
            0.08259325474500656,
            -0.016765903681516647
        ],
        [
            0.0838281437754631,
            0.08732908964157104,
            -0.018175482749938965
        ],
        [
            0.08449934422969818,
            0.08999970555305481,
            -0.015012271702289581
        ],
        [
            0.09040729701519012,
            0.08781777322292328,
            -0.014329824596643448
        ],
        [
            0.09735646843910217,
            0.03969176858663559,
            0.021732784807682037
        ],
        [
            0.09983038902282715,
            0.08573859930038452,
            0.0052098240703344345
        ],
        [
            0.09027478098869324,
            0.08472780138254166,
            0.007658069953322411
        ],
        [
            0.09412726759910583,
            0.02795960009098053,
            0.02548457309603691
        ],
        [
            0.0849418118596077,
            0.025475487112998962,
            0.023377524688839912
        ],
        [
            0.0880483016371727,
            0.017507515847682953,
            0.02800840698182583
        ],
        [
            0.057776615023612976,
            0.07780524343252182,
            -0.008322307839989662
        ],
        [
            0.07365630567073822,
            0.036377619951963425,
            0.013414956629276276
        ],
        [
            0.07843746244907379,
            0.024230703711509705,
            0.019621817395091057
        ],
        [
            0.08184638619422913,
            0.014637403190135956,
            0.024972718209028244
        ],
        [
            0.08447888493537903,
            0.008188523352146149,
            0.029602281749248505
        ],
        [
            0.09113297611474991,
            0.011963129043579102,
            0.03230784460902214
        ],
        [
            0.033500198274850845,
            0.09347128868103027,
            -0.04535999521613121
        ],
        [
            0.03853209316730499,
            0.10014694929122925,
            -0.04486234486103058
        ],
        [
            0.09398587048053741,
            0.0061226338148117065,
            0.0386514775454998
        ],
        [
            0.08672242611646652,
            0.0019179806113243103,
            0.034780338406562805
        ],
        [
            0.07132620364427567,
            0.02160944789648056,
            0.014516737312078476
        ],
        [
            0.06391426175832748,
            0.018008965998888016,
            0.007481146603822708
        ],
        [
            0.06713169813156128,
            0.03348616138100624,
            0.008566442877054214
        ],
        [
            0.05905865505337715,
            0.03090212494134903,
            0.0011139102280139923
        ],
        [
            0.0489058680832386,
            0.07178220897912979,
            -0.008886797353625298
        ],
        [
            0.04738568887114525,
            0.11223776638507843,
            -0.05542954429984093
        ],
        [
            0.0448651947081089,
            0.10431013256311417,
            -0.04770858958363533
        ],
        [
            0.0492527112364769,
            0.10076772421598434,
            -0.04916369169950485
        ],
        [
            0.05109983682632446,
            0.11002721637487411,
            -0.05460689589381218
        ],
        [
            0.045296795666217804,
            0.09869550168514252,
            -0.044276539236307144
        ],
        [
            0.03937232494354248,
            0.10446833074092865,
            -0.048901062458753586
        ],
        [
            0.052624620497226715,
            0.024599537253379822,
            -0.009818721562623978
        ],
        [
            0.05481882020831108,
            0.07692316919565201,
            -0.03833404928445816
        ],
        [
            0.05937965214252472,
            0.009092077612876892,
            -0.005637448281049728
        ],
        [
            0.04478546977043152,
            0.02005186676979065,
            -0.0246044360101223
        ],
        [
            0.05138625204563141,
            0.008115563541650772,
            -0.022817762568593025
        ],
        [
            0.06595804542303085,
            -0.007173020392656326,
            -0.003795776516199112
        ],
        [
            0.06005289405584335,
            -0.0047109052538871765,
            -0.01746850460767746
        ],
        [
            0.07268168032169342,
            -0.016468845307826996,
            0.008049428462982178
        ],
        [
            0.06932610273361206,
            -0.010716274380683899,
            0.0029774196445941925
        ],
        [
            0.0540006160736084,
            -0.00319816917181015,
            -0.03164387494325638
        ],
