{
    "pred_cam": [
        9.857812881469727,
        0.06493902206420898,
        -0.057401955127716064
    ],
    "pred_mano_params": {
        "global_orient": [
            [
                [
                    0.5339224934577942,
                    -0.6047924757003784,
                    -0.5908914804458618
                ],
                [
                    -0.7711439728736877,
                    -0.06167956069111824,
                    -0.633665919303894
                ],
                [
                    0.34679046273231506,
                    0.793990969657898,
                    -0.49931418895721436
                ]
            ]
        ],
        "hand_pose": [
            [
                [
                    0.8569649457931519,
                    -0.3984324336051941,
                    -0.32689881324768066
                ],
                [
                    0.3581885099411011,
                    0.9165100455284119,
                    -0.17807437479496002
                ],
                [
                    0.3705565929412842,
                    0.03551207482814789,
                    0.9281309247016907
                ]
            ],
            [
                [
                    0.8749980926513672,
                    -0.48152434825897217,
                    0.050127238035202026
                ],
                [
                    0.4817390441894531,
                    0.8557329177856445,
                    -0.1888086199760437
                ],
                [
                    0.04802041873335838,
                    0.18935540318489075,
                    0.9807337522506714
                ]
            ],
            [
                [
                    0.7874095439910889,
                    -0.6156139969825745,
                    0.03170999512076378
                ],
                [
                    0.6144576072692871,
                    0.7797386050224304,
                    -0.12020626664161682
                ],
                [
                    0.04927516356110573,
                    0.11413601040840149,
                    0.9922423362731934
                ]
            ],
            [
                [
                    0.8328492045402527,
                    -0.4386027455329895,
                    -0.3376237452030182
                ],
                [
                    0.3678766191005707,
                    0.8943928480148315,
                    -0.2544174790382385
                ],
                [
                    0.41355645656585693,
                    0.08768751472234726,
                    0.9062460660934448
                ]
            ],
            [
                [
                    0.6717383861541748,
                    -0.705852210521698,
                    -0.22481149435043335
                ],
                [
                    0.740404486656189,
                    0.6299569010734558,
                    0.23442599177360535
                ],
                [
                    -0.023848557844758034,
                    -0.32392436265945435,
                    0.9457823634147644
                ]
            ],
            [
                [
                    0.6932563781738281,
                    -0.7179787158966064,
                    0.06246726214885712
                ],
                [
                    0.7173100113868713,
                    0.6957932710647583,
                    0.0365789569914341
                ],
                [
                    -0.06972721219062805,
                    0.01944980025291443,
                    0.9973764419555664
                ]
            ],
            [
                [
                    0.7111027240753174,
                    -0.6317885518074036,
                    0.30850619077682495
                ],
                [
                    0.6386348605155945,
                    0.7639394402503967,
                    0.09242366999387741
                ],
                [
                    -0.2940722703933716,
                    0.13130004703998566,
                    0.946721613407135
                ]
            ],
            [
                [
                    0.8804951310157776,
                    -0.42727723717689514,
                    -0.2053350806236267
                ],
                [
                    0.4608829617500305,
                    0.6701622605323792,
                    0.5817812085151672
                ],
                [
                    -0.11097405850887299,
                    -0.6068909764289856,
                    0.7869994044303894
                ]
            ],
            [
                [
                    0.858452320098877,
                    -0.46532613039016724,
                    0.21571087837219238
                ],
                [
                    0.38333940505981445,
                    0.8615247011184692,
                    0.33290550112724304
                ],
                [
                    -0.3407498896121979,
                    -0.203093022108078,
                    0.9179556965827942
                ]
            ],
            [
                [
                    0.8192742466926575,
                    -0.5654087066650391,
                    -0.09540804475545883
                ],
                [
                    0.5401269793510437,
                    0.8168300986289978,
                    -0.20261159539222717
                ],
                [
                    0.19249053299427032,
                    0.1144620031118393,
                    0.9746003746986389
                ]
            ],
            [
                [
                    0.818860650062561,
                    -0.5490444898605347,
                    -0.16738420724868774
                ],
                [
                    0.566775381565094,
                    0.7273233532905579,
                    0.38699662685394287
                ],
                [
                    -0.09073591232299805,
                    -0.41176551580429077,
                    0.9067614078521729
                ]
            ],
            [
                [
                    0.7262418270111084,
                    -0.6857545971870422,
                    0.048098642379045486
                ],
                [
                    0.664686918258667,
                    0.7183362245559692,
                    0.20538844168186188
                ],
                [
                    -0.17539705336093903,
                    -0.1171911358833313,
                    0.977497935295105
                ]
            ],
            [
                [
                    0.9405477643013,
                    0.30804207921028137,
                    0.14310777187347412
                ],
                [
                    -0.23057463765144348,
                    0.8884168267250061,
                    -0.39692673087120056
                ],
                [
                    -0.2494094967842102,
                    0.3403315842151642,
                    0.9066251516342163
                ]
            ],
            [
                [
                    0.8855346441268921,
                    -0.33395296335220337,
                    -0.3229609727859497
                ],
                [
                    0.4305303692817688,
                    0.8511216640472412,
                    0.30039218068122864
                ],
                [
                    0.1745622158050537,
                    -0.40505221486091614,
                    0.8974745869636536
                ]
            ],
            [
                [
                    0.9772897362709045,
                    -0.13174591958522797,
                    -0.1659754365682602
                ],
                [
                    0.05312599614262581,
                    0.9105567932128906,
                    -0.4099561274051666
                ],
                [
                    0.20514008402824402,
                    0.3918282985687256,
                    0.8968769311904907
                ]
            ]
        ],
        "betas": [
            0.07617741823196411,
            -0.12185916304588318,
            0.025114327669143677,
            0.055946797132492065,
            -0.017059683799743652,
            0.023498591035604477,
            0.026158779859542847,
            -0.01838010549545288,
            -0.06479114294052124,
            -0.07287853956222534
        ]
    },
    "pred_cam_t": [
        -0.06493902206420898,
        -0.057401955127716064,
        3.9625930786132812
    ],
    "focal_length": [
        5000.0,
        5000.0
    ],
    "pred_keypoints_3d": [
        [
            0.09536953270435333,
            0.006362003739923239,
            0.006180654279887676
        ],
        [
            0.07669661194086075,
            0.00948386825621128,
            -0.027228161692619324
        ],
        [
            0.055589836090803146,
            0.004302306100726128,
            -0.04886304587125778
        ],
        [
            0.04096093773841858,
            0.014207732863724232,
            -0.0692896693944931
        ],
        [
            0.02878791093826294,
            0.029500512406229973,
            -0.09851522743701935
        ],
        [
            0.039582543075084686,
            0.06140615791082382,
            -0.038607653230428696
        ],
        [
            0.03434087708592415,
            0.09146622568368912,
            -0.05079519748687744
        ],
        [
            0.04402398318052292,
            0.10640202462673187,
            -0.06388907879590988
        ],
        [
            0.0643983781337738,
            0.11308051645755768,
            -0.07704755663871765
        ],
        [
            0.04795395955443382,
            0.0813961774110794,
            -0.026061449199914932
        ],
        [
            0.05021079257130623,
            0.11224861443042755,
            -0.03245217725634575
        ],
        [
            0.0674460157752037,
            0.12139799445867538,
            -0.044966474175453186
        ],
        [
            0.08591045439243317,
            0.11608777940273285,
            -0.061169810593128204
        ],
        [
            0.06994178891181946,
            0.08635933697223663,
            -0.01199971791356802
        ],
        [
            0.07074926793575287,
            0.11189648509025574,
            -0.025186842307448387
        ],
        [
            0.08789294958114624,
            0.12198256701231003,
            -0.03981509804725647
        ],
        [
            0.10550674051046371,
            0.11827574670314789,
            -0.05698858201503754
        ],
        [
            0.0900857150554657,
            0.08721499145030975,
            -0.0039851488545536995
        ],
        [
            0.0927487388253212,
            0.1045398935675621,
            -0.015590273775160313
        ],
        [
            0.1055225059390068,
            0.10927186161279678,
            -0.02864253520965576
        ],
        [
            0.11499838531017303,
            0.10473964363336563,
            -0.04342286288738251
        ]
    ],
    "pred_vertices": [
        [
            0.06874728202819824,
            0.0347994863986969,
            -0.03374848514795303
        ],
        [
            0.07502149045467377,
            0.027219966053962708,
            -0.03287803381681442
        ],
        [
            0.06762766093015671,
            0.025513291358947754,
            -0.042531613260507584
        ],
        [
            0.06223606318235397,
            0.03343357890844345,
            -0.042298734188079834
        ],
        [
            0.08302226662635803,
            0.00925053283572197,
            -0.04315553233027458
        ],
        [
            0.082646943628788,
            -0.003093831241130829,
            -0.041907262057065964
        ],
        [
            0.07025693356990814,
            -0.0008352622389793396,
            -0.053526073694229126
        ],
        [
            0.07280294597148895,
            0.008811332285404205,
            -0.053895533084869385
        ],
        [
            0.054876264184713364,
            0.031103143468499184,
            -0.047475751489400864
        ],
        [
            0.06183413416147232,
            0.0239951703697443,
            -0.04923960193991661
        ],
        [
            0.04940085485577583,
            0.026426060125231743,
            -0.04615556821227074
        ],
        [
            0.0409245491027832,
            0.03462063521146774,
            -0.04093971103429794
        ],
        [
            0.04776845872402191,
            0.037867505103349686,
            -0.04433239623904228
        ],
        [
            0.03605525940656662,
            0.042186442762613297,
            -0.03950084000825882
        ],
        [
            0.03898714482784271,
            0.028710100799798965,
            -0.03120896779000759
        ],
        [
            0.033202968537807465,
            0.04377347230911255,
            -0.030356014147400856
        ],
        [
            0.05004216358065605,
            0.039941057562828064,
            -0.006227776408195496
        ],
        [
            0.05912306159734726,
            0.045377425849437714,
            0.001819763332605362
        ],
        [
            0.05182619392871857,
            0.05940895527601242,
            -0.003821786493062973
        ],
        [
            0.043748874217271805,
            0.05263270065188408,
            -0.012247506529092789
        ],
        [
            0.06983382254838943,
            0.06254152208566666,
            0.005773864686489105
        ],
        [
            0.059418823570013046,
            0.06168128550052643,
            0.0003604106605052948
        ],
        [
            0.06612588465213776,
            0.0475333072245121,
            0.006928000599145889
        ],
        [
            0.07524183392524719,
            0.04901265352964401,
            0.011246152222156525
        ],
        [
            0.08042137324810028,
            0.0371665358543396,
            -0.020973294973373413
        ],
        [
            0.08722131699323654,
            0.029869329184293747,
            -0.018159370869398117
        ],
        [
            0.0824807733297348,
            0.029082540422677994,
            -0.02260996401309967
        ],
        [
            0.0763372853398323,
            0.03569788858294487,
            -0.024904120713472366
        ],
        [
            0.04467322677373886,
            0.013758523389697075,
            -0.04769767448306084
        ],
        [
            0.045043885707855225,
            0.012559410184621811,
            -0.038306280970573425
        ],
        [
            0.04503641650080681,
            0.02049204334616661,
            -0.04107387363910675
        ],
        [
            0.047595590353012085,
            0.017625706270337105,
            -0.05044543370604515
        ],
        [
            0.11099929362535477,
            0.01498347520828247,
            -0.010089242830872536
        ],
        [
            0.11235415935516357,
            0.003954291343688965,
            -0.002476988360285759
        ],
        [
            0.10823339223861694,
            0.0009101182222366333,
            -0.005248328670859337
        ],
        [
            0.10761233419179916,
            0.011993013322353363,
            -0.011302266269922256
        ],
        [
            0.09434209764003754,
            -0.006299823522567749,
            -0.022946635261178017
        ],
        [
            0.09628189355134964,
            -0.009742937982082367,
            -0.01314656063914299
        ],
        [
            0.08757992833852768,
            -0.020319607108831406,
            -0.008684013038873672
        ],
        [
            0.0827818289399147,
            -0.016431018710136414,
            -0.01581469178199768
        ],
        [
            0.0895904004573822,
            -0.0042543597519397736,
            -0.03294113278388977
        ],
        [
            0.08114048838615417,
            -0.013976626098155975,
            -0.02725868858397007
        ],
        [
            0.07583676278591156,
            -0.011204592883586884,
            -0.036852866411209106
        ],
        [
            0.06462568789720535,
            -0.007446646690368652,
            -0.04935042932629585
        ],
        [
            0.11953351646661758,
            0.010612279176712036,
            0.005783269181847572
        ],
        [
            0.11993709951639175,
            0.01953870803117752,
            0.0010569505393505096
        ],
        [
            0.04010762646794319,
            0.08828980475664139,
            -0.06098423898220062
        ],
        [
            0.044489819556474686,
            0.0903879851102829,
            -0.05754430592060089
        ],
        [
            0.044081903994083405,
            0.08651821315288544,
            -0.05636290833353996
        ],
        [
            0.03952784836292267,
            0.08519058674573898,
            -0.059686895459890366
        ],
        [
            0.1148977130651474,
            0.02288830280303955,
            0.02109118178486824
        ],
        [
            0.10762130469083786,
            0.02284730225801468,
            0.028049074113368988
        ],
        [
            0.11223836243152618,
            0.017478615045547485,
            0.029744861647486687
        ],
        [
            0.11797095835208893,
            0.01613864302635193,
            0.022416740655899048
        ],
        [
            0.11081540584564209,
            0.03175727277994156,
            0.019161038100719452
        ],
        [
            0.10128772258758545,
            0.030047021806240082,
            0.024886641651391983
        ],
        [
            0.029384145513176918,
            0.09467065334320068,
            -0.05835634469985962
        ],
        [
            0.031819626688957214,
            0.091543048620224,
            -0.06167639046907425
        ],
        [
            0.029746465384960175,
            0.0880952775478363,
            -0.058543771505355835
        ],
        [
            0.027760328724980354,
            0.09066706150770187,
            -0.0542549304664135
        ],
        [
            0.055929481983184814,
            0.04036829620599747,
            -0.042693596333265305
        ],
        [
            0.06379380077123642,
            0.042217183858156204,
            -0.036693159490823746
        ],
        [
            0.04812004789710045,
            0.056501604616642,
            -0.04578307271003723
        ],
        [
            0.054410651326179504,
            0.05134958028793335,
            -0.04084344953298569
        ],
        [
            0.049315109848976135,
            0.04654845595359802,
            -0.0437929630279541
        ],
        [
            0.04380977153778076,
            0.05165519565343857,
            -0.04661005735397339
        ],
        [
            0.07137861847877502,
            0.05753474682569504,
            -0.025286104530096054
        ],
        [
            0.07670754939317703,
            0.04771498218178749,
            -0.021739602088928223
        ],
        [
            0.0716586709022522,
            0.04636775329709053,
            -0.025847066193819046
        ],
        [
            0.06524725258350372,
            0.056283093988895416,
            -0.03118414804339409
        ],
        [
            0.0884065330028534,
            0.05290408432483673,
            -0.015720650553703308
        ],
        [
            0.0819392129778862,
            0.062151405960321426,
            -0.019375748932361603
        ],
        [
            0.08929543197154999,
            0.06407566368579865,
            -0.01546500064432621
        ],
        [
            0.09319347143173218,
            0.057126451283693314,
            -0.014338284730911255
        ],
        [
            0.06808225065469742,
            0.07601551711559296,
            -0.02660164050757885
        ],
        [
            0.06362058967351913,
            0.08158432692289352,
            -0.02716752327978611
        ],
        [
            0.066993348300457,
            0.08464127779006958,
            -0.026527756825089455
        ],
        [
            0.07100746780633926,
            0.07734748721122742,
            -0.024451347067952156
        ],
        [
            0.11584500968456268,
            0.011843733489513397,
            0.03205415979027748
        ],
        [
            0.12002760171890259,
            0.009268946945667267,
            0.02354629710316658
        ],
        [
            0.0898984968662262,
            0.06687439233064651,
            0.012695329263806343
        ],
        [
            0.1007925420999527,
            0.0652652382850647,
            0.011099819093942642
        ],
        [
            0.09743019193410873,
            0.07786286622285843,
            0.008645350113511086
        ],
        [
            0.0863388404250145,
            0.07633137702941895,
            0.011153744533658028
        ],
        [
            0.09763547778129578,
            0.020836807787418365,
            0.029842834919691086
        ],
        [
            0.10299946367740631,
            0.016478173434734344,
            0.03355163708329201
        ],
        [
            0.03023221530020237,
            0.09825283288955688,
            -0.05331813171505928
        ],
        [
            0.029332837089896202,
            0.09400763362646103,
            -0.049321580678224564
        ],
        [
            0.06788245588541031,
            -0.012272939085960388,
            -0.0270862877368927
        ],
        [
            0.058143921196460724,
            -0.008476093411445618,
            -0.04295015707612038
        ],
        [
            0.0734080821275711,
            -0.014589503407478333,
            -0.015220388770103455
        ],
        [
            0.07646608352661133,
            -0.01682036742568016,
            -0.00650252029299736
        ],
        [
            0.0790843516588211,
            -0.02184068039059639,
            -0.0005522966384887695
        ],
        [
            0.05655231326818466,
            0.05755830928683281,
            -0.03897387161850929
        ],
        [
            0.0700952559709549,
            0.04158800095319748,
            -0.029452307149767876
        ],
        [
            0.08441869169473648,
            0.038802552968263626,
            -0.01813831552863121
        ],
        [
            0.10897859185934067,
            0.05410987138748169,
            -0.007686134427785873
        ],
        [
            0.11383561789989471,
            0.04499349743127823,
            -0.005356411449611187
        ],
        [
            0.10558164119720459,
            0.04363028332591057,
            -0.011965939775109291
        ],
        [
            0.10267995297908783,
            0.051926907151937485,
            -0.01211329735815525
        ],
        [
            0.10757561773061752,
            0.06579424440860748,
            0.004114134237170219
        ],
        [
            0.10716120898723602,
            0.06530414521694183,
            -0.0038874447345733643
        ],
        [
            0.10323315113782883,
            0.07360459864139557,
            -0.005150016397237778
        ],
        [
            0.10351018607616425,
            0.07584172487258911,
            0.002372344024479389
        ],
        [
            0.042103011161088943,
            0.006452988833189011,
            -0.04787933826446533
        ],
        [
            0.04599281772971153,
            0.004740167409181595,
            -0.03680703788995743
        ],
        [
            0.11972159147262573,
            0.021120063960552216,
            0.011879468336701393
        ],
        [
            0.12045076489448547,
            0.013478554785251617,
            0.012966975569725037
        ],
        [
            0.12158501893281937,
            0.005991198122501373,
            0.016699260100722313
        ],
        [
            0.09895078837871552,
            0.02208235114812851,
            -0.015474634245038033
        ],
        [
            0.10540483146905899,
            0.009943455457687378,
            -0.012406837195158005
        ],
        [
            0.10247987508773804,
            0.008539237082004547,
            -0.015842800959944725
        ],
        [
            0.09602035582065582,
            0.021573714911937714,
            -0.017002513632178307
        ],
        [
            0.08418813347816467,
            0.020448308438062668,
            -0.033186107873916626
        ],
        [
            0.09249617159366608,
            0.009268123656511307,
            -0.03112071193754673
        ],
        [
            0.07590630650520325,
            0.019716832786798477,
            -0.04406818002462387
        ],
        [
            0.1035131961107254,
            -0.004650421440601349,
            -0.008408816531300545
        ],
        [
            0.11107449233531952,
            -0.008141666650772095,
            -0.0011610351502895355
        ],
        [
            0.1046881303191185,
            -0.013386882841587067,
            -0.00433727353811264
        ],
        [
            0.11686678975820541,
            -0.0027785003185272217,
            0.004639958962798119
        ],
        [
            0.12090441584587097,
            0.002276770770549774,
            0.010774623602628708
        ],
        [
            0.10639552026987076,
            0.011271148920059204,
            0.0393427275121212
        ],
        [
            0.0974363163113594,
            -0.01735987514257431,
            -0.006123602390289307
        ],
        [
            0.06492798030376434,
            0.008515622466802597,
            -0.059508368372917175
        ],
        [
            0.05838530510663986,
            0.00927916169166565,
            -0.06359057873487473
        ],
        [
            0.05736946687102318,
            0.01570672169327736,
            -0.0599091574549675
        ],
        [
            0.06263266503810883,
            0.015657538548111916,
            -0.056002259254455566
        ],
        [
            0.03142283484339714,
            0.051484111696481705,
            -0.04048703610897064
        ],
        [
            0.03742920234799385,
            0.05086510628461838,
            -0.0458015576004982
        ],
        [
            0.04229287803173065,
            0.04212766885757446,
            -0.043902166187763214
        ],
        [
            0.11032244563102722,
            0.026388268917798996,
            -0.011026851832866669
        ],
        [
            0.11809922754764557,
            0.029811233282089233,
            -0.001690218225121498
        ],
        [
            0.04988746717572212,
            0.06252209842205048,
            -0.04338007792830467
        ],
        [
            0.026788044720888138,
            0.08671782910823822,
            -0.05069632828235626
        ],
        [
            0.028687791898846626,
            0.08375651389360428,
            -0.05553819611668587
        ],
        [
            0.02956915646791458,
            0.06730907410383224,
            -0.0475921593606472
        ],
        [
            0.02707532048225403,
            0.07091746479272842,
            -0.042341265827417374
        ],
        [
            0.046292781829833984,
            0.07275955379009247,
            -0.039480917155742645
        ],
        [
            0.04807123914361,
            0.067160964012146,
            -0.04348824545741081
        ],
        [
            0.047271646559238434,
            0.06998384743928909,
            -0.042910389602184296
        ],
        [
            0.04728081822395325,
            0.07541649043560028,
            -0.03924233093857765
        ],
        [
            0.07483268529176712,
            0.08450005948543549,
            -0.021707309409976006
        ],
        [
            0.07838347554206848,
            0.07830797135829926,
            -0.020091138780117035
        ],
        [
            0.03990789130330086,
            0.06603695452213287,
            -0.020640339702367783
        ],
        [
            0.030810309574007988,
            0.05687385052442551,
            -0.0240210872143507
        ],
        [
            0.03649378567934036,
            0.04662244766950607,
            -0.0196487195789814
        ],
        [
            0.0774630755186081,
            0.05942975729703903,
            -0.021428082138299942
        ],
        [
            0.07322371006011963,
            0.06864923238754272,
            -0.024303818121552467
        ],
        [
            0.0763954371213913,
            0.07018634676933289,
            -0.022073935717344284
        ],
        [
            0.05645547807216644,
            0.06236125901341438,
            -0.03785838186740875
        ],
        [
            0.05139441043138504,
            0.06740100681781769,
            -0.04008905217051506
        ],
        [
            0.05500205606222153,
            0.06826213747262955,
            -0.03696860745549202
        ],
        [
            0.06039400026202202,
            0.06349468231201172,
            -0.03415688872337341
        ],
        [
            0.10436698794364929,
            0.05320417135953903,
            0.01512477733194828
        ],
        [
            0.11258873343467712,
            0.05405493080615997,
            0.007055753841996193
        ],
        [
            0.035624995827674866,
            0.08898760378360748,
            -0.06254053860902786
        ],
        [
            0.034195516258478165,
            0.08576634526252747,
            -0.06047207862138748
        ],
        [
            0.08255495131015778,
            0.04976285248994827,
            -0.018019407987594604
        ],
        [
            0.04430283233523369,
            0.035072244703769684,
            -0.014871899038553238
        ],
        [
            0.08891083300113678,
            0.04064999148249626,
            -0.015528085641562939
        ],
        [
            0.07302240282297134,
            0.0830056220293045,
            -0.0016922224313020706
        ],
        [
            0.07916607707738876,
            0.08640100061893463,
            -0.006191801279783249
        ],
        [
            0.0765739232301712,
            0.08972880244255066,
            -0.009145578369498253
        ],
        [
            0.07114249467849731,
            0.08974689245223999,
            -0.005979318171739578
        ],
        [
            0.04558906704187393,
            0.08876415342092514,
            -0.044586461037397385
        ],
        [
            0.0469013936817646,
            0.08642156422138214,
            -0.04965107515454292
        ],
        [
            0.04654940962791443,
            0.08950881659984589,
            -0.05145804584026337
        ],
        [
            0.04512139409780502,
            0.0927630066871643,
            -0.046817000955343246
        ],
        [
            0.04592624679207802,
            0.06296245753765106,
            -0.046903569251298904
        ],
        [
            0.04141002520918846,
            0.05874738097190857,
            -0.04891339689493179
        ],
        [
            0.04104048013687134,
            0.06536858528852463,
            -0.05044902116060257
        ],
        [
            0.04500012844800949,
            0.06803038716316223,
            -0.04700908809900284
        ],
        [
            0.03516935557126999,
            0.05884620174765587,
            -0.04788114130496979
        ],
        [
            0.034778743982315063,
            0.06508997082710266,
            -0.0503154955804348
        ],
        [
            0.04058537632226944,
            0.09085457026958466,
            -0.0410863533616066
        ],
        [
            0.03311597555875778,
            0.09136296063661575,
            -0.041436612606048584
        ],
        [
            0.03450056165456772,
            0.07783039659261703,
            -0.03315968066453934
        ],
        [
            0.0418747141957283,
            0.07929948717355728,
            -0.0355122908949852
        ],
        [
            0.07961570471525192,
            0.036015670746564865,
            0.017381038516759872
        ],
        [
            0.0896935760974884,
            0.03948412835597992,
            0.020512783899903297
        ],
        [
            0.085523322224617,
            0.05259121209383011,
            0.014687839895486832
        ],
        [
            0.0811673253774643,
            0.06578648090362549,
            0.010146960616111755
        ],
        [
            0.076643206179142,
            0.07774201035499573,
            0.004385318607091904
        ],
        [
            0.06506603211164474,
            0.0742948055267334,
            0.0022352803498506546
        ],
        [
            0.09329722821712494,
            0.053614433854818344,
            0.016767701134085655
        ],
        [
            0.043412163853645325,
            0.07538493722677231,
            -0.032414358109235764
        ],
        [
            0.0362270213663578,
            0.06930039077997208,
            -0.02840576507151127
        ],
        [
            0.040370337665081024,
            0.07270447164773941,
            -0.0269407220184803
        ],
        [
            0.09538421034812927,
            0.04383790120482445,
            -0.013742239214479923
        ],
        [
            0.03300810232758522,
            0.08171141147613525,
            -0.05806228518486023
        ],
        [
            0.0708913579583168,
            -0.0065374597907066345,
            0.012455303221940994
        ],
        [
            0.07567017525434494,
            0.0011865869164466858,
            0.021648738533258438
        ],
        [
            0.07150667160749435,
            0.006794624030590057,
            0.01634478196501732
        ],
        [
            0.06694313883781433,
            -0.0016530156135559082,
            0.005774158984422684
        ],
        [
            0.04433148354291916,
            0.08324001729488373,
            -0.0551554337143898
        ],
        [
            0.039304591715335846,
            0.08118615299463272,
            -0.05845851078629494
        ],
        [
            0.0831640213727951,
            0.08205324411392212,
            -0.016880391165614128
        ],
        [
            0.07885047793388367,
            0.08667529374361038,
            -0.018162686377763748
        ],
        [
            0.07943843305110931,
            0.08931714296340942,
            -0.01490229181945324
        ],
        [
            0.08573296666145325,
            0.0873800665140152,
            -0.014406295493245125
        ],
        [
            0.09546340256929398,
            0.03979486972093582,
            0.021749842911958694
        ],
        [
            0.09547600150108337,
            0.0856885239481926,
            0.005244771018624306
        ],
        [
            0.08583402633666992,
            0.08433158695697784,
            0.007635146379470825
        ],
        [
            0.09295980632305145,
            0.027880802750587463,
            0.025513092055916786
        ],
        [
            0.08392803370952606,
            0.02484707534313202,
            0.02343650534749031
        ],
        [
            0.08752785623073578,
            0.017074495553970337,
            0.0280563086271286
        ],
        [
            0.053554993122816086,
            0.07545102387666702,
            -0.008169576525688171
        ],
        [
            0.07196764647960663,
            0.03505681827664375,
            0.013501530513167381
        ],
        [
            0.07749311625957489,
            0.02321154624223709,
            0.019696995615959167
        ],
        [
            0.08149564266204834,
            0.013834543526172638,
            0.02503781206905842
        ],
        [
            0.08453093469142914,
            0.0075520724058151245,
            0.029660355299711227
        ],
        [
            0.09095609188079834,
            0.011724360287189484,
            0.03235046565532684
        ],
        [
            0.02901368774473667,
            0.08975321799516678,
            -0.045535601675510406
        ],
        [
            0.03378981351852417,
            0.09660215675830841,
            -0.04490628466010094
        ],
        [
            0.09417999535799026,
            0.006059534847736359,
            0.038687583059072495
        ],
        [
            0.08716562390327454,
            0.001422204077243805,
            0.03483466058969498
        ],
        [
            0.07052478939294815,
            0.02016545832157135,
            0.01461450383067131
        ],
        [
            0.06334154307842255,
            0.01612522453069687,
            0.007612690329551697
        ],
        [
            0.06560439616441727,
            0.03177320584654808,
            0.008672486990690231
        ],
        [
            0.05768213048577309,
            0.028711777180433273,
            0.0012595541775226593
        ],
        [
            0.04511329531669617,
            0.06884005665779114,
            -0.008749820291996002
        ],
        [
            0.04243980348110199,
            0.10913252830505371,
            -0.05513935536146164
        ],
        [
            0.04006088152527809,
            0.10101562738418579,
            -0.047576308250427246
        ],
        [
            0.04462287202477455,
            0.09766139090061188,
            -0.048947401344776154
        ],
        [
            0.046218141913414,
            0.10706441104412079,
            -0.05426065996289253
        ],
        [
            0.04060853272676468,
            0.09541277587413788,
            -0.04416041076183319
        ],
        [
            0.03459291532635689,
            0.1009720042347908,
            -0.048890531063079834
        ],
        [
            0.051627423614263535,
            0.022052031010389328,
            -0.00957530364394188
        ],
        [
            0.05046670883893967,
            0.07454512268304825,
            -0.03821474313735962
        ],
        [
            0.059353090822696686,
            0.00696190819144249,
            -0.005439192056655884
        ],
        [
            0.04395156353712082,
            0.017099730670452118,
            -0.02415262535214424
        ],
        [
            0.05128340423107147,
            0.0055728331208229065,
            -0.02241688221693039
        ],
        [
            0.06688588857650757,
            -0.008905183523893356,
            -0.0036947503685951233
        ],
        [
            0.06074461713433266,
            -0.0067507363855838776,
            -0.017232686281204224
        ],
        [
            0.07416185736656189,
            -0.01778879016637802,
            0.008122503757476807
        ],
        [
            0.07046657800674438,
            -0.012243606150150299,
            0.0030578486621379852
        ],
        [
            0.05447660759091377,
            -0.005476437509059906,
            -0.031076651066541672
        ],
        [
