{
    "pred_cam": [
        9.831836700439453,
        0.064888134598732,
        -0.0599106065928936
    ],
    "pred_mano_params": {
        "global_orient": [
            [
                [
                    0.6415613293647766,
                    -0.5025606155395508,
                    -0.579509973526001
                ],
                [
                    -0.6986168622970581,
                    -0.07084989547729492,
                    -0.7119793891906738
                ],
                [
                    0.31675463914871216,
                    0.8616339564323425,
                    -0.39655187726020813
                ]
            ]
        ],
        "hand_pose": [
            [
                [
                    0.8952172994613647,
                    -0.3494362533092499,
                    -0.27655091881752014
                ],
                [
                    0.31404417753219604,
                    0.9349916577339172,
                    -0.16482390463352203
                ],
                [
                    0.3161682188510895,
                    0.06070399656891823,
                    0.9467591047286987
                ]
            ],
            [
                [
                    0.858356773853302,
                    -0.5107142925262451,
                    0.048934005200862885
                ],
                [
                    0.5086655616760254,
                    0.8346890211105347,
                    -0.21107728779315948
                ],
                [
                    0.06695552915334702,
                    0.2060706615447998,
                    0.9762437343597412
                ]
            ],
            [
                [
                    0.8083558678627014,
                    -0.5883453488349915,
                    0.020262354984879494
                ],
                [
                    0.5885721445083618,
                    0.8070090413093567,
                    -0.04815765842795372
                ],
                [
                    0.011981425806879997,
                    0.050854384899139404,
                    0.9986341595649719
                ]
            ],
            [
                [
                    0.8184354305267334,
                    -0.5015395283699036,
                    -0.2803952097892761
                ],
                [
                    0.447945237159729,
                    0.862537145614624,
                    -0.23531849682331085
                ],
                [
                    0.3598727881908417,
                    0.06699131429195404,
                    0.9305931925773621
                ]
            ],
            [
                [
                    0.7689711451530457,
                    -0.6072561144828796,
                    -0.19980838894844055
                ],
                [
                    0.6388123631477356,
                    0.7419053912162781,
                    0.20370341837406158
                ],
                [
                    0.024538792669773102,
                    -0.2842821180820465,
                    0.9584265351295471
                ]
            ],
            [
                [
                    0.7761613726615906,
                    -0.6286941766738892,
                    0.04813878983259201
                ],
                [
                    0.6291175484657288,
                    0.7772722244262695,
                    0.007680740673094988
                ],
                [
                    -0.0422457791864872,
                    0.024323465302586555,
                    0.9988111853599548
                ]
            ],
            [
                [
                    0.5257686376571655,
                    -0.8458882570266724,
                    0.0896679162979126
                ],
                [
                    0.831389844417572,
                    0.533306896686554,
                    0.15612363815307617
                ],
                [
                    -0.179883673787117,
                    -0.007535926532000303,
                    0.9836589694023132
                ]
            ],
            [
                [
                    0.9083219766616821,
                    -0.389792799949646,
                    -0.1516992747783661
                ],
                [
                    0.416395902633667,
                    0.8083735108375549,
                    0.41610896587371826
                ],
                [
                    -0.03956659138202667,
                    -0.4411279261112213,
                    0.8965715765953064
                ]
            ],
            [
                [
                    0.9342591166496277,
                    -0.33800405263900757,
                    0.11363589018583298
                ],
                [
                    0.2740788757801056,
                    0.8844980597496033,
                    0.3775499761104584
                ],
                [
                    -0.22812414169311523,
                    -0.3215843141078949,
                    0.9189901351928711
                ]
            ],
            [
                [
                    0.6899833083152771,
                    -0.7028931379318237,
                    -0.17281286418437958
                ],
                [
                    0.6591787934303284,
                    0.7088141441345215,
                    -0.25112903118133545
                ],
                [
                    0.2990091145038605,
                    0.059360262006521225,
                    0.9524021744728088
                ]
            ],
            [
                [
                    0.868499219417572,
                    -0.47875481843948364,
                    -0.12846383452415466
                ],
                [
                    0.48889610171318054,
                    0.7845658659934998,
                    0.3813621699810028
                ],
                [
                    -0.08179061114788055,
                    -0.3940182030200958,
                    0.9154561758041382
                ]
            ],
            [
                [
                    0.7575241327285767,
                    -0.6526830196380615,
                    0.012724582105875015
                ],
                [
                    0.638157844543457,
                    0.7444906234741211,
                    0.19618423283100128
                ],
                [
                    -0.1375194638967514,
                    -0.14049403369426727,
                    0.9804844260215759
                ]
            ],
            [
                [
                    0.9599903225898743,
                    0.27942562103271484,
                    0.018434811383485794
                ],
                [
                    -0.24301809072494507,
                    0.8640009164810181,
                    -0.4409586787223816
                ],
                [
                    -0.13914285600185394,
                    0.4188360869884491,
                    0.8973379731178284
                ]
            ],
            [
                [
                    0.9080078601837158,
                    -0.30911964178085327,
                    -0.2827839255332947
                ],
                [
                    0.39349472522735596,
                    0.8609574437141418,
                    0.3223569989204407
                ],
                [
                    0.14381806552410126,
                    -0.4039766490459442,
                    0.9033930897712708
                ]
            ],
            [
                [
                    0.9905639290809631,
                    -0.11551433056592941,
                    -0.07375312596559525
                ],
                [
                    0.07799802720546722,
                    0.9176462888717651,
                    -0.3896685242652893
                ],
                [
                    0.11269158869981766,
                    0.38023898005485535,
                    0.9179971814155579
                ]
            ]
        ],
        "betas": [
            0.05135519802570343,
            -0.10636046528816223,
            -0.004714936017990112,
            0.02293214201927185,
            0.027658313512802124,
            -0.0032603666186332703,
            0.042471110820770264,
            -0.034979671239852905,
            -0.04809117317199707,
            -0.046331584453582764
        ]
    },
    "pred_cam_t": [
        -0.064888134598732,
        -0.0599106065928936,
        3.97306227684021
    ],
    "focal_length": [
        5000.0,
        5000.0
    ],
    "pred_keypoints_3d": [
        [
            0.09551171958446503,
            0.006372422911226749,
            0.006189106032252312
        ],
        [
            0.07294535636901855,
            0.005899013020098209,
            -0.02492978610098362
        ],
        [
            0.049697037786245346,
            0.0016587143763899803,
            -0.04453844577074051
        ],
        [
            0.032071057707071304,
            0.011491997167468071,
            -0.06254114955663681
        ],
        [
            0.014342453330755234,
            0.024006372317671776,
            -0.09041202068328857
        ],
        [
            0.02987033873796463,
            0.05354786664247513,
            -0.03428126871585846
        ],
        [
            0.017912618815898895,
            0.08151255548000336,
            -0.046908169984817505
        ],
        [
            0.023813318461179733,
            0.0967077687382698,
            -0.06190262734889984
        ],
        [
            0.04064046964049339,
            0.1054026186466217,
            -0.07837334275245667
        ],
        [
            0.03765558451414108,
            0.0749146044254303,
            -0.023703979328274727
        ],
        [
            0.0366656556725502,
            0.10459351539611816,
            -0.03462982177734375
        ],
        [
            0.050569161772727966,
            0.1162014752626419,
            -0.049177736043930054
        ],
        [
            0.06856650114059448,
            0.11689912527799606,
            -0.06702360510826111
        ],
        [
            0.06054291874170303,
            0.08264657855033875,
            -0.012547066435217857
        ],
        [
            0.06321530789136887,
            0.10717237740755081,
            -0.027393855154514313
        ],
        [
            0.07991661876440048,
            0.11708308011293411,
            -0.042720433324575424
        ],
        [
            0.09783129394054413,
            0.11419496685266495,
            -0.05998169630765915
        ],
        [
            0.08132844418287277,
            0.08578835427761078,
            -0.0070447493344545364
        ],
        [
            0.08818986266851425,
            0.1005580946803093,
            -0.02041170932352543
        ],
        [
            0.10202597081661224,
            0.10434449464082718,
            -0.03273843601346016
        ],
        [
            0.1146315336227417,
            0.10033751279115677,
            -0.04689477011561394
        ]
    ],
    "pred_vertices": [
        [
            0.062217481434345245,
            0.030370820313692093,
            -0.031240267679095268
        ],
        [
            0.0696062222123146,
            0.02363656647503376,
            -0.030417174100875854
        ],
        [
            0.0614677332341671,
            0.021886931732296944,
            -0.03896554931998253
        ],
        [
            0.055098965764045715,
            0.028547389432787895,
            -0.03876166045665741
        ],
        [
            0.07739504426717758,
            0.006918150931596756,
            -0.041819073259830475
        ],
        [
            0.07780542969703674,
            -0.005429491400718689,
            -0.040896087884902954
        ],
        [
            0.0639897957444191,
            -0.002967989072203636,
            -0.05089925229549408
        ],
        [
            0.06603646278381348,
            0.006848005577921867,
            -0.051138199865818024
        ],
        [
            0.04747501015663147,
            0.026096170768141747,
            -0.04288493096828461
        ],
        [
            0.0549912303686142,
            0.020446546375751495,
            -0.04497867450118065
        ],
        [
            0.04249134659767151,
            0.021741164848208427,
            -0.04072331637144089
        ],
        [
            0.0337599515914917,
            0.027985764667391777,
            -0.035242918878793716
        ],
        [
            0.03987160325050354,
            0.031405188143253326,
            -0.039562057703733444
        ],
        [
            0.02832457795739174,
            0.03456638380885124,
            -0.03372802585363388
        ],
        [
            0.03336675465106964,
            0.022230640053749084,
            -0.02524452470242977
        ],
        [
            0.02639855444431305,
            0.036190494894981384,
            -0.024395357817411423
        ],
        [
            0.04593057930469513,
            0.034993402659893036,
            -0.002330739051103592
        ],
        [
            0.05525454878807068,
            0.04171421006321907,
            0.004354773089289665
        ],
        [
            0.04589880630373955,
            0.05486006289720535,
            -0.0009795725345611572
        ],
        [
            0.03777752444148064,
            0.04676041007041931,
            -0.008113676682114601
        ],
        [
            0.06439176201820374,
            0.06033306196331978,
            0.006387008354067802
        ],
        [
            0.05361165106296539,
            0.05810938775539398,
            0.00215219147503376
        ],
        [
            0.06252981722354889,
            0.04481974244117737,
            0.008510980755090714
        ],
        [
            0.07187557220458984,
            0.04742925241589546,
            0.011690909042954445
        ],
        [
            0.07470971345901489,
            0.03416403383016586,
            -0.0203351229429245
        ],
        [
            0.08260054886341095,
            0.027576331049203873,
            -0.017893079668283463
        ],
        [
            0.07770499587059021,
            0.026118937879800797,
            -0.021448353305459023
        ],
        [
            0.07046284526586533,
            0.03214234113693237,
            -0.023572364822030067
        ],
        [
            0.03838283196091652,
            0.009999552741646767,
            -0.04152245447039604
        ],
        [
            0.039910126477479935,
            0.007626812905073166,
            -0.032539401203393936
        ],
        [
            0.039057426154613495,
            0.015512356534600258,
            -0.03520193696022034
        ],
        [
            0.040738608688116074,
            0.014171421527862549,
            -0.04447510465979576
        ],
        [
            0.10836251825094223,
            0.015452668070793152,
            -0.01216781698167324
        ],
        [
            0.1116097941994667,
            0.005042016506195068,
            -0.004263082519173622
        ],
        [
            0.10752787441015244,
            0.0014450177550315857,
            -0.006384335458278656
        ],
        [
            0.10520483553409576,
            0.01200895756483078,
            -0.012817849405109882
        ],
        [
            0.09250300377607346,
            -0.007936786860227585,
            -0.022445764392614365
        ],
        [
            0.09584948420524597,
            -0.010827243328094482,
            -0.012525070458650589
        ],
        [
            0.0886899009346962,
            -0.02173374593257904,
            -0.006689835339784622
        ],
        [
            0.08269365131855011,
            -0.018647879362106323,
            -0.013744795694947243
        ],
        [
            0.08610674738883972,
            -0.0063935741782188416,
            -0.03250245749950409
        ],
        [
            0.0791744813323021,
            -0.016627319157123566,
            -0.02562538906931877
        ],
        [
            0.07205641269683838,
            -0.013987749814987183,
            -0.03525346890091896
        ],
        [
            0.05917281657457352,
            -0.009890682995319366,
            -0.04636270925402641
        ],
        [
            0.1189718246459961,
            0.012798905372619629,
            0.0028098728507757187
        ],
        [
            0.11799270659685135,
            0.021456383168697357,
            -0.002359863370656967
        ],
        [
            0.02305646985769272,
            0.0784064382314682,
            -0.05772807449102402
        ],
        [
            0.027462217956781387,
            0.08137813210487366,
            -0.05499332770705223
        ],
        [
            0.027855824679136276,
            0.07757775485515594,
            -0.05359296873211861
        ],
        [
            0.02321684919297695,
            0.07535439729690552,
            -0.05623956769704819
        ],
        [
            0.11488062143325806,
            0.02546457201242447,
            0.017995204776525497
        ],
        [
            0.10844850540161133,
            0.025135181844234467,
            0.025728324428200722
        ],
        [
            0.11371779441833496,
            0.020296461880207062,
            0.027127515524625778
        ],
        [
            0.1187102198600769,
            0.01908808946609497,
            0.019261609762907028
        ],
        [
            0.10978531837463379,
            0.033842895179986954,
            0.016199322417378426
        ],
        [
            0.1011422872543335,
            0.031572796404361725,
            0.02302708849310875
        ],
        [
            0.01185816153883934,
            0.08315728604793549,
            -0.05389478802680969
        ],
        [
            0.014322196133434772,
            0.08025628328323364,
            -0.05741294473409653
        ],
        [
            0.013293586671352386,
            0.07674677670001984,
            -0.053897321224212646
        ],
        [
            0.011443737894296646,
            0.07920416444540024,
            -0.049427930265665054
        ],
        [
            0.04783867299556732,
            0.03431300073862076,
            -0.039056774228811264
        ],
        [
            0.056046295911073685,
            0.03694884479045868,
            -0.034151285886764526
        ],
        [
            0.03792706876993179,
            0.049285657703876495,
            -0.042206913232803345
        ],
        [
            0.045320287346839905,
            0.04484867304563522,
            -0.037740401923656464
        ],
        [
            0.04046864062547684,
            0.0395529642701149,
            -0.03983244672417641
        ],
        [
            0.03409072756767273,
            0.04394145309925079,
            -0.04225366190075874
        ],
        [
            0.06321641802787781,
            0.053325630724430084,
            -0.024499056860804558
        ],
        [
            0.06985250115394592,
            0.04426311329007149,
            -0.021174335852265358
        ],
        [
            0.06454639881849289,
            0.04224216192960739,
            -0.024596933275461197
        ],
        [
            0.056603483855724335,
            0.05119771882891655,
            -0.029612941667437553
        ],
        [
            0.08162877708673477,
            0.0507742203772068,
            -0.016801828518509865
        ],
        [
            0.07389435172080994,
            0.059124384075403214,
            -0.02000800333917141
        ],
        [
            0.08146461844444275,
            0.06180029362440109,
            -0.017063872888684273
        ],
        [
            0.08613278716802597,
            0.05542758107185364,
            -0.01619546301662922
        ],
        [
            0.05810244753956795,
            0.07120782881975174,
            -0.026205196976661682
        ],
        [
            0.053393155336380005,
            0.0763527974486351,
            -0.026680268347263336
        ],
        [
            0.05701760947704315,
            0.07968491315841675,
            -0.026843972504138947
        ],
        [
            0.06110873818397522,
            0.07272680103778839,
            -0.024627888575196266
        ],
        [
            0.11808918416500092,
            0.015144966542720795,
            0.029273804277181625
        ],
        [
            0.12153790891170502,
            0.01249493658542633,
            0.020469561219215393
        ],
        [
            0.08481113612651825,
            0.06690338253974915,
            0.010783654637634754
        ],
        [
            0.09553517401218414,
            0.06585226953029633,
            0.00799383595585823
        ],
        [
            0.0908161848783493,
            0.0777459368109703,
            0.005173655226826668
        ],
        [
            0.07998879253864288,
            0.07615072280168533,
            0.009292703121900558
        ],
        [
            0.0989731103181839,
            0.022329606115818024,
            0.028754349797964096
        ],
        [
            0.10510764271020889,
            0.018674351274967194,
            0.03200717270374298
        ],
        [
            0.01275792345404625,
            0.08712046593427658,
            -0.04911811649799347
        ],
        [
            0.013027304783463478,
            0.08304686099290848,
            -0.044846780598163605
        ],
        [
            0.06544505059719086,
            -0.015841029584407806,
            -0.024350427091121674
        ],
        [
            0.053550105541944504,
            -0.011666368693113327,
            -0.03922891989350319
        ],
        [
            0.07287967205047607,
            -0.01782391592860222,
            -0.012501489371061325
        ],
        [
            0.07735038548707962,
            -0.019331619143486023,
            -0.003648947924375534
        ],
        [
            0.08123469352722168,
            -0.023610074073076248,
            0.0024128593504428864
        ],
        [
            0.0470343679189682,
            0.051340892910957336,
            -0.03645496815443039
        ],
        [
            0.06311523914337158,
            0.03719746321439743,
            -0.027712352573871613
        ],
        [
            0.07878996431827545,
            0.03631244972348213,
            -0.018109753727912903
        ],
        [
            0.10282193124294281,
            0.054270002990961075,
            -0.011285446584224701
        ],
        [
            0.10875023901462555,
            0.04585985839366913,
            -0.009153046645224094
        ],
        [
            0.09999331831932068,
            0.0433611236512661,
            -0.014724419452250004
        ],
        [
            0.0963074117898941,
            0.05127060413360596,
            -0.014891090802848339
        ],
        [
            0.10155607014894485,
            0.06641508638858795,
            0.00020105857402086258
        ],
        [
            0.10041733086109161,
            0.06526347249746323,
            -0.0076703866943717
        ],
        [
            0.09576033055782318,
            0.07244263589382172,
            -0.008833601139485836
        ],
        [
            0.0964888483285904,
            0.07545988261699677,
            -0.0015298016369342804
        ],
        [
            0.03627200052142143,
            0.0025983452796936035,
            -0.04169778153300285
        ],
        [
            0.04153537005186081,
            -2.5704503059387207e-05,
            -0.031291067600250244
        ],
        [
            0.11881715059280396,
            0.023636221885681152,
            0.0083659328520298
        ],
        [
            0.12040245532989502,
            0.016147613525390625,
            0.009712150320410728
        ],
        [
            0.12264746427536011,
            0.008994482457637787,
            0.013640930876135826
        ],
        [
            0.09525173902511597,
            0.02096044272184372,
            -0.016313549131155014
        ],
        [
            0.10312826931476593,
            0.009613346308469772,
            -0.013534060679376125
        ],
        [
            0.1000623106956482,
            0.007661208510398865,
            -0.016499947756528854
        ],
        [
            0.0923679918050766,
            0.01996798813343048,
            -0.0173155777156353
        ],
        [
            0.07929068058729172,
            0.01759294420480728,
            -0.0316181480884552
        ],
        [
            0.08841167390346527,
            0.007068641483783722,
            -0.030849836766719818
        ],
        [
            0.06992372125387192,
            0.017038976773619652,
            -0.04132077097892761
        ],
        [
            0.10304071009159088,
            -0.004771575331687927,
            -0.008725816383957863
        ],
        [
            0.11163995414972305,
            -0.007048279047012329,
            -0.0022206250578165054
        ],
        [
            0.10546804219484329,
            -0.013032644987106323,
            -0.0044046975672245026
        ],
        [
            0.11749592423439026,
            -0.0008506178855895996,
            0.0026139505207538605
        ],
        [
            0.1216779500246048,
            0.0048983097076416016,
            0.008001990616321564
        ],
        [
            0.10961155593395233,
            0.014129787683486938,
            0.03761929273605347
        ],
        [
            0.098489910364151,
            -0.0177328959107399,
            -0.00521811842918396
        ],
        [
            0.05757014453411102,
            0.006711138412356377,
            -0.055762287229299545
        ],
        [
            0.050444673746824265,
            0.007388398051261902,
            -0.05901510640978813
        ],
        [
            0.04948241263628006,
            0.013628387823700905,
            -0.054976969957351685
        ],
        [
            0.05535929650068283,
            0.013612620532512665,
            -0.05172492563724518
        ],
        [
            0.022560298442840576,
            0.042842064052820206,
            -0.03452777862548828
        ],
        [
            0.02794310823082924,
            0.04259742051362991,
            -0.04056423902511597
        ],
        [
            0.03398795425891876,
            0.03474567085504532,
            -0.038857460021972656
        ],
        [
            0.10645975172519684,
            0.02671824023127556,
            -0.013562952168285847
        ],
        [
            0.1148650199174881,
            0.031364306807518005,
            -0.00535366777330637
        ],
        [
            0.039239831268787384,
            0.05567234009504318,
            -0.040339067578315735
        ],
        [
            0.011487124487757683,
            0.07548864185810089,
            -0.04557817801833153
        ],
        [
            0.01322166994214058,
            0.07255373150110245,
            -0.05053142085671425
        ],
        [
            0.017545409500598907,
            0.05735284835100174,
            -0.041927311569452286
        ],
        [
            0.015252735465765,
            0.060881875455379486,
            -0.036547645926475525
        ],
        [
            0.03474215418100357,
            0.06558796763420105,
            -0.036537446081638336
        ],
        [
            0.03652353957295418,
            0.06020253151655197,
            -0.04050399363040924
        ],
        [
            0.035194993019104004,
            0.06294596940279007,
            -0.040001653134822845
        ],
        [
            0.034848060458898544,
            0.06854157894849777,
            -0.03664834797382355
        ],
        [
            0.06526035070419312,
            0.0799981877207756,
            -0.022935355082154274
        ],
        [
            0.06878612190485,
            0.07414703071117401,
            -0.021331407129764557
        ],
        [
            0.031776245683431625,
            0.059246499091386795,
            -0.016573894768953323
        ],
        [
            0.023369744420051575,
            0.04888900741934776,
            -0.018460823222994804
        ],
        [
            0.03047674521803856,
            0.039743565022945404,
            -0.014323864132165909
        ],
        [
            0.0694851204752922,
            0.05595090985298157,
            -0.021425923332571983
        ],
        [
            0.064067043364048,
            0.06451035290956497,
            -0.024173572659492493
        ],
        [
            0.06730706989765167,
            0.0663413479924202,
            -0.02240997925400734
        ],
        [
            0.046577177941799164,
            0.05615740269422531,
            -0.03554100543260574
        ],
        [
            0.04068336635828018,
            0.06075179576873779,
            -0.03744570538401604
        ],
        [
            0.04469895362854004,
            0.06177657097578049,
            -0.034628529101610184
        ],
        [
            0.05077655613422394,
            0.05773600563406944,
            -0.0323096327483654
        ],
        [
            0.10079187899827957,
            0.05445476248860359,
            0.012086494825780392
        ],
        [
            0.10797514021396637,
            0.055503830313682556,
            0.003041263669729233
        ],
        [
            0.018361125141382217,
            0.07829401642084122,
            -0.05869068205356598
        ],
        [
            0.017806507647037506,
            0.0750390887260437,
            -0.05632924288511276
        ],
        [
            0.0758657455444336,
            0.04701806232333183,
            -0.01824592798948288
        ],
        [
            0.03978029265999794,
            0.029250312596559525,
            -0.009987713769078255
        ],
        [
            0.08335083723068237,
            0.03870214521884918,
            -0.016155965626239777
        ],
        [
            0.06504985690116882,
            0.08020849525928497,
            -0.002936067059636116
        ],
        [
            0.07132939994335175,
            0.08346918970346451,
            -0.00901966542005539
        ],
        [
            0.06835674494504929,
            0.08608798682689667,
            -0.011220695450901985
        ],
        [
            0.06297443062067032,
            0.08622094243764877,
            -0.0074908118695020676
        ],
        [
            0.03035810776054859,
            0.08093808591365814,
            -0.04223915934562683
        ],
        [
            0.03134312480688095,
            0.07850562036037445,
            -0.04735516011714935
        ],
        [
            0.030405884608626366,
            0.0812157616019249,
            -0.04918942600488663
        ],
        [
            0.029083851724863052,
            0.08450305461883545,
            -0.044515565037727356
        ],
        [
            0.03451218083500862,
            0.0555281937122345,
            -0.04336871951818466
        ],
        [
            0.03037283569574356,
            0.050602346658706665,
            -0.044526517391204834
        ],
        [
            0.028728270903229713,
            0.05696976184844971,
            -0.046311281621456146
        ],
        [
            0.032683297991752625,
            0.06040249019861221,
            -0.043619465082883835
        ],
        [
            0.02426309883594513,
            0.04994805529713631,
            -0.04264345392584801
        ],
        [
            0.022632211446762085,
            0.05576235055923462,
            -0.045271068811416626
        ],
        [
            0.025600381195545197,
            0.08243583887815475,
            -0.03814472258090973
        ],
        [
            0.018161922693252563,
            0.0817057341337204,
            -0.0374922901391983
        ],
        [
            0.022741390392184258,
            0.069419726729393,
            -0.028908370062708855
        ],
        [
            0.02939583547413349,
            0.0717773288488388,
            -0.03235718980431557
        ],
        [
            0.07823281735181808,
            0.03515041619539261,
            0.017831265926361084
        ],
        [
            0.08821699023246765,
            0.03971049189567566,
            0.01963008940219879
        ],
        [
            0.08207878470420837,
            0.05217013508081436,
            0.013786407187581062
        ],
        [
            0.07582657039165497,
            0.06488962471485138,
            0.009197128936648369
        ],
        [
            0.06938613206148148,
            0.07616518437862396,
            0.0033908095210790634
        ],
        [
            0.05792324244976044,
            0.07161267846822739,
            0.002873621881008148
        ],
        [
            0.08994530141353607,
            0.0540040023624897,
            0.014924010261893272
        ],
        [
            0.033301133662462234,
            0.0677296444773674,
            -0.029283206909894943
        ],
        [
            0.026709340512752533,
            0.06153059005737305,
            -0.024011068046092987
        ],
        [
            0.031110597774386406,
            0.06529424339532852,
            -0.02336829900741577
        ],
        [
            0.08966311812400818,
            0.04254936799407005,
            -0.01529923640191555
        ],
        [
            0.017440035939216614,
            0.07106198370456696,
            -0.0535348616540432
        ],
        [
            0.07311511039733887,
            -0.008387312293052673,
            0.01577496901154518
        ],
        [
            0.0782012939453125,
            0.0003124251961708069,
            0.024056192487478256
        ],
        [
            0.07293788343667984,
            0.005193173885345459,
            0.01902872696518898
        ],
        [
            0.06791894137859344,
            -0.004370253533124924,
            0.00930822268128395
        ],
        [
            0.028612054884433746,
            0.07459898293018341,
            -0.052315521985292435
        ],
        [
            0.023618269711732864,
            0.07152343541383743,
            -0.054777562618255615
        ],
        [
            0.07381246984004974,
            0.07804947346448898,
            -0.019145485013723373
        ],
        [
            0.06962281465530396,
            0.08242093026638031,
            -0.020125113427639008
        ],
        [
            0.07089823484420776,
            0.08529619872570038,
            -0.01691245660185814
        ],
        [
            0.07703326642513275,
            0.08336422592401505,
            -0.017591936513781548
        ],
        [
            0.09405434131622314,
            0.04062940552830696,
            0.020189732313156128
        ],
        [
            0.08900928497314453,
            0.08464322984218597,
            0.0008629076182842255
        ],
        [
            0.07893508672714233,
            0.08364206552505493,
            0.004457879811525345
        ],
        [
            0.09317129850387573,
            0.02869068831205368,
            0.024691756814718246
        ],
        [
            0.08430101722478867,
            0.024723906069993973,
            0.02380944974720478
        ],
        [
            0.08914578706026077,
            0.017556585371494293,
            0.028308795765042305
        ],
        [
            0.04569992795586586,
            0.0709623247385025,
            -0.006531193852424622
        ],
        [
            0.07032239437103271,
            0.03325881063938141,
            0.01490521989762783
        ],
        [
            0.07766048610210419,
            0.022295717149972916,
            0.020929541438817978
        ],
        [
            0.08314217627048492,
            0.013613462448120117,
            0.02617500349879265
        ],
        [
            0.08727901428937912,
            0.007896862924098969,
            0.030682994052767754
        ],
        [
            0.09353210031986237,
            0.0127815380692482,
            0.03241247683763504
        ],
        [
            0.01385330967605114,
            0.07915124297142029,
            -0.04091127961874008
        ],
        [
            0.017584461718797684,
            0.08663681894540787,
            -0.04121018946170807
        ],
        [
            0.09796527028083801,
            0.007799006998538971,
            0.038602594286203384
        ],
        [
            0.09104418009519577,
            0.0023359879851341248,
            0.03580121695995331
        ],
        [
            0.07047957181930542,
            0.01834077388048172,
            0.016844265162944794
        ],
        [
            0.06295033544301987,
            0.01319197192788124,
            0.010873600840568542
        ],
        [
            0.0638018399477005,
            0.029118936508893967,
            0.010998101904988289
        ],
        [
            0.05543002486228943,
            0.024899333715438843,
            0.004689857363700867
        ],
        [
            0.03774290531873703,
            0.06359881162643433,
            -0.005521826446056366
        ],
        [
            0.022866681218147278,
            0.09966865926980972,
            -0.0530736967921257
        ],
        [
            0.02274838276207447,
            0.09182091057300568,
            -0.04496152698993683
        ],
        [
            0.027571454644203186,
            0.08911056816577911,
            -0.04680238664150238
        ],
        [
            0.026978302747011185,
            0.0982319712638855,
            -0.05271081626415253
        ],
        [
            0.02458757720887661,
            0.08659064769744873,
            -0.04136895015835762
        ],
        [
            0.017226478084921837,
            0.09082667529582977,
            -0.045470722019672394
        ],
        [
            0.04880136996507645,
            0.017140977084636688,
            -0.005094371736049652
        ],
        [
            0.039622705429792404,
            0.06727097183465958,
            -0.035667404532432556
        ],
        [
            0.058205828070640564,
            0.002863742411136627,
            -0.0014263316988945007
        ],
        [
            0.03998405858874321,
            0.011364910751581192,
            -0.018544692546129227
        ],
        [
            0.04831520467996597,
            0.0005557388067245483,
            -0.017515117302536964
        ],
        [
            0.06728243827819824,
            -0.012301024049520493,
            -0.00017428770661354065
        ],
        [
            0.05917263776063919,
            -0.011005640029907227,
            -0.013417886570096016
        ],
        [
            0.0769658088684082,
            -0.019509531557559967,
            0.011523842811584473
        ],
        [
            0.07210566103458405,
            -0.014750022441148758,
            0.00653337687253952
        ],
        [
            0.051161110401153564,
            -0.00965891033411026,
