{
    "pred_cam": [
        6.801957130432129,
        -0.0483059361577034,
        0.0023305024951696396
    ],
    "pred_mano_params": {
        "global_orient": [
            [
                [
                    0.6457706093788147,
                    0.7628617882728577,
                    -0.031969670206308365
                ],
                [
                    0.2968844771385193,
                    -0.2894512116909027,
                    -0.9099875688552856
                ],
                [
                    -0.7034485340118408,
                    0.5781520009040833,
                    -0.41340091824531555
                ]
            ]
        ],
        "hand_pose": [
            [
                [
                    0.676203191280365,
                    -0.7162872552871704,
                    -0.17228372395038605
                ],
                [
                    0.7233893871307373,
                    0.689838707447052,
                    -0.028815601021051407
                ],
                [
                    0.13948823511600494,
                    -0.10514301806688309,
                    0.9846257567405701
                ]
            ],
            [
                [
                    0.7422673106193542,
                    -0.660743772983551,
                    0.11161099374294281
                ],
                [
                    0.663290798664093,
                    0.7007670998573303,
                    -0.2626231014728546
                ],
                [
                    0.09531324356794357,
                    0.26896706223487854,
                    0.9584217667579651
                ]
            ],
            [
                [
                    0.8856008648872375,
                    -0.4606485366821289,
                    0.05927899852395058
                ],
                [
                    0.45218425989151,
                    0.8843019604682922,
                    0.11635866016149521
                ],
                [
                    -0.106020987033844,
                    -0.07624229788780212,
                    0.9914366006851196
                ]
            ],
            [
                [
                    0.1000228300690651,
                    -0.9424375295639038,
                    -0.31907203793525696
                ],
                [
                    0.9943747520446777,
                    0.08345156908035278,
                    0.06522751599550247
                ],
                [
                    -0.03484579175710678,
                    -0.3238014280796051,
                    0.9454831480979919
                ]
            ],
            [
                [
                    0.9520503878593445,
                    -0.260125994682312,
                    -0.1610419601202011
                ],
                [
                    0.28268104791641235,
                    0.9492563605308533,
                    0.13785439729690552
                ],
                [
                    0.11701057851314545,
                    -0.17676784098148346,
                    0.9772725701332092
                ]
            ],
            [
                [
                    0.9538864493370056,
                    -0.29988422989845276,
                    0.013039611279964447
                ],
                [
                    0.3000808358192444,
                    0.9537548422813416,
                    -0.01740974746644497
                ],
                [
                    -0.007215684279799461,
                    0.020519861951470375,
                    0.9997633099555969
                ]
            ],
            [
                [
                    0.32915422320365906,
                    -0.9441757798194885,
                    -0.013767975382506847
                ],
                [
                    0.718195915222168,
                    0.2408546507358551,
                    0.6528273820877075
                ],
                [
                    -0.6130677461624146,
                    -0.2247690111398697,
                    0.7573815584182739
                ]
            ],
            [
                [
                    0.9696186780929565,
                    -0.23011238873004913,
                    -0.08299368619918823
                ],
                [
                    0.23990054428577423,
                    0.960838258266449,
                    0.1386992186307907
                ],
                [
                    0.04782709851861,
                    -0.15439556539058685,
                    0.9868507981300354
                ]
            ],
            [
                [
                    0.9921770691871643,
                    0.12475431710481644,
                    -0.004584692418575287
                ],
                [
                    -0.11722853779792786,
                    0.9436929225921631,
                    0.30935606360435486
                ],
                [
                    0.04292004927992821,
                    -0.30639854073524475,
                    0.9509352445602417
                ]
            ],
            [
                [
                    0.1120578721165657,
                    -0.9937009215354919,
                    -0.0012480978621169925
                ],
                [
                    0.9656944870948792,
                    0.10860342532396317,
                    0.23588009178638458
                ],
                [
                    -0.2342587113380432,
                    -0.02763751521706581,
                    0.9717813730239868
                ]
            ],
            [
                [
                    0.9764437079429626,
                    -0.21372723579406738,
                    -0.029637925326824188
                ],
                [
                    0.20864175260066986,
                    0.900205671787262,
                    0.3822282552719116
                ],
                [
                    -0.05501236021518707,
                    -0.379408061504364,
                    0.9235925674438477
                ]
            ],
            [
                [
                    0.9721825122833252,
                    -0.22979889810085297,
                    0.045317597687244415
                ],
                [
                    0.22151175141334534,
                    0.9649181365966797,
                    0.14094477891921997
                ],
                [
                    -0.07611673325300217,
                    -0.12698566913604736,
                    0.988979697227478
                ]
            ],
            [
                [
                    0.9788899421691895,
                    0.023207515478134155,
                    -0.20306608080863953
                ],
                [
                    -0.17395628988742828,
                    0.6161948442459106,
                    -0.7681426405906677
                ],
                [
                    0.10730157792568207,
                    0.7872517704963684,
                    0.6072240471839905
                ]
            ],
            [
                [
                    0.9272398948669434,
                    -0.373951256275177,
                    -0.019666679203510284
                ],
                [
                    0.3493390381336212,
                    0.8449079394340515,
                    0.405083566904068
                ],
                [
                    -0.13486498594284058,
                    -0.3824799358844757,
                    0.9140681028366089
                ]
            ],
            [
                [
                    0.9420638084411621,
                    -0.08818072825670242,
                    -0.323635458946228
                ],
                [
                    -0.03652283176779747,
                    0.932125449180603,
                    -0.36028915643692017
                ],
                [
                    0.3334394097328186,
                    0.35123544931411743,
                    0.8749010562896729
                ]
            ]
        ],
        "betas": [
            -0.03467705845832825,
            0.022889316082000732,
            0.022025078535079956,
            0.03983667492866516,
            0.010031968355178833,
            -0.03360088914632797,
            0.004603534936904907,
            -0.06988909840583801,
            -0.005499988794326782,
            -0.002613365650177002
        ]
    },
    "pred_cam_t": [
        -0.0483059361577034,
        0.0023305024951696396,
        5.742832660675049
    ],
    "focal_length": [
        5000.0,
        5000.0
    ],
    "pred_keypoints_3d": [
        [
            0.09581586718559265,
            0.006399329751729965,
            0.0061845011077821255
        ],
        [
            0.06749603152275085,
            -0.019796524196863174,
            0.003406674135476351
        ],
        [
            0.04066441208124161,
            -0.03466951102018356,
            0.00667439354583621
        ],
        [
            0.01478804275393486,
            -0.040686581283807755,
            0.012189287692308426
        ],
        [
            -0.018594831228256226,
            -0.04014449939131737,
            0.023774992674589157
        ],
        [
            0.03416605293750763,
            -0.037189874798059464,
            0.05668792501091957
        ],
        [
            0.001868654042482376,
            -0.03610769286751747,
            0.06357987970113754
        ],
        [
            -0.014115909114480019,
            -0.026633787900209427,
            0.05139577388763428
        ],
        [
            -0.02434670738875866,
            -0.015413865447044373,
            0.03174450621008873
        ],
        [
            0.03356855735182762,
            -0.018274765461683273,
            0.07344435900449753
        ],
        [
            0.007900621742010117,
            -0.005776070058345795,
            0.05956330895423889
        ],
        [
            -0.0037156380712985992,
            0.0051773227751255035,
            0.04260780289769173
        ],
        [
            -0.014914078637957573,
            0.01610151119530201,
            0.021937422454357147
        ],
        [
            0.04078283533453941,
            0.007580794394016266,
            0.07254373282194138
        ],
        [
            0.01573392190039158,
            0.01274406723678112,
            0.059201743453741074
        ],
        [
            0.001906849443912506,
            0.0211794450879097,
            0.04041443020105362
        ],
        [
            -0.012189973145723343,
            0.02789907529950142,
            0.020100269466638565
        ],
        [
            0.04508211463689804,
            0.02825218439102173,
            0.0667799636721611
        ],
        [
            0.025950657203793526,
            0.03161933273077011,
            0.058455049991607666
        ],
        [
            0.012147365137934685,
            0.035591010004282,
            0.04606525972485542
        ],
        [
            -0.004782018251717091,
            0.03953199088573456,
            0.03254486620426178
        ]
    ],
    "pred_vertices": [
        [
            0.05004189908504486,
            -0.01799231953918934,
            0.024948887526988983
        ],
        [
            0.05557046830654144,
            -0.013371195644140244,
            0.016979724168777466
        ],
        [
            0.047319717705249786,
            -0.019245631992816925,
            0.0172947458922863
        ],
        [
            0.04348718374967575,
            -0.024770690128207207,
            0.024542197585105896
        ],
        [
            0.051169224083423615,
            -0.011394865810871124,
            -0.0025242455303668976
        ],
        [
            0.05496674031019211,
            -0.017790216952562332,
            -0.012393653392791748
        ],
        [
            0.04126528650522232,
            -0.025219276547431946,
            -0.006770927459001541
        ],
        [
            0.03982500731945038,
            -0.017781510949134827,
            0.0003807730972766876
        ],
        [
            0.039121031761169434,
            -0.03108314797282219,
            0.025577161461114883
        ],
        [
            0.04050743207335472,
            -0.023951370269060135,
            0.017809759825468063
        ],
        [
            0.03992375731468201,
            -0.03552327677607536,
            0.026275182142853737
        ],
        [
            0.043535493314266205,
            -0.04352613911032677,
            0.03632066398859024
        ],
        [
            0.03968701511621475,
            -0.03764445707201958,
            0.03376270830631256
        ],
        [
            0.042778823524713516,
            -0.0462416335940361,
            0.044274602085351944
        ],
        [
            0.054484330117702484,
            -0.045781612396240234,
            0.03644154965877533
        ],
        [
            0.04964658245444298,
            -0.04639570415019989,
            0.051241952925920486
        ],
        [
            0.07179757207632065,
            -0.02586538717150688,
            0.049572449177503586
        ],
        [
            0.0750933364033699,
            -0.01298331655561924,
            0.053009532392024994
        ],
        [
            0.0634063333272934,
            -0.016187073662877083,
            0.0672527402639389
        ],
        [
            0.060524821281433105,
            -0.028660237789154053,
            0.06143585592508316
        ],
        [
            0.06813273578882217,
            0.004515342880040407,
            0.06473777443170547
        ],
        [
            0.0649198517203331,
            -0.006988804787397385,
            0.06662240624427795
        ],
        [
            0.0775902271270752,
            -0.004204922821372747,
            0.05349761247634888
        ],
        [
            0.07961581647396088,
            0.005861341953277588,
            0.05222521349787712
        ],
        [
            0.05810561031103134,
            -0.0040799882262945175,
            0.025875862687826157
        ],
        [
            0.06428197026252747,
            6.284564733505249e-06,
            0.017924845218658447
        ],
        [
            0.06249810755252838,
            -0.005530437454581261,
            0.017871662974357605
        ],
        [
            0.056295156478881836,
            -0.009322432801127434,
            0.025139614939689636
        ],
        [
            0.037703052163124084,
            -0.04194694384932518,
            0.018465546891093254
        ],
        [
            0.05062580108642578,
            -0.044801853597164154,
            0.019594337791204453
        ],
        [
            0.04576469212770462,
            -0.04176164045929909,
            0.025257205590605736
        ],
        [
            0.03482804447412491,
            -0.03732364624738693,
            0.0198579840362072
        ],
        [
            0.07589253783226013,
            0.01818927749991417,
            -0.0016742795705795288
        ],
        [
            0.08814846724271774,
            0.017773745581507683,
            -0.007554702460765839
        ],
        [
            0.0879068598151207,
            0.01208815723657608,
            -0.00917680561542511
        ],
        [
            0.07708615064620972,
            0.01355007290840149,
            -0.003076784312725067
        ],
        [
            0.07667957246303558,
            -0.007041182368993759,
            -0.015151187777519226
        ],
        [
            0.08758043497800827,
            -0.005058668553829193,
            -0.015433229506015778
        ],
        [
            0.09677295386791229,
            -0.015033407136797905,
            -0.01735803484916687
        ],
        [
            0.08733747899532318,
            -0.019631395116448402,
            -0.015240706503391266
        ],
        [
            0.0649532675743103,
            -0.012014888226985931,
            -0.014271792024374008
        ],
        [
            0.0736924409866333,
            -0.022822145372629166,
            -0.01639680564403534
        ],
        [
            0.06093989312648773,
            -0.027562811970710754,
            -0.014434240758419037
        ],
        [
            0.04494524747133255,
            -0.033670589327812195,
            -0.008681997656822205
        ],
        [
            0.09104225039482117,
            0.02911354973912239,
            -0.002194233238697052
        ],
        [
            0.08212998509407043,
            0.03131933882832527,
            0.002445593476295471
        ],
        [
            0.0017988178879022598,
            -0.03630189597606659,
            0.049883633852005005
        ],
        [
            0.0023857969790697098,
            -0.030287381261587143,
            0.050865232944488525
        ],
        [
            0.006038239225745201,
            -0.03141972795128822,
            0.05056218057870865
        ],
        [
            0.004844233393669128,
            -0.03713642805814743,
            0.04995327442884445
        ],
        [
            0.09809610247612,
            0.03450039029121399,
            0.016125217080116272
        ],
        [
            0.10469160228967667,
            0.03020096942782402,
            0.02247057855129242
        ],
        [
            0.10857030749320984,
            0.03278600051999092,
            0.016846440732479095
        ],
        [
            0.10251879692077637,
            0.03509679436683655,
            0.009981334209442139
        ],
        [
            0.09227529168128967,
            0.033688612282276154,
            0.02424510195851326
        ],
        [
            0.09884440898895264,
            0.02634868025779724,
            0.029835451394319534
        ],
        [
            -0.003650471568107605,
            -0.04174972325563431,
            0.06018279120326042
        ],
        [
            -0.002397531643509865,
            -0.04228738695383072,
            0.055101606994867325
        ],
        [
            0.0017968695610761642,
            -0.04389113187789917,
            0.0572807677090168
        ],
        [
            0.001711023971438408,
            -0.042891621589660645,
            0.0627131313085556
        ],
        [
            0.04005121439695358,
            -0.030190175399184227,
            0.03175520524382591
        ],
        [
            0.04379548877477646,
            -0.02151539921760559,
            0.03151892125606537
        ],
        [
            0.03187331184744835,
            -0.0333370603621006,
            0.04486062005162239
        ],
        [
            0.036708585917949677,
            -0.02827323228120804,
            0.041105967015028
        ],
        [
            0.03730463981628418,
            -0.03499726206064224,
            0.03883031755685806
        ],
        [
            0.03385593742132187,
            -0.038888443261384964,
            0.04308614507317543
        ],
        [
            0.044994331896305084,
            -0.006188427098095417,
            0.04416054114699364
        ],
        [
            0.05232413113117218,
            -0.003857336938381195,
            0.03551400452852249
        ],
        [
            0.05005848407745361,
            -0.010117599740624428,
            0.035200659185647964
        ],
        [
            0.041198648512363434,
            -0.013983078300952911,
            0.04359878599643707
        ],
        [
            0.05369138717651367,
            0.010270931757986546,
            0.036231543868780136
        ],
        [
            0.04689446836709976,
            0.0066806296817958355,
            0.04498021677136421
        ],
        [
            0.048688627779483795,
            0.01508797612041235,
            0.04424853250384331
        ],
        [
            0.05229904502630234,
            0.01645834371447563,
            0.03761804476380348
        ],
        [
            0.03610158711671829,
            -0.0031789583154022694,
            0.05917070060968399
        ],
        [
            0.034774817526340485,
            -0.005998352542519569,
            0.0625537633895874
        ],
        [
            0.034022197127342224,
            -0.0020042292308062315,
            0.06158725544810295
        ],
        [
            0.03690529242157936,
            0.0005074627697467804,
            0.058692559599876404
        ],
        [
            0.11320146918296814,
            0.03462298959493637,
            0.011744610965251923
        ],
        [
            0.10694397985935211,
            0.034744806587696075,
            0.004132211208343506
        ],
        [
            0.06999554485082626,
            0.026312457397580147,
            0.060410819947719574
        ],
        [
            0.06908068805932999,
            0.0343642383813858,
            0.05242902413010597
        ],
        [
            0.05946844816207886,
            0.03484581038355827,
            0.061579629778862
        ],
        [
            0.06326258182525635,
            0.02586926706135273,
            0.06928419321775436
        ],
        [
            0.10818477720022202,
            0.021243363618850708,
            0.02647586539387703
        ],
        [
            0.11314824223518372,
            0.025480473414063454,
            0.022102076560258865
        ],
        [
            -0.0038871057331562042,
            -0.03756006062030792,
            0.06501807272434235
        ],
        [
            0.0015384238213300705,
            -0.03840481489896774,
            0.06711599975824356
        ],
        [
            0.07103580236434937,
            -0.035320211201906204,
            -0.008845020085573196
        ],
        [
            0.050612010061740875,
            -0.041114699095487595,
            -0.005108144134283066
        ],
        [
            0.08627356588840485,
            -0.02918504923582077,
            -0.009620331227779388
        ],
        [
            0.09680037200450897,
            -0.024390947073698044,
            -0.008895911276340485
        ],
        [
            0.10513075441122055,
            -0.021290084347128868,
            -0.010965537279844284
        ],
        [
            0.0351642370223999,
            -0.023548685014247894,
            0.0454525351524353
        ],
        [
            0.04969049245119095,
            -0.014202196151018143,
            0.030858322978019714
        ],
        [
            0.05911242216825485,
            0.000909341499209404,
            0.02635333314538002
        ],
        [
            0.05795589089393616,
            0.03156977891921997,
            0.03061607852578163
        ],
        [
            0.06403001397848129,
            0.03330560773611069,
            0.022411733865737915
        ],
        [
            0.059783585369586945,
            0.02336091175675392,
            0.02234843373298645
        ],
        [
            0.05579563230276108,
            0.023733321577310562,
            0.029951445758342743
        ],
        [
            0.062358833849430084,
            0.038354888558387756,
            0.04580821841955185
        ],
        [
            0.05610267445445061,
            0.03528134524822235,
            0.04155978187918663
        ],
        [
            0.051652271300554276,
            0.03404874727129936,
            0.047775749117136
        ],
        [
            0.05588622763752937,
            0.037439197301864624,
            0.05349541828036308
        ],
        [
            0.03849217668175697,
            -0.04710777848958969,
            0.012906637042760849
        ],
        [
            0.05404770374298096,
            -0.04696256294846535,
            0.013077937066555023
        ],
        [
            0.09067665040493011,
            0.03517494723200798,
            0.008523665368556976
        ],
        [
            0.09559682011604309,
            0.03331820294260979,
            0.0027002692222595215
        ],
        [
            0.10269049555063248,
            0.03268980607390404,
            -0.002081833779811859
        ],
        [
            0.06956790387630463,
            0.008146300911903381,
            0.007142208516597748
        ],
        [
            0.07779813557863235,
            0.01035877875983715,
            -0.004190400242805481
        ],
        [
            0.07643583416938782,
            0.006299413740634918,
            -0.005267336964607239
        ],
        [
            0.06982116401195526,
            0.004830308258533478,
            0.007470563054084778
        ],
        [
            0.05893562734127045,
            -0.0069984085857868195,
            0.007718726992607117
        ],
        [
            0.063246950507164,
            -0.004093509167432785,
            -0.004679635167121887
        ],
        [
            0.04859767109155655,
            -0.012156259268522263,
            0.009371846914291382
        ],
        [
            0.08875997364521027,
            0.004699293524026871,
            -0.01259487122297287
        ],
        [
            0.09596000611782074,
            0.0125039741396904,
            -0.015671908855438232
        ],
        [
            0.09655033051967621,
            0.003896627575159073,
            -0.017992794513702393
        ],
        [
            0.09748799353837967,
            0.021438557654619217,
            -0.011837854981422424
        ],
        [
            0.09965384006500244,
            0.028769806027412415,
            -0.007180862128734589
        ],
        [
            0.12052018940448761,
            0.028403589501976967,
            0.01891714707016945
        ],
        [
            0.09744308888912201,
            -0.004450768232345581,
            -0.018492311239242554
        ],
        [
            0.03266636282205582,
            -0.023302068933844566,
            0.0026997849345207214
        ],
        [
            0.02607734128832817,
            -0.028131071478128433,
            0.0041297078132629395
        ],
        [
            0.02786129340529442,
            -0.026932865381240845,
            0.011728949844837189
        ],
        [
            0.034160319715738297,
            -0.022289184853434563,
            0.011172633618116379
        ],
        [
            0.038239967077970505,
            -0.047565557062625885,
            0.05176479369401932
        ],
        [
            0.03485483303666115,
            -0.0442066416144371,
            0.045651160180568695
        ],
        [
            0.039390791207551956,
            -0.042087897658348083,
            0.03913899138569832
        ],
        [
            0.06906259804964066,
            0.021518994122743607,
            0.007157489657402039
        ],
        [
            0.0745486468076706,
            0.03263727203011513,
            0.010118380188941956
        ],
        [
            0.03016688860952854,
            -0.028719188645482063,
            0.04890820011496544
        ],
        [
            0.006858915090560913,
            -0.043898940086364746,
            0.06438256800174713
        ],
        [
            0.006949931383132935,
            -0.04539496824145317,
            0.05839894711971283
        ],
        [
            0.0251725185662508,
            -0.04743137210607529,
            0.05599544569849968
        ],
        [
            0.025212230160832405,
            -0.046102117747068405,
            0.06299838423728943
        ],
        [
            0.02714744210243225,
            -0.02685323916375637,
            0.057600557804107666
        ],
        [
            0.02759721875190735,
            -0.029028113931417465,
            0.05067293718457222
        ],
        [
            0.026238789781928062,
            -0.028680454939603806,
            0.05196212977170944
        ],
        [
            0.02427496202290058,
            -0.02509208396077156,
            0.057336319237947464
        ],
        [
            0.037438374012708664,
            0.006655707489699125,
            0.05990801751613617
        ],
        [
            0.039539363235235214,
            0.00857726950198412,
            0.05718301236629486
        ],
        [
            0.046343374997377396,
            -0.028959136456251144,
            0.06987925618886948
        ],
        [
            0.04851219803094864,
            -0.04225720837712288,
            0.06624399125576019
        ],
        [
            0.05765954777598381,
            -0.040200356394052505,
            0.05661657452583313
        ],
        [
            0.04682721942663193,
            0.001095028594136238,
            0.04429475963115692
        ],
        [
            0.04050041735172272,
            -0.0003247605636715889,
            0.05213549733161926
        ],
        [
            0.04142887890338898,
            0.0036967210471630096,
            0.05240063741803169
        ],
        [
            0.033657390624284744,
            -0.021446922793984413,
            0.04932204261422157
        ],
        [
            0.02971820905804634,
            -0.02458677440881729,
            0.05350092053413391
        ],
        [
            0.03216741606593132,
            -0.020586712285876274,
            0.05475284531712532
        ],
        [
            0.03571600466966629,
            -0.016579454764723778,
            0.050029054284095764
        ],
        [
            0.07843339443206787,
            0.03461190313100815,
            0.04290686175227165
        ],
        [
            0.07032573223114014,
            0.039546407759189606,
            0.03575057536363602
        ],
        [
            -0.00017295964062213898,
            -0.04042603448033333,
            0.05141201615333557
        ],
        [
            0.0032769832760095596,
            -0.0417625829577446,
            0.0524606890976429
        ],
        [
            0.053914450109004974,
            0.0032224617898464203,
            0.03576033562421799
        ],
        [
            0.06678105890750885,
            -0.03565223887562752,
            0.04487837105989456
        ],
        [
            0.05983796715736389,
            0.006367838941514492,
            0.02663465216755867
        ],
        [
            0.049061231315135956,
            0.0129441162571311,
            0.07266052812337875
        ],
        [
            0.04347386956214905,
            0.017387500032782555,
            0.06735757738351822
        ],
        [
            0.04021768644452095,
            0.016459573060274124,
            0.0668724998831749
        ],
        [
            0.04127398133277893,
            0.013596903532743454,
            0.07162503898143768
        ],
        [
            0.010098369792103767,
            -0.024296151474118233,
            0.05992637947201729
        ],
        [
            0.00932183489203453,
            -0.0262586772441864,
            0.05432349815964699
        ],
        [
            0.006426211446523666,
            -0.026205072179436684,
            0.054120589047670364
        ],
        [
            0.00592714361846447,
            -0.024156905710697174,
            0.05976894497871399
        ],
        [
            0.028400558978319168,
            -0.03365205600857735,
            0.04701174050569534
        ],
        [
            0.02947954833507538,
            -0.03962962329387665,
            0.045685235410928726
        ],
        [
            0.02504258044064045,
            -0.03887701407074928,
            0.04706503823399544
        ],
        [
            0.025179076939821243,
            -0.03299121931195259,
            0.048959825187921524
        ],
        [
            0.030438343062996864,
            -0.044948186725378036,
            0.048857130110263824
        ],
        [
            0.025401003658771515,
            -0.04462243244051933,
            0.05018819123506546
        ],
        [
            0.009732302278280258,
            -0.02630985714495182,
            0.06610748171806335
        ],
        [
            0.008251363411545753,
            -0.03276187181472778,
            0.06985650211572647
        ],
        [
            0.025343913584947586,
            -0.03311287984251976,
            0.06933479756116867
        ],
        [
            0.023061221465468407,
            -0.026872960850596428,
            0.06478463858366013
        ],
        [
            0.09134526550769806,
            0.0069825658574700356,
            0.04203985631465912
        ],
        [
            0.09126679599285126,
            0.01815488561987877,
            0.041220784187316895
        ],
        [
            0.07977061718702316,
            0.017390718683600426,
            0.051612380892038345
        ],
        [
            0.06889224797487259,
            0.017069239169359207,
            0.06321024894714355
        ],
        [
            0.05785779282450676,
            0.015682924538850784,
            0.07267867028713226
        ],
        [
            0.0585501566529274,
            0.0036975699476897717,
            0.07568055391311646
        ],
        [
            0.08032889664173126,
            0.02544703707098961,
            0.04935130104422569
        ],
        [
            0.034227922558784485,
            -0.02648136392235756,
            0.06476955860853195
        ],
        [
            0.03666004538536072,
            -0.0328739732503891,
            0.0686507597565651
        ],
        [
            0.03790844976902008,
            -0.027885057032108307,
            0.06876059621572495
        ],
        [
            0.05908392369747162,
            0.01383860781788826,
            0.026679329574108124
        ],
        [
            0.007576191797852516,
            -0.043507467955350876,
            0.053295161575078964
        ],
        [
            0.10977625846862793,
            -0.018724245950579643,
            0.01063794270157814
        ],
        [
            0.11343871057033539,
            -0.008159726858139038,
            0.018317531794309616
        ],
        [
            0.1063622534275055,
            -0.011569740250706673,
            0.022358667105436325
        ],
        [
            0.10153807699680328,
            -0.023194260895252228,
            0.013159804046154022
        ],
        [
            0.008590562269091606,
            -0.031967103481292725,
            0.050171878188848495
        ],
        [
            0.008277224376797676,
            -0.038424357771873474,
            0.0494527593255043
        ],
        [
            0.03915400430560112,
            0.015047799795866013,
            0.05721485987305641
        ],
        [
            0.037387363612651825,
            0.012596413493156433,
            0.06009300798177719
        ],
        [
            0.03828706964850426,
            0.015809934586286545,
            0.06100929528474808
        ],
        [
            0.03822703659534454,
            0.019401244819164276,
            0.05856020748615265
        ],
        [
            0.09162344038486481,
            0.02386344037950039,
            0.0391680970788002
        ],
        [
            0.05037299916148186,
            0.03594605252146721,
            0.06259461492300034
        ],
        [
            0.054006319493055344,
            0.02724677324295044,
            0.07071087509393692
        ],
        [
            0.10122567415237427,
            0.018363047391176224,
            0.0324288047850132
        ],
        [
            0.10187271982431412,
            0.008625984191894531,
            0.033510543406009674
        ],
        [
            0.10953982919454575,
            0.010394919663667679,
            0.0276324525475502
        ],
        [
            0.05000995844602585,
            -0.008801747113466263,
            0.07533550262451172
        ],
        [
            0.08922886103391647,
            -0.0014146855100989342,
            0.043271273374557495
        ],
        [
            0.10014955699443817,
            0.0011130254715681076,
            0.03375384584069252
        ],
        [
            0.10921748727560043,
            0.002892283722758293,
            0.026718877255916595
        ],
        [
            0.11615908890962601,
            0.004717611707746983,
            0.02237243950366974
        ],
        [
            0.11569894850254059,
            0.012777118012309074,
            0.023697592318058014
        ],
        [
            0.007189003750681877,
            -0.03875880688428879,
            0.06828262656927109
        ],
        [
            0.0020697861909866333,
            -0.031556788831949234,
            0.06901036202907562
        ],
        [
            0.12375844269990921,
            0.015532785095274448,
            0.02046777307987213
        ],
        [
            0.12351414561271667,
            0.0064123086631298065,
            0.01860129088163376
        ],
        [
            0.09808136522769928,
            -0.007853449322283268,
            0.03259950503706932
        ],
        [
            0.09467679262161255,
            -0.018514249473810196,
            0.029744941741228104
        ],
        [
            0.08742396533489227,
            -0.009917575865983963,
            0.041669584810733795
        ],
        [
            0.08337320387363434,
            -0.02068420685827732,
            0.039867959916591644
        ],
        [
            0.053602710366249084,
            -0.019658776000142097,
            0.0775432363152504
        ],
        [
            -0.01231290027499199,
            -0.0234815776348114,
            0.060282230377197266
        ],
        [
            -0.002199878916144371,
            -0.025388218462467194,
            0.06475157290697098
        ],
        [
            0.0006732810288667679,
            -0.023552628234028816,
            0.05992858484387398
        ],
        [
            -0.009683342650532722,
            -0.020969629287719727,
            0.05793776735663414
        ],
        [
            0.004410741850733757,
            -0.025785326957702637,
            0.06527867168188095
        ],
        [
            -0.0034657809883356094,
            -0.030605005100369453,
            0.06689076125621796
        ],
        [
            0.077110655605793,
            -0.032689161598682404,
            0.032849233597517014
        ],
        [
            0.030337102711200714,
            -0.023585297167301178,
            0.05875779315829277
        ],
        [
            0.08703258633613586,
            -0.031221646815538406,
            0.01851475238800049
        ],
        [
            0.06490741670131683,
            -0.04445204138755798,
            0.027471302077174187
        ],
        [
            0.07048539072275162,
            -0.04246240109205246,
            0.015226360410451889
        ],
        [
            0.09535281360149384,
            -0.03018913045525551,
            0.0025497451424598694
        ],
        [
            0.07975368201732635,
            -0.03865137696266174,
            0.0019523650407791138
        ],
        [
            0.11125092208385468,
            -0.021346440538764,
            -0.001641053706407547
        ],
        [
            0.1038227528333664,
            -0.024927567690610886,
            0.0018337666988372803
        ],
        [
