{
    "pred_cam": [
        11.250482559204102,
        0.053752295672893524,
        -0.05183717608451843
    ],
    "pred_mano_params": {
        "global_orient": [
            [
                [
                    0.6919257044792175,
                    -0.4630880355834961,
                    -0.5538846254348755
                ],
                [
                    -0.6558020710945129,
                    -0.08230165392160416,
                    -0.7504332065582275
                ],
                [
                    0.3019309937953949,
                    0.8824828267097473,
                    -0.3606407344341278
                ]
            ]
        ],
        "hand_pose": [
            [
                [
                    0.8334641456604004,
                    -0.4681469798088074,
                    -0.29355737566947937
                ],
                [
                    0.4206741452217102,
                    0.8820353746414185,
                    -0.21224254369735718
                ],
                [
                    0.3582886755466461,
                    0.053404565900564194,
                    0.9320821762084961
                ]
            ],
            [
                [
                    0.8588508367538452,
                    -0.511730432510376,
                    0.022521238774061203
                ],
                [
                    0.5012446045875549,
                    0.8305707573890686,
                    -0.24270565807819366
                ],
                [
                    0.10549437999725342,
                    0.21973660588264465,
                    0.9698385000228882
                ]
            ],
            [
                [
                    0.8246496319770813,
                    -0.5654654502868652,
                    0.014203543774783611
                ],
                [
                    0.5648949146270752,
                    0.822006344795227,
                    -0.07210665941238403
                ],
                [
                    0.029098425060510635,
                    0.0674862414598465,
                    0.9972957968711853
                ]
            ],
            [
                [
                    0.7821546792984009,
                    -0.5515590310096741,
                    -0.28985634446144104
                ],
                [
                    0.4830642640590668,
                    0.8306060433387756,
                    -0.27702438831329346
                ],
                [
                    0.3935517370700836,
                    0.07665668427944183,
                    0.9161008596420288
                ]
            ],
            [
                [
                    0.7254331111907959,
                    -0.64737868309021,
                    -0.23376856744289398
                ],
                [
                    0.6864901781082153,
                    0.7050884366035461,
                    0.17771193385124207
                ],
                [
                    0.04978061467409134,
                    -0.2893979251384735,
                    0.9559136033058167
                ]
            ],
            [
                [
                    0.7504656314849854,
                    -0.6607329249382019,
                    0.01527400966733694
                ],
                [
                    0.6605441570281982,
                    0.7506188750267029,
                    0.01590028963983059
                ],
                [
                    -0.021970802918076515,
                    -0.001843465375714004,
                    0.999756932258606
                ]
            ],
            [
                [
                    0.42203962802886963,
                    -0.9063711166381836,
                    -0.019338777288794518
                ],
                [
                    0.8981797099113464,
                    0.4151384234428406,
                    0.14468349516391754
                ],
                [
                    -0.12310866266489029,
                    -0.0784318670630455,
                    0.9892890453338623
                ]
            ],
            [
                [
                    0.8846077919006348,
                    -0.44087135791778564,
                    -0.15199168026447296
                ],
                [
                    0.46235525608062744,
                    0.7866714000701904,
                    0.40911564230918884
                ],
                [
                    -0.060799844563007355,
                    -0.4321810305118561,
                    0.8997348546981812
                ]
            ],
            [
                [
                    0.9474214911460876,
                    -0.3108983337879181,
                    0.07572828978300095
                ],
                [
                    0.2479241043329239,
                    0.8628214001655579,
                    0.4405369758605957
                ],
                [
                    -0.20230220258235931,
                    -0.3985993266105652,
                    0.894534707069397
                ]
            ],
            [
                [
                    0.6758338212966919,
                    -0.706167459487915,
                    -0.21113067865371704
                ],
                [
                    0.6319114565849304,
                    0.7025911808013916,
                    -0.3271903395652771
                ],
                [
                    0.3793897330760956,
                    0.08771039545536041,
                    0.9210701584815979
                ]
            ],
            [
                [
                    0.7979034185409546,
                    -0.5839184522628784,
                    -0.14963114261627197
                ],
                [
                    0.5903021097183228,
                    0.7066649794578552,
                    0.3900873064994812
                ],
                [
                    -0.12204011529684067,
                    -0.3995794951915741,
                    0.9085386991500854
                ]
            ],
            [
                [
                    0.70100998878479,
                    -0.7128292918205261,
                    -0.02143149822950363
                ],
                [
                    0.702089250087738,
                    0.6845517754554749,
                    0.19611094892024994
                ],
                [
                    -0.12512268126010895,
                    -0.15252256393432617,
                    0.9803474545478821
                ]
            ],
            [
                [
                    0.9521598815917969,
                    0.30317223072052,
                    -0.03844746574759483
                ],
                [
                    -0.2915787994861603,
                    0.8635830879211426,
                    -0.4113467335700989
                ],
                [
                    -0.09150631725788116,
                    0.4028783142566681,
                    0.9106677770614624
                ]
            ],
            [
                [
                    0.8905081152915955,
                    -0.3195619285106659,
                    -0.3238448202610016
                ],
                [
                    0.41606685519218445,
                    0.8599855899810791,
                    0.2954879403114319
                ],
                [
                    0.18407519161701202,
                    -0.39787551760673523,
                    0.898783266544342
                ]
            ],
            [
                [
                    0.9918028116226196,
                    -0.11912551522254944,
                    -0.046220697462558746
                ],
                [
                    0.09134680777788162,
                    0.9139479398727417,
                    -0.3954174220561981
                ],
                [
                    0.08934760093688965,
                    0.3879539966583252,
                    0.9173378944396973
                ]
            ]
        ],
        "betas": [
            0.05230329930782318,
            -0.10437259078025818,
            -0.03823128342628479,
            -0.006612986326217651,
            0.018293291330337524,
            -0.003042232245206833,
            0.04437905550003052,
            -0.022044003009796143,
            -0.05772364139556885,
            -0.04034137725830078
        ]
    },
    "pred_cam_t": [
        -0.053752295672893524,
        -0.05183717608451843,
        3.4720733165740967
    ],
    "focal_length": [
        5000.0,
        5000.0
    ],
    "pred_keypoints_3d": [
        [
            0.09552876651287079,
            0.006370947230607271,
            0.006194188259541988
        ],
        [
            0.07180461287498474,
            0.004087312612682581,
            -0.02394353225827217
        ],
        [
            0.04684301093220711,
            -0.0006764414720237255,
            -0.0411873459815979
        ],
        [
            0.02781805209815502,
            0.009963681921362877,
            -0.05721394717693329
        ],
        [
            0.00796402059495449,
            0.022800056263804436,
            -0.083513043820858
        ],
        [
            0.025785893201828003,
            0.04905560612678528,
            -0.03233463689684868
        ],
        [
            0.015354916453361511,
            0.0764901414513588,
            -0.04731396585702896
        ],
        [
            0.02294151857495308,
            0.0910477340221405,
            -0.062204618006944656
        ],
        [
            0.04115371033549309,
            0.09963713586330414,
            -0.07732921838760376
        ],
        [
            0.03276825696229935,
            0.07101006805896759,
            -0.022452954202890396
        ],
        [
            0.031380049884319305,
            0.10047382861375809,
            -0.03397572413086891
        ],
        [
            0.04652190953493118,
            0.11114121973514557,
            -0.04802779108285904
        ],
        [
            0.06612435728311539,
            0.10966241359710693,
            -0.06403203308582306
        ],
        [
            0.05560561269521713,
            0.08019880205392838,
            -0.012377501465380192
        ],
        [
            0.057329028844833374,
            0.10564261674880981,
            -0.025806615129113197
        ],
        [
            0.07516538351774216,
            0.11426657438278198,
            -0.0406680703163147
        ],
        [
            0.09395041316747665,
            0.10798618942499161,
            -0.055961113423109055
        ],
        [
            0.07637791335582733,
            0.08458690345287323,
            -0.0077805304899811745
        ],
        [
            0.08505991101264954,
            0.09829682856798172,
            -0.021227357909083366
        ],
        [
            0.10015784949064255,
            0.0998959094285965,
            -0.032523263245821
        ],
        [
            0.11406470835208893,
            0.09338410943746567,
            -0.045201510190963745
        ]
    ],
    "pred_vertices": [
        [
            0.05957451090216637,
            0.027860058471560478,
            -0.02991977334022522
        ],
        [
            0.06742427498102188,
            0.021581202745437622,
            -0.0291842520236969
        ],
        [
            0.05876554921269417,
            0.0195278599858284,
            -0.03696499392390251
        ],
        [
            0.05220147967338562,
            0.025662746280431747,
            -0.03684988245368004
        ],
        [
            0.07469214498996735,
            0.005248069763183594,
            -0.04102160781621933
        ],
        [
            0.07557551562786102,
            -0.007149901241064072,
            -0.04017685353755951
        ],
        [
            0.06061456725001335,
            -0.004983492195606232,
            -0.048958245664834976
        ],
        [
            0.062444500625133514,
            0.004951668903231621,
            -0.049245141446590424
        ],
        [
            0.044479452073574066,
            0.022943684831261635,
            -0.04023319482803345
        ],
        [
            0.051904596388339996,
            0.017865285277366638,
            -0.04234981909394264
        ],
        [
            0.03991313278675079,
            0.01863936521112919,
            -0.037321653217077255
        ],
        [
            0.031104398891329765,
            0.024114282801747322,
            -0.03225167095661163
        ],
        [
            0.03682436794042587,
            0.027677282691001892,
            -0.037086371332407
        ],
        [
            0.02530752867460251,
            0.030248133465647697,
            -0.03098246641457081
        ],
        [
            0.03148464858531952,
            0.018491096794605255,
            -0.0222009290009737
        ],
        [
            0.023471079766750336,
            0.03200663626194,
            -0.02168275974690914
        ],
        [
            0.04414421319961548,
            0.03207293897867203,
            -0.000723494216799736
        ],
        [
            0.05329640209674835,
            0.039403218775987625,
            0.005409551784396172
        ],
        [
            0.042932815849781036,
            0.05197583884000778,
            0.00023665651679039001
        ],
        [
            0.034977443516254425,
            0.04335086792707443,
            -0.006372466683387756
        ],
        [
            0.06138966232538223,
            0.058534473180770874,
            0.0067306458950042725
        ],
        [
            0.05060615763068199,
            0.05563937872648239,
            0.002938251942396164
        ],
        [
            0.06053890287876129,
            0.04297368973493576,
            0.009196391329169273
        ],
        [
            0.06982450932264328,
            0.046162452548742294,
            0.011955328285694122
        ],
        [
            0.07217469811439514,
            0.032455116510391235,
            -0.019849324598908424
        ],
        [
            0.08061683177947998,
            0.026332683861255646,
            -0.017627812922000885
        ],
        [
            0.07579582184553146,
            0.02452884241938591,
            -0.020867615938186646
        ],
        [
            0.0679837018251419,
            0.030150175094604492,
            -0.022813715040683746
        ],
        [
            0.03600066900253296,
            0.007492829114198685,
            -0.037197045981884
        ],
        [
            0.03825312852859497,
            0.004542084410786629,
            -0.029050834476947784
        ],
        [
            0.03704490512609482,
            0.012354770675301552,
            -0.03160696104168892
        ],
        [
            0.03809832036495209,
            0.011703679338097572,
            -0.04024137556552887
        ],
        [
            0.10709209740161896,
            0.01581326127052307,
            -0.01277816854417324
        ],
        [
            0.11123516410589218,
            0.005759187042713165,
            -0.00485057570040226
        ],
        [
            0.1073012724518776,
            0.0018920674920082092,
            -0.006771517917513847
        ],
        [
            0.10414887219667435,
            0.012163665145635605,
            -0.013275988399982452
        ],
        [
            0.09201090037822723,
            -0.008779101073741913,
            -0.022477127611637115
        ],
        [
            0.0960976630449295,
            -0.011172980070114136,
            -0.012438388541340828
        ],
        [
            0.0897795557975769,
            -0.02231369912624359,
            -0.006072483956813812
        ],
        [
            0.0832168459892273,
            -0.019759416580200195,
            -0.01303473673760891
        ],
        [
            0.08474858105182648,
            -0.007750771939754486,
            -0.03236132860183716
        ],
        [
            0.07874967157840729,
            -0.018204208463430405,
            -0.024934416636824608
        ],
        [
            0.07048320025205612,
            -0.015921827405691147,
            -0.034181974828243256
        ],
        [
            0.05622055381536484,
            -0.012034960091114044,
            -0.04417520761489868
        ],
        [
            0.1184229850769043,
            0.014030665159225464,
            0.001792222261428833
        ],
        [
            0.11674343049526215,
            0.022524725645780563,
            -0.003468858078122139
        ],
        [
            0.021286627277731895,
            0.07283322513103485,
            -0.057693980634212494
        ],
        [
            0.02555900067090988,
            0.0757848471403122,
            -0.054715462028980255
        ],
        [
            0.025767629966139793,
            0.07185090333223343,
            -0.053148604929447174
        ],
        [
            0.021256769075989723,
            0.06966476142406464,
            -0.05602040886878967
        ],
        [
            0.11421039700508118,
            0.02671608328819275,
            0.016903046518564224
        ],
        [
            0.10812388360500336,
            0.0261705219745636,
            0.02487882226705551
        ],
        [
            0.1137026995420456,
            0.02165166288614273,
            0.02614850364625454
        ],
        [
            0.11843374371528625,
            0.020580343902111053,
            0.01811993308365345
        ],
        [
            0.10859383642673492,
            0.034775301814079285,
            0.015191115438938141
        ],
        [
            0.10037362575531006,
            0.032147981226444244,
            0.022374026477336884
        ],
        [
            0.009998392313718796,
            0.0779094323515892,
            -0.05472944304347038
        ],
        [
            0.012612263672053814,
            0.07485780864953995,
            -0.05801615118980408
        ],
        [
            0.011247904039919376,
            0.07137347757816315,
            -0.05435868725180626
        ],
        [
            0.009159527719020844,
            0.0740102156996727,
            -0.050052277743816376
        ],
        [
            0.04462932050228119,
            0.030887970700860023,
            -0.037199024111032486
        ],
        [
            0.05286334827542305,
            0.03398938477039337,
            -0.03282278776168823
        ],
        [
            0.034180499613285065,
            0.044696807861328125,
            -0.040226731449365616
        ],
        [
            0.04156140983104706,
            0.04111909866333008,
            -0.03612734377384186
        ],
        [
            0.03696926310658455,
            0.0355597622692585,
            -0.03782328590750694
        ],
        [
            0.030609849840402603,
            0.03933009132742882,
            -0.04011770337820053
        ],
        [
            0.059431083500385284,
            0.05085273087024689,
            -0.023874104022979736
        ],
        [
            0.06668885052204132,
            0.0422438308596611,
            -0.02067134715616703
        ],
        [
            0.06138892099261284,
            0.03987112641334534,
            -0.023826414719223976
        ],
        [
            0.05275758355855942,
            0.04826004058122635,
            -0.028667079284787178
        ],
        [
            0.07824863493442535,
            0.04946175962686539,
            -0.01688919961452484
        ],
        [
            0.06993243843317032,
            0.0572948195040226,
            -0.0199118684977293
        ],
        [
            0.07745706290006638,
            0.060396067798137665,
            -0.0173126719892025
        ],
        [
            0.08250688016414642,
            0.054343611001968384,
            -0.01655026525259018
        ],
        [
            0.05323989689350128,
            0.06834962218999863,
            -0.025655705481767654
        ],
        [
            0.04837169498205185,
            0.07318742573261261,
            -0.025903020054101944
        ],
        [
            0.052008338272571564,
            0.07727067917585373,
            -0.02648042142391205
        ],
        [
            0.056275077164173126,
            0.07014670968055725,
            -0.024367399513721466
        ],
        [
            0.11843597888946533,
            0.016786515712738037,
            0.02820476144552231
        ],
        [
            0.12167639285326004,
            0.014175169169902802,
            0.019322864711284637
        ],
        [
            0.08157934248447418,
            0.06640854477882385,
            0.010291594080626965
        ],
        [
            0.09219838678836823,
            0.06577910482883453,
            0.007089617662131786
        ],
        [
            0.08676566183567047,
            0.07727214694023132,
            0.004195124842226505
        ],
        [
            0.07613612711429596,
            0.0754421129822731,
            0.008867504075169563
        ],
        [
            0.09896863251924515,
            0.022897064685821533,
            0.02831377647817135
        ],
        [
            0.10541654378175735,
            0.019642218947410583,
            0.031378161162137985
        ],
        [
            0.01065268088132143,
            0.08198440074920654,
            -0.04995973780751228
        ],
        [
            0.010522224940359592,
            0.0779731497168541,
            -0.04548495635390282
        ],
        [
            0.06492188572883606,
            -0.01797173172235489,
            -0.02288975939154625
        ],
        [
            0.05136096850037575,
            -0.01402384415268898,
            -0.036669015884399414
        ],
        [
            0.0733959749341011,
            -0.019447103142738342,
            -0.011453228071331978
        ],
        [
            0.07847454398870468,
            -0.020512089133262634,
            -0.002688959240913391
        ],
        [
            0.08286416530609131,
            -0.02443261444568634,
            0.0033737868070602417
        ],
        [
            0.04294854402542114,
            0.04761600121855736,
            -0.03496340662240982
        ],
        [
            0.06015150994062424,
            0.03471863269805908,
            -0.026749445125460625
        ],
        [
            0.07618653774261475,
            0.03486743941903114,
            -0.01784612610936165
        ],
        [
            0.09940675646066666,
            0.0542113371193409,
            -0.01229098066687584
        ],
        [
            0.10586808621883392,
            0.046220675110816956,
            -0.010273683816194534
        ],
        [
            0.0970645397901535,
            0.04313305392861366,
            -0.015450400300323963
        ],
        [
            0.09294156730175018,
            0.05078916251659393,
            -0.015591386705636978
        ],
        [
            0.09790489822626114,
            0.06646732985973358,
            -0.0009412355720996857
        ],
        [
            0.09656164795160294,
            0.06504224240779877,
            -0.008723184466362
        ],
        [
            0.09154755622148514,
            0.07169358432292938,
            -0.009821482002735138
        ],
        [
            0.09232055395841599,
            0.07500311732292175,
            -0.002623036503791809
        ],
        [
            0.03383433818817139,
            0.00015364959836006165,
            -0.03728014975786209
        ],
        [
            0.040077731013298035,
            -0.003015924245119095,
            -0.027922019362449646
        ],
        [
            0.11786871403455734,
            0.024940624833106995,
            0.007166026160120964
        ],
        [
            0.119929738342762,
            0.017573870718479156,
            0.008569352328777313
        ],
        [
            0.1227220967411995,
            0.010626323521137238,
            0.01251341961324215
        ],
        [
            0.0936504602432251,
            0.020440667867660522,
            -0.01652676984667778
        ],
        [
            0.10221492499113083,
            0.009606614708900452,
            -0.013919779099524021
        ],
        [
            0.09917697310447693,
            0.0073600709438323975,
            -0.016842089593410492
        ],
        [
            0.09088390320539474,
            0.019206978380680084,
            -0.01743905246257782
        ],
        [
            0.07723028212785721,
            0.015957990661263466,
            -0.030992416664958
        ],
        [
            0.08672665804624557,
            0.005796805024147034,
            -0.030874378979206085
        ],
        [
            0.06700361520051956,
            0.015157243236899376,
            -0.03982047736644745
        ],
        [
            0.10310424864292145,
            -0.004635360091924667,
            -0.00890827365219593
        ],
        [
            0.11204046756029129,
            -0.0062667131423950195,
            -0.0026340652257204056
        ],
        [
            0.10614559054374695,
            -0.012623865157365799,
            -0.0044953301548957825
        ],
        [
            0.11771079897880554,
            0.0003283768892288208,
            0.001869838684797287
        ],
        [
            0.12177553027868271,
            0.006387658417224884,
            0.006986359134316444
        ],
        [
            0.11038242280483246,
            0.015451386570930481,
            0.03688674047589302
        ],
        [
            0.09941931068897247,
            -0.017711952328681946,
            -0.0049631353467702866
        ],
        [
            0.05364985391497612,
            0.004668025299906731,
            -0.053036488592624664
        ],
        [
            0.046370428055524826,
            0.005520191043615341,
            -0.05549119412899017
        ],
        [
            0.04585980623960495,
            0.011622469872236252,
            -0.0512462742626667
        ],
        [
            0.05180367827415466,
            0.011413579806685448,
            -0.048666827380657196
        ],
        [
            0.019338367506861687,
            0.03819020092487335,
            -0.03232593461871147
        ],
        [
            0.0246833898127079,
            0.0378517284989357,
            -0.03835676237940788
        ],
        [
            0.030814675614237785,
            0.030566850677132607,
            -0.03637849912047386
        ],
        [
            0.104497529566288,
            0.026923514902591705,
            -0.014279413968324661
        ],
        [
            0.11294253915548325,
            0.032179802656173706,
            -0.006503249518573284
        ],
        [
            0.035336270928382874,
            0.05106738582253456,
            -0.038488004356622696
        ],
        [
            0.008900579996407032,
            0.07038740813732147,
            -0.04595181718468666
        ],
        [
            0.010851778090000153,
            0.06717432290315628,
            -0.050676777958869934
        ],
        [
            0.014636298641562462,
            0.05209994688630104,
            -0.04101375862956047
        ],
        [
            0.012074461206793785,
            0.05593551695346832,
            -0.03593016043305397
        ],
        [
            0.030988220125436783,
            0.06088446080684662,
            -0.03502964600920677
        ],
        [
            0.03309367969632149,
            0.05524139478802681,
            -0.038712337613105774
        ],
        [
            0.032040417194366455,
            0.057861488312482834,
            -0.03832833468914032
        ],
        [
            0.03157292306423187,
            0.06363020837306976,
            -0.03522959351539612
        ],
        [
            0.06030049920082092,
            0.0780038982629776,
            -0.02288350835442543
        ],
        [
            0.06398986279964447,
            0.07196412235498428,
            -0.021486690267920494
        ],
        [
            0.027918433770537376,
            0.05535868555307388,
            -0.014967534691095352
        ],
        [
            0.019685130566358566,
            0.0448208823800087,
            -0.016290998086333275
        ],
        [
            0.02773420512676239,
            0.0358649380505085,
            -0.011944340541958809
        ],
        [
            0.06565414369106293,
            0.05387159436941147,
            -0.021098658442497253
        ],
        [
            0.059654247015714645,
            0.06205180287361145,
            -0.023775460198521614
        ],
        [
            0.06286407262086868,
            0.06407813727855682,
            -0.022208958864212036
        ],
        [
            0.04230688512325287,
            0.05239935591816902,
            -0.03414047881960869
        ],
        [
            0.03644079342484474,
            0.0563899427652359,
            -0.03580561652779579
        ],
        [
            0.04020760953426361,
            0.0579596571624279,
            -0.03337553143501282
        ],
        [
            0.046499915421009064,
            0.05438205599784851,
            -0.03123433142900467
        ],
        [
            0.09827297925949097,
            0.054792869836091995,
            0.011139295995235443
        ],
        [
            0.10502593964338303,
            0.05604235827922821,
            0.001805553212761879
        ],
        [
            0.01667165383696556,
            0.07278749346733093,
            -0.05896426737308502
        ],
        [
            0.015860609710216522,
            0.06946398317813873,
            -0.05643182247877121
        ],
        [
            0.07265064120292664,
            0.04537663981318474,
            -0.018037138506770134
        ],
        [
            0.03806892782449722,
            0.025908255949616432,
            -0.00782199390232563
        ],
        [
            0.08067485690116882,
            0.03754101321101189,
            -0.016122136265039444
        ],
        [
            0.06053910776972771,
            0.07812441885471344,
            -0.003047705627977848
        ],
        [
            0.0668172836303711,
            0.08163243532180786,
            -0.009626612067222595
        ],
        [
            0.06338977813720703,
            0.08408085256814957,
            -0.011167356744408607
        ],
        [
            0.057943832129240036,
            0.08387328684329987,
            -0.007238869555294514
        ],
        [
            0.02761012315750122,
            0.07571475207805634,
            -0.041748352348804474
        ],
        [
            0.028837203979492188,
            0.07299346476793289,
            -0.04670517146587372
        ],
        [
            0.028131715953350067,
            0.075586698949337,
            -0.04873109608888626
        ],
        [
            0.02663434110581875,
            0.07906891405582428,
            -0.044259026646614075
        ],
        [
            0.03133265674114227,
            0.050422053784132004,
            -0.041510120034217834
        ],
        [
            0.027300197631120682,
            0.045476578176021576,
            -0.04267935827374458
        ],
        [
            0.02601396106183529,
            0.05154813081026077,
            -0.04477875307202339
        ],
        [
            0.0297962948679924,
            0.05514121800661087,
            -0.041998859494924545
        ],
        [
            0.021337265148758888,
            0.04474682733416557,
            -0.040991220623254776
        ],
        [
            0.019891131669282913,
            0.050357941538095474,
            -0.04399826377630234
        ],
        [
            0.022654829546809196,
            0.07748419046401978,
            -0.03801681101322174
        ],
        [
            0.015185938216745853,
            0.07689705491065979,
            -0.03778558969497681
        ],
        [
            0.019174138084053993,
            0.0649014338850975,
            -0.028247613459825516
        ],
        [
            0.025996170938014984,
            0.06714142113924026,
            -0.03140777349472046
        ],
        [
            0.0771217793226242,
            0.03435828909277916,
            0.018034951761364937
        ],
        [
            0.08688540011644363,
            0.03949802741408348,
            0.019363075494766235
        ],
        [
            0.07980775088071823,
            0.05151636153459549,
            0.013571856543421745
        ],
        [
            0.07263758033514023,
            0.06382741034030914,
            0.009014688432216644
        ],
        [
            0.06530691683292389,
            0.07463393360376358,
            0.003211217001080513
        ],
        [
            0.05410114303231239,
            0.06931713223457336,
            0.0032211970537900925
        ],
        [
            0.08759176731109619,
            0.05380886420607567,
            0.014388687908649445
        ],
        [
            0.029084866866469383,
            0.06354467570781708,
            -0.02813180536031723
        ],
        [
            0.022771311923861504,
            0.05731081962585449,
            -0.022656969726085663
        ],
        [
            0.026978036388754845,
            0.06117680296301842,
            -0.022169914096593857
        ],
        [
            0.08678752928972244,
            0.04174106940627098,
            -0.015585659071803093
        ],
        [
            0.015200614929199219,
            0.06545818597078323,
            -0.05334116518497467
        ],
        [
            0.07445906847715378,
            -0.009429074823856354,
            0.016870010644197464
        ],
        [
            0.07934650033712387,
            -0.00030534714460372925,
            0.02480085752904415
        ],
        [
            0.07362902164459229,
            0.004185762256383896,
            0.019921917468309402
        ],
        [
            0.06882667541503906,
            -0.005835287272930145,
            0.010549776256084442
        ],
        [
            0.026339195668697357,
            0.06888672709465027,
            -0.05162924900650978
        ],
        [
            0.021443108096718788,
            0.06575807183980942,
            -0.05423828959465027
        ],
        [
            0.06891179084777832,
            0.07602259516716003,
            -0.01956462673842907
        ],
        [
            0.06458253413438797,
            0.08051075041294098,
            -0.020150629803538322
        ],
        [
            0.06588255614042282,
            0.0834803581237793,
            -0.01674693450331688
        ],
        [
            0.07217086851596832,
            0.08148940652608871,
            -0.018157556653022766
        ],
        [
            0.0926733911037445,
            0.04075777530670166,
            0.019687360152602196
        ],
        [
            0.08481098711490631,
            0.08377235382795334,
            -0.0003519989550113678
        ],
        [
            0.07471782714128494,
            0.08275564759969711,
            0.0035643409937620163
        ],
        [
            0.09265914559364319,
            0.028855841606855392,
            0.024388693273067474
        ],
        [
            0.08400868624448776,
            0.024389110505580902,
            0.023928022012114525
        ],
        [
            0.08943109959363937,
            0.017577573657035828,
            0.028330091387033463
        ],
        [
            0.04162345081567764,
            0.0679207295179367,
            -0.005757726728916168
        ],
        [
            0.06922680884599686,
            0.031976837664842606,
            0.015463428571820259
        ],
        [
            0.07741217315196991,
            0.02154836431145668,
            0.021362820640206337
        ],
        [
            0.08358673751354218,
            0.013278577476739883,
            0.026509631425142288
        ],
        [
            0.08822043240070343,
            0.007878333330154419,
            0.030928395688533783
        ],
        [
            0.09423840045928955,
            0.013123542070388794,
            0.032327257096767426
        ],
        [
            0.011053400114178658,
            0.07422055304050446,
            -0.041335105895996094
        ],
        [
            0.014977660030126572,
            0.08159607648849487,
            -0.041743893176317215
        ],
        [
            0.09918534755706787,
            0.008502103388309479,
            0.03842015936970711
        ],
        [
            0.09249408543109894,
            0.0026198551058769226,
            0.03598437458276749
        ],
        [
            0.07032257318496704,
            0.017132911831140518,
            0.017637580633163452
        ],
        [
            0.06292704492807388,
            0.01145942509174347,
            0.012077808380126953
        ],
        [
            0.06281522661447525,
            0.027415920048952103,
            0.011900370940566063
        ],
        [
            0.054488398134708405,
            0.022625349462032318,
            0.006030745804309845
        ],
        [
            0.03397725895047188,
            0.06025819852948189,
            -0.004199350252747536
        ],
        [
            0.021301407366991043,
            0.09428729861974716,
            -0.0535937175154686
        ],
        [
            0.02046307548880577,
            0.08662047982215881,
            -0.04532342404127121
        ],
        [
            0.025332197546958923,
            0.08374679833650589,
            -0.046739935874938965
        ],
        [
            0.02533036097884178,
            0.09279286116361618,
            -0.052842989563941956
        ],
        [
            0.02201167307794094,
            0.08137816935777664,
            -0.041473638266325
        ],
        [
            0.014979982748627663,
            0.08574356883764267,
            -0.04615812003612518
        ],
        [
            0.04802124202251434,
            0.014371715486049652,
            -0.003174440935254097
        ],
        [
            0.035151202231645584,
            0.06313145160675049,
            -0.03443276137113571
        ],
        [
            0.058387238532304764,
            0.0006735362112522125,
            0.0002240799367427826
        ],
        [
            0.03898867592215538,
            0.008070342242717743,
            -0.015734858810901642
        ],
        [
            0.047825828194618225,
            -0.0022770464420318604,
            -0.015056028962135315
        ],
        [
            0.06824073195457458,
            -0.013975754380226135,
            0.0011542253196239471
        ],
        [
            0.059343889355659485,
            -0.013267423957586288,
            -0.011608120054006577
        ],
        [
            0.07875890284776688,
            -0.020388610661029816,
            0.01264340803027153
        ],
        [
            0.07346384227275848,
            -0.016014359891414642,
            0.007730409502983093
        ],
        [
            0.050207462161779404,
