{
    "pred_cam": [
        6.7213921546936035,
        -0.04953160136938095,
        0.0024526678025722504
    ],
    "pred_mano_params": {
        "global_orient": [
            [
                [
                    0.6777757406234741,
                    0.7350053787231445,
                    -0.0196760892868042
                ],
                [
                    0.30182069540023804,
                    -0.3025226593017578,
                    -0.9040930867195129
                ],
                [
                    -0.6704657077789307,
                    0.6068337559700012,
                    -0.4268823564052582
                ]
            ]
        ],
        "hand_pose": [
            [
                [
                    0.7153042554855347,
                    -0.6767895221710205,
                    -0.17405660450458527
                ],
                [
                    0.6844902038574219,
                    0.7287319302558899,
                    -0.020564718171954155
                ],
                [
                    0.14075860381126404,
                    -0.10443001240491867,
                    0.9845208525657654
                ]
            ],
            [
                [
                    0.7215782403945923,
                    -0.681645393371582,
                    0.12117955833673477
                ],
                [
                    0.6851707100868225,
                    0.6779782176017761,
                    -0.26624545454978943
                ],
                [
                    0.09932787716388702,
                    0.27514559030532837,
                    0.9562577605247498
                ]
            ],
            [
                [
                    0.8711220026016235,
                    -0.487078458070755,
                    0.06245782971382141
                ],
                [
                    0.47815123200416565,
                    0.8703004121780396,
                    0.11810406297445297
                ],
                [
                    -0.1118830218911171,
                    -0.07301875948905945,
                    0.991034984588623
                ]
            ],
            [
                [
                    0.14491188526153564,
                    -0.9371152520179749,
                    -0.317514568567276
                ],
                [
                    0.988908052444458,
                    0.1266075223684311,
                    0.07766187936067581
                ],
                [
                    -0.03257842734456062,
                    -0.3252468705177307,
                    0.9450677037239075
                ]
            ],
            [
                [
                    0.9327773451805115,
                    -0.3191846013069153,
                    -0.16747446358203888
                ],
                [
                    0.3427731692790985,
                    0.9291963577270508,
                    0.1382051706314087
                ],
                [
                    0.11150369793176651,
                    -0.18632037937641144,
                    0.9761412143707275
                ]
            ],
            [
                [
                    0.9466503858566284,
                    -0.3215210735797882,
                    0.021847380325198174
                ],
                [
                    0.3219147324562073,
                    0.9466018676757812,
                    -0.017770733684301376
                ],
                [
                    -0.014967106282711029,
                    0.02385566383600235,
                    0.9996033906936646
                ]
            ],
            [
                [
                    0.3524298667907715,
                    -0.9358097910881042,
                    -0.007291874848306179
                ],
                [
                    0.7133986353874207,
                    0.2636096477508545,
                    0.6492859721183777
                ],
                [
                    -0.6056860089302063,
                    -0.23402981460094452,
                    0.7605093121528625
                ]
            ],
            [
                [
                    0.9668875932693481,
                    -0.2435527741909027,
                    -0.07622624188661575
                ],
                [
                    0.25275731086730957,
                    0.955157458782196,
                    0.15423360466957092
                ],
                [
                    0.03524404019117355,
                    -0.1683932989835739,
                    0.9850896596908569
                ]
            ],
            [
                [
                    0.9937556982040405,
                    0.11157752573490143,
                    -0.00020111579215154052
                ],
                [
                    -0.10597638785839081,
                    0.9444306492805481,
                    0.3111586272716522
                ],
                [
                    0.034908246248960495,
                    -0.3091943562030792,
                    0.9503579139709473
                ]
            ],
            [
                [
                    0.1405278891324997,
                    -0.9900739789009094,
                    -0.0023294510319828987
                ],
                [
                    0.96476149559021,
                    0.1364057958126068,
                    0.22500811517238617
                ],
                [
                    -0.2224569320678711,
                    -0.03386729955673218,
                    0.9743540287017822
                ]
            ],
            [
                [
                    0.9734259843826294,
                    -0.22709091007709503,
                    -0.02952256053686142
                ],
                [
                    0.2205837070941925,
                    0.895185112953186,
                    0.3872808814048767
                ],
                [
                    -0.061519805341959,
                    -0.38350147008895874,
                    0.9214890003204346
                ]
            ],
            [
                [
                    0.9711117744445801,
                    -0.23130416870117188,
                    0.05865407735109329
                ],
                [
                    0.22132104635238647,
                    0.9649535417556763,
                    0.14100223779678345
                ],
                [
                    -0.08921287953853607,
                    -0.12394755333662033,
                    0.9882702231407166
                ]
            ],
            [
                [
                    0.96812903881073,
                    0.03745201975107193,
                    -0.2476355880498886
                ],
                [
                    -0.2171906679868698,
                    0.6179137229919434,
                    -0.7556526064872742
                ],
                [
                    0.12471666187047958,
                    0.7853534817695618,
                    0.6063544750213623
                ]
            ],
            [
                [
                    0.9293594360351562,
                    -0.3682345747947693,
                    -0.026349015533924103
                ],
                [
                    0.34504571557044983,
                    0.8410186171531677,
                    0.41669076681137085
                ],
                [
                    -0.13127993047237396,
                    -0.39634713530540466,
                    0.9086663722991943
                ]
            ],
            [
                [
                    0.9514807462692261,
                    -0.10370101779699326,
                    -0.28970783948898315
                ],
                [
                    -0.00927247479557991,
                    0.9314106106758118,
                    -0.3638521134853363
                ],
                [
                    0.3075687885284424,
                    0.34888455271720886,
                    0.8852577209472656
                ]
            ]
        ],
        "betas": [
            -0.05070900917053223,
            0.016949355602264404,
            0.02713876962661743,
            0.0438975989818573,
            0.031043559312820435,
            -0.030063051730394363,
            0.013655513525009155,
            -0.05606600642204285,
            -0.00013458728790283203,
            -0.015189111232757568
        ]
    },
    "pred_cam_t": [
        -0.04953160136938095,
        0.0024526678025722504,
        5.8116679191589355
    ],
    "focal_length": [
        5000.0,
        5000.0
    ],
    "pred_keypoints_3d": [
        [
            0.09589952230453491,
            0.00640665739774704,
            0.006186955608427525
        ],
        [
            0.0675409734249115,
            -0.019594009965658188,
            0.0018175607547163963
        ],
        [
            0.04076467081904411,
            -0.03461642190814018,
            0.005118131637573242
        ],
        [
            0.015012353658676147,
            -0.04101717099547386,
            0.010862451046705246
        ],
        [
            -0.01873566024005413,
            -0.04115965962409973,
            0.021377936005592346
        ],
        [
            0.031759113073349,
            -0.037471748888492584,
            0.05339571833610535
        ],
        [
            -0.0005202330648899078,
            -0.03699411824345589,
            0.06052713468670845
        ],
        [
            -0.016285179182887077,
            -0.027385415509343147,
            0.0481429286301136
        ],
        [
            -0.02540932409465313,
            -0.015867725014686584,
            0.028141532093286514
        ],
        [
            0.030556440353393555,
            -0.0187612883746624,
            0.07038171589374542
        ],
        [
            0.004781682044267654,
            -0.006305752322077751,
            0.056627608835697174
        ],
        [
            -0.005771561525762081,
            0.004565783776342869,
            0.03892403841018677
        ],
        [
            -0.01526564545929432,
            0.015004233457148075,
            0.017210856080055237
        ],
        [
            0.03798249736428261,
            0.007073286920785904,
            0.07016219943761826
        ],
        [
            0.013127891346812248,
            0.012634162791073322,
            0.05656757950782776
        ],
        [
            -0.0001217992976307869,
            0.021398210898041725,
            0.0375000536441803
        ],
        [
            -0.013686127960681915,
            0.028131654486060143,
            0.016845889389514923
        ],
        [
            0.04266303405165672,
            0.027814291417598724,
            0.06486745923757553
        ],
        [
            0.023696186020970345,
            0.03140021115541458,
            0.05621151626110077
        ],
        [
            0.010386751964688301,
            0.03542836010456085,
            0.0432850681245327
        ],
        [
            -0.0057969409972429276,
            0.039272651076316833,
            0.028956521302461624
        ]
    ],
    "pred_vertices": [
        [
            0.04935741424560547,
            -0.017890755087137222,
            0.022686880081892014
        ],
        [
            0.055367592722177505,
            -0.013171343132853508,
            0.015036448836326599
        ],
        [
            0.04716860502958298,
            -0.019067199900746346,
            0.015311423689126968
        ],
        [
            0.04289393126964569,
            -0.02463293820619583,
            0.022080518305301666
        ],
        [
            0.051163457334041595,
            -0.011221230030059814,
            -0.004175480455160141
        ],
        [
            0.055082812905311584,
            -0.01755911484360695,
            -0.014024056494235992
        ],
        [
            0.04125545918941498,
            -0.02513236179947853,
            -0.008371628820896149
        ],
        [
            0.039724502712488174,
            -0.017742712050676346,
            -0.0011989586055278778
        ],
        [
            0.03856750205159187,
            -0.03096698969602585,
            0.02312891185283661
        ],
        [
            0.040344350039958954,
            -0.023823533207178116,
            0.015810508280992508
        ],
        [
            0.03950199484825134,
            -0.035455234348773956,
            0.02414410002529621
        ],
        [
            0.042380452156066895,
            -0.04356570914387703,
            0.03372505307197571
        ],
        [
            0.03854411840438843,
            -0.037634626030921936,
            0.030958589166402817
        ],
        [
            0.04108520969748497,
            -0.046387605369091034,
            0.04139997810125351
        ],
        [
            0.053308308124542236,
            -0.04588380455970764,
            0.03422310948371887
        ],
        [
            0.04769923537969589,
            -0.04662596806883812,
            0.04855306074023247
        ],
        [
            0.06982725113630295,
            -0.026291780173778534,
            0.048062197864055634
        ],
        [
            0.07301106303930283,
            -0.013483612798154354,
            0.05182265490293503
        ],
        [
            0.060705266892910004,
            -0.016795285046100616,
            0.06545112282037735
        ],
        [
            0.058030180633068085,
            -0.02915984019637108,
            0.059333719313144684
        ],
        [
            0.0656745433807373,
            0.0039146412163972855,
            0.06345628947019577
        ],
        [
            0.06230758875608444,
            -0.00759807787835598,
            0.06504739075899124
        ],
        [
            0.07554580271244049,
            -0.0047219847328960896,
            0.0525486059486866
        ],
        [
            0.0776929259300232,
            0.005358012393116951,
            0.05150127783417702
        ],
        [
            0.057293348014354706,
            -0.004075823351740837,
            0.024079784750938416
        ],
        [
            0.06389298290014267,
            0.00010057911276817322,
            0.016397304832935333
        ],
        [
            0.06217462942004204,
            -0.005389070138335228,
            0.016153104603290558
        ],
        [
            0.05554048717021942,
            -0.009280087426304817,
            0.023186657577753067
        ],
        [
            0.03782159090042114,
            -0.0419016033411026,
            0.01690926030278206
        ],
        [
            0.05037986859679222,
            -0.04473935067653656,
            0.01775345206260681
        ],
        [
            0.04539625719189644,
            -0.041710373014211655,
            0.02328496053814888
        ],
        [
            0.03488006442785263,
            -0.03729389235377312,
            0.018261194229125977
        ],
        [
            0.07639896869659424,
            0.018455274403095245,
            -0.0023949071764945984
        ],
        [
            0.08890178799629211,
            0.01803044229745865,
            -0.007741302251815796
        ],
        [
            0.08868664503097534,
            0.012361949309706688,
            -0.009457908570766449
        ],
        [
            0.07761131972074509,
            0.013826435431838036,
            -0.0038414597511291504
        ],
        [
            0.07731790840625763,
            -0.006686501204967499,
            -0.016310997307300568
        ],
        [
            0.08840452879667282,
            -0.004723452031612396,
            -0.016033422201871872
        ],
        [
            0.0976409763097763,
            -0.014747247099876404,
            -0.01764637604355812
        ],
        [
            0.08798357099294662,
            -0.019350843504071236,
            -0.016015388071537018
        ],
        [
            0.06531364470720291,
            -0.011706717312335968,
            -0.015816394239664078
        ],
        [
            0.07415316998958588,
            -0.022535420954227448,
            -0.01772370934486389
        ],
        [
            0.061095014214515686,
            -0.02733241580426693,
            -0.01598929613828659
        ],
        [
            0.045040350407361984,
            -0.03355729579925537,
            -0.01021505519747734
        ],
        [
            0.09163393080234528,
            0.02929491549730301,
            -0.0021057799458503723
        ],
        [
            0.0825343132019043,
            0.03150220960378647,
            0.0021753907203674316
        ],
        [
            -0.000302312895655632,
            -0.03689315915107727,
            0.04671785980463028
        ],
        [
            0.00021304935216903687,
            -0.030875440686941147,
            0.047839079052209854
        ],
        [
            0.0037453919649124146,
            -0.03197392821311951,
            0.047497428953647614
        ],
        [
            0.002634357661008835,
            -0.037688229233026505,
            0.04676099121570587
        ],
        [
            0.09791942685842514,
            0.034396618604660034,
            0.016602151095867157
        ],
        [
            0.10421247780323029,
            0.029967982321977615,
            0.023181326687335968
        ],
        [
            0.10835275799036026,
            0.032604143023490906,
            0.017757117748260498
        ],
        [
            0.10261239111423492,
            0.03504495322704315,
            0.010655418038368225
        ],
        [
            0.09173882752656937,
            0.033512867987155914,
            0.024456851184368134
        ],
        [
            0.09802055358886719,
            0.0260505061596632,
            0.030238784849643707
        ],
        [
            -0.0058377403765916824,
            -0.04260270297527313,
            0.05685245245695114
        ],
        [
            -0.004514891654253006,
            -0.043028101325035095,
            0.051763866096735
        ],
        [
            -0.00037049688398838043,
            -0.044614098966121674,
            0.05394509434700012
        ],
        [
            -0.0004863198846578598,
            -0.04372115805745125,
            0.05941150709986687
        ],
        [
            0.03891770541667938,
            -0.03014976903796196,
            0.028927214443683624
        ],
        [
            0.04267224669456482,
            -0.021492350846529007,
            0.028902912512421608
        ],
        [
            0.02976289764046669,
            -0.03350455313920975,
            0.04157382994890213
        ],
        [
            0.03501725569367409,
            -0.0283522829413414,
            0.038049910217523575
        ],
        [
            0.035683657974004745,
            -0.03506249189376831,
            0.035723768174648285
        ],
        [
            0.03188932687044144,
            -0.039061374962329865,
            0.03982678800821304
        ],
        [
            0.04333079233765602,
            -0.006351185962557793,
            0.041774824261665344
        ],
        [
            0.05106118321418762,
            -0.003954065963625908,
            0.033480435609817505
        ],
        [
            0.04877687990665436,
            -0.010192317888140678,
            0.03297880291938782
        ],
        [
            0.039501726627349854,
            -0.014118347316980362,
            0.0409400574862957
        ],
        [
            0.05249050632119179,
            0.010166981257498264,
            0.034454137086868286
        ],
        [
            0.04527759924530983,
            0.006505018100142479,
            0.042859312146902084
        ],
        [
            0.047148555517196655,
            0.014915424399077892,
            0.04232135787606239
        ],
        [
            0.05107112228870392,
            0.016350165009498596,
            0.03586537018418312
        ],
        [
            0.033768609166145325,
            -0.0034468071535229683,
            0.05637708306312561
        ],
        [
            0.03208684176206589,
            -0.006255617365241051,
            0.059594523161649704
        ],
        [
            0.03138826787471771,
            -0.002279506763443351,
            0.05878967046737671
        ],
        [
            0.034617140889167786,
            0.00022321846336126328,
            0.05603569746017456
        ],
        [
            0.11321656405925751,
            0.03447730466723442,
            0.012877419590950012
        ],
        [
            0.1072884052991867,
            0.03474012389779091,
            0.004990898072719574
        ],
        [
            0.06783488392829895,
            0.02577323094010353,
            0.05949348583817482
        ],
        [
            0.0672987774014473,
            0.03395051509141922,
            0.051593117415905
        ],
        [
            0.05729404091835022,
            0.03439021483063698,
            0.06029970198869705
        ],
        [
            0.060720331966876984,
            0.025273863226175308,
            0.0680120438337326
        ],
        [
            0.10747601836919785,
            0.020922232419252396,
            0.02722131460905075
        ],
        [
            0.11265762895345688,
            0.02519099973142147,
            0.023118581622838974
        ],
        [
            -0.006163576617836952,
            -0.03851032257080078,
            0.06179098039865494
        ],
        [
            -0.0007308479398488998,
            -0.03932281956076622,
            0.06392160803079605
        ],
        [
            0.07116788625717163,
            -0.03511608764529228,
            -0.010263018310070038
        ],
        [
            0.050737302750349045,
            -0.040954917669296265,
            -0.0066558606922626495
        ],
        [
            0.08655931055545807,
            -0.028996815904974937,
            -0.010560669004917145
        ],
        [
            0.09719677269458771,
            -0.024230847135186195,
            -0.009336009621620178
        ],
        [
            0.10570711642503738,
            -0.021145645529031754,
            -0.010973282158374786
        ],
        [
            0.033254850655794144,
            -0.023669492453336716,
            0.04237315058708191
        ],
        [
            0.04861120134592056,
            -0.014210185036063194,
            0.028569351881742477
        ],
        [
            0.05829251557588577,
            0.0008941218256950378,
            0.02467779815196991
        ],
        [
            0.05711892247200012,
            0.03152681142091751,
            0.02930493652820587
        ],
        [
            0.06356652826070786,
            0.03333244472742081,
            0.02138654887676239
        ],
        [
            0.059266459196805954,
            0.023413624614477158,
            0.021010473370552063
        ],
        [
            0.05494549125432968,
            0.02370939776301384,
            0.02844657003879547
        ],
        [
            0.06088323891162872,
            0.0380767360329628,
            0.04474305361509323
        ],
        [
            0.05478884279727936,
            0.035103943198919296,
            0.04020330682396889
        ],
        [
            0.05002868175506592,
            0.03380930796265602,
            0.04621250927448273
        ],
        [
            0.05404530465602875,
            0.037103887647390366,
            0.05211256816983223
        ],
        [
            0.03870009630918503,
            -0.04707884415984154,
            0.011407289654016495
        ],
        [
            0.053913719952106476,
            -0.046882499009370804,
            0.011334694921970367
        ],
        [
            0.09083525091409683,
            0.035223692655563354,
            0.008679427206516266
        ],
        [
            0.09599839150905609,
            0.03340951353311539,
            0.003043830394744873
        ],
        [
            0.10329265892505646,
            0.032792024314403534,
            -0.0014375075697898865
        ],
        [
            0.06964506208896637,
            0.008346391841769218,
            0.005932722240686417
        ],
        [
            0.07833424210548401,
            0.010645590722560883,
            -0.005006514489650726
        ],
        [
            0.07695432007312775,
            0.006607614457607269,
            -0.006270952522754669
        ],
        [
            0.069888174533844,
            0.005043085664510727,
            0.006144832819700241
        ],
        [
            0.058962445706129074,
            -0.006762698292732239,
            0.005977131426334381
        ],
        [
            0.06348374485969543,
            -0.003798656165599823,
            -0.006316930055618286
        ],
        [
            0.048555172979831696,
            -0.012014135718345642,
            0.00769796222448349
        ],
        [
            0.08960661292076111,
            0.005005110055208206,
            -0.012972645461559296
        ],
        [
            0.09702826291322708,
            0.012807507067918777,
            -0.015582680702209473
        ],
        [
            0.09765158593654633,
            0.00421973317861557,
            -0.018002226948738098
        ],
        [
            0.09844796359539032,
            0.02168952114880085,
            -0.011562496423721313
        ],
        [
            0.10045824199914932,
            0.028955575078725815,
            -0.006719157099723816
        ],
        [
            0.12018749862909317,
            0.0281082633882761,
            0.020285114645957947
        ],
        [
            0.09849779307842255,
            -0.004132583737373352,
            -0.018579579889774323
        ],
        [
            0.03260292857885361,
            -0.023372212424874306,
            0.001143094152212143
        ],
        [
            0.026116076856851578,
            -0.02831820398569107,
            0.0026510022580623627
        ],
        [
            0.027885006740689278,
            -0.027028480544686317,
            0.010222379118204117
        ],
        [
            0.03407978266477585,
            -0.022323131561279297,
            0.009585883468389511
        ],
        [
            0.03618347644805908,
            -0.04787624627351761,
            0.048708174377679825
        ],
        [
            0.03288128599524498,
            -0.04444222152233124,
            0.04246620461344719
        ],
        [
            0.03783375397324562,
            -0.042174726724624634,
            0.03612716868519783
        ],
        [
            0.06920231133699417,
            0.02171364799141884,
            0.006197147071361542
        ],
        [
            0.07462293654680252,
            0.032760635018348694,
            0.009540043771266937
        ],
        [
            0.027857515960931778,
            -0.0289404708892107,
            0.04565864056348801
        ],
        [
            0.004555465653538704,
            -0.04472210258245468,
            0.06111714616417885
        ],
        [
            0.004681875929236412,
            -0.04612201079726219,
            0.05509715899825096
        ],
        [
            0.02271805703639984,
            -0.0479075089097023,
            0.052868373692035675
        ],
        [
            0.022726332768797874,
            -0.046661678701639175,
            0.05987085402011871
        ],
        [
            0.02448762208223343,
            -0.02727750688791275,
            0.054486747831106186
        ],
        [
            0.025047356262803078,
            -0.0293764378875494,
            0.04756920784711838
        ],
        [
            0.02361668460071087,
            -0.02910175547003746,
            0.04894975200295448
        ],
        [
            0.021595655009150505,
            -0.025604557245969772,
            0.05435021594166756
        ],
        [
            0.03494511544704437,
            0.006368354428559542,
            0.057378482073545456
        ],
        [
            0.03736691176891327,
            0.008295141160488129,
            0.054749809205532074
        ],
        [
            0.04353674501180649,
            -0.029504133388400078,
            0.06719571352005005
        ],
        [
            0.045913875102996826,
            -0.042712364345788956,
            0.06337592750787735
        ],
        [
            0.055408578366041183,
            -0.0405450239777565,
            0.05425817891955376
        ],
        [
            0.045206665992736816,
            0.0009236373007297516,
            0.042091645300388336
        ],
        [
            0.03852028027176857,
            -0.0005525611340999603,
            0.04963281750679016
        ],
        [
            0.039462100714445114,
            0.0034608030691742897,
            0.05000442638993263
        ],
        [
            0.031592585146427155,
            -0.021616052836179733,
            0.046227581799030304
        ],
        [
            0.027318762615323067,
            -0.02483300492167473,
            0.050256893038749695
        ],
        [
            0.02991095930337906,
            -0.02081470750272274,
            0.05161090940237045
        ],
        [
            0.033710382878780365,
            -0.016765853390097618,
            0.04710090905427933
        ],
        [
            0.07708147913217545,
            0.03427376598119736,
            0.042512089014053345
        ],
        [
            0.06931431591510773,
            0.03936181589961052,
            0.035070646554231644
        ],
        [
            -0.00225972943007946,
            -0.0410718135535717,
            0.048133574426174164
        ],
        [
            0.0011004917323589325,
            -0.0423804447054863,
            0.04915991425514221
        ],
        [
            0.052688632160425186,
            0.003117232583463192,
            0.03389494866132736
        ],
        [
            0.06507529318332672,
            -0.035948652774095535,
            0.043056100606918335
        ],
        [
            0.059038225561380386,
            0.0063473256304860115,
            0.025068778544664383
        ],
        [
            0.04635798931121826,
            0.012382343411445618,
            0.07073669135570526
        ],
        [
            0.040971480309963226,
            0.0169366467744112,
            0.06528863310813904
        ],
        [
            0.037612952291965485,
            0.016017181798815727,
            0.0647009089589119
        ],
        [
            0.038514066487550735,
            0.013085438869893551,
            0.06948373466730118
        ],
        [
            0.007555294781923294,
            -0.02496824786067009,
            0.05696243420243263
        ],
        [
            0.0067910607904195786,
            -0.026868125423789024,
            0.051332831382751465
        ],
        [
            0.00406678207218647,
            -0.026815015822649002,
            0.05115833878517151
        ],
        [
            0.0035084672272205353,
            -0.024852488189935684,
            0.056849732995033264
        ],
        [
            0.025940077379345894,
            -0.03397407382726669,
            0.04389327019453049
        ],
        [
            0.027174774557352066,
            -0.03993946686387062,
            0.042504359036684036
        ],
        [
            0.022552162408828735,
            -0.03927606716752052,
            0.044008951634168625
        ],
        [
            0.02261717990040779,
            -0.03340880945324898,
            0.045933883637189865
        ],
        [
            0.02811139076948166,
            -0.04530783370137215,
            0.045750170946121216
        ],
        [
            0.02294820547103882,
            -0.045043375343084335,
            0.04709772765636444
        ],
        [
            0.007213665172457695,
            -0.027064267545938492,
            0.0631224662065506
        ],
        [
            0.005793856456875801,
            -0.033610206097364426,
            0.0667710229754448
        ],
        [
            0.022708462551236153,
            -0.033736586570739746,
            0.06631486862897873
        ],
        [
            0.020405372604727745,
            -0.02749123051762581,
            0.06179197132587433
        ],
        [
            0.08986932039260864,
            0.006541908718645573,
            0.04185301065444946
        ],
        [
            0.08989696204662323,
            0.01774018257856369,
            0.04118194803595543
        ],
        [
            0.07794569432735443,
            0.01690978743135929,
            0.05104689300060272
        ],
        [
            0.06657365709543228,
            0.016499565914273262,
            0.06212855875492096
        ],
        [
            0.05513925105333328,
            0.015070579014718533,
            0.07107260823249817
        ],
        [
            0.055654376745224,
            0.0030218069441616535,
            0.07396215200424194
        ],
        [
            0.07864905148744583,
            0.024999018758535385,
            0.048918645828962326
        ],
        [
            0.031434621661901474,
            -0.026905011385679245,
            0.06173121556639671
        ],
        [
            0.03398476541042328,
            -0.03341459855437279,
            0.06567564606666565
        ],
        [
            0.03511558100581169,
            -0.02835259400308132,
            0.06582743674516678
        ],
        [
            0.058325301855802536,
            0.013828209601342678,
            0.025183942168951035
        ],
        [
            0.005277808755636215,
            -0.04414709284901619,
            0.050028517842292786
        ],
        [
            0.10949937254190445,
            -0.01888972893357277,
            0.010884523391723633
        ],
        [
            0.11290264874696732,
            -0.008441712707281113,
            0.018890373408794403
        ],
        [
            0.10563547909259796,
            -0.011863615363836288,
            0.022573500871658325
        ],
        [
            0.10112448036670685,
            -0.023338021710515022,
            0.012962345033884048
        ],
        [
            0.006115099415183067,
            -0.03254540637135506,
            0.04709234833717346
        ],
        [
            0.005912113934755325,
            -0.038995858281850815,
            0.046279288828372955
        ],
        [
            0.0370173417031765,
            0.014767620712518692,
            0.05488744005560875
        ],
        [
            0.03495310992002487,
            0.012301689945161343,
            0.0576675608754158
        ],
        [
            0.03578261286020279,
            0.01549164392054081,
            0.05875731259584427
        ],
        [
            0.03599705919623375,
            0.01911315694451332,
            0.056271567940711975
        ],
        [
            0.09037771075963974,
            0.02348027192056179,
            0.039219312369823456
        ],
        [
            0.048202477395534515,
            0.03554621338844299,
            0.06097782030701637
        ],
        [
            0.051486045122146606,
            0.026734590530395508,
            0.06912493705749512
        ],
        [
            0.10024018585681915,
            0.018002653494477272,
            0.03283131122589111
        ],
        [
            0.10077914595603943,
            0.008234042674303055,
            0.03380750119686127
        ],
        [
            0.10871178656816483,
            0.01003357395529747,
            0.028285227715969086
        ],
        [
            0.04705097898840904,
            -0.009432239457964897,
            0.07312288880348206
        ],
        [
            0.08764639496803284,
            -0.0018685264512896538,
            0.042881079018116
        ],
        [
            0.09899919480085373,
            0.0007173912599682808,
            0.0338749885559082
        ],
        [
            0.10838437080383301,
            0.0025325948372483253,
            0.027257833629846573
        ],
        [
            0.11552426218986511,
            0.004378070123493671,
            0.02323511242866516
        ],
        [
            0.11505984514951706,
            0.012432293966412544,
            0.024653073400259018
        ],
        [
            0.004830220714211464,
            -0.039628442376852036,
            0.06509911268949509
        ],
        [
            -0.0003204941749572754,
            -0.032471444457769394,
            0.06595344096422195
        ],
        [
            0.12327989935874939,
            0.015182014554738998,
            0.0218060240149498
        ],
        [
            0.12305833399295807,
            0.006077185273170471,
            0.019806168973445892
        ],
        [
            0.09693020582199097,
            -0.008228872902691364,
            0.0325128398835659
        ],
        [
            0.09360121190547943,
            -0.01883060485124588,
            0.029334045946598053
        ],
        [
            0.085857093334198,
            -0.01034475676715374,
            0.04107901453971863
        ],
        [
            0.08183867484331131,
            -0.02106384187936783,
            0.0389433354139328
        ],
        [
            0.050521742552518845,
            -0.020331786945462227,
            0.0752616748213768
        ],
        [
            -0.014701087027788162,
            -0.024359267204999924,
            0.05713057518005371
        ],
        [
            -0.004646275192499161,
            -0.026262100785970688,
            0.06177794188261032
        ],
        [
            -0.0017056968063116074,
            -0.02431304007768631,
            0.05702894181013107
        ],
        [
            -0.012015804648399353,
            -0.021785810589790344,
            0.05490806698799133
        ],
        [
            0.0019778478890657425,
            -0.026585087180137634,
            0.06232096999883652
        ],
        [
            -0.005873395130038261,
            -0.03154229000210762,
            0.06379996985197067
        ],
        [
            0.075920969247818,
            -0.03291139379143715,
            0.0315067395567894
        ],
        [
            0.02772926725447178,
            -0.023857606574892998,
            0.055514704436063766
        ],
        [
            0.08641540259122849,
            -0.031327784061431885,
            0.017580341547727585
        ],
        [
            0.06409396231174469,
            -0.04453090950846672,
            0.025689881294965744
        ],
        [
            0.0700797587633133,
            -0.04245802387595177,
            0.01368645578622818
        ],
        [
            0.09527989476919174,
            -0.03017616830766201,
            0.00195210799574852
        ],
        [
            0.07966852188110352,
            -0.038567669689655304,
            0.0007284320890903473
        ],
        [
            0.11147277057170868,
            -0.021366488188505173,
            -0.001362346112728119
        ],
        [
            0.10384523123502731,
            -0.024946944788098335,
