{
    "pred_cam": [
        10.831222534179688,
        0.1320222169160843,
        -0.047628358006477356
    ],
    "pred_mano_params": {
        "global_orient": [
            [
                [
                    -0.7249860167503357,
                    0.03793554753065109,
                    -0.6877180933952332
                ],
                [
                    -0.34706658124923706,
                    -0.8825730085372925,
                    0.31719034910202026
                ],
                [
                    -0.5949286222457886,
                    0.46864256262779236,
                    0.6530192494392395
                ]
            ]
        ],
        "hand_pose": [
            [
                [
                    0.7288804650306702,
                    -0.5669999718666077,
                    -0.383724182844162
                ],
                [
                    0.5669319033622742,
                    0.8140702247619629,
                    -0.12600770592689514
                ],
                [
                    0.38382479548454285,
                    -0.1257009208202362,
                    0.9148102402687073
                ]
            ],
            [
                [
                    0.6766767501831055,
                    -0.6946957111358643,
                    0.24393922090530396
                ],
                [
                    0.7345694303512573,
                    0.6144028306007385,
                    -0.2879530191421509
                ],
                [
                    0.05016280338168144,
                    0.3740414083003998,
                    0.9260543584823608
                ]
            ],
            [
                [
                    0.8702021241188049,
                    -0.45836585760116577,
                    0.18069055676460266
                ],
                [
                    0.4369335174560547,
                    0.8874186277389526,
                    0.1468919813632965
                ],
                [
                    -0.22767844796180725,
                    -0.048875950276851654,
                    0.97250896692276
                ]
            ],
            [
                [
                    0.4941953122615814,
                    -0.8265540599822998,
                    -0.2694058120250702
                ],
                [
                    0.8693480491638184,
                    0.4690607488155365,
                    0.1556149274110794
                ],
                [
                    -0.002256431384012103,
                    -0.31111153960227966,
                    0.9503707885742188
                ]
            ],
            [
                [
                    0.8791490197181702,
                    -0.46078211069107056,
                    -0.12156033515930176
                ],
                [
                    0.47654691338539124,
                    0.8502435088157654,
                    0.2235824167728424
                ],
                [
                    0.00033310867729596794,
                    -0.2544914484024048,
                    0.9670750498771667
                ]
            ],
            [
                [
                    0.9146637320518494,
                    -0.3997137248516083,
                    0.06015949696302414
                ],
                [
                    0.3987863063812256,
                    0.9166395664215088,
                    0.02722848951816559
                ],
                [
                    -0.0660281777381897,
                    -0.0009141287882812321,
                    0.99781733751297
                ]
            ],
            [
                [
                    0.45820608735084534,
                    -0.8709905743598938,
                    0.17726434767246246
                ],
                [
                    0.645634651184082,
                    0.4632125794887543,
                    0.607116162776947
                ],
                [
                    -0.6109035015106201,
                    -0.16373629868030548,
                    0.7745885252952576
                ]
            ],
            [
                [
                    0.8507785797119141,
                    -0.5230541825294495,
                    -0.05089467391371727
                ],
                [
                    0.4599444270133972,
                    0.6942617297172546,
                    0.5535809993743896
                ],
                [
                    -0.25421860814094543,
                    -0.49438348412513733,
                    0.831238865852356
                ]
            ],
            [
                [
                    0.9810706377029419,
                    -0.1797432005405426,
                    0.07206109911203384
                ],
                [
                    0.13210469484329224,
                    0.8932924270629883,
                    0.4296242892742157
                ],
                [
                    -0.14159367978572845,
                    -0.41197216510772705,
                    0.9001278877258301
                ]
            ],
            [
                [
                    0.5008299350738525,
                    -0.8577738404273987,
                    0.11572998017072678
                ],
                [
                    0.8298145532608032,
                    0.5138642191886902,
                    0.21760378777980804
                ],
                [
                    -0.24612431228160858,
                    -0.012948076240718365,
                    0.9691518545150757
                ]
            ],
            [
                [
                    0.8757209777832031,
                    -0.47324031591415405,
                    -0.09568893909454346
                ],
                [
                    0.4497925937175751,
                    0.7275997400283813,
                    0.5179625749588013
                ],
                [
                    -0.17549751698970795,
                    -0.49663087725639343,
                    0.8500343561172485
                ]
            ],
            [
                [
                    0.9062435030937195,
                    -0.40893909335136414,
                    0.10719854384660721
                ],
                [
                    0.38432955741882324,
                    0.9025728702545166,
                    0.19404365122318268
                ],
                [
                    -0.1761065423488617,
                    -0.13465122878551483,
                    0.9751181602478027
                ]
            ],
            [
                [
                    0.9167740345001221,
                    0.29106050729751587,
                    0.2735127806663513
                ],
                [
                    -0.07286827266216278,
                    0.7951911091804504,
                    -0.60196453332901
                ],
                [
                    -0.39270302653312683,
                    0.5319349765777588,
                    0.7502196431159973
                ]
            ],
            [
                [
                    0.9902255535125732,
                    -0.11835282295942307,
                    0.0737973004579544
                ],
                [
                    0.0540609285235405,
                    0.8134304285049438,
                    0.5791445374488831
                ],
                [
                    -0.12857237458229065,
                    -0.5694941282272339,
                    0.8118778467178345
                ]
            ],
            [
                [
                    0.29913055896759033,
                    -0.94306880235672,
                    -0.1454034149646759
                ],
                [
                    0.2892952263355255,
                    0.23483912646770477,
                    -0.9279864430427551
                ],
                [
                    0.9093014597892761,
                    0.23552459478378296,
                    0.3430728614330292
                ]
            ]
        ],
        "betas": [
            -0.08911389112472534,
            -0.162337064743042,
            0.08699044585227966,
            -0.009406179189682007,
            -0.05751776695251465,
            -0.006710086017847061,
            -0.03185141086578369,
            0.025816798210144043,
            0.0014710277318954468,
            -0.05896267294883728
        ]
    },
    "pred_cam_t": [
        -0.1320222169160843,
        -0.047628358006477356,
        3.6064720153808594
    ],
    "focal_length": [
        5000.0,
        5000.0
    ],
    "pred_keypoints_3d": [
        [
            0.09602469205856323,
            0.00641787052154541,
            0.006238737143576145
        ],
        [
            0.09503301978111267,
            0.036804791539907455,
            0.030230265110731125
        ],
        [
            0.08472494781017303,
            0.05969475954771042,
            0.04824674502015114
        ],
        [
            0.07811884582042694,
            0.07762682437896729,
            0.06756430864334106
        ],
        [
            0.0954747125506401,
            0.10233861953020096,
            0.05462896078824997
        ],
        [
            0.14564819633960724,
            0.04821554571390152,
            0.0698394775390625
        ],
        [
            0.1721537709236145,
            0.06784989684820175,
            0.07140590995550156
        ],
        [
            0.17464309930801392,
            0.08546308428049088,
            0.058063872158527374
        ],
        [
            0.1670188456773758,
            0.10281985998153687,
            0.04227809980511665
        ],
        [
            0.16721439361572266,
            0.039643507450819016,
            0.05980030819773674
        ],
        [
            0.1813795417547226,
            0.06721649318933487,
            0.05249439552426338
        ],
        [
            0.17842377722263336,
            0.087226003408432,
            0.040791142731904984
        ],
        [
            0.16927354037761688,
            0.10837458074092865,
            0.02910519205033779
        ],
        [
            0.17390841245651245,
            0.029892949387431145,
            0.035680267959833145
        ],
        [
            0.183626189827919,
            0.05723891034722328,
            0.03585179150104523
        ],
        [
            0.17755025625228882,
            0.07852599769830704,
            0.024449868127703667
        ],
        [
            0.16507482528686523,
            0.09878136217594147,
            0.015613701194524765
        ],
        [
            0.17571237683296204,
            0.025368865579366684,
            0.014292887412011623
        ],
        [
            0.1818324625492096,
            0.045597609132528305,
            0.012047436088323593
        ],
        [
            0.17275235056877136,
            0.060942910611629486,
            0.005322950892150402
        ],
        [
            0.15798339247703552,
            0.07468089461326599,
            0.0008142553269863129
        ]
    ],
    "pred_vertices": [
        [
            0.11944768577814102,
            0.04558679834008217,
            0.03990466892719269
        ],
        [
            0.11226077377796173,
            0.04516563564538956,
            0.03372061625123024
        ],
        [
            0.10908252000808716,
            0.05483865365386009,
            0.041497740894556046
        ],
        [
            0.1168992668390274,
            0.053720902651548386,
            0.04742187261581421
        ],
        [
            0.09558387100696564,
            0.05539583042263985,
            0.02358812838792801
        ],
        [
            0.08467250317335129,
            0.05288558080792427,
            0.02152073383331299
        ],
        [
            0.0832684114575386,
            0.06405952572822571,
            0.03318578749895096
        ],
        [
            0.091864213347435,
            0.06657887995243073,
            0.03420558199286461
        ],
        [
            0.11321611702442169,
            0.059139519929885864,
            0.05557285621762276
        ],
        [
            0.1063237413764,
            0.062117595225572586,
            0.04798339307308197
        ],
        [
            0.10661043971776962,
            0.05826782435178757,
            0.0615520253777504
        ],
        [
            0.1168086975812912,
            0.049960628151893616,
            0.06894336640834808
        ],
        [
            0.12060724198818207,
            0.05394164100289345,
            0.062408559024333954
        ],
        [
            0.12553347647190094,
            0.04733845219016075,
            0.07359229028224945
        ],
        [
            0.11205898225307465,
            0.03923564404249191,
            0.06942510604858398
        ],
        [
            0.12865464389324188,
            0.03799872845411301,
            0.07572776079177856
        ],
        [
            0.12842637300491333,
            0.015409760177135468,
            0.05466761440038681
        ],
        [
            0.13512995839118958,
            0.009376823902130127,
            0.04421509429812431
        ],
        [
            0.1497722864151001,
            0.014775481075048447,
            0.05323819816112518
        ],
        [
            0.14131934940814972,
            0.02135630138218403,
            0.06246082857251167
        ],
        [
            0.1540616750717163,
            0.008718889206647873,
            0.03337870165705681
        ],
        [
            0.15242688357830048,
            0.01230441965162754,
            0.04468641057610512
        ],
        [
            0.1379915177822113,
            0.005713742226362228,
            0.03634915500879288
        ],
        [
            0.14007429778575897,
            0.0030436143279075623,
            0.026589596644043922
        ],
        [
            0.12367245554924011,
            0.03452976420521736,
            0.025978974997997284
        ],
        [
            0.11680640280246735,
            0.032029468566179276,
            0.019010938704013824
        ],
        [
            0.11544341593980789,
            0.03565879911184311,
            0.02497198060154915
        ],
        [
            0.12161622196435928,
            0.03771582618355751,
            0.0309043750166893
        ],
        [
            0.09019692987203598,
            0.057419486343860626,
            0.0631391853094101
        ],
        [
            0.09398678690195084,
            0.04724808782339096,
            0.061415329575538635
        ],
        [
            0.10101235657930374,
            0.05118337273597717,
            0.06394431740045547
        ],
        [
            0.0934605747461319,
            0.06173098087310791,
            0.062457114458084106
        ],
        [
            0.10269450396299362,
            0.02609362080693245,
            -0.0067365169525146484
        ],
        [
            0.09253846853971481,
            0.017329545691609383,
            -0.009377837181091309
        ],
        [
            0.08921127766370773,
            0.018991945311427116,
            -0.004834480583667755
        ],
        [
            0.0996762216091156,
            0.02625654824078083,
            -0.0030439384281635284
        ],
        [
            0.08198369294404984,
            0.032802969217300415,
            0.01059684157371521
        ],
        [
            0.07811908423900604,
            0.02330964058637619,
            0.008028477430343628
        ],
        [
            0.06792767345905304,
            0.01666266843676567,
            0.015707403421401978
        ],
        [
            0.07165250927209854,
            0.02367207035422325,
            0.02088041603565216
        ],
        [
            0.0842544436454773,
            0.0430806502699852,
            0.015414655208587646
        ],
        [
            0.07432803511619568,
            0.03559194505214691,
            0.02252274751663208
        ],
        [
            0.07672753930091858,
            0.04582991451025009,
            0.025961190462112427
        ],
        [
            0.07720308005809784,
            0.05669350177049637,
            0.035878363996744156
        ],
        [
            0.1001775711774826,
            0.011076031252741814,
            -0.017737530171871185
        ],
        [
            0.10858701914548874,
            0.016994208097457886,
            -0.017371919006109238
        ],
        [
            0.16129112243652344,
            0.07513339072465897,
            0.06574460864067078
        ],
        [
            0.16373413801193237,
            0.07295706123113632,
            0.06053001433610916
        ],
        [
            0.16100598871707916,
            0.07080640643835068,
            0.061453498899936676
        ],
        [
            0.1593608856201172,
            0.0732915848493576,
            0.0664801225066185
        ],
        [
            0.11439143866300583,
            -0.003360208123922348,
            -0.01533278077840805
        ],
        [
            0.1151738315820694,
            -0.011330269277095795,
            -0.00911586731672287
        ],
        [
            0.10996762663125992,
            -0.012960653752088547,
            -0.014020420610904694
        ],
        [
            0.1077352911233902,
            -0.0050023868680000305,
            -0.01865704357624054
        ],
        [
            0.123142309486866,
            -0.0011408254504203796,
            -0.01088590919971466
        ],
        [
            0.12207347899675369,
            -0.008374016731977463,
            -0.0022379495203495026
        ],
        [
            0.17013773322105408,
            0.07480967044830322,
            0.07515881210565567
        ],
        [
            0.16551509499549866,
            0.0767505019903183,
            0.0735476016998291
        ],
        [
            0.16410893201828003,
            0.07277298718690872,
            0.07563862204551697
        ],
        [
            0.16821157932281494,
            0.069449782371521,
            0.07680348306894302
        ],
        [
            0.12390901148319244,
            0.05295344814658165,
            0.0538860559463501
        ],
        [
            0.12665289640426636,
            0.04807651415467262,
            0.045227788388729095
        ],
        [
            0.13874007761478424,
            0.055455807596445084,
            0.06221243366599083
        ],
        [
            0.13521820306777954,
            0.05128025636076927,
            0.05532068386673927
        ],
        [
            0.12996700406074524,
            0.05289905145764351,
            0.06079016253352165
        ],
        [
            0.13418081402778625,
            0.0551353394985199,
            0.06657922267913818
        ],
        [
            0.14336444437503815,
            0.039382629096508026,
            0.03593688830733299
        ],
        [
            0.13408611714839935,
            0.03573177754878998,
            0.02987443469464779
        ],
        [
            0.13222695887088776,
            0.03887767344713211,
            0.03561297804117203
        ],
        [
            0.14136944711208344,
            0.04409915208816528,
            0.04296097904443741
        ],
        [
            0.13985303044319153,
            0.03224540501832962,
            0.017322570085525513
        ],
        [
            0.1485133320093155,
            0.035615261644124985,
            0.024545036256313324
        ],
        [
            0.1506519913673401,
            0.033079322427511215,
            0.01656852662563324
        ],
        [
            0.14410805702209473,
            0.03210608288645744,
            0.012370377779006958
        ],
        [
            0.16067607700824738,
            0.04171070456504822,
            0.03949126601219177
        ],
        [
            0.16372361779212952,
            0.0433596670627594,
            0.043490588665008545
        ],
        [
            0.16567778587341309,
            0.04329603537917137,
            0.040386706590652466
        ],
        [
            0.16178621351718903,
            0.04041377082467079,
            0.03609602153301239
        ],
        [
            0.10455559194087982,
            -0.01535557210445404,
            -0.018029477447271347
        ],
        [
            0.10094717890024185,
            -0.006627622991800308,
            -0.020977023988962173
        ],
        [
            0.1588052362203598,
            0.0057461317628622055,
            0.011953063309192657
        ],
        [
            0.15615466237068176,
            0.008761083707213402,
            0.001332554966211319
        ],
        [
            0.16828599572181702,
            0.013479091227054596,
            0.005226884037256241
        ],
        [
            0.16863785684108734,
            0.008286837488412857,
            0.0162122193723917
        ],
        [
            0.11340825259685516,
            -0.014857809990644455,
            0.0005400404334068298
        ],
        [
            0.10945815593004227,
            -0.018239624798297882,
            -0.005400214344263077
        ],
        [
            0.1751943975687027,
            0.07144410163164139,
            0.07320639491081238
        ],
        [
            0.17273272573947906,
            0.06602707505226135,
            0.07443848997354507
        ],
        [
            0.07488197088241577,
            0.0342700257897377,
            0.03430856764316559
        ],
        [
            0.07561586052179337,
            0.049152933061122894,
            0.04175499826669693
        ],
        [
            0.07318693399429321,
            0.02209610864520073,
            0.02985379844903946
        ],
        [
            0.07163914293050766,
            0.013338930904865265,
            0.026523292064666748
        ],
        [
            0.06730290502309799,
            0.007273782044649124,
            0.023180536925792694
        ],
        [
            0.14138180017471313,
            0.05035637691617012,
            0.052874855697155
        ],
        [
            0.1269761323928833,
            0.041762497276067734,
            0.037771452218294144
        ],
        [
            0.12564527988433838,
            0.032530494034290314,
            0.021464742720127106
        ],
        [
            0.14199259877204895,
            0.027691055089235306,
            -0.004521563649177551
        ],
        [
            0.1333324909210205,
            0.025208730250597,
            -0.009868733584880829
        ],
        [
            0.13110670447349548,
            0.030371904373168945,
            -0.0006312988698482513
        ],
        [
            0.1392350196838379,
            0.030935019254684448,
            0.0024260058999061584
        ],
        [
            0.15532109141349792,
            0.0168873593211174,
            -0.0045941062271595
        ],
        [
            0.15339481830596924,
            0.02465149760246277,
            -0.0031822174787521362
        ],
        [
            0.16042208671569824,
            0.026401696726679802,
            0.0008597970008850098
        ],
        [
            0.16443659365177155,
            0.019789425656199455,
            -0.00017454661428928375
        ],
        [
            0.08292943239212036,
            0.055485352873802185,
            0.06200449913740158
        ],
        [
            0.08726584166288376,
            0.04499252513051033,
            0.05811753123998642
        ],
        [
            0.11150674521923065,
            0.006331752985715866,
            -0.018787741661071777
        ],
        [
            0.10393863916397095,
            0.004435937851667404,
            -0.01975894719362259
        ],
        [
            0.09681223332881927,
            -7.301568984985352e-07,
            -0.02150620147585869
        ],
        [
            0.10945010185241699,
            0.030168378725647926,
            0.006706073880195618
        ],
        [
            0.09768552333116531,
            0.026549044996500015,
            -0.0005518496036529541
        ],
        [
            0.09638138115406036,
            0.02896161377429962,
            0.0029661208391189575
        ],
        [
            0.10907603055238724,
            0.030893374234437943,
            0.010266091674566269
        ],
        [
            0.10683519393205643,
            0.04544031247496605,
            0.024383746087551117
        ],
        [
            0.09738638252019882,
            0.0428752601146698,
            0.014415629208087921
        ],
        [
            0.10399319231510162,
            0.05667179822921753,
            0.032516248524188995
        ],
        [
            0.08348781615495682,
            0.020488308742642403,
            0.0003683939576148987
        ],
        [
            0.08053074032068253,
            0.014300543814897537,
            -0.00841502845287323
        ],
        [
            0.07499612122774124,
            0.01577656716108322,
            -0.0016010850667953491
        ],
        [
            0.08657969534397125,
            0.010123088955879211,
            -0.015013366937637329
        ],
        [
            0.09236617386341095,
            0.005308862775564194,
            -0.019920602440834045
        ],
        [
            0.10490472614765167,
            -0.02404949441552162,
            -0.009741131216287613
        ],
        [
            0.07085420191287994,
            0.01600884273648262,
            0.005794510245323181
        ],
        [
            0.08862955123186111,
            0.07081127166748047,
            0.042407091706991196
        ],
        [
            0.08456793427467346,
            0.07375341653823853,
            0.0485706627368927
        ],
        [
            0.09124177694320679,
            0.07230859994888306,
            0.052919257432222366
        ],
        [
            0.09521844238042831,
            0.0694756880402565,
            0.04771748185157776
        ],
        [
            0.13543178141117096,
            0.04827484115958214,
            0.07796923071146011
        ],
        [
            0.133574977517128,
            0.053814057260751724,
            0.07270444184541702
        ],
        [
            0.12521013617515564,
            0.05206459388136864,
            0.06778093427419662
        ],
        [
            0.11399208009243011,
            0.028257492929697037,
            -0.0057554692029953
        ],
        [
            0.11857271939516068,
            0.020601417869329453,
            -0.014939792454242706
        ],
        [
            0.14452794194221497,
            0.054397474974393845,
            0.05969447270035744
        ],
        [
            0.16658242046833038,
            0.06535055488348007,
            0.07863428443670273
        ],
        [
            0.16184568405151367,
            0.06912748515605927,
            0.07774380594491959
        ],
        [
            0.14923858642578125,
            0.057563815265893936,
            0.0793285220861435
        ],
        [
            0.15458305180072784,
            0.05316510424017906,
            0.08055134117603302
        ],
        [
            0.15413762629032135,
            0.051678165793418884,
            0.06142713502049446
        ],
        [
            0.14793944358825684,
            0.05524955689907074,
            0.0606619268655777
        ],
        [
            0.15022315084934235,
            0.05511350557208061,
            0.0605788417160511
        ],
        [
            0.15630382299423218,
            0.05265958607196808,
            0.059120748192071915
        ],
        [
            0.1667051762342453,
            0.04018283262848854,
            0.03148166090250015
        ],
        [
            0.1629335731267929,
            0.037681154906749725,
            0.027808094397187233
        ],
        [
            0.15395091474056244,
            0.03014839068055153,
            0.06718286871910095
        ],
        [
            0.14454811811447144,
            0.03166262060403824,
            0.07727969437837601
        ],
        [
            0.13328653573989868,
            0.02755674533545971,
            0.07129030674695969
        ],
        [
            0.14566802978515625,
            0.03670038282871246,
            0.029302624985575676
        ],
        [
            0.1542571783065796,
            0.039675965905189514,
            0.0340975821018219
        ],
        [
            0.15583059191703796,
            0.038161806762218475,
            0.03054118901491165
        ],
        [
            0.14609257876873016,
            0.049846015870571136,
            0.0526663139462471
        ],
        [
            0.149834543466568,
            0.052009761333465576,
            0.057630330324172974
        ],
        [
            0.15164747834205627,
            0.0489690862596035,
            0.05404486879706383
        ],
        [
            0.14795072376728058,
            0.04694262892007828,
            0.048294197767972946
        ],
        [
            0.14450205862522125,
            0.003980088979005814,
            -0.003317788243293762
        ],
        [
            0.1440986841917038,
            0.013438321650028229,
            -0.010325107723474503
        ],
        [
            0.16210809350013733,
            0.07669477164745331,
            0.07026392966508865
        ],
        [
            0.16053156554698944,
            0.07405690848827362,
            0.07176139950752258
        ],
        [
            0.13650786876678467,
            0.03322277590632439,
            0.02349148318171501
        ],
        [
            0.12180782854557037,
            0.023145142942667007,
            0.06203645467758179
        ],
        [
            0.12777119874954224,
            0.030956702306866646,
            0.016574867069721222
        ],
        [
            0.17277634143829346,
            0.020915141329169273,
            0.0303642675280571
        ],
        [
            0.17344003915786743,
            0.027713362127542496,
            0.02469865046441555
        ],
        [
            0.1753893941640854,
            0.03233710303902626,
            0.026539472863078117
        ],
        [
            0.17721687257289886,
            0.028919648379087448,
            0.031243883073329926
        ],
        [
            0.16716714203357697,
            0.06102735921740532,
            0.058729127049446106
        ],
        [
            0.163230299949646,
            0.06549284607172012,
            0.05854135751724243
        ],
        [
            0.16489142179489136,
            0.06726855039596558,
            0.05793298780918121
        ],
        [
            0.169891357421875,
            0.06391607224941254,
            0.05826136842370033
        ],
        [
            0.1434316188097,
            0.05749158933758736,
            0.06366882473230362
        ],
        [
            0.1397317796945572,
            0.05819348990917206,
            0.06875193864107132
        ],
        [
            0.14484252035617828,
            0.060965947806835175,
            0.06842074543237686
        ],
        [
            0.14764335751533508,
            0.058566946536302567,
            0.06359990686178207
        ],
        [
            0.14044390618801117,
            0.05656787008047104,
            0.07473459094762802
        ],
        [
            0.14555706083774567,
            0.060100581496953964,
            0.07476399838924408
        ],
        [
            0.1711360514163971,
            0.05800972506403923,
            0.06283119320869446
        ],
        [
            0.1727379560470581,
            0.058435797691345215,
            0.07027288526296616
        ],
        [
            0.16249483823776245,
            0.04638423025608063,
            0.07070975005626678
        ],
        [
            0.16201931238174438,
            0.04943254962563515,
            0.06326740235090256
        ],
        [
            0.12741771340370178,
            -0.003761105239391327,
            0.02082802541553974
        ],
        [
            0.13123586773872375,
            -0.004873160272836685,
            0.010319672524929047
        ],
        [
            0.14409565925598145,
            0.0015986338257789612,
            0.015842491760849953
        ],
        [
            0.15768612921237946,
            0.00684656947851181,
            0.021391557529568672
        ],
        [
            0.1693943440914154,
            0.013136414811015129,
            0.027042390778660774
        ],
        [
            0.16632573306560516,
            0.012739118188619614,
            0.038968976587057114
        ],
        [
            0.14527252316474915,
            0.0008676238358020782,
            0.007619885727763176
        ],
        [
            0.1573166698217392,
            0.04341670498251915,
            0.06425949931144714
        ],
        [
            0.15564945340156555,
            0.038648270070552826,
            0.0708351582288742
        ],
        [
            0.1578061878681183,
            0.03767074644565582,
            0.06671197712421417
        ],
        [
            0.13112136721611023,
            0.030598878860473633,
            0.00984625518321991
        ],
        [
            0.1585421860218048,
            0.07136818021535873,
            0.07416828721761703
        ],
        [
            0.08404301851987839,
            -0.005071263760328293,
            0.029823608696460724
        ],
        [
            0.09286700934171677,
            -0.012531496584415436,
            0.02357783541083336
        ],
        [
            0.09783189743757248,
            -0.007301811128854752,
            0.028635893017053604
        ],
        [
            0.08796651661396027,
            0.0015998072922229767,
            0.0349259190261364
        ],
        [
            0.15917734801769257,
            0.06993547081947327,
            0.062422387301921844
        ],
        [
            0.15697522461414337,
            0.07198480516672134,
            0.0680767223238945
        ],
        [
            0.1662558764219284,
            0.03697916865348816,
            0.022230999544262886
        ],
        [
            0.16960188746452332,
            0.03924731910228729,
            0.026400454342365265
        ],
        [
            0.17225082218647003,
            0.037944454699754715,
            0.024948250502347946
        ],
        [
            0.1704157590866089,
            0.0371660552918911,
            0.019168231636285782
        ],
        [
            0.1316809505224228,
            -0.005168940871953964,
            0.004294663667678833
        ],
        [
            0.17427201569080353,
            0.02094850316643715,
            0.0056620147079229355
        ],
        [
            0.17495286464691162,
            0.015265466645359993,
            0.016297433525323868
        ],
        [
            0.12001202255487442,
            -0.010492101311683655,
            0.005990184843540192
        ],
        [
            0.11675794422626495,
            -0.01022409275174141,
            0.015281502157449722
        ],
        [
            0.10945983231067657,
            -0.015092816203832626,
            0.010844461619853973
        ],
        [
            0.1650623232126236,
            0.021725129336118698,
            0.051088348031044006
        ],
        [
            0.1259894222021103,
            -0.0012155435979366302,
            0.029071606695652008
        ],
        [
            0.1146870106458664,
            -0.0077357217669487,
            0.022284090518951416
        ],
        [
            0.10587412118911743,
            -0.013437438756227493,
            0.017304766923189163
        ],
        [
            0.10014715045690536,
            -0.018279805779457092,
            0.013487432152032852
        ],
        [
            0.10463167726993561,
            -0.01947929337620735,
            0.006732996553182602
        ],
        [
            0.17043118178844452,
            0.06150873005390167,
            0.07529230415821075
        ],
        [
            0.17626860737800598,
            0.06300242990255356,
            0.06887191534042358
        ],
        [
            0.09969683736562729,
            -0.02589472010731697,
            0.0024717748165130615
        ],
        [
            0.09464128315448761,
            -0.023704934865236282,
            0.010006051510572433
        ],
        [
            0.11105537414550781,
            -0.004239950329065323,
            0.030038882046937943
        ],
        [
            0.10603171586990356,
            0.0011928528547286987,
            0.03848033398389816
        ],
        [
            0.12206602096557617,
            0.002162329852581024,
            0.03619176894426346
        ],
        [
            0.11796556413173676,
            0.007937926799058914,
            0.0453890785574913
        ],
        [
            0.16035863757133484,
            0.01929926872253418,
            0.061093177646398544
        ],
        [
            0.18136240541934967,
            0.07859817147254944,
            0.05860447883605957
        ],
        [
            0.1782609224319458,
            0.06785120069980621,
            0.061629969626665115
        ],
        [
            0.1736278533935547,
            0.06795298308134079,
            0.057924799621105194
        ],
        [
            0.17902827262878418,
            0.07727794349193573,
            0.05522949993610382
        ],
        [
            0.17417703568935394,
            0.062194615602493286,
            0.06196395680308342
        ],
        [
            0.17873217165470123,
            0.06862062215805054,
            0.06746137887239456
        ],
        [
            0.1093224585056305,
            0.017629913985729218,
            0.05340319871902466
        ],
        [
            0.15513235330581665,
            0.049997877329587936,
            0.05870801582932472
        ],
        [
            0.09470827877521515,
            0.013015225529670715,
            0.04461568221449852
        ],
        [
            0.10152634978294373,
            0.03185158967971802,
            0.06263506412506104
        ],
        [
            0.09062860906124115,
            0.02973788231611252,
            0.05388161912560463
        ],
        [
            0.07931841164827347,
            0.01040637120604515,
            0.03594378009438515
        ],
        [
            0.07948477566242218,
            0.023971617221832275,
            0.042761217802762985
        ],
        [
            0.07229485362768173,
            -0.0014968067407608032,
            0.026965994387865067
        ],
        [
            0.0771607756614685,
            0.0035896040499210358,
            0.03148818761110306
        ],
        [
            0.07917307317256927,
            0.03804411739110947,
            0.0473790243268013
        ],
        [
            0.16505125164985657,
            0.08143936097621918,
            0.059608202427625656
        ],
        [
            0.16816012561321259,
            0.07835550606250763,
            0.05543322488665581
