{
    "pred_cam": [
        10.632272720336914,
        0.1319064050912857,
        -0.04705130681395531
    ],
    "pred_mano_params": {
        "global_orient": [
            [
                [
                    -0.6297029852867126,
                    -0.07580918818712234,
                    -0.7731281518936157
                ],
                [
                    -0.41226693987846375,
                    -0.8109022974967957,
                    0.41529926657676697
                ],
                [
                    -0.6584148406982422,
                    0.5802503824234009,
                    0.479373961687088
                ]
            ]
        ],
        "hand_pose": [
            [
                [
                    0.7107373476028442,
                    -0.6585590243339539,
                    -0.24729023873806
                ],
                [
                    0.648120641708374,
                    0.7496986985206604,
                    -0.1337590515613556
                ],
                [
                    0.2734813988208771,
                    -0.06520634889602661,
                    0.9596645832061768
                ]
            ],
            [
                [
                    0.5845659971237183,
                    -0.7827317714691162,
                    0.21357311308383942
                ],
                [
                    0.8074972629547119,
                    0.535664975643158,
                    -0.24700433015823364
                ],
                [
                    0.07893450558185577,
                    0.31685006618499756,
                    0.9451853036880493
                ]
            ],
            [
                [
                    0.8512256145477295,
                    -0.4992404282093048,
                    0.16178399324417114
                ],
                [
                    0.4948076009750366,
                    0.8662130832672119,
                    0.0695725604891777
                ],
                [
                    -0.17487284541130066,
                    0.020830005407333374,
                    0.9843707084655762
                ]
            ],
            [
                [
                    0.6121188402175903,
                    -0.7674959897994995,
                    -0.19042153656482697
                ],
                [
                    0.7903701066970825,
                    0.6014257073402405,
                    0.1166287511587143
                ],
                [
                    0.025012295693159103,
                    -0.22189414501190186,
                    0.9747499227523804
                ]
            ],
            [
                [
                    0.7035050392150879,
                    -0.6887592077255249,
                    -0.1751898229122162
                ],
                [
                    0.7100024819374084,
                    0.670293927192688,
                    0.21587616205215454
                ],
                [
                    -0.031258001923561096,
                    -0.27625519037246704,
                    0.9605758786201477
                ]
            ],
            [
                [
                    0.861481249332428,
                    -0.5069890022277832,
                    0.028499066829681396
                ],
                [
                    0.5058354139328003,
                    0.8617324233055115,
                    0.039340339601039886
                ],
                [
                    -0.04450369253754616,
                    -0.01947512850165367,
                    0.9988192915916443
                ]
            ],
            [
                [
                    0.48424601554870605,
                    -0.8548165559768677,
                    0.1865326166152954
                ],
                [
                    0.6477517485618591,
                    0.49358347058296204,
                    0.5803386569023132
                ],
                [
                    -0.5881525278091431,
                    -0.16019988059997559,
                    0.7927247285842896
                ]
            ],
            [
                [
                    0.7017911076545715,
                    -0.7075567245483398,
                    -0.08278142660856247
                ],
                [
                    0.5708324909210205,
                    0.48901546001434326,
                    0.6595561504364014
                ],
                [
                    -0.42619195580482483,
                    -0.510124921798706,
                    0.7470830678939819
                ]
            ],
            [
                [
                    0.9521027207374573,
                    -0.3004818558692932,
                    0.05666596442461014
                ],
                [
                    0.23292097449302673,
                    0.832750141620636,
                    0.5022698640823364
                ],
                [
                    -0.19811156392097473,
                    -0.4650138020515442,
                    0.8628522157669067
                ]
            ],
            [
                [
                    0.612890362739563,
                    -0.7819520235061646,
                    0.11365056037902832
                ],
                [
                    0.7683822512626648,
                    0.6233365535736084,
                    0.14505255222320557
                ],
                [
                    -0.18426670134067535,
                    -0.0015742239775136113,
                    0.9828750491142273
                ]
            ],
            [
                [
                    0.7139895558357239,
                    -0.684656023979187,
                    -0.1465093493461609
                ],
                [
                    0.6454027891159058,
                    0.5624631643295288,
                    0.5168079733848572
                ],
                [
                    -0.27142953872680664,
                    -0.4635531008243561,
                    0.8434717655181885
                ]
            ],
            [
                [
                    0.8578639030456543,
                    -0.510890781879425,
                    0.055318642407655716
                ],
                [
                    0.4866389036178589,
                    0.8422542214393616,
                    0.23192766308784485
                ],
                [
                    -0.16508205235004425,
                    -0.17204216122627258,
                    0.9711588025093079
                ]
            ],
            [
                [
                    0.9241594672203064,
                    0.2975267171859741,
                    0.23959791660308838
                ],
                [
                    -0.11736135184764862,
                    0.8180089592933655,
                    -0.5631054043769836
                ],
                [
                    -0.36353209614753723,
                    0.49227964878082275,
                    0.7908888459205627
                ]
            ],
            [
                [
                    0.9939916133880615,
                    -0.1064424067735672,
                    -0.025505438446998596
                ],
                [
                    0.10100551694631577,
                    0.802226722240448,
                    0.5884131789207458
                ],
                [
                    -0.04217095300555229,
                    -0.587454080581665,
                    0.8081579208374023
                ]
            ],
            [
                [
                    0.5209075212478638,
                    -0.8244917988777161,
                    -0.22106248140335083
                ],
                [
                    0.32261836528778076,
                    0.4299220144748688,
                    -0.8432582020759583
                ],
                [
                    0.7902990579605103,
                    0.3679408133029938,
                    0.48994579911231995
                ]
            ]
        ],
        "betas": [
            -0.1408253014087677,
            -0.12521544098854065,
            0.06210264563560486,
            -0.0037211477756500244,
            -0.0557098388671875,
            -0.03675778955221176,
            -0.008633732795715332,
            0.03426821529865265,
            0.004758670926094055,
            -0.061157673597335815
        ]
    },
    "pred_cam_t": [
        -0.1319064050912857,
        -0.04705130681395531,
        3.6739556789398193
    ],
    "focal_length": [
        5000.0,
        5000.0
    ],
    "pred_keypoints_3d": [
        [
            0.09627731144428253,
            0.006434873677790165,
            0.006240650080144405
        ],
        [
            0.09255749732255936,
            0.03994971141219139,
            0.025553446263074875
        ],
        [
            0.08045746386051178,
            0.06439937651157379,
            0.04029612988233566
        ],
        [
            0.07412727922201157,
            0.08383332192897797,
            0.05831489711999893
        ],
        [
            0.09067647159099579,
            0.11221658438444138,
            0.05225524306297302
        ],
        [
            0.13641852140426636,
            0.055801231414079666,
            0.07150281965732574
        ],
        [
            0.15994618833065033,
            0.07886965572834015,
            0.07479862868785858
        ],
        [
            0.16214615106582642,
            0.09272944927215576,
            0.05747593194246292
        ],
        [
            0.15485267341136932,
            0.10252028703689575,
            0.03582470864057541
        ],
        [
            0.15904109179973602,
            0.04549659043550491,
            0.06644926220178604
        ],
        [
            0.1782965064048767,
            0.07056199014186859,
            0.06202436611056328
        ],
        [
            0.17584747076034546,
            0.08719759434461594,
            0.04572269320487976
        ],
        [
            0.1648963838815689,
            0.10190117359161377,
            0.027650121599435806
        ],
        [
            0.16925500333309174,
            0.03237921744585037,
            0.045210495591163635
        ],
        [
            0.18307562172412872,
            0.05797558277845383,
            0.045907244086265564
        ],
        [
            0.17780819535255432,
            0.075820691883564,
            0.029255451634526253
        ],
        [
            0.16388705372810364,
            0.09017334878444672,
            0.0136388149112463
        ],
        [
            0.17439934611320496,
            0.024943597614765167,
            0.025141943246126175
        ],
        [
            0.18242675065994263,
            0.04435025900602341,
            0.021557245403528214
        ],
        [
            0.17165689170360565,
            0.055927444249391556,
            0.010831783525645733
        ],
        [
            0.15404914319515228,
            0.06256916373968124,
            0.002995549002662301
        ]
    ],
    "pred_vertices": [
        [
            0.11553424596786499,
            0.049366261810064316,
            0.03801695629954338
        ],
        [
            0.10942444950342178,
            0.048221156001091,
            0.030716311186552048
        ],
        [
            0.10538207739591599,
            0.058749016374349594,
            0.03697693720459938
        ],
        [
            0.11214566975831985,
            0.058379314839839935,
            0.04404435679316521
        ],
        [
            0.09437410533428192,
            0.05772225558757782,
            0.017428718507289886
        ],
        [
            0.08364696055650711,
            0.05527599900960922,
            0.014085300266742706
        ],
        [
            0.08099392056465149,
            0.0676916316151619,
            0.024817481637001038
        ],
        [
            0.08955923467874527,
            0.07003209739923477,
            0.026633325964212418
        ],
        [
            0.10752961039543152,
            0.0646410882472992,
            0.050934087485075
        ],
        [
            0.10190992057323456,
            0.06665440648794174,
            0.0422823540866375
        ],
        [
            0.10041428357362747,
            0.06413482129573822,
            0.055927470326423645
        ],
        [
            0.1085459291934967,
            0.057276852428913116,
            0.06569456309080124
        ],
        [
            0.11341462284326553,
            0.06054040789604187,
            0.05933040380477905
        ],
        [
            0.1159922406077385,
            0.055456772446632385,
            0.07188190519809723
        ],
        [
            0.10334606468677521,
            0.046729858964681625,
            0.0667046532034874
        ],
        [
            0.11833065748214722,
            0.04647503420710564,
            0.0758470967411995
        ],
        [
            0.12059790641069412,
            0.021376829594373703,
            0.057988546788692474
        ],
        [
            0.12866461277008057,
            0.013871710747480392,
            0.04967567324638367
        ],
        [
            0.14162494242191315,
            0.020270416513085365,
            0.06010747328400612
        ],
        [
            0.13219492137432098,
            0.02819104492664337,
            0.06697351485490799
        ],
        [
            0.14894060790538788,
            0.01143740862607956,
            0.04220959544181824
        ],
        [
            0.14558885991573334,
            0.01655687391757965,
            0.0525362454354763
        ],
        [
            0.13264063000679016,
            0.009101033210754395,
            0.04293057322502136
        ],
        [
            0.1362055540084839,
            0.005072802305221558,
            0.034069329500198364
        ],
        [
            0.12146781384944916,
            0.03653497248888016,
            0.026543613523244858
        ],
        [
            0.11576074361801147,
            0.03321152180433273,
            0.018767904490232468
        ],
        [
            0.11360868811607361,
            0.037627484649419785,
            0.023790501058101654
        ],
        [
            0.11877823621034622,
            0.04038139805197716,
            0.030560873448848724
        ],
        [
            0.0846235528588295,
            0.06321638822555542,
            0.055731400847435
        ],
        [
            0.08734874427318573,
            0.053466346114873886,
            0.055256616324186325
        ],
        [
            0.09423694014549255,
            0.05744970217347145,
            0.05826296657323837
        ],
        [
            0.08821334689855576,
            0.06732238829135895,
            0.05498266965150833
        ],
        [
            0.10581471025943756,
            0.02404608204960823,
            -0.007959529757499695
        ],
        [
            0.0958537608385086,
            0.015185799449682236,
            -0.011129409074783325
        ],
        [
            0.09188280254602432,
            0.017545290291309357,
            -0.007470376789569855
        ],
        [
            0.1022222638130188,
            0.024803845211863518,
            -0.004922047257423401
        ],
        [
            0.08234958350658417,
            0.0338289737701416,
            0.004644177854061127
        ],
        [
            0.07888169586658478,
            0.02394711598753929,
            0.002646900713443756
        ],
        [
            0.06728917360305786,
            0.01851091906428337,
            0.009384021162986755
        ],
        [
            0.07024732977151871,
            0.026141822338104248,
            0.014257289469242096
        ],
        [
            0.08392395079135895,
            0.044734738767147064,
            0.008698202669620514
        ],
        [
            0.07277612388134003,
            0.03826618194580078,
            0.015025429427623749
        ],
        [
            0.07482216507196426,
            0.048938751220703125,
            0.018112950026988983
        ],
        [
            0.07435709238052368,
            0.06080367788672447,
            0.027504879981279373
        ],
        [
            0.1045328676700592,
            0.007670778781175613,
            -0.017195943742990494
        ],
        [
            0.113033227622509,
            0.013428300619125366,
            -0.016183864325284958
        ],
        [
            0.14917849004268646,
            0.08280903100967407,
            0.06594003736972809
        ],
        [
            0.15276938676834106,
            0.07976936548948288,
            0.06186486780643463
        ],
        [
            0.15060172975063324,
            0.07799151539802551,
            0.06264380365610123
        ],
        [
            0.14770618081092834,
            0.08119626343250275,
            0.06666317582130432
        ],
        [
            0.11759623140096664,
            -0.00660010427236557,
            -0.01049758866429329
        ],
        [
            0.1170194149017334,
            -0.013682115823030472,
            -0.003207072615623474
        ],
        [
            0.11261873692274094,
            -0.015874069184064865,
            -0.008677266538143158
        ],
        [
            0.11150151491165161,
            -0.008564531803131104,
            -0.014657482504844666
        ],
        [
            0.12559691071510315,
            -0.003944862633943558,
            -0.004964258521795273
        ],
        [
            0.12281359732151031,
            -0.009930174797773361,
            0.004309188574552536
        ],
        [
            0.1563919633626938,
            0.08635278046131134,
            0.07610228657722473
        ],
        [
            0.1518484503030777,
            0.08704753965139389,
            0.0734306201338768
        ],
        [
            0.15075518190860748,
            0.08355812728404999,
            0.0762728750705719
        ],
        [
            0.15507331490516663,
            0.08134321123361588,
            0.07889306545257568
        ],
        [
            0.11792898923158646,
            0.058531131595373154,
            0.05156990885734558
        ],
        [
            0.12181179225444794,
            0.05252751335501671,
            0.04415397346019745
        ],
        [
            0.13122589886188507,
            0.06149633228778839,
            0.06142982468008995
        ],
        [
            0.12871916592121124,
            0.05690698325634003,
            0.05504615604877472
        ],
        [
            0.12272149324417114,
            0.059229180216789246,
            0.05921744182705879
        ],
        [
            0.1258220076560974,
            0.06197110936045647,
            0.06488601118326187
        ],
        [
            0.13945631682872772,
            0.04239894822239876,
            0.03905542939901352
        ],
        [
            0.13113491237163544,
            0.03809703513979912,
            0.03201059624552727
        ],
        [
            0.1284823715686798,
            0.042029500007629395,
            0.036899320781230927
        ],
        [
            0.13651037216186523,
            0.04807685688138008,
            0.044980213046073914
        ],
        [
            0.13877980411052704,
            0.03280892223119736,
            0.021136850118637085
        ],
        [
            0.146293506026268,
            0.037026695907115936,
            0.029247654601931572
        ],
        [
            0.14963985979557037,
            0.03340277075767517,
            0.022118903696537018
        ],
        [
            0.14381010830402374,
            0.031937167048454285,
            0.017022140324115753
        ],
        [
            0.15633930265903473,
            0.04510501027107239,
            0.045089125633239746
        ],
        [
            0.15956245362758636,
            0.04734247177839279,
            0.04944169148802757
        ],
        [
            0.16201069951057434,
            0.04689643532037735,
            0.046949535608291626
        ],
        [
            0.15793846547603607,
            0.043332748115062714,
            0.04221733286976814
        ],
        [
            0.10784006863832474,
            -0.018700197339057922,
            -0.013200558722019196
        ],
        [
            0.1051158457994461,
            -0.010367963463068008,
            -0.017862454056739807
        ],
        [
            0.15720348060131073,
            0.005475590005517006,
            0.022492414340376854
        ],
        [
            0.15654951333999634,
            0.0070688482373952866,
            0.011251229792833328
        ],
        [
            0.1681455820798874,
            0.012025052681565285,
            0.016453642398118973
        ],
        [
            0.16628669202327728,
            0.008394995704293251,
            0.02788948453962803
        ],
        [
            0.11353649199008942,
            -0.015839722007513046,
            0.006436832249164581
        ],
        [
            0.11048135906457901,
            -0.019930195063352585,
            0.00039168819785118103
        ],
        [
            0.1621834635734558,
            0.08344350755214691,
            0.07590973377227783
        ],
        [
            0.16062484681606293,
            0.07834114134311676,
            0.078277587890625
        ],
        [
            0.07152661681175232,
            0.03836316987872124,
            0.027101274579763412
        ],
        [
            0.07183921337127686,
            0.053962185978889465,
            0.03366527333855629
        ],
        [
            0.07026675343513489,
            0.025737877935171127,
            0.023574791848659515
        ],
        [
            0.06903762370347977,
            0.016597304493188858,
            0.02103564143180847
        ],
        [
            0.06508724391460419,
            0.01018248125910759,
            0.017807580530643463
        ],
        [
            0.13529199361801147,
            0.0554751493036747,
            0.053844377398490906
        ],
        [
            0.12308043241500854,
            0.0452660471200943,
            0.03771955147385597
        ],
        [
            0.12406695634126663,
            0.03390143811702728,
            0.02273833006620407
        ],
        [
            0.1443462371826172,
            0.025283392518758774,
            0.0006764940917491913
        ],
        [
            0.13656385242938995,
            0.022215956822037697,
            -0.005708843469619751
        ],
        [
            0.13305239379405975,
            0.028652749955654144,
            0.002285383641719818
        ],
        [
            0.14060083031654358,
            0.029503993690013885,
            0.006589625030755997
        ],
        [
            0.15707793831825256,
            0.01433413103222847,
            0.004263095557689667
        ],
        [
            0.15528178215026855,
            0.022275563329458237,
            0.004327595233917236
        ],
        [
            0.16170546412467957,
            0.024475693702697754,
            0.009267408400774002
        ],
        [
            0.16553306579589844,
            0.01766405999660492,
            0.00975010171532631
        ],
        [
            0.07733370363712311,
            0.06148727983236313,
            0.054219406098127365
        ],
        [
            0.08089074492454529,
            0.05107419192790985,
            0.051440976560115814
        ],
        [
            0.1157146766781807,
            0.0026000328361988068,
            -0.015667494386434555
        ],
        [
            0.10831480473279953,
            0.0007261484861373901,
            -0.017651773989200592
        ],
        [
            0.10138094425201416,
            -0.003778398036956787,
            -0.019959110766649246
        ],
        [
            0.11042333394289017,
            0.029871011152863503,
            0.005698699504137039
        ],
        [
            0.09983505308628082,
            0.025516726076602936,
            -0.002896234393119812
        ],
        [
            0.097982257604599,
            0.028522728011012077,
            -6.274133920669556e-05
        ],
        [
            0.10947014391422272,
            0.031126275658607483,
            0.008903786540031433
        ],
        [
            0.10533326864242554,
            0.04760333150625229,
            0.020571239292621613
        ],
        [
            0.09723200649023056,
            0.0441054031252861,
            0.009600088000297546
        ],
        [
            0.10163689404726028,
            0.059719108045101166,
            0.02732369303703308
        ],
        [
            0.0853985995054245,
            0.01991342008113861,
            -0.003571636974811554
        ],
        [
            0.08371695131063461,
            0.012548170983791351,
            -0.01181163638830185
        ],
        [
            0.07717475295066833,
            0.015078268945217133,
            -0.006283365190029144
        ],
        [
            0.09061148017644882,
            0.007367920130491257,
            -0.016689464449882507
        ],
        [
            0.09694012254476547,
            0.0017913393676280975,
            -0.01986580342054367
        ],
        [
            0.1064610630273819,
            -0.026200424879789352,
            -0.0038664862513542175
        ],
        [
            0.07186289131641388,
            0.01641331985592842,
            0.0002297908067703247
        ],
        [
            0.08555899560451508,
            0.07506165653467178,
            0.03413890674710274
        ],
        [
            0.08128296583890915,
            0.078553706407547,
            0.03993596136569977
        ],
        [
            0.08753252774477005,
            0.07711885869503021,
            0.04466559737920761
        ],
        [
            0.09149489551782608,
            0.07389822602272034,
            0.04003753140568733
        ],
        [
            0.1244717389345169,
            0.05722928047180176,
            0.07731334865093231
        ],
        [
            0.12389255315065384,
            0.061714258044958115,
            0.07088800519704819
        ],
        [
            0.11684966087341309,
            0.05938740074634552,
            0.06543032824993134
        ],
        [
            0.11690923571586609,
            0.026127472519874573,
            -0.005353499203920364
        ],
        [
            0.1226387470960617,
            0.017182601615786552,
            -0.01257413625717163
        ],
        [
            0.13747435808181763,
            0.06010663881897926,
            0.06026571989059448
        ],
        [
            0.1532335877418518,
            0.07730881869792938,
            0.08105320483446121
        ],
        [
            0.14833183586597443,
            0.08007265627384186,
            0.07848665118217468
        ],
        [
            0.13636912405490875,
            0.06724413484334946,
            0.0792214646935463
        ],
        [
            0.14167006313800812,
            0.06380618363618851,
            0.08249500393867493
        ],
        [
            0.14655551314353943,
            0.05849778652191162,
            0.06430398672819138
        ],
        [
            0.14039844274520874,
            0.06135771423578262,
            0.06160212308168411
        ],
        [
            0.14240749180316925,
            0.06158319115638733,
            0.06201113760471344
        ],
        [
            0.14889034628868103,
            0.05969925597310066,
            0.06250812858343124
        ],
        [
            0.16428689658641815,
            0.042613234370946884,
            0.03881418704986572
        ],
        [
            0.16034680604934692,
            0.039519473910331726,
            0.0346437469124794
        ],
        [
            0.14429235458374023,
            0.037503644824028015,
            0.07266244292259216
        ],
        [
            0.1334870308637619,
            0.040745511651039124,
            0.08100348711013794
        ],
        [
            0.12319184839725494,
            0.03554067760705948,
            0.07362252473831177
        ],
        [
            0.14272770285606384,
            0.038792096078395844,
            0.03329363465309143
        ],
        [
            0.15059135854244232,
            0.042313169687986374,
            0.03905240446329117
        ],
        [
            0.15269562602043152,
            0.040306977927684784,
            0.03603923320770264
        ],
        [
            0.13998998701572418,
            0.05492306128144264,
            0.05453924089670181
        ],
        [
            0.14314989745616913,
            0.057657040655612946,
            0.05971607193350792
        ],
        [
            0.1451951563358307,
            0.05434069782495499,
            0.05684012174606323
        ],
        [
            0.1422829031944275,
            0.05154193192720413,
            0.05093471705913544
        ],
        [
            0.14562466740608215,
            0.0018461868166923523,
            0.005386438220739365
        ],
        [
            0.1467946171760559,
            0.010285649448633194,
            -0.0027946755290031433
        ],
        [
            0.1490570604801178,
            0.08559008687734604,
            0.06991349160671234
        ],
        [
            0.14777885377407074,
            0.08334143459796906,
            0.0717039480805397
        ],
        [
            0.1344892531633377,
            0.034681536257267,
            0.026491139084100723
        ],
        [
            0.11326687037944794,
            0.030001306906342506,
            0.0630868673324585
        ],
        [
            0.12691304087638855,
            0.03162842243909836,
            0.01851480081677437
        ],
        [
            0.16866756975650787,
            0.022517872974276543,
            0.0410865880548954
        ],
        [
            0.17089006304740906,
            0.02856389805674553,
            0.0348326750099659
        ],
        [
            0.17315024137496948,
            0.033225204795598984,
            0.036874670535326004
        ],
        [
            0.17376330494880676,
            0.030158687382936478,
            0.04228641465306282
        ],
        [
            0.1586301177740097,
            0.06922155618667603,
            0.06287648528814316
        ],
        [
            0.15433542430400848,
            0.07295648008584976,
            0.06092594563961029
        ],
        [
            0.15553602576255798,
            0.07438601553440094,
            0.06080400571227074
        ],
        [
            0.16085252165794373,
            0.07199256122112274,
            0.0626625120639801
        ],
        [
            0.1351063996553421,
            0.06369753181934357,
            0.0629962682723999
        ],
        [
            0.13034000992774963,
            0.06518306583166122,
            0.06698942184448242
        ],
        [
            0.13470029830932617,
            0.06809187680482864,
            0.06702253222465515
        ],
        [
            0.138839453458786,
            0.06517447531223297,
            0.06354597210884094
        ],
        [
            0.12942378222942352,
            0.06476697325706482,
            0.07316844165325165
        ],
        [
            0.1337459683418274,
            0.06847991794347763,
            0.07346673309803009
        ],
        [
            0.16205282509326935,
            0.0677090510725975,
            0.06825470179319382
        ],
        [
            0.1620972454547882,
            0.06996020674705505,
            0.07566399872303009
        ],
        [
            0.15243546664714813,
            0.0564580112695694,
            0.07606881856918335
        ],
        [
            0.15369127690792084,
            0.05805319547653198,
            0.06835517287254333
        ],
        [
            0.12443311512470245,
            -0.002266325056552887,
            0.02720889449119568
        ],
        [
            0.1299048513174057,
            -0.004881560802459717,
            0.017705529928207397
        ],
        [
            0.14190801978111267,
            0.0021096058189868927,
            0.024400942027568817
        ],
        [
            0.1545138657093048,
            0.00786425732076168,
            0.03135920315980911
        ],
        [
            0.16533882915973663,
            0.014670472592115402,
            0.03797217085957527
        ],
        [
            0.16010527312755585,
            0.015914026647806168,
            0.04911458119750023
        ],
        [
            0.14442360401153564,
            0.0002318061888217926,
            0.01664898544549942
        ],
        [
            0.14907880127429962,
            0.05034051090478897,
            0.06869037449359894
        ],
        [
            0.145799919962883,
            0.04724441096186638,
            0.07564759999513626
        ],
        [
            0.14851681888103485,
            0.04463476315140724,
            0.07193388789892197
        ],
        [
            0.13132773339748383,
            0.03029836341738701,
            0.012536313384771347
        ],
        [
            0.14559589326381683,
            0.08104510605335236,
            0.07381948828697205
        ],
        [
            0.08005873113870621,
            -0.0015101358294487,
            0.02879977598786354
        ],
        [
            0.08950535953044891,
            -0.009939104318618774,
            0.025201167911291122
        ],
        [
            0.09378999471664429,
            -0.0041588954627513885,
            0.030300557613372803
        ],
        [
            0.08339057117700577,
            0.005716044455766678,
            0.033550847321748734
        ],
        [
            0.14904862642288208,
            0.07748764008283615,
            0.06283606588840485
        ],
        [
            0.14535796642303467,
            0.08020808547735214,
            0.06748688966035843
        ],
        [
            0.1646350473165512,
            0.03788486495614052,
            0.029945505782961845
        ],
        [
            0.16794192790985107,
            0.04069055616855621,
            0.034588929265737534
        ],
        [
            0.17100727558135986,
            0.03891531378030777,
            0.034076809883117676
        ],
        [
            0.16959862411022186,
            0.03750297799706459,
            0.027756715193390846
        ],
        [
            0.13133329153060913,
            -0.0060062408447265625,
            0.011907439678907394
        ],
        [
            0.17451268434524536,
            0.01930328644812107,
            0.01700131595134735
        ],
        [
            0.17300894856452942,
            0.015091532841324806,
            0.028172768652439117
        ],
        [
            0.11932782828807831,
            -0.010876026004552841,
            0.012317392975091934
        ],
        [
            0.11457709223031998,
            -0.00926176831126213,
            0.020830631256103516
        ],
        [
            0.10791128128767014,
            -0.014569602906703949,
            0.01589474454522133
        ],
        [
            0.15739737451076508,
            0.026461906731128693,
            0.05989600345492363
        ],
        [
            0.12175358086824417,
            0.0014257021248340607,
            0.034714192152023315
        ],
        [
            0.11146336793899536,
            -0.005780298262834549,
            0.027016524225473404
        ],
        [
            0.10335437953472137,
            -0.01196300983428955,
            0.021401088684797287
        ],
        [
            0.09814076125621796,
            -0.017182812094688416,
            0.017327968031167984
        ],
        [
            0.10364966094493866,
            -0.01940269023180008,
            0.011638622730970383
        ],
        [
            0.15833425521850586,
            0.07359137386083603,
            0.0794777050614357
        ],
        [
            0.1654805690050125,
            0.07472897320985794,
            0.07408266514539719
        ],
        [
            0.099216528236866,
            -0.026254571974277496,
            0.007472362369298935
        ],
        [
            0.0930650606751442,
            -0.022944364696741104,
            0.013707522302865982
        ],
        [
            0.10673671215772629,
            -0.0011753924190998077,
            0.03353709727525711
        ],
        [
            0.10062834620475769,
            0.005449961870908737,
            0.04018328711390495
        ],
        [
            0.11683991551399231,
            0.005836904048919678,
            0.04057891666889191
        ],
        [
            0.11152198165655136,
            0.012893781065940857,
            0.04810693860054016
        ],
        [
            0.15067274868488312,
            0.025635024532675743,
            0.06885742396116257
        ],
        [
            0.1695961058139801,
            0.0874660313129425,
            0.060533568263053894
        ],
        [
            0.1676536202430725,
            0.07762417197227478,
            0.06608578562736511
        ],
        [
            0.1636771559715271,
            0.07594600319862366,
            0.06197825074195862
        ],
        [
            0.16805696487426758,
            0.08482524752616882,
            0.057444993406534195
        ],
        [
            0.1646338850259781,
            0.07191164046525955,
            0.06723760068416595
        ],
        [
            0.16709290444850922,
            0.07993391156196594,
            0.0714985802769661
        ],
        [
            0.10214626789093018,
            0.02358100563287735,
            0.05319681391119957
        ],
        [
            0.1483282595872879,
            0.05611340329051018,
            0.061748020350933075
        ],
        [
            0.0889991819858551,
            0.018094848841428757,
            0.04266632720828056
        ],
        [
            0.09369955211877823,
            0.03868905082345009,
            0.0592016838490963
        ],
        [
            0.08416257053613663,
            0.03572206571698189,
            0.0491693876683712
        ],
        [
            0.07504352182149887,
            0.01472599059343338,
            0.03195315599441528
        ],
        [
            0.07463927567005157,
            0.028945110738277435,
            0.03717050701379776
        ],
        [
            0.06906570494174957,
            0.0018634311854839325,
            0.023524824529886246
        ],
        [
            0.07334302365779877,
            0.007433600723743439,
            0.028091654181480408
        ],
        [
            0.07412093877792358,
            0.04331964626908302,
            0.040407679975032806
        ],
        [
            0.15285125374794006,
            0.08743485808372498,
            0.05875028669834137
        ],
        [
            0.1571100503206253,
            0.08389195054769516,
            0.05604635924100876
        ],
        [
