{
    "pred_cam": [
        10.497726440429688,
        0.05595030635595322,
        -0.05465371906757355
    ],
    "pred_mano_params": {
        "global_orient": [
            [
                [
                    0.6439626812934875,
                    -0.28947556018829346,
                    -0.7081778645515442
                ],
                [
                    -0.7509373426437378,
                    -0.06214327737689018,
                    -0.6574429869651794
                ],
                [
                    0.14630520343780518,
                    0.9551659226417542,
                    -0.2573959529399872
                ]
            ]
        ],
        "hand_pose": [
            [
                [
                    0.7945830225944519,
                    -0.4775732159614563,
                    -0.3749155104160309
                ],
                [
                    0.4336552619934082,
                    0.878584623336792,
                    -0.20008063316345215
                ],
                [
                    0.424948126077652,
                    -0.003603405551984906,
                    0.905210554599762
                ]
            ],
            [
                [
                    0.8671227693557739,
                    -0.4870307147502899,
                    0.1043994203209877
                ],
                [
                    0.4979170858860016,
                    0.841966986656189,
                    -0.20777443051338196
                ],
                [
                    0.013291655108332634,
                    0.2321482002735138,
                    0.9725896716117859
                ]
            ],
            [
                [
                    0.8001425266265869,
                    -0.5974406599998474,
                    0.05325990170240402
                ],
                [
                    0.5998064279556274,
                    0.7972803711891174,
                    -0.06764783710241318
                ],
                [
                    -0.0020475054625421762,
                    0.08607354760169983,
                    0.9962866902351379
                ]
            ],
            [
                [
                    0.7797732949256897,
                    -0.5931201577186584,
                    -0.2004048377275467
                ],
                [
                    0.576560378074646,
                    0.8050845265388489,
                    -0.13934506475925446
                ],
                [
                    0.2439911812543869,
                    -0.006887930911034346,
                    0.9697529673576355
                ]
            ],
            [
                [
                    0.8071262836456299,
                    -0.5617204308509827,
                    -0.18170666694641113
                ],
                [
                    0.590065062046051,
                    0.7775713801383972,
                    0.21726927161216736
                ],
                [
                    0.019245315343141556,
                    -0.28258249163627625,
                    0.9590498805046082
                ]
            ],
            [
                [
                    0.7877428531646729,
                    -0.6159944534301758,
                    -0.003489498281851411
                ],
                [
                    0.6159282922744751,
                    0.7875440716743469,
                    0.020168378949165344
                ],
                [
                    -0.009675473906099796,
                    -0.018036775290966034,
                    0.999790608882904
                ]
            ],
            [
                [
                    0.7851929664611816,
                    -0.568615198135376,
                    0.24525243043899536
                ],
                [
                    0.5679452419281006,
                    0.8190958499908447,
                    0.0807480588555336
                ],
                [
                    -0.2467997968196869,
                    0.07588715106248856,
                    0.9660905599594116
                ]
            ],
            [
                [
                    0.9113984107971191,
                    -0.39309874176979065,
                    -0.12176310271024704
                ],
                [
                    0.40333089232444763,
                    0.7945041656494141,
                    0.45396849513053894
                ],
                [
                    -0.08171315491199493,
                    -0.46285703778266907,
                    0.8826587200164795
                ]
            ],
            [
                [
                    0.8897902965545654,
                    -0.4465588629245758,
                    0.0941186174750328
                ],
                [
                    0.36755621433258057,
                    0.8234676122665405,
                    0.4322076737880707
                ],
                [
                    -0.2705098092556,
                    -0.34998035430908203,
                    0.8968489766120911
                ]
            ],
            [
                [
                    0.771323561668396,
                    -0.6362824440002441,
                    0.01430615782737732
                ],
                [
                    0.6320783495903015,
                    0.7632119655609131,
                    -0.1341063380241394
                ],
                [
                    0.07441087812185287,
                    0.112481988966465,
                    0.9908637404441833
                ]
            ],
            [
                [
                    0.8671181797981262,
                    -0.47711536288261414,
                    -0.14306311309337616
                ],
                [
                    0.4917465150356293,
                    0.7742472887039185,
                    0.398404985666275
                ],
                [
                    -0.07931890338659286,
                    -0.41581496596336365,
                    0.9059836864471436
                ]
            ],
            [
                [
                    0.7513833045959473,
                    -0.6588597893714905,
                    -0.036426760256290436
                ],
                [
                    0.6529325842857361,
                    0.734373152256012,
                    0.18540522456169128
                ],
                [
                    -0.095405213534832,
                    -0.16309460997581482,
                    0.9819867610931396
                ]
            ],
            [
                [
                    0.9631069898605347,
                    0.2690063714981079,
                    0.007776556070894003
                ],
                [
                    -0.2422209084033966,
                    0.8790770173072815,
                    -0.41055166721343994
                ],
                [
                    -0.11727721244096756,
                    0.3935215473175049,
                    0.91180419921875
                ]
            ],
            [
                [
                    0.9218909740447998,
                    -0.2563004195690155,
                    -0.29056355357170105
                ],
                [
                    0.3514831066131592,
                    0.8687719702720642,
                    0.34884804487228394
                ],
                [
                    0.16302356123924255,
                    -0.42372801899909973,
                    0.8909983038902283
                ]
            ],
            [
                [
                    0.9914485216140747,
                    -0.1212105080485344,
                    -0.04835214838385582
                ],
                [
                    0.09477078169584274,
                    0.9234805703163147,
                    -0.3717552721500397
                ],
                [
                    0.08971290290355682,
                    0.3639937937259674,
                    0.927070677280426
                ]
            ]
        ],
        "betas": [
            0.09576903283596039,
            -0.15479782223701477,
            -0.01939922571182251,
            -0.006830543279647827,
            0.020372867584228516,
            -0.014048468321561813,
            0.04787898063659668,
            0.006927788257598877,
            -0.027669966220855713,
            -0.009546786546707153
        ]
    },
    "pred_cam_t": [
        -0.05595030635595322,
        -0.05465371906757355,
        3.721043825149536
    ],
    "focal_length": [
        5000.0,
        5000.0
    ],
    "pred_keypoints_3d": [
        [
            0.09530933201313019,
            0.00635279668495059,
            0.006191326770931482
        ],
        [
            0.06616897135972977,
            0.008416492491960526,
            -0.018570831045508385
        ],
        [
            0.03844005614519119,
            0.006720374338328838,
            -0.03147328272461891
        ],
        [
            0.017075419425964355,
            0.01847222074866295,
            -0.04306118190288544
        ],
        [
            -0.007616261951625347,
            0.032266903668642044,
            -0.06414059549570084
        ],
        [
            0.02595929056406021,
            0.05908382311463356,
            -0.01685783825814724
        ],
        [
            0.01911720633506775,
            0.0890418067574501,
            -0.02854117378592491
        ],
        [
            0.02484814077615738,
            0.1022745668888092,
            -0.045320700854063034
        ],
        [
            0.03952059894800186,
            0.1065068393945694,
            -0.06522241979837418
        ],
        [
            0.0375279039144516,
            0.0794622153043747,
            -0.008208559826016426
        ],
        [
            0.03561732545495033,
            0.10713120549917221,
            -0.023381579667329788
        ],
        [
            0.04516831785440445,
            0.11614584922790527,
            -0.04253163933753967
        ],
        [
            0.058218810707330704,
            0.11422894150018692,
            -0.06427088379859924
        ],
        [
            0.06279918551445007,
            0.08522637188434601,
            -0.0026953849010169506
        ],
        [
            0.05720899999141693,
            0.10810364782810211,
            -0.01920892298221588
        ],
        [
            0.0664481446146965,
            0.11759795993566513,
            -0.04006969928741455
        ],
        [
            0.07855502516031265,
            0.11420396715402603,
            -0.06178167462348938
        ],
        [
            0.08439315855503082,
            0.08674682676792145,
            -0.0021997210569679737
        ],
        [
            0.08238495141267776,
            0.10491642355918884,
            -0.012642787769436836
        ],
        [
            0.08746720105409622,
            0.11326388269662857,
            -0.02881797030568123
        ],
        [
            0.09158432483673096,
            0.11163915693759918,
            -0.04734010249376297
        ]
    ],
    "pred_vertices": [
        [
            0.05623752623796463,
            0.03368544206023216,
            -0.021817762404680252
        ],
        [
            0.06313107907772064,
            0.026427894830703735,
            -0.02291462942957878
        ],
        [
            0.05305282399058342,
            0.02561606466770172,
            -0.029240744188427925
        ],
        [
            0.0474783331155777,
            0.03268846869468689,
            -0.027402522042393684
        ],
        [
            0.06620495021343231,
            0.009438134729862213,
            -0.03601250424981117
        ],
        [
            0.0658147931098938,
            -0.002758260816335678,
            -0.03525397926568985
        ],
        [
            0.0500732846558094,
            0.0011700019240379333,
            -0.04128216207027435
        ],
        [
            0.05263366550207138,
            0.010622063651680946,
            -0.04210410267114639
        ],
        [
            0.038899995386600494,
            0.03102281130850315,
            -0.029533911496400833
        ],
        [
            0.04507818818092346,
            0.024944229051470757,
            -0.03348469361662865
        ],
        [
            0.034265074878931046,
            0.027064597234129906,
            -0.026091670617461205
        ],
        [
            0.027624035254120827,
            0.033675048500299454,
            -0.018781736493110657
        ],
        [
            0.03276682645082474,
            0.03666044771671295,
            -0.02442425675690174
        ],
        [
            0.0231020450592041,
            0.04056217148900032,
            -0.016012875363230705
        ],
        [
            0.029215307906270027,
            0.02771567739546299,
            -0.009049534797668457
        ],
        [
            0.023349374532699585,
            0.04227156192064285,
            -0.0064887357875704765
        ],
        [
            0.047632601112127304,
            0.03866284713149071,
            0.01004117727279663
        ],
        [
            0.058713093400001526,
            0.04440031200647354,
            0.01435555424541235
        ],
        [
            0.04937572777271271,
            0.058433230966329575,
            0.011776875704526901
        ],
        [
            0.03913336992263794,
            0.05126749724149704,
            0.006688296794891357
        ],
        [
            0.06956517696380615,
            0.06193980574607849,
            0.014263346791267395
        ],
        [
            0.057945095002651215,
            0.060839176177978516,
            0.01290296670049429
        ],
        [
            0.0669599175453186,
            0.04677623510360718,
            0.01665818691253662
        ],
        [
            0.0769507884979248,
            0.0485234260559082,
            0.01748986728489399
        ],
        [
            0.07107199728488922,
            0.03620021417737007,
            -0.014176201075315475
        ],
        [
            0.07881249487400055,
            0.029014337807893753,
            -0.013784983195364475
        ],
        [
            0.0732116550207138,
            0.028032522648572922,
            -0.016133222728967667
        ],
        [
            0.06609667837619781,
            0.034606873989105225,
            -0.01634102128446102
        ],
        [
            0.0292623620480299,
            0.015855364501476288,
            -0.025207335129380226
        ],
        [
            0.03281974792480469,
            0.012985959649085999,
            -0.017560642212629318
        ],
        [
            0.03193361312150955,
            0.020989811047911644,
            -0.01985713467001915
        ],
        [
            0.03097321093082428,
            0.01989222690463066,
            -0.028738785535097122
        ],
        [
            0.10403680801391602,
            0.014987446367740631,
            -0.014452281408011913
        ],
        [
            0.10827240347862244,
            0.0041930899024009705,
            -0.0077263410203158855
        ],
        [
            0.10356906056404114,
            0.000965021550655365,
            -0.008856460452079773
        ],
        [
            0.10060466825962067,
            0.0117989182472229,
            -0.014388736337423325
        ],
        [
            0.0844879001379013,
            -0.0069892555475234985,
            -0.02097354456782341
        ],
        [
            0.08992865681648254,
            -0.010268405079841614,
            -0.012195359915494919
        ],
        [
            0.08355332911014557,
            -0.020745418965816498,
            -0.0049673812463879585
        ],
        [
            0.07627513259649277,
            -0.017082378268241882,
            -0.010292255319654942
        ],
        [
            0.07592359930276871,
            -0.004741143435239792,
            -0.029133038595318794
        ],
        [
            0.07012374699115753,
            -0.01447949931025505,
            -0.02086549811065197
        ],
        [
            0.06105032563209534,
            -0.010879434645175934,
            -0.028358090668916702
        ],
        [
            0.046233758330345154,
            -0.005304224789142609,
            -0.035451214760541916
        ],
        [
            0.11764602363109589,
            0.011159524321556091,
            -0.002566015347838402
        ],
        [
            0.11608898639678955,
            0.019968412816524506,
            -0.007198631297796965
        ],
        [
            0.02159244380891323,
            0.08465538918972015,
            -0.03978091478347778
        ],
        [
            0.026867758482694626,
            0.08676938712596893,
            -0.03808729350566864
        ],
        [
            0.02675485983490944,
            0.08291447162628174,
            -0.03653115779161453
        ],
        [
            0.021341130137443542,
            0.08166374266147614,
            -0.03819773718714714
        ],
        [
            0.11817852407693863,
            0.023559801280498505,
            0.013205815106630325
        ],
        [
            0.11379936337471008,
            0.023484572768211365,
            0.02222152054309845
        ],
        [
            0.11886636912822723,
            0.018277160823345184,
            0.022273685783147812
        ],
        [
            0.1217149943113327,
            0.016932085156440735,
            0.013458515517413616
        ],
        [
            0.11341176927089691,
            0.032268695533275604,
            0.012717550620436668
        ],
        [
            0.10657252371311188,
            0.03045458346605301,
            0.021388838067650795
        ],
        [
            0.012360787019133568,
            0.09161512553691864,
            -0.03443881496787071
        ],
        [
            0.013580930419266224,
            0.08819090574979782,
            -0.03809450566768646
        ],
        [
            0.012515829876065254,
            0.08505871146917343,
            -0.03428877145051956
        ],
        [
            0.012084423564374447,
            0.08789661526679993,
            -0.02982097864151001
        ],
        [
            0.04079383611679077,
            0.038879841566085815,
            -0.025854000821709633
        ],
        [
            0.0500471293926239,
            0.04073799401521683,
            -0.023074259981513023
        ],
        [
            0.03180620074272156,
            0.05379284918308258,
            -0.026381755247712135
        ],
        [
            0.03941639885306358,
            0.04934050142765045,
            -0.023859772831201553
        ],
        [
            0.03381757810711861,
            0.04450046271085739,
            -0.024727534502744675
        ],
        [
            0.027616536244750023,
            0.04912998527288437,
            -0.02561427466571331
        ],
        [
            0.060441404581069946,
            0.056222766637802124,
            -0.015290903858840466
        ],
        [
            0.06693130731582642,
            0.046629730612039566,
            -0.013736271299421787
        ],
        [
            0.06086750328540802,
            0.04508970305323601,
            -0.01580212265253067
        ],
        [
            0.05270783230662346,
            0.0546942763030529,
            -0.0186647679656744
        ],
        [
            0.07978127151727676,
            0.05221480503678322,
            -0.012268487364053726
        ],
        [
            0.07220183312892914,
            0.061211466789245605,
            -0.013520208187401295
        ],
        [
            0.08035876601934433,
            0.06340000033378601,
            -0.012501132674515247
        ],
        [
            0.08459945768117905,
            0.05657114461064339,
            -0.012733004987239838
        ],
        [
            0.05653911083936691,
            0.07440167665481567,
            -0.01528291404247284
        ],
        [
            0.05222514271736145,
            0.07952814549207687,
            -0.014896166510879993
        ],
        [
            0.055377036333084106,
            0.082168810069561,
            -0.015528644435107708
        ],
        [
            0.05995238944888115,
            0.07572454959154129,
            -0.014427803456783295
        ],
        [
            0.12320549786090851,
            0.012790709733963013,
            0.023257579654455185
        ],
        [
            0.12422867119312286,
            0.010156840085983276,
            0.013889605179429054
        ],
        [
            0.09061641991138458,
            0.06653816998004913,
            0.013407660648226738
        ],
        [
            0.1002708300948143,
            0.06516046077013016,
            0.008101431652903557
        ],
        [
            0.09600293636322021,
            0.0773036777973175,
            0.0066054221242666245
        ],
        [
            0.0865790918469429,
            0.07569868862628937,
            0.012946102768182755
        ],
        [
            0.10516554117202759,
            0.02127167582511902,
            0.027356820181012154
        ],
        [
            0.11159700155258179,
            0.01712658256292343,
            0.029019132256507874
        ],
        [
            0.014842442236840725,
            0.09544913470745087,
            -0.03022105246782303
        ],
        [
            0.015219639986753464,
            0.09133855253458023,
            -0.025879397988319397
        ],
        [
            0.05730500817298889,
            -0.012503691017627716,
            -0.016191711649298668
        ],
        [
            0.042671870440244675,
            -0.006783843040466309,
            -0.027171151712536812
        ],
        [
            0.06716050207614899,
            -0.015503749251365662,
            -0.006703340448439121
        ],
        [
            0.07351905107498169,
            -0.017595238983631134,
            0.000701436772942543
        ],
        [
            0.07839921861886978,
            -0.022326581180095673,
            0.005556236952543259
        ],
        [
            0.041846323758363724,
            0.055441081523895264,
            -0.022893080487847328
        ],
        [
            0.05838993191719055,
            0.040273070335388184,
            -0.018528779968619347
        ],
        [
            0.07567767798900604,
            0.03799166902899742,
            -0.012956365011632442
        ],
        [
            0.10172971338033676,
            0.054032813757658005,
            -0.011979172006249428
        ],
        [
            0.10734478384256363,
            0.04508545249700546,
            -0.011361105367541313
        ],
        [
            0.09740085899829865,
            0.043418705463409424,
            -0.014630968682467937
        ],
        [
            0.09438778460025787,
            0.051635753363370895,
            -0.013879988342523575
        ],
        [
            0.10415400564670563,
            0.06574271619319916,
            -0.0008059812244027853
        ],
        [
            0.10099826753139496,
            0.06518621742725372,
            -0.008089646697044373
        ],
        [
            0.09658236801624298,
            0.07333140820264816,
            -0.008205680176615715
        ],
        [
            0.09947897493839264,
            0.07546839118003845,
            -0.0014273372944444418
        ],
        [
            0.026612788438796997,
            0.008703194558620453,
            -0.024725351482629776
        ],
        [
            0.034056153148412704,
            0.005277670919895172,
            -0.016780026257038116
        ],
        [
            0.1195858046412468,
            0.021740205585956573,
            0.002949897665530443
        ],
        [
            0.12089012563228607,
            0.014165244996547699,
            0.003792067989706993
        ],
        [
            0.123442143201828,
            0.006807118654251099,
            0.006982159800827503
        ],
        [
            0.09088005870580673,
            0.021479308605194092,
            -0.015321052633225918
        ],
        [
            0.09827214479446411,
            0.00956309586763382,
            -0.014644601382315159
        ],
        [
            0.09447836130857468,
            0.007875025272369385,
            -0.016866585239768028
        ],
        [
            0.08783364295959473,
            0.02069864794611931,
            -0.01569165661931038
        ],
        [
            0.07168182730674744,
            0.019606582820415497,
            -0.026563864201307297
        ],
        [
            0.07972059398889542,
            0.008367270231246948,
            -0.02805769443511963
        ],
        [
            0.060071781277656555,
            0.020086612552404404,
            -0.033673230558633804
        ],
        [
            0.09822843968868256,
            -0.004850082099437714,
            -0.010158505290746689
        ],
        [
            0.10788296163082123,
            -0.007866322994232178,
            -0.005911117419600487
        ],
        [
            0.10096950829029083,
            -0.013323955237865448,
            -0.006639971397817135
        ],
        [
            0.11513520777225494,
            -0.0022655948996543884,
            -0.002548537217080593
        ],
        [
            0.12088945508003235,
            0.002983786165714264,
            0.0017168503254652023
        ],
        [
            0.1169244647026062,
            0.012133665382862091,
            0.03334275260567665
        ],
        [
            0.0936892032623291,
            -0.017479345202445984,
            -0.005819651298224926
        ],
        [
            0.04320436343550682,
            0.011417780071496964,
            -0.04419483244419098
        ],
        [
            0.03543093800544739,
            0.012786909937858582,
            -0.04513586685061455
        ],
        [
            0.03616979345679283,
            0.01897639036178589,
            -0.04112721234560013
        ],
        [
            0.04270950332283974,
            0.018340548500418663,
            -0.03987116366624832
        ],
        [
            0.018202759325504303,
            0.04955930635333061,
            -0.015801377594470978
        ],
        [
            0.022053485736250877,
            0.04855114594101906,
            -0.02275259606540203
        ],
        [
            0.02745094709098339,
            0.040325455367565155,
            -0.02230166457593441
        ],
        [
            0.10268008708953857,
            0.02635085955262184,
            -0.015209298580884933
        ],
        [
            0.11307033896446228,
            0.030115336179733276,
            -0.009229913353919983
        ],
        [
            0.03428996354341507,
            0.05968581885099411,
            -0.024843916296958923
        ],
        [
            0.011986032128334045,
            0.08432134985923767,
            -0.025904305279254913
        ],
        [
            0.012194438837468624,
            0.08105980604887009,
            -0.030898302793502808
        ],
        [
            0.014483056962490082,
            0.06484527140855789,
            -0.022857310250401497
        ],
        [
            0.013884617015719414,
            0.06875116378068924,
            -0.017267871648073196
        ],
        [
            0.032679054886102676,
            0.06943538784980774,
            -0.020205959677696228
        ],
        [
            0.03300286456942558,
            0.06396247446537018,
            -0.02449527196586132
        ],
        [
            0.03275488317012787,
            0.06667623668909073,
            -0.023773055523633957
        ],
        [
            0.034187931567430496,
            0.07215002924203873,
            -0.020479349419474602
        ],
        [
            0.06434479355812073,
            0.08256847411394119,
            -0.01356099359691143
        ],
        [
            0.06831781566143036,
            0.07703427970409393,
            -0.012876447290182114
        ],
        [
            0.03238562121987343,
            0.06431106477975845,
            0.0002236831933259964
        ],
        [
            0.02264324389398098,
            0.055262695997953415,
            0.0001093745231628418
        ],
        [
            0.029927488416433334,
            0.04509337246417999,
            0.00237218476831913
        ],
        [
            0.06739630550146103,
            0.05833996832370758,
            -0.013811011798679829
        ],
        [
            0.06219910830259323,
            0.06734316051006317,
            -0.015025176107883453
        ],
        [
            0.06588491797447205,
            0.06898867338895798,
            -0.0141053581610322
        ],
        [
            0.042076367884874344,
            0.06018154323101044,
            -0.021868299692869186
        ],
        [
            0.03672368824481964,
            0.0646001473069191,
            -0.022273767739534378
        ],
        [
            0.04101385176181793,
            0.0658489540219307,
            -0.020440828055143356
        ],
        [
            0.04698885977268219,
            0.06162145733833313,
            -0.01978142186999321
        ],
        [
            0.10536915063858032,
            0.05339182913303375,
            0.010884075425565243
        ],
        [
            0.11020910739898682,
            0.054294127970933914,
            0.0005078024696558714
        ],
        [
            0.01686495915055275,
            0.08542551845312119,
            -0.039912253618240356
        ],
        [
            0.016057154163718224,
            0.08245719969272614,
            -0.037325408309698105
        ],
        [
            0.07361876964569092,
            0.048893582075834274,
            -0.012315959669649601
        ],
        [
            0.03943842649459839,
            0.03369664400815964,
            0.004103140905499458
        ],
        [
            0.08070412278175354,
            0.03999800607562065,
            -0.012112589552998543
        ],
        [
            0.0693417489528656,
            0.08235576748847961,
            0.0058246785774827
        ],
        [
            0.07334017753601074,
            0.08565198630094528,
            -0.0004404066130518913
        ],
        [
            0.06983397901058197,
            0.0889589861035347,
            -0.003036653157323599
        ],
        [
            0.0658571794629097,
            0.08906958252191544,
            0.001543678343296051
        ],
        [
            0.03175809234380722,
            0.08545181155204773,
            -0.02583019807934761
        ],
        [
            0.031344201415777206,
            0.08286354690790176,
            -0.030937451869249344
        ],
        [
            0.030735569074749947,
            0.08598333597183228,
            -0.03283555805683136
        ],
        [
            0.030893193557858467,
            0.08953583240509033,
            -0.02819414809346199
        ],
        [
            0.029823392629623413,
            0.05979987978935242,
            -0.026970159262418747
        ],
        [
            0.024841684848070145,
            0.055804889649152756,
            -0.02733451873064041
        ],
        [
            0.02439892292022705,
            0.06221473217010498,
            -0.0289632398635149
        ],
        [
            0.02930482104420662,
            0.06475510448217392,
            -0.026965489611029625
        ],
        [
            0.019413640722632408,
            0.0561489537358284,
            -0.02443528175354004
        ],
        [
            0.018506988883018494,
            0.0622812882065773,
            -0.026910552754998207
        ],
        [
            0.02819242887198925,
            0.08797254413366318,
            -0.021135352551937103
        ],
        [
            0.02102762460708618,
            0.08887796103954315,
            -0.01931377500295639
        ],
        [
            0.02403705008327961,
            0.07547833025455475,
            -0.010970749892294407
        ],
        [
            0.030448561534285545,
            0.07647015154361725,
            -0.015465298667550087
        ],
        [
            0.08356282114982605,
            0.03574918583035469,
            0.021801549941301346
        ],
        [
            0.09396453201770782,
            0.03950033709406853,
            0.02120007388293743
        ],
        [
            0.08765552937984467,
            0.05235420539975166,
            0.017042532563209534
        ],
        [
            0.08161196857690811,
            0.06533198058605194,
            0.01419913675636053
        ],
        [
            0.07505618780851364,
            0.07711285352706909,
            0.010332625359296799
        ],
        [
            0.06346607953310013,
            0.07376429438591003,
            0.012651942670345306
        ],
        [
            0.09560549259185791,
            0.0535782091319561,
            0.01628110557794571
        ],
        [
            0.03208626061677933,
            0.07176085561513901,
            -0.012705370783805847
        ],
        [
            0.026517340913414955,
            0.06704141944646835,
            -0.0062429411336779594
        ],
        [
            0.030916882678866386,
            0.06990089267492294,
            -0.006358500570058823
        ],
        [
            0.08726336061954498,
            0.043360576033592224,
            -0.012744149193167686
        ],
        [
            0.015399571508169174,
            0.07872296124696732,
            -0.03450964391231537
        ],
        [
            0.07486704736948013,
            -0.007016308605670929,
            0.020567527040839195
        ],
        [
            0.08238336443901062,
            0.0010101571679115295,
            0.02746143937110901
        ],
        [
            0.07648827135562897,
            0.006389312446117401,
            0.023907875642180443
        ],
        [
            0.06863319873809814,
            -0.002434179186820984,
            0.01560976542532444
        ],
        [
            0.02706857956945896,
            0.07968906313180923,
            -0.035239964723587036
        ],
        [
            0.021221619099378586,
            0.07783566415309906,
            -0.03676241636276245
        ],
        [
            0.07364850491285324,
            0.08109179139137268,
            -0.011690136045217514
        ],
        [
            0.06911158561706543,
            0.08527775853872299,
            -0.01182614453136921
        ],
        [
            0.07055487483739853,
            0.08819107711315155,
            -0.009331653825938702
        ],
        [
            0.07655788958072662,
            0.08657694607973099,
            -0.01049139816313982
        ],
        [
            0.0997602567076683,
            0.03997087851166725,
            0.020374028012156487
        ],
        [
            0.09308445453643799,
            0.08476926386356354,
            0.004353092052042484
        ],
        [
            0.08490051329135895,
            0.08338118344545364,
            0.010088848881423473
        ],
        [
            0.099090576171875,
            0.028103850781917572,
            0.024867281317710876
        ],
        [
            0.09002694487571716,
            0.02482431009411812,
            0.026079099625349045
        ],
        [
            0.09522388875484467,
            0.017235606908798218,
            0.029197275638580322
        ],
        [
            0.04926454648375511,
            0.07438824325799942,
            0.0068074241280555725
        ],
        [
            0.07509410381317139,
            0.03454742208123207,
            0.0208638533949852
        ],
        [
            0.08276175707578659,
            0.02297864481806755,
            0.0248484555631876
        ],
        [
            0.08863864839076996,
            0.013814762234687805,
            0.02851915918290615
        ],
        [
            0.09326355159282684,
            0.007704287767410278,
            0.03182798624038696
        ],
        [
            0.10007294267416,
            0.012059621512889862,
            0.0320691242814064
        ],
        [
            0.01582331955432892,
            0.08733974397182465,
            -0.021874193102121353
        ],
        [
            0.020871510729193687,
            0.09398290514945984,
            -0.023162007331848145
        ],
        [
            0.10543850064277649,
            0.006609410047531128,
            0.036964695900678635
        ],
        [
            0.09768787771463394,
            0.001750253140926361,
            0.03582917898893356
        ],
        [
            0.07458065450191498,
            0.01968749240040779,
            0.022539950907230377
        ],
        [
            0.06553751230239868,
            0.015315357595682144,
            0.018493056297302246
        ],
        [
            0.06758011877536774,
            0.031052444130182266,
            0.01860242336988449
        ],
        [
            0.057699933648109436,
            0.02767438441514969,
            0.014434663578867912
        ],
        [
            0.040982142090797424,
            0.06816023588180542,
            0.009704004973173141
        ],
        [
            0.02608240395784378,
            0.10566165298223495,
            -0.03673738241195679
        ],
        [
            0.02606778033077717,
            0.09814716875553131,
            -0.02808542549610138
        ],
        [
            0.029859108850359917,
            0.0945231094956398,
            -0.030574925243854523
        ],
        [
            0.029872173443436623,
            0.10351061075925827,
            -0.03696006163954735
        ],
        [
            0.02751648612320423,
            0.09253855794668198,
            -0.024466117843985558
        ],
        [
            0.020440027117729187,
            0.09821689128875732,
            -0.02757331356406212
        ],
        [
            0.04846484959125519,
            0.02084978297352791,
            0.006519947201013565
        ],
        [
            0.03655703738331795,
            0.07094243168830872,
            -0.020280098542571068
        ],
        [
            0.05732705816626549,
            0.005880370736122131,
            0.007674753665924072
        ],
        [
            0.03642295300960541,
            0.016223467886447906,
            -0.004319868981838226
        ],
        [
            0.043836720287799835,
            0.0048684366047382355,
            -0.005412690341472626
        ],
        [
            0.06516827642917633,
            -0.009915672242641449,
            0.006578162312507629
        ],
        [
            0.05429081246256828,
            -0.0075554028153419495,
            -0.004143478348851204
        ],
        [
            0.07676054537296295,
            -0.018207356333732605,
            0.01542215421795845
        ],
        [
            0.07124428451061249,
            -0.012949611991643906,
            0.011829499155282974
        ],
        [
            0.04363100975751877,
