{
    "pred_cam": [
        7.448907852172852,
        -0.05292099714279175,
        0.0002577975392341614
    ],
    "pred_mano_params": {
        "global_orient": [
            [
                [
                    0.7272443771362305,
                    0.6858800649642944,
                    0.02615657076239586
                ],
                [
                    0.4229241609573364,
                    -0.4177643060684204,
                    -0.8041195273399353
                ],
                [
                    -0.5406022667884827,
                    0.5958536267280579,
                    -0.593891978263855
                ]
            ]
        ],
        "hand_pose": [
            [
                [
                    0.7424614429473877,
                    -0.649929940700531,
                    -0.16230235993862152
                ],
                [
                    0.6501913070678711,
                    0.7574804425239563,
                    -0.05894635245203972
                ],
                [
                    0.16125184297561646,
                    -0.061762191355228424,
                    0.9849788546562195
                ]
            ],
            [
                [
                    0.713019073009491,
                    -0.6913724541664124,
                    0.11665307730436325
                ],
                [
                    0.692395806312561,
                    0.6681075692176819,
                    -0.2724340558052063
                ],
                [
                    0.11041659116744995,
                    0.2750207781791687,
                    0.9550768136978149
                ]
            ],
            [
                [
                    0.8431478142738342,
                    -0.5345939993858337,
                    0.057541269809007645
                ],
                [
                    0.5267226696014404,
                    0.8427157998085022,
                    0.11132543534040451
                ],
                [
                    -0.1080048531293869,
                    -0.063555508852005,
                    0.9921167492866516
                ]
            ],
            [
                [
                    0.1424950659275055,
                    -0.9307762384414673,
                    -0.33667612075805664
                ],
                [
                    0.9894261360168457,
                    0.143240824341774,
                    0.022761130705475807
                ],
                [
                    0.027040263637900352,
                    -0.3363594710826874,
                    0.9413454532623291
                ]
            ],
            [
                [
                    0.9415555596351624,
                    -0.2905409634113312,
                    -0.17046701908111572
                ],
                [
                    0.31238889694213867,
                    0.9424529075622559,
                    0.11914519220590591
                ],
                [
                    0.12604059278964996,
                    -0.1654338389635086,
                    0.9781335592269897
                ]
            ],
            [
                [
                    0.938894510269165,
                    -0.34321436285972595,
                    0.026096701622009277
                ],
                [
                    0.34360116720199585,
                    0.9390388131141663,
                    -0.01201913133263588
                ],
                [
                    -0.020380675792694092,
                    0.020251553505659103,
                    0.9995872378349304
                ]
            ],
            [
                [
                    0.30330100655555725,
                    -0.9519801735877991,
                    -0.04173991084098816
                ],
                [
                    0.6945949792861938,
                    0.19088633358478546,
                    0.6936138272285461
                ],
                [
                    -0.6523390412330627,
                    -0.23936614394187927,
                    0.719136655330658
                ]
            ],
            [
                [
                    0.9568703770637512,
                    -0.26676666736602783,
                    -0.11504107713699341
                ],
                [
                    0.2824675440788269,
                    0.9468696117401123,
                    0.15378563106060028
                ],
                [
                    0.0679040178656578,
                    -0.17964832484722137,
                    0.9813843965530396
                ]
            ],
            [
                [
                    0.9953693747520447,
                    0.09574297070503235,
                    -0.008540996350347996
                ],
                [
                    -0.08746040612459183,
                    0.9389470815658569,
                    0.33275991678237915
                ],
                [
                    0.03987894579768181,
                    -0.33047208189964294,
                    0.9429728984832764
                ]
            ],
            [
                [
                    0.07087022066116333,
                    -0.99718177318573,
                    -0.024614574387669563
                ],
                [
                    0.9745868444442749,
                    0.06396505981683731,
                    0.21468351781368256
                ],
                [
                    -0.21250402927398682,
                    -0.0392036959528923,
                    0.9763734936714172
                ]
            ],
            [
                [
                    0.970988392829895,
                    -0.2336646020412445,
                    -0.05081693083047867
                ],
                [
                    0.23491421341896057,
                    0.892383873462677,
                    0.3853132128715515
                ],
                [
                    -0.04468585178256035,
                    -0.3860722780227661,
                    0.9213855266571045
                ]
            ],
            [
                [
                    0.9686815142631531,
                    -0.24394318461418152,
                    0.04634375870227814
                ],
                [
                    0.23559537529945374,
                    0.9618944525718689,
                    0.13875828683376312
                ],
                [
                    -0.07842692732810974,
                    -0.1234942153096199,
                    0.9892412424087524
                ]
            ],
            [
                [
                    0.9389046430587769,
                    -0.026351163163781166,
                    -0.34316718578338623
                ],
                [
                    -0.2717054784297943,
                    0.5552846789360046,
                    -0.7860248684883118
                ],
                [
                    0.2112681269645691,
                    0.8312427997589111,
                    0.5141996145248413
                ]
            ],
            [
                [
                    0.921933650970459,
                    -0.3860262632369995,
                    0.031972430646419525
                ],
                [
                    0.33800795674324036,
                    0.8420664072036743,
                    0.4203270375728607
                ],
                [
                    -0.1891801804304123,
                    -0.37670665979385376,
                    0.9068093299865723
                ]
            ],
            [
                [
                    0.975229024887085,
                    -0.057208046317100525,
                    -0.2136717289686203
                ],
                [
                    -0.021539121866226196,
                    0.9368261098861694,
                    -0.34913170337677
                ],
                [
                    0.22014638781547546,
                    0.34508568048477173,
                    0.9123877882957458
                ]
            ]
        ],
        "betas": [
            -0.05964362621307373,
            -0.021995097398757935,
            0.06570786237716675,
            0.0007651150226593018,
            -0.004662632942199707,
            -0.05060694366693497,
            0.029291868209838867,
            -0.08387511968612671,
            -0.009780913591384888,
            -0.05067363381385803
        ]
    },
    "pred_cam_t": [
        -0.05292099714279175,
        0.0002577975392341614,
        5.2440571784973145
    ],
    "focal_length": [
        5000.0,
        5000.0
    ],
    "pred_keypoints_3d": [
        [
            0.0959249958395958,
            0.006401496939361095,
            0.006200775504112244
        ],
        [
            0.06833049654960632,
            -0.018117502331733704,
            -0.005489956587553024
        ],
        [
            0.040380001068115234,
            -0.031131785362958908,
            -0.003996140323579311
        ],
        [
            0.01398727297782898,
            -0.036279696971178055,
            -0.00024862587451934814
        ],
        [
            -0.020786838605999947,
            -0.037989675998687744,
            0.006904094945639372
        ],
        [
            0.028640419244766235,
            -0.04547024890780449,
            0.038515854626894
        ],
        [
            -0.0038756132125854492,
            -0.04667002707719803,
            0.04426873102784157
        ],
        [
            -0.01899144798517227,
            -0.0341571569442749,
            0.033855270594358444
        ],
        [
            -0.02577456459403038,
            -0.017723113298416138,
            0.016582466661930084
        ],
        [
            0.025785081088542938,
            -0.030429843813180923,
            0.05867549031972885
        ],
        [
            0.0013673342764377594,
            -0.01400500163435936,
            0.0466795340180397
        ],
        [
            -0.008199198171496391,
            0.0012675290927290916,
            0.03189278393983841
        ],
        [
            -0.01608041487634182,
            0.016840774565935135,
            0.012785516679286957
        ],
        [
            0.03287973999977112,
            -0.00506338756531477,
            0.06411352008581161
        ],
        [
            0.010362187400460243,
            0.004395352676510811,
            0.048638828098773956
        ],
        [
            0.0005582105368375778,
            0.017837554216384888,
            0.030193107202649117
        ],
        [
            -0.009003447368741035,
            0.029878878965973854,
            0.009669516235589981
        ],
        [
            0.03774390369653702,
            0.01631535217165947,
            0.06333823502063751
        ],
        [
            0.020295357331633568,
            0.021169451996684074,
            0.05237209051847458
        ],
        [
            0.009541910141706467,
            0.027903560549020767,
            0.03824527561664581
        ],
        [
            -0.003323866054415703,
            0.03494739904999733,
            0.021857207641005516
        ]
    ],
    "pred_vertices": [
        [
            0.04891902953386307,
            -0.02010878175497055,
            0.013970661908388138
        ],
        [
            0.05600971728563309,
            -0.013816781342029572,
            0.008020482957363129
        ],
        [
            0.048035282641649246,
            -0.018915273249149323,
            0.007470030337572098
        ],
        [
            0.04280208796262741,
            -0.026200849562883377,
            0.012022849172353745
        ],
        [
            0.05240470916032791,
            -0.007435094565153122,
            -0.009500481188297272
        ],
        [
            0.056160181760787964,
            -0.012066718190908432,
            -0.020313125103712082
        ],
        [
            0.041843585669994354,
            -0.019556649029254913,
            -0.01585232838988304
        ],
        [
            0.04077330231666565,
            -0.013430967926979065,
            -0.0073854438960552216
        ],
        [
            0.03851432353258133,
            -0.03208811581134796,
            0.012198131531476974
        ],
        [
            0.04110567644238472,
            -0.023100782185792923,
            0.007317516952753067
        ],
        [
            0.03907911479473114,
            -0.036248717457056046,
            0.01313246414065361
        ],
        [
            0.04111360013484955,
            -0.04696182906627655,
            0.01992497220635414
        ],
        [
            0.037563256919384,
            -0.0407492034137249,
            0.017803652212023735
        ],
        [
            0.03915829956531525,
            -0.0515630841255188,
            0.026242824271321297
        ],
        [
            0.05171843618154526,
            -0.04961135983467102,
            0.020684340968728065
        ],
        [
            0.045147329568862915,
            -0.05329066142439842,
            0.03358302637934685
        ],
        [
            0.06687264144420624,
            -0.033645469695329666,
            0.038671888411045074
        ],
        [
            0.0695522129535675,
            -0.021843601018190384,
            0.045101799070835114
        ],
        [
            0.05618712306022644,
            -0.027674254029989243,
            0.05673002079129219
        ],
        [
            0.05423646420240402,
            -0.0385674312710762,
            0.048100728541612625
        ],
        [
            0.061007410287857056,
            -0.007022755220532417,
            0.059369977563619614
        ],
        [
            0.05765971541404724,
            -0.018604421988129616,
            0.05833922326564789
        ],
        [
            0.07189899682998657,
            -0.013390934094786644,
            0.04774937406182289
        ],
        [
            0.07399973273277283,
            -0.00330485962331295,
            0.0488709956407547
        ],
        [
            0.05615002661943436,
            -0.0071145761758089066,
            0.018422462046146393
        ],
        [
            0.06346453726291656,
            -0.0015879049897193909,
            0.012136552482843399
        ],
        [
            0.06220700964331627,
            -0.006864365190267563,
            0.010671328753232956
        ],
        [
            0.05470007285475731,
            -0.012001682072877884,
            0.01641109585762024
        ],
        [
            0.036755360662937164,
            -0.04045048728585243,
            0.0057465676218271255
        ],
        [
            0.049490101635456085,
            -0.04460040479898453,
            0.005690949037671089
        ],
        [
            0.04454254359006882,
            -0.04246259853243828,
            0.011430321261286736
        ],
        [
            0.03412943333387375,
            -0.03596652299165726,
            0.007933525368571281
        ],
        [
            0.07706180214881897,
            0.020021678879857063,
            -0.0015514194965362549
        ],
        [
            0.09000802785158157,
            0.020542066544294357,
            -0.00577138364315033
        ],
        [
            0.09001056849956512,
            0.015284016728401184,
            -0.008577492088079453
        ],
        [
            0.07847898453474045,
            0.015703998506069183,
            -0.003842681646347046
        ],
        [
            0.07899612188339233,
            -0.001804593950510025,
            -0.020043298602104187
        ],
        [
            0.09023115038871765,
            -0.00022813305258750916,
            -0.01851017028093338
        ],
        [
            0.09953387826681137,
            -0.009775031358003616,
            -0.021131061017513275
        ],
        [
            0.08941935002803802,
            -0.014421440660953522,
            -0.021288730204105377
        ],
        [
            0.06673064827919006,
            -0.006445612758398056,
            -0.020982258021831512
        ],
        [
            0.07531236112117767,
            -0.016952134668827057,
            -0.024397537112236023
        ],
        [
            0.06162673979997635,
            -0.0216115340590477,
            -0.023876335471868515
        ],
        [
            0.04488344117999077,
            -0.027735689654946327,
            -0.019194453954696655
        ],
        [
            0.09212534129619598,
            0.030506977811455727,
            0.0021319836378097534
        ],
        [
            0.08265216648578644,
            0.03193352743983269,
            0.00598430261015892
        ],
        [
            -0.003011070191860199,
            -0.04325229674577713,
            0.03090459667146206
        ],
        [
            -0.002544017508625984,
            -0.03769384324550629,
            0.03349412977695465
        ],
        [
            0.0009460467845201492,
            -0.03872884437441826,
            0.03297121077775955
        ],
        [
            -0.00011274218559265137,
            -0.04407716542482376,
            0.03084014728665352
        ],
        [
            0.09676862508058548,
            0.03188376873731613,
            0.02196566015481949
        ],
        [
            0.10253210365772247,
            0.02621578797698021,
            0.028067879378795624
        ],
        [
            0.10708563029766083,
            0.029813332483172417,
            0.023609641939401627
        ],
        [
            0.10194016993045807,
            0.03361742943525314,
            0.016651839017868042
        ],
        [
            0.08997058868408203,
            0.029555274173617363,
            0.028992928564548492
        ],
        [
            0.09582047164440155,
            0.021062789484858513,
            0.033711329102516174
        ],
        [
            -0.009026966989040375,
            -0.051148492842912674,
            0.03908492624759674
        ],
        [
            -0.007465379312634468,
            -0.050358615815639496,
            0.03410626947879791
        ],
        [
            -0.0034131016582250595,
            -0.05246507376432419,
            0.03602824732661247
        ],
        [
            -0.0037554651498794556,
            -0.052903104573488235,
            0.04155226796865463
        ],
        [
            0.03795371577143669,
            -0.033284492790699005,
            0.01693645864725113
        ],
        [
            0.041506800800561905,
            -0.0249668899923563,
            0.01869087852537632
        ],
        [
            0.027367785573005676,
            -0.03918837010860443,
            0.027664046734571457
        ],
        [
            0.03303151577711105,
            -0.033519141376018524,
            0.02558872289955616
        ],
        [
            0.03401131182909012,
            -0.03956279903650284,
            0.022133566439151764
        ],
        [
            0.02976512350142002,
            -0.04429871588945389,
            0.025016261264681816
        ],
        [
            0.04072854667901993,
            -0.012731896713376045,
            0.0341549813747406
        ],
        [
            0.04908846318721771,
            -0.008801259100437164,
            0.027150364592671394
        ],
        [
            0.046966552734375,
            -0.014803901314735413,
            0.02526296302676201
        ],
        [
            0.03706549108028412,
            -0.02016567438840866,
            0.03151337057352066
        ],
        [
            0.050283487886190414,
            0.0048522669821977615,
            0.030964594334363937
        ],
        [
            0.042461052536964417,
            -0.00034189410507678986,
            0.03787815570831299
        ],
        [
            0.04432052746415138,
            0.008006248623132706,
            0.03913389891386032
        ],
        [
            0.048706598579883575,
            0.010657597333192825,
            0.03342388570308685
        ],
        [
            0.02996665984392166,
            -0.012779035605490208,
            0.04813003167510033
        ],
        [
            0.02817486971616745,
            -0.01623550057411194,
            0.05060603469610214
        ],
        [
            0.02768731862306595,
            -0.012033956125378609,
            0.050574108958244324
        ],
        [
            0.030807392671704292,
            -0.009090413339436054,
            0.048625651746988297
        ],
        [
            0.11232617497444153,
            0.0325503796339035,
            0.019606031477451324
        ],
        [
            0.10708650946617126,
            0.03436495363712311,
            0.011448487639427185
        ],
        [
            0.06329194456338882,
            0.015244447626173496,
            0.0599706694483757
        ],
        [
            0.06338439136743546,
            0.024810252711176872,
            0.053715623915195465
        ],
        [
            0.052574723958969116,
            0.023541759699583054,
            0.061438336968421936
        ],
        [
            0.05542226880788803,
            0.013069124892354012,
            0.06768544018268585
        ],
        [
            0.10553103685379028,
            0.016535311937332153,
            0.030534636229276657
        ],
        [
            0.11099495738744736,
            0.02147330902516842,
            0.027777619659900665
        ],
        [
            -0.009574562311172485,
            -0.0483718104660511,
            0.0448618084192276
        ],
        [
            -0.004196131601929665,
            -0.04971719905734062,
            0.04697754234075546
        ],
        [
            0.07126662135124207,
            -0.030837101861834526,
            -0.019472572952508926
        ],
        [
            0.0501115620136261,
            -0.03612150251865387,
            -0.01709609106183052
        ],
        [
            0.08724932372570038,
            -0.025193121284246445,
            -0.018001295626163483
        ],
        [
            0.09819765388965607,
            -0.020881734788417816,
            -0.015003245323896408
        ],
        [
            0.10706433653831482,
            -0.01752491667866707,
            -0.015162654221057892
        ],
        [
            0.03079695627093315,
            -0.029779572039842606,
            0.0305545125156641
        ],
        [
            0.04730480909347534,
            -0.0178524237126112,
            0.020183900371193886
        ],
        [
            0.0569726899266243,
            -0.002366436645388603,
            0.020068876445293427
        ],
        [
            0.05512361228466034,
            0.02681417390704155,
            0.030471298843622208
        ],
        [
            0.06215560436248779,
            0.03010384738445282,
            0.02361079677939415
        ],
        [
            0.058006592094898224,
            0.02044123038649559,
            0.02094161882996559
        ],
        [
            0.05310073867440224,
            0.019307583570480347,
            0.0279214009642601
        ],
        [
            0.05754898488521576,
            0.030222421512007713,
            0.04724225401878357
        ],
        [
            0.051918234676122665,
            0.028220083564519882,
            0.04165995866060257
        ],
        [
            0.04676247760653496,
            0.025803981348872185,
            0.046813398599624634
        ],
        [
            0.05013786628842354,
            0.02783220261335373,
            0.05364423245191574
        ],
        [
            0.03737606480717659,
            -0.04446738213300705,
            -0.0006154607981443405
        ],
        [
            0.05305394530296326,
            -0.04558904096484184,
            -0.0007944107055664062
        ],
        [
            0.09035314619541168,
            0.03427731245756149,
            0.01377369835972786
        ],
        [
            0.09599897265434265,
            0.033532027155160904,
            0.008333593606948853
        ],
        [
            0.10367488861083984,
            0.03371710330247879,
            0.004457145929336548
        ],
        [
            0.0699063241481781,
            0.008454941213130951,
            0.003906957805156708
        ],
        [
            0.07936364412307739,
            0.012770704925060272,
            -0.005623016506433487
        ],
        [
            0.07818864285945892,
            0.00906331092119217,
            -0.00786706805229187
        ],
        [
            0.07036193460226059,
            0.005142856389284134,
            0.003347069025039673
        ],
        [
            0.06035750359296799,
            -0.005700014531612396,
            0.0007688403129577637
        ],
        [
            0.06501553952693939,
            -0.000575333833694458,
            -0.010575860738754272
        ],
        [
            0.04992717504501343,
            -0.0102323517203331,
            0.0019682496786117554
        ],
        [
            0.09126859158277512,
            0.00869791954755783,
            -0.013410314917564392
        ],
        [
            0.09886173903942108,
            0.016832269728183746,
            -0.01372203603386879
        ],
        [
            0.09974481165409088,
            0.008855599910020828,
            -0.017695095390081406
        ],
        [
            0.0998384952545166,
            0.024778170511126518,
            -0.007972531020641327
        ],
        [
            0.10133952647447586,
            0.03097463957965374,
            -0.001682378351688385
        ],
        [
            0.11870454996824265,
            0.02482682093977928,
            0.026210792362689972
        ],
        [
            0.1006428450345993,
            0.0007872842252254486,
            -0.01983680948615074
        ],
        [
            0.03327734023332596,
            -0.018705401569604874,
            -0.0059701502323150635
        ],
        [
            0.026300333440303802,
            -0.023249641060829163,
            -0.005496546626091003
        ],
        [
            0.027979906648397446,
            -0.023657241836190224,
            0.002227768301963806
        ],
        [
            0.03477519378066063,
            -0.01934908702969551,
            0.0025559142231941223
        ],
        [
            0.03360765054821968,
            -0.05468882992863655,
            0.0324009545147419
        ],
        [
            0.030678318813443184,
            -0.05003678426146507,
            0.026706933975219727
        ],
        [
            0.03628380596637726,
            -0.0464552640914917,
            0.021546903997659683
        ],
        [
            0.0691327154636383,
            0.021596889942884445,
            0.006921101361513138
        ],
        [
            0.07415133714675903,
            0.0317901112139225,
            0.012806400656700134
        ],
        [
            0.025092625990509987,
            -0.03553779795765877,
            0.03251803293824196
        ],
        [
            0.0011589005589485168,
            -0.0543326660990715,
            0.04321208596229553
        ],
        [
            0.0015558600425720215,
            -0.05428313463926315,
            0.03703472018241882
        ],
        [
            0.019554635509848595,
            -0.05557998642325401,
            0.03539537265896797
        ],
        [
            0.019232753664255142,
            -0.05598725378513336,
            0.04247654601931572
        ],
        [
            0.021060466766357422,
            -0.035787247121334076,
            0.04152120277285576
        ],
        [
            0.022088337689638138,
            -0.03632095456123352,
            0.03443388268351555
        ],
        [
            0.020572522655129433,
            -0.036390677094459534,
            0.03590184077620506
        ],
        [
            0.018276341259479523,
            -0.034229304641485214,
            0.04185083881020546
        ],
        [
            0.031383488327264786,
            -0.003376232460141182,
            0.05121133103966713
        ],
        [
            0.03359971195459366,
            -0.0009942464530467987,
            0.04916749894618988
        ],
        [
            0.03912750259041786,
            -0.040490031242370605,
            0.05447451397776604
        ],
        [
            0.042128339409828186,
            -0.052676010876894,
            0.04829658195376396
        ],
        [
            0.05225169658660889,
            -0.048599209636449814,
            0.04082334786653519
        ],
        [
            0.04249223694205284,
            -0.005663836374878883,
            0.03603005036711693
        ],
        [
            0.03522385656833649,
            -0.008562290109694004,
            0.042546503245830536
        ],
        [
            0.0361061654984951,
            -0.004709186032414436,
            0.04377003759145737
        ],
        [
            0.02879508212208748,
            -0.028526464477181435,
            0.034601934254169464
        ],
        [
            0.02418932318687439,
            -0.03247210755944252,
            0.0377458781003952
        ],
        [
            0.026631174609065056,
            -0.028836918994784355,
            0.03983260691165924
        ],
        [
            0.03080178238451481,
            -0.023955781012773514,
            0.036540430039167404
        ],
        [
            0.07387696206569672,
            0.02688056044280529,
            0.045658811926841736
        ],
        [
            0.06671568006277084,
            0.033337585628032684,
            0.03870756924152374
        ],
        [
            -0.005039019510149956,
            -0.04761747270822525,
            0.031167034059762955
        ],
        [
            -0.001740831881761551,
            -0.049180738627910614,
            0.031974755227565765
        ],
        [
            0.05059658735990524,
            -0.0019584372639656067,
            0.02906320057809353
        ],
        [
            0.06266909837722778,
            -0.04205923527479172,
            0.03160832077264786
        ],
        [
            0.057600975036621094,
            0.0028999298810958862,
            0.02157021313905716
        ],
        [
            0.04100966081023216,
            -3.6796554923057556e-05,
            0.06637965142726898
        ],
        [
            0.0362284854054451,
            0.0054948050528764725,
            0.06139053404331207
        ],
        [
            0.03332245722413063,
            0.0047818077728152275,
            0.06033175438642502
        ],
        [
            0.033649418503046036,
            0.0010473319562152028,
            0.06447644531726837
        ],
        [
            0.004233356565237045,
            -0.03415965661406517,
            0.04395107552409172
        ],
        [
            0.0037179291248321533,
            -0.03469383716583252,
            0.03800227493047714
        ],
        [
            0.0010990947484970093,
            -0.03459467738866806,
            0.037770796567201614
        ],
        [
            0.00029195845127105713,
            -0.034015774726867676,
            0.04373660311102867
        ],
        [
            0.02321140468120575,
            -0.040001727640628815,
            0.029892168939113617
        ],
        [
            0.024634333327412605,
            -0.04557541757822037,
            0.027272943407297134
        ],
        [
            0.019797921180725098,
            -0.045144736766815186,
            0.028759818524122238
        ],
        [
            0.01974140666425228,
            -0.03988630324602127,
            0.03196210786700249
        ],
        [
            0.025395838543772697,
            -0.051499057561159134,
            0.02939680777490139
        ],
        [
            0.020056428387761116,
            -0.0514649860560894,
            0.030458470806479454
        ],
        [
            0.0036455821245908737,
            -0.03764187544584274,
            0.04942556843161583
        ],
        [
            0.002103405073285103,
            -0.044855911284685135,
            0.051366355270147324
        ],
        [
            0.018846798688173294,
            -0.04487884044647217,
            0.05167771875858307
        ],
        [
            0.01676921918988228,
            -0.03779666870832443,
            0.048598431050777435
        ],
        [
            0.08693148195743561,
            -0.0003281421959400177,
            0.04063211381435394
        ],
        [
            0.08690392971038818,
            0.010806023143231869,
            0.042164623737335205
        ],
        [
            0.07418326288461685,
            0.00812087394297123,
            0.0507243275642395
        ],
        [
            0.06188669800758362,
            0.005590747110545635,
            0.060631878674030304
        ],
        [
            0.04971342161297798,
            0.002461912576109171,
            0.06818567961454391
        ],
        [
            0.05008738860487938,
            -0.009917297400534153,
            0.06863880902528763
        ],
        [
            0.07497841119766235,
            0.016491418704390526,
            0.05026254802942276
        ],
        [
            0.027150282636284828,
            -0.036780547350645065,
            0.04867536202073097
        ],
        [
            0.02989184856414795,
            -0.044193193316459656,
            0.051595572382211685
        ],
        [
            0.030565958470106125,
            -0.03905588015913963,
            0.052617184817790985
        ],
        [
            0.05680251866579056,
            0.01022510789334774,
            0.023074645549058914
        ],
        [
            0.0023601148277521133,
            -0.05118321627378464,
            0.03260394185781479
        ],
        [
            0.10922931879758835,
            -0.019530026242136955,
            0.007034916430711746
        ],
        [
            0.11195389926433563,
            -0.010775350034236908,
            0.017233956605196
        ],
        [
            0.10444375872612,
            -0.014777176082134247,
            0.01953246258199215
        ],
        [
            0.10066083818674088,
            -0.02429553121328354,
            0.007402803748846054
        ],
        [
            0.0032497886568307877,
            -0.03922015056014061,
            0.0325184166431427
        ],
        [
            0.003129255026578903,
            -0.045303475111722946,
            0.030202113091945648
        ],
        [
            0.033231500536203384,
            0.005342312157154083,
            0.05042614787817001
        ],
        [
            0.03138352930545807,
            0.0023747486993670464,
            0.05260249972343445
        ],
        [
            0.03235282003879547,
            0.005400819703936577,
            0.05424913763999939
        ],
        [
            0.0323210135102272,
            0.009256425313651562,
            0.0525369793176651
        ],
        [
            0.08749017864465714,
            0.016833627596497536,
            0.041404351592063904
        ],
        [
            0.0432853177189827,
            0.024676667526364326,
            0.06123428791761398
        ],
        [
            0.04588903486728668,
            0.014343183487653732,
            0.06796678900718689
        ],
        [
            0.09788545966148376,
            0.01262986846268177,
            0.03486412763595581
        ],
        [
            0.09845031797885895,
            0.002839135006070137,
            0.033980630338191986
        ],
        [
            0.10679061710834503,
            0.005621876567602158,
            0.029581598937511444
        ],
        [
            0.04180727154016495,
            -0.021932462230324745,
            0.06450602412223816
        ],
        [
            0.08473486453294754,
            -0.008768429979681969,
            0.03983350098133087
        ],
        [
            0.09675700962543488,
            -0.004541298374533653,
            0.032450124621391296
        ],
        [
            0.10663576424121857,
            -0.0015505962073802948,
            0.027115823701024055
        ],
        [
            0.11406242102384567,
            0.0009845998138189316,
            0.024143382906913757
        ],
        [
            0.11338916420936584,
            0.008629649877548218,
            0.027027811855077744
        ],
        [
            0.0012471172958612442,
            -0.05031459406018257,
            0.04828350991010666
        ],
        [
            -0.00390690378844738,
            -0.04353998973965645,
            0.050588976591825485
        ],
        [
            0.12178242206573486,
            0.011815765872597694,
            0.02547762170433998
        ],
        [
            0.1218259334564209,
            0.0032574106007814407,
            0.021762996912002563
        ],
        [
            0.09492328763008118,
            -0.013043815270066261,
            0.029234925284981728
        ],
        [
            0.0919347032904625,
            -0.022888800129294395,
            0.023721031844615936
        ],
        [
            0.08321009576320648,
            -0.016726035624742508,
            0.03628501296043396
        ],
        [
            0.0795062929391861,
            -0.02684536576271057,
            0.031757958233356476
        ],
        [
            0.04528822749853134,
            -0.03304921090602875,
            0.06474252790212631
        ],
        [
            -0.017898425459861755,
            -0.03337562829256058,
            0.04335834085941315
        ],
        [
            -0.008099032565951347,
            -0.03650721162557602,
            0.047886140644550323
        ],
        [
            -0.004913177341222763,
            -0.03351457417011261,
            0.04391118139028549
        ],
        [
            -0.015043357387185097,
            -0.03040093556046486,
            0.04202152043581009
        ],
        [
            -0.0014626756310462952,
            -0.0369768962264061,
            0.04855594411492348
        ],
        [
            -0.009417993947863579,
            -0.04208649694919586,
            0.04850177466869354
        ],
        [
            0.0742466002702713,
            -0.0370003767311573,
            0.0217414703220129
        ],
        [
            0.023979704827070236,
            -0.032557353377342224,
            0.04290064796805382
        ],
        [
            0.08553063869476318,
            -0.03298739343881607,
            0.009138096123933792
        ],
        [
            0.06280916184186935,
            -0.046882521361112595,
            0.013398127630352974
        ],
        [
            0.06931239366531372,
            -0.04268748685717583,
            0.002457335591316223
        ],
        [
            0.09531265497207642,
            -0.02898581326007843,
            -0.005375094711780548
        ],
        [
            0.07936268299818039,
            -0.036690160632133484,
            -0.009103387594223022
        ],
        [
            0.11215011775493622,
            -0.019637346267700195,
            -0.005286257714033127
        ],
        [
            0.10414862632751465,
