{
    "pred_cam": [
        11.232595443725586,
        0.07757118344306946,
        -0.05124783515930176
    ],
    "pred_mano_params": {
        "global_orient": [
            [
                [
                    0.5035668015480042,
                    -0.4410040080547333,
                    -0.7429239749908447
                ],
                [
                    -0.7713866233825684,
                    0.15775451064109802,
                    -0.6165032982826233
                ],
                [
                    0.3890800178050995,
                    0.8835321068763733,
                    -0.2607446610927582
                ]
            ]
        ],
        "hand_pose": [
            [
                [
                    0.8897442817687988,
                    -0.39806610345840454,
                    -0.22337986528873444
                ],
                [
                    0.3588409721851349,
                    0.9124411344528198,
                    -0.1966836154460907
                ],
                [
                    0.28211402893066406,
                    0.09484025835990906,
                    0.9546816945075989
                ]
            ],
            [
                [
                    0.8917911052703857,
                    -0.4516525864601135,
                    0.026805875822901726
                ],
                [
                    0.44646063446998596,
                    0.8688390851020813,
                    -0.2139895111322403
                ],
                [
                    0.0733589380979538,
                    0.20280171930789948,
                    0.9764680862426758
                ]
            ],
            [
                [
                    0.8377987146377563,
                    -0.545536994934082,
                    0.021970536559820175
                ],
                [
                    0.5459004640579224,
                    0.8376829028129578,
                    -0.01673419587314129
                ],
                [
                    -0.009275221265852451,
                    0.026013612747192383,
                    0.9996185302734375
                ]
            ],
            [
                [
                    0.7633201479911804,
                    -0.591109037399292,
                    -0.26063844561576843
                ],
                [
                    0.5423789620399475,
                    0.8055641055107117,
                    -0.2385196089744568
                ],
                [
                    0.35095202922821045,
                    0.04070204496383667,
                    0.9355084300041199
                ]
            ],
            [
                [
                    0.6531757116317749,
                    -0.729929506778717,
                    -0.20140592753887177
                ],
                [
                    0.7571332454681396,
                    0.6258893013000488,
                    0.18711452186107635
                ],
                [
                    -0.010522613301873207,
                    -0.2747097909450531,
                    0.9614695906639099
                ]
            ],
            [
                [
                    0.7372466325759888,
                    -0.6756042242050171,
                    0.005118647590279579
                ],
                [
                    0.6750398278236389,
                    0.7369034290313721,
                    0.03598000481724739
                ],
                [
                    -0.02808019332587719,
                    -0.02307085134088993,
                    0.9993393421173096
                ]
            ],
            [
                [
                    0.19177882373332977,
                    -0.9626496434211731,
                    -0.19111935794353485
                ],
                [
                    0.8870540261268616,
                    0.08669254928827286,
                    0.4534529149532318
                ],
                [
                    -0.41994762420654297,
                    -0.256495863199234,
                    0.8705480694770813
                ]
            ],
            [
                [
                    0.8448185324668884,
                    -0.5235030055046082,
                    -0.11057207733392715
                ],
                [
                    0.5309610366821289,
                    0.794751763343811,
                    0.29402369260787964
                ],
                [
                    -0.06604493409395218,
                    -0.3071061670780182,
                    0.9493806958198547
                ]
            ],
            [
                [
                    0.9736718535423279,
                    -0.21978606283664703,
                    0.0604749359190464
                ],
                [
                    0.17077100276947021,
                    0.8790175914764404,
                    0.4451577067375183
                ],
                [
                    -0.15099798142910004,
                    -0.4231101870536804,
                    0.8934077620506287
                ]
            ],
            [
                [
                    0.6237048506736755,
                    -0.7422635555267334,
                    -0.2450246810913086
                ],
                [
                    0.686621904373169,
                    0.6700639724731445,
                    -0.2820720374584198
                ],
                [
                    0.373553991317749,
                    0.0076903668232262135,
                    0.9275765419006348
                ]
            ],
            [
                [
                    0.6876129508018494,
                    -0.7113806009292603,
                    -0.14534816145896912
                ],
                [
                    0.697356641292572,
                    0.5913003087043762,
                    0.4050402045249939
                ],
                [
                    -0.20219333469867706,
                    -0.37987038493156433,
                    0.902671754360199
                ]
            ],
            [
                [
                    0.6556689143180847,
                    -0.7548573017120361,
                    -0.016994066536426544
                ],
                [
                    0.7360378503799438,
                    0.6339796781539917,
                    0.23731417953968048
                ],
                [
                    -0.16836443543434143,
                    -0.1681077927350998,
                    0.9712843298912048
                ]
            ],
            [
                [
                    0.9306641817092896,
                    0.35145917534828186,
                    -0.10168848931789398
                ],
                [
                    -0.3596162497997284,
                    0.8275192379951477,
                    -0.4311474561691284
                ],
                [
                    -0.06738156080245972,
                    0.4378223419189453,
                    0.8965329527854919
                ]
            ],
            [
                [
                    0.9569266438484192,
                    -0.2237309217453003,
                    -0.18502925336360931
                ],
                [
                    0.28183913230895996,
                    0.8688505291938782,
                    0.40702024102211
                ],
                [
                    0.0696997418999672,
                    -0.4416370093822479,
                    0.8944823741912842
                ]
            ],
            [
                [
                    0.9904958605766296,
                    -0.11820651590824127,
                    -0.07032154500484467
                ],
                [
                    0.08537880331277847,
                    0.9292535781860352,
                    -0.35944145917892456
                ],
                [
                    0.10783488303422928,
                    0.3500213325023651,
                    0.9305141568183899
                ]
            ]
        ],
        "betas": [
            0.1144622415304184,
            -0.07654410600662231,
            0.0023894011974334717,
            0.049120932817459106,
            0.07411155104637146,
            0.004211191087961197,
            0.03920981287956238,
            0.03180001676082611,
            -0.0511702299118042,
            -0.03392365574836731
        ]
    },
    "pred_cam_t": [
        -0.07757118344306946,
        -0.05124783515930176,
        3.477602243423462
    ],
    "focal_length": [
        5000.0,
        5000.0
    ],
    "pred_keypoints_3d": [
        [
            0.09522513300180435,
            0.006353884935379028,
            0.006154858507215977
        ],
        [
            0.070827916264534,
            0.006591729819774628,
            -0.02342456951737404
        ],
        [
            0.04471942037343979,
            0.007857928983867168,
            -0.03939904272556305
        ],
        [
            0.024684950709342957,
            0.019044164568185806,
            -0.053576257079839706
        ],
        [
            0.00209144689142704,
            0.0321817472577095,
            -0.07715298980474472
        ],
        [
            0.03819933161139488,
            0.06053896248340607,
            -0.03790935128927231
        ],
        [
            0.0312952883541584,
            0.08726402372121811,
            -0.05569429323077202
        ],
        [
            0.03859977051615715,
            0.09917831420898438,
            -0.07278959453105927
        ],
        [
            0.05470821261405945,
            0.10365734249353409,
            -0.09138830006122589
        ],
        [
            0.050999127328395844,
            0.08085206151008606,
            -0.03098110482096672
        ],
        [
            0.057311806827783585,
            0.10648156702518463,
            -0.04824664071202278
        ],
        [
            0.07395289838314056,
            0.10679967701435089,
            -0.06434165686368942
        ],
        [
            0.09048116207122803,
            0.09372695535421371,
            -0.0781913548707962
        ],
        [
            0.07566222548484802,
            0.08485186100006104,
            -0.022116731852293015
        ],
        [
            0.08521176874637604,
            0.10538133233785629,
            -0.03971285745501518
        ],
        [
            0.10364169627428055,
            0.10062503814697266,
            -0.055354297161102295
        ],
        [
            0.11512583494186401,
            0.08160969614982605,
            -0.06637370586395264
        ],
        [
            0.09691975265741348,
            0.08413314819335938,
            -0.018039990216493607
        ],
        [
            0.10830774903297424,
            0.08395040780305862,
            -0.035670407116413116
        ],
        [
            0.12009676545858383,
            0.07276314496994019,
            -0.0452067106962204
        ],
        [
            0.1286228895187378,
            0.05571303889155388,
            -0.052689410746097565
        ]
    ],
    "pred_vertices": [
        [
            0.0651758462190628,
            0.03178422898054123,
            -0.032152462750673294
        ],
        [
            0.0710383802652359,
            0.023964516818523407,
            -0.030315712094306946
        ],
        [
            0.06171856075525284,
            0.02393340691924095,
            -0.03750370442867279
        ],
        [
            0.05720207467675209,
            0.031016288325190544,
            -0.03850177302956581
        ],
        [
            0.07285995036363602,
            0.006566725671291351,
            -0.04110978543758392
        ],
        [
            0.07101384550333023,
            -0.005271807312965393,
            -0.039455194026231766
        ],
        [
            0.05667029321193695,
            0.00024902820587158203,
            -0.04757697135210037
        ],
        [
            0.060057513415813446,
            0.00931963324546814,
            -0.04871497303247452
        ],
        [
            0.048530563712120056,
            0.030443569645285606,
            -0.04135020822286606
        ],
        [
            0.05403706058859825,
            0.024082740768790245,
            -0.04262911528348923
        ],
        [
            0.042290981858968735,
            0.028088685125112534,
            -0.037671271711587906
        ],
        [
            0.03642342984676361,
            0.035526715219020844,
            -0.033873409032821655
        ],
        [
            0.04282078891992569,
            0.03685513883829117,
            -0.03928481414914131
        ],
        [
            0.032821547240018845,
            0.042874209582805634,
            -0.03374721109867096
        ],
        [
            0.03577445074915886,
            0.03113473951816559,
            -0.0232964176684618
        ],
        [
            0.031939730048179626,
            0.04603119567036629,
            -0.024812942370772362
        ],
        [
            0.05232144892215729,
            0.04349507763981819,
            -0.004261907190084457
        ],
        [
            0.06318505853414536,
            0.048950694501399994,
            0.0008644610643386841
        ],
        [
            0.0563027523458004,
            0.06314690411090851,
            -0.005894450470805168
        ],
        [
            0.04629110172390938,
            0.05598730593919754,
            -0.011372359469532967
        ],
        [
            0.07590922713279724,
            0.06566300988197327,
            -0.00016500242054462433
        ],
        [
            0.0647091194987297,
            0.06501737982034683,
            -0.0036694109439849854
        ],
        [
            0.07117020338773727,
            0.05098094791173935,
            0.004181075841188431
        ],
        [
            0.08098713308572769,
            0.05203801766037941,
            0.0065744370222091675
        ],
        [
            0.07883094251155853,
            0.03408217802643776,
            -0.023119395598769188
        ],
        [
            0.08542925119400024,
            0.026242144405841827,
            -0.0200214721262455
        ],
        [
            0.08021295815706253,
            0.025345858186483383,
            -0.022800471633672714
        ],
        [
            0.07410711795091629,
            0.032593097537755966,
            -0.025645926594734192
        ],
        [
            0.03545207530260086,
            0.017723262310028076,
            -0.03495034575462341
        ],
        [
            0.03831477835774422,
            0.015414100140333176,
            -0.027771146968007088
        ],
        [
            0.03852704167366028,
            0.023080047219991684,
            -0.031100992113351822
        ],
        [
            0.037685129791498184,
            0.021400725468993187,
            -0.03864249214529991
        ],
        [
            0.10827317833900452,
            0.009928397834300995,
            -0.013816416263580322
        ],
        [
            0.10987342894077301,
            0.00027272850275039673,
            -0.004643445834517479
        ],
        [
            0.10504119843244553,
            -0.0026427507400512695,
            -0.006071895360946655
        ],
        [
            0.10449351370334625,
            0.0071271732449531555,
            -0.013875799253582954
        ],
        [
            0.08710579574108124,
            -0.010448701679706573,
            -0.02086040750145912
        ],
        [
            0.09070989489555359,
            -0.01285611093044281,
            -0.01026623509824276
        ],
        [
            0.08193047344684601,
            -0.02099401131272316,
            -0.002505198121070862
        ],
        [
            0.07614491134881973,
            -0.017567533999681473,
            -0.01006995141506195
        ],
        [
            0.0800015926361084,
            -0.008128531277179718,
            -0.03130331262946129
        ],
        [
            0.07199062407016754,
            -0.015901975333690643,
            -0.022613218054175377
        ],
        [
            0.06468687951564789,
            -0.0119902603328228,
            -0.03252623602747917
        ],
        [
            0.051857296377420425,
            -0.005291540175676346,
            -0.04160989820957184
        ],
        [
            0.11910197138786316,
            0.007132299244403839,
            0.0009090453386306763
        ],
        [
            0.11955507844686508,
            0.014985203742980957,
            -0.005446266382932663
        ],
        [
            0.03519711270928383,
            0.08197397738695145,
            -0.0659298300743103
        ],
        [
            0.04012135788798332,
            0.0845133438706398,
            -0.06380676478147507
        ],
        [
            0.039926812052726746,
            0.08082852512598038,
            -0.06160504370927811
        ],
        [
            0.03488805517554283,
            0.07909831404685974,
            -0.06377623975276947
        ],
        [
            0.11880972981452942,
            0.02227025479078293,
            0.014198165386915207
        ],
        [
            0.11304880678653717,
            0.024331778287887573,
            0.022103989496827126
        ],
        [
            0.11727497726678848,
            0.018719658255577087,
            0.024003662168979645
        ],
        [
            0.12132325768470764,
            0.015458300709724426,
            0.016228696331381798
        ],
        [
            0.11546066403388977,
            0.031231574714183807,
            0.011463025584816933
        ],
        [
            0.1070719063282013,
            0.03176937252283096,
            0.01880684122443199
        ],
        [
            0.02514653094112873,
            0.08901292830705643,
            -0.06261752545833588
        ],
        [
            0.0269179530441761,
            0.08526346832513809,
            -0.06568901985883713
        ],
        [
            0.025476913899183273,
            0.0825287476181984,
            -0.06158686429262161
        ],
        [
            0.024270981550216675,
            0.08592885732650757,
            -0.05759802460670471
        ],
        [
            0.05133882164955139,
            0.037732213735580444,
            -0.03996218740940094
        ],
        [
            0.0602453351020813,
            0.038993947207927704,
            -0.03611034154891968
        ],
        [
            0.04485620558261871,
            0.05355234444141388,
            -0.04520575329661369
        ],
        [
            0.05119047313928604,
            0.04838504642248154,
            -0.04055173695087433
        ],
        [
            0.04527236521244049,
            0.04410697519779205,
            -0.041458141058683395
        ],
        [
            0.040022190660238266,
            0.049207329750061035,
            -0.04429888725280762
        ],
        [
            0.07126033306121826,
            0.054423168301582336,
            -0.029564103111624718
        ],
        [
            0.07608228176832199,
            0.044743794947862625,
            -0.025256413966417313
        ],
        [
            0.0702761858701706,
            0.04348114877939224,
            -0.028088990598917007
        ],
        [
            0.06402330100536346,
            0.053119853138923645,
            -0.03403715044260025
        ],
        [
            0.08919976651668549,
            0.048973627388477325,
            -0.022351911291480064
        ],
        [
            0.08313897252082825,
            0.058188170194625854,
            -0.02629515342414379
        ],
        [
            0.09126034379005432,
            0.05930718407034874,
            -0.02401525340974331
        ],
        [
            0.09458711743354797,
            0.052455220371484756,
            -0.02258487418293953
        ],
        [
            0.06983792781829834,
            0.07237452268600464,
            -0.03360409662127495
        ],
        [
            0.0665406584739685,
            0.07813461869955063,
            -0.03470088914036751
        ],
        [
            0.07097704708576202,
            0.0808514729142189,
            -0.035966236144304276
        ],
        [
            0.07320088893175125,
            0.07324626296758652,
            -0.032664038240909576
        ],
        [
            0.12064144015312195,
            0.013082727789878845,
            0.026699082925915718
        ],
        [
            0.12283612787723541,
            0.008624628186225891,
            0.01826583221554756
        ],
        [
            0.09758177399635315,
            0.06855529546737671,
            0.0024539045989513397
        ],
        [
            0.10740453004837036,
            0.06434506922960281,
            -0.00039255060255527496
        ],
        [
            0.10516004264354706,
            0.07611122727394104,
            -0.0056710317730903625
        ],
        [
            0.09457383304834366,
            0.07862789928913116,
            -0.0005381479859352112
        ],
        [
            0.1035059243440628,
            0.0240410715341568,
            0.025865625590085983
        ],
        [
            0.10894335806369781,
            0.019627340137958527,
            0.02938208542764187
        ],
        [
            0.026902951300144196,
            0.0934339314699173,
            -0.05857120454311371
        ],
        [
            0.02668316662311554,
            0.09006095677614212,
            -0.05376401171088219
        ],
        [
            0.059221845120191574,
            -0.011964991688728333,
            -0.020582394674420357
        ],
        [
            0.04735768213868141,
            -0.005867164582014084,
            -0.03364032506942749
        ],
        [
            0.06689047813415527,
            -0.014617234468460083,
            -0.008804712444543839
        ],
        [
            0.07164433598518372,
            -0.015946730971336365,
            0.0003753378987312317
        ],
        [
            0.07496976107358932,
            -0.020050764083862305,
            0.007116988301277161
        ],
        [
            0.0542953684926033,
            0.05443022772669792,
            -0.040313977748155594
        ],
        [
            0.06764160841703415,
            0.03853389620780945,
            -0.03023143671452999
        ],
        [
            0.08337609469890594,
            0.03557894751429558,
            -0.021478069946169853
        ],
        [
            0.11096936464309692,
            0.04848168417811394,
            -0.018204230815172195
        ],
        [
            0.11514367163181305,
            0.03956196829676628,
            -0.015203230082988739
        ],
        [
            0.10571715235710144,
            0.03822171688079834,
            -0.020031092688441277
        ],
        [
            0.10374954342842102,
            0.04647953435778618,
            -0.0211203433573246
        ],
        [
            0.11297080665826797,
            0.06212309002876282,
            -0.008426060900092125
        ],
        [
            0.11121190339326859,
            0.059801433235406876,
            -0.015894854441285133
        ],
        [
            0.10812223702669144,
            0.0665251761674881,
            -0.017891699448227882
        ],
        [
            0.10975934565067291,
            0.07101516425609589,
            -0.011547666974365711
        ],
        [
            0.03243038058280945,
            0.010749094188213348,
            -0.03413083031773567
        ],
        [
            0.038732580840587616,
            0.007791552692651749,
            -0.02600823901593685
        ],
        [
            0.12156394869089127,
            0.01838625967502594,
            0.004809688776731491
        ],
        [
            0.12167583405971527,
            0.010993465781211853,
            0.007171304896473885
        ],
        [
            0.12272511422634125,
            0.004101946949958801,
            0.011983074247837067
        ],
        [
            0.09646354615688324,
            0.017335988581180573,
            -0.018174676224589348
        ],
        [
            0.10196534544229507,
            0.005096867680549622,
            -0.014224717393517494
        ],
        [
            0.09835231304168701,
            0.0034130439162254333,
            -0.016905950382351875
        ],
        [
            0.09345335513353348,
            0.01673637330532074,
            -0.018889272585511208
        ],
        [
            0.07877078652381897,
            0.01617608591914177,
            -0.03165038302540779
        ],
        [
            0.08534670621156693,
            0.004142455756664276,
            -0.030981529504060745
        ],
        [
            0.06799249351024628,
            0.01787823811173439,
            -0.04008110612630844
        ],
        [
            0.09925277531147003,
            -0.008050188422203064,
            -0.007425948977470398
        ],
        [
            0.1075969785451889,
            -0.011154256761074066,
            -0.0008796565234661102
        ],
        [
            0.10021265596151352,
            -0.01590552181005478,
            -0.0019380860030651093
        ],
        [
            0.11490878462791443,
            -0.005774743854999542,
            0.002741403877735138
        ],
        [
            0.12054646015167236,
            -0.00040815025568008423,
            0.007051378488540649
        ],
        [
            0.1128045916557312,
            0.015010863542556763,
            0.035414695739746094
        ],
        [
            0.09240350127220154,
            -0.019039250910282135,
            -0.0017910860478878021
        ],
        [
            0.05087316036224365,
            0.011085454374551773,
            -0.051757268607616425
        ],
        [
            0.04301011189818382,
            0.012734007090330124,
            -0.053586333990097046
        ],
        [
            0.04362547770142555,
            0.019283678382635117,
            -0.04999469965696335
        ],
        [
            0.05049861595034599,
            0.018442649394273758,
            -0.04807277023792267
        ],
        [
            0.029004355892539024,
            0.051618970930576324,
            -0.03610077500343323
        ],
        [
            0.033904291689395905,
            0.049420639872550964,
            -0.042185984551906586
        ],
        [
            0.038012463599443436,
            0.041143275797367096,
            -0.039230383932590485
        ],
        [
            0.10865668207406998,
            0.021014437079429626,
            -0.016769297420978546
        ],
        [
            0.11835654079914093,
            0.024807684123516083,
            -0.009715104475617409
        ],
        [
            0.04753902927041054,
            0.05971182882785797,
            -0.04437096789479256
        ],
        [
            0.023878492414951324,
            0.08292001485824585,
            -0.05313559249043465
        ],
        [
            0.024868998676538467,
            0.07898525148630142,
            -0.05748726800084114
        ],
        [
            0.026743358001112938,
            0.06485723704099655,
            -0.04622948169708252
        ],
        [
            0.025293055921792984,
            0.06962884217500687,
            -0.041592564433813095
        ],
        [
            0.045392006635665894,
            0.07065407931804657,
            -0.042237039655447006
        ],
        [
            0.04587876424193382,
            0.06451958417892456,
            -0.045225560665130615
        ],
        [
            0.04509596899151802,
            0.0674392357468605,
            -0.04525018483400345
        ],
        [
            0.04587789624929428,
            0.07348153740167618,
            -0.0429939404129982
        ],
        [
            0.0793251320719719,
            0.07950977981090546,
            -0.032737310975790024
        ],
        [
            0.08116655051708221,
            0.07283496856689453,
            -0.030267179012298584
        ],
        [
            0.04238823056221008,
            0.06824789941310883,
            -0.021430673077702522
        ],
        [
            0.03181050345301628,
            0.05977615341544151,
            -0.02137884870171547
        ],
        [
            0.03734520822763443,
            0.04987145960330963,
            -0.015834281221032143
        ],
        [
            0.0781039372086525,
            0.05597705394029617,
            -0.02712123468518257
        ],
        [
            0.0743914246559143,
            0.06494760513305664,
            -0.030842503532767296
        ],
        [
            0.07803335785865784,
            0.06609395146369934,
            -0.029509155079722404
        ],
        [
            0.054907578974962234,
            0.05926573649048805,
            -0.04009948670864105
        ],
        [
            0.05008350685238838,
            0.0647105723619461,
            -0.042371004819869995
        ],
        [
            0.05431823804974556,
            0.06507235765457153,
            -0.039934705942869186
        ],
        [
            0.05952616035938263,
            0.060267843306064606,
            -0.037386905401945114
        ],
        [
            0.11058775335550308,
            0.0527234710752964,
            0.00500442273914814
        ],
        [
            0.11719058454036713,
            0.05077974125742912,
            -0.004394564777612686
        ],
        [
            0.03051505982875824,
            0.08250433951616287,
            -0.06673840433359146
        ],
        [
            0.02952154353260994,
            0.07971914112567902,
            -0.06372454017400742
        ],
        [
            0.08271060138940811,
            0.04645518213510513,
            -0.02300570160150528
        ],
        [
            0.04470233991742134,
            0.03822055086493492,
            -0.010370204225182533
        ],
        [
            0.08844348788261414,
            0.0371517688035965,
            -0.020116489380598068
        ],
        [
            0.08032543957233429,
            0.08272003382444382,
            -0.013010064139962196
        ],
        [
            0.08703303337097168,
            0.0823076069355011,
            -0.02045450173318386
        ],
        [
            0.0848473384976387,
            0.08559901267290115,
            -0.022221876308321953
        ],
        [
            0.07981545478105545,
            0.08788345009088516,
            -0.018194492906332016
        ],
        [
            0.04338327795267105,
            0.0853734165430069,
            -0.05090554803609848
        ],
        [
            0.043752867728471756,
            0.08195269107818604,
            -0.055489346385002136
        ],
        [
            0.0432211235165596,
            0.0846153050661087,
            -0.05793329328298569
        ],
        [
            0.04266823083162308,
            0.0887417197227478,
            -0.05388128012418747
        ],
        [
            0.042951133102178574,
            0.05989156290888786,
            -0.047243546694517136
        ],
        [
            0.03790159523487091,
            0.05577763915061951,
            -0.04758014157414436
        ],
        [
            0.037511903792619705,
            0.061737917363643646,
            -0.05043269693851471
        ],
        [
            0.042076464742422104,
            0.06480225175619125,
            -0.048365939408540726
        ],
        [
            0.031908441334962845,
            0.05654139071702957,
            -0.0455990806221962
        ],
        [
            0.031345099210739136,
            0.06182825192809105,
            -0.049221981316804886
        ],
        [
            0.03910646215081215,
            0.08833684772253036,
            -0.047148652374744415
        ],
        [
            0.031724777072668076,
            0.08904413133859634,
            -0.04629670828580856
        ],
        [
            0.034402281045913696,
            0.07784879207611084,
            -0.035651836544275284
        ],
        [
            0.04120120406150818,
            0.07833652198314667,
            -0.0394454263150692
        ],
        [
            0.08515319973230362,
            0.03950906917452812,
            0.014140937477350235
        ],
        [
            0.09591269493103027,
            0.04203430563211441,
            0.01484314352273941
        ],
        [
            0.09200534224510193,
            0.05483757704496384,
            0.007588403299450874
        ],
        [
            0.08813787996768951,
            0.06822313368320465,
            0.0013545379042625427
        ],
        [
            0.08382318913936615,
            0.0797523558139801,
            -0.005914192646741867
        ],
        [
            0.07170116901397705,
            0.0774468183517456,
            -0.005106005817651749
        ],
        [
            0.10014434903860092,
            0.05507664754986763,
            0.008174024522304535
        ],
        [
            0.0452583022415638,
            0.07372361421585083,
            -0.035525355488061905
        ],
        [
            0.0373489111661911,
            0.07039932161569595,
            -0.029242098331451416
        ],
        [
            0.042877182364463806,
            0.07293522357940674,
            -0.02934715524315834
        ],
        [
            0.09544965624809265,
            0.03959890827536583,
            -0.020077869296073914
        ],
        [
            0.028628995642066002,
            0.07626855373382568,
            -0.060171790421009064
        ],
        [
            0.07115597277879715,
            -0.0018653646111488342,
            0.018660731613636017
        ],
        [
            0.07849709689617157,
            0.006594926118850708,
            0.025356661528348923
        ],
        [
            0.07397861033678055,
            0.011750400066375732,
            0.01990509033203125
        ],
        [
            0.06646187603473663,
            0.0021650269627571106,
            0.011877793818712234
        ],
        [
            0.04025222361087799,
            0.077804796397686,
            -0.059617381542921066
        ],
        [
            0.034727003425359726,
            0.07536718994379044,
            -0.06149961054325104
        ],
        [
            0.08709695935249329,
            0.07491998374462128,
            -0.029285909608006477
        ],
        [
            0.08438520133495331,
            0.08071725815534592,
            -0.030639586970210075
        ],
        [
            0.08685308694839478,
            0.0834331065416336,
            -0.027635056525468826
        ],
        [
            0.09169363230466843,
            0.07852472364902496,
            -0.02902599424123764
        ],
        [
            0.10182899236679077,
            0.04176380857825279,
            0.015035571530461311
        ],
        [
            0.10594657063484192,
            0.08090895414352417,
            -0.012816907837986946
        ],
        [
            0.09560857713222504,
            0.0841829925775528,
            -0.008468741551041603
        ],
        [
            0.0988660678267479,
            0.030909325927495956,
            0.02116858959197998
        ],
        [
            0.0893767774105072,
            0.028862204402685165,
            0.021258797496557236
        ],
        [
            0.0929558128118515,
            0.021480880677700043,
            0.02654305100440979
        ],
        [
            0.059191860258579254,
            0.07800624519586563,
            -0.013996521010994911
        ],
        [
            0.07687133550643921,
            0.038951560854911804,
            0.011845029890537262
        ],
        [
            0.08221104741096497,
            0.027556248009204865,
            0.019070323556661606
        ],
        [
            0.08617265522480011,
            0.018677547574043274,
            0.025272183120250702
        ],
        [
            0.08935955911874771,
            0.012867838144302368,
            0.03039630502462387
        ],
        [
            0.09654872119426727,
            0.016466371715068817,
            0.03112053871154785
        ],
        [
            0.026993416249752045,
            0.08680692315101624,
            -0.049198027700185776
        ],
        [
            0.03185993432998657,
            0.09327343106269836,
            -0.05083410441875458
        ],
        [
            0.1002955213189125,
            0.011519774794578552,
            0.0377902090549469
        ],
        [
            0.09225728362798691,
            0.007352195680141449,
            0.03611798956990242
        ],
        [
            0.07412337511777878,
            0.024713415652513504,
            0.015918266028165817
        ],
        [
            0.06535554677248001,
            0.020455505698919296,
            0.011163856834173203
        ],
        [
            0.06941178441047668,
            0.035793885588645935,
            0.008870627731084824
        ],
        [
            0.05998475104570389,
            0.03261347860097885,
            0.003687717020511627
        ],
        [
            0.04976053908467293,
            0.07300125807523727,
            -0.011393329128623009
        ],
        [
            0.03856280818581581,
            0.10337691009044647,
            -0.06447066366672516
        ],
        [
            0.037634365260601044,
            0.09686271846294403,
            -0.055407531559467316
        ],
        [
            0.041875679045915604,
            0.09318652004003525,
            -0.05693068355321884
        ],
        [
            0.04239616170525551,
            0.10137856006622314,
            -0.06412282586097717
        ],
        [
            0.03870391473174095,
            0.09201668202877045,
            -0.051069971174001694
        ],
        [
            0.032016776502132416,
            0.09676508605480194,
            -0.055633604526519775
        ],
        [
            0.05136656388640404,
            0.02512482926249504,
            -0.004276055842638016
        ],
        [
            0.05072841793298721,
            0.07101163268089294,
            -0.04165332391858101
        ],
        [
            0.05785195529460907,
            0.009627453982830048,
            0.0007898695766925812
        ],
        [
            0.0406159907579422,
            0.019940737634897232,
            -0.0156604815274477
        ],
        [
            0.04656257852911949,
            0.007812507450580597,
            -0.013848388567566872
        ],
        [
            0.06361289322376251,
            -0.006764516234397888,
            0.003334466367959976
        ],
        [
            0.05503266304731369,
            -0.005306541919708252,
            -0.009533576667308807
        ],
        [
            0.07230709493160248,
            -0.013959646224975586,
            0.0158705972135067
        ],
        [
            0.06824138760566711,
            -0.009111344814300537,
            0.010299943387508392
        ],
        [
            0.04677993059158325,
            -0.003151156008243561,
