{
    "pred_cam": [
        9.895538330078125,
        0.07519092410802841,
        -0.0475282147526741
    ],
    "pred_mano_params": {
        "global_orient": [
            [
                [
                    0.5164732336997986,
                    -0.3764621913433075,
                    -0.7691109776496887
                ],
                [
                    -0.8059320449829102,
                    0.08980529755353928,
                    -0.5851569771766663
                ],
                [
                    0.2893596887588501,
                    0.9220690131187439,
                    -0.25702089071273804
                ]
            ]
        ],
        "hand_pose": [
            [
                [
                    0.8990618586540222,
                    -0.39355090260505676,
                    -0.19184735417366028
                ],
                [
                    0.36457502841949463,
                    0.9155833125114441,
                    -0.16968263685703278
                ],
                [
                    0.24243101477622986,
                    0.08261243999004364,
                    0.9666448831558228
                ]
            ],
            [
                [
                    0.8723317384719849,
                    -0.4882633090019226,
                    0.025223737582564354
                ],
                [
                    0.4807640314102173,
                    0.847266435623169,
                    -0.2258441150188446
                ],
                [
                    0.08890017122030258,
                    0.2091376632452011,
                    0.9738368391990662
                ]
            ],
            [
                [
                    0.8268337845802307,
                    -0.5621898174285889,
                    0.01698543317615986
                ],
                [
                    0.5624288320541382,
                    0.8266693949699402,
                    -0.017076190561056137
                ],
                [
                    -0.0044412761926651,
                    0.02367226779460907,
                    0.999709963798523
                ]
            ],
            [
                [
                    0.7512711882591248,
                    -0.6072052121162415,
                    -0.2586376368999481
                ],
                [
                    0.5562812685966492,
                    0.7934525012969971,
                    -0.24694980680942535
                ],
                [
                    0.355165958404541,
                    0.04165097698569298,
                    0.9338749051094055
                ]
            ],
            [
                [
                    0.6884528398513794,
                    -0.6976526975631714,
                    -0.19827605783939362
                ],
                [
                    0.7252808809280396,
                    0.6620190143585205,
                    0.18894048035144806
                ],
                [
                    -0.0005523303989320993,
                    -0.2738824486732483,
                    0.9617630243301392
                ]
            ],
            [
                [
                    0.7145265340805054,
                    -0.6992313265800476,
                    0.02296457625925541
                ],
                [
                    0.6982588768005371,
                    0.7148017883300781,
                    0.038638681173324585
                ],
                [
                    -0.04343249648809433,
                    -0.011573144234716892,
                    0.9989893436431885
                ]
            ],
            [
                [
                    0.15645171701908112,
                    -0.9659446477890015,
                    -0.20609135925769806
                ],
                [
                    0.8917478919029236,
                    0.04843781888484955,
                    0.44993266463279724
                ],
                [
                    -0.42462748289108276,
                    -0.25417429208755493,
                    0.8689572811126709
                ]
            ],
            [
                [
                    0.8810036778450012,
                    -0.45892518758773804,
                    -0.11497907340526581
                ],
                [
                    0.4731080234050751,
                    0.8551691174507141,
                    0.21178887784481049
                ],
                [
                    0.0011313174618408084,
                    -0.24098430573940277,
                    0.9705283045768738
                ]
            ],
            [
                [
                    0.9914016127586365,
                    -0.11617900431156158,
                    0.06021049618721008
                ],
                [
                    0.07873066514730453,
                    0.8971266746520996,
                    0.43470126390457153
                ],
                [
                    -0.10451960563659668,
                    -0.42622309923171997,
                    0.8985596895217896
                ]
            ],
            [
                [
                    0.6492226123809814,
                    -0.7282991409301758,
                    -0.21929523348808289
                ],
                [
                    0.6689553260803223,
                    0.6839556694030762,
                    -0.29103854298591614
                ],
                [
                    0.3619513213634491,
                    0.04225008562207222,
                    0.9312390685081482
                ]
            ],
            [
                [
                    0.7344661355018616,
                    -0.6632823348045349,
                    -0.14358296990394592
                ],
                [
                    0.6568478941917419,
                    0.6415916681289673,
                    0.3961199223995209
                ],
                [
                    -0.1706177145242691,
                    -0.3852488100528717,
                    0.9069029688835144
                ]
            ],
            [
                [
                    0.6468077898025513,
                    -0.7625817060470581,
                    -0.010431022383272648
                ],
                [
                    0.7408396601676941,
                    0.6250013709068298,
                    0.24602821469306946
                ],
                [
                    -0.18109720945358276,
                    -0.1668606996536255,
                    0.9692065119743347
                ]
            ],
            [
                [
                    0.9241398572921753,
                    0.3576662540435791,
                    -0.13431422412395477
                ],
                [
                    -0.3785800337791443,
                    0.8099780082702637,
                    -0.44789811968803406
                ],
                [
                    -0.05140647664666176,
                    0.4647692143917084,
                    0.8839382529258728
                ]
            ],
            [
                [
                    0.9487414360046387,
                    -0.26739630103111267,
                    -0.1684899479150772
                ],
                [
                    0.31481850147247314,
                    0.8466227650642395,
                    0.42909109592437744
                ],
                [
                    0.02791004814207554,
                    -0.46014025807380676,
                    0.8874074220657349
                ]
            ],
            [
                [
                    0.9962510466575623,
                    -0.08167438954114914,
                    -0.028515078127384186
                ],
                [
                    0.067157082259655,
                    0.9379487633705139,
                    -0.3402089774608612
                ],
                [
                    0.054532043635845184,
                    0.33701857924461365,
                    0.9399174451828003
                ]
            ]
        ],
        "betas": [
            0.1302950233221054,
            -0.07784414291381836,
            0.044895023107528687,
            0.04626747965812683,
            0.09480756521224976,
            0.0034482665359973907,
            0.023045331239700317,
            0.04857061803340912,
            -0.04328516125679016,
            -0.04106608033180237
        ]
    },
    "pred_cam_t": [
        -0.07519092410802841,
        -0.0475282147526741,
        3.947486162185669
    ],
    "focal_length": [
        5000.0,
        5000.0
    ],
    "pred_keypoints_3d": [
        [
            0.09512504935264587,
            0.0063490974716842175,
            0.006146363448351622
        ],
        [
            0.06874954700469971,
            0.00924403965473175,
            -0.021510513499379158
        ],
        [
            0.04178542643785477,
            0.01292590145021677,
            -0.03550807386636734
        ],
        [
            0.021302804350852966,
            0.02535884827375412,
            -0.047821588814258575
        ],
        [
            -0.0036633946001529694,
            0.03886955976486206,
            -0.06876201927661896
        ],
        [
            0.03614535927772522,
            0.06448240578174591,
            -0.0292813740670681
        ],
        [
            0.02745252102613449,
            0.09201768785715103,
            -0.044801611453294754
        ],
        [
            0.03378992900252342,
            0.10439420491456985,
            -0.0619066022336483
        ],
        [
            0.04902816563844681,
            0.10893765091896057,
            -0.08113130182027817
        ],
        [
            0.04970791935920715,
            0.08401831984519958,
            -0.021649766713380814
        ],
        [
            0.05564481019973755,
            0.11064387857913971,
            -0.037416696548461914
        ],
        [
            0.07120630145072937,
            0.11286944895982742,
            -0.05437617003917694
        ],
        [
            0.08633756637573242,
            0.10080787539482117,
            -0.070412278175354
        ],
        [
            0.07496393471956253,
            0.08703874796628952,
            -0.014234943315386772
        ],
        [
            0.08266931027173996,
            0.10928638279438019,
            -0.030532652512192726
        ],
        [
            0.10011802613735199,
            0.10817696154117584,
            -0.04783050715923309
        ],
        [
            0.1115465834736824,
            0.091640904545784,
            -0.06223829835653305
        ],
        [
            0.096434086561203,
            0.08577249199151993,
            -0.011729231104254723
        ],
        [
            0.10692483186721802,
            0.08621011674404144,
            -0.02988559566438198
        ],
        [
            0.11859981715679169,
            0.07715098559856415,
            -0.04154236614704132
        ],
        [
            0.1285140961408615,
            0.06283018738031387,
            -0.05328439176082611
        ]
    ],
    "pred_vertices": [
        [
            0.0629870742559433,
            0.035102955996990204,
            -0.02761784940958023
        ],
        [
            0.06886143982410431,
            0.027125298976898193,
            -0.026685623452067375
        ],
        [
            0.05916596204042435,
            0.028018414974212646,
            -0.0330595038831234
        ],
        [
            0.05463030934333801,
            0.035033345222473145,
            -0.03334752097725868
        ],
        [
            0.06963475048542023,
            0.011205077171325684,
            -0.03922481834888458
        ],
        [
            0.0675620287656784,
            -0.0007253922522068024,
            -0.03874261677265167
        ],
        [
            0.05286185443401337,
            0.005938183516263962,
            -0.0453561395406723
        ],
        [
            0.05652523785829544,
            0.015033610165119171,
            -0.04571140557527542
        ],
        [
            0.04583842307329178,
            0.03492305427789688,
            -0.035609032958745956
        ],
        [
            0.05124804377555847,
            0.02884652465581894,
            -0.037623241543769836
        ],
        [
            0.03985058516263962,
            0.03253577649593353,
            -0.03191718831658363
        ],
        [
            0.03430165350437164,
            0.03942250460386276,
            -0.027071300894021988
        ],
        [
            0.04031660035252571,
            0.04105585813522339,
            -0.032753847539424896
        ],
        [
            0.030833469703793526,
            0.046646155416965485,
            -0.02608323097229004
        ],
        [
            0.034252483397722244,
            0.03416106849908829,
            -0.016938919201493263
        ],
        [
            0.030625661835074425,
            0.04904467985033989,
            -0.016918599605560303
        ],
        [
            0.05223556607961655,
            0.044605862349271774,
            0.0018084309995174408
        ],
        [
            0.06350961327552795,
            0.04952682554721832,
            0.006571479141712189
        ],
        [
            0.05639993026852608,
            0.0642831027507782,
            0.0014785248786211014
        ],
        [
            0.04593826085329056,
            0.05771801993250847,
            -0.0038283560425043106
        ],
        [
            0.0763975977897644,
            0.06611040234565735,
            0.0060113947838544846
        ],
        [
            0.0649760290980339,
            0.06585516035556793,
            0.0032553207129240036
        ],
        [
            0.07173188775777817,
            0.051199059933423996,
            0.009476454928517342
        ],
        [
            0.08170486986637115,
            0.051964450627565384,
            0.011255992576479912
        ],
        [
            0.07722413539886475,
            0.03650965541601181,
            -0.019557667896151543
        ],
        [
            0.08388853073120117,
            0.02834034338593483,
            -0.017534052953124046
        ],
        [
            0.07850032299757004,
            0.02768973633646965,
            -0.019901754334568977
        ],
        [
            0.07232462614774704,
            0.035262368619441986,
            -0.02180488593876362
        ],
        [
            0.03292269632220268,
            0.022426340728998184,
            -0.029989633709192276
        ],
        [
            0.036162957549095154,
            0.019197460263967514,
            -0.023006092756986618
        ],
        [
            0.036377161741256714,
            0.027093833312392235,
            -0.0256505087018013
        ],
        [
            0.035074383020401,
            0.026360463351011276,
            -0.0334649384021759
        ],
        [
            0.10681672394275665,
            0.011409230530261993,
            -0.014353344216942787
        ],
        [
            0.10888213664293289,
            0.0010441243648529053,
            -0.006121758371591568
        ],
        [
            0.10392123460769653,
            -0.0016990900039672852,
            -0.00743548758327961
        ],
        [
            0.10299868881702423,
            0.008647412061691284,
            -0.014373921789228916
        ],
        [
            0.08488555997610092,
            -0.007976055145263672,
            -0.021698961034417152
        ],
        [
            0.08917059004306793,
            -0.011386319994926453,
            -0.011504992842674255
        ],
        [
            0.08084303885698318,
            -0.02002566307783127,
            -0.0038453545421361923
        ],
        [
            0.07458367943763733,
            -0.015883639454841614,
            -0.010814281180500984
        ],
        [
            0.07705631852149963,
            -0.004535794258117676,
            -0.03150113299489021
        ],
        [
            0.06951005011796951,
            -0.013001009821891785,
            -0.023046640679240227
        ],
        [
            0.061510976403951645,
            -0.007986549288034439,
            -0.032170701771974564
        ],
        [
            0.04821346327662468,
            -9.295716881752014e-05,
            -0.03977961465716362
        ],
        [
            0.1185692548751831,
            0.007331065833568573,
            -0.0006981827318668365
        ],
        [
            0.11871445178985596,
            0.015651263296604156,
            -0.006422659382224083
        ],
        [
            0.030664093792438507,
            0.0869872123003006,
            -0.05558178946375847
        ],
        [
            0.035763587802648544,
            0.0894167572259903,
            -0.05371289700269699
        ],
        [
            0.035727519541978836,
            0.08568136394023895,
            -0.05178409442305565
        ],
        [
            0.030537165701389313,
            0.08405588567256927,
            -0.05362151563167572
        ],
        [
            0.11945407092571259,
            0.021314576268196106,
            0.013757452368736267
        ],
        [
            0.11429502069950104,
            0.02277599275112152,
            0.022190622985363007
        ],
        [
            0.11855366826057434,
            0.016988717019557953,
            0.02332940138876438
        ],
        [
            0.12199918180704117,
            0.014342308044433594,
            0.015045758336782455
        ],
        [
            0.11604934930801392,
            0.030489377677440643,
            0.011993007734417915
        ],
        [
            0.10821866989135742,
            0.030510202050209045,
            0.019928865134716034
        ],
        [
            0.02096668817102909,
            0.09390457719564438,
            -0.0511937290430069
        ],
        [
            0.022459805011749268,
            0.09029213339090347,
            -0.054568298161029816
        ],
        [
            0.021351933479309082,
            0.0873849093914032,
            -0.05050086975097656
        ],
        [
            0.02048083208501339,
            0.09058058261871338,
            -0.046232670545578
        ],
        [
            0.04874611645936966,
            0.04183817654848099,
            -0.03398239612579346
        ],
        [
            0.05789484828710556,
            0.04266113042831421,
            -0.030717743560671806
        ],
        [
            0.04215342178940773,
            0.05804062634706497,
            -0.03754718601703644
        ],
        [
            0.048724278807640076,
            0.052474699914455414,
            -0.03378617763519287
        ],
        [
            0.04270423203706741,
            0.04834761470556259,
            -0.03456004336476326
        ],
        [
            0.037344541400671005,
            0.053655337542295456,
            -0.03658697381615639
        ],
        [
            0.06957224011421204,
            0.05737739056348801,
            -0.0238092802464962
        ],
        [
            0.07451112568378448,
            0.04734311252832413,
            -0.02064885012805462
        ],
        [
            0.06851106137037277,
            0.046369221061468124,
            -0.023148108273744583
        ],
        [
            0.06203305721282959,
            0.05651572346687317,
            -0.02785765379667282
        ],
        [
            0.08785157650709152,
            0.05118369683623314,
            -0.018338462337851524
        ],
        [
            0.08169341087341309,
            0.0607389435172081,
            -0.021077340468764305
        ],
        [
            0.0899621993303299,
            0.06157631799578667,
            -0.019282832741737366
        ],
        [
            0.09326380491256714,
            0.0546102300286293,
            -0.018657732754945755
        ],
        [
            0.06817852705717087,
            0.07559195160865784,
            -0.026224398985505104
        ],
        [
            0.06492050737142563,
            0.08141645789146423,
            -0.026577619835734367
        ],
        [
            0.0693044513463974,
            0.08426617830991745,
            -0.027959264814853668
        ],
        [
            0.07165218144655228,
            0.07636694610118866,
            -0.025476794689893723
        ],
        [
            0.12201180309057236,
            0.011116378009319305,
            0.025308839976787567
        ],
        [
            0.12354323267936707,
            0.007350794970989227,
            0.01640506274998188
        ],
        [
            0.09822842478752136,
            0.06861059367656708,
            0.007353087887167931
        ],
        [
            0.10775088518857956,
            0.06453242897987366,
            0.0035067591816186905
        ],
        [
            0.1053205281496048,
            0.07668900489807129,
            -0.0006226832047104836
        ],
        [
            0.0951613113284111,
            0.07893688976764679,
            0.005414161831140518
        ],
        [
            0.10503643751144409,
            0.02227083593606949,
            0.026577716693282127
        ],
        [
            0.11063353717327118,
            0.017531394958496094,
            0.029342196881771088
        ],
        [
            0.02305920422077179,
            0.09812141954898834,
            -0.04706638678908348
        ],
        [
            0.023190122097730637,
            0.09453567117452621,
            -0.04238829389214516
        ],
        [
            0.05685592442750931,
            -0.009132273495197296,
            -0.019920196384191513
        ],
        [
            0.04415182024240494,
            -0.0014361143112182617,
            -0.0316859669983387
        ],
        [
            0.06539418548345566,
            -0.01300811767578125,
            -0.00878041610121727
        ],
        [
            0.07080462574958801,
            -0.015172787010669708,
            5.8162957429885864e-05
        ],
        [
            0.07455870509147644,
            -0.019837841391563416,
            0.00629941001534462
        ],
        [
            0.0519489087164402,
            0.05845750868320465,
            -0.03331471234560013
        ],
        [
            0.06565570086240768,
            0.0416371151804924,
            -0.0254582017660141
        ],
        [
            0.08188813924789429,
            0.03783469274640083,
            -0.01814357563853264
        ],
        [
            0.10983414947986603,
            0.05012829229235649,
            -0.015765123069286346
        ],
        [
            0.11404898762702942,
            0.040964748710393906,
            -0.01380649022758007
        ],
        [
            0.10430027544498444,
            0.04011921584606171,
            -0.01805243268609047
        ],
        [
            0.10240188241004944,
            0.048448123037815094,
            -0.018321601673960686
        ],
        [
            0.11272391676902771,
            0.0628993809223175,
            -0.005052532069385052
        ],
        [
            0.11043030023574829,
            0.061196766793727875,
            -0.01254519633948803
        ],
        [
            0.10732113569974899,
            0.06803631782531738,
            -0.013735302723944187
        ],
        [
            0.109440878033638,
            0.07202038168907166,
            -0.007171143777668476
        ],
        [
            0.029747281223535538,
            0.015461176633834839,
            -0.029613234102725983
        ],
        [
            0.036486439406871796,
            0.011423461139202118,
            -0.022021599113941193
        ],
        [
            0.12148024886846542,
            0.018187537789344788,
            0.003912946209311485
        ],
        [
            0.12163551151752472,
            0.010638892650604248,
            0.005655229091644287
        ],
        [
            0.12292482703924179,
            0.0033659562468528748,
            0.009800922125577927
        ],
        [
            0.09486619383096695,
            0.019213736057281494,
            -0.01721828803420067
        ],
        [
            0.10042516887187958,
            0.0066646188497543335,
            -0.014706448651850224
        ],
        [
            0.09661231189966202,
            0.005243271589279175,
            -0.017248788848519325
        ],
        [
            0.09181319177150726,
            0.01866670325398445,
            -0.01772354170680046
        ],
        [
            0.0763435810804367,
            0.019519060850143433,
            -0.029194127768278122
        ],
        [
            0.08267161250114441,
            0.007478650659322739,
            -0.030286027118563652
        ],
        [
            0.06518831849098206,
            0.022377580404281616,
            -0.036565203219652176
        ],
        [
            0.09796815365552902,
            -0.00692402571439743,
            -0.008823739364743233
        ],
        [
            0.10669689625501633,
            -0.010625787079334259,
            -0.003141392022371292
        ],
        [
            0.09918606281280518,
            -0.0151996910572052,
            -0.004063360393047333
        ],
        [
            0.11432484537363052,
            -0.0056364163756370544,
            0.0003746338188648224
        ],
        [
            0.12033611536026001,
            -0.000701315701007843,
            0.004690131172537804
        ],
        [
            0.11483292281627655,
            0.01239466667175293,
            0.03468800336122513
        ],
        [
            0.09136556088924408,
            -0.018251903355121613,
            -0.0036345645785331726
        ],
        [
            0.04714299738407135,
            0.01716158539056778,
            -0.04811187833547592
        ],
        [
            0.039200324565172195,
            0.01899007335305214,
            -0.049471478909254074
        ],
        [
            0.040220968425273895,
            0.025141660124063492,
            -0.04532851278781891
        ],
        [
            0.047276802361011505,
            0.02409430965781212,
            -0.0436532199382782
        ],
        [
            0.02698557637631893,
            0.055443644523620605,
            -0.02739120088517666
        ],
        [
            0.03139600157737732,
            0.05371645838022232,
            -0.03398283198475838
        ],
        [
            0.03558759391307831,
            0.04531240090727806,
            -0.03203948587179184
        ],
        [
            0.1071719154715538,
            0.02268916368484497,
            -0.01641514152288437
        ],
        [
            0.11738293617963791,
            0.025790616869926453,
            -0.009780279360711575
        ],
        [
            0.044951241463422775,
            0.06411679089069366,
            -0.03650909662246704
        ],
        [
            0.020422283560037613,
            0.08737775683403015,
            -0.04189565032720566
        ],
        [
            0.021033070981502533,
            0.08365310728549957,
            -0.04652497172355652
        ],
        [
            0.023878583684563637,
            0.06910310685634613,
            -0.0362444743514061
        ],
        [
            0.022862670943140984,
            0.07360434532165527,
            -0.03123689815402031
        ],
        [
            0.04300375655293465,
            0.07485045492649078,
            -0.03356797620654106
        ],
        [
            0.043127380311489105,
            0.06892887502908707,
            -0.03700696676969528
        ],
        [
            0.04228232800960541,
            0.07179216295480728,
            -0.036838795989751816
        ],
        [
            0.04326767846941948,
            0.07770197838544846,
            -0.03433013707399368
        ],
        [
            0.07790286093950272,
            0.08271081745624542,
            -0.025453368201851845
        ],
        [
            0.07980421930551529,
            0.07571227848529816,
            -0.023692985996603966
        ],
        [
            0.04157387465238571,
            0.07081984728574753,
            -0.012605365365743637
        ],
        [
            0.03096536546945572,
            0.06244856119155884,
            -0.01243070513010025
        ],
        [
            0.03665287792682648,
            0.052066005766391754,
            -0.008107762783765793
        ],
        [
            0.07658471912145615,
            0.05865771323442459,
            -0.02173086814582348
        ],
        [
            0.07278294116258621,
            0.06792841851711273,
            -0.02443748340010643
        ],
        [
            0.07653025537729263,
            0.06892498582601547,
            -0.0232702624052763
        ],
        [
            0.052645716816186905,
            0.06324698030948639,
            -0.03276502341032028
        ],
        [
            0.04772694781422615,
            0.0689353346824646,
            -0.0343412347137928
        ],
        [
            0.05215787515044212,
            0.06898707151412964,
            -0.03207553178071976
        ],
        [
            0.057438693940639496,
            0.06394597142934799,
            -0.03029230795800686
        ],
        [
            0.11111006140708923,
            0.05247616022825241,
            0.007677525281906128
        ],
        [
            0.11701378971338272,
            0.05123535916209221,
            -0.002283436246216297
        ],
        [
            0.025942184031009674,
            0.08757302165031433,
            -0.056012801826000214
        ],
        [
            0.025199098512530327,
            0.08467645943164825,
            -0.053112223744392395
        ],
        [
            0.08129887282848358,
            0.048796191811561584,
            -0.01873563416302204
        ],
        [
            0.04414070397615433,
            0.03992411866784096,
            -0.004138084128499031
        ],
        [
            0.08705445379018784,
            0.03924177959561348,
            -0.01702865958213806
        ],
        [
            0.08018612861633301,
            0.08408364653587341,
            -0.005688758566975594
        ],
        [
            0.086420439183712,
            0.08420657366514206,
            -0.01361002866178751
        ],
        [
            0.08406174927949905,
            0.08788175880908966,
            -0.01488107442855835
        ],
        [
            0.07925612479448318,
            0.08979744464159012,
            -0.010316692292690277
        ],
        [
            0.04005797207355499,
            0.08984492719173431,
            -0.04127540439367294
        ],
        [
            0.04000414162874222,
            0.08666343241930008,
            -0.04605001583695412
        ],
        [
            0.03931497782468796,
            0.08928091078996658,
            -0.04821082577109337
        ],
        [
            0.039134617894887924,
            0.09322179108858109,
            -0.04392804950475693
        ],
        [
            0.040009379386901855,
            0.0644175261259079,
            -0.03902716189622879
        ],
        [
            0.03494445979595184,
            0.06033343821763992,
            -0.03918614238500595
        ],
        [
            0.03424126282334328,
            0.06633298099040985,
            -0.041601426899433136
        ],
        [
            0.03898167982697487,
            0.06930608302354813,
            -0.03979917988181114
        ],
        [
            0.029100261628627777,
            0.06090506166219711,
            -0.036633867770433426
        ],
        [
            0.028193773701786995,
            0.06628602743148804,
            -0.03981552645564079
        ],
        [
            0.0361490398645401,
            0.09259776771068573,
            -0.03700922057032585
        ],
        [
            0.028869107365608215,
            0.09322625398635864,
            -0.035498932003974915
        ],
        [
            0.032512765377759933,
            0.08155796676874161,
            -0.025733284652233124
        ],
        [
            0.03892810270190239,
            0.08230792731046677,
            -0.03009818308055401
        ],
        [
            0.08617538213729858,
            0.03882377967238426,
            0.01747070625424385
        ],
        [
            0.0969899445772171,
            0.041176166385412216,
            0.017619285732507706
        ],
        [
            0.09280036389827728,
            0.054568756371736526,
            0.011730797588825226
        ],
        [
            0.08872982859611511,
            0.06844769418239594,
            0.0068821776658296585
        ],
        [
            0.0841144323348999,
            0.08055254071950912,
            0.0008631050586700439
        ],
        [
            0.07204880565404892,
            0.0782044529914856,
            0.0023255906999111176
        ],
        [
            0.10096028447151184,
            0.05467600002884865,
            0.011757362633943558
        ],
        [
            0.04364359751343727,
            0.07729937136173248,
            -0.026474356651306152
        ],
        [
            0.03605939447879791,
            0.07366981357336044,
            -0.019944580271840096
        ],
        [
            0.04163385555148125,
            0.07606250047683716,
            -0.020226625725626945
        ],
        [
            0.0940813273191452,
            0.04160493612289429,
            -0.01728377304971218
        ],
        [
            0.02453695982694626,
            0.0811004787683487,
            -0.049661412835121155
        ],
        [
            0.07185018062591553,
            -0.0026506781578063965,
            0.01959843933582306
        ],
        [
            0.07978884875774384,
            0.005174875259399414,
            0.026444200426340103
        ],
        [
            0.074970543384552,
            0.01079270988702774,
            0.021750325337052345
        ],
        [
            0.06673404574394226,
            0.0019325017929077148,
            0.01348220743238926
        ],
        [
            0.03613777086138725,
            0.0827220231294632,
            -0.05007001757621765
        ],
        [
            0.030485179275274277,
            0.08031424880027771,
            -0.05155736953020096
        ],
        [
            0.08581008017063141,
            0.07764281332492828,
            -0.022965293377637863
        ],
        [
            0.08310756832361221,
            0.08376168459653854,
            -0.023621775209903717
        ],
        [
            0.08574417978525162,
            0.08628696948289871,
            -0.020589960739016533
        ],
        [
            0.09051220864057541,
            0.0812021791934967,
            -0.022726960480213165
        ],
        [
            0.10289447009563446,
            0.040829747915267944,
            0.01736537367105484
        ],
        [
            0.10566917806863785,
            0.08200391381978989,
            -0.007390128448605537
        ],
        [
            0.09571696817874908,
            0.08506505936384201,
            -0.0021923519670963287
        ],
        [
            0.10019272565841675,
            0.029542580246925354,
            0.022789306938648224
        ],
        [
            0.09070774912834167,
            0.02759326994419098,
            0.02338659018278122
        ],
        [
            0.09452406316995621,
            0.019773133099079132,
            0.02779959887266159
        ],
        [
            0.0589437410235405,
            0.07965879142284393,
            -0.005563355982303619
        ],
        [
            0.07775044441223145,
            0.03853854164481163,
            0.015726326033473015
        ],
        [
            0.08339034020900726,
            0.026540949940681458,
            0.02161167934536934
        ],
        [
            0.08763131499290466,
            0.017149217426776886,
            0.026784788817167282
        ],
        [
            0.09107229858636856,
            0.010910585522651672,
            0.03119847923517227
        ],
        [
            0.09835027158260345,
            0.014363951981067657,
            0.03169768676161766
        ],
        [
            0.023878473788499832,
            0.09108379483222961,
            -0.03806762024760246
        ],
        [
            0.028637830168008804,
            0.09762400388717651,
            -0.03978073596954346
        ],
        [
            0.10247638821601868,
            0.00884709507226944,
            0.03766166791319847
        ],
        [
            0.0942782610654831,
            0.004911012947559357,
            0.03623414784669876
        ],
        [
            0.07506004720926285,
            0.024042226374149323,
            0.01881595328450203
        ],
        [
            0.06589432060718536,
            0.02023874968290329,
            0.014365144073963165
        ],
        [
            0.07005444914102554,
            0.03570361062884331,
            0.013032713904976845
        ],
        [
            0.06023680418729782,
            0.033036600798368454,
            0.00829322636127472
        ],
        [
            0.049627635627985,
            0.0746372863650322,
            -0.002752283588051796
        ],
        [
            0.03436913341283798,
            0.10828910768032074,
            -0.05345269665122032
        ],
        [
            0.034038279205560684,
            0.10143046081066132,
            -0.044632863253355026
        ],
        [
            0.038112640380859375,
            0.09778682887554169,
            -0.04661412909626961
        ],
        [
            0.038188569247722626,
            0.10623322427272797,
            -0.053417857736349106
        ],
        [
            0.035452794283628464,
            0.09636516124010086,
            -0.04065496474504471
        ],
        [
            0.028436627238988876,
            0.10134977847337723,
            -0.04442610219120979
        ],
        [
            0.05096355080604553,
            0.026284117251634598,
            0.00036451779305934906
        ],
        [
            0.04860355705022812,
            0.07503918558359146,
            -0.03310304507613182
        ],
        [
            0.05746952444314957,
            0.010309241712093353,
            0.0036231931298971176
        ],
        [
            0.039349496364593506,
            0.022310495376586914,
            -0.010655190795660019
        ],
        [
            0.04514263570308685,
            0.009986188262701035,
            -0.010355079546570778
        ],
        [
            0.06310071051120758,
            -0.006267212331295013,
            0.004306929185986519
        ],
        [
            0.0536174550652504,
            -0.0035915300250053406,
            -0.00792146846652031
        ],
        [
            0.07260333001613617,
            -0.014469794929027557,
            0.015739325433969498
        ],
        [
            0.06821028888225555,
            -0.009181089699268341,
            0.010818347334861755
        ],
        [
            0.044474463909864426,
            -3.1385570764541626e-05,
