{
    "pred_cam": [
        10.105793952941895,
        0.05640621483325958,
        -0.053814101964235306
    ],
    "pred_mano_params": {
        "global_orient": [
            [
                [
                    0.502284586429596,
                    -0.24645456671714783,
                    -0.8288366794586182
                ],
                [
                    -0.8634567260742188,
                    -0.09152265638113022,
                    -0.4960504174232483
                ],
                [
                    0.046396542340517044,
                    0.9648231267929077,
                    -0.2587732672691345
                ]
            ]
        ],
        "hand_pose": [
            [
                [
                    0.8790428042411804,
                    -0.3449886739253998,
                    -0.3290388584136963
                ],
                [
                    0.318886935710907,
                    0.9385399222373962,
                    -0.13211321830749512
                ],
                [
                    0.3543936610221863,
                    0.011206978932023048,
                    0.935029149055481
                ]
            ],
            [
                [
                    0.9177286028862,
                    -0.39687979221343994,
                    0.016145551577210426
                ],
                [
                    0.39568471908569336,
                    0.909896731376648,
                    -0.1245858445763588
                ],
                [
                    0.03475482389330864,
                    0.12072452902793884,
                    0.9920775294303894
                ]
            ],
            [
                [
                    0.817309558391571,
                    -0.5661791563034058,
                    0.10698676109313965
                ],
                [
                    0.575581431388855,
                    0.793644368648529,
                    -0.19706517457962036
                ],
                [
                    0.026664765551686287,
                    0.22264286875724792,
                    0.974535346031189
                ]
            ],
            [
                [
                    0.8225756883621216,
                    -0.5611587762832642,
                    -0.09203290194272995
                ],
                [
                    0.5585678219795227,
                    0.8276806473731995,
                    -0.05428418517112732
                ],
                [
                    0.10663589090108871,
                    -0.006753762252628803,
                    0.9942752122879028
                ]
            ],
            [
                [
                    0.8706680536270142,
                    -0.45666593313217163,
                    -0.18273869156837463
                ],
                [
                    0.4899625778198242,
                    0.837910532951355,
                    0.24050474166870117
                ],
                [
                    0.04328836500644684,
                    -0.2989349067211151,
                    0.9532911777496338
                ]
            ],
            [
                [
                    0.8384479284286499,
                    -0.5431915521621704,
                    0.04413578659296036
                ],
                [
                    0.5433547496795654,
                    0.8394521474838257,
                    0.009258504025638103
                ],
                [
                    -0.04207902029156685,
                    0.01621861569583416,
                    0.9989826083183289
                ]
            ],
            [
                [
                    0.5871584415435791,
                    -0.7861806750297546,
                    0.19278182089328766
                ],
                [
                    0.7539135813713074,
                    0.6178338527679443,
                    0.22337333858013153
                ],
                [
                    -0.2947189509868622,
                    0.014185285195708275,
                    0.9554786682128906
                ]
            ],
            [
                [
                    0.9606291055679321,
                    -0.25313693284988403,
                    -0.11451402306556702
                ],
                [
                    0.277755469083786,
                    0.8847934007644653,
                    0.3741557002067566
                ],
                [
                    0.006608621217310429,
                    -0.3912317454814911,
                    0.9202684760093689
                ]
            ],
            [
                [
                    0.9213095903396606,
                    -0.36358842253685,
                    0.13781127333641052
                ],
                [
                    0.28080323338508606,
                    0.8673154711723328,
                    0.41099071502685547
                ],
                [
                    -0.26895734667778015,
                    -0.33995190262794495,
                    0.90116286277771
                ]
            ],
            [
                [
                    0.6728375554084778,
                    -0.7336708307266235,
                    -0.09495633095502853
                ],
                [
                    0.7182818651199341,
                    0.6785975694656372,
                    -0.1535465568304062
                ],
                [
                    0.17708976566791534,
                    0.035106487572193146,
                    0.9835683703422546
                ]
            ],
            [
                [
                    0.9205671548843384,
                    -0.36887797713279724,
                    -0.12839417159557343
                ],
                [
                    0.38982221484184265,
                    0.8471885323524475,
                    0.3609851002693176
                ],
                [
                    -0.02438538707792759,
                    -0.3823619782924652,
                    0.9236907958984375
                ]
            ],
            [
                [
                    0.7752827405929565,
                    -0.6302669644355774,
                    0.041235387325286865
                ],
                [
                    0.6076263785362244,
                    0.762068510055542,
                    0.22370031476020813
                ],
                [
                    -0.172415092587471,
                    -0.1483752578496933,
                    0.973785400390625
                ]
            ],
            [
                [
                    0.9655623435974121,
                    0.2598293423652649,
                    0.013342980295419693
                ],
                [
                    -0.2183799147605896,
                    0.8372727036476135,
                    -0.5012828707695007
                ],
                [
                    -0.14141972362995148,
                    0.4811060428619385,
                    0.865180492401123
                ]
            ],
            [
                [
                    0.892807126045227,
                    -0.31101498007774353,
                    -0.3258298933506012
                ],
                [
                    0.4228663742542267,
                    0.8279183506965637,
                    0.3684225380420685
                ],
                [
                    0.15517564117908478,
                    -0.4667127728462219,
                    0.8706892132759094
                ]
            ],
            [
                [
                    0.9985889196395874,
                    -0.011521611362695694,
                    -0.051840636879205704
                ],
                [
                    -0.0066462247632443905,
                    0.941392183303833,
                    -0.3372485935688019
                ],
                [
                    0.05268801003694534,
                    0.3371172547340393,
                    0.9399872422218323
                ]
            ]
        ],
        "betas": [
            0.10190391540527344,
            -0.08336526155471802,
            -0.006780415773391724,
            0.0553453266620636,
            0.01418149471282959,
            -0.02543826773762703,
            -0.011097937822341919,
            0.07448543608188629,
            -0.06663787364959717,
            -0.0665842592716217
        ]
    },
    "pred_cam_t": [
        -0.05640621483325958,
        -0.053814101964235306,
        3.865356922149658
    ],
    "focal_length": [
        5000.0,
        5000.0
    ],
    "pred_keypoints_3d": [
        [
            0.09526118636131287,
            0.006358663085848093,
            0.006153734866529703
        ],
        [
            0.06570052355527878,
            0.01574297808110714,
            -0.016456875950098038
        ],
        [
            0.0385819710791111,
            0.020564895123243332,
            -0.030001958832144737
        ],
        [
            0.020751357078552246,
            0.03746749833226204,
            -0.041208572685718536
        ],
        [
            -0.002111039124429226,
            0.05777660757303238,
            -0.05932110175490379
        ],
        [
            0.035567980259656906,
            0.07239784300327301,
            -0.008238716050982475
        ],
        [
            0.02966204658150673,
            0.10419373214244843,
            -0.013874650001525879
        ],
        [
            0.033320050686597824,
            0.12133941054344177,
            -0.027304813265800476
        ],
        [
            0.04382628947496414,
            0.13123273849487305,
            -0.048061762005090714
        ],
        [
            0.05113605409860611,
            0.08953361213207245,
            0.001158778090029955
        ],
        [
            0.04918587952852249,
            0.11781585961580276,
            -0.012712128460407257
        ],
        [
            0.05574588477611542,
            0.12928611040115356,
            -0.03173679858446121
        ],
        [
            0.06342349201440811,
            0.1325051337480545,
            -0.05577120557427406
        ],
        [
            0.07731828093528748,
            0.0901738628745079,
            0.005389041732996702
        ],
        [
            0.07991308718919754,
            0.11398947238922119,
            -0.010430023074150085
        ],
        [
            0.09190618246793747,
            0.12357696890830994,
            -0.0297422856092453
        ],
        [
            0.10144859552383423,
            0.1214379370212555,
            -0.05270173400640488
        ],
        [
            0.09883174300193787,
            0.08776241540908813,
            0.0045868712477386
        ],
        [
            0.10212485492229462,
            0.1033305674791336,
            -0.009131915867328644
        ],
        [
            0.10916484147310257,
            0.10998287796974182,
            -0.025317981839179993
        ],
        [
            0.11260969936847687,
            0.10887470096349716,
            -0.04429381713271141
        ]
    ],
    "pred_vertices": [
        [
            0.06028936803340912,
            0.04256047308444977,
            -0.017094049602746964
        ],
        [
            0.06567968428134918,
            0.034354932606220245,
            -0.018961206078529358
        ],
        [
            0.05571751296520233,
            0.03597864508628845,
            -0.024990566074848175
        ],
        [
            0.05130203813314438,
            0.04361210763454437,
            -0.022332124412059784
        ],
        [
            0.0662868320941925,
            0.018931712955236435,
            -0.03382935747504234
        ],
        [
            0.06362983584403992,
            0.006965961307287216,
            -0.03452686965465546
        ],
        [
            0.049053579568862915,
            0.014215130358934402,
            -0.040352314710617065
        ],
        [
            0.05356127396225929,
            0.02306913211941719,
            -0.04005557298660278
        ],
        [
            0.04273945465683937,
            0.04368342459201813,
            -0.0244724340736866
        ],
        [
            0.04801230877637863,
            0.037097685039043427,
            -0.029278550297021866
        ],
        [
            0.03789970278739929,
            0.04045907035470009,
            -0.021858321502804756
        ],
        [
            0.03243141993880272,
            0.04733258858323097,
            -0.012962693348526955
        ],
        [
            0.037729330360889435,
            0.04986416548490524,
            -0.018409254029393196
        ],
        [
            0.02938206121325493,
            0.054560720920562744,
            -0.009038595482707024
        ],
        [
            0.03325844556093216,
            0.04033058136701584,
            -0.003921255469322205
        ],
        [
            0.030569162219762802,
            0.05509430170059204,
            0.0005274219438433647
        ],
        [
            0.054355259984731674,
            0.046086929738521576,
            0.015539299696683884
        ],
        [
            0.06658666580915451,
            0.049463655799627304,
            0.019645605236291885
        ],
        [
            0.059862956404685974,
            0.0651545524597168,
            0.018751053139567375
        ],
        [
            0.04828999564051628,
            0.06017207354307175,
            0.013688184320926666
        ],
        [
            0.08038091659545898,
            0.06507463753223419,
            0.020399019122123718
        ],
        [
            0.0687098428606987,
            0.0660133957862854,
            0.019535936415195465
        ],
        [
            0.07523410767316818,
            0.05018003657460213,
            0.021609123796224594
        ],
        [
            0.08539516478776932,
            0.05011929199099541,
            0.022003591060638428
        ],
        [
            0.0758293867111206,
            0.04174589738249779,
            -0.010247839614748955
        ],
        [
            0.08205612003803253,
            0.03327690064907074,
            -0.010799698531627655
        ],
        [
            0.07611855864524841,
            0.03348768129944801,
            -0.01271715760231018
        ],
        [
            0.0704597756266594,
            0.041233476251363754,
            -0.012175120413303375
        ],
        [
            0.031113699078559875,
            0.03083689510822296,
            -0.023239677771925926
        ],
        [
            0.03381461650133133,
            0.02634337916970253,
            -0.014744509942829609
        ],
        [
            0.03448982536792755,
            0.03446443751454353,
            -0.016278915107250214
        ],
        [
            0.0337846614420414,
            0.034698233008384705,
            -0.02633844129741192
        ],
        [
            0.10439950227737427,
            0.01513751596212387,
            -0.01428732369095087
        ],
        [
            0.1069456934928894,
            0.003201723098754883,
            -0.008706064894795418
        ],
        [
            0.10168396681547165,
            0.0009666234254837036,
            -0.009768002666532993
        ],
        [
            0.1004369705915451,
            0.012609511613845825,
            -0.014206962659955025
        ],
        [
            0.0811779573559761,
            -0.0019515752792358398,
            -0.02116478979587555
        ],
        [
            0.08610888570547104,
            -0.007258258759975433,
            -0.013078723102807999
        ],
        [
            0.0783148929476738,
            -0.017087727785110474,
            -0.006424098275601864
        ],
        [
            0.07164239138364792,
            -0.011576436460018158,
            -0.011152751743793488
        ],
        [
            0.07310027629137039,
            0.0027613565325737,
            -0.02879476733505726
        ],
        [
            0.06575897336006165,
            -0.006716735661029816,
            -0.021397864446043968
        ],
        [
            0.05737229809165001,
            -0.0009039416909217834,
            -0.02858715131878853
        ],
        [
            0.043770406395196915,
            0.008011545985937119,
            -0.03545859083533287
        ],
        [
            0.11765963584184647,
            0.00791899859905243,
            -0.0035939279478043318
        ],
        [
            0.11751177906990051,
            0.017252355813980103,
            -0.00744956498965621
        ],
        [
            0.028971906751394272,
            0.10316669940948486,
            -0.025392837822437286
        ],
        [
            0.034671030938625336,
            0.10429447144269943,
            -0.02435304783284664
        ],
        [
            0.03437115624547005,
            0.10029475390911102,
            -0.023388942703604698
        ],
        [
            0.028656557202339172,
            0.09988459199666977,
            -0.024162694811820984
        ],
        [
            0.1212325394153595,
            0.018594764173030853,
            0.013063156977295876
        ],
        [
            0.11734701693058014,
            0.0184817835688591,
            0.0223116222769022
        ],
        [
            0.12137801945209503,
            0.0124625563621521,
            0.021645981818437576
        ],
        [
            0.1235191822052002,
            0.011438019573688507,
            0.012575376778841019
        ],
        [
            0.11811397224664688,
            0.02802138775587082,
            0.013575810939073563
        ],
        [
            0.1114538311958313,
            0.026678569614887238,
            0.022484377026557922
        ],
        [
            0.02188190072774887,
            0.10982911288738251,
            -0.01709960401058197
        ],
        [
            0.021953383460640907,
            0.10713572800159454,
            -0.021506400778889656
        ],
        [
            0.02109106071293354,
            0.10336744785308838,
            -0.018130343407392502
        ],
        [
            0.02171166054904461,
            0.10546508431434631,
            -0.013239441439509392
        ],
        [
            0.0459137037396431,
            0.05076155439019203,
            -0.01992431841790676
        ],
        [
            0.05550584942102432,
            0.0506959967315197,
            -0.017460506409406662
        ],
        [
            0.03952110931277275,
            0.06764771044254303,
            -0.018564071506261826
        ],
        [
            0.04662706330418587,
            0.06117040663957596,
            -0.016938408836722374
        ],
        [
            0.04015066474676132,
            0.05750969052314758,
            -0.017913151532411575
        ],
        [
            0.03460206463932991,
            0.06349318474531174,
            -0.017817992717027664
        ],
        [
            0.06900638341903687,
            0.06329403817653656,
            -0.009126301854848862
        ],
        [
            0.0737227350473404,
            0.052631352096796036,
            -0.008743910118937492
        ],
        [
            0.06735266745090485,
            0.05239953473210335,
            -0.010533871129155159
        ],
        [
            0.0609474703669548,
            0.0635039433836937,
            -0.012126490473747253
        ],
        [
            0.08746450394392014,
            0.055605340749025345,
            -0.0076591698452830315
        ],
        [
            0.08158068358898163,
            0.06580677628517151,
            -0.007651131600141525
        ],
        [
            0.09006237983703613,
            0.06627428531646729,
            -0.006950365845113993
        ],
        [
            0.09298217296600342,
            0.05899262800812721,
            -0.008051854558289051
        ],
        [
            0.06862065941095352,
            0.08187136054039001,
            -0.007542197592556477
        ],
        [
            0.06539450585842133,
            0.08803925663232803,
            -0.006776283960789442
        ],
        [
            0.06906689703464508,
            0.08964204043149948,
            -0.007504425942897797
        ],
        [
            0.07204776257276535,
            0.08219282329082489,
            -0.0068659414537250996
        ],
        [
            0.12469642609357834,
            0.00620906800031662,
            0.021903611719608307
        ],
        [
            0.12478858232498169,
            0.0042892396450042725,
            0.012288514524698257
        ],
        [
            0.10203646868467331,
            0.06607387959957123,
            0.018793519586324692
        ],
        [
            0.11091721802949905,
            0.06317485868930817,
            0.01281248964369297
        ],
        [
            0.10878561437129974,
            0.07612721621990204,
            0.01247407216578722
        ],
        [
            0.09953470528125763,
            0.07618123292922974,
            0.019491849467158318
        ],
        [
            0.10870184749364853,
            0.01738012582063675,
            0.027808770537376404
        ],
        [
            0.1143481433391571,
            0.012016363441944122,
            0.02874329499900341
        ],
        [
            0.025486811995506287,
            0.1124841496348381,
            -0.012803278863430023
        ],
        [
            0.02586718089878559,
            0.10789763182401657,
            -0.009418895468115807
        ],
        [
            0.053359221667051315,
            -0.0032436326146125793,
            -0.01643621362745762
        ],
        [
            0.03968178480863571,
            0.006333660334348679,
            -0.02738703228533268
        ],
        [
            0.06294180452823639,
            -0.008895732462406158,
            -0.007120067719370127
        ],
        [
            0.06916225701570511,
            -0.012798137962818146,
            -1.3590790331363678e-05
        ],
        [
            0.07338076084852219,
            -0.01872476190328598,
            0.00427002739161253
        ],
        [
            0.05020983889698982,
            0.06673984974622726,
            -0.015706725418567657
        ],
        [
            0.06386274844408035,
            0.04836532473564148,
            -0.013462350703775883
        ],
        [
            0.08077792823314667,
            0.0425625741481781,
            -0.009221176616847515
        ],
        [
            0.10943658649921417,
            0.053462859243154526,
            -0.0085588488727808
        ],
        [
            0.11334943771362305,
            0.04374946281313896,
            -0.009035949595272541
        ],
        [
            0.10309860855340958,
            0.04414565861225128,
            -0.011846909299492836
        ],
        [
            0.10167015343904495,
            0.05256716161966324,
            -0.010225722566246986
        ],
        [
            0.1144997701048851,
            0.06362521648406982,
            0.0036412090994417667
        ],
        [
            0.11100265383720398,
            0.06401708722114563,
            -0.0035362252965569496
        ],
        [
            0.10820318013429642,
            0.0722455084323883,
            -0.0026512714102864265
        ],
        [
            0.11163298040628433,
            0.07381035387516022,
            0.004220340866595507
        ],
        [
            0.026971280574798584,
            0.024425309151411057,
            -0.023508217185735703
        ],
        [
            0.03349541500210762,
            0.018465083092451096,
            -0.014847923070192337
        ],
        [
            0.1217709630727768,
            0.01748388260602951,
            0.0026127290911972523
        ],
        [
            0.12171191722154617,
            0.009738974273204803,
            0.0027787983417510986
        ],
        [
            0.12305966019630432,
            0.0017597824335098267,
            0.005178740248084068
        ],
        [
            0.09252974390983582,
            0.023907020688056946,
            -0.013662317767739296
        ],
        [
            0.09771696478128433,
            0.01086580753326416,
            -0.014414891600608826
        ],
        [
            0.09358509629964828,
            0.010166920721530914,
            -0.01636802777647972
        ],
        [
            0.08930318057537079,
            0.023734018206596375,
            -0.013709666207432747
        ],
        [
            0.07298197597265244,
            0.026767391711473465,
            -0.023294493556022644
        ],
        [
            0.07900408655405045,
            0.014746647328138351,
            -0.02637675404548645
        ],
        [
            0.06209037825465202,
            0.03003455325961113,
            -0.0300732608884573
        ],
        [
            0.09531886875629425,
            -0.0036554262042045593,
            -0.011135414242744446
        ],
        [
            0.10446451604366302,
            -0.008748948574066162,
            -0.007835173048079014
        ],
        [
            0.09663941711187363,
            -0.012799866497516632,
            -0.008541756309568882
        ],
        [
            0.112777940928936,
            -0.004836559295654297,
            -0.004513524007052183
        ],
        [
            0.11959477514028549,
            -0.0010844692587852478,
            -0.00020936955115757883
        ],
        [
            0.11889570951461792,
            0.005762726068496704,
            0.03229055926203728
        ],
        [
            0.08877834677696228,
            -0.015645235776901245,
            -0.007605420425534248
        ],
        [
            0.0443999357521534,
            0.02558399736881256,
            -0.042457036674022675
        ],
        [
            0.037134215235710144,
            0.028514128178358078,
            -0.043631985783576965
        ],
        [
            0.03909657150506973,
            0.03387938812375069,
            -0.03903008997440338
        ],
        [
            0.045244574546813965,
            0.03184424713253975,
            -0.03736002370715141
        ],
        [
            0.026008635759353638,
            0.06401542574167252,
            -0.007041853852570057
        ],
        [
            0.029097896069288254,
            0.06341484934091568,
            -0.014420310966670513
        ],
        [
            0.033236194401979446,
            0.05422947555780411,
            -0.015516391023993492
        ],
        [
            0.10513970255851746,
            0.026575438678264618,
            -0.014091731049120426
        ],
        [
            0.11631348729133606,
            0.027906522154808044,
            -0.008513141423463821
        ],
        [
            0.04298807680606842,
            0.07306226342916489,
            -0.01675264537334442
        ],
        [
            0.022132817655801773,
            0.10076652467250824,
            -0.010303174145519733
        ],
        [
            0.02115572988986969,
            0.09848560392856598,
            -0.01565680466592312
        ],
        [
            0.023436449468135834,
            0.08057747781276703,
            -0.010834403336048126
        ],
        [
            0.024082668125629425,
            0.08354735374450684,
            -0.004762435331940651
        ],
        [
            0.04285333678126335,
            0.08250459283590317,
            -0.010903972201049328
        ],
        [
            0.04174840450286865,
            0.07794499397277832,
            -0.015751684084534645
        ],
        [
            0.04154101014137268,
            0.08084031194448471,
            -0.014634788036346436
        ],
        [
            0.043940719217061996,
            0.08561384677886963,
            -0.010960119776427746
        ],
        [
            0.07791059464216232,
            0.08756297826766968,
            -0.006207793951034546
        ],
        [
            0.08042306452989578,
            0.08137299865484238,
            -0.005932721309363842
        ],
        [
            0.04394674673676491,
            0.07463979721069336,
            0.008871461264789104
        ],
        [
            0.032850902527570724,
            0.06697586923837662,
            0.008478827774524689
        ],
        [
            0.03796269744634628,
            0.055967383086681366,
            0.009234829805791378
        ],
        [
            0.07630757987499237,
            0.06395193934440613,
            -0.007903926074504852
        ],
        [
            0.07278437167406082,
            0.07376611232757568,
            -0.008088108152151108
        ],
        [
            0.07671333104372025,
            0.07451245188713074,
            -0.007266512140631676
        ],
        [
            0.051316164433956146,
            0.07126516848802567,
            -0.01428147777915001
        ],
        [
            0.046579647809267044,
            0.07699766010046005,
            -0.013979211449623108
        ],
        [
            0.05144282802939415,
            0.07674556970596313,
            -0.012150932103395462
        ],
        [
            0.056537091732025146,
            0.07142545282840729,
            -0.012301230803132057
        ],
        [
            0.1139562800526619,
            0.05042270943522453,
            0.014133092015981674
        ],
        [
            0.11842578649520874,
            0.0512678287923336,
            0.003476769430562854
        ],
        [
            0.0244517233222723,
            0.10447321832180023,
            -0.024424366652965546
        ],
        [
            0.023727310821413994,
            0.10100032389163971,
            -0.022185267880558968
        ],
        [
            0.08078603446483612,
            0.05349121242761612,
            -0.007584847509860992
        ],
        [
            0.045062873512506485,
            0.04313668608665466,
            0.009544963017106056
        ],
        [
            0.08613814413547516,
            0.04354693740606308,
            -0.008566726930439472
        ],
        [
            0.08360909670591354,
            0.08545680344104767,
            0.01286187395453453
        ],
        [
            0.08819235861301422,
            0.0879356861114502,
            0.005685240961611271
        ],
        [
            0.08565542101860046,
            0.09153014421463013,
            0.003920894116163254
        ],
        [
            0.0819489136338234,
            0.09243987500667572,
            0.00895787961781025
        ],
        [
            0.0416191928088665,
            0.10020419955253601,
            -0.01366419531404972
        ],
        [
            0.040186695754528046,
            0.09852739423513412,
            -0.018912460654973984
        ],
        [
            0.039208121597766876,
            0.10230425745248795,
            -0.019980892539024353
        ],
        [
            0.040553655475378036,
            0.1048562079668045,
            -0.01494704931974411
        ],
        [
            0.03769346699118614,
            0.07454369962215424,
            -0.01811102405190468
        ],
        [
            0.032218944281339645,
            0.07111003994941711,
            -0.018193800002336502
        ],
        [
            0.03197730332612991,
            0.0780181884765625,
            -0.018783895298838615
        ],
        [
            0.03738963603973389,
            0.07975322753190994,
            -0.01735403575003147
        ],
        [
            0.02708236128091812,
            0.07173824310302734,
            -0.014450826682150364
        ],
        [
            0.026482420042157173,
            0.0783311054110527,
            -0.015814952552318573
        ],
        [
            0.039044443517923355,
            0.10214829444885254,
            -0.008060033433139324
        ],
        [
            0.032446738332509995,
            0.10334938764572144,
            -0.004689622670412064
        ],
        [
            0.03557690232992172,
            0.08822602778673172,
            0.0005504926666617393
        ],
        [
            0.041258975863456726,
            0.08935631811618805,
            -0.0048576416447758675
        ],
        [
            0.08981815725564957,
            0.03595929592847824,
            0.024847444146871567
        ],
        [
            0.10068173706531525,
            0.03785394877195358,
            0.0238710418343544
        ],
        [
            0.09659620374441147,
            0.052081335335969925,
            0.021250400692224503
        ],
        [
            0.09284528344869614,
            0.06641344726085663,
            0.01988992653787136
        ],
        [
            0.08826272189617157,
            0.07954583317041397,
            0.017353184521198273
        ],
        [
            0.07642865180969238,
            0.07802361994981766,
            0.020041750743985176
        ],
        [
            0.10462898761034012,
            0.05192737653851509,
            0.020091518759727478
        ],
        [
            0.04399349167943001,
            0.08293137699365616,
            -0.0029107765294611454
        ],
        [
            0.03802674636244774,
            0.07874596863985062,
            0.0035156263038516045
        ],
        [
            0.043142516165971756,
            0.08069994300603867,
            0.0033695297315716743
        ],
        [
            0.0931905061006546,
            0.04572412744164467,
            -0.009336484596133232
        ],
        [
            0.023539114743471146,
            0.09644336998462677,
            -0.020121164619922638
        ],
        [
            0.0733925849199295,
            -0.004452407360076904,
            0.02072065882384777
        ],
        [
            0.08264607191085815,
            0.0014953389763832092,
            0.027738530188798904
        ],
        [
            0.07758864760398865,
            0.008132405579090118,
            0.024998322129249573
        ],
        [
            0.06774860620498657,
            0.0015620291233062744,
            0.016499735414981842
        ],
        [
            0.0350603312253952,
            0.09639944136142731,
            -0.022809496149420738
        ],
        [
            0.028819134458899498,
            0.0954175591468811,
            -0.023525966331362724
        ],
        [
            0.08662933856248856,
            0.08377236872911453,
            -0.005166723858565092
        ],
        [
            0.08336474001407623,
            0.08875758945941925,
            -0.004876110702753067
        ],
        [
            0.08603344857692719,
            0.09085573256015778,
            -0.002375776879489422
        ],
        [
            0.09103702753782272,
            0.08793303370475769,
            -0.004430857487022877
        ],
        [
            0.106440968811512,
            0.037360310554504395,
            0.022697553038597107
        ],
        [
            0.10749467462301254,
            0.08395880460739136,
            0.009446369484066963
        ],
        [
            0.09906329214572906,
            0.08424112945795059,
            0.015994688495993614
        ],
        [
            0.10383816063404083,
            0.025394506752490997,
            0.026248112320899963
        ],
        [
            0.09440203011035919,
            0.02367742359638214,
            0.027781305834650993
        ],
        [
            0.09828893840312958,
            0.015024751424789429,
            0.02997640334069729
        ],
        [
            0.0625663474202156,
            0.08156810700893402,
            0.014820910058915615
        ],
        [
            0.08122945576906204,
            0.0363447368144989,
            0.024304399266839027
        ],
        [
            0.08686474710702896,
            0.023254267871379852,
            0.026856524869799614
        ],
        [
            0.0911761000752449,
            0.01288808137178421,
            0.029418736696243286
        ],
        [
            0.09477521479129791,
            0.005774796009063721,
            0.03197242692112923
        ],
        [
            0.10226067900657654,
            0.00882294774055481,
            0.03214280307292938
        ],
        [
            0.026833629235625267,
            0.10286420583724976,
            -0.00649799220263958
        ],
        [
            0.03207819536328316,
            0.10926340520381927,
            -0.007425520569086075
        ],
        [
            0.1067962497472763,
            0.0020637139678001404,
            0.03621288388967514
        ],
        [
            0.09824442863464355,
            -0.0012286752462387085,
            0.035193804651498795
        ],
        [
            0.07809830456972122,
            0.021664120256900787,
            0.02479168213903904
        ],
        [
            0.06810469925403595,
            0.0192890465259552,
            0.0210195854306221
        ],
        [
            0.07307705283164978,
            0.03441286459565163,
            0.022227272391319275
        ],
        [
            0.06249770522117615,
            0.03317808732390404,
            0.018445448949933052
        ],
        [
            0.05356982350349426,
            0.07637156546115875,
            0.017900221049785614
        ],
        [
            0.036661673337221146,
            0.12235887348651886,
            -0.018824007362127304
        ],
        [
            0.037073343992233276,
            0.1131870374083519,
            -0.012226395308971405
        ],
        [
            0.039926718920469284,
            0.10987861454486847,
            -0.016105424612760544
        ],
        [
            0.0401337556540966,
            0.1201065257191658,
            -0.020309755578637123
        ],
        [
            0.038175422698259354,
            0.10738559067249298,
            -0.010170428082346916
        ],
        [
            0.03165307641029358,
            0.11389455199241638,
            -0.010702220723032951
        ],
        [
            0.05158533155918121,
            0.02872687578201294,
            0.010370427742600441
        ],
        [
            0.04783603549003601,
            0.08235933631658554,
            -0.011041163466870785
        ],
        [
            0.05751389265060425,
            0.012326642870903015,
            0.009734969586133957
        ],
        [
            0.03831059858202934,
            0.027366191148757935,
            -0.0006003221496939659
        ],
        [
            0.04340975731611252,
            0.014982838183641434,
            -0.0031668422743678093
        ],
        [
            0.06244378536939621,
            -0.004418492317199707,
            0.006852303631603718
        ],
        [
            0.05156296491622925,
            0.0008008778095245361,
            -0.0035563847050070763
        ],
        [
            0.07296846061944962,
            -0.015290133655071259,
            0.014565142802894115
        ],
        [
            0.0682549774646759,
            -0.00888025015592575,
            0.011673961766064167
        ],
        [
            0.04096125066280365,
            0.006336037069559097,
