{
    "pred_cam": [
        8.872154235839844,
        0.13120169937610626,
        -0.050257809460163116
    ],
    "pred_mano_params": {
        "global_orient": [
            [
                [
                    -0.5477921962738037,
                    -0.1794910579919815,
                    -0.8171331882476807
                ],
                [
                    -0.4915018379688263,
                    -0.7213433980941772,
                    0.4879443645477295
                ],
                [
                    -0.6770152449607849,
                    0.6689145565032959,
                    0.30692610144615173
                ]
            ]
        ],
        "hand_pose": [
            [
                [
                    0.6317058205604553,
                    -0.7729889750480652,
                    -0.05861624330282211
                ],
                [
                    0.7743464708328247,
                    0.6327614784240723,
                    0.000707709405105561
                ],
                [
                    0.03654304891824722,
                    -0.04583634063601494,
                    0.99828040599823
                ]
            ],
            [
                [
                    0.5022207498550415,
                    -0.8455780148506165,
                    0.18103067576885223
                ],
                [
                    0.8546292781829834,
                    0.4534319043159485,
                    -0.2529985010623932
                ],
                [
                    0.1318448781967163,
                    0.28177520632743835,
                    0.9503785967826843
                ]
            ],
            [
                [
                    0.8784513473510742,
                    -0.4640130400657654,
                    0.11408418416976929
                ],
                [
                    0.46319159865379333,
                    0.8855577707290649,
                    0.035229094326496124
                ],
                [
                    -0.11737488210201263,
                    0.02189578302204609,
                    0.9928463697433472
                ]
            ],
            [
                [
                    0.4902830123901367,
                    -0.8557939529418945,
                    -0.16504330933094025
                ],
                [
                    0.871165931224823,
                    0.47547513246536255,
                    0.12244729697704315
                ],
                [
                    -0.02631566673517227,
                    -0.20381394028663635,
                    0.9786559343338013
                ]
            ],
            [
                [
                    0.7042093873023987,
                    -0.68033367395401,
                    -0.20306465029716492
                ],
                [
                    0.7098889946937561,
                    0.6795737147331238,
                    0.18503278493881226
                ],
                [
                    0.012113375589251518,
                    -0.274455189704895,
                    0.9615235924720764
                ]
            ],
            [
                [
                    0.8560037612915039,
                    -0.5169468522071838,
                    -0.004843324422836304
                ],
                [
                    0.5168594121932983,
                    0.8555905818939209,
                    0.028654608875513077
                ],
                [
                    -0.01066900696605444,
                    -0.027031773701310158,
                    0.9995775818824768
                ]
            ],
            [
                [
                    0.47436025738716125,
                    -0.8593471050262451,
                    0.19106248021125793
                ],
                [
                    0.7555674314498901,
                    0.5088074207305908,
                    0.4125928282737732
                ],
                [
                    -0.4517744779586792,
                    -0.05135706439614296,
                    0.8906527161598206
                ]
            ],
            [
                [
                    0.6582583785057068,
                    -0.7412835955619812,
                    -0.13112777471542358
                ],
                [
                    0.5660698413848877,
                    0.3725905418395996,
                    0.7353510856628418
                ],
                [
                    -0.49624672532081604,
                    -0.558278501033783,
                    0.6648791432380676
                ]
            ],
            [
                [
                    0.9079022407531738,
                    -0.415361613035202,
                    0.05646427720785141
                ],
                [
                    0.335600346326828,
                    0.8009606003761292,
                    0.49581706523895264
                ],
                [
                    -0.25116902589797974,
                    -0.43120402097702026,
                    0.8665894269943237
                ]
            ],
            [
                [
                    0.563945472240448,
                    -0.8201941847801208,
                    0.09616082161664963
                ],
                [
                    0.818947434425354,
                    0.5704360604286194,
                    0.06267182528972626
                ],
                [
                    -0.10625666379928589,
                    0.04340716451406479,
                    0.9933907985687256
                ]
            ],
            [
                [
                    0.7612228393554688,
                    -0.6321852803230286,
                    -0.14450417459011078
                ],
                [
                    0.6076279282569885,
                    0.6174749732017517,
                    0.499512642621994
                ],
                [
                    -0.22655685245990753,
                    -0.4680452346801758,
                    0.854169487953186
                ]
            ],
            [
                [
                    0.8543487191200256,
                    -0.5187813639640808,
                    0.030887838453054428
                ],
                [
                    0.4984950125217438,
                    0.8348447680473328,
                    0.23353134095668793
                ],
                [
                    -0.1469382643699646,
                    -0.1841198056936264,
                    0.9718585014343262
                ]
            ],
            [
                [
                    0.9356916546821594,
                    0.2944738566875458,
                    0.19433541595935822
                ],
                [
                    -0.14994575083255768,
                    0.8304916024208069,
                    -0.5364698171615601
                ],
                [
                    -0.319370299577713,
                    0.472830593585968,
                    0.821239173412323
                ]
            ],
            [
                [
                    0.9803100228309631,
                    -0.18213608860969543,
                    -0.0762811228632927
                ],
                [
                    0.19335292279720306,
                    0.806958019733429,
                    0.5580621957778931
                ],
                [
                    -0.04008760303258896,
                    -0.5618230700492859,
                    0.8262856006622314
                ]
            ],
            [
                [
                    0.7122796177864075,
                    -0.6514818072319031,
                    -0.2612071931362152
                ],
                [
                    0.241251140832901,
                    0.5767080187797546,
                    -0.7805163264274597
                ],
                [
                    0.6591324210166931,
                    0.4929293692111969,
                    0.5679481029510498
                ]
            ]
        ],
        "betas": [
            -0.1234906017780304,
            -0.11512207984924316,
            0.02606910467147827,
            -0.026558369398117065,
            -0.05172997713088989,
            -0.00997796282172203,
            -0.007790267467498779,
            0.05906479060649872,
            -0.016726315021514893,
            -0.03142794966697693
        ]
    },
    "pred_cam_t": [
        -0.13120169937610626,
        -0.050257809460163116,
        4.402820110321045
    ],
    "focal_length": [
        5000.0,
        5000.0
    ],
    "pred_keypoints_3d": [
        [
            0.09622065722942352,
            0.00643101567402482,
            0.006240686401724815
        ],
        [
            0.09102965146303177,
            0.04229011759161949,
            0.020141705870628357
        ],
        [
            0.0784950777888298,
            0.06832398474216461,
            0.03131406009197235
        ],
        [
            0.072890505194664,
            0.09089940786361694,
            0.04547771066427231
        ],
        [
            0.08922363817691803,
            0.12065383046865463,
            0.042796410620212555
        ],
        [
            0.12870696187019348,
            0.06381518393754959,
            0.06906517595052719
        ],
        [
            0.14518705010414124,
            0.09251788258552551,
            0.07024581730365753
        ],
        [
            0.14625324308872223,
            0.10128802061080933,
            0.04977449029684067
        ],
        [
            0.14130595326423645,
            0.10318730026483536,
            0.025375954806804657
        ],
        [
            0.1514357328414917,
            0.05263277515769005,
            0.0686260312795639
        ],
        [
            0.16916650533676147,
            0.07765994966030121,
            0.05977649614214897
        ],
        [
            0.16790176928043365,
            0.08914687484502792,
            0.03940458595752716
        ],
        [
            0.158761665225029,
            0.09679118543863297,
            0.01657106727361679
        ],
        [
            0.16397155821323395,
            0.03658333048224449,
            0.05100347101688385
        ],
        [
            0.1796240359544754,
            0.060890428721904755,
            0.04771995171904564
        ],
        [
            0.17978408932685852,
            0.07508126646280289,
            0.02717691659927368
        ],
        [
            0.17083775997161865,
            0.0864202082157135,
            0.006286207586526871
        ],
        [
            0.17152342200279236,
            0.026369404047727585,
            0.033066526055336
        ],
        [
            0.1834021806716919,
            0.042968764901161194,
            0.027039961889386177
        ],
        [
            0.17518001794815063,
            0.05115509405732155,
            0.011873552575707436
        ],
        [
            0.1588582843542099,
            0.05435410514473915,
            0.001361224101856351
        ]
    ],
    "pred_vertices": [
        [
            0.11246800422668457,
            0.052836619317531586,
            0.03426017239689827
        ],
        [
            0.10737574100494385,
            0.0506255216896534,
            0.026323828846216202
        ],
        [
            0.10303928703069687,
            0.06173083186149597,
            0.03078654408454895
        ],
        [
            0.10870519280433655,
            0.06246878206729889,
            0.03860430791974068
        ],
        [
            0.09403544664382935,
            0.058601848781108856,
            0.010475218296051025
        ],
        [
            0.08334256708621979,
            0.05613469332456589,
            0.006368845701217651
        ],
        [
            0.08019000291824341,
            0.0698801800608635,
            0.01551801711320877
        ],
        [
            0.08899907767772675,
            0.07184167206287384,
            0.017644725739955902
        ],
        [
            0.10367073118686676,
            0.06943400204181671,
            0.04401620849967003
        ],
        [
            0.0993560254573822,
            0.070086270570755,
            0.034625131636857986
        ],
        [
            0.09648216515779495,
            0.06961385905742645,
            0.048087455332279205
        ],
        [
            0.10249876976013184,
            0.06436838954687119,
            0.05957525223493576
        ],
        [
            0.10805654525756836,
            0.06672793626785278,
            0.05347774922847748
        ],
        [
            0.10866900533437729,
            0.06337322294712067,
            0.06672084331512451
        ],
        [
            0.09688647091388702,
            0.054196957498788834,
            0.061309024691581726
        ],
        [
            0.11023049801588058,
            0.055156610906124115,
            0.07233624160289764
        ],
        [
            0.1138671487569809,
            0.02805265411734581,
            0.05832899734377861
        ],
        [
            0.12267594784498215,
            0.019415028393268585,
            0.052297137677669525
        ],
        [
            0.13446015119552612,
            0.027065670117735863,
            0.06366156786680222
        ],
        [
            0.12452198565006256,
            0.03594505786895752,
            0.06801212579011917
        ],
        [
            0.14359888434410095,
            0.015778370201587677,
            0.04811999946832657
        ],
        [
            0.13915733993053436,
            0.022346599027514458,
            0.057158805429935455
        ],
        [
            0.12733270227909088,
            0.013727143406867981,
            0.04685591906309128
        ],
        [
            0.13189564645290375,
            0.008473053574562073,
            0.03918444737792015
        ],
        [
            0.11935010552406311,
            0.038659512996673584,
            0.02556999772787094
        ],
        [
            0.11464224755764008,
            0.03432165086269379,
            0.017523981630802155
        ],
        [
            0.11202117055654526,
            0.039315130561590195,
            0.021449241787195206
        ],
        [
            0.11631488800048828,
            0.04299938678741455,
            0.0285811610519886
        ],
        [
            0.08130183815956116,
            0.0696338564157486,
            0.04662026837468147
        ],
        [
            0.08303330838680267,
            0.05961054936051369,
            0.04758934676647186
        ],
        [
            0.08983276784420013,
            0.06367682665586472,
            0.050652727484703064
        ],
        [
            0.08530349284410477,
            0.07327542454004288,
            0.045537061989307404
        ],
        [
            0.1081281378865242,
            0.02174483984708786,
            -0.008685305714607239
        ],
        [
            0.09844264388084412,
            0.012688696384429932,
            -0.011996090412139893
        ],
        [
            0.09408657252788544,
            0.015588365495204926,
            -0.009313993155956268
        ],
        [
            0.10417240113019943,
            0.022958535701036453,
            -0.006364405155181885
        ],
        [
            0.08312736451625824,
            0.033762115985155106,
            -0.0009541437029838562
        ],
        [
            0.0799689069390297,
            0.023597504943609238,
            -0.002116851508617401
        ],
        [
            0.0674537718296051,
            0.019259989261627197,
            0.0036646127700805664
        ],
        [
            0.06980159133672714,
            0.02752647176384926,
            0.007951445877552032
        ],
        [
            0.08414505422115326,
            0.04511948302388191,
            0.002026274800300598
        ],
        [
            0.07220068573951721,
            0.03972823545336723,
            0.007719449698925018
        ],
        [
            0.07383990287780762,
            0.050758861005306244,
            0.010278657078742981
        ],
        [
            0.07282861322164536,
            0.06408588588237762,
            0.018459275364875793
        ],
        [
            0.1075969710946083,
            0.004311174154281616,
            -0.015728194266557693
        ],
        [
            0.11603909730911255,
            0.010031919926404953,
            -0.014309544116258621
        ],
        [
            0.13476818799972534,
            0.0911472737789154,
            0.05975847691297531
        ],
        [
            0.1394849419593811,
            0.0881696566939354,
            0.056932978332042694
        ],
        [
            0.13785886764526367,
            0.08652345836162567,
            0.0578107014298439
        ],
        [
            0.13380876183509827,
            0.08960196375846863,
            0.06068553030490875
        ],
        [
            0.11913543939590454,
            -0.00900966301560402,
            -0.00543694943189621
        ],
        [
            0.11736256629228592,
            -0.01501244306564331,
            0.0025659017264842987
        ],
        [
            0.11367899179458618,
            -0.017886605113744736,
            -0.0031083598732948303
        ],
        [
            0.11361284554004669,
            -0.0114591084420681,
            -0.010093752294778824
        ],
        [
            0.12637931108474731,
            -0.0057025812566280365,
            0.0007314123213291168
        ],
        [
            0.12219466269016266,
            -0.010324850678443909,
            0.010226231068372726
        ],
        [
            0.1397005021572113,
            0.09869249165058136,
            0.06908036768436432
        ],
        [
            0.13546086847782135,
            0.09758900851011276,
            0.06598398834466934
        ],
        [
            0.13492655754089355,
            0.09471122920513153,
            0.06956441700458527
        ],
        [
            0.13929060101509094,
            0.0943552702665329,
            0.07305474579334259
        ],
        [
            0.11331703513860703,
            0.06375821679830551,
            0.046693284064531326
        ],
        [
            0.11789143830537796,
            0.05684508755803108,
            0.04072649031877518
        ],
        [
            0.1251131296157837,
            0.06713992357254028,
            0.057375311851501465
        ],
        [
            0.1234205812215805,
            0.06250975281000137,
            0.0517202690243721
        ],
        [
            0.11706922203302383,
            0.06521516293287277,
            0.054638080298900604
        ],
        [
            0.11920815706253052,
            0.06811320781707764,
            0.05986219644546509
        ],
        [
            0.1356341689825058,
            0.045982953161001205,
            0.039521556347608566
        ],
        [
            0.12821410596370697,
            0.040865834802389145,
            0.032063793390989304
        ],
        [
            0.12506787478923798,
            0.04544878378510475,
            0.03594930097460747
        ],
        [
            0.13208985328674316,
            0.052435144782066345,
            0.04415147379040718
        ],
        [
            0.13709908723831177,
            0.0340411439538002,
            0.023179616779088974
        ],
        [
            0.14358404278755188,
            0.0392572358250618,
            0.03157944977283478
        ],
        [
            0.14779916405677795,
            0.03463851660490036,
            0.025574732571840286
        ],
        [
            0.14262618124485016,
            0.03255118429660797,
            0.019972477108240128
        ],
        [
            0.15164396166801453,
            0.049088843166828156,
            0.04747278243303299
        ],
        [
            0.15418881177902222,
            0.05156853422522545,
            0.051610901951789856
        ],
        [
            0.15725859999656677,
            0.051218871027231216,
            0.049112871289253235
        ],
        [
            0.1535380780696869,
            0.04708806797862053,
            0.04500208795070648
        ],
        [
            0.10947341471910477,
            -0.02125035971403122,
            -0.007827401161193848
        ],
        [
            0.10767599940299988,
            -0.013609103858470917,
            -0.013885799795389175
        ],
        [
            0.15421614050865173,
            0.006873521953821182,
            0.03073272667825222
        ],
        [
            0.1552324742078781,
            0.0069330912083387375,
            0.019396472722291946
        ],
        [
            0.16626273095607758,
            0.011889180168509483,
            0.025726480409502983
        ],
        [
            0.16262225806713104,
            0.010109053924679756,
            0.03712845593690872
        ],
        [
            0.11254255473613739,
            -0.015776030719280243,
            0.011808939278125763
        ],
        [
            0.11020570248365402,
            -0.02062540501356125,
            0.006011739373207092
        ],
        [
            0.14606091380119324,
            0.09734897315502167,
            0.0702144205570221
        ],
        [
            0.14557655155658722,
            0.09293918311595917,
            0.0737692341208458
        ],
        [
            0.06944859027862549,
            0.04158378019928932,
            0.01980869099497795
        ],
        [
            0.06945165991783142,
            0.05829882249236107,
            0.025113508105278015
        ],
        [
            0.06855437904596329,
            0.028477173298597336,
            0.017261244356632233
        ],
        [
            0.06754297763109207,
            0.01900399848818779,
            0.015587106347084045
        ],
        [
            0.06389376521110535,
            0.01217760518193245,
            0.012680180370807648
        ],
        [
            0.1301572024822235,
            0.060782771557569504,
            0.051648713648319244
        ],
        [
            0.1197499930858612,
            0.04879779368638992,
            0.035564787685871124
        ],
        [
            0.12233983725309372,
            0.03551285341382027,
            0.022571541368961334
        ],
        [
            0.145147442817688,
            0.023706426844000816,
            0.004956260323524475
        ],
        [
            0.13817545771598816,
            0.019892364740371704,
            -0.0019691474735736847
        ],
        [
            0.13382908701896667,
            0.027396811172366142,
            0.004506729543209076
        ],
        [
            0.1407700926065445,
            0.028739910572767258,
            0.009652160108089447
        ],
        [
            0.15698328614234924,
            0.013132750988006592,
            0.01170775294303894
        ],
        [
            0.15546831488609314,
            0.021063776686787605,
            0.010495979338884354
        ],
        [
            0.16145698726177216,
            0.023634806275367737,
            0.016075801104307175
        ],
        [
            0.16490286588668823,
            0.016701245680451393,
            0.018017809838056564
        ],
        [
            0.07391591370105743,
            0.06817908585071564,
            0.044946521520614624
        ],
        [
            0.07674600183963776,
            0.05696585774421692,
            0.04355712607502937
        ],
        [
            0.11826902627944946,
            -0.0006122104823589325,
            -0.011995576322078705
        ],
        [
            0.11116550862789154,
            -0.0026522502303123474,
            -0.01471644639968872
        ],
        [
            0.10448679327964783,
            -0.007330801337957382,
            -0.017350364476442337
        ],
        [
            0.11098319292068481,
            0.02931622788310051,
            0.004416346549987793
        ],
        [
            0.10152429342269897,
            0.02399349957704544,
            -0.0048632994294166565
        ],
        [
            0.099311962723732,
            0.027439646422863007,
            -0.0028321966528892517
        ],
        [
            0.10960350930690765,
            0.031001228839159012,
            0.00713687390089035
        ],
        [
            0.10441950708627701,
            0.04879017546772957,
            0.015776298940181732
        ],
        [
            0.09737962484359741,
            0.04424184560775757,
            0.00445682555437088
        ],
        [
            0.10052584856748581,
            0.061515405774116516,
            0.020753905177116394
        ],
        [
            0.0871831625699997,
            0.018596258014440536,
            -0.006764918565750122
        ],
        [
            0.08645890653133392,
            0.010157305747270584,
            -0.014030732214450836
        ],
        [
            0.07931256294250488,
            0.01351594552397728,
            -0.009880729019641876
        ],
        [
            0.09376925230026245,
            0.00426999107003212,
            -0.017142564058303833
        ],
        [
            0.10027288645505905,
            -0.001760575920343399,
            -0.018638111650943756
        ],
        [
            0.10659795254468918,
            -0.027379252016544342,
            0.0021249279379844666
        ],
        [
            0.07322017848491669,
            0.015797752887010574,
            -0.004407651722431183
        ],
        [
            0.08465275168418884,
            0.07813585549592972,
            0.023919176310300827
        ],
        [
            0.08031918108463287,
            0.0828181654214859,
            0.02891227975487709
        ],
        [
            0.08613601326942444,
            0.08147545158863068,
            0.0340711735188961
        ],
        [
            0.09015225619077682,
            0.07719485461711884,
            0.03023355081677437
        ],
        [
            0.11566279828548431,
            0.0657065361738205,
            0.07239990681409836
        ],
        [
            0.11618027091026306,
            0.0688190832734108,
            0.06534543633460999
        ],
        [
            0.11046493798494339,
            0.06628495454788208,
            0.05992651730775833
        ],
        [
            0.11881089210510254,
            0.02403916046023369,
            -0.004873655736446381
        ],
        [
            0.12516281008720398,
            0.014136981219053268,
            -0.009953472763299942
        ],
        [
            0.1314275860786438,
            0.06598920375108719,
            0.05727100744843483
        ],
        [
            0.1379576176404953,
            0.09025948494672775,
            0.07575107365846634
        ],
        [
            0.13294991850852966,
            0.09112885594367981,
            0.07219082862138748
        ],
        [
            0.12398933619260788,
            0.07578626275062561,
            0.0737580955028534
        ],
        [
            0.12932880222797394,
            0.07429786026477814,
            0.07830880582332611
        ],
        [
            0.139115571975708,
            0.06656527519226074,
            0.06233907490968704
        ],
        [
            0.13311147689819336,
            0.06810172647237778,
            0.058463819324970245
        ],
        [
            0.13440588116645813,
            0.06908170878887177,
            0.05895894020795822
        ],
        [
            0.14097623527050018,
            0.06892335414886475,
            0.0606364980340004
        ],
        [
            0.16041459143161774,
            0.045537397265434265,
            0.04230515658855438
        ],
        [
            0.1568489819765091,
            0.042130328714847565,
            0.03857267647981644
        ],
        [
            0.1362096220254898,
            0.046151772141456604,
            0.07385355979204178
        ],
        [
            0.12450067698955536,
            0.05068918317556381,
            0.0803520530462265
        ],
        [
            0.11492044478654861,
            0.04412330687046051,
            0.07242915779352188
        ],
        [
            0.13954365253448486,
            0.041587769985198975,
            0.03481614962220192
        ],
        [
            0.14666059613227844,
            0.045732636004686356,
            0.04108177125453949
        ],
        [
            0.149102121591568,
            0.04334709048271179,
            0.03867943957448006
        ],
        [
            0.13464657962322235,
            0.06035880744457245,
            0.05300721153616905
        ],
        [
            0.13719817996025085,
            0.06392470002174377,
            0.057958364486694336
        ],
        [
            0.1392800360918045,
            0.0600089468061924,
            0.056019533425569534
        ],
        [
            0.13708433508872986,
            0.05657268688082695,
            0.050276823341846466
        ],
        [
            0.14498357474803925,
            0.00120500847697258,
            0.01282409206032753
        ],
        [
            0.14754030108451843,
            0.008397601544857025,
            0.0038630589842796326
        ],
        [
            0.13354834914207458,
            0.09468334168195724,
            0.06281177699565887
        ],
        [
            0.13271212577819824,
            0.09273823350667953,
            0.06498906016349792
        ],
        [
            0.13218000531196594,
            0.03668752685189247,
            0.02757534757256508
        ],
        [
            0.1063225194811821,
            0.03723897412419319,
            0.06122274324297905
        ],
        [
            0.1256539672613144,
            0.03263872116804123,
            0.01913897693157196
        ],
        [
            0.16360585391521454,
            0.026353206485509872,
            0.048474669456481934
        ],
        [
            0.1673498898744583,
            0.031305041164159775,
            0.04169108718633652
        ],
        [
            0.16921809315681458,
            0.035787224769592285,
            0.04318786412477493
        ],
        [
            0.16874773800373077,
            0.03376813232898712,
            0.04908023774623871
        ],
        [
            0.14790405333042145,
            0.08061197400093079,
            0.06034785136580467
        ],
        [
            0.1431387960910797,
            0.08270999789237976,
            0.05720203369855881
        ],
        [
            0.14370431005954742,
            0.0840037390589714,
            0.05736273154616356
        ],
        [
            0.14921455085277557,
            0.08345218747854233,
            0.060101695358753204
        ],
        [
            0.12733948230743408,
            0.06957963109016418,
            0.05859474092721939
        ],
        [
            0.12205372750759125,
            0.0711204931139946,
            0.061514705419540405
        ],
        [
            0.12462672591209412,
            0.07431874424219131,
            0.0614188127219677
        ],
        [
            0.12988413870334625,
            0.07190462946891785,
            0.059185780584812164
        ],
        [
            0.11958342790603638,
            0.0716031938791275,
            0.06739690154790878
        ],
        [
            0.12227290868759155,
            0.07546552270650864,
            0.06752615422010422
        ],
        [
            0.1507934033870697,
            0.08110544830560684,
            0.06625402718782425
        ],
        [
            0.14923354983329773,
            0.08475247770547867,
            0.07299157232046127
        ],
        [
            0.14250431954860687,
            0.06889677047729492,
            0.07476729154586792
        ],
        [
            0.1449030339717865,
            0.06956206262111664,
            0.06723389774560928
        ],
        [
            0.12094911932945251,
            0.00039983540773391724,
            0.03182576596736908
        ],
        [
            0.12755274772644043,
            -0.00356370210647583,
            0.023617994040250778
        ],
        [
            0.1387297511100769,
            0.004136674106121063,
            0.03086758591234684
        ],
        [
            0.150425985455513,
            0.010576635599136353,
            0.03870665654540062
        ],
        [
            0.16048282384872437,
            0.01811177283525467,
            0.04597305506467819
        ],
        [
            0.15388356149196625,
            0.021149644628167152,
            0.056009888648986816
        ],
        [
            0.14221040904521942,
            0.0011524148285388947,
            0.02389005571603775
        ],
        [
            0.14108958840370178,
            0.05794268101453781,
            0.06795965135097504
        ],
        [
            0.13743306696414948,
            0.05737351253628731,
            0.07515870779752731
        ],
        [
            0.14021329581737518,
            0.05303749442100525,
            0.07213601469993591
        ],
        [
            0.1307886838912964,
            0.0304468534886837,
            0.014078136533498764
        ],
        [
            0.13078753650188446,
            0.09044544398784637,
            0.06711048632860184
        ],
        [
            0.07687516510486603,
            0.0018958300352096558,
            0.027090828865766525
        ],
        [
            0.08642853796482086,
            -0.007043778896331787,
            0.026015184819698334
        ],
        [
            0.09017576277256012,
            -0.0006772875785827637,
            0.030848555266857147
        ],
        [
            0.07978567481040955,
            0.009657781571149826,
            0.03125286474823952
        ],
        [
            0.13669075071811676,
            0.08600696176290512,
            0.057469919323921204
        ],
        [
            0.13174688816070557,
            0.08842542767524719,
            0.06110609695315361
        ],
        [
            0.1618647575378418,
            0.03959062695503235,
            0.03491856902837753
        ],
        [
            0.164568230509758,
            0.04277106374502182,
            0.03914085775613785
        ],
        [
            0.16773588955402374,
            0.04069967940449715,
            0.03919404372572899
        ],
        [
            0.16750776767730713,
            0.038607366383075714,
            0.03347344696521759
        ],
        [
            0.1297103315591812,
            -0.005493108183145523,
            0.018297508358955383
        ],
        [
            0.17299486696720123,
            0.018433598801493645,
            0.02688695676624775
        ],
        [
            0.16967307031154633,
            0.01644798368215561,
            0.03788361698389053
        ],
        [
            0.11763474345207214,
            -0.010121714323759079,
            0.017703335732221603
        ],
        [
            0.11183977127075195,
            -0.007292956113815308,
            0.025167565792798996
        ],
        [
            0.1057392954826355,
            -0.013141516596078873,
            0.020113587379455566
        ],
        [
            0.15030363202095032,
            0.033297911286354065,
            0.06458776444196701
        ],
        [
            0.11741407960653305,
            0.005115088075399399,
            0.03832774609327316
        ],
        [
            0.10804231464862823,
            -0.0029623806476593018,
            0.03033323958516121
        ],
        [
            0.10057832300662994,
            -0.009748220443725586,
            0.024521604180336
        ],
        [
            0.09579479694366455,
            -0.0154043510556221,
            0.020488541573286057
        ],
        [
            0.10193558782339096,
            -0.018459513783454895,
            0.01598857343196869
        ],
        [
            0.14408178627490997,
            0.08788210898637772,
            0.0755869597196579
        ],
        [
            0.1516837477684021,
            0.0898611918091774,
            0.07084720581769943
        ],
        [
            0.09788455814123154,
            -0.02577461302280426,
            0.012204818427562714
        ],
        [
            0.09106046706438065,
            -0.021556533873081207,
            0.016993671655654907
        ],
        [
            0.10263827443122864,
            0.0025587081909179688,
            0.035435885190963745
        ],
        [
            0.09594061970710754,
            0.010082986205816269,
            0.04019082337617874
        ],
        [
            0.11191674321889877,
            0.010346818715333939,
            0.0427950881421566
        ],
        [
            0.1058981865644455,
            0.018416061997413635,
            0.04847738891839981
        ],
        [
            0.1426951140165329,
            0.033745989203453064,
            0.07295361161231995
        ],
        [
            0.15424580872058868,
            0.09902667999267578,
            0.05466219037771225
        ],
        [
            0.15393748879432678,
            0.0908796489238739,
            0.062486156821250916
        ],
        [
            0.1509719043970108,
            0.08726846426725388,
            0.0587669275701046
        ],
        [
            0.15372122824192047,
            0.09537316858768463,
            0.052358441054821014
        ],
        [
            0.15232746303081512,
            0.08535201847553253,
            0.06477899849414825
        ],
        [
            0.15227095782756805,
            0.09424368292093277,
            0.0670672208070755
        ],
        [
            0.09641186892986298,
            0.02968014031648636,
            0.05077357590198517
        ],
        [
            0.1414661407470703,
            0.06224876642227173,
            0.0605994388461113
        ],
        [
            0.08461438119411469,
            0.023016780614852905,
            0.03935319557785988
        ],
        [
            0.08799616247415543,
            0.045402418822050095,
            0.05375724285840988
        ],
        [
            0.0796668604016304,
            0.04134100675582886,
            0.043109551072120667
        ],
        [
            0.07203546166419983,
            0.01851385086774826,
            0.027431052178144455
        ],
        [
            0.07138577848672867,
            0.033353641629219055,
            0.030972391366958618
        ],
        [
            0.06682632863521576,
            0.004630662500858307,
            0.019941437989473343
        ],
        [
            0.07062675058841705,
            0.010755162686109543,
            0.024280797690153122
        ],
        [
            0.0707947313785553,
            0.048198066651821136,
            0.03294718638062477
        ],
        [
            0.1382053941488266,
            0.09433268010616302,
            0.051887910813093185
        ],
        [
            0.1435166597366333,
            0.09139229357242584,
            0.050580523908138275
        ],
        [
