{
    "pred_cam": [
        5.91816520690918,
        -0.17074231803417206,
        -0.021307528018951416
    ],
    "pred_mano_params": {
        "global_orient": [
            [
                [
                    -0.6704277396202087,
                    -0.7153277397155762,
                    0.19706039130687714
                ],
                [
                    0.03825927525758743,
                    -0.29856422543525696,
                    -0.9536222815513611
                ],
                [
                    0.7409877181053162,
                    -0.6317954659461975,
                    0.22753365337848663
                ]
            ]
        ],
        "hand_pose": [
            [
                [
                    0.7858741283416748,
                    -0.5133440494537354,
                    -0.34478944540023804
                ],
                [
                    0.485155314207077,
                    0.8575513362884521,
                    -0.1709677278995514
                ],
                [
                    0.38343992829322815,
                    -0.0329173281788826,
                    0.9229789972305298
                ]
            ],
            [
                [
                    0.9530311822891235,
                    -0.27111536264419556,
                    0.13501134514808655
                ],
                [
                    0.2989106774330139,
                    0.9138081073760986,
                    -0.2749675512313843
                ],
                [
                    -0.04882652312517166,
                    0.30240896344184875,
                    0.9519268870353699
                ]
            ],
            [
                [
                    0.7668469548225403,
                    -0.6312804222106934,
                    0.11589140444993973
                ],
                [
                    0.6112102270126343,
                    0.7733652591705322,
                    0.16830970346927643
                ],
                [
                    -0.19587701559066772,
                    -0.05823376029729843,
                    0.9788978099822998
                ]
            ],
            [
                [
                    0.6179643273353577,
                    -0.7517191767692566,
                    -0.2303004115819931
                ],
                [
                    0.7614511251449585,
                    0.6451806426048279,
                    -0.06272229552268982
                ],
                [
                    0.1957349181175232,
                    -0.13660238683223724,
                    0.9710960388183594
                ]
            ],
            [
                [
                    0.9990038275718689,
                    0.021333277225494385,
                    -0.03919530287384987
                ],
                [
                    -0.011995241977274418,
                    0.9743766784667969,
                    0.22460216283798218
                ],
                [
                    0.042982492595911026,
                    -0.22390826046466827,
                    0.9736618995666504
                ]
            ],
            [
                [
                    0.8922979831695557,
                    -0.45060640573501587,
                    0.02753766067326069
                ],
                [
                    0.45037487149238586,
                    0.8927226066589355,
                    0.014452459290623665
                ],
                [
                    -0.03109586238861084,
                    -0.0004936298355460167,
                    0.9995163679122925
                ]
            ],
            [
                [
                    0.664887011051178,
                    -0.6890124082565308,
                    0.28842198848724365
                ],
                [
                    0.5757145285606384,
                    0.7187393307685852,
                    0.3898289203643799
                ],
                [
                    -0.4758971631526947,
                    -0.09314346313476562,
                    0.8745548725128174
                ]
            ],
            [
                [
                    0.978073239326477,
                    -0.11365610361099243,
                    -0.17451396584510803
                ],
                [
                    0.1159743145108223,
                    0.9932473301887512,
                    0.003109872108325362
                ],
                [
                    0.1729820817708969,
                    -0.023280814290046692,
                    0.9846498370170593
                ]
            ],
            [
                [
                    0.9765670299530029,
                    -0.1976509541273117,
                    -0.0851532444357872
                ],
                [
                    0.2116021066904068,
                    0.8096395134925842,
                    0.5474564433097839
                ],
                [
                    -0.03926180675625801,
                    -0.5526464581489563,
                    0.8324906229972839
                ]
            ],
            [
                [
                    0.6326985359191895,
                    -0.7723243832588196,
                    0.05663648620247841
                ],
                [
                    0.7742702960968018,
                    0.6295704245567322,
                    -0.06439439952373505
                ],
                [
                    0.01407670695334673,
                    0.08459418267011642,
                    0.996316134929657
                ]
            ],
            [
                [
                    0.9993605613708496,
                    0.01769116520881653,
                    0.03107188455760479
                ],
                [
                    -0.028486907482147217,
                    0.9191417098045349,
                    0.39289575815200806
                ],
                [
                    -0.021608682349324226,
                    -0.3935296833515167,
                    0.9190579652786255
                ]
            ],
            [
                [
                    0.8471351861953735,
                    -0.521852970123291,
                    -0.10015704482793808
                ],
                [
                    0.5311371684074402,
                    0.8259079456329346,
                    0.1891278177499771
                ],
                [
                    -0.01597640849649906,
                    -0.21341396868228912,
                    0.9768311977386475
                ]
            ],
            [
                [
                    0.866566002368927,
                    -0.1647326946258545,
                    -0.47109073400497437
                ],
                [
                    -0.3445773124694824,
                    0.4853403568267822,
                    -0.8035615682601929
                ],
                [
                    0.36101222038269043,
                    0.8586663007736206,
                    0.3638162910938263
                ]
            ],
            [
                [
                    0.8085392713546753,
                    -0.494855135679245,
                    -0.3184064030647278
                ],
                [
                    0.5875462889671326,
                    0.6490650773048401,
                    0.4832223951816559
                ],
                [
                    -0.032458581030368805,
                    -0.5777828097343445,
                    0.8155449032783508
                ]
            ],
            [
                [
                    0.878370463848114,
                    0.41103652119636536,
                    -0.24395550787448883
                ],
                [
                    -0.4395301938056946,
                    0.895147442817688,
                    -0.07432533800601959
                ],
                [
                    0.18782570958137512,
                    0.1725109964609146,
                    0.9669340252876282
                ]
            ]
        ],
        "betas": [
            -0.06268972158432007,
            -0.20511487126350403,
            -0.08773529529571533,
            -0.03756639361381531,
            0.034656137228012085,
            0.015429291874170303,
            0.03474384546279907,
            -0.03636220097541809,
            0.0058678388595581055,
            -0.015707433223724365
        ]
    },
    "pred_cam_t": [
        -0.17074231803417206,
        -0.021307528018951416,
        6.600440979003906
    ],
    "focal_length": [
        5000.0,
        5000.0
    ],
    "pred_keypoints_3d": [
        [
            0.09608763456344604,
            0.006418723147362471,
            0.006262307986617088
        ],
        [
            0.12841585278511047,
            -0.014535048976540565,
            0.004083956591784954
        ],
        [
            0.15639230608940125,
            -0.014237423427402973,
            -0.008937633596360683
        ],
        [
            0.17747658491134644,
            -0.0027419859543442726,
            -0.021700583398342133
        ],
        [
            0.19824202358722687,
            0.007665925659239292,
            -0.05008888989686966
        ],
        [
            0.16307175159454346,
            -0.015002923086285591,
            -0.0512237548828125
        ],
        [
            0.1893700212240219,
            -0.0020807255059480667,
            -0.06672661006450653
        ],
        [
            0.20852553844451904,
            0.00938678439706564,
            -0.06697869300842285
        ],
        [
            0.22565697133541107,
            0.020510723814368248,
            -0.05285979434847832
        ],
        [
            0.16017821431159973,
            0.0065612150356173515,
            -0.06391248852014542
        ],
        [
            0.1868704855442047,
            0.02370775118470192,
            -0.06687804311513901
        ],
        [
            0.20613884925842285,
            0.03699231892824173,
            -0.06589483469724655
        ],
        [
            0.2275133728981018,
            0.04934949800372124,
            -0.05795057862997055
        ],
        [
            0.14869609475135803,
            0.02999289706349373,
            -0.05816256254911423
        ],
        [
            0.17564746737480164,
            0.04035475105047226,
            -0.06126900017261505
        ],
        [
            0.19748789072036743,
            0.052200689911842346,
            -0.058952875435352325
        ],
        [
            0.21761581301689148,
            0.06283330917358398,
            -0.047093115746974945
        ],
        [
            0.1410476714372635,
            0.04805012047290802,
            -0.04858486354351044
        ],
        [
            0.16113558411598206,
            0.05455860495567322,
            -0.051137715578079224
        ],
        [
            0.17830660939216614,
            0.06293637305498123,
            -0.05100886523723602
        ],
        [
            0.19685284793376923,
            0.07060059159994125,
            -0.04257822781801224
        ]
    ],
    "pred_vertices": [
        [
            0.14313744008541107,
            -0.005087946075946093,
            -0.016386274248361588
        ],
        [
            0.13540861010551453,
            -0.002984742633998394,
            -0.0074211061000823975
        ],
        [
            0.14292025566101074,
            -0.004654303193092346,
            -0.010262217372655869
        ],
        [
            0.14957325160503387,
            -0.009315140545368195,
            -0.01776120811700821
        ],
        [
            0.14172112941741943,
            -0.001350834034383297,
            0.009772628545761108
        ],
        [
            0.14298994839191437,
            -0.010847676545381546,
            0.017506614327430725
        ],
        [
            0.15767942368984222,
            -0.01011915598064661,
            0.00681624561548233
        ],
        [
            0.15384851396083832,
            -0.0008923346176743507,
            0.003229904919862747
        ],
        [
            0.15364708006381989,
            -0.012214933522045612,
            -0.020536944270133972
        ],
        [
            0.14968106150627136,
            -0.005607341416180134,
            -0.012464337050914764
        ],
        [
            0.15244145691394806,
            -0.012927565723657608,
            -0.022511597722768784
        ],
        [
            0.1529546082019806,
            -0.0233676228672266,
            -0.03352335840463638
        ],
        [
            0.15617811679840088,
            -0.018901661038398743,
            -0.0294028427451849
        ],
        [
            0.1554204523563385,
            -0.0261047575622797,
            -0.04145549237728119
        ],
        [
            0.14341998100280762,
            -0.027665747329592705,
            -0.034121640026569366
        ],
        [
            0.14848682284355164,
            -0.026171300560235977,
            -0.04774714261293411
        ],
        [
            0.12414608895778656,
            -0.011703670024871826,
            -0.041846271604299545
        ],
        [
            0.11876004934310913,
            0.0006747175939381123,
            -0.04258742183446884
        ],
        [
            0.13025304675102234,
            0.0021941042505204678,
            -0.05581625923514366
        ],
        [
            0.1352388858795166,
            -0.010251769796013832,
            -0.053075216710567474
        ],
        [
            0.12219561636447906,
            0.02042350359261036,
            -0.04942202568054199
        ],
        [
            0.1271776556968689,
            0.010497603565454483,
            -0.05368446558713913
        ],
        [
            0.11479287594556808,
            0.008684786036610603,
            -0.04136095196008682
        ],
        [
            0.11115613579750061,
            0.017689315602183342,
            -0.03803015500307083
        ],
        [
            0.13421255350112915,
            0.006479052826762199,
            -0.014602568000555038
        ],
        [
            0.12716463208198547,
            0.007418271619826555,
            -0.005686372518539429
        ],
        [
            0.12894204258918762,
            0.002282773144543171,
            -0.0063024163246154785
        ],
        [
            0.136463463306427,
            0.0016429969109594822,
            -0.014764238148927689
        ],
        [
            0.15729279816150665,
            -0.013842478394508362,
            -0.021339360624551773
        ],
        [
            0.14728224277496338,
            -0.02537301741540432,
            -0.02010297030210495
        ],
        [
            0.1493348777294159,
            -0.01973830908536911,
            -0.02381846308708191
        ],
        [
            0.15762321650981903,
            -0.008506102487444878,
            -0.020103387534618378
        ],
        [
            0.11369839310646057,
            0.01945902779698372,
            0.016584578901529312
        ],
        [
            0.10185034573078156,
            0.015858475118875504,
            0.022060371935367584
        ],
        [
            0.10307376831769943,
            0.01003282517194748,
            0.022544920444488525
        ],
        [
            0.11331880837678909,
            0.014319416135549545,
            0.01722782477736473
        ],
        [
            0.11898079514503479,
            -0.007499219384044409,
            0.025306683033704758
        ],
        [
            0.1072717159986496,
            -0.0077782669104635715,
            0.025605197995901108
        ],
        [
            0.10018014907836914,
            -0.019055906683206558,
            0.025158066302537918
        ],
        [
            0.11129461228847504,
            -0.021349018439650536,
            0.022318579256534576
        ],
        [
            0.1317320019006729,
            -0.00915730930864811,
            0.022566720843315125
        ],
        [
            0.1266970932483673,
            -0.021778717637062073,
            0.022141456604003906
        ],
        [
            0.14170008897781372,
            -0.02218012884259224,
            0.016651488840579987
        ],
        [
            0.15861165523529053,
            -0.019151367247104645,
            0.005006439983844757
        ],
        [
            0.09704283624887466,
            0.0274106003344059,
            0.01916014403104782
        ],
        [
            0.10532404482364655,
            0.031900499016046524,
            0.015106134116649628
        ],
        [
            0.1967165470123291,
            -0.001998772844672203,
            -0.05720360577106476
        ],
        [
            0.1949307918548584,
            0.0036281850188970566,
            -0.057398103177547455
        ],
        [
            0.19108426570892334,
            0.0010321959853172302,
            -0.05508004128932953
        ],
        [
            0.19359175860881805,
            -0.004138680174946785,
            -0.05574563518166542
        ],
        [
            0.08894277364015579,
            0.034976083785295486,
            0.0022138431668281555
        ],
        [
            0.08303792774677277,
            0.031084012240171432,
            -0.004964616149663925
        ],
        [
            0.07890760898590088,
            0.03181295841932297,
            0.0010305047035217285
        ],
        [
            0.08460637927055359,
            0.033581141382455826,
            0.008293278515338898
        ],
        [
            0.09472449123859406,
            0.03675435110926628,
            -0.005791898816823959
        ],
        [
            0.08930393308401108,
            0.02980075404047966,
            -0.012831266969442368
        ],
        [
            0.19707052409648895,
            -0.006836407817900181,
            -0.06902419030666351
        ],
        [
            0.19852668046951294,
            -0.007407196797430515,
            -0.06409928947687149
        ],
        [
            0.19404195249080658,
            -0.009993711486458778,
            -0.06400960683822632
        ],
        [
            0.1914391964673996,
            -0.008937835693359375,
            -0.06843050569295883
        ],
        [
            0.15545997023582458,
            -0.013445110060274601,
            -0.02563617192208767
        ],
        [
            0.15081694722175598,
            -0.006323434412479401,
            -0.02351418510079384
        ],
        [
            0.16634975373744965,
            -0.013356209732592106,
            -0.03933225944638252
        ],
        [
            0.15957657992839813,
            -0.009936103597283363,
            -0.034124165773391724
        ],
        [
            0.16012543439865112,
            -0.016826270148158073,
            -0.03329549729824066
        ],
        [
            0.16519290208816528,
            -0.019318854436278343,
            -0.03878967836499214
        ],
        [
            0.14769811928272247,
            0.010526742786169052,
            -0.03290514647960663
        ],
        [
            0.14003123342990875,
            0.009716600179672241,
            -0.024058282375335693
        ],
        [
            0.14322905242443085,
            0.0040357718244194984,
            -0.02489764243364334
        ],
        [
            0.15273934602737427,
            0.003557496704161167,
            -0.033874787390232086
        ],
        [
            0.13641448318958282,
            0.02326546609401703,
            -0.0220879465341568
        ],
        [
            0.1438872069120407,
            0.02283325418829918,
            -0.03128805756568909
        ],
        [
            0.14090465009212494,
            0.03055611066520214,
            -0.029098976403474808
        ],
        [
            0.13685093820095062,
            0.02977469563484192,
            -0.022275343537330627
        ],
        [
            0.15641435980796814,
            0.01840066723525524,
            -0.04677903279662132
        ],
        [
            0.1596846729516983,
            0.017835643142461777,
            -0.0515894889831543
        ],
        [
            0.16023030877113342,
            0.022138074040412903,
            -0.051078442484140396
        ],
        [
            0.15504072606563568,
            0.021912967786192894,
            -0.04619469493627548
        ],
        [
            0.0741308182477951,
            0.031755320727825165,
            0.006312243640422821
        ],
        [
            0.08041301369667053,
            0.03130534663796425,
            0.013844221830368042
        ],
        [
            0.11717717349529266,
            0.04007464274764061,
            -0.0411946140229702
        ],
        [
            0.1172872930765152,
            0.04681681841611862,
            -0.03223516792058945
        ],
        [
            0.12588058412075043,
            0.05090317502617836,
            -0.04141075536608696
        ],
        [
            0.12323881685733795,
            0.04254702851176262,
            -0.04924718663096428
        ],
        [
            0.08103623241186142,
            0.022680893540382385,
            -0.010690469294786453
        ],
        [
            0.07553059607744217,
            0.0250906590372324,
            -0.005614783614873886
        ],
        [
            0.1944873034954071,
            -0.002756173722445965,
            -0.0729050561785698
        ],
        [
            0.1885681450366974,
            -0.004571929574012756,
            -0.07128521800041199
        ],
        [
            0.13313530385494232,
            -0.031237788498401642,
            0.010510843247175217
        ],
        [
            0.1551106870174408,
            -0.02677566185593605,
            0.00026023387908935547
        ],
        [
            0.11518558859825134,
            -0.029608191922307014,
            0.014507632702589035
        ],
        [
            0.10258424282073975,
            -0.02674735151231289,
            0.015008576214313507
        ],
        [
            0.09293291717767715,
            -0.025395750999450684,
            0.017517484724521637
        ],
        [
            0.1605442464351654,
            -0.004431682638823986,
            -0.037455879151821136
        ],
        [
            0.1440320461988449,
            -0.0006491364911198616,
            -0.021395638585090637
        ],
        [
            0.13251596689224243,
            0.011246709153056145,
            -0.014211751520633698
        ],
        [
            0.1289040446281433,
            0.041794952005147934,
            -0.012367576360702515
        ],
        [
            0.12262716144323349,
            0.04072253033518791,
            -0.003918029367923737
        ],
        [
            0.1283501237630844,
            0.03192487359046936,
            -0.005925044417381287
        ],
        [
            0.13223454356193542,
            0.03454423323273659,
            -0.013351883739233017
        ],
        [
            0.1235046312212944,
            0.05052739381790161,
            -0.025423940271139145
        ],
        [
            0.13043388724327087,
            0.04792565107345581,
            -0.02233351394534111
        ],
        [
            0.13549396395683289,
            0.04918340593576431,
            -0.029453109949827194
        ],
        [
            0.1300944685935974,
            0.05265006795525551,
            -0.033555228263139725
        ],
        [
            0.16057941317558289,
            -0.020164933055639267,
            -0.02017867937684059
        ],
        [
            0.14693571627140045,
            -0.030243713408708572,
            -0.01538114994764328
        ],
        [
            0.09623966366052628,
            0.03537847846746445,
            0.009919971227645874
        ],
        [
            0.09180755913257599,
            0.03163355216383934,
            0.015199072659015656
        ],
        [
            0.08502694219350815,
            0.0288357175886631,
            0.019565053284168243
        ],
        [
            0.12108862400054932,
            0.012116784229874611,
            0.006500855088233948
        ],
        [
            0.11320057511329651,
            0.010694583877921104,
            0.017921488732099533
        ],
        [
            0.11527785658836365,
            0.006579655688256025,
            0.018610257655382156
        ],
        [
            0.12103497236967087,
            0.008534405380487442,
            0.006077781319618225
        ],
        [
            0.13102325797080994,
            0.0007136417552828789,
            0.003158196806907654
        ],
        [
            0.12924018502235413,
            -9.73772257566452e-05,
            0.015992403030395508
        ],
        [
            0.14043916761875153,
            0.0013971999287605286,
            -0.0016982555389404297
        ],
        [
            0.10373534262180328,
            0.0019717649556696415,
            0.02452872321009636
        ],
        [
            0.09517630934715271,
            0.007833240553736687,
            0.028749234974384308
        ],
        [
            0.0961829274892807,
            -0.0010210657492280006,
            0.029289979487657547
        ],
        [
            0.09211442619562149,
            0.016936015337705612,
            0.026786644011735916
        ],
        [
            0.08873105049133301,
            0.02459479495882988,
            0.02378036081790924
        ],
        [
            0.06782067567110062,
            0.02600373700261116,
            -0.002039976418018341
        ],
        [
            0.09691711515188217,
            -0.009228138253092766,
            0.028172336518764496
        ],
        [
            0.16229034960269928,
            -0.0022717989049851894,
            -0.0018568038940429688
        ],
        [
            0.1693841516971588,
            -0.0020311344414949417,
            -0.006500590592622757
        ],
        [
            0.16405309736728668,
            0.0008574649691581726,
            -0.010655280202627182
        ],
        [
            0.15714596211910248,
            0.00033315736800432205,
            -0.007407866418361664
        ],
        [
            0.16078750789165497,
            -0.025961320847272873,
            -0.04956912621855736
        ],
        [
            0.16453924775123596,
            -0.02362200804054737,
            -0.04290281981229782
        ],
        [
            0.1585896909236908,
            -0.023126157000660896,
            -0.03537432849407196
        ],
        [
            0.11971183121204376,
            0.02555459551513195,
            0.008563324809074402
        ],
        [
            0.11245368421077728,
            0.03589567542076111,
            0.007875680923461914
        ],
        [
            0.1667613387107849,
            -0.007776366546750069,
            -0.042761534452438354
        ],
        [
            0.1866808980703354,
            -0.01099558174610138,
            -0.0686565563082695
        ],
        [
            0.18945898115634918,
            -0.012559899128973484,
            -0.06365891546010971
        ],
        [
            0.17461451888084412,
            -0.020762696862220764,
            -0.05683015659451485
        ],
        [
            0.17201462388038635,
            -0.018840570002794266,
            -0.06289380043745041
        ],
        [
            0.16781583428382874,
            -0.0032191153150051832,
            -0.0523286871612072
        ],
        [
            0.1689283400774002,
            -0.0063400790095329285,
            -0.0461977943778038
        ],
        [
            0.1697407215833664,
            -0.004961826838552952,
            -0.04843653738498688
        ],
        [
            0.16906696557998657,
            -0.0004420394543558359,
            -0.05315752327442169
        ],
        [
            0.15560168027877808,
            0.029586555436253548,
            -0.04793575033545494
        ],
        [
            0.15123875439167023,
            0.02917660027742386,
            -0.043450213968753815
        ],
        [
            0.14861606061458588,
            -0.007118748035281897,
            -0.061550628393888474
        ],
        [
            0.1485069990158081,
            -0.020462650805711746,
            -0.06041054427623749
        ],
        [
            0.13980920612812042,
            -0.020913202315568924,
            -0.05114166811108589
        ],
        [
            0.14474917948246002,
            0.017281729727983475,
            -0.031649377197027206
        ],
        [
            0.15133392810821533,
            0.018706995993852615,
            -0.03958436846733093
        ],
        [
            0.14985525608062744,
            0.022567208856344223,
            -0.039245352149009705
        ],
        [
            0.16159142553806305,
            -0.00135066919028759,
            -0.04100719094276428
        ],
        [
            0.1658388078212738,
            -0.002871203701943159,
            -0.046228185296058655
        ],
        [
            0.16299539804458618,
            0.0010894129518419504,
            -0.046062618494033813
        ],
        [
            0.15862978994846344,
            0.0033082012087106705,
            -0.0407191663980484
        ],
        [
            0.1080765426158905,
            0.043584324419498444,
            -0.023244667798280716
        ],
        [
            0.11535772681236267,
            0.04830431565642357,
            -0.015471793711185455
        ],
        [
            0.1982189565896988,
            -0.005819289013743401,
            -0.059701092541217804
        ],
        [
            0.19456705451011658,
            -0.008248831145465374,
            -0.05910233408212662
        ],
        [
            0.13733001053333282,
            0.016331559047102928,
            -0.02297026664018631
        ],
        [
            0.13053521513938904,
            -0.020703766494989395,
            -0.039427366107702255
        ],
        [
            0.13089238107204437,
            0.016454705968499184,
            -0.013479046523571014
        ],
        [
            0.1381511390209198,
            0.03309415653347969,
            -0.057562414556741714
        ],
        [
            0.14328765869140625,
            0.037902288138866425,
            -0.053008176386356354
        ],
        [
            0.1483273208141327,
            0.03771687299013138,
            -0.055098757147789
        ],
        [
            0.1464124619960785,
            0.03490458428859711,
            -0.06018214672803879
        ],
        [
            0.18086816370487213,
            0.00590930413454771,
            -0.06017661094665527
        ],
        [
            0.1841779500246048,
            0.004054986871778965,
            -0.055756714195013046
        ],
        [
            0.18812668323516846,
            0.006081376224756241,
            -0.057327330112457275
        ],
        [
            0.18558499217033386,
            0.007983850315213203,
            -0.062204718589782715
        ],
        [
            0.170216366648674,
            -0.011441146023571491,
            -0.0436372235417366
        ],
        [
            0.17054252326488495,
            -0.01779276691377163,
            -0.0433240681886673
        ],
        [
            0.1749618947505951,
            -0.01441272720694542,
            -0.04664645344018936
        ],
        [
            0.17273834347724915,
            -0.00890875793993473,
            -0.047023847699165344
        ],
        [
            0.17024314403533936,
            -0.021908819675445557,
            -0.04789518564939499
        ],
        [
            0.1753866821527481,
            -0.019098354503512383,
            -0.050811152905225754
        ],
        [
            0.1791202276945114,
            0.004237018525600433,
            -0.06615668535232544
        ],
        [
            0.1800788938999176,
            -0.0013138111680746078,
            -0.07106131315231323
        ],
        [
            0.16635560989379883,
            -0.006708225701004267,
            -0.06597571820020676
        ],
        [
            0.1683557778596878,
            -0.0009009665809571743,
            -0.06076634302735329
        ],
        [
            0.09971015155315399,
            0.014817409217357635,
            -0.02833380177617073
        ],
        [
            0.09795194864273071,
            0.025420917198061943,
            -0.025276262313127518
        ],
        [
            0.1091899499297142,
            0.02859005518257618,
            -0.03499322757124901
        ],
        [
            0.11936185508966446,
            0.032092899084091187,
            -0.045533888041973114
        ],
        [
            0.1298450082540512,
            0.034314218908548355,
            -0.05467905104160309
        ],
        [
            0.13082103431224823,
            0.023036951199173927,
            -0.05981647968292236
        ],
        [
            0.10740317404270172,
            0.03570953384041786,
            -0.03131643310189247
        ],
        [
            0.16235920786857605,
            -0.0025880630128085613,
            -0.05806078016757965
        ],
        [
            0.1575496792793274,
            -0.009787436574697495,
            -0.062365394085645676
        ],
        [
            0.15719641745090485,
            -0.004630833398550749,
            -0.061487212777137756
        ],
        [
            0.13044966757297516,
            0.02377193048596382,
            -0.012057531625032425
        ],
        [
            0.19049447774887085,
            -0.011295371688902378,
            -0.05867033451795578
        ],
        [
            0.0868787094950676,
            -0.019372934475541115,
            -0.003216702491044998
        ],
        [
            0.08102904260158539,
            -0.008129294961690903,
            -0.008690278977155685
        ],
        [
            0.08847265690565109,
            -0.009413640014827251,
            -0.013192996382713318
        ],
        [
            0.09603187441825867,
            -0.02189069241285324,
            -0.006403092294931412
        ],
        [
            0.18767772614955902,
            -0.0013360697776079178,
            -0.0532437264919281
        ],
        [
            0.19015204906463623,
            -0.0070556048303842545,
            -0.054013561457395554
        ],
        [
            0.15027403831481934,
            0.035652607679367065,
            -0.04345501959323883
        ],
        [
            0.15392209589481354,
            0.035024791955947876,
            -0.0480041541159153
        ],
        [
            0.15274442732334137,
            0.03805919736623764,
            -0.050243355333805084
        ],
        [
            0.1507231444120407,
            0.04084623605012894,
            -0.04533129930496216
        ],
        [
            0.09667302668094635,
            0.03038044460117817,
            -0.022203762084245682
        ],
        [
            0.13340811431407928,
            0.05346323549747467,
            -0.04486050084233284
        ],
        [
            0.1303231567144394,
            0.04588482156395912,
            -0.052443139255046844
        ],
        [
            0.08822789043188095,
            0.022240398451685905,
            -0.016970321536064148
        ],
        [
            0.08918672055006027,
            0.012965518981218338,
            -0.019997816532850266
        ],
        [
            0.08151768147945404,
            0.012218795716762543,
            -0.013971131294965744
        ],
        [
            0.14128905534744263,
            0.012401078827679157,
            -0.06332229822874069
        ],
        [
            0.10312993824481964,
            0.007377856411039829,
            -0.031241770833730698
        ],
        [
            0.09212753176689148,
            0.006096734665334225,
            -0.021733570843935013
        ],
        [
            0.08307506889104843,
            0.0048807947896420956,
            -0.014640305191278458
        ],
        [
            0.07608179748058319,
            0.0046118819154798985,
            -0.010049298405647278
        ],
        [
            0.075166717171669,
            0.012705666944384575,
            -0.009703658521175385
        ],
        [
            0.18322186172008514,
            -0.006290941033512354,
            -0.07096385955810547
        ],
        [
            0.18576189875602722,
            0.0014666449278593063,
            -0.07227043062448502
        ],
        [
            0.06679993122816086,
            0.013341676443815231,
            -0.00612698495388031
        ],
        [
            0.06861361861228943,
            0.004228776320815086,
            -0.006125785410404205
        ],
        [
            0.0956716313958168,
            -0.002383686136454344,
            -0.022396869957447052
        ],
        [
            0.10111843049526215,
            -0.012761639431118965,
            -0.021573327481746674
        ],
        [
            0.10632398724555969,
            -0.0007457542233169079,
            -0.031394414603710175
        ],
        [
            0.11221608519554138,
            -0.010781900957226753,
            -0.03170536085963249
        ],
        [
            0.13934047520160675,
            0.0018731923773884773,
            -0.06597067415714264
        ],
        [
            0.20185814797878265,
            0.012059133499860764,
            -0.07308468222618103
        ],
        [
            0.19106653332710266,
            0.008341960608959198,
            -0.07123459130525589
        ],
        [
            0.19088497757911682,
            0.010010696947574615,
            -0.06566198170185089
        ],
        [
            0.20054931938648224,
            0.014295992441475391,
            -0.06964682042598724
        ],
        [
            0.184531107544899,
            0.006475262343883514,
            -0.06783455610275269
        ],
        [
            0.19191953539848328,
            0.003340715542435646,
            -0.07390829175710678
        ],
        [
            0.12065131962299347,
            -0.022318752482533455,
            -0.027380818501114845
        ],
        [
            0.16646325588226318,
            0.00038717046845704317,
            -0.05113838613033295
        ],
        [
            0.11199432611465454,
            -0.025893334299325943,
            -0.013265043497085571
        ],
        [
            0.13429126143455505,
            -0.030528653413057327,
            -0.0255263838917017
        ],
        [
            0.1305115520954132,
            -0.03263748809695244,
            -0.013609252870082855
        ],
        [
            0.10506348311901093,
            -0.029948566108942032,
            0.002534016966819763
        ],
        [
            0.12321760505437851,
            -0.034451235085725784,
            0.0003058090806007385
        ],
        [
            0.08631087094545364,
            -0.024599289521574974,
            0.00824187695980072
        ],
        [
            0.09478116035461426,
