{
    "pred_cam": [
        5.720372676849365,
        -0.04950293153524399,
        0.002580687403678894
    ],
    "pred_mano_params": {
        "global_orient": [
            [
                [
                    0.8347963690757751,
                    0.5505523681640625,
                    0.0026663332246243954
                ],
                [
                    0.4160631000995636,
                    -0.6276854276657104,
                    -0.6579532623291016
                ],
                [
                    -0.36056408286094666,
                    0.5503664016723633,
                    -0.7530540227890015
                ]
            ]
        ],
        "hand_pose": [
            [
                [
                    0.8221404552459717,
                    -0.5416399240493774,
                    -0.1752461940050125
                ],
                [
                    0.530677080154419,
                    0.840601921081543,
                    -0.10849031060934067
                ],
                [
                    0.20607499778270721,
                    -0.0038048706483095884,
                    0.9785287380218506
                ]
            ],
            [
                [
                    0.7233511805534363,
                    -0.6750062108039856,
                    0.14536099135875702
                ],
                [
                    0.688310980796814,
                    0.6882436275482178,
                    -0.22923514246940613
                ],
                [
                    0.05469134449958801,
                    0.2658710479736328,
                    0.9624560475349426
                ]
            ],
            [
                [
                    0.8248285055160522,
                    -0.5580794215202332,
                    0.09058327972888947
                ],
                [
                    0.5466810464859009,
                    0.8281086683273315,
                    0.12399966269731522
                ],
                [
                    -0.1442144513130188,
                    -0.052758291363716125,
                    0.9881390929222107
                ]
            ],
            [
                [
                    0.23490403592586517,
                    -0.9274652600288391,
                    -0.2909093499183655
                ],
                [
                    0.9712308049201965,
                    0.23600198328495026,
                    0.03183943033218384
                ],
                [
                    0.039125215262174606,
                    -0.29001933336257935,
                    0.9562206268310547
                ]
            ],
            [
                [
                    0.9273707866668701,
                    -0.3302486836910248,
                    -0.17583881318569183
                ],
                [
                    0.3559812903404236,
                    0.9234854578971863,
                    0.143010213971138
                ],
                [
                    0.1151556447148323,
                    -0.19521880149841309,
                    0.9739757776260376
                ]
            ],
            [
                [
                    0.9176774621009827,
                    -0.3872976005077362,
                    0.08870580047369003
                ],
                [
                    0.38924092054367065,
                    0.9211220741271973,
                    -0.005064019002020359
                ],
                [
                    -0.07974758744239807,
                    0.03917505964636803,
                    0.9960450530052185
                ]
            ],
            [
                [
                    0.3806488513946533,
                    -0.9247186779975891,
                    0.0013499410124495625
                ],
                [
                    0.6200219392776489,
                    0.25630679726600647,
                    0.7415387034416199
                ],
                [
                    -0.6860606670379639,
                    -0.28142887353897095,
                    0.6709087491035461
                ]
            ],
            [
                [
                    0.9498569369316101,
                    -0.28211861848831177,
                    -0.13483655452728271
                ],
                [
                    0.2918238341808319,
                    0.9546972513198853,
                    0.058241043239831924
                ],
                [
                    0.11229719966650009,
                    -0.09466917812824249,
                    0.9891547560691833
                ]
            ],
            [
                [
                    0.9971861839294434,
                    0.07378619909286499,
                    0.013239936903119087
                ],
                [
                    -0.07341203838586807,
                    0.9254222512245178,
                    0.37175828218460083
                ],
                [
                    0.015178106725215912,
                    -0.371684193611145,
                    0.9282350540161133
                ]
            ],
            [
                [
                    0.17978224158287048,
                    -0.9834783673286438,
                    -0.02118419110774994
                ],
                [
                    0.9558346271514893,
                    0.16955789923667908,
                    0.24006317555904388
                ],
                [
                    -0.2325049638748169,
                    -0.06340766698122025,
                    0.9705261588096619
                ]
            ],
            [
                [
                    0.9746346473693848,
                    -0.21115335822105408,
                    -0.07417192310094833
                ],
                [
                    0.22339093685150146,
                    0.8977937698364258,
                    0.3795561194419861
                ],
                [
                    -0.013553456403315067,
                    -0.3864979147911072,
                    0.9221906661987305
                ]
            ],
            [
                [
                    0.9476907253265381,
                    -0.3045785129070282,
                    0.09546864032745361
                ],
                [
                    0.28128790855407715,
                    0.9382913708686829,
                    0.20121240615844727
                ],
                [
                    -0.15086238086223602,
                    -0.16383294761180878,
                    0.9748842716217041
                ]
            ],
            [
                [
                    0.9179607629776001,
                    -0.12936043739318848,
                    -0.37498509883880615
                ],
                [
                    -0.28111499547958374,
                    0.4548009932041168,
                    -0.8450623750686646
                ],
                [
                    0.279861181974411,
                    0.881148099899292,
                    0.3811243176460266
                ]
            ],
            [
                [
                    0.9414668083190918,
                    -0.33513063192367554,
                    0.0364367812871933
                ],
                [
                    0.27932214736938477,
                    0.8360325694084167,
                    0.4722590446472168
                ],
                [
                    -0.18873082101345062,
                    -0.43443864583969116,
                    0.8807063102722168
                ]
            ],
            [
                [
                    0.9963216185569763,
                    -0.022695297375321388,
                    -0.08263155072927475
                ],
                [
                    -0.004249376244843006,
                    0.9500184059143066,
                    -0.3121650516986847
                ],
                [
                    0.08558616787195206,
                    0.3113679885864258,
                    0.9464274644851685
                ]
            ]
        ],
        "betas": [
            -0.019524410367012024,
            -0.024049222469329834,
            0.039213627576828,
            -0.01322588324546814,
            -0.038420915603637695,
            -0.038911767303943634,
            -0.00026223063468933105,
            -0.10654070973396301,
            -0.03980095684528351,
            -0.07347705960273743
        ]
    },
    "pred_cam_t": [
        -0.04950293153524399,
        0.002580687403678894,
        6.828663349151611
    ],
    "focal_length": [
        5000.0,
        5000.0
    ],
    "pred_keypoints_3d": [
        [
            0.09575638175010681,
            0.0063874502666294575,
            0.0061972495168447495
        ],
        [
            0.06713242083787918,
            -0.010832812637090683,
            -0.013189656659960747
        ],
        [
            0.03679754212498665,
            -0.016054261475801468,
            -0.014473851770162582
        ],
        [
            0.009811904281377792,
            -0.017055444419384003,
            -0.012023583054542542
        ],
        [
            -0.02580302208662033,
            -0.01586100459098816,
            -0.01040531788021326
        ],
        [
            0.019356437027454376,
            -0.04063861817121506,
            0.019528180360794067
        ],
        [
            -0.013044185936450958,
            -0.04098603129386902,
            0.02576654776930809
        ],
        [
            -0.027717452496290207,
            -0.02589593641459942,
            0.01876300945878029
        ],
        [
            -0.033347614109516144,
            -0.0061754994094371796,
            0.005022376775741577
        ],
        [
            0.01582971215248108,
            -0.029909085482358932,
            0.04210788756608963
        ],
        [
            -0.006952248513698578,
            -0.009501434862613678,
            0.03363420069217682
        ],
        [
            -0.013894411735236645,
            0.009518897160887718,
            0.022154614329338074
        ],
        [
            -0.018349146470427513,
            0.02829621359705925,
            0.005154062062501907
        ],
        [
            0.025164268910884857,
            -0.007589539047330618,
            0.05367204546928406
        ],
        [
            0.0038701314479112625,
            0.006001657340675592,
            0.039694834500551224
        ],
        [
            -0.004678312689065933,
            0.023631589487195015,
            0.024463191628456116
        ],
        [
            -0.011996270157396793,
            0.03886624425649643,
            0.005414377897977829
        ],
        [
            0.032621853053569794,
            0.012478521093726158,
            0.058150120079517365
        ],
        [
            0.01624690741300583,
            0.01999562233686447,
            0.04712337255477905
        ],
        [
            0.006182541139423847,
            0.02993723563849926,
            0.034515127539634705
        ],
        [
            -0.005326452665030956,
            0.040401674807071686,
            0.018894964829087257
        ]
    ],
    "pred_vertices": [
        [
            0.04570050165057182,
            -0.013927759602665901,
            0.003528015688061714
        ],
        [
            0.05472299084067345,
            -0.007681988179683685,
            6.544962525367737e-05
        ],
        [
            0.04652142897248268,
            -0.010423801839351654,
            -0.0013963375240564346
        ],
        [
            0.0393599271774292,
            -0.01809995248913765,
            0.00015129707753658295
        ],
        [
            0.05399283021688461,
            0.00433766096830368,
            -0.014003494754433632
        ],
        [
            0.05752592533826828,
            0.0018790960311889648,
            -0.02538129687309265
        ],
        [
            0.0416831336915493,
            -0.0028639845550060272,
            -0.02289494499564171
        ],
        [
            0.04116763547062874,
            0.0010153166949748993,
            -0.013322245329618454
        ],
        [
            0.03439658135175705,
            -0.02252616360783577,
            -0.0007581952959299088
        ],
        [
            0.03899816796183586,
            -0.012607578188180923,
            -0.002381257712841034
        ],
        [
            0.03404875099658966,
            -0.02608843706548214,
            -9.224377572536469e-05
        ],
        [
            0.033682387322187424,
            -0.039169441908597946,
            0.00304312352091074
        ],
        [
            0.03136349096894264,
            -0.032498665153980255,
            0.0018919790163636208
        ],
        [
            0.030376549810171127,
            -0.04502715542912483,
            0.007487617898732424
        ],
        [
            0.04339408501982689,
            -0.04347974807024002,
            0.003925022669136524
        ],
        [
            0.035265002399683,
            -0.049018122255802155,
            0.014539017342031002
        ],
        [
            0.058316171169281006,
            -0.03471607714891434,
            0.025820381939411163
        ],
        [
            0.061627909541130066,
            -0.025053195655345917,
            0.03495592623949051
        ],
        [
            0.04645174741744995,
            -0.031084582209587097,
            0.04353414475917816
        ],
        [
            0.044286563992500305,
            -0.03950943797826767,
            0.032536134123802185
        ],
        [
            0.0533013790845871,
            -0.012446247972548008,
            0.05113619938492775
        ],
        [
            0.048781752586364746,
            -0.022917330265045166,
            0.04727980121970177
        ],
        [
            0.06461475789546967,
            -0.017802966758608818,
            0.03961578756570816
        ],
        [
            0.06774285435676575,
            -0.008626469410955906,
            0.04313402622938156
        ],
        [
            0.053563740104436874,
            -0.003487559035420418,
            0.011203654110431671
        ],
        [
            0.06232663616538048,
            0.0019405856728553772,
            0.0069478098303079605
        ],
        [
            0.06090712174773216,
            -0.002787325531244278,
            0.004240851849317551
        ],
        [
            0.0518944151699543,
            -0.0076055992394685745,
            0.00804642029106617
        ],
        [
            0.03126741200685501,
            -0.0270135048776865,
            -0.007284404709935188
        ],
        [
            0.04324211925268173,
            -0.03399887681007385,
            -0.008657477796077728
        ],
        [
            0.03840852528810501,
            -0.03247947618365288,
            -0.0028820689767599106
        ],
        [
            0.029355116188526154,
            -0.022734757512807846,
            -0.004133665934205055
        ],
        [
            0.0798572450876236,
            0.023839442059397697,
            -9.05357301235199e-05
        ],
        [
            0.09318679571151733,
            0.023348499089479446,
            -0.0027814283967018127
        ],
        [
            0.09292884916067123,
            0.018844548612833023,
            -0.006681479513645172
        ],
        [
            0.08106635510921478,
            0.019889328628778458,
            -0.003202885389328003
        ],
        [
            0.08135151118040085,
            0.00671498104929924,
            -0.022383345291018486
        ],
        [
            0.09239286184310913,
            0.005982019007205963,
            -0.019805170595645905
        ],
        [
            0.10051075369119644,
            -0.003913499414920807,
            -0.023547673597931862
        ],
        [
            0.08969429135322571,
            -0.006556019186973572,
            -0.025679482147097588
        ],
        [
            0.06891989707946777,
            0.004873894155025482,
            -0.02469976618885994
        ],
        [
            0.07564341276884079,
            -0.005728568881750107,
            -0.03003447875380516
        ],
        [
            0.0612403005361557,
            -0.007271122187376022,
            -0.03098820522427559
        ],
        [
            0.04330526292324066,
            -0.010405199602246284,
            -0.027946390211582184
        ],
        [
            0.09546320140361786,
            0.031005868688225746,
            0.007280927151441574
        ],
        [
            0.08583294600248337,
            0.03294692188501358,
            0.01040700450539589
        ],
        [
            -0.012116927653551102,
            -0.03463023900985718,
            0.013843748718500137
        ],
        [
            -0.011404691264033318,
            -0.029909828677773476,
            0.01763967052102089
        ],
        [
            -0.008060712367296219,
            -0.03089093044400215,
            0.01698204129934311
        ],
        [
            -0.009416707791388035,
            -0.03548663109540939,
            0.013597317039966583
        ],
        [
            0.0976952314376831,
            0.027540020644664764,
            0.027196001261472702
        ],
        [
            0.10190911591053009,
            0.019974498078227043,
            0.03238696977496147
        ],
        [
            0.1073746606707573,
            0.023709751665592194,
            0.02931257151067257
        ],
        [
            0.1036568135023117,
            0.02956579066812992,
            0.022944297641515732
        ],
        [
            0.0898432508111,
            0.024815024808049202,
            0.03280477598309517
        ],
        [
            0.09398426115512848,
            0.014803390018641949,
            0.036046065390110016
        ],
        [
            -0.018688617274165154,
            -0.04390311241149902,
            0.01978430151939392
        ],
        [
            -0.017002882435917854,
            -0.04201208055019379,
            0.015210563316941261
        ],
        [
            -0.013252456672489643,
            -0.044688113033771515,
            0.016508305445313454
        ],
        [
            -0.013707516714930534,
            -0.04641849920153618,
            0.021661121398210526
        ],
        [
            0.03278181701898575,
            -0.025512687861919403,
            0.002469561994075775
        ],
        [
            0.03703384846448898,
            -0.018543001264333725,
            0.0061931367963552475
        ],
        [
            0.01950535923242569,
            -0.032174475491046906,
            0.010407893918454647
        ],
        [
            0.026606544852256775,
            -0.027009643614292145,
            0.010048688389360905
        ],
        [
            0.027216698974370956,
            -0.03217874839901924,
            0.0054643601179122925
        ],
        [
            0.021704453974962234,
            -0.03690269589424133,
            0.0068770963698625565
        ],
        [
            0.03566230833530426,
            -0.009894628077745438,
            0.023699887096881866
        ],
        [
            0.04526887089014053,
            -0.0058656856417655945,
            0.018608085811138153
        ],
        [
            0.04271543025970459,
            -0.010963207110762596,
            0.01524803601205349
        ],
        [
            0.031489305198192596,
            -0.015989506617188454,
            0.01915261335670948
        ],
        [
            0.047593433409929276,
            0.0063412003219127655,
            0.025433795526623726
        ],
        [
            0.03837284445762634,
            0.00103653222322464,
            0.03020888939499855
        ],
        [
            0.04102807492017746,
            0.00855904258787632,
            0.03344372659921646
        ],
        [
            0.046423427760601044,
            0.011657698079943657,
            0.02894662320613861
        ],
        [
            0.023259174078702927,
            -0.011164801195263863,
            0.03620793670415878
        ],
        [
            0.020398367196321487,
            -0.014506112784147263,
            0.03778932988643646
        ],
        [
            0.02026505023241043,
            -0.01084145251661539,
            0.0386170893907547
        ],
        [
            0.024453580379486084,
            -0.007905172184109688,
            0.037606868892908096
        ],
        [
            0.11336105316877365,
            0.026416044682264328,
            0.026559527963399887
        ],
        [
            0.10946173965930939,
            0.03061210736632347,
            0.018577609211206436
        ],
        [
            0.05801307410001755,
            0.008530722931027412,
            0.05677706003189087
        ],
        [
            0.05998658761382103,
            0.019004182890057564,
            0.05289819836616516
        ],
        [
            0.04815411567687988,
            0.017842255532741547,
            0.058863893151283264
        ],
        [
            0.04906497150659561,
            0.0061342366971075535,
            0.06278117746114731
        ],
        [
            0.10338074713945389,
            0.00969634111970663,
            0.0328940823674202
        ],
        [
            0.10968673974275589,
            0.01424025371670723,
            0.03185011446475983
        ],
        [
            -0.019189538434147835,
            -0.04255364090204239,
            0.02596784196794033
        ],
        [
            -0.014008631929755211,
            -0.04463380202651024,
            0.02764008194208145
        ],
        [
            0.06862857937812805,
            -0.019198046997189522,
            -0.028803210705518723
        ],
        [
            0.0466173030436039,
            -0.019983675330877304,
            -0.028003156185150146
        ],
        [
            0.08539588749408722,
            -0.017351679503917694,
            -0.025313468649983406
        ],
        [
            0.09673810005187988,
            -0.0157843716442585,
            -0.020439954474568367
        ],
        [
            0.10614198446273804,
            -0.01386696845293045,
            -0.01886073499917984
        ],
        [
            0.024142850190401077,
            -0.024134602397680283,
            0.015453653410077095
        ],
        [
            0.043375350534915924,
            -0.012893520295619965,
            0.009716317057609558
        ],
        [
            0.05470229685306549,
            0.000657007098197937,
            0.01393604651093483
        ],
        [
            0.0550544410943985,
            0.02691933512687683,
            0.030268540605902672
        ],
        [
            0.0632459819316864,
            0.03050135262310505,
            0.025044966489076614
        ],
        [
            0.058341097086668015,
            0.022331176325678825,
            0.019940804690122604
        ],
        [
            0.05249407887458801,
            0.020496785640716553,
            0.025968153029680252
        ],
        [
            0.05569153651595116,
            0.026396704837679863,
            0.04731946438550949
        ],
        [
            0.050604335963726044,
            0.02642659842967987,
            0.041006285697221756
        ],
        [
            0.04446256533265114,
            0.02379831112921238,
            0.04486261308193207
        ],
        [
            0.047184038907289505,
            0.02389715053141117,
            0.052084781229496
        ],
        [
            0.031479619443416595,
            -0.029341913759708405,
            -0.014326570555567741
        ],
        [
            0.0468997061252594,
            -0.03396797552704811,
            -0.014918258413672447
        ],
        [
            0.09270768612623215,
            0.032474152743816376,
            0.01919591799378395
        ],
        [
            0.09885372221469879,
            0.03207053616642952,
            0.014315985143184662
        ],
        [
            0.10691282153129578,
            0.03193731606006622,
            0.011353440582752228
        ],
        [
            0.07089272141456604,
            0.01239585317671299,
            0.0018005520105361938
        ],
        [
            0.08184969425201416,
            0.017246412113308907,
            -0.005554854869842529
        ],
        [
            0.08061811327934265,
            0.014245789498090744,
            -0.008671142160892487
        ],
        [
            0.07118179649114609,
            0.009084083139896393,
            0.0004814155399799347
        ],
        [
            0.0613647885620594,
            0.0011097006499767303,
            -0.0043244026601314545
        ],
        [
            0.06747075915336609,
            0.007952705025672913,
            -0.013758029788732529
        ],
        [
            0.05049215629696846,
            -0.0007098838686943054,
            -0.0038583558052778244
        ],
        [
            0.09396709501743317,
            0.013285264372825623,
            -0.01272609829902649
        ],
        [
            0.10246884077787399,
            0.020110666751861572,
            -0.010426737368106842
        ],
        [
            0.10284975171089172,
            0.013112358748912811,
            -0.015958592295646667
        ],
        [
            0.10365252196788788,
            0.026447106152772903,
            -0.0030141249299049377
        ],
        [
            0.10506033152341843,
            0.030910294502973557,
            0.004581861197948456
        ],
        [
            0.11786621809005737,
            0.01667504757642746,
            0.031830981373786926
        ],
        [
            0.10295923054218292,
            0.005700625479221344,
            -0.01977054961025715
        ],
        [
            0.03260888159275055,
            -0.00262397900223732,
            -0.013220679014921188
        ],
        [
            0.024757662788033485,
            -0.005739379674196243,
            -0.013816438615322113
        ],
        [
            0.025790737941861153,
            -0.008213235065340996,
            -0.006494196131825447
        ],
        [
            0.033306047320365906,
            -0.005585474893450737,
            -0.005244666710495949
        ],
        [
            0.02380259335041046,
            -0.04903588443994522,
            0.01219918206334114
        ],
        [
            0.0218324176967144,
            -0.04293866083025932,
            0.0074813831597566605
        ],
        [
            0.028736483305692673,
            -0.03884366899728775,
            0.003757667727768421
        ],
        [
            0.07118667662143707,
            0.024758897721767426,
            0.007706150412559509
        ],
        [
            0.07660219073295593,
            0.032633714377880096,
            0.016145765781402588
        ],
        [
            0.017107054591178894,
            -0.029487047344446182,
            0.01594366319477558
        ],
        [
            -0.009033964946866035,
            -0.04850919544696808,
            0.02279237098991871
        ],
        [
            -0.008614814840257168,
            -0.04687877371907234,
            0.016911864280700684
        ],
        [
            0.008929291740059853,
            -0.0491996631026268,
            0.014764445833861828
        ],
        [
            0.008539359085261822,
            -0.05136646702885628,
            0.021429281681776047
        ],
        [
            0.012290660291910172,
            -0.03155701234936714,
            0.024919982999563217
        ],
        [
            0.01351614948362112,
            -0.030561231076717377,
            0.018134888261556625
        ],
        [
            0.011789403855800629,
            -0.031001731753349304,
            0.01982737146317959
        ],
        [
            0.009630152955651283,
            -0.030252795666456223,
            0.026081442832946777
        ],
        [
            0.02477901428937912,
            -0.0030299979262053967,
            0.04121140390634537
        ],
        [
            0.028096171095967293,
            -0.0005189962685108185,
            0.040097691118717194
        ],
        [
            0.028619103133678436,
            -0.040734972804784775,
            0.03690733015537262
        ],
        [
            0.031112460419535637,
            -0.051411934196949005,
            0.028234774246811867
        ],
        [
            0.04194001108407974,
            -0.0471174530684948,
            0.023122401908040047
        ],
        [
            0.03800559416413307,
            -0.003716360777616501,
            0.027245458215475082
        ],
        [
            0.029655493795871735,
            -0.006796482019126415,
            0.03221733123064041
        ],
        [
            0.030830029398202896,
            -0.0034660212695598602,
            0.03434799239039421
        ],
        [
            0.02182747796177864,
            -0.02353552356362343,
            0.019523434340953827
        ],
        [
            0.016249068081378937,
            -0.02750035747885704,
            0.02156672812998295
        ],
        [
            0.019114961847662926,
            -0.02457868680357933,
            0.024346353486180305
        ],
        [
            0.024217579513788223,
            -0.019801635295152664,
            0.022601217031478882
        ],
        [
            0.07159312069416046,
            0.02111932262778282,
            0.04668201506137848
        ],
        [
            0.06620299816131592,
            0.029825061559677124,
            0.04074207693338394
        ],
        [
            -0.014383550733327866,
            -0.038795266300439835,
            0.013033836148679256
        ],
        [
            -0.011367288418114185,
            -0.0406026691198349,
            0.01342947781085968
        ],
        [
            0.04732599854469299,
            0.00011955015361309052,
            0.022112928330898285
        ],
        [
            0.05388848856091499,
            -0.04062096029520035,
            0.016750292852520943
        ],
        [
            0.055761661380529404,
            0.005338907241821289,
            0.016622306779026985
        ],
        [
            0.03371609002351761,
            -0.004272994585335255,
            0.0577787421643734
        ],
        [
            0.030214380472898483,
            0.0025801723822951317,
            0.0536874495446682
        ],
        [
            0.026774879544973373,
            0.002524313284084201,
            0.052117615938186646
        ],
        [
            0.026343807578086853,
            -0.0019792960956692696,
            0.05553019791841507
        ],
        [
            -0.004375604912638664,
            -0.029579302296042442,
            0.02854655310511589
        ],
        [
            -0.004919331520795822,
            -0.028481733053922653,
            0.022760562598705292
        ],
        [
            -0.007685938850045204,
            -0.02813035435974598,
            0.022647472098469734
        ],
        [
            -0.00852374266833067,
            -0.029086291790008545,
            0.028517521917819977
        ],
        [
            0.014424541965126991,
            -0.03318066895008087,
            0.012904287315905094
        ],
        [
            0.015591403469443321,
            -0.038146089762449265,
            0.008998651057481766
        ],
        [
            0.010285726748406887,
            -0.03760857135057449,
            0.010927217081189156
        ],
        [
            0.010676531121134758,
            -0.033360838890075684,
            0.015248585492372513
        ],
        [
            0.015529818832874298,
            -0.04444855451583862,
            0.00988117977976799
        ],
        [
            0.009874810464680195,
            -0.04407898709177971,
            0.011032357811927795
        ],
        [
            -0.005240822210907936,
            -0.03429105132818222,
            0.03292878717184067
        ],
        [
            -0.007326093502342701,
            -0.0415889136493206,
            0.033000342547893524
        ],
        [
            0.009121876209974289,
            -0.0430336631834507,
            0.03293842822313309
        ],
        [
            0.00779684167355299,
            -0.03532913699746132,
            0.03168822079896927
        ],
        [
            0.08181707561016083,
            -0.005949618294835091,
            0.037101276218891144
        ],
        [
            0.08292990177869797,
            0.004467897117137909,
            0.04105056822299957
        ],
        [
            0.06904260814189911,
            0.001974068582057953,
            0.04745742306113243
        ],
        [
            0.05546730011701584,
            -0.0006737648509442806,
            0.05518943816423416
        ],
        [
            0.04229072108864784,
            -0.0033945341128855944,
            0.060613617300987244
        ],
        [
            0.0412137508392334,
            -0.01554606668651104,
            0.05848417431116104
        ],
        [
            0.0708688274025917,
            0.01000271737575531,
            0.04893700033426285
        ],
        [
            0.017592720687389374,
            -0.03412336856126785,
            0.031289976090192795
        ],
        [
            0.019812338054180145,
            -0.04295221343636513,
            0.03278358280658722
        ],
        [
            0.02053740993142128,
            -0.03769446909427643,
            0.03478004038333893
        ],
        [
            0.055668413639068604,
            0.012208770960569382,
            0.019632024690508842
        ],
        [
            -0.007584292441606522,
            -0.04280906915664673,
            0.013426086865365505
        ],
        [
            0.10543568432331085,
            -0.020808251574635506,
            0.002404581755399704
        ],
        [
            0.10803285986185074,
            -0.014825815334916115,
            0.014552362263202667
        ],
        [
            0.09986641258001328,
            -0.018075795844197273,
            0.015130653977394104
        ],
        [
            0.09624261409044266,
            -0.024277130141854286,
            0.000777125358581543
        ],
        [
            -0.005734330043196678,
            -0.031378306448459625,
            0.016355982050299644
        ],
        [
            -0.00636038463562727,
            -0.03659354895353317,
            0.012595375068485737
        ],
        [
            0.028284018859267235,
            0.005364684388041496,
            0.0426517017185688
        ],
        [
            0.02529669925570488,
            0.0022617150098085403,
            0.04376835748553276
        ],
        [
            0.026108168065547943,
            0.004499094560742378,
            0.046137697994709015
        ],
        [
            0.02742527797818184,
            0.008786098100244999,
            0.04531116038560867
        ],
        [
            0.08432401716709137,
            0.010338355787098408,
            0.0417158268392086
        ],
        [
            0.03915131092071533,
            0.020303165540099144,
            0.05791056156158447
        ],
        [
            0.04001134634017944,
            0.008653932251036167,
            0.06254595518112183
        ],
        [
            0.09485744684934616,
            0.006138903088867664,
            0.0354761928319931
        ],
        [
            0.09434852749109268,
            -0.003202354535460472,
            0.03250425308942795
        ],
        [
            0.10342604666948318,
            -0.0008146930485963821,
            0.029669124633073807
        ],
        [
            0.03210614249110222,
            -0.02532312460243702,
            0.05123099312186241
        ],
        [
            0.07874874770641327,
            -0.013593015260994434,
            0.034240350127220154
        ],
        [
            0.09198792278766632,
            -0.00974481925368309,
            0.029219701886177063
        ],
        [
            0.10271573811769485,
            -0.007190480828285217,
            0.025680527091026306
        ],
        [
            0.11068709939718246,
            -0.005214111879467964,
            0.024074019864201546
        ],
        [
            0.11058361083269119,
            0.0016655083745718002,
            0.028488773852586746
        ],
        [
            -0.008635060861706734,
            -0.045951973646879196,
            0.028687387704849243
        ],
        [
            -0.013335301540791988,
            -0.039696384221315384,
            0.03271470591425896
        ],
        [
            0.11940786242485046,
            0.00383714959025383,
            0.028504913672804832
        ],
        [
            0.11888468265533447,
            -0.003653585910797119,
            0.0230109766125679
        ],
        [
            0.0895509123802185,
            -0.017005015164613724,
            0.024021659046411514
        ],
        [
            0.08599267899990082,
            -0.024990195408463478,
            0.01612410694360733
        ],
        [
            0.07673820108175278,
            -0.020311368629336357,
            0.028895976021885872
        ],
        [
            0.07238812744617462,
            -0.028613917529582977,
            0.021878985688090324
        ],
        [
            0.03424007445573807,
            -0.03648233413696289,
            0.049061454832553864
        ],
        [
            -0.026561863720417023,
            -0.02733929082751274,
            0.0281171053647995
        ],
        [
            -0.017027612775564194,
            -0.032007042318582535,
            0.03180026262998581
        ],
        [
            -0.013682623393833637,
            -0.0283247958868742,
            0.028666138648986816
        ],
        [
            -0.0235989298671484,
            -0.02426101267337799,
            0.027490464970469475
        ],
        [
            -0.01049775630235672,
            -0.03306709975004196,
            0.032411955296993256
        ],
        [
            -0.018657077103853226,
            -0.03747328743338585,
            0.03101544827222824
        ],
        [
            0.0669158324599266,
            -0.03550458326935768,
            0.009368039667606354
        ],
        [
            0.015532067976891994,
            -0.028227105736732483,
            0.026418538764119148
        ],
        [
            0.07973060011863708,
            -0.030770987272262573,
            -0.001030895859003067
        ],
        [
            0.05514933168888092,
            -0.040994998067617416,
            -0.001593850553035736
        ],
        [
            0.06298958510160446,
            -0.03558420017361641,
            -0.010731564834713936
        ],
        [
            0.09146705269813538,
            -0.025217104703187943,
            -0.013392509892582893
        ],
        [
            0.07467518746852875,
            -0.028945468366146088,
            -0.019960490986704826
        ],
        [
            0.10975394397974014,
            -0.018756430596113205,
