{
    "pred_cam": [
        5.820865631103516,
        -0.16548293828964233,
        -0.023723788559436798
    ],
    "pred_mano_params": {
        "global_orient": [
            [
                [
                    -0.6579601168632507,
                    -0.7245862483978271,
                    0.20509330928325653
                ],
                [
                    0.027227964252233505,
                    -0.29506155848503113,
                    -0.9550902247428894
                ],
                [
                    0.7525603175163269,
                    -0.6228270530700684,
                    0.21386775374412537
                ]
            ]
        ],
        "hand_pose": [
            [
                [
                    0.7858377695083618,
                    -0.5254202485084534,
                    -0.32617858052253723
                ],
                [
                    0.48912927508354187,
                    0.8507993221282959,
                    -0.19207558035850525
                ],
                [
                    0.3784329295158386,
                    -0.008603238500654697,
                    0.9255886673927307
                ]
            ],
            [
                [
                    0.9414407014846802,
                    -0.30955326557159424,
                    0.1336641013622284
                ],
                [
                    0.3350409269332886,
                    0.9033951759338379,
                    -0.2676277458667755
                ],
                [
                    -0.0379064604640007,
                    0.2967386245727539,
                    0.9542059898376465
                ]
            ],
            [
                [
                    0.7888911962509155,
                    -0.6036890149116516,
                    0.11493590474128723
                ],
                [
                    0.5833150744438171,
                    0.7944555282592773,
                    0.1690678745508194
                ],
                [
                    -0.19337588548660278,
                    -0.06633231788873672,
                    0.9788798689842224
                ]
            ],
            [
                [
                    0.627546489238739,
                    -0.7433547377586365,
                    -0.23153628408908844
                ],
                [
                    0.7498785853385925,
                    0.6570678353309631,
                    -0.07709722965955734
                ],
                [
                    0.20944564044475555,
                    -0.12524199485778809,
                    0.9697664380073547
                ]
            ],
            [
                [
                    0.9984675049781799,
                    -0.01880408264696598,
                    -0.05204812064766884
                ],
                [
                    0.02996072545647621,
                    0.9744240641593933,
                    0.22271086275577545
                ],
                [
                    0.046529073268175125,
                    -0.22392897307872772,
                    0.9734941720962524
                ]
            ],
            [
                [
                    0.8959022164344788,
                    -0.4427909553050995,
                    0.035992901772260666
                ],
                [
                    0.4430080056190491,
                    0.8965150713920593,
                    0.0021368234883993864
                ],
                [
                    -0.03321434557437897,
                    0.0140307592228055,
                    0.9993497729301453
                ]
            ],
            [
                [
                    0.6651251316070557,
                    -0.7063750624656677,
                    0.24216271936893463
                ],
                [
                    0.5958696603775024,
                    0.697518527507782,
                    0.39800411462783813
                ],
                [
                    -0.4500531554222107,
                    -0.12042513489723206,
                    0.8848445415496826
                ]
            ],
            [
                [
                    0.9806142449378967,
                    -0.10652531683444977,
                    -0.16446305811405182
                ],
                [
                    0.10448117554187775,
                    0.9943039417266846,
                    -0.02105528861284256
                ],
                [
                    0.16576918959617615,
                    0.0034638221841305494,
                    0.9861584901809692
                ]
            ],
            [
                [
                    0.9889795780181885,
                    -0.1399145871400833,
                    -0.04840773344039917
                ],
                [
                    0.14433112740516663,
                    0.8382899761199951,
                    0.5257741212844849
                ],
                [
                    -0.03298376128077507,
                    -0.5269666314125061,
                    0.8492456674575806
                ]
            ],
            [
                [
                    0.6486614346504211,
                    -0.7599474191665649,
                    0.04145188257098198
                ],
                [
                    0.7605252265930176,
                    0.6451553106307983,
                    -0.07332147657871246
                ],
                [
                    0.028977565467357635,
                    0.07908602058887482,
                    0.9964465498924255
                ]
            ],
            [
                [
                    0.9993996620178223,
                    0.012095637619495392,
                    0.03246434032917023
                ],
                [
                    -0.02369968593120575,
                    0.9221991300582886,
                    0.38598841428756714
                ],
                [
                    -0.025269806385040283,
                    -0.38652610778808594,
                    0.9219321608543396
                ]
            ],
            [
                [
                    0.85457843542099,
                    -0.5140060186386108,
                    -0.07411791384220123
                ],
                [
                    0.5182496905326843,
                    0.834915041923523,
                    0.18529486656188965
                ],
                [
                    -0.033360522240400314,
                    -0.19676059484481812,
                    0.9798838496208191
                ]
            ],
            [
                [
                    0.8676508665084839,
                    -0.15894687175750732,
                    -0.4710814952850342
                ],
                [
                    -0.347642719745636,
                    0.48341020941734314,
                    -0.8034046292304993
                ],
                [
                    0.35542428493499756,
                    0.8608428835868835,
                    0.36417457461357117
                ]
            ],
            [
                [
                    0.8112328052520752,
                    -0.4931158423423767,
                    -0.3142261207103729
                ],
                [
                    0.5841375589370728,
                    0.6594069004058838,
                    0.4732503890991211
                ],
                [
                    -0.026164410635828972,
                    -0.5674675703048706,
                    0.8229799866676331
                ]
            ],
            [
                [
                    0.8820908665657043,
                    0.40030673146247864,
                    -0.24833504855632782
                ],
                [
                    -0.43039822578430176,
                    0.8991398215293884,
                    -0.07940338551998138
                ],
                [
                    0.19150222837924957,
                    0.1769239753484726,
                    0.9654143452644348
                ]
            ]
        ],
        "betas": [
            -0.05355080962181091,
            -0.21186867356300354,
            -0.06794679164886475,
            -0.03789028525352478,
            0.02131175994873047,
            0.001571502536535263,
            0.022940844297409058,
            -0.042384833097457886,
            0.0032640546560287476,
            -0.02896857261657715
        ]
    },
    "pred_cam_t": [
        -0.16548293828964233,
        -0.023723788559436798,
        6.710771560668945
    ],
    "focal_length": [
        5000.0,
        5000.0
    ],
    "pred_keypoints_3d": [
        [
            0.09602846205234528,
            0.006414142437279224,
            0.006259055808186531
        ],
        [
            0.12839752435684204,
            -0.01435647252947092,
            0.003328546416014433
        ],
        [
            0.15612831711769104,
            -0.013925991021096706,
            -0.010174861177802086
        ],
        [
            0.17686867713928223,
            -0.0021929899230599403,
            -0.023252364248037338
        ],
        [
            0.19717532396316528,
            0.008749781176447868,
            -0.05170208960771561
        ],
        [
            0.16207751631736755,
            -0.014064294286072254,
            -0.05253040790557861
        ],
        [
            0.1882343590259552,
            -0.0010702963918447495,
            -0.06814316660165787
        ],
        [
            0.20710179209709167,
            0.010819107294082642,
            -0.06767860800027847
        ],
        [
            0.22410652041435242,
            0.02220136858522892,
            -0.05363228917121887
        ],
        [
            0.15888501703739166,
            0.007606415078043938,
            -0.06493981182575226
        ],
        [
            0.1851995587348938,
            0.025127660483121872,
            -0.06876222789287567
        ],
        [
            0.20414549112319946,
            0.03881267458200455,
            -0.06744426488876343
        ],
        [
            0.2252701222896576,
            0.051506564021110535,
            -0.05943512171506882
        ],
        [
            0.14741142094135284,
            0.03091859072446823,
            -0.05875496566295624
        ],
        [
            0.17404773831367493,
            0.041690193116664886,
            -0.062853142619133
        ],
        [
            0.19579507410526276,
            0.053790025413036346,
            -0.06123238429427147
        ],
        [
            0.21656067669391632,
            0.06426124274730682,
            -0.05047626048326492
        ],
        [
            0.13984781503677368,
            0.048832520842552185,
            -0.04886423051357269
        ],
        [
            0.15968342125415802,
            0.0561530739068985,
            -0.05109364166855812
        ],
        [
            0.1766311228275299,
            0.0649469643831253,
            -0.05099491402506828
        ],
        [
            0.19584710896015167,
            0.07295029610395432,
            -0.044181790202856064
        ]
    ],
    "pred_vertices": [
        [
            0.14271777868270874,
            -0.0046399678103625774,
            -0.017281726002693176
        ],
        [
            0.135147824883461,
            -0.0026820129714906216,
            -0.008192360401153564
        ],
        [
            0.1426168829202652,
            -0.0043289801105856895,
            -0.01120711863040924
        ],
        [
            0.14914558827877045,
            -0.008845722302794456,
            -0.01882900670170784
        ],
        [
            0.1417388916015625,
            -0.0011888537555932999,
            0.00884953886270523
        ],
        [
            0.14316393435001373,
            -0.010743284597992897,
            0.016501490026712418
        ],
        [
            0.157622829079628,
            -0.009897196665406227,
            0.005582429468631744
        ],
        [
            0.15368254482746124,
            -0.0006653862074017525,
            0.002105776220560074
        ],
        [
            0.15316197276115417,
            -0.011736227199435234,
            -0.02173730358481407
        ],
        [
            0.14932560920715332,
            -0.005251424852758646,
            -0.013559706509113312
        ],
        [
            0.15189160406589508,
            -0.012509793043136597,
            -0.023742901161313057
        ],
        [
            0.15228678286075592,
            -0.0227412898093462,
            -0.034787751734256744
        ],
        [
            0.15556146204471588,
            -0.01827007532119751,
            -0.030673922970891
        ],
        [
            0.15464013814926147,
            -0.025341695174574852,
            -0.04273796081542969
        ],
        [
            0.14278154075145721,
            -0.027091823518276215,
            -0.03525276482105255
        ],
        [
            0.14761410653591156,
            -0.025388242676854134,
            -0.048910338431596756
        ],
        [
            0.12332209944725037,
            -0.011053035035729408,
            -0.0424673967063427
        ],
        [
            0.11787918955087662,
            0.0013055549934506416,
            -0.042982883751392365
        ],
        [
            0.12913565337657928,
            0.0030109663493931293,
            -0.05633721873164177
        ],
        [
            0.13421855866909027,
            -0.009436551481485367,
            -0.05384359136223793
        ],
        [
            0.12110848724842072,
            0.021125933155417442,
            -0.04963795095682144
        ],
        [
            0.126058891415596,
            0.011271978728473186,
            -0.05407707393169403
        ],
        [
            0.11390125751495361,
            0.009282159619033337,
            -0.04160752147436142
        ],
        [
            0.1102837324142456,
            0.01823052018880844,
            -0.03812699019908905
        ],
        [
            0.13378460705280304,
            0.006883456837385893,
            -0.0152125284075737
        ],
        [
            0.12689194083213806,
            0.007698365021497011,
            -0.006175115704536438
        ],
        [
            0.1286756694316864,
            0.002572370693087578,
            -0.006884444504976273
        ],
        [
            0.13604675233364105,
            0.002055624732747674,
            -0.015467289835214615
        ],
        [
            0.1567775458097458,
            -0.013515856117010117,
            -0.02262002043426037
        ],
        [
            0.14687298238277435,
            -0.02502310648560524,
            -0.021290238946676254
        ],
        [
            0.14881186187267303,
            -0.019346393644809723,
            -0.02502281777560711
        ],
        [
            0.15707255899906158,
            -0.008176375180482864,
            -0.021392427384853363
        ],
        [
            0.1137559711933136,
            0.019427504390478134,
            0.01642782986164093
        ],
        [
            0.10201504081487656,
            0.01570861041545868,
            0.02204974740743637
        ],
        [
            0.10327185690402985,
            0.00988566130399704,
            0.022449519485235214
        ],
        [
            0.11341176182031631,
            0.01428323332220316,
            0.017020873725414276
        ],
        [
            0.119304358959198,
            -0.007567491382360458,
            0.024764984846115112
        ],
        [
            0.1076003834605217,
            -0.007922178134322166,
            0.02525697648525238
        ],
        [
            0.10054779797792435,
            -0.019231507554650307,
            0.024805612862110138
        ],
        [
            0.11161652207374573,
            -0.021428650245070457,
            0.021768543869256973
        ],
        [
            0.13201192021369934,
            -0.009127222001552582,
            0.021770663559436798
        ],
        [
            0.12700511515140533,
            -0.02177291363477707,
            0.021334372460842133
        ],
        [
            0.14190444350242615,
            -0.02207232266664505,
            0.015606522560119629
        ],
        [
            0.15859593451023102,
            -0.018916115164756775,
            0.0037346631288528442
        ],
        [
            0.09711091965436935,
            0.0272646714001894,
            0.019354067742824554
        ],
        [
            0.10529942065477371,
            0.031840234994888306,
            0.01521957665681839
        ],
        [
            0.1953793168067932,
            -0.0009463001042604446,
            -0.0583338737487793
        ],
        [
            0.19348691403865814,
            0.004655191674828529,
            -0.05849110707640648
        ],
        [
            0.1897314339876175,
            0.0020658839493989944,
            -0.056310880929231644
        ],
        [
            0.192315012216568,
            -0.0030765002593398094,
            -0.05695747211575508
        ],
        [
            0.08868678659200668,
            0.03497598320245743,
            0.0026369988918304443
        ],
        [
            0.08268189430236816,
            0.031130561605095863,
            -0.004481703042984009
        ],
        [
            0.07865330576896667,
            0.03177575394511223,
            0.0015862435102462769
        ],
        [
            0.08446318656206131,
            0.03349518030881882,
            0.008769355714321136
        ],
        [
            0.09432433545589447,
            0.03686068207025528,
            -0.005441479384899139
        ],
        [
            0.08881864696741104,
            0.02995934709906578,
            -0.01245909184217453
        ],
        [
            0.1960362195968628,
            -0.00563565269112587,
            -0.07019264996051788
        ],
        [
            0.19742172956466675,
            -0.006234476342797279,
            -0.06525521725416183
        ],
        [
            0.19299864768981934,
            -0.00888401921838522,
            -0.06526844948530197
        ],
        [
            0.190461203455925,
            -0.007853716611862183,
            -0.06973898410797119
        ],
        [
            0.15489695966243744,
            -0.0128330634906888,
            -0.026825573295354843
        ],
        [
            0.1502717137336731,
            -0.005750636104494333,
            -0.02454209327697754
        ],
        [
            0.16548526287078857,
            -0.012411950156092644,
            -0.04067126661539078
        ],
        [
            0.15885329246520996,
            -0.009186557494103909,
            -0.03533373773097992
        ],
        [
            0.15942592918872833,
            -0.016066739335656166,
            -0.03458070755004883
        ],
        [
            0.16438911855220795,
            -0.01840871572494507,
            -0.04012756422162056
        ],
        [
            0.1469404250383377,
            0.011189885437488556,
            -0.033687904477119446
        ],
        [
            0.13942892849445343,
            0.010250015184283257,
            -0.024726402014493942
        ],
        [
            0.142628476023674,
            0.004593432415276766,
            -0.025681354105472565
        ],
        [
            0.15199004113674164,
            0.004260584712028503,
            -0.034816086292266846
        ],
        [
            0.13578717410564423,
            0.02375028468668461,
            -0.02255498245358467
        ],
        [
            0.14310172200202942,
            0.023450028151273727,
            -0.03187934309244156
        ],
        [
            0.1401168256998062,
            0.03112252615392208,
            -0.029552564024925232
        ],
        [
            0.13618457317352295,
            0.030257251113653183,
            -0.02267814800143242
        ],
        [
            0.15541543066501617,
            0.019252197816967964,
            -0.04763873293995857
        ],
        [
            0.15859773755073547,
            0.01878044195473194,
            -0.052595943212509155
        ],
        [
            0.15920279920101166,
            0.023090003058314323,
            -0.052115436643362045
        ],
        [
            0.15405361354351044,
            0.02274932898581028,
            -0.0470062717795372
        ],
        [
            0.07397042959928513,
            0.0316380076110363,
            0.006942972540855408
        ],
        [
            0.0803777426481247,
            0.031137127429246902,
            0.014359623193740845
        ],
        [
            0.11615712940692902,
            0.04066009819507599,
            -0.041131287813186646
        ],
        [
            0.11639614403247833,
            0.047269005328416824,
            -0.03209830820560455
        ],
        [
            0.12481486052274704,
            0.05148088186979294,
            -0.04126083478331566
        ],
        [
            0.12208054959774017,
            0.04325583949685097,
            -0.049199819564819336
        ],
        [
            0.08062537014484406,
            0.022780166938900948,
            -0.010259106755256653
        ],
        [
            0.07519647479057312,
            0.025108251720666885,
            -0.005071692168712616
        ],
        [
            0.19343127310276031,
            -0.0015656789764761925,
            -0.07407381385564804
        ],
        [
            0.18758037686347961,
            -0.003515970893204212,
            -0.07265762984752655
        ],
        [
            0.13327082991600037,
            -0.03110804781317711,
            0.009542342275381088
        ],
        [
            0.1550399661064148,
            -0.026540350168943405,
            -0.0010081268846988678
        ],
        [
            0.1154019832611084,
            -0.029581526294350624,
            0.01383133977651596
        ],
        [
            0.10280557721853256,
            -0.026799967512488365,
            0.01455020159482956
        ],
        [
            0.09320052713155746,
            -0.025527631863951683,
            0.017217714339494705
        ],
        [
            0.15973587334156036,
            -0.003629454178735614,
            -0.038636669516563416
        ],
        [
            0.1435057818889618,
            -0.00012857629917562008,
            -0.022245801985263824
        ],
        [
            0.1320788711309433,
            0.01163988932967186,
            -0.014744993299245834
        ],
        [
            0.12834930419921875,
            0.0421280600130558,
            -0.01251145452260971
        ],
        [
            0.12222568690776825,
            0.040943924337625504,
            -0.003978893160820007
        ],
        [
            0.12795153260231018,
            0.032198913395404816,
            -0.006176218390464783
        ],
        [
            0.13169413805007935,
            0.03490998595952988,
            -0.013633735477924347
        ],
        [
            0.12270355224609375,
            0.0509381964802742,
            -0.025344349443912506
        ],
        [
            0.12967750430107117,
            0.048345934599637985,
            -0.02240128070116043
        ],
        [
            0.13460388779640198,
            0.04964681342244148,
            -0.029502466320991516
        ],
        [
            0.12913629412651062,
            0.053128600120544434,
            -0.033454958349466324
        ],
        [
            0.16014066338539124,
            -0.019811728969216347,
            -0.021502070128917694
        ],
        [
            0.14662326872348785,
            -0.0299173966050148,
            -0.01658507063984871
        ],
        [
            0.09611127525568008,
            0.035329196602106094,
            0.01021992415189743
        ],
        [
            0.09179001301527023,
            0.031505633145570755,
            0.015526816248893738
        ],
        [
            0.08509496599435806,
            0.028630271553993225,
            0.019972413778305054
        ],
        [
            0.12100401520729065,
            0.012241208925843239,
            0.006151914596557617
        ],
        [
            0.11332070827484131,
            0.010658275336027145,
            0.01767883449792862
        ],
        [
            0.11542628705501556,
            0.006558392662554979,
            0.018288560211658478
        ],
        [
            0.12096185982227325,
            0.008671279065310955,
            0.0056917741894721985
        ],
        [
            0.13093893229961395,
            0.0009026266634464264,
            0.002459123730659485
        ],
        [
            0.1293775886297226,
            -1.622084528207779e-05,
            0.015316091477870941
        ],
        [
            0.1402609944343567,
            0.0016270196065306664,
            -0.0025786980986595154
        ],
        [
            0.10400267690420151,
            0.001814574934542179,
            0.02433754876255989
        ],
        [
            0.09548953920602798,
            0.007580005098134279,
            0.028757113963365555
        ],
        [
            0.09654499590396881,
            -0.001271811779588461,
            0.029186170548200607
        ],
        [
            0.09235400706529617,
            0.016686875373125076,
            0.026945538818836212
        ],
        [
            0.08888836950063705,
            0.024359893053770065,
            0.02407734841108322
        ],
        [
            0.06755185127258301,
            0.025947172194719315,
            -0.0013632848858833313
        ],
        [
            0.09729659557342529,
            -0.009461835958063602,
            0.0279705673456192
        ],
        [
            0.1619880497455597,
            -0.0019228830933570862,
            -0.0031277351081371307
        ],
        [
            0.16895201802253723,
            -0.0015954431146383286,
            -0.007906727492809296
        ],
        [
            0.16353324055671692,
            0.0012405458837747574,
            -0.01200176402926445
        ],
        [
            0.15672902762889862,
            0.000666164793074131,
            -0.00861574336886406
        ],
        [
            0.15992870926856995,
            -0.025088025256991386,
            -0.050822142511606216
        ],
        [
            0.16372299194335938,
            -0.022703029215335846,
            -0.0442173033952713
        ],
        [
            0.15788987278938293,
            -0.022374577820301056,
            -0.03669425845146179
        ],
        [
            0.11959446966648102,
            0.025634048506617546,
            0.008376240730285645
        ],
        [
            0.11227800697088242,
            0.035948142409324646,
            0.0079173743724823
        ],
        [
            0.16580036282539368,
            -0.006803360302001238,
            -0.04410872608423233
        ],
        [
            0.18572235107421875,
            -0.009996294043958187,
            -0.06993047893047333
        ],
        [
            0.18845714628696442,
            -0.011514960788190365,
            -0.0648919939994812
        ],
        [
            0.17367883026599884,
            -0.01978011429309845,
            -0.05801726132631302
        ],
        [
            0.1710701286792755,
            -0.017947031185030937,
            -0.0641140267252922
        ],
        [
            0.16672536730766296,
            -0.0022140992805361748,
            -0.05373026430606842
        ],
        [
            0.16786682605743408,
            -0.005288169719278812,
            -0.04758542776107788
        ],
        [
            0.1686360239982605,
            -0.003921959549188614,
            -0.04982386901974678
        ],
        [
            0.16792017221450806,
            0.000540001317858696,
            -0.05459543690085411
        ],
        [
            0.15460631251335144,
            0.030456889420747757,
            -0.04875605180859566
        ],
        [
            0.15028220415115356,
            0.029944095760583878,
            -0.04409024119377136
        ],
        [
            0.14746594429016113,
            -0.006179107818752527,
            -0.06253135949373245
        ],
        [
            0.1474660336971283,
            -0.01957596093416214,
            -0.06152134761214256
        ],
        [
            0.13885289430618286,
            -0.020109275355935097,
            -0.05211394652724266
        ],
        [
            0.1439867615699768,
            0.01791355572640896,
            -0.03231120854616165
        ],
        [
            0.15043838322162628,
            0.019454076886177063,
            -0.040338851511478424
        ],
        [
            0.14894801378250122,
            0.0232973825186491,
            -0.039938174188137054
        ],
        [
            0.16071560978889465,
            -0.0005122269503772259,
            -0.04218120872974396
        ],
        [
            0.16483823955059052,
            -0.0019153680186718702,
            -0.04755101352930069
        ],
        [
            0.1620640903711319,
            0.0019826851785182953,
            -0.04721658676862717
        ],
        [
            0.15776556730270386,
            0.004110603593289852,
            -0.04176555946469307
        ],
        [
            0.10734349489212036,
            0.04392673820257187,
            -0.023022297769784927
        ],
        [
            0.11472541838884354,
            0.04859674349427223,
            -0.015328381210565567
        ],
        [
            0.19700200855731964,
            -0.004702877253293991,
            -0.06084888428449631
        ],
        [
            0.19341687858104706,
            -0.007155776955187321,
            -0.060325127094984055
        ],
        [
            0.1367187649011612,
            0.016835294663906097,
            -0.023525524884462357
        ],
        [
            0.12978267669677734,
            -0.020067356526851654,
            -0.04025237262248993
        ],
        [
            0.1304498016834259,
            0.016828147694468498,
            -0.013931147754192352
        ],
        [
            0.13683757185935974,
            0.03395973891019821,
            -0.057887740433216095
        ],
        [
            0.14210142195224762,
            0.038783881813287735,
            -0.05332062393426895
        ],
        [
            0.14700978994369507,
            0.03861254081130028,
            -0.05564814433455467
        ],
        [
            0.1449429839849472,
            0.03583212196826935,
            -0.060749951750040054
        ],
        [
            0.17962071299552917,
            0.006892472505569458,
            -0.06157241761684418
        ],
        [
            0.1829090714454651,
            0.0051072705537080765,
            -0.05711565911769867
        ],
        [
            0.18673236668109894,
            0.007068604230880737,
            -0.05859722942113876
        ],
        [
            0.1842384785413742,
            0.008954894728958607,
            -0.0635128915309906
        ],
        [
            0.16921080648899078,
            -0.01035457756370306,
            -0.04497850686311722
        ],
        [
            0.16962330043315887,
            -0.016721313819289207,
            -0.04462970048189163
        ],
        [
            0.1739455908536911,
            -0.013289790600538254,
            -0.04791407287120819
        ],
        [
            0.17166531085968018,
            -0.007816394791007042,
            -0.04836011305451393
        ],
        [
            0.16934649646282196,
            -0.020866980776190758,
            -0.04913773760199547
        ],
        [
            0.174424409866333,
            -0.018033478409051895,
            -0.052011359483003616
        ],
        [
            0.17795734107494354,
            0.0051939236000180244,
            -0.06756140291690826
        ],
        [
            0.17906227707862854,
            -0.00034839333966374397,
            -0.07243776321411133
        ],
        [
            0.16530542075634003,
            -0.005862589925527573,
            -0.06731174886226654
        ],
        [
            0.1672210395336151,
            1.3218959793448448e-06,
            -0.06219157576560974
        ],
        [
            0.09902365505695343,
            0.015198154374957085,
            -0.028283439576625824
        ],
        [
            0.09726807475090027,
            0.02575605735182762,
            -0.025089789181947708
        ],
        [
            0.10831667482852936,
            0.029082302004098892,
            -0.034954335540533066
        ],
        [
            0.1182994693517685,
            0.03273763135075569,
            -0.04558860883116722
        ],
        [
            0.12863656878471375,
            0.03511076793074608,
            -0.054825134575366974
        ],
        [
            0.12952223420143127,
            0.023884491994976997,
            -0.06009792163968086
        ],
        [
            0.10656590759754181,
            0.03614494577050209,
            -0.031171459704637527
        ],
        [
            0.16129253804683685,
            -0.001552947680465877,
            -0.05930045619606972
        ],
        [
            0.15647055208683014,
            -0.0088758934289217,
            -0.06357508152723312
        ],
        [
            0.15605343878269196,
            -0.003627284662798047,
            -0.06261672079563141
        ],
        [
            0.12999510765075684,
            0.024124640971422195,
            -0.012426096946001053
        ],
        [
            0.1894264817237854,
            -0.010210605338215828,
            -0.05987755209207535
        ],
        [
            0.08677469193935394,
            -0.01930837333202362,
            -0.0033411234617233276
        ],
        [
            0.08078395575284958,
            -0.00803937204182148,
            -0.00860271230340004
        ],
        [
            0.08815666288137436,
            -0.009238071739673615,
            -0.01322852447628975
        ],
        [
            0.0958767682313919,
            -0.02174701727926731,
            -0.006690867245197296
        ],
        [
            0.18646284937858582,
            -0.00021987129002809525,
            -0.05454784259200096
        ],
        [
            0.18898874521255493,
            -0.005943155847489834,
            -0.055245377123355865
        ],
        [
            0.1492776721715927,
            0.036392588168382645,
            -0.043979473412036896
        ],
        [
            0.1528538316488266,
            0.03587782755494118,
            -0.04870472475886345
        ],
        [
            0.15157264471054077,
            0.038953930139541626,
            -0.050907962024211884
        ],
        [
            0.1496550738811493,
            0.04164910316467285,
            -0.0457482784986496
        ],
        [
            0.09602020680904388,
            0.030672887340188026,
            -0.021945107728242874
        ],
        [
            0.13220177590847015,
            0.054195377975702286,
            -0.044606857001781464
        ],
        [
            0.12910179793834686,
            0.0467202290892601,
            -0.05236708000302315
        ],
        [
            0.08770886808633804,
            0.022440792992711067,
            -0.016657710075378418
        ],
        [
            0.08865751326084137,
            0.013208195567131042,
            -0.019800357520580292
        ],
        [
            0.08109477162361145,
            0.012360215187072754,
            -0.013665352016687393
        ],
        [
            0.13998284935951233,
            0.013323161751031876,
            -0.06396891921758652
        ],
        [
            0.10242694616317749,
            0.007812104187905788,
            -0.03131996467709541
        ],
        [
            0.09160058945417404,
            0.006377180572599173,
            -0.021652646362781525
        ],
        [
            0.08267513662576675,
            0.0050423163920640945,
            -0.014436107128858566
        ],
        [
            0.07575788348913193,
            0.004686303902417421,
            -0.009746842086315155
        ],
        [
            0.07481700927019119,
            0.012770386412739754,
            -0.009293224662542343
        ],
        [
            0.1822623312473297,
            -0.005319997202605009,
            -0.07230609655380249
        ],
        [
            0.18469646573066711,
            0.0025192275643348694,
            -0.0736319050192833
        ],
        [
            0.06651853770017624,
            0.013327766209840775,
            -0.005575928837060928
        ],
        [
            0.06836830824613571,
            0.004225522745400667,
            -0.0057098232209682465
        ],
        [
            0.09517088532447815,
            -0.0020756875164806843,
            -0.02246357500553131
        ],
        [
            0.10066404938697815,
            -0.012435020878911018,
            -0.021841343492269516
        ],
        [
            0.10565057396888733,
            -0.0002924622967839241,
            -0.031615301966667175
        ],
        [
            0.11157172173261642,
            -0.010296734049916267,
            -0.032133061438798904
        ],
        [
            0.13804763555526733,
            0.002812742255628109,
            -0.0666118711233139
        ],
        [
            0.2004879266023636,
            0.013411748223006725,
            -0.073878213763237
        ],
        [
            0.18977555632591248,
            0.009478749707341194,
            -0.0723189264535904
        ],
        [
            0.1894640028476715,
            0.011058728210628033,
            -0.06673038750886917
        ],
        [
            0.19910399615764618,
            0.015572936274111271,
            -0.07043002545833588
        ],
        [
            0.18330228328704834,
            0.00747944600880146,
            -0.06916499882936478
        ],
        [
            0.19076962769031525,
            0.004531253129243851,
            -0.0750432163476944
        ],
        [
            0.12012147903442383,
            -0.021848630160093307,
            -0.028063256293535233
        ],
        [
            0.165474072098732,
            0.0014061472611501813,
            -0.05241163820028305
        ],
        [
            0.11172312498092651,
            -0.025614062324166298,
            -0.013836245983839035
        ],
        [
            0.13382360339164734,
            -0.030081946402788162,
            -0.026521025225520134
        ],
        [
            0.1302538514137268,
            -0.03231160342693329,
            -0.014550801366567612
        ],
        [
            0.10508359968662262,
            -0.02985561266541481,
            0.0020253844559192657
        ],
        [
            0.12320522964000702,
            -0.03426390141248703,
            -0.0005219317972660065
        ],
        [
            0.08642508834600449,
            -0.024667002260684967,
            0.008062615990638733
        ],
        [
            0.09482624381780624,
            -0.02624659426510334,
