{
    "pred_cam": [
        6.510284423828125,
        -0.035581957548856735,
        0.0023750197142362595
    ],
    "pred_mano_params": {
        "global_orient": [
            [
                [
                    0.9142941236495972,
                    0.3952932357788086,
                    0.08837216347455978
                ],
                [
                    0.3747958838939667,
                    -0.7428832054138184,
                    -0.5546644330024719
                ],
                [
                    -0.1536049097776413,
                    0.5402478575706482,
                    -0.8273680210113525
                ]
            ]
        ],
        "hand_pose": [
            [
                [
                    0.8221947550773621,
                    -0.5444608330726624,
                    -0.16600649058818817
                ],
                [
                    0.5277432203292847,
                    0.8384353518486023,
                    -0.1360636204481125
                ],
                [
                    0.2132670134305954,
                    0.024261998012661934,
                    0.9766926765441895
                ]
            ],
            [
                [
                    0.7839303612709045,
                    -0.6080942749977112,
                    0.12519747018814087
                ],
                [
                    0.615418553352356,
                    0.7344979047775269,
                    -0.28595930337905884
                ],
                [
                    0.081932932138443,
                    0.3012210726737976,
                    0.9500277042388916
                ]
            ],
            [
                [
                    0.8487223982810974,
                    -0.5237555503845215,
                    0.07314655184745789
                ],
                [
                    0.5108157992362976,
                    0.8477197885513306,
                    0.1429629772901535
                ],
                [
                    -0.13688544929027557,
                    -0.08397146314382553,
                    0.9870213866233826
                ]
            ],
            [
                [
                    0.3775332272052765,
                    -0.8844325542449951,
                    -0.27431294322013855
                ],
                [
                    0.9223776459693909,
                    0.3853410482406616,
                    0.02704959735274315
                ],
                [
                    0.08178049325942993,
                    -0.2632322609424591,
                    0.9612598419189453
                ]
            ],
            [
                [
                    0.9041926264762878,
                    -0.37705332040786743,
                    -0.2006652057170868
                ],
                [
                    0.4070379137992859,
                    0.903035581111908,
                    0.13728387653827667
                ],
                [
                    0.12944447994232178,
                    -0.20580939948558807,
                    0.9699931144714355
                ]
            ],
            [
                [
                    0.8858056664466858,
                    -0.4472447335720062,
                    0.12377571314573288
                ],
                [
                    0.4513693153858185,
                    0.8923171162605286,
                    -0.005989724770188332
                ],
                [
                    -0.10776831209659576,
                    0.061174292117357254,
                    0.9922921061515808
                ]
            ],
            [
                [
                    0.45540469884872437,
                    -0.8900726437568665,
                    -0.019424626603722572
                ],
                [
                    0.6168562173843384,
                    0.29973119497299194,
                    0.7277703285217285
                ],
                [
                    -0.6419462561607361,
                    -0.3434121906757355,
                    0.685545802116394
                ]
            ],
            [
                [
                    0.9648280143737793,
                    -0.21569059789180756,
                    -0.15028135478496552
                ],
                [
                    0.21564166247844696,
                    0.9763277173042297,
                    -0.0168189387768507
                ],
                [
                    0.15035152435302734,
                    -0.016179537400603294,
                    0.9885002374649048
                ]
            ],
            [
                [
                    0.9911460876464844,
                    0.11906051635742188,
                    0.058770664036273956
                ],
                [
                    -0.132356658577919,
                    0.9210982918739319,
                    0.3661414682865143
                ],
                [
                    -0.01054057851433754,
                    -0.3706783950328827,
                    0.9287014007568359
                ]
            ],
            [
                [
                    0.26159003376960754,
                    -0.9637574553489685,
                    -0.05236636847257614
                ],
                [
                    0.9508406519889832,
                    0.24800708889961243,
                    0.18545778095722198
                ],
                [
                    -0.16574908792972565,
                    -0.09830597788095474,
                    0.9812559485435486
                ]
            ],
            [
                [
                    0.9776521325111389,
                    -0.19198797643184662,
                    -0.08565475791692734
                ],
                [
                    0.2101248800754547,
                    0.9051861763000488,
                    0.3694392740726471
                ],
                [
                    0.006605619098991156,
                    -0.3791813850402832,
                    0.9252986311912537
                ]
            ],
            [
                [
                    0.9191038012504578,
                    -0.3545647859573364,
                    0.17184892296791077
                ],
                [
                    0.31117308139801025,
                    0.9207304120063782,
                    0.23542910814285278
                ],
                [
                    -0.2417013943195343,
                    -0.16290903091430664,
                    0.9565778374671936
                ]
            ],
            [
                [
                    0.8960584402084351,
                    -0.21223817765712738,
                    -0.3899157643318176
                ],
                [
                    -0.2910739779472351,
                    0.3822915256023407,
                    -0.8770001530647278
                ],
                [
                    0.3351943790912628,
                    0.899337649345398,
                    0.28077852725982666
                ]
            ],
            [
                [
                    0.9474622011184692,
                    -0.3188306391239166,
                    0.025733986869454384
                ],
                [
                    0.26341596245765686,
                    0.8233608603477478,
                    0.5026817321777344
                ],
                [
                    -0.1814587116241455,
                    -0.46949324011802673,
                    0.8640883564949036
                ]
            ],
            [
                [
                    0.9999423027038574,
                    0.010149184614419937,
                    -0.0034976117312908173
                ],
                [
                    -0.010717968456447124,
                    0.962210476398468,
                    -0.27209585905075073
                ],
                [
                    0.00060388317797333,
                    0.2721177041530609,
                    0.9622637629508972
                ]
            ]
        ],
        "betas": [
            0.007852181792259216,
            0.002571791410446167,
            0.03460502624511719,
            -0.008998662233352661,
            -0.010560005903244019,
            -0.03051450476050377,
            0.026209890842437744,
            -0.09649482369422913,
            -0.026930764317512512,
            -0.09122690558433533
        ]
    },
    "pred_cam_t": [
        -0.035581957548856735,
        0.0023750197142362595,
        6.0001220703125
    ],
    "focal_length": [
        5000.0,
        5000.0
    ],
    "pred_keypoints_3d": [
        [
            0.09565296024084091,
            0.006374009419232607,
            0.006181882228702307
        ],
        [
            0.06977497041225433,
            -0.005399975460022688,
            -0.019891880452632904
        ],
        [
            0.03933994472026825,
            -0.005050117615610361,
            -0.024392452090978622
        ],
        [
            0.012355891987681389,
            -0.002722280565649271,
            -0.024353429675102234
        ],
        [
            -0.0228382907807827,
            0.0016111070290207863,
            -0.02881793864071369
        ],
        [
            0.014882944524288177,
            -0.03424205258488655,
            -0.0002198205329477787
        ],
        [
            -0.018012717366218567,
            -0.03215401992201805,
            0.0005326406098902225
        ],
        [
            -0.031566135585308075,
            -0.015430085361003876,
            -0.004699204582720995
        ],
        [
            -0.03631165623664856,
            0.006888773292303085,
            -0.014089919626712799
        ],
        [
            0.008216887712478638,
            -0.02617434784770012,
            0.022721532732248306
        ],
        [
            -0.014537453651428223,
            -0.0050701238214969635,
            0.016309194266796112
        ],
        [
            -0.019971221685409546,
            0.01582915708422661,
            0.007729152217507362
        ],
        [
            -0.02103610150516033,
            0.03652500361204147,
            -0.007221300154924393
        ],
        [
            0.01696930080652237,
            -0.006541178096085787,
            0.038692548871040344
        ],
        [
            -0.0022657830268144608,
            0.01058499701321125,
            0.025750573724508286
        ],
        [
            -0.008865653537213802,
            0.031117117032408714,
            0.013567294925451279
        ],
        [
            -0.013722728937864304,
            0.048106011003255844,
            -0.004448302090167999
        ],
        [
            0.02497422695159912,
            0.011963436380028725,
            0.04712473601102829
        ],
        [
            0.010554117150604725,
            0.022341646254062653,
            0.03576802462339401
        ],
        [
            0.0010320888832211494,
            0.03448432311415672,
            0.02483454719185829
        ],
        [
            -0.011001989245414734,
            0.04689808934926987,
            0.010973967611789703
        ]
    ],
    "pred_vertices": [
        [
            0.04577332362532616,
            -0.00845186784863472,
            -0.007461069151759148
        ],
        [
            0.05611547455191612,
            -0.002841763198375702,
            -0.008284347131848335
        ],
        [
            0.048360470682382584,
            -0.004016857594251633,
            -0.01062723621726036
        ],
        [
            0.04000795632600784,
            -0.011278379708528519,
            -0.012013422325253487
        ],
        [
            0.05896471440792084,
            0.011790428310632706,
            -0.01900038681924343
        ],
        [
            0.06360896676778793,
            0.01066908985376358,
            -0.030090508982539177
        ],
        [
            0.04704035073518753,
            0.008189870044589043,
            -0.02990984171628952
        ],
        [
            0.04580288007855415,
            0.010596871376037598,
            -0.019990969449281693
        ],
        [
            0.035040345042943954,
            -0.014580324292182922,
            -0.013783185742795467
        ],
        [
            0.040949754416942596,
            -0.0047470033168792725,
            -0.012504469603300095
        ],
        [
            0.034187301993370056,
            -0.017546648159623146,
            -0.01307104155421257
        ],
        [
            0.0319792777299881,
            -0.03151638060808182,
            -0.013007644563913345
        ],
        [
            0.030507393181324005,
            -0.024782463908195496,
            -0.013761802576482296
        ],
        [
            0.027464035898447037,
            -0.03780077025294304,
            -0.010475398041307926
        ],
        [
            0.04080498218536377,
            -0.0368521586060524,
            -0.011319765821099281
        ],
        [
            0.030664701014757156,
            -0.04315713793039322,
            -0.00348775926977396
        ],
        [
            0.05240277945995331,
            -0.03293426334857941,
            0.013173965737223625
        ],
        [
            0.05480268597602844,
            -0.02490212582051754,
            0.024014931172132492
        ],
        [
            0.03810098394751549,
            -0.030362967401742935,
            0.028839552775025368
        ],
        [
            0.03721781447529793,
            -0.037096112966537476,
            0.016628284007310867
        ],
        [
            0.04480205476284027,
            -0.013669212348759174,
            0.040055904537439346
        ],
        [
            0.04029369354248047,
            -0.02306194230914116,
            0.03407880663871765
        ],
        [
            0.05744346231222153,
            -0.018644606694579124,
            0.030076375231146812
        ],
        [
            0.06055983901023865,
            -0.010343228466808796,
            0.03531242907047272
        ],
        [
            0.05270051211118698,
            5.386769771575928e-05,
            0.002620498649775982
        ],
        [
            0.0625312551856041,
            0.004973480477929115,
            0.0006135441362857819
        ],
        [
            0.06145100295543671,
            0.0006804056465625763,
            -0.002943100407719612
        ],
        [
            0.051382001489400864,
            -0.0034736990928649902,
            -0.0013102376833558083
        ],
        [
            0.03192044794559479,
            -0.016308965161442757,
            -0.0195793304592371
        ],
        [
            0.04332081228494644,
            -0.025085702538490295,
            -0.021343549713492393
        ],
        [
            0.03805481269955635,
            -0.02387167513370514,
            -0.016132041811943054
        ],
        [
            0.030209673568606377,
            -0.012286854907870293,
            -0.01601274497807026
        ],
        [
            0.08251181244850159,
            0.025896694511175156,
            -0.00016179680824279785
        ],
        [
            0.09600897878408432,
            0.024474075064063072,
            -0.0006097815930843353
        ],
        [
            0.0961291491985321,
            0.020526736974716187,
            -0.005095798522233963
        ],
        [
            0.08398503065109253,
            0.022235888987779617,
            -0.003615323454141617
        ],
        [
            0.08665703237056732,
            0.011773314327001572,
            -0.02392510510981083
        ],
        [
            0.0969194695353508,
            0.009562522172927856,
            -0.01985943131148815
        ],
        [
            0.10468167066574097,
            -0.000394575297832489,
            -0.023507630452513695
        ],
        [
            0.09408080577850342,
            -0.0014674589037895203,
            -0.027753133326768875
        ],
        [
            0.07495448738336563,
            0.01177234947681427,
            -0.02789745107293129
        ],
        [
            0.08103900402784348,
            0.0015248842537403107,
            -0.03384140878915787
        ],
        [
            0.06680580973625183,
            0.002156198024749756,
            -0.03664819151163101
        ],
        [
            0.04821813106536865,
            0.0013461168855428696,
            -0.03588046133518219
        ],
        [
            0.09699656069278717,
            0.03053552657365799,
            0.010653510689735413
        ],
        [
            0.0871443971991539,
            0.03297419100999832,
            0.012348568066954613
        ],
        [
            -0.015474118292331696,
            -0.023650549352169037,
            -0.009536318480968475
        ],
        [
            -0.015178215689957142,
            -0.019840585067868233,
            -0.004815688356757164
        ],
        [
            -0.011344825848937035,
            -0.021132759749889374,
            -0.005326354410499334
        ],
        [
            -0.012415897101163864,
            -0.02484161965548992,
            -0.009646222926676273
        ],
        [
            0.09536158293485641,
            0.024390727281570435,
            0.029942728579044342
        ],
        [
            0.09801074117422104,
            0.015872474759817123,
            0.03464767709374428
        ],
        [
            0.10418713837862015,
            0.01942276582121849,
            0.03308743238449097
        ],
        [
            0.10210876911878586,
            0.026360124349594116,
            0.027083542197942734
        ],
        [
            0.08646387606859207,
            0.02173857018351555,
            0.0336882583796978
        ],
        [
            0.08921509981155396,
            0.011067653074860573,
            0.03615723177790642
        ],
        [
            -0.022776657715439796,
            -0.03368811309337616,
            -0.006421139929443598
        ],
        [
            -0.020532716065645218,
            -0.031002134084701538,
            -0.01029194239526987
        ],
        [
            -0.016854725778102875,
            -0.034145087003707886,
            -0.00909427460283041
        ],
        [
            -0.017948413267731667,
            -0.036795035004615784,
            -0.004479147028177977
        ],
        [
            0.03231614828109741,
            -0.01834145560860634,
            -0.012234880588948727
        ],
        [
            0.03631575405597687,
            -0.012476891279220581,
            -0.007060977630317211
        ],
        [
            0.01724730059504509,
            -0.024687739089131355,
            -0.007801264990121126
        ],
        [
            0.02469727210700512,
            -0.020286161452531815,
            -0.006303669884800911
        ],
        [
            0.025736887007951736,
            -0.024804212152957916,
            -0.011341062374413013
        ],
        [
            0.01969100907444954,
            -0.029067493975162506,
            -0.011574361473321915
        ],
        [
            0.03239515423774719,
            -0.006056305021047592,
            0.01090303435921669
        ],
        [
            0.043041862547397614,
            -0.0023884810507297516,
            0.00812004879117012
        ],
        [
            0.04077063873410225,
            -0.006741201505064964,
            0.0037010665982961655
        ],
        [
            0.028660831972956657,
            -0.011080095544457436,
            0.004918442107737064
        ],
        [
            0.04499750956892967,
            0.008563278242945671,
            0.016862541437149048
        ],
        [
            0.03467903286218643,
            0.003641955554485321,
            0.01921962946653366
        ],
        [
            0.037235327064991,
            0.010400370694696903,
            0.023842688649892807
        ],
        [
            0.04359913989901543,
            0.013481216505169868,
            0.02081959694623947
        ],
        [
            0.017801271751523018,
            -0.007527823559939861,
            0.02073349803686142
        ],
        [
            0.01392255537211895,
            -0.010460864752531052,
            0.02132011577486992
        ],
        [
            0.01373332180082798,
            -0.007158698979765177,
            0.02274785190820694
        ],
        [
            0.018905939534306526,
            -0.004739457741379738,
            0.02280818298459053
        ],
        [
            0.11074293404817581,
            0.021863827481865883,
            0.03178736940026283
        ],
        [
            0.10865195095539093,
            0.027386624366044998,
            0.023947596549987793
        ],
        [
            0.04988544061779976,
            0.005871780216693878,
            0.049164555966854095
        ],
        [
            0.05321069061756134,
            0.01645691879093647,
            0.047193121165037155
        ],
        [
            0.04059349745512009,
            0.015873905271291733,
            0.05068767070770264
        ],
        [
            0.04000237211585045,
            0.003812585026025772,
            0.05300494283437729
        ],
        [
            0.0986124649643898,
            0.005528807640075684,
            0.03394324332475662
        ],
        [
            0.10530844330787659,
            0.00954368244856596,
            0.034616533666849136
        ],
        [
            -0.024003703147172928,
            -0.033542484045028687,
            -0.0002056150697171688
        ],
        [
            -0.018808484077453613,
            -0.036113347858190536,
            0.0015813801437616348
        ],
        [
            0.07234274595975876,
            -0.01088658720254898,
            -0.03568262979388237
        ],
        [
            0.05026831105351448,
            -0.008484544232487679,
            -0.03723866492509842
        ],
        [
            0.08866674453020096,
            -0.011721864342689514,
            -0.02978149987757206
        ],
        [
            0.09931378811597824,
            -0.012138811871409416,
            -0.022946057841181755
        ],
        [
            0.10857103765010834,
            -0.01142120361328125,
            -0.01946583017706871
        ],
        [
            0.02149518020451069,
            -0.017933063209056854,
            -0.001030387356877327
        ],
        [
            0.042297061532735825,
            -0.008014993742108345,
            -0.0018281154334545135
        ],
        [
            0.05361827090382576,
            0.003703061491250992,
            0.0060564372688531876
        ],
        [
            0.05294938385486603,
            0.027529675513505936,
            0.025646913796663284
        ],
        [
            0.06219007447361946,
            0.030908383429050446,
            0.022444255650043488
        ],
        [
            0.057696837931871414,
            0.023976393043994904,
            0.015539631247520447
        ],
        [
            0.05074412003159523,
            0.021978680044412613,
            0.02016609162092209
        ],
        [
            0.05050382390618324,
            0.024869456887245178,
            0.04208534210920334
        ],
        [
            0.04660796746611595,
            0.02617218904197216,
            0.035169750452041626
        ],
        [
            0.03964965417981148,
            0.02371976524591446,
            0.037384599447250366
        ],
        [
            0.0411561094224453,
            0.022733911871910095,
            0.04475412145256996
        ],
        [
            0.03259682655334473,
            -0.017557013779878616,
            -0.02677329070866108
        ],
        [
            0.0476209819316864,
            -0.024529971182346344,
            -0.026972146704792976
        ],
        [
            0.09226709604263306,
            0.030738279223442078,
            0.022001277655363083
        ],
        [
            0.09913264214992523,
            0.03037279099225998,
            0.018223654478788376
        ],
        [
            0.10754238069057465,
            0.029846999794244766,
            0.016667572781443596
        ],
        [
            0.0726185217499733,
            0.015085576102137566,
            -0.0015466660261154175
        ],
        [
            0.08499693870544434,
            0.019799144938588142,
            -0.0062059927731752396
        ],
        [
            0.08417198807001114,
            0.017261028289794922,
            -0.009903443977236748
        ],
        [
            0.07300062477588654,
            0.011816181242465973,
            -0.0033353790640830994
        ],
        [
            0.06448201835155487,
            0.005657609552145004,
            -0.00993855856359005
        ],
        [
            0.07235003262758255,
            0.01310824602842331,
            -0.01724851317703724
        ],
        [
            0.053777292370796204,
            0.005690734833478928,
            -0.010408449918031693
        ],
        [
            0.0978015586733818,
            0.015665588900446892,
            -0.011623644270002842
        ],
        [
            0.10623525083065033,
            0.02131488360464573,
            -0.006944912485778332
        ],
        [
            0.10706803947687149,
            0.01506984606385231,
            -0.013262092135846615
        ],
        [
            0.106528639793396,
            0.0265360064804554,
            0.0013572350144386292
        ],
        [
            0.10686986148357391,
            0.029863039031624794,
            0.009616907685995102
        ],
        [
            0.11351411789655685,
            0.011160600930452347,
            0.03629997372627258
        ],
        [
            0.1072700023651123,
            0.008273232728242874,
            -0.018020154908299446
        ],
        [
            0.03686342388391495,
            0.00836879014968872,
            -0.021285800263285637
        ],
        [
            0.028717799112200737,
            0.0065380726009607315,
            -0.023030225187540054
        ],
        [
            0.028601668775081635,
            0.0029884297400712967,
            -0.016181765124201775
        ],
        [
            0.03623105213046074,
            0.004215652123093605,
            -0.01396254077553749
        ],
        [
            0.01988757774233818,
            -0.04181449115276337,
            -0.00780527014285326
        ],
        [
            0.01926189288496971,
            -0.035025306046009064,
            -0.01181319635361433
        ],
        [
            0.02703402191400528,
            -0.0311602633446455,
            -0.013544581830501556
        ],
        [
            0.07266735285520554,
            0.026676367968320847,
            0.00612364336848259
        ],
        [
            0.07703578472137451,
            0.03283520042896271,
            0.01632961817085743
        ],
        [
            0.014099298976361752,
            -0.02258741855621338,
            -0.00235483655706048
        ],
        [
            -0.013789616525173187,
            -0.03954086825251579,
            -0.002973661059513688
        ],
        [
            -0.012457480654120445,
            -0.036970291286706924,
            -0.00833295751363039
        ],
        [
            0.004833572544157505,
            -0.040822505950927734,
            -0.007930716499686241
        ],
        [
            0.003157189814373851,
            -0.04392344504594803,
            -0.001895011868327856
        ],
        [
            0.007508601061999798,
            -0.02540372498333454,
            0.005324187688529491
        ],
        [
            0.010097894817590714,
            -0.02356037124991417,
            -0.0008596507832407951
        ],
        [
            0.0080330278724432,
            -0.02405809797346592,
            0.00046143471263349056
        ],
        [
            0.004845345392823219,
            -0.024058019742369652,
            0.0062740519642829895
        ],
        [
            0.018417328596115112,
            -0.00031046103686094284,
            0.026976844295859337
        ],
        [
            0.022606242448091507,
            0.0018310695886611938,
            0.026803404092788696
        ],
        [
            0.02104264497756958,
            -0.03749045729637146,
            0.018165001645684242
        ],
        [
            0.024106387048959732,
            -0.047046124935150146,
            0.008548791520297527
        ],
        [
            0.03586107864975929,
            -0.04308253154158592,
            0.006098598707467318
        ],
        [
            0.03451119735836983,
            -0.00064094178378582,
            0.015613140538334846
        ],
        [
            0.025169391185045242,
            -0.0034688347950577736,
            0.018617045134305954
        ],
        [
            0.02616945654153824,
            -0.0005887914448976517,
            0.021362539380788803
        ],
        [
            0.01851625181734562,
            -0.017651109024882317,
            0.002650290261954069
        ],
        [
            0.012375685386359692,
            -0.021310314536094666,
            0.0032449690625071526
        ],
        [
            0.014881729148328304,
            -0.018937624990940094,
            0.006690715905278921
        ],
        [
            0.020599957555532455,
            -0.014550809748470783,
            0.006530377082526684
        ],
        [
            0.06583145260810852,
            0.018139304593205452,
            0.043524473905563354
        ],
        [
            0.06223923712968826,
            0.027998652309179306,
            0.03806622326374054
        ],
        [
            -0.017650708556175232,
            -0.027490805834531784,
            -0.011435849592089653
        ],
        [
            -0.014457965269684792,
            -0.029690256342291832,
            -0.01102563738822937
        ],
        [
            0.04487280547618866,
            0.002872031182050705,
            0.012715847231447697
        ],
        [
            0.049103450030088425,
            -0.037087731063365936,
            0.0028215181082487106
        ],
        [
            0.05452605336904526,
            0.007880790159106255,
            0.009513826109468937
        ],
        [
            0.025117911398410797,
            -0.0046866764314472675,
            0.04460497573018074
        ],
        [
            0.022742971777915955,
            0.0029095704667270184,
            0.040969472378492355
        ],
        [
            0.01933743990957737,
            0.0032606334425508976,
            0.03903782367706299
        ],
        [
            0.01815982535481453,
            -0.0016267085447907448,
            0.04183780029416084
        ],
        [
            -0.0092154610902071,
            -0.022401291877031326,
            0.006621473468840122
        ],
        [
            -0.008793393149971962,
            -0.020340844988822937,
            0.001113442238420248
        ],
        [
            -0.011650540865957737,
            -0.019446097314357758,
            0.0007095267064869404
        ],
        [
            -0.013264977373182774,
            -0.0214066281914711,
            0.006088814698159695
        ],
        [
            0.011732373386621475,
            -0.025438152253627777,
            -0.0062268502078950405
        ],
        [
            0.013201934285461903,
            -0.02986789494752884,
            -0.010657276958227158
        ],
        [
            0.007652783766388893,
            -0.0290273055434227,
            -0.009505031630396843
        ],
        [
            0.007578850723803043,
            -0.02556218020617962,
            -0.004539668094366789
        ],
        [
            0.012506524100899696,
            -0.036130912601947784,
            -0.010807901620864868
        ],
        [
            0.0067614600993692875,
            -0.03532852232456207,
            -0.010557624511420727
        ],
        [
            -0.010897942818701267,
            -0.027692502364516258,
            0.00989548023790121
        ],
        [
            -0.013180157169699669,
            -0.034704286605119705,
            0.008363103494048119
        ],
        [
            0.002303464338183403,
            -0.03757435828447342,
            0.010718585923314095
        ],
        [
            0.0017036129720509052,
            -0.02968832477927208,
            0.010539866983890533
        ],
        [
            0.07559329271316528,
            -0.008330053649842739,
            0.03220038488507271
        ],
        [
            0.07674282044172287,
            0.001331046223640442,
            0.037706345319747925
        ],
        [
            0.061833932995796204,
            -0.0005540261045098305,
            0.041213661432266235
        ],
        [
            0.04705100506544113,
            -0.0027544191107153893,
            0.04596966505050659
        ],
        [
            0.033083513379096985,
            -0.004739624448120594,
            0.04861488193273544
        ],
        [
            0.03156063333153725,
            -0.01646226830780506,
            0.044778648763895035
        ],
        [
            0.06393694877624512,
            0.006980609148740768,
            0.04407714307308197
        ],
        [
            0.011082985438406467,
            -0.029198551550507545,
            0.011964699253439903
        ],
        [
            0.01285954937338829,
            -0.03843547776341438,
            0.012360500171780586
        ],
        [
            0.013574071228504181,
            -0.03354411944746971,
            0.01541045866906643
        ],
        [
            0.054401181638240814,
            0.014281654730439186,
            0.013396454975008965
        ],
        [
            -0.010707327164709568,
            -0.03255718573927879,
            -0.010813885368406773
        ],
        [
            0.10371421277523041,
            -0.02094169706106186,
            0.00018187076784670353
        ],
        [
            0.10463077574968338,
            -0.0168007779866457,
            0.01336013525724411
        ],
        [
            0.09627238661050797,
            -0.019306037575006485,
            0.012077943421900272
        ],
        [
            0.09462026506662369,
            -0.023288287222385406,
            -0.003506473731249571
        ],
        [
            -0.00869860127568245,
            -0.022080276161432266,
            -0.005705270916223526
        ],
        [
            -0.009038733318448067,
            -0.026466090232133865,
            -0.010355046950280666
        ],
        [
            0.022772809490561485,
            0.007229291833937168,
            0.030177626758813858
        ],
        [
            0.019017625600099564,
            0.0044280607253313065,
            0.030359532684087753
        ],
        [
            0.019444197416305542,
            0.006208180915564299,
            0.03335770592093468
        ],
        [
            0.02160932868719101,
            0.010379742830991745,
            0.03306443989276886
        ],
        [
            0.0784183219075203,
            0.006893479265272617,
            0.03941013664007187
        ],
        [
            0.03237815946340561,
            0.01920299232006073,
            0.04872892424464226
        ],
        [
            0.03160719946026802,
            0.007188869174569845,
            0.0518806055188179
        ],
        [
            0.08954310417175293,
            0.002515241503715515,
            0.0345325693488121
        ],
        [
            0.0888897031545639,
            -0.0062710680067539215,
            0.030230149626731873
        ],
        [
            0.09846499562263489,
            -0.004433945752680302,
            0.029321903362870216
        ],
        [
            0.023083632811903954,
            -0.024464353919029236,
            0.03493199124932289
        ],
        [
            0.07253744453191757,
            -0.015214875340461731,
            0.027827151119709015
        ],
        [
            0.08668375015258789,
            -0.012083888985216618,
            0.02570982649922371
        ],
        [
            0.09801382571458817,
            -0.010155007243156433,
            0.024414530023932457
        ],
        [
            0.10625351965427399,
            -0.008763551712036133,
            0.02445594221353531
        ],
        [
            0.10587078332901001,
            -0.002520180307328701,
            0.029710309579968452
        ],
        [
            -0.014021558687090874,
            -0.038073956966400146,
            0.0032221502624452114
        ],
        [
            -0.018701033666729927,
            -0.03228987008333206,
            0.007497220765799284
        ],
        [
            0.1146831288933754,
            -0.001226937398314476,
            0.031503625214099884
        ],
        [
            0.1145993024110794,
            -0.007873998954892159,
            0.025005407631397247
        ],
        [
            0.08468267321586609,
            -0.018346138298511505,
            0.01920030266046524
        ],
        [
            0.08191333711147308,
            -0.024912407621741295,
            0.009695381857454777
        ],
        [
            0.07101517170667648,
            -0.020958658307790756,
            0.021328283473849297
        ],
        [
            0.06733590364456177,
            -0.027838964015245438,
            0.012554122135043144
        ],
        [
            0.025036323815584183,
            -0.03522072359919548,
            0.03139076381921768
        ],
        [
            -0.031634341925382614,
            -0.018962422385811806,
            0.004153120331466198
        ],
        [
            -0.02247881330549717,
            -0.024511881172657013,
            0.007774775382131338
        ],
        [
            -0.01875894144177437,
            -0.020389661192893982,
            0.005897322669625282
        ],
        [
            -0.02861105091869831,
            -0.015927353873848915,
            0.004529942758381367
        ],
        [
            -0.015791388228535652,
            -0.025938356295228004,
            0.008860088884830475
        ],
        [
            -0.02403472550213337,
            -0.02962641417980194,
            0.00572365615516901
        ],
        [
            0.06345238536596298,
            -0.03244861960411072,
            -0.00154152512550354
        ],
        [
            0.010315749794244766,
            -0.02228289097547531,
            0.007619251497089863
        ],
        [
            0.07798551023006439,
            -0.0277676060795784,
            -0.00901414081454277
        ],
        [
            0.053219024091959,
            -0.03485381230711937,
            -0.014534764923155308
        ],
        [
            0.06263162195682526,
            -0.029102392494678497,
            -0.021490100771188736
        ],
        [
            0.0920112356543541,
            -0.02179596573114395,
            -0.018425695598125458
        ],
        [
            0.07597903162240982,
            -0.022579088807106018,
            -0.02789922244846821
        ],
        [
