{
    "pred_cam": [
        9.054071426391602,
        0.06325996667146683,
        -0.06184035539627075
    ],
    "pred_mano_params": {
        "global_orient": [
            [
                [
                    0.6740548014640808,
                    -0.5141527056694031,
                    -0.5303744673728943
                ],
                [
                    -0.7367739081382751,
                    -0.4163936376571655,
                    -0.5327105522155762
                ],
                [
                    0.05305003002285957,
                    0.7498422265052795,
                    -0.6594864130020142
                ]
            ]
        ],
        "hand_pose": [
            [
                [
                    0.7896141409873962,
                    -0.4512518048286438,
                    -0.41578999161720276
                ],
                [
                    0.4422360062599182,
                    0.8882602453231812,
                    -0.1241811215877533
                ],
                [
                    0.42536672949790955,
                    -0.08582215011119843,
                    0.9009426236152649
                ]
            ],
            [
                [
                    0.9717193841934204,
                    -0.23334090411663055,
                    0.03624117001891136
                ],
                [
                    0.23611074686050415,
                    0.9624456763267517,
                    -0.1339779943227768
                ],
                [
                    -0.003617618465796113,
                    0.13874594867229462,
                    0.9903213977813721
                ]
            ],
            [
                [
                    0.8729280233383179,
                    -0.4692499339580536,
                    0.13342100381851196
                ],
                [
                    0.48776721954345703,
                    0.8345016241073608,
                    -0.25630080699920654
                ],
                [
                    0.008929077535867691,
                    0.2888105809688568,
                    0.9573445916175842
                ]
            ],
            [
                [
                    0.7788442373275757,
                    -0.6200538277626038,
                    -0.09452496469020844
                ],
                [
                    0.6185829043388367,
                    0.7842697501182556,
                    -0.04770943894982338
                ],
                [
                    0.10371548682451248,
                    -0.02131330408155918,
                    0.9943786859512329
                ]
            ],
            [
                [
                    0.9664807915687561,
                    -0.2165854573249817,
                    -0.1378612220287323
                ],
                [
                    0.24656227231025696,
                    0.932691216468811,
                    0.26323795318603516
                ],
                [
                    0.07156842201948166,
                    -0.28840574622154236,
                    0.9548299312591553
                ]
            ],
            [
                [
                    0.8602356314659119,
                    -0.49507471919059753,
                    0.12204793095588684
                ],
                [
                    0.4985005259513855,
                    0.8668848276138306,
                    0.00282548856921494
                ],
                [
                    -0.10720032453536987,
                    0.058410368859767914,
                    0.9925202131271362
                ]
            ],
            [
                [
                    0.6422842144966125,
                    -0.6442734599113464,
                    0.41519007086753845
                ],
                [
                    0.582861602306366,
                    0.7623320817947388,
                    0.2812868356704712
                ],
                [
                    -0.4977382719516754,
                    0.061332229524850845,
                    0.8651561141014099
                ]
            ],
            [
                [
                    0.9690417051315308,
                    -0.19679279625415802,
                    -0.1491001546382904
                ],
                [
                    0.238251194357872,
                    0.9037535190582275,
                    0.35562053322792053
                ],
                [
                    0.06476621329784393,
                    -0.38013437390327454,
                    0.9226609468460083
                ]
            ],
            [
                [
                    0.9259389042854309,
                    -0.3155515491962433,
                    0.20751981437206268
                ],
                [
                    0.23128364980220795,
                    0.9081524014472961,
                    0.348951518535614
                ],
                [
                    -0.29857179522514343,
                    -0.2751117944717407,
                    0.9138755798339844
                ]
            ],
            [
                [
                    0.7111852765083313,
                    -0.6830301880836487,
                    0.16638870537281036
                ],
                [
                    0.6890401244163513,
                    0.7241932153701782,
                    0.02771022729575634
                ],
                [
                    -0.13942450284957886,
                    0.0949413850903511,
                    0.9856707453727722
                ]
            ],
            [
                [
                    0.96407550573349,
                    -0.21116545796394348,
                    -0.16114462912082672
                ],
                [
                    0.2530922293663025,
                    0.9144054651260376,
                    0.3159225583076477
                ],
                [
                    0.08063959330320358,
                    -0.34535765647888184,
                    0.9350002408027649
                ]
            ],
            [
                [
                    0.8373047709465027,
                    -0.5010073781013489,
                    0.2188890129327774
                ],
                [
                    0.45905834436416626,
                    0.861682116985321,
                    0.21626214683055878
                ],
                [
                    -0.2969616949558258,
                    -0.0805944874882698,
                    0.9514821767807007
                ]
            ],
            [
                [
                    0.9381204843521118,
                    0.3391377031803131,
                    -0.0701117143034935
                ],
                [
                    -0.33489155769348145,
                    0.8368477821350098,
                    -0.43305128812789917
                ],
                [
                    -0.0881911888718605,
                    0.42973408102989197,
                    0.8986384272575378
                ]
            ],
            [
                [
                    0.7885410785675049,
                    -0.4184185862541199,
                    -0.4506981372833252
                ],
                [
                    0.5405958294868469,
                    0.8209971189498901,
                    0.1836295872926712
                ],
                [
                    0.29318785667419434,
                    -0.38844501972198486,
                    0.8735852837562561
                ]
            ],
            [
                [
                    0.9792882800102234,
                    -0.11880601197481155,
                    -0.1639503389596939
                ],
                [
                    0.029919873923063278,
                    0.8857710957527161,
                    -0.46315690875053406
                ],
                [
                    0.20024830102920532,
                    0.44865870475769043,
                    0.870979905128479
                ]
            ]
        ],
        "betas": [
            0.014214470982551575,
            -0.09494754672050476,
            -0.06710433959960938,
            0.07504454255104065,
            0.011030375957489014,
            -0.03595852106809616,
            0.028119415044784546,
            0.0008548200130462646,
            -0.027170956134796143,
            -0.03303256630897522
        ]
    },
    "pred_cam_t": [
        -0.06325996667146683,
        -0.06184035539627075,
        4.314357280731201
    ],
    "focal_length": [
        5000.0,
        5000.0
    ],
    "pred_keypoints_3d": [
        [
            0.09569931775331497,
            0.0063899215310812,
            0.006189002655446529
        ],
        [
            0.07377585768699646,
            0.016844075173139572,
            -0.023718494921922684
        ],
        [
            0.04951019957661629,
            0.02022264525294304,
            -0.04242293909192085
        ],
        [
            0.034341707825660706,
            0.04058907926082611,
            -0.05194540694355965
        ],
        [
            0.022288473322987556,
            0.07072946429252625,
            -0.06608788669109344
        ],
        [
            0.02811610698699951,
            0.06253764033317566,
            -0.015924058854579926
        ],
        [
            0.02111373469233513,
            0.09474849700927734,
            -0.017720064148306847
        ],
        [
            0.024206260219216347,
            0.11580969393253326,
            -0.024083448573946953
        ],
        [
            0.03558899462223053,
            0.13534483313560486,
            -0.036087386310100555
        ],
        [
            0.03452303260564804,
            0.07859016209840775,
            0.0022824774496257305
        ],
        [
            0.031450651586055756,
            0.10890208184719086,
            -0.006418891716748476
        ],
        [
            0.03741784393787384,
            0.12890934944152832,
            -0.016715634614229202
        ],
        [
            0.0464010126888752,
            0.14503315091133118,
            -0.03443979099392891
        ],
        [
            0.05677862837910652,
            0.0824810341000557,
            0.016438275575637817
        ],
        [
            0.05144748091697693,
            0.10698860883712769,
            0.0021993108093738556
        ],
        [
            0.05955227091908455,
            0.12660470604896545,
            -0.01063254289329052
        ],
        [
            0.06776329129934311,
            0.13867869973182678,
            -0.03091427870094776
        ],
        [
            0.07725371420383453,
            0.08422108739614487,
            0.023553453385829926
        ],
        [
            0.07442606985569,
            0.10294386744499207,
            0.014194250106811523
        ],
        [
            0.0792417898774147,
            0.11722739040851593,
            0.002668938599526882
        ],
        [
            0.08354349434375763,
            0.1252538412809372,
            -0.014261266216635704
        ]
    ],
    "pred_vertices": [
        [
            0.06178371608257294,
            0.04115253686904907,
            -0.020144673064351082
        ],
        [
            0.06952880322933197,
            0.03483303636312485,
            -0.02134842798113823
        ],
        [
            0.06124332919716835,
            0.03617282211780548,
            -0.02946246787905693
        ],
        [
            0.05475073680281639,
            0.04193318635225296,
            -0.027632683515548706
        ],
        [
            0.07750461250543594,
            0.024934612214565277,
            -0.038322433829307556
        ],
        [
            0.07822029292583466,
            0.013052966445684433,
            -0.04305494576692581
        ],
        [
            0.06349082291126251,
            0.019288305193185806,
            -0.050992488861083984
        ],
        [
            0.06593091785907745,
            0.028431858867406845,
            -0.04647030681371689
        ],
        [
            0.047468870878219604,
            0.04080989211797714,
            -0.03198564052581787
        ],
        [
            0.05496395751833916,
            0.03684082627296448,
            -0.03523515537381172
        ],
        [
            0.04341614991426468,
            0.03582320734858513,
            -0.031014710664749146
        ],
        [
            0.03360719233751297,
            0.039222121238708496,
            -0.02516743913292885
        ],
        [
            0.039507731795310974,
            0.044281795620918274,
            -0.02797255851328373
        ],
        [
            0.027443410828709602,
            0.04462847486138344,
            -0.02192855253815651
        ],
        [
            0.033391065895557404,
            0.03004472702741623,
            -0.01828853413462639
        ],
        [
            0.02509745955467224,
            0.04264082759618759,
            -0.012782767415046692
        ],
        [
            0.044572554528713226,
            0.03388260677456856,
            0.007363487035036087
        ],
        [
            0.05337873846292496,
            0.03801536187529564,
            0.016434786841273308
        ],
        [
            0.04324406385421753,
            0.05189073085784912,
            0.01654251664876938
        ],
        [
            0.03565555810928345,
            0.04674752801656723,
            0.006434503011405468
        ],
        [
            0.061582669615745544,
            0.05491529405117035,
            0.025904566049575806
        ],
        [
            0.05092759057879448,
            0.053974173963069916,
            0.020916452631354332
        ],
        [
            0.06043221801519394,
            0.03960791975259781,
            0.02172994799911976
        ],
        [
            0.06958964467048645,
            0.04119006171822548,
            0.02599882334470749
        ],
        [
            0.07388462126255035,
            0.041217975318431854,
            -0.008526094257831573
        ],
        [
            0.0822133868932724,
            0.034441567957401276,
            -0.008436042815446854
        ],
        [
            0.07754866778850555,
            0.03409062325954437,
            -0.012319337576627731
        ],
        [
            0.06985177099704742,
            0.04031798988580704,
            -0.012363472953438759
        ],
        [
            0.03960336744785309,
            0.027162328362464905,
            -0.03577831760048866
        ],
        [
            0.040534086525440216,
            0.02009352296590805,
            -0.029834091663360596
        ],
        [
            0.039914004504680634,
            0.02812420018017292,
            -0.028808534145355225
        ],
        [
            0.04245325177907944,
            0.03179031237959862,
            -0.036388397216796875
        ],
        [
            0.10840544104576111,
            0.022331882268190384,
            -0.006788391619920731
        ],
        [
            0.11212515830993652,
            0.009835503995418549,
            -0.0033373830374330282
        ],
        [
            0.10830722749233246,
            0.007154412567615509,
            -0.0068656341172754765
        ],
        [
            0.10551570355892181,
            0.01924804225564003,
            -0.008878860622644424
        ],
        [
            0.09392319619655609,
            0.004238199442625046,
            -0.026691878214478493
        ],
        [
            0.09748845547437668,
            -0.002214871346950531,
            -0.018071811646223068
        ],
        [
            0.09080126881599426,
            -0.014893703162670135,
            -0.017033683136105537
        ],
        [
            0.08459867537021637,
            -0.009569518268108368,
            -0.022926518693566322
        ],
        [
            0.08709321171045303,
            0.00937649980187416,
            -0.03578128665685654
        ],
        [
            0.08066200464963913,
            -0.0032484643161296844,
            -0.033739060163497925
        ],
        [
            0.07246731966733932,
            0.0026292018592357635,
            -0.04192083701491356
        ],
        [
            0.058130837976932526,
            0.011211097240447998,
            -0.050538599491119385
        ],
        [
            0.11890207976102829,
            0.014616772532463074,
            0.006467113271355629
        ],
        [
            0.11750021576881409,
            0.024555951356887817,
            0.00496310880407691
        ],
        [
            0.023964211344718933,
            0.09730382263660431,
            -0.028336534276604652
        ],
        [
            0.02863173745572567,
            0.0987994596362114,
            -0.02508987858891487
        ],
        [
            0.028827408328652382,
            0.09403496980667114,
            -0.02510981820523739
        ],
        [
            0.023814667016267776,
            0.09332937002182007,
            -0.027978060767054558
        ],
        [
            0.11373618990182877,
            0.020346269011497498,
            0.02515636570751667
        ],
        [
            0.10716087371110916,
            0.01681814342737198,
            0.0319359265267849
        ],
        [
            0.11267388612031937,
            0.012049399316310883,
            0.03161534294486046
        ],
        [
            0.11790314316749573,
            0.01413571834564209,
            0.024073656648397446
        ],
        [
            0.10821016132831573,
            0.028554677963256836,
            0.026452060788869858
        ],
        [
            0.09953764081001282,
            0.02347307652235031,
            0.03157605230808258
        ],
        [
            0.013342502526938915,
            0.10020637512207031,
            -0.02181173861026764
        ],
        [
            0.015385041013360023,
            0.09895223379135132,
            -0.026393471285700798
        ],
        [
            0.014250896871089935,
            0.0941750556230545,
            -0.024493418633937836
        ],
        [
            0.012957658618688583,
            0.09490419924259186,
            -0.019404636695981026
        ],
        [
            0.04725631698966026,
            0.04720628261566162,
            -0.026506643742322922
        ],
        [
            0.05526931211352348,
            0.04820176959037781,
            -0.020831141620874405
        ],
        [
            0.03654265031218529,
            0.061128612607717514,
            -0.024822264909744263
        ],
        [
            0.04408157989382744,
            0.05629558116197586,
            -0.021707866340875626
        ],
        [
            0.039444975554943085,
            0.051939982920885086,
            -0.025755226612091064
        ],
        [
            0.032880064100027084,
            0.05641219764947891,
            -0.026774417608976364
        ],
        [
            0.06133908033370972,
            0.060014162212610245,
            -0.005563819780945778
        ],
        [
            0.06842957437038422,
            0.050692133605480194,
            -0.005692165344953537
        ],
        [
            0.06330280005931854,
            0.049874670803546906,
            -0.009804397821426392
        ],
        [
            0.054934531450271606,
            0.05967586487531662,
            -0.011355169117450714
        ],
        [
            0.07976342737674713,
            0.055591173470020294,
            0.0012609153054654598
        ],
        [
            0.07162242382764816,
            0.06418211758136749,
            0.0011710277758538723
        ],
        [
            0.07898662984371185,
            0.06595239043235779,
            0.0051827942952513695
        ],
        [
            0.08398914337158203,
            0.05989602580666542,
            0.0037698186933994293
        ],
        [
            0.05547422170639038,
            0.07674625515937805,
            -0.00021464331075549126
        ],
        [
            0.050644319504499435,
            0.08136408030986786,
            0.0003893226385116577
        ],
        [
            0.05343550443649292,
            0.0827941820025444,
            0.001462877495214343
        ],
        [
            0.058423493057489395,
            0.07743354886770248,
            0.0019312661606818438
        ],
        [
            0.1172834113240242,
            0.0066594406962394714,
            0.031820885837078094
        ],
        [
            0.12106853723526001,
            0.007706254720687866,
            0.022799741476774216
        ],
        [
            0.08145380765199661,
            0.060076527297496796,
            0.03284548595547676
        ],
        [
            0.09235113859176636,
            0.060769304633140564,
            0.03042454831302166
        ],
        [
            0.0868213102221489,
            0.07295192778110504,
            0.03198258951306343
        ],
        [
            0.07625497877597809,
            0.06897695362567902,
            0.03452594578266144
        ],
        [
            0.09776277840137482,
            0.01265767216682434,
            0.033302292227745056
        ],
        [
            0.10404232144355774,
            0.008318759500980377,
            0.035173557698726654
        ],
        [
            0.014766952022910118,
            0.10199416428804398,
            -0.01605123281478882
        ],
        [
            0.01522993016988039,
            0.09654577821493149,
            -0.014001491479575634
        ],
        [
            0.0664382055401802,
            -0.003747742623090744,
            -0.032865386456251144
        ],
        [
            0.052728600800037384,
            0.006386317312717438,
            -0.04493597149848938
        ],
        [
            0.07467547804117203,
            -0.009762659668922424,
            -0.022110771387815475
        ],
        [
            0.07931157946586609,
            -0.014360912144184113,
            -0.013986323028802872
        ],
        [
            0.0833108201622963,
            -0.02049832046031952,
            -0.009586350992321968
        ],
        [
            0.04541895538568497,
            0.06167146563529968,
            -0.018092919141054153
        ],
        [
            0.06223246082663536,
            0.04630998522043228,
            -0.014598667621612549
        ],
        [
            0.07777810096740723,
            0.04256179928779602,
            -0.005524975247681141
        ],
        [
            0.10064143687486649,
            0.057714033871889114,
            0.008520269766449928
        ],
        [
            0.10701822489500046,
            0.049333855509757996,
            0.00755439605563879
        ],
        [
            0.09849987924098969,
            0.04876351356506348,
            0.0011105770245194435
        ],
        [
            0.09436658024787903,
            0.056011348962783813,
            0.003794502466917038
        ],
        [
            0.09844757616519928,
            0.06459789723157883,
            0.023665620014071465
        ],
        [
            0.09749193489551544,
            0.06655874103307724,
            0.015902996063232422
        ],
        [
            0.09228688478469849,
            0.07390330731868744,
            0.017422251403331757
        ],
        [
            0.0927349179983139,
            0.0738862156867981,
            0.02521086484193802
        ],
        [
            0.03656363487243652,
            0.02121536061167717,
            -0.039315883070230484
        ],
        [
            0.04180975258350372,
            0.012750927358865738,
            -0.03209264948964119
        ],
        [
            0.11799754202365875,
            0.022501640021800995,
            0.015722937881946564
        ],
        [
            0.11999094486236572,
            0.015131667256355286,
            0.014186445623636246
        ],
        [
            0.12251622974872589,
            0.007117629051208496,
            0.015184931457042694
        ],
        [
            0.095195472240448,
            0.028340090066194534,
            -0.00909359659999609
        ],
        [
            0.10363726317882538,
            0.01720830798149109,
            -0.010616198182106018
        ],
        [
            0.10079307854175568,
            0.01642000675201416,
            -0.014401753433048725
        ],
        [
            0.09249261021614075,
            0.027594640851020813,
            -0.010560418479144573
        ],
        [
            0.07938855141401291,
            0.030400844290852547,
            -0.024661388248205185
        ],
        [
            0.0889655277132988,
            0.021081365644931793,
            -0.02851896733045578
        ],
        [
            0.06969058513641357,
            0.03353216126561165,
            -0.03318195417523384
        ],
        [
            0.10426439344882965,
            0.0021366924047470093,
            -0.011711474508047104
        ],
        [
            0.11279363185167313,
            -0.0021010413765907288,
            -0.006063926499336958
        ],
        [
            0.10702425241470337,
            -0.007044963538646698,
            -0.010661205276846886
        ],
        [
            0.11817976087331772,
            0.0020205825567245483,
            0.0010189434979110956
        ],
        [
            0.12190039455890656,
            0.0054450854659080505,
            0.008371335454285145
        ],
        [
            0.10868552327156067,
            0.0021780282258987427,
            0.038811489939689636
        ],
        [
            0.10034425556659698,
            -0.011363096535205841,
            -0.01352716889232397
        ],
        [
            0.05768392235040665,
            0.029956940561532974,
            -0.050593387335538864
        ],
        [
            0.05145040154457092,
            0.032852135598659515,
            -0.05241616070270538
        ],
        [
            0.051412127912044525,
            0.036015480756759644,
            -0.04572711139917374
        ],
        [
            0.05613952875137329,
            0.03376564756035805,
            -0.043499656021595
        ],
        [
            0.021414827555418015,
            0.0529276505112648,
            -0.019893743097782135
        ],
        [
            0.026817765086889267,
            0.05463434010744095,
            -0.025700034573674202
        ],
        [
            0.033219195902347565,
            0.04689282923936844,
            -0.02659507840871811
        ],
        [
            0.10587161779403687,
            0.0331944115459919,
            -0.0038563041016459465
        ],
        [
            0.11385294795036316,
            0.03472048044204712,
            0.005821257829666138
        ],
        [
            0.037952080368995667,
            0.0661076232790947,
            -0.020853307098150253
        ],
        [
            0.013131112791597843,
            0.08974948525428772,
            -0.017434511333703995
        ],
        [
            0.01430206187069416,
            0.08883872628211975,
            -0.023127170279622078
        ],
        [
            0.01736307330429554,
            0.06995059549808502,
            -0.02163965255022049
        ],
        [
            0.015455836430191994,
            0.07151217013597488,
            -0.015243671834468842
        ],
        [
            0.034446317702531815,
            0.07334242761135101,
            -0.013852570205926895
        ],
        [
            0.03605882450938225,
            0.06991677731275558,
            -0.019699640572071075
        ],
        [
            0.03535747528076172,
            0.0722976103425026,
            -0.018221084028482437
        ],
        [
            0.03568531945347786,
            0.07626688480377197,
            -0.013010595925152302
        ],
        [
            0.061744727194309235,
            0.08310401439666748,
            0.005638389848172665
        ],
        [
            0.06611213088035583,
            0.07828737795352936,
            0.006014227867126465
        ],
        [
            0.029457073658704758,
            0.061121780425310135,
            0.0033935606479644775
        ],
        [
            0.021242376416921616,
            0.05252770334482193,
            -0.0026134978979825974
        ],
        [
            0.028748279437422752,
            0.04216250777244568,
            -0.0021965326741337776
        ],
        [
            0.06740517169237137,
            0.061561454087495804,
            -0.001490229507908225
        ],
        [
            0.06159859150648117,
            0.07021109014749527,
            -0.0008843154646456242
        ],
        [
            0.06475469470024109,
            0.07139486819505692,
            0.0015739742666482925
        ],
        [
            0.04482707753777504,
            0.06569754332304001,
            -0.015449576079845428
        ],
        [
            0.03927617520093918,
            0.069770447909832,
            -0.016085390001535416
        ],
        [
            0.04283026605844498,
            0.07032530754804611,
            -0.012316918931901455
        ],
        [
            0.04885187745094299,
            0.06638473272323608,
            -0.011540033854544163
        ],
        [
            0.0981396734714508,
            0.04881320893764496,
            0.030085699632763863
        ],
        [
            0.10547591000795364,
            0.05358210951089859,
            0.022401487454771996
        ],
        [
            0.019181299954652786,
            0.0976308211684227,
            -0.028777236118912697
        ],
        [
            0.018402203917503357,
            0.09330148249864578,
            -0.027683887630701065
        ],
        [
            0.07423718273639679,
            0.052396856248378754,
            -0.0017153428634628654
        ],
        [
            0.03897769749164581,
            0.031046636402606964,
            -0.0019540097564458847
        ],
        [
            0.08216124773025513,
            0.044235099107027054,
            -0.002640080638229847
        ],
        [
            0.06143434718251228,
            0.07719379663467407,
            0.024866748601198196
        ],
        [
            0.0665692463517189,
            0.08203766494989395,
            0.02082892321050167
        ],
        [
            0.063668392598629,
            0.08641693741083145,
            0.01794607937335968
        ],
        [
            0.05863845348358154,
            0.08512178808450699,
            0.021212317049503326
        ],
        [
            0.03244912996888161,
            0.09147953987121582,
            -0.013548731803894043
        ],
        [
            0.033109214156866074,
            0.0910094752907753,
            -0.01925741508603096
        ],
        [
            0.03195175155997276,
            0.09554494172334671,
            -0.019837286323308945
        ],
        [
            0.03110366500914097,
            0.09670719504356384,
            -0.014231428503990173
        ],
        [
            0.03377700224518776,
            0.06685804575681686,
            -0.024085812270641327
        ],
        [
            0.029425784945487976,
            0.06315087527036667,
            -0.026865197345614433
        ],
        [
            0.02839798480272293,
            0.06986450403928757,
            -0.026261743158102036
        ],
        [
            0.03266649320721626,
            0.07161110639572144,
            -0.0225360170006752
        ],
        [
            0.02342994511127472,
            0.0622953437268734,
            -0.02526470459997654
        ],
        [
            0.022237930446863174,
            0.06911523640155792,
            -0.025505727156996727
        ],
        [
            0.027798552066087723,
            0.09172621369361877,
            -0.008989410474896431
        ],
        [
            0.02032853476703167,
            0.09144073724746704,
            -0.008042696863412857
        ],
        [
            0.023490067571401596,
            0.07556042820215225,
            -0.0050581833347678185
        ],
        [
            0.03061584383249283,
            0.07841235399246216,
            -0.007700822316110134
        ],
        [
            0.0765245258808136,
            0.027768388390541077,
            0.0272417813539505
        ],
        [
            0.08622723817825317,
            0.03172944113612175,
            0.030986618250608444
        ],
        [
            0.07950962334871292,
            0.04519961401820183,
            0.030048877000808716
        ],
        [
            0.07268545031547546,
            0.05847428739070892,
            0.030488241463899612
        ],
        [
            0.0658668577671051,
            0.07078549265861511,
            0.029418382793664932
        ],
        [
            0.054717618972063065,
            0.06650535762310028,
            0.026973210275173187
        ],
        [
            0.08726076036691666,
            0.046808287501335144,
            0.03207647055387497
        ],
        [
            0.031695589423179626,
            0.07221552729606628,
            -0.005856116767972708
        ],
        [
            0.02545974589884281,
            0.06583797186613083,
            -0.0031120842322707176
        ],
        [
            0.0291597917675972,
            0.06827875226736069,
            -0.0009433547966182232
        ],
        [
            0.0882328450679779,
            0.04775563254952431,
            -0.00013685226440429688
        ],
        [
            0.01827789470553398,
            0.0881694108247757,
            -0.02676946111023426
        ],
        [
            0.07400788366794586,
            -0.011919468641281128,
            0.00842004083096981
        ],
        [
            0.07838781177997589,
            -0.00678243488073349,
            0.019661590456962585
        ],
        [
            0.07295963168144226,
            -0.000592060387134552,
            0.016654960811138153
        ],
        [
            0.06879859417676926,
            -0.005990996956825256,
            0.003687111660838127
        ],
        [
            0.029961347579956055,
            0.08946061134338379,
            -0.025108736008405685
        ],
        [
            0.024499597027897835,
            0.08839278668165207,
            -0.028226472437381744
        ],
        [
            0.07063126564025879,
            0.08174179494380951,
            0.009472743608057499
        ],
        [
            0.06572556495666504,
            0.08564378321170807,
            0.00891487579792738
        ],
        [
            0.06605206429958344,
            0.08772077411413193,
            0.011923166923224926
        ],
        [
            0.07246575504541397,
            0.08632151782512665,
            0.012413399294018745
        ],
        [
            0.09200485795736313,
            0.032610028982162476,
            0.03207628056406975
        ],
        [
            0.08371369540691376,
            0.0812668576836586,
            0.030275022611021996
        ],
        [
            0.07440000772476196,
            0.07733236253261566,
            0.03312429040670395
        ],
        [
            0.09169071912765503,
            0.019828498363494873,
            0.03172113746404648
        ],
        [
            0.08306598663330078,
            0.01611829549074173,
            0.029037419706583023
        ],
        [
            0.08822130411863327,
            0.007997110486030579,
            0.030664414167404175
        ],
        [
            0.04272278770804405,
            0.06850970536470413,
            0.01772473379969597
        ],
        [
            0.0687774196267128,
            0.02680375799536705,
            0.023492123931646347
        ],
        [
            0.07662320137023926,
            0.01469063013792038,
            0.025173498317599297
        ],
        [
            0.08249606937170029,
            0.004907488822937012,
            0.02693893387913704
        ],
        [
            0.08685450255870819,
            -0.0019097626209259033,
            0.029099032282829285
        ],
        [
            0.0927758663892746,
            0.0022159218788146973,
            0.032832544296979904
        ],
        [
            0.015908341854810715,
            0.0910751149058342,
            -0.011829797178506851
        ],
        [
            0.01993357576429844,
            0.09783118963241577,
            -0.009580076672136784
        ],
        [
            0.09736035764217377,
            -0.00455581396818161,
            0.03682353347539902
        ],
        [
            0.09080735594034195,
            -0.008831612765789032,
            0.03186774626374245
        ],
        [
            0.06974813342094421,
            0.012287527322769165,
            0.019587764516472816
        ],
        [
            0.0627383142709732,
            0.009424090385437012,
            0.011782735586166382
        ],
        [
            0.06255416572093964,
            0.024187881499528885,
            0.0180455781519413
        ],
        [
            0.05459759756922722,
            0.022291172295808792,
            0.010292166844010353
        ],
        [
            0.0346466489136219,
            0.06160149723291397,
            0.015815528109669685
        ],
        [
            0.024384276941418648,
            0.11458826065063477,
            -0.014977242797613144
        ],
        [
            0.025132084265351295,
            0.1037154272198677,
            -0.011139183305203915
        ],
        [
            0.029758861288428307,
            0.10225483775138855,
            -0.014413785189390182
        ],
        [
            0.02863038145005703,
            0.11357305943965912,
            -0.015594858676195145
        ],
        [
            0.026784874498844147,
            0.09748762100934982,
            -0.010205214843153954
        ],
        [
            0.019397255033254623,
            0.10325595736503601,
            -0.011556514538824558
        ],
        [
            0.04874318838119507,
            0.018364354968070984,
            -0.0018722005188465118
        ],
        [
            0.03798545151948929,
            0.07449627667665482,
            -0.011752856895327568
        ],
        [
            0.05900745838880539,
            0.004207946360111237,
            -0.0038409531116485596
        ],
        [
            0.040475308895111084,
            0.01768556609749794,
            -0.016343828290700912
        ],
        [
            0.04919693246483803,
            0.007770862430334091,
            -0.01968255266547203
        ],
        [
            0.06883788853883743,
            -0.00973142683506012,
            -0.008437086828052998
        ],
        [
            0.06056992709636688,
            -0.0038442201912403107,
            -0.02060019224882126
        ],
        [
            0.07859817892313004,
            -0.02039284259080887,
            0.0003826245665550232
        ],
        [
            0.07364282757043839,
            -0.01431194692850113,
            -0.0027610957622528076
        ],
        [
            0.051400307565927505,
