{
    "pred_cam": [
        8.940370559692383,
        0.11850836873054504,
        -0.04161395877599716
    ],
    "pred_mano_params": {
        "global_orient": [
            [
                [
                    -0.5877645015716553,
                    -0.17321015894412994,
                    -0.7902728319168091
                ],
                [
                    -0.5179277658462524,
                    -0.6698512434959412,
                    0.532024621963501
                ],
                [
                    -0.6215172410011292,
                    0.7220094203948975,
                    0.304004430770874
                ]
            ]
        ],
        "hand_pose": [
            [
                [
                    0.6871322393417358,
                    -0.7201102375984192,
                    -0.09638787806034088
                ],
                [
                    0.7168643474578857,
                    0.693566620349884,
                    -0.07120977342128754
                ],
                [
                    0.11813028901815414,
                    -0.020166505128145218,
                    0.9927933216094971
                ]
            ],
            [
                [
                    0.37569311261177063,
                    -0.9022063612937927,
                    0.21184514462947845
                ],
                [
                    0.9179489612579346,
                    0.3308565318584442,
                    -0.21886880695819855
                ],
                [
                    0.12737448513507843,
                    0.2766905725002289,
                    0.9524799585342407
                ]
            ],
            [
                [
                    0.7776592969894409,
                    -0.609658420085907,
                    0.1535010039806366
                ],
                [
                    0.6106908321380615,
                    0.7905368804931641,
                    0.04591524228453636
                ],
                [
                    -0.14934080839157104,
                    0.0580352321267128,
                    0.9870811700820923
                ]
            ],
            [
                [
                    0.6238241791725159,
                    -0.7626153230667114,
                    -0.17105919122695923
                ],
                [
                    0.7761572003364563,
                    0.6301893591880798,
                    0.021008087322115898
                ],
                [
                    0.09177858382463455,
                    -0.14587418735027313,
                    0.9850367307662964
                ]
            ],
            [
                [
                    0.5785304307937622,
                    -0.7844115495681763,
                    -0.22360901534557343
                ],
                [
                    0.815172016620636,
                    0.5465442538261414,
                    0.1917913258075714
                ],
                [
                    -0.028231114149093628,
                    -0.29323697090148926,
                    0.9556228518486023
                ]
            ],
            [
                [
                    0.7657421231269836,
                    -0.6426774859428406,
                    0.024591000750660896
                ],
                [
                    0.6420257687568665,
                    0.7661047577857971,
                    0.02977173589169979
                ],
                [
                    -0.03797290846705437,
                    -0.007009414024651051,
                    0.9992541670799255
                ]
            ],
            [
                [
                    0.5837185382843018,
                    -0.766909122467041,
                    0.2666889727115631
                ],
                [
                    0.6909141540527344,
                    0.6416758298873901,
                    0.3330012261867523
                ],
                [
                    -0.4265095889568329,
                    -0.010119822807610035,
                    0.9044264554977417
                ]
            ],
            [
                [
                    0.5909167528152466,
                    -0.7746715545654297,
                    -0.22516964375972748
                ],
                [
                    0.6146133542060852,
                    0.2515067756175995,
                    0.7476595044136047
                ],
                [
                    -0.522558867931366,
                    -0.5801968574523926,
                    0.6247430443763733
                ]
            ],
            [
                [
                    0.8562662601470947,
                    -0.5097851753234863,
                    0.08322864770889282
                ],
                [
                    0.41166168451309204,
                    0.7708255052566528,
                    0.48617133498191833
                ],
                [
                    -0.31199774146080017,
                    -0.3820301294326782,
                    0.8698909282684326
                ]
            ],
            [
                [
                    0.6522315740585327,
                    -0.7517450451850891,
                    0.09733140468597412
                ],
                [
                    0.7541837692260742,
                    0.6564605832099915,
                    0.016320403665304184
                ],
                [
                    -0.07616300880908966,
                    0.0627610832452774,
                    0.9951182007789612
                ]
            ],
            [
                [
                    0.6321325302124023,
                    -0.74558025598526,
                    -0.21099403500556946
                ],
                [
                    0.7265190482139587,
                    0.4756259620189667,
                    0.4959334433078766
                ],
                [
                    -0.26940396428108215,
                    -0.46678686141967773,
                    0.842336893081665
                ]
            ],
            [
                [
                    0.7568621635437012,
                    -0.6532307863235474,
                    0.02119080349802971
                ],
                [
                    0.6258467435836792,
                    0.7337151765823364,
                    0.2645331919193268
                ],
                [
                    -0.18834927678108215,
                    -0.18695299327373505,
                    0.9641436338424683
                ]
            ],
            [
                [
                    0.936670184135437,
                    0.28845706582069397,
                    0.19859866797924042
                ],
                [
                    -0.1498015820980072,
                    0.8425886034965515,
                    -0.5173044204711914
                ],
                [
                    -0.3165571093559265,
                    0.4547932744026184,
                    0.8324389457702637
                ]
            ],
            [
                [
                    0.9873732328414917,
                    -0.15327559411525726,
                    -0.04000785946846008
                ],
                [
                    0.1510467827320099,
                    0.8348423838615417,
                    0.5293609499931335
                ],
                [
                    -0.04773785173892975,
                    -0.5287199020385742,
                    0.8474528193473816
                ]
            ],
            [
                [
                    0.6866317987442017,
                    -0.6760796904563904,
                    -0.267307311296463
                ],
                [
                    0.29502326250076294,
                    0.5951680541038513,
                    -0.7474867701530457
                ],
                [
                    0.6644532680511475,
                    0.4343862533569336,
                    0.6081205606460571
                ]
            ]
        ],
        "betas": [
            -0.1251910924911499,
            -0.10745358467102051,
            0.060155272483825684,
            0.01328626275062561,
            -0.02549433708190918,
            0.011915456503629684,
            -0.010511040687561035,
            0.02416236698627472,
            -0.05003264546394348,
            -0.057324498891830444
        ]
    },
    "pred_cam_t": [
        -0.11850836873054504,
        -0.04161395877599716,
        4.369225978851318
    ],
    "focal_length": [
        5000.0,
        5000.0
    ],
    "pred_keypoints_3d": [
        [
            0.0962299257516861,
            0.006439486518502235,
            0.006232851184904575
        ],
        [
            0.09256457537412643,
            0.043325841426849365,
            0.017886757850646973
        ],
        [
            0.08091957867145538,
            0.07015521079301834,
            0.02809770032763481
        ],
        [
            0.07583969831466675,
            0.09352347254753113,
            0.041109390556812286
        ],
        [
            0.09190532565116882,
            0.1229521706700325,
            0.03629639744758606
        ],
        [
            0.13278773427009583,
            0.06686551868915558,
            0.06383835524320602
        ],
        [
            0.1528051346540451,
            0.0932265967130661,
            0.06415105611085892
        ],
        [
            0.1530103236436844,
            0.09884248673915863,
            0.04259689152240753
        ],
        [
            0.14385023713111877,
            0.09414902329444885,
            0.02007368952035904
        ],
        [
            0.15517236292362213,
            0.0549570694565773,
            0.06329838931560516
        ],
        [
            0.17778778076171875,
            0.07631005346775055,
            0.056277573108673096
        ],
        [
            0.17704394459724426,
            0.08584226667881012,
            0.03492989391088486
        ],
        [
            0.16469934582710266,
            0.09029656648635864,
            0.013084717094898224
        ],
        [
            0.16655844449996948,
            0.03739944100379944,
            0.046327296644449234
        ],
        [
            0.18439754843711853,
            0.060195185244083405,
            0.04372590035200119
        ],
        [
            0.18317511677742004,
            0.07156535983085632,
            0.021565910428762436
        ],
        [
            0.1695263385772705,
            0.07787306606769562,
            0.0013841763138771057
        ],
        [
            0.17310920357704163,
            0.02580566145479679,
            0.02883170172572136
        ],
        [
            0.18694615364074707,
            0.04131338745355606,
            0.024371936917304993
        ],
        [
            0.1794750839471817,
            0.04877975955605507,
            0.008490614593029022
        ],
        [
            0.163248673081398,
            0.05102299526333809,
            -0.001136463019065559
        ]
    ],
    "pred_vertices": [
        [
            0.11490506678819656,
            0.05418487638235092,
            0.030380520969629288
        ],
        [
            0.10941425710916519,
            0.051658984273672104,
            0.02275814116001129
        ],
        [
            0.10547670722007751,
            0.06317244470119476,
            0.026694007217884064
        ],
        [
            0.11154235899448395,
            0.06419966369867325,
            0.03423674404621124
        ],
        [
            0.0953071266412735,
            0.05887848138809204,
            0.007083393633365631
        ],
        [
            0.08441068977117538,
            0.056281499564647675,
            0.003622308373451233
        ],
        [
            0.08197306096553802,
            0.07047112286090851,
            0.012067604809999466
        ],
        [
            0.09087777137756348,
            0.07246845215559006,
            0.013776320964097977
        ],
        [
            0.10683883726596832,
            0.07161285728216171,
            0.039511360228061676
        ],
        [
            0.1020902618765831,
            0.07181850075721741,
            0.03028179705142975
        ],
        [
            0.09961891174316406,
            0.07212837785482407,
            0.044136568903923035
        ],
        [
            0.10616219788789749,
            0.06754453480243683,
            0.05540640652179718
        ],
        [
            0.11157660186290741,
            0.06940040737390518,
            0.048892371356487274
        ],
        [
            0.11265319585800171,
            0.06693189591169357,
            0.06227955222129822
        ],
        [
            0.10032697021961212,
            0.057641759514808655,
            0.058025140315294266
        ],
        [
            0.11413480341434479,
            0.0589766651391983,
            0.06824639439582825
        ],
        [
            0.11647017300128937,
            0.030895721167325974,
            0.05599454045295715
        ],
        [
            0.12476050853729248,
            0.021627824753522873,
            0.05020183324813843
        ],
        [
            0.13693314790725708,
            0.02971319854259491,
            0.060284655541181564
        ],
        [
            0.12752139568328857,
            0.03912809491157532,
            0.06452431529760361
        ],
        [
            0.14519335329532623,
            0.0171324722468853,
            0.04529612511396408
        ],
        [
            0.14129310846328735,
            0.02438301406800747,
            0.05405625328421593
        ],
        [
            0.1290425956249237,
            0.015432056039571762,
            0.04498434439301491
        ],
        [
            0.13314461708068848,
            0.00954568013548851,
            0.037492793053388596
        ],
        [
            0.12100900709629059,
            0.03925076127052307,
            0.02244197204709053
        ],
        [
            0.11585691571235657,
            0.03452908620238304,
            0.014878395944833755
        ],
        [
            0.11356698721647263,
            0.03987397253513336,
            0.01850838214159012
        ],
        [
            0.11823757737874985,
            0.043869927525520325,
            0.0252508744597435
        ],
        [
            0.08404775708913803,
            0.07203095406293869,
            0.04331234470009804
        ],
        [
            0.08585931360721588,
            0.06231366842985153,
            0.04472152143716812
        ],
        [
            0.09285686910152435,
            0.0664537101984024,
            0.047309815883636475
        ],
        [
            0.08809992671012878,
            0.07557994872331619,
            0.041982173919677734
        ],
        [
            0.1079484075307846,
            0.020435120910406113,
            -0.010165665298700333
        ],
        [
            0.09788411110639572,
            0.0114666149020195,
            -0.01248972862958908
        ],
        [
            0.09371376037597656,
            0.014663219451904297,
            -0.009830735623836517
        ],
        [
            0.10411565005779266,
            0.02193131297826767,
            -0.007779300212860107
        ],
        [
            0.08344218134880066,
            0.033593934029340744,
            -0.002260923385620117
        ],
        [
            0.08005819469690323,
            0.02349451184272766,
            -0.002603285014629364
        ],
        [
            0.06767678260803223,
            0.019888941198587418,
            0.0039551034569740295
        ],
        [
            0.07038553059101105,
            0.0282776840031147,
            0.007601656019687653
        ],
        [
            0.08479095995426178,
            0.045044247061014175,
            -7.293373346328735e-05
        ],
        [
            0.07302115857601166,
            0.04025634750723839,
            0.006487905979156494
        ],
        [
            0.07501763850450516,
            0.05128934234380722,
            0.008280366659164429
        ],
        [
            0.07466273754835129,
            0.06493597477674484,
            0.015597429126501083
        ],
        [
            0.10667093098163605,
            0.0025918520987033844,
            -0.01599418744444847
        ],
        [
            0.11531615257263184,
            0.00813695415854454,
            -0.015293717384338379
        ],
        [
            0.14157721400260925,
            0.09122353792190552,
            0.054218221455812454
        ],
        [
            0.1459992676973343,
            0.08751105517148972,
            0.05164755508303642
        ],
        [
            0.14464211463928223,
            0.08685240149497986,
            0.05235029757022858
        ],
        [
            0.140867680311203,
            0.0904795229434967,
            0.05504147708415985
        ],
        [
            0.11826149374246597,
            -0.01040666550397873,
            -0.005307726562023163
        ],
        [
            0.11664435267448425,
            -0.015847358852624893,
            0.003149762749671936
        ],
        [
            0.11266573518514633,
            -0.018966365605592728,
            -0.0021912604570388794
        ],
        [
            0.11250007152557373,
            -0.012988381087779999,
            -0.009585857391357422
        ],
        [
            0.12582044303417206,
            -0.006899923086166382,
            0.0003417469561100006
        ],
        [
            0.12189371138811111,
            -0.010804787278175354,
            0.010300345718860626
        ],
        [
            0.14752741158008575,
            0.09952346980571747,
            0.062215857207775116
        ],
        [
            0.14305803179740906,
            0.09834838658571243,
            0.05944320932030678
        ],
        [
            0.14261308312416077,
            0.09622587263584137,
            0.06323351711034775
        ],
        [
            0.14706341922283173,
            0.09584977477788925,
            0.06662335991859436
        ],
        [
            0.11651519685983658,
            0.06587148457765579,
            0.04206617921590805
        ],
        [
            0.12067031860351562,
            0.058442290872335434,
            0.03638637065887451
        ],
        [
            0.12899675965309143,
            0.06994073837995529,
            0.05212006717920303
        ],
        [
            0.12677516043186188,
            0.06470947712659836,
            0.04679405689239502
        ],
        [
            0.12060759961605072,
            0.0678611770272255,
            0.04974924027919769
        ],
        [
            0.1231774315237999,
            0.07126627117395401,
            0.05475375056266785
        ],
        [
            0.13807374238967896,
            0.04701703414320946,
            0.035260412842035294
        ],
        [
            0.1301976442337036,
            0.04162750393152237,
            0.028438828885555267
        ],
        [
            0.12733958661556244,
            0.0465431734919548,
            0.032124049961566925
        ],
        [
            0.1349012702703476,
            0.05386297404766083,
            0.03958680108189583
        ],
        [
            0.13856685161590576,
            0.0339679941534996,
            0.019706226885318756
        ],
        [
            0.14556750655174255,
            0.03956674784421921,
            0.027484843507409096
        ],
        [
            0.1494779735803604,
            0.034466370940208435,
            0.021656110882759094
        ],
        [
            0.14395807683467865,
            0.032106369733810425,
            0.016410980373620987
        ],
        [
            0.15461155772209167,
            0.05033063888549805,
            0.042376305907964706
        ],
        [
            0.15790708363056183,
            0.05301641672849655,
            0.04658464342355728
        ],
        [
            0.16095949709415436,
            0.05225365236401558,
            0.04416978731751442
        ],
        [
            0.15649522840976715,
            0.04800068587064743,
            0.040083739906549454
        ],
        [
            0.10819387435913086,
            -0.02250324934720993,
            -0.006524175405502319
        ],
        [
            0.10636214166879654,
            -0.015199631452560425,
            -0.013003341853618622
        ],
        [
            0.1548810601234436,
            0.00689268484711647,
            0.028185494244098663
        ],
        [
            0.1556645631790161,
            0.006207488477230072,
            0.01684974879026413
        ],
        [
            0.16708126664161682,
            0.011102555319666862,
            0.022457106038928032
        ],
        [
            0.16346104443073273,
            0.010253023356199265,
            0.033838193863630295
        ],
        [
            0.11217078566551208,
            -0.01588604599237442,
            0.01263321191072464
        ],
        [
            0.10947845876216888,
            -0.021027132868766785,
            0.007247909903526306
        ],
        [
            0.1538672149181366,
            0.09784305095672607,
            0.06337396055459976
        ],
        [
            0.15331894159317017,
            0.09401071816682816,
            0.0674324631690979
        ],
        [
            0.07092496752738953,
            0.04284447804093361,
            0.018600478768348694
        ],
        [
            0.0714668482542038,
            0.0595349483191967,
            0.022772736847400665
        ],
        [
            0.06957748532295227,
            0.029806621372699738,
            0.016933511942625046
        ],
        [
            0.06824074685573578,
            0.020345080643892288,
            0.0159107968211174
        ],
        [
            0.06430137902498245,
            0.013502873480319977,
            0.013578075915575027
        ],
        [
            0.13346609473228455,
            0.06281470507383347,
            0.04659923166036606
        ],
        [
            0.122100830078125,
            0.05001892149448395,
            0.031704891473054886
        ],
        [
            0.1237853616476059,
            0.03581909090280533,
            0.01956014335155487
        ],
        [
            0.1456192433834076,
            0.022239448502659798,
            0.0018981806933879852
        ],
        [
            0.13822026550769806,
            0.018153268843889236,
            -0.004507794976234436
        ],
        [
            0.1343519687652588,
            0.026186753064393997,
            0.0016438290476799011
        ],
        [
            0.14157524704933167,
            0.02767431177198887,
            0.006435919553041458
        ],
        [
            0.15738868713378906,
            0.011852066963911057,
            0.008799649775028229
        ],
        [
            0.15615463256835938,
            0.019760791212320328,
            0.007215827703475952
        ],
        [
            0.16270002722740173,
            0.02258954383432865,
            0.012512195855379105
        ],
        [
            0.16580620408058167,
            0.015610534697771072,
            0.014620117843151093
        ],
        [
            0.07663615047931671,
            0.07055529206991196,
            0.0417993925511837
        ],
        [
            0.07943443953990936,
            0.05946163833141327,
            0.041040219366550446
        ],
        [
            0.11735009402036667,
            -0.002405170351266861,
            -0.012358300387859344
        ],
        [
            0.11009268462657928,
            -0.004403412342071533,
            -0.014659442007541656
        ],
        [
            0.10320007801055908,
            -0.009057942777872086,
            -0.01673995703458786
        ],
        [
            0.11152990162372589,
            0.028784863650798798,
            0.002279035747051239
        ],
        [
            0.10155446082353592,
            0.023150499910116196,
            -0.006253466010093689
        ],
        [
            0.09949352592229843,
            0.026785805821418762,
            -0.004376426339149475
        ],
        [
            0.11030124127864838,
            0.030700266361236572,
            0.004908442497253418
        ],
        [
            0.10585344582796097,
            0.04924742877483368,
            0.012440092861652374
        ],
        [
            0.0981508269906044,
            0.04407303407788277,
            0.0017919465899467468
        ],
        [
            0.10235805809497833,
            0.062394287437200546,
            0.016827553510665894
        ],
        [
            0.08698555827140808,
            0.01802617311477661,
            -0.007214218378067017
        ],
        [
            0.0857602059841156,
            0.00915052741765976,
            -0.013884678483009338
        ],
        [
            0.07886239886283875,
            0.012976616621017456,
            -0.009683243930339813
        ],
        [
            0.0927925556898117,
            0.002860546112060547,
            -0.016894303262233734
        ],
        [
            0.09908018261194229,
            -0.0034529194235801697,
            -0.018225252628326416
        ],
        [
            0.10554804652929306,
            -0.02790890261530876,
            0.00394207239151001
        ],
        [
            0.07304070889949799,
            0.015781529247760773,
            -0.0041264817118644714
        ],
        [
            0.08706619590520859,
            0.07913648337125778,
            0.019900090992450714
        ],
        [
            0.08299115300178528,
            0.08411707729101181,
            0.024786289781332016
        ],
        [
            0.08886847645044327,
            0.08302748203277588,
            0.030034635215997696
        ],
        [
            0.09276948869228363,
            0.07854772359132767,
            0.026187002658843994
        ],
        [
            0.12004874646663666,
            0.06956705451011658,
            0.06764168292284012
        ],
        [
            0.12045720964670181,
            0.07237324863672256,
            0.06035037711262703
        ],
        [
            0.11425891518592834,
            0.06942135840654373,
            0.05523580312728882
        ],
        [
            0.11885230243206024,
            0.022650955244898796,
            -0.006925817579030991
        ],
        [
            0.12472763657569885,
            0.012239433825016022,
            -0.011583253741264343
        ],
        [
            0.13536231219768524,
            0.0684330016374588,
            0.05199577286839485
        ],
        [
            0.14533904194831848,
            0.09236127138137817,
            0.06953394412994385
        ],
        [
            0.14038407802581787,
            0.09351717680692673,
            0.06595662236213684
        ],
        [
            0.129930317401886,
            0.07972753793001175,
            0.06819529086351395
        ],
        [
            0.13507044315338135,
            0.0778995007276535,
            0.07284702360630035
        ],
        [
            0.14372049272060394,
            0.06868734210729599,
            0.057139672338962555
        ],
        [
            0.13773314654827118,
            0.07036203891038895,
            0.053236331790685654
        ],
        [
            0.13932526111602783,
            0.07108187675476074,
            0.05376473814249039
        ],
        [
            0.14584887027740479,
            0.07024380564689636,
            0.055502861738204956
        ],
        [
            0.1637069582939148,
            0.046047892421483994,
            0.03767272084951401
        ],
        [
            0.1595594733953476,
            0.04248635098338127,
            0.033948492258787155
        ],
        [
            0.1395939439535141,
            0.049341537058353424,
            0.06937464326620102
        ],
        [
            0.1282781958580017,
            0.054521068930625916,
            0.07588522136211395
        ],
        [
            0.11852441728115082,
            0.04781993478536606,
            0.06874100863933563
        ],
        [
            0.1416924148797989,
            0.04221959784626961,
            0.030700255185365677
        ],
        [
            0.14922133088111877,
            0.04660261422395706,
            0.03640389442443848
        ],
        [
            0.15156587958335876,
            0.043968312442302704,
            0.03411068022251129
        ],
        [
            0.13804852962493896,
            0.06233368441462517,
            0.04786884784698486
        ],
        [
            0.14105820655822754,
            0.0661175549030304,
            0.05263415724039078
        ],
        [
            0.1429092437028885,
            0.06218837946653366,
            0.050681594759225845
        ],
        [
            0.1402999758720398,
            0.058290936052799225,
            0.0452534556388855
        ],
        [
            0.1450165957212448,
            0.0003099218010902405,
            0.01115388423204422
        ],
        [
            0.1474701166152954,
            0.006835639476776123,
            0.0016668662428855896
        ],
        [
            0.14075669646263123,
            0.09522702544927597,
            0.0567922368645668
        ],
        [
            0.14011868834495544,
            0.09410957247018814,
            0.05897003412246704
        ],
        [
            0.1338791698217392,
            0.037044379860162735,
            0.02409294620156288
        ],
        [
            0.10935936123132706,
            0.04047570377588272,
            0.05855376645922661
        ],
        [
            0.126886248588562,
            0.03261428326368332,
            0.016208678483963013
        ],
        [
            0.1657225638628006,
            0.026791147887706757,
            0.04466462507843971
        ],
        [
            0.16972392797470093,
            0.0310317762196064,
            0.037948042154312134
        ],
        [
            0.1719914674758911,
            0.03564612567424774,
            0.03939089924097061
        ],
        [
            0.17141205072402954,
            0.033891476690769196,
            0.04533010348677635
        ],
        [
            0.1541067361831665,
            0.0804952085018158,
            0.05471216142177582
        ],
        [
            0.14957912266254425,
            0.0829850286245346,
            0.05143163353204727
        ],
        [
            0.1502358615398407,
            0.08367791026830673,
            0.05207855999469757
        ],
        [
            0.15579906105995178,
            0.08279786258935928,
            0.05469924584031105
        ],
        [
            0.1321115791797638,
            0.07240831851959229,
            0.0533323660492897
        ],
        [
            0.12685824930667877,
            0.07450762391090393,
            0.05623747780919075
        ],
        [
            0.13025809824466705,
            0.0774943083524704,
            0.05597485229372978
        ],
        [
            0.13517411053180695,
            0.07439179718494415,
            0.053870946168899536
        ],
        [
            0.12476347386837006,
            0.07549019902944565,
            0.06215858459472656
        ],
        [
            0.12814322113990784,
            0.07922657579183578,
            0.06199777126312256
        ],
        [
            0.1571524739265442,
            0.08104919642210007,
            0.06060406193137169
        ],
        [
            0.156108096241951,
            0.08546366542577744,
            0.06711970269680023
        ],
        [
            0.14755208790302277,
            0.07078000158071518,
            0.0695897787809372
        ],
        [
            0.1498916745185852,
            0.0706687644124031,
            0.06207943707704544
        ],
        [
            0.12175704538822174,
            0.0013327673077583313,
            0.031179554760456085
        ],
        [
            0.12793001532554626,
            -0.0033445917069911957,
            0.02299034409224987
        ],
        [
            0.13951906561851501,
            0.004489187151193619,
            0.029206497594714165
        ],
        [
            0.1515069603919983,
            0.011091940104961395,
            0.036006491631269455
        ],
        [
            0.16198037564754486,
            0.018750043585896492,
            0.04228543862700462
        ],
        [
            0.15577414631843567,
            0.022643815726041794,
            0.052315548062324524
        ],
        [
            0.14264807105064392,
            0.0010004900395870209,
            0.022309700027108192
        ],
        [
            0.14569374918937683,
            0.06109559163451195,
            0.06305226683616638
        ],
        [
            0.14137627184391022,
            0.06025359779596329,
            0.07032033056020737
        ],
        [
            0.14424657821655273,
            0.056165531277656555,
            0.06743991374969482
        ],
        [
            0.13177098333835602,
            0.02994697168469429,
            0.011113904416561127
        ],
        [
            0.13812632858753204,
            0.0927688479423523,
            0.060875054448843
        ],
        [
            0.07758240401744843,
            0.0037977471947669983,
            0.0280972421169281
        ],
        [
            0.08684220910072327,
            -0.0054880306124687195,
            0.027265604585409164
        ],
        [
            0.0909443274140358,
            0.0010875537991523743,
            0.031518708914518356
        ],
        [
            0.08087831735610962,
            0.011723201721906662,
            0.031638436019420624
        ],
        [
            0.1435042917728424,
            0.08711604028940201,
            0.051455799490213394
        ],
        [
            0.13887061178684235,
            0.09027010947465897,
            0.05501195415854454
        ],
        [
            0.16455602645874023,
            0.039426375180482864,
            0.030536554753780365
        ],
        [
            0.16766424477100372,
            0.04278962314128876,
            0.03477306663990021
        ],
        [
            0.1708325445652008,
            0.040542200207710266,
            0.03520966321229935
        ],
        [
            0.17039352655410767,
            0.03806587681174278,
            0.02939983829855919
        ],
        [
            0.12981855869293213,
            -0.0056555382907390594,
            0.017715804278850555
        ],
        [
            0.17424476146697998,
            0.01706758886575699,
            0.023769229650497437
        ],
        [
            0.17088967561721802,
            0.015828348696231842,
            0.03442876785993576
        ],
        [
            0.11763395369052887,
            -0.010002881288528442,
            0.01794068142771721
        ],
        [
            0.11220626533031464,
            -0.006523102521896362,
            0.025431036949157715
        ],
        [
            0.10576549917459488,
            -0.012529406696557999,
            0.021027281880378723
        ],
        [
            0.15292949974536896,
            0.03532928228378296,
            0.060602281242609024
        ],
        [
            0.11860877275466919,
            0.00656852126121521,
            0.03749147802591324
        ],
        [
            0.10872617363929749,
            -0.0017478913068771362,
            0.03044513426721096
        ],
        [
            0.10086110234260559,
            -0.008695606142282486,
            0.025402430444955826
        ],
        [
            0.09577230364084244,
            -0.014471430331468582,
            0.02193499356508255
        ],
        [
            0.10166266560554504,
            -0.0179956816136837,
            0.017398454248905182
        ],
        [
            0.15124574303627014,
            0.08932120352983475,
            0.06955618411302567
        ],
        [
            0.1591467410326004,
            0.09010761976242065,
            0.06467726081609726
        ],
        [
            0.09727849066257477,
            -0.02542174607515335,
            0.014254536479711533
        ],
        [
            0.09074589610099792,
            -0.020700592547655106,
            0.019027002155780792
        ],
        [
            0.10366716980934143,
            0.004263341426849365,
            0.035383328795433044
        ],
        [
            0.09738187491893768,
            0.012281667441129684,
            0.039885230362415314
        ],
        [
            0.11342759430408478,
            0.012259777635335922,
            0.04181797802448273
        ],
        [
            0.1078798919916153,
            0.02085968479514122,
            0.04718451946973801
        ],
        [
            0.14528115093708038,
            0.036634303629398346,
            0.06863027811050415
        ],
        [
            0.16120904684066772,
            0.0965462177991867,
            0.047139063477516174
        ],
        [
            0.16103827953338623,
            0.08982497453689575,
            0.05609763413667679
        ],
        [
            0.15761353075504303,
            0.08594901859760284,
            0.05309291556477547
        ],
        [
            0.1603235900402069,
            0.0925799161195755,
            0.04556307569146156
        ],
        [
            0.1591682732105255,
            0.08484908938407898,
            0.05904380977153778
        ],
        [
            0.15981508791446686,
            0.09388681501150131,
            0.06028895825147629
        ],
        [
            0.09884133189916611,
            0.03251784294843674,
            0.049100302159786224
        ],
        [
            0.14598722755908966,
            0.06496911495923996,
            0.05514220520853996
        ],
        [
            0.08642177283763885,
            0.025421805679798126,
            0.038664206862449646
        ],
        [
            0.09091657400131226,
            0.04857191815972328,
            0.05146395415067673
        ],
        [
            0.08208724856376648,
            0.04399282857775688,
            0.041457608342170715
        ],
        [
            0.0732223391532898,
            0.020487282425165176,
            0.02758297696709633
        ],
        [
            0.07314714789390564,
            0.0354209803044796,
            0.030208073556423187
        ],
        [
            0.06730920076370239,
            0.006368920207023621,
            0.021195869892835617
        ],
        [
            0.07144785672426224,
            0.012634605169296265,
            0.024990949779748917
        ],
        [
            0.07298144698143005,
            0.05014236643910408,
            0.031214993447065353
        ],
        [
            0.1444934606552124,
            0.09260395169258118,
            0.046242453157901764
        ],
        [
            0.14963851869106293,
            0.08910711109638214,
            0.04511190205812454
        ],
        [
