{
    "pred_cam": [
        7.666372299194336,
        0.12444141507148743,
        -0.04435591772198677
    ],
    "pred_mano_params": {
        "global_orient": [
            [
                [
                    -0.5412415862083435,
                    -0.2156277745962143,
                    -0.8127498030662537
                ],
                [
                    -0.4971601665019989,
                    -0.6974615454673767,
                    0.5161193013191223
                ],
                [
                    -0.6781514286994934,
                    0.6834120154380798,
                    0.270293653011322
                ]
            ]
        ],
        "hand_pose": [
            [
                [
                    0.6838180422782898,
                    -0.7256323099136353,
                    -0.07648949325084686
                ],
                [
                    0.7214094996452332,
                    0.6880806088447571,
                    -0.07818829268217087
                ],
                [
                    0.10936687886714935,
                    -0.0017136817332357168,
                    0.9939999580383301
                ]
            ],
            [
                [
                    0.432980477809906,
                    -0.8836802244186401,
                    0.1778683215379715
                ],
                [
                    0.8948562741279602,
                    0.39764508605003357,
                    -0.20275762677192688
                ],
                [
                    0.108444444835186,
                    0.24695666134357452,
                    0.9629393219947815
                ]
            ],
            [
                [
                    0.8129174709320068,
                    -0.5646518468856812,
                    0.14259560406208038
                ],
                [
                    0.569442093372345,
                    0.8219864368438721,
                    0.008602441288530827
                ],
                [
                    -0.12206902354955673,
                    0.0742068663239479,
                    0.9897436499595642
                ]
            ],
            [
                [
                    0.5608645081520081,
                    -0.8165544271469116,
                    -0.1366375833749771
                ],
                [
                    0.826919674873352,
                    0.5605732798576355,
                    0.04428761079907417
                ],
                [
                    0.040432125329971313,
                    -0.13782766461372375,
                    0.9896305799484253
                ]
            ],
            [
                [
                    0.6327879428863525,
                    -0.7460821866989136,
                    -0.20722168684005737
                ],
                [
                    0.7739543914794922,
                    0.6011356711387634,
                    0.19907383620738983
                ],
                [
                    -0.02395707555115223,
                    -0.28635168075561523,
                    0.9578250050544739
                ]
            ],
            [
                [
                    0.7896864414215088,
                    -0.613479733467102,
                    0.0061608958058059216
                ],
                [
                    0.6128311157226562,
                    0.7892445921897888,
                    0.03912836313247681
                ],
                [
                    -0.028866909444332123,
                    -0.027123551815748215,
                    0.9992151856422424
                ]
            ],
            [
                [
                    0.558254599571228,
                    -0.7889166474342346,
                    0.25683116912841797
                ],
                [
                    0.7030705809593201,
                    0.6141901612281799,
                    0.3584161400794983
                ],
                [
                    -0.44050365686416626,
                    -0.01951703242957592,
                    0.8975385427474976
                ]
            ],
            [
                [
                    0.6280895471572876,
                    -0.75552898645401,
                    -0.18622428178787231
                ],
                [
                    0.6013275980949402,
                    0.3193757236003876,
                    0.7323962450027466
                ],
                [
                    -0.4938710629940033,
                    -0.5719922184944153,
                    0.6549170017242432
                ]
            ],
            [
                [
                    0.8662115931510925,
                    -0.495240181684494,
                    0.06644302606582642
                ],
                [
                    0.3942139744758606,
                    0.759025514125824,
                    0.5181463956832886
                ],
                [
                    -0.3070388436317444,
                    -0.4226316213607788,
                    0.8527073264122009
                ]
            ],
            [
                [
                    0.6377320885658264,
                    -0.7656408548355103,
                    0.08421266824007034
                ],
                [
                    0.7675561308860779,
                    0.6408351063728333,
                    0.013707811944186687
                ],
                [
                    -0.06446170061826706,
                    0.05589604005217552,
                    0.9963534474372864
                ]
            ],
            [
                [
                    0.6815829277038574,
                    -0.7082871198654175,
                    -0.18377728760242462
                ],
                [
                    0.6865906119346619,
                    0.5321741700172424,
                    0.4953624904155731
                ],
                [
                    -0.2530573308467865,
                    -0.46381038427352905,
                    0.8490241169929504
                ]
            ],
            [
                [
                    0.7630308866500854,
                    -0.6463107466697693,
                    -0.008146111853420734
                ],
                [
                    0.621762752532959,
                    0.730489194393158,
                    0.28248292207717896
                ],
                [
                    -0.17662109434604645,
                    -0.22060811519622803,
                    0.9592377543449402
                ]
            ],
            [
                [
                    0.946082353591919,
                    0.2692308723926544,
                    0.1801191121339798
                ],
                [
                    -0.13490617275238037,
                    0.8330186009407043,
                    -0.5365448594093323
                ],
                [
                    -0.294497013092041,
                    0.48331645131111145,
                    0.8244251012802124
                ]
            ],
            [
                [
                    0.9849145412445068,
                    -0.169960618019104,
                    -0.03250691294670105
                ],
                [
                    0.1574779897928238,
                    0.8025112748146057,
                    0.5754791498184204
                ],
                [
                    -0.0717216283082962,
                    -0.571916937828064,
                    0.8171700835227966
                ]
            ],
            [
                [
                    0.775703489780426,
                    -0.5492952466011047,
                    -0.31073909997940063
                ],
                [
                    0.22928889095783234,
                    0.7040289640426636,
                    -0.6721381545066833
                ],
                [
                    0.5879716873168945,
                    0.4501309096813202,
                    0.672065019607544
                ]
            ]
        ],
        "betas": [
            -0.1322418451309204,
            -0.10805779695510864,
            0.0034925341606140137,
            0.014618545770645142,
            -0.02755311131477356,
            0.004096362739801407,
            0.0023813843727111816,
            0.028499945998191833,
            -0.04857105016708374,
            -0.06546124815940857
        ]
    },
    "pred_cam_t": [
        -0.12444141507148743,
        -0.04435591772198677,
        5.095304489135742
    ],
    "focal_length": [
        5000.0,
        5000.0
    ],
    "pred_keypoints_3d": [
        [
            0.09630872309207916,
            0.006442217621952295,
            0.006236875429749489
        ],
        [
            0.09163032472133636,
            0.042845599353313446,
            0.01899837888777256
        ],
        [
            0.08014803379774094,
            0.0697958692908287,
            0.029174676164984703
        ],
        [
            0.07415264844894409,
            0.09280161559581757,
            0.04250558465719223
        ],
        [
            0.08720734715461731,
            0.12452523410320282,
            0.0436517596244812
        ],
        [
            0.12855064868927002,
            0.06486457586288452,
            0.06840905547142029
        ],
        [
            0.14800800383090973,
            0.09158502519130707,
            0.07092935591936111
        ],
        [
            0.150360569357872,
            0.09898779541254044,
            0.050016168504953384
        ],
        [
            0.14444130659103394,
            0.09733308851718903,
            0.025853566825389862
        ],
        [
            0.15099969506263733,
            0.05310012772679329,
            0.06890451163053513
        ],
        [
            0.1720615029335022,
            0.07611526548862457,
            0.062219612300395966
        ],
        [
            0.17239058017730713,
            0.08631116151809692,
            0.04114433377981186
        ],
        [
            0.1622878462076187,
            0.09121871739625931,
            0.018149487674236298
        ],
        [
            0.16359351575374603,
            0.03625527396798134,
            0.05207676440477371
        ],
        [
            0.18154597282409668,
            0.05911693349480629,
            0.05083798989653587
        ],
        [
            0.18264518678188324,
            0.07202312350273132,
            0.029486659914255142
        ],
        [
            0.1712196171283722,
            0.07975730299949646,
            0.008322145789861679
        ],
        [
            0.1713685244321823,
            0.02536606416106224,
            0.03464106470346451
        ],
        [
            0.18490849435329437,
            0.041375093162059784,
            0.031041061505675316
        ],
        [
            0.17878419160842896,
            0.04986520856618881,
            0.01506875827908516
        ],
        [
            0.16313554346561432,
            0.05275899916887283,
            0.00414723064750433
        ]
    ],
    "pred_vertices": [
        [
            0.11309938132762909,
            0.05328835919499397,
            0.03333210572600365
        ],
        [
            0.10822179168462753,
            0.050902996212244034,
            0.02520616352558136
        ],
        [
            0.10425303876399994,
            0.062283311039209366,
            0.029168348759412766
        ],
        [
            0.10957688838243484,
            0.06315653026103973,
            0.03725521266460419
        ],
        [
            0.09541124850511551,
            0.05876322090625763,
            0.008764810860157013
        ],
        [
            0.0847308412194252,
            0.05650642141699791,
            0.004600226879119873
        ],
        [
            0.08203579485416412,
            0.0706559419631958,
            0.013275682926177979
        ],
        [
            0.09084738045930862,
            0.07245557755231857,
            0.015467531979084015
        ],
        [
            0.10470779985189438,
            0.07050450891256332,
            0.04233436658978462
        ],
        [
            0.10080297291278839,
            0.07093799859285355,
            0.03269093111157417
        ],
        [
            0.09747264534235,
            0.07116063684225082,
            0.04630507156252861
        ],
        [
            0.10287799686193466,
            0.06593917310237885,
            0.05810531973838806
        ],
        [
            0.10860010236501694,
            0.067954882979393,
            0.052071526646614075
        ],
        [
            0.10871382057666779,
            0.06499063968658447,
            0.06544220447540283
        ],
        [
            0.0969390720129013,
            0.055960264056921005,
            0.060005005449056625
        ],
        [
            0.10980914533138275,
            0.0568341389298439,
            0.0712423026561737
        ],
        [
            0.11306744813919067,
            0.02914828434586525,
            0.058160003274679184
        ],
        [
            0.12178608030080795,
            0.020120583474636078,
            0.052592407912015915
        ],
        [
            0.1333053857088089,
            0.027863910421729088,
            0.06388183683156967
        ],
        [
            0.12352849543094635,
            0.037085603922605515,
            0.06778064370155334
        ],
        [
            0.142553448677063,
            0.015910431742668152,
            0.048935700207948685
        ],
        [
            0.13805776834487915,
            0.022812871262431145,
            0.057699043303728104
        ],
        [
            0.1264396458864212,
            0.014152247458696365,
            0.047439560294151306
        ],
        [
            0.13106396794319153,
            0.008573733270168304,
            0.04002956300973892
        ],
        [
            0.11971504241228104,
            0.038702286779880524,
            0.025309834629297256
        ],
        [
            0.11508718132972717,
            0.034202925860881805,
            0.017236925661563873
        ],
        [
            0.11254100501537323,
            0.039348505437374115,
            0.020885787904262543
        ],
        [
            0.11674715578556061,
            0.04319380968809128,
            0.028087947517633438
        ],
        [
            0.08238475024700165,
            0.07147844135761261,
            0.04449986666440964
        ],
        [
            0.08379654586315155,
            0.06140526011586189,
            0.04586751013994217
        ],
        [
            0.0906086266040802,
            0.06545279175043106,
            0.048940014094114304
        ],
        [
            0.08649852871894836,
            0.07507745176553726,
            0.04341903328895569
        ],
        [
            0.1089695543050766,
            0.0210508294403553,
            -0.008796900510787964
        ],
        [
            0.09914835542440414,
            0.012138787657022476,
            -0.012138351798057556
        ],
        [
            0.09478282928466797,
            0.015206720679998398,
            -0.009644851088523865
        ],
        [
            0.10495847463607788,
            0.02241923287510872,
            -0.006626993417739868
        ],
        [
            0.08397968858480453,
            0.03379957377910614,
            -0.0020885542035102844
        ],
        [
            0.08061403036117554,
            0.02371736615896225,
            -0.003037557005882263
        ],
        [
            0.06788331270217896,
            0.0198829248547554,
            0.002544291317462921
        ],
        [
            0.07031752914190292,
            0.02822963148355484,
            0.006674818694591522
        ],
        [
            0.08521316945552826,
            0.04527110606431961,
            0.0006019324064254761
        ],
        [
            0.07304506003856659,
            0.040388040244579315,
            0.006213963031768799
        ],
        [
            0.07503026723861694,
            0.051529351621866226,
            0.00854676216840744
        ],
        [
            0.07454653084278107,
            0.06510818004608154,
            0.01628955453634262
        ],
        [
            0.10820850729942322,
            0.003442540764808655,
            -0.015383109450340271
        ],
        [
            0.11675267666578293,
            0.008997596800327301,
            -0.013879422098398209
        ],
        [
            0.1378641128540039,
            0.09070281684398651,
            0.06015249341726303
        ],
        [
            0.14239437878131866,
            0.08710205554962158,
            0.05771396681666374
        ],
        [
            0.14094887673854828,
            0.0860428586602211,
            0.058338992297649384
        ],
        [
            0.13699890673160553,
            0.08962875604629517,
            0.06090490520000458
        ],
        [
            0.11916042119264603,
            -0.009864915162324905,
            -0.0044069960713386536
        ],
        [
            0.11703148484230042,
            -0.015613596886396408,
            0.003716401755809784
        ],
        [
            0.11343158781528473,
            -0.018552463501691818,
            -0.0019881390035152435
        ],
        [
            0.11370392888784409,
            -0.012314971536397934,
            -0.00915045291185379
        ],
        [
            0.12631720304489136,
            -0.0065469890832901,
            0.0018569715321063995
        ],
        [
            0.12176641821861267,
            -0.010823547840118408,
            0.011383149772882462
        ],
        [
            0.1432236135005951,
            0.0984540581703186,
            0.06902718544006348
        ],
        [
            0.13899099826812744,
            0.0975010097026825,
            0.0658700242638588
        ],
        [
            0.13818751275539398,
            0.09507162868976593,
            0.0695289745926857
        ],
        [
            0.14239685237407684,
            0.09454958885908127,
            0.07323318719863892
        ],
        [
            0.11387497931718826,
            0.06460729241371155,
            0.04552311822772026
        ],
        [
            0.11837401986122131,
            0.05737917870283127,
            0.03989134728908539
        ],
        [
            0.12558501958847046,
            0.0682610496878624,
            0.05655156821012497
        ],
        [
            0.12370328605175018,
            0.06328265368938446,
            0.050926439464092255
        ],
        [
            0.11737696826457977,
            0.06631030887365341,
            0.0535515621304512
        ],
        [
            0.11958449333906174,
            0.06949598342180252,
            0.05880894139409065
        ],
        [
            0.13582895696163177,
            0.04607789218425751,
            0.039530329406261444
        ],
        [
            0.12846249341964722,
            0.04090415686368942,
            0.031999118626117706
        ],
        [
            0.12534035742282867,
            0.04567180573940277,
            0.035664334893226624
        ],
        [
            0.13232864439487457,
            0.05274248495697975,
            0.0438927486538887
        ],
        [
            0.1374351978302002,
            0.03361992537975311,
            0.02355252206325531
        ],
        [
            0.14385977387428284,
            0.038961224257946014,
            0.03199008107185364
        ],
        [
            0.14816655218601227,
            0.03410400450229645,
            0.026238687336444855
        ],
        [
            0.14303745329380035,
            0.03191692382097244,
            0.020551733672618866
        ],
        [
            0.15185284614562988,
            0.0490993931889534,
            0.04790220409631729
        ],
        [
            0.15479198098182678,
            0.051549118012189865,
            0.05229227989912033
        ],
        [
            0.1580086052417755,
            0.051148299127817154,
            0.050006985664367676
        ],
        [
            0.15383395552635193,
            0.04697918891906738,
            0.045589059591293335
        ],
        [
            0.10927575826644897,
            -0.021953903138637543,
            -0.006729692220687866
        ],
        [
            0.10781746357679367,
            -0.014432653784751892,
            -0.013042964041233063
        ],
        [
            0.15342436730861664,
            0.006355319172143936,
            0.03212842345237732
        ],
        [
            0.15491394698619843,
            0.006083579733967781,
            0.020851731300354004
        ],
        [
            0.16590094566345215,
            0.010872026905417442,
            0.02738158591091633
        ],
        [
            0.16161522269248962,
            0.00955614261329174,
            0.03850249946117401
        ],
        [
            0.11194607615470886,
            -0.016019508242607117,
            0.012866705656051636
        ],
        [
            0.1096501499414444,
            -0.02096492424607277,
            0.0071258544921875
        ],
        [
            0.14941288530826569,
            0.09663739800453186,
            0.07052181661128998
        ],
        [
            0.14860859513282776,
            0.09268006682395935,
            0.07438647747039795
        ],
        [
            0.0701620876789093,
            0.042763374745845795,
            0.018328581005334854
        ],
        [
            0.07085709273815155,
            0.059598762542009354,
            0.02309539169073105
        ],
        [
            0.06881462782621384,
            0.029540907591581345,
            0.016051799058914185
        ],
        [
            0.06760439276695251,
            0.019999299198389053,
            0.014556203037500381
        ],
        [
            0.06390897929668427,
            0.013165116310119629,
            0.0116945281624794
        ],
        [
            0.13039730489253998,
            0.06140288710594177,
            0.05112901329994202
        ],
        [
            0.12013803422451019,
            0.04913371056318283,
            0.035016756504774094
        ],
        [
            0.12269367277622223,
            0.03539729118347168,
            0.022490795701742172
        ],
        [
            0.14573083817958832,
            0.022613052278757095,
            0.005827520042657852
        ],
        [
            0.13881585001945496,
            0.01873149164021015,
            -0.0012042298913002014
        ],
        [
            0.1344894915819168,
            0.02650807611644268,
            0.004965450614690781
        ],
        [
            0.14135408401489258,
            0.027854207903146744,
            0.010279834270477295
        ],
        [
            0.15709805488586426,
            0.012031564489006996,
            0.013127904385328293
        ],
        [
            0.15588834881782532,
            0.019978169351816177,
            0.01173945888876915
        ],
        [
            0.16199512779712677,
            0.02263634279370308,
            0.01752820983529091
        ],
        [
            0.1650582253932953,
            0.01562400534749031,
            0.019614044576883316
        ],
        [
            0.07504573464393616,
            0.07005159556865692,
            0.042645860463380814
        ],
        [
            0.07755426317453384,
            0.05874981731176376,
            0.04174230247735977
        ],
        [
            0.1186634823679924,
            -0.0016255490481853485,
            -0.01121455803513527
        ],
        [
            0.11158234626054764,
            -0.00357629731297493,
            -0.014078795909881592
        ],
        [
            0.10486710071563721,
            -0.008177533745765686,
            -0.016760550439357758
        ],
        [
            0.11162779480218887,
            0.0288996584713459,
            0.004164077341556549
        ],
        [
            0.10227356851100922,
            0.023547109216451645,
            -0.005232274532318115
        ],
        [
            0.1000586450099945,
            0.027058612555265427,
            -0.003372013568878174
        ],
        [
            0.1101922020316124,
            0.030655816197395325,
            0.00677073746919632
        ],
        [
            0.10537425428628922,
            0.04875531047582626,
            0.014550022780895233
        ],
        [
            0.09835690259933472,
            0.04406176507472992,
            0.003275647759437561
        ],
        [
            0.10191266983747482,
            0.06178642809391022,
            0.018996186554431915
        ],
        [
            0.08786240220069885,
            0.01842828467488289,
            -0.00736013799905777
        ],
        [
            0.08715945482254028,
            0.009816616773605347,
            -0.014411017298698425
        ],
        [
            0.07997854053974152,
            0.013454724103212357,
            -0.010540179908275604
        ],
        [
            0.09441593289375305,
            0.003678586333990097,
            -0.017172284424304962
        ],
        [
            0.10081826150417328,
            -0.0025463104248046875,
            -0.01831592619419098
        ],
        [
            0.10599049925804138,
            -0.027744028717279434,
            0.0033220387995243073
        ],
        [
            0.07379460334777832,
            0.01604578271508217,
            -0.005297668278217316
        ],
        [
            0.086556077003479,
            0.07919051498174667,
            0.021573513746261597
        ],
        [
            0.08204176276922226,
            0.08422233909368515,
            0.026454150676727295
        ],
        [
            0.08767106384038925,
            0.08299802243709564,
            0.03179728984832764
        ],
        [
            0.0919337123632431,
            0.07838323712348938,
            0.02800152078270912
        ],
        [
            0.11557799577713013,
            0.06742054224014282,
            0.07135380059480667
        ],
        [
            0.11648691445589066,
            0.07042902708053589,
            0.06420672684907913
        ],
        [
            0.11073897778987885,
            0.06769497692584991,
            0.058621130883693695
        ],
        [
            0.11962513625621796,
            0.023208556696772575,
            -0.0047524720430374146
        ],
        [
            0.12586729228496552,
            0.013022080063819885,
            -0.009389970451593399
        ],
        [
            0.13196679949760437,
            0.06678500026464462,
            0.056824516505002975
        ],
        [
            0.14040713012218475,
            0.09065734595060349,
            0.07587018609046936
        ],
        [
            0.13573408126831055,
            0.09187092632055283,
            0.07193763554096222
        ],
        [
            0.12515239417552948,
            0.07755658775568008,
            0.07283755391836166
        ],
        [
            0.12992414832115173,
            0.07566699385643005,
            0.07783651351928711
        ],
        [
            0.13987340033054352,
            0.06687269359827042,
            0.062491677701473236
        ],
        [
            0.13425347208976746,
            0.06867542862892151,
            0.05828991159796715
        ],
        [
            0.13578841090202332,
            0.06944117695093155,
            0.05899880826473236
        ],
        [
            0.14214812219142914,
            0.06865803897380829,
            0.06121832877397537
        ],
        [
            0.16113755106925964,
            0.0452103354036808,
            0.04347017779946327
        ],
        [
            0.15726976096630096,
            0.04175640270113945,
            0.03943865746259689
        ],
        [
            0.13518694043159485,
            0.047173336148262024,
            0.07376403361558914
        ],
        [
            0.12333545833826065,
            0.05210818722844124,
            0.07975265383720398
        ],
        [
            0.11418303847312927,
            0.045637987554073334,
            0.07168374210596085
        ],
        [
            0.1397678703069687,
            0.041468776762485504,
            0.035045258700847626
        ],
        [
            0.1468660533428192,
            0.04565652832388878,
            0.04141147807240486
        ],
        [
            0.14935468137264252,
            0.04314316064119339,
            0.0391620434820652
        ],
        [
            0.13487553596496582,
            0.060886915773153305,
            0.05267621576786041
        ],
        [
            0.137579083442688,
            0.06445575505495071,
            0.05776222050189972
        ],
        [
            0.13949306309223175,
            0.0605546273291111,
            0.055783338844776154
        ],
        [
            0.13729938864707947,
            0.056956946849823,
            0.05006798356771469
        ],
        [
            0.14471286535263062,
            0.00035212188959121704,
            0.014221377670764923
        ],
        [
            0.14772489666938782,
            0.00723794661462307,
            0.0051544420421123505
        ],
        [
            0.1368928998708725,
            0.0945599302649498,
            0.06288264691829681
        ],
        [
            0.13599126040935516,
            0.09309958666563034,
            0.06497086584568024
        ],
        [
            0.13245095312595367,
            0.036506857722997665,
            0.02773478627204895
        ],
        [
            0.10577643662691116,
            0.038660336285829544,
            0.06059074029326439
        ],
        [
            0.12602967023849487,
            0.03233026713132858,
            0.01923304796218872
        ],
        [
            0.16292177140712738,
            0.025745879858732224,
            0.049930743873119354
        ],
        [
            0.1672121286392212,
            0.03028804250061512,
            0.043524369597435
        ],
        [
            0.16934145987033844,
            0.03479227423667908,
            0.04524087533354759
        ],
        [
            0.16845792531967163,
            0.03282689303159714,
            0.051089052110910416
        ],
        [
            0.1503150761127472,
            0.07938877493143082,
            0.06140516325831413
        ],
        [
            0.14604048430919647,
            0.08185532689094543,
            0.05784567445516586
        ],
        [
            0.14656659960746765,
            0.08291804045438766,
            0.05837356671690941
        ],
        [
            0.15189126133918762,
            0.08197516947984695,
            0.06141263246536255
        ],
        [
            0.1286160945892334,
            0.07066044956445694,
            0.05801297351717949
        ],
        [
            0.12312702089548111,
            0.07264705747365952,
            0.06057550758123398
        ],
        [
            0.126486673951149,
            0.07567591220140457,
            0.060637637972831726
        ],
        [
            0.1315983235836029,
            0.07269830256700516,
            0.058858294039964676
        ],
        [
            0.12055529654026031,
            0.07345166802406311,
            0.06632110476493835
        ],
        [
            0.12387305498123169,
            0.0772172063589096,
            0.06650972366333008
        ],
        [
            0.15289749205112457,
            0.07982417196035385,
            0.06752453744411469
        ],
        [
            0.15135617554187775,
            0.08396027237176895,
            0.0740680918097496
        ],
        [
            0.14267268776893616,
            0.06883975863456726,
            0.07540731877088547
        ],
        [
            0.1456083059310913,
            0.06900238990783691,
            0.06812623143196106
        ],
        [
            0.12016911059617996,
            0.0005462542176246643,
            0.03264626860618591
        ],
        [
            0.1268991380929947,
            -0.0037925317883491516,
            0.024718977510929108
        ],
        [
            0.1380082368850708,
            0.003866255283355713,
            0.03200183063745499
        ],
        [
            0.1495075821876526,
            0.010267771780490875,
            0.0398622564971447
        ],
        [
            0.15947560966014862,
            0.017741315066814423,
            0.04712332785129547
        ],
        [
            0.15263962745666504,
            0.021222705021500587,
            0.05688396841287613
        ],
        [
            0.14160855114459991,
            0.0006415955722332001,
            0.02520834654569626
        ],
        [
            0.14122739434242249,
            0.05893830955028534,
            0.06783628463745117
        ],
        [
            0.13668274879455566,
            0.05810699611902237,
            0.07522005587816238
        ],
        [
            0.13968460261821747,
            0.0540594644844532,
            0.07204514741897583
        ],
        [
            0.13125663995742798,
            0.029878076165914536,
            0.014379344880580902
        ],
        [
            0.13385365903377533,
            0.09121294319629669,
            0.06666994839906693
        ],
        [
            0.076277956366539,
            0.002967342734336853,
            0.02670983597636223
        ],
        [
            0.08565372228622437,
            -0.006256699562072754,
            0.026130490005016327
        ],
        [
            0.08941861987113953,
            0.00016455352306365967,
            0.030892230570316315
        ],
        [
            0.07925671339035034,
            0.01079941913485527,
            0.030766833573579788
        ],
        [
            0.13995882868766785,
            0.08585262298583984,
            0.05752618610858917
        ],
        [
            0.13502947986125946,
            0.08888572454452515,
            0.060780879110097885
        ],
        [
            0.16244275867938995,
            0.03887505829334259,
            0.036188311874866486
        ],
        [
            0.1652529537677765,
            0.04207552969455719,
            0.0406695120036602
        ],
        [
            0.16839787364006042,
            0.039797343313694,
            0.04114449769258499
        ],
        [
            0.16827043890953064,
            0.03759196773171425,
            0.03527618944644928
        ],
        [
            0.12915074825286865,
            -0.005911484360694885,
            0.019505575299263
        ],
        [
            0.1728755682706833,
            0.016969425603747368,
            0.0292021743953228
        ],
        [
            0.16889506578445435,
            0.015289859846234322,
            0.039688464254140854
        ],
        [
            0.11700636148452759,
            -0.010313790291547775,
            0.018744181841611862
        ],
        [
            0.11107207834720612,
            -0.007133860141038895,
            0.02597440406680107
        ],
        [
            0.10497701168060303,
            -0.012989263981580734,
            0.02091943845152855
        ],
        [
            0.1492542177438736,
            0.033654820173978806,
            0.06536716222763062
        ],
        [
            0.11657615005970001,
            0.005530551075935364,
            0.038920268416404724
        ],
        [
            0.10723989456892014,
            -0.0025646835565567017,
            0.03091859444975853
        ],
        [
            0.09977522492408752,
            -0.009348258376121521,
            0.02509957179427147
        ],
        [
            0.094967782497406,
            -0.015001419931650162,
            0.02108227089047432
        ],
        [
            0.1011611670255661,
            -0.018330030143260956,
            0.01682901382446289
        ],
        [
            0.14635489881038666,
            0.08771587163209915,
            0.07623972743749619
        ],
        [
            0.15453635156154633,
            0.08885005116462708,
            0.07191157341003418
        ],
        [
            0.09704359620809555,
            -0.02565672993659973,
            0.013136278837919235
        ],
        [
            0.09018603712320328,
            -0.021142620593309402,
            0.01763106882572174
        ],
        [
            0.10183122009038925,
            0.0032357871532440186,
            0.0357247032225132
        ],
        [
            0.0951983779668808,
            0.011079959571361542,
            0.04009753093123436
        ],
        [
            0.11108829081058502,
            0.011025656014680862,
            0.04310005530714989
        ],
        [
            0.1051369160413742,
            0.019408129155635834,
            0.04840102791786194
        ],
        [
            0.1412222534418106,
            0.0346035361289978,
            0.07313278317451477
        ],
        [
            0.15804418921470642,
            0.09623424708843231,
            0.055078860372304916
        ],
        [
            0.15696685016155243,
            0.08894505351781845,
            0.06352237612009048
        ],
        [
            0.1537702977657318,
            0.08532316982746124,
            0.06001393496990204
        ],
        [
            0.15726178884506226,
            0.09242064505815506,
            0.05311034992337227
        ],
        [
            0.15494969487190247,
            0.08386416733264923,
            0.06610129028558731
        ],
        [
            0.15546855330467224,
            0.09277965128421783,
            0.06778010725975037
        ],
        [
            0.09593342244625092,
            0.031038355082273483,
            0.05016283690929413
        ],
        [
            0.14205162227153778,
            0.06294016540050507,
            0.06031884253025055
        ],
        [
            0.0842394158244133,
            0.024341534823179245,
            0.03868784010410309
        ],
        [
            0.08802864700555801,
            0.04715545475482941,
            0.052548520267009735
        ],
        [
            0.07983282208442688,
            0.042983196675777435,
            0.04185723885893822
        ],
        [
            0.0717787966132164,
            0.01979248598217964,
            0.026574663817882538
        ],
        [
            0.07153931260108948,
            0.0348287858068943,
            0.029788441956043243
        ],
        [
            0.06647244095802307,
            0.005752883851528168,
            0.019227605313062668
        ],
        [
            0.07027808576822281,
            0.01193356141448021,
            0.023538954555988312
        ],
        [
            0.07159749418497086,
            0.04978606477379799,
            0.031310975551605225
        ],
        [
            0.14154969155788422,
            0.09267675876617432,
            0.05234416946768761
        ],
        [
            0.14667735993862152,
            0.08917118608951569,
            0.051430463790893555
        ],
        [
