{
    "pred_cam": [
        5.794034481048584,
        -0.16846510767936707,
        -0.028361860662698746
    ],
    "pred_mano_params": {
        "global_orient": [
            [
                [
                    -0.6120277047157288,
                    -0.7596254348754883,
                    0.21998028457164764
                ],
                [
                    0.037397485226392746,
                    -0.30565008521080017,
                    -0.9514091610908508
                ],
                [
                    0.7899515628814697,
                    -0.5740620493888855,
                    0.21547439694404602
                ]
            ]
        ],
        "hand_pose": [
            [
                [
                    0.8419076800346375,
                    -0.44030532240867615,
                    -0.3119659721851349
                ],
                [
                    0.4104468524456024,
                    0.8978264331817627,
                    -0.15950261056423187
                ],
                [
                    0.35032111406326294,
                    0.006241021677851677,
                    0.9366089105606079
                ]
            ],
            [
                [
                    0.8925190567970276,
                    -0.42120975255966187,
                    0.1612204909324646
                ],
                [
                    0.45019522309303284,
                    0.8535138368606567,
                    -0.2623707056045532
                ],
                [
                    -0.027090834453701973,
                    0.3067515790462494,
                    0.9514039754867554
                ]
            ],
            [
                [
                    0.7716764211654663,
                    -0.6279811263084412,
                    0.10077325999736786
                ],
                [
                    0.610474169254303,
                    0.7757812142372131,
                    0.15963959693908691
                ],
                [
                    -0.17842864990234375,
                    -0.061670638620853424,
                    0.9820183515548706
                ]
            ],
            [
                [
                    0.5995525121688843,
                    -0.7694982886314392,
                    -0.22002069652080536
                ],
                [
                    0.780507504940033,
                    0.6229841113090515,
                    -0.051949821412563324
                ],
                [
                    0.17704471945762634,
                    -0.1405811607837677,
                    0.9741108417510986
                ]
            ],
            [
                [
                    0.9977597594261169,
                    -0.026389727368950844,
                    -0.06147335469722748
                ],
                [
                    0.03966894745826721,
                    0.9733129739761353,
                    0.22602719068527222
                ],
                [
                    0.053868021816015244,
                    -0.22795942425727844,
                    0.9721793532371521
                ]
            ],
            [
                [
                    0.9088237285614014,
                    -0.41617584228515625,
                    0.028933435678482056
                ],
                [
                    0.41647854447364807,
                    0.9091313481330872,
                    -0.005082807503640652
                ],
                [
                    -0.024188952520489693,
                    0.016669530421495438,
                    0.9995684623718262
                ]
            ],
            [
                [
                    0.6515718698501587,
                    -0.7192261219024658,
                    0.24118037521839142
                ],
                [
                    0.6066445112228394,
                    0.6849136352539062,
                    0.4035787880420685
                ],
                [
                    -0.4554521143436432,
                    -0.1166498214006424,
                    0.8825850486755371
                ]
            ],
            [
                [
                    0.9803946018218994,
                    -0.12727169692516327,
                    -0.1504276990890503
                ],
                [
                    0.13351377844810486,
                    0.9905266761779785,
                    0.03210936486721039
                ],
                [
                    0.14491604268550873,
                    -0.05156400799751282,
                    0.9880995154380798
                ]
            ],
            [
                [
                    0.9858202934265137,
                    -0.16411425173282623,
                    -0.03499861806631088
                ],
                [
                    0.16086886823177338,
                    0.8649464249610901,
                    0.47538289427757263
                ],
                [
                    -0.04774518311023712,
                    -0.4742722809314728,
                    0.8790826201438904
                ]
            ],
            [
                [
                    0.6325377821922302,
                    -0.7728406190872192,
                    0.051122039556503296
                ],
                [
                    0.7743161916732788,
                    0.6294353604316711,
                    -0.06515862047672272
                ],
                [
                    0.018179206177592278,
                    0.08079990744590759,
                    0.9965646266937256
                ]
            ],
            [
                [
                    0.9993228316307068,
                    -0.02543620951473713,
                    0.026589518412947655
                ],
                [
                    0.012631853111088276,
                    0.9158322811126709,
                    0.40136221051216125
                ],
                [
                    -0.034560684114694595,
                    -0.40075451135635376,
                    0.9155334234237671
                ]
            ],
            [
                [
                    0.856198251247406,
                    -0.511012077331543,
                    -0.07609918713569641
                ],
                [
                    0.5156060457229614,
                    0.8358055949211121,
                    0.1886250525712967
                ],
                [
                    -0.032785564661026,
                    -0.20073765516281128,
                    0.9790961742401123
                ]
            ],
            [
                [
                    0.9030405879020691,
                    -0.13251981139183044,
                    -0.4086027145385742
                ],
                [
                    -0.2933807075023651,
                    0.5045270323753357,
                    -0.8120222091674805
                ],
                [
                    0.3137601912021637,
                    0.8531652092933655,
                    0.4167296290397644
                ]
            ],
            [
                [
                    0.8013699054718018,
                    -0.485069215297699,
                    -0.35002025961875916
                ],
                [
                    0.598006546497345,
                    0.6633161306381226,
                    0.44988876581192017
                ],
                [
                    0.013946917839348316,
                    -0.5698416829109192,
                    0.8216361403465271
                ]
            ],
            [
                [
                    0.884502649307251,
                    0.37157511711120605,
                    -0.28211188316345215
                ],
                [
                    -0.4163234233856201,
                    0.9015465378761292,
                    -0.1178499311208725
                ],
                [
                    0.21054689586162567,
                    0.22168833017349243,
                    0.9521157145500183
                ]
            ]
        ],
        "betas": [
            -0.06398802995681763,
            -0.16810306906700134,
            -0.06611627340316772,
            -0.03066614270210266,
            0.04029640555381775,
            0.01678488403558731,
            0.03684443235397339,
            -0.028006374835968018,
            0.011280238628387451,
            -0.011795103549957275
        ]
    },
    "pred_cam_t": [
        -0.16846510767936707,
        -0.028361860662698746,
        6.741847991943359
    ],
    "focal_length": [
        5000.0,
        5000.0
    ],
    "pred_keypoints_3d": [
        [
            0.09607087820768356,
            0.006417053751647472,
            0.006251542828977108
        ],
        [
            0.12829294800758362,
            -0.01436354499310255,
            0.0016852119006216526
        ],
        [
            0.15609359741210938,
            -0.015651913359761238,
            -0.011653803288936615
        ],
        [
            0.1767457127571106,
            -0.004418782889842987,
            -0.0253097303211689
        ],
        [
            0.19662144780158997,
            0.007576352916657925,
            -0.05357125401496887
        ],
        [
            0.15862488746643066,
            -0.014890161342918873,
            -0.056112293154001236
        ],
        [
            0.18275053799152374,
            -0.003952762112021446,
            -0.07602590322494507
        ],
        [
            0.20187623798847198,
            0.007539651356637478,
            -0.0761888176202774
        ],
        [
            0.21891465783119202,
            0.018888484686613083,
            -0.062182195484638214
        ],
        [
            0.15460316836833954,
            0.006619896739721298,
            -0.0686325877904892
        ],
        [
            0.1812201738357544,
            0.02361808344721794,
            -0.07279527187347412
        ],
        [
            0.20036767423152924,
            0.03702178969979286,
            -0.07149315625429153
        ],
        [
            0.22181320190429688,
            0.049710310995578766,
            -0.06426063179969788
        ],
        [
            0.14343111217021942,
            0.030032508075237274,
            -0.06209506094455719
        ],
        [
            0.16993016004562378,
            0.040668219327926636,
            -0.06728871911764145
        ],
        [
            0.19170193374156952,
            0.05270003899931908,
            -0.06559499353170395
        ],
        [
            0.21253284811973572,
            0.06301722675561905,
            -0.054827794432640076
        ],
        [
            0.13641943037509918,
            0.048100896179676056,
            -0.052010469138622284
        ],
        [
            0.15613381564617157,
            0.05540188029408455,
            -0.05514594167470932
        ],
        [
            0.1731947809457779,
            0.06395817548036575,
            -0.05482974648475647
        ],
        [
            0.1922227293252945,
            0.0713684931397438,
            -0.048216354101896286
        ]
    ],
    "pred_vertices": [
        [
            0.14175590872764587,
            -0.004993003327399492,
            -0.019956074655056
        ],
        [
            0.13503047823905945,
            -0.0029053338803350925,
            -0.010565388947725296
        ],
        [
            0.14276574552059174,
            -0.004976903088390827,
            -0.01357690617442131
        ],
        [
            0.14840400218963623,
            -0.009401296265423298,
            -0.02165505662560463
        ],
        [
            0.14219500124454498,
            -0.0017816172912716866,
            0.006910309195518494
        ],
        [
            0.1434420645236969,
            -0.011274375021457672,
            0.014779172837734222
        ],
        [
            0.15783283114433289,
            -0.011243848130106926,
            0.0038999877870082855
        ],
        [
            0.15417428314685822,
            -0.0019426140934228897,
            0.00026697665452957153
        ],
        [
            0.15254078805446625,
            -0.012628603726625443,
            -0.024419236928224564
        ],
        [
            0.1495209038257599,
            -0.006288051605224609,
            -0.01586870476603508
        ],
        [
            0.15131768584251404,
            -0.013750361278653145,
            -0.02593359351158142
        ],
        [
            0.15059922635555267,
            -0.023684464395046234,
            -0.03731553629040718
        ],
        [
            0.1540033519268036,
            -0.019028037786483765,
            -0.03361886367201805
        ],
        [
            0.15219977498054504,
            -0.02621576376259327,
            -0.045515742152929306
        ],
        [
            0.1409190148115158,
            -0.028008632361888885,
            -0.03716108202934265
        ],
        [
            0.14465489983558655,
            -0.02629995159804821,
            -0.05114820972084999
        ],
        [
            0.1205182671546936,
            -0.011817017570137978,
            -0.04381134361028671
        ],
        [
            0.1149614080786705,
            0.000551123172044754,
            -0.04421184957027435
        ],
        [
            0.1254054307937622,
            0.002075544558465481,
            -0.058333881199359894
        ],
        [
            0.1306987851858139,
            -0.010351615026593208,
            -0.05583607777953148
        ],
        [
            0.11772747337818146,
            0.020331645384430885,
            -0.05139657482504845
        ],
        [
            0.12244223058223724,
            0.01039064396172762,
            -0.055986881256103516
        ],
        [
            0.11104182153940201,
            0.008556988090276718,
            -0.04271871596574783
        ],
        [
            0.10760568082332611,
            0.01757100410759449,
            -0.03916291147470474
        ],
        [
            0.1325591802597046,
            0.006629459094256163,
            -0.017514482140541077
        ],
        [
            0.1262623518705368,
            0.007634257897734642,
            -0.008203592151403427
        ],
        [
            0.12821374833583832,
            0.002533665392547846,
            -0.009062539786100388
        ],
        [
            0.1349288672208786,
            0.0017992747016251087,
            -0.017871815711259842
        ],
        [
            0.15642456710338593,
            -0.015260506421327591,
            -0.024300357326865196
        ],
        [
            0.14607878029346466,
            -0.0262751542031765,
            -0.022912856191396713
        ],
        [
            0.14803853631019592,
            -0.020637698471546173,
            -0.026886675506830215
        ],
        [
            0.15686890482902527,
            -0.009915793314576149,
            -0.02316620945930481
        ],
        [
            0.11436328291893005,
            0.019637195393443108,
            0.015125870704650879
        ],
        [
            0.10299830883741379,
            0.01598292402923107,
            0.02152252197265625
        ],
        [
            0.10428553819656372,
            0.010173988528549671,
            0.021925225853919983
        ],
        [
            0.11404953896999359,
            0.014529228210449219,
            0.015762731432914734
        ],
        [
            0.12004794180393219,
            -0.007328612729907036,
            0.023437343537807465
        ],
        [
            0.10858568549156189,
            -0.007611644454300404,
            0.02467319369316101
        ],
        [
            0.1015411913394928,
            -0.01898900978267193,
            0.02490296959877014
        ],
        [
            0.11218392848968506,
            -0.021306926384568214,
            0.021264828741550446
        ],
        [
            0.13252151012420654,
            -0.009173926897346973,
            0.02003984898328781
        ],
        [
            0.12730877101421356,
            -0.021852394565939903,
            0.020167790353298187
        ],
        [
            0.14181463420391083,
            -0.022660305723547935,
            0.014229916036128998
        ],
        [
            0.15846475958824158,
            -0.020382199436426163,
            0.0022525563836097717
        ],
        [
            0.09789440035820007,
            0.027494842186570168,
            0.018939636647701263
        ],
        [
            0.10581305623054504,
            0.03202098608016968,
            0.014249883592128754
        ],
        [
            0.19048438966274261,
            -0.0038210730999708176,
            -0.06616673618555069
        ],
        [
            0.1887269914150238,
            0.00188407301902771,
            -0.06628897786140442
        ],
        [
            0.1854695826768875,
            -0.0003498801961541176,
            -0.06386585533618927
        ],
        [
            0.1877942681312561,
            -0.005628278478980064,
            -0.06454910337924957
        ],
        [
            0.08843915164470673,
            0.0349426232278347,
            0.002632126212120056
        ],
        [
            0.08201589435338974,
            0.030968496575951576,
            -0.004056483507156372
        ],
        [
            0.07835550606250763,
            0.03170305863022804,
            0.0022381991147994995
        ],
        [
            0.08459640294313431,
            0.03355566784739494,
            0.009036131203174591
        ],
        [
            0.09357255697250366,
            0.0367104634642601,
            -0.005805343389511108
        ],
        [
            0.08766772598028183,
            0.029680147767066956,
            -0.012382779270410538
        ],
        [
            0.1902027279138565,
            -0.008747048676013947,
            -0.07801144570112228
        ],
        [
            0.19192613661289215,
            -0.009292585775256157,
            -0.07315099984407425
        ],
        [
            0.1875459849834442,
            -0.011727465316653252,
            -0.072780542075634
        ],
        [
            0.18463334441184998,
            -0.01075990591198206,
            -0.07707736641168594
        ],
        [
            0.15333466231822968,
            -0.013380488380789757,
            -0.029971133917570114
        ],
        [
            0.14865824580192566,
            -0.006183480843901634,
            -0.027590569108724594
        ],
        [
            0.16309170424938202,
            -0.013002012856304646,
            -0.04478856176137924
        ],
        [
            0.15652823448181152,
            -0.009728977456688881,
            -0.038815516978502274
        ],
        [
            0.1573019176721573,
            -0.016641851514577866,
            -0.037970297038555145
        ],
        [
            0.1619667112827301,
            -0.01909102499485016,
            -0.04402187466621399
        ],
        [
            0.14451108872890472,
            0.010652771219611168,
            -0.03677670657634735
        ],
        [
            0.1375623345375061,
            0.009842617437243462,
            -0.02736372873187065
        ],
        [
            0.1407550871372223,
            0.004172107670456171,
            -0.028434626758098602
        ],
        [
            0.14952890574932098,
            0.0037066962104290724,
            -0.03810129314661026
        ],
        [
            0.13400064408779144,
            0.023386362940073013,
            -0.02516566589474678
        ],
        [
            0.1407296359539032,
            0.022947320714592934,
            -0.034910235553979874
        ],
        [
            0.1378629505634308,
            0.030660074204206467,
            -0.03251230716705322
        ],
        [
            0.134372740983963,
            0.02989780157804489,
            -0.025404490530490875
        ],
        [
            0.1520432084798813,
            0.01852225512266159,
            -0.05132140964269638
        ],
        [
            0.15492254495620728,
            0.01796252653002739,
            -0.056320346891880035
        ],
        [
            0.15557992458343506,
            0.0222790464758873,
            -0.05587982386350632
        ],
        [
            0.15073144435882568,
            0.02201913297176361,
            -0.05060635507106781
        ],
        [
            0.07400573790073395,
            0.031647708266973495,
            0.007880404591560364
        ],
        [
            0.08086496591567993,
            0.03128831833600998,
            0.014914751052856445
        ],
        [
            0.11321135610342026,
            0.040030572563409805,
            -0.0428820364177227
        ],
        [
            0.11395350098609924,
            0.04678095877170563,
            -0.03395601361989975
        ],
        [
            0.1218070313334465,
            0.05088236927986145,
            -0.043683040887117386
        ],
        [
            0.1186370700597763,
            0.042517367750406265,
            -0.0513884611427784
        ],
        [
            0.07962572574615479,
            0.02251550927758217,
            -0.0095830038189888
        ],
        [
            0.07451005280017853,
            0.024918217211961746,
            -0.004105687141418457
        ],
        [
            0.18738572299480438,
            -0.004669369198381901,
            -0.08178013563156128
        ],
        [
            0.18162435293197632,
            -0.006404324434697628,
            -0.07993680238723755
        ],
        [
            0.13284583389759064,
            -0.03156577795743942,
            0.008556701242923737
        ],
        [
            0.15462106466293335,
            -0.02794392965734005,
            -0.0023414678871631622
        ],
        [
            0.11529972404241562,
            -0.02958673983812332,
            0.013365790247917175
        ],
        [
            0.1029973030090332,
            -0.026695555076003075,
            0.014678370207548141
        ],
        [
            0.09375515580177307,
            -0.02537858672440052,
            0.017886243760585785
        ],
        [
            0.15720903873443604,
            -0.00416457187384367,
            -0.04225551709532738
        ],
        [
            0.14193110167980194,
            -0.000503953080624342,
            -0.0250014066696167
        ],
        [
            0.13083133101463318,
            0.0113835409283638,
            -0.016984838992357254
        ],
        [
            0.12713198363780975,
            0.04193611815571785,
            -0.014963649213314056
        ],
        [
            0.12153913080692291,
            0.04086782783269882,
            -0.006068035960197449
        ],
        [
            0.12716156244277954,
            0.032092925161123276,
            -0.008464526385068893
        ],
        [
            0.13043461740016937,
            0.034695327281951904,
            -0.01616770401597023
        ],
        [
            0.1206548660993576,
            0.050569918006658554,
            -0.027609769254922867
        ],
        [
            0.1278122365474701,
            0.04802069440484047,
            -0.02501729503273964
        ],
        [
            0.13226422667503357,
            0.049222130328416824,
            -0.0324065200984478
        ],
        [
            0.1265597939491272,
            0.05265792831778526,
            -0.03613462299108505
        ],
        [
            0.1596662998199463,
            -0.021645978093147278,
            -0.023119468241930008
        ],
        [
            0.14584289491176605,
            -0.031171660870313644,
            -0.01802005246281624
        ],
        [
            0.09631726145744324,
            0.0354221872985363,
            0.0097503662109375
        ],
        [
            0.09233313798904419,
            0.03167359158396721,
            0.015369758009910583
        ],
        [
            0.08593518286943436,
            0.02886715531349182,
            0.020276859402656555
        ],
        [
            0.12102991342544556,
            0.01237537432461977,
            0.00438971072435379
        ],
        [
            0.1139761283993721,
            0.010940025560557842,
            0.016416020691394806
        ],
        [
            0.1160675436258316,
            0.006879206746816635,
            0.016852855682373047
        ],
        [
            0.12099644541740417,
            0.008867600932717323,
            0.003834173083305359
        ],
        [
            0.13136790692806244,
            0.000818873755633831,
            0.00025203824043273926
        ],
        [
            0.12995010614395142,
            7.881131023168564e-05,
            0.013231970369815826
        ],
        [
            0.14083939790725708,
            0.0009276894852519035,
            -0.004657600075006485
        ],
        [
            0.10508385300636292,
            0.002136065624654293,
            0.023857980966567993
        ],
        [
            0.0969252735376358,
            0.007951782085001469,
            0.02876199781894684
        ],
        [
            0.09800209105014801,
            -0.0009018895216286182,
            0.029265210032463074
        ],
        [
            0.09365766495466232,
            0.017034947872161865,
            0.02699766308069229
        ],
        [
            0.08998792618513107,
            0.02466260828077793,
            0.024217329919338226
        ],
        [
            0.06709591299295425,
            0.0258041825145483,
            6.395578384399414e-05
        ],
        [
            0.09865487366914749,
            -0.00913098081946373,
            0.02812042459845543
        ],
        [
            0.16237914562225342,
            -0.003637006040662527,
            -0.004928711801767349
        ],
        [
            0.16910964250564575,
            -0.0035231690853834152,
            -0.00974820926785469
        ],
        [
            0.16371065378189087,
            -0.0005962792783975601,
            -0.013790100812911987
        ],
        [
            0.15717747807502747,
            -0.0009997407905757427,
            -0.010431487113237381
        ],
        [
            0.15655982494354248,
            -0.026177216321229935,
            -0.05421028286218643
        ],
        [
            0.16096654534339905,
            -0.02359958551824093,
            -0.04802381992340088
        ],
        [
            0.15578581392765045,
            -0.023113397881388664,
            -0.03980531916022301
        ],
        [
            0.11970832198858261,
            0.02573556639254093,
            0.006661415100097656
        ],
        [
            0.11234256625175476,
            0.036031097173690796,
            0.0064868927001953125
        ],
        [
            0.16324786841869354,
            -0.0074369097128510475,
            -0.048432283103466034
        ],
        [
            0.17996501922607422,
            -0.012762049213051796,
            -0.07674582302570343
        ],
        [
            0.18316447734832764,
            -0.01419481635093689,
            -0.07191061973571777
        ],
        [
            0.16928985714912415,
            -0.02142856828868389,
            -0.06338759511709213
        ],
        [
            0.1660023033618927,
            -0.019751768559217453,
            -0.06918585300445557
        ],
        [
            0.16341961920261383,
            -0.0032431036233901978,
            -0.05846070870757103
        ],
        [
            0.16524189710617065,
            -0.0061830501072108746,
            -0.05257335305213928
        ],
        [
            0.165849968791008,
            -0.005011449567973614,
            -0.055123694241046906
        ],
        [
            0.16466499865055084,
            -0.0007317427080124617,
            -0.05995713546872139
        ],
        [
            0.15115278959274292,
            0.029716240242123604,
            -0.05239366367459297
        ],
        [
            0.14711344242095947,
            0.029265591874718666,
            -0.04756443202495575
        ],
        [
            0.14330536127090454,
            -0.007185519672930241,
            -0.06533604860305786
        ],
        [
            0.14327605068683624,
            -0.02065611071884632,
            -0.06378093361854553
        ],
        [
            0.13560368120670319,
            -0.020998062565922737,
            -0.05401521176099777
        ],
        [
            0.1416102945804596,
            0.017398344352841377,
            -0.03532220423221588
        ],
        [
            0.1475483626127243,
            0.018822859972715378,
            -0.04374208673834801
        ],
        [
            0.14607010781764984,
            0.02267404831945896,
            -0.043291524052619934
        ],
        [
            0.15794256329536438,
            -0.0011154890526086092,
            -0.045923538506031036
        ],
        [
            0.16192683577537537,
            -0.002593511715531349,
            -0.05174003913998604
        ],
        [
            0.1588171422481537,
            0.0012457764241844416,
            -0.05108305439352989
        ],
        [
            0.1548754870891571,
            0.0034595243632793427,
            -0.04538731276988983
        ],
        [
            0.10548442602157593,
            0.04354139789938927,
            -0.02428252249956131
        ],
        [
            0.11332334578037262,
            0.04835200682282448,
            -0.017080821096897125
        ],
        [
            0.19184917211532593,
            -0.007670150138437748,
            -0.06873250007629395
        ],
        [
            0.18849852681159973,
            -0.009855464100837708,
            -0.06789004802703857
        ],
        [
            0.13489791750907898,
            0.016451099887490273,
            -0.02609352022409439
        ],
        [
            0.12726053595542908,
            -0.020818030461668968,
            -0.041765518486499786
        ],
        [
            0.12922729551792145,
            0.01658637262880802,
            -0.016140013933181763
        ],
        [
            0.13298024237155914,
            0.03310175612568855,
            -0.06069355830550194
        ],
        [
            0.13851098716259003,
            0.03802644461393356,
            -0.05647614598274231
        ],
        [
            0.14328235387802124,
            0.03784673660993576,
            -0.05897432193160057
        ],
        [
            0.1409740298986435,
            0.0349799320101738,
            -0.06391441076993942
        ],
        [
            0.17535515129566193,
            0.004767577163875103,
            -0.06843837350606918
        ],
        [
            0.17908696830272675,
            0.003046811558306217,
            -0.064328633248806
        ],
        [
            0.182410329580307,
            0.004669748246669769,
            -0.06604423373937607
        ],
        [
            0.17954060435295105,
            0.006529265083372593,
            -0.07082350552082062
        ],
        [
            0.1667191982269287,
            -0.011250050738453865,
            -0.0500342957675457
        ],
        [
            0.1669287234544754,
            -0.01767369918525219,
            -0.0495043583214283
        ],
        [
            0.17101843655109406,
            -0.01455739326775074,
            -0.05361831933259964
        ],
        [
            0.16889768838882446,
            -0.009006519801914692,
            -0.0539451465010643
        ],
        [
            0.1660703867673874,
            -0.0220345389097929,
            -0.05397547781467438
        ],
        [
            0.17082583904266357,
            -0.019483216106891632,
            -0.057584360241889954
        ],
        [
            0.17297373712062836,
            0.0029733963310718536,
            -0.07414352148771286
        ],
        [
            0.17344054579734802,
            -0.0027869832701981068,
            -0.07889612019062042
        ],
        [
            0.16028402745723724,
            -0.007527958136051893,
            -0.0720614641904831
        ],
        [
            0.16293339431285858,
            -0.001588581595569849,
            -0.06741825491189957
        ],
        [
            0.09694607555866241,
            0.014675404876470566,
            -0.02859150618314743
        ],
        [
            0.0953538790345192,
            0.02529056742787361,
            -0.025456920266151428
        ],
        [
            0.10579650104045868,
            0.028488636016845703,
            -0.03603951632976532
        ],
        [
            0.11513102054595947,
            0.03202001377940178,
            -0.047353196889162064
        ],
        [
            0.12490087002515793,
            0.034277115017175674,
            -0.05725640058517456
        ],
        [
            0.12552276253700256,
            0.022957466542720795,
            -0.06241241842508316
        ],
        [
            0.10424583405256271,
            0.035627126693725586,
            -0.03225786238908768
        ],
        [
            0.15721267461776733,
            -0.002547134645283222,
            -0.06292783468961716
        ],
        [
            0.15201276540756226,
            -0.010057009756565094,
            -0.06703326851129532
        ],
        [
            0.15186481177806854,
            -0.00460099196061492,
            -0.06590393930673599
        ],
        [
            0.12884151935577393,
            0.023913415148854256,
            -0.01471317932009697
        ],
        [
            0.18474386632442474,
            -0.012708818539977074,
            -0.06708045303821564
        ],
        [
            0.0862245112657547,
            -0.019477447494864464,
            -0.0023664385080337524
        ],
        [
            0.07996116578578949,
            -0.00831083208322525,
            -0.007432535290718079
        ],
        [
            0.08704571425914764,
            -0.009579448029398918,
            -0.012504942715168
        ],
        [
            0.09506271779537201,
            -0.02195080928504467,
            -0.006247516721487045
        ],
        [
            0.18280339241027832,
            -0.00232868455350399,
            -0.061983622610569
        ],
        [
            0.18496045470237732,
            -0.008218764327466488,
            -0.06264640390872955
        ],
        [
            0.14611612260341644,
            0.03573203831911087,
            -0.04746287316083908
        ],
        [
            0.14943434298038483,
            0.03516503423452377,
            -0.05231865495443344
        ],
        [
            0.14804944396018982,
            0.03822987526655197,
            -0.05446470528841019
        ],
        [
            0.1464114785194397,
            0.040982913225889206,
            -0.04930628836154938
        ],
        [
            0.09428881108760834,
            0.030265793204307556,
            -0.022306207567453384
        ],
        [
            0.12904654443264008,
            0.05356776714324951,
            -0.04746532440185547
        ],
        [
            0.12552937865257263,
            0.045948948711156845,
            -0.054984237998723984
        ],
        [
            0.0863196924328804,
            0.022087667137384415,
            -0.016400590538978577
        ],
        [
            0.0871056541800499,
            0.012797091156244278,
            -0.01945098116993904
        ],
        [
            0.07991660386323929,
            0.012032818049192429,
            -0.012849610298871994
        ],
        [
            0.1358019858598709,
            0.012378169223666191,
            -0.06668469309806824
        ],
        [
            0.10018788278102875,
            0.007229669485241175,
            -0.03172055259346962
        ],
        [
            0.08995301276445389,
            0.005926197394728661,
            -0.021374661475419998
        ],
        [
            0.08147305995225906,
            0.004690274130553007,
            -0.013593371957540512
        ],
        [
            0.07484506070613861,
            0.004405125975608826,
            -0.008476853370666504
        ],
        [
            0.07390175759792328,
            0.012503407895565033,
            -0.008104875683784485
        ],
        [
            0.1764465570449829,
            -0.008001008071005344,
            -0.07892736792564392
        ],
        [
            0.17889133095741272,
            -0.00016021355986595154,
            -0.0808383896946907
        ],
        [
            0.06583160907030106,
            0.013110930100083351,
            -0.0038806572556495667
        ],
        [
            0.06770022958517075,
            0.00400279788300395,
            -0.003973923623561859
        ],
        [
            0.09349586814641953,
            -0.0025458699092268944,
            -0.022266332060098648
        ],
        [
            0.09902878105640411,
            -0.01288363616913557,
            -0.021834734827280045
        ],
        [
            0.10342778265476227,
            -0.000886860303580761,
            -0.03207189589738846
        ],
        [
            0.10935549437999725,
            -0.01089596189558506,
            -0.03279045224189758
        ],
        [
            0.13372474908828735,
            0.001800687052309513,
            -0.06920812278985977
        ],
        [
            0.1950107216835022,
            0.010275277309119701,
            -0.08213058114051819
        ],
        [
            0.1842591017484665,
            0.006678784266114235,
            -0.08000823855400085
        ],
        [
            0.18434543907642365,
            0.008294892497360706,
            -0.07439862191677094
        ],
        [
            0.19378992915153503,
            0.01248516608029604,
            -0.07862731069326401
        ],
        [
            0.17806313931941986,
            0.004998725838959217,
            -0.07634276151657104
        ],
        [
            0.1848939061164856,
            0.0016444791108369827,
            -0.08268699795007706
        ],
        [
            0.1182325929403305,
            -0.022423522546887398,
            -0.029013365507125854
        ],
        [
            0.161824569106102,
            0.0005148046184331179,
            -0.05642181634902954
        ],
        [
            0.11048400402069092,
            -0.02594488114118576,
            -0.014240436255931854
        ],
        [
            0.13229010999202728,
            -0.03088478371500969,
            -0.02786143124103546
        ],
        [
            0.12914931774139404,
            -0.03295782953500748,
            -0.015591353178024292
        ],
        [
            0.10451939702033997,
            -0.029927251860499382,
            0.002087034285068512
        ],
        [
            0.12241104990243912,
            -0.03460909426212311,
            -0.0011696144938468933
        ],
        [
            0.0865279883146286,
            -0.024654339998960495,
            0.009136117994785309
        ],
        [
            0.09455505758523941,
            -0.026284843683242798,
            0.004521239548921585
