{
    "pred_cam": [
        8.275569915771484,
        0.0653034970164299,
        -0.0515117384493351
    ],
    "pred_mano_params": {
        "global_orient": [
            [
                [
                    0.6658945083618164,
                    -0.585777759552002,
                    -0.4620053768157959
                ],
                [
                    -0.7355270385742188,
                    -0.41184815764427185,
                    -0.5379415154457092
                ],
                [
                    0.12483808398246765,
                    0.6980296969413757,
                    -0.705102801322937
                ]
            ]
        ],
        "hand_pose": [
            [
                [
                    0.7984625101089478,
                    -0.43574759364128113,
                    -0.41542956233024597
                ],
                [
                    0.40810224413871765,
                    0.899047315120697,
                    -0.15863920748233795
                ],
                [
                    0.4426175355911255,
                    -0.04287029430270195,
                    0.8956851363182068
                ]
            ],
            [
                [
                    0.9358965754508972,
                    -0.34932297468185425,
                    0.04550982266664505
                ],
                [
                    0.35223710536956787,
                    0.9260583519935608,
                    -0.1354435682296753
                ],
                [
                    0.005168796982616186,
                    0.14279140532016754,
                    0.9897393584251404
                ]
            ],
            [
                [
                    0.8320907354354858,
                    -0.5303863286972046,
                    0.1622200906276703
                ],
                [
                    0.5545928478240967,
                    0.7918453216552734,
                    -0.2557494640350342
                ],
                [
                    0.007192791439592838,
                    0.3027728796005249,
                    0.9530356526374817
                ]
            ],
            [
                [
                    0.7630836367607117,
                    -0.6354361772537231,
                    -0.11800114810466766
                ],
                [
                    0.6315584778785706,
                    0.7719174027442932,
                    -0.07264580577611923
                ],
                [
                    0.1372489035129547,
                    -0.019089799374341965,
                    0.9903526306152344
                ]
            ],
            [
                [
                    0.8984436392784119,
                    -0.3978074789047241,
                    -0.18587160110473633
                ],
                [
                    0.4347551763057709,
                    0.8652691841125488,
                    0.24959415197372437
                ],
                [
                    0.06153853237628937,
                    -0.3050549030303955,
                    0.950344443321228
                ]
            ],
            [
                [
                    0.8057082891464233,
                    -0.5773807168006897,
                    0.13215769827365875
                ],
                [
                    0.5799080729484558,
                    0.814372718334198,
                    0.02244509756565094
                ],
                [
                    -0.12058497220277786,
                    0.05855511128902435,
                    0.9909746050834656
                ]
            ],
            [
                [
                    0.6733071804046631,
                    -0.599153995513916,
                    0.4332110285758972
                ],
                [
                    0.5481296181678772,
                    0.7977235913276672,
                    0.2513778805732727
                ],
                [
                    -0.49619680643081665,
                    0.06820128113031387,
                    0.8655270934104919
                ]
            ],
            [
                [
                    0.9451453685760498,
                    -0.27556362748146057,
                    -0.1753992885351181
                ],
                [
                    0.32662996649742126,
                    0.8032227754592896,
                    0.4981424808502197
                ],
                [
                    0.003614777931943536,
                    -0.528107762336731,
                    0.8491696119308472
                ]
            ],
            [
                [
                    0.9104065299034119,
                    -0.3565603494644165,
                    0.2098204791545868
                ],
                [
                    0.27135804295539856,
                    0.8974741101264954,
                    0.3477141261100769
                ],
                [
                    -0.3122895061969757,
                    -0.25962474942207336,
                    0.913821816444397
                ]
            ],
            [
                [
                    0.7087482810020447,
                    -0.687127947807312,
                    0.1597844809293747
                ],
                [
                    0.6940615177154541,
                    0.7197275161743164,
                    0.016459260135889053
                ],
                [
                    -0.12631089985370636,
                    0.09923479706048965,
                    0.9870147109031677
                ]
            ],
            [
                [
                    0.9389421343803406,
                    -0.3022933602333069,
                    -0.16433605551719666
                ],
                [
                    0.3419158160686493,
                    0.8731716275215149,
                    0.3473684787750244
                ],
                [
                    0.03848639875650406,
                    -0.3823480010032654,
                    0.9232165217399597
                ]
            ],
            [
                [
                    0.8147875070571899,
                    -0.5476455092430115,
                    0.19027791917324066
                ],
                [
                    0.5031766891479492,
                    0.8310146927833557,
                    0.23712390661239624
                ],
                [
                    -0.28798362612724304,
                    -0.09746218472719193,
                    0.9526628255844116
                ]
            ],
            [
                [
                    0.9494509100914001,
                    0.3130635619163513,
                    0.02310927025973797
                ],
                [
                    -0.27525097131729126,
                    0.8656444549560547,
                    -0.4182063639163971
                ],
                [
                    -0.15092960000038147,
                    0.3907056152820587,
                    0.9080579876899719
                ]
            ],
            [
                [
                    0.7993943095207214,
                    -0.4187436103820801,
                    -0.4308391511440277
                ],
                [
                    0.5391932725906372,
                    0.8163429498672485,
                    0.20701369643211365
                ],
                [
                    0.26502686738967896,
                    -0.39779117703437805,
                    0.8783636689186096
                ]
            ],
            [
                [
                    0.9916046857833862,
                    -0.07722090184688568,
                    -0.10371598601341248
                ],
                [
                    0.029438765719532967,
                    0.9158527255058289,
                    -0.4004337787628174
                ],
                [
                    0.1259104311466217,
                    0.3940187692642212,
                    0.9104371666908264
                ]
            ]
        ],
        "betas": [
            0.0016800165176391602,
            -0.11454823613166809,
            -0.02626591920852661,
            0.10383203625679016,
            0.001446753740310669,
            0.014502454549074173,
            0.05746106803417206,
            0.004570439457893372,
            -0.02068227529525757,
            -0.03386494517326355
        ]
    },
    "pred_cam_t": [
        -0.0653034970164299,
        -0.0515117384493351,
        4.720218658447266
    ],
    "focal_length": [
        5000.0,
        5000.0
    ],
    "pred_keypoints_3d": [
        [
            0.09573571383953094,
            0.006391609087586403,
            0.0061949435621500015
        ],
        [
            0.07686080783605576,
            0.01657734252512455,
            -0.025842322036623955
        ],
        [
            0.05570245161652565,
            0.017866328358650208,
            -0.04819922894239426
        ],
        [
            0.04189012572169304,
            0.036473557353019714,
            -0.062267906963825226
        ],
        [
            0.02909303456544876,
            0.062222644686698914,
            -0.08312417566776276
        ],
        [
            0.030606426298618317,
            0.06234438717365265,
            -0.022922711446881294
        ],
        [
            0.0232089851051569,
            0.09446240961551666,
            -0.024629319086670876
        ],
        [
            0.028837433084845543,
            0.11490970849990845,
            -0.03121406026184559
        ],
        [
            0.044571347534656525,
            0.13143640756607056,
            -0.04259037226438522
        ],
        [
            0.03516870737075806,
            0.07855871319770813,
            -0.004270099103450775
        ],
        [
            0.03400467708706856,
            0.1090327799320221,
            -0.012859608046710491
        ],
        [
            0.04532843083143234,
            0.1264037787914276,
            -0.023420928046107292
        ],
        [
            0.06087595969438553,
            0.13618722558021545,
            -0.04100780189037323
        ],
        [
            0.055915653705596924,
            0.08258397877216339,
            0.01202220469713211
        ],
        [
            0.05229897052049637,
            0.10714713484048843,
            -0.002678666263818741
        ],
        [
            0.06361640244722366,
            0.12505699694156647,
            -0.015535160899162292
        ],
        [
            0.07627369463443756,
            0.13385167717933655,
            -0.03516632318496704
        ],
        [
            0.07559934258460999,
            0.08438188582658768,
            0.02115042880177498
        ],
        [
            0.07265973091125488,
            0.10319152474403381,
            0.012018383480608463
        ],
        [
            0.07996619492769241,
            0.1157904863357544,
            -0.00012156926095485687
        ],
        [
            0.08654145896434784,
            0.1211056113243103,
            -0.017021656036376953
        ]
    ],
    "pred_vertices": [
        [
            0.06450343132019043,
            0.041062355041503906,
            -0.024136653169989586
        ],
        [
            0.07229043543338776,
            0.03477831557393074,
            -0.024885892868041992
        ],
        [
            0.06513267010450363,
            0.03555816784501076,
            -0.03441062569618225
        ],
        [
            0.05832356959581375,
            0.04160188138484955,
            -0.03269713371992111
        ],
        [
            0.08273953944444656,
            0.02335442416369915,
            -0.04037083685398102
        ],
        [
            0.08402463793754578,
            0.011189721524715424,
            -0.044082675129175186
        ],
        [
            0.07078157365322113,
            0.016449959948658943,
            -0.05448552221059799
        ],
        [
            0.07256666570901871,
            0.02592352405190468,
            -0.050529055297374725
        ],
        [
            0.051634177565574646,
            0.04017436504364014,
            -0.038236282765865326
        ],
        [
            0.059703126549720764,
            0.03571559861302376,
            -0.041157323867082596
        ],
        [
            0.04756073281168938,
            0.03499414771795273,
            -0.03814064711332321
        ],
        [
            0.037037089467048645,
            0.03884375840425491,
            -0.032329097390174866
        ],
        [
            0.04318536818027496,
            0.04392120614647865,
            -0.03436559811234474
        ],
        [
            0.030550703406333923,
            0.044361189007759094,
            -0.029359295964241028
        ],
        [
            0.036072712391614914,
            0.02979263849556446,
            -0.02519863471388817
        ],
        [
            0.027263272553682327,
            0.04246089607477188,
            -0.020389284938573837
        ],
        [
            0.0446181520819664,
            0.033924151211977005,
            0.0020848847925662994
        ],
        [
            0.052516430616378784,
            0.03809899464249611,
            0.011990359984338284
        ],
        [
            0.042384106665849686,
            0.05199231207370758,
            0.010981452651321888
        ],
        [
            0.03582686930894852,
            0.04675835371017456,
            0.0001642126590013504
        ],
        [
            0.05976448208093643,
            0.05508367344737053,
            0.022113671526312828
        ],
        [
            0.04960902780294418,
            0.05412152409553528,
            0.016107900068163872
        ],
        [
            0.05903403088450432,
            0.039742376655340195,
            0.017971565946936607
        ],
        [
            0.06774982810020447,
            0.04135635495185852,
            0.023114804178476334
        ],
        [
            0.075446218252182,
            0.04118669033050537,
            -0.010944608598947525
        ],
        [
            0.08363963663578033,
            0.0345279797911644,
            -0.010036816820502281
        ],
        [
            0.07928454875946045,
            0.0342758372426033,
            -0.01458540465682745
        ],
        [
            0.07177101075649261,
            0.0403175950050354,
            -0.015279368497431278
        ],
        [
            0.04468543082475662,
            0.02536230906844139,
            -0.04371349886059761
        ],
        [
            0.04465686157345772,
            0.019139781594276428,
            -0.03635450080037117
        ],
        [
            0.04384257644414902,
            0.027326161041855812,
            -0.03591681644320488
        ],
        [
            0.047559499740600586,
            0.030024025589227676,
            -0.0443679578602314
        ],
        [
            0.10968193411827087,
            0.022288251668214798,
            -0.0056341527961194515
        ],
        [
            0.11303883045911789,
            0.009788163006305695,
            -0.0017325240187346935
        ],
        [
            0.10956017673015594,
            0.007079727947711945,
            -0.005590592510998249
        ],
        [
            0.10695288330316544,
            0.019214827567338943,
            -0.007951946929097176
        ],
        [
            0.09717525541782379,
            0.0036069750785827637,
            -0.026180285960435867
        ],
        [
            0.09979462623596191,
            -0.002495013177394867,
            -0.017463482916355133
        ],
        [
            0.09306948632001877,
            -0.015223510563373566,
            -0.017021439969539642
        ],
        [
            0.0875082015991211,
            -0.01011134684085846,
            -0.023248136043548584
        ],
        [
            0.09165453910827637,
            0.008125990629196167,
            -0.03571758419275284
        ],
        [
            0.08494328707456589,
            -0.0043405331671237946,
            -0.0340648777782917
        ],
        [
            0.0781664252281189,
            0.0008103847503662109,
            -0.04295790567994118
        ],
        [
            0.06547980010509491,
            0.00830518826842308,
            -0.05403333529829979
        ],
        [
            0.11883716285228729,
            0.0146603062748909,
            0.008664574474096298
        ],
        [
            0.11759722232818604,
            0.02460898458957672,
            0.006954445503652096
        ],
        [
            0.027957238256931305,
            0.0964183583855629,
            -0.0350496843457222
        ],
        [
            0.03224875032901764,
            0.09776515513658524,
            -0.03118474781513214
        ],
        [
            0.0323118157684803,
            0.09337034076452255,
            -0.03124811500310898
        ],
        [
            0.027687352150678635,
            0.09274142980575562,
            -0.03477495163679123
        ],
        [
            0.11186476051807404,
            0.020548537373542786,
            0.026764094829559326
        ],
        [
            0.1046462208032608,
            0.01705726981163025,
            0.03290170431137085
        ],
        [
            0.11017802357673645,
            0.012293204665184021,
            0.03315504640340805
        ],
        [
            0.11613480001688004,
            0.014330416917800903,
            0.026130422949790955
        ],
        [
            0.10622712969779968,
            0.02876686304807663,
            0.027466142550110817
        ],
        [
            0.09708069264888763,
            0.0237051323056221,
            0.03174988552927971
        ],
        [
            0.01667044498026371,
            0.10002890229225159,
            -0.030093876644968987
        ],
        [
            0.01926254853606224,
            0.09857219457626343,
            -0.03434909135103226
        ],
        [
            0.01769641786813736,
            0.0939289927482605,
            -0.03256889805197716
        ],
        [
            0.015716413035988808,
            0.09474785625934601,
            -0.027666514739394188
        ],
        [
            0.050727784633636475,
            0.0469476655125618,
            -0.03185249865055084
        ],
        [
            0.05812805891036987,
            0.0480402335524559,
            -0.025237206369638443
        ],
        [
            0.03991764783859253,
            0.061086174100637436,
            -0.030889974907040596
        ],
        [
            0.04708392545580864,
            0.0561111755669117,
            -0.02711079642176628
        ],
        [
            0.042892761528491974,
            0.05173514783382416,
            -0.03167836740612984
        ],
        [
            0.036476440727710724,
            0.05631604790687561,
            -0.033289968967437744
        ],
        [
            0.06267523020505905,
            0.05995321646332741,
            -0.00930191669613123
        ],
        [
            0.06975913047790527,
            0.0506376251578331,
            -0.008674012497067451
        ],
        [
            0.06505449116230011,
            0.04980337619781494,
            -0.01329714059829712
        ],
        [
            0.05687227100133896,
            0.05956580862402916,
            -0.01570192165672779
        ],
        [
            0.08034145087003708,
            0.055603042244911194,
            -0.0006338179809972644
        ],
        [
            0.07224039733409882,
            0.06420301645994186,
            -0.001588995917700231
        ],
        [
            0.07915922999382019,
            0.06602860987186432,
            0.0031525916419923306
        ],
        [
            0.08429017663002014,
            0.05993933603167534,
            0.0022732880897819996
        ],
        [
            0.056282926350831985,
            0.07667938619852066,
            -0.0046939728781580925
        ],
        [
            0.051461465656757355,
            0.08121451735496521,
            -0.004558500833809376
        ],
        [
            0.05416468530893326,
            0.08284563571214676,
            -0.003268964122980833
        ],
        [
            0.0590243823826313,
            0.07744400948286057,
            -0.0022560106590390205
        ],
        [
            0.11475898325443268,
            0.006906367838382721,
            0.03384140506386757
        ],
        [
            0.11943096667528152,
            0.007891625165939331,
            0.02521340921521187
        ],
        [
            0.07889389246702194,
            0.060279909521341324,
            0.030976582318544388
        ],
        [
            0.09000959992408752,
            0.06101856380701065,
            0.029638342559337616
        ],
        [
            0.08433647453784943,
            0.07322361320257187,
            0.030596816912293434
        ],
        [
            0.07357034087181091,
            0.06916077435016632,
            0.032065797597169876
        ],
        [
            0.0951402559876442,
            0.012890271842479706,
            0.03336850926280022
        ],
        [
            0.10121652483940125,
            0.008572936058044434,
            0.035883449018001556
        ],
        [
            0.01738826185464859,
            0.10183394700288773,
            -0.024182584136724472
        ],
        [
            0.017263367772102356,
            0.09641133248806,
            -0.0219597015529871
        ],
        [
            0.07086977362632751,
            -0.004900388419628143,
            -0.03449704870581627
        ],
        [
            0.059233494102954865,
            0.004010770469903946,
            -0.04885329678654671
        ],
        [
            0.077612966299057,
            -0.010290674865245819,
            -0.023088261485099792
        ],
        [
            0.08133161067962646,
            -0.014649488031864166,
            -0.014845950528979301
        ],
        [
            0.08489185571670532,
            -0.02072078362107277,
            -0.010277854278683662
        ],
        [
            0.048066169023513794,
            0.06153319031000137,
            -0.023365844041109085
        ],
        [
            0.06444766372442245,
            0.046223390847444534,
            -0.018236644566059113
        ],
        [
            0.07904434204101562,
            0.042519886046648026,
            -0.007542252074927092
        ],
        [
            0.1004079133272171,
            0.05781543627381325,
            0.00865117833018303
        ],
        [
            0.10687338560819626,
            0.049425624310970306,
            0.008363562636077404
        ],
        [
            0.0990208312869072,
            0.04879006743431091,
            0.0011053988710045815
        ],
        [
            0.09462372958660126,
            0.05606525391340256,
            0.003336448920890689
        ],
        [
            0.09672850370407104,
            0.06482871621847153,
            0.023476555943489075
        ],
        [
            0.09652203321456909,
            0.06675851345062256,
            0.015637928619980812
        ],
        [
            0.09112641215324402,
            0.07420562952756882,
            0.016628103330731392
        ],
        [
            0.0908505916595459,
            0.0741935670375824,
            0.024410676211118698
        ],
        [
            0.04228944331407547,
            0.018943555653095245,
            -0.04709585756063461
        ],
        [
            0.0463133379817009,
            0.011567413806915283,
            -0.03798289597034454
        ],
        [
            0.11702646315097809,
            0.022634021937847137,
            0.017751045525074005
        ],
        [
            0.11916591227054596,
            0.015243865549564362,
            0.016464971005916595
        ],
        [
            0.1216079592704773,
            0.007233858108520508,
            0.01776193082332611
        ],
        [
            0.0966358482837677,
            0.02839520573616028,
            -0.009283045306801796
        ],
        [
            0.10520496964454651,
            0.01719285175204277,
            -0.00981292873620987
        ],
        [
            0.10268222540616989,
            0.016379639506340027,
            -0.013780288398265839
        ],
        [
            0.0939875990152359,
            0.027744755148887634,
            -0.01102288719266653
        ],
        [
            0.08255030959844589,
            0.030073588714003563,
            -0.026963096112012863
        ],
        [
            0.09255518019199371,
            0.020401623100042343,
            -0.028931858018040657
        ],
        [
            0.07424755394458771,
            0.03237710893154144,
            -0.037186335772275925
        ],
        [
            0.10596250742673874,
            0.002011716365814209,
            -0.010698137804865837
        ],
        [
            0.1139727532863617,
            -0.002182021737098694,
            -0.0043016839772462845
        ],
        [
            0.10865696519613266,
            -0.007188752293586731,
            -0.009383819997310638
        ],
        [
            0.11865831911563873,
            0.0020108819007873535,
            0.0032503237016499043
        ],
        [
            0.12164893001317978,
            0.005499742925167084,
            0.01092172134667635
        ],
        [
            0.10549614578485489,
            0.002456165850162506,
            0.039996806532144547
        ],
        [
            0.10226062685251236,
            -0.011572465300559998,
            -0.012825963087379932
        ],
        [
            0.0649445503950119,
            0.026935352012515068,
            -0.056062500923871994
        ],
        [
            0.05895843356847763,
            0.02938762865960598,
            -0.05923241749405861
        ],
        [
            0.057851217687129974,
            0.033269770443439484,
            -0.05302916467189789
        ],
        [
            0.06232120096683502,
            0.031444892287254333,
            -0.04970216751098633
        ],
        [
            0.02429097332060337,
            0.052727390080690384,
            -0.027822274714708328
        ],
        [
            0.030318215489387512,
            0.05450557544827461,
            -0.03295445069670677
        ],
        [
            0.03678160533308983,
            0.046622954308986664,
            -0.0333271250128746
        ],
        [
            0.1068820059299469,
            0.03317953273653984,
            -0.003035040106624365
        ],
        [
            0.11387597024440765,
            0.03479022905230522,
            0.007399493828415871
        ],
        [
            0.04087287560105324,
            0.0660780742764473,
            -0.026728417724370956
        ],
        [
            0.015536006540060043,
            0.08951471745967865,
            -0.02576117217540741
        ],
        [
            0.017483726143836975,
            0.08859144896268845,
            -0.031299639493227005
        ],
        [
            0.020386282354593277,
            0.06987566500902176,
            -0.029689377173781395
        ],
        [
            0.017641384154558182,
            0.07129060477018356,
            -0.02354116551578045
        ],
        [
            0.03650964796543121,
            0.07326691597700119,
            -0.019926857203245163
        ],
        [
            0.03878789767622948,
            0.06994904577732086,
            -0.02552221342921257
        ],
        [
            0.03787589818239212,
            0.07228003442287445,
            -0.023998389020562172
        ],
        [
            0.03749694302678108,
            0.07611281424760818,
            -0.01867069862782955
        ],
        [
            0.061957210302352905,
            0.08319402486085892,
            0.0017943812999874353
        ],
        [
            0.06623727828264236,
            0.07837238162755966,
            0.0026310698594897985
        ],
        [
            0.029896637424826622,
            0.06108418479561806,
            -0.0036135921254754066
        ],
        [
            0.022341597825288773,
            0.05232551321387291,
            -0.010466677136719227
        ],
        [
            0.02981741726398468,
            0.04212244600057602,
            -0.009262052364647388
        ],
        [
            0.06831444054841995,
            0.06154830381274223,
            -0.004656040109694004
        ],
        [
            0.06246643140912056,
            0.0701952800154686,
            -0.00468620378524065
        ],
        [
            0.06536096334457397,
            0.07141982764005661,
            -0.001921116141602397
        ],
        [
            0.04720174893736839,
            0.06557551771402359,
            -0.02081107534468174
        ],
        [
            0.04168491065502167,
            0.06969702243804932,
            -0.021892264485359192
        ],
        [
            0.04488527774810791,
            0.07020731270313263,
            -0.017951125279068947
        ],
        [
            0.05082501471042633,
            0.06627373397350311,
            -0.016541603952646255
        ],
        [
            0.09580928087234497,
            0.04905208572745323,
            0.029958587139844894
        ],
        [
            0.10387597978115082,
            0.053784795105457306,
            0.022976703941822052
        ],
        [
            0.02329079806804657,
            0.09699240326881409,
            -0.03616249933838844
        ],
        [
            0.02225077711045742,
            0.09289944916963577,
            -0.035222943872213364
        ],
        [
            0.07514487206935883,
            0.05238060653209686,
            -0.004145276732742786
        ],
        [
            0.039941560477018356,
            0.031068667769432068,
            -0.007899563759565353
        ],
        [
            0.08312557637691498,
            0.044207584112882614,
            -0.004230155143886805
        ],
        [
            0.059621088206768036,
            0.0774042010307312,
            0.020985309034585953
        ],
        [
            0.06498080492019653,
            0.0823059231042862,
            0.017615370452404022
        ],
        [
            0.06251589208841324,
            0.08662782609462738,
            0.014336951076984406
        ],
        [
            0.05722254887223244,
            0.08532904088497162,
            0.016997599974274635
        ],
        [
            0.03431100398302078,
            0.09104037284851074,
            -0.01932087168097496
        ],
        [
            0.03571699559688568,
            0.09064364433288574,
            -0.024898895993828773
        ],
        [
            0.03471365571022034,
            0.09481032937765121,
            -0.025589831173419952
        ],
        [
            0.03314073011279106,
            0.09607264399528503,
            -0.020110199227929115
        ],
        [
            0.03706139326095581,
            0.06695755571126938,
            -0.030199019238352776
        ],
        [
            0.0330621637403965,
            0.06322452425956726,
            -0.03355804830789566
        ],
        [
            0.0319676473736763,
            0.06996852159500122,
            -0.03288804739713669
        ],
        [
            0.03573596477508545,
            0.07166515290737152,
            -0.028626823797822
        ],
        [
            0.026907002553343773,
            0.06232915818691254,
            -0.032675787806510925
        ],
        [
            0.025744764134287834,
            0.06915126740932465,
            -0.03292674198746681
        ],
        [
            0.02913970872759819,
            0.09133855998516083,
            -0.0153686897829175
        ],
        [
            0.021600544452667236,
            0.09119798243045807,
            -0.015454171225428581
        ],
        [
            0.02441241219639778,
            0.07521276921033859,
            -0.012310804799199104
        ],
        [
            0.031764790415763855,
            0.07807948440313339,
            -0.01393330842256546
        ],
        [
            0.07454878091812134,
            0.027941212058067322,
            0.025136232376098633
        ],
        [
            0.08385556936264038,
            0.031945765018463135,
            0.029803551733493805
        ],
        [
            0.07724331319332123,
            0.04539991915225983,
            0.02812032774090767
        ],
        [
            0.07038375735282898,
            0.05865412577986717,
            0.027792913839221
        ],
        [
            0.06367284059524536,
            0.07095284014940262,
            0.025976357981562614
        ],
        [
            0.05277623236179352,
            0.06668995320796967,
            0.022403866052627563
        ],
        [
            0.08477060496807098,
            0.04703265801072121,
            0.030894700437784195
        ],
        [
            0.03316266089677811,
            0.07226637750864029,
            -0.012682891450822353
        ],
        [
            0.026405466720461845,
            0.06566639989614487,
            -0.010452544316649437
        ],
        [
            0.030110910534858704,
            0.06837925314903259,
            -0.008108226582407951
        ],
        [
            0.08892032504081726,
            0.047752875834703445,
            -0.001149228774011135
        ],
        [
            0.021938040852546692,
            0.08791878074407578,
            -0.034410275518894196
        ],
        [
            0.0738847404718399,
            -0.01192764937877655,
            0.006521672010421753
        ],
        [
            0.07714471220970154,
            -0.0067158713936805725,
            0.01804291643202305
        ],
        [
            0.07202500104904175,
            -0.0005330890417098999,
            0.014482446014881134
        ],
        [
            0.06913264840841293,
            -0.005984731018543243,
            0.0013301372528076172
        ],
        [
            0.0333232581615448,
            0.08923465758562088,
            -0.031163230538368225
        ],
        [
            0.028317419812083244,
            0.08812334388494492,
            -0.03500646352767944
        ],
        [
            0.07031764090061188,
            0.0819169282913208,
            0.0065993499010801315
        ],
        [
            0.06552492827177048,
            0.0857561007142067,
            0.005515263415873051
        ],
        [
            0.06550899893045425,
            0.08784142136573792,
            0.008584718219935894
        ],
        [
            0.07166078686714172,
            0.08657898008823395,
            0.009795891121029854
        ],
        [
            0.0895129069685936,
            0.03284129127860069,
            0.031448427587747574
        ],
        [
            0.0811634361743927,
            0.08155788481235504,
            0.028738414868712425
        ],
        [
            0.07177455723285675,
            0.07752534747123718,
            0.030629603192210197
        ],
        [
            0.08924157917499542,
            0.02004903554916382,
            0.03114551305770874
        ],
        [
            0.08090098202228546,
            0.01629987359046936,
            0.027649149298667908
        ],
        [
            0.08588315546512604,
            0.008189231157302856,
            0.029839636757969856
        ],
        [
            0.04170967638492584,
            0.06863594800233841,
            0.011980285868048668
        ],
        [
            0.06718603521585464,
            0.026943013072013855,
            0.020649269223213196
        ],
        [
            0.07485708594322205,
            0.014832168817520142,
            0.0231745894998312
        ],
        [
            0.08053651452064514,
            0.005055435001850128,
            0.025579560548067093
        ],
        [
            0.08467905223369598,
            -0.001741759479045868,
            0.028212066739797592
        ],
        [
            0.09021129459142685,
            0.0024268925189971924,
            0.032495349645614624
        ],
        [
            0.017598601058125496,
            0.090838223695755,
            -0.019818920642137527
        ],
        [
            0.021488351747393608,
            0.09767258167266846,
            -0.01694153994321823
        ],
        [
            0.0943993628025055,
            -0.004316970705986023,
            0.03697134181857109
        ],
        [
            0.08835914731025696,
            -0.008647263050079346,
            0.0314130000770092
        ],
        [
            0.06854929029941559,
            0.012369558215141296,
            0.016970282420516014
        ],
        [
            0.062290385365486145,
            0.009497590363025665,
            0.00854530744254589
        ],
        [
            0.06152401864528656,
            0.024275772273540497,
            0.01462219562381506
        ],
        [
            0.0543307289481163,
            0.02233794331550598,
            0.006118839606642723
        ],
        [
            0.033835045993328094,
            0.0617043562233448,
            0.009308842942118645
        ],
        [
            0.027681613340973854,
            0.1140468567609787,
            -0.022120697423815727
        ],
        [
            0.027122370898723602,
            0.1033182144165039,
            -0.017880365252494812
        ],
        [
            0.03204460069537163,
            0.10145832598209381,
            -0.02047671563923359
        ],
        [
            0.03189323842525482,
            0.11268068850040436,
            -0.02204403653740883
        ],
        [
            0.02839302457869053,
            0.09707652777433395,
            -0.016670145094394684
        ],
        [
            0.021511854603886604,
            0.10310236364603043,
            -0.019097991287708282
        ],
        [
            0.04965128004550934,
            0.01840364933013916,
            -0.006614604964852333
        ],
        [
            0.04004400968551636,
            0.07444597780704498,
            -0.017876887694001198
        ],
        [
            0.06005936115980148,
            0.0042496658861637115,
            -0.00719042681157589
        ],
        [
            0.042929619550704956,
            0.017452422529459,
            -0.02216874435544014
        ],
        [
            0.05201631784439087,
            0.007375296205282211,
            -0.02416756935417652
        ],
        [
            0.07033103704452515,
            -0.009866863489151001,
            -0.010360313579440117
        ],
        [
            0.06345976889133453,
            -0.0043236128985881805,
            -0.023206792771816254
        ],
        [
            0.07923546433448792,
            -0.02050410956144333,
            -0.0009294375777244568
        ],
        [
            0.07457330822944641,
            -0.014421671628952026,
            -0.004436349496245384
        ],
        [
            0.055986933410167694,
            0.0011867061257362366,
            -0.036430828273296356
        ],
