{
    "pred_cam": [
        8.311349868774414,
        0.06407807767391205,
        -0.051578622311353683
    ],
    "pred_mano_params": {
        "global_orient": [
            [
                [
                    0.6637230515480042,
                    -0.6210212111473083,
                    -0.4168984293937683
                ],
                [
                    -0.730728030204773,
                    -0.41934555768966675,
                    -0.5386889576911926
                ],
                [
                    0.1597127765417099,
                    0.662179708480835,
                    -0.7321269512176514
                ]
            ]
        ],
        "hand_pose": [
            [
                [
                    0.7956980466842651,
                    -0.41870278120040894,
                    -0.4376671314239502
                ],
                [
                    0.3819143772125244,
                    0.9076697826385498,
                    -0.17400281131267548
                ],
                [
                    0.470112681388855,
                    -0.0286976657807827,
                    0.8821396827697754
                ]
            ],
            [
                [
                    0.9252591133117676,
                    -0.3765476644039154,
                    0.04590652510523796
                ],
                [
                    0.3792513906955719,
                    0.9157043695449829,
                    -0.13286802172660828
                ],
                [
                    0.007994336076080799,
                    0.1403474658727646,
                    0.9900700449943542
                ]
            ],
            [
                [
                    0.807740330696106,
                    -0.5661182403564453,
                    0.16451652348041534
                ],
                [
                    0.5895266532897949,
                    0.7773984670639038,
                    -0.21933968365192413
                ],
                [
                    -0.0037227082066237926,
                    0.274156391620636,
                    0.9616778492927551
                ]
            ],
            [
                [
                    0.7871658205986023,
                    -0.6045187711715698,
                    -0.12217606604099274
                ],
                [
                    0.594914436340332,
                    0.7964949607849121,
                    -0.10803956538438797
                ],
                [
                    0.1626245677471161,
                    0.012360754422843456,
                    0.9866105318069458
                ]
            ],
            [
                [
                    0.8684722781181335,
                    -0.4552428126335144,
                    -0.1962394416332245
                ],
                [
                    0.49268436431884766,
                    0.8364854454994202,
                    0.23990464210510254
                ],
                [
                    0.05493657663464546,
                    -0.3050346374511719,
                    0.9507554173469543
                ]
            ],
            [
                [
                    0.7835273146629333,
                    -0.6001513600349426,
                    0.16094477474689484
                ],
                [
                    0.6043612957000732,
                    0.79625403881073,
                    0.02696133591234684
                ],
                [
                    -0.14433380961418152,
                    0.07614386081695557,
                    0.9865950345993042
                ]
            ],
            [
                [
                    0.7040877938270569,
                    -0.5395329594612122,
                    0.4616975486278534
                ],
                [
                    0.5068285465240479,
                    0.8372096419334412,
                    0.20543824136257172
                ],
                [
                    -0.49737828969955444,
                    0.0893549770116806,
                    0.862919807434082
                ]
            ],
            [
                [
                    0.935126781463623,
                    -0.303142249584198,
                    -0.18341940641403198
                ],
                [
                    0.3537900447845459,
                    0.7707685828208923,
                    0.5298568606376648
                ],
                [
                    -0.01924807019531727,
                    -0.5603753328323364,
                    0.8280150294303894
                ]
            ],
            [
                [
                    0.8865873217582703,
                    -0.40984830260276794,
                    0.21444621682167053
                ],
                [
                    0.31745803356170654,
                    0.8763161897659302,
                    0.3623400926589966
                ],
                [
                    -0.3364271819591522,
                    -0.2531684935092926,
                    0.9070404767990112
                ]
            ],
            [
                [
                    0.7358760237693787,
                    -0.6545416712760925,
                    0.17338286340236664
                ],
                [
                    0.6651872396469116,
                    0.7466632723808289,
                    -0.004458598792552948
                ],
                [
                    -0.12654028832912445,
                    0.11861303448677063,
                    0.9848443865776062
                ]
            ],
            [
                [
                    0.9165331125259399,
                    -0.3587813675403595,
                    -0.17675675451755524
                ],
                [
                    0.39907631278038025,
                    0.8496987819671631,
                    0.3446011543273926
                ],
                [
                    0.026553550735116005,
                    -0.38637781143188477,
                    0.9219582080841064
                ]
            ],
            [
                [
                    0.7897704839706421,
                    -0.5714398622512817,
                    0.22297786176204681
                ],
                [
                    0.5230193138122559,
                    0.8172588348388672,
                    0.24194788932800293
                ],
                [
                    -0.3204892873764038,
                    -0.07446154952049255,
                    0.9443209767341614
                ]
            ],
            [
                [
                    0.9355006217956543,
                    0.34277889132499695,
                    0.08568038791418076
                ],
                [
                    -0.28883710503578186,
                    0.881596565246582,
                    -0.3733104169368744
                ],
                [
                    -0.2034984678030014,
                    0.3244844675064087,
                    0.9237414002418518
                ]
            ],
            [
                [
                    0.8094559907913208,
                    -0.40898385643959045,
                    -0.42132318019866943
                ],
                [
                    0.5238921046257019,
                    0.8270798325538635,
                    0.2036568820476532
                ],
                [
                    0.2651754915714264,
                    -0.3855791687965393,
                    0.8837481141090393
                ]
            ],
            [
                [
                    0.9885826706886292,
                    -0.07541843503713608,
                    -0.1304466724395752
                ],
                [
                    0.01664113625884056,
                    0.9150745272636414,
                    -0.4029412269592285
                ],
                [
                    0.14975763857364655,
                    0.3961699306964874,
                    0.9058818817138672
                ]
            ]
        ],
        "betas": [
            -0.009358525276184082,
            -0.11424562335014343,
            -0.03405684232711792,
            0.10482177138328552,
            -0.0007238090038299561,
            0.008514612913131714,
            0.03868982195854187,
            0.01902972161769867,
            -0.024700641632080078,
            -0.014382004737854004
        ]
    },
    "pred_cam_t": [
        -0.06407807767391205,
        -0.051578622311353683,
        4.6998982429504395
    ],
    "focal_length": [
        5000.0,
        5000.0
    ],
    "pred_keypoints_3d": [
        [
            0.09577803313732147,
            0.006399236619472504,
            0.006197505630552769
        ],
        [
            0.07866201549768448,
            0.016574962064623833,
            -0.026844721287488937
        ],
        [
            0.058565057814121246,
            0.015179059468209743,
            -0.05018969997763634
        ],
        [
            0.044292498379945755,
            0.03189259395003319,
            -0.06608894467353821
        ],
        [
            0.030950510874390602,
            0.056101225316524506,
            -0.08841970562934875
        ],
        [
            0.031919993460178375,
            0.061968009918928146,
            -0.026376351714134216
        ],
        [
            0.02427399903535843,
            0.09408042579889297,
            -0.02716250717639923
        ],
        [
            0.03058796375989914,
            0.11462346464395523,
            -0.03282416984438896
        ],
        [
            0.04775457829236984,
            0.130255788564682,
            -0.043185703456401825
        ],
        [
            0.03529784828424454,
            0.0781492367386818,
            -0.007430982775986195
        ],
        [
            0.03337206318974495,
            0.10896461457014084,
            -0.014638641849160194
        ],
        [
            0.04572613537311554,
            0.1263805329799652,
            -0.023937931284308434
        ],
        [
            0.06268659234046936,
            0.13537025451660156,
            -0.04053523764014244
        ],
        [
            0.05506758391857147,
            0.08227339386940002,
            0.010035120882093906
        ],
        [
            0.05095388740301132,
            0.10700763761997223,
            -0.004273378290235996
        ],
        [
            0.06321186572313309,
            0.12491719424724579,
            -0.01627839356660843
        ],
        [
            0.07713444530963898,
            0.13273276388645172,
            -0.03535723686218262
        ],
        [
            0.07418839633464813,
            0.08419540524482727,
            0.020278535783290863
        ],
        [
            0.07021220773458481,
            0.10310760140419006,
            0.011729855090379715
        ],
        [
            0.07767780125141144,
            0.11601211130619049,
            -1.756567507982254e-05
        ],
        [
            0.08508411794900894,
            0.12056878954172134,
            -0.016545075923204422
        ]
    ],
    "pred_vertices": [
        [
            0.06587963551282883,
            0.04083327203989029,
            -0.02597854845225811
        ],
        [
            0.07358783483505249,
            0.034578029066324234,
            -0.026583772152662277
        ],
        [
            0.06678171455860138,
            0.03469759225845337,
            -0.036708906292915344
        ],
        [
            0.060061804950237274,
            0.04105415940284729,
            -0.035026032477617264
        ],
        [
            0.0850108191370964,
            0.02256002090871334,
            -0.04130242392420769
        ],
        [
            0.08692412078380585,
            0.010314049199223518,
            -0.04434379190206528
        ],
        [
            0.07405196130275726,
            0.014302380383014679,
            -0.055606409907341
        ],
        [
            0.07514818012714386,
            0.024002283811569214,
            -0.05218014866113663
        ],
        [
            0.05354592949151993,
            0.03914973884820938,
            -0.041046060621738434
        ],
        [
            0.06161462143063545,
            0.034306131303310394,
            -0.04380035772919655
        ],
        [
            0.04935086518526077,
            0.033449746668338776,
            -0.041205085813999176
        ],
        [
            0.03886431083083153,
            0.037923384457826614,
            -0.035669587552547455
        ],
        [
            0.045096345245838165,
            0.043261319398880005,
            -0.0373719148337841
        ],
        [
            0.032293129712343216,
            0.0437101274728775,
            -0.03296196088194847
        ],
        [
            0.03771135210990906,
            0.028916791081428528,
            -0.028450237587094307
        ],
        [
            0.02859710529446602,
            0.04179593175649643,
            -0.02414568141102791
        ],
        [
            0.04477866366505623,
            0.033529527485370636,
            -0.0007007438689470291
        ],
        [
            0.05207350105047226,
            0.03772849217057228,
            0.009637273848056793
        ],
        [
            0.04198011755943298,
            0.05149020999670029,
            0.008047064766287804
        ],
        [
            0.03604511916637421,
            0.04626120626926422,
            -0.0031276289373636246
        ],
        [
            0.05867334082722664,
            0.05466142296791077,
            0.020151827484369278
        ],
        [
            0.04887762665748596,
            0.05365220829844475,
            0.013591136783361435
        ],
        [
            0.05822966247797012,
            0.03938929736614227,
            0.015978418290615082
        ],
        [
            0.06663382053375244,
            0.041042763739824295,
            0.021608959883451462
        ],
        [
            0.07618357241153717,
            0.04112176224589348,
            -0.011980862356722355
        ],
        [
            0.08433771878480911,
            0.03461571782827377,
            -0.010691759176552296
        ],
        [
            0.08017221093177795,
            0.034402817487716675,
            -0.015644051134586334
        ],
        [
            0.07273318618535995,
            0.040249694138765335,
            -0.016590654850006104
        ],
        [
            0.04688374698162079,
            0.022483181208372116,
            -0.04669623076915741
        ],
        [
            0.04695041477680206,
            0.017427075654268265,
            -0.038989562541246414
        ],
        [
            0.045792222023010254,
            0.025661617517471313,
            -0.038906339555978775
        ],
        [
            0.04950804263353348,
            0.027279578149318695,
            -0.047478314489126205
        ],
        [
            0.11022284626960754,
            0.022474117577075958,
            -0.004760910756886005
        ],
        [
            0.1134730726480484,
            0.009980283677577972,
            -0.0007269475609064102
        ],
        [
            0.1102452203631401,
            0.007285557687282562,
            -0.004798317328095436
        ],
        [
            0.10764559358358383,
            0.019450590014457703,
            -0.007253970485180616
        ],
        [
            0.09901048988103867,
            0.003652568906545639,
            -0.026031378656625748
        ],
        [
            0.10124044120311737,
            -0.0022698119282722473,
            -0.017190737649798393
        ],
        [
            0.0946233794093132,
            -0.015179134905338287,
            -0.01711827889084816
        ],
        [
            0.08937184512615204,
            -0.010212436318397522,
            -0.0234660841524601
        ],
        [
            0.09407729655504227,
            0.007782317698001862,
            -0.03564011678099632
        ],
        [
            0.08750875294208527,
            -0.0047486647963523865,
            -0.03411785140633583
        ],
        [
            0.08141019940376282,
            -0.00019851699471473694,
            -0.043034251779317856
        ],
        [
            0.0691816583275795,
            0.005881674587726593,
            -0.05487827584147453
        ],
        [
            0.11863833665847778,
            0.014850601553916931,
            0.010008832439780235
        ],
        [
            0.11740655452013016,
            0.024788960814476013,
            0.008272873237729073
        ],
        [
            0.02969558909535408,
            0.09628505259752274,
            -0.0372714102268219
        ],
        [
            0.033786144107580185,
            0.09746058285236359,
            -0.03311934322118759
        ],
        [
            0.03384087234735489,
            0.0931747630238533,
            -0.033345840871334076
        ],
        [
            0.029418088495731354,
            0.09267453849315643,
            -0.03716132789850235
        ],
        [
            0.1106012761592865,
            0.020594798028469086,
            0.027698736637830734
        ],
        [
            0.10307551920413971,
            0.017020955681800842,
            0.03341691568493843
        ],
        [
            0.1086253672838211,
            0.012301862239837646,
            0.033971406519412994
        ],
        [
            0.11495113372802734,
            0.014416955411434174,
            0.027294263243675232
        ],
        [
            0.10486812889575958,
            0.028766244649887085,
            0.0280887633562088
        ],
        [
            0.09553109854459763,
            0.02361215651035309,
            0.03184583783149719
        ],
        [
            0.018156636506319046,
            0.09987590461969376,
            -0.032849106937646866
        ],
        [
            0.020983032882213593,
            0.09852717816829681,
            -0.03700266778469086
        ],
        [
            0.019299529492855072,
            0.09385046362876892,
            -0.03548210859298706
        ],
        [
            0.017020830884575844,
            0.09452024847269058,
            -0.030660713091492653
        ],
        [
            0.052544791251420975,
            0.04657445475459099,
            -0.03436664491891861
        ],
        [
            0.059604331851005554,
            0.047828830778598785,
            -0.027277477085590363
        ],
        [
            0.04163137078285217,
            0.060934122651815414,
            -0.03386019915342331
        ],
        [
            0.048652369529008865,
            0.05587998032569885,
            -0.029698817059397697
        ],
        [
            0.04472953826189041,
            0.05145297572016716,
            -0.03456168249249458
        ],
        [
            0.03835047781467438,
            0.056127600371837616,
            -0.03649529069662094
        ],
        [
            0.06320790946483612,
            0.05979227274656296,
            -0.010980413295328617
        ],
        [
            0.07031913846731186,
            0.05051407963037491,
            -0.009978526271879673
        ],
        [
            0.06587861478328705,
            0.04965931177139282,
            -0.014878989197313786
        ],
        [
            0.05777127295732498,
            0.059381790459156036,
            -0.017702070996165276
        ],
        [
            0.08039532601833344,
            0.055550798773765564,
            -0.0013335277326405048
        ],
        [
            0.07229524105787277,
            0.06411393731832504,
            -0.0027299164794385433
        ],
        [
            0.07891908288002014,
            0.0660109594464302,
            0.00239814561791718
        ],
        [
            0.08413748443126678,
            0.05992613732814789,
            0.0018050253856927156
        ],
        [
            0.05641127750277519,
            0.07653826475143433,
            -0.006677793804556131
        ],
        [
            0.05140937864780426,
            0.08110924810171127,
            -0.006648806855082512
        ],
        [
            0.05404561385512352,
            0.08276581764221191,
            -0.005198483821004629
        ],
        [
            0.058999717235565186,
            0.07734299451112747,
            -0.004047614522278309
        ],
        [
            0.1132071316242218,
            0.006950579583644867,
            0.03489657863974571
        ],
        [
            0.11834829300642014,
            0.008010998368263245,
            0.026540931314229965
        ],
        [
            0.07720039039850235,
            0.0599847212433815,
            0.030070815235376358
        ],
        [
            0.08836941421031952,
            0.06090082600712776,
            0.02939377911388874
        ],
        [
            0.08253370970487595,
            0.07305075973272324,
            0.03012889064848423
        ],
        [
            0.07182265818119049,
            0.06877025961875916,
            0.03087279200553894
        ],
        [
            0.09358751773834229,
            0.012771621346473694,
            0.033335089683532715
        ],
        [
            0.09955007582902908,
            0.008493490517139435,
            0.03618188947439194
        ],
        [
            0.01854316145181656,
            0.10146835446357727,
            -0.0268358513712883
        ],
        [
            0.01822206936776638,
            0.09599894285202026,
            -0.024794263765215874
        ],
        [
            0.0737905502319336,
            -0.005646906793117523,
            -0.034893546253442764
        ],
        [
            0.06287200003862381,
            0.0017022565007209778,
            -0.04977209493517876
        ],
        [
            0.07972908020019531,
            -0.010406456887722015,
            -0.02352968417108059
        ],
        [
            0.08292029798030853,
            -0.014634549617767334,
            -0.01538408175110817
        ],
        [
            0.08619903028011322,
            -0.020740993320941925,
            -0.0108167864382267
        ],
        [
            0.049381472170352936,
            0.06131800264120102,
            -0.025880632922053337
        ],
        [
            0.06555977463722229,
            0.04608114808797836,
            -0.019899405539035797
        ],
        [
            0.07958504557609558,
            0.04245930165052414,
            -0.008345527574419975
        ],
        [
            0.09988825023174286,
            0.05789472535252571,
            0.009077433496713638
        ],
        [
            0.10643117129802704,
            0.049525126814842224,
            0.009134171530604362
        ],
        [
            0.09899888932704926,
            0.048862945288419724,
            0.0014487610897049308
        ],
        [
            0.09442481398582458,
            0.05611887574195862,
            0.003444839268922806
        ],
        [
            0.09535582363605499,
            0.06483149528503418,
            0.02365894243121147
        ],
        [
            0.09553828835487366,
            0.06683474779129028,
            0.015835730358958244
        ],
        [
            0.08998148143291473,
            0.07437364012002945,
            0.016571715474128723
        ],
        [
            0.08932249993085861,
            0.07423002272844315,
            0.02431696467101574
        ],
        [
            0.045053306967020035,
            0.01568065956234932,
            -0.04980390518903732
        ],
        [
            0.04900190234184265,
            0.009783219546079636,
            -0.04018307849764824
        ],
        [
            0.11625026166439056,
            0.022760510444641113,
            0.01900308206677437
        ],
        [
            0.11851905286312103,
            0.015397608280181885,
            0.017815865576267242
        ],
        [
            0.12095290422439575,
            0.00740630179643631,
            0.019216910004615784
        ],
        [
            0.09732818603515625,
            0.02862115204334259,
            -0.009198334068059921
        ],
        [
            0.10601116716861725,
            0.017483122646808624,
            -0.009242283180356026
        ],
        [
            0.10369427502155304,
            0.016730505973100662,
            -0.013423839583992958
        ],
        [
            0.0947483479976654,
            0.028067372739315033,
            -0.011186621151864529
        ],
        [
            0.0839451253414154,
            0.03001861833035946,
            -0.02819172292947769
        ],
        [
            0.09430108964443207,
            0.02040550485253334,
            -0.029202962294220924
        ],
        [
            0.07596264034509659,
            0.03144361078739166,
            -0.03915615752339363
        ],
        [
            0.10699452459812164,
            0.0022561773657798767,
            -0.01013425923883915
        ],
        [
            0.11467866599559784,
            -0.0019592568278312683,
            -0.003303264267742634
        ],
        [
            0.10970637202262878,
            -0.006985679268836975,
            -0.008700200356543064
        ],
        [
            0.11888404190540314,
            0.0022329390048980713,
            0.004531176760792732
        ],
        [
            0.12140180915594101,
            0.005706891417503357,
            0.012382439337670803
        ],
        [
            0.10364396870136261,
            0.002395160496234894,
            0.040509745478630066
        ],
        [
            0.10353513062000275,
            -0.011430151760578156,
            -0.012488328851759434
        ],
        [
            0.06770486384630203,
            0.02428801730275154,
            -0.058108337223529816
        ],
        [
            0.06165062263607979,
            0.02614491805434227,
            -0.06172539293766022
        ],
        [
            0.059952303767204285,
            0.030343694612383842,
            -0.055846571922302246
        ],
        [
            0.0644809678196907,
            0.029067479074001312,
            -0.05219853296875954
        ],
        [
            0.025878161191940308,
            0.05227013677358627,
            -0.03169206157326698
        ],
        [
            0.032161109149456024,
            0.05421226844191551,
            -0.03649763762950897
        ],
        [
            0.038714367896318436,
            0.04613552242517471,
            -0.03660169988870621
        ],
        [
            0.10719369351863861,
            0.03331367298960686,
            -0.002282998990267515
        ],
        [
            0.11358393728733063,
            0.034935589879751205,
            0.008536232635378838
        ],
        [
            0.042298827320337296,
            0.06587360799312592,
            -0.029568934813141823
        ],
        [
            0.01674739643931389,
            0.0892130583524704,
            -0.028976431116461754
        ],
        [
            0.019024558365345,
            0.0884736180305481,
            -0.03443503752350807
        ],
        [
            0.021954895928502083,
            0.06978103518486023,
            -0.03333038091659546
        ],
        [
            0.018854685127735138,
            0.07095380872488022,
            -0.02730453945696354
        ],
        [
            0.037477489560842514,
            0.07293011993169785,
            -0.02276996523141861
        ],
        [
            0.04009845107793808,
            0.06974486261606216,
            -0.028254810720682144
        ],
        [
            0.03909127786755562,
            0.07204215973615646,
            -0.02663022093474865
        ],
        [
            0.038374390453100204,
            0.07567265629768372,
            -0.021190907806158066
        ],
        [
            0.06150611862540245,
            0.08321398496627808,
            0.00032495142659172416
        ],
        [
            0.06588820368051529,
            0.07837817072868347,
            0.0012983080232515931
        ],
        [
            0.030209297314286232,
            0.060537222772836685,
            -0.00723815243691206
        ],
        [
            0.0231175497174263,
            0.05170925706624985,
            -0.014506537467241287
        ],
        [
            0.030596338212490082,
            0.04156346619129181,
            -0.012856615707278252
        ],
        [
            0.06856675446033478,
            0.061422303318977356,
            -0.0060163941234350204
        ],
        [
            0.06265899538993835,
            0.0700528472661972,
            -0.00635392963886261
        ],
        [
            0.06538127362728119,
            0.07131575047969818,
            -0.003416435094550252
        ],
        [
            0.048332516103982925,
            0.06534769386053085,
            -0.02335253357887268
        ],
        [
            0.042817212641239166,
            0.06943173706531525,
            -0.02466794103384018
        ],
        [
            0.04582764953374863,
            0.07001598179340363,
            -0.02061300352215767
        ],
        [
            0.05172025039792061,
            0.06606710702180862,
            -0.01886705309152603
        ],
        [
            0.09420274198055267,
            0.04896155744791031,
            0.030016474425792694
        ],
        [
            0.10260152816772461,
            0.05380900204181671,
            0.023538466542959213
        ],
        [
            0.025101397186517715,
            0.09695310890674591,
            -0.03863311931490898
        ],
        [
            0.02400815300643444,
            0.092881940305233,
            -0.03792177885770798
        ],
        [
            0.07542979717254639,
            0.05229005217552185,
            -0.005141665227711201
        ],
        [
            0.04070456326007843,
            0.03060319274663925,
            -0.01090063527226448
        ],
        [
            0.08346259593963623,
            0.04416733980178833,
            -0.004794694483280182
        ],
        [
            0.05823306366801262,
            0.077011838555336,
            0.0192580446600914
        ],
        [
            0.06352932006120682,
            0.08201365917921066,
            0.01639362797141075
        ],
        [
            0.0610722191631794,
            0.08643391728401184,
            0.012992528267204762
        ],
        [
            0.055699627846479416,
            0.0849631056189537,
            0.015300442464649677
        ],
        [
            0.035151150077581406,
            0.09050890058279037,
            -0.02141656167805195
        ],
        [
            0.036878928542137146,
            0.09032496809959412,
            -0.026912879198789597
        ],
        [
            0.03590808063745499,
            0.09440521895885468,
            -0.02750212885439396
        ],
        [
            0.03401942178606987,
            0.09549835324287415,
            -0.0220668762922287
        ],
        [
            0.03865451365709305,
            0.0668901652097702,
            -0.03309348225593567
        ],
        [
            0.03486742079257965,
            0.06318831443786621,
            -0.03675739839673042
        ],
        [
            0.03369200602173805,
            0.07001832127571106,
            -0.03588533774018288
        ],
        [
            0.037208326160907745,
            0.0715823769569397,
            -0.031377650797367096
        ],
        [
            0.028676336631178856,
            0.062259744852781296,
            -0.0361955426633358
        ],
        [
            0.027490485459566116,
            0.06918815523386002,
            -0.036285627633333206
        ],
        [
            0.029766572639346123,
            0.09067240357398987,
            -0.01774115115404129
        ],
        [
            0.022233402356505394,
            0.0905565395951271,
            -0.018264571204781532
        ],
        [
            0.024968253448605537,
            0.07448995858430862,
            -0.015581374056637287
        ],
        [
            0.03237757086753845,
            0.07742409408092499,
            -0.016681237146258354
        ],
        [
            0.07338859140872955,
            0.02768927812576294,
            0.023984268307685852
        ],
        [
            0.08238903433084488,
            0.03174943849444389,
            0.02917211502790451
        ],
        [
            0.07581152021884918,
            0.04514116421341896,
            0.027132630348205566
        ],
        [
            0.06892739236354828,
            0.05828838422894478,
            0.02643437124788761
        ],
        [
            0.06226029247045517,
            0.07052826136350632,
            0.024290336295962334
        ],
        [
            0.051626209169626236,
            0.06616433709859848,
            0.020068351179361343
        ],
        [
            0.08314838260412216,
            0.04682983458042145,
            0.030329663306474686
        ],
        [
            0.03372393921017647,
            0.07205073535442352,
            -0.015949826687574387
        ],
        [
            0.026981571689248085,
            0.0650370866060257,
            -0.014109499752521515
        ],
        [
            0.030505763366818428,
            0.06797195225954056,
            -0.011628198437392712
        ],
        [
            0.08904899656772614,
            0.04775320738554001,
            -0.0013809772208333015
        ],
        [
            0.02366422675549984,
            0.0879167839884758,
            -0.03731071949005127
        ],
        [
            0.07415942847728729,
            -0.012085802853107452,
            0.005283739417791367
        ],
        [
            0.07667647302150726,
            -0.006918266415596008,
            0.01693321391940117
        ],
        [
            0.07171326130628586,
            -0.0007446780800819397,
            0.013118457049131393
        ],
        [
            0.06970832496881485,
            -0.00610671192407608,
            -6.358325481414795e-05
        ],
        [
            0.03484698012471199,
            0.08915732800960541,
            -0.03336094319820404
        ],
        [
            0.030070070177316666,
            0.08815368264913559,
            -0.037526801228523254
        ],
        [
            0.06958935409784317,
            0.08199155330657959,
            0.005609793588519096
        ],
        [
            0.06470958143472672,
            0.08578400313854218,
            0.004332550801336765
        ],
        [
            0.06434716284275055,
            0.08783229440450668,
            0.007441418245434761
        ],
        [
            0.07048191130161285,
            0.08668113499879837,
            0.009032240137457848
        ],
        [
            0.08793340623378754,
            0.0326828695833683,
            0.03112868219614029
        ],
        [
            0.0790577083826065,
            0.08130966126918793,
            0.028396286070346832
        ],
        [
            0.0698695257306099,
            0.07706575095653534,
            0.029638873413205147
        ],
        [
            0.08776824176311493,
            0.019891053438186646,
            0.030798930674791336
        ],
        [
            0.07966942340135574,
            0.016089946031570435,
            0.026824727654457092
        ],
        [
            0.08458247780799866,
            0.008009679615497589,
            0.029271550476551056
        ],
        [
            0.041048407554626465,
            0.06807227432727814,
            0.009088335558772087
        ],
        [
            0.06629819422960281,
            0.026652824133634567,
            0.01908063516020775
        ],
        [
            0.07390090078115463,
            0.014593183994293213,
            0.022005371749401093
        ],
        [
            0.0795167088508606,
            0.004850521683692932,
            0.024699300527572632
        ],
        [
            0.08356013894081116,
            -0.001929059624671936,
            0.027541086077690125
        ],
        [
            0.08880172669887543,
            0.0022681206464767456,
            0.03215303272008896
        ],
        [
            0.018461178988218307,
            0.09033913910388947,
            -0.022873273119330406
        ],
        [
            0.022190365940332413,
            0.09708704799413681,
            -0.019493872299790382
        ],
        [
            0.09279128909111023,
            -0.004464052617549896,
            0.036833591759204865
        ],
        [
            0.08711425960063934,
            -0.00882316380739212,
            0.030920814722776413
        ],
        [
            0.06797429919242859,
            0.012107901275157928,
            0.015437053516507149
        ],
        [
            0.0622691847383976,
            0.009264767169952393,
            0.006718751043081284
        ],
        [
            0.061003729701042175,
            0.02396886795759201,
            0.012733202427625656
        ],
        [
            0.054335713386535645,
            0.022026024758815765,
            0.0038498491048812866
        ],
        [
            0.03351883590221405,
            0.061038605868816376,
            0.0058493344113230705
        ],
        [
            0.02895326539874077,
            0.113488107919693,
            -0.02381163462996483
        ],
        [
            0.02794554829597473,
            0.10270290076732635,
            -0.01993958279490471
        ],
        [
            0.03298784792423248,
            0.10083335638046265,
            -0.022310812026262283
        ],
        [
            0.03312548249959946,
            0.11202046275138855,
            -0.023567313328385353
        ],
        [
            0.029090356081724167,
            0.09643019735813141,
            -0.018859241157770157
        ],
        [
            0.02241598814725876,
            0.10257767140865326,
            -0.02148001454770565
        ],
        [
            0.050481200218200684,
            0.01806088536977768,
            -0.009028440341353416
        ],
        [
            0.04090408235788345,
            0.07436077296733856,
            -0.02071516402065754
        ],
        [
            0.061140276491642,
            0.004078388214111328,
            -0.008886173367500305
        ],
        [
            0.04464340582489967,
            0.016654178500175476,
            -0.02484235167503357
        ],
        [
            0.0540742501616478,
            0.006671015173196793,
            -0.0261073037981987
        ],
        [
            0.07172511518001556,
            -0.00989912822842598,
            -0.011361446231603622
        ],
        [
            0.06568355858325958,
            -0.004753962159156799,
            -0.02425338700413704
        ],
        [
            0.08000751584768295,
            -0.020606420934200287,
            -0.0018440820276737213
        ],
        [
            0.07555971294641495,
            -0.014485232532024384,
            -0.005460148677229881
        ],
        [
            0.05899753049015999,
            -0.0002572648227214813,
