{
    "pred_cam": [
        6.454357624053955,
        -0.04356667399406433,
        -0.01491459645330906
    ],
    "pred_mano_params": {
        "global_orient": [
            [
                [
                    0.9740268588066101,
                    0.1724974513053894,
                    0.14668448269367218
                ],
                [
                    0.21812614798545837,
                    -0.8886497616767883,
                    -0.40338894724845886
                ],
                [
                    0.06076754629611969,
                    0.424907386302948,
                    -0.9031949639320374
                ]
            ]
        ],
        "hand_pose": [
            [
                [
                    0.7402833700180054,
                    -0.6422889828681946,
                    -0.1986086368560791
                ],
                [
                    0.6147345304489136,
                    0.7662912607192993,
                    -0.186813086271286
                ],
                [
                    0.27218005061149597,
                    0.016203034669160843,
                    0.9621099233627319
                ]
            ],
            [
                [
                    0.8619920015335083,
                    -0.4928668439388275,
                    0.11854127049446106
                ],
                [
                    0.503214955329895,
                    0.8037356734275818,
                    -0.31746456027030945
                ],
                [
                    0.06119190528988838,
                    0.33330366015434265,
                    0.9408316612243652
                ]
            ],
            [
                [
                    0.8870635032653809,
                    -0.45816582441329956,
                    0.05658940598368645
                ],
                [
                    0.44799527525901794,
                    0.8839291930198669,
                    0.13404960930347443
                ],
                [
                    -0.11143796890974045,
                    -0.09355873614549637,
                    0.9893574714660645
                ]
            ],
            [
                [
                    0.42956826090812683,
                    -0.8609998822212219,
                    -0.27230551838874817
                ],
                [
                    0.8937034010887146,
                    0.4485774040222168,
                    -0.008514138869941235
                ],
                [
                    0.12948077917099,
                    -0.2397029846906662,
                    0.9621731042861938
                ]
            ],
            [
                [
                    0.9246845841407776,
                    -0.3243071138858795,
                    -0.19945742189884186
                ],
                [
                    0.3561113178730011,
                    0.9220404624938965,
                    0.15174371004104614
                ],
                [
                    0.13469624519348145,
                    -0.21134412288665771,
                    0.9680860042572021
                ]
            ],
            [
                [
                    0.8662046790122986,
                    -0.47273778915405273,
                    0.1618904173374176
                ],
                [
                    0.4774639308452606,
                    0.8785842657089233,
                    0.010862278752028942
                ],
                [
                    -0.1473693698644638,
                    0.06788787245750427,
                    0.9867490530014038
                ]
            ],
            [
                [
                    0.5357654094696045,
                    -0.8434109687805176,
                    0.04016762226819992
                ],
                [
                    0.6019006371498108,
                    0.41484686732292175,
                    0.682361900806427
                ],
                [
                    -0.5921748876571655,
                    -0.34140896797180176,
                    0.7299101948738098
                ]
            ],
            [
                [
                    0.9656965136528015,
                    -0.19432368874549866,
                    -0.17224563658237457
                ],
                [
                    0.18899646401405334,
                    0.9808539152145386,
                    -0.046967580914497375
                ],
                [
                    0.17807471752166748,
                    0.01280261855572462,
                    0.983933687210083
                ]
            ],
            [
                [
                    0.9913914799690247,
                    0.08580208569765091,
                    0.09889870882034302
                ],
                [
                    -0.11966674029827118,
                    0.9002988338470459,
                    0.4184996485710144
                ],
                [
                    -0.053130242973566055,
                    -0.4267318546772003,
                    0.9028162360191345
                ]
            ],
            [
                [
                    0.374599814414978,
                    -0.9262411594390869,
                    -0.04186040908098221
                ],
                [
                    0.9187577366828918,
                    0.3647419810295105,
                    0.15115414559841156
                ],
                [
                    -0.12473694980144501,
                    -0.0950818806886673,
                    0.9876235127449036
                ]
            ],
            [
                [
                    0.9847496151924133,
                    -0.1476878523826599,
                    -0.09195920079946518
                ],
                [
                    0.17092935740947723,
                    0.9198086261749268,
                    0.35317865014076233
                ],
                [
                    0.03242466598749161,
                    -0.3635110557079315,
                    0.9310253858566284
                ]
            ],
            [
                [
                    0.8664439916610718,
                    -0.4413052797317505,
                    0.2335047721862793
                ],
                [
                    0.37336334586143494,
                    0.8832106590270996,
                    0.2837933897972107
                ],
                [
                    -0.3314734399318695,
                    -0.15870894491672516,
                    0.9300197958946228
                ]
            ],
            [
                [
                    0.8940945267677307,
                    -0.2848876118659973,
                    -0.34559234976768494
                ],
                [
                    -0.2605486214160919,
                    0.29677140712738037,
                    -0.9187171459197998
                ],
                [
                    0.36429306864738464,
                    0.9114635586738586,
                    0.1911146193742752
                ]
            ],
            [
                [
                    0.9433810114860535,
                    -0.3301941454410553,
                    0.03168661147356033
                ],
                [
                    0.26717111468315125,
                    0.8129719495773315,
                    0.5173935890197754
                ],
                [
                    -0.19660067558288574,
                    -0.47963353991508484,
                    0.855160653591156
                ]
            ],
            [
                [
                    0.9971560835838318,
                    0.07212041318416595,
                    -0.021870965138077736
                ],
                [
                    -0.07523667812347412,
                    0.9694786071777344,
                    -0.23334695398807526
                ],
                [
                    0.004374352283775806,
                    0.23432885110378265,
                    0.9721475839614868
                ]
            ]
        ],
        "betas": [
            -0.004377260804176331,
            -0.010701566934585571,
            -0.00998494029045105,
            -0.008827418088912964,
            -0.03922545909881592,
            -0.083145372569561,
            -0.010654151439666748,
            -0.07937446236610413,
            -0.021233409643173218,
            -0.08392700552940369
        ]
    },
    "pred_cam_t": [
        -0.04356667399406433,
        -0.01491459645330906,
        6.052112579345703
    ],
    "focal_length": [
        5000.0,
        5000.0
    ],
    "pred_keypoints_3d": [
        [
            0.09571336209774017,
            0.006381012499332428,
            0.006186370737850666
        ],
        [
            0.07334904372692108,
            0.004596441052854061,
            -0.025210078805685043
        ],
        [
            0.04489099234342575,
            0.014255968853831291,
            -0.03208845853805542
        ],
        [
            0.01960136741399765,
            0.023844793438911438,
            -0.0341784693300724
        ],
        [
            -0.013368559069931507,
            0.03623965382575989,
            -0.04130946844816208
        ],
        [
            0.012029409408569336,
            -0.016551658511161804,
            -0.02003837749361992
        ],
        [
            -0.018479032441973686,
            -0.00433459784835577,
            -0.023056630045175552
        ],
        [
            -0.02836569771170616,
            0.015361295081675053,
            -0.025664174929261208
        ],
        [
            -0.030090786516666412,
            0.039842769503593445,
            -0.029448404908180237
        ],
        [
            0.0027316585183143616,
            -0.01162201352417469,
            0.0028594890609383583
        ],
        [
            -0.016523078083992004,
            0.01336001418530941,
            -0.0005266373045742512
        ],
        [
            -0.019622357562184334,
            0.03617466986179352,
            -0.003922674804925919
        ],
        [
            -0.0173944178968668,
            0.05937808379530907,
            -0.014352858066558838
        ],
        [
            0.011462189257144928,
            0.0028323736041784286,
            0.023646261543035507
        ],
        [
            -0.005309760570526123,
            0.023940348997712135,
            0.01336594857275486
        ],
        [
            -0.010432351380586624,
            0.0471363291144371,
            0.006159984972327948
        ],
        [
            -0.012047380208969116,
            0.06656648218631744,
            -0.009605780243873596
        ],
        [
            0.020605601370334625,
            0.017669295892119408,
            0.03680882975459099
        ],
        [
            0.008076513186097145,
            0.03182961791753769,
            0.027380257844924927
        ],
        [
            -4.3499283492565155e-05,
            0.04714350029826164,
            0.019700640812516212
        ],
        [
            -0.009763211943209171,
            0.0633259117603302,
            0.007929299026727676
        ]
    ],
    "pred_vertices": [
        [
            0.04734940081834793,
            0.0038704462349414825,
            -0.017245972529053688
        ],
        [
            0.05858235061168671,
            0.007269209250807762,
            -0.015308883041143417
        ],
        [
            0.05159246549010277,
            0.00851280428469181,
            -0.018355010077357292
        ],
        [
            0.04220208153128624,
            0.003263099119067192,
            -0.022831279784440994
        ],
        [
            0.0666002482175827,
            0.023375822231173515,
            -0.02061418443918228
        ],
        [
            0.07267792522907257,
            0.023731008172035217,
            -0.03104381635785103
        ],
        [
            0.05627138167619705,
            0.02571977861225605,
            -0.03311627358198166
        ],
        [
            0.05401800945401192,
            0.0260583758354187,
            -0.023095693439245224
        ],
        [
            0.03727537393569946,
            0.0018433630466461182,
            -0.025568543002009392
        ],
        [
            0.044784970581531525,
            0.010192658752202988,
            -0.020890571177005768
        ],
        [
            0.035800956189632416,
            -0.00015543028712272644,
            -0.025281913578510284
        ],
        [
            0.031160660088062286,
            -0.014084083959460258,
            -0.029133688658475876
        ],
        [
            0.031062934547662735,
            -0.007490921765565872,
            -0.028702035546302795
        ],
        [
            0.025329671800136566,
            -0.02015477418899536,
            -0.028821298852562904
        ],
        [
            0.038397494703531265,
            -0.021139882504940033,
            -0.027498537674546242
        ],
        [
            0.02611391805112362,
            -0.02730952389538288,
            -0.02282736450433731
        ],
        [
            0.0462641678750515,
            -0.024645501747727394,
            -0.0014773467555642128
        ],
        [
            0.04803428053855896,
            -0.019301049411296844,
            0.011059461161494255
        ],
        [
            0.030218949541449547,
            -0.0222657211124897,
            0.012148837558925152
        ],
        [
            0.030278082937002182,
            -0.026473533362150192,
            -0.0011616479605436325
        ],
        [
            0.0374535508453846,
            -0.009373405948281288,
            0.027324531227350235
        ],
        [
            0.032623473554849625,
            -0.016558751463890076,
            0.01901920512318611
        ],
        [
            0.050530001521110535,
            -0.014840519987046719,
            0.01857513003051281
        ],
        [
            0.05394558236002922,
            -0.008347800001502037,
            0.02578340843319893
        ],
        [
            0.05364280939102173,
            0.008931232616305351,
            -0.0047489008866250515
        ],
        [
            0.06428949534893036,
            0.012079641222953796,
            -0.0043433187529444695
        ],
        [
            0.0631817877292633,
            0.008629932999610901,
            -0.008910972625017166
        ],
        [
            0.052479710429906845,
            0.006452521309256554,
            -0.009516578167676926
        ],
        [
            0.034558698534965515,
            0.0043977610766887665,
            -0.03117867186665535
        ],
        [
            0.044392380863428116,
            -0.007240000180900097,
            -0.033836156129837036
        ],
        [
            0.038719937205314636,
            -0.006169077940285206,
            -0.02920249104499817
        ],
        [
            0.03326801210641861,
            0.007784575689584017,
            -0.026907887309789658
        ],
        [
            0.08715935051441193,
            0.028789453208446503,
            0.00224824296310544
        ],
        [
            0.10014281421899796,
            0.024979043751955032,
            0.0034694266505539417
        ],
        [
            0.10043980926275253,
            0.021931534633040428,
            -0.001679342007264495
        ],
        [
            0.08863875269889832,
            0.025551237165927887,
            -0.00167874526232481
        ],
        [
            0.09330102801322937,
            0.018574416637420654,
            -0.02282905764877796
        ],
        [
            0.10209764540195465,
            0.013871772214770317,
            -0.018148640170693398
        ],
        [
            0.10865224152803421,
            0.0036010611802339554,
            -0.022661490365862846
        ],
        [
            0.09890083968639374,
            0.005514409393072128,
            -0.028447244316339493
        ],
        [
            0.08311256766319275,
            0.021591072902083397,
            -0.027694134041666985
        ],
        [
            0.08796343207359314,
            0.012127328664064407,
            -0.03513782098889351
        ],
        [
            0.07505282759666443,
            0.01656286232173443,
            -0.03913310542702675
        ],
        [
            0.05676165223121643,
            0.020462732762098312,
            -0.040520407259464264
        ],
        [
            0.10004521906375885,
            0.02862277626991272,
            0.01576661318540573
        ],
        [
            0.09054771810770035,
            0.03250189498066902,
            0.016495905816555023
        ],
        [
            -0.013077469542622566,
            0.005217883735895157,
            -0.030243081972002983
        ],
        [
            -0.01294919103384018,
            0.007773479446768761,
            -0.024791602045297623
        ],
        [
            -0.008927359245717525,
            0.005314664915204048,
            -0.025084316730499268
        ],
        [
            -0.01001022383570671,
            0.003003748133778572,
            -0.030257483944296837
        ],
        [
            0.09404993802309036,
            0.019508738070726395,
            0.03285994380712509
        ],
        [
            0.09444403648376465,
            0.00994052179157734,
            0.03602873533964157
        ],
        [
            0.10127115994691849,
            0.012482831254601479,
            0.036154840141534805
        ],
        [
            0.10141804814338684,
            0.020642336457967758,
            0.03148958832025528
        ],
        [
            0.08432001620531082,
            0.01796414703130722,
            0.034609876573085785
        ],
        [
            0.08488587290048599,
            0.0066932206973433495,
            0.03519922122359276
        ],
        [
            -0.022372949868440628,
            -0.0035200659185647964,
            -0.030643532052636147
        ],
        [
            -0.019076170399785042,
            -0.0006169937551021576,
            -0.03340492397546768
        ],
        [
            -0.016187544912099838,
            -0.004839755594730377,
            -0.03255504369735718
        ],
        [
            -0.01849820837378502,
            -0.008030618540942669,
            -0.028917450457811356
        ],
        [
            0.03359357640147209,
            -0.002160949632525444,
            -0.025748275220394135
        ],
        [
            0.037470269948244095,
            0.0017012804746627808,
            -0.019030090421438217
        ],
        [
            0.017696993425488472,
            -0.006474177353084087,
            -0.02494128793478012
        ],
        [
            0.02489311434328556,
            -0.0038725808262825012,
            -0.021582946181297302
        ],
        [
            0.026097504422068596,
            -0.00749645009636879,
            -0.027199789881706238
        ],
        [
            0.019852716475725174,
            -0.010339628905057907,
            -0.029169149696826935
        ],
        [
            0.03146321699023247,
            0.005407706834375858,
            -0.00091256492305547
        ],
        [
            0.042901549488306046,
            0.0074319904670119286,
            -0.0013027756940573454
        ],
        [
            0.040798336267471313,
            0.004432368092238903,
            -0.006814173888415098
        ],
        [
            0.02813059836626053,
            0.0023117857053875923,
            -0.008271490223705769
        ],
        [
            0.044921357184648514,
            0.016093334183096886,
            0.009691824205219746
        ],
        [
            0.03366250544786453,
            0.01289124134927988,
            0.00944796297699213
        ],
        [
            0.03631936386227608,
            0.018134912475943565,
            0.015679413452744484
        ],
        [
            0.04359285905957222,
            0.02040863037109375,
            0.014331979677081108
        ],
        [
            0.015203289687633514,
            0.005004579201340675,
            0.006158150732517242
        ],
        [
            0.01061298232525587,
            0.002835453487932682,
            0.005628146696835756
        ],
        [
            0.010318377986550331,
            0.005915665067732334,
            0.007711113430559635
        ],
        [
            0.016264500096440315,
            0.007151436060667038,
            0.008948705159127712
        ],
        [
            0.10824600607156754,
            0.01382287498563528,
            0.036351121962070465
        ],
        [
            0.10848194360733032,
            0.02094268798828125,
            0.029612306505441666
        ],
        [
            0.04375355690717697,
            0.0069039324298501015,
            0.04078920930624008
        ],
        [
            0.04884164035320282,
            0.01687365584075451,
            0.041605234146118164
        ],
        [
            0.03593684732913971,
            0.018040472641587257,
            0.04314689710736275
        ],
        [
            0.033341046422719955,
            0.006205040030181408,
            0.04261985421180725
        ],
        [
            0.09353282302618027,
            -3.227668639738113e-05,
            0.03327765688300133
        ],
        [
            0.1005367711186409,
            0.0024616066366434097,
            0.0357363224029541
        ],
        [
            -0.024599973112344742,
            -0.0043682511895895,
            -0.02482868917286396
        ],
        [
            -0.02006574533879757,
            -0.008399304002523422,
            -0.023090211674571037
        ],
        [
            0.07754403352737427,
            0.0027822423726320267,
            -0.04089479148387909
        ],
        [
            0.05678858608007431,
            0.010985306464135647,
            -0.044189393520355225
        ],
        [
            0.092258982360363,
            -0.0028002839535474777,
            -0.03344960883259773
        ],
        [
            0.10136650502681732,
            -0.006715163588523865,
            -0.02548224851489067
        ],
        [
            0.10990551859140396,
            -0.008509506471455097,
            -0.020586689934134483
        ],
        [
            0.02127770148217678,
            -0.0020481524989008904,
            -0.01645372062921524
        ],
        [
            0.04305383935570717,
            0.003911664709448814,
            -0.012216612696647644
        ],
        [
            0.05450647696852684,
            0.011683326214551926,
            -0.0005085949087515473
        ],
        [
            0.054027657955884933,
            0.0313408188521862,
            0.02323361672461033
        ],
        [
            0.06415928155183792,
            0.03341927379369736,
            0.02217687852680683
        ],
        [
            0.05992891639471054,
            0.02880208194255829,
            0.013450387865304947
        ],
        [
            0.05199682340025902,
            0.027368929237127304,
            0.016494588926434517
        ],
        [
            0.048332855105400085,
            0.026381008327007294,
            0.038079243153333664
        ],
        [
            0.045876212418079376,
            0.02957318350672722,
            0.0311677735298872
        ],
        [
            0.038126133382320404,
            0.028152653947472572,
            0.0318203866481781
        ],
        [
            0.03835652768611908,
            0.025646280497312546,
            0.03888761252164841
        ],
        [
            0.03605114296078682,
            0.004761562682688236,
            -0.03832109272480011
        ],
        [
            0.049528446048498154,
            -0.006332478020340204,
            -0.0385853573679924
        ],
        [
            0.09346189349889755,
            0.02765663154423237,
            0.02607874758541584
        ],
        [
            0.10074689239263535,
            0.026694443076848984,
            0.0233463142067194
        ],
        [
            0.10909416526556015,
            0.024843649938702583,
            0.022936411201953888
        ],
        [
            0.0760841891169548,
            0.020298847928643227,
            -0.002862401306629181
        ],
        [
            0.08970513939857483,
            0.02340688928961754,
            -0.004579487722367048
        ],
        [
            0.08917182683944702,
            0.0216603372246027,
            -0.008805543184280396
        ],
        [
            0.07625323534011841,
            0.017219949513673782,
            -0.00529926223680377
        ],
        [
            0.0687868595123291,
            0.013846997171640396,
            -0.013499155640602112
        ],
        [
            0.07895782589912415,
            0.020901644602417946,
            -0.017721788957715034
        ],
        [
            0.05894903838634491,
            0.01682184636592865,
            -0.014630069024860859
        ],
        [
            0.10245093703269958,
            0.018063927069306374,
            -0.008777644485235214
        ],
        [
            0.1107114776968956,
            0.021112073212862015,
            -0.0018399350810796022
        ],
        [
            0.11164798587560654,
            0.016065936535596848,
            -0.009136391803622246
        ],
        [
            0.11033391952514648,
            0.02459832653403282,
            0.007314404472708702
        ],
        [
            0.10970446467399597,
            0.026260104030370712,
            0.01603531464934349
        ],
        [
            0.10844499617815018,
            0.002163293771445751,
            0.03888066112995148
        ],
        [
            0.11160606145858765,
            0.010374827310442924,
            -0.01514606736600399
        ],
        [
            0.04515234753489494,
            0.02674288861453533,
            -0.02584022283554077
        ],
        [
            0.03709974139928818,
            0.027777578681707382,
            -0.028869468718767166
        ],
        [
            0.03508118912577629,
            0.022920433431863785,
            -0.023257147520780563
        ],
        [
            0.04243289679288864,
            0.021323399618268013,
            -0.01998327299952507
        ],
        [
            0.01683375984430313,
            -0.022837206721305847,
            -0.028301812708377838
        ],
        [
            0.018380850553512573,
            -0.015654396265745163,
            -0.030748926103115082
        ],
        [
            0.02666458487510681,
            -0.013250019401311874,
            -0.030415697023272514
        ],
        [
            0.0765981525182724,
            0.03025314211845398,
            0.007077495567500591
        ],
        [
            0.0799892321228981,
            0.033546317368745804,
            0.018839098513126373
        ],
        [
            0.014201026409864426,
            -0.004827138967812061,
            -0.019639387726783752
        ],
        [
            -0.015492260456085205,
            -0.0121380053460598,
            -0.027525778859853745
        ],
        [
            -0.012724192813038826,
            -0.008973725140094757,
            -0.031862061470746994
        ],
        [
            0.002999262185767293,
            -0.017773162573575974,
            -0.030349334701895714
        ],
        [
            -0.0005304547958076,
            -0.0214034765958786,
            -0.02550901100039482
        ],
        [
            0.006217604503035545,
            -0.007132799830287695,
            -0.01362965814769268
        ],
        [
            0.010515923611819744,
            -0.004828392993658781,
            -0.018745537847280502
        ],
        [
            0.008423912338912487,
            -0.004823384806513786,
            -0.017749758437275887
        ],
        [
            0.0042608343064785,
            -0.005052339285612106,
            -0.012569695711135864
        ],
        [
            0.015103774145245552,
            0.011045373976230621,
            0.013832980766892433
        ],
        [
            0.020118659362196922,
            0.012153895571827888,
            0.014723675325512886
        ],
        [
            0.014206304214894772,
            -0.024105478078126907,
            -0.0021107210777699947
        ],
        [
            0.016863759607076645,
            -0.0321909636259079,
            -0.012938307598233223
        ],
        [
            0.02960098534822464,
            -0.030116844922304153,
            -0.012819042429327965
        ],
        [
            0.03350745886564255,
            0.009407414123415947,
            0.0050634704530239105
        ],
        [
            0.023410063236951828,
            0.007907973602414131,
            0.006033650599420071
        ],
        [
            0.024297285825014114,
            0.010030294768512249,
            0.009436853229999542
        ],
        [
            0.017778199166059494,
            -0.0018371650949120522,
            -0.013265712186694145
        ],
        [
            0.011530425399541855,
            -0.004294648300856352,
            -0.01425149291753769
        ],
        [
            0.013215756043791771,
            -0.002946937456727028,
            -0.010211743414402008
        ],
        [
            0.01946524903178215,
            0.00018907804042100906,
            -0.00859740562736988
        ],
        [
            0.061997633427381516,
            0.016698084771633148,
            0.040295131504535675
        ],
        [
            0.06097763031721115,
            0.02784780040383339,
            0.03660484403371811
        ],
        [
            -0.015495005063712597,
            0.0023909546434879303,
            -0.03327810391783714
        ],
        [
            -0.012685082852840424,
            -0.0008367504924535751,
            -0.03298664838075638
        ],
        [
            0.04466916248202324,
            0.011351756751537323,
            0.004493484273552895
        ],
        [
            0.04403737932443619,
            -0.026043754070997238,
            -0.012888692319393158
        ],
        [
            0.0554218590259552,
            0.014933456666767597,
            0.0038336673751473427
        ],
        [
            0.018851375207304955,
            0.0018595252186059952,
            0.03103082813322544
        ],
        [
            0.01808711141347885,
            0.010273921303451061,
            0.028853002935647964
        ],
        [
            0.014549851417541504,
            0.01155595388263464,
            0.02659672684967518
        ],
        [
            0.012380151078104973,
            0.006338708568364382,
            0.028216639533638954
        ],
        [
            -0.008942736312747002,
            0.0006992733106017113,
            -0.013656802475452423
        ],
        [
            -0.007028767839074135,
            0.0036345748230814934,
            -0.018391888588666916
        ],
        [
            -0.009901046752929688,
            0.00579715333878994,
            -0.01892603375017643
        ],
        [
            -0.012751899659633636,
            0.003177450969815254,
            -0.01449466310441494
        ],
        [
            0.012715291231870651,
            -0.005884516052901745,
            -0.02414044737815857
        ],
        [
            0.013853293843567371,
            -0.009504305198788643,
            -0.029283227398991585
        ],
        [
            0.008848046883940697,
            -0.007243164349347353,
            -0.028616979718208313
        ],
        [
            0.00862748734652996,
            -0.005019610282033682,
            -0.022979678586125374
        ],
        [
            0.01194440945982933,
            -0.014997493475675583,
            -0.030989233404397964
        ],
        [
            0.006678977981209755,
            -0.0126419672742486,
            -0.03128735348582268
        ],
        [
            -0.012327383272349834,
            -0.004523373208940029,
            -0.012057914398610592
        ],
        [
            -0.015725238248705864,
            -0.010239548981189728,
            -0.01549731194972992
        ],
        [
            -0.0022772913798689842,
            -0.017839210107922554,
            -0.011955296620726585
        ],
        [
            -0.0009569474495947361,
            -0.010177656076848507,
            -0.010261351242661476
        ],
        [
            0.0693528950214386,
            -0.008716109208762646,
            0.025378607213497162
        ],
        [
            0.07100170105695724,
            -0.0005904528079554439,
            0.032850660383701324
        ],
        [
            0.055669352412223816,
            -0.00016559124924242496,
            0.03364615887403488
        ],
        [
            0.040297701954841614,
            -0.000298219732940197,
            0.035583291202783585
        ],
        [
            0.02608640305697918,
            -3.718119114637375e-05,
            0.03572508320212364
        ],
        [
            0.02347889170050621,
            -0.010476343333721161,
            0.029438864439725876
        ],
        [
            0.058357272297143936,
            0.006176351569592953,
            0.0382596030831337
        ],
        [
            0.00678542535752058,
            -0.012931103818118572,
            -0.0077968924306333065
        ],
        [
            0.00711108697578311,
            -0.022034280002117157,
            -0.009156079962849617
        ],
        [
            0.008011078462004662,
            -0.018383536487817764,
            -0.005034277215600014
        ],
        [
            0.055600665509700775,
            0.020444786176085472,
            0.00889558345079422
        ],
        [
            -0.009609327651560307,
            -0.004849226213991642,
            -0.03296831622719765
        ],
        [
            0.10021860152482986,
            -0.020403211936354637,
            -0.004270030185580254
        ],
        [
            0.0994960218667984,
            -0.018961254507303238,
            0.0095351068302989
        ],
        [
            0.09120982885360718,
            -0.019559519365429878,
            0.00656184833496809
        ],
        [
            0.09159030765295029,
            -0.020216846838593483,
            -0.009694420732557774
        ],
        [
            -0.006053340621292591,
            0.0033227670937776566,
            -0.025312500074505806
        ],
        [
            -0.006654343102127314,
            0.0003196392208337784,
            -0.030875645577907562
        ],
        [
            0.020372429862618446,
            0.01662248745560646,
            0.01925354078412056
        ],
        [
            0.015781749039888382,
            0.01477271132171154,
            0.01827390305697918
        ],
        [
            0.01558810193091631,
            0.015715686604380608,
            0.021710919216275215
        ],
        [
            0.018945079296827316,
            0.01944151148200035,
            0.022603478282690048
        ],
        [
            0.07319336384534836,
            0.004138857126235962,
            0.035883329808712006
        ],
        [
            0.028659481555223465,
            0.02276334911584854,
            0.04109665006399155
        ],
        [
            0.02593517303466797,
            0.010880719870328903,
            0.04146428406238556
        ],
        [
            0.0841619074344635,
            -0.0013306046603247523,
            0.03190946951508522
        ],
        [
            0.08291291445493698,
            -0.008905048482120037,
            0.025830496102571487
        ],
        [
            0.09264479577541351,
            -0.008778161369264126,
            0.026707248762249947
        ],
        [
            0.0155087411403656,
            -0.015055403113365173,
            0.017157044261693954
        ],
        [
            0.06608223915100098,
            -0.013985970057547092,
            0.019278772175312042
        ],
        [
            0.0806593969464302,
            -0.013270670548081398,
            0.01992672123014927
        ],
        [
            0.09218000620603561,
            -0.013317410834133625,
            0.020706843584775925
        ],
        [
            0.1003783643245697,
            -0.013553154654800892,
            0.022212829440832138
        ],
        [
            0.1000530943274498,
            -0.00840766727924347,
            0.028543386608362198
        ],
        [
            -0.01638089306652546,
            -0.012012516148388386,
            -0.02128855511546135
        ],
        [
            -0.020221928134560585,
            -0.006149625405669212,
            -0.016520045697689056
        ],
        [
            0.10848046839237213,
            -0.00915035791695118,
            0.031798914074897766
        ],
        [
            0.10850203037261963,
            -0.014382284134626389,
            0.024116279557347298
        ],
        [
            0.07887610793113708,
            -0.017754260450601578,
            0.012025033123791218
        ],
        [
            0.0767381340265274,
            -0.02181806042790413,
            0.0009975815191864967
        ],
        [
            0.0648370087146759,
            -0.01808919385075569,
            0.011592873372137547
        ],
        [
            0.061676278710365295,
            -0.022432180121541023,
            0.0011165570467710495
        ],
        [
            0.01642102748155594,
            -0.025036316365003586,
            0.011685000732541084
        ],
        [
            -0.030531957745552063,
            0.00996040366590023,
            -0.01812814176082611
        ],
        [
            -0.02286718599498272,
            0.00208369642496109,
            -0.014843612909317017
        ],
        [
            -0.018296239897608757,
            0.005699094384908676,
            -0.015145022422075272
        ],
        [
            -0.027217835187911987,
            0.012237953022122383,
            -0.01663454994559288
        ],
        [
            -0.016536034643650055,
            -0.0011610537767410278,
            -0.0132924048230052
        ],
        [
            -0.024896953254938126,
            -0.002034289762377739,
            -0.018270127475261688
        ],
        [
            0.05941872298717499,
            -0.023404821753501892,
            -0.014154361560940742
        ],
        [
            0.007997561246156693,
            -0.005282840691506863,
            -0.010637711733579636
        ],
        [
            0.07545585930347443,
            -0.02018345706164837,
            -0.018441682681441307
        ],
        [
            0.05118260905146599,
            -0.020809946581721306,
            -0.028521548956632614
        ],
        [
            0.0623822920024395,
            -0.015620633028447628,
            -0.03273722529411316
        ],
        [
            0.09176294505596161,
            -0.015330007299780846,
            -0.02429136075079441
        ],
        [
            0.07754450291395187,
            -0.010764306411147118,
            -0.03579506278038025
        ],
        [
