{
    "pred_cam": [
        7.6745710372924805,
        -0.04361991584300995,
        -0.024028116837143898
    ],
    "pred_mano_params": {
        "global_orient": [
            [
                [
                    0.9837518334388733,
                    0.09543025493621826,
                    0.15207043290138245
                ],
                [
                    0.13546472787857056,
                    -0.9504238367080688,
                    -0.2798997461795807
                ],
                [
                    0.11782044917345047,
                    0.29595205187797546,
                    -0.9479086399078369
                ]
            ]
        ],
        "hand_pose": [
            [
                [
                    0.6535645723342896,
                    -0.7400273680686951,
                    -0.15878534317016602
                ],
                [
                    0.7178961634635925,
                    0.6725680828094482,
                    -0.17965902388095856
                ],
                [
                    0.23974654078483582,
                    0.003427401650696993,
                    0.9708294868469238
                ]
            ],
            [
                [
                    0.8904682993888855,
                    -0.44128209352493286,
                    0.11106875538825989
                ],
                [
                    0.45201486349105835,
                    0.8296628594398499,
                    -0.32763099670410156
                ],
                [
                    0.05242806673049927,
                    0.3419497609138489,
                    0.9382545351982117
                ]
            ],
            [
                [
                    0.8914989233016968,
                    -0.4528864622116089,
                    -0.011116791516542435
                ],
                [
                    0.45049601793289185,
                    0.8836711049079895,
                    0.12719514966011047
                ],
                [
                    -0.04778137058019638,
                    -0.118402399122715,
                    0.9918153882026672
                ]
            ],
            [
                [
                    0.5343170762062073,
                    -0.8165438771247864,
                    -0.21854373812675476
                ],
                [
                    0.8385075330734253,
                    0.5446845293045044,
                    0.014962717890739441
                ],
                [
                    0.10681968927383423,
                    -0.19124539196491241,
                    0.9757124185562134
                ]
            ],
            [
                [
                    0.8585442900657654,
                    -0.4621244966983795,
                    -0.22213205695152283
                ],
                [
                    0.5003994107246399,
                    0.8496440649032593,
                    0.16644935309886932
                ],
                [
                    0.11181285977363586,
                    -0.2540588974952698,
                    0.9607039093971252
                ]
            ],
            [
                [
                    0.8350657224655151,
                    -0.5326619148254395,
                    0.13760964572429657
                ],
                [
                    0.534711480140686,
                    0.8446722030639648,
                    0.024747446179389954
                ],
                [
                    -0.1294170767068863,
                    0.05291571468114853,
                    0.9901772141456604
                ]
            ],
            [
                [
                    0.5348520874977112,
                    -0.8352488875389099,
                    0.1276421993970871
                ],
                [
                    0.550547182559967,
                    0.45909351110458374,
                    0.697230875492096
                ],
                [
                    -0.6409610509872437,
                    -0.3026423156261444,
                    0.7053910493850708
                ]
            ],
            [
                [
                    0.9629407525062561,
                    -0.2155645787715912,
                    -0.1621018946170807
                ],
                [
                    0.22313371300697327,
                    0.9743316769599915,
                    0.029815373942255974
                ],
                [
                    0.15151390433311462,
                    -0.0648808404803276,
                    0.9863234162330627
                ]
            ],
            [
                [
                    0.988103985786438,
                    -0.02572503872215748,
                    0.15162017941474915
                ],
                [
                    -0.03894999250769615,
                    0.9119017124176025,
                    0.4085562229156494
                ],
                [
                    -0.14877282083034515,
                    -0.4096016585826874,
                    0.9000517129898071
                ]
            ],
            [
                [
                    0.43533915281295776,
                    -0.9001989364624023,
                    -0.011031906120479107
                ],
                [
                    0.8873834013938904,
                    0.42701131105422974,
                    0.17381617426872253
                ],
                [
                    -0.15175838768482208,
                    -0.08545850217342377,
                    0.9847162961959839
                ]
            ],
            [
                [
                    0.969484269618988,
                    -0.2205481231212616,
                    -0.10704566538333893
                ],
                [
                    0.24444328248500824,
                    0.9028659462928772,
                    0.35366731882095337
                ],
                [
                    0.01864723302423954,
                    -0.3690415024757385,
                    0.9292258620262146
                ]
            ],
            [
                [
                    0.8677030205726624,
                    -0.422272652387619,
                    0.2622545063495636
                ],
                [
                    0.3599167764186859,
                    0.8976109623908997,
                    0.2544691860675812
                ],
                [
                    -0.34285786747932434,
                    -0.12641386687755585,
                    0.9308427572250366
                ]
            ],
            [
                [
                    0.9102823734283447,
                    -0.2836593687534332,
                    -0.30153506994247437
                ],
                [
                    -0.21782802045345306,
                    0.2912084758281708,
                    -0.9315302968025208
                ],
                [
                    0.3520468473434448,
                    0.9136383533477783,
                    0.20329298079013824
                ]
            ],
            [
                [
                    0.9471441507339478,
                    -0.3188740909099579,
                    0.035175662487745285
                ],
                [
                    0.2547977864742279,
                    0.8143433928489685,
                    0.5214623212814331
                ],
                [
                    -0.19492590427398682,
                    -0.48493731021881104,
                    0.8525490164756775
                ]
            ],
            [
                [
                    0.9974893927574158,
                    0.06949721276760101,
                    -0.013600839301943779
                ],
                [
                    -0.0707521140575409,
                    0.9861717224121094,
                    -0.14986485242843628
                ],
                [
                    0.0029975716024637222,
                    0.1504509001970291,
                    0.9886128902435303
                ]
            ]
        ],
        "betas": [
            -0.008646145462989807,
            -0.02276751399040222,
            0.005440950393676758,
            -0.018696755170822144,
            -0.015324532985687256,
            -0.061035819351673126,
            0.027115851640701294,
            -0.09017840027809143,
            -0.015078678727149963,
            -0.08638527989387512
        ]
    },
    "pred_cam_t": [
        -0.04361991584300995,
        -0.024028116837143898,
        5.089860916137695
    ],
    "focal_length": [
        5000.0,
        5000.0
    ],
    "pred_keypoints_3d": [
        [
            0.09574628621339798,
            0.006380167789757252,
            0.006192350760102272
        ],
        [
            0.07449446618556976,
            0.010705769062042236,
            -0.02572682686150074
        ],
        [
            0.047741297632455826,
            0.02433040179312229,
            -0.03264455497264862
        ],
        [
            0.023667586967349052,
            0.03661537170410156,
            -0.03487759083509445
        ],
        [
            -0.0077424184419214725,
            0.051650192588567734,
            -0.04342259466648102
        ],
        [
            0.011682353913784027,
            -0.0063928766176104546,
            -0.025324111804366112
        ],
        [
            -0.015499595552682877,
            0.011943659745156765,
            -0.029140714555978775
        ],
        [
            -0.022450769320130348,
            0.03300492838025093,
            -0.029839733615517616
        ],
        [
            -0.02105255052447319,
            0.05786624178290367,
            -0.028740637004375458
        ],
        [
            0.00189247727394104,
            -0.004125671461224556,
            -0.002198578789830208
        ],
        [
            -0.01861170120537281,
            0.02007039450109005,
            -0.0030133072286844254
        ],
        [
            -0.019247425720095634,
            0.04329708218574524,
            -0.004379282705485821
        ],
        [
            -0.012279557064175606,
            0.06646209210157394,
            -0.012336412444710732
        ],
        [
            0.010808989405632019,
            0.006523464806377888,
            0.020704613998532295
        ],
        [
            -0.005686614662408829,
            0.028719794005155563,
            0.012426772154867649
        ],
        [
            -0.008807260543107986,
            0.052862875163555145,
            0.007601593155413866
        ],
        [
            -0.008743280544877052,
            0.07380314916372299,
            -0.006125643849372864
        ],
        [
            0.020464137196540833,
            0.01863713562488556,
            0.036124520003795624
        ],
        [
            0.008475084789097309,
            0.033754367381334305,
            0.02751159481704235
        ],
        [
            0.001956440508365631,
            0.05007503181695938,
            0.020410463213920593
        ],
        [
            -0.0040226527489721775,
            0.06636261940002441,
            0.007883818820118904
        ]
    ],
    "pred_vertices": [
        [
            0.0480576790869236,
            0.010912617668509483,
            -0.018758244812488556
        ],
        [
            0.05927908048033714,
            0.013207191601395607,
            -0.016078542917966843
        ],
        [
            0.05260218679904938,
            0.01567930355668068,
            -0.019305486232042313
        ],
        [
            0.04307285696268082,
            0.01164906658232212,
            -0.024622179567813873
        ],
        [
            0.06927795708179474,
            0.029262786731123924,
            -0.018757397308945656
        ],
        [
            0.07602107524871826,
            0.03048599511384964,
            -0.02870752662420273
        ],
        [
            0.0602264478802681,
            0.034478284418582916,
            -0.03128546476364136
        ],
        [
            0.057313524186611176,
            0.033647794276475906,
            -0.02149187959730625
        ],
        [
            0.03819938004016876,
            0.011242946609854698,
            -0.027865368872880936
        ],
        [
            0.04617665335536003,
            0.01843724586069584,
            -0.021947087720036507
        ],
        [
            0.03668441250920296,
            0.009614589624106884,
            -0.028175240382552147
        ],
        [
            0.031180281192064285,
            -0.003673868253827095,
            -0.03376195952296257
        ],
        [
            0.03153572604060173,
            0.002657276578247547,
            -0.032265253365039825
        ],
        [
            0.02497263252735138,
            -0.00947993341833353,
            -0.0343192033469677
        ],
        [
            0.03785066679120064,
            -0.011470096185803413,
            -0.03295409679412842
        ],
        [
            0.02481529489159584,
            -0.017555687576532364,
            -0.029447246342897415
        ],
        [
            0.04455738887190819,
            -0.01950436644256115,
            -0.00722829345613718
        ],
        [
            0.04627100005745888,
            -0.01615804247558117,
            0.006001259200274944
        ],
        [
            0.028415866196155548,
            -0.017864787951111794,
            0.006129117216914892
        ],
        [
            0.02849491313099861,
            -0.020176099613308907,
            -0.007613602094352245
        ],
        [
            0.035874903202056885,
            -0.007870806381106377,
            0.02322937361896038
        ],
        [
            0.030904371291399002,
            -0.013440774753689766,
            0.013859249651432037
        ],
        [
            0.04879096522927284,
            -0.0130122359842062,
            0.014160639606416225
        ],
        [
            0.05237645283341408,
            -0.007864163257181644,
            0.022322461009025574
        ],
        [
            0.05433123558759689,
            0.013540332205593586,
            -0.00540577620267868
        ],
        [
            0.06507425755262375,
            0.015779493376612663,
            -0.004257096443325281
        ],
        [
            0.06377646327018738,
            0.013127113692462444,
            -0.009321372024714947
        ],
        [
            0.05312322452664375,
            0.011882763355970383,
            -0.010529989376664162
        ],
        [
            0.03648410737514496,
            0.015388253144919872,
            -0.033731818199157715
        ],
        [
            0.045316390693187714,
            0.00309367454610765,
            -0.03734751045703888
        ],
        [
            0.03941025957465172,
            0.00398422684520483,
            -0.032824501395225525
        ],
        [
            0.03518396615982056,
            0.018271148204803467,
            -0.029081396758556366
        ],
        [
            0.0889059454202652,
            0.029702993109822273,
            0.005283088888972998
        ],
        [
            0.1015448346734047,
            0.02481304109096527,
            0.006281531881541014
        ],
        [
            0.10181612521409988,
            0.022484038025140762,
            0.0007628714665770531
        ],
        [
            0.0902799665927887,
            0.026912329718470573,
            0.0009838957339525223
        ],
        [
            0.09536474943161011,
            0.022419055923819542,
            -0.020642288029193878
        ],
        [
            0.1035793349146843,
            0.016585823148489,
            -0.016566641628742218
        ],
        [
            0.10959068685770035,
            0.0066570695489645,
            -0.02236087992787361
        ],
        [
            0.10031511634588242,
            0.010022919625043869,
            -0.028016600757837296
        ],
        [
            0.08580993860960007,
            0.02687552571296692,
            -0.025296680629253387
        ],
        [
            0.09032609313726425,
            0.018276043236255646,
            -0.033925771713256836
        ],
        [
            0.07833514362573624,
            0.02436182089149952,
            -0.03765483945608139
        ],
        [
            0.060790177434682846,
            0.030270863324403763,
            -0.03933239355683327
        ],
        [
            0.10124482959508896,
            0.02669411152601242,
            0.018974166363477707
        ],
        [
            0.09201417863368988,
            0.031119124963879585,
            0.020004242658615112
        ],
        [
            -0.0082252724096179,
            0.021289169788360596,
            -0.03438820317387581
        ],
        [
            -0.008332891389727592,
            0.023079805076122284,
            -0.028662504628300667
        ],
        [
            -0.0045692468993365765,
            0.019883669912815094,
            -0.028953567147254944
        ],
        [
            -0.005455607548356056,
            0.01845448836684227,
            -0.03445581719279289
        ],
        [
            0.09400102496147156,
            0.015714559704065323,
            0.03443227335810661
        ],
        [
            0.09361974895000458,
            0.005787691567093134,
            0.03620544821023941
        ],
        [
            0.10060011595487595,
            0.007787394803017378,
            0.03687470778822899
        ],
        [
            0.10147968679666519,
            0.016496028751134872,
            0.03342930227518082
        ],
        [
            0.08412475883960724,
            0.014647576957941055,
            0.035689979791641235
        ],
        [
            0.0838947743177414,
            0.003393861697986722,
            0.03466901183128357
        ],
        [
            -0.018559958785772324,
            0.0142184067517519,
            -0.036869246512651443
        ],
        [
            -0.014598743990063667,
            0.016891220584511757,
            -0.03887324407696724
        ],
        [
            -0.012432818301022053,
            0.012105788104236126,
            -0.038373030722141266
        ],
        [
            -0.015555165708065033,
            0.008930332958698273,
            -0.035449299961328506
        ],
        [
            0.034333039075136185,
            0.007170458324253559,
            -0.028386378660798073
        ],
        [
            0.0382239893078804,
            0.009672301821410656,
            -0.0210404209792614
        ],
        [
            0.01875118911266327,
            0.0036379043012857437,
            -0.0283034797757864
        ],
        [
            0.025480199605226517,
            0.005353471729904413,
            -0.024618621915578842
        ],
        [
            0.02667679265141487,
            0.002479002345353365,
            -0.03062361292541027
        ],
        [
            0.02072283625602722,
            0.000409664586186409,
            -0.03301960229873657
        ],
        [
            0.031844913959503174,
            0.011140954680740833,
            -0.002695214468985796
        ],
        [
            0.04341411590576172,
            0.01235389057546854,
            -0.002488964470103383
        ],
        [
            0.04130870848894119,
            0.010339947417378426,
            -0.008435824885964394
        ],
        [
            0.028595183044672012,
            0.009375331923365593,
            -0.010507365688681602
        ],
        [
            0.04560051113367081,
            0.01918700523674488,
            0.009707264602184296
        ],
        [
            0.03414234146475792,
            0.016898948699235916,
            0.008702871389687061
        ],
        [
            0.03690432012081146,
            0.02098667249083519,
            0.01571681536734104
        ],
        [
            0.04438968747854233,
            0.022884715348482132,
            0.014895044267177582
        ],
        [
            0.015241148881614208,
            0.011150551959872246,
            0.003899208502843976
        ],
        [
            0.01007686648517847,
            0.009604688733816147,
            0.003080368973314762
        ],
        [
            0.010092506185173988,
            0.011913474649190903,
            0.005459928885102272
        ],
        [
            0.016351012513041496,
            0.012636072933673859,
            0.00700050313025713
        ],
        [
            0.10764121264219284,
            0.008575856685638428,
            0.037448570132255554
        ],
        [
            0.10861509293317795,
            0.016544776037335396,
            0.03180566057562828
        ],
        [
            0.04267311096191406,
            0.005775888450443745,
            0.039130039513111115
        ],
        [
            0.04837014898657799,
            0.01514237280935049,
            0.041587285697460175
        ],
        [
            0.035366714000701904,
            0.01694478467106819,
            0.04300833120942116
        ],
        [
            0.03214111924171448,
            0.005544982384890318,
            0.04057855159044266
        ],
        [
            0.09212683886289597,
            -0.003606993705034256,
            0.03202447295188904
        ],
        [
            0.09919362515211105,
            -0.0019983388483524323,
            0.03500255197286606
        ],
        [
            -0.021510157734155655,
            0.013025940395891666,
            -0.031464286148548126
        ],
        [
            -0.01772231236100197,
            0.00811968557536602,
            -0.029904382303357124
        ],
        [
            0.07970637828111649,
            0.010827052406966686,
            -0.041358038783073425
        ],
        [
            0.06015276908874512,
            0.021448414772748947,
            -0.04435863345861435
        ],
        [
            0.09342361241579056,
            0.0030158236622810364,
            -0.03433671221137047
        ],
        [
            0.10178546607494354,
            -0.0026303366757929325,
            -0.026806645095348358
        ],
        [
            0.10991965234279633,
            -0.005668537691235542,
            -0.02202005498111248
        ],
        [
            0.021811163052916527,
            0.006617329549044371,
            -0.01932365819811821
        ],
        [
            0.04369909316301346,
            0.01044874731451273,
            -0.013813793659210205
        ],
        [
            0.05524617061018944,
            0.015583396889269352,
            -0.0007836646400392056
        ],
        [
            0.05522029846906662,
            0.03165484964847565,
            0.025565147399902344
        ],
        [
            0.06552033871412277,
            0.0331234410405159,
            0.025074737146496773
        ],
        [
            0.06131023168563843,
            0.030106449499726295,
            0.01565190777182579
        ],
        [
            0.05317314714193344,
            0.028836090117692947,
            0.018260708078742027
        ],
        [
            0.04861811548471451,
            0.02504720166325569,
            0.03945624455809593
        ],
        [
            0.046625394374132156,
            0.02936686761677265,
            0.03299156576395035
        ],
        [
            0.038652583956718445,
            0.02840566821396351,
            0.033330630511045456
        ],
        [
            0.03843523561954498,
            0.024897832423448563,
            0.0399874784052372
        ],
        [
            0.03854226693511009,
            0.016602300107479095,
            -0.04066617041826248
        ],
        [
            0.05085566267371178,
            0.004219002556055784,
            -0.041697561740875244
        ],
        [
            0.09422837197780609,
            0.024765964597463608,
            0.028869345784187317
        ],
        [
            0.10153024643659592,
            0.02367047406733036,
            0.02621825784444809
        ],
        [
            0.10974081605672836,
            0.02129242569208145,
            0.025774303823709488
        ],
        [
            0.07737385481595993,
            0.0227805245667696,
            -0.001266170060262084
        ],
        [
            0.09128087013959885,
            0.025079352781176567,
            -0.002141116186976433
        ],
        [
            0.09075769782066345,
            0.02390081062912941,
            -0.006531398743391037
        ],
        [
            0.077334925532341,
            0.02001466229557991,
            -0.0040812320075929165
        ],
        [
            0.06990504264831543,
            0.018557246774435043,
            -0.012975276447832584
        ],
        [
            0.08091375976800919,
            0.02511630579829216,
            -0.01567964069545269
        ],
        [
            0.06061219424009323,
            0.022777358070015907,
            -0.01420180406421423
        ],
        [
            0.10382179170846939,
            0.019458020105957985,
            -0.0067319851368665695
        ],
        [
            0.11200793832540512,
            0.02095703035593033,
            0.0007579876109957695
        ],
        [
            0.11287356913089752,
            0.01691432297229767,
            -0.0071550533175468445
        ],
        [
            0.11153212934732437,
            0.023149961605668068,
            0.010309307835996151
        ],
        [
            0.1107010766863823,
            0.023616932332515717,
            0.019164804369211197
        ],
        [
            0.10694683343172073,
            -0.0033162315376102924,
            0.0382847934961319
        ],
        [
            0.11267323046922684,
            0.012130134738981724,
            -0.013915668241679668
        ],
        [
            0.04875124245882034,
            0.03565468639135361,
            -0.024602100253105164
        ],
        [
            0.04105811193585396,
            0.037936095148324966,
            -0.027963407337665558
        ],
        [
            0.03817369043827057,
            0.03260967135429382,
            -0.023256609216332436
        ],
        [
            0.04507431387901306,
            0.029808683320879936,
            -0.01978137344121933
        ],
        [
            0.016544226557016373,
            -0.011324230581521988,
            -0.03440340980887413
        ],
        [
            0.018953870981931686,
            -0.004233888350427151,
            -0.0355445072054863
        ],
        [
            0.026927214115858078,
            -0.0026302733458578587,
            -0.03473181277513504
        ],
        [
            0.07828495651483536,
            0.031246352940797806,
            0.009988632053136826
        ],
        [
            0.08145918697118759,
            0.032580893486738205,
            0.022199127823114395
        ],
        [
            0.015227071940898895,
            0.004829061217606068,
            -0.022968178614974022
        ],
        [
            -0.01336515974253416,
            0.004149353131651878,
            -0.03436598181724548
        ],
        [
            -0.009691129438579082,
            0.00731059443205595,
            -0.037947412580251694
        ],
        [
            0.00455488683655858,
            -0.0043697720393538475,
            -0.03650461882352829
        ],
        [
            -5.2576418966054916e-05,
            -0.007946320809423923,
            -0.032530974596738815
        ],
        [
            0.00697640236467123,
            0.002914716489613056,
            -0.017938874661922455
        ],
        [
            0.01218118704855442,
            0.005308342166244984,
            -0.022363780066370964
        ],
        [
            0.010298732668161392,
            0.005648779217153788,
            -0.021616676822304726
        ],
        [
            0.0055756159126758575,
            0.005489078350365162,
            -0.016895176842808723
        ],
        [
            0.014977861195802689,
            0.01586817391216755,
            0.012340500950813293
        ],
        [
            0.020309928804636,
            0.01651374250650406,
            0.013576945289969444
        ],
        [
            0.012639356777071953,
            -0.016510892659425735,
            -0.008588021621108055
        ],
        [
            0.014633583836257458,
            -0.023047035560011864,
            -0.02049160562455654
        ],
        [
            0.027770476415753365,
            -0.02210497483611107,
            -0.01979992166161537
        ],
        [
            0.03392418101429939,
            0.01409571897238493,
            0.0038495438639074564
        ],
        [
            0.02369295060634613,
            0.013255086727440357,
            0.0043393694795668125
        ],
        [
            0.02458418719470501,
            0.014783545397222042,
            0.008050188422203064
        ],
        [
            0.01820429041981697,
            0.006686444394290447,
            -0.016246439889073372
        ],
        [
            0.012094732373952866,
            0.004895965568721294,
            -0.01771390251815319
        ],
        [
            0.013440017588436604,
            0.005674945190548897,
            -0.013509348966181278
        ],
        [
            0.01981833204627037,
            0.007999665103852749,
            -0.01134998258203268
        ],
        [
            0.06155852600932121,
            0.014215834438800812,
            0.040558427572250366
        ],
        [
            0.06142965704202652,
            0.025815919041633606,
            0.038482099771499634
        ],
        [
            -0.010667682625353336,
            0.019265633076429367,
            -0.0379902608692646
        ],
        [
            -0.008364921435713768,
            0.015468433499336243,
            -0.0379057377576828
        ],
        [
            0.045222245156764984,
            0.015268927440047264,
            0.003864241298288107
        ],
        [
            0.042582906782627106,
            -0.019046055153012276,
            -0.01888042315840721
        ],
        [
            0.0562264621257782,
            0.018103117123246193,
            0.004014652222394943
        ],
        [
            0.01785188913345337,
            0.003943447954952717,
            0.028172118589282036
        ],
        [
            0.017679691314697266,
            0.01250509824603796,
            0.027264218777418137
        ],
        [
            0.013934466056525707,
            0.014480209909379482,
            0.02496371604502201
        ],
        [
            0.011435197666287422,
            0.009168129414319992,
            0.02578086033463478
        ],
        [
            -0.006398141849786043,
            0.01378537155687809,
            -0.018334655091166496
        ],
        [
            -0.0034983945079147816,
            0.01691184937953949,
            -0.022421618923544884
        ],
        [
            -0.006103024818003178,
            0.01976737380027771,
            -0.022905945777893066
        ],
        [
            -0.009767736308276653,
            0.017116472125053406,
            -0.019171331077814102
        ],
        [
            0.014802185818552971,
            0.004747034981846809,
            -0.02767765522003174
        ],
        [
            0.015763454139232635,
            0.0018965138588100672,
            -0.03324795514345169
        ],
        [
            0.011677544564008713,
            0.0047486876137554646,
            -0.03268035128712654
        ],
        [
            0.011130377650260925,
            0.0061764465644955635,
            -0.02677299454808235
        ],
        [
            0.013567488640546799,
            -0.002873015822842717,
            -0.03600235655903816
        ],
        [
            0.00906790979206562,
            0.0001801478210836649,
            -0.036353472620248795
        ],
        [
            -0.010743516497313976,
            0.009063986130058765,
            -0.01780758798122406
        ],
        [
            -0.01459598634392023,
            0.004480778239667416,
            -0.02229328081011772
        ],
        [
            -0.00279068062081933,
            -0.005902431905269623,
            -0.018747534602880478
        ],
        [
            -0.0006134347058832645,
            0.0012060116278007627,
            -0.01581120304763317
        ],
        [
            0.06771481782197952,
            -0.009300118312239647,
            0.022289246320724487
        ],
        [
            0.06963828951120377,
            -0.002456176560372114,
            0.030915003269910812
        ],
        [
            0.0543602891266346,
            -0.001029562670737505,
            0.03134334087371826
        ],
        [
            0.0389774814248085,
            -0.0003292011097073555,
            0.03283156827092171
        ],
        [
            0.02483772113919258,
            0.0009087193757295609,
            0.03265760838985443
        ],
        [
            0.021886324509978294,
            -0.008256221190094948,
            0.024809643626213074
        ],
        [
            0.057294897735118866,
            0.004377942066639662,
            0.03691218048334122
        ],
        [
            0.006116887554526329,
            -0.004214405082166195,
            -0.012738929130136967
        ],
        [
            0.005848565138876438,
            -0.012355486862361431,
            -0.015703687444329262
        ],
        [
            0.00707648042589426,
            -0.010287544690072536,
            -0.010676991194486618
        ],
        [
            0.05659295618534088,
            0.02281385473906994,
            0.009823748841881752
        ],
        [
            -0.005849643610417843,
            0.010926988907158375,
            -0.038196004927158356
        ],
        [
            0.09879623353481293,
            -0.01894969306886196,
            -0.007870126515626907
        ],
        [
            0.09765361249446869,
            -0.019419226795434952,
            0.005970434285700321
        ],
        [
            0.08946128189563751,
            -0.018986523151397705,
            0.002723970450460911
        ],
        [
            0.09041359275579453,
            -0.017376799136400223,
            -0.013445737771689892
        ],
        [
            -0.0018109874799847603,
            0.01729097217321396,
            -0.029184691607952118
        ],
        [
            -0.0023225308395922184,
            0.01519542746245861,
            -0.03515090420842171
        ],
        [
            0.020643802359700203,
            0.020252997055649757,
            0.01874687522649765
        ],
        [
            0.01568717136979103,
            0.018912240862846375,
            0.017273303121328354
        ],
        [
            0.015210452489554882,
            0.019295163452625275,
            0.020675398409366608
        ],
        [
            0.01915764808654785,
            0.022640904411673546,
            0.022432362660765648
        ],
        [
            0.07203488051891327,
            0.001624871976673603,
            0.034662384539842606
        ],
        [
            0.028176579624414444,
            0.022390862926840782,
            0.04140125960111618
        ],
        [
            0.024969955906271935,
            0.01076432503759861,
            0.039921876043081284
        ],
        [
            0.08274296671152115,
            -0.00401394534856081,
            0.030232831835746765
        ],
        [
            0.08120489120483398,
            -0.010548639111220837,
            0.023085612803697586
        ],
        [
            0.09088796377182007,
            -0.011253461241722107,
            0.024233335629105568
        ],
        [
            0.014046705327928066,
            -0.010624243877828121,
            0.011833139695227146
        ],
        [
            0.06431589275598526,
            -0.01341993734240532,
            0.015412570908665657
        ],
        [
            0.078876793384552,
            -0.013872303999960423,
            0.01655532605946064
        ],
        [
            0.09033400565385818,
            -0.0148715078830719,
            0.017627330496907234
        ],
        [
            0.0984402596950531,
            -0.015898771584033966,
            0.019305797293782234
        ],
        [
            0.09823554754257202,
            -0.01168117020279169,
            0.026303818449378014
        ],
        [
            -0.014881011098623276,
            0.003621372627094388,
            -0.02828267216682434
        ],
        [
            -0.01824377290904522,
            0.009479034692049026,
            -0.023147430270910263
        ],
        [
            0.10647089034318924,
            -0.013494759798049927,
            0.029654277488589287
        ],
        [
            0.10641933977603912,
            -0.01757880672812462,
            0.02129688300192356
        ],
        [
            0.07708556950092316,
            -0.017063641920685768,
            0.008053216151893139
        ],
        [
            0.07506527751684189,
            -0.01935003697872162,
            -0.0035266224294900894
        ],
        [
            0.06307657063007355,
            -0.01628720387816429,
            0.007183888927102089
        ],
        [
            0.05999458208680153,
            -0.018848277628421783,
            -0.0039144838228821754
        ],
        [
            0.014734930358827114,
            -0.019520090892910957,
            0.004888853058218956
        ],
        [
            -0.02620856836438179,
            0.027043761685490608,
            -0.02339661493897438
        ],
        [
            -0.019984837621450424,
            0.017768267542123795,
            -0.020602790638804436
        ],
        [
            -0.014957189559936523,
            0.020644042640924454,
            -0.019954077899456024
        ],
        [
            -0.022755006328225136,
            0.02853734791278839,
            -0.021304074674844742
        ],
        [
            -0.014266252517700195,
            0.013326963409781456,
            -0.01894311048090458
        ],
        [
            -0.022186417132616043,
            0.014489376917481422,
            -0.024737272411584854
        ],
        [
            0.058199454098939896,
            -0.017412755638360977,
            -0.019293632358312607
        ],
        [
            0.007974864915013313,
            0.003894280642271042,
            -0.014338944107294083
        ],
        [
            0.07463404536247253,
            -0.014858216047286987,
            -0.022587860003113747
        ],
        [
            0.05074219033122063,
            -0.011953555047512054,
            -0.03355524688959122
        ],
        [
            0.06256706267595291,
            -0.007128608413040638,
            -0.036601871252059937
        ],
        [
            0.09157516807317734,
            -0.010542057454586029,
            -0.027164218947291374
        ],
        [
            0.07830397039651871,
            -0.0032282941974699497,
            -0.03834224492311478
        ],
        [
            0.10791213810443878,
            -0.014729333110153675,
