{
    "pred_cam": [
        7.800077438354492,
        -0.04507078230381012,
        -0.025704603642225266
    ],
    "pred_mano_params": {
        "global_orient": [
            [
                [
                    0.9850965738296509,
                    0.07216683775186539,
                    0.15613077580928802
                ],
                [
                    0.11267180740833282,
                    -0.9566018581390381,
                    -0.2687339186668396
                ],
                [
                    0.1299613118171692,
                    0.28232038021087646,
                    -0.9504764080047607
                ]
            ]
        ],
        "hand_pose": [
            [
                [
                    0.6281300187110901,
                    -0.758873701095581,
                    -0.17193984985351562
                ],
                [
                    0.735313355922699,
                    0.6511828303337097,
                    -0.18781678378582
                ],
                [
                    0.2544935345649719,
                    -0.008456307463347912,
                    0.9670374393463135
                ]
            ],
            [
                [
                    0.9071584939956665,
                    -0.40766626596450806,
                    0.10426788777112961
                ],
                [
                    0.4186725914478302,
                    0.8496237397193909,
                    -0.32070666551589966
                ],
                [
                    0.04215279966592789,
                    0.3345858156681061,
                    0.9414221048355103
                ]
            ],
            [
                [
                    0.8934692144393921,
                    -0.4488748013973236,
                    -0.014972055330872536
                ],
                [
                    0.44768208265304565,
                    0.8874355554580688,
                    0.10972188413143158
                ],
                [
                    -0.03596464917063713,
                    -0.1047358512878418,
                    0.9938495755195618
                ]
            ],
            [
                [
                    0.4864412844181061,
                    -0.8473462462425232,
                    -0.21302393078804016
                ],
                [
                    0.8695545792579651,
                    0.4932762086391449,
                    0.02352536842226982
                ],
                [
                    0.085145503282547,
                    -0.19667963683605194,
                    0.9767637252807617
                ]
            ],
            [
                [
                    0.8948456645011902,
                    -0.3925290107727051,
                    -0.21253743767738342
                ],
                [
                    0.4304024577140808,
                    0.8849748969078064,
                    0.17768828570842743
                ],
                [
                    0.11834248900413513,
                    -0.2504802346229553,
                    0.9608613848686218
                ]
            ],
            [
                [
                    0.8524845838546753,
                    -0.5056676268577576,
                    0.13255281746387482
                ],
                [
                    0.5073232054710388,
                    0.8614354729652405,
                    0.02349856123328209
                ],
                [
                    -0.1260681450366974,
                    0.04721495136618614,
                    0.9908974170684814
                ]
            ],
            [
                [
                    0.5320414900779724,
                    -0.8314533829689026,
                    0.16005349159240723
                ],
                [
                    0.5467069745063782,
                    0.4816778302192688,
                    0.6849072575569153
                ],
                [
                    -0.6465626358985901,
                    -0.27689677476882935,
                    0.7108339667320251
                ]
            ],
            [
                [
                    0.9632229804992676,
                    -0.206450417637825,
                    -0.17198722064495087
                ],
                [
                    0.22119858860969543,
                    0.9726172685623169,
                    0.0713212788105011
                ],
                [
                    0.15255345404148102,
                    -0.10674163699150085,
                    0.9825138449668884
                ]
            ],
            [
                [
                    0.9779528379440308,
                    -0.10537706315517426,
                    0.18028809130191803
                ],
                [
                    0.025983240455389023,
                    0.918036937713623,
                    0.3956426978111267
                ],
                [
                    -0.20720277726650238,
                    -0.38223546743392944,
                    0.9005348682403564
                ]
            ],
            [
                [
                    0.428715318441391,
                    -0.903435468673706,
                    0.0027629269752651453
                ],
                [
                    0.8894484639167786,
                    0.4226101040840149,
                    0.17401768267154694
                ],
                [
                    -0.1583813726902008,
                    -0.07214654982089996,
                    0.9847387075424194
                ]
            ],
            [
                [
                    0.973099946975708,
                    -0.20587876439094543,
                    -0.10339400172233582
                ],
                [
                    0.22930988669395447,
                    0.908815860748291,
                    0.3485264778137207
                ],
                [
                    0.022211898118257523,
                    -0.36286041140556335,
                    0.9315786957740784
                ]
            ],
            [
                [
                    0.8643379211425781,
                    -0.42782241106033325,
                    0.26436325907707214
                ],
                [
                    0.35962143540382385,
                    0.8932499289512634,
                    0.2697722613811493
                ],
                [
                    -0.35155707597732544,
                    -0.13810370862483978,
                    0.9259238839149475
                ]
            ],
            [
                [
                    0.910545825958252,
                    -0.2882804274559021,
                    -0.29631170630455017
                ],
                [
                    -0.2109951376914978,
                    0.2923069894313812,
                    -0.9327581524848938
                ],
                [
                    0.35550984740257263,
                    0.9118394255638123,
                    0.2053331434726715
                ]
            ],
            [
                [
                    0.9455109238624573,
                    -0.32448843121528625,
                    0.026760784909129143
                ],
                [
                    0.26492488384246826,
                    0.8145162463188171,
                    0.5161182880401611
                ],
                [
                    -0.18927153944969177,
                    -0.4809059798717499,
                    0.8560990691184998
                ]
            ],
            [
                [
                    0.9971550107002258,
                    0.07324837893247604,
                    -0.01779192127287388
                ],
                [
                    -0.07510772347450256,
                    0.9854815006256104,
                    -0.1522660255432129
                ],
                [
                    0.006380368489772081,
                    0.15316914021968842,
                    0.9881793260574341
                ]
            ]
        ],
        "betas": [
            -0.02746647596359253,
            -0.025918126106262207,
            -0.0046828389167785645,
            -0.008422106504440308,
            -0.025099337100982666,
            -0.06394795328378677,
            0.02163231372833252,
            -0.07500451803207397,
            -0.013173550367355347,
            -0.08166691660881042
        ]
    },
    "pred_cam_t": [
        -0.04507078230381012,
        -0.025704603642225266,
        5.007963180541992
    ],
    "focal_length": [
        5000.0,
        5000.0
    ],
    "pred_keypoints_3d": [
        [
            0.0958309918642044,
            0.0063882432878017426,
            0.006196457426995039
        ],
        [
            0.07499314844608307,
            0.011661715805530548,
            -0.025901634246110916
        ],
        [
            0.04867791756987572,
            0.026151226833462715,
            -0.03291960805654526
        ],
        [
            0.024984491989016533,
            0.03924843668937683,
            -0.03491656482219696
        ],
        [
            -0.0060530188493430614,
            0.05537647753953934,
            -0.043041154742240906
        ],
        [
            0.011774025857448578,
            -0.004129024222493172,
            -0.02639494463801384
        ],
        [
            -0.014408992603421211,
            0.015728507190942764,
            -0.02979891002178192
        ],
        [
            -0.021035313606262207,
            0.0369257777929306,
            -0.030228912830352783
        ],
        [
            -0.019410373643040657,
            0.06182358041405678,
            -0.028641682118177414
        ],
        [
            0.001788221299648285,
            -0.001991500146687031,
            -0.0033198543824255466
        ],
        [
            -0.016790471971035004,
            0.02371908724308014,
            -0.004740260541439056
        ],
        [
            -0.01740267127752304,
            0.04698599874973297,
            -0.005763247609138489
        ],
        [
            -0.011037062853574753,
            0.07064425200223923,
            -0.012996692210435867
        ],
        [
            0.010701879858970642,
            0.008128463290631771,
            0.01985524222254753
        ],
        [
            -0.005101457238197327,
            0.03084489330649376,
            0.011531170457601547
        ],
        [
            -0.00799992773681879,
            0.05511822551488876,
            0.0070976135320961475
        ],
        [
            -0.007424059323966503,
            0.0762224793434143,
            -0.006400316953659058
        ],
        [
            0.020456582307815552,
            0.01980120874941349,
            0.03557335212826729
        ],
        [
            0.008540773764252663,
            0.03505700081586838,
            0.027046479284763336
        ],
        [
            0.002434526104480028,
            0.05164499580860138,
            0.0201374851167202
        ],
        [
            -0.0018486985936760902,
            0.06741350889205933,
            0.007223349064588547
        ]
    ],
    "pred_vertices": [
        [
            0.04845794290304184,
            0.01235146727412939,
            -0.019179875031113625
        ],
        [
            0.05971060320734978,
            0.0143975131213665,
            -0.016351651400327682
        ],
        [
            0.05315881967544556,
            0.017116602510213852,
            -0.019630886614322662
        ],
        [
            0.04355777055025101,
            0.013313893228769302,
            -0.025096029043197632
        ],
        [
            0.07025778293609619,
            0.030277928337454796,
            -0.018765639513731003
        ],
        [
            0.07712692767381668,
            0.031449805945158005,
            -0.028666537255048752
        ],
        [
            0.06146816164255142,
            0.03592195361852646,
            -0.03135531768202782
        ],
        [
            0.05847962200641632,
            0.03503943979740143,
            -0.021559834480285645
        ],
        [
            0.03873784840106964,
            0.013109266757965088,
            -0.02839372307062149
        ],
        [
            0.04686814546585083,
            0.020094389095902443,
            -0.022304311394691467
        ],
        [
            0.03723152354359627,
            0.011576496064662933,
            -0.028721250593662262
        ],
        [
            0.031417228281497955,
            -0.0016208067536354065,
            -0.03458840399980545
        ],
        [
            0.03190029412508011,
            0.004664169624447823,
            -0.03299158439040184
        ],
        [
            0.02505909651517868,
            -0.007340246811509132,
            -0.03530433401465416
        ],
        [
            0.03789461404085159,
            -0.009595153853297234,
            -0.03382497280836105
        ],
        [
            0.024615701287984848,
            -0.015523221343755722,
            -0.03056425042450428
        ],
        [
            0.04415649175643921,
            -0.01824226789176464,
            -0.008143761195242405
        ],
        [
            0.045815739780664444,
            -0.015126023441553116,
            0.005166404880583286
        ],
        [
            0.02783198468387127,
            -0.01649920456111431,
            0.005121856927871704
        ],
        [
            0.028010990470647812,
            -0.018602732568979263,
            -0.008678571321070194
        ],
        [
            0.035422176122665405,
            -0.006863099988549948,
            0.022432558238506317
        ],
        [
            0.030390432104468346,
            -0.012205108068883419,
            0.012934121303260326
        ],
        [
            0.048330217599868774,
            -0.012147411704063416,
            0.013405723497271538
        ],
        [
            0.05195450037717819,
            -0.007195350714027882,
            0.021685298532247543
        ],
        [
            0.05466577038168907,
            0.01461267750710249,
            -0.005708317272365093
        ],
        [
            0.06544312834739685,
            0.016610002145171165,
            -0.004412786103785038
        ],
        [
            0.06412811577320099,
            0.014077998697757721,
            -0.009538250043988228
        ],
        [
            0.053467120975255966,
            0.013069819658994675,
            -0.010877049528062344
        ],
        [
            0.03718426451086998,
            0.01757337711751461,
            -0.034152716398239136
        ],
        [
            0.04574710875749588,
            0.004983394406735897,
            -0.037927743047475815
        ],
        [
            0.039832934737205505,
            0.005949271842837334,
            -0.0334346704185009
        ],
        [
            0.03596438467502594,
            0.02041516825556755,
            -0.029462438076734543
        ],
        [
            0.0894976258277893,
            0.029877284541726112,
            0.005586680024862289
        ],
        [
            0.10203681886196136,
            0.024703990668058395,
            0.006635099183768034
        ],
        [
            0.10231363028287888,
            0.022452224045991898,
            0.001076728105545044
        ],
        [
            0.09085597842931747,
            0.027118081226944923,
            0.001255218405276537
        ],
        [
            0.0960957407951355,
            0.022813890129327774,
            -0.02043425850570202
        ],
        [
            0.10412973165512085,
            0.016761478036642075,
            -0.01634868234395981
        ],
        [
            0.10999133437871933,
            0.006792961619794369,
            -0.022248588502407074
        ],
        [
            0.10084827244281769,
            0.01042548194527626,
            -0.02795776166021824
        ],
        [
            0.08674365282058716,
            0.027554478496313095,
            -0.025156786665320396
        ],
        [
            0.09113255143165588,
            0.018970686942338943,
            -0.03387589380145073
        ],
        [
            0.07934045791625977,
            0.025382639840245247,
            -0.0377010740339756
        ],
        [
            0.06192568689584732,
            0.031831808388233185,
            -0.03947999328374863
        ],
        [
            0.10164913535118103,
            0.02639915980398655,
            0.01936524361371994
        ],
        [
            0.09248926490545273,
            0.031005045399069786,
            0.02037583291530609
        ],
        [
            -0.007083756383508444,
            0.024888796731829643,
            -0.034962061792612076
        ],
        [
            -0.00712175015360117,
            0.026592187583446503,
            -0.029217703267931938
        ],
        [
            -0.0034063595812767744,
            0.023179037496447563,
            -0.02953847125172615
        ],
        [
            -0.004373480100184679,
            0.02187444642186165,
            -0.03507596626877785
        ],
        [
            0.09399715811014175,
            0.015328966081142426,
            0.034585416316986084
        ],
        [
            0.09338235855102539,
            0.005376883316785097,
            0.03620390594005585
        ],
        [
            0.1004023477435112,
            0.00721539044752717,
            0.036976464092731476
        ],
        [
            0.10150882601737976,
            0.01596280187368393,
            0.033669814467430115
        ],
        [
            0.0840790867805481,
            0.01445852778851986,
            0.03572995960712433
        ],
        [
            0.08361634612083435,
            0.003215387463569641,
            0.03452799469232559
        ],
        [
            -0.017649324610829353,
            0.018200013786554337,
            -0.037523459643125534
        ],
        [
            -0.013604681007564068,
            0.020766329020261765,
            -0.03949404135346413
        ],
        [
            -0.01159355603158474,
            0.015863407403230667,
            -0.039083074778318405
        ],
        [
            -0.014835529029369354,
            0.012781331315636635,
            -0.03619871661067009
        ],
        [
            0.03475332260131836,
            0.009037206880748272,
            -0.029011236503720284
        ],
        [
            0.0386228933930397,
            0.011329570785164833,
            -0.021578315645456314
        ],
        [
            0.019206326454877853,
            0.005717169493436813,
            -0.029154863208532333
        ],
        [
            0.0258372500538826,
            0.007291270419955254,
            -0.025357438251376152
        ],
        [
            0.02702510543167591,
            0.004486348479986191,
            -0.03140288218855858
        ],
        [
            0.021100908517837524,
            0.0025657613296061754,
            -0.03389897570014
        ],
        [
            0.032099802047014236,
            0.012635534629225731,
            -0.0032606166787445545
        ],
        [
            0.04369407892227173,
            0.01360583957284689,
            -0.002919368911534548
        ],
        [
            0.04160192236304283,
            0.011726463213562965,
            -0.008922422304749489
        ],
        [
            0.028895797207951546,
            0.01105019822716713,
            -0.011138987727463245
        ],
        [
            0.04589863866567612,
            0.020212307572364807,
            0.009416318498551846
        ],
        [
            0.03439618647098541,
            0.018182720988988876,
            0.008260384202003479
        ],
        [
            0.037161245942115784,
            0.022106990218162537,
            0.015381415374577045
        ],
        [
            0.044706013053655624,
            0.02385634556412697,
            0.014659021981060505
        ],
        [
            0.015445639379322529,
            0.012832378968596458,
            0.003207882633432746
        ],
        [
            0.010412348434329033,
            0.01136728748679161,
            0.002309411996975541
        ],
        [
            0.010410992428660393,
            0.013779915869235992,
            0.004690001718699932
        ],
        [
            0.016565505415201187,
            0.014317426830530167,
            0.006327626761049032
        ],
        [
            0.10745872557163239,
            0.007842960767447948,
            0.03763000667095184
        ],
        [
            0.10866659879684448,
            0.015883304178714752,
            0.03211577981710434
        ],
        [
            0.04236791282892227,
            0.006380063947290182,
            0.03863689675927162
        ],
        [
            0.04823128134012222,
            0.015608537010848522,
            0.04132391884922981
        ],
        [
            0.03518632799386978,
            0.01758679933845997,
            0.04270831495523453
        ],
        [
            0.03178945183753967,
            0.00630059652030468,
            0.04000084847211838
        ],
        [
            0.09172755479812622,
            -0.003930022940039635,
            0.031857527792453766
        ],
        [
            0.09880086034536362,
            -0.0025192396715283394,
            0.034936100244522095
        ],
        [
            -0.020634964108467102,
            0.017043672502040863,
            -0.03213926777243614
        ],
        [
            -0.01701127551496029,
            0.01198400929570198,
            -0.030656611546874046
        ],
        [
            0.08038800209760666,
            0.011868909001350403,
            -0.041553471237421036
        ],
        [
            0.06106942147016525,
            0.023090343922376633,
            -0.044627413153648376
        ],
        [
            0.09386158734560013,
            0.0036466363817453384,
            -0.0344640277326107
        ],
        [
            0.10202356427907944,
            -0.0022722831927239895,
            -0.026917463168501854
        ],
        [
            0.1100449189543724,
            -0.005543181207031012,
            -0.022092098370194435
        ],
        [
            0.022168343886733055,
            0.008527882397174835,
            -0.02008361741900444
        ],
        [
            0.04404471069574356,
            0.011876877397298813,
            -0.014279503375291824
        ],
        [
            0.05558302626013756,
            0.016562586650252342,
            -0.001042657531797886
        ],
        [
            0.05561041831970215,
            0.03223638981580734,
            0.025584440678358078
        ],
        [
            0.06596150249242783,
            0.03349671885371208,
            0.02521667629480362
        ],
        [
            0.06178313121199608,
            0.030712099745869637,
            0.015695221722126007
        ],
        [
            0.053582217544317245,
            0.02957431972026825,
            0.01820521615445614
        ],
        [
            0.04869920015335083,
            0.025539157912135124,
            0.039352886378765106
        ],
        [
            0.046856336295604706,
            0.03000405989587307,
            0.03291887417435646
        ],
        [
            0.03879249840974808,
            0.029178280383348465,
            0.03322973847389221
        ],
        [
            0.03843555226922035,
            0.025550391525030136,
            0.03985241428017616
        ],
        [
            0.03928311541676521,
            0.018836496397852898,
            -0.04106990620493889
        ],
        [
            0.051341257989406586,
            0.006031309254467487,
            -0.042231857776641846
        ],
        [
            0.09447969496250153,
            0.02446829155087471,
            0.02916618064045906
        ],
        [
            0.10179340839385986,
            0.0232556015253067,
            0.026568686589598656
        ],
        [
            0.10995986312627792,
            0.020701810717582703,
            0.026161517947912216
        ],
        [
            0.07787159830331802,
            0.02329833246767521,
            -0.0011894158087670803
        ],
        [
            0.09184855967760086,
            0.025305284187197685,
            -0.0018922309391200542
        ],
        [
            0.09134577214717865,
            0.024202652275562286,
            -0.006313299294561148
        ],
        [
            0.07779672741889954,
            0.02057432383298874,
            -0.004048802889883518
        ],
        [
            0.0704713687300682,
            0.01946680061519146,
            -0.013075560331344604
        ],
        [
            0.08168236166238785,
            0.025782844051718712,
            -0.015581753104925156
        ],
        [
            0.061351168900728226,
            0.0239736195653677,
            -0.014357623644173145
        ],
        [
            0.10433073341846466,
            0.019491611048579216,
            -0.006455240771174431
        ],
        [
            0.11247983574867249,
            0.020706908777356148,
            0.001146925613284111
        ],
        [
            0.1133376881480217,
            0.016764476895332336,
            -0.006828885525465012
        ],
        [
            0.11195261031389236,
            0.02276122011244297,
            0.010734587907791138
        ],
        [
            0.11104017496109009,
            0.023106973618268967,
            0.019594283774495125
        ],
        [
            0.1064969003200531,
            -0.004053172655403614,
            0.03827325254678726
        ],
        [
            0.11310296505689621,
            0.012085975147783756,
            -0.013674035668373108
        ],
        [
            0.05001388117671013,
            0.03735201060771942,
            -0.024691443890333176
        ],
        [
            0.04240584000945091,
            0.03992036357522011,
            -0.0280141644179821
        ],
        [
            0.03936426714062691,
            0.03460036218166351,
            -0.023386504501104355
        ],
        [
            0.0461520180106163,
            0.0315316841006279,
            -0.019962836056947708
        ],
        [
            0.01656997948884964,
            -0.008933876641094685,
            -0.0354919508099556
        ],
        [
            0.019223619252443314,
            -0.0019379977602511644,
            -0.03651256486773491
        ],
        [
            0.02719605714082718,
            -0.0005367696285247803,
            -0.035588111728429794
        ],
        [
            0.07885439693927765,
            0.03157380223274231,
            0.010214179754257202
        ],
        [
            0.08193294703960419,
            0.0326567143201828,
            0.02248678356409073
        ],
        [
            0.015736553817987442,
            0.0069097974337637424,
            -0.023821210488677025
        ],
        [
            -0.012769749388098717,
            0.007859116420149803,
            -0.03516485542058945
        ],
        [
            -0.008977528661489487,
            0.010930913500487804,
            -0.0386962927877903
        ],
        [
            0.004944774322211742,
            -0.0014856152702122927,
            -0.037514735013246536
        ],
        [
            0.00016060378402471542,
            -0.004936990328133106,
            -0.03361586108803749
        ],
        [
            0.007605519611388445,
            0.00521197821944952,
            -0.018793299794197083
        ],
        [
            0.012899907305836678,
            0.007489592768251896,
            -0.023171911016106606
        ],
        [
            0.011100195348262787,
            0.007919691503047943,
            -0.022383244708180428
        ],
        [
            0.006366067565977573,
            0.007870858535170555,
            -0.01765216886997223
        ],
        [
            0.015234378166496754,
            0.01753254421055317,
            0.01174169685691595
        ],
        [
            0.020508388057351112,
            0.01802033931016922,
            0.013042673468589783
        ],
        [
            0.012250300496816635,
            -0.014518295414745808,
            -0.009756175801157951
        ],
        [
            0.014135241508483887,
            -0.020938917994499207,
            -0.02176106534898281
        ],
        [
            0.027373364195227623,
            -0.0203418992459774,
            -0.02094954252243042
        ],
        [
            0.03417278826236725,
            0.015451407060027122,
            0.003356080735102296
        ],
        [
            0.023921851068735123,
            0.014807013794779778,
            0.003737288061529398
        ],
        [
            0.02480386383831501,
            0.016277749091386795,
            0.007483466528356075
        ],
        [
            0.01855543814599514,
            0.008639974519610405,
            -0.017036601901054382
        ],
        [
            0.012551279738545418,
            0.006984432227909565,
            -0.018581610172986984
        ],
        [
            0.013762871734797955,
            0.00768184382468462,
            -0.014338790439069271
        ],
        [
            0.020113728940486908,
            0.009865030646324158,
            -0.01208982802927494
        ],
        [
            0.06143251433968544,
            0.014429949223995209,
            0.04038058966398239
        ],
        [
            0.06157012656331062,
            0.026074513792991638,
            0.03848615288734436
        ],
        [
            -0.00959732849150896,
            0.022995272651314735,
            -0.038587555289268494
        ],
        [
            -0.007402155082672834,
            0.019047081470489502,
            -0.03856746107339859
        ],
        [
            0.045499108731746674,
            0.016390012577176094,
            0.0035017565824091434
        ],
        [
            0.04230237379670143,
            -0.017550501972436905,
            -0.01982172206044197
        ],
        [
            0.05656889081001282,
            0.01898980140686035,
            0.003807290457189083
        ],
        [
            0.017572160810232162,
            0.0052452292293310165,
            0.02736733667552471
        ],
        [
            0.017575686797499657,
            0.013791991397738457,
            0.026648633182048798
        ],
        [
            0.013904832303524017,
            0.015944814309477806,
            0.024308033287525177
        ],
        [
            0.011280231177806854,
            0.010683393105864525,
            0.024957943707704544
        ],
        [
            -0.0053534251637756824,
            0.016856912523508072,
            -0.018967287614941597
        ],
        [
            -0.002303523477166891,
            0.019931472837924957,
            -0.02299637533724308
        ],
        [
            -0.004934664815664291,
            0.023027263581752777,
            -0.0234792772680521
        ],
        [
            -0.008687620982527733,
            0.020449869334697723,
            -0.019790299236774445
        ],
        [
            0.015515664592385292,
            0.006940525956451893,
            -0.028495699167251587
        ],
        [
            0.016348348930478096,
            0.00419270433485508,
            -0.03412754833698273
        ],
        [
            0.01247597299516201,
            0.0072192661464214325,
            -0.03349284082651138
        ],
        [
            0.0119746383279562,
            0.008537597954273224,
            -0.027539381757378578
        ],
        [
            0.014018047600984573,
            -0.0003982516936957836,
            -0.03697611019015312
        ],
        [
            0.009665821678936481,
            0.002855590544641018,
            -0.03726426884531975
        ],
        [
            -0.009913638234138489,
            0.01231098361313343,
            -0.01854853332042694
        ],
        [
            -0.013971475884318352,
            0.00796789675951004,
            -0.023103300482034683
        ],
        [
            -0.0025314590893685818,
            -0.0031070667318999767,
            -0.019782764837145805
        ],
        [
            -3.418000414967537e-05,
            0.003856612602248788,
            -0.016675224527716637
        ],
        [
            0.06727609783411026,
            -0.008957002311944962,
            0.021785132586956024
        ],
        [
            0.06926237046718597,
            -0.002275673672556877,
            0.030536526814103127
        ],
        [
            0.05400144308805466,
            -0.0005296291783452034,
            0.030835209414362907
        ],
        [
            0.03860396891832352,
            0.0004578717052936554,
            0.03219757601618767
        ],
        [
            0.02447311393916607,
            0.0019653942435979843,
            0.031899645924568176
        ],
        [
            0.02137729339301586,
            -0.00698087178170681,
            0.023852312937378883
        ],
        [
            0.056997328996658325,
            0.0047323438338935375,
            0.03652544319629669
        ],
        [
            0.0064591094851493835,
            -0.0019572461023926735,
            -0.013805337250232697
        ],
        [
            0.005735171027481556,
            -0.00999411754310131,
            -0.01685432903468609
        ],
        [
            0.007044389843940735,
            -0.008032912388443947,
            -0.011876076459884644
        ],
        [
            0.05697399377822876,
            0.023605918511748314,
            0.009698566980659962
        ],
        [
            -0.00497044064104557,
            0.014376983046531677,
            -0.03888329118490219
        ],
        [
            0.09847301989793777,
            -0.018801789730787277,
            -0.008249960839748383
        ],
        [
            0.09718109667301178,
            -0.01945335790514946,
            0.0055819544941186905
        ],
        [
            0.08902502059936523,
            -0.01879802905023098,
            0.0022629015147686005
        ],
        [
            0.0901709496974945,
            -0.016959382221102715,
            -0.013882320374250412
        ],
        [
            -0.0005898117087781429,
            0.02036098577082157,
            -0.029746906831860542
        ],
        [
            -0.0012336242944002151,
            0.018432166427373886,
            -0.03576444461941719
        ],
        [
            0.020825807005167007,
            0.021656155586242676,
            0.01831694133579731
        ],
        [
            0.01589864119887352,
            0.020471559837460518,
            0.01675109565258026
        ],
        [
            0.01536361314356327,
            0.02080734446644783,
            0.020136134698987007
        ],
        [
            0.019299108535051346,
            0.0239965058863163,
            0.02205774188041687
        ],
        [
            0.07171190530061722,
            0.0017001330852508545,
            0.03437323868274689
        ],
        [
            0.02797061763703823,
            0.023110032081604004,
            0.04113498702645302
        ],
        [
            0.024655168876051903,
            0.011596978642046452,
            0.03937239944934845
        ],
        [
            0.0823487862944603,
            -0.004106832668185234,
            0.029963308945298195
        ],
        [
            0.08074135333299637,
            -0.010502096265554428,
            0.02269376628100872
        ],
        [
            0.09040176868438721,
            -0.011430889368057251,
            0.023925965651869774
        ],
        [
            0.013595535419881344,
            -0.008937614969909191,
            0.010768367908895016
        ],
        [
            0.06385235488414764,
            -0.012898704037070274,
            0.014802931807935238
        ],
        [
            0.07840543985366821,
            -0.01367484126240015,
            0.016081202775239944
        ],
        [
            0.08983731269836426,
            -0.01493354793637991,
            0.017250699922442436
        ],
        [
            0.09790656715631485,
            -0.01616123877465725,
            0.01899442821741104
        ],
        [
            0.09771937131881714,
            -0.01205484103411436,
            0.026066448539495468
        ],
        [
            -0.014311148785054684,
            0.007270808797329664,
            -0.029087673872709274
        ],
        [
            -0.01745292730629444,
            0.013209547847509384,
            -0.023898018524050713
        ],
        [
            0.10588724166154861,
            -0.014094471000134945,
            0.029467960819602013
        ],
        [
            0.10583151876926422,
            -0.018046844750642776,
            0.021037735044956207
        ],
        [
            0.07662948966026306,
            -0.016701264306902885,
            0.007505608722567558
        ],
        [
            0.074669249355793,
            -0.01876385137438774,
            -0.0041337646543979645
        ],
        [
            0.06263206899166107,
            -0.015618841163814068,
            0.006510019302368164
        ],
        [
            0.059602342545986176,
            -0.017946194857358932,
            -0.004664034582674503
        ],
        [
            0.013987354002892971,
            -0.01782561093568802,
            0.003730720840394497
        ],
        [
            -0.024923760443925858,
            0.030990522354841232,
            -0.023852072656154633
        ],
        [
            -0.018911806866526604,
            0.021499846130609512,
            -0.02122632972896099
        ],
        [
            -0.013804526999592781,
            0.02422075718641281,
            -0.02053079754114151
        ],
        [
            -0.021430661901831627,
            0.03236793726682663,
            -0.021732868626713753
        ],
        [
            -0.013334565795958042,
            0.016816189512610435,
            -0.01963666081428528
        ],
        [
            -0.021235475316643715,
            0.018371544778347015,
            -0.02541450969874859
        ],
        [
            0.057982172816991806,
            -0.016220971941947937,
            -0.02005196362733841
        ],
        [
            0.008511219173669815,
            0.0059986417181789875,
            -0.015236892737448215
        ],
        [
            0.07451373338699341,
            -0.013960391283035278,
            -0.02314060553908348
        ],
        [
            0.05078665167093277,
            -0.010339864529669285,
            -0.03431110456585884
        ],
        [
            0.06275540590286255,
            -0.005729229189455509,
            -0.03717520087957382
        ],
        [
            0.09161949902772903,
            -0.00995996966958046,
            -0.027493424713611603
        ],
        [
            0.07861258089542389,
            -0.0021882914006710052,
            -0.038712624460458755
        ],
        [
            0.10776746273040771,
            -0.01465604454278946,
