{
    "pred_cam": [
        8.824012756347656,
        0.07344482094049454,
        -0.05037473514676094
    ],
    "pred_mano_params": {
        "global_orient": [
            [
                [
                    0.4861990213394165,
                    -0.7864695191383362,
                    -0.3808886706829071
                ],
                [
                    -0.8002834916114807,
                    -0.2256975769996643,
                    -0.5555239915847778
                ],
                [
                    0.3509370684623718,
                    0.5749141573905945,
                    -0.7391325235366821
                ]
            ]
        ],
        "hand_pose": [
            [
                [
                    0.8420579433441162,
                    -0.3703710436820984,
                    -0.3921271562576294
                ],
                [
                    0.32416027784347534,
                    0.9285411238670349,
                    -0.1809183955192566
                ],
                [
                    0.4311131536960602,
                    0.025231707841157913,
                    0.9019449949264526
                ]
            ],
            [
                [
                    0.903266429901123,
                    -0.4236093759536743,
                    0.06829874217510223
                ],
                [
                    0.42896798253059387,
                    0.8878816962242126,
                    -0.1662905365228653
                ],
                [
                    0.009801029227674007,
                    0.1795026659965515,
                    0.9837086200714111
                ]
            ],
            [
                [
                    0.7654241919517517,
                    -0.6357954144477844,
                    0.09944809973239899
                ],
                [
                    0.6430462002754211,
                    0.7496987581253052,
                    -0.1563435047864914
                ],
                [
                    0.02484636940062046,
                    0.18361882865428925,
                    0.9826833605766296
                ]
            ],
            [
                [
                    0.8730183243751526,
                    -0.4095078110694885,
                    -0.26484382152557373
                ],
                [
                    0.3579643964767456,
                    0.9068917036056519,
                    -0.22228102385997772
                ],
                [
                    0.33121052384376526,
                    0.09925076365470886,
                    0.9383223056793213
                ]
            ],
            [
                [
                    0.725369930267334,
                    -0.6541049480438232,
                    -0.2144414633512497
                ],
                [
                    0.6879231333732605,
                    0.6777498722076416,
                    0.2596474885940552
                ],
                [
                    -0.024499045684933662,
                    -0.3358597457408905,
                    0.9415932893753052
                ]
            ],
            [
                [
                    0.6828703284263611,
                    -0.7206236124038696,
                    0.11995691061019897
                ],
                [
                    0.7206307649612427,
                    0.6914180517196655,
                    0.05130782723426819
                ],
                [
                    -0.1199139878153801,
                    0.051408037543296814,
                    0.9914524555206299
                ]
            ],
            [
                [
                    0.788172721862793,
                    -0.4785015285015106,
                    0.3870658874511719
                ],
                [
                    0.48097872734069824,
                    0.8712730407714844,
                    0.09768670797348022
                ],
                [
                    -0.3839833438396454,
                    0.10917645692825317,
                    0.9168627262115479
                ]
            ],
            [
                [
                    0.8995165824890137,
                    -0.3771079480648041,
                    -0.22058874368667603
                ],
                [
                    0.43247631192207336,
                    0.6970391869544983,
                    0.5719268918037415
                ],
                [
                    -0.061919160187244415,
                    -0.6098572611808777,
                    0.7900885939598083
                ]
            ],
            [
                [
                    0.8454509973526001,
                    -0.4357207417488098,
                    0.3088040351867676
                ],
                [
                    0.34552156925201416,
                    0.8871781826019287,
                    0.3058262765407562
                ],
                [
                    -0.4072190821170807,
                    -0.1518627107143402,
                    0.9006165862083435
                ]
            ],
            [
                [
                    0.8758253455162048,
                    -0.4814656376838684,
                    0.03347887471318245
                ],
                [
                    0.481653094291687,
                    0.8675428032875061,
                    -0.12401551008224487
                ],
                [
                    0.030664853751659393,
                    0.12474112212657928,
                    0.9917153716087341
                ]
            ],
            [
                [
                    0.8248306512832642,
                    -0.5350397229194641,
                    -0.18272073566913605
                ],
                [
                    0.5622215270996094,
                    0.7420943975448608,
                    0.3649697005748749
                ],
                [
                    -0.059677280485630035,
                    -0.40376773476600647,
                    0.9129130244255066
                ]
            ],
            [
                [
                    0.7243975400924683,
                    -0.6631453633308411,
                    0.1883779764175415
                ],
                [
                    0.6229797005653381,
                    0.7467198967933655,
                    0.2330358773469925
                ],
                [
                    -0.29520225524902344,
                    -0.051454998552799225,
                    0.9540481567382812
                ]
            ],
            [
                [
                    0.9492520689964294,
                    0.2895679175853729,
                    0.12276357412338257
                ],
                [
                    -0.20093710720539093,
                    0.8586300015449524,
                    -0.47157061100006104
                ],
                [
                    -0.24196018278598785,
                    0.4229716360569,
                    0.8732412457466125
                ]
            ],
            [
                [
                    0.8510833382606506,
                    -0.3817862868309021,
                    -0.3604113459587097
                ],
                [
                    0.4870240092277527,
                    0.8305067420005798,
                    0.27030766010284424
                ],
                [
                    0.19612428545951843,
                    -0.40558332204818726,
                    0.8927695155143738
                ]
            ],
            [
                [
                    0.9975678324699402,
                    -0.004889962263405323,
                    -0.06952966004610062
                ],
                [
                    -0.016595376655459404,
                    0.9521862864494324,
                    -0.3050670623779297
                ],
                [
                    0.0676969662308693,
                    0.3054789900779724,
                    0.94978928565979
                ]
            ]
        ],
        "betas": [
            0.06971703469753265,
            -0.12474817037582397,
            0.014115244150161743,
            0.04273870587348938,
            -0.03512465953826904,
            0.021639015525579453,
            0.03092321753501892,
            -0.024949729442596436,
            -0.03052908182144165,
            -0.015144646167755127
        ]
    },
    "pred_cam_t": [
        -0.07344482094049454,
        -0.05037473514676094,
        4.426840782165527
    ],
    "focal_length": [
        5000.0,
        5000.0
    ],
    "pred_keypoints_3d": [
        [
            0.09537500888109207,
            0.006359607446938753,
            0.006191050633788109
        ],
        [
            0.08607441931962967,
            0.014719374477863312,
            -0.030086977407336235
        ],
        [
            0.07386834919452667,
            0.014253743924200535,
            -0.058204278349876404
        ],
        [
            0.06715158373117447,
            0.0293484665453434,
            -0.07957066595554352
        ],
        [
            0.06032215803861618,
            0.04780461639165878,
            -0.10916847735643387
        ],
        [
            0.04901919141411781,
            0.06640263646841049,
            -0.04270639270544052
        ],
        [
            0.0447714701294899,
            0.09849395602941513,
            -0.04848206415772438
        ],
        [
            0.05492221936583519,
            0.11695149540901184,
            -0.05524640530347824
        ],
        [
            0.07679811865091324,
            0.12731312215328217,
            -0.06223692372441292
        ],
        [
            0.05203470587730408,
            0.08412625640630722,
            -0.02526755817234516
        ],
        [
            0.0514664426445961,
            0.11562778800725937,
            -0.027953770011663437
        ],
        [
            0.06876669079065323,
            0.12949486076831818,
            -0.03481930494308472
        ],
        [
            0.09013869613409042,
            0.1299673467874527,
            -0.04798757657408714
        ],
        [
            0.0690024346113205,
            0.08730378746986389,
            -0.005056887865066528
        ],
        [
            0.06731955707073212,
            0.11366142332553864,
            -0.01645760051906109
        ],
        [
            0.08455881476402283,
            0.12837079167366028,
            -0.026301195845007896
        ],
        [
            0.10342076420783997,
            0.1301804631948471,
            -0.04212699085474014
        ],
        [
            0.08614309132099152,
            0.08746480941772461,
            0.008243877440690994
        ],
        [
            0.08641403913497925,
            0.10686729103326797,
            0.0001053009182214737
        ],
        [
            0.09890758246183395,
            0.11703811585903168,
            -0.009747955948114395
        ],
        [
            0.10899998247623444,
            0.11853183805942535,
            -0.024497494101524353
        ]
    ],
    "pred_vertices": [
        [
            0.07801305502653122,
            0.04046424478292465,
            -0.03431001305580139
        ],
        [
            0.08443547785282135,
            0.033136606216430664,
            -0.03271656855940819
        ],
        [
            0.08054352551698685,
            0.03329409286379814,
            -0.04409843683242798
        ],
        [
            0.07436585426330566,
            0.040577925741672516,
            -0.04439966380596161
        ],
        [
            0.09713219106197357,
            0.018332600593566895,
            -0.04269962012767792
        ],
        [
            0.09751249104738235,
            0.0058865733444690704,
            -0.04418449103832245
        ],
        [
            0.08953407406806946,
            0.010429156944155693,
            -0.058565087616443634
        ],
        [
            0.09136787801980972,
            0.02006753534078598,
            -0.055795568972826004
        ],
        [
            0.06930716335773468,
            0.03917036950588226,
            -0.0516987070441246
        ],
        [
            0.07746492326259613,
            0.03307361528277397,
            -0.05227980017662048
        ],
        [
            0.06469705700874329,
            0.034438908100128174,
            -0.05287555232644081
        ],
        [
            0.053645726293325424,
            0.040821049362421036,
            -0.04916471242904663
        ],
        [
            0.06068537384271622,
            0.044761061668395996,
            -0.04976934194564819
        ],
        [
            0.047649987041950226,
            0.047698378562927246,
            -0.0478704459965229
        ],
        [
            0.04960180073976517,
            0.03312201797962189,
            -0.04163116216659546
        ],
        [
            0.042329851537942886,
            0.04744201898574829,
            -0.039755310863256454
        ],
        [
            0.05231188237667084,
            0.039858315140008926,
            -0.012684028595685959
        ],
        [
            0.05845906212925911,
            0.04411131888628006,
            -0.0016037169843912125
        ],
        [
            0.051838040351867676,
            0.058557942509651184,
            -0.006615046411752701
        ],
        [
            0.046829190105199814,
            0.05313505232334137,
            -0.017997879534959793
        ],
        [
            0.0664009302854538,
            0.06056531146168709,
            0.00788935273885727
        ],
        [
            0.05786331370472908,
            0.06031908467411995,
            -0.0001624077558517456
        ],
        [
            0.06365585327148438,
            0.04556220397353172,
            0.005509244278073311
        ],
        [
            0.07116140425205231,
            0.04656094312667847,
            0.012332066893577576
        ],
        [
            0.08559666574001312,
            0.040910009294748306,
            -0.018619515001773834
        ],
        [
            0.09191849827766418,
            0.03342462703585625,
            -0.015201753005385399
        ],
        [
            0.08853758871555328,
            0.033221904188394547,
            -0.020757634192705154
        ],
        [
            0.08281415700912476,
            0.039992932230234146,
            -0.023696789517998695
        ],
        [
            0.06260181963443756,
            0.023188378661870956,
            -0.05884862318634987
        ],
        [
            0.0592830628156662,
            0.01933915540575981,
            -0.049892835319042206
        ],
        [
            0.05951649695634842,
            0.027612661942839622,
            -0.05083120986819267
        ],
        [
            0.06607447564601898,
            0.027528347447514534,
            -0.05938585475087166
        ],
        [
            0.1139633059501648,
            0.01830100268125534,
            -0.0034842491149902344
        ],
        [
            0.11418154835700989,
            0.006149820983409882,
            0.0023132599890232086
        ],
        [
            0.11121538281440735,
            0.0034893006086349487,
            -0.0019223466515541077
        ],
        [
            0.11125822365283966,
            0.015420787036418915,
            -0.006002992391586304
        ],
        [
            0.10334470123052597,
            -0.0006534680724143982,
            -0.023497549816966057
        ],
        [
            0.10276660323143005,
            -0.005994692444801331,
            -0.014394830912351608
        ],
        [
            0.09418084472417831,
            -0.017469890415668488,
            -0.014403115957975388
        ],
        [
            0.0912439227104187,
            -0.01244352012872696,
            -0.021955907344818115
        ],
        [
            0.1014837771654129,
            0.0032597966492176056,
            -0.03397871553897858
        ],
        [
            0.09267514944076538,
            -0.007791716605424881,
            -0.032997384667396545
        ],
        [
            0.09021912515163422,
            -0.0033553875982761383,
            -0.04342107102274895
        ],
        [
            0.08343443274497986,
            0.002994924783706665,
            -0.05842546373605728
        ],
        [
            0.11831121146678925,
            0.01148446649312973,
            0.013189589604735374
        ],
        [
            0.1191912367939949,
            0.021114148199558258,
            0.010264115408062935
        ],
        [
            0.05266157537698746,
            0.09840646386146545,
            -0.05731159821152687
        ],
        [
            0.05590393766760826,
            0.09984268248081207,
            -0.05256055295467377
        ],
        [
            0.055568937212228775,
            0.09568940848112106,
            -0.052374012768268585
        ],
        [
            0.05202357470989227,
            0.09501460194587708,
            -0.05692242085933685
        ],
        [
            0.10875190049409866,
            0.02063038945198059,
            0.0283679086714983
        ],
        [
            0.09992121160030365,
            0.019082769751548767,
            0.03294150531291962
        ],
        [
            0.10435593128204346,
            0.013686314225196838,
            0.034958306699991226
        ],
        [
            0.11191876977682114,
            0.01388385146856308,
            0.029389407485723495
        ],
        [
            0.10459975898265839,
            0.02953556925058365,
            0.026829177513718605
        ],
        [
            0.09407531470060349,
            0.02648480236530304,
            0.029361294582486153
        ],
        [
            0.0409904383122921,
            0.10350269079208374,
            -0.05606681853532791
        ],
        [
            0.044432155787944794,
            0.1013476625084877,
            -0.059270285069942474
        ],
        [
            0.04203558713197708,
            0.09716716408729553,
            -0.05760443955659866
        ],
        [
            0.03894404321908951,
            0.0985979288816452,
            -0.053503841161727905
        ],
        [
            0.06768695265054703,
            0.04711727797985077,
            -0.04548937827348709
        ],
        [
            0.07341215759515762,
            0.048099175095558167,
            -0.037310123443603516
        ],
        [
            0.05944710969924927,
            0.0632672980427742,
            -0.04814312607049942
        ],
        [
            0.06471875309944153,
            0.057467833161354065,
            -0.042407769709825516
        ],
        [
            0.0610080361366272,
            0.05312800407409668,
            -0.04745558649301529
        ],
        [
            0.05590619891881943,
            0.05857103690505028,
            -0.050887126475572586
        ],
        [
            0.07636507600545883,
            0.061408814042806625,
            -0.021926702931523323
        ],
        [
            0.08136927336454391,
            0.051309313625097275,
            -0.018683794885873795
        ],
        [
            0.07771369814872742,
            0.05051647126674652,
            -0.02418394386768341
        ],
        [
            0.07214229553937912,
            0.06099650636315346,
            -0.029410503804683685
        ],
        [
            0.09057708084583282,
            0.05579407885670662,
            -0.00894235447049141
        ],
        [
            0.0845712423324585,
            0.06532321870326996,
            -0.012705929577350616
        ],
        [
            0.09045043587684631,
            0.06684108078479767,
            -0.00669806357473135
        ],
        [
            0.0944620668888092,
            0.059901364147663116,
            -0.005654525943100452
        ],
        [
            0.07201150059700012,
            0.07982734590768814,
            -0.02096848003566265
        ],
        [
            0.06720396876335144,
            0.08537159115076065,
            -0.02188325673341751
        ],
        [
            0.06956388056278229,
            0.08764823526144028,
            -0.019945111125707626
        ],
        [
            0.07407304644584656,
            0.08078145980834961,
            -0.01788315363228321
        ],
        [
            0.10767438262701035,
            0.007878042757511139,
            0.03723374754190445
        ],
        [
            0.11416566371917725,
            0.0070159658789634705,
            0.02992272935807705
        ],
        [
            0.0834643617272377,
            0.06426632404327393,
            0.020416079089045525
        ],
        [
            0.09447821974754333,
            0.0634964108467102,
            0.02168966457247734
        ],
        [
            0.09099515527486801,
            0.07617603242397308,
            0.020303918048739433
        ],
        [
            0.07995171844959259,
            0.07355722039937973,
            0.01936585269868374
        ],
        [
            0.09002483636140823,
            0.016420461237430573,
            0.031561631709337234
        ],
        [
            0.09455861896276474,
            0.01168445497751236,
            0.03584867715835571
        ],
        [
            0.040323060005903244,
            0.10587141662836075,
            -0.050368424504995346
        ],
        [
            0.039089735597372055,
            0.1006980836391449,
            -0.0477583147585392
        ],
        [
            0.079790398478508,
            -0.006766077131032944,
            -0.036989763379096985
        ],
        [
            0.07521184533834457,
            0.00039001554250717163,
            -0.054993756115436554
        ],
        [
            0.08186618983745575,
            -0.011223822832107544,
            -0.024037174880504608
        ],
        [
            0.08258078992366791,
            -0.014916114509105682,
            -0.015060584992170334
        ],
        [
            0.0839308500289917,
            -0.020778529345989227,
            -0.009378284215927124
        ],
        [
            0.06575135886669159,
            0.0632854625582695,
            -0.03908152878284454
        ],
        [
            0.07756702601909637,
            0.04639606550335884,
            -0.028801634907722473
        ],
        [
            0.08856122195720673,
            0.0421784408390522,
            -0.014576585032045841
        ],
        [
            0.10811220109462738,
            0.056302037090063095,
            0.004487943835556507
        ],
        [
            0.11291162669658661,
            0.047061044722795486,
            0.006582699716091156
        ],
        [
            0.10684666782617569,
            0.04661345109343529,
            -0.0021524736657738686
        ],
        [
            0.10341401398181915,
            0.054723359644412994,
            -0.0017733657732605934
        ],
        [
            0.10275766253471375,
            0.06559199094772339,
            0.01702352799475193
        ],
        [
            0.1044750064611435,
            0.06662765890359879,
            0.009270833805203438
        ],
        [
            0.10034112632274628,
            0.0751110315322876,
            0.00818419735878706
        ],
        [
            0.09857293963432312,
            0.07577952742576599,
            0.015658456832170486
        ],
        [
            0.06071900576353073,
            0.016226179897785187,
            -0.06164795905351639
        ],
        [
            0.060327328741550446,
            0.011408708989620209,
            -0.049874331802129745
        ],
        [
            0.11598005145788193,
            0.020715616643428802,
            0.020700741559267044
        ],
        [
            0.1170388013124466,
            0.013046987354755402,
            0.020702801644802094
        ],
        [
            0.11775344610214233,
            0.0050688982009887695,
            0.023341476917266846
        ],
        [
            0.10312424600124359,
            0.025724899023771286,
            -0.010653086006641388
        ],
        [
            0.10957470536231995,
            0.013495959341526031,
            -0.00793416053056717
        ],
        [
            0.10776901245117188,
            0.012635588645935059,
            -0.01209704577922821
        ],
        [
            0.10067369788885117,
            0.025343269109725952,
            -0.012874381616711617
        ],
        [
            0.09387707710266113,
            0.027037616819143295,
            -0.031183211132884026
        ],
        [
            0.10233736038208008,
            0.016133632510900497,
            -0.028905397281050682
        ],
        [
            0.08966439962387085,
            0.028500322252511978,
            -0.04366462677717209
        ],
        [
            0.10796989500522614,
            -0.001597486436367035,
            -0.0070756711065769196
        ],
        [
            0.11361381411552429,
            -0.006025694310665131,
            0.0012586861848831177
        ],
        [
            0.10877153277397156,
            -0.010845862329006195,
            -0.004357084631919861
        ],
        [
            0.11717499792575836,
            -0.0015748292207717896,
            0.009210901334881783
        ],
        [
            0.11898613721132278,
            0.002453811466693878,
            0.016944080591201782
        ],
        [
            0.09671197831630707,
            0.005668506026268005,
            0.04142734408378601
        ],
        [
            0.1026528850197792,
            -0.014686457812786102,
            -0.008716776967048645
        ],
        [
            0.08607044816017151,
            0.02087499387562275,
            -0.06377826631069183
        ],
        [
            0.08153738081455231,
            0.022809263318777084,
            -0.06957584619522095
        ],
        [
            0.0789116770029068,
            0.028035510331392288,
            -0.06505091488361359
        ],
        [
            0.082192063331604,
            0.026861116290092468,
            -0.05963769555091858
        ],
        [
            0.042448777705430984,
            0.056989237666130066,
            -0.048382196575403214
        ],
        [
            0.04961682856082916,
            0.05752906575798988,
            -0.05194031819701195
        ],
        [
            0.05476510524749756,
            0.04862216114997864,
            -0.050259195268154144
        ],
        [
            0.11259036511182785,
            0.029657114297151566,
            -0.0027332082390785217
        ],
        [
            0.11728589236736298,
            0.03163014352321625,
            0.008810620754957199
        ],
        [
            0.06004589796066284,
            0.0687107965350151,
            -0.04431471601128578
        ],
        [
            0.03757429122924805,
            0.09390804916620255,
            -0.051305267959833145
        ],
        [
            0.04078090563416481,
            0.09227114170789719,
            -0.05603841692209244
        ],
        [
            0.041056498885154724,
            0.07431287318468094,
            -0.052224960178136826
        ],
        [
            0.03709840774536133,
            0.07651589065790176,
            -0.047117915004491806
        ],
        [
            0.054757457226514816,
            0.07766026258468628,
            -0.03945274278521538
        ],
        [
            0.057943519204854965,
            0.07324297726154327,
            -0.043840039521455765
        ],
        [
            0.05682075023651123,
            0.07591720670461655,
            -0.04276130348443985
        ],
        [
            0.0555199570953846,
            0.0803125649690628,
            -0.038082875311374664
        ],
        [
            0.07595018297433853,
            0.0873720571398735,
            -0.013260412961244583
        ],
        [
            0.07993771135807037,
            0.08146073669195175,
            -0.01150278840214014
        ],
        [
            0.04425559937953949,
            0.06753774732351303,
            -0.02466636523604393
        ],
        [
            0.03720221295952797,
            0.05891046300530434,
            -0.031999289989471436
        ],
        [
            0.042363010346889496,
            0.04834096133708954,
            -0.02815129980444908
        ],
        [
            0.08103106170892715,
            0.06282177567481995,
            -0.01629767194390297
        ],
        [
            0.07695875316858292,
            0.07227577269077301,
            -0.01867470145225525
        ],
        [
            0.07929164171218872,
            0.07353901118040085,
            -0.015438207425177097
        ],
        [
            0.06496375799179077,
            0.06779655069112778,
            -0.03724435344338417
        ],
        [
            0.06026286631822586,
            0.0728408694267273,
            -0.03988487273454666
        ],
        [
            0.06284645199775696,
            0.0734025314450264,
            -0.03572297841310501
        ],
        [
            0.06766825914382935,
            0.0684477761387825,
            -0.032389599829912186
        ],
        [
            0.09775089472532272,
            0.051068052649497986,
            0.02461986057460308
        ],
        [
            0.10769807547330856,
            0.05368278548121452,
            0.019399113953113556
        ],
        [
            0.048584818840026855,
            0.09923608601093292,
            -0.05972786992788315
        ],
        [
            0.04697975888848305,
            0.09554436057806015,
            -0.05883760377764702
        ],
        [
            0.08582685887813568,
            0.05288679152727127,
            -0.013222340494394302
        ],
        [
            0.049513839185237885,
            0.03639569506049156,
            -0.023423699662089348
        ],
        [
            0.09203170239925385,
            0.04370221868157387,
            -0.010578649118542671
        ],
        [
            0.06958354264497757,
            0.08226431906223297,
            0.005247914232313633
        ],
        [
            0.07572232931852341,
            0.08646024763584137,
            0.0033003585413098335
        ],
        [
            0.07366430014371872,
            0.09068828821182251,
            -0.0002228165976703167
        ],
        [
            0.06786029785871506,
            0.08983545005321503,
            0.0014149770140647888
        ],
        [
            0.05412835627794266,
            0.09477952867746353,
            -0.040415868163108826
        ],
        [
            0.05680778995156288,
            0.09376601874828339,
            -0.045364949852228165
        ],
        [
            0.056559234857559204,
            0.09751774370670319,
            -0.04646400734782219
        ],
        [
            0.05376875028014183,
            0.09950008988380432,
            -0.04173833876848221
        ],
        [
            0.05702273175120354,
            0.06991763412952423,
            -0.04848841205239296
        ],
        [
            0.05347641557455063,
            0.0661327913403511,
            -0.05237982049584389
        ],
        [
            0.05296282470226288,
            0.07317101210355759,
            -0.05245792493224144
        ],
        [
            0.055758483707904816,
            0.07498499751091003,
            -0.04762900620698929
        ],
        [
            0.04719116538763046,
            0.06599422544240952,
            -0.05293471738696098
        ],
        [
            0.046913594007492065,
            0.0728505477309227,
            -0.05396568402647972
        ],
        [
            0.04825920984148979,
            0.09583074599504471,
            -0.03792060911655426
        ],
        [
            0.04106355458498001,
            0.09621071815490723,
            -0.03997872769832611
        ],
        [
            0.041433364152908325,
            0.08105476200580597,
            -0.03504251316189766
        ],
        [
            0.049092330038547516,
            0.08313184976577759,
            -0.03504958003759384
        ],
        [
            0.07478899508714676,
            0.03288383036851883,
            0.017245620489120483
        ],
        [
            0.08334574848413467,
            0.03609870374202728,
            0.02353893406689167
        ],
        [
            0.07984772324562073,
            0.049820028245449066,
            0.01895149238407612
        ],
        [
            0.07586686313152313,
            0.0633426308631897,
            0.015577781945466995
        ],
        [
            0.07220294326543808,
            0.0758993998169899,
            0.010919338092207909
        ],
        [
            0.06192224100232124,
            0.07251107692718506,
            0.005275131203234196
        ],
        [
            0.08666464686393738,
            0.050743866711854935,
            0.02321135438978672
        ],
        [
            0.04974541813135147,
            0.07867270708084106,
            -0.03330286592245102
        ],
        [
            0.042457740753889084,
            0.07178331911563873,
            -0.03228247910737991
        ],
        [
            0.04564693942666054,
            0.07495401799678802,
            -0.02930271625518799
        ],
        [
            0.09750978648662567,
            0.04675972834229469,
            -0.006603119894862175
        ],
        [
            0.04573310539126396,
            0.09101216495037079,
            -0.057810187339782715
        ],
        [
            0.0712445080280304,
            -0.008385889232158661,
            0.0031901299953460693
        ],
        [
            0.07276926189661026,
            -0.002236112952232361,
            0.014525949954986572
        ],
        [
            0.0697072446346283,
            0.004054516553878784,
            0.009259924292564392
        ],
        [
            0.06879138946533203,
            -0.0025909096002578735,
            -0.003524191677570343
        ],
        [
            0.05590181425213814,
            0.09195099771022797,
            -0.05189886689186096
        ],
        [
            0.0519789382815361,
            0.09073184430599213,
            -0.05674012750387192
        ],
        [
            0.08318418264389038,
            0.08494460582733154,
            -0.00661533372476697
        ],
        [
            0.07861266285181046,
            0.08939945697784424,
            -0.00855052750557661
        ],
        [
            0.07782911509275436,
            0.09156575798988342,
            -0.0052542053163051605
        ],
        [
            0.08399251848459244,
            0.08983196318149567,
            -0.0029014521278440952
        ],
        [
            0.08852091431617737,
            0.036391906440258026,
            0.026344895362854004
        ],
        [
            0.08895188570022583,
            0.08441327512264252,
            0.017995767295360565
        ],
        [
            0.07950641959905624,
            0.081852987408638,
            0.017617758363485336
        ],
        [
            0.08610058575868607,
            0.023937977850437164,
            0.027318820357322693
        ],
        [
            0.07823741436004639,
            0.020997680723667145,
            0.022370656952261925
        ],
        [
            0.08111831545829773,
            0.012672752141952515,
            0.026471750810742378
        ],
        [
            0.05325568839907646,
            0.07499589025974274,
            -0.007407117635011673
        ],
        [
            0.06854597479104996,
            0.03235519304871559,
            0.011315470561385155
        ],
        [
            0.07319039851427078,
            0.01982196420431137,
            0.016788430511951447
        ],
        [
            0.0764007419347763,
            0.009802423417568207,
            0.021422529593110085
        ],
        [
            0.07861565053462982,
            0.002920091152191162,
            0.02560737170279026
        ],
        [
            0.08371694386005402,
            0.006781227886676788,
            0.030607648193836212
        ],
        [
            0.03823838010430336,
            0.09561621397733688,
            -0.04519934952259064
        ],
        [
            0.042019072920084,
            0.10227454453706741,
            -0.04191317409276962
        ],
        [
            0.08559922128915787,
            0.00020529329776763916,
            0.036575693637132645
        ],
        [
            0.08028485625982285,
            -0.003923937678337097,
            0.030233968049287796
        ],
        [
            0.06810306012630463,
            0.017481297254562378,
            0.009555686265230179
        ],
        [
            0.063373863697052,
            0.01444937288761139,
            0.00019427016377449036
        ],
        [
            0.06398682296276093,
            0.029763836413621902,
            0.004457859322428703
        ],
        [
            0.058596596121788025,
            0.02777041122317314,
            -0.005300544202327728
        ],
        [
            0.04598198086023331,
            0.06837181746959686,
            -0.011481724679470062
        ],
        [
            0.05125982314348221,
            0.1174129992723465,
            -0.04675586521625519
        ],
        [
            0.0481625534594059,
            0.10751572251319885,
            -0.04188602790236473
        ],
        [
            0.053274691104888916,
            0.10485921055078506,
            -0.04280934855341911
        ],
        [
            0.05499352514743805,
            0.11547505855560303,
            -0.04540584236383438
        ],
        [
            0.0484984815120697,
            0.10123016685247421,
            -0.039778292179107666
        ],
        [
            0.043151870369911194,
            0.10754508525133133,
            -0.04452606663107872
        ],
        [
            0.05619458481669426,
            0.022891182452440262,
            -0.018564734607934952
        ],
        [
            0.05817513167858124,
            0.07938633114099503,
            -0.03705422207713127
        ],
        [
            0.06373423337936401,
            0.007541634142398834,
            -0.015114866197109222
        ],
        [
            0.053383685648441315,
            0.020572803914546967,
            -0.03569801524281502
        ],
        [
            0.06091637909412384,
            0.009181126952171326,
            -0.034102968871593475
        ],
        [
            0.07188817113637924,
            -0.008086666464805603,
            -0.013971671462059021
        ],
        [
            0.06961128115653992,
            -0.0036265701055526733,
            -0.028635360300540924
        ],
        [
            0.0765286386013031,
            -0.018529102206230164,
            -0.0018510259687900543
        ],
        [
            0.07383384555578232,
            -0.012364774942398071,
            -0.006880901753902435
        ],
        [
            0.0675635039806366,
            0.00040844082832336426,
            -0.04404831677675247
        ],
