{
    "pred_cam": [
        6.822746276855469,
        -0.04953846335411072,
        -0.035675425082445145
    ],
    "pred_mano_params": {
        "global_orient": [
            [
                [
                    0.9696583151817322,
                    -0.025238899514079094,
                    0.24315810203552246
                ],
                [
                    0.028978334739804268,
                    -0.975776731967926,
                    -0.21684083342552185
                ],
                [
                    0.24274086952209473,
                    0.21730780601501465,
                    -0.9454386234283447
                ]
            ]
        ],
        "hand_pose": [
            [
                [
                    0.6479698419570923,
                    -0.7451916337013245,
                    -0.1575581282377243
                ],
                [
                    0.7280709743499756,
                    0.6667506694793701,
                    -0.15923631191253662
                ],
                [
                    0.22371354699134827,
                    -0.011533168144524097,
                    0.9745867252349854
                ]
            ],
            [
                [
                    0.8767032027244568,
                    -0.45967885851860046,
                    0.14172811806201935
                ],
                [
                    0.4806453585624695,
                    0.8253075480461121,
                    -0.29639074206352234
                ],
                [
                    0.019275272265076637,
                    0.32796767354011536,
                    0.9444922804832458
                ]
            ],
            [
                [
                    0.8634886741638184,
                    -0.503253698348999,
                    -0.03350995481014252
                ],
                [
                    0.5043028593063354,
                    0.8604004979133606,
                    0.0734134390950203
                ],
                [
                    -0.008113603107631207,
                    -0.08029084652662277,
                    0.9967383742332458
                ]
            ],
            [
                [
                    0.4387509822845459,
                    -0.8721231818199158,
                    -0.21656100451946259
                ],
                [
                    0.8952224850654602,
                    0.4451165199279785,
                    0.02116408385336399
                ],
                [
                    0.07793719321489334,
                    -0.20315605401992798,
                    0.9760395884513855
                ]
            ],
            [
                [
                    0.9217900633811951,
                    -0.3390953242778778,
                    -0.1879294365644455
                ],
                [
                    0.3756870925426483,
                    0.9009718894958496,
                    0.2170458436012268
                ],
                [
                    0.09571991860866547,
                    -0.27067336440086365,
                    0.9579006433486938
                ]
            ],
            [
                [
                    0.8897679448127747,
                    -0.44867971539497375,
                    0.08366311341524124
                ],
                [
                    0.44797834753990173,
                    0.8936047554016113,
                    0.02803540788590908
                ],
                [
                    -0.08734066784381866,
                    0.012534254230558872,
                    0.9960996508598328
                ]
            ],
            [
                [
                    0.5540278553962708,
                    -0.783597469329834,
                    0.28111934661865234
                ],
                [
                    0.5472844243049622,
                    0.5972812175750732,
                    0.5862890481948853
                ],
                [
                    -0.6273219585418701,
                    -0.17096823453903198,
                    0.7597610950469971
                ]
            ],
            [
                [
                    0.9500849843025208,
                    -0.24321818351745605,
                    -0.195405513048172
                ],
                [
                    0.29185378551483154,
                    0.9142188429832458,
                    0.28111425042152405
                ],
                [
                    0.11027131229639053,
                    -0.32411229610443115,
                    0.9395697712898254
                ]
            ],
            [
                [
                    0.8953850865364075,
                    -0.38138219714164734,
                    0.22985471785068512
                ],
                [
                    0.2834434509277344,
                    0.8862510919570923,
                    0.3663589656352997
                ],
                [
                    -0.3434317708015442,
                    -0.2628815174102783,
                    0.9016363024711609
                ]
            ],
            [
                [
                    0.46158719062805176,
                    -0.8858659863471985,
                    0.04667714610695839
                ],
                [
                    0.8736633062362671,
                    0.4630902111530304,
                    0.14919747412204742
                ],
                [
                    -0.15378469228744507,
                    -0.028087526559829712,
                    0.9877051115036011
                ]
            ],
            [
                [
                    0.9541471004486084,
                    -0.27568045258522034,
                    -0.11663457751274109
                ],
                [
                    0.29928624629974365,
                    0.8713300824165344,
                    0.38885948061943054
                ],
                [
                    -0.005573735106736422,
                    -0.40593627095222473,
                    0.9138844609260559
                ]
            ],
            [
                [
                    0.8520821332931519,
                    -0.47636863589286804,
                    0.2168615609407425
                ],
                [
                    0.4093518555164337,
                    0.8647075891494751,
                    0.291052907705307
                ],
                [
                    -0.32617032527923584,
                    -0.15922830998897552,
                    0.9318042993545532
                ]
            ],
            [
                [
                    0.9102204442024231,
                    -0.27498552203178406,
                    -0.30964764952659607
                ],
                [
                    -0.20604082942008972,
                    0.3478924334049225,
                    -0.9146136045455933
                ],
                [
                    0.35922956466674805,
                    0.8963000774383545,
                    0.2600005567073822
                ]
            ],
            [
                [
                    0.9380148649215698,
                    -0.346560537815094,
                    -0.004882206209003925
                ],
                [
                    0.30044329166412354,
                    0.8060075640678406,
                    0.5099859833717346
                ],
                [
                    -0.17280592024326324,
                    -0.4798412621021271,
                    0.8601688742637634
                ]
            ],
            [
                [
                    0.9936652779579163,
                    0.102261483669281,
                    0.04660261049866676
                ],
                [
                    -0.09628191590309143,
                    0.9885417819023132,
                    -0.11625416576862335
                ],
                [
                    -0.05795694887638092,
                    0.11103074997663498,
                    0.9921255707740784
                ]
            ]
        ],
        "betas": [
            -0.026769280433654785,
            -0.05001059174537659,
            -0.016286194324493408,
            -0.008417755365371704,
            -0.049809932708740234,
            -0.04417351633310318,
            0.022531509399414062,
            -0.0446225106716156,
            -0.01712314784526825,
            -0.07737115025520325
        ]
    },
    "pred_cam_t": [
        -0.04953846335411072,
        -0.035675425082445145,
        5.7253336906433105
    ],
    "focal_length": [
        5000.0,
        5000.0
    ],
    "pred_keypoints_3d": [
        [
            0.0958300530910492,
            0.006387111730873585,
            0.006202986463904381
        ],
        [
            0.07913333177566528,
            0.015300669707357883,
            -0.02744978480041027
        ],
        [
            0.0548204705119133,
            0.031527139246463776,
            -0.037299998104572296
        ],
        [
            0.03237275779247284,
            0.04633733630180359,
            -0.04099782183766365
        ],
        [
            0.003939185291528702,
            0.06409961730241776,
            -0.0541938841342926
        ],
        [
            0.015451028943061829,
            0.004427015781402588,
            -0.03585510700941086
        ],
        [
            -0.009078843519091606,
            0.02579602040350437,
            -0.04159552976489067
        ],
        [
            -0.013010000810027122,
            0.047649823129177094,
            -0.04231720790266991
        ],
        [
            -0.007493715733289719,
            0.07179974764585495,
            -0.03865806758403778
        ],
        [
            0.003103800117969513,
            0.005815783981233835,
            -0.013915231451392174
        ],
        [
            -0.011907669715583324,
            0.03376508876681328,
            -0.015474599786102772
        ],
        [
            -0.010875695385038853,
            0.057047039270401,
            -0.015372446738183498
        ],
        [
            -0.003606019541621208,
            0.08135483413934708,
            -0.019450606778264046
        ],
        [
            0.010024100542068481,
            0.013679331168532372,
            0.010745605453848839
        ],
        [
            -0.004267602227628231,
            0.03738836199045181,
            0.002375825308263302
        ],
        [
            -0.004122206941246986,
            0.06206245720386505,
            -0.00060654291883111
        ],
        [
            0.0019016852602362633,
            0.0837002620100975,
            -0.011764425784349442
        ],
        [
            0.018725790083408356,
            0.02348741516470909,
            0.02823789417743683
        ],
        [
            0.006816685199737549,
            0.03907827287912369,
            0.02032465860247612
        ],
        [
            0.003719704458490014,
            0.05684952810406685,
            0.014417875558137894
        ],
        [
            0.007348638493567705,
            0.07121844589710236,
            0.0025864187628030777
        ]
    ],
    "pred_vertices": [
        [
            0.052154190838336945,
            0.017649611458182335,
            -0.02353065274655819
        ],
        [
            0.0631352961063385,
            0.018873093649744987,
            -0.01937282830476761
        ],
        [
            0.05720476433634758,
            0.022332120686769485,
            -0.02347046136856079
        ],
        [
            0.0480380579829216,
            0.0194094218313694,
            -0.029956359416246414
        ],
        [
            0.07503889501094818,
            0.034029096364974976,
            -0.02068876475095749
        ],
        [
            0.08297549188137054,
            0.03493938595056534,
            -0.029801085591316223
        ],
        [
            0.06796896457672119,
            0.040528930723667145,
            -0.03423423320055008
        ],
        [
            0.06400103867053986,
            0.03965863585472107,
            -0.024745794013142586
        ],
        [
            0.043670669198036194,
            0.019778648391366005,
            -0.03391977399587631
        ],
        [
            0.0515437126159668,
            0.025867026299238205,
            -0.026863427832722664
        ],
        [
            0.04219401627779007,
            0.0182805173099041,
            -0.03456823527812958
        ],
        [
            0.03606894984841347,
            0.005903931334614754,
            -0.04168161004781723
        ],
        [
            0.036786869168281555,
            0.012083552777767181,
            -0.03963031247258186
        ],
        [
            0.029435060918331146,
            0.0007539724465459585,
            -0.043451569974422455
        ],
        [
            0.04184965416789055,
            -0.0026671173982322216,
            -0.04071928560733795
        ],
        [
            0.027928251773118973,
            -0.0076774293556809425,
            -0.03932877257466316
        ],
        [
            0.04453396424651146,
            -0.013253745622932911,
            -0.015274121426045895
        ],
        [
            0.0449039563536644,
            -0.01111317053437233,
            -0.0017243865877389908
        ],
        [
            0.026946788653731346,
            -0.011130079627037048,
            -0.0037893448024988174
        ],
        [
            0.02853020466864109,
            -0.012347547337412834,
            -0.01756855472922325
        ],
        [
            0.03336404636502266,
            -0.0031759608536958694,
            0.01479958463460207
        ],
        [
            0.02898279018700123,
            -0.007526467554271221,
            0.004510403145104647
        ],
        [
            0.0466993972659111,
            -0.008866820484399796,
            0.006913753226399422
        ],
        [
            0.04974043741822243,
            -0.004743989557027817,
            0.015847686678171158
        ],
        [
            0.05694335326552391,
            0.018459510058164597,
            -0.009382962249219418
        ],
        [
            0.06762758642435074,
            0.019586676731705666,
            -0.006722844205796719
        ],
        [
            0.06672964990139008,
            0.0176237802952528,
            -0.01204962283372879
        ],
        [
            0.05623219907283783,
            0.017395367845892906,
            -0.014706380665302277
        ],
        [
            0.04298366233706474,
            0.024092741310596466,
            -0.03969743475317955
        ],
        [
            0.05105340853333473,
            0.011218211613595486,
            -0.0432007797062397
        ],
        [
            0.044836465269327164,
            0.012559502385556698,
            -0.03924423083662987
        ],
        [
            0.041573502123355865,
            0.026951786130666733,
            -0.03505833446979523
        ],
        [
            0.09122144430875778,
            0.030238840728998184,
            0.00663368683308363
        ],
        [
            0.10318446159362793,
            0.02409239672124386,
            0.008631852455437183
        ],
        [
            0.10392843931913376,
            0.022200457751750946,
            0.0029900819063186646
        ],
        [
            0.09286659210920334,
            0.027686337009072304,
            0.0023144111037254333
        ],
        [
            0.10025806725025177,
            0.02443118393421173,
            -0.019192373380064964
        ],
        [
            0.10729939490556717,
            0.017493296414613724,
            -0.014528244733810425
        ],
        [
            0.11310412734746933,
            0.0074601974338293076,
            -0.020492449402809143
        ],
        [
            0.10494661331176758,
            0.011993738822638988,
            -0.02696930430829525
        ],
        [
            0.09187197685241699,
            0.030269114300608635,
            -0.025024399161338806
        ],
        [
            0.0965946838259697,
            0.021561149507761,
            -0.03362084552645683
        ],
        [
            0.0856667011976242,
            0.028882460668683052,
            -0.03881149739027023
        ],
        [
            0.06888814270496368,
            0.03657624498009682,
            -0.04240405559539795
        ],
        [
            0.10151005536317825,
            0.02500252053141594,
            0.021332308650016785
        ],
        [
            0.0926184132695198,
            0.030186612159013748,
            0.02169113978743553
        ],
        [
            -5.813641473650932e-05,
            0.03420412167906761,
            -0.04539114609360695
        ],
        [
            -0.0007034200243651867,
            0.03580957651138306,
            -0.03964710235595703
        ],
        [
            0.0025282311253249645,
            0.03237365931272507,
            -0.03961505368351936
        ],
        [
            0.002213173545897007,
            0.031229041516780853,
            -0.04527467489242554
        ],
        [
            0.091460220515728,
            0.013595465570688248,
            0.03477800264954567
        ],
        [
            0.08998675644397736,
            0.003640696406364441,
            0.035614967346191406
        ],
        [
            0.0969850942492485,
            0.004890508018434048,
            0.03726876527070999
        ],
        [
            0.09905470907688141,
            0.013718714937567711,
            0.03472497686743736
        ],
        [
            0.08143945038318634,
            0.013415894471108913,
            0.03476801514625549
        ],
        [
            0.08034933358430862,
            0.0023452909663319588,
            0.032734327018260956
        ],
        [
            -0.01086527481675148,
            0.02882133238017559,
            -0.049627747386693954
        ],
        [
            -0.00632119458168745,
            0.0309554822742939,
            -0.05091480538249016
        ],
        [
            -0.004934750497341156,
            0.02598637342453003,
            -0.050417762249708176
        ],
        [
            -0.00880500953644514,
            0.023211520165205002,
            -0.04811794310808182
        ],
        [
            0.039439890533685684,
            0.015978075563907623,
            -0.03504139930009842
        ],
        [
            0.04259127005934715,
            0.017478900030255318,
            -0.027069302275776863
        ],
        [
            0.023743605241179466,
            0.013879626989364624,
            -0.03707747533917427
        ],
        [
            0.0300526674836874,
            0.014669712632894516,
            -0.03247730806469917
        ],
        [
            0.03172329068183899,
            0.012185227125883102,
            -0.03854232653975487
        ],
        [
            0.025976210832595825,
            0.010853586718440056,
            -0.041791487485170364
        ],
        [
            0.03414466977119446,
            0.018067065626382828,
            -0.009538199752569199
        ],
        [
            0.045673977583646774,
            0.018111541867256165,
            -0.007890778593719006
        ],
        [
            0.044146571308374405,
            0.0167972631752491,
            -0.01418843399733305
        ],
        [
            0.03174960985779762,
            0.01723482832312584,
            -0.017801828682422638
        ],
        [
            0.04689280688762665,
            0.023704769089818,
            0.0050744786858558655
        ],
        [
            0.03545507416129112,
            0.022688288241624832,
            0.002541163470596075
        ],
        [
            0.037586361169815063,
            0.02589954249560833,
            0.010228252038359642
        ],
        [
            0.04533461108803749,
            0.027069374918937683,
            0.010429848916828632
        ],
        [
            0.016900531947612762,
            0.019045043736696243,
            -0.0048522427678108215
        ],
        [
            0.012049645185470581,
            0.017945384606719017,
            -0.006372726988047361
        ],
        [
            0.011790122836828232,
            0.020508170127868652,
            -0.003748168470337987
        ],
        [
            0.017739493399858475,
            0.0203445702791214,
            -0.0014770643319934607
        ],
        [
            0.10395200550556183,
            0.004941015504300594,
            0.03870938718318939
        ],
        [
            0.10631794482469559,
            0.013201816007494926,
            0.0339430496096611
        ],
        [
            0.03930874168872833,
            0.008280969224870205,
            0.032628532499074936
        ],
        [
            0.045322731137275696,
            0.016910750418901443,
            0.03669629991054535
        ],
        [
            0.0321321040391922,
            0.01939694583415985,
            0.037122759968042374
        ],
        [
            0.02863338403403759,
            0.008709406480193138,
            0.03295935317873955
        ],
        [
            0.088200144469738,
            -0.0052078161388635635,
            0.030449828132987022
        ],
        [
            0.09496265649795532,
            -0.004540545865893364,
            0.03437072038650513
        ],
        [
            -0.014675429090857506,
            0.027894694358110428,
            -0.0447506457567215
        ],
        [
            -0.011809928342700005,
            0.02252954989671707,
            -0.042951859533786774
        ],
        [
            0.08621317893266678,
            0.015439264476299286,
            -0.04291762784123421
        ],
        [
            0.06796323508024216,
            0.028070369735360146,
            -0.047799814492464066
        ],
        [
            0.0982581228017807,
            0.006034555844962597,
            -0.03463655710220337
        ],
        [
            0.10511244088411331,
            -0.0007508231792598963,
            -0.0265772994607687
        ],
        [
            0.11231503635644913,
            -0.004805021919310093,
            -0.021166466176509857
        ],
        [
            0.02590150013566017,
            0.015855105593800545,
            -0.027548473328351974
        ],
        [
            0.047185007482767105,
            0.01712476648390293,
            -0.01920986920595169
        ],
        [
            0.057458315044641495,
            0.020009491592645645,
            -0.004533568397164345
        ],
        [
            0.05548127368092537,
            0.03384772688150406,
            0.023023013025522232
        ],
        [
            0.06592173874378204,
            0.03434474393725395,
            0.023835022002458572
        ],
        [
            0.06265731900930405,
            0.03249354660511017,
            0.013751697726547718
        ],
        [
            0.054129187017679214,
            0.03182671219110489,
            0.015299244783818722
        ],
        [
            0.0465703085064888,
            0.026822762563824654,
            0.035535670816898346
        ],
        [
            0.04568269103765488,
            0.03181195259094238,
            0.029254408553242683
        ],
        [
            0.03723227605223656,
            0.03147605061531067,
            0.02889421209692955
        ],
        [
            0.03601444885134697,
            0.02737433649599552,
            0.03522711247205734
        ],
        [
            0.0457233265042305,
            0.025244008749723434,
            -0.04641217738389969
        ],
        [
            0.057079896330833435,
            0.011892994865775108,
            -0.046953268349170685
        ],
        [
            0.09317471832036972,
            0.022994713857769966,
            0.030125582590699196
        ],
        [
            0.10063497722148895,
            0.021405067294836044,
            0.02824743092060089
        ],
        [
            0.10859568417072296,
            0.01828174479305744,
            0.02852686494588852
        ],
        [
            0.08003467321395874,
            0.025081166997551918,
            -0.0017217639833688736
        ],
        [
            0.0940871611237526,
            0.026035144925117493,
            -0.0008129775524139404
        ],
        [
            0.09403455257415771,
            0.025325285270810127,
            -0.005329335108399391
        ],
        [
            0.08011084794998169,
            0.022653384134173393,
            -0.004701418802142143
        ],
        [
            0.07381714135408401,
            0.023161422461271286,
            -0.01488976739346981
        ],
        [
            0.08566133677959442,
            0.02861741930246353,
            -0.015915513038635254
        ],
        [
            0.06524777412414551,
            0.028359198942780495,
            -0.017344927415251732
        ],
        [
            0.1065794825553894,
            0.019601497799158096,
            -0.004478882998228073
        ],
        [
            0.11387451738119125,
            0.019709043204784393,
            0.004011090844869614
        ],
        [
            0.11535371094942093,
            0.01623959094285965,
            -0.004092061892151833
        ],
        [
            0.11242207139730453,
            0.021164629608392715,
            0.013607701286673546
        ],
        [
            0.11056376248598099,
            0.021014586091041565,
            0.022317450493574142
        ],
        [
            0.10212040692567825,
            -0.006864681839942932,
            0.038384854793548584
        ],
        [
            0.1155688688158989,
            0.01202094741165638,
            -0.011241434141993523
        ],
        [
            0.05608377605676651,
            0.04268106073141098,
            -0.02876129560172558
        ],
        [
            0.04902525246143341,
            0.045789480209350586,
            -0.03270069137215614
        ],
        [
            0.04531087726354599,
            0.040658991783857346,
            -0.028440527617931366
        ],
        [
            0.051485948264598846,
            0.03706665337085724,
            -0.024516506120562553
        ],
        [
            0.020954951643943787,
            -0.00027669547125697136,
            -0.04466777294874191
        ],
        [
            0.024129357188940048,
            0.006612724624574184,
            -0.0449146032333374
        ],
        [
            0.03203587979078293,
            0.007417772896587849,
            -0.04304828122258186
        ],
        [
            0.08027202636003494,
            0.032422374933958054,
            0.010197727009654045
        ],
        [
            0.0820256844162941,
            0.03247882425785065,
            0.022770587354898453
        ],
        [
            0.019742809236049652,
            0.015040853060781956,
            -0.03212442994117737
        ],
        [
            -0.007211010903120041,
            0.01821671426296234,
            -0.04707638919353485
        ],
        [
            -0.0027587665244936943,
            0.021060533821582794,
            -0.049937374889850616
        ],
        [
            0.01009952463209629,
            0.0078654233366251,
            -0.047641437500715256
        ],
        [
            0.004684764891862869,
            0.004571628291159868,
            -0.04452304542064667
        ],
        [
            0.010954206809401512,
            0.013653813861310482,
            -0.02830064482986927
        ],
        [
            0.016774024814367294,
            0.015798088163137436,
            -0.03194603696465492
        ],
        [
            0.014887538738548756,
            0.016295332461595535,
            -0.03144306689500809
        ],
        [
            0.009618389420211315,
            0.016340946778655052,
            -0.027329815551638603
        ],
        [
            0.01576886512339115,
            0.023401806131005287,
            0.004181787371635437
        ],
        [
            0.020988313481211662,
            0.023281674832105637,
            0.006013286765664816
        ],
        [
            0.01329939253628254,
            -0.006976284086704254,
            -0.020064309239387512
        ],
        [
            0.01618134044110775,
            -0.012815045192837715,
            -0.03215755149722099
        ],
        [
            0.029214628040790558,
            -0.01327772717922926,
            -0.029860738664865494
        ],
        [
            0.035632360726594925,
            0.020292777568101883,
            -0.0025511495769023895
        ],
        [
            0.02536873333156109,
            0.020408812910318375,
            -0.003302335739135742
        ],
        [
            0.025882916525006294,
            0.02159232646226883,
            0.0006336672231554985
        ],
        [
            0.021990381181240082,
            0.016042958945035934,
            -0.02491656318306923
        ],
        [
            0.016035383567214012,
            0.015018611215054989,
            -0.02726319432258606
        ],
        [
            0.016895107924938202,
            0.01520749181509018,
            -0.022832684218883514
        ],
        [
            0.023072753101587296,
            0.01677655801177025,
            -0.01977100409567356
        ],
        [
            0.05848536267876625,
            0.014834119006991386,
            0.03696710988879204
        ],
        [
            0.059580154716968536,
            0.02650257758796215,
            0.035972803831100464
        ],
        [
            -0.0022454634308815002,
            0.03268732130527496,
            -0.049393508583307266
        ],
        [
            -0.0005713654682040215,
            0.02877766825258732,
            -0.04924686998128891
        ],
        [
            0.046917952597141266,
            0.02033034898340702,
            -0.0011236025020480156
        ],
        [
            0.04407524690032005,
            -0.011735182255506516,
            -0.02691907249391079
        ],
        [
            0.05805302411317825,
            0.022019218653440475,
            0.0005602724850177765
        ],
        [
            0.015663335099816322,
            0.009615977294743061,
            0.018744073808193207
        ],
        [
            0.01597335748374462,
            0.018041258677840233,
            0.018932946026325226
        ],
        [
            0.012572461739182472,
            0.020769182592630386,
            0.01628226786851883
        ],
        [
            0.00971560925245285,
            0.015612514689564705,
            0.016051530838012695
        ],
        [
            -0.0012717144563794136,
            0.026095643639564514,
            -0.029684677720069885
        ],
        [
            0.0024649263359606266,
            0.029067840427160263,
            -0.03314215689897537
        ],
        [
            0.0001834491267800331,
            0.03220720961689949,
            -0.03382806479930878
        ],
        [
            -0.004291507415473461,
            0.029911193996667862,
            -0.030770795419812202
        ],
        [
            0.01996431313455105,
            0.015310056507587433,
            -0.03694315254688263
        ],
        [
            0.021318215876817703,
            0.012768033891916275,
            -0.04255065694451332
        ],
        [
            0.017553195357322693,
            0.01593552902340889,
            -0.042325735092163086
        ],
        [
            0.01641400344669819,
            0.017051735892891884,
            -0.03642815351486206
        ],
        [
            0.01906498707830906,
            0.008422287181019783,
            -0.0459466390311718
        ],
        [
            0.01498412899672985,
            0.01188648585230112,
            -0.046613700687885284
        ],
        [
            -0.006189885549247265,
            0.02194739133119583,
            -0.030014943331480026
        ],
        [
            -0.009972658008337021,
            0.018136147409677505,
            -0.035234928131103516
        ],
        [
            0.00043350737541913986,
            0.00604457501322031,
            -0.031048601493239403
        ],
        [
            0.0029250015504658222,
            0.012673627585172653,
            -0.02733764983713627
        ],
        [
            0.06476368755102158,
            -0.007682701572775841,
            0.01746918261051178
        ],
        [
            0.06621861457824707,
            -0.0017466209828853607,
            0.02683701179921627
        ],
        [
            0.05122745782136917,
            0.0011507663875818253,
            0.025614917278289795
        ],
        [
            0.035945989191532135,
            0.0031492067500948906,
            0.02540876343846321
        ],
        [
            0.02202729508280754,
            0.005612456239759922,
            0.02371261455118656
        ],
        [
            0.01927821710705757,
            -0.002376783639192581,
            0.014647833071649075
        ],
        [
            0.05390208587050438,
            0.005762377753853798,
            0.03196830675005913
        ],
        [
            0.00911272969096899,
            0.006248807068914175,
            -0.02379261516034603
        ],
        [
            0.007949069142341614,
            -0.0015375316143035889,
            -0.027502333745360374
        ],
        [
            0.008930040523409843,
            0.00010669929906725883,
            -0.02231387421488762
        ],
        [
            0.05809693783521652,
            0.026186959818005562,
            0.006779978983104229
        ],
        [
            0.0014834469184279442,
            0.02423742786049843,
            -0.049471285194158554
        ],
        [
            0.09837758541107178,
            -0.01793082058429718,
            -0.00962134636938572
        ],
        [
            0.09549248963594437,
            -0.019340980798006058,
            0.003869837149977684
        ],
        [
            0.08781874179840088,
            -0.01786861941218376,
            -0.00022804737091064453
        ],
        [
            0.09090113639831543,
            -0.015160610899329185,
            -0.015912756323814392
        ],
        [
            0.0050320103764534,
            0.0296214260160923,
            -0.03961184248328209
        ],
        [
            0.0050527071580290794,
            0.02790752798318863,
            -0.04572615399956703
        ],
        [
            0.020686008036136627,
            0.026375992223620415,
            0.011737233959138393
        ],
        [
            0.015833159908652306,
            0.025797484442591667,
            0.009505368769168854
        ],
        [
            0.01468887459486723,
            0.02585507556796074,
            0.012772763147950172
        ],
        [
            0.018482545390725136,
            0.028516637161374092,
            0.015626192092895508
        ],
        [
            0.06848669797182083,
            0.0017628977075219154,
            0.031183458864688873
        ],
        [
            0.02478930354118347,
            0.02483791671693325,
            0.03536466509103775
        ],
        [
            0.02157914638519287,
            0.014043931849300861,
            0.032166190445423126
        ],
        [
            0.07910928875207901,
            -0.0045458003878593445,
            0.027550699189305305
        ],
        [
            0.07788806408643723,
            -0.010318921878933907,
            0.019710350781679153
        ],
        [
            0.08726072311401367,
            -0.012052664533257484,
            0.021898454055190086
        ],
        [
            0.012780072167515755,
            -0.002891628071665764,
            0.000786196906119585
        ],
        [
            0.06186646968126297,
            -0.010898951441049576,
            0.009905749931931496
        ],
        [
            0.07609161734580994,
            -0.012866152450442314,
            0.012679943814873695
        ],
        [
            0.08720570057630539,
            -0.015057585202157497,
            0.014969957061111927
        ],
        [
            0.0949307531118393,
            -0.01699761487543583,
            0.01747036725282669
        ],
        [
            0.09423449635505676,
            -0.013368172571063042,
            0.024760499596595764
        ],
        [
            -0.009592738002538681,
            0.01760343834757805,
            -0.04126671329140663
        ],
        [
            -0.013098185881972313,
            0.023646162822842598,
            -0.03623243421316147
        ],
        [
            0.1018233597278595,
            -0.0162338949739933,
            0.028857219964265823
        ],
        [
            0.10244422405958176,
            -0.01960647478699684,
            0.020206071436405182
        ],
        [
            0.07508347928524017,
            -0.015182571485638618,
            0.003779526799917221
        ],
        [
            0.07430905103683472,
            -0.01636791042983532,
            -0.008062144741415977
        ],
        [
            0.061393335461616516,
            -0.012975688092410564,
            0.0013764258474111557
        ],
        [
            0.05948322266340256,
            -0.014356652274727821,
            -0.010161139070987701
        ],
        [
            0.013159109279513359,
            -0.011326046660542488,
            -0.006767375394701958
        ],
        [
            -0.018446721136569977,
            0.04221242293715477,
            -0.03668475151062012
        ],
        [
            -0.014049452729523182,
            0.03195030987262726,
            -0.033533722162246704
        ],
        [
            -0.008800530806183815,
            0.03403801843523979,
            -0.032075025141239166
        ],
        [
            -0.015131865628063679,
            0.043023690581321716,
            -0.03401212766766548
        ],
        [
            -0.009249629452824593,
            0.026754535734653473,
            -0.03134259581565857
        ],
        [
            -0.016079435124993324,
            0.02917609177529812,
            -0.038101088255643845
        ],
        [
            0.059736378490924835,
            -0.0116279823705554,
            -0.02535240352153778
        ],
        [
            0.011808568611741066,
            0.013963834382593632,
            -0.02440750040113926
        ],
        [
            0.07662855088710785,
            -0.0105367973446846,
            -0.026451323181390762
        ],
        [
            0.054623812437057495,
            -0.004500569310039282,
            -0.03986860066652298
        ],
        [
            0.06710667163133621,
            -0.0007957145571708679,
            -0.04117898270487785
        ],
        [
            0.09432132542133331,
            -0.007678334601223469,
            -0.028728406876325607
        ],
        [
            0.0832032859325409,
            0.0014614921528846025,
            -0.04081561416387558
        ],
        [
            0.1087178885936737,
            -0.014057833701372147,
            -0.015750866383314133
        ],
