{
    "pred_cam": [
        10.431912422180176,
        0.09081374853849411,
        -0.05562198907136917
    ],
    "pred_mano_params": {
        "global_orient": [
            [
                [
                    0.33501964807510376,
                    -0.8965945243835449,
                    -0.2896207273006439
                ],
                [
                    -0.823348879814148,
                    -0.12913240492343903,
                    -0.5526494383811951
                ],
                [
                    0.4581030011177063,
                    0.42360737919807434,
                    -0.7814719676971436
                ]
            ]
        ],
        "hand_pose": [
            [
                [
                    0.850744366645813,
                    -0.3738495409488678,
                    -0.3694191575050354
                ],
                [
                    0.33095064759254456,
                    0.927081286907196,
                    -0.1760452836751938
                ],
                [
                    0.40829604864120483,
                    0.0275100264698267,
                    0.9124349355697632
                ]
            ],
            [
                [
                    0.8771055936813354,
                    -0.46931084990501404,
                    0.10214293748140335
                ],
                [
                    0.4799135625362396,
                    0.8478533029556274,
                    -0.22545021772384644
                ],
                [
                    0.019204000011086464,
                    0.2467634230852127,
                    0.9688855409622192
                ]
            ],
            [
                [
                    0.772367537021637,
                    -0.635134220123291,
                    0.007266223430633545
                ],
                [
                    0.6328084468841553,
                    0.7684517502784729,
                    -0.09505408257246017
                ],
                [
                    0.054788365960121155,
                    0.07801482081413269,
                    0.9954454898834229
                ]
            ],
            [
                [
                    0.8324252367019653,
                    -0.4877823293209076,
                    -0.2629384696483612
                ],
                [
                    0.4326632618904114,
                    0.8685856461524963,
                    -0.24158108234405518
                ],
                [
                    0.3462235927581787,
                    0.08733437955379486,
                    0.9340780973434448
                ]
            ],
            [
                [
                    0.7447242140769958,
                    -0.6276015043258667,
                    -0.22694092988967896
                ],
                [
                    0.6673594117164612,
                    0.6982116103172302,
                    0.2590983510017395
                ],
                [
                    -0.004157721996307373,
                    -0.34440797567367554,
                    0.9388108253479004
                ]
            ],
            [
                [
                    0.7185340523719788,
                    -0.6902368068695068,
                    0.08533460646867752
                ],
                [
                    0.689301073551178,
                    0.7230918407440186,
                    0.04474532976746559
                ],
                [
                    -0.09258963912725449,
                    0.026670198887586594,
                    0.9953470826148987
                ]
            ],
            [
                [
                    0.8368086814880371,
                    -0.4507730007171631,
                    0.31073305010795593
                ],
                [
                    0.4735203683376312,
                    0.8807792663574219,
                    0.002528230892494321
                ],
                [
                    -0.27482688426971436,
                    0.14502276480197906,
                    0.9504939317703247
                ]
            ],
            [
                [
                    0.87736576795578,
                    -0.42255115509033203,
                    -0.22733215987682343
                ],
                [
                    0.46889054775238037,
                    0.6544846296310425,
                    0.593120276927948
                ],
                [
                    -0.10183823108673096,
                    -0.626977264881134,
                    0.7723526358604431
                ]
            ],
            [
                [
                    0.7633664608001709,
                    -0.5637848377227783,
                    0.31530678272247314
                ],
                [
                    0.4893709719181061,
                    0.823352038860321,
                    0.2874152362346649
                ],
                [
                    -0.4216488003730774,
                    -0.06510116904973984,
                    0.9044193029403687
                ]
            ],
            [
                [
                    0.8868132829666138,
                    -0.46201562881469727,
                    -0.01018200721591711
                ],
                [
                    0.45133453607559204,
                    0.8706250190734863,
                    -0.19572734832763672
                ],
                [
                    0.09929380565881729,
                    0.16897812485694885,
                    0.98060542345047
                ]
            ],
            [
                [
                    0.7939226031303406,
                    -0.5753037929534912,
                    -0.19675473868846893
                ],
                [
                    0.6037225723266602,
                    0.7074962258338928,
                    0.3673800826072693
                ],
                [
                    -0.07215192914009094,
                    -0.41045665740966797,
                    0.9090211391448975
                ]
            ],
            [
                [
                    0.6989007592201233,
                    -0.7001888155937195,
                    0.14585331082344055
                ],
                [
                    0.6671378016471863,
                    0.7117254734039307,
                    0.2199409008026123
                ],
                [
                    -0.2578077018260956,
                    -0.056412626057863235,
                    0.9645479321479797
                ]
            ],
            [
                [
                    0.9526967406272888,
                    0.290267676115036,
                    0.0900753065943718
                ],
                [
                    -0.2147354632616043,
                    0.8526175022125244,
                    -0.4763738512992859
                ],
                [
                    -0.21507571637630463,
                    0.4344974756240845,
                    0.8746166825294495
                ]
            ],
            [
                [
                    0.8878300786018372,
                    -0.34424006938934326,
                    -0.3053794801235199
                ],
                [
                    0.4361913502216339,
                    0.8409788012504578,
                    0.32014337182044983
                ],
                [
                    0.1466115117073059,
                    -0.41743677854537964,
                    0.8968008160591125
                ]
            ],
            [
                [
                    0.9954371452331543,
                    0.0017522682901471853,
                    -0.09540366381406784
                ],
                [
                    -0.029075108468532562,
                    0.9578554630279541,
                    -0.28577545285224915
                ],
                [
                    0.09088215976953506,
                    0.28724536299705505,
                    0.9535358548164368
                ]
            ]
        ],
        "betas": [
            0.04652239382266998,
            -0.09535527229309082,
            0.01780092716217041,
            0.027876228094100952,
            -0.028005659580230713,
            0.011761654168367386,
            0.02840396761894226,
            -0.07012078166007996,
            -0.03160230815410614,
            -0.008816152811050415
        ]
    },
    "pred_cam_t": [
        -0.09081374853849411,
        -0.05562198907136917,
        3.7445194721221924
    ],
    "focal_length": [
        5000.0,
        5000.0
    ],
    "pred_keypoints_3d": [
        [
            0.09547455608844757,
            0.006367793306708336,
            0.006195539608597755
        ],
        [
            0.09386838972568512,
            0.01386988628655672,
            -0.03146094083786011
        ],
        [
            0.08677071332931519,
            0.014138796366751194,
            -0.06131097674369812
        ],
        [
            0.08403869718313217,
            0.028005007654428482,
            -0.08435565233230591
        ],
        [
            0.08187950402498245,
            0.04536549374461174,
            -0.11530527472496033
        ],
        [
            0.064768947660923,
            0.06803779304027557,
            -0.052289508283138275
        ],
        [
            0.06461406499147415,
            0.09992697089910507,
            -0.06047801673412323
        ],
        [
            0.07851772010326385,
            0.11626560240983963,
            -0.06597704440355301
        ],
        [
            0.10249625891447067,
            0.12378860265016556,
            -0.06713186949491501
        ],
        [
            0.06618994474411011,
            0.08622831851243973,
            -0.035046160221099854
        ],
        [
            0.0716724693775177,
            0.11718166619539261,
            -0.03876418620347977
        ],
        [
            0.09193410724401474,
            0.1281958520412445,
            -0.041574832051992416
        ],
        [
            0.11602047085762024,
            0.1262582540512085,
            -0.04878346994519234
        ],
        [
            0.07941986620426178,
            0.08881568908691406,
            -0.012066870927810669
        ],
        [
            0.08176295459270477,
            0.11557772755622864,
            -0.022411178797483444
        ],
        [
            0.10233969986438751,
            0.1283542960882187,
            -0.02742733247578144
        ],
        [
            0.1250184178352356,
            0.12711147964000702,
            -0.03720998764038086
        ],
        [
            0.09381726384162903,
            0.0880708172917366,
            0.00420285202562809
        ],
        [
            0.09695542603731155,
            0.10797885060310364,
            -0.0019129039719700813
        ],
        [
            0.1124415248632431,
            0.11686922609806061,
            -0.008112551644444466
        ],
        [
            0.12565432488918304,
            0.11531896144151688,
            -0.01908913441002369
        ]
    ],
    "pred_vertices": [
        [
            0.08918486535549164,
            0.04010617360472679,
            -0.037690937519073486
        ],
        [
            0.09450782835483551,
            0.03235024958848953,
            -0.03460748493671417
        ],
        [
            0.09272277355194092,
            0.03263421356678009,
            -0.04649484157562256
        ],
        [
            0.08744633942842484,
            0.04024181887507439,
            -0.04823657125234604
        ],
        [
            0.10736162215471268,
            0.01646345481276512,
            -0.04213334247469902
        ],
        [
            0.10696740448474884,
            0.004083175212144852,
            -0.04333719238638878
        ],
        [
            0.1019618958234787,
            0.0090387724339962,
            -0.05887714773416519
        ],
        [
            0.10397226363420486,
            0.018538983538746834,
            -0.05613749474287033
        ],
        [
            0.08357322216033936,
            0.03917749226093292,
            -0.056376032531261444
        ],
        [
            0.09104713797569275,
            0.03260023146867752,
            -0.05521560460329056
        ],
        [
            0.07856407016515732,
            0.0349406935274601,
            -0.0584297776222229
        ],
        [
            0.06789956241846085,
            0.04205362871289253,
            -0.05693308636546135
        ],
        [
            0.0753697007894516,
            0.045322079211473465,
            -0.05630989372730255
        ],
        [
            0.06253763288259506,
            0.0493631437420845,
            -0.056988731026649475
        ],
        [
            0.061830878257751465,
            0.03502205014228821,
            -0.050079941749572754
        ],
        [
            0.05578899756073952,
            0.04991435259580612,
            -0.050032686442136765
        ],
        [
            0.05989028513431549,
            0.04267363250255585,
            -0.0213911272585392
        ],
        [
            0.06430091708898544,
            0.04687058925628662,
            -0.009464889764785767
        ],
        [
            0.060043253004550934,
            0.06170257180929184,
            -0.016076162457466125
        ],
        [
            0.05669870972633362,
            0.056216590106487274,
            -0.028031574562191963
        ],
        [
            0.07200062274932861,
            0.06288870424032211,
            0.0008519589900970459
        ],
        [
            0.06501711905002594,
            0.0631222352385521,
            -0.00866183266043663
        ],
        [
            0.06824862957000732,
            0.04816612973809242,
            -0.001525186002254486
        ],
        [
            0.07447194308042526,
            0.04879072681069374,
            0.006569376215338707
        ],
        [
            0.0937729924917221,
            0.0405200831592083,
            -0.020994706079363823
        ],
        [
            0.09864674508571625,
            0.03262858837842941,
            -0.016198832541704178
        ],
        [
            0.09635068476200104,
            0.032463300973176956,
            -0.02218727581202984
        ],
        [
            0.09189252555370331,
            0.039620645344257355,
            -0.026431292295455933
        ],
        [
            0.0761735811829567,
            0.02351008728146553,
            -0.06422305107116699
        ],
        [
            0.07145045697689056,
            0.02032526209950447,
            -0.055905185639858246
        ],
        [
            0.07249249517917633,
            0.028549131006002426,
            -0.05709097534418106
        ],
        [
            0.0799742043018341,
            0.02767385169863701,
            -0.06442651897668839
        ],
        [
            0.11663870513439178,
            0.016178585588932037,
            -0.0001761987805366516
        ],
        [
            0.11461283266544342,
            0.004316873848438263,
            0.005910661071538925
        ],
        [
            0.11223682761192322,
            0.0017299056053161621,
            0.0012659132480621338
        ],
        [
            0.11418761312961578,
            0.0134129598736763,
            -0.0030774176120758057
        ],
        [
            0.10823507606983185,
            -0.0026306509971618652,
            -0.021416470408439636
        ],
        [
            0.10540647804737091,
            -0.007564976811408997,
            -0.012367211282253265
        ],
        [
            0.09588994085788727,
            -0.018186412751674652,
            -0.013672254979610443
        ],
        [
            0.09496412426233292,
            -0.013209834694862366,
            -0.021856073290109634
        ],
        [
            0.10874610394239426,
            0.0011983849108219147,
            -0.032367464154958725
        ],
        [
            0.09890590608119965,
            -0.009002968668937683,
            -0.03270978853106499
        ],
        [
            0.09891055524349213,
            -0.004466842859983444,
            -0.043612994253635406
        ],
        [
            0.09534937143325806,
            0.002105318009853363,
            -0.05936291068792343
        ],
        [
            0.11715060472488403,
            0.00977354496717453,
            0.017227666452527046
        ],
        [
            0.11948472261428833,
            0.019153140485286713,
            0.014250978827476501
        ],
        [
            0.07469967752695084,
            0.09789039194583893,
            -0.06722782552242279
        ],
        [
            0.07698383927345276,
            0.09953079372644424,
            -0.061964813619852066
        ],
        [
            0.07627563178539276,
            0.09535663574934006,
            -0.06167609989643097
        ],
        [
            0.07375802099704742,
            0.09459176659584045,
            -0.06684139370918274
        ],
        [
            0.10587601363658905,
            0.020412422716617584,
            0.03011779487133026
        ],
        [
            0.09622104465961456,
            0.019854381680488586,
            0.033002372831106186
        ],
        [
            0.09968175739049911,
            0.014180414378643036,
            0.03595970571041107
        ],
        [
            0.10814066231250763,
            0.013463549315929413,
            0.031901225447654724
        ],
        [
            0.102949358522892,
            0.02957688271999359,
            0.027575474232435226
        ],
        [
            0.09185998141765594,
            0.027580730617046356,
            0.02818705141544342
        ],
        [
            0.06349525600671768,
            0.10377983003854752,
            -0.06893318891525269
        ],
        [
            0.06735339760780334,
            0.10114593803882599,
            -0.07115444540977478
        ],
        [
            0.06435401737689972,
            0.09731095284223557,
            -0.0697709321975708
        ],
        [
            0.060583263635635376,
            0.09915147721767426,
            -0.06646859645843506
        ],
        [
            0.08172651380300522,
            0.04715639352798462,
            -0.05086269974708557
        ],
        [
            0.08593815565109253,
            0.04794110357761383,
            -0.0418107733130455
        ],
        [
            0.07571955025196075,
            0.06373093277215958,
            -0.055531419813632965
        ],
        [
            0.07924629002809525,
            0.057773277163505554,
            -0.04875873774290085
        ],
        [
            0.07613041251897812,
            0.05356242507696152,
            -0.054257504642009735
        ],
        [
            0.07230830937623978,
            0.059212785214185715,
            -0.05875153839588165
        ],
        [
            0.08726713806390762,
            0.06160588562488556,
            -0.02657146006822586
        ],
        [
            0.09062489867210388,
            0.0512552373111248,
            -0.022168699651956558
        ],
        [
            0.08797012269496918,
            0.05053160712122917,
            -0.028224995359778404
        ],
        [
            0.08446353673934937,
            0.061217114329338074,
            -0.03470772132277489
        ],
        [
            0.0983007401227951,
            0.05537031590938568,
            -0.01099669560790062
        ],
        [
            0.09401485323905945,
            0.06522991508245468,
            -0.01609092950820923
        ],
        [
            0.09884130954742432,
            0.0665329322218895,
            -0.009142572060227394
        ],
        [
            0.10190670192241669,
            0.05928869917988777,
            -0.007162172347307205
        ],
        [
            0.08449264615774155,
            0.0803418904542923,
            -0.026908433064818382
        ],
        [
            0.08057288080453873,
            0.08611047267913818,
            -0.02876541204750538
        ],
        [
            0.08289337158203125,
            0.08890064805746078,
            -0.02648455835878849
        ],
        [
            0.08614107966423035,
            0.08142818510532379,
            -0.023563120514154434
        ],
        [
            0.10195666551589966,
            0.00821404904127121,
            0.038984861224889755
        ],
        [
            0.10958057641983032,
            0.006453916430473328,
            0.03303997218608856
        ],
        [
            0.08683843910694122,
            0.06558562815189362,
            0.01624913327395916
        ],
        [
            0.09735503047704697,
            0.0639897882938385,
            0.019589558243751526
        ],
        [
            0.09539506584405899,
            0.07668352872133255,
            0.017334265634417534
        ],
        [
            0.0845136046409607,
            0.07497626543045044,
            0.014347095042467117
        ],
        [
            0.08650429546833038,
            0.018015101552009583,
            0.02987375482916832
        ],
        [
            0.08971187472343445,
            0.01309259980916977,
            0.035058919340372086
        ],
        [
            0.06184852495789528,
            0.10662084817886353,
            -0.06364184617996216
        ],
        [
            0.05968783423304558,
            0.10157652199268341,
            -0.0609428808093071
        ],
        [
            0.08711618185043335,
            -0.006919451057910919,
            -0.039011284708976746
        ],
        [
            0.08647774904966354,
            0.00016271322965621948,
            -0.05729411542415619
        ],
        [
            0.08626187592744827,
            -0.0112697072327137,
            -0.02579045668244362
        ],
        [
            0.08488515019416809,
            -0.014675147831439972,
            -0.016652625054121017
        ],
        [
            0.0845704898238182,
            -0.020357578992843628,
            -0.010592948645353317
        ],
        [
            0.08021437376737595,
            0.06362930685281754,
            -0.04545571282505989
        ],
        [
            0.08828859776258469,
            0.046238433569669724,
            -0.032649554312229156
        ],
        [
            0.09605385363101959,
            0.04171276465058327,
            -0.016518287360668182
        ],
        [
            0.11309610307216644,
            0.05495243892073631,
            0.005457928404211998
        ],
        [
            0.11651811003684998,
            0.04538877680897713,
            0.008689278736710548
        ],
        [
            0.11213436722755432,
            0.04509265348315239,
            -0.0010184776037931442
        ],
        [
            0.1094849556684494,
            0.05351407825946808,
            -0.0015268530696630478
        ],
        [
            0.10649086534976959,
            0.06519810855388641,
            0.016501203179359436
        ],
        [
            0.10966338217258453,
            0.06579402089118958,
            0.009153135120868683
        ],
        [
            0.1066255122423172,
            0.07462853938341141,
            0.00706747081130743
        ],
        [
            0.1036255955696106,
            0.0755968689918518,
            0.014133675023913383
        ],
        [
            0.07437347620725632,
            0.016471017152071,
            -0.06692948937416077
        ],
        [
            0.0718832015991211,
            0.012351639568805695,
            -0.05542875826358795
        ],
        [
            0.1143755167722702,
            0.01951298862695694,
            0.02392556518316269
        ],
        [
            0.11467133462429047,
            0.01178489625453949,
            0.024337556213140488
        ],
        [
            0.11411117017269135,
            0.0038963928818702698,
            0.02729378268122673
        ],
        [
            0.10806873440742493,
            0.024162691086530685,
            -0.009444722905755043
        ],
        [
            0.11272044479846954,
            0.01153605431318283,
            -0.005236532539129257
        ],
        [
            0.11166289448738098,
            0.010625503957271576,
            -0.009635686874389648
        ],
        [
            0.10606233775615692,
            0.02385774627327919,
            -0.012033190578222275
        ],
        [
            0.10293366014957428,
            0.025517240166664124,
            -0.031269244849681854
        ],
        [
            0.10984759032726288,
            0.01400800421833992,
            -0.027382731437683105
        ],
        [
            0.10107593238353729,
            0.0271642804145813,
            -0.04440716281533241
        ],
        [
            0.10952896624803543,
            -0.003301583230495453,
            -0.004273075610399246
        ],
        [
            0.11306910216808319,
            -0.0078110769391059875,
            0.005121003836393356
        ],
        [
            0.10890654474496841,
            -0.012442074716091156,
            -0.0011767446994781494
        ],
        [
            0.11551903188228607,
            -0.0033270567655563354,
            0.013478860259056091
        ],
        [
            0.11624153703451157,
            0.000889413058757782,
            0.021303463727235794
        ],
        [
            0.09022237360477448,
            0.007175073027610779,
            0.04111571982502937
        ],
        [
            0.10336951166391373,
            -0.01592174917459488,
            -0.0065185390412807465
        ],
        [
            0.10003577172756195,
            0.019676797091960907,
            -0.06496411561965942
        ],
        [
            0.09644000232219696,
            0.021509990096092224,
            -0.07175379991531372
        ],
        [
            0.09342531859874725,
            0.027203001081943512,
            -0.06801830232143402
        ],
        [
            0.09598669409751892,
            0.026175351813435555,
            -0.061819206923246384
        ],
        [
            0.05846947059035301,
            0.05891597270965576,
            -0.058793820440769196
        ],
        [
            0.0662299394607544,
            0.05866258218884468,
            -0.06094154343008995
        ],
        [
            0.07006765156984329,
            0.04954090714454651,
            -0.05803104490041733
        ],
        [
            0.11623547226190567,
            0.02765592932701111,
            -2.2023916244506836e-05
        ],
        [
            0.1189020648598671,
            0.029727861285209656,
            0.012164585292339325
        ],
        [
            0.07612912356853485,
            0.06931475549936295,
            -0.051841411739587784
        ],
        [
            0.058084599673748016,
            0.09510520845651627,
            -0.06438688933849335
        ],
        [
            0.06205590441823006,
            0.09288884699344635,
            -0.0682925283908844
        ],
        [
            0.059490203857421875,
            0.07580943405628204,
            -0.06363430619239807
        ],
        [
            0.05485948920249939,
            0.07867555320262909,
            -0.05948541685938835
        ],
        [
            0.07097835838794708,
            0.07891957461833954,
            -0.04843882471323013
        ],
        [
            0.0744042843580246,
            0.07404080033302307,
            -0.052022259682416916
        ],
        [
            0.07335373014211655,
            0.07681475579738617,
            -0.05133042484521866
        ],
        [
            0.07161965221166611,
            0.08159696310758591,
            -0.047174595296382904
        ],
        [
            0.08767800033092499,
            0.08830229938030243,
            -0.018590904772281647
        ],
        [
            0.09070523083209991,
            0.08195433020591736,
            -0.016172688454389572
        ],
        [
            0.05681387335062027,
            0.07054704427719116,
            -0.035521235316991806
        ],
        [
            0.050413839519023895,
            0.06214698776602745,
            -0.04379044473171234
        ],
        [
            0.0537491999566555,
            0.05132265388965607,
            -0.038690224289894104
        ],
        [
            0.09095226228237152,
            0.06286990642547607,
            -0.020206548273563385
        ],
        [
            0.08828089386224747,
            0.07254181057214737,
            -0.02356797643005848
        ],
        [
            0.09011649340391159,
            0.07378755509853363,
            -0.019998066127300262
        ],
        [
            0.0795409083366394,
            0.06826505064964294,
            -0.0439266599714756
        ],
        [
            0.07594189047813416,
            0.07361144572496414,
            -0.04757017269730568
        ],
        [
            0.07771714776754379,
            0.07400687783956528,
            -0.04296862334012985
        ],
        [
            0.08133438229560852,
            0.06887467950582504,
            -0.03867378085851669
        ],
        [
            0.09876462817192078,
            0.05149472504854202,
            0.023467713966965675
        ],
        [
            0.10970483720302582,
            0.05301634594798088,
            0.020122364163398743
        ],
        [
            0.07132629305124283,
            0.0987546369433403,
            -0.07053953409194946
        ],
        [
            0.06930068880319595,
            0.09530811756849289,
            -0.06982314586639404
        ],
        [
            0.09414336085319519,
            0.05268799141049385,
            -0.016005536541342735
        ],
        [
            0.05878331512212753,
            0.038996919989585876,
            -0.03234951198101044
        ],
        [
            0.09886915981769562,
            0.04311078041791916,
            -0.011985618621110916
        ],
        [
            0.07743607461452484,
            0.08408109843730927,
            -0.0017075445502996445
        ],
        [
            0.08411417156457901,
            0.08794192969799042,
            -0.0023415256291627884
        ],
        [
            0.08287828415632248,
            0.09202657639980316,
            -0.006121993064880371
        ],
        [
            0.07680558413267136,
            0.09153857082128525,
            -0.0057435352355241776
        ],
        [
            0.07216756790876389,
            0.09562671184539795,
            -0.05034191533923149
        ],
        [
            0.07565391063690186,
            0.09409648180007935,
            -0.054653722792863846
        ],
        [
            0.07622858136892319,
            0.0975228026509285,
            -0.0557984858751297
        ],
        [
            0.0727088525891304,
            0.10005678981542587,
            -0.051860906183719635
        ],
        [
            0.07404173910617828,
            0.0705079659819603,
            -0.05662591755390167
        ],
        [
            0.07092809677124023,
            0.06680051237344742,
            -0.060974664986133575
        ],
        [
            0.071119524538517,
            0.07373310625553131,
            -0.06148706004023552
        ],
        [
            0.07313431799411774,
            0.0756407156586647,
            -0.05628374591469765
        ],
        [
            0.06483763456344604,
            0.06711813807487488,
            -0.06273749470710754
        ],
        [
            0.06543046981096268,
            0.07377218455076218,
            -0.06413306295871735
        ],
        [
            0.06605719029903412,
            0.09725004434585571,
            -0.049102533608675
        ],
        [
            0.059516169130802155,
            0.09794358909130096,
            -0.05267896503210068
        ],
        [
            0.057318683713674545,
            0.08368515223264694,
            -0.04696301370859146
        ],
        [
            0.06500404328107834,
            0.0851115882396698,
            -0.0455542616546154
        ],
        [
            0.07579652965068817,
            0.03509252518415451,
            0.012471204623579979
        ],
        [
            0.08333585411310196,
            0.03782570734620094,
            0.020176179707050323
        ],
        [
            0.08210133016109467,
            0.051554977893829346,
            0.014607338234782219
        ],
        [
            0.0801662728190422,
            0.06512156128883362,
            0.010128643363714218
        ],
        [
            0.0786641463637352,
            0.07769861817359924,
            0.004434812813997269
        ],
        [
            0.06922872364521027,
            0.07501198351383209,
            -0.0029888153076171875
        ],
        [
            0.08810947835445404,
            0.05207007750868797,
            0.020032931119203568
        ],
        [
            0.06543528288602829,
            0.08057135343551636,
            -0.04332811012864113
        ],
        [
            0.05697938799858093,
            0.07458445429801941,
            -0.04355032369494438
        ],
        [
            0.06019141897559166,
            0.0775880292057991,
            -0.04018568992614746
        ],
        [
            0.10380775481462479,
            0.045859549194574356,
            -0.007145838811993599
        ],
        [
            0.06707371771335602,
            0.09120327979326248,
            -0.06897243112325668
        ],
        [
            0.07095134258270264,
            -0.006340987980365753,
            -0.0009157694876194
        ],
        [
            0.07092660665512085,
            0.00017380714416503906,
            0.010378703474998474
        ],
        [
            0.06950963288545609,
            0.006461508572101593,
            0.004448994994163513
        ],
        [
            0.07035024464130402,
            -0.000685572624206543,
            -0.00815986841917038
        ],
        [
            0.07585202902555466,
            0.09191834926605225,
            -0.061205796897411346
        ],
        [
            0.07289743423461914,
            0.090578094124794,
            -0.06663952767848969
        ],
        [
            0.09313792735338211,
            0.08543702214956284,
            -0.01071280986070633
        ],
        [
            0.08934402465820312,
            0.09017004072666168,
            -0.013358740136027336
        ],
        [
            0.08800080418586731,
            0.09247319400310516,
            -0.01014203205704689
        ],
        [
            0.09350251406431198,
            0.09051428735256195,
            -0.0067149000242352486
        ],
        [
            0.08793595433235168,
            0.03778909146785736,
            0.023892421275377274
        ],
        [
            0.09417522698640823,
            0.08478458225727081,
            0.014932190999388695
        ],
        [
            0.08491888642311096,
            0.08315856754779816,
            0.01262691430747509
        ],
        [
            0.08416027575731277,
            0.02565358579158783,
            0.0247582346200943
        ],
        [
            0.07708553969860077,
            0.02319030463695526,
            0.018493682146072388
        ],
        [
            0.07834974676370621,
            0.014834538102149963,
            0.023300763219594955
        ],
        [
            0.0632370263338089,
            0.0779581144452095,
            -0.017155293375253677
        ],
        [
            0.07070785760879517,
            0.034847598522901535,
            0.005480628460645676
        ],
        [
            0.07305040210485458,
            0.022207729518413544,
            0.012083422392606735
        ],
        [
            0.07437584549188614,
            0.012156173586845398,
            0.01752079278230667
        ],
        [
            0.07511576265096664,
            0.0052992552518844604,
            0.02224048599600792
        ],
        [
            0.07957199215888977,
            0.008927613496780396,
            0.028013700619339943
        ],
        [
            0.05772589519619942,
            0.09708868712186813,
            -0.05837015062570572
        ],
        [
            0.06152241304516792,
            0.1035127341747284,
            -0.05466853454709053
        ],
        [
            0.07968950271606445,
            0.00249394029378891,
            0.03441382944583893
        ],
        [
            0.07524745166301727,
            -0.0014406219124794006,
            0.02729201316833496
        ],
        [
            0.0691642239689827,
            0.01999594271183014,
            0.004074070602655411
        ],
        [
            0.06597737967967987,
            0.016948990523815155,
            -0.005947131663560867
        ],
        [
            0.06724292039871216,
            0.03235848620533943,
            -0.0020602867007255554
        ],
        [
            0.06356614828109741,
            0.030402787029743195,
            -0.012614339590072632
        ],
        [
            0.05599570274353027,
            0.0719972550868988,
            -0.022304564714431763
        ],
        [
            0.07292994111776352,
            0.11792120337486267,
            -0.058620575815439224
        ],
        [
            0.06794960796833038,
            0.1086900383234024,
            -0.05381784588098526
        ],
        [
            0.07285398989915848,
            0.10557860136032104,
            -0.0534135103225708
        ],
        [
            0.0760016068816185,
            0.11570772528648376,
            -0.05635768175125122
        ],
        [
            0.06733609735965729,
            0.10227851569652557,
            -0.0511406771838665
        ],
        [
            0.06361855566501617,
            0.10872647166252136,
            -0.05743173509836197
        ],
        [
            0.06317304819822311,
            0.025145262479782104,
            -0.025961752980947495
        ],
        [
            0.07426118850708008,
            0.0801863893866539,
            -0.04530257731676102
        ],
        [
            0.06849497556686401,
            0.009313546121120453,
            -0.02077997848391533
        ],
        [
            0.06331665813922882,
            0.022458359599113464,
            -0.04319891333580017
        ],
        [
            0.0693705677986145,
            0.01051969826221466,
            -0.03994773328304291
        ],
        [
            0.07484719157218933,
            -0.0069283172488212585,
            -0.017791058868169785
        ],
        [
            0.0757603719830513,
            -0.00280960276722908,
            -0.03274631127715111
        ],
        [
            0.07611329108476639,
            -0.017134197056293488,
            -0.00462418794631958
        ],
        [
            0.07500708848237991,
            -0.011013597249984741,
            -0.010287411510944366
        ],
        [
            0.0770316794514656,
            0.0010325945913791656,
            -0.04810792952775955
        ],
        [
            0.0808558389544487,
