{
    "pred_cam": [
        6.47152042388916,
        -0.16178956627845764,
        -0.024232879281044006
    ],
    "pred_mano_params": {
        "global_orient": [
            [
                [
                    -0.6689804196357727,
                    -0.7157012820243835,
                    0.2005913108587265
                ],
                [
                    0.0203388761729002,
                    -0.2873986065387726,
                    -0.9575951099395752
                ],
                [
                    0.7430017590522766,
                    -0.6365325450897217,
                    0.20682060718536377
                ]
            ]
        ],
        "hand_pose": [
            [
                [
                    0.8522704839706421,
                    -0.4230225384235382,
                    -0.30771228671073914
                ],
                [
                    0.38641420006752014,
                    0.9056217670440674,
                    -0.1747378259897232
                ],
                [
                    0.3525889813899994,
                    0.030019504949450493,
                    0.9352965950965881
                ]
            ],
            [
                [
                    0.9056077003479004,
                    -0.40166810154914856,
                    0.1361519992351532
                ],
                [
                    0.42406901717185974,
                    0.8623722195625305,
                    -0.276549369096756
                ],
                [
                    -0.006332641467452049,
                    0.30818310379981995,
                    0.9513059258460999
                ]
            ],
            [
                [
                    0.779785692691803,
                    -0.6174482107162476,
                    0.10340181738138199
                ],
                [
                    0.6001808047294617,
                    0.7842862606048584,
                    0.1570926308631897
                ],
                [
                    -0.17809318006038666,
                    -0.06043881177902222,
                    0.9821557402610779
                ]
            ],
            [
                [
                    0.6406884789466858,
                    -0.7253100872039795,
                    -0.25188013911247253
                ],
                [
                    0.7348434329032898,
                    0.6743355393409729,
                    -0.07264043390750885
                ],
                [
                    0.22253857553005219,
                    -0.13855257630348206,
                    0.9650284051895142
                ]
            ],
            [
                [
                    0.9958806037902832,
                    -0.06130644306540489,
                    -0.06680859625339508
                ],
                [
                    0.07455262541770935,
                    0.972995400428772,
                    0.21845325827598572
                ],
                [
                    0.051611851900815964,
                    -0.22253410518169403,
                    0.9735578298568726
                ]
            ],
            [
                [
                    0.8922409415245056,
                    -0.45091795921325684,
                    0.024066098034381866
                ],
                [
                    0.451119601726532,
                    0.8924569487571716,
                    -0.003429254749789834
                ],
                [
                    -0.019931642338633537,
                    0.013916409574449062,
                    0.9997045397758484
                ]
            ],
            [
                [
                    0.6748915910720825,
                    -0.6977640986442566,
                    0.2400970160961151
                ],
                [
                    0.582481324672699,
                    0.7034996747970581,
                    0.4071899950504303
                ],
                [
                    -0.4530307650566101,
                    -0.13495707511901855,
                    0.8812205791473389
                ]
            ],
            [
                [
                    0.9815979599952698,
                    -0.10090000927448273,
                    -0.16212530434131622
                ],
                [
                    0.0956786572933197,
                    0.9946195483207703,
                    -0.03971710428595543
                ],
                [
                    0.16526047885417938,
                    0.023474296554923058,
                    0.9859704971313477
                ]
            ],
            [
                [
                    0.9956382513046265,
                    -0.07517088204622269,
                    -0.0552612766623497
                ],
                [
                    0.09324532747268677,
                    0.8216004371643066,
                    0.5623859763145447
                ],
                [
                    0.003127629403024912,
                    -0.5650858283042908,
                    0.8250261545181274
                ]
            ],
            [
                [
                    0.6831213235855103,
                    -0.7302005290985107,
                    0.012347904033958912
                ],
                [
                    0.7279422879219055,
                    0.6794552803039551,
                    -0.09187285602092743
                ],
                [
                    0.05869574844837189,
                    0.07174887508153915,
                    0.9956942200660706
                ]
            ],
            [
                [
                    0.9989659786224365,
                    -0.03807782381772995,
                    0.024840230122208595
                ],
                [
                    0.024864165112376213,
                    0.915000855922699,
                    0.40268492698669434
                ],
                [
                    -0.0380621999502182,
                    -0.40165093541145325,
                    0.9150015115737915
                ]
            ],
            [
                [
                    0.8344846367835999,
                    -0.5428529381752014,
                    -0.09458385407924652
                ],
                [
                    0.5504080653190613,
                    0.8130087852478027,
                    0.18991507589817047
                ],
                [
                    -0.026198456063866615,
                    -0.21054093539714813,
                    0.9772339463233948
                ]
            ],
            [
                [
                    0.8690927624702454,
                    -0.1552683264017105,
                    -0.46964845061302185
                ],
                [
                    -0.34980010986328125,
                    0.4783911406993866,
                    -0.8054699897766113
                ],
                [
                    0.3497396409511566,
                    0.8643110990524292,
                    0.36145341396331787
                ]
            ],
            [
                [
                    0.8170747756958008,
                    -0.454344242811203,
                    -0.35490867495536804
                ],
                [
                    0.5764695405960083,
                    0.6528781056404114,
                    0.4913583993911743
                ],
                [
                    0.008466264232993126,
                    -0.6060705780982971,
                    0.7953658699989319
                ]
            ],
            [
                [
                    0.8644258975982666,
                    0.42079034447669983,
                    -0.27514228224754333
                ],
                [
                    -0.4590732455253601,
                    0.8837549090385437,
                    -0.090714231133461
                ],
                [
                    0.20498664677143097,
                    0.2047262042760849,
                    0.9571142196655273
                ]
            ]
        ],
        "betas": [
            -0.06373798847198486,
            -0.17893341183662415,
            -0.0889224112033844,
            -0.04104092717170715,
            0.04391688108444214,
            -0.007863711565732956,
            0.02156853675842285,
            -0.04529893398284912,
            0.020580902695655823,
            -0.017360538244247437
        ]
    },
    "pred_cam_t": [
        -0.16178956627845764,
        -0.024232879281044006,
        6.036062240600586
    ],
    "focal_length": [
        5000.0,
        5000.0
    ],
    "pred_keypoints_3d": [
        [
            0.09608455002307892,
            0.006418407429009676,
            0.0062561058439314365
        ],
        [
            0.1284950077533722,
            -0.014372985810041428,
            0.0035731340758502483
        ],
        [
            0.15645582973957062,
            -0.013882515951991081,
            -0.009507270529866219
        ],
        [
            0.17668817937374115,
            -0.002212260849773884,
            -0.02344803512096405
        ],
        [
            0.19506286084651947,
            0.00905680377036333,
            -0.0531461164355278
        ],
        [
            0.16302567720413208,
            -0.01358935609459877,
            -0.05180918797850609
        ],
        [
            0.1882191151380539,
            -0.0025066137313842773,
            -0.07029391825199127
        ],
        [
            0.2070811241865158,
            0.009442262351512909,
            -0.07002104073762894
        ],
        [
            0.22362767159938812,
            0.02142690122127533,
            -0.05588427558541298
        ],
        [
            0.16001471877098083,
            0.00823779683560133,
            -0.06403473019599915
        ],
        [
            0.1861696094274521,
            0.026025496423244476,
            -0.06786743551492691
        ],
        [
            0.20486994087696075,
            0.03993546590209007,
            -0.06552997976541519
        ],
        [
            0.22533193230628967,
            0.052849605679512024,
            -0.05622744932770729
        ],
        [
            0.14846289157867432,
            0.03151939809322357,
            -0.05775139108300209
        ],
        [
            0.17472533881664276,
            0.04280434921383858,
            -0.06279679387807846
        ],
        [
            0.19624373316764832,
            0.05524484068155289,
            -0.060590196400880814
        ],
        [
            0.21622240543365479,
            0.06566512584686279,
            -0.048392828553915024
        ],
        [
            0.14079344272613525,
            0.04935610294342041,
            -0.047763120383024216
        ],
        [
            0.16071312129497528,
            0.05655333399772644,
            -0.04977161064743996
        ],
        [
            0.17777571082115173,
            0.06515930593013763,
            -0.049764037132263184
        ],
        [
            0.19775013625621796,
            0.07342666387557983,
            -0.04356381669640541
        ]
    ],
    "pred_vertices": [
        [
            0.14313876628875732,
            -0.004513873718678951,
            -0.016755077987909317
        ],
        [
            0.1354212909936905,
            -0.002646768931299448,
            -0.007786795496940613
        ],
        [
            0.14295722544193268,
            -0.004272410646080971,
            -0.010738279670476913
        ],
        [
            0.1496012657880783,
            -0.008720524609088898,
            -0.01825098693370819
        ],
        [
            0.14185021817684174,
            -0.00112155731767416,
            0.009280946105718613
        ],
        [
            0.14316493272781372,
            -0.010636555030941963,
            0.01692112535238266
        ],
        [
            0.15785112977027893,
            -0.00974262785166502,
            0.0061012208461761475
        ],
        [
            0.1540856808423996,
            -0.0005598720163106918,
            0.0025932900607585907
        ],
        [
            0.15367168188095093,
            -0.01159621775150299,
            -0.021111801266670227
        ],
        [
            0.1497601568698883,
            -0.005172976292669773,
            -0.013008888810873032
        ],
        [
            0.15231561660766602,
            -0.012361288070678711,
            -0.023088326677680016
        ],
        [
            0.15293696522712708,
            -0.022490590810775757,
            -0.034205734729766846
        ],
        [
            0.1562262326478958,
            -0.018042918294668198,
            -0.030044805258512497
        ],
        [
            0.15544848144054413,
            -0.02498931810259819,
            -0.042127981781959534
        ],
        [
            0.14339591562747955,
            -0.02681306190788746,
            -0.03478425741195679
        ],
        [
            0.14837709069252014,
            -0.024933617562055588,
            -0.04819422587752342
        ],
        [
            0.12408162653446198,
            -0.010645467787981033,
            -0.04221215844154358
        ],
        [
            0.11864292621612549,
            0.001751286443322897,
            -0.04270385205745697
        ],
        [
            0.13009411096572876,
            0.0035603526048362255,
            -0.055819232016801834
        ],
        [
            0.13512378931045532,
            -0.008932139724493027,
            -0.05331903323531151
        ],
        [
            0.12198460102081299,
            0.021629225462675095,
            -0.04903341829776764
        ],
        [
            0.12698780000209808,
            0.011805374175310135,
            -0.05351104959845543
        ],
        [
            0.11465126276016235,
            0.009718162007629871,
            -0.041304267942905426
        ],
        [
            0.1109934002161026,
            0.01864575408399105,
            -0.03778619319200516
        ],
        [
            0.13416455686092377,
            0.007032717578113079,
            -0.014685619622468948
        ],
        [
            0.127134308218956,
            0.007764413952827454,
            -0.005743257701396942
        ],
        [
            0.12892913818359375,
            0.0026221631560474634,
            -0.0064901672303676605
        ],
        [
            0.13643383979797363,
            0.002187066012993455,
            -0.014959394931793213
        ],
        [
            0.15678466856479645,
            -0.01339135691523552,
            -0.02212243154644966
        ],
        [
            0.14712730050086975,
            -0.02490202523767948,
            -0.020747773349285126
        ],
        [
            0.14914020895957947,
            -0.01921103522181511,
            -0.02441301755607128
        ],
        [
            0.1571815460920334,
            -0.008050145581364632,
            -0.020844528451561928
        ],
        [
            0.11367364227771759,
            0.019311092793941498,
            0.016811825335025787
        ],
        [
            0.10185283422470093,
            0.015560289844870567,
            0.02223581075668335
        ],
        [
            0.10309973359107971,
            0.009735101833939552,
            0.02259734272956848
        ],
        [
            0.11331804096698761,
            0.014166893437504768,
            0.017350703477859497
        ],
        [
            0.11909499764442444,
            -0.007710922509431839,
            0.0249558687210083
        ],
        [
            0.1073765680193901,
            -0.008091602474451065,
            0.025300145149230957
        ],
        [
            0.10031383484601974,
            -0.019393593072891235,
            0.024648964405059814
        ],
        [
            0.11144072562456131,
            -0.021558616310358047,
            0.021759893745183945
        ],
        [
            0.13186697661876678,
            -0.00918130949139595,
            0.02208312228322029
        ],
        [
            0.12687616050243378,
            -0.02184124104678631,
            0.021530665457248688
        ],
        [
            0.14188900589942932,
            -0.02195778861641884,
            0.01601279526948929
        ],
        [
            0.15861360728740692,
            -0.018774300813674927,
            0.004216402769088745
        ],
        [
            0.0969938188791275,
            0.02715184912085533,
            0.019572101533412933
        ],
        [
            0.10524751245975494,
            0.03174746036529541,
            0.015603221952915192
        ],
        [
            0.19560691714286804,
            -0.0021425392478704453,
            -0.060248397290706635
        ],
        [
            0.19372718036174774,
            0.003513493575155735,
            -0.06049937754869461
        ],
        [
            0.19031961262226105,
            0.0011469805613160133,
            -0.058144815266132355
        ],
        [
            0.19277414679527283,
            -0.004066400229930878,
            -0.05869129300117493
        ],
        [
            0.08881682902574539,
            0.03503306582570076,
            0.002807930111885071
        ],
        [
            0.08290647715330124,
            0.03126334771513939,
            -0.0044418275356292725
        ],
        [
            0.07879036664962769,
            0.03185587748885155,
            0.0015757903456687927
        ],
        [
            0.0845014899969101,
            0.03350287303328514,
            0.008861333131790161
        ],
        [
            0.09457961469888687,
            0.03698211908340454,
            -0.005165524780750275
        ],
        [
            0.08915891498327255,
            0.030158501118421555,
            -0.012344401329755783
        ],
        [
            0.19582422077655792,
            -0.007156563922762871,
            -0.07202734053134918
        ],
        [
            0.19739584624767303,
            -0.007639516144990921,
            -0.06711123883724213
        ],
        [
            0.1929786056280136,
            -0.010187570005655289,
            -0.0668749213218689
        ],
        [
            0.19019733369350433,
            -0.009305395185947418,
            -0.0713045671582222
        ],
        [
            0.15550819039344788,
            -0.012625499628484249,
            -0.02617715112864971
        ],
        [
            0.15081971883773804,
            -0.005549038294702768,
            -0.023899037390947342
        ],
        [
            0.16672804951667786,
            -0.011934899725019932,
            -0.040224190801382065
        ],
        [
            0.15965507924556732,
            -0.00884790439158678,
            -0.03458979353308678
        ],
        [
            0.16027948260307312,
            -0.01574731431901455,
            -0.033884789794683456
        ],
        [
            0.1654898077249527,
            -0.01804797537624836,
            -0.03967054933309555
        ],
        [
            0.14761662483215332,
            0.011510996147990227,
            -0.032923661172389984
        ],
        [
            0.13995718955993652,
            0.01048984657973051,
            -0.024079132825136185
        ],
        [
            0.14317670464515686,
            0.004828569479286671,
            -0.025045499205589294
        ],
        [
            0.1526968777179718,
            0.004578630439937115,
            -0.03405265882611275
        ],
        [
            0.13630186021327972,
            0.02398463897407055,
            -0.021802667528390884
        ],
        [
            0.14376409351825714,
            0.023766564205288887,
            -0.03102685511112213
        ],
        [
            0.1407748907804489,
            0.03142288327217102,
            -0.028641164302825928
        ],
        [
            0.1367289125919342,
            0.03049439564347267,
            -0.02183932438492775
        ],
        [
            0.15637272596359253,
            0.019688237458467484,
            -0.046685073524713516
        ],
        [
            0.15968209505081177,
            0.01922251097857952,
            -0.05164564028382301
        ],
        [
            0.16038593649864197,
            0.023663120344281197,
            -0.0513434037566185
        ],
        [
            0.15503501892089844,
            0.023213641718029976,
            -0.04607148468494415
        ],
        [
            0.07402820140123367,
            0.03167687729001045,
            0.0068618133664131165
        ],
        [
            0.0803322046995163,
            0.03109854646027088,
            0.014368146657943726
        ],
        [
            0.11699561774730682,
            0.04109902307391167,
            -0.04040110856294632
        ],
        [
            0.11711034178733826,
            0.04762069135904312,
            -0.03131913021206856
        ],
        [
            0.1257108896970749,
            0.05192138999700546,
            -0.04022485762834549
        ],
        [
            0.1230592280626297,
            0.043777331709861755,
            -0.04826199263334274
        ],
        [
            0.08091457188129425,
            0.02296985313296318,
            -0.010343018919229507
        ],
        [
            0.07541678845882416,
            0.025257285684347153,
            -0.0052047111093997955
        ],
        [
            0.19305135309696198,
            -0.0031684162095189095,
            -0.07593610137701035
        ],
        [
            0.18721534311771393,
            -0.0050264084711670876,
            -0.07430507242679596
        ],
        [
            0.13329093158245087,
            -0.031058385968208313,
            0.009829618036746979
        ],
        [
            0.1550551950931549,
            -0.026358701288700104,
            -0.0005058273673057556
        ],
        [
            0.1153409481048584,
            -0.029634378850460052,
            0.013832613825798035
        ],
        [
            0.10271541029214859,
            -0.026870863512158394,
            0.014372345060110092
        ],
        [
            0.09306526929140091,
            -0.025620657950639725,
            0.016896873712539673
        ],
        [
            0.1606660932302475,
            -0.0032014334574341774,
            -0.03784717619419098
        ],
        [
            0.14400433003902435,
            6.246962584555149e-05,
            -0.021647103130817413
        ],
        [
            0.13245263695716858,
            0.011794215068221092,
            -0.01418810710310936
        ],
        [
            0.12876558303833008,
            0.04227930307388306,
            -0.011648379266262054
        ],
        [
            0.12250024080276489,
            0.041009385138750076,
            -0.003228098154067993
        ],
        [
            0.1282484531402588,
            0.03228775039315224,
            -0.005437031388282776
        ],
        [
            0.13211514055728912,
            0.035068217664957047,
            -0.012801900506019592
        ],
        [
            0.12333221733570099,
            0.05121777951717377,
            -0.02443290501832962
        ],
        [
            0.1302652806043625,
            0.04859161749482155,
            -0.021423477679491043
        ],
        [
            0.13533911108970642,
            0.04994700103998184,
            -0.02839747443795204
        ],
        [
            0.129933699965477,
            0.053478095680475235,
            -0.03236094489693642
        ],
        [
            0.16008204221725464,
            -0.019696002826094627,
            -0.02112754061818123
        ],
        [
            0.14685699343681335,
            -0.029819263145327568,
            -0.016117926687002182
        ],
        [
            0.09613319486379623,
            0.03530365973711014,
            0.010504558682441711
        ],
        [
            0.09172963351011276,
            0.03144019842147827,
            0.015709400177001953
        ],
        [
            0.08497060090303421,
            0.028528859838843346,
            0.02002708613872528
        ],
        [
            0.12107348442077637,
            0.012208040803670883,
            0.00655447319149971
        ],
        [
            0.11321557313203812,
            0.01053611934185028,
            0.017966561019420624
        ],
        [
            0.11531297862529755,
            0.0064318529330194,
            0.018553290516138077
        ],
        [
            0.12103277444839478,
            0.008638380095362663,
            0.006045155227184296
        ],
        [
            0.1310603767633438,
            0.000891256146132946,
            0.002794228494167328
        ],
        [
            0.1293199360370636,
            -7.447227835655212e-05,
            0.015639908611774445
        ],
        [
            0.14051252603530884,
            0.0016682576388120651,
            -0.0021577216684818268
        ],
        [
            0.10379563271999359,
            0.0016476651653647423,
            0.024416986852884293
        ],
        [
            0.09522262215614319,
            0.007377405185252428,
            0.02877202257514
        ],
        [
            0.09626349806785583,
            -0.001479033613577485,
            0.02913438156247139
        ],
        [
            0.09212147444486618,
            0.016506778076291084,
            0.02699914574623108
        ],
        [
            0.08870211988687515,
            0.024213017895817757,
            0.02414797991514206
        ],
        [
            0.0677175223827362,
            0.026072543114423752,
            -0.001594260334968567
        ],
        [
            0.09702525287866592,
            -0.00965559110045433,
            0.0278531052172184
        ],
        [
            0.16246291995048523,
            -0.0018781633116304874,
            -0.002721961587667465
        ],
        [
            0.1692837029695511,
            -0.0015774331986904144,
            -0.007747910916805267
        ],
        [
            0.1638638973236084,
            0.0013404209166765213,
            -0.011623747646808624
        ],
        [
            0.15731331706047058,
            0.0007299394346773624,
            -0.008111905306577682
        ],
        [
            0.16063223779201508,
            -0.024875830858945847,
            -0.05039837211370468
        ],
        [
            0.16467106342315674,
            -0.022435106337070465,
            -0.04387184605002403
        ],
        [
            0.1587153524160385,
            -0.022084176540374756,
            -0.036065250635147095
        ],
        [
            0.11964814364910126,
            0.02558751404285431,
            0.00891045480966568
        ],
        [
            0.11235620081424713,
            0.035908035933971405,
            0.008457176387310028
        ],
        [
            0.1671515703201294,
            -0.006292540114372969,
            -0.043791841715574265
        ],
        [
            0.18550913035869598,
            -0.0113474540412426,
            -0.0712384283542633
        ],
        [
            0.18849581480026245,
            -0.012744473293423653,
            -0.06626012176275253
        ],
        [
            0.17416077852249146,
            -0.020031584426760674,
            -0.0586378239095211
        ],
        [
            0.1712162345647812,
            -0.018346073105931282,
            -0.06459273397922516
        ],
        [
            0.16805428266525269,
            -0.00193571369163692,
            -0.05390749126672745
        ],
        [
            0.16941431164741516,
            -0.004921916872262955,
            -0.04792120307683945
        ],
        [
            0.17019131779670715,
            -0.0037211987655609846,
            -0.05049803853034973
        ],
        [
            0.16930869221687317,
            0.0005671319086104631,
            -0.05536971241235733
        ],
        [
            0.15573523938655853,
            0.030977746471762657,
            -0.04793278127908707
        ],
        [
            0.15125906467437744,
            0.030377909541130066,
            -0.04310595244169235
        ],
        [
            0.14844311773777008,
            -0.005648831371217966,
            -0.06183239072561264
        ],
        [
            0.14818879961967468,
            -0.019135408103466034,
            -0.060572970658540726
        ],
        [
            0.13970914483070374,
            -0.01956436038017273,
            -0.05147979408502579
        ],
        [
            0.14463984966278076,
            0.018228279426693916,
            -0.03151767700910568
        ],
        [
            0.15123827755451202,
            0.019841523841023445,
            -0.0394400954246521
        ],
        [
            0.14975564181804657,
            0.0236898772418499,
            -0.03901633247733116
        ],
        [
            0.16168959438800812,
            -7.158052176237106e-05,
            -0.04140216112136841
        ],
        [
            0.16609777510166168,
            -0.0014060476096346974,
            -0.04708128795027733
        ],
        [
            0.16303478181362152,
            0.0024001020938158035,
            -0.04644080996513367
        ],
        [
            0.15860143303871155,
            0.0044890837743878365,
            -0.040945135056972504
        ],
        [
            0.10789359360933304,
            0.04419983923435211,
            -0.022453725337982178
        ],
        [
            0.11517699062824249,
            0.048787813633680344,
            -0.014598645269870758
        ],
        [
            0.19713623821735382,
            -0.0059798769652843475,
            -0.06272159516811371
        ],
        [
            0.19368430972099304,
            -0.008284893818199635,
            -0.061965204775333405
        ],
        [
            0.13723009824752808,
            0.01707380637526512,
            -0.022844791412353516
        ],
        [
            0.13049852848052979,
            -0.019684799015522003,
            -0.0399458184838295
        ],
        [
            0.1308174431324005,
            0.01698310673236847,
            -0.013338401913642883
        ],
        [
            0.13776013255119324,
            0.03453018143773079,
            -0.056944359093904495
        ],
        [
            0.14298319816589355,
            0.039287738502025604,
            -0.05227949097752571
        ],
        [
            0.14786851406097412,
            0.039123088121414185,
            -0.05477117374539375
        ],
        [
            0.14574526250362396,
            0.0364118367433548,
            -0.05993440002202988
        ],
        [
            0.18036821484565735,
            0.0061243558302521706,
            -0.06322592496871948
        ],
        [
            0.18389716744422913,
            0.004427541978657246,
            -0.05893606320023537
        ],
        [
            0.18728584051132202,
            0.006111528724431992,
            -0.06047092750668526
        ],
        [
            0.18458575010299683,
            0.00791147444397211,
            -0.06534827500581741
        ],
        [
            0.17073097825050354,
            -0.010008472017943859,
            -0.045347098261117935
        ],
        [
            0.1708904355764389,
            -0.016460230574011803,
            -0.04487226530909538
        ],
        [
            0.1752678006887436,
            -0.013233322650194168,
            -0.048759181052446365
        ],
        [
            0.17316092550754547,
            -0.007703290320932865,
            -0.0491761788725853
        ],
        [
            0.1703202873468399,
            -0.020736875012516975,
            -0.04946659132838249
        ],
        [
            0.17533941566944122,
            -0.018119342625141144,
            -0.05275099724531174
        ],
        [
            0.178270161151886,
            0.004291090648621321,
            -0.06902550905942917
        ],
        [
            0.17898520827293396,
            -0.0014781332574784756,
            -0.07372601330280304
        ],
        [
            0.1656595766544342,
            -0.006163054145872593,
            -0.06772392988204956
        ],
        [
            0.16802997887134552,
            -0.00026701169554144144,
            -0.06291182339191437
        ],
        [
            0.09957926720380783,
            0.015535620972514153,
            -0.028160281479358673
        ],
        [
            0.09779345989227295,
            0.026065371930599213,
            -0.024884924292564392
        ],
        [
            0.10901118814945221,
            0.02947251871228218,
            -0.03452083840966225
        ],
        [
            0.11916536092758179,
            0.033215463161468506,
            -0.04490067437291145
        ],
        [
            0.12962819635868073,
            0.03567603603005409,
            -0.05387137830257416
        ],
        [
            0.13051459193229675,
            0.02447894960641861,
            -0.05925250053405762
        ],
        [
            0.10722005367279053,
            0.03650327026844025,
            -0.03069223091006279
        ],
        [
            0.16239292919635773,
            -0.0010793315013870597,
            -0.05882309749722481
        ],
        [
            0.1572004109621048,
            -0.008617958053946495,
            -0.06315019726753235
        ],
        [
            0.1571071743965149,
            -0.003050542436540127,
            -0.062057096511125565
        ],
        [
            0.1303580105304718,
            0.02426968514919281,
            -0.011755768209695816
        ],
        [
            0.1897946298122406,
            -0.01125277392566204,
            -0.06137275695800781
        ],
        [
            0.08693517744541168,
            -0.01922270469367504,
            -0.0037193186581134796
        ],
        [
            0.08103059977293015,
            -0.007884811609983444,
            -0.008961930871009827
        ],
        [
            0.08847227692604065,
            -0.009058712050318718,
            -0.013499684631824493
        ],
        [
            0.09608764946460724,
            -0.021648457273840904,
            -0.0069604963064193726
        ],
        [
            0.18750612437725067,
            -0.0009150467813014984,
            -0.05639198049902916
        ],
        [
            0.18974784016609192,
            -0.0067774103954434395,
            -0.05694178119301796
        ],
        [
            0.15022963285446167,
            0.03681451454758644,
            -0.04293627291917801
        ],
        [
            0.15386800467967987,
            0.03636864572763443,
            -0.047815073281526566
        ],
        [
            0.15251104533672333,
            0.03946173936128616,
            -0.05005829036235809
        ],
        [
            0.15058071911334991,
            0.042079951614141464,
            -0.04464944079518318
        ],
        [
            0.09650960564613342,
            0.03095550462603569,
            -0.021705027669668198
        ],
        [
            0.13314539194107056,
            0.05467903986573219,
            -0.043388769030570984
        ],
        [
            0.1300896555185318,
            0.04729634150862694,
            -0.05126727372407913
        ],
        [
            0.08809218555688858,
            0.02268194779753685,
            -0.01664186641573906
        ],
        [
            0.08907894790172577,
            0.013475960120558739,
            -0.019857052713632584
        ],
        [
            0.08142372965812683,
            0.012578223831951618,
            -0.01383969560265541
        ],
        [
            0.14105132222175598,
            0.013957219198346138,
            -0.06322388350963593
        ],
        [
            0.10302097350358963,
            0.008164409548044205,
            -0.031218521296977997
        ],
        [
            0.09204357862472534,
            0.006649359595030546,
            -0.021733853965997696
        ],
        [
            0.08300775289535522,
            0.005257675424218178,
            -0.01465681940317154
        ],
        [
            0.07602282613515854,
            0.0048675830475986,
            -0.010067060589790344
        ],
        [
            0.07508260011672974,
            0.012954594567418098,
            -0.009551908820867538
        ],
        [
            0.18204167485237122,
            -0.006644092965871096,
            -0.07358754426240921
        ],
        [
            0.18444372713565826,
            0.0011584479361772537,
            -0.07532258331775665
        ],
        [
            0.06672921031713486,
            0.013487989082932472,
            -0.0059435442090034485
        ],
        [
            0.06857242435216904,
            0.004380051512271166,
            -0.006138715893030167
        ],
        [
            0.09562622755765915,
            -0.001810961402952671,
            -0.022573426365852356
        ],
        [
            0.10110741853713989,
            -0.012192321941256523,
            -0.02196432277560234
        ],
        [
            0.10624925792217255,
            4.983879625797272e-05,
            -0.03154424577951431
        ],
        [
            0.11217933148145676,
            -0.009963154792785645,
            -0.032064151018857956
        ],
        [
            0.1390988677740097,
            0.003456453327089548,
            -0.06595958024263382
        ],
        [
            0.2003672868013382,
            0.011921867728233337,
            -0.07622146606445312
        ],
        [
            0.18965576589107513,
            0.00810009241104126,
            -0.07437849044799805
        ],
        [
            0.18950504064559937,
            0.009776377119123936,
            -0.06879542022943497
        ],
        [
            0.1989881992340088,
            0.014149023219943047,
            -0.07279641926288605
        ],
        [
            0.18335436284542084,
            0.006325573660433292,
            -0.070900097489357
        ],
        [
            0.1904895007610321,
            0.003075062297284603,
            -0.07698716223239899
        ],
        [
            0.12066137790679932,
            -0.02159644290804863,
            -0.027953878045082092
        ],
        [
            0.1666123867034912,
            0.0018248145934194326,
            -0.05181887000799179
        ],
        [
            0.1120496317744255,
            -0.025482816621661186,
            -0.013883870095014572
        ],
        [
            0.13429245352745056,
            -0.029877588152885437,
            -0.02621583640575409
        ],
        [
            0.13058090209960938,
            -0.03220497816801071,
            -0.014332514256238937
        ],
        [
            0.10517419874668121,
            -0.02982623316347599,
            0.0018570832908153534
        ],
        [
            0.12334370613098145,
            -0.034228548407554626,
            -0.0004249773919582367
        ],
        [
            0.08641630411148071,
            -0.02467675879597664,
            0.0076395198702812195
        ],
        [
            0.09488162398338318,
            -0.026225823909044266,
