{
    "pred_cam": [
        8.871536254882812,
        0.11782136559486389,
        -0.046520818024873734
    ],
    "pred_mano_params": {
        "global_orient": [
            [
                [
                    -0.485186368227005,
                    -0.19668863713741302,
                    -0.8520021438598633
                ],
                [
                    -0.5226714611053467,
                    -0.7159082889556885,
                    0.46291443705558777
                ],
                [
                    -0.7010054588317871,
                    0.6699170470237732,
                    0.24454540014266968
                ]
            ]
        ],
        "hand_pose": [
            [
                [
                    0.6163700222969055,
                    -0.7863755226135254,
                    -0.041249144822359085
                ],
                [
                    0.7868669033050537,
                    0.6170897483825684,
                    -0.006379116326570511
                ],
                [
                    0.03047080524265766,
                    -0.028525689616799355,
                    0.9991284608840942
                ]
            ],
            [
                [
                    0.3574596047401428,
                    -0.9052504897117615,
                    0.22966110706329346
                ],
                [
                    0.926957368850708,
                    0.31390687823295593,
                    -0.20545677840709686
                ],
                [
                    0.11389763653278351,
                    0.2863285541534424,
                    0.9513376355171204
                ]
            ],
            [
                [
                    0.8304957747459412,
                    -0.5374428033828735,
                    0.146396666765213
                ],
                [
                    0.5383023619651794,
                    0.8419341444969177,
                    0.037115465849637985
                ],
                [
                    -0.14320378005504608,
                    0.04798142984509468,
                    0.9885295033454895
                ]
            ],
            [
                [
                    0.5344089865684509,
                    -0.8352879285812378,
                    -0.12923254072666168
                ],
                [
                    0.8449626564979553,
                    0.5241448283195496,
                    0.10634955018758774
                ],
                [
                    -0.02109592594206333,
                    -0.16603083908557892,
                    0.9858947992324829
                ]
            ],
            [
                [
                    0.629618227481842,
                    -0.7491897940635681,
                    -0.20565910637378693
                ],
                [
                    0.7767925262451172,
                    0.6025713086128235,
                    0.18303333222866058
                ],
                [
                    -0.013202398084104061,
                    -0.2749955654144287,
                    0.9613549113273621
                ]
            ],
            [
                [
                    0.7930405735969543,
                    -0.608202338218689,
                    0.03430194780230522
                ],
                [
                    0.6075554490089417,
                    0.7937808036804199,
                    0.028080010786652565
                ],
                [
                    -0.04430655017495155,
                    -0.0014282542979344726,
                    0.9990170001983643
                ]
            ],
            [
                [
                    0.5363444089889526,
                    -0.8177902102470398,
                    0.20869538187980652
                ],
                [
                    0.7444108128547668,
                    0.5748917460441589,
                    0.33963504433631897
                ],
                [
                    -0.39772748947143555,
                    -0.026806270703673363,
                    0.9171118140220642
                ]
            ],
            [
                [
                    0.6645709276199341,
                    -0.7374299764633179,
                    -0.12059284746646881
                ],
                [
                    0.5530040860176086,
                    0.3768494129180908,
                    0.7430822253227234
                ],
                [
                    -0.5025256872177124,
                    -0.5605190992355347,
                    0.6582449674606323
                ]
            ],
            [
                [
                    0.8727469444274902,
                    -0.48124927282333374,
                    0.08192592114210129
                ],
                [
                    0.3747295141220093,
                    0.7679919600486755,
                    0.5193902254104614
                ],
                [
                    -0.31287461519241333,
                    -0.42259618639945984,
                    0.8506009578704834
                ]
            ],
            [
                [
                    0.6198751926422119,
                    -0.7824838757514954,
                    0.058938659727573395
                ],
                [
                    0.7836714386940002,
                    0.6211588978767395,
                    0.004553076345473528
                ],
                [
                    -0.04017298296093941,
                    0.0433662049472332,
                    0.9982512593269348
                ]
            ],
            [
                [
                    0.6866568326950073,
                    -0.7086003422737122,
                    -0.16244374215602875
                ],
                [
                    0.6780613660812378,
                    0.5436732769012451,
                    0.49462321400642395
                ],
                [
                    -0.2621738314628601,
                    -0.4497832655906677,
                    0.8537914752960205
                ]
            ],
            [
                [
                    0.7658315896987915,
                    -0.6425249576568604,
                    0.025761768221855164
                ],
                [
                    0.6119985580444336,
                    0.7405732274055481,
                    0.277505099773407
                ],
                [
                    -0.19738245010375977,
                    -0.1967560052871704,
                    0.9603787064552307
                ]
            ],
            [
                [
                    0.956958532333374,
                    0.23178218305110931,
                    0.17466354370117188
                ],
                [
                    -0.08930765092372894,
                    0.8077960014343262,
                    -0.5826573967933655
                ],
                [
                    -0.2761421501636505,
                    0.5419802069664001,
                    0.7937272191047668
                ]
            ],
            [
                [
                    0.9809485673904419,
                    -0.19125960767269135,
                    -0.034053511917591095
                ],
                [
                    0.17669421434402466,
                    0.8055439591407776,
                    0.5655775666236877
                ],
                [
                    -0.0807405486702919,
                    -0.5608195662498474,
                    0.8239916563034058
                ]
            ],
            [
                [
                    0.7881965041160583,
                    -0.5391047596931458,
                    -0.29683735966682434
                ],
                [
                    0.23102691769599915,
                    0.7062469720840454,
                    -0.669209897518158
                ],
                [
                    0.570414662361145,
                    0.45889145135879517,
                    0.6812090873718262
                ]
            ]
        ],
        "betas": [
            -0.12962085008621216,
            -0.1020473837852478,
            0.028483539819717407,
            0.012274712324142456,
            -0.01701754331588745,
            0.012095216661691666,
            0.006952226161956787,
            -0.007137387990951538,
            -0.05876508355140686,
            -0.06277820467948914
        ]
    },
    "pred_cam_t": [
        -0.11782136559486389,
        -0.046520818024873734,
        4.4031267166137695
    ],
    "focal_length": [
        5000.0,
        5000.0
    ],
    "pred_keypoints_3d": [
        [
            0.09628670662641525,
            0.006441975012421608,
            0.006236545741558075
        ],
        [
            0.08891327679157257,
            0.04236994683742523,
            0.01907988265156746
        ],
        [
            0.0769156813621521,
            0.06961584091186523,
            0.027681590989232063
        ],
        [
            0.07056874781847,
            0.09343397617340088,
            0.039279043674468994
        ],
        [
            0.08304587006568909,
            0.12542173266410828,
            0.03892149031162262
        ],
        [
            0.12262384593486786,
            0.06612540036439896,
            0.06996109336614609
        ],
        [
            0.13762572407722473,
            0.09565450251102448,
            0.07103466987609863
        ],
        [
            0.1374284029006958,
            0.10100878030061722,
            0.04939240589737892
        ],
        [
            0.13077740371227264,
            0.09642348438501358,
            0.025892123579978943
        ],
        [
            0.14573225378990173,
            0.05573757737874985,
            0.07119292765855789
        ],
        [
            0.16378311812877655,
            0.08122821897268295,
            0.06474092602729797
        ],
        [
            0.16289463639259338,
            0.0914793387055397,
            0.04372178018093109
        ],
        [
            0.15222817659378052,
            0.09565821290016174,
            0.020883366465568542
        ],
        [
            0.1599438190460205,
            0.039858318865299225,
            0.054706744849681854
        ],
        [
            0.17690441012382507,
            0.06343881040811539,
            0.053405024111270905
        ],
        [
            0.17772962152957916,
            0.07642176747322083,
            0.03210797905921936
        ],
        [
            0.1662653088569641,
            0.08417615294456482,
            0.0110430046916008
        ],
        [
            0.16899479925632477,
            0.029646459966897964,
            0.03747054189443588
        ],
        [
            0.18208757042884827,
            0.04585481435060501,
            0.03324692323803902
        ],
        [
            0.17600582540035248,
            0.05475316196680069,
            0.01750027947127819
        ],
        [
            0.16046008467674255,
            0.05815855413675308,
            0.006531611084938049
        ]
    ],
    "pred_vertices": [
        [
            0.1093175858259201,
            0.054049596190452576,
            0.03416169062256813
        ],
        [
            0.10500074923038483,
            0.05132458359003067,
            0.025779496878385544
        ],
        [
            0.10065394639968872,
            0.0624939426779747,
            0.029241394251585007
        ],
        [
            0.10528042912483215,
            0.06371883302927017,
            0.03782426565885544
        ],
        [
            0.0929005816578865,
            0.0581098236143589,
            0.008408769965171814
        ],
        [
            0.08235210925340652,
            0.05541670694947243,
            0.003979355096817017
        ],
        [
            0.07917908579111099,
            0.06971327215433121,
            0.011869329959154129
        ],
        [
            0.0880252867937088,
            0.07171129435300827,
            0.014200136065483093
        ],
        [
            0.10012581944465637,
            0.07087107002735138,
            0.04243785887956619
        ],
        [
            0.09694701433181763,
            0.07102067768573761,
            0.03228253871202469
        ],
        [
            0.09307362139225006,
            0.07145269215106964,
            0.045789554715156555
        ],
        [
            0.09772171080112457,
            0.06619910895824432,
            0.05840257182717323
        ],
        [
            0.10342294722795486,
            0.06836654245853424,
            0.05266565829515457
        ],
        [
            0.10312945395708084,
            0.06527046114206314,
            0.06615182012319565
        ],
        [
            0.09220415353775024,
            0.05597619712352753,
            0.060173265635967255
        ],
        [
            0.10452082008123398,
            0.057245709002017975,
            0.07211463898420334
        ],
        [
            0.10974861681461334,
            0.029689684510231018,
            0.058971941471099854
        ],
        [
            0.11920734494924545,
            0.021208684891462326,
            0.05363219976425171
        ],
        [
            0.1298924833536148,
            0.029532257467508316,
            0.06546347588300705
        ],
        [
            0.1194515973329544,
            0.03813352435827255,
            0.06910330802202225
        ],
        [
            0.1403537541627884,
            0.01830245554447174,
            0.050720274448394775
        ],
        [
            0.1351405680179596,
            0.024844393134117126,
            0.05938427895307541
        ],
        [
            0.12441185861825943,
            0.01557544618844986,
            0.04859323799610138
        ],
        [
            0.12964412569999695,
            0.01035834476351738,
            0.0413040816783905
        ],
        [
            0.11697947233915329,
            0.039922840893268585,
            0.02637173980474472
        ],
        [
            0.11288762092590332,
            0.03519807755947113,
            0.018147528171539307
        ],
        [
            0.10991567373275757,
            0.040092334151268005,
            0.0217517651617527
        ],
        [
            0.11365421116352081,
            0.04419727623462677,
            0.029074285179376602
        ],
        [
            0.0784958153963089,
            0.07198363542556763,
            0.04301480948925018
        ],
        [
            0.07969339191913605,
            0.06132129207253456,
            0.045164693146944046
        ],
        [
            0.08629711717367172,
            0.0656348466873169,
            0.04834382236003876
        ],
        [
            0.0826488509774208,
            0.07554185390472412,
            0.041871994733810425
        ],
        [
            0.10855318605899811,
            0.0219748355448246,
            -0.008250288665294647
        ],
        [
            0.09942083060741425,
            0.012494821101427078,
            -0.011990062892436981
        ],
        [
            0.0947725772857666,
            0.01523929089307785,
            -0.009619005024433136
        ],
        [
            0.10435500741004944,
            0.023036878556013107,
            -0.006187029182910919
        ],
        [
            0.08276048302650452,
            0.032817136496305466,
            -0.002308689057826996
        ],
        [
            0.07983943819999695,
            0.02270098403096199,
            -0.0034140348434448242
        ],
        [
            0.06723092496395111,
            0.018139787018299103,
            0.001645892858505249
        ],
        [
            0.06906768679618835,
            0.02663402631878853,
            0.0058715492486953735
        ],
        [
            0.08341123163700104,
            0.04429960623383522,
            0.0003420636057853699
        ],
        [
            0.07122507691383362,
            0.03896200284361839,
            0.005533494055271149
        ],
        [
            0.07260874658823013,
            0.05026940628886223,
            0.007734112441539764
        ],
        [
            0.0715986117720604,
            0.06431379914283752,
            0.014852683991193771
        ],
        [
            0.10911926627159119,
            0.0044106654822826385,
            -0.01495344191789627
        ],
        [
            0.11725234985351562,
            0.01047557219862938,
            -0.013126522302627563
        ],
        [
            0.12728945910930634,
            0.0913749411702156,
            0.06068531423807144
        ],
        [
            0.1324157863855362,
            0.08857352286577225,
            0.05828758329153061
        ],
        [
            0.1313418745994568,
            0.08772807568311691,
            0.058918654918670654
        ],
        [
            0.1268438845872879,
            0.09056272357702255,
            0.06145580857992172
        ],
        [
            0.12048706412315369,
            -0.008322291076183319,
            -0.003704369068145752
        ],
        [
            0.11841601133346558,
            -0.014268938452005386,
            0.004296090453863144
        ],
        [
            0.11520877480506897,
            -0.017363950610160828,
            -0.0015550851821899414
        ],
        [
            0.1153620108962059,
            -0.011053245514631271,
            -0.008657336235046387
        ],
        [
            0.12720587849617004,
            -0.004645057022571564,
            0.0028369687497615814
        ],
        [
            0.12257944047451019,
            -0.009282100945711136,
            0.012163884937763214
        ],
        [
            0.13124720752239227,
            0.10066734254360199,
            0.06886675953865051
        ],
        [
            0.12720538675785065,
            0.0986514464020729,
            0.06592828780412674
        ],
        [
            0.12707139551639557,
            0.09653958678245544,
            0.06967169046401978
        ],
        [
            0.13132724165916443,
            0.0970420241355896,
            0.07321332395076752
        ],
        [
            0.10896527022123337,
            0.06527012586593628,
            0.04643623158335686
        ],
        [
            0.114015594124794,
            0.05834747105836868,
            0.040995195508003235
        ],
        [
            0.11972410976886749,
            0.06901875138282776,
            0.057949453592300415
        ],
        [
            0.11853215843439102,
            0.06435233354568481,
            0.05230440944433212
        ],
        [
            0.11198538541793823,
            0.06690021604299545,
            0.054705217480659485
        ],
        [
            0.11364585161209106,
            0.06987365335226059,
            0.059980932623147964
        ],
        [
            0.13208070397377014,
            0.048096124082803726,
            0.041225090622901917
        ],
        [
            0.12533096969127655,
            0.04257800430059433,
            0.03338729962706566
        ],
        [
            0.12179086357355118,
            0.047106798738241196,
            0.036972563713788986
        ],
        [
            0.1280170977115631,
            0.05448170006275177,
            0.045500971376895905
        ],
        [
            0.13503187894821167,
            0.035940736532211304,
            0.02521660551428795
        ],
        [
            0.14080005884170532,
            0.041554659605026245,
            0.03392937779426575
        ],
        [
            0.1455950289964676,
            0.03702041879296303,
            0.028296276926994324
        ],
        [
            0.14083024859428406,
            0.03460586071014404,
            0.022406231611967087
        ],
        [
            0.1476016640663147,
            0.051998481154441833,
            0.050162360072135925
        ],
        [
            0.1501205563545227,
            0.05467529967427254,
            0.054547473788261414
        ],
        [
            0.15353567898273468,
            0.05451887100934982,
            0.052400317043066025
        ],
        [
            0.14974255859851837,
            0.050059881061315536,
            0.04792453348636627
        ],
        [
            0.11144711077213287,
            -0.020971767604351044,
            -0.006468512117862701
        ],
        [
            0.10975910723209381,
            -0.013494543731212616,
            -0.012774661183357239
        ],
        [
            0.1523950695991516,
            0.009564850479364395,
            0.03420300409197807
        ],
        [
            0.15427157282829285,
            0.009497400373220444,
            0.022969797253608704
        ],
        [
            0.1646568924188614,
            0.014830723404884338,
            0.029914656654000282
        ],
        [
            0.16015584766864777,
            0.013164114207029343,
            0.04094349592924118
        ],
        [
            0.11304108798503876,
            -0.015080604702234268,
            0.01325821503996849
        ],
        [
            0.11125603318214417,
            -0.02009586989879608,
            0.00740336999297142
        ],
        [
            0.1377393752336502,
            0.10023351013660431,
            0.07026517391204834
        ],
        [
            0.13776333630084991,
            0.09646283090114594,
            0.0742940679192543
        ],
        [
            0.06761875748634338,
            0.04151422530412674,
            0.01756206899881363
        ],
        [
            0.067684106528759,
            0.058989476412534714,
            0.021828409284353256
        ],
        [
            0.06696449220180511,
            0.027943477034568787,
            0.015308231115341187
        ],
        [
            0.0663795918226242,
            0.018236301839351654,
            0.013736411929130554
        ],
        [
            0.06329864263534546,
            0.011156454682350159,
            0.010662853717803955
        ],
        [
            0.12532982230186462,
            0.06284946203231812,
            0.05273435264825821
        ],
        [
            0.11642662435770035,
            0.05026303604245186,
            0.036153584718704224
        ],
        [
            0.12025819718837738,
            0.03683627396821976,
            0.023634564131498337
        ],
        [
            0.144625723361969,
            0.02562563680112362,
            0.00770975649356842
        ],
        [
            0.13822340965270996,
            0.021405154839158058,
            0.0004045814275741577
        ],
        [
            0.1332012414932251,
            0.02885347604751587,
            0.0064687542617321014
        ],
        [
            0.13977567851543427,
            0.03055616468191147,
            0.012040168046951294
        ],
        [
            0.15635298192501068,
            0.015642765909433365,
            0.015354771167039871
        ],
        [
            0.1546923965215683,
            0.023520829156041145,
            0.01396699994802475
        ],
        [
            0.16033877432346344,
            0.02644529566168785,
            0.019962210208177567
        ],
        [
            0.16377213597297668,
            0.01958910934627056,
            0.022132277488708496
        ],
        [
            0.07121800631284714,
            0.07045086473226547,
            0.040987737476825714
        ],
        [
            0.0736670196056366,
            0.058412324637174606,
            0.040892135351896286
        ],
        [
            0.11972282826900482,
            -5.11854887008667e-05,
            -0.010455965995788574
        ],
        [
            0.11287815868854523,
            -0.0024045445024967194,
            -0.013580553233623505
        ],
        [
            0.10655961185693741,
            -0.007399093359708786,
            -0.016543172299861908
        ],
        [
            0.11020594090223312,
            0.02977498434484005,
            0.004930056631565094
        ],
        [
            0.10153308510780334,
            0.02393103763461113,
            -0.004848778247833252
        ],
        [
            0.09904727339744568,
            0.027156729251146317,
            -0.002991616725921631
        ],
        [
            0.10854522138834,
            0.0313195139169693,
            0.0075582340359687805
        ],
        [
            0.1027497872710228,
            0.048751115798950195,
            0.01500556617975235
        ],
        [
            0.09640779346227646,
            0.043702252209186554,
            0.003562144935131073
        ],
        [
            0.09896519780158997,
            0.06154296547174454,
            0.0187515988945961
        ],
        [
            0.0875665619969368,
            0.01794503629207611,
            -0.00751718133687973
        ],
        [
            0.08767283707857132,
            0.00943005457520485,
            -0.014689706265926361
        ],
        [
            0.08014106005430222,
            0.0125654898583889,
            -0.011035725474357605
        ],
        [
            0.09539894759654999,
            0.003791753202676773,
            -0.017245225608348846
        ],
        [
            0.10222029685974121,
            -0.0020087286829948425,
            -0.018196657299995422
        ],
        [
            0.1081690788269043,
            -0.02705271914601326,
            0.003423750400543213
        ],
        [
            0.07362762093544006,
            0.014734040945768356,
            -0.006009161472320557
        ],
        [
            0.08354064077138901,
            0.07864875346422195,
            0.01972338929772377
        ],
        [
            0.07891698181629181,
            0.08395364135503769,
            0.024088993668556213
        ],
        [
            0.08437154442071915,
            0.08299898356199265,
            0.029687847942113876
        ],
        [
            0.08872473984956741,
            0.07814246416091919,
            0.02637440711259842
        ],
        [
            0.10944928973913193,
            0.0678028017282486,
            0.07222064584493637
        ],
        [
            0.11030319333076477,
            0.07066148519515991,
            0.06515958160161972
        ],
        [
            0.1051827073097229,
            0.06796666979789734,
            0.05944039672613144
        ],
        [
            0.11892074346542358,
            0.024753645062446594,
            -0.003812722861766815
        ],
        [
            0.12594890594482422,
            0.014998123049736023,
            -0.008291281759738922
        ],
        [
            0.12609685957431793,
            0.06809749454259872,
            0.0582997091114521
        ],
        [
            0.13004502654075623,
            0.0932774618268013,
            0.07598171383142471
        ],
        [
            0.12519125640392303,
            0.09351469576358795,
            0.07217015326023102
        ],
        [
            0.11692817509174347,
            0.07803947478532791,
            0.07366548478603363
        ],
        [
            0.12203504145145416,
            0.07705410569906235,
            0.07866499572992325
        ],
        [
            0.13341324031352997,
            0.06914214789867401,
            0.063785620033741
        ],
        [
            0.12760649621486664,
            0.07024707645177841,
            0.05945390462875366
        ],
        [
            0.1287842094898224,
            0.0712539404630661,
            0.059956423938274384
        ],
        [
            0.13525153696537018,
            0.07148383557796478,
            0.06210770085453987
        ],
        [
            0.1571689397096634,
            0.04874083399772644,
            0.045979470014572144
        ],
        [
            0.15364031493663788,
            0.045108694583177567,
            0.041878752410411835
        ],
        [
            0.13038450479507446,
            0.048856548964977264,
            0.07549604773521423
        ],
        [
            0.11815240979194641,
            0.05320856347680092,
            0.08119351416826248
        ],
        [
            0.1094413623213768,
            0.04624383896589279,
            0.07277131080627441
        ],
        [
            0.13645736873149872,
            0.04378562420606613,
            0.03684942424297333
        ],
        [
            0.14304699003696442,
            0.04832015559077263,
            0.043499238789081573
        ],
        [
            0.14575006067752838,
            0.045989491045475006,
            0.041328065097332
        ],
        [
            0.12975721061229706,
            0.06262282282114029,
            0.05439110845327377
        ],
        [
            0.1319088488817215,
            0.066329725086689,
            0.059416763484478
        ],
        [
            0.1342383772134781,
            0.06252318620681763,
            0.05764782428741455
        ],
        [
            0.13248683512210846,
            0.058905765414237976,
            0.05186253786087036
        ],
        [
            0.14469625055789948,
            0.0032278671860694885,
            0.01592203974723816
        ],
        [
            0.14759519696235657,
            0.010385364294052124,
            0.007017012685537338
        ],
        [
            0.1256360113620758,
            0.09514443576335907,
            0.06321074813604355
        ],
        [
            0.12525038421154022,
            0.09398780763149261,
            0.06532829999923706
        ],
        [
            0.129731684923172,
            0.03847600519657135,
            0.029237821698188782
        ],
        [
            0.1018083244562149,
            0.03891373425722122,
            0.06120818480849266
        ],
        [
            0.12389282882213593,
            0.03401549905538559,
            0.020473770797252655
        ],
        [
            0.15999436378479004,
            0.029395224526524544,
            0.05242842808365822
        ],
        [
            0.16427671909332275,
            0.03429523482918739,
            0.04603985697031021
        ],
        [
            0.16596800088882446,
            0.038743022829294205,
            0.04782545566558838
        ],
        [
            0.16502594947814941,
            0.03669600933790207,
            0.053672876209020615
        ],
        [
            0.14162738621234894,
            0.0831889733672142,
            0.06171632930636406
        ],
        [
            0.1369016468524933,
            0.08483991026878357,
            0.058166198432445526
        ],
        [
            0.13742747902870178,
            0.0856565460562706,
            0.05891159549355507
        ],
        [
            0.14292262494564056,
            0.08583790808916092,
            0.06178855895996094
        ],
        [
            0.12175987660884857,
            0.07144570350646973,
            0.0591118186712265
        ],
        [
            0.11622189730405807,
            0.07288745045661926,
            0.061610136181116104
        ],
        [
            0.1185695230960846,
            0.07606560736894608,
            0.06145365536212921
        ],
        [
            0.12410321086645126,
            0.07382718473672867,
            0.05971572548151016
        ],
        [
            0.11330720782279968,
            0.07346100360155106,
            0.0672416090965271
        ],
        [
            0.1156977117061615,
            0.07733738422393799,
            0.06732947379350662
        ],
        [
            0.14420901238918304,
            0.08429551869630814,
            0.06775854527950287
        ],
        [
            0.14202550053596497,
            0.08848170936107635,
            0.0741664320230484
        ],
        [
            0.13580778241157532,
            0.07218024134635925,
            0.07622531056404114
        ],
        [
            0.13873586058616638,
            0.07257208973169327,
            0.06890958547592163
        ],
        [
            0.11952225863933563,
            0.0017550252377986908,
            0.03345830738544464
        ],
        [
            0.12679451704025269,
            -0.00209195539355278,
            0.025745995342731476
        ],
        [
            0.13715656101703644,
            0.006148170679807663,
            0.033503223210573196
        ],
        [
            0.14796589314937592,
            0.013173781335353851,
            0.04184670373797417
        ],
        [
            0.15719790756702423,
            0.021206550300121307,
            0.04953319951891899
        ],
        [
            0.14983290433883667,
            0.024169882759451866,
            0.05908957123756409
        ],
        [
            0.14119195938110352,
            0.0032218024134635925,
            0.026802510023117065
        ],
        [
            0.13542017340660095,
            0.0607777014374733,
            0.06972851604223251
        ],
        [
            0.1311342418193817,
            0.060279060155153275,
            0.07665050029754639
        ],
        [
            0.13428667187690735,
            0.05578889325261116,
            0.0739288330078125
        ],
        [
            0.12943296134471893,
            0.03193693235516548,
            0.01578925922513008
        ],
        [
            0.12337249517440796,
            0.09239757061004639,
            0.06694301217794418
        ],
        [
            0.07573920488357544,
            0.0015731006860733032,
            0.02603212743997574
        ],
        [
            0.08571679890155792,
            -0.00709572434425354,
            0.025687377899885178
        ],
        [
            0.08889436721801758,
            -0.000487305223941803,
            0.030628181993961334
        ],
        [
            0.07801897823810577,
            0.009599007666110992,
            0.030289921909570694
        ],
        [
            0.13018284738063812,
            0.0878286361694336,
            0.057818613946437836
        ],
        [
            0.12488099932670593,
            0.0900927409529686,
            0.06112181022763252
        ],
        [
            0.15907132625579834,
            0.042563073337078094,
            0.038745008409023285
        ],
        [
            0.16152872145175934,
            0.04583960399031639,
            0.043256212025880814
        ],
        [
            0.16482283174991608,
            0.0436653234064579,
            0.043716855347156525
        ],
        [
            0.1650262475013733,
            0.04159099608659744,
            0.03787904232740402
        ],
        [
            0.12936274707317352,
            -0.004014227539300919,
            0.020591381937265396
        ],
        [
            0.17113615572452545,
            0.02119538187980652,
            0.03187670186161995
        ],
        [
            0.16703227162361145,
            0.019360506907105446,
            0.04233456775546074
        ],
        [
            0.11753210425376892,
            -0.009135227650403976,
            0.019358299672603607
        ],
        [
            0.11115267872810364,
            -0.006396681070327759,
            0.026397425681352615
        ],
        [
            0.10561277717351913,
            -0.012570314109325409,
            0.02108568325638771
        ],
        [
            0.14547735452651978,
            0.03634265810251236,
            0.06746082007884979
        ],
        [
            0.11540178954601288,
            0.006446216255426407,
            0.039640821516513824
        ],
        [
            0.10686758160591125,
            -0.00212261825799942,
            0.03123997524380684
        ],
        [
            0.1000429317355156,
            -0.009296797215938568,
            0.02510964125394821
        ],
        [
            0.09573991596698761,
            -0.01519748941063881,
            0.02088143676519394
        ],
        [
            0.10228142887353897,
            -0.018092390149831772,
            0.016817912459373474
        ],
        [
            0.13640926778316498,
            0.09138496220111847,
            0.07633250206708908
        ],
        [
            0.14437109231948853,
            0.0937071144580841,
            0.07184424251317978
        ],
        [
            0.0987667366862297,
            -0.025623902678489685,
            0.012933123856782913
        ],
        [
            0.09148028492927551,
            -0.021586380898952484,
            0.017216917127370834
        ],
        [
            0.10093533992767334,
            0.0032854191958904266,
            0.035901326686143875
        ],
        [
            0.09362529963254929,
            0.010732673108577728,
            0.04013637453317642
        ],
        [
            0.10942724347114563,
            0.011561747640371323,
            0.043670691549777985
        ],
        [
            0.10276485979557037,
            0.019552484154701233,
            0.04884033650159836
        ],
        [
            0.13720719516277313,
            0.03665637969970703,
            0.07506531476974487
        ],
        [
            0.14573493599891663,
            0.100323885679245,
            0.05430168658494949
        ],
        [
            0.14658012986183167,
            0.09363190829753876,
            0.06330791860818863
        ],
        [
            0.14404305815696716,
            0.08919515460729599,
            0.06016986072063446
        ],
        [
            0.14563609659671783,
            0.09629266709089279,
            0.05263349786400795
        ],
        [
            0.1456437110900879,
            0.08850669115781784,
            0.06626185029745102
        ],
        [
            0.14446492493152618,
            0.09742662310600281,
            0.06745768338441849
        ],
        [
            0.0927647277712822,
            0.030817564576864243,
            0.05038588494062424
        ],
        [
            0.1362074315547943,
            0.06494125723838806,
            0.06226395070552826
        ],
        [
            0.08180727809667587,
            0.023577090352773666,
            0.038527198135852814
        ],
        [
            0.08400150388479233,
            0.0468226782977581,
            0.052420925348997116
        ],
        [
            0.0763804167509079,
            0.042292531579732895,
            0.041467051953077316
        ],
        [
            0.07003188133239746,
            0.018334541469812393,
            0.0259384848177433
        ],
        [
            0.06887255609035492,
            0.03365641087293625,
            0.02915119007229805
        ],
        [
            0.06604659557342529,
            0.003850184381008148,
            0.018219631165266037
        ],
        [
            0.06922826915979385,
            0.010278522968292236,
            0.02275405079126358
        ],
        [
            0.06832846999168396,
            0.04910436272621155,
            0.030472613871097565
        ],
        [
            0.13010884821414948,
            0.0933966115117073,
            0.05272838473320007
        ],
        [
            0.13582143187522888,
            0.09091611206531525,
            0.05176649987697601
        ],
        [
