{
    "pred_cam": [
        8.917844772338867,
        0.11745631694793701,
        -0.04504702612757683
    ],
    "pred_mano_params": {
        "global_orient": [
            [
                [
                    -0.4612199366092682,
                    -0.2066916525363922,
                    -0.8628759384155273
                ],
                [
                    -0.5201128721237183,
                    -0.7249093651771545,
                    0.4516514837741852
                ],
                [
                    -0.7188593745231628,
                    0.6571035385131836,
                    0.22683966159820557
                ]
            ]
        ],
        "hand_pose": [
            [
                [
                    0.584255039691925,
                    -0.810707688331604,
                    -0.03740369528532028
                ],
                [
                    0.8115324974060059,
                    0.5840505957603455,
                    0.017315298318862915
                ],
                [
                    0.007808004040271044,
                    -0.04047086834907532,
                    0.9991501569747925
                ]
            ],
            [
                [
                    0.3772920072078705,
                    -0.9003959894180298,
                    0.2166513353586197
                ],
                [
                    0.9172050356864929,
                    0.3309657573699951,
                    -0.22180303931236267
                ],
                [
                    0.12800639867782593,
                    0.2823982238769531,
                    0.9507184624671936
                ]
            ],
            [
                [
                    0.8437673449516296,
                    -0.5165877938270569,
                    0.14558078348636627
                ],
                [
                    0.5185420513153076,
                    0.8546199202537537,
                    0.027183029800653458
                ],
                [
                    -0.13845865428447723,
                    0.052553609013557434,
                    0.9889728426933289
                ]
            ],
            [
                [
                    0.5124702453613281,
                    -0.8488414883613586,
                    -0.12977786362171173
                ],
                [
                    0.8572616577148438,
                    0.4969734251499176,
                    0.13461004197597504
                ],
                [
                    -0.04976643994450569,
                    -0.18023723363876343,
                    0.9823633432388306
                ]
            ],
            [
                [
                    0.6680026054382324,
                    -0.7145962715148926,
                    -0.20766496658325195
                ],
                [
                    0.7440937161445618,
                    0.6451029181480408,
                    0.17368558049201965
                ],
                [
                    0.009850232861936092,
                    -0.2705446183681488,
                    0.9626570343971252
                ]
            ],
            [
                [
                    0.8101599812507629,
                    -0.5849629640579224,
                    0.03819822520017624
                ],
                [
                    0.5842853784561157,
                    0.8110598921775818,
                    0.028150176629424095
                ],
                [
                    -0.04744785651564598,
                    -0.0004874819132965058,
                    0.9988735914230347
                ]
            ],
            [
                [
                    0.5113525986671448,
                    -0.8444698452949524,
                    0.1593400537967682
                ],
                [
                    0.7797537446022034,
                    0.5338748693466187,
                    0.3270499110221863
                ],
                [
                    -0.36125144362449646,
                    -0.04299177974462509,
                    0.9314767718315125
                ]
            ],
            [
                [
                    0.6893455386161804,
                    -0.718988835811615,
                    -0.08864380419254303
                ],
                [
                    0.5404205918312073,
                    0.42889317870140076,
                    0.7238758206367493
                ],
                [
                    -0.48243993520736694,
                    -0.546905517578125,
                    0.6842119693756104
                ]
            ],
            [
                [
                    0.8899570107460022,
                    -0.4472372531890869,
                    0.08919301629066467
                ],
                [
                    0.3424403667449951,
                    0.7845219969749451,
                    0.5169717669487
                ],
                [
                    -0.30118292570114136,
                    -0.42953935265541077,
                    0.8513429164886475
                ]
            ],
            [
                [
                    0.5885505080223083,
                    -0.8056737780570984,
                    0.06706799566745758
                ],
                [
                    0.8067853450775146,
                    0.5906440615653992,
                    0.015394705347716808
                ],
                [
                    -0.052016422152519226,
                    0.04504891484975815,
                    0.997629702091217
                ]
            ],
            [
                [
                    0.7081558108329773,
                    -0.6888920664787292,
                    -0.15473544597625732
                ],
                [
                    0.6607081294059753,
                    0.5692888498306274,
                    0.48925963044166565
                ],
                [
                    -0.24895788729190826,
                    -0.44870704412460327,
                    0.8583018183708191
                ]
            ],
            [
                [
                    0.7853360176086426,
                    -0.6174072623252869,
                    0.045339155942201614
                ],
                [
                    0.5857046842575073,
                    0.7647334933280945,
                    0.2685752213001251
                ],
                [
                    -0.20049265027046204,
                    -0.18436643481254578,
                    0.962191104888916
                ]
            ],
            [
                [
                    0.9573418498039246,
                    0.2452917844057083,
                    0.1527368128299713
                ],
                [
                    -0.1131395772099495,
                    0.8045732378959656,
                    -0.5829762816429138
                ],
                [
                    -0.26588723063468933,
                    0.5408270359039307,
                    0.7980038523674011
                ]
            ],
            [
                [
                    0.9817730188369751,
                    -0.18584325909614563,
                    -0.0397992804646492
                ],
                [
                    0.17520759999752045,
                    0.8038528561592102,
                    0.5684390068054199
                ],
                [
                    -0.07364779710769653,
                    -0.565051257610321,
                    0.821762204170227
                ]
            ],
            [
                [
                    0.764822781085968,
                    -0.5552534461021423,
                    -0.3267103135585785
                ],
                [
                    0.22158832848072052,
                    0.7029101252555847,
                    -0.675881564617157
                ],
                [
                    0.6049336194992065,
                    0.44453445076942444,
                    0.6606393456459045
                ]
            ]
        ],
        "betas": [
            -0.13859698176383972,
            -0.09446874260902405,
            0.019356071949005127,
            0.011086255311965942,
            -0.02170485258102417,
            0.004810910671949387,
            0.009204179048538208,
            -0.01822572946548462,
            -0.04901677370071411,
            -0.05497744679450989
        ]
    },
    "pred_cam_t": [
        -0.11745631694793701,
        -0.04504702612757683,
        4.38026237487793
    ],
    "focal_length": [
        5000.0,
        5000.0
    ],
    "pred_keypoints_3d": [
        [
            0.09632700681686401,
            0.006443758029490709,
            0.006239207461476326
        ],
        [
            0.08825250715017319,
            0.04217523708939552,
            0.019247207790613174
        ],
        [
            0.07597742974758148,
            0.06911104917526245,
            0.02846374362707138
        ],
        [
            0.06934762746095657,
            0.09243185818195343,
            0.040913261473178864
        ],
        [
            0.08307710289955139,
            0.12381889671087265,
            0.04217248409986496
        ],
        [
            0.12037178874015808,
            0.06573843955993652,
            0.07127967476844788
        ],
        [
            0.13417930901050568,
            0.09588076174259186,
            0.07193329185247421
        ],
        [
            0.13423201441764832,
            0.10119692236185074,
            0.05026444420218468
        ],
        [
            0.1283739060163498,
            0.09693314135074615,
            0.026439674198627472
        ],
        [
            0.14355802536010742,
            0.05556158348917961,
            0.07300880551338196
        ],
        [
            0.16055744886398315,
            0.08180110156536102,
            0.06662717461585999
        ],
        [
            0.16035056114196777,
            0.09269478917121887,
            0.045900821685791016
        ],
        [
            0.15095527470111847,
            0.09808623790740967,
            0.02270258218050003
        ],
        [
            0.15836572647094727,
            0.03999295458197594,
            0.05672020465135574
        ],
        [
            0.17461103200912476,
            0.06406621634960175,
            0.05509673058986664
        ],
        [
            0.17589300870895386,
            0.07705344259738922,
            0.03380732610821724
        ],
        [
            0.1654924750328064,
            0.08538402616977692,
            0.012379474937915802
        ],
        [
            0.167974591255188,
            0.030058514326810837,
            0.03961087763309479
        ],
        [
            0.18131481111049652,
            0.045871980488300323,
            0.03466495871543884
        ],
        [
            0.17597246170043945,
            0.054992176592350006,
            0.018763486295938492
        ],
        [
            0.1610512137413025,
            0.059567052870988846,
            0.007049227599054575
        ]
    ],
    "pred_vertices": [
        [
            0.1081560030579567,
            0.05377528443932533,
            0.03504309058189392
        ],
        [
            0.10410676151514053,
            0.05104181170463562,
            0.02655050903558731
        ],
        [
            0.09962473809719086,
            0.0620800144970417,
            0.030232619494199753
        ],
        [
            0.103957898914814,
            0.06330706924200058,
            0.038803424686193466
        ],
        [
            0.09250873327255249,
            0.05828740447759628,
            0.00919276475906372
        ],
        [
            0.08208915591239929,
            0.0556953139603138,
            0.004368573427200317
        ],
        [
            0.07867740839719772,
            0.06979936361312866,
            0.012703873217105865
        ],
        [
            0.0874517560005188,
            0.07173468172550201,
            0.01537640392780304
        ],
        [
            0.09866289049386978,
            0.07028619945049286,
            0.043516211211681366
        ],
        [
            0.0958121046423912,
            0.07051367312669754,
            0.033455390483140945
        ],
        [
            0.09157545864582062,
            0.07063482701778412,
            0.04683253914117813
        ],
        [
            0.09582629054784775,
            0.06544433534145355,
            0.059255022555589676
        ],
        [
            0.1016496866941452,
            0.06779607385396957,
            0.053637295961380005
        ],
        [
            0.10101409256458282,
            0.06457505375146866,
            0.06705369800329208
        ],
        [
            0.09035155922174454,
            0.05514763295650482,
            0.06072364002466202
        ],
        [
            0.10234373062849045,
            0.056536659598350525,
            0.07300329208374023
        ],
        [
            0.10816734284162521,
            0.029250815510749817,
            0.05960684269666672
        ],
        [
            0.11786224693059921,
            0.020936954766511917,
            0.05443202704191208
        ],
        [
            0.12819845974445343,
            0.029233749955892563,
            0.06669391691684723
        ],
        [
            0.11756273359060287,
            0.0376911535859108,
            0.07013784348964691
        ],
        [
            0.13917188346385956,
            0.01825922727584839,
            0.052095409482717514
        ],
        [
            0.13365481793880463,
            0.024668294936418533,
            0.060685984790325165
        ],
        [
            0.12326178699731827,
            0.015408862382173538,
            0.04946829751133919
        ],
        [
            0.12874363362789154,
            0.010317090898752213,
            0.04226386547088623
        ],
        [
            0.11615339666604996,
            0.03990064188838005,
            0.027257248759269714
        ],
        [
            0.11232517659664154,
            0.035200562328100204,
            0.018846623599529266
        ],
        [
            0.10920608043670654,
            0.0399666428565979,
            0.02242053672671318
        ],
        [
            0.11271187663078308,
            0.0440797321498394,
            0.029919300228357315
        ],
        [
            0.07717059552669525,
            0.07095136493444443,
            0.043879397213459015
        ],
        [
            0.07827727496623993,
            0.0604582279920578,
            0.04559127241373062
        ],
        [
            0.08476611226797104,
            0.06471609324216843,
            0.04906431585550308
        ],
        [
            0.08133643865585327,
            0.07455026358366013,
            0.04296891391277313
        ],
        [
            0.10882116109132767,
            0.022249750792980194,
            -0.007775649428367615
        ],
        [
            0.09988100826740265,
            0.012714702636003494,
            -0.011850863695144653
        ],
        [
            0.09514278173446655,
            0.015395425260066986,
            -0.009584151208400726
        ],
        [
            0.10455448180437088,
            0.023251574486494064,
            -0.005830265581607819
        ],
        [
            0.08275569975376129,
            0.03296373039484024,
            -0.0024687573313713074
        ],
        [
            0.0799693763256073,
            0.022725123912096024,
            -0.0037481561303138733
        ],
        [
            0.06727835536003113,
            0.017972558736801147,
            0.0009574443101882935
        ],
        [
            0.06891676783561707,
            0.026511874049901962,
            0.005304589867591858
        ],
        [
            0.08326500654220581,
            0.04455730319023132,
            0.0004235506057739258
        ],
        [
            0.07097218930721283,
            0.039005883038043976,
            0.005190744996070862
        ],
        [
            0.07226245105266571,
            0.05042264237999916,
            0.007711544632911682
        ],
        [
            0.07103671878576279,
            0.06427107751369476,
            0.015313100069761276
        ],
        [
            0.10973921418190002,
            0.004750609397888184,
            -0.014632448554039001
        ],
        [
            0.11776666343212128,
            0.010879136621952057,
            -0.012531131505966187
        ],
        [
            0.12408784031867981,
            0.09132923185825348,
            0.06145896762609482
        ],
        [
            0.12931546568870544,
            0.08865098655223846,
            0.05914035439491272
        ],
        [
            0.12815584242343903,
            0.08765143156051636,
            0.05984131246805191
        ],
        [
            0.12357338517904282,
            0.0903792455792427,
            0.06230934336781502
        ],
        [
            0.1209414005279541,
            -0.007993094623088837,
            -0.003206908702850342
        ],
        [
            0.11871527135372162,
            -0.014038313180208206,
            0.00468294695019722
        ],
        [
            0.11569247394800186,
            -0.017103806138038635,
            -0.0012819543480873108
        ],
        [
            0.11597199738025665,
            -0.010722260922193527,
            -0.008320055902004242
        ],
        [
            0.1274576634168625,
            -0.004327051341533661,
            0.0035481490194797516
        ],
        [
            0.12262651324272156,
            -0.009098634123802185,
            0.012710612267255783
        ],
        [
            0.1277228444814682,
            0.1007174476981163,
            0.06968986988067627
        ],
        [
            0.12375638633966446,
            0.09860680252313614,
            0.06670021265745163
        ],
        [
            0.1235991045832634,
            0.0964227169752121,
            0.070503830909729
        ],
        [
            0.12782712280750275,
            0.09705476462841034,
            0.07410302013158798
        ],
        [
            0.10736563801765442,
            0.06488683074712753,
            0.04744509607553482
        ],
        [
            0.11261720955371857,
            0.05810937657952309,
            0.04202611744403839
        ],
        [
            0.11768316477537155,
            0.06854836642742157,
            0.05920913815498352
        ],
        [
            0.11676260083913803,
            0.06405410170555115,
            0.05350936949253082
        ],
        [
            0.11013737320899963,
            0.0664680004119873,
            0.05578870326280594
        ],
        [
            0.11157895624637604,
            0.06932903826236725,
            0.0610988587141037
        ],
        [
            0.13076575100421906,
            0.04807021841406822,
            0.042605552822351456
        ],
        [
            0.12428690493106842,
            0.042576633393764496,
            0.034528978168964386
        ],
        [
            0.1206045150756836,
            0.04702478647232056,
            0.03807039186358452
        ],
        [
            0.12652087211608887,
            0.054372262209653854,
            0.04683973640203476
        ],
        [
            0.13426388800144196,
            0.03611941635608673,
            0.026538126170635223
        ],
        [
            0.13973388075828552,
            0.04168431833386421,
            0.03546549379825592
        ],
        [
            0.14471016824245453,
            0.037253864109516144,
            0.029901158064603806
        ],
        [
            0.1401429921388626,
            0.034872621297836304,
            0.02386106550693512
        ],
        [
            0.1459842473268509,
            0.05200240761041641,
            0.05196148529648781
        ],
        [
            0.14825677871704102,
            0.0546744279563427,
            0.0563412569463253
        ],
        [
            0.15165984630584717,
            0.054523635655641556,
            0.05418311804533005
        ],
        [
            0.1481642723083496,
            0.05010242760181427,
            0.04973992705345154
        ],
        [
            0.11209742724895477,
            -0.020699933171272278,
            -0.006327368319034576
        ],
        [
            0.11050236225128174,
            -0.013178005814552307,
            -0.012606918811798096
        ],
        [
            0.15171416103839874,
            0.009798415005207062,
            0.03575950115919113
        ],
        [
            0.153835266828537,
            0.009867485612630844,
            0.02456095814704895
        ],
        [
            0.16393525898456573,
            0.015215829014778137,
            0.031791433691978455
        ],
        [
            0.15928681194782257,
            0.013391571119427681,
            0.042781054973602295
        ],
        [
            0.11311469227075577,
            -0.014994781464338303,
            0.013497244566679
        ],
        [
            0.11153292655944824,
            -0.019963275641202927,
            0.0075462013483047485
        ],
        [
            0.13421642780303955,
            0.10044118762016296,
            0.07117418944835663
        ],
        [
            0.1342795193195343,
            0.09664985537528992,
            0.07523654401302338
        ],
        [
            0.06703470647335052,
            0.041356708854436874,
            0.017170045524835587
        ],
        [
            0.0669436901807785,
            0.05870698764920235,
            0.021970894187688828
        ],
        [
            0.06654074788093567,
            0.027736846357584,
            0.014669269323348999
        ],
        [
            0.06609594821929932,
            0.017967339605093002,
            0.012994207441806793
        ],
        [
            0.06317315995693207,
            0.010844491422176361,
            0.009803712368011475
        ],
        [
            0.12356038391590118,
            0.06261010468006134,
            0.05409592390060425
        ],
        [
            0.11523444950580597,
            0.050118621438741684,
            0.03714665770530701
        ],
        [
            0.11953525245189667,
            0.03688889369368553,
            0.02457558736205101
        ],
        [
            0.1444220393896103,
            0.0260840505361557,
            0.009170953184366226
        ],
        [
            0.13826563954353333,
            0.02187933586537838,
            0.001660674810409546
        ],
        [
            0.1330079883337021,
            0.029220562428236008,
            0.007662199437618256
        ],
        [
            0.13940812647342682,
            0.03092915564775467,
            0.013420242816209793
        ],
        [
            0.1560381054878235,
            0.016114501282572746,
            0.0170341394841671
        ],
        [
            0.15431877970695496,
            0.023988846689462662,
            0.01566242426633835
        ],
        [
            0.15969356894493103,
            0.02688499167561531,
            0.021786954253911972
        ],
        [
            0.16316351294517517,
            0.02003345638513565,
            0.02400362491607666
        ],
        [
            0.06995446234941483,
            0.06948383152484894,
            0.041626475751399994
        ],
        [
            0.07238079607486725,
            0.05764954164624214,
            0.04109448194503784
        ],
        [
            0.12027367949485779,
            0.00034128502011299133,
            -0.009897895157337189
        ],
        [
            0.11353307962417603,
            -0.0020468831062316895,
            -0.013227321207523346
        ],
        [
            0.10733768343925476,
            -0.007074281573295593,
            -0.01639893651008606
        ],
        [
            0.11004148423671722,
            0.029919367283582687,
            0.005490720272064209
        ],
        [
            0.10168397426605225,
            0.024112138897180557,
            -0.004577070474624634
        ],
        [
            0.09911030530929565,
            0.02731969580054283,
            -0.002785429358482361
        ],
        [
            0.10828868299722672,
            0.031406305730342865,
            0.008059114217758179
        ],
        [
            0.10217774659395218,
            0.048688583076000214,
            0.015704184770584106
        ],
        [
            0.09616595506668091,
            0.043901871889829636,
            0.003957368433475494
        ],
        [
            0.09827488660812378,
            0.061388738453388214,
            0.01981278881430626
        ],
        [
            0.08785173296928406,
            0.01803041249513626,
            -0.0076669976115226746
        ],
        [
            0.08823387324810028,
            0.00956232100725174,
            -0.014889232814311981
        ],
        [
            0.08057678490877151,
            0.012596271932125092,
            -0.011409901082515717
        ],
        [
            0.09608171135187149,
            0.004021570086479187,
            -0.017292119562625885
        ],
        [
            0.10298551619052887,
            -0.0017054751515388489,
            -0.018112100660800934
        ],
        [
            0.10862261056900024,
            -0.02690960466861725,
            0.0034191161394119263
        ],
        [
            0.07391171157360077,
            0.01466142013669014,
            -0.006540507078170776
        ],
        [
            0.08279944956302643,
            0.07845348119735718,
            0.021050509065389633
        ],
        [
            0.07805672287940979,
            0.0835828110575676,
            0.02551141008734703
        ],
        [
            0.0833854153752327,
            0.08240858465433121,
            0.03119533881545067
        ],
        [
            0.08780322968959808,
            0.07771359384059906,
            0.027806643396615982
        ],
        [
            0.10714145004749298,
            0.0671505555510521,
            0.0732027217745781
        ],
        [
            0.10809406638145447,
            0.07002997398376465,
            0.06619078665971756
        ],
        [
            0.10320918262004852,
            0.0673758015036583,
            0.060394931584596634
        ],
        [
            0.11904401332139969,
            0.025085540488362312,
            -0.003032393753528595
        ],
        [
            0.12629005312919617,
            0.015440471470355988,
            -0.007422678172588348
        ],
        [
            0.12401262670755386,
            0.06772080063819885,
            0.05964692682027817
        ],
        [
            0.12666264176368713,
            0.09319363534450531,
            0.07692929357290268
        ],
        [
            0.1217932477593422,
            0.09323850274085999,
            0.0730944499373436
        ],
        [
            0.11405543237924576,
            0.07735089957714081,
            0.07470052689313889
        ],
        [
            0.11919603496789932,
            0.07659401744604111,
            0.07973573356866837
        ],
        [
            0.13103564083576202,
            0.06891115754842758,
            0.0651019811630249
        ],
        [
            0.12523773312568665,
            0.0698654055595398,
            0.060678109526634216
        ],
        [
            0.1262979805469513,
            0.07092170417308807,
            0.061106182634830475
        ],
        [
            0.13275811076164246,
            0.07140843570232391,
            0.06327885389328003
        ],
        [
            0.1555386483669281,
            0.04881468415260315,
            0.04781287536025047
        ],
        [
            0.15224666893482208,
            0.0452396422624588,
            0.043738462030887604
        ],
        [
            0.12826934456825256,
            0.04848676174879074,
            0.07687599211931229
        ],
        [
            0.11588465422391891,
            0.052721522748470306,
            0.08236467093229294
        ],
        [
            0.10733256489038467,
            0.04561648517847061,
            0.07367005199193954
        ],
        [
            0.1352979689836502,
            0.04384461045265198,
            0.038299787789583206
        ],
        [
            0.1416529417037964,
            0.048361822962760925,
            0.04516756907105446
        ],
        [
            0.1444232016801834,
            0.04607837647199631,
            0.04303491860628128
        ],
        [
            0.12793676555156708,
            0.06241634488105774,
            0.05584243685007095
        ],
        [
            0.1298464834690094,
            0.0660725012421608,
            0.060884617269039154
        ],
        [
            0.13232077658176422,
            0.062310319393873215,
            0.059209808707237244
        ],
        [
            0.13077020645141602,
            0.058764319866895676,
            0.05335521697998047
        ],
        [
            0.14452707767486572,
            0.0035765916109085083,
            0.01719239354133606
        ],
        [
            0.14757667481899261,
            0.010861579328775406,
            0.008424509316682816
        ],
        [
            0.122312530875206,
            0.09505842626094818,
            0.06396089494228363
        ],
        [
            0.1218666061758995,
            0.09377717971801758,
            0.06615597754716873
        ],
        [
            0.1288357377052307,
            0.03855934366583824,
            0.030450768768787384
        ],
        [
            0.10006187111139297,
            0.03830666095018387,
            0.06174345687031746
        ],
        [
            0.12328076362609863,
            0.034142136573791504,
            0.02147984504699707
        ],
        [
            0.15863323211669922,
            0.02964336797595024,
            0.05431511625647545
        ],
        [
            0.16302898526191711,
            0.03470025584101677,
            0.04790212959051132
        ],
        [
            0.16455169022083282,
            0.03909345716238022,
            0.049700185656547546
        ],
        [
            0.16350485384464264,
            0.03704565390944481,
            0.05554896593093872
        ],
        [
            0.13864712417125702,
            0.08342896401882172,
            0.06278405338525772
        ],
        [
            0.13385716080665588,
            0.08487126976251602,
            0.059208065271377563
        ],
        [
            0.13430696725845337,
            0.0857756957411766,
            0.05988519638776779
        ],
        [
            0.1397862434387207,
            0.08613420277833939,
            0.06280404329299927
        ],
        [
            0.11936285346746445,
            0.07087338715791702,
            0.060268256813287735
        ],
        [
            0.11382712423801422,
            0.07220441102981567,
            0.06270726025104523
        ],
        [
            0.11586298793554306,
            0.07536550611257553,
            0.06249015033245087
        ],
        [
            0.12150832265615463,
            0.07331801950931549,
            0.060800448060035706
        ],
        [
            0.11075001955032349,
            0.07269105315208435,
            0.06826740503311157
        ],
        [
            0.11288619786500931,
            0.07656463980674744,
            0.06834934651851654
        ],
        [
            0.1411648690700531,
            0.08467353135347366,
            0.06882469356060028
        ],
        [
            0.13881054520606995,
            0.08880921453237534,
            0.07519084215164185
        ],
        [
            0.13319160044193268,
            0.07222579419612885,
            0.07739725708961487
        ],
        [
            0.136178657412529,
            0.07269968092441559,
            0.07007447630167007
        ],
        [
            0.11890336871147156,
            0.0016943961381912231,
            0.03404582664370537
        ],
        [
            0.12641692161560059,
            -0.0020056217908859253,
            0.026487063616514206
        ],
        [
            0.1365048736333847,
            0.006256286054849625,
            0.034618914127349854
        ],
        [
            0.14705808460712433,
            0.013307444751262665,
            0.0433511883020401
        ],
        [
            0.1560327708721161,
            0.021383482962846756,
            0.051385991275310516
        ],
        [
            0.14841368794441223,
            0.02416105382144451,
            0.060815099626779556
        ],
        [
            0.14074347913265228,
            0.003434397280216217,
            0.027985725551843643
        ],
        [
            0.13310761749744415,
            0.06037706881761551,
            0.07126658409833908
        ],
        [
            0.12885801494121552,
            0.060044873505830765,
            0.07797753810882568
        ],
        [
            0.13204821944236755,
            0.05538452789187431,
            0.07543037831783295
        ],
        [
            0.12896288931369781,
            0.03216773271560669,
            0.016917508095502853
        ],
        [
            0.1200249120593071,
            0.09200120717287064,
            0.06788014620542526
        ],
        [
            0.07530460506677628,
            0.0011849179863929749,
            0.02543773502111435
        ],
        [
            0.08538393676280975,
            -0.007390700280666351,
            0.025286205112934113
        ],
        [
            0.08836562931537628,
            -0.0008049458265304565,
            0.03036785125732422
        ],
        [
            0.07738401740789413,
            0.00918925553560257,
            0.029807809740304947
        ],
        [
            0.1270323395729065,
            0.0875941589474678,
            0.05881800502538681
        ],
        [
            0.12162359058856964,
            0.08969800174236298,
            0.06208113580942154
        ],
        [
            0.15776079893112183,
            0.04281875863671303,
            0.04066501557826996
        ],
        [
            0.16003797948360443,
            0.046050019562244415,
            0.04513914883136749
        ],
        [
            0.1633705347776413,
            0.04394307732582092,
            0.04556424543261528
        ],
        [
            0.16375534236431122,
            0.04193279892206192,
            0.03979979455471039
        ],
        [
            0.12914283573627472,
            -0.0038542598485946655,
            0.0213770791888237
        ],
        [
            0.17023965716362,
            0.02154959924519062,
            0.033793408423662186
        ],
        [
            0.16604821383953094,
            0.01970944181084633,
            0.04429313540458679
        ],
        [
            0.117388516664505,
            -0.009070336818695068,
            0.019776035100221634
        ],
        [
            0.11079627275466919,
            -0.006461799144744873,
            0.0266726091504097
        ],
        [
            0.10545649379491806,
            -0.012632206082344055,
            0.021151680499315262
        ],
        [
            0.14367659389972687,
            0.03623432666063309,
            0.06906058639287949
        ],
        [
            0.11457017064094543,
            0.006286032497882843,
            0.04016595333814621
        ],
        [
            0.10633981227874756,
            -0.0022761039435863495,
            0.03144532069563866
        ],
        [
            0.09974667429924011,
            -0.009452234953641891,
            0.025062542408704758
        ],
        [
            0.09561486542224884,
            -0.015349145978689194,
            0.020664941519498825
        ],
        [
            0.10229272395372391,
            -0.018140465021133423,
            0.016745686531066895
        ],
        [
            0.13309010863304138,
            0.0915309488773346,
            0.07731233537197113
        ],
        [
            0.14096516370773315,
            0.09407196193933487,
            0.07283590734004974
        ],
        [
            0.09895743429660797,
            -0.02566422149538994,
            0.012697894126176834
        ],
        [
            0.09151969105005264,
            -0.021739471703767776,
            0.016831129789352417
        ],
        [
            0.10023048520088196,
            0.0030266866087913513,
            0.03600747510790825
        ],
        [
            0.09272926300764084,
            0.01034899428486824,
            0.040099918842315674
        ],
        [
            0.10843507945537567,
            0.011302683502435684,
            0.04409273713827133
        ],
        [
            0.10155145823955536,
            0.01916445791721344,
            0.04915919899940491
        ],
        [
            0.13526496291160583,
            0.03635112941265106,
            0.07657144963741302
        ],
        [
            0.14245808124542236,
            0.10076049715280533,
            0.05533544346690178
        ],
        [
            0.14328905940055847,
            0.09405244886875153,
            0.06435015052556992
        ],
        [
            0.1409042328596115,
            0.08955197036266327,
            0.06117931380867958
        ],
        [
            0.1424986720085144,
            0.09673161059617996,
            0.05365488678216934
        ],
        [
            0.14241863787174225,
            0.08889789879322052,
            0.06729093939065933
        ],
        [
            0.14103400707244873,
            0.09779990464448929,
            0.06845593452453613
        ],
        [
            0.09137924015522003,
            0.030253075063228607,
            0.05054691433906555
        ],
        [
            0.1340060532093048,
            0.06463220715522766,
            0.06387954205274582
        ],
        [
            0.08080017566680908,
            0.02306957170367241,
            0.03826341778039932
        ],
        [
            0.08243750780820847,
            0.04603772982954979,
            0.052587173879146576
        ],
        [
            0.07513704150915146,
            0.04163995012640953,
            0.041344936937093735
        ],
        [
            0.06941181421279907,
            0.017938226461410522,
            0.025278132408857346
        ],
        [
            0.06802323460578918,
            0.03321855887770653,
            0.02865380421280861
        ],
        [
            0.06579633057117462,
            0.003459259867668152,
            0.017382290214300156
        ],
        [
            0.0687861442565918,
            0.009888119995594025,
            0.022030796855688095
        ],
        [
            0.0673607811331749,
            0.048595160245895386,
            0.03029671683907509
        ],
        [
            0.12705391645431519,
            0.09344111382961273,
            0.05347227677702904
        ],
        [
            0.13284499943256378,
            0.09110485017299652,
            0.052614256739616394
        ],
        [
