{
    "pred_cam": [
        9.02831745147705,
        0.09629843384027481,
        -0.0625401958823204
    ],
    "pred_mano_params": {
        "global_orient": [
            [
                [
                    0.3057655394077301,
                    -0.9058027267456055,
                    -0.2933066487312317
                ],
                [
                    -0.8165446519851685,
                    -0.0910458117723465,
                    -0.5700574517250061
                ],
                [
                    0.4896553158760071,
                    0.4138018786907196,
                    -0.7674670219421387
                ]
            ]
        ],
        "hand_pose": [
            [
                [
                    0.8563518524169922,
                    -0.38024234771728516,
                    -0.3493955433368683
                ],
                [
                    0.3441002070903778,
                    0.9246851801872253,
                    -0.16294889152050018
                ],
                [
                    0.3850409686565399,
                    0.019314510747790337,
                    0.9226973056793213
                ]
            ],
            [
                [
                    0.8919957876205444,
                    -0.4395732283592224,
                    0.10544624924659729
                ],
                [
                    0.4519570469856262,
                    0.8626521825790405,
                    -0.22708164155483246
                ],
                [
                    0.008855587802827358,
                    0.25021302700042725,
                    0.9681503176689148
                ]
            ],
            [
                [
                    0.8110532760620117,
                    -0.5848081707954407,
                    0.01385570876300335
                ],
                [
                    0.5835193991661072,
                    0.8071436285972595,
                    -0.08957801759243011
                ],
                [
                    0.04120240360498428,
                    0.08073762059211731,
                    0.9958834052085876
                ]
            ],
            [
                [
                    0.8613765835762024,
                    -0.4276244044303894,
                    -0.274167537689209
                ],
                [
                    0.36936405301094055,
                    0.8977985382080078,
                    -0.2398499697446823
                ],
                [
                    0.3487129211425781,
                    0.10533351451158524,
                    0.9312916994094849
                ]
            ],
            [
                [
                    0.7421376705169678,
                    -0.6322532296180725,
                    -0.22245800495147705
                ],
                [
                    0.6700740456581116,
                    0.692337691783905,
                    0.2677110433578491
                ],
                [
                    -0.015245096758008003,
                    -0.3477418124675751,
                    0.9374663829803467
                ]
            ],
            [
                [
                    0.7141649723052979,
                    -0.6946914792060852,
                    0.08586074411869049
                ],
                [
                    0.6939207911491394,
                    0.7187404036521912,
                    0.04342951998114586
                ],
                [
                    -0.09188170731067657,
                    0.02856471575796604,
                    0.9953600764274597
                ]
            ],
            [
                [
                    0.8227040767669678,
                    -0.48569369316101074,
                    0.29539743065834045
                ],
                [
                    0.5005905628204346,
                    0.8652178049087524,
                    0.028412342071533203
                ],
                [
                    -0.2693828046321869,
                    0.12449821084737778,
                    0.9549518823623657
                ]
            ],
            [
                [
                    0.8668363094329834,
                    -0.44612351059913635,
                    -0.22264006733894348
                ],
                [
                    0.4842928946018219,
                    0.647193193435669,
                    0.5887285470962524
                ],
                [
                    -0.11855453997850418,
                    -0.6181543469429016,
                    0.7770649790763855
                ]
            ],
            [
                [
                    0.7605196237564087,
                    -0.5698176026344299,
                    0.3113161027431488
                ],
                [
                    0.4875301718711853,
                    0.8177870512008667,
                    0.3058408200740814
                ],
                [
                    -0.4288637936115265,
                    -0.08082196861505508,
                    0.8997463583946228
                ]
            ],
            [
                [
                    0.9064005613327026,
                    -0.42103782296180725,
                    -0.03413380682468414
                ],
                [
                    0.4078880548477173,
                    0.8933704495429993,
                    -0.18845835328102112
                ],
                [
                    0.10984223335981369,
                    0.15689599514007568,
                    0.9814877510070801
                ]
            ],
            [
                [
                    0.7833865284919739,
                    -0.5883049368858337,
                    -0.20050649344921112
                ],
                [
                    0.6162579655647278,
                    0.6932599544525146,
                    0.3736533522605896
                ],
                [
                    -0.08081900328397751,
                    -0.4162787199020386,
                    0.9056380987167358
                ]
            ],
            [
                [
                    0.6969638466835022,
                    -0.7036018967628479,
                    0.13851293921470642
                ],
                [
                    0.6697044968605042,
                    0.7076963782310486,
                    0.22508156299591064
                ],
                [
                    -0.2563929259777069,
                    -0.06411095708608627,
                    0.9644441604614258
                ]
            ],
            [
                [
                    0.9592140913009644,
                    0.2746368646621704,
                    0.06695511937141418
                ],
                [
                    -0.20689287781715393,
                    0.843466579914093,
                    -0.4957413971424103
                ],
                [
                    -0.19262324273586273,
                    0.46166956424713135,
                    0.8658854365348816
                ]
            ],
            [
                [
                    0.8867764472961426,
                    -0.3538120985031128,
                    -0.29739633202552795
                ],
                [
                    0.4425215721130371,
                    0.8356702923774719,
                    0.3253149092197418
                ],
                [
                    0.13342496752738953,
                    -0.4200858771800995,
                    0.8976222276687622
                ]
            ],
            [
                [
                    0.9954100251197815,
                    0.03578409180045128,
                    -0.0887598842382431
                ],
                [
                    -0.06027492135763168,
                    0.9548158645629883,
                    -0.2910217046737671
                ],
                [
                    0.07433539628982544,
                    0.2950359582901001,
                    0.9525901675224304
                ]
            ]
        ],
        "betas": [
            0.032573312520980835,
            -0.06373536586761475,
            -0.005204349756240845,
            0.03334882855415344,
            -0.01156565546989441,
            0.009297728538513184,
            0.040146827697753906,
            -0.06609895825386047,
            -0.03073093295097351,
            -0.011515200138092041
        ]
    },
    "pred_cam_t": [
        -0.09629843384027481,
        -0.0625401958823204,
        4.326664447784424
    ],
    "focal_length": [
        5000.0,
        5000.0
    ],
    "pred_keypoints_3d": [
        [
            0.09555965662002563,
            0.006373437121510506,
            0.006191450171172619
        ],
        [
            0.09469787031412125,
            0.012702434323728085,
            -0.03174946829676628
        ],
        [
            0.08856402337551117,
            0.013160739094018936,
            -0.06184779852628708
        ],
        [
            0.08720499277114868,
            0.026832127943634987,
            -0.08515916764736176
        ],
        [
            0.08609876036643982,
            0.04365451633930206,
            -0.11661433428525925
        ],
        [
            0.0673510953783989,
            0.06695713847875595,
            -0.05481783673167229
        ],
        [
            0.06829091906547546,
            0.09833739697933197,
            -0.064870685338974
        ],
        [
            0.0822058916091919,
            0.11431080102920532,
            -0.0714055672287941
        ],
        [
            0.10572968423366547,
            0.12301941961050034,
            -0.07394631952047348
        ],
        [
            0.06902061402797699,
            0.08565777540206909,
            -0.03811156749725342
        ],
        [
            0.07337204366922379,
            0.11675568670034409,
            -0.042238857597112656
        ],
        [
            0.09325467050075531,
            0.12832099199295044,
            -0.045588549226522446
        ],
        [
            0.11725810915231705,
            0.12681573629379272,
            -0.05318041518330574
        ],
        [
            0.08200685679912567,
            0.08862265944480896,
            -0.014999371953308582
        ],
        [
            0.08410228043794632,
            0.11533583700656891,
            -0.025565000250935555
        ],
        [
            0.10481502115726471,
            0.12769243121147156,
            -0.031128793954849243
        ],
        [
            0.12731358408927917,
            0.12581413984298706,
            -0.041268426924943924
        ],
        [
            0.09617072343826294,
            0.08801811933517456,
            0.00151089858263731
        ],
        [
            0.10083700716495514,
            0.10743801295757294,
            -0.005200222600251436
        ],
        [
            0.1171700730919838,
            0.11471980065107346,
            -0.011360468342900276
        ],
        [
            0.13049101829528809,
            0.11127892881631851,
            -0.0218613650649786
        ]
    ],
    "pred_vertices": [
        [
            0.09084120392799377,
            0.038911692798137665,
            -0.03881324827671051
        ],
        [
            0.09593407064676285,
            0.03113139420747757,
            -0.03525184094905853
        ],
        [
            0.09447243809700012,
            0.03132020682096481,
            -0.047078993171453476
        ],
        [
            0.08933467417955399,
            0.038867782801389694,
            -0.049333248287439346
        ],
        [
            0.10862080752849579,
            0.014910951256752014,
            -0.04210340604186058
        ],
        [
            0.10790255665779114,
            0.002518650144338608,
            -0.04319603368639946
        ],
        [
            0.10350508987903595,
            0.007525995373725891,
            -0.05893222242593765
        ],
        [
            0.10574420541524887,
            0.01701989956200123,
            -0.056155696511268616
        ],
        [
            0.0856747031211853,
            0.03782474249601364,
            -0.05747447535395622
        ],
        [
            0.0930538922548294,
            0.03124929964542389,
            -0.05580880120396614
        ],
        [
            0.08071763813495636,
            0.03386193886399269,
            -0.059530943632125854
        ],
        [
            0.07001423835754395,
            0.0409909188747406,
            -0.05855049937963486
        ],
        [
            0.0775308609008789,
            0.04401364549994469,
            -0.057891130447387695
        ],
        [
            0.06477475166320801,
            0.048297517001628876,
            -0.05893166363239288
        ],
        [
            0.06361669301986694,
            0.034317661076784134,
            -0.051631417125463486
        ],
        [
            0.05790987238287926,
            0.04921442270278931,
            -0.05212390422821045
        ],
        [
            0.06134522333741188,
            0.04269653186202049,
            -0.023170294240117073
        ],
        [
            0.06569065153598785,
            0.0471617728471756,
            -0.011279121041297913
        ],
        [
            0.06200835481286049,
            0.061800964176654816,
            -0.018446877598762512
        ],
        [
            0.0586673878133297,
            0.056065548211336136,
            -0.030290642753243446
        ],
        [
            0.07371284812688828,
            0.06327575445175171,
            -0.001355234533548355
        ],
        [
            0.06688978523015976,
            0.06335163116455078,
            -0.010989535599946976
        ],
        [
            0.06955528259277344,
            0.04861307144165039,
            -0.0033157095313072205
        ],
        [
            0.07567234337329865,
            0.04934704303741455,
            0.004861105233430862
        ],
        [
            0.09515406936407089,
            0.039683036506175995,
            -0.02212601900100708
        ],
        [
            0.09973367303609848,
            0.031784769147634506,
            -0.01696334220468998
        ],
        [
            0.09752032905817032,
            0.03147223964333534,
            -0.022921433672308922
        ],
        [
            0.09333290904760361,
            0.03865719959139824,
            -0.027545025572180748
        ],
        [
            0.07836521416902542,
            0.0227355919778347,
            -0.06528101116418839
        ],
        [
            0.07310347259044647,
            0.019561931490898132,
            -0.05695018917322159
        ],
        [
            0.07441868633031845,
            0.027701063081622124,
            -0.058255746960639954
        ],
        [
            0.08230843394994736,
            0.02678046189248562,
            -0.06538861989974976
        ],
        [
            0.11708300560712814,
            0.015402674674987793,
            -0.00015277788043022156
        ],
        [
            0.11466163396835327,
            0.0037967488169670105,
            0.006283357739448547
        ],
        [
            0.11228026449680328,
            0.0011150240898132324,
            0.0016869232058525085
        ],
        [
            0.11459743976593018,
            0.012585096061229706,
            -0.0029962100088596344
        ],
        [
            0.1085253357887268,
            -0.0038206055760383606,
            -0.02092621847987175
        ],
        [
            0.10540378093719482,
            -0.008459605276584625,
            -0.011777617037296295
        ],
        [
            0.09564117342233658,
            -0.01882775127887726,
            -0.0129256471991539
        ],
        [
            0.09500782936811447,
            -0.014055527746677399,
            -0.02135160192847252
        ],
        [
            0.10935726761817932,
            -0.00022984668612480164,
            -0.03207999840378761
        ],
        [
            0.09925046563148499,
            -0.010186459869146347,
            -0.03239477425813675
        ],
        [
            0.0995929092168808,
            -0.005808785557746887,
            -0.04358704015612602
        ],
        [
            0.09670199453830719,
            0.0008022896945476532,
            -0.05961417779326439
        ],
        [
            0.11717140674591064,
            0.009557820856571198,
            0.017469216138124466
        ],
        [
            0.11979939043521881,
            0.018779434263706207,
            0.01422189176082611
        ],
        [
            0.07829391956329346,
            0.09586393088102341,
            -0.0715092346072197
        ],
        [
            0.08061499893665314,
            0.097801074385643,
            -0.06637509167194366
        ],
        [
            0.0797693058848381,
            0.0935659408569336,
            -0.06576017290353775
        ],
        [
            0.07724814116954803,
            0.0925450474023819,
            -0.07087726145982742
        ],
        [
            0.10598170757293701,
            0.020921528339385986,
            0.02983812429010868
        ],
        [
            0.09626305848360062,
            0.020712636411190033,
            0.032587915658950806
        ],
        [
            0.09952829033136368,
            0.015041425824165344,
            0.03578099608421326
        ],
        [
            0.10803282260894775,
            0.01397065818309784,
            0.031881026923656464
        ],
        [
            0.10333967208862305,
            0.030079275369644165,
            0.026961324736475945
        ],
        [
            0.09217533469200134,
            0.02839840203523636,
            0.027458127588033676
        ],
        [
            0.0671086385846138,
            0.10170154273509979,
            -0.07353676110506058
        ],
        [
            0.07094208896160126,
            0.09891386330127716,
            -0.07560001313686371
        ],
        [
            0.06789141893386841,
            0.09520398080348969,
            -0.07398635894060135
        ],
        [
            0.06415887176990509,
            0.09728066623210907,
            -0.07081017643213272
        ],
        [
            0.08379357308149338,
            0.04575975984334946,
            -0.052396513521671295
        ],
        [
            0.08784978836774826,
            0.0466683954000473,
            -0.043305251747369766
        ],
        [
            0.07823348790407181,
            0.06221578270196915,
            -0.057724591344594955
        ],
        [
            0.08151139318943024,
            0.05642704665660858,
            -0.05070286989212036
        ],
        [
            0.0783817246556282,
            0.052136845886707306,
            -0.05610543116927147
        ],
        [
            0.07476133108139038,
            0.05767079442739487,
            -0.06083466485142708
        ],
        [
            0.08929382264614105,
            0.060755446553230286,
            -0.02850956842303276
        ],
        [
            0.09230899810791016,
            0.050457727164030075,
            -0.023711688816547394
        ],
        [
            0.0897248387336731,
            0.04961186647415161,
            -0.02978888340294361
        ],
        [
            0.08659785985946655,
            0.06018052250146866,
            -0.0366847850382328
        ],
        [
            0.09994810074567795,
            0.054716806858778,
            -0.012546749785542488
        ],
        [
            0.09599658101797104,
            0.06452324986457825,
            -0.018033957108855247
        ],
        [
            0.1007729023694992,
            0.06590323150157928,
            -0.011058010160923004
        ],
        [
            0.10361439734697342,
            0.05865652859210968,
            -0.008790070191025734
        ],
        [
            0.08707061409950256,
            0.07966548204421997,
            -0.029562659561634064
        ],
        [
            0.08317158371210098,
            0.08563025295734406,
            -0.031677018851041794
        ],
        [
            0.08535455167293549,
            0.08839453011751175,
            -0.029401041567325592
        ],
        [
            0.08863697201013565,
            0.08079811930656433,
            -0.02621857263147831
        ],
        [
            0.10159886628389359,
            0.009114347398281097,
            0.039036691188812256
        ],
        [
            0.10927139967679977,
            0.006960287690162659,
            0.033270299434661865
        ],
        [
            0.08838186413049698,
            0.06615568697452545,
            0.014197925105690956
        ],
        [
            0.09878692030906677,
            0.0643678829073906,
            0.017750827595591545
        ],
        [
            0.09726863354444504,
            0.07702971994876862,
            0.015034792944788933
        ],
        [
            0.08637270331382751,
            0.07555543631315231,
            0.011951994150876999
        ],
        [
            0.08653242886066437,
            0.019030824303627014,
            0.02937028929591179
        ],
        [
            0.08953791856765747,
            0.014191217720508575,
            0.03476046398282051
        ],
        [
            0.06552198529243469,
            0.10487916320562363,
            -0.06843125075101852
        ],
        [
            0.06332000344991684,
            0.10001549869775772,
            -0.06544072926044464
        ],
        [
            0.08759413659572601,
            -0.007916275411844254,
            -0.03918582573533058
        ],
        [
            0.08768501877784729,
            -0.0009017549455165863,
            -0.057796020060777664
        ],
        [
            0.0863606333732605,
            -0.01203678548336029,
            -0.025653928518295288
        ],
        [
            0.08474180847406387,
            -0.015152156352996826,
            -0.01630227267742157
        ],
        [
            0.08419100940227509,
            -0.02060846984386444,
            -0.009988691657781601
        ],
        [
            0.08257351815700531,
            0.0623771958053112,
            -0.04757077246904373
        ],
        [
            0.09000182151794434,
            0.04517866298556328,
            -0.034058827906847
        ],
        [
            0.0974057987332344,
            0.04095519706606865,
            -0.017659759148955345
        ],
        [
            0.11452008783817291,
            0.05443990230560303,
            0.004147646948695183
        ],
        [
            0.11763052642345428,
            0.044904302805662155,
            0.007745083421468735
        ],
        [
            0.11338599026203156,
            0.04441070929169655,
            -0.0020244214683771133
        ],
        [
            0.11097194254398346,
            0.05286964401602745,
            -0.002850862219929695
        ],
        [
            0.1080218255519867,
            0.06521032005548477,
            0.014765307307243347
        ],
        [
            0.11132732778787613,
            0.06545819342136383,
            0.007449358701705933
        ],
        [
            0.10858786106109619,
            0.07421925663948059,
            0.005019254982471466
        ],
        [
            0.10550953447818756,
            0.07555139809846878,
            0.012006543576717377
        ],
        [
            0.0764426738023758,
            0.01573226973414421,
            -0.06799156963825226
        ],
        [
            0.0733080506324768,
            0.011587753891944885,
            -0.05635342374444008
        ],
        [
            0.11455339938402176,
            0.01959466189146042,
            0.02380847930908203
        ],
        [
            0.11463803052902222,
            0.01186990737915039,
            0.024477172642946243
        ],
        [
            0.11382134258747101,
            0.0040940046310424805,
            0.02767280861735344
        ],
        [
            0.10883671045303345,
            0.023271694779396057,
            -0.009792938828468323
        ],
        [
            0.1130991280078888,
            0.010656632483005524,
            -0.0051094889640808105
        ],
        [
            0.1120670735836029,
            0.009613677859306335,
            -0.009468048810958862
        ],
        [
            0.10683679580688477,
            0.02289920300245285,
            -0.01235700398683548
        ],
        [
            0.10412462055683136,
            0.02416188269853592,
            -0.03148908168077469
        ],
        [
            0.11067914217710495,
            0.012590698897838593,
            -0.027295071631669998
        ],
        [
            0.10269248485565186,
            0.02575509622693062,
            -0.044577665627002716
        ],
        [
            0.10950638353824615,
            -0.00403885543346405,
            -0.0037321336567401886
        ],
        [
            0.11279499530792236,
            -0.008314229547977448,
            0.005860336124897003
        ],
        [
            0.10860060155391693,
            -0.013039179146289825,
            -0.0003572031855583191
        ],
        [
            0.11524501442909241,
            -0.003621436655521393,
            0.01411152258515358
        ],
        [
            0.11596186459064484,
            0.0008319541811943054,
            0.021813225001096725
        ],
        [
            0.089803546667099,
            0.008452549576759338,
            0.04101701080799103
        ],
        [
            0.10306281596422195,
            -0.016538314521312714,
            -0.005686216056346893
        ],
        [
            0.10214617848396301,
            0.018210139125585556,
            -0.06513548642396927
        ],
        [
            0.09889279305934906,
            0.020107556134462357,
            -0.0721132680773735
        ],
        [
            0.0959240198135376,
            0.025927063077688217,
            -0.06851737946271896
        ],
        [
            0.0982031524181366,
            0.02486237697303295,
            -0.06213630735874176
        ],
        [
            0.060945577919483185,
            0.057746581733226776,
            -0.061096325516700745
        ],
        [
            0.06871659308671951,
            0.05720110610127449,
            -0.0631108283996582
        ],
        [
            0.07230518013238907,
            0.048210613429546356,
            -0.059844549745321274
        ],
        [
            0.11699730157852173,
            0.026905670762062073,
            -0.00038520246744155884
        ],
        [
            0.11954201757907867,
            0.02930007129907608,
            0.011767283082008362
        ],
        [
            0.07874340564012527,
            0.06795447319746017,
            -0.054257988929748535
        ],
        [
            0.06155405938625336,
            0.09344984591007233,
            -0.06849707663059235
        ],
        [
            0.0654849037528038,
            0.0909510999917984,
            -0.0722469836473465
        ],
        [
            0.06240452080965042,
            0.07420285046100616,
            -0.06666363030672073
        ],
        [
            0.057840023189783096,
            0.07742884755134583,
            -0.06270340085029602
        ],
        [
            0.0738101676106453,
            0.07795290648937225,
            -0.05146254226565361
        ],
        [
            0.07718036323785782,
            0.07270524650812149,
            -0.05478863790631294
        ],
        [
            0.07622772455215454,
            0.07554394751787186,
            -0.054324921220541
        ],
        [
            0.07461027055978775,
            0.08062095195055008,
            -0.05047432705760002
        ],
        [
            0.09013466536998749,
            0.08785782754421234,
            -0.021473638713359833
        ],
        [
            0.09315842390060425,
            0.08141034841537476,
            -0.018814973533153534
        ],
        [
            0.05929655581712723,
            0.07016675174236298,
            -0.03823467716574669
        ],
        [
            0.05276915431022644,
            0.061716482043266296,
            -0.046324364840984344
        ],
        [
            0.055734507739543915,
            0.050980519503355026,
            -0.0408722460269928
        ],
        [
            0.09292194247245789,
            0.062120892107486725,
            -0.022122923284769058
        ],
        [
            0.09057462960481644,
            0.07177472114562988,
            -0.025860708206892014
        ],
        [
            0.0923902690410614,
            0.07307884097099304,
            -0.02230176329612732
        ],
        [
            0.08200125396251678,
            0.06710132211446762,
            -0.046215929090976715
        ],
        [
            0.07860346138477325,
            0.07247892022132874,
            -0.050151512026786804
        ],
        [
            0.08032198250293732,
            0.07299616932868958,
            -0.04550739750266075
        ],
        [
            0.08374246209859848,
            0.06781788170337677,
            -0.04095948487520218
        ],
        [
            0.09979495406150818,
            0.05197510868310928,
            0.02206708863377571
        ],
        [
            0.11084816604852676,
            0.053085844963788986,
            0.01883845590054989
        ],
        [
            0.074907585978508,
            0.09654343128204346,
            -0.0748540461063385
        ],
        [
            0.07280058413743973,
            0.09314337372779846,
            -0.07389732450246811
        ],
        [
            0.09578263759613037,
            0.05199000611901283,
            -0.01753493770956993
        ],
        [
            0.060318246483802795,
            0.03874415159225464,
            -0.0340627059340477
        ],
        [
            0.10019883513450623,
            0.04242202267050743,
            -0.013125186786055565
        ],
        [
            0.07983403652906418,
            0.0841791182756424,
            -0.0044656777754426
        ],
        [
            0.08673204481601715,
            0.08786673098802567,
            -0.005185605026781559
        ],
        [
            0.08541064709424973,
            0.09184512495994568,
            -0.009018721990287304
        ],
        [
            0.07926034927368164,
            0.09146192669868469,
            -0.008563465438783169
        ],
        [
            0.07559216767549515,
            0.09448648244142532,
            -0.05445137992501259
        ],
        [
            0.0790606364607811,
            0.09263185411691666,
            -0.05864758789539337
        ],
        [
            0.07976703345775604,
            0.09607693552970886,
            -0.06001943349838257
        ],
        [
            0.07627350091934204,
            0.09887944161891937,
            -0.05625516176223755
        ],
        [
            0.07676129788160324,
            0.06892693787813187,
            -0.05921892449259758
        ],
        [
            0.07359769195318222,
            0.06510040909051895,
            -0.06342548131942749
        ],
        [
            0.07396557927131653,
            0.07194078713655472,
            -0.06432551890611649
        ],
        [
            0.07600682228803635,
            0.07408788800239563,
            -0.05921066179871559
        ],
        [
            0.06752661615610123,
            0.06547223776578903,
            -0.06529706716537476
        ],
        [
            0.06829159706830978,
            0.07198045402765274,
            -0.06701946258544922
        ],
        [
            0.06950396299362183,
            0.09629746526479721,
            -0.05333665758371353
        ],
        [
            0.06297962367534637,
            0.09689683467149734,
            -0.05696828290820122
        ],
        [
            0.060372285544872284,
            0.08308375626802444,
            -0.05048083886504173
        ],
        [
            0.06810599565505981,
            0.08441337198019028,
            -0.049123167991638184
        ],
        [
            0.07653644680976868,
            0.03581848740577698,
            0.011237513273954391
        ],
        [
            0.0840381532907486,
            0.038605790585279465,
            0.018973231315612793
        ],
        [
            0.08326350897550583,
            0.052183832973241806,
            0.012929504737257957
        ],
        [
            0.08179764449596405,
            0.06564377248287201,
            0.007969805970788002
        ],
        [
            0.08079450577497482,
            0.0780273973941803,
            0.0018333829939365387
        ],
        [
            0.07140902429819107,
            0.07525550574064255,
            -0.005607247352600098
        ],
        [
            0.08920739591121674,
            0.052723005414009094,
            0.018439028412103653
        ],
        [
            0.0678880363702774,
            0.07997942715883255,
            -0.046240661293268204
        ],
        [
            0.05967232584953308,
            0.07406360656023026,
            -0.04646928235888481
        ],
        [
            0.06261299550533295,
            0.07704923301935196,
            -0.04296979680657387
        ],
        [
            0.10514865815639496,
            0.045196060091257095,
            -0.008297642692923546
        ],
        [
            0.07045914977788925,
            0.08912364393472672,
            -0.07280876487493515
        ],
        [
            0.07077614963054657,
            -0.005930371582508087,
            -0.0009436160326004028
        ],
        [
            0.07077322900295258,
            0.0009595304727554321,
            0.01017608493566513
        ],
        [
            0.06959773600101471,
            0.007085695862770081,
            0.0040140412747859955
        ],
        [
            0.07041537761688232,
            -0.0005100145936012268,
            -0.008423510938882828
        ],
        [
            0.0792243704199791,
            0.09005847573280334,
            -0.06505490839481354
        ],
        [
            0.07626182585954666,
            0.08849979937076569,
            -0.07042040675878525
        ],
        [
            0.09566973894834518,
            0.08492815494537354,
            -0.013434546068310738
        ],
        [
            0.09187453985214233,
            0.08976001292467117,
            -0.016247767955064774
        ],
        [
            0.09056898206472397,
            0.0921432375907898,
            -0.013070514425635338
        ],
        [
            0.0962224006652832,
            0.09005624055862427,
            -0.009558845311403275
        ],
        [
            0.088590107858181,
            0.038570672273635864,
            0.02276678755879402
        ],
        [
            0.09654177725315094,
            0.08508909493684769,
            0.012310242280364037
        ],
        [
            0.08717654645442963,
            0.08369773626327515,
            0.009914621710777283
        ],
        [
            0.08446528017520905,
            0.02656436711549759,
            0.023969735950231552
        ],
        [
            0.07741835713386536,
            0.024080544710159302,
            0.017668068408966064
        ],
        [
            0.07839204370975494,
            0.01584818959236145,
            0.022764381021261215
        ],
        [
            0.06561201065778732,
            0.0779213160276413,
            -0.019953951239585876
        ],
        [
            0.07154234498739243,
            0.035475000739097595,
            0.004166025668382645
        ],
        [
            0.07344675809144974,
            0.022992588579654694,
            0.01121922954916954
        ],
        [
            0.07442880421876907,
            0.0130830779671669,
            0.017002306878566742
        ],
        [
            0.07492553442716599,
            0.006362922489643097,
            0.02195383980870247
        ],
        [
            0.07938815653324127,
            0.010063029825687408,
            0.02768673747777939
        ],
        [
            0.06121056526899338,
            0.09576188027858734,
            -0.06260208040475845
        ],
        [
            0.0651446282863617,
            0.10228239744901657,
            -0.05928867310285568
        ],
        [
            0.07924368232488632,
            0.0038313716650009155,
            0.034297145903110504
        ],
        [
            0.07480325549840927,
            -0.00021622329950332642,
            0.027227625250816345
        ],
        [
            0.06961880624294281,
            0.020621702075004578,
            0.0032114610075950623
        ],
        [
            0.06648951023817062,
            0.017319828271865845,
            -0.006801638752222061
        ],
        [
            0.0681256428360939,
            0.03282911702990532,
            -0.0033599622547626495
        ],
        [
            0.06455493718385696,
            0.03062482923269272,
            -0.013930119574069977
        ],
        [
            0.05845028534531593,
            0.0718352273106575,
            -0.02503439411520958
        ],
        [
            0.07662840932607651,
            0.11639370024204254,
            -0.06415137648582458
        ],
        [
            0.07166673988103867,
            0.10743609070777893,
            -0.05874675139784813
        ],
        [
            0.07657311856746674,
            0.10435205698013306,
            -0.05818720534443855
        ],
        [
            0.0797579288482666,
            0.11436553299427032,
            -0.06181536614894867
        ],
        [
            0.0709141194820404,
            0.10120385885238647,
            -0.055681150406599045
        ],
        [
            0.06730131059885025,
            0.1072908341884613,
            -0.06235385686159134
        ],
        [
            0.06421292573213577,
            0.024966184049844742,
            -0.027193069458007812
        ],
        [
            0.07687357068061829,
            0.07938431203365326,
            -0.04814858362078667
        ],
        [
            0.06900809705257416,
            0.009140599519014359,
            -0.02148948609828949
        ],
        [
            0.06462995707988739,
            0.021930519491434097,
            -0.04441046714782715
        ],
        [
            0.07029858231544495,
            0.00992237776517868,
            -0.04077937826514244
        ],
        [
            0.0749019980430603,
            -0.007196851074695587,
            -0.017924826592206955
        ],
        [
            0.07618740200996399,
            -0.003440115600824356,
            -0.03315676748752594
        ],
        [
            0.07572219520807266,
            -0.016969576478004456,
            -0.004235178232192993
        ],
        [
            0.0748525932431221,
            -0.011026553809642792,
            -0.010171573609113693
        ],
        [
            0.077948197722435,
            0.0002405606210231781,
            -0.04876298829913139
        ],
        [
            0.08450888097286224,
