{
    "pred_cam": [
        6.509847640991211,
        -0.16379261016845703,
        -0.023652642965316772
    ],
    "pred_mano_params": {
        "global_orient": [
            [
                [
                    -0.6245378851890564,
                    -0.753865122795105,
                    0.20405812561511993
                ],
                [
                    0.025937611237168312,
                    -0.2811567783355713,
                    -0.9593111276626587
                ],
                [
                    0.7805635929107666,
                    -0.5938334465026855,
                    0.19514651596546173
                ]
            ]
        ],
        "hand_pose": [
            [
                [
                    0.8231860995292664,
                    -0.4864213764667511,
                    -0.2928464114665985
                ],
                [
                    0.4510152339935303,
                    0.8735246658325195,
                    -0.18313910067081451
                ],
                [
                    0.3448913097381592,
                    0.018679358065128326,
                    0.9384568333625793
                ]
            ],
            [
                [
                    0.9211682081222534,
                    -0.3664552569389343,
                    0.1309947967529297
                ],
                [
                    0.38900572061538696,
                    0.8766764998435974,
                    -0.2830422520637512
                ],
                [
                    -0.011117751710116863,
                    0.31168726086616516,
                    0.9501197338104248
                ]
            ],
            [
                [
                    0.8104676008224487,
                    -0.5789412260055542,
                    0.08927147835493088
                ],
                [
                    0.5653696060180664,
                    0.8129680752754211,
                    0.13942772150039673
                ],
                [
                    -0.15329530835151672,
                    -0.0625302642583847,
                    0.9862000346183777
                ]
            ],
            [
                [
                    0.634613037109375,
                    -0.7369664907455444,
                    -0.23269450664520264
                ],
                [
                    0.743100106716156,
                    0.6645928025245667,
                    -0.07822134345769882
                ],
                [
                    0.2122936248779297,
                    -0.1232750341296196,
                    0.9693991541862488
                ]
            ],
            [
                [
                    0.995101809501648,
                    -0.06112433597445488,
                    -0.07769232243299484
                ],
                [
                    0.077299565076828,
                    0.9710283279418945,
                    0.2261168211698532
                ],
                [
                    0.061620213091373444,
                    -0.23101486265659332,
                    0.9709969162940979
                ]
            ],
            [
                [
                    0.8932993412017822,
                    -0.44930681586265564,
                    0.011816421523690224
                ],
                [
                    0.4493881165981293,
                    0.8933206796646118,
                    -0.005334626417607069
                ],
                [
                    -0.008158969692885876,
                    0.010075578466057777,
                    0.9999158978462219
                ]
            ],
            [
                [
                    0.6534110903739929,
                    -0.7211249470710754,
                    0.2302885502576828
                ],
                [
                    0.6043951511383057,
                    0.6801327466964722,
                    0.414880633354187
                ],
                [
                    -0.45580756664276123,
                    -0.1319023072719574,
                    0.8802506923675537
                ]
            ],
            [
                [
                    0.9800502061843872,
                    -0.10697679221630096,
                    -0.1675039827823639
                ],
                [
                    0.10081777721643448,
                    0.9938923120498657,
                    -0.04487612470984459
                ],
                [
                    0.1712816208600998,
                    0.02709347754716873,
                    0.9848495125770569
                ]
            ],
            [
                [
                    0.9941168427467346,
                    -0.09160725027322769,
                    -0.05779140442609787
                ],
                [
                    0.10827293246984482,
                    0.8259364366531372,
                    0.5532684326171875
                ],
                [
                    -0.0029513868503272533,
                    -0.5562707185745239,
                    0.8309959173202515
                ]
            ],
            [
                [
                    0.6603994369506836,
                    -0.7506604194641113,
                    0.01952795870602131
                ],
                [
                    0.7489091753959656,
                    0.6565139293670654,
                    -0.09013564139604568
                ],
                [
                    0.05484089255332947,
                    0.0741502046585083,
                    0.9957379102706909
                ]
            ],
            [
                [
                    0.9994395971298218,
                    -0.02919982559978962,
                    0.016369018703699112
                ],
                [
                    0.020117497071623802,
                    0.9147632122039795,
                    0.40348929166793823
                ],
                [
                    -0.026755599305033684,
                    -0.40293383598327637,
                    0.9148380160331726
                ]
            ],
            [
                [
                    0.8310967087745667,
                    -0.5457549095153809,
                    -0.10690988600254059
                ],
                [
                    0.5559120178222656,
                    0.809923529624939,
                    0.18704460561275482
                ],
                [
                    -0.015491689555346966,
                    -0.2148846685886383,
                    0.9765164852142334
                ]
            ],
            [
                [
                    0.8954949378967285,
                    -0.1712683141231537,
                    -0.41079914569854736
                ],
                [
                    -0.2922045588493347,
                    0.46997347474098206,
                    -0.8329114317893982
                ],
                [
                    0.33571603894233704,
                    0.8659054040908813,
                    0.3708134889602661
                ]
            ],
            [
                [
                    0.8129676580429077,
                    -0.4629918336868286,
                    -0.3531602621078491
                ],
                [
                    0.5822030305862427,
                    0.6578335762023926,
                    0.4778018295764923
                ],
                [
                    0.01110235508531332,
                    -0.5940483808517456,
                    0.8043526411056519
                ]
            ],
            [
                [
                    0.8594763875007629,
                    0.4248924255371094,
                    -0.28419485688209534
                ],
                [
                    -0.4622179865837097,
                    0.8834080696105957,
                    -0.07710230350494385
                ],
                [
                    0.21829983592033386,
                    0.19762758910655975,
                    0.9556612968444824
                ]
            ]
        ],
        "betas": [
            -0.04686397314071655,
            -0.1866264045238495,
            -0.08853882551193237,
            -0.03465268015861511,
            0.039968281984329224,
            -0.0017269179224967957,
            0.01875784993171692,
            -0.055934011936187744,
            0.023586615920066833,
            -0.02516394853591919
        ]
    },
    "pred_cam_t": [
        -0.16379261016845703,
        -0.023652642965316772,
        6.000524520874023
    ],
    "focal_length": [
        5000.0,
        5000.0
    ],
    "pred_keypoints_3d": [
        [
            0.09600916504859924,
            0.006411789916455746,
            0.006253937724977732
        ],
        [
            0.12799489498138428,
            -0.01463464554399252,
            0.0017076237127184868
        ],
        [
            0.15603899955749512,
            -0.014321084134280682,
            -0.01112572755664587
        ],
        [
            0.1764497011899948,
            -0.002484643831849098,
            -0.02462013065814972
        ],
        [
            0.19480131566524506,
            0.009092382155358791,
            -0.05416123569011688
        ],
        [
            0.15923860669136047,
            -0.014126700349152088,
            -0.055540647357702255
        ],
        [
            0.1846807450056076,
            -0.002809368073940277,
            -0.0734916552901268
        ],
        [
            0.20368996262550354,
            0.008875085972249508,
            -0.07360219210386276
        ],
        [
            0.2211964726448059,
            0.02124050259590149,
            -0.06091058626770973
        ],
        [
            0.15572139620780945,
            0.007702644448727369,
            -0.06756912916898727
        ],
        [
            0.18194898962974548,
            0.025011369958519936,
            -0.07266200333833694
        ],
        [
            0.20078890025615692,
            0.038814909756183624,
            -0.07115888595581055
        ],
        [
            0.2215147316455841,
            0.0519244447350502,
            -0.06276996433734894
        ],
        [
            0.1447688788175583,
            0.031052257865667343,
            -0.060643378645181656
        ],
        [
            0.17093120515346527,
            0.04218454286456108,
            -0.06634753942489624
        ],
        [
            0.19245098531246185,
            0.05468396842479706,
            -0.06485019624233246
        ],
        [
            0.21260066330432892,
            0.0653400719165802,
            -0.05315334349870682
        ],
        [
            0.13784834742546082,
            0.048931319266557693,
            -0.050249096006155014
        ],
        [
            0.15772674977779388,
            0.056038275361061096,
            -0.05273648351430893
        ],
        [
            0.1747511476278305,
            0.06467321515083313,
            -0.05311029776930809
        ],
        [
            0.19464722275733948,
            0.07293137162923813,
            -0.047182854264974594
        ]
    ],
    "pred_vertices": [
        [
            0.14181269705295563,
            -0.004900762345641851,
            -0.019446421414613724
        ],
        [
            0.1347825527191162,
            -0.002966278698295355,
            -0.010124687105417252
        ],
        [
            0.14238008856773376,
            -0.004646814428269863,
            -0.013035070151090622
        ],
        [
            0.14834053814411163,
            -0.00915289856493473,
            -0.02113468572497368
        ],
        [
            0.14144772291183472,
            -0.0015371451154351234,
            0.007447630167007446
        ],
        [
            0.1427733600139618,
            -0.011092751286923885,
            0.015098288655281067
        ],
        [
            0.15732517838478088,
            -0.010280920192599297,
            0.004458606243133545
        ],
        [
            0.15356892347335815,
            -0.001054050400853157,
            0.0010006055235862732
        ],
        [
            0.15243656933307648,
            -0.012052359990775585,
            -0.0238955058157444
        ],
        [
            0.14915154874324799,
            -0.005594923626631498,
            -0.015236955136060715
        ],
        [
            0.15121975541114807,
            -0.012787208892405033,
            -0.025426721200346947
        ],
        [
            0.15074947476387024,
            -0.022918567061424255,
            -0.03709666058421135
        ],
        [
            0.15409767627716064,
            -0.018512176349759102,
            -0.03323565423488617
        ],
        [
            0.1524972766637802,
            -0.025447575375437737,
            -0.04532228037714958
        ],
        [
            0.14115671813488007,
            -0.02716684713959694,
            -0.03719907999038696
        ],
        [
            0.1451333910226822,
            -0.02535967156291008,
            -0.0511365607380867
        ],
        [
            0.12104766815900803,
            -0.010853420943021774,
            -0.04374508187174797
        ],
        [
            0.1156437024474144,
            0.0015726718120276928,
            -0.04390200972557068
        ],
        [
            0.1263296753168106,
            0.003290992695838213,
            -0.057683542370796204
        ],
        [
            0.13142237067222595,
            -0.009229626506567001,
            -0.055519212037324905
        ],
        [
            0.11878617852926254,
            0.02141529694199562,
            -0.050481632351875305
        ],
        [
            0.1234358549118042,
            0.011552096344530582,
            -0.05520958825945854
        ],
        [
            0.11181050539016724,
            0.009566538035869598,
            -0.04227801784873009
        ],
        [
            0.10844424366950989,
            0.018516475334763527,
            -0.03856813162565231
        ],
        [
            0.1328209936618805,
            0.006703513208776712,
            -0.016871333122253418
        ],
        [
            0.1263687163591385,
            0.007492895238101482,
            -0.007650334388017654
        ],
        [
            0.12819191813468933,
            0.0023450911976397038,
            -0.008609935641288757
        ],
        [
            0.13510534167289734,
            0.0018472247757017612,
            -0.01731371507048607
        ],
        [
            0.156340092420578,
            -0.013772742822766304,
            -0.023803895339369774
        ],
        [
            0.14611169695854187,
            -0.025269899517297745,
            -0.022768128663301468
        ],
        [
            0.14802296459674835,
            -0.019593972712755203,
            -0.02657821960747242
        ],
        [
            0.15670326352119446,
            -0.008451161906123161,
            -0.022529998794198036
        ],
        [
            0.11428011953830719,
            0.01913434825837612,
            0.01575082540512085
        ],
        [
            0.10276777297258377,
            0.015485523268580437,
            0.021850109100341797
        ],
        [
            0.1039622351527214,
            0.00964924693107605,
            0.022124268114566803
        ],
        [
            0.11388396471738815,
            0.013991644605994225,
            0.016263805329799652
        ],
        [
            0.11945223808288574,
            -0.007917508482933044,
            0.02346576750278473
        ],
        [
            0.1080280989408493,
            -0.008219689130783081,
            0.024513930082321167
        ],
        [
            0.10090573132038116,
            -0.019445113837718964,
            0.024336878210306168
        ],
        [
            0.11167334765195847,
            -0.021692562848329544,
            0.020853932946920395
        ],
        [
            0.1318100541830063,
            -0.009502602741122246,
            0.020222321152687073
        ],
        [
            0.1268027275800705,
            -0.022105053067207336,
            0.0199756920337677
        ],
        [
            0.14139845967292786,
            -0.022402793169021606,
            0.014280594885349274
        ],
        [
            0.1581186205148697,
            -0.019306134432554245,
            0.0025948509573936462
        ],
        [
            0.09787330776453018,
            0.027111738920211792,
            0.019470684230327606
        ],
        [
            0.10591854155063629,
            0.03163126856088638,
            0.015032760798931122
        ],
        [
            0.1921999156475067,
            -0.0025885961949825287,
            -0.06364882737398148
        ],
        [
            0.19039851427078247,
            0.003070116974413395,
            -0.06385156512260437
        ],
        [
            0.1868368536233902,
            0.0006517451256513596,
            -0.06144610792398453
        ],
        [
            0.1892443746328354,
            -0.004559231922030449,
            -0.06207217276096344
        ],
        [
            0.08881249278783798,
            0.03506482392549515,
            0.00321931391954422
        ],
        [
            0.08246743679046631,
            0.031348977237939835,
            -0.0036647245287895203
        ],
        [
            0.07871640473604202,
            0.0319770984351635,
            0.0025768131017684937
        ],
        [
            0.08484674245119095,
            0.03357374295592308,
            0.009511768817901611
        ],
        [
            0.09411157667636871,
            0.036962710320949554,
            -0.005074352025985718
        ],
        [
            0.08823492377996445,
            0.030193137004971504,
            -0.01191101223230362
        ],
        [
            0.19217762351036072,
            -0.007553207688033581,
            -0.07541849464178085
        ],
        [
            0.19380488991737366,
            -0.008075578138232231,
            -0.07053937017917633
        ],
        [
            0.18932361900806427,
            -0.01059796940535307,
            -0.07027670741081238
        ],
        [
            0.18652400374412537,
            -0.009648429229855537,
            -0.07464839518070221
        ],
        [
            0.15345506370067596,
            -0.013104986399412155,
            -0.02946910820901394
        ],
        [
            0.14887304604053497,
            -0.006002399139106274,
            -0.026992108672857285
        ],
        [
            0.163327157497406,
            -0.012504409067332745,
            -0.04396902024745941
        ],
        [
            0.15687872469425201,
            -0.009374445304274559,
            -0.03816578537225723
        ],
        [
            0.15749406814575195,
            -0.01625749282538891,
            -0.03747085481882095
        ],
        [
            0.1621660590171814,
            -0.018565965816378593,
            -0.043353140354156494
        ],
        [
            0.14517784118652344,
            0.011067639105021954,
            -0.03581343591213226
        ],
        [
            0.13804574310779572,
            0.010110905393958092,
            -0.026547934859991074
        ],
        [
            0.14117027819156647,
            0.004429180640727282,
            -0.027705036103725433
        ],
        [
            0.1501132994890213,
            0.004100404679775238,
            -0.03722969442605972
        ],
        [
            0.1346411556005478,
            0.023620452731847763,
            -0.024074535816907883
        ],
        [
            0.14154081046581268,
            0.023338347673416138,
            -0.033707015216350555
        ],
        [
            0.13874347507953644,
            0.031007343903183937,
            -0.03115975111722946
        ],
        [
            0.1351095288991928,
            0.03011782467365265,
            -0.024139683693647385
        ],
        [
            0.15315577387809753,
            0.019192030653357506,
            -0.05005006119608879
        ],
        [
            0.1561373472213745,
            0.01876845955848694,
            -0.055187664926052094
        ],
        [
            0.15688487887382507,
            0.023133784532546997,
            -0.05476760119199753
        ],
        [
            0.1518816500902176,
            0.02268865704536438,
            -0.04932532459497452
        ],
        [
            0.07426980137825012,
            0.03183957561850548,
            0.008125633001327515
        ],
        [
            0.08098449558019638,
            0.031206397339701653,
            0.015247590839862823
        ],
        [
            0.11444002389907837,
            0.04092611372470856,
            -0.04160890355706215
        ],
        [
            0.11511877924203873,
            0.04741358384490013,
            -0.03253777697682381
        ],
        [
            0.12321258336305618,
            0.05164176970720291,
            -0.04196766018867493
        ],
        [
            0.12005071341991425,
            0.04355108365416527,
            -0.04989490285515785
        ],
        [
            0.08007070422172546,
            0.023081600666046143,
            -0.00942736491560936
        ],
        [
            0.07490469515323639,
            0.025413809344172478,
            -0.003984786570072174
        ],
        [
            0.18942278623580933,
            -0.0035128556191921234,
            -0.07926305383443832
        ],
        [
            0.18356910347938538,
            -0.005325863137841225,
            -0.07755237072706223
        ],
        [
            0.13267521560192108,
            -0.0314025916159153,
            0.008248727768659592
        ],
        [
            0.15452085435390472,
            -0.026861008256673813,
            -0.0021980702877044678
        ],
        [
            0.11497893184423447,
            -0.02981003187596798,
            0.01281265914440155
        ],
        [
            0.10257578641176224,
            -0.02694569155573845,
            0.01395905390381813
        ],
        [
            0.09321112930774689,
            -0.025599157437682152,
            0.017020665109157562
        ],
        [
            0.15767155587673187,
            -0.003751511685550213,
            -0.04147929698228836
        ],
        [
            0.1422027051448822,
            -0.00033895461820065975,
            -0.02437382936477661
        ],
        [
            0.1311570256948471,
            0.011474603787064552,
            -0.01625535637140274
        ],
        [
            0.12785525619983673,
            0.041958581656217575,
            -0.0135263130068779
        ],
        [
            0.12209711968898773,
            0.04074610397219658,
            -0.004764169454574585
        ],
        [
            0.1276288777589798,
            0.03197944536805153,
            -0.00728987529873848
        ],
        [
            0.13107162714004517,
            0.03472377732396126,
            -0.014863085001707077
        ],
        [
            0.12174620479345322,
            0.05094465985894203,
            -0.02600967511534691
        ],
        [
            0.12880554795265198,
            0.0482541024684906,
            -0.023379843682050705
        ],
        [
            0.13342353701591492,
            0.049556538462638855,
            -0.03061418980360031
        ],
        [
            0.12784767150878906,
            0.053146928548812866,
            -0.03431985527276993
        ],
        [
            0.1596914529800415,
            -0.020072555169463158,
            -0.022761644795536995
        ],
        [
            0.14593368768692017,
            -0.030188800767064095,
            -0.01802675798535347
        ],
        [
            0.0965595692396164,
            0.035266947001218796,
            0.010470367968082428
        ],
        [
            0.0924353078007698,
            0.03144608810544014,
            0.015921279788017273
        ],
        [
            0.08591451495885849,
            0.028598487377166748,
            0.020623736083507538
        ],
        [
            0.12099157273769379,
            0.011976489797234535,
            0.0049583762884140015
        ],
        [
            0.1137440949678421,
            0.010363266803324223,
            0.016830995678901672
        ],
        [
            0.11574016511440277,
            0.0062484643422067165,
            0.017194822430610657
        ],
        [
            0.12088412046432495,
            0.00841456651687622,
            0.004316210746765137
        ],
        [
            0.13076269626617432,
            0.0005986178293824196,
            0.0006986036896705627
        ],
        [
            0.12924720346927643,
            -0.0003625834360718727,
            0.013619348406791687
        ],
        [
            0.14014215767383575,
            0.0012972792610526085,
            -0.0040223561227321625
        ],
        [
            0.10462293028831482,
            0.0015562456101179123,
            0.023860007524490356
        ],
        [
            0.09645296633243561,
            0.007361900061368942,
            0.028755798935890198
        ],
        [
            0.09740982949733734,
            -0.0015025199390947819,
            0.02904796600341797
        ],
        [
            0.0933445543050766,
            0.01651686057448387,
            0.0271681547164917
        ],
        [
            0.08983932435512543,
            0.02425038069486618,
            0.024518951773643494
        ],
        [
            0.06744014471769333,
            0.026295769959688187,
            5.915015935897827e-05
        ],
        [
            0.09800278395414352,
            -0.009685168042778969,
            0.027725517749786377
        ],
        [
            0.1619497537612915,
            -0.0023490125313401222,
            -0.004183493554592133
        ],
        [
            0.16881486773490906,
            -0.0019845757633447647,
            -0.009060092270374298
        ],
        [
            0.16342458128929138,
            0.0009203273802995682,
            -0.013010706752538681
        ],
        [
            0.1568186730146408,
            0.00028174789622426033,
            -0.009635813534259796
        ],
        [
            0.1571219563484192,
            -0.025300413370132446,
            -0.05374486744403839
        ],
        [
            0.16127903759479523,
            -0.022908419370651245,
            -0.04740002751350403
        ],
        [
            0.15595173835754395,
            -0.022559383884072304,
            -0.03947753459215164
        ],
        [
            0.11983686685562134,
            0.025358781218528748,
            0.007531784474849701
        ],
        [
            0.11262631416320801,
            0.03573233634233475,
            0.007489614188671112
        ],
        [
            0.16361206769943237,
            -0.006868473254144192,
            -0.04749482870101929
        ],
        [
            0.1817702203989029,
            -0.011659744195640087,
            -0.07458959519863129
        ],
        [
            0.18476048111915588,
            -0.01313173770904541,
            -0.069658063352108
        ],
        [
            0.17028449475765228,
            -0.020524242892861366,
            -0.06195106357336044
        ],
        [
            0.16734665632247925,
            -0.01874563656747341,
            -0.0678987205028534
        ],
        [
            0.16423626244068146,
            -0.0024271635338664055,
            -0.057390887290239334
        ],
        [
            0.16567981243133545,
            -0.00547424191609025,
            -0.051367565989494324
        ],
        [
            0.16641555726528168,
            -0.004251665435731411,
            -0.05378900095820427
        ],
        [
            0.16555771231651306,
            0.0001064834650605917,
            -0.05861349031329155
        ],
        [
            0.15249083936214447,
            0.03045285865664482,
            -0.051086582243442535
        ],
        [
            0.14832957088947296,
            0.02985435351729393,
            -0.04613290727138519
        ],
        [
            0.1442628651857376,
            -0.006022799760103226,
            -0.0647658035159111
        ],
        [
            0.14413176476955414,
            -0.01949804089963436,
            -0.06370269507169724
        ],
        [
            0.13619273900985718,
            -0.01994076929986477,
            -0.053998466581106186
        ],
        [
            0.1423466056585312,
            0.017801150679588318,
            -0.0342426598072052
        ],
        [
            0.14847446978092194,
            0.0193579513579607,
            -0.042525336146354675
        ],
        [
            0.14704491198062897,
            0.023205483332276344,
            -0.04201270267367363
        ],
        [
            0.15853041410446167,
            -0.0006229644641280174,
            -0.04506272077560425
        ],
        [
            0.16252122819423676,
            -0.0019695740193128586,
            -0.05081694945693016
        ],
        [
            0.15964902937412262,
            0.0018693105084821582,
            -0.05013054981827736
        ],
        [
            0.1555914580821991,
            0.003967980854213238,
            -0.04443398118019104
        ],
        [
            0.10643339157104492,
            0.04406758025288582,
            -0.023122452199459076
        ],
        [
            0.11419104039669037,
            0.048579730093479156,
            -0.015703510493040085
        ],
        [
            0.19363194704055786,
            -0.006430929526686668,
            -0.06615273654460907
        ],
        [
            0.1900711953639984,
            -0.008747684769332409,
            -0.06538598239421844
        ],
        [
            0.13545314967632294,
            0.016709309071302414,
            -0.025162499397993088
        ],
        [
            0.12768813967704773,
            -0.019951077178120613,
            -0.04185471683740616
        ],
        [
            0.12961150705814362,
            0.01667170599102974,
            -0.015311058610677719
        ],
        [
            0.13425517082214355,
            0.03416350111365318,
            -0.05925308167934418
        ],
        [
            0.13979768753051758,
            0.038888201117515564,
            -0.05480754375457764
        ],
        [
            0.14449085295200348,
            0.038712840527296066,
            -0.05746665596961975
        ],
        [
            0.1421208381652832,
            0.03600823134183884,
            -0.06252311915159225
        ],
        [
            0.17679251730442047,
            0.00571348425000906,
            -0.06639479100704193
        ],
        [
            0.18030564486980438,
            0.003931159153580666,
            -0.062119390815496445
        ],
        [
            0.1838475912809372,
            0.005666842684149742,
            -0.06369015574455261
        ],
        [
            0.18113172054290771,
            0.007522423751652241,
            -0.06851236522197723
        ],
        [
            0.1670079231262207,
            -0.010566741228103638,
            -0.04878642410039902
        ],
        [
            0.16722144186496735,
            -0.016986239701509476,
            -0.04835262522101402
        ],
        [
            0.17146378755569458,
            -0.01379199605435133,
            -0.05205453187227249
        ],
        [
            0.1693732738494873,
            -0.00824386440217495,
            -0.05246056616306305
        ],
        [
            0.16657514870166779,
            -0.021241825073957443,
            -0.05282377824187279
        ],
        [
            0.1714944690465927,
            -0.01866334304213524,
            -0.05605398118495941
        ],
        [
            0.17467880249023438,
            0.003946816548705101,
            -0.07220519334077835
        ],
        [
            0.1753177046775818,
            -0.001772401388734579,
            -0.07695561647415161
        ],
        [
            0.16186857223510742,
            -0.0064879124984145164,
            -0.07095607370138168
        ],
        [
            0.16430965065956116,
            -0.0006174402078613639,
            -0.06613512337207794
        ],
        [
            0.09759029000997543,
            0.015499734319746494,
            -0.028286300599575043
        ],
        [
            0.09608659148216248,
            0.026034941896796227,
            -0.024924691766500473
        ],
        [
            0.10673962533473969,
            0.02935076132416725,
            -0.03521642088890076
        ],
        [
            0.11630159616470337,
            0.03301747143268585,
            -0.046219371259212494
        ],
        [
            0.12625285983085632,
            0.03538310155272484,
            -0.05584002286195755
        ],
        [
            0.12676039338111877,
            0.0241893008351326,
            -0.0612206868827343
        ],
        [
            0.10522940754890442,
            0.03638879582285881,
            -0.031297702342271805
        ],
        [
            0.1583278924226761,
            -0.0015510775847360492,
            -0.06228060647845268
        ],
        [
            0.1531699001789093,
            -0.008970830589532852,
            -0.06641098111867905
        ],
        [
            0.15288105607032776,
            -0.00352372694760561,
            -0.06529126316308975
        ],
        [
            0.129299595952034,
            0.0239544790238142,
            -0.013709202408790588
        ],
        [
            0.18607684969902039,
            -0.01172119751572609,
            -0.06476467847824097
        ],
        [
            0.08606404066085815,
            -0.019122684374451637,
            -0.00318334624171257
        ],
        [
            0.07998930662870407,
            -0.007740730419754982,
            -0.008054349571466446
        ],
        [
            0.08714359998703003,
            -0.008976085111498833,
            -0.013015061616897583
        ],
        [
            0.09498216956853867,
            -0.021626796573400497,
            -0.0069657377898693085
        ],
        [
            0.18385136127471924,
            -0.0014606369659304619,
            -0.05963515862822533
        ],
        [
            0.18607310950756073,
            -0.007310925051569939,
            -0.0602729432284832
        ],
        [
            0.14738094806671143,
            0.036291465163230896,
            -0.045860931277275085
        ],
        [
            0.15072475373744965,
            0.035860709846019745,
            -0.05085008591413498
        ],
        [
            0.1492932289838791,
            0.03899800404906273,
            -0.052967946976423264
        ],
        [
            0.14770889282226562,
            0.0415780209004879,
            -0.047526322305202484
        ],
        [
            0.09502783417701721,
            0.03093135356903076,
            -0.021684691309928894
        ],
        [
            0.13055142760276794,
            0.054341621696949005,
            -0.04545578360557556
        ],
        [
            0.1270367056131363,
            0.04698358476161957,
            -0.05324182286858559
        ],
        [
            0.08686268329620361,
            0.02273409813642502,
            -0.01612776890397072
        ],
        [
            0.08758079260587692,
            0.013529349118471146,
            -0.019388414919376373
        ],
        [
            0.08028458803892136,
            0.012698080390691757,
            -0.012941326946020126
        ],
        [
            0.13696402311325073,
            0.013587787747383118,
            -0.06569603085517883
        ],
        [
            0.10078264772891998,
            0.008109279908239841,
            -0.031528573483228683
        ],
        [
            0.0903693363070488,
            0.00668755080550909,
            -0.021428339183330536
        ],
        [
            0.08175255358219147,
            0.005374462343752384,
            -0.013846766203641891
        ],
        [
            0.07504571974277496,
            0.005042268894612789,
            -0.008866116404533386
        ],
        [
            0.07421302050352097,
            0.013128647580742836,
            -0.008295886218547821
        ],
        [
            0.1783330887556076,
            -0.006921741645783186,
            -0.0768686980009079
        ],
        [
            0.18084131181240082,
            0.0008503971621394157,
            -0.07849904149770737
        ],
        [
            0.06609385460615158,
            0.01373386476188898,
            -0.004217937588691711
        ],
        [
            0.06783866137266159,
            0.0046188137494027615,
            -0.004517938941717148
        ],
        [
            0.09382133930921555,
            -0.0017951740883290768,
            -0.0224696546792984
        ],
        [
            0.09925415366888046,
            -0.012212695553898811,
            -0.022215407341718674
        ],
        [
            0.10391217470169067,
            -2.5037210434675217e-05,
            -0.03204089775681496
        ],
        [
            0.10973634570837021,
            -0.01007765345275402,
            -0.03292033076286316
        ],
        [
            0.1347743570804596,
            0.0031160381622612476,
            -0.06832055747509003
        ],
        [
            0.19692260026931763,
            0.011401685886085033,
            -0.07970412075519562
        ],
        [
            0.18616890907287598,
            0.007731094025075436,
            -0.07760228216648102
        ],
        [
            0.1861378401517868,
            0.009405662305653095,
            -0.07202856242656708
        ],
        [
            0.19565844535827637,
            0.013655575923621655,
            -0.07625607401132584
        ],
        [
            0.17984062433242798,
            0.005977947264909744,
            -0.07405846565961838
        ],
        [
            0.18690288066864014,
            0.0027116527780890465,
            -0.08024870604276657
        ],
        [
            0.11850511282682419,
            -0.02176915481686592,
            -0.029315698891878128
        ],
        [
            0.16286668181419373,
            0.0013231381308287382,
            -0.05556938052177429
        ],
        [
            0.1105964183807373,
            -0.025589406490325928,
            -0.014797311276197433
        ],
        [
            0.13249608874320984,
            -0.03014868125319481,
            -0.028117196634411812
        ],
        [
            0.12928403913974762,
            -0.03244846686720848,
            -0.01597859337925911
        ],
        [
            0.10437613725662231,
            -0.029891762882471085,
            0.0013335086405277252
        ],
        [
            0.12243141233921051,
            -0.03443951532244682,
            -0.0017264187335968018
        ],
        [
            0.08612766116857529,
            -0.024581260979175568,
            0.008180957287549973
        ],
        [
            0.0942828506231308,
            -0.02620851621031761,
