{
    "pred_cam": [
        6.591872215270996,
        -0.16426081955432892,
        -0.024871662259101868
    ],
    "pred_mano_params": {
        "global_orient": [
            [
                [
                    -0.5970097780227661,
                    -0.7687059044837952,
                    0.2295006662607193
                ],
                [
                    0.0186457596719265,
                    -0.29929566383361816,
                    -0.9539781808853149
                ],
                [
                    0.8020172119140625,
                    -0.5652551054954529,
                    0.19301554560661316
                ]
            ]
        ],
        "hand_pose": [
            [
                [
                    0.7052538394927979,
                    -0.6040098071098328,
                    -0.37119969725608826
                ],
                [
                    0.5740730166435242,
                    0.7937719821929932,
                    -0.2009131908416748
                ],
                [
                    0.41600149869918823,
                    -0.071400947868824,
                    0.9065564870834351
                ]
            ],
            [
                [
                    0.9854539632797241,
                    -0.13173727691173553,
                    0.10735804587602615
                ],
                [
                    0.1576416790485382,
                    0.9445890188217163,
                    -0.28792470693588257
                ],
                [
                    -0.06347881257534027,
                    0.3006606698036194,
                    0.9516162872314453
                ]
            ],
            [
                [
                    0.8863162994384766,
                    -0.4500415623188019,
                    0.10911459475755692
                ],
                [
                    0.4334583282470703,
                    0.8891821503639221,
                    0.14652298390865326
                ],
                [
                    -0.16296419501304626,
                    -0.08256909251213074,
                    0.9831708669662476
                ]
            ],
            [
                [
                    0.5995047688484192,
                    -0.7779821753501892,
                    -0.1879834681749344
                ],
                [
                    0.7807143330574036,
                    0.6201563477516174,
                    -0.07675459235906601
                ],
                [
                    0.17629283666610718,
                    -0.10074664652347565,
                    0.9791685342788696
                ]
            ],
            [
                [
                    0.9978377223014832,
                    -0.02897132746875286,
                    -0.058997221291065216
                ],
                [
                    0.04152626544237137,
                    0.9736533164978027,
                    0.2242204248905182
                ],
                [
                    0.05094686523079872,
                    -0.22618550062179565,
                    0.9727510809898376
                ]
            ],
            [
                [
                    0.8931308388710022,
                    -0.44931045174598694,
                    0.02091483771800995
                ],
                [
                    0.44941362738609314,
                    0.8933237195014954,
                    -0.00026182649889960885
                ],
                [
                    -0.018566079437732697,
                    0.009633257985115051,
                    0.9997811913490295
                ]
            ],
            [
                [
                    0.6165151000022888,
                    -0.7533594965934753,
                    0.2288200855255127
                ],
                [
                    0.615720808506012,
                    0.6424499750137329,
                    0.45623019337654114
                ],
                [
                    -0.4907107949256897,
                    -0.1403835117816925,
                    0.8599392175674438
                ]
            ],
            [
                [
                    0.9739818572998047,
                    -0.11790189892053604,
                    -0.19354218244552612
                ],
                [
                    0.10391553491353989,
                    0.9912882447242737,
                    -0.08092773705720901
                ],
                [
                    0.2013975977897644,
                    0.05871010944247246,
                    0.9777486324310303
                ]
            ],
            [
                [
                    0.9952040314674377,
                    -0.06826642155647278,
                    -0.07006244361400604
                ],
                [
                    0.09650448709726334,
                    0.8022994995117188,
                    0.5890690684318542
                ],
                [
                    0.015997499227523804,
                    -0.5930051803588867,
                    0.8050397038459778
                ]
            ],
            [
                [
                    0.650524914264679,
                    -0.7575795650482178,
                    0.05376408249139786
                ],
                [
                    0.7593176960945129,
                    0.6472645998001099,
                    -0.06697135418653488
                ],
                [
                    0.015936538577079773,
                    0.0843905508518219,
                    0.9963053464889526
                ]
            ],
            [
                [
                    0.9991900324821472,
                    -0.03968486562371254,
                    -0.0066581303253769875
                ],
                [
                    0.0391363799571991,
                    0.9199265837669373,
                    0.3901326060295105
                ],
                [
                    -0.009357355535030365,
                    -0.39007723331451416,
                    0.9207345843315125
                ]
            ],
            [
                [
                    0.8106493353843689,
                    -0.5743486285209656,
                    -0.11389201879501343
                ],
                [
                    0.5851845741271973,
                    0.787994921207428,
                    0.19137148559093475
                ],
                [
                    -0.020167620852589607,
                    -0.22178301215171814,
                    0.974887490272522
                ]
            ],
            [
                [
                    0.8729557394981384,
                    -0.17830020189285278,
                    -0.45404547452926636
                ],
                [
                    -0.3286723494529724,
                    0.47280243039131165,
                    -0.8175771236419678
                ],
                [
                    0.3604479730129242,
                    0.8629408478736877,
                    0.3541332483291626
                ]
            ],
            [
                [
                    0.79609215259552,
                    -0.5046048164367676,
                    -0.3340827524662018
                ],
                [
                    0.6051411032676697,
                    0.6578803658485413,
                    0.4483276307582855
                ],
                [
                    -0.006441792473196983,
                    -0.5590773224830627,
                    0.8290905356407166
                ]
            ],
            [
                [
                    0.8644592761993408,
                    0.4348382353782654,
                    -0.25224167108535767
                ],
                [
                    -0.4653208553791046,
                    0.8820282220840454,
                    -0.07418027520179749
                ],
                [
                    0.19022785127162933,
                    0.18149913847446442,
                    0.9648168087005615
                ]
            ]
        ],
        "betas": [
            -0.0434286892414093,
            -0.19901517033576965,
            -0.11508399248123169,
            -0.017451435327529907,
            0.03610548377037048,
            -0.002364974468946457,
            0.01591944694519043,
            -0.06401917338371277,
            0.025696441531181335,
            -0.019548535346984863
        ]
    },
    "pred_cam_t": [
        -0.16426081955432892,
        -0.024871662259101868,
        5.925858020782471
    ],
    "focal_length": [
        5000.0,
        5000.0
    ],
    "pred_keypoints_3d": [
        [
            0.0960104912519455,
            0.006413002498447895,
            0.006256271153688431
        ],
        [
            0.12821075320243835,
            -0.014021235518157482,
            0.000700321514159441
        ],
        [
            0.15508942306041718,
            -0.012721464037895203,
            -0.014377793297171593
        ],
        [
            0.1743869036436081,
            0.00048319436609745026,
            -0.02824873849749565
        ],
        [
            0.19180482625961304,
            0.012667542323470116,
            -0.0581904873251915
        ],
        [
            0.1573970466852188,
            -0.013249523006379604,
            -0.057629670947790146
        ],
        [
            0.1827864795923233,
            0.0024740947410464287,
            -0.0720038115978241
        ],
        [
            0.20129641890525818,
            0.014700859785079956,
            -0.07453399896621704
        ],
        [
            0.22181573510169983,
            0.0272244643419981,
            -0.0675608441233635
        ],
        [
            0.1530420333147049,
            0.008422262966632843,
            -0.06962624192237854
        ],
        [
            0.17949345707893372,
            0.025530220940709114,
            -0.07417809218168259
        ],
        [
            0.1985762119293213,
            0.03904787451028824,
            -0.07313242554664612
        ],
        [
            0.21967212855815887,
            0.0518680177628994,
            -0.0652061402797699
        ],
        [
            0.1418936550617218,
            0.03157282620668411,
            -0.06244027242064476
        ],
        [
            0.1681491583585739,
            0.042227987200021744,
            -0.06858950853347778
        ],
        [
            0.1895756721496582,
            0.05491984635591507,
            -0.06727819889783859
        ],
        [
            0.20922912657260895,
            0.06570341438055038,
            -0.05491366237401962
        ],
        [
            0.1349983811378479,
            0.04935803264379501,
            -0.05192252993583679
        ],
        [
            0.15499813854694366,
            0.05623798817396164,
            -0.05407100170850754
        ],
        [
            0.17187874019145966,
            0.06516803801059723,
            -0.05446620285511017
        ],
        [
            0.19180035591125488,
            0.07416756451129913,
            -0.048276159912347794
        ]
    ],
    "pred_vertices": [
        [
            0.14082825183868408,
            -0.004119425546377897,
            -0.02094092220067978
        ],
        [
            0.13395798206329346,
            -0.0022543990053236485,
            -0.01128336787223816
        ],
        [
            0.14119242131710052,
            -0.0036975876428186893,
            -0.014698464423418045
        ],
        [
            0.1471763402223587,
            -0.008203744888305664,
            -0.022934529930353165
        ],
        [
            0.14149616658687592,
            -0.0006219930946826935,
            0.005554184317588806
        ],
        [
            0.14363282918930054,
            -0.010228036902844906,
            0.013024717569351196
        ],
        [
            0.15737582743167877,
            -0.008906994014978409,
            0.0013095960021018982
        ],
        [
            0.1529063582420349,
            0.000283094123005867,
            -0.001745559275150299
        ],
        [
            0.15098750591278076,
            -0.010946095921099186,
            -0.026009459048509598
        ],
        [
            0.1476925164461136,
            -0.004436473827809095,
            -0.01737598329782486
        ],
        [
            0.14955508708953857,
            -0.011562725529074669,
            -0.027701253071427345
        ],
        [
            0.149249866604805,
            -0.021947769448161125,
            -0.03912346437573433
        ],
        [
            0.15272127091884613,
            -0.017517244443297386,
            -0.0352749340236187
        ],
        [
            0.15096107125282288,
            -0.024569397792220116,
            -0.047405846416950226
        ],
        [
            0.1398162692785263,
            -0.026382561773061752,
            -0.0389116071164608
        ],
        [
            0.14357022941112518,
            -0.024683840572834015,
            -0.05320579186081886
        ],
        [
            0.1195712760090828,
            -0.01063116081058979,
            -0.04456073418259621
        ],
        [
            0.11396248638629913,
            0.001669389195740223,
            -0.0445675365626812
        ],
        [
            0.12410861253738403,
            0.0035380031913518906,
            -0.058837972581386566
        ],
        [
            0.1295144408941269,
            -0.00886516459286213,
            -0.056868813931941986
        ],
        [
            0.11647477000951767,
            0.02154802531003952,
            -0.0514206662774086
        ],
        [
            0.12113898992538452,
            0.01174798421561718,
            -0.05624638497829437
        ],
        [
            0.11003773659467697,
            0.009590642526745796,
            -0.042844951152801514
        ],
        [
            0.10663061589002609,
            0.01848813146352768,
            -0.03907680884003639
        ],
        [
            0.1319229155778885,
            0.007284348830580711,
            -0.018131524324417114
        ],
        [
            0.12576375901699066,
            0.007991090416908264,
            -0.00860925018787384
        ],
        [
            0.12755025923252106,
            0.0028764314483851194,
            -0.009512830525636673
        ],
        [
            0.13422229886054993,
            0.002481029834598303,
            -0.018597986549139023
        ],
        [
            0.1548340767621994,
            -0.012000976130366325,
            -0.02672581374645233
        ],
        [
            0.14513269066810608,
            -0.02406945452094078,
            -0.025063157081604004
        ],
        [
            0.1466141939163208,
            -0.018379945307970047,
            -0.028841443359851837
        ],
        [
            0.154964417219162,
            -0.00672016479074955,
            -0.02537955902516842
        ],
        [
            0.11433214694261551,
            0.019543131813406944,
            0.015032336115837097
        ],
        [
            0.10311701893806458,
            0.01571253500878811,
            0.021555811166763306
        ],
        [
            0.10444623231887817,
            0.009903228841722012,
            0.02183431386947632
        ],
        [
            0.1140725314617157,
            0.01439012959599495,
            0.015629835426807404
        ],
        [
            0.12061738222837448,
            -0.007397759705781937,
            0.02279219776391983
        ],
        [
            0.10909736901521683,
            -0.007868936285376549,
            0.024212583899497986
        ],
        [
            0.10216951370239258,
            -0.0192211102694273,
            0.024287313222885132
        ],
        [
            0.11296138167381287,
            -0.021297812461853027,
            0.020391501486301422
        ],
        [
            0.13294050097465515,
            -0.00878957100212574,
            0.018934734165668488
        ],
        [
            0.1281854212284088,
            -0.02147436887025833,
            0.01881307363510132
        ],
        [
            0.14262360334396362,
            -0.021574966609477997,
            0.012099005281925201
        ],
        [
            0.15864142775535583,
            -0.01784358359873295,
            -0.0007638148963451385
        ],
        [
            0.09791295230388641,
            0.027216274291276932,
            0.01927972584962845
        ],
        [
            0.10570570081472397,
            0.03186126798391342,
            0.014528170228004456
        ],
        [
            0.19106905162334442,
            0.0026520797982811928,
            -0.06363624334335327
        ],
        [
            0.18906936049461365,
            0.008144513703882694,
            -0.06351524591445923
        ],
        [
            0.18497036397457123,
            0.00502486526966095,
            -0.060886986553668976
        ],
        [
            0.18775974214076996,
            8.93864780664444e-05,
            -0.061956703662872314
        ],
        [
            0.08814462274312973,
            0.03487660735845566,
            0.003306649625301361
        ],
        [
            0.0816502645611763,
            0.030993856489658356,
            -0.0033227652311325073
        ],
        [
            0.07810544967651367,
            0.03158716857433319,
            0.003038279712200165
        ],
        [
            0.0844288244843483,
            0.03334539756178856,
            0.009741708636283875
        ],
        [
            0.09310102462768555,
            0.03684019297361374,
            -0.00518016517162323
        ],
        [
            0.08714285492897034,
            0.029907235875725746,
            -0.01175973191857338
        ],
        [
            0.19033759832382202,
            -0.0019052429124712944,
            -0.07542997598648071
        ],
        [
            0.19230885803699493,
            -0.0025167372077703476,
            -0.07073266804218292
        ],
        [
            0.18790316581726074,
            -0.0053763436153531075,
            -0.07036109268665314
        ],
        [
            0.18491986393928528,
            -0.004292123019695282,
            -0.074507936835289
        ],
        [
            0.15226319432258606,
            -0.012156663462519646,
            -0.03141115978360176
        ],
        [
            0.1477513462305069,
            -0.005148737225681543,
            -0.02876896783709526
        ],
        [
            0.1613689512014389,
            -0.011903712525963783,
            -0.04576820135116577
        ],
        [
            0.1553996354341507,
            -0.00853094831109047,
            -0.04020782187581062
        ],
        [
            0.15608541667461395,
            -0.015414584428071976,
            -0.03955528512597084
        ],
        [
            0.16050520539283752,
            -0.0177544504404068,
            -0.04529758170247078
        ],
        [
            0.14351974427700043,
            0.011762874200940132,
            -0.03754352033138275
        ],
        [
            0.13675227761268616,
            0.010729080066084862,
            -0.02802976220846176
        ],
        [
            0.1399257332086563,
            0.005106703843921423,
            -0.02926032617688179
        ],
        [
            0.1485176831483841,
            0.004883742891252041,
            -0.03909199312329292
        ],
        [
            0.13317088782787323,
            0.02417149394750595,
            -0.025506429374217987
        ],
        [
            0.1397136002779007,
            0.023957684636116028,
            -0.03537370264530182
        ],
        [
            0.13684113323688507,
            0.03157027065753937,
            -0.03275974467396736
        ],
        [
            0.13349907100200653,
            0.030666731297969818,
            -0.02561778575181961
        ],
        [
            0.1507391482591629,
            0.02000107616186142,
            -0.052120499312877655
        ],
        [
            0.15346254408359528,
            0.019682712852954865,
            -0.05732747167348862
        ],
        [
            0.1542159914970398,
            0.02386445365846157,
            -0.05678965151309967
        ],
        [
            0.14946037530899048,
            0.02343081124126911,
            -0.05128305405378342
        ],
        [
            0.07385372370481491,
            0.03139595314860344,
            0.008735202252864838
        ],
        [
            0.08081183582544327,
            0.030936921015381813,
            0.015619277954101562
        ],
        [
            0.11204831302165985,
            0.041026387363672256,
            -0.0425470769405365
        ],
        [
            0.11287588626146317,
            0.04753255099058151,
            -0.03351207077503204
        ],
        [
            0.12062770128250122,
            0.05185440927743912,
            -0.04328154772520065
        ],
        [
            0.11734670400619507,
            0.043716318905353546,
            -0.0511336624622345
        ],
        [
            0.0792260393500328,
            0.022654596716165543,
            -0.008945930749177933
        ],
        [
            0.0742105022072792,
            0.024915391579270363,
            -0.0033421218395233154
        ],
        [
            0.18726058304309845,
            0.0021423250436782837,
            -0.0789271891117096
        ],
        [
            0.18164566159248352,
            -1.3865530490875244e-05,
            -0.07695929706096649
        ],
        [
            0.13381236791610718,
            -0.03069109097123146,
            0.006558455526828766
        ],
        [
            0.15500009059906006,
            -0.025508897379040718,
            -0.005398515611886978
        ],
        [
            0.11622849106788635,
            -0.02940429374575615,
            0.01215323805809021
        ],
        [
            0.10370965301990509,
            -0.026753295212984085,
            0.013855375349521637
        ],
        [
            0.09433837980031967,
            -0.025567982345819473,
            0.017273269593715668
        ],
        [
            0.15589261054992676,
            -0.003037674818187952,
            -0.043516818434000015
        ],
        [
            0.1411280781030655,
            0.00039167096838355064,
            -0.025933384895324707
        ],
        [
            0.13020820915699005,
            0.012022326700389385,
            -0.017499245703220367
        ],
        [
            0.12638485431671143,
            0.04242760315537453,
            -0.014835335314273834
        ],
        [
            0.12097698450088501,
            0.04116949439048767,
            -0.005879305303096771
        ],
        [
            0.1265929639339447,
            0.03249586373567581,
            -0.008538752794265747
        ],
        [
            0.12970326840877533,
            0.03525002673268318,
            -0.016235552728176117
        ],
        [
            0.11964185535907745,
            0.05121447145938873,
            -0.027199875563383102
        ],
        [
            0.12682226300239563,
            0.04866912215948105,
            -0.02475443109869957
        ],
        [
            0.13111191987991333,
            0.04998444393277168,
            -0.03209509328007698
        ],
        [
            0.12539884448051453,
            0.05346517637372017,
            -0.03572756424546242
        ],
        [
            0.15855883061885834,
            -0.01812841184437275,
            -0.026000887155532837
        ],
        [
            0.1453811526298523,
            -0.02898932620882988,
            -0.02042572572827339
        ],
        [
            0.09612617641687393,
            0.035280339419841766,
            0.010278008878231049
        ],
        [
            0.09227007627487183,
            0.031417012214660645,
            0.01589718461036682
        ],
        [
            0.08597088605165482,
            0.028464220464229584,
            0.020834825932979584
        ],
        [
            0.12079854309558868,
            0.012433426454663277,
            0.004159986972808838
        ],
        [
            0.11405335366725922,
            0.010752897709608078,
            0.016268379986286163
        ],
        [
            0.11620134115219116,
            0.006660306826233864,
            0.01666507124900818
        ],
        [
            0.12073970586061478,
            0.008842803537845612,
            0.0036498606204986572
        ],
        [
            0.13039237260818481,
            0.0012525953352451324,
            -0.00028105825185775757
        ],
        [
            0.12973718345165253,
            0.0002608010545372963,
            0.012657560408115387
        ],
        [
            0.1392565220594406,
            0.0022573573514819145,
            -0.005742214620113373
        ],
        [
            0.10537673532962799,
            0.0018340786918997765,
            0.02361840009689331
        ],
        [
            0.09720851480960846,
            0.00751133868470788,
            0.028720639646053314
        ],
        [
            0.09836748242378235,
            -0.0013257362879812717,
            0.0290285125374794
        ],
        [
            0.09386391937732697,
            0.016585346311330795,
            0.027189157903194427
        ],
        [
            0.09011571109294891,
            0.02422160655260086,
            0.02461475133895874
        ],
        [
            0.06687390059232712,
            0.025675984099507332,
            0.0009446218609809875
        ],
        [
            0.09909626841545105,
            -0.009497284889221191,
            0.027732424437999725
        ],
        [
            0.1609116792678833,
            -0.0006103925406932831,
            -0.007393058389425278
        ],
        [
            0.16747865080833435,
            0.00023939460515975952,
            -0.01248537003993988
        ],
        [
            0.16168199479579926,
            0.002877460792660713,
            -0.016151707619428635
        ],
        [
            0.15518556535243988,
            0.0018365359865128994,
            -0.012473169714212418
        ],
        [
            0.1557309478521347,
            -0.023991111665964127,
            -0.055786073207855225
        ],
        [
            0.15974940359592438,
            -0.021852219477295876,
            -0.04933975636959076
        ],
        [
            0.1545286327600479,
            -0.021640563383698463,
            -0.04156569018959999
        ],
        [
            0.11946607381105423,
            0.025822846218943596,
            0.006580084562301636
        ],
        [
            0.11205881088972092,
            0.03604764863848686,
            0.006729058921337128
        ],
        [
            0.16128338873386383,
            -0.006290910765528679,
            -0.048947859555482864
        ],
        [
            0.18015795946121216,
            -0.006587674841284752,
            -0.07472692430019379
        ],
        [
            0.18328401446342468,
            -0.008239640854299068,
            -0.06998831778764725
        ],
        [
            0.1689222902059555,
            -0.01794864609837532,
            -0.06302124261856079
        ],
        [
            0.1660608947277069,
            -0.0157909132540226,
            -0.06890515238046646
        ],
        [
            0.16139161586761475,
            -0.0012244847603142262,
            -0.0578821636736393
        ],
        [
            0.16287076473236084,
            -0.00460315914824605,
            -0.051846615970134735
        ],
        [
            0.16342151165008545,
            -0.0029788240790367126,
            -0.05377857759594917
        ],
        [
            0.1623782217502594,
            0.0018056181725114584,
            -0.058188192546367645
        ],
        [
            0.14991404116153717,
            0.031171239912509918,
            -0.05298711732029915
        ],
        [
            0.14591862261295319,
            0.030556567013263702,
            -0.047954075038433075
        ],
        [
            0.14203260838985443,
            -0.005354061257094145,
            -0.06645271927118301
        ],
        [
            0.1424277126789093,
            -0.018628571182489395,
            -0.06591576337814331
        ],
        [
            0.13445964455604553,
            -0.01955571398139,
            -0.055675070732831955
        ],
        [
            0.14061503112316132,
            0.01844252087175846,
            -0.035910941660404205
        ],
        [
            0.14639051258563995,
            0.020067313686013222,
            -0.044410284608602524
        ],
        [
            0.14490652084350586,
            0.023878786712884903,
            -0.04384588450193405
        ],
        [
            0.1565612107515335,
            0.00012965407222509384,
            -0.0470510795712471
        ],
        [
            0.1600782424211502,
            -0.0012922752648591995,
            -0.05232670158147812
        ],
        [
            0.15750274062156677,
            0.0027745524421334267,
            -0.05211877077817917
        ],
        [
            0.15370674431324005,
            0.004821017850190401,
            -0.04644305258989334
        ],
        [
            0.10461524873971939,
            0.044076062738895416,
            -0.02373509109020233
        ],
        [
            0.11253117024898529,
            0.04877272993326187,
            -0.016600511968135834
        ],
        [
            0.19241735339164734,
            -0.0010419394820928574,
            -0.0663355365395546
        ],
        [
            0.18865159153938293,
            -0.003810073249042034,
            -0.0655115395784378
        ],
        [
            0.1340831220149994,
            0.017276939004659653,
            -0.026587188243865967
        ],
        [
            0.12633773684501648,
            -0.01958663947880268,
            -0.04293452575802803
        ],
        [
            0.12859758734703064,
            0.01719089038670063,
            -0.016533542424440384
        ],
        [
            0.1314762681722641,
            0.034557946026325226,
            -0.06072215735912323
        ],
        [
            0.13711446523666382,
            0.039351675659418106,
            -0.05634646490216255
        ],
        [
            0.14181210100650787,
            0.03928687050938606,
            -0.05915836617350578
        ],
        [
            0.13934731483459473,
            0.03649960458278656,
            -0.0641465112566948
        ],
        [
            0.173852801322937,
            0.00940881110727787,
            -0.06517131626605988
        ],
        [
            0.17744770646095276,
            0.007463054731488228,
            -0.06096674129366875
        ],
        [
            0.18161273002624512,
            0.01001704577356577,
            -0.06268186122179031
        ],
        [
            0.17862212657928467,
            0.01193918101489544,
            -0.06723026186227798
        ],
        [
            0.16450868546962738,
            -0.009724169969558716,
            -0.049521997570991516
        ],
        [
            0.1652444750070572,
            -0.015969915315508842,
            -0.04954828321933746
        ],
        [
            0.1692238450050354,
            -0.01220361702144146,
            -0.052533552050590515
        ],
        [
            0.16667915880680084,
            -0.006807389669120312,
            -0.05259867012500763
        ],
        [
            0.16492238640785217,
            -0.019810788333415985,
            -0.054086606949567795
        ],
        [
            0.16978028416633606,
            -0.0165978092700243,
            -0.056937623769044876
        ],
        [
            0.17193850874900818,
            0.007877644151449203,
            -0.07116939127445221
        ],
        [
            0.17289189994335175,
            0.002622273750603199,
            -0.07639776170253754
        ],
        [
            0.15966244041919708,
            -0.0038672841619700193,
            -0.07124684751033783
        ],
        [
            0.161546990275383,
            0.0018185512162745,
            -0.0657549798488617
        ],
        [
            0.09621167182922363,
            0.015316762030124664,
            -0.02837808057665825
        ],
        [
            0.0946209579706192,
            0.02583189122378826,
            -0.025024037808179855
        ],
        [
            0.10482972860336304,
            0.029300818219780922,
            -0.03574194759130478
        ],
        [
            0.11392848938703537,
            0.03311743214726448,
            -0.047168463468551636
        ],
        [
            0.12348788976669312,
            0.03563200309872627,
            -0.05719856172800064
        ],
        [
            0.124020054936409,
            0.024426475167274475,
            -0.062474511563777924
        ],
        [
            0.10331070423126221,
            0.03632733225822449,
            -0.031814176589250565
        ],
        [
            0.155818372964859,
            -0.0005949921323917806,
            -0.06364346295595169
        ],
        [
            0.15107949078083038,
            -0.007644357159733772,
            -0.06775590777397156
        ],
        [
            0.15050488710403442,
            -0.0027692588046193123,
            -0.06677399575710297
        ],
        [
            0.12819445133209229,
            0.024471279233694077,
            -0.014963950961828232
        ],
        [
            0.1844598650932312,
            -0.0072254603728652,
            -0.06503046303987503
        ],
        [
            0.086298868060112,
            -0.019352421164512634,
            -0.0026898235082626343
        ],
        [
            0.07981841266155243,
            -0.008121311664581299,
            -0.007399652153253555
        ],
        [
            0.08681605011224747,
            -0.009240657091140747,
            -0.0125967375934124
        ],
        [
            0.09514156728982925,
            -0.02169828861951828,
            -0.006769012659788132
        ],
        [
            0.18126782774925232,
            0.0021402649581432343,
            -0.05886990576982498
        ],
        [
            0.1841055303812027,
            -0.003308156505227089,
            -0.0601128526031971
        ],
        [
            0.14492475986480713,
            0.03694703429937363,
            -0.04760269820690155
        ],
        [
            0.1481795758008957,
            0.0365808941423893,
            -0.052708860486745834
        ],
        [
            0.14672783017158508,
            0.039652448147535324,
            -0.05478754639625549
        ],
        [
            0.14518454670906067,
            0.04220394045114517,
            -0.049212634563446045
        ],
        [
            0.0935702994465828,
            0.030724450945854187,
            -0.021782726049423218
        ],
        [
            0.12806202471256256,
            0.054678503423929214,
            -0.046806372702121735
        ],
        [
            0.12437589466571808,
            0.04721500352025032,
            -0.054594747722148895
        ],
        [
            0.08578277379274368,
            0.02240270934998989,
            -0.015878889709711075
        ],
        [
            0.08657099306583405,
            0.013202090747654438,
            -0.019109513610601425
        ],
        [
            0.07952985167503357,
            0.012267304584383965,
            -0.012402717024087906
        ],
        [
            0.1342732012271881,
            0.013993535190820694,
            -0.06719012558460236
        ],
        [
            0.09943784773349762,
            0.007978852838277817,
            -0.03168116882443428
        ],
        [
            0.08942127972841263,
            0.006413427647203207,
            -0.02120877057313919
        ],
        [
            0.08110813796520233,
            0.004979606252163649,
            -0.013321202248334885
        ],
        [
            0.07459358870983124,
            0.00454295426607132,
            -0.008108310401439667
        ],
        [
            0.0736224427819252,
            0.01260467991232872,
            -0.007554102689027786
        ],
        [
            0.17631307244300842,
            -0.0020384881645441055,
            -0.07663846760988235
        ],
        [
            0.17842067778110504,
            0.005747602321207523,
            -0.07749883830547333
        ],
        [
            0.06564228981733322,
            0.013071766123175621,
            -0.003210119903087616
        ],
        [
            0.06755649298429489,
            0.003999127075076103,
            -0.003521554172039032
        ],
        [
            0.09300164878368378,
            -0.001999753061681986,
            -0.022326398640871048
        ],
        [
            0.09863637387752533,
            -0.012288076803088188,
            -0.022196955978870392
        ],
        [
            0.10269953310489655,
            -9.143585339188576e-05,
            -0.03226659446954727
        ],
        [
            0.1086636483669281,
            -0.010017473250627518,
            -0.03329947218298912
        ],
        [
            0.13228419423103333,
            0.0034955251030623913,
            -0.06983877718448639
        ],
        [
            0.19380635023117065,
            0.016995353624224663,
            -0.07975149154663086
        ],
        [
            0.18348577618598938,
            0.012894830666482449,
            -0.0765475183725357
        ],
        [
            0.18389642238616943,
            0.014529503881931305,
            -0.07100538164377213
        ],
        [
            0.1930740475654602,
            0.01920892484486103,
            -0.07617604732513428
        ],
        [
            0.17725202441215515,
            0.010508694685995579,
            -0.07283101975917816
        ],
        [
            0.18425586819648743,
            0.007978741079568863,
            -0.07948577404022217
        ],
        [
            0.1176866888999939,
            -0.021488197147846222,
            -0.029992446303367615
        ],
        [
            0.16032418608665466,
            0.002322611166164279,
            -0.05720391124486923
        ],
        [
            0.11047693341970444,
            -0.025377586483955383,
            -0.015175756067037582
        ],
        [
            0.13166044652462006,
            -0.029470551759004593,
            -0.029502082616090775
        ],
        [
            0.12908153235912323,
            -0.03178088366985321,
            -0.01729213446378708
        ],
        [
            0.10508906841278076,
            -0.029732011258602142,
            0.0011516585946083069
        ],
        [
            0.12309248000383377,
            -0.03390159830451012,
            -0.002786647528409958
        ],
        [
            0.086882084608078,
            -0.02473725751042366,
            0.008687928318977356
        ],
        [
            0.09495387226343155,
            -0.02622995339334011,
            0.0038895979523658752
        ],
        [
